date,serial_number,model,capacity_bytes,failure,smart_1_normalized,smart_1_raw,smart_2_normalized,smart_2_raw,smart_3_normalized,smart_3_raw,smart_4_normalized,smart_4_raw,smart_5_normalized,smart_5_raw,smart_7_normalized,smart_7_raw,smart_8_normalized,smart_8_raw,smart_9_normalized,smart_9_raw,smart_10_normalized,smart_10_raw,smart_11_normalized,smart_11_raw,smart_12_normalized,smart_12_raw,smart_13_normalized,smart_13_raw,smart_15_normalized,smart_15_raw,smart_183_normalized,smart_183_raw,smart_184_normalized,smart_184_raw,smart_187_normalized,smart_187_raw,smart_188_normalized,smart_188_raw,smart_189_normalized,smart_189_raw,smart_190_normalized,smart_190_raw,smart_191_normalized,smart_191_raw,smart_192_normalized,smart_192_raw,smart_193_normalized,smart_193_raw,smart_194_normalized,smart_194_raw,smart_195_normalized,smart_195_raw,smart_196_normalized,smart_196_raw,smart_197_normalized,smart_197_raw,smart_198_normalized,smart_198_raw,smart_199_normalized,smart_199_raw,smart_200_normalized,smart_200_raw,smart_201_normalized,smart_201_raw,smart_223_normalized,smart_223_raw,smart_225_normalized,smart_225_raw,smart_240_normalized,smart_240_raw,smart_241_normalized,smart_241_raw,smart_242_normalized,smart_242_raw,smart_250_normalized,smart_250_raw,smart_251_normalized,smart_251_raw,smart_252_normalized,smart_252_raw,smart_254_normalized,smart_254_raw,smart_255_normalized,smart_255_raw
2013-12-11,MJ0351YNG9Z0XA,Hitachi HDS5C3030ALA630,3000592982016,0,,0,,,,,,,,0,,,,,,9906,,,,,,,,,,,,,,,,,,,,,,,,,,,,,,23,,,,,,0,,,,,,,,,,,,,,,,,,,,,,,,,,,,
2013-12-11,MJ0351YNG9Z7LA,Hitachi HDS5C3030ALA630,3000592982016,0,,0,,,,,,,,0,,,,,,9469,,,,,,,,,,,,,,,,,,,,,,,,,,,,,,27,,,,,,0,,,,,,,,,,,,,,,,,,,,,,,,,,,,
2013-12-11,MJ0351YNGABYAA,Hitachi HDS5C3030ALA630,3000592982016,0,,0,,,,,,,,0,,,,,,8617,,,,,,,,,,,,,,,,,,,,,,,,,,,,,,30,,,,,,0,,,,,,,,,,,,,,,,,,,,,,,,,,,,
2013-12-11,PL1321LAG34XWH,Hitachi HDS5C4040ALE630,4000787030016,0,,0,,,,,,,,0,,,,,,6568,,,,,,,,,,,,,,,,,,,,,,,,,,,,,,30,,,,,,0,,,,,,,,,,,,,,,,,,,,,,,,,,,,
2013-12-11,PL1311LAG2205A,Hitachi HDS5C4040ALE630,4000787030016,0,,0,,,,,,,,0,,,,,,6570,,,,,,,,,,,,,,,,,,,,,,,,,,,,,,29,,,,,,0,,,,,,,,,,,,,,,,,,,,,,,,,,,,
2013-12-11,MJ1311YNG36USA,Hitachi HDS5C3030ALA630,3000592982016,0,,65537,,,,,,,,67,,,,,,18315,,,,,,,,,,,,,,,,,,,,,,,,,,,,,,24,,,,,,0,,,,,,,,,,,,,,,,,,,,,,,,,,,,
2013-12-11,PL1311LAG3A84H,Hitachi HDS5C4040ALE630,4000787030016,0,,0,,,,,,,,0,,,,,,6071,,,,,,,,,,,,,,,,,,,,,,,,,,,,,,21,,,,,,0,,,,,,,,,,,,,,,,,,,,,,,,,,,,
2013-12-11,MJ0351YNG9ZZDA,Hitachi HDS5C3030ALA630,3000592982016,0,,0,,,,,,,,0,,,,,,7950,,,,,,,,,,,,,,,,,,,,,,,,,,,,,,28,,,,,,0,,,,,,,,,,,,,,,,,,,,,,,,,,,,
2013-12-11,MK0313YHGJ54WC,Hitachi HDS723030ALA640,3000592982016,0,,0,,,,,,,,0,,,,,,21462,,,,,,,,,,,,,,,,,,,,,,,,,,,,,,32,,,,,,0,,,,,,,,,,,,,,,,,,,,,,,,,,,,
2013-12-11,MJ1311YNG733NA,Hitachi HDS5C3030ALA630,3000592982016,0,,0,,,,,,,,0,,,,,,14621,,,,,,,,,,,,,,,,,,,,,,,,,,,,,,24,,,,,,0,,,,,,,,,,,,,,,,,,,,,,,,,,,,
2013-12-11,MJ1311YNG37LLA,Hitachi HDS5C3030ALA630,3000592982016,0,,2,,,,,,,,45,,,,,,18067,,,,,,,,,,,,,,,,,,,,,,,,,,,,,,23,,,,,,0,,,,,,,,,,,,,,,,,,,,,,,,,,,,
2013-12-11,JK11A8B9H50XZF,Hitachi HDS722020ALA330,2000398934016,0,,0,,,,,,,,0,,,,,,10592,,,,,,,,,,,,,,,,,,,,,,,,,,,,,,27,,,,,,0,,,,,,,,,,,,,,,,,,,,,,,,,,,,
2013-12-11,JK1170YAJDAM3T,Hitachi HDS722020ALA330,2000398934016,0,,0,,,,,,,,0,,,,,,27872,,,,,,,,,,,,,,,,,,,,,,,,,,,,,,26,,,,,,0,,,,,,,,,,,,,,,,,,,,,,,,,,,,
2013-12-11,5XW03ZYZ,ST31500541AS,1500301910016,0,,157681725,,,,,,,,0,,,,,,33406,,,,,,,,,,,,,,,,,,,,,,,,,,,,,,21,,,,,,0,,,,,,,,,,,,,,,,,,,,,,,,,,,,
2013-12-11,W3009AX6,ST4000DM000,4000787030016,0,,56235112,,,,,,,,0,,,,,,4353,,,,,,,,,,,,,,,,,,,,,,,,,,,,,,25,,,,,,8,,,,,,,,,,,,,,,,,,,,,,,,,,,,
2013-12-11,MJ0351YNG9U0HA,Hitachi HDS5C3030ALA630,3000592982016,0,,0,,,,,,,,0,,,,,,9552,,,,,,,,,,,,,,,,,,,,,,,,,,,,,,32,,,,,,0,,,,,,,,,,,,,,,,,,,,,,,,,,,,
2013-12-11,PL1311LAG1RTPA,Hitachi HDS5C4040ALE630,4000787030016,0,,0,,,,,,,,0,,,,,,7453,,,,,,,,,,,,,,,,,,,,,,,,,,,,,,20,,,,,,0,,,,,,,,,,,,,,,,,,,,,,,,,,,,
2013-12-11,PL1311LAG1SJAA,Hitachi HDS5C4040ALE630,4000787030016,0,,0,,,,,,,,0,,,,,,6616,,,,,,,,,,,,,,,,,,,,,,,,,,,,,,26,,,,,,0,,,,,,,,,,,,,,,,,,,,,,,,,,,,
2013-12-11,WD-WCAV5M690585,WDC WD10EADS,1000204886016,0,,0,,,,,,,,0,,,,,,22154,,,,,,,,,,,,,,,,,,,,,,,,,,,,,,19,,,,,,0,,,,,,,,,,,,,,,,,,,,,,,,,,,,
2013-12-11,S1F06HX8,ST3000DM001,3000592982016,0,,105557256,,,,,,,,0,,,,,,13822,,,,,,,,,,,,,,,,,,,,,,,,,,,,,,21,,,,,,0,,,,,,,,,,,,,,,,,,,,,,,,,,,,
2013-12-11,PL1311LAG3EE4H,Hitachi HDS5C4040ALE630,4000787030016,0,,0,,,,,,,,0,,,,,,5962,,,,,,,,,,,,,,,,,,,,,,,,,,,,,,22,,,,,,0,,,,,,,,,,,,,,,,,,,,,,,,,,,,
2013-12-11,JK1175YAK92GKX,Hitachi HDS722020ALA330,2000398934016,0,,262144,,,,,,,,0,,,,,,29653,,,,,,,,,,,,,,,,,,,,,,,,,,,,,,23,,,,,,0,,,,,,,,,,,,,,,,,,,,,,,,,,,,
2013-12-11,MJ1323YNG1SKNC,Hitachi HDS5C3030ALA630,3000592982016,0,,0,,,,,,,,0,,,,,,19773,,,,,,,,,,,,,,,,,,,,,,,,,,,,,,25,,,,,,0,,,,,,,,,,,,,,,,,,,,,,,,,,,,
2013-12-11,MJ0351YNGAD7KA,Hitachi HDS5C3030ALA630,3000592982016,0,,0,,,,,,,,0,,,,,,8617,,,,,,,,,,,,,,,,,,,,,,,,,,,,,,29,,,,,,0,,,,,,,,,,,,,,,,,,,,,,,,,,,,
2013-12-11,JK1130YAG45GST,Hitachi HDS722020ALA330,2000398934016,0,,0,,,,,,,,0,,,,,,12532,,,,,,,,,,,,,,,,,,,,,,,,,,,,,,23,,,,,,0,,,,,,,,,,,,,,,,,,,,,,,,,,,,
2013-12-11,W1F09WAF,ST3000DM001,3000592982016,0,,3578440,,,,,,,,0,,,,,,14732,,,,,,,,,,,,,,,,,,,,,,,,,,,,,,24,,,,,,0,,,,,,,,,,,,,,,,,,,,,,,,,,,,
2013-12-11,JK11A8B9J8LJ3F,Hitachi HDS722020ALA330,2000398934016,0,,0,,,,,,,,0,,,,,,24467,,,,,,,,,,,,,,,,,,,,,,,,,,,,,,26,,,,,,0,,,,,,,,,,,,,,,,,,,,,,,,,,,,
2013-12-11,S1F0CSWB,ST3000DM001,3000592982016,0,,70674720,,,,,,,,0,,,,,,12876,,,,,,,,,,,,,,,,,,,,,,,,,,,,,,27,,,,,,0,,,,,,,,,,,,,,,,,,,,,,,,,,,,
2013-12-11,MJ0351YNG9T1JA,Hitachi HDS5C3030ALA630,3000592982016,0,,0,,,,,,,,0,,,,,,9469,,,,,,,,,,,,,,,,,,,,,,,,,,,,,,27,,,,,,0,,,,,,,,,,,,,,,,,,,,,,,,,,,,
2013-12-11,S1F0CSW0,ST3000DM001,3000592982016,0,,123774664,,,,,,,,0,,,,,,12419,,,,,,,,,,,,,,,,,,,,,,,,,,,,,,36,,,,,,0,,,,,,,,,,,,,,,,,,,,,,,,,,,,
2013-12-11,5XW00K1P,ST31500541AS,1500301910016,0,,189164782,,,,,,,,0,,,,,,36394,,,,,,,,,,,,,,,,,,,,,,,,,,,,,,20,,,,,,0,,,,,,,,,,,,,,,,,,,,,,,,,,,,
2013-12-11,S1F0CSW2,ST3000DM001,3000592982016,0,,83793352,,,,,,,,0,,,,,,12397,,,,,,,,,,,,,,,,,,,,,,,,,,,,,,23,,,,,,0,,,,,,,,,,,,,,,,,,,,,,,,,,,,
2013-12-11,MJ1311YNG5XUHA,Hitachi HDS5C3030ALA630,3000592982016,0,,65536,,,,,,,,0,,,,,,14681,,,,,,,,,,,,,,,,,,,,,,,,,,,,,,26,,,,,,0,,,,,,,,,,,,,,,,,,,,,,,,,,,,
2013-12-11,PL1321LAG35ABH,Hitachi HDS5C4040ALE630,4000787030016,0,,0,,,,,,,,0,,,,,,5925,,,,,,,,,,,,,,,,,,,,,,,,,,,,,,17,,,,,,0,,,,,,,,,,,,,,,,,,,,,,,,,,,,
2013-12-11,MJ1311YNG7BH3A,Hitachi HDS5C3030ALA630,3000592982016,0,,0,,,,,,,,0,,,,,,14291,,,,,,,,,,,,,,,,,,,,,,,,,,,,,,31,,,,,,0,,,,,,,,,,,,,,,,,,,,,,,,,,,,
2013-12-11,Z1Z0432J,ST4000DX000,4000787030016,0,,234596830,,,,,,,,0,,,,,,5039,,,,,,,,,,,,,,,,,,,,,,,,,,,,,,33,,,,,,0,,,,,,,,,,,,,,,,,,,,,,,,,,,,
2013-12-11,W1F09XG2,ST3000DM001,3000592982016,0,,119735224,,,,,,,,0,,,,,,14711,,,,,,,,,,,,,,,,,,,,,,,,,,,,,,26,,,,,,0,,,,,,,,,,,,,,,,,,,,,,,,,,,,
2013-12-11,MJ1311YNG7KRHA,Hitachi HDS5C3030ALA630,3000592982016,0,,0,,,,,,,,0,,,,,,14620,,,,,,,,,,,,,,,,,,,,,,,,,,,,,,25,,,,,,0,,,,,,,,,,,,,,,,,,,,,,,,,,,,
2013-12-11,Z300CWTK,ST4000DM000,4000787030016,0,,175673368,,,,,,,,0,,,,,,2248,,,,,,,,,,,,,,,,,,,,,,,,,,,,,,21,,,,,,0,,,,,,,,,,,,,,,,,,,,,,,,,,,,
2013-12-11,MJ1311YNG305JA,Hitachi HDS5C3030ALA630,3000592982016,0,,0,,,,,,,,0,,,,,,18316,,,,,,,,,,,,,,,,,,,,,,,,,,,,,,24,,,,,,0,,,,,,,,,,,,,,,,,,,,,,,,,,,,
2013-12-11,MK0311YHGK1G7A,Hitachi HDS723030ALA640,3000592982016,0,,65536,,,,,,,,0,,,,,,16661,,,,,,,,,,,,,,,,,,,,,,,,,,,,,,26,,,,,,0,,,,,,,,,,,,,,,,,,,,,,,,,,,,
2013-12-11,JK1101B9GK6XJF,Hitachi HDS722020ALA330,2000398934016,0,,65537,,,,,,,,0,,,,,,26764,,,,,,,,,,,,,,,,,,,,,,,,,,,,,,26,,,,,,0,,,,,,,,,,,,,,,,,,,,,,,,,,,,
2013-12-11,MJ0351YNG9UYDA,Hitachi HDS5C3030ALA630,3000592982016,0,,0,,,,,,,,0,,,,,,9906,,,,,,,,,,,,,,,,,,,,,,,,,,,,,,24,,,,,,0,,,,,,,,,,,,,,,,,,,,,,,,,,,,
2013-12-11,W1F09QWH,ST3000DM001,3000592982016,0,,78265176,,,,,,,,0,,,,,,13360,,,,,,,,,,,,,,,,,,,,,,,,,,,,,,25,,,,,,0,,,,,,,,,,,,,,,,,,,,,,,,,,,,
2013-12-11,W300JMQL,ST4000DM000,4000787030016,0,,203305688,,,,,,,,0,,,,,,2876,,,,,,,,,,,,,,,,,,,,,,,,,,,,,,24,,,,,,0,,,,,,,,,,,,,,,,,,,,,,,,,,,,
2013-12-11,Z300PAB5,ST4000DM000,4000787030016,0,,158770592,,,,,,,,0,,,,,,1447,,,,,,,,,,,,,,,,,,,,,,,,,,,,,,27,,,,,,0,,,,,,,,,,,,,,,,,,,,,,,,,,,,
2013-12-11,PL1321LAGATWSH,Hitachi HDS5C4040ALE630,4000787030016,0,,0,,,,,,,,0,,,,,,5064,,,,,,,,,,,,,,,,,,,,,,,,,,,,,,29,,,,,,0,,,,,,,,,,,,,,,,,,,,,,,,,,,,
2013-12-11,6XW0LCVC,ST31500541AS,1500301910016,0,,33237272,,,,,,,,0,,,,,,30505,,,,,,,,,,,,,,,,,,,,,,,,,,,,,,20,,,,,,0,,,,,,,,,,,,,,,,,,,,,,,,,,,,
2013-12-11,MJ1323YNG1PU0C,Hitachi HDS5C3030ALA630,3000592982016,0,,1572870,,,,,,,,0,,,,,,19731,,,,,,,,,,,,,,,,,,,,,,,,,,,,,,25,,,,,,0,,,,,,,,,,,,,,,,,,,,,,,,,,,,
2013-12-11,MJ1323YNG1HAJC,Hitachi HDS5C3030ALA630,3000592982016,0,,0,,,,,,,,0,,,,,,19764,,,,,,,,,,,,,,,,,,,,,,,,,,,,,,27,,,,,,0,,,,,,,,,,,,,,,,,,,,,,,,,,,,
2013-12-11,PL1311LAG3DT5H,Hitachi HDS5C4040ALE630,4000787030016,0,,0,,,,,,,,0,,,,,,5125,,,,,,,,,,,,,,,,,,,,,,,,,,,,,,27,,,,,,0,,,,,,,,,,,,,,,,,,,,,,,,,,,,
2013-12-11,MJ1311YNG7827A,Hitachi HDS5C3030ALA630,3000592982016,0,,0,,,,,,,,0,,,,,,14601,,,,,,,,,,,,,,,,,,,,,,,,,,,,,,23,,,,,,0,,,,,,,,,,,,,,,,,,,,,,,,,,,,
2013-12-11,JK11A8B9GP4VSF,Hitachi HDS722020ALA330,2000398934016,0,,1,,,,,,,,0,,,,,,26480,,,,,,,,,,,,,,,,,,,,,,,,,,,,,,29,,,,,,0,,,,,,,,,,,,,,,,,,,,,,,,,,,,
2013-12-11,MK0331YHGS0X1A,Hitachi HDS723030ALA640,3000592982016,0,,0,,,,,,,,0,,,,,,17032,,,,,,,,,,,,,,,,,,,,,,,,,,,,,,27,,,,,,0,,,,,,,,,,,,,,,,,,,,,,,,,,,,
2013-12-11,S1F06XCN,ST3000DM001,3000592982016,0,,140779608,,,,,,,,0,,,,,,13746,,,,,,,,,,,,,,,,,,,,,,,,,,,,,,22,,,,,,0,,,,,,,,,,,,,,,,,,,,,,,,,,,,
2013-12-11,MJ1311YNG4GJTA,Hitachi HDS5C3030ALA630,3000592982016,0,,0,,,,,,,,0,,,,,,20732,,,,,,,,,,,,,,,,,,,,,,,,,,,,,,27,,,,,,0,,,,,,,,,,,,,,,,,,,,,,,,,,,,
2013-12-11,MJ1323YNG1SEWC,Hitachi HDS5C3030ALA630,3000592982016,0,,12,,,,,,,,0,,,,,,19762,,,,,,,,,,,,,,,,,,,,,,,,,,,,,,28,,,,,,0,,,,,,,,,,,,,,,,,,,,,,,,,,,,
2013-12-11,MJ0351YNGA8YHA,Hitachi HDS5C3030ALA630,3000592982016,0,,0,,,,,,,,0,,,,,,8505,,,,,,,,,,,,,,,,,,,,,,,,,,,,,,24,,,,,,0,,,,,,,,,,,,,,,,,,,,,,,,,,,,
2013-12-11,Z1Z04CJ9,ST4000DX000,4000787030016,0,,143466928,,,,,,,,0,,,,,,5078,,,,,,,,,,,,,,,,,,,,,,,,,,,,,,30,,,,,,0,,,,,,,,,,,,,,,,,,,,,,,,,,,,
2013-12-11,Z300PABB,ST4000DM000,4000787030016,0,,196828920,,,,,,,,0,,,,,,1451,,,,,,,,,,,,,,,,,,,,,,,,,,,,,,26,,,,,,0,,,,,,,,,,,,,,,,,,,,,,,,,,,,
2013-12-11,JK1101B9KM49BF,Hitachi HDS722020ALA330,2000398934016,0,,0,,,,,,,,0,,,,,,23097,,,,,,,,,,,,,,,,,,,,,,,,,,,,,,29,,,,,,0,,,,,,,,,,,,,,,,,,,,,,,,,,,,
2013-12-11,6XW0VG8N,ST31500541AS,1500301910016,0,,236755466,,,,,,,,0,,,,,,33853,,,,,,,,,,,,,,,,,,,,,,,,,,,,,,21,,,,,,0,,,,,,,,,,,,,,,,,,,,,,,,,,,,
2013-12-11,S1F01J8B,ST3000DM001,3000592982016,0,,125082704,,,,,,,,0,,,,,,14993,,,,,,,,,,,,,,,,,,,,,,,,,,,,,,23,,,,,,0,,,,,,,,,,,,,,,,,,,,,,,,,,,,
2013-12-11,S1F00MNJ,ST3000DM001,3000592982016,0,,186642664,,,,,,,,0,,,,,,14729,,,,,,,,,,,,,,,,,,,,,,,,,,,,,,25,,,,,,0,,,,,,,,,,,,,,,,,,,,,,,,,,,,
2013-12-11,W1F0Y13C,ST3000DM001,3000592982016,0,,112252592,,,,,,,,0,,,,,,2509,,,,,,,,,,,,,,,,,,,,,,,,,,,,,,26,,,,,,0,,,,,,,,,,,,,,,,,,,,,,,,,,,,
2013-12-11,PL1311LAG3DPVH,Hitachi HDS5C4040ALE630,4000787030016,0,,0,,,,,,,,0,,,,,,5125,,,,,,,,,,,,,,,,,,,,,,,,,,,,,,26,,,,,,0,,,,,,,,,,,,,,,,,,,,,,,,,,,,
2013-12-11,Z300X8B1,ST4000DM000,4000787030016,0,,171942688,,,,,,,,0,,,,,,920,,,,,,,,,,,,,,,,,,,,,,,,,,,,,,22,,,,,,0,,,,,,,,,,,,,,,,,,,,,,,,,,,,
2013-12-11,PL1311LAG3DDBH,Hitachi HDS5C4040ALE630,4000787030016,0,,0,,,,,,,,0,,,,,,6639,,,,,,,,,,,,,,,,,,,,,,,,,,,,,,27,,,,,,0,,,,,,,,,,,,,,,,,,,,,,,,,,,,
2013-12-11,W1F0X5VA,ST3000DM001,3000592982016,0,,230457056,,,,,,,,0,,,,,,11684,,,,,,,,,,,,,,,,,,,,,,,,,,,,,,31,,,,,,0,,,,,,,,,,,,,,,,,,,,,,,,,,,,
2013-12-11,MJ0351YNG9UPVA,Hitachi HDS5C3030ALA630,3000592982016,0,,0,,,,,,,,0,,,,,,9552,,,,,,,,,,,,,,,,,,,,,,,,,,,,,,28,,,,,,0,,,,,,,,,,,,,,,,,,,,,,,,,,,,
2013-12-11,W1F09EYX,ST3000DM001,3000592982016,0,,223622912,,,,,,,,0,,,,,,14234,,,,,,,,,,,,,,,,,,,,,,,,,,,,,,23,,,,,,0,,,,,,,,,,,,,,,,,,,,,,,,,,,,
2013-12-11,MJ1311YNG335HA,Hitachi HDS5C3030ALA630,3000592982016,0,,0,,,,,,,,0,,,,,,18046,,,,,,,,,,,,,,,,,,,,,,,,,,,,,,23,,,,,,0,,,,,,,,,,,,,,,,,,,,,,,,,,,,
2013-12-11,WD-WMC4N1066434,WDC WD30EFRX,3000592982016,0,,0,,,,,,,,0,,,,,,178,,,,,,,,,,,,,,,,,,,,,,,,,,,,,,22,,,,,,0,,,,,,,,,,,,,,,,,,,,,,,,,,,,
2013-12-11,5XW0DNTS,ST31500541AS,1500301910016,0,,186110958,,,,,,,,0,,,,,,12909,,,,,,,,,,,,,,,,,,,,,,,,,,,,,,19,,,,,,0,,,,,,,,,,,,,,,,,,,,,,,,,,,,
2013-12-11,JK11A8B9J3AU4F,Hitachi HDS722020ALA330,2000398934016,0,,0,,,,,,,,0,,,,,,23819,,,,,,,,,,,,,,,,,,,,,,,,,,,,,,28,,,,,,0,,,,,,,,,,,,,,,,,,,,,,,,,,,,
2013-12-11,S1F032SM,ST3000DM001,3000592982016,0,,215121240,,,,,,,,0,,,,,,15246,,,,,,,,,,,,,,,,,,,,,,,,,,,,,,21,,,,,,0,,,,,,,,,,,,,,,,,,,,,,,,,,,,
2013-12-11,9XK04Z9L,ST33000651AS,3000592982016,0,,145612504,,,,,,,,0,,,,,,16750,,,,,,,,,,,,,,,,,,,,,,,,,,,,,,27,,,,,,0,,,,,,,,,,,,,,,,,,,,,,,,,,,,
2013-12-11,S1F0SAB1,ST3000DM001,3000592982016,0,,46690096,,,,,,,,0,,,,,,11637,,,,,,,,,,,,,,,,,,,,,,,,,,,,,,27,,,,,,0,,,,,,,,,,,,,,,,,,,,,,,,,,,,
2013-12-11,S1F0SAB3,ST3000DM001,3000592982016,0,,64810240,,,,,,,,0,,,,,,11611,,,,,,,,,,,,,,,,,,,,,,,,,,,,,,26,,,,,,0,,,,,,,,,,,,,,,,,,,,,,,,,,,,
2013-12-11,Z3005HDX,ST4000DM000,4000787030016,0,,91496568,,,,,,,,0,,,,,,5417,,,,,,,,,,,,,,,,,,,,,,,,,,,,,,23,,,,,,0,,,,,,,,,,,,,,,,,,,,,,,,,,,,
2013-12-11,MJ0351YNG9WKPA,Hitachi HDS5C3030ALA630,3000592982016,0,,0,,,,,,,,0,,,,,,9719,,,,,,,,,,,,,,,,,,,,,,,,,,,,,,31,,,,,,0,,,,,,,,,,,,,,,,,,,,,,,,,,,,
2013-12-11,S1F08R94,ST3000DM001,3000592982016,0,,126648816,,,,,,,,0,,,,,,12366,,,,,,,,,,,,,,,,,,,,,,,,,,,,,,25,,,,,,0,,,,,,,,,,,,,,,,,,,,,,,,,,,,
2013-12-11,JK1171YBK1U2NF,Hitachi HDS722020ALA330,2000398934016,0,,0,,,,,,,,0,,,,,,29668,,,,,,,,,,,,,,,,,,,,,,,,,,,,,,28,,,,,,0,,,,,,,,,,,,,,,,,,,,,,,,,,,,
2013-12-11,JK11A4B8HTPJMW,Hitachi HDS722020ALA330,2000398934016,0,,0,,,,,,,,0,,,,,,23319,,,,,,,,,,,,,,,,,,,,,,,,,,,,,,28,,,,,,0,,,,,,,,,,,,,,,,,,,,,,,,,,,,
2013-12-11,MK0311YHG54HVA,Hitachi HDS723030ALA640,3000592982016,0,,262150,,,,,,,,0,,,,,,21793,,,,,,,,,,,,,,,,,,,,,,,,,,,,,,29,,,,,,0,,,,,,,,,,,,,,,,,,,,,,,,,,,,
2013-12-11,JK11A8B9J3611F,Hitachi HDS722020ALA330,2000398934016,0,,0,,,,,,,,0,,,,,,23124,,,,,,,,,,,,,,,,,,,,,,,,,,,,,,38,,,,,,0,,,,,,,,,,,,,,,,,,,,,,,,,,,,
2013-12-11,W1F0A47K,ST3000DM001,3000592982016,0,,191207304,,,,,,,,0,,,,,,15365,,,,,,,,,,,,,,,,,,,,,,,,,,,,,,20,,,,,,0,,,,,,,,,,,,,,,,,,,,,,,,,,,,
2013-12-11,Z300PKXJ,ST4000DM000,4000787030016,0,,2977920,,,,,,,,0,,,,,,1142,,,,,,,,,,,,,,,,,,,,,,,,,,,,,,26,,,,,,0,,,,,,,,,,,,,,,,,,,,,,,,,,,,
2013-12-11,Z290WMC3,ST33000651AS,3000592982016,0,,34374632,,,,,,,,0,,,,,,17049,,,,,,,,,,,,,,,,,,,,,,,,,,,,,,23,,,,,,0,,,,,,,,,,,,,,,,,,,,,,,,,,,,
2013-12-11,MK0333YHGPG1KC,Hitachi HDS723030ALA640,3000592982016,0,,0,,,,,,,,0,,,,,,17357,,,,,,,,,,,,,,,,,,,,,,,,,,,,,,26,,,,,,0,,,,,,,,,,,,,,,,,,,,,,,,,,,,
2013-12-11,Z300E2F8,ST4000DM000,4000787030016,0,,128772016,,,,,,,,0,,,,,,2215,,,,,,,,,,,,,,,,,,,,,,,,,,,,,,20,,,,,,0,,,,,,,,,,,,,,,,,,,,,,,,,,,,
2013-12-11,W300K24Q,ST4000DM000,4000787030016,0,,161089328,,,,,,,,0,,,,,,919,,,,,,,,,,,,,,,,,,,,,,,,,,,,,,21,,,,,,0,,,,,,,,,,,,,,,,,,,,,,,,,,,,
2013-12-11,6XW1ESYD,ST31500541AS,1500301910016,0,,50221961,,,,,,,,45,,,,,,22702,,,,,,,,,,,,,,,,,,,,,,,,,,,,,,22,,,,,,0,,,,,,,,,,,,,,,,,,,,,,,,,,,,
2013-12-11,9VS3JB75,ST31500341AS,1500301910016,0,,160195875,,,,,,,,22,,,,,,32894,,,,,,,,,,,,,,,,,,,,,,,,,,,,,,25,,,,,,0,,,,,,,,,,,,,,,,,,,,,,,,,,,,
2013-12-11,PL2321LAGARUXJ,Hitachi HDS5C4040ALE630,4000787030016,0,,0,,,,,,,,0,,,,,,5428,,,,,,,,,,,,,,,,,,,,,,,,,,,,,,21,,,,,,0,,,,,,,,,,,,,,,,,,,,,,,,,,,,
2013-12-11,Z290WJCB,ST33000651AS,3000592982016,0,,219808674,,,,,,,,0,,,,,,15603,,,,,,,,,,,,,,,,,,,,,,,,,,,,,,24,,,,,,0,,,,,,,,,,,,,,,,,,,,,,,,,,,,
2013-12-11,MJ0351YNGA6MBA,Hitachi HDS5C3030ALA630,3000592982016,0,,0,,,,,,,,0,,,,,,9142,,,,,,,,,,,,,,,,,,,,,,,,,,,,,,31,,,,,,0,,,,,,,,,,,,,,,,,,,,,,,,,,,,
2013-12-11,S1F0AWX6,ST3000DM001,3000592982016,0,,45957880,,,,,,,,0,,,,,,12396,,,,,,,,,,,,,,,,,,,,,,,,,,,,,,23,,,,,,0,,,,,,,,,,,,,,,,,,,,,,,,,,,,
2013-12-11,S1F10VJH,ST3000DM001,3000592982016,0,,236096336,,,,,,,,0,,,,,,8207,,,,,,,,,,,,,,,,,,,,,,,,,,,,,,22,,,,,,0,,,,,,,,,,,,,,,,,,,,,,,,,,,,
2013-12-11,Z290VDCE,ST33000651AS,3000592982016,0,,92279960,,,,,,,,0,,,,,,17050,,,,,,,,,,,,,,,,,,,,,,,,,,,,,,27,,,,,,0,,,,,,,,,,,,,,,,,,,,,,,,,,,,
2013-12-11,JK11A8B9J0ZWDF,Hitachi HDS722020ALA330,2000398934016,0,,0,,,,,,,,0,,,,,,26329,,,,,,,,,,,,,,,,,,,,,,,,,,,,,,27,,,,,,0,,,,,,,,,,,,,,,,,,,,,,,,,,,,
2013-12-11,6XW0APMX,ST31500541AS,1500301910016,0,,108039914,,,,,,,,0,,,,,,30382,,,,,,,,,,,,,,,,,,,,,,,,,,,,,,23,,,,,,0,,,,,,,,,,,,,,,,,,,,,,,,,,,,
2013-12-11,MJ0351YNGA6BBA,Hitachi HDS5C3030ALA630,3000592982016,0,,0,,,,,,,,0,,,,,,8640,,,,,,,,,,,,,,,,,,,,,,,,,,,,,,26,,,,,,0,,,,,,,,,,,,,,,,,,,,,,,,,,,,
2013-12-11,MJ1311YNG6XKGA,Hitachi HDS5C3030ALA630,3000592982016,0,,0,,,,,,,,0,,,,,,14680,,,,,,,,,,,,,,,,,,,,,,,,,,,,,,29,,,,,,0,,,,,,,,,,,,,,,,,,,,,,,,,,,,
2013-12-11,JK11A8B9HNVEEF,Hitachi HDS722020ALA330,2000398934016,0,,0,,,,,,,,0,,,,,,23544,,,,,,,,,,,,,,,,,,,,,,,,,,,,,,34,,,,,,0,,,,,,,,,,,,,,,,,,,,,,,,,,,,
2013-12-11,JK11A8B9GPDKRF,Hitachi HDS722020ALA330,2000398934016,0,,0,,,,,,,,0,,,,,,26764,,,,,,,,,,,,,,,,,,,,,,,,,,,,,,24,,,,,,0,,,,,,,,,,,,,,,,,,,,,,,,,,,,
2013-12-11,Z300E2FH,ST4000DM000,4000787030016,0,,4041304,,,,,,,,0,,,,,,2272,,,,,,,,,,,,,,,,,,,,,,,,,,,,,,22,,,,,,0,,,,,,,,,,,,,,,,,,,,,,,,,,,,
2013-12-11,6XW03B0M,ST31500541AS,1500301910016,0,,209754225,,,,,,,,0,,,,,,36911,,,,,,,,,,,,,,,,,,,,,,,,,,,,,,23,,,,,,0,,,,,,,,,,,,,,,,,,,,,,,,,,,,
2013-12-11,MJ0351YNG9WUJA,Hitachi HDS5C3030ALA630,3000592982016,0,,0,,,,,,,,0,,,,,,9191,,,,,,,,,,,,,,,,,,,,,,,,,,,,,,30,,,,,,0,,,,,,,,,,,,,,,,,,,,,,,,,,,,
2013-12-11,9VS4V0MW,ST31500341AS,1500301910016,0,,172230747,,,,,,,,10,,,,,,18388,,,,,,,,,,,,,,,,,,,,,,,,,,,,,,21,,,,,,0,,,,,,,,,,,,,,,,,,,,,,,,,,,,
2013-12-11,JK11A8B9J3LNEF,Hitachi HDS722020ALA330,2000398934016,0,,131078,,,,,,,,0,,,,,,23822,,,,,,,,,,,,,,,,,,,,,,,,,,,,,,25,,,,,,0,,,,,,,,,,,,,,,,,,,,,,,,,,,,
2013-12-11,9XW02JHE,ST31500541AS,1500301910016,0,,53818194,,,,,,,,236,,,,,,35748,,,,,,,,,,,,,,,,,,,,,,,,,,,,,,22,,,,,,0,,,,,,,,,,,,,,,,,,,,,,,,,,,,
2013-12-11,S1F031Y9,ST3000DM001,3000592982016,0,,7860552,,,,,,,,0,,,,,,14728,,,,,,,,,,,,,,,,,,,,,,,,,,,,,,26,,,,,,0,,,,,,,,,,,,,,,,,,,,,,,,,,,,
2013-12-11,JK11A8B9J37XTF,Hitachi HDS722020ALA330,2000398934016,0,,0,,,,,,,,0,,,,,,24429,,,,,,,,,,,,,,,,,,,,,,,,,,,,,,30,,,,,,0,,,,,,,,,,,,,,,,,,,,,,,,,,,,
2013-12-11,S1F0GPFZ,ST3000DM001,3000592982016,0,,169156264,,,,,,,,0,,,,,,12154,,,,,,,,,,,,,,,,,,,,,,,,,,,,,,26,,,,,,0,,,,,,,,,,,,,,,,,,,,,,,,,,,,
2013-12-11,WD-WMAVU2080712,WDC WD10EADS,1000204886016,0,,0,,,,,,,,0,,,,,,27456,,,,,,,,,,,,,,,,,,,,,,,,,,,,,,32,,,,,,0,,,,,,,,,,,,,,,,,,,,,,,,,,,,
2013-12-11,MJ0351YNGA0YXA,Hitachi HDS5C3030ALA630,3000592982016,0,,0,,,,,,,,0,,,,,,9975,,,,,,,,,,,,,,,,,,,,,,,,,,,,,,27,,,,,,0,,,,,,,,,,,,,,,,,,,,,,,,,,,,
2013-12-11,MJ0351YNGA6XTA,Hitachi HDS5C3030ALA630,3000592982016,0,,0,,,,,,,,0,,,,,,8663,,,,,,,,,,,,,,,,,,,,,,,,,,,,,,26,,,,,,0,,,,,,,,,,,,,,,,,,,,,,,,,,,,
2013-12-11,PL1321LAGAXLJH,Hitachi HDS5C4040ALE630,4000787030016,0,,0,,,,,,,,0,,,,,,5428,,,,,,,,,,,,,,,,,,,,,,,,,,,,,,20,,,,,,0,,,,,,,,,,,,,,,,,,,,,,,,,,,,
2013-12-11,JK1101B8KN79AZ,Hitachi HDS722020ALA330,2000398934016,0,,0,,,,,,,,2,,,,,,23098,,,,,,,,,,,,,,,,,,,,,,,,,,,,,,28,,,,,,0,,,,,,,,,,,,,,,,,,,,,,,,,,,,
2013-12-11,S1F02EVN,ST3000DM001,3000592982016,0,,164929008,,,,,,,,0,,,,,,13357,,,,,,,,,,,,,,,,,,,,,,,,,,,,,,23,,,,,,0,,,,,,,,,,,,,,,,,,,,,,,,,,,,
2013-12-11,Z1F0WVLC,ST3000DM001,3000592982016,0,,171664464,,,,,,,,0,,,,,,8330,,,,,,,,,,,,,,,,,,,,,,,,,,,,,,28,,,,,,0,,,,,,,,,,,,,,,,,,,,,,,,,,,,
2013-12-11,JK11A8B9J2BL0F,Hitachi HDS722020ALA330,2000398934016,0,,65536,,,,,,,,0,,,,,,24112,,,,,,,,,,,,,,,,,,,,,,,,,,,,,,28,,,,,,0,,,,,,,,,,,,,,,,,,,,,,,,,,,,
2013-12-11,MJ0351YNGA5UGA,Hitachi HDS5C3030ALA630,3000592982016,0,,0,,,,,,,,0,,,,,,7972,,,,,,,,,,,,,,,,,,,,,,,,,,,,,,26,,,,,,0,,,,,,,,,,,,,,,,,,,,,,,,,,,,
2013-12-11,6XW108N8,ST31500541AS,1500301910016,0,,103238763,,,,,,,,0,,,,,,30341,,,,,,,,,,,,,,,,,,,,,,,,,,,,,,21,,,,,,0,,,,,,,,,,,,,,,,,,,,,,,,,,,,
2013-12-11,W1F0P37T,ST3000DM001,3000592982016,0,,198700800,,,,,,,,0,,,,,,9269,,,,,,,,,,,,,,,,,,,,,,,,,,,,,,26,,,,,,0,,,,,,,,,,,,,,,,,,,,,,,,,,,,
2013-12-11,S1F10NM6,ST3000DM001,3000592982016,0,,181321656,,,,,,,,0,,,,,,8211,,,,,,,,,,,,,,,,,,,,,,,,,,,,,,25,,,,,,0,,,,,,,,,,,,,,,,,,,,,,,,,,,,
2013-12-11,6XW1V470,ST31500541AS,1500301910016,0,,32810313,,,,,,,,0,,,,,,11270,,,,,,,,,,,,,,,,,,,,,,,,,,,,,,31,,,,,,0,,,,,,,,,,,,,,,,,,,,,,,,,,,,
2013-12-11,JK11A8B9J720KF,Hitachi HDS722020ALA330,2000398934016,0,,0,,,,,,,,0,,,,,,23319,,,,,,,,,,,,,,,,,,,,,,,,,,,,,,32,,,,,,0,,,,,,,,,,,,,,,,,,,,,,,,,,,,
2013-12-11,W300AMGV,ST4000DM000,4000787030016,0,,70760352,,,,,,,,0,,,,,,3328,,,,,,,,,,,,,,,,,,,,,,,,,,,,,,20,,,,,,0,,,,,,,,,,,,,,,,,,,,,,,,,,,,
2013-12-11,Z1F1A1HH,ST3000DM001,3000592982016,0,,29093800,,,,,,,,0,,,,,,8024,,,,,,,,,,,,,,,,,,,,,,,,,,,,,,24,,,,,,0,,,,,,,,,,,,,,,,,,,,,,,,,,,,
2013-12-11,S1F047TZ,ST3000DM001,3000592982016,0,,141137936,,,,,,,,0,,,,,,16200,,,,,,,,,,,,,,,,,,,,,,,,,,,,,,24,,,,,,0,,,,,,,,,,,,,,,,,,,,,,,,,,,,
2013-12-11,W30068FE,ST4000DM000,4000787030016,0,,144555712,,,,,,,,0,,,,,,2845,,,,,,,,,,,,,,,,,,,,,,,,,,,,,,26,,,,,,0,,,,,,,,,,,,,,,,,,,,,,,,,,,,
2013-12-11,W1F0AQWG,ST3000DM001,3000592982016,0,,52020000,,,,,,,,0,,,,,,13356,,,,,,,,,,,,,,,,,,,,,,,,,,,,,,21,,,,,,0,,,,,,,,,,,,,,,,,,,,,,,,,,,,
2013-12-11,W1F0AQWB,ST3000DM001,3000592982016,0,,179369432,,,,,,,,0,,,,,,13747,,,,,,,,,,,,,,,,,,,,,,,,,,,,,,23,,,,,,0,,,,,,,,,,,,,,,,,,,,,,,,,,,,
2013-12-11,S1F0RT13,ST3000DM001,3000592982016,0,,59484456,,,,,,,,0,,,,,,10742,,,,,,,,,,,,,,,,,,,,,,,,,,,,,,27,,,,,,0,,,,,,,,,,,,,,,,,,,,,,,,,,,,
2013-12-11,Z252E8NAS,TOSHIBA DT01ACA300,3000592982016,0,,0,,,,,,,,0,,,,,,6615,,,,,,,,,,,,,,,,,,,,,,,,,,,,,,26,,,,,,0,,,,,,,,,,,,,,,,,,,,,,,,,,,,
2013-12-11,WD-WCAU45638948,WDC WD10EADS,1000204886016,0,,0,,,,,,,,0,,,,,,41024,,,,,,,,,,,,,,,,,,,,,,,,,,,,,,26,,,,,,0,,,,,,,,,,,,,,,,,,,,,,,,,,,,
2013-12-11,5XW09Z21,ST31500541AS,1500301910016,0,,75634782,,,,,,,,0,,,,,,23038,,,,,,,,,,,,,,,,,,,,,,,,,,,,,,20,,,,,,0,,,,,,,,,,,,,,,,,,,,,,,,,,,,
2013-12-11,Z300WP1E,ST4000DM000,4000787030016,0,,176596528,,,,,,,,0,,,,,,923,,,,,,,,,,,,,,,,,,,,,,,,,,,,,,26,,,,,,0,,,,,,,,,,,,,,,,,,,,,,,,,,,,
2013-12-11,W1F1BQW8,ST3000DM001,3000592982016,0,,242397528,,,,,,,,0,,,,,,8180,,,,,,,,,,,,,,,,,,,,,,,,,,,,,,21,,,,,,0,,,,,,,,,,,,,,,,,,,,,,,,,,,,
2013-12-11,JK11C1YAK99HXV,Hitachi HDS722020ALA330,2000398934016,0,,0,,,,,,,,0,,,,,,21534,,,,,,,,,,,,,,,,,,,,,,,,,,,,,,22,,,,,,0,,,,,,,,,,,,,,,,,,,,,,,,,,,,
2013-12-11,6XW041SM,ST31500541AS,1500301910016,0,,76033429,,,,,,,,0,,,,,,37286,,,,,,,,,,,,,,,,,,,,,,,,,,,,,,27,,,,,,0,,,,,,,,,,,,,,,,,,,,,,,,,,,,
2013-12-11,W300KFS4,ST4000DM000,4000787030016,0,,96428328,,,,,,,,0,,,,,,885,,,,,,,,,,,,,,,,,,,,,,,,,,,,,,21,,,,,,0,,,,,,,,,,,,,,,,,,,,,,,,,,,,
2013-12-11,S1F041XS,ST3000DM001,3000592982016,0,,58963800,,,,,,,,0,,,,,,13359,,,,,,,,,,,,,,,,,,,,,,,,,,,,,,23,,,,,,0,,,,,,,,,,,,,,,,,,,,,,,,,,,,
2013-12-11,W300KFS2,ST4000DM000,4000787030016,0,,92680200,,,,,,,,0,,,,,,815,,,,,,,,,,,,,,,,,,,,,,,,,,,,,,21,,,,,,0,,,,,,,,,,,,,,,,,,,,,,,,,,,,
2013-12-11,WD-WCAV55445991,WDC WD10EADS,1000204886016,0,,0,,,,,,,,0,,,,,,20429,,,,,,,,,,,,,,,,,,,,,,,,,,,,,,31,,,,,,0,,,,,,,,,,,,,,,,,,,,,,,,,,,,
2013-12-11,JK1101B9KLUJDT,Hitachi HDS722020ALA330,2000398934016,0,,0,,,,,,,,0,,,,,,23099,,,,,,,,,,,,,,,,,,,,,,,,,,,,,,24,,,,,,0,,,,,,,,,,,,,,,,,,,,,,,,,,,,
2013-12-11,JK11A8B9J8A1XF,Hitachi HDS722020ALA330,2000398934016,0,,0,,,,,,,,0,,,,,,26025,,,,,,,,,,,,,,,,,,,,,,,,,,,,,,28,,,,,,0,,,,,,,,,,,,,,,,,,,,,,,,,,,,
2013-12-11,PL2311LAG1U6GC,Hitachi HDS5C4040ALE630,4000787030016,0,,0,,,,,,,,0,,,,,,7462,,,,,,,,,,,,,,,,,,,,,,,,,,,,,,23,,,,,,0,,,,,,,,,,,,,,,,,,,,,,,,,,,,
2013-12-11,JK1105B8GG3S2X,Hitachi HDS722020ALA330,2000398934016,0,,0,,,,,,,,0,,,,,,27160,,,,,,,,,,,,,,,,,,,,,,,,,,,,,,30,,,,,,0,,,,,,,,,,,,,,,,,,,,,,,,,,,,
2013-12-11,Z300T1B3,ST4000DM000,4000787030016,0,,192572056,,,,,,,,0,,,,,,1311,,,,,,,,,,,,,,,,,,,,,,,,,,,,,,21,,,,,,0,,,,,,,,,,,,,,,,,,,,,,,,,,,,
2013-12-11,MJ1311YNG5P4KA,Hitachi HDS5C3030ALA630,3000592982016,0,,0,,,,,,,,0,,,,,,14288,,,,,,,,,,,,,,,,,,,,,,,,,,,,,,32,,,,,,0,,,,,,,,,,,,,,,,,,,,,,,,,,,,
2013-12-11,W1F0VLBG,ST3000DM001,3000592982016,0,,217323960,,,,,,,,0,,,,,,11673,,,,,,,,,,,,,,,,,,,,,,,,,,,,,,26,,,,,,0,,,,,,,,,,,,,,,,,,,,,,,,,,,,
2013-12-11,JK1101B9JNGA4R,Hitachi HDS722020ALA330,2000398934016,0,,0,,,,,,,,0,,,,,,23635,,,,,,,,,,,,,,,,,,,,,,,,,,,,,,31,,,,,,0,,,,,,,,,,,,,,,,,,,,,,,,,,,,
2013-12-11,JK1170YAJAXDZT,Hitachi HDS722020ALA330,2000398934016,0,,0,,,,,,,,0,,,,,,28683,,,,,,,,,,,,,,,,,,,,,,,,,,,,,,27,,,,,,0,,,,,,,,,,,,,,,,,,,,,,,,,,,,
2013-12-11,Z1F0N584,ST3000DM001,3000592982016,0,,183572520,,,,,,,,0,,,,,,11026,,,,,,,,,,,,,,,,,,,,,,,,,,,,,,22,,,,,,0,,,,,,,,,,,,,,,,,,,,,,,,,,,,
2013-12-11,W1F0VLBQ,ST3000DM001,3000592982016,0,,104367024,,,,,,,,0,,,,,,10738,,,,,,,,,,,,,,,,,,,,,,,,,,,,,,24,,,,,,0,,,,,,,,,,,,,,,,,,,,,,,,,,,,
2013-12-11,S1F0CSLL,ST3000DM001,3000592982016,0,,119417088,,,,,,,,96,,,,,,12420,,,,,,,,,,,,,,,,,,,,,,,,,,,,,,31,,,,,,0,,,,,,,,,,,,,,,,,,,,,,,,,,,,
2013-12-11,MJ1323YNG1R2TC,Hitachi HDS5C3030ALA630,3000592982016,0,,0,,,,,,,,0,,,,,,19766,,,,,,,,,,,,,,,,,,,,,,,,,,,,,,26,,,,,,0,,,,,,,,,,,,,,,,,,,,,,,,,,,,
2013-12-11,JK1101B9JL1YYF,Hitachi HDS722020ALA330,2000398934016,0,,1,,,,,,,,0,,,,,,23579,,,,,,,,,,,,,,,,,,,,,,,,,,,,,,25,,,,,,0,,,,,,,,,,,,,,,,,,,,,,,,,,,,
2013-12-11,WD-WCAWZ1236418,WDC WD30EZRX,3000592982016,0,,1,,,,,,,,0,,,,,,484,,,,,,,,,,,,,,,,,,,,,,,,,,,,,,21,,,,,,0,,,,,,,,,,,,,,,,,,,,,,,,,,,,
2013-12-11,JK11A8B9J38GRF,Hitachi HDS722020ALA330,2000398934016,0,,0,,,,,,,,0,,,,,,23948,,,,,,,,,,,,,,,,,,,,,,,,,,,,,,25,,,,,,0,,,,,,,,,,,,,,,,,,,,,,,,,,,,
2013-12-11,S1F0S351,ST3000DM001,3000592982016,0,,132352160,,,,,,,,0,,,,,,10540,,,,,,,,,,,,,,,,,,,,,,,,,,,,,,21,,,,,,0,,,,,,,,,,,,,,,,,,,,,,,,,,,,
2013-12-11,JK11A8B9J7ZUAF,Hitachi HDS722020ALA330,2000398934016,0,,0,,,,,,,,0,,,,,,26024,,,,,,,,,,,,,,,,,,,,,,,,,,,,,,24,,,,,,0,,,,,,,,,,,,,,,,,,,,,,,,,,,,
2013-12-11,S1F11HY1,ST3000DM001,3000592982016,0,,67531848,,,,,,,,0,,,,,,8180,,,,,,,,,,,,,,,,,,,,,,,,,,,,,,25,,,,,,0,,,,,,,,,,,,,,,,,,,,,,,,,,,,
2013-12-11,9VS1QE91,ST31500341AS,1500301910016,0,,163932134,,,,,,,,10,,,,,,40074,,,,,,,,,,,,,,,,,,,,,,,,,,,,,,29,,,,,,0,,,,,,,,,,,,,,,,,,,,,,,,,,,,
2013-12-11,MJ1311YNG3G41A,Hitachi HDS5C3030ALA630,3000592982016,0,,0,,,,,,,,0,,,,,,18948,,,,,,,,,,,,,,,,,,,,,,,,,,,,,,27,,,,,,0,,,,,,,,,,,,,,,,,,,,,,,,,,,,
2013-12-11,S1F0CSL4,ST3000DM001,3000592982016,0,,190641528,,,,,,,,0,,,,,,12366,,,,,,,,,,,,,,,,,,,,,,,,,,,,,,24,,,,,,0,,,,,,,,,,,,,,,,,,,,,,,,,,,,
2013-12-11,MJ0351YNG9YSBA,Hitachi HDS5C3030ALA630,3000592982016,0,,0,,,,,,,,0,,,,,,8873,,,,,,,,,,,,,,,,,,,,,,,,,,,,,,25,,,,,,0,,,,,,,,,,,,,,,,,,,,,,,,,,,,
2013-12-11,S1F0S68M,ST3000DM001,3000592982016,0,,131501480,,,,,,,,0,,,,,,8651,,,,,,,,,,,,,,,,,,,,,,,,,,,,,,26,,,,,,0,,,,,,,,,,,,,,,,,,,,,,,,,,,,
2013-12-11,S1F03TSS,ST3000DM001,3000592982016,0,,188243192,,,,,,,,0,,,,,,13880,,,,,,,,,,,,,,,,,,,,,,,,,,,,,,25,,,,,,0,,,,,,,,,,,,,,,,,,,,,,,,,,,,
2013-12-11,Z300V5SY,ST4000DM000,4000787030016,0,,167702104,,,,,,,,0,,,,,,108,,,,,,,,,,,,,,,,,,,,,,,,,,,,,,19,,,,,,0,,,,,,,,,,,,,,,,,,,,,,,,,,,,
2013-12-11,MJ1311YNG0M96A,Hitachi HDS5C3030ALA630,3000592982016,0,,0,,,,,,,,0,,,,,,20498,,,,,,,,,,,,,,,,,,,,,,,,,,,,,,32,,,,,,0,,,,,,,,,,,,,,,,,,,,,,,,,,,,
2013-12-11,W1F1CMJW,ST3000DM001,3000592982016,0,,147724048,,,,,,,,0,,,,,,7993,,,,,,,,,,,,,,,,,,,,,,,,,,,,,,14,,,,,,0,,,,,,,,,,,,,,,,,,,,,,,,,,,,
2013-12-11,MK0331YHGL5XMA,Hitachi HDS723030ALA640,3000592982016,0,,0,,,,,,,,0,,,,,,17355,,,,,,,,,,,,,,,,,,,,,,,,,,,,,,26,,,,,,0,,,,,,,,,,,,,,,,,,,,,,,,,,,,
2013-12-11,PL1331LAG5AZWH,HGST HMS5C4040ALE640,4000787030016,0,,0,,,,,,,,0,,,,,,9402,,,,,,,,,,,,,,,,,,,,,,,,,,,,,,29,,,,,,0,,,,,,,,,,,,,,,,,,,,,,,,,,,,
2013-12-11,JK1105B8JP2XHX,Hitachi HDS722020ALA330,2000398934016,0,,131072,,,,,,,,0,,,,,,22687,,,,,,,,,,,,,,,,,,,,,,,,,,,,,,27,,,,,,0,,,,,,,,,,,,,,,,,,,,,,,,,,,,
2013-12-11,JK11A8B9J94XAF,Hitachi HDS722020ALA330,2000398934016,0,,65536,,,,,,,,22,,,,,,24496,,,,,,,,,,,,,,,,,,,,,,,,,,,,,,29,,,,,,0,,,,,,,,,,,,,,,,,,,,,,,,,,,,
2013-12-11,Z300CR8J,ST4000DM000,4000787030016,0,,59536704,,,,,,,,0,,,,,,1331,,,,,,,,,,,,,,,,,,,,,,,,,,,,,,18,,,,,,0,,,,,,,,,,,,,,,,,,,,,,,,,,,,
2013-12-11,JK1170YAJDAK3T,Hitachi HDS722020ALA330,2000398934016,0,,0,,,,,,,,0,,,,,,28683,,,,,,,,,,,,,,,,,,,,,,,,,,,,,,28,,,,,,0,,,,,,,,,,,,,,,,,,,,,,,,,,,,
2013-12-11,PK1331PAJ3HXSS,HGST HDS724040ALE640,4000787030016,0,,0,,,,,,,,0,,,,,,2027,,,,,,,,,,,,,,,,,,,,,,,,,,,,,,28,,,,,,0,,,,,,,,,,,,,,,,,,,,,,,,,,,,
2013-12-11,MJ0351YNG9MZXA,Hitachi HDS5C3030ALA630,3000592982016,0,,0,,,,,,,,0,,,,,,9958,,,,,,,,,,,,,,,,,,,,,,,,,,,,,,25,,,,,,0,,,,,,,,,,,,,,,,,,,,,,,,,,,,
2013-12-11,WD-WMC4N1044953,WDC WD30EFRX,3000592982016,0,,0,,,,,,,,0,,,,,,322,,,,,,,,,,,,,,,,,,,,,,,,,,,,,,24,,,,,,0,,,,,,,,,,,,,,,,,,,,,,,,,,,,
2013-12-11,W300JTG2,ST4000DM000,4000787030016,0,,157799328,,,,,,,,0,,,,,,1703,,,,,,,,,,,,,,,,,,,,,,,,,,,,,,21,,,,,,0,,,,,,,,,,,,,,,,,,,,,,,,,,,,
2013-12-11,W300JTG5,ST4000DM000,4000787030016,0,,80200008,,,,,,,,0,,,,,,1704,,,,,,,,,,,,,,,,,,,,,,,,,,,,,,22,,,,,,0,,,,,,,,,,,,,,,,,,,,,,,,,,,,
2013-12-11,JK11A8B9J7T2VF,Hitachi HDS722020ALA330,2000398934016,0,,0,,,,,,,,0,,,,,,24914,,,,,,,,,,,,,,,,,,,,,,,,,,,,,,26,,,,,,0,,,,,,,,,,,,,,,,,,,,,,,,,,,,
2013-12-11,WD-WCAU47761427,WDC WD10EADS,1000204886016,0,,10,,,,,,,,0,,,,,,40569,,,,,,,,,,,,,,,,,,,,,,,,,,,,,,30,,,,,,0,,,,,,,,,,,,,,,,,,,,,,,,,,,,
2013-12-11,PL1321LAG33T3H,Hitachi HDS5C4040ALE630,4000787030016,0,,0,,,,,,,,0,,,,,,6650,,,,,,,,,,,,,,,,,,,,,,,,,,,,,,24,,,,,,0,,,,,,,,,,,,,,,,,,,,,,,,,,,,
2013-12-11,MJ1311YNG7KT5A,Hitachi HDS5C3030ALA630,3000592982016,0,,0,,,,,,,,0,,,,,,14596,,,,,,,,,,,,,,,,,,,,,,,,,,,,,,24,,,,,,0,,,,,,,,,,,,,,,,,,,,,,,,,,,,
2013-12-11,JK11A8B9J71BHF,Hitachi HDS722020ALA330,2000398934016,0,,0,,,,,,,,0,,,,,,23484,,,,,,,,,,,,,,,,,,,,,,,,,,,,,,28,,,,,,0,,,,,,,,,,,,,,,,,,,,,,,,,,,,
2013-12-11,PL1311LAG21BKA,Hitachi HDS5C4040ALE630,4000787030016,0,,0,,,,,,,,0,,,,,,7463,,,,,,,,,,,,,,,,,,,,,,,,,,,,,,23,,,,,,0,,,,,,,,,,,,,,,,,,,,,,,,,,,,
2013-12-11,JK1101B9J2W51F,Hitachi HDS722020ALA330,2000398934016,0,,0,,,,,,,,0,,,,,,24213,,,,,,,,,,,,,,,,,,,,,,,,,,,,,,25,,,,,,0,,,,,,,,,,,,,,,,,,,,,,,,,,,,
2013-12-11,W1F09PBP,ST3000DM001,3000592982016,0,,3266744,,,,,,,,0,,,,,,14233,,,,,,,,,,,,,,,,,,,,,,,,,,,,,,24,,,,,,0,,,,,,,,,,,,,,,,,,,,,,,,,,,,
2013-12-11,JK1101B9GE8H5F,Hitachi HDS722020ALA330,2000398934016,0,,0,,,,,,,,0,,,,,,27734,,,,,,,,,,,,,,,,,,,,,,,,,,,,,,23,,,,,,0,,,,,,,,,,,,,,,,,,,,,,,,,,,,
2013-12-11,S1F0CSW8,ST3000DM001,3000592982016,0,,70167808,,,,,,,,0,,,,,,12419,,,,,,,,,,,,,,,,,,,,,,,,,,,,,,30,,,,,,0,,,,,,,,,,,,,,,,,,,,,,,,,,,,
2013-12-11,W300J658,ST4000DM000,4000787030016,0,,101177160,,,,,,,,0,,,,,,2240,,,,,,,,,,,,,,,,,,,,,,,,,,,,,,20,,,,,,0,,,,,,,,,,,,,,,,,,,,,,,,,,,,
2013-12-11,JK11A8B9HZJYRF,Hitachi HDS722020ALA330,2000398934016,0,,0,,,,,,,,0,,,,,,24544,,,,,,,,,,,,,,,,,,,,,,,,,,,,,,29,,,,,,0,,,,,,,,,,,,,,,,,,,,,,,,,,,,
2013-12-11,W1F17E35,ST3000DM001,3000592982016,0,,187156320,,,,,,,,0,,,,,,8651,,,,,,,,,,,,,,,,,,,,,,,,,,,,,,27,,,,,,0,,,,,,,,,,,,,,,,,,,,,,,,,,,,
2013-12-11,MJ0351YNGA39VA,Hitachi HDS5C3030ALA630,3000592982016,0,,0,,,,,,,,0,,,,,,7938,,,,,,,,,,,,,,,,,,,,,,,,,,,,,,24,,,,,,0,,,,,,,,,,,,,,,,,,,,,,,,,,,,
2013-12-11,W1F0Q9X5,ST3000DM001,3000592982016,0,,15227816,,,,,,,,0,,,,,,12878,,,,,,,,,,,,,,,,,,,,,,,,,,,,,,27,,,,,,8,,,,,,,,,,,,,,,,,,,,,,,,,,,,
2013-12-11,Z300WKNN,ST4000DM000,4000787030016,0,,78312048,,,,,,,,0,,,,,,815,,,,,,,,,,,,,,,,,,,,,,,,,,,,,,20,,,,,,0,,,,,,,,,,,,,,,,,,,,,,,,,,,,
2013-12-11,MJ1313YNG184UC,Hitachi HDS5C3030ALA630,3000592982016,0,,0,,,,,,,,0,,,,,,18067,,,,,,,,,,,,,,,,,,,,,,,,,,,,,,27,,,,,,0,,,,,,,,,,,,,,,,,,,,,,,,,,,,
2013-12-11,JK1101B9JPJV2F,Hitachi HDS722020ALA330,2000398934016,0,,0,,,,,,,,0,,,,,,24099,,,,,,,,,,,,,,,,,,,,,,,,,,,,,,25,,,,,,0,,,,,,,,,,,,,,,,,,,,,,,,,,,,
2013-12-11,W300DF8V,ST4000DM000,4000787030016,0,,163975896,,,,,,,,0,,,,,,1297,,,,,,,,,,,,,,,,,,,,,,,,,,,,,,18,,,,,,0,,,,,,,,,,,,,,,,,,,,,,,,,,,,
2013-12-11,MJ0351YNG9WK7A,Hitachi HDS5C3030ALA630,3000592982016,0,,0,,,,,,,,0,,,,,,7609,,,,,,,,,,,,,,,,,,,,,,,,,,,,,,24,,,,,,0,,,,,,,,,,,,,,,,,,,,,,,,,,,,
2013-12-11,JK1101B9JP4K7R,Hitachi HDS722020ALA330,2000398934016,0,,1,,,,,,,,0,,,,,,23635,,,,,,,,,,,,,,,,,,,,,,,,,,,,,,30,,,,,,0,,,,,,,,,,,,,,,,,,,,,,,,,,,,
2013-12-11,MJ0351YNGA6Y5A,Hitachi HDS5C3030ALA630,3000592982016,0,,0,,,,,,,,0,,,,,,8545,,,,,,,,,,,,,,,,,,,,,,,,,,,,,,29,,,,,,0,,,,,,,,,,,,,,,,,,,,,,,,,,,,
2013-12-11,WD-WCAU47197028,WDC WD10EADS,1000204886016,0,,0,,,,,,,,0,,,,,,40933,,,,,,,,,,,,,,,,,,,,,,,,,,,,,,30,,,,,,0,,,,,,,,,,,,,,,,,,,,,,,,,,,,
2013-12-11,W1F09EF8,ST3000DM001,3000592982016,0,,193135872,,,,,,,,0,,,,,,13359,,,,,,,,,,,,,,,,,,,,,,,,,,,,,,25,,,,,,0,,,,,,,,,,,,,,,,,,,,,,,,,,,,
2013-12-11,W300B10F,ST4000DM000,4000787030016,0,,191831336,,,,,,,,0,,,,,,4140,,,,,,,,,,,,,,,,,,,,,,,,,,,,,,22,,,,,,0,,,,,,,,,,,,,,,,,,,,,,,,,,,,
2013-12-11,W300DC56,ST4000DM000,4000787030016,0,,12959800,,,,,,,,0,,,,,,4140,,,,,,,,,,,,,,,,,,,,,,,,,,,,,,22,,,,,,0,,,,,,,,,,,,,,,,,,,,,,,,,,,,
2013-12-11,W300B10L,ST4000DM000,4000787030016,0,,102260224,,,,,,,,0,,,,,,4160,,,,,,,,,,,,,,,,,,,,,,,,,,,,,,25,,,,,,0,,,,,,,,,,,,,,,,,,,,,,,,,,,,
2013-12-11,JK1101YAK7EJKV,Hitachi HDS722020ALA330,2000398934016,0,,65536,,,,,,,,0,,,,,,29212,,,,,,,,,,,,,,,,,,,,,,,,,,,,,,27,,,,,,0,,,,,,,,,,,,,,,,,,,,,,,,,,,,
2013-12-11,6XW0CWBB,ST31500541AS,1500301910016,0,,162238391,,,,,,,,32,,,,,,20325,,,,,,,,,,,,,,,,,,,,,,,,,,,,,,20,,,,,,0,,,,,,,,,,,,,,,,,,,,,,,,,,,,
2013-12-11,W300J65N,ST4000DM000,4000787030016,0,,202930168,,,,,,,,0,,,,,,2240,,,,,,,,,,,,,,,,,,,,,,,,,,,,,,21,,,,,,0,,,,,,,,,,,,,,,,,,,,,,,,,,,,
2013-12-11,JK11A8B9J90Z2F,Hitachi HDS722020ALA330,2000398934016,0,,0,,,,,,,,0,,,,,,24468,,,,,,,,,,,,,,,,,,,,,,,,,,,,,,28,,,,,,0,,,,,,,,,,,,,,,,,,,,,,,,,,,,
2013-12-11,W300J65R,ST4000DM000,4000787030016,0,,60296640,,,,,,,,0,,,,,,1703,,,,,,,,,,,,,,,,,,,,,,,,,,,,,,24,,,,,,0,,,,,,,,,,,,,,,,,,,,,,,,,,,,
2013-12-11,W300D1N4,ST4000DM000,4000787030016,0,,220871832,,,,,,,,0,,,,,,2222,,,,,,,,,,,,,,,,,,,,,,,,,,,,,,24,,,,,,0,,,,,,,,,,,,,,,,,,,,,,,,,,,,
2013-12-11,WD-WCAV5V407349,WDC WD10EADX,1000204886016,0,,0,,,,,,,,0,,,,,,8442,,,,,,,,,,,,,,,,,,,,,,,,,,,,,,26,,,,,,0,,,,,,,,,,,,,,,,,,,,,,,,,,,,
2013-12-11,MJ1311YNG785TA,Hitachi HDS5C3030ALA630,3000592982016,0,,0,,,,,,,,0,,,,,,14575,,,,,,,,,,,,,,,,,,,,,,,,,,,,,,20,,,,,,0,,,,,,,,,,,,,,,,,,,,,,,,,,,,
2013-12-11,MJ1311YNG3EWPA,Hitachi HDS5C3030ALA630,3000592982016,0,,0,,,,,,,,0,,,,,,20728,,,,,,,,,,,,,,,,,,,,,,,,,,,,,,33,,,,,,0,,,,,,,,,,,,,,,,,,,,,,,,,,,,
2013-12-11,S1F06J7M,ST3000DM001,3000592982016,0,,67970408,,,,,,,,0,,,,,,12422,,,,,,,,,,,,,,,,,,,,,,,,,,,,,,35,,,,,,0,,,,,,,,,,,,,,,,,,,,,,,,,,,,
2013-12-11,MJ1311YNG3MUUA,Hitachi HDS5C3030ALA630,3000592982016,0,,0,,,,,,,,0,,,,,,14290,,,,,,,,,,,,,,,,,,,,,,,,,,,,,,31,,,,,,0,,,,,,,,,,,,,,,,,,,,,,,,,,,,
2013-12-11,MJ1311YNG2ZSEA,Hitachi HDS5C3030ALA630,3000592982016,0,,0,,,,,,,,0,,,,,,18594,,,,,,,,,,,,,,,,,,,,,,,,,,,,,,25,,,,,,0,,,,,,,,,,,,,,,,,,,,,,,,,,,,
2013-12-11,9VS3GFPB,ST31500341AS,1500301910016,0,,138967899,,,,,,,,22,,,,,,32875,,,,,,,,,,,,,,,,,,,,,,,,,,,,,,23,,,,,,0,,,,,,,,,,,,,,,,,,,,,,,,,,,,
2013-12-11,MJ0351YNG9WRJA,Hitachi HDS5C3030ALA630,3000592982016,0,,0,,,,,,,,0,,,,,,8873,,,,,,,,,,,,,,,,,,,,,,,,,,,,,,27,,,,,,0,,,,,,,,,,,,,,,,,,,,,,,,,,,,
2013-12-11,PL1311LAG2B9SH,Hitachi HDS5C4040ALE630,4000787030016,0,,0,,,,,,,,0,,,,,,7385,,,,,,,,,,,,,,,,,,,,,,,,,,,,,,26,,,,,,0,,,,,,,,,,,,,,,,,,,,,,,,,,,,
2013-12-11,6XW03AXY,ST31500541AS,1500301910016,0,,237710810,,,,,,,,0,,,,,,36912,,,,,,,,,,,,,,,,,,,,,,,,,,,,,,24,,,,,,0,,,,,,,,,,,,,,,,,,,,,,,,,,,,
2013-12-11,MJ0351YNGA64VA,Hitachi HDS5C3030ALA630,3000592982016,0,,0,,,,,,,,0,,,,,,8883,,,,,,,,,,,,,,,,,,,,,,,,,,,,,,32,,,,,,0,,,,,,,,,,,,,,,,,,,,,,,,,,,,
2013-12-11,Z1Z059JT,ST4000DX000,4000787030016,0,,74914646,,,,,,,,0,,,,,,5379,,,,,,,,,,,,,,,,,,,,,,,,,,,,,,22,,,,,,0,,,,,,,,,,,,,,,,,,,,,,,,,,,,
2013-12-11,PL1311LAG13Z8A,Hitachi HDS5C4040ALE630,4000787030016,0,,0,,,,,,,,0,,,,,,4236,,,,,,,,,,,,,,,,,,,,,,,,,,,,,,26,,,,,,0,,,,,,,,,,,,,,,,,,,,,,,,,,,,
2013-12-11,MJ1321YNG0LMUA,Hitachi HDS5C3030ALA630,3000592982016,0,,196609,,,,,,,,0,,,,,,20507,,,,,,,,,,,,,,,,,,,,,,,,,,,,,,24,,,,,,0,,,,,,,,,,,,,,,,,,,,,,,,,,,,
2013-12-11,MJ1311YNG7LTAA,Hitachi HDS5C3030ALA630,3000592982016,0,,0,,,,,,,,0,,,,,,14288,,,,,,,,,,,,,,,,,,,,,,,,,,,,,,31,,,,,,0,,,,,,,,,,,,,,,,,,,,,,,,,,,,
2013-12-11,MJ1311YNG7G80A,Hitachi HDS5C3030ALA630,3000592982016,0,,0,,,,,,,,0,,,,,,14624,,,,,,,,,,,,,,,,,,,,,,,,,,,,,,26,,,,,,0,,,,,,,,,,,,,,,,,,,,,,,,,,,,
2013-12-11,MJ1311YNG08PLA,Hitachi HDS5C3030ALA630,3000592982016,0,,0,,,,,,,,0,,,,,,18573,,,,,,,,,,,,,,,,,,,,,,,,,,,,,,27,,,,,,0,,,,,,,,,,,,,,,,,,,,,,,,,,,,
2013-12-11,MJ0351YNG9WU5A,Hitachi HDS5C3030ALA630,3000592982016,0,,0,,,,,,,,0,,,,,,9772,,,,,,,,,,,,,,,,,,,,,,,,,,,,,,29,,,,,,0,,,,,,,,,,,,,,,,,,,,,,,,,,,,
2013-12-11,MJ0351YNGAD53A,Hitachi HDS5C3030ALA630,3000592982016,0,,0,,,,,,,,0,,,,,,7975,,,,,,,,,,,,,,,,,,,,,,,,,,,,,,28,,,,,,0,,,,,,,,,,,,,,,,,,,,,,,,,,,,
2013-12-11,MJ1311YNG02WVA,Hitachi HDS5C3030ALA630,3000592982016,0,,14,,,,,,,,0,,,,,,20732,,,,,,,,,,,,,,,,,,,,,,,,,,,,,,23,,,,,,0,,,,,,,,,,,,,,,,,,,,,,,,,,,,
2013-12-11,S1F0HCCR,ST3000DM001,3000592982016,0,,158980328,,,,,,,,0,,,,,,12176,,,,,,,,,,,,,,,,,,,,,,,,,,,,,,31,,,,,,0,,,,,,,,,,,,,,,,,,,,,,,,,,,,
2013-12-11,Z300XGLW,ST4000DM000,4000787030016,0,,184228928,,,,,,,,0,,,,,,923,,,,,,,,,,,,,,,,,,,,,,,,,,,,,,22,,,,,,0,,,,,,,,,,,,,,,,,,,,,,,,,,,,
2013-12-11,9XW01SDK,ST31500541AS,1500301910016,0,,41586294,,,,,,,,0,,,,,,34199,,,,,,,,,,,,,,,,,,,,,,,,,,,,,,19,,,,,,0,,,,,,,,,,,,,,,,,,,,,,,,,,,,
2013-12-11,PL2311LAG1PMDC,Hitachi HDS5C4040ALE630,4000787030016,0,,0,,,,,,,,0,,,,,,7459,,,,,,,,,,,,,,,,,,,,,,,,,,,,,,25,,,,,,0,,,,,,,,,,,,,,,,,,,,,,,,,,,,
2013-12-11,JK11A8B9J7P2KF,Hitachi HDS722020ALA330,2000398934016,0,,0,,,,,,,,0,,,,,,26004,,,,,,,,,,,,,,,,,,,,,,,,,,,,,,27,,,,,,0,,,,,,,,,,,,,,,,,,,,,,,,,,,,
2013-12-11,6XW03AX6,ST31500541AS,1500301910016,0,,109109578,,,,,,,,0,,,,,,36955,,,,,,,,,,,,,,,,,,,,,,,,,,,,,,22,,,,,,0,,,,,,,,,,,,,,,,,,,,,,,,,,,,
2013-12-11,W300BN84,ST4000DM000,4000787030016,0,,182660776,,,,,,,,0,,,,,,3611,,,,,,,,,,,,,,,,,,,,,,,,,,,,,,23,,,,,,0,,,,,,,,,,,,,,,,,,,,,,,,,,,,
2013-12-11,W300BN85,ST4000DM000,4000787030016,0,,72290328,,,,,,,,0,,,,,,4160,,,,,,,,,,,,,,,,,,,,,,,,,,,,,,24,,,,,,0,,,,,,,,,,,,,,,,,,,,,,,,,,,,
2013-12-11,6XW03AX3,ST31500541AS,1500301910016,0,,155553660,,,,,,,,0,,,,,,36067,,,,,,,,,,,,,,,,,,,,,,,,,,,,,,21,,,,,,0,,,,,,,,,,,,,,,,,,,,,,,,,,,,
2013-12-11,PL1321LAG35RLH,Hitachi HDS5C4040ALE630,4000787030016,0,,0,,,,,,,,0,,,,,,5958,,,,,,,,,,,,,,,,,,,,,,,,,,,,,,25,,,,,,0,,,,,,,,,,,,,,,,,,,,,,,,,,,,
2013-12-11,6XW02XJB,ST31500541AS,1500301910016,0,,126998635,,,,,,,,0,,,,,,36441,,,,,,,,,,,,,,,,,,,,,,,,,,,,,,20,,,,,,0,,,,,,,,,,,,,,,,,,,,,,,,,,,,
2013-12-11,Z290V7GG,ST33000651AS,3000592982016,0,,60042097,,,,,,,,0,,,,,,17051,,,,,,,,,,,,,,,,,,,,,,,,,,,,,,22,,,,,,0,,,,,,,,,,,,,,,,,,,,,,,,,,,,
2013-12-11,JK1105B8G8JUJX,Hitachi HDS722020ALA330,2000398934016,0,,65536,,,,,,,,0,,,,,,26766,,,,,,,,,,,,,,,,,,,,,,,,,,,,,,23,,,,,,0,,,,,,,,,,,,,,,,,,,,,,,,,,,,
2013-12-11,MJ1323YNG1JA7C,Hitachi HDS5C3030ALA630,3000592982016,0,,0,,,,,,,,0,,,,,,19744,,,,,,,,,,,,,,,,,,,,,,,,,,,,,,26,,,,,,0,,,,,,,,,,,,,,,,,,,,,,,,,,,,
2013-12-11,MJ0351YNG9W4AA,Hitachi HDS5C3030ALA630,3000592982016,0,,0,,,,,,,,0,,,,,,9986,,,,,,,,,,,,,,,,,,,,,,,,,,,,,,28,,,,,,0,,,,,,,,,,,,,,,,,,,,,,,,,,,,
2013-12-11,WD-WCAU45242499,WDC WD10EADS,1000204886016,0,,5,,,,,,,,0,,,,,,41369,,,,,,,,,,,,,,,,,,,,,,,,,,,,,,26,,,,,,0,,,,,,,,,,,,,,,,,,,,,,,,,,,,
2013-12-11,W1F1CHY9,ST3000DM001,3000592982016,0,,28619664,,,,,,,,0,,,,,,8206,,,,,,,,,,,,,,,,,,,,,,,,,,,,,,27,,,,,,0,,,,,,,,,,,,,,,,,,,,,,,,,,,,
2013-12-11,JK11A8B9J8Y8HF,Hitachi HDS722020ALA330,2000398934016,0,,2,,,,,,,,0,,,,,,25539,,,,,,,,,,,,,,,,,,,,,,,,,,,,,,26,,,,,,0,,,,,,,,,,,,,,,,,,,,,,,,,,,,
2013-12-11,W1F0X6VJ,ST3000DM001,3000592982016,0,,192034360,,,,,,,,0,,,,,,11638,,,,,,,,,,,,,,,,,,,,,,,,,,,,,,27,,,,,,0,,,,,,,,,,,,,,,,,,,,,,,,,,,,
2013-12-11,JK11A8B9HZ1G8F,Hitachi HDS722020ALA330,2000398934016,0,,0,,,,,,,,0,,,,,,23107,,,,,,,,,,,,,,,,,,,,,,,,,,,,,,26,,,,,,0,,,,,,,,,,,,,,,,,,,,,,,,,,,,
2013-12-11,MK0311YHGEJV2A,Hitachi HDS723030ALA640,3000592982016,0,,65537,,,,,,,,0,,,,,,17011,,,,,,,,,,,,,,,,,,,,,,,,,,,,,,32,,,,,,0,,,,,,,,,,,,,,,,,,,,,,,,,,,,
2013-12-11,W1F0X6V8,ST3000DM001,3000592982016,0,,164261720,,,,,,,,0,,,,,,10835,,,,,,,,,,,,,,,,,,,,,,,,,,,,,,30,,,,,,0,,,,,,,,,,,,,,,,,,,,,,,,,,,,
2013-12-11,MJ1311YNG348ZA,Hitachi HDS5C3030ALA630,3000592982016,0,,0,,,,,,,,0,,,,,,19617,,,,,,,,,,,,,,,,,,,,,,,,,,,,,,26,,,,,,0,,,,,,,,,,,,,,,,,,,,,,,,,,,,
2013-12-11,W1F0X6V0,ST3000DM001,3000592982016,0,,176903024,,,,,,,,0,,,,,,11688,,,,,,,,,,,,,,,,,,,,,,,,,,,,,,25,,,,,,0,,,,,,,,,,,,,,,,,,,,,,,,,,,,
2013-12-11,9VS39425,ST31500341AS,1500301910016,0,,191386917,,,,,,,,470,,,,,,32908,,,,,,,,,,,,,,,,,,,,,,,,,,,,,,22,,,,,,0,,,,,,,,,,,,,,,,,,,,,,,,,,,,
2013-12-11,Z300JBCR,ST4000DM000,4000787030016,0,,219290880,,,,,,,,0,,,,,,2219,,,,,,,,,,,,,,,,,,,,,,,,,,,,,,26,,,,,,0,,,,,,,,,,,,,,,,,,,,,,,,,,,,
2013-12-11,MJ1323YNG1U95C,Hitachi HDS5C3030ALA630,3000592982016,0,,131073,,,,,,,,0,,,,,,19310,,,,,,,,,,,,,,,,,,,,,,,,,,,,,,26,,,,,,0,,,,,,,,,,,,,,,,,,,,,,,,,,,,
2013-12-11,Z2906HB0,ST33000651AS,3000592982016,0,,117332025,,,,,,,,0,,,,,,17739,,,,,,,,,,,,,,,,,,,,,,,,,,,,,,23,,,,,,0,,,,,,,,,,,,,,,,,,,,,,,,,,,,
2013-12-11,Z300JE88,ST4000DM000,4000787030016,0,,115682104,,,,,,,,0,,,,,,2217,,,,,,,,,,,,,,,,,,,,,,,,,,,,,,20,,,,,,0,,,,,,,,,,,,,,,,,,,,,,,,,,,,
2013-12-11,S1F04C4B,ST3000DM001,3000592982016,0,,172170240,,,,,,,,0,,,,,,16200,,,,,,,,,,,,,,,,,,,,,,,,,,,,,,27,,,,,,0,,,,,,,,,,,,,,,,,,,,,,,,,,,,
2013-12-11,W1F08VMY,ST3000DM001,3000592982016,0,,190113040,,,,,,,,0,,,,,,15190,,,,,,,,,,,,,,,,,,,,,,,,,,,,,,25,,,,,,0,,,,,,,,,,,,,,,,,,,,,,,,,,,,
2013-12-11,WD-WCAU45242723,WDC WD10EADS,1000204886016,0,,2,,,,,,,,0,,,,,,41343,,,,,,,,,,,,,,,,,,,,,,,,,,,,,,26,,,,,,0,,,,,,,,,,,,,,,,,,,,,,,,,,,,
2013-12-11,MJ1311YNG5ABEA,Hitachi HDS5C3030ALA630,3000592982016,0,,0,,,,,,,,0,,,,,,14330,,,,,,,,,,,,,,,,,,,,,,,,,,,,,,34,,,,,,0,,,,,,,,,,,,,,,,,,,,,,,,,,,,
2013-12-11,MJ1313YNG512YC,Hitachi HDS5C3030ALA630,3000592982016,0,,0,,,,,,,,0,,,,,,5181,,,,,,,,,,,,,,,,,,,,,,,,,,,,,,25,,,,,,0,,,,,,,,,,,,,,,,,,,,,,,,,,,,
2013-12-11,MK0331YHGLGTWA,Hitachi HDS723030ALA640,3000592982016,0,,0,,,,,,,,0,,,,,,17033,,,,,,,,,,,,,,,,,,,,,,,,,,,,,,27,,,,,,0,,,,,,,,,,,,,,,,,,,,,,,,,,,,
2013-12-11,W1F08VMD,ST3000DM001,3000592982016,0,,39406256,,,,,,,,0,,,,,,16148,,,,,,,,,,,,,,,,,,,,,,,,,,,,,,19,,,,,,8,,,,,,,,,,,,,,,,,,,,,,,,,,,,
2013-12-11,6XW01WWS,ST31500541AS,1500301910016,0,,834284,,,,,,,,0,,,,,,36070,,,,,,,,,,,,,,,,,,,,,,,,,,,,,,18,,,,,,0,,,,,,,,,,,,,,,,,,,,,,,,,,,,
2013-12-11,6XW060VQ,ST31500541AS,1500301910016,0,,14413516,,,,,,,,0,,,,,,36953,,,,,,,,,,,,,,,,,,,,,,,,,,,,,,21,,,,,,0,,,,,,,,,,,,,,,,,,,,,,,,,,,,
2013-12-11,WD-WCAU45640580,WDC WD10EADS,1000204886016,0,,0,,,,,,,,0,,,,,,41139,,,,,,,,,,,,,,,,,,,,,,,,,,,,,,23,,,,,,0,,,,,,,,,,,,,,,,,,,,,,,,,,,,
2013-12-11,PL1321LAG35XRH,Hitachi HDS5C4040ALE630,4000787030016,0,,0,,,,,,,,0,,,,,,5069,,,,,,,,,,,,,,,,,,,,,,,,,,,,,,25,,,,,,0,,,,,,,,,,,,,,,,,,,,,,,,,,,,
2013-12-11,WD-WMC1T0033901,WDC WD30EFRX,3000592982016,0,,0,,,,,,,,0,,,,,,8840,,,,,,,,,,,,,,,,,,,,,,,,,,,,,,28,,,,,,0,,,,,,,,,,,,,,,,,,,,,,,,,,,,
2013-12-11,PL2321LAGAS6EJ,Hitachi HDS5C4040ALE630,4000787030016,0,,0,,,,,,,,0,,,,,,5071,,,,,,,,,,,,,,,,,,,,,,,,,,,,,,32,,,,,,0,,,,,,,,,,,,,,,,,,,,,,,,,,,,
2013-12-11,MJ0351YNG9W5MA,Hitachi HDS5C3030ALA630,3000592982016,0,,0,,,,,,,,0,,,,,,9986,,,,,,,,,,,,,,,,,,,,,,,,,,,,,,28,,,,,,0,,,,,,,,,,,,,,,,,,,,,,,,,,,,
2013-12-11,WD-WCAU47197121,WDC WD10EADS,1000204886016,0,,40,,,,,,,,0,,,,,,40868,,,,,,,,,,,,,,,,,,,,,,,,,,,,,,31,,,,,,0,,,,,,,,,,,,,,,,,,,,,,,,,,,,
2013-12-11,WD-WCAU45522272,WDC WD10EADS,1000204886016,0,,16,,,,,,,,0,,,,,,38944,,,,,,,,,,,,,,,,,,,,,,,,,,,,,,29,,,,,,0,,,,,,,,,,,,,,,,,,,,,,,,,,,,
2013-12-11,JK1171YBK1N01F,Hitachi HDS722020ALA330,2000398934016,0,,0,,,,,,,,0,,,,,,29912,,,,,,,,,,,,,,,,,,,,,,,,,,,,,,28,,,,,,0,,,,,,,,,,,,,,,,,,,,,,,,,,,,
2013-12-11,MJ1311YNG4PM4A,Hitachi HDS5C3030ALA630,3000592982016,0,,0,,,,,,,,0,,,,,,14685,,,,,,,,,,,,,,,,,,,,,,,,,,,,,,20,,,,,,0,,,,,,,,,,,,,,,,,,,,,,,,,,,,
2013-12-11,WD-WCAWZ1093968,WDC WD30EZRX,3000592982016,0,,0,,,,,,,,0,,,,,,16992,,,,,,,,,,,,,,,,,,,,,,,,,,,,,,20,,,,,,0,,,,,,,,,,,,,,,,,,,,,,,,,,,,
2013-12-11,S1F0G9ZF,ST3000DM001,3000592982016,0,,208848480,,,,,,,,0,,,,,,11722,,,,,,,,,,,,,,,,,,,,,,,,,,,,,,24,,,,,,0,,,,,,,,,,,,,,,,,,,,,,,,,,,,
2013-12-11,Z1F06GTQ,ST3000DM001,3000592982016,0,,81355208,,,,,,,,0,,,,,,14734,,,,,,,,,,,,,,,,,,,,,,,,,,,,,,21,,,,,,0,,,,,,,,,,,,,,,,,,,,,,,,,,,,
2013-12-11,S1F0374V,ST3000DM001,3000592982016,0,,15801968,,,,,,,,0,,,,,,15248,,,,,,,,,,,,,,,,,,,,,,,,,,,,,,21,,,,,,0,,,,,,,,,,,,,,,,,,,,,,,,,,,,
2013-12-11,JK1105B8GY1P3X,Hitachi HDS722020ALA330,2000398934016,0,,65536,,,,,,,,0,,,,,,8890,,,,,,,,,,,,,,,,,,,,,,,,,,,,,,23,,,,,,0,,,,,,,,,,,,,,,,,,,,,,,,,,,,
2013-12-11,JK11A8B9J787BF,Hitachi HDS722020ALA330,2000398934016,0,,196609,,,,,,,,0,,,,,,24665,,,,,,,,,,,,,,,,,,,,,,,,,,,,,,26,,,,,,0,,,,,,,,,,,,,,,,,,,,,,,,,,,,
2013-12-11,PL1321LAG33YNH,Hitachi HDS5C4040ALE630,4000787030016,0,,0,,,,,,,,0,,,,,,5961,,,,,,,,,,,,,,,,,,,,,,,,,,,,,,18,,,,,,0,,,,,,,,,,,,,,,,,,,,,,,,,,,,
2013-12-11,MK0311YHGK63MA,Hitachi HDS723030ALA640,3000592982016,0,,0,,,,,,,,0,,,,,,21460,,,,,,,,,,,,,,,,,,,,,,,,,,,,,,27,,,,,,0,,,,,,,,,,,,,,,,,,,,,,,,,,,,
2013-12-11,PL2311LAG1THTC,Hitachi HDS5C4040ALE630,4000787030016,0,,0,,,,,,,,0,,,,,,7402,,,,,,,,,,,,,,,,,,,,,,,,,,,,,,25,,,,,,0,,,,,,,,,,,,,,,,,,,,,,,,,,,,
2013-12-11,Z1F02L0K,ST3000DM001,3000592982016,0,,240633736,,,,,,,,0,,,,,,2872,,,,,,,,,,,,,,,,,,,,,,,,,,,,,,25,,,,,,0,,,,,,,,,,,,,,,,,,,,,,,,,,,,
2013-12-11,MJ0351YNG9YVBA,Hitachi HDS5C3030ALA630,3000592982016,0,,0,,,,,,,,0,,,,,,9972,,,,,,,,,,,,,,,,,,,,,,,,,,,,,,27,,,,,,0,,,,,,,,,,,,,,,,,,,,,,,,,,,,
2013-12-11,Z300GPE6,ST4000DM000,4000787030016,0,,92894384,,,,,,,,0,,,,,,3582,,,,,,,,,,,,,,,,,,,,,,,,,,,,,,23,,,,,,0,,,,,,,,,,,,,,,,,,,,,,,,,,,,
2013-12-11,MJ1311YNG7DG4A,Hitachi HDS5C3030ALA630,3000592982016,0,,0,,,,,,,,0,,,,,,14310,,,,,,,,,,,,,,,,,,,,,,,,,,,,,,22,,,,,,0,,,,,,,,,,,,,,,,,,,,,,,,,,,,
2013-12-11,MK0303YHG98HAC,Hitachi HDS723030ALA640,3000592982016,0,,262144,,,,,,,,0,,,,,,16735,,,,,,,,,,,,,,,,,,,,,,,,,,,,,,29,,,,,,0,,,,,,,,,,,,,,,,,,,,,,,,,,,,
2013-12-11,JK1101B9KMW2UF,Hitachi HDS722020ALA330,2000398934016,0,,65536,,,,,,,,213,,,,,,23099,,,,,,,,,,,,,,,,,,,,,,,,,,,,,,26,,,,,,0,,,,,,,,,,,,,,,,,,,,,,,,,,,,
2013-12-11,JK1101B9JJNKMF,Hitachi HDS722020ALA330,2000398934016,0,,65536,,,,,,,,0,,,,,,24462,,,,,,,,,,,,,,,,,,,,,,,,,,,,,,28,,,,,,0,,,,,,,,,,,,,,,,,,,,,,,,,,,,
2013-12-11,MJ1311YNG3K1DA,Hitachi HDS5C3030ALA630,3000592982016,0,,0,,,,,,,,0,,,,,,18939,,,,,,,,,,,,,,,,,,,,,,,,,,,,,,27,,,,,,0,,,,,,,,,,,,,,,,,,,,,,,,,,,,
2013-12-11,6XW03C12,ST31500541AS,1500301910016,0,,155055674,,,,,,,,0,,,,,,36938,,,,,,,,,,,,,,,,,,,,,,,,,,,,,,23,,,,,,0,,,,,,,,,,,,,,,,,,,,,,,,,,,,
2013-12-11,W300K1XK,ST4000DM000,4000787030016,0,,176087656,,,,,,,,0,,,,,,919,,,,,,,,,,,,,,,,,,,,,,,,,,,,,,18,,,,,,0,,,,,,,,,,,,,,,,,,,,,,,,,,,,
2013-12-11,Z1Z0279D,ST4000DX000,4000787030016,0,,37685792,,,,,,,,0,,,,,,7131,,,,,,,,,,,,,,,,,,,,,,,,,,,,,,37,,,,,,0,,,,,,,,,,,,,,,,,,,,,,,,,,,,
2013-12-11,JK1171YBK1U32F,Hitachi HDS722020ALA330,2000398934016,0,,0,,,,,,,,0,,,,,,29914,,,,,,,,,,,,,,,,,,,,,,,,,,,,,,27,,,,,,0,,,,,,,,,,,,,,,,,,,,,,,,,,,,
2013-12-11,Z300PAB6,ST4000DM000,4000787030016,0,,59250480,,,,,,,,0,,,,,,1450,,,,,,,,,,,,,,,,,,,,,,,,,,,,,,23,,,,,,0,,,,,,,,,,,,,,,,,,,,,,,,,,,,
2013-12-11,Z300PAB7,ST4000DM000,4000787030016,0,,206551560,,,,,,,,0,,,,,,1225,,,,,,,,,,,,,,,,,,,,,,,,,,,,,,21,,,,,,0,,,,,,,,,,,,,,,,,,,,,,,,,,,,
2013-12-11,PL2321LAGAS7AJ,Hitachi HDS5C4040ALE630,4000787030016,0,,0,,,,,,,,0,,,,,,2980,,,,,,,,,,,,,,,,,,,,,,,,,,,,,,23,,,,,,0,,,,,,,,,,,,,,,,,,,,,,,,,,,,
2013-12-11,S1F02M1W,ST3000DM001,3000592982016,0,,13533328,,,,,,,,0,,,,,,15457,,,,,,,,,,,,,,,,,,,,,,,,,,,,,,21,,,,,,0,,,,,,,,,,,,,,,,,,,,,,,,,,,,
2013-12-11,MJ0351YNG9Y04A,Hitachi HDS5C3030ALA630,3000592982016,0,,0,,,,,,,,0,,,,,,8659,,,,,,,,,,,,,,,,,,,,,,,,,,,,,,29,,,,,,0,,,,,,,,,,,,,,,,,,,,,,,,,,,,
2013-12-11,Z290TPBR,ST33000651AS,3000592982016,0,,61159876,,,,,,,,0,,,,,,15915,,,,,,,,,,,,,,,,,,,,,,,,,,,,,,27,,,,,,0,,,,,,,,,,,,,,,,,,,,,,,,,,,,
2013-12-11,W1F0HR3T,ST3000DM001,3000592982016,0,,40961976,,,,,,,,0,,,,,,11755,,,,,,,,,,,,,,,,,,,,,,,,,,,,,,28,,,,,,0,,,,,,,,,,,,,,,,,,,,,,,,,,,,
2013-12-11,Z300GPEY,ST4000DM000,4000787030016,0,,129895400,,,,,,,,0,,,,,,3580,,,,,,,,,,,,,,,,,,,,,,,,,,,,,,24,,,,,,0,,,,,,,,,,,,,,,,,,,,,,,,,,,,
2013-12-11,Z300GPEW,ST4000DM000,4000787030016,0,,51637528,,,,,,,,0,,,,,,3583,,,,,,,,,,,,,,,,,,,,,,,,,,,,,,25,,,,,,0,,,,,,,,,,,,,,,,,,,,,,,,,,,,
2013-12-11,MK0313YHGD774C,Hitachi HDS723030ALA640,3000592982016,0,,0,,,,,,,,0,,,,,,18088,,,,,,,,,,,,,,,,,,,,,,,,,,,,,,29,,,,,,0,,,,,,,,,,,,,,,,,,,,,,,,,,,,
2013-12-11,PL1311LAG3EENH,Hitachi HDS5C4040ALE630,4000787030016,0,,0,,,,,,,,0,,,,,,3631,,,,,,,,,,,,,,,,,,,,,,,,,,,,,,28,,,,,,0,,,,,,,,,,,,,,,,,,,,,,,,,,,,
2013-12-11,S1F0L0DW,ST3000DM001,3000592982016,0,,140059040,,,,,,,,0,,,,,,12023,,,,,,,,,,,,,,,,,,,,,,,,,,,,,,29,,,,,,0,,,,,,,,,,,,,,,,,,,,,,,,,,,,
2013-12-11,MK0331YHGLMW5A,Hitachi HDS723030ALA640,3000592982016,0,,0,,,,,,,,0,,,,,,17358,,,,,,,,,,,,,,,,,,,,,,,,,,,,,,26,,,,,,0,,,,,,,,,,,,,,,,,,,,,,,,,,,,
2013-12-11,Z300GQ9L,ST4000DM000,4000787030016,0,,32664584,,,,,,,,0,,,,,,3583,,,,,,,,,,,,,,,,,,,,,,,,,,,,,,23,,,,,,0,,,,,,,,,,,,,,,,,,,,,,,,,,,,
2013-12-11,PL1311LAG3B61H,Hitachi HDS5C4040ALE630,4000787030016,0,,0,,,,,,,,0,,,,,,5962,,,,,,,,,,,,,,,,,,,,,,,,,,,,,,22,,,,,,0,,,,,,,,,,,,,,,,,,,,,,,,,,,,
2013-12-11,JK11A8B9J82W5F,Hitachi HDS722020ALA330,2000398934016,0,,0,,,,,,,,0,,,,,,26027,,,,,,,,,,,,,,,,,,,,,,,,,,,,,,29,,,,,,0,,,,,,,,,,,,,,,,,,,,,,,,,,,,
2013-12-11,W1F0RXZ2,ST3000DM001,3000592982016,0,,197309368,,,,,,,,0,,,,,,11025,,,,,,,,,,,,,,,,,,,,,,,,,,,,,,26,,,,,,0,,,,,,,,,,,,,,,,,,,,,,,,,,,,
2013-12-11,6XW0DYH0,ST320005XXXX,2000398934016,0,,207106246,,,,,,,,0,,,,,,30156,,,,,,,,,,,,,,,,,,,,,,,,,,,,,,19,,,,,,0,,,,,,,,,,,,,,,,,,,,,,,,,,,,
2013-12-11,Z300GQ9T,ST4000DM000,4000787030016,0,,223655096,,,,,,,,0,,,,,,3583,,,,,,,,,,,,,,,,,,,,,,,,,,,,,,22,,,,,,0,,,,,,,,,,,,,,,,,,,,,,,,,,,,
2013-12-11,9VS3JZKQ,ST31500341AS,1500301910016,0,,150244487,,,,,,,,39,,,,,,32919,,,,,,,,,,,,,,,,,,,,,,,,,,,,,,24,,,,,,0,,,,,,,,,,,,,,,,,,,,,,,,,,,,
2013-12-11,Z300GQ9R,ST4000DM000,4000787030016,0,,102981504,,,,,,,,0,,,,,,3584,,,,,,,,,,,,,,,,,,,,,,,,,,,,,,25,,,,,,0,,,,,,,,,,,,,,,,,,,,,,,,,,,,
2013-12-11,W3006LZF,ST4000DM000,4000787030016,0,,86526072,,,,,,,,0,,,,,,2875,,,,,,,,,,,,,,,,,,,,,,,,,,,,,,21,,,,,,0,,,,,,,,,,,,,,,,,,,,,,,,,,,,
2013-12-11,W3009ZN1,ST4000DM000,4000787030016,0,,227325504,,,,,,,,0,,,,,,4140,,,,,,,,,,,,,,,,,,,,,,,,,,,,,,23,,,,,,0,,,,,,,,,,,,,,,,,,,,,,,,,,,,
2013-12-11,5XW0AD46,ST31500541AS,1500301910016,0,,86364852,,,,,,,,80,,,,,,33256,,,,,,,,,,,,,,,,,,,,,,,,,,,,,,22,,,,,,0,,,,,,,,,,,,,,,,,,,,,,,,,,,,
2013-12-11,MJ1311YNG56L7A,Hitachi HDS5C3030ALA630,3000592982016,0,,0,,,,,,,,0,,,,,,14621,,,,,,,,,,,,,,,,,,,,,,,,,,,,,,22,,,,,,0,,,,,,,,,,,,,,,,,,,,,,,,,,,,
2013-12-11,6XW0W1LH,ST31500541AS,1500301910016,0,,31825385,,,,,,,,1324,,,,,,34166,,,,,,,,,,,,,,,,,,,,,,,,,,,,,,21,,,,,,0,,,,,,,,,,,,,,,,,,,,,,,,,,,,
2013-12-11,WD-WMC1T1610879,WDC WD30EFRX,3000592982016,0,,0,,,,,,,,0,,,,,,7709,,,,,,,,,,,,,,,,,,,,,,,,,,,,,,27,,,,,,0,,,,,,,,,,,,,,,,,,,,,,,,,,,,
2013-12-11,MJ1321YNG0PJBA,Hitachi HDS5C3030ALA630,3000592982016,0,,65536,,,,,,,,0,,,,,,20507,,,,,,,,,,,,,,,,,,,,,,,,,,,,,,27,,,,,,0,,,,,,,,,,,,,,,,,,,,,,,,,,,,
2013-12-11,MJ1311YNG37BBA,Hitachi HDS5C3030ALA630,3000592982016,0,,0,,,,,,,,0,,,,,,18065,,,,,,,,,,,,,,,,,,,,,,,,,,,,,,29,,,,,,0,,,,,,,,,,,,,,,,,,,,,,,,,,,,
2013-12-11,JK11A8B9J9295F,Hitachi HDS722020ALA330,2000398934016,0,,0,,,,,,,,0,,,,,,24468,,,,,,,,,,,,,,,,,,,,,,,,,,,,,,27,,,,,,0,,,,,,,,,,,,,,,,,,,,,,,,,,,,
2013-12-11,JK1171YBK1N1MF,Hitachi HDS722020ALA330,2000398934016,0,,0,,,,,,,,0,,,,,,29915,,,,,,,,,,,,,,,,,,,,,,,,,,,,,,24,,,,,,0,,,,,,,,,,,,,,,,,,,,,,,,,,,,
2013-12-11,PL1311LAG20L9A,Hitachi HDS5C4040ALE630,4000787030016,0,,0,,,,,,,,0,,,,,,7452,,,,,,,,,,,,,,,,,,,,,,,,,,,,,,23,,,,,,0,,,,,,,,,,,,,,,,,,,,,,,,,,,,
2013-12-11,PL1331LAG8YR0H,Hitachi HDS5C4040ALE630,4000787030016,0,,0,,,,,,,,0,,,,,,2981,,,,,,,,,,,,,,,,,,,,,,,,,,,,,,27,,,,,,0,,,,,,,,,,,,,,,,,,,,,,,,,,,,
2013-12-11,JK11A8B9J75KDF,Hitachi HDS722020ALA330,2000398934016,0,,0,,,,,,,,0,,,,,,22697,,,,,,,,,,,,,,,,,,,,,,,,,,,,,,29,,,,,,0,,,,,,,,,,,,,,,,,,,,,,,,,,,,
2013-12-11,W30075JK,ST4000DM000,4000787030016,0,,234734696,,,,,,,,0,,,,,,4160,,,,,,,,,,,,,,,,,,,,,,,,,,,,,,22,,,,,,0,,,,,,,,,,,,,,,,,,,,,,,,,,,,
2013-12-11,9VS10SFH,ST31500341AS,1500301910016,0,,77507896,,,,,,,,294,,,,,,14287,,,,,,,,,,,,,,,,,,,,,,,,,,,,,,27,,,,,,0,,,,,,,,,,,,,,,,,,,,,,,,,,,,
2013-12-11,S1F1327G,ST3000DM001,3000592982016,0,,226882688,,,,,,,,0,,,,,,8163,,,,,,,,,,,,,,,,,,,,,,,,,,,,,,29,,,,,,0,,,,,,,,,,,,,,,,,,,,,,,,,,,,
2013-12-11,MJ1321YNG0B8NA,Hitachi HDS5C3030ALA630,3000592982016,0,,4259840,,,,,,,,0,,,,,,20507,,,,,,,,,,,,,,,,,,,,,,,,,,,,,,23,,,,,,0,,,,,,,,,,,,,,,,,,,,,,,,,,,,
2013-12-11,MJ0351YNGA27YA,Hitachi HDS5C3030ALA630,3000592982016,0,,0,,,,,,,,0,,,,,,9941,,,,,,,,,,,,,,,,,,,,,,,,,,,,,,25,,,,,,0,,,,,,,,,,,,,,,,,,,,,,,,,,,,
2013-12-11,JK1101B9KM11XF,Hitachi HDS722020ALA330,2000398934016,0,,0,,,,,,,,0,,,,,,22861,,,,,,,,,,,,,,,,,,,,,,,,,,,,,,26,,,,,,0,,,,,,,,,,,,,,,,,,,,,,,,,,,,
2013-12-11,6XW0227J,ST31500541AS,1500301910016,0,,170743656,,,,,,,,21,,,,,,36070,,,,,,,,,,,,,,,,,,,,,,,,,,,,,,17,,,,,,0,,,,,,,,,,,,,,,,,,,,,,,,,,,,
2013-12-11,W1F0HNYN,ST3000DM001,3000592982016,0,,216363936,,,,,,,,0,,,,,,10942,,,,,,,,,,,,,,,,,,,,,,,,,,,,,,24,,,,,,0,,,,,,,,,,,,,,,,,,,,,,,,,,,,
2013-12-11,Z300GQ98,ST4000DM000,4000787030016,0,,139463472,,,,,,,,0,,,,,,3581,,,,,,,,,,,,,,,,,,,,,,,,,,,,,,24,,,,,,0,,,,,,,,,,,,,,,,,,,,,,,,,,,,
2013-12-11,MJ0351YNG9Z66A,Hitachi HDS5C3030ALA630,3000592982016,0,,0,,,,,,,,0,,,,,,9469,,,,,,,,,,,,,,,,,,,,,,,,,,,,,,26,,,,,,0,,,,,,,,,,,,,,,,,,,,,,,,,,,,
2013-12-11,9VS24XHH,ST31500341AS,1500301910016,0,,243243662,,,,,,,,1,,,,,,34085,,,,,,,,,,,,,,,,,,,,,,,,,,,,,,24,,,,,,0,,,,,,,,,,,,,,,,,,,,,,,,,,,,
2013-12-11,Z300GQ95,ST4000DM000,4000787030016,0,,3261944,,,,,,,,0,,,,,,3582,,,,,,,,,,,,,,,,,,,,,,,,,,,,,,23,,,,,,0,,,,,,,,,,,,,,,,,,,,,,,,,,,,
2013-12-11,Z300GQ93,ST4000DM000,4000787030016,0,,173077288,,,,,,,,0,,,,,,3621,,,,,,,,,,,,,,,,,,,,,,,,,,,,,,20,,,,,,0,,,,,,,,,,,,,,,,,,,,,,,,,,,,
2013-12-11,Z300GQ91,ST4000DM000,4000787030016,0,,112462304,,,,,,,,0,,,,,,2899,,,,,,,,,,,,,,,,,,,,,,,,,,,,,,28,,,,,,0,,,,,,,,,,,,,,,,,,,,,,,,,,,,
2013-12-11,JK11A8B9JR0XDF,Hitachi HDS722020ALA330,2000398934016,0,,0,,,,,,,,0,,,,,,23719,,,,,,,,,,,,,,,,,,,,,,,,,,,,,,25,,,,,,0,,,,,,,,,,,,,,,,,,,,,,,,,,,,
2013-12-11,WD-WCAWZ1147104,WDC WD30EZRX,3000592982016,0,,0,,,,,,,,0,,,,,,18018,,,,,,,,,,,,,,,,,,,,,,,,,,,,,,22,,,,,,0,,,,,,,,,,,,,,,,,,,,,,,,,,,,
2013-12-11,9VS1Q5GK,ST31500341AS,1500301910016,0,,97823387,,,,,,,,27,,,,,,40081,,,,,,,,,,,,,,,,,,,,,,,,,,,,,,25,,,,,,0,,,,,,,,,,,,,,,,,,,,,,,,,,,,
2013-12-11,W1F1CKKW,ST3000DM001,3000592982016,0,,12211320,,,,,,,,0,,,,,,8207,,,,,,,,,,,,,,,,,,,,,,,,,,,,,,26,,,,,,0,,,,,,,,,,,,,,,,,,,,,,,,,,,,
2013-12-11,MK0311YHGL3H3A,Hitachi HDS723030ALA640,3000592982016,0,,0,,,,,,,,84,,,,,,21460,,,,,,,,,,,,,,,,,,,,,,,,,,,,,,28,,,,,,0,,,,,,,,,,,,,,,,,,,,,,,,,,,,
2013-12-11,PL2311LAG1N1BC,Hitachi HDS5C4040ALE630,4000787030016,0,,0,,,,,,,,0,,,,,,7402,,,,,,,,,,,,,,,,,,,,,,,,,,,,,,26,,,,,,0,,,,,,,,,,,,,,,,,,,,,,,,,,,,
2013-12-11,S1F0QYFC,ST3000DM001,3000592982016,0,,74869928,,,,,,,,0,,,,,,11673,,,,,,,,,,,,,,,,,,,,,,,,,,,,,,26,,,,,,0,,,,,,,,,,,,,,,,,,,,,,,,,,,,
2013-12-11,JK11A5B8J1Y4JX,Hitachi HDS722020ALA330,2000398934016,0,,65544,,,,,,,,0,,,,,,23821,,,,,,,,,,,,,,,,,,,,,,,,,,,,,,25,,,,,,0,,,,,,,,,,,,,,,,,,,,,,,,,,,,
2013-12-11,MJ0351YNGA6M8A,Hitachi HDS5C3030ALA630,3000592982016,0,,0,,,,,,,,0,,,,,,8657,,,,,,,,,,,,,,,,,,,,,,,,,,,,,,29,,,,,,0,,,,,,,,,,,,,,,,,,,,,,,,,,,,
2013-12-11,S1F04BM9,ST3000DM001,3000592982016,0,,139760376,,,,,,,,0,,,,,,16190,,,,,,,,,,,,,,,,,,,,,,,,,,,,,,23,,,,,,0,,,,,,,,,,,,,,,,,,,,,,,,,,,,
2013-12-11,6XW0Z81Z,ST31500541AS,1500301910016,0,,85400284,,,,,,,,0,,,,,,25536,,,,,,,,,,,,,,,,,,,,,,,,,,,,,,20,,,,,,0,,,,,,,,,,,,,,,,,,,,,,,,,,,,
2013-12-11,JK11A8B9J40J6F,Hitachi HDS722020ALA330,2000398934016,0,,0,,,,,,,,0,,,,,,23544,,,,,,,,,,,,,,,,,,,,,,,,,,,,,,39,,,,,,0,,,,,,,,,,,,,,,,,,,,,,,,,,,,
2013-12-11,JK11A8B9J87X8F,Hitachi HDS722020ALA330,2000398934016,0,,0,,,,,,,,0,,,,,,26011,,,,,,,,,,,,,,,,,,,,,,,,,,,,,,28,,,,,,0,,,,,,,,,,,,,,,,,,,,,,,,,,,,
2013-12-11,JK1104B8JPDSYW,Hitachi HDS722020ALA330,2000398934016,0,,0,,,,,,,,0,,,,,,23992,,,,,,,,,,,,,,,,,,,,,,,,,,,,,,31,,,,,,0,,,,,,,,,,,,,,,,,,,,,,,,,,,,
2013-12-11,JK1101B9GKLJEF,Hitachi HDS722020ALA330,2000398934016,0,,0,,,,,,,,0,,,,,,26479,,,,,,,,,,,,,,,,,,,,,,,,,,,,,,28,,,,,,0,,,,,,,,,,,,,,,,,,,,,,,,,,,,
2013-12-11,MK0311YHG2AAHA,Hitachi HDS723030ALA640,3000592982016,0,,0,,,,,,,,0,,,,,,17035,,,,,,,,,,,,,,,,,,,,,,,,,,,,,,29,,,,,,0,,,,,,,,,,,,,,,,,,,,,,,,,,,,
2013-12-11,S1F0CVRM,ST3000DM001,3000592982016,0,,171880088,,,,,,,,8,,,,,,12366,,,,,,,,,,,,,,,,,,,,,,,,,,,,,,23,,,,,,0,,,,,,,,,,,,,,,,,,,,,,,,,,,,
2013-12-11,JK11A8B9J37SGF,Hitachi HDS722020ALA330,2000398934016,0,,0,,,,,,,,0,,,,,,24426,,,,,,,,,,,,,,,,,,,,,,,,,,,,,,30,,,,,,0,,,,,,,,,,,,,,,,,,,,,,,,,,,,
2013-12-11,W1F0H7TZ,ST3000DM001,3000592982016,0,,104709256,,,,,,,,0,,,,,,12180,,,,,,,,,,,,,,,,,,,,,,,,,,,,,,35,,,,,,0,,,,,,,,,,,,,,,,,,,,,,,,,,,,
2013-12-11,W1F095BA,ST3000DM001,3000592982016,1,,89298952,,,,,,,,4744,,,,,,13345,,,,,,,,,,,,,,,,,,,,,,,,,,,,,,29,,,,,,0,,,,,,,,,,,,,,,,,,,,,,,,,,,,
2013-12-11,PL1331LAGB4EVH,Hitachi HDS5C4040ALE630,4000787030016,0,,0,,,,,,,,0,,,,,,5072,,,,,,,,,,,,,,,,,,,,,,,,,,,,,,28,,,,,,0,,,,,,,,,,,,,,,,,,,,,,,,,,,,
2013-12-11,PL1311LAG1YTLA,Hitachi HDS5C4040ALE630,4000787030016,0,,0,,,,,,,,0,,,,,,6653,,,,,,,,,,,,,,,,,,,,,,,,,,,,,,25,,,,,,0,,,,,,,,,,,,,,,,,,,,,,,,,,,,
2013-12-11,MJ1311YNG3E7KA,Hitachi HDS5C3030ALA630,3000592982016,0,,0,,,,,,,,0,,,,,,19325,,,,,,,,,,,,,,,,,,,,,,,,,,,,,,24,,,,,,0,,,,,,,,,,,,,,,,,,,,,,,,,,,,
2013-12-11,9XW0A0Y0,ST31500541AS,1500301910016,0,,57121969,,,,,,,,123,,,,,,13555,,,,,,,,,,,,,,,,,,,,,,,,,,,,,,20,,,,,,0,,,,,,,,,,,,,,,,,,,,,,,,,,,,
2013-12-11,S1F0ARS3,ST3000DM001,3000592982016,0,,117666184,,,,,,,,0,,,,,,12357,,,,,,,,,,,,,,,,,,,,,,,,,,,,,,22,,,,,,0,,,,,,,,,,,,,,,,,,,,,,,,,,,,
2013-12-11,JK1171YAK1XGSN,Hitachi HDS722020ALA330,2000398934016,0,,0,,,,,,,,0,,,,,,29668,,,,,,,,,,,,,,,,,,,,,,,,,,,,,,31,,,,,,0,,,,,,,,,,,,,,,,,,,,,,,,,,,,
2013-12-11,MJ0351YNGA8RKA,Hitachi HDS5C3030ALA630,3000592982016,0,,0,,,,,,,,0,,,,,,8612,,,,,,,,,,,,,,,,,,,,,,,,,,,,,,32,,,,,,0,,,,,,,,,,,,,,,,,,,,,,,,,,,,
2013-12-11,MK0301YHGM4K4A,Hitachi HDS723030ALA640,3000592982016,0,,0,,,,,,,,0,,,,,,16680,,,,,,,,,,,,,,,,,,,,,,,,,,,,,,25,,,,,,0,,,,,,,,,,,,,,,,,,,,,,,,,,,,
2013-12-11,JK1101B9JBPA6T,Hitachi HDS722020ALA330,2000398934016,0,,0,,,,,,,,0,,,,,,24099,,,,,,,,,,,,,,,,,,,,,,,,,,,,,,24,,,,,,0,,,,,,,,,,,,,,,,,,,,,,,,,,,,
2013-12-11,JK11A8B9J77MJF,Hitachi HDS722020ALA330,2000398934016,0,,0,,,,,,,,0,,,,,,21477,,,,,,,,,,,,,,,,,,,,,,,,,,,,,,27,,,,,,0,,,,,,,,,,,,,,,,,,,,,,,,,,,,
2013-12-11,MJ0351YNGA3AMA,Hitachi HDS5C3030ALA630,3000592982016,0,,0,,,,,,,,0,,,,,,9163,,,,,,,,,,,,,,,,,,,,,,,,,,,,,,28,,,,,,0,,,,,,,,,,,,,,,,,,,,,,,,,,,,
2013-12-11,MJ0351YNG9Z8AA,Hitachi HDS5C3030ALA630,3000592982016,0,,0,,,,,,,,0,,,,,,9272,,,,,,,,,,,,,,,,,,,,,,,,,,,,,,27,,,,,,0,,,,,,,,,,,,,,,,,,,,,,,,,,,,
2013-12-11,JK1101B8JP9HKZ,Hitachi HDS722020ALA330,2000398934016,0,,0,,,,,,,,0,,,,,,23587,,,,,,,,,,,,,,,,,,,,,,,,,,,,,,32,,,,,,0,,,,,,,,,,,,,,,,,,,,,,,,,,,,
2013-12-11,MJ1311YNG08PSA,Hitachi HDS5C3030ALA630,3000592982016,0,,0,,,,,,,,0,,,,,,20498,,,,,,,,,,,,,,,,,,,,,,,,,,,,,,32,,,,,,0,,,,,,,,,,,,,,,,,,,,,,,,,,,,
2013-12-11,6XW039S0,ST31500541AS,1500301910016,0,,103436894,,,,,,,,0,,,,,,35446,,,,,,,,,,,,,,,,,,,,,,,,,,,,,,17,,,,,,0,,,,,,,,,,,,,,,,,,,,,,,,,,,,
2013-12-11,Z1Z04SMV,ST4000DX000,4000787030016,0,,4891077,,,,,,,,0,,,,,,5379,,,,,,,,,,,,,,,,,,,,,,,,,,,,,,23,,,,,,0,,,,,,,,,,,,,,,,,,,,,,,,,,,,
2013-12-11,Z1Z0546D,ST4000DX000,4000787030016,0,,154806103,,,,,,,,0,,,,,,5039,,,,,,,,,,,,,,,,,,,,,,,,,,,,,,34,,,,,,0,,,,,,,,,,,,,,,,,,,,,,,,,,,,
2013-12-11,Z1Z03EGR,ST4000DX000,4000787030016,0,,144455116,,,,,,,,0,,,,,,7132,,,,,,,,,,,,,,,,,,,,,,,,,,,,,,33,,,,,,0,,,,,,,,,,,,,,,,,,,,,,,,,,,,
2013-12-11,6XW1A82C,ST32000542AS,2000398934016,0,,34624993,,,,,,,,0,,,,,,31707,,,,,,,,,,,,,,,,,,,,,,,,,,,,,,23,,,,,,0,,,,,,,,,,,,,,,,,,,,,,,,,,,,
2013-12-11,Z1Z0546N,ST4000DX000,4000787030016,0,,22594237,,,,,,,,0,,,,,,5379,,,,,,,,,,,,,,,,,,,,,,,,,,,,,,27,,,,,,0,,,,,,,,,,,,,,,,,,,,,,,,,,,,
2013-12-11,Z300P9AX,ST4000DM000,4000787030016,0,,5727416,,,,,,,,0,,,,,,1142,,,,,,,,,,,,,,,,,,,,,,,,,,,,,,25,,,,,,0,,,,,,,,,,,,,,,,,,,,,,,,,,,,
2013-12-11,PL1321LAG3490H,Hitachi HDS5C4040ALE630,4000787030016,0,,0,,,,,,,,0,,,,,,5670,,,,,,,,,,,,,,,,,,,,,,,,,,,,,,18,,,,,,0,,,,,,,,,,,,,,,,,,,,,,,,,,,,
2013-12-11,W1F08E21,ST3000DM001,3000592982016,0,,219950336,,,,,,,,0,,,,,,16150,,,,,,,,,,,,,,,,,,,,,,,,,,,,,,20,,,,,,0,,,,,,,,,,,,,,,,,,,,,,,,,,,,
2013-12-11,W3009H0C,ST4000DM000,4000787030016,0,,240668688,,,,,,,,0,,,,,,4188,,,,,,,,,,,,,,,,,,,,,,,,,,,,,,30,,,,,,0,,,,,,,,,,,,,,,,,,,,,,,,,,,,
2013-12-11,6XW14BAK,ST31500541AS,1500301910016,0,,163885037,,,,,,,,0,,,,,,8898,,,,,,,,,,,,,,,,,,,,,,,,,,,,,,18,,,,,,0,,,,,,,,,,,,,,,,,,,,,,,,,,,,
2013-12-11,JK11A1YAJHHJKV,Hitachi HDS722020ALA330,2000398934016,0,,196609,,,,,,,,0,,,,,,28972,,,,,,,,,,,,,,,,,,,,,,,,,,,,,,26,,,,,,0,,,,,,,,,,,,,,,,,,,,,,,,,,,,
2013-12-11,JK11A8B9J3670F,Hitachi HDS722020ALA330,2000398934016,0,,1,,,,,,,,0,,,,,,23822,,,,,,,,,,,,,,,,,,,,,,,,,,,,,,26,,,,,,0,,,,,,,,,,,,,,,,,,,,,,,,,,,,
2013-12-11,S1F026DZ,ST3000DM001,3000592982016,0,,109181144,,,,,,,,0,,,,,,15191,,,,,,,,,,,,,,,,,,,,,,,,,,,,,,24,,,,,,8,,,,,,,,,,,,,,,,,,,,,,,,,,,,
2013-12-11,W1F08VR1,ST3000DM001,3000592982016,0,,76107152,,,,,,,,0,,,,,,16200,,,,,,,,,,,,,,,,,,,,,,,,,,,,,,26,,,,,,0,,,,,,,,,,,,,,,,,,,,,,,,,,,,
2013-12-11,S1F07A6P,ST3000DM001,3000592982016,0,,10937032,,,,,,,,0,,,,,,6536,,,,,,,,,,,,,,,,,,,,,,,,,,,,,,26,,,,,,0,,,,,,,,,,,,,,,,,,,,,,,,,,,,
2013-12-11,6XW03BRT,ST31500541AS,1500301910016,0,,49089081,,,,,,,,0,,,,,,35778,,,,,,,,,,,,,,,,,,,,,,,,,,,,,,21,,,,,,0,,,,,,,,,,,,,,,,,,,,,,,,,,,,
2013-12-11,PL1331LAGBG7MH,Hitachi HDS5C4040ALE630,4000787030016,0,,0,,,,,,,,0,,,,,,5427,,,,,,,,,,,,,,,,,,,,,,,,,,,,,,22,,,,,,0,,,,,,,,,,,,,,,,,,,,,,,,,,,,
2013-12-11,Z300KFP1,ST4000DM000,4000787030016,0,,24791256,,,,,,,,0,,,,,,1445,,,,,,,,,,,,,,,,,,,,,,,,,,,,,,23,,,,,,0,,,,,,,,,,,,,,,,,,,,,,,,,,,,
2013-12-11,MJ0351YNGAAGVA,Hitachi HDS5C3030ALA630,3000592982016,0,,0,,,,,,,,0,,,,,,8639,,,,,,,,,,,,,,,,,,,,,,,,,,,,,,28,,,,,,0,,,,,,,,,,,,,,,,,,,,,,,,,,,,
2013-12-11,5XW0LDG7,ST32000542AS,2000398934016,0,,32604625,,,,,,,,0,,,,,,7828,,,,,,,,,,,,,,,,,,,,,,,,,,,,,,24,,,,,,0,,,,,,,,,,,,,,,,,,,,,,,,,,,,
2013-12-11,W1F1FRCK,ST3000DM001,3000592982016,0,,103822712,,,,,,,,0,,,,,,8174,,,,,,,,,,,,,,,,,,,,,,,,,,,,,,22,,,,,,0,,,,,,,,,,,,,,,,,,,,,,,,,,,,
2013-12-11,6XW03BR0,ST31500541AS,1500301910016,0,,22952779,,,,,,,,0,,,,,,36644,,,,,,,,,,,,,,,,,,,,,,,,,,,,,,21,,,,,,0,,,,,,,,,,,,,,,,,,,,,,,,,,,,
2013-12-11,JK1101B9KMAS0F,Hitachi HDS722020ALA330,2000398934016,0,,0,,,,,,,,0,,,,,,23075,,,,,,,,,,,,,,,,,,,,,,,,,,,,,,31,,,,,,0,,,,,,,,,,,,,,,,,,,,,,,,,,,,
2013-12-11,JK11A8B9J7H7UF,Hitachi HDS722020ALA330,2000398934016,0,,0,,,,,,,,2,,,,,,22687,,,,,,,,,,,,,,,,,,,,,,,,,,,,,,21,,,,,,0,,,,,,,,,,,,,,,,,,,,,,,,,,,,
2013-12-11,MJ0351YNG9U8JA,Hitachi HDS5C3030ALA630,3000592982016,0,,0,,,,,,,,0,,,,,,9553,,,,,,,,,,,,,,,,,,,,,,,,,,,,,,28,,,,,,0,,,,,,,,,,,,,,,,,,,,,,,,,,,,
2013-12-11,JK1174YAK3W8AW,Hitachi HDS722020ALA330,2000398934016,0,,0,,,,,,,,0,,,,,,28809,,,,,,,,,,,,,,,,,,,,,,,,,,,,,,23,,,,,,0,,,,,,,,,,,,,,,,,,,,,,,,,,,,
2013-12-11,MJ1321YNG1AN9A,Hitachi HDS5C3030ALA630,3000592982016,0,,0,,,,,,,,0,,,,,,19310,,,,,,,,,,,,,,,,,,,,,,,,,,,,,,28,,,,,,0,,,,,,,,,,,,,,,,,,,,,,,,,,,,
2013-12-11,MJ1311YNG38YRA,Hitachi HDS5C3030ALA630,3000592982016,0,,0,,,,,,,,0,,,,,,18949,,,,,,,,,,,,,,,,,,,,,,,,,,,,,,25,,,,,,0,,,,,,,,,,,,,,,,,,,,,,,,,,,,
2013-12-11,MJ1323YNG1PS1C,Hitachi HDS5C3030ALA630,3000592982016,0,,0,,,,,,,,0,,,,,,19310,,,,,,,,,,,,,,,,,,,,,,,,,,,,,,28,,,,,,0,,,,,,,,,,,,,,,,,,,,,,,,,,,,
2013-12-11,S1F0RR35,ST3000DM001,3000592982016,0,,109452840,,,,,,,,0,,,,,,10726,,,,,,,,,,,,,,,,,,,,,,,,,,,,,,23,,,,,,0,,,,,,,,,,,,,,,,,,,,,,,,,,,,
2013-12-11,JK11A8YBKLPWGF,Hitachi HDS722020ALA330,2000398934016,0,,0,,,,,,,,0,,,,,,27861,,,,,,,,,,,,,,,,,,,,,,,,,,,,,,24,,,,,,0,,,,,,,,,,,,,,,,,,,,,,,,,,,,
2013-12-11,Z1F1AWCJ,ST3000DM001,3000592982016,0,,49695696,,,,,,,,760,,,,,,8164,,,,,,,,,,,,,,,,,,,,,,,,,,,,,,26,,,,,,0,,,,,,,,,,,,,,,,,,,,,,,,,,,,
2013-12-11,W1F08VRS,ST3000DM001,3000592982016,0,,100058824,,,,,,,,0,,,,,,16190,,,,,,,,,,,,,,,,,,,,,,,,,,,,,,23,,,,,,0,,,,,,,,,,,,,,,,,,,,,,,,,,,,
2013-12-11,WD-WMC1T1611862,WDC WD30EFRX,3000592982016,0,,0,,,,,,,,0,,,,,,7709,,,,,,,,,,,,,,,,,,,,,,,,,,,,,,26,,,,,,0,,,,,,,,,,,,,,,,,,,,,,,,,,,,
2013-12-11,JK1105B8JS1H7X,Hitachi HDS722020ALA330,2000398934016,0,,0,,,,,,,,0,,,,,,22299,,,,,,,,,,,,,,,,,,,,,,,,,,,,,,31,,,,,,0,,,,,,,,,,,,,,,,,,,,,,,,,,,,
2013-12-11,JK11A8B9J1MB8F,Hitachi HDS722020ALA330,2000398934016,0,,0,,,,,,,,0,,,,,,23587,,,,,,,,,,,,,,,,,,,,,,,,,,,,,,28,,,,,,0,,,,,,,,,,,,,,,,,,,,,,,,,,,,
2013-12-11,PL1321LAG34R1H,Hitachi HDS5C4040ALE630,4000787030016,0,,0,,,,,,,,0,,,,,,5125,,,,,,,,,,,,,,,,,,,,,,,,,,,,,,26,,,,,,0,,,,,,,,,,,,,,,,,,,,,,,,,,,,
2013-12-11,PL2311LAG1P8XC,Hitachi HDS5C4040ALE630,4000787030016,0,,0,,,,,,,,0,,,,,,7757,,,,,,,,,,,,,,,,,,,,,,,,,,,,,,24,,,,,,0,,,,,,,,,,,,,,,,,,,,,,,,,,,,
2013-12-11,WD-WCAWZ1750447,WDC WD30EZRX,3000592982016,0,,0,,,,,,,,0,,,,,,13020,,,,,,,,,,,,,,,,,,,,,,,,,,,,,,23,,,,,,0,,,,,,,,,,,,,,,,,,,,,,,,,,,,
2013-12-11,PL1311LAG38TYH,Hitachi HDS5C4040ALE630,4000787030016,0,,0,,,,,,,,0,,,,,,5125,,,,,,,,,,,,,,,,,,,,,,,,,,,,,,28,,,,,,0,,,,,,,,,,,,,,,,,,,,,,,,,,,,
2013-12-11,W1F0X5J5,ST3000DM001,3000592982016,0,,27065096,,,,,,,,0,,,,,,11641,,,,,,,,,,,,,,,,,,,,,,,,,,,,,,20,,,,,,0,,,,,,,,,,,,,,,,,,,,,,,,,,,,
2013-12-11,Z1F0LLXQ,ST3000DM001,3000592982016,0,,119998720,,,,,,,,0,,,,,,10941,,,,,,,,,,,,,,,,,,,,,,,,,,,,,,25,,,,,,0,,,,,,,,,,,,,,,,,,,,,,,,,,,,
2013-12-11,MK0301YHGMH23D,Hitachi HDS723030ALA640,3000592982016,0,,0,,,,,,,,0,,,,,,17018,,,,,,,,,,,,,,,,,,,,,,,,,,,,,,23,,,,,,0,,,,,,,,,,,,,,,,,,,,,,,,,,,,
2013-12-11,9VS3JB3H,ST31500341AS,1500301910016,0,,19568866,,,,,,,,11,,,,,,32874,,,,,,,,,,,,,,,,,,,,,,,,,,,,,,19,,,,,,0,,,,,,,,,,,,,,,,,,,,,,,,,,,,
2013-12-11,Z1F0LLXJ,ST3000DM001,3000592982016,0,,239070632,,,,,,,,0,,,,,,10946,,,,,,,,,,,,,,,,,,,,,,,,,,,,,,26,,,,,,0,,,,,,,,,,,,,,,,,,,,,,,,,,,,
2013-12-11,MJ1311YNG1UPBA,Hitachi HDS5C3030ALA630,3000592982016,0,,0,,,,,,,,0,,,,,,19253,,,,,,,,,,,,,,,,,,,,,,,,,,,,,,26,,,,,,0,,,,,,,,,,,,,,,,,,,,,,,,,,,,
2013-12-11,PL1321LAG35VNH,Hitachi HDS5C4040ALE630,4000787030016,0,,0,,,,,,,,0,,,,,,5668,,,,,,,,,,,,,,,,,,,,,,,,,,,,,,21,,,,,,0,,,,,,,,,,,,,,,,,,,,,,,,,,,,
2013-12-11,MJ0351YNG9VXWA,Hitachi HDS5C3030ALA630,3000592982016,0,,0,,,,,,,,0,,,,,,9721,,,,,,,,,,,,,,,,,,,,,,,,,,,,,,28,,,,,,0,,,,,,,,,,,,,,,,,,,,,,,,,,,,
2013-12-11,MJ0351YNG9VWAA,Hitachi HDS5C3030ALA630,3000592982016,0,,0,,,,,,,,0,,,,,,9958,,,,,,,,,,,,,,,,,,,,,,,,,,,,,,27,,,,,,0,,,,,,,,,,,,,,,,,,,,,,,,,,,,
2013-12-11,MJ0351YNGA6VLA,Hitachi HDS5C3030ALA630,3000592982016,0,,0,,,,,,,,0,,,,,,8497,,,,,,,,,,,,,,,,,,,,,,,,,,,,,,25,,,,,,0,,,,,,,,,,,,,,,,,,,,,,,,,,,,
2013-12-11,W1F0X5JV,ST3000DM001,3000592982016,0,,140401896,,,,,,,,0,,,,,,11613,,,,,,,,,,,,,,,,,,,,,,,,,,,,,,28,,,,,,0,,,,,,,,,,,,,,,,,,,,,,,,,,,,
2013-12-11,JK11A8B9J3S20F,Hitachi HDS722020ALA330,2000398934016,0,,0,,,,,,,,0,,,,,,23319,,,,,,,,,,,,,,,,,,,,,,,,,,,,,,32,,,,,,0,,,,,,,,,,,,,,,,,,,,,,,,,,,,
2013-12-11,MJ0351YNGA684A,Hitachi HDS5C3030ALA630,3000592982016,0,,0,,,,,,,,0,,,,,,8545,,,,,,,,,,,,,,,,,,,,,,,,,,,,,,29,,,,,,0,,,,,,,,,,,,,,,,,,,,,,,,,,,,
2013-12-11,PL1311LAG1814A,Hitachi HDS5C4040ALE630,4000787030016,0,,0,,,,,,,,0,,,,,,7430,,,,,,,,,,,,,,,,,,,,,,,,,,,,,,28,,,,,,0,,,,,,,,,,,,,,,,,,,,,,,,,,,,
2013-12-11,JK11H1B9GJNZMR,Hitachi HDS722020ALA330,2000398934016,0,,0,,,,,,,,0,,,,,,27540,,,,,,,,,,,,,,,,,,,,,,,,,,,,,,25,,,,,,0,,,,,,,,,,,,,,,,,,,,,,,,,,,,
2013-12-11,W1F0X5JF,ST3000DM001,3000592982016,0,,99602496,,,,,,,,0,,,,,,11641,,,,,,,,,,,,,,,,,,,,,,,,,,,,,,22,,,,,,0,,,,,,,,,,,,,,,,,,,,,,,,,,,,
2013-12-11,MJ1321YNG0M2JA,Hitachi HDS5C3030ALA630,3000592982016,0,,0,,,,,,,,0,,,,,,20503,,,,,,,,,,,,,,,,,,,,,,,,,,,,,,26,,,,,,0,,,,,,,,,,,,,,,,,,,,,,,,,,,,
2013-12-11,JK11A8B9J3VSXF,Hitachi HDS722020ALA330,2000398934016,0,,0,,,,,,,,0,,,,,,23823,,,,,,,,,,,,,,,,,,,,,,,,,,,,,,33,,,,,,0,,,,,,,,,,,,,,,,,,,,,,,,,,,,
2013-12-11,MJ1311YNG3287A,Hitachi HDS5C3030ALA630,3000592982016,0,,0,,,,,,,,0,,,,,,19253,,,,,,,,,,,,,,,,,,,,,,,,,,,,,,26,,,,,,0,,,,,,,,,,,,,,,,,,,,,,,,,,,,
2013-12-11,Z300H998,ST4000DM000,4000787030016,0,,243528008,,,,,,,,0,,,,,,1298,,,,,,,,,,,,,,,,,,,,,,,,,,,,,,22,,,,,,0,,,,,,,,,,,,,,,,,,,,,,,,,,,,
2013-12-11,JK1171YBK1N35F,Hitachi HDS722020ALA330,2000398934016,0,,0,,,,,,,,0,,,,,,29668,,,,,,,,,,,,,,,,,,,,,,,,,,,,,,27,,,,,,0,,,,,,,,,,,,,,,,,,,,,,,,,,,,
2013-12-11,W300AM9K,ST4000DM000,4000787030016,0,,232962296,,,,,,,,0,,,,,,4134,,,,,,,,,,,,,,,,,,,,,,,,,,,,,,22,,,,,,0,,,,,,,,,,,,,,,,,,,,,,,,,,,,
2013-12-11,Z300W1W1,ST4000DM000,4000787030016,0,,166526728,,,,,,,,0,,,,,,108,,,,,,,,,,,,,,,,,,,,,,,,,,,,,,19,,,,,,0,,,,,,,,,,,,,,,,,,,,,,,,,,,,
2013-12-11,JK1101YBK2Z6AF,Hitachi HDS722020ALA330,2000398934016,0,,65537,,,,,,,,0,,,,,,29210,,,,,,,,,,,,,,,,,,,,,,,,,,,,,,32,,,,,,1,,,,,,,,,,,,,,,,,,,,,,,,,,,,
2013-12-11,S1F02WAE,ST3000DM001,3000592982016,0,,147188128,,,,,,,,0,,,,,,15237,,,,,,,,,,,,,,,,,,,,,,,,,,,,,,21,,,,,,0,,,,,,,,,,,,,,,,,,,,,,,,,,,,
2013-12-11,PL2321LAGASHSJ,Hitachi HDS5C4040ALE630,4000787030016,0,,0,,,,,,,,0,,,,,,5075,,,,,,,,,,,,,,,,,,,,,,,,,,,,,,23,,,,,,0,,,,,,,,,,,,,,,,,,,,,,,,,,,,
2013-12-11,S1F0RV6Z,ST3000DM001,3000592982016,0,,24243328,,,,,,,,0,,,,,,10758,,,,,,,,,,,,,,,,,,,,,,,,,,,,,,22,,,,,,0,,,,,,,,,,,,,,,,,,,,,,,,,,,,
2013-12-11,Z300GPZ8,ST4000DM000,4000787030016,0,,21638083,,,,,,,,24,,,,,,3552,,,,,,,,,,,,,,,,,,,,,,,,,,,,,,27,,,,,,0,,,,,,,,,,,,,,,,,,,,,,,,,,,,
2013-12-11,W1F0A479,ST3000DM001,3000592982016,0,,46816256,,,,,,,,0,,,,,,14732,,,,,,,,,,,,,,,,,,,,,,,,,,,,,,20,,,,,,0,,,,,,,,,,,,,,,,,,,,,,,,,,,,
2013-12-11,Z300GPZ2,ST4000DM000,4000787030016,0,,12704136,,,,,,,,0,,,,,,3584,,,,,,,,,,,,,,,,,,,,,,,,,,,,,,24,,,,,,0,,,,,,,,,,,,,,,,,,,,,,,,,,,,
2013-12-11,Z300GPZ3,ST4000DM000,4000787030016,0,,178675312,,,,,,,,0,,,,,,3583,,,,,,,,,,,,,,,,,,,,,,,,,,,,,,23,,,,,,0,,,,,,,,,,,,,,,,,,,,,,,,,,,,
2013-12-11,W1F08MJW,ST3000DM001,3000592982016,0,,169906920,,,,,,,,0,,,,,,13361,,,,,,,,,,,,,,,,,,,,,,,,,,,,,,21,,,,,,0,,,,,,,,,,,,,,,,,,,,,,,,,,,,
2013-12-11,Z300H33J,ST4000DM000,4000787030016,0,,110376880,,,,,,,,0,,,,,,1297,,,,,,,,,,,,,,,,,,,,,,,,,,,,,,21,,,,,,0,,,,,,,,,,,,,,,,,,,,,,,,,,,,
2013-12-11,Z300E5CF,ST4000DM000,4000787030016,0,,49277056,,,,,,,,0,,,,,,2246,,,,,,,,,,,,,,,,,,,,,,,,,,,,,,22,,,,,,0,,,,,,,,,,,,,,,,,,,,,,,,,,,,
2013-12-11,PL1331LAG5GXLH,HGST HMS5C4040ALE640,4000787030016,0,,0,,,,,,,,0,,,,,,9402,,,,,,,,,,,,,,,,,,,,,,,,,,,,,,29,,,,,,0,,,,,,,,,,,,,,,,,,,,,,,,,,,,
2013-12-11,PL1331LAG5AY6H,HGST HMS5C4040ALE640,4000787030016,0,,0,,,,,,,,0,,,,,,9401,,,,,,,,,,,,,,,,,,,,,,,,,,,,,,30,,,,,,0,,,,,,,,,,,,,,,,,,,,,,,,,,,,
2013-12-11,PL2311LAG1PX2C,Hitachi HDS5C4040ALE630,4000787030016,0,,0,,,,,,,,0,,,,,,7415,,,,,,,,,,,,,,,,,,,,,,,,,,,,,,19,,,,,,0,,,,,,,,,,,,,,,,,,,,,,,,,,,,
2013-12-11,MK0301YHGN2K7D,Hitachi HDS723030ALA640,3000592982016,0,,0,,,,,,,,0,,,,,,18088,,,,,,,,,,,,,,,,,,,,,,,,,,,,,,32,,,,,,0,,,,,,,,,,,,,,,,,,,,,,,,,,,,
2013-12-11,JK11A8B9J39MYF,Hitachi HDS722020ALA330,2000398934016,0,,0,,,,,,,,0,,,,,,23544,,,,,,,,,,,,,,,,,,,,,,,,,,,,,,36,,,,,,0,,,,,,,,,,,,,,,,,,,,,,,,,,,,
2013-12-11,JK1101YAK92WJV,Hitachi HDS722020ALA330,2000398934016,0,,0,,,,,,,,0,,,,,,29653,,,,,,,,,,,,,,,,,,,,,,,,,,,,,,28,,,,,,0,,,,,,,,,,,,,,,,,,,,,,,,,,,,
2013-12-11,W1F08GAR,ST3000DM001,3000592982016,0,,101343696,,,,,,,,0,,,,,,13371,,,,,,,,,,,,,,,,,,,,,,,,,,,,,,20,,,,,,0,,,,,,,,,,,,,,,,,,,,,,,,,,,,
2013-12-11,JK11A8B9J6L0HF,Hitachi HDS722020ALA330,2000398934016,0,,0,,,,,,,,0,,,,,,24495,,,,,,,,,,,,,,,,,,,,,,,,,,,,,,26,,,,,,0,,,,,,,,,,,,,,,,,,,,,,,,,,,,
2013-12-11,Z300GPZN,ST4000DM000,4000787030016,0,,159209536,,,,,,,,0,,,,,,3581,,,,,,,,,,,,,,,,,,,,,,,,,,,,,,26,,,,,,0,,,,,,,,,,,,,,,,,,,,,,,,,,,,
2013-12-11,MJ1311YNG0T5DA,Hitachi HDS5C3030ALA630,3000592982016,0,,0,,,,,,,,0,,,,,,7828,,,,,,,,,,,,,,,,,,,,,,,,,,,,,,32,,,,,,0,,,,,,,,,,,,,,,,,,,,,,,,,,,,
2013-12-11,Z300GPZD,ST4000DM000,4000787030016,0,,238107920,,,,,,,,0,,,,,,3652,,,,,,,,,,,,,,,,,,,,,,,,,,,,,,24,,,,,,0,,,,,,,,,,,,,,,,,,,,,,,,,,,,
2013-12-11,Z300GPZB,ST4000DM000,4000787030016,0,,144101952,,,,,,,,0,,,,,,3582,,,,,,,,,,,,,,,,,,,,,,,,,,,,,,21,,,,,,0,,,,,,,,,,,,,,,,,,,,,,,,,,,,
2013-12-11,S1F02BC6,ST3000DM001,3000592982016,0,,135859840,,,,,,,,0,,,,,,16190,,,,,,,,,,,,,,,,,,,,,,,,,,,,,,22,,,,,,0,,,,,,,,,,,,,,,,,,,,,,,,,,,,
2013-12-11,Z300GPZZ,ST4000DM000,4000787030016,0,,8676152,,,,,,,,0,,,,,,3625,,,,,,,,,,,,,,,,,,,,,,,,,,,,,,23,,,,,,0,,,,,,,,,,,,,,,,,,,,,,,,,,,,
2013-12-11,JK11A4YAKDWKRW,Hitachi HDS722020ALA330,2000398934016,0,,0,,,,,,,,0,,,,,,27871,,,,,,,,,,,,,,,,,,,,,,,,,,,,,,28,,,,,,0,,,,,,,,,,,,,,,,,,,,,,,,,,,,
2013-12-11,JK11A8B9J7BH1F,Hitachi HDS722020ALA330,2000398934016,0,,0,,,,,,,,0,,,,,,22414,,,,,,,,,,,,,,,,,,,,,,,,,,,,,,28,,,,,,0,,,,,,,,,,,,,,,,,,,,,,,,,,,,
2013-12-11,Z300GPZW,ST4000DM000,4000787030016,0,,53301392,,,,,,,,0,,,,,,2900,,,,,,,,,,,,,,,,,,,,,,,,,,,,,,27,,,,,,0,,,,,,,,,,,,,,,,,,,,,,,,,,,,
2013-12-11,Z300GPZS,ST4000DM000,4000787030016,0,,56044368,,,,,,,,0,,,,,,3652,,,,,,,,,,,,,,,,,,,,,,,,,,,,,,25,,,,,,0,,,,,,,,,,,,,,,,,,,,,,,,,,,,
2013-12-11,6XW1D07A,ST31500541AS,1500301910016,0,,14085917,,,,,,,,0,,,,,,15239,,,,,,,,,,,,,,,,,,,,,,,,,,,,,,20,,,,,,1,,,,,,,,,,,,,,,,,,,,,,,,,,,,
2013-12-11,JK11A8B9J9HZ1F,Hitachi HDS722020ALA330,2000398934016,0,,0,,,,,,,,0,,,,,,25580,,,,,,,,,,,,,,,,,,,,,,,,,,,,,,27,,,,,,0,,,,,,,,,,,,,,,,,,,,,,,,,,,,
2013-12-11,S1F07A27,ST3000DM001,3000592982016,0,,100551280,,,,,,,,0,,,,,,12357,,,,,,,,,,,,,,,,,,,,,,,,,,,,,,20,,,,,,0,,,,,,,,,,,,,,,,,,,,,,,,,,,,
2013-12-11,JK11A8B9J6LT4F,Hitachi HDS722020ALA330,2000398934016,0,,0,,,,,,,,1,,,,,,22695,,,,,,,,,,,,,,,,,,,,,,,,,,,,,,27,,,,,,0,,,,,,,,,,,,,,,,,,,,,,,,,,,,
2013-12-11,Z1F06985,ST3000DM001,3000592982016,0,,101950272,,,,,,,,0,,,,,,14734,,,,,,,,,,,,,,,,,,,,,,,,,,,,,,21,,,,,,0,,,,,,,,,,,,,,,,,,,,,,,,,,,,
2013-12-11,MK0333YHGNYDKC,Hitachi HDS723030ALA640,3000592982016,0,,1,,,,,,,,0,,,,,,18088,,,,,,,,,,,,,,,,,,,,,,,,,,,,,,29,,,,,,2,,,,,,,,,,,,,,,,,,,,,,,,,,,,
2013-12-11,JK1101B8KNDBXS,Hitachi HDS722020ALA330,2000398934016,0,,0,,,,,,,,0,,,,,,22954,,,,,,,,,,,,,,,,,,,,,,,,,,,,,,23,,,,,,0,,,,,,,,,,,,,,,,,,,,,,,,,,,,
2013-12-11,MJ1311YNG6V3JA,Hitachi HDS5C3030ALA630,3000592982016,0,,0,,,,,,,,0,,,,,,2211,,,,,,,,,,,,,,,,,,,,,,,,,,,,,,26,,,,,,0,,,,,,,,,,,,,,,,,,,,,,,,,,,,
2013-12-11,Z3002ZQT,ST4000DM000,4000787030016,0,,41882008,,,,,,,,0,,,,,,5394,,,,,,,,,,,,,,,,,,,,,,,,,,,,,,23,,,,,,0,,,,,,,,,,,,,,,,,,,,,,,,,,,,
2013-12-11,MJ1321YNG1GTJA,Hitachi HDS5C3030ALA630,3000592982016,0,,0,,,,,,,,0,,,,,,19801,,,,,,,,,,,,,,,,,,,,,,,,,,,,,,26,,,,,,0,,,,,,,,,,,,,,,,,,,,,,,,,,,,
2013-12-11,JK11A8B9J3KXMF,Hitachi HDS722020ALA330,2000398934016,0,,0,,,,,,,,0,,,,,,23822,,,,,,,,,,,,,,,,,,,,,,,,,,,,,,32,,,,,,0,,,,,,,,,,,,,,,,,,,,,,,,,,,,
2013-12-11,MN1220F30LUA0D,Hitachi HDS723020BLA642,2000398934016,0,,0,,,,,,,,0,,,,,,10761,,,,,,,,,,,,,,,,,,,,,,,,,,,,,,27,,,,,,0,,,,,,,,,,,,,,,,,,,,,,,,,,,,
2013-12-11,MJ1311YNG38D1A,Hitachi HDS5C3030ALA630,3000592982016,0,,0,,,,,,,,0,,,,,,19324,,,,,,,,,,,,,,,,,,,,,,,,,,,,,,27,,,,,,0,,,,,,,,,,,,,,,,,,,,,,,,,,,,
2013-12-11,PL1321LAG34Y6H,Hitachi HDS5C4040ALE630,4000787030016,0,,0,,,,,,,,0,,,,,,6650,,,,,,,,,,,,,,,,,,,,,,,,,,,,,,21,,,,,,0,,,,,,,,,,,,,,,,,,,,,,,,,,,,
2013-12-11,W1F1DA55,ST3000DM001,3000592982016,0,,178866848,,,,,,,,0,,,,,,8205,,,,,,,,,,,,,,,,,,,,,,,,,,,,,,27,,,,,,0,,,,,,,,,,,,,,,,,,,,,,,,,,,,
2013-12-11,JK11A4B8J5Y3AW,Hitachi HDS722020ALA330,2000398934016,0,,0,,,,,,,,0,,,,,,25120,,,,,,,,,,,,,,,,,,,,,,,,,,,,,,30,,,,,,0,,,,,,,,,,,,,,,,,,,,,,,,,,,,
2013-12-11,PL1311LAG3EHMH,Hitachi HDS5C4040ALE630,4000787030016,0,,0,,,,,,,,0,,,,,,5036,,,,,,,,,,,,,,,,,,,,,,,,,,,,,,26,,,,,,0,,,,,,,,,,,,,,,,,,,,,,,,,,,,
2013-12-11,Z2903JFB,ST33000651AS,3000592982016,0,,151202945,,,,,,,,0,,,,,,18074,,,,,,,,,,,,,,,,,,,,,,,,,,,,,,30,,,,,,0,,,,,,,,,,,,,,,,,,,,,,,,,,,,
2013-12-11,5YD573R5,ST1500DL003,1500301910016,0,,32216,,,,,,,,0,,,,,,4020,,,,,,,,,,,,,,,,,,,,,,,,,,,,,,21,,,,,,0,,,,,,,,,,,,,,,,,,,,,,,,,,,,
2013-12-11,WD-WCAWZ0504799,WDC WD30EZRX,3000592982016,0,,0,,,,,,,,0,,,,,,15545,,,,,,,,,,,,,,,,,,,,,,,,,,,,,,26,,,,,,1,,,,,,,,,,,,,,,,,,,,,,,,,,,,
2013-12-11,JK11A8B9J1KDDF,Hitachi HDS722020ALA330,2000398934016,0,,0,,,,,,,,0,,,,,,23709,,,,,,,,,,,,,,,,,,,,,,,,,,,,,,29,,,,,,0,,,,,,,,,,,,,,,,,,,,,,,,,,,,
2013-12-11,MJ1311YNG2HLEA,Hitachi HDS5C3030ALA630,3000592982016,0,,0,,,,,,,,0,,,,,,14600,,,,,,,,,,,,,,,,,,,,,,,,,,,,,,25,,,,,,0,,,,,,,,,,,,,,,,,,,,,,,,,,,,
2013-12-11,MJ0351YNG9RW2A,Hitachi HDS5C3030ALA630,3000592982016,0,,0,,,,,,,,0,,,,,,9987,,,,,,,,,,,,,,,,,,,,,,,,,,,,,,30,,,,,,0,,,,,,,,,,,,,,,,,,,,,,,,,,,,
2013-12-11,JK1101YAK6HA8V,Hitachi HDS722020ALA330,2000398934016,0,,327684,,,,,,,,0,,,,,,29211,,,,,,,,,,,,,,,,,,,,,,,,,,,,,,29,,,,,,0,,,,,,,,,,,,,,,,,,,,,,,,,,,,
2013-12-11,MK0333YHGPEGTC,Hitachi HDS723030ALA640,3000592982016,0,,0,,,,,,,,0,,,,,,17756,,,,,,,,,,,,,,,,,,,,,,,,,,,,,,25,,,,,,0,,,,,,,,,,,,,,,,,,,,,,,,,,,,
2013-12-11,JK11A8B9J8Z6ZF,Hitachi HDS722020ALA330,2000398934016,0,,0,,,,,,,,0,,,,,,24467,,,,,,,,,,,,,,,,,,,,,,,,,,,,,,29,,,,,,0,,,,,,,,,,,,,,,,,,,,,,,,,,,,
2013-12-11,W3004W4G,ST4000DM000,4000787030016,0,,171509168,,,,,,,,0,,,,,,2879,,,,,,,,,,,,,,,,,,,,,,,,,,,,,,19,,,,,,0,,,,,,,,,,,,,,,,,,,,,,,,,,,,
2013-12-11,MJ0351YNG9T9KA,Hitachi HDS5C3030ALA630,3000592982016,0,,0,,,,,,,,0,,,,,,10000,,,,,,,,,,,,,,,,,,,,,,,,,,,,,,33,,,,,,0,,,,,,,,,,,,,,,,,,,,,,,,,,,,
2013-12-11,MJ1323YNG1U3YC,Hitachi HDS5C3030ALA630,3000592982016,0,,0,,,,,,,,0,,,,,,19747,,,,,,,,,,,,,,,,,,,,,,,,,,,,,,23,,,,,,0,,,,,,,,,,,,,,,,,,,,,,,,,,,,
2013-12-11,JK11A8B9J9KYXF,Hitachi HDS722020ALA330,2000398934016,0,,0,,,,,,,,0,,,,,,24983,,,,,,,,,,,,,,,,,,,,,,,,,,,,,,26,,,,,,0,,,,,,,,,,,,,,,,,,,,,,,,,,,,
2013-12-11,JK1105B8GG49YX,Hitachi HDS722020ALA330,2000398934016,0,,1,,,,,,,,0,,,,,,26859,,,,,,,,,,,,,,,,,,,,,,,,,,,,,,28,,,,,,0,,,,,,,,,,,,,,,,,,,,,,,,,,,,
2013-12-11,Z300H2EN,ST4000DM000,4000787030016,0,,240366488,,,,,,,,0,,,,,,1298,,,,,,,,,,,,,,,,,,,,,,,,,,,,,,21,,,,,,0,,,,,,,,,,,,,,,,,,,,,,,,,,,,
2013-12-11,Z1F0RGQV,ST3000DM001,3000592982016,0,,39501776,,,,,,,,0,,,,,,11724,,,,,,,,,,,,,,,,,,,,,,,,,,,,,,27,,,,,,0,,,,,,,,,,,,,,,,,,,,,,,,,,,,
2013-12-11,JK11A8B9J7278F,Hitachi HDS722020ALA330,2000398934016,0,,0,,,,,,,,0,,,,,,22696,,,,,,,,,,,,,,,,,,,,,,,,,,,,,,25,,,,,,0,,,,,,,,,,,,,,,,,,,,,,,,,,,,
2013-12-11,JK11A8B9J361XF,Hitachi HDS722020ALA330,2000398934016,0,,0,,,,,,,,0,,,,,,23320,,,,,,,,,,,,,,,,,,,,,,,,,,,,,,30,,,,,,0,,,,,,,,,,,,,,,,,,,,,,,,,,,,
2013-12-11,S1F06F7K,ST3000DM001,3000592982016,0,,14046512,,,,,,,,0,,,,,,13355,,,,,,,,,,,,,,,,,,,,,,,,,,,,,,21,,,,,,0,,,,,,,,,,,,,,,,,,,,,,,,,,,,
2013-12-11,JK11A8B9J3AVZF,Hitachi HDS722020ALA330,2000398934016,0,,1,,,,,,,,0,,,,,,24363,,,,,,,,,,,,,,,,,,,,,,,,,,,,,,30,,,,,,0,,,,,,,,,,,,,,,,,,,,,,,,,,,,
2013-12-11,MJ0351YNG9XXGA,Hitachi HDS5C3030ALA630,3000592982016,0,,0,,,,,,,,0,,,,,,9475,,,,,,,,,,,,,,,,,,,,,,,,,,,,,,28,,,,,,0,,,,,,,,,,,,,,,,,,,,,,,,,,,,
2013-12-11,MK0311YHG53SRA,Hitachi HDS723030ALA640,3000592982016,0,,0,,,,,,,,0,,,,,,21793,,,,,,,,,,,,,,,,,,,,,,,,,,,,,,26,,,,,,0,,,,,,,,,,,,,,,,,,,,,,,,,,,,
2013-12-11,JK11A4B8J7RZLW,Hitachi HDS722020ALA330,2000398934016,0,,0,,,,,,,,0,,,,,,26011,,,,,,,,,,,,,,,,,,,,,,,,,,,,,,25,,,,,,0,,,,,,,,,,,,,,,,,,,,,,,,,,,,
2013-12-11,PL1321LAG348SH,Hitachi HDS5C4040ALE630,4000787030016,0,,0,,,,,,,,0,,,,,,5670,,,,,,,,,,,,,,,,,,,,,,,,,,,,,,20,,,,,,0,,,,,,,,,,,,,,,,,,,,,,,,,,,,
2013-12-11,JK1105B8GB6GPX,Hitachi HDS722020ALA330,2000398934016,0,,0,,,,,,,,0,,,,,,27160,,,,,,,,,,,,,,,,,,,,,,,,,,,,,,30,,,,,,0,,,,,,,,,,,,,,,,,,,,,,,,,,,,
2013-12-11,MK0331YHGM15PA,Hitachi HDS723030ALA640,3000592982016,0,,0,,,,,,,,0,,,,,,17030,,,,,,,,,,,,,,,,,,,,,,,,,,,,,,31,,,,,,0,,,,,,,,,,,,,,,,,,,,,,,,,,,,
2013-12-11,MJ1311YNG320UA,Hitachi HDS5C3030ALA630,3000592982016,0,,0,,,,,,,,0,,,,,,14685,,,,,,,,,,,,,,,,,,,,,,,,,,,,,,20,,,,,,0,,,,,,,,,,,,,,,,,,,,,,,,,,,,
2013-12-11,W1F0VKTT,ST3000DM001,3000592982016,0,,107686888,,,,,,,,0,,,,,,11612,,,,,,,,,,,,,,,,,,,,,,,,,,,,,,26,,,,,,0,,,,,,,,,,,,,,,,,,,,,,,,,,,,
2013-12-11,PL2311LAG1N79C,Hitachi HDS5C4040ALE630,4000787030016,0,,0,,,,,,,,0,,,,,,7414,,,,,,,,,,,,,,,,,,,,,,,,,,,,,,21,,,,,,0,,,,,,,,,,,,,,,,,,,,,,,,,,,,
2013-12-11,MK0331YHGM14RA,Hitachi HDS723030ALA640,3000592982016,0,,0,,,,,,,,0,,,,,,17354,,,,,,,,,,,,,,,,,,,,,,,,,,,,,,26,,,,,,0,,,,,,,,,,,,,,,,,,,,,,,,,,,,
2013-12-11,S1F1359T,ST3000DM001,3000592982016,0,,158148088,,,,,,,,0,,,,,,7994,,,,,,,,,,,,,,,,,,,,,,,,,,,,,,26,,,,,,0,,,,,,,,,,,,,,,,,,,,,,,,,,,,
2013-12-11,PL2311LAG1P9WC,Hitachi HDS5C4040ALE630,4000787030016,0,,0,,,,,,,,0,,,,,,7415,,,,,,,,,,,,,,,,,,,,,,,,,,,,,,20,,,,,,0,,,,,,,,,,,,,,,,,,,,,,,,,,,,
2013-12-11,PL1311LAG27MBH,Hitachi HDS5C4040ALE630,4000787030016,0,,0,,,,,,,,0,,,,,,5036,,,,,,,,,,,,,,,,,,,,,,,,,,,,,,26,,,,,,0,,,,,,,,,,,,,,,,,,,,,,,,,,,,
2013-12-11,MJ1311YNG39N3A,Hitachi HDS5C3030ALA630,3000592982016,0,,0,,,,,,,,0,,,,,,18928,,,,,,,,,,,,,,,,,,,,,,,,,,,,,,29,,,,,,0,,,,,,,,,,,,,,,,,,,,,,,,,,,,
2013-12-11,S1F01HBY,ST3000DM001,3000592982016,0,,80628768,,,,,,,,0,,,,,,15400,,,,,,,,,,,,,,,,,,,,,,,,,,,,,,22,,,,,,8,,,,,,,,,,,,,,,,,,,,,,,,,,,,
2013-12-11,MJ0351YNG9YT5A,Hitachi HDS5C3030ALA630,3000592982016,0,,0,,,,,,,,0,,,,,,8214,,,,,,,,,,,,,,,,,,,,,,,,,,,,,,29,,,,,,0,,,,,,,,,,,,,,,,,,,,,,,,,,,,
2013-12-11,WD-WCAU42474420,WDC WD10EACS,1000204886016,0,,1,,,,,,,,0,,,,,,42844,,,,,,,,,,,,,,,,,,,,,,,,,,,,,,20,,,,,,0,,,,,,,,,,,,,,,,,,,,,,,,,,,,
2013-12-11,JK11A5B8J7ST6X,Hitachi HDS722020ALA330,2000398934016,0,,0,,,,,,,,0,,,,,,22697,,,,,,,,,,,,,,,,,,,,,,,,,,,,,,28,,,,,,0,,,,,,,,,,,,,,,,,,,,,,,,,,,,
2013-12-11,JK11A8B9GPALUF,Hitachi HDS722020ALA330,2000398934016,0,,0,,,,,,,,0,,,,,,26480,,,,,,,,,,,,,,,,,,,,,,,,,,,,,,28,,,,,,0,,,,,,,,,,,,,,,,,,,,,,,,,,,,
2013-12-11,JK1105B8GGADPX,Hitachi HDS722020ALA330,2000398934016,0,,0,,,,,,,,0,,,,,,26859,,,,,,,,,,,,,,,,,,,,,,,,,,,,,,35,,,,,,0,,,,,,,,,,,,,,,,,,,,,,,,,,,,
2013-12-11,Z300CNRA,ST4000DM000,4000787030016,0,,44755904,,,,,,,,0,,,,,,2262,,,,,,,,,,,,,,,,,,,,,,,,,,,,,,22,,,,,,0,,,,,,,,,,,,,,,,,,,,,,,,,,,,
2013-12-11,Z300CNRB,ST4000DM000,4000787030016,0,,185746288,,,,,,,,0,,,,,,2240,,,,,,,,,,,,,,,,,,,,,,,,,,,,,,22,,,,,,0,,,,,,,,,,,,,,,,,,,,,,,,,,,,
2013-12-11,6XW1A8M1,ST32000542AS,2000398934016,0,,72346573,,,,,,,,0,,,,,,31468,,,,,,,,,,,,,,,,,,,,,,,,,,,,,,22,,,,,,0,,,,,,,,,,,,,,,,,,,,,,,,,,,,
2013-12-11,PL1311LAG38V1H,Hitachi HDS5C4040ALE630,4000787030016,0,,0,,,,,,,,0,,,,,,3631,,,,,,,,,,,,,,,,,,,,,,,,,,,,,,29,,,,,,0,,,,,,,,,,,,,,,,,,,,,,,,,,,,
2013-12-11,JK11A8B9J76GDF,Hitachi HDS722020ALA330,2000398934016,0,,2,,,,,,,,0,,,,,,22020,,,,,,,,,,,,,,,,,,,,,,,,,,,,,,27,,,,,,0,,,,,,,,,,,,,,,,,,,,,,,,,,,,
2013-12-11,MJ1313YNG1HAAC,Hitachi HDS5C3030ALA630,3000592982016,0,,0,,,,,,,,0,,,,,,21796,,,,,,,,,,,,,,,,,,,,,,,,,,,,,,23,,,,,,0,,,,,,,,,,,,,,,,,,,,,,,,,,,,
2013-12-11,Z300NRQM,ST4000DM000,4000787030016,0,,148291824,,,,,,,,0,,,,,,1233,,,,,,,,,,,,,,,,,,,,,,,,,,,,,,19,,,,,,0,,,,,,,,,,,,,,,,,,,,,,,,,,,,
2013-12-11,W1F09HEV,ST3000DM001,3000592982016,0,,61625912,,,,,,,,0,,,,,,13858,,,,,,,,,,,,,,,,,,,,,,,,,,,,,,24,,,,,,8,,,,,,,,,,,,,,,,,,,,,,,,,,,,
2013-12-11,JK11A8B9HKUETF,Hitachi HDS722020ALA330,2000398934016,0,,0,,,,,,,,0,,,,,,24914,,,,,,,,,,,,,,,,,,,,,,,,,,,,,,30,,,,,,0,,,,,,,,,,,,,,,,,,,,,,,,,,,,
2013-12-11,MJ1311YNG3EZLA,Hitachi HDS5C3030ALA630,3000592982016,0,,0,,,,,,,,0,,,,,,19587,,,,,,,,,,,,,,,,,,,,,,,,,,,,,,22,,,,,,0,,,,,,,,,,,,,,,,,,,,,,,,,,,,
2013-12-11,JK1105B8J36E7X,Hitachi HDS722020ALA330,2000398934016,0,,1,,,,,,,,2,,,,,,22703,,,,,,,,,,,,,,,,,,,,,,,,,,,,,,30,,,,,,0,,,,,,,,,,,,,,,,,,,,,,,,,,,,
2013-12-11,MK0333YHGPG18C,Hitachi HDS723030ALA640,3000592982016,0,,0,,,,,,,,0,,,,,,17755,,,,,,,,,,,,,,,,,,,,,,,,,,,,,,22,,,,,,0,,,,,,,,,,,,,,,,,,,,,,,,,,,,
2013-12-11,MK0311YHG309UA,Hitachi HDS723030ALA640,3000592982016,0,,0,,,,,,,,0,,,,,,22347,,,,,,,,,,,,,,,,,,,,,,,,,,,,,,23,,,,,,0,,,,,,,,,,,,,,,,,,,,,,,,,,,,
2013-12-11,MJ0351YNGAD6DA,Hitachi HDS5C3030ALA630,3000592982016,0,,0,,,,,,,,0,,,,,,8212,,,,,,,,,,,,,,,,,,,,,,,,,,,,,,33,,,,,,0,,,,,,,,,,,,,,,,,,,,,,,,,,,,
2013-12-11,9VS3JCN6,ST31500341AS,1500301910016,0,,56658639,,,,,,,,42,,,,,,32891,,,,,,,,,,,,,,,,,,,,,,,,,,,,,,20,,,,,,0,,,,,,,,,,,,,,,,,,,,,,,,,,,,
2013-12-11,S1F0S52H,ST3000DM001,3000592982016,0,,155525160,,,,,,,,0,,,,,,10726,,,,,,,,,,,,,,,,,,,,,,,,,,,,,,24,,,,,,0,,,,,,,,,,,,,,,,,,,,,,,,,,,,
2013-12-11,W1F09P6R,ST3000DM001,3000592982016,0,,31406296,,,,,,,,0,,,,,,13745,,,,,,,,,,,,,,,,,,,,,,,,,,,,,,19,,,,,,0,,,,,,,,,,,,,,,,,,,,,,,,,,,,
2013-12-11,MJ1323YNG1T0SC,Hitachi HDS5C3030ALA630,3000592982016,0,,393223,,,,,,,,0,,,,,,19731,,,,,,,,,,,,,,,,,,,,,,,,,,,,,,22,,,,,,0,,,,,,,,,,,,,,,,,,,,,,,,,,,,
2013-12-11,W1F09P6K,ST3000DM001,3000592982016,0,,141824368,,,,,,,,0,,,,,,13885,,,,,,,,,,,,,,,,,,,,,,,,,,,,,,23,,,,,,0,,,,,,,,,,,,,,,,,,,,,,,,,,,,
2013-12-11,JK11A8B9J77H6F,Hitachi HDS722020ALA330,2000398934016,0,,65536,,,,,,,,0,,,,,,22686,,,,,,,,,,,,,,,,,,,,,,,,,,,,,,21,,,,,,0,,,,,,,,,,,,,,,,,,,,,,,,,,,,
2013-12-11,W1F09P6G,ST3000DM001,3000592982016,0,,137176616,,,,,,,,0,,,,,,13880,,,,,,,,,,,,,,,,,,,,,,,,,,,,,,27,,,,,,0,,,,,,,,,,,,,,,,,,,,,,,,,,,,
2013-12-11,MJ0351YNG9YH7A,Hitachi HDS5C3030ALA630,3000592982016,0,,0,,,,,,,,0,,,,,,9989,,,,,,,,,,,,,,,,,,,,,,,,,,,,,,27,,,,,,0,,,,,,,,,,,,,,,,,,,,,,,,,,,,
2013-12-11,MJ0351YNGA902A,Hitachi HDS5C3030ALA630,3000592982016,0,,0,,,,,,,,0,,,,,,8214,,,,,,,,,,,,,,,,,,,,,,,,,,,,,,27,,,,,,0,,,,,,,,,,,,,,,,,,,,,,,,,,,,
2013-12-11,9XW01VEP,ST31500541AS,1500301910016,0,,190490885,,,,,,,,252,,,,,,35649,,,,,,,,,,,,,,,,,,,,,,,,,,,,,,20,,,,,,0,,,,,,,,,,,,,,,,,,,,,,,,,,,,
2013-12-11,5XW02ANJ,ST31500541AS,1500301910016,0,,177145571,,,,,,,,0,,,,,,35783,,,,,,,,,,,,,,,,,,,,,,,,,,,,,,22,,,,,,0,,,,,,,,,,,,,,,,,,,,,,,,,,,,
2013-12-11,Z300NK0F,ST4000DM000,4000787030016,0,,66401568,,,,,,,,0,,,,,,1094,,,,,,,,,,,,,,,,,,,,,,,,,,,,,,22,,,,,,0,,,,,,,,,,,,,,,,,,,,,,,,,,,,
2013-12-11,W300E0EQ,ST4000DM000,4000787030016,0,,193073760,,,,,,,,0,,,,,,3238,,,,,,,,,,,,,,,,,,,,,,,,,,,,,,21,,,,,,0,,,,,,,,,,,,,,,,,,,,,,,,,,,,
2013-12-11,S1F0316N,ST3000DM001,3000592982016,0,,228456792,,,,,,,,480,,,,,,15343,,,,,,,,,,,,,,,,,,,,,,,,,,,,,,27,,,,,,0,,,,,,,,,,,,,,,,,,,,,,,,,,,,
2013-12-11,9XW01VEX,ST31500541AS,1500301910016,0,,28352923,,,,,,,,0,,,,,,34744,,,,,,,,,,,,,,,,,,,,,,,,,,,,,,18,,,,,,0,,,,,,,,,,,,,,,,,,,,,,,,,,,,
2013-12-11,WD-WCAWZ1028183,WDC WD30EZRX,3000592982016,0,,0,,,,,,,,0,,,,,,17597,,,,,,,,,,,,,,,,,,,,,,,,,,,,,,21,,,,,,0,,,,,,,,,,,,,,,,,,,,,,,,,,,,
2013-12-11,6XW056H9,ST31500541AS,1500301910016,0,,80047096,,,,,,,,0,,,,,,36451,,,,,,,,,,,,,,,,,,,,,,,,,,,,,,19,,,,,,0,,,,,,,,,,,,,,,,,,,,,,,,,,,,
2013-12-11,S1F06GA9,ST3000DM001,3000592982016,0,,145808440,,,,,,,,0,,,,,,13358,,,,,,,,,,,,,,,,,,,,,,,,,,,,,,23,,,,,,0,,,,,,,,,,,,,,,,,,,,,,,,,,,,
2013-12-11,S1F06JC9,ST3000DM001,3000592982016,0,,44849224,,,,,,,,0,,,,,,13882,,,,,,,,,,,,,,,,,,,,,,,,,,,,,,28,,,,,,0,,,,,,,,,,,,,,,,,,,,,,,,,,,,
2013-12-11,W1F0M4F8,ST3000DM001,3000592982016,0,,21027008,,,,,,,,0,,,,,,12168,,,,,,,,,,,,,,,,,,,,,,,,,,,,,,24,,,,,,0,,,,,,,,,,,,,,,,,,,,,,,,,,,,
2013-12-11,Z300KC4R,ST4000DM000,4000787030016,0,,187957488,,,,,,,,0,,,,,,2241,,,,,,,,,,,,,,,,,,,,,,,,,,,,,,19,,,,,,0,,,,,,,,,,,,,,,,,,,,,,,,,,,,
2013-12-11,Z300KC4X,ST4000DM000,4000787030016,0,,11451392,,,,,,,,0,,,,,,1848,,,,,,,,,,,,,,,,,,,,,,,,,,,,,,22,,,,,,0,,,,,,,,,,,,,,,,,,,,,,,,,,,,
2013-12-11,Z1F02MRX,ST3000DM001,3000592982016,0,,38977680,,,,,,,,0,,,,,,4475,,,,,,,,,,,,,,,,,,,,,,,,,,,,,,34,,,,,,0,,,,,,,,,,,,,,,,,,,,,,,,,,,,
2013-12-11,MJ1311YNG221HA,Hitachi HDS5C3030ALA630,3000592982016,0,,0,,,,,,,,0,,,,,,18067,,,,,,,,,,,,,,,,,,,,,,,,,,,,,,25,,,,,,0,,,,,,,,,,,,,,,,,,,,,,,,,,,,
2013-12-11,6XW0B7S6,ST31500541AS,1500301910016,0,,38085271,,,,,,,,0,,,,,,32219,,,,,,,,,,,,,,,,,,,,,,,,,,,,,,21,,,,,,0,,,,,,,,,,,,,,,,,,,,,,,,,,,,
2013-12-11,MJ1311YNG3H8DA,Hitachi HDS5C3030ALA630,3000592982016,0,,65536,,,,,,,,0,,,,,,20729,,,,,,,,,,,,,,,,,,,,,,,,,,,,,,30,,,,,,0,,,,,,,,,,,,,,,,,,,,,,,,,,,,
2013-12-11,9VS3HP8K,ST31500341AS,1500301910016,0,,12933316,,,,,,,,6,,,,,,32915,,,,,,,,,,,,,,,,,,,,,,,,,,,,,,24,,,,,,0,,,,,,,,,,,,,,,,,,,,,,,,,,,,
2013-12-11,6XW0W3XX,ST31500541AS,1500301910016,0,,140023255,,,,,,,,450,,,,,,34166,,,,,,,,,,,,,,,,,,,,,,,,,,,,,,22,,,,,,0,,,,,,,,,,,,,,,,,,,,,,,,,,,,
2013-12-11,WD-WCAU44869117,WDC WD10EACS,1000204886016,0,,0,,,,,,,,0,,,,,,43335,,,,,,,,,,,,,,,,,,,,,,,,,,,,,,20,,,,,,0,,,,,,,,,,,,,,,,,,,,,,,,,,,,
2013-12-11,6XW0W3XK,ST31500541AS,1500301910016,0,,10686799,,,,,,,,0,,,,,,34172,,,,,,,,,,,,,,,,,,,,,,,,,,,,,,21,,,,,,0,,,,,,,,,,,,,,,,,,,,,,,,,,,,
2013-12-11,9VS3MFM2,ST31500341AS,1500301910016,0,,89287610,,,,,,,,9,,,,,,23815,,,,,,,,,,,,,,,,,,,,,,,,,,,,,,24,,,,,,0,,,,,,,,,,,,,,,,,,,,,,,,,,,,
2013-12-11,W300E0E8,ST4000DM000,4000787030016,0,,194162248,,,,,,,,0,,,,,,4136,,,,,,,,,,,,,,,,,,,,,,,,,,,,,,20,,,,,,0,,,,,,,,,,,,,,,,,,,,,,,,,,,,
2013-12-11,MJ0351YNG9VRWA,Hitachi HDS5C3030ALA630,3000592982016,0,,0,,,,,,,,0,,,,,,7938,,,,,,,,,,,,,,,,,,,,,,,,,,,,,,22,,,,,,0,,,,,,,,,,,,,,,,,,,,,,,,,,,,
2013-12-11,W300B6KM,ST4000DM000,4000787030016,0,,229044328,,,,,,,,0,,,,,,3610,,,,,,,,,,,,,,,,,,,,,,,,,,,,,,23,,,,,,0,,,,,,,,,,,,,,,,,,,,,,,,,,,,
2013-12-11,Z1Z04V7A,ST4000DX000,4000787030016,0,,13739496,,,,,,,,0,,,,,,5038,,,,,,,,,,,,,,,,,,,,,,,,,,,,,,31,,,,,,0,,,,,,,,,,,,,,,,,,,,,,,,,,,,
2013-12-11,Z300WWNE,ST4000DM000,4000787030016,0,,43585632,,,,,,,,0,,,,,,948,,,,,,,,,,,,,,,,,,,,,,,,,,,,,,21,,,,,,0,,,,,,,,,,,,,,,,,,,,,,,,,,,,
2013-12-11,W1F0MNDQ,ST3000DM001,3000592982016,0,,170850272,,,,,,,,0,,,,,,11641,,,,,,,,,,,,,,,,,,,,,,,,,,,,,,25,,,,,,0,,,,,,,,,,,,,,,,,,,,,,,,,,,,
2013-12-11,JK11A8YBKYKA3F,Hitachi HDS722020ALA330,2000398934016,0,,131075,,,,,,,,0,,,,,,27871,,,,,,,,,,,,,,,,,,,,,,,,,,,,,,27,,,,,,0,,,,,,,,,,,,,,,,,,,,,,,,,,,,
2013-12-11,6XW03CGS,ST31500541AS,1500301910016,0,,160978354,,,,,,,,0,,,,,,36069,,,,,,,,,,,,,,,,,,,,,,,,,,,,,,19,,,,,,0,,,,,,,,,,,,,,,,,,,,,,,,,,,,
2013-12-11,JK1105B8GGW8YX,Hitachi HDS722020ALA330,2000398934016,0,,131072,,,,,,,,0,,,,,,27160,,,,,,,,,,,,,,,,,,,,,,,,,,,,,,30,,,,,,0,,,,,,,,,,,,,,,,,,,,,,,,,,,,
2013-12-11,Z1F02F1D,ST3000DM001,3000592982016,0,,206182872,,,,,,,,0,,,,,,15432,,,,,,,,,,,,,,,,,,,,,,,,,,,,,,21,,,,,,0,,,,,,,,,,,,,,,,,,,,,,,,,,,,
2013-12-11,MJ1311YNG5RB3A,Hitachi HDS5C3030ALA630,3000592982016,0,,0,,,,,,,,0,,,,,,14289,,,,,,,,,,,,,,,,,,,,,,,,,,,,,,31,,,,,,0,,,,,,,,,,,,,,,,,,,,,,,,,,,,
2013-12-11,W1F08Q74,ST3000DM001,3000592982016,0,,86829784,,,,,,,,0,,,,,,15237,,,,,,,,,,,,,,,,,,,,,,,,,,,,,,21,,,,,,0,,,,,,,,,,,,,,,,,,,,,,,,,,,,
2013-12-11,MJ0351YNGA59AA,Hitachi HDS5C3030ALA630,3000592982016,0,,0,,,,,,,,0,,,,,,9312,,,,,,,,,,,,,,,,,,,,,,,,,,,,,,30,,,,,,0,,,,,,,,,,,,,,,,,,,,,,,,,,,,
2013-12-11,JK11A8B9J98X5F,Hitachi HDS722020ALA330,2000398934016,0,,0,,,,,,,,0,,,,,,24496,,,,,,,,,,,,,,,,,,,,,,,,,,,,,,28,,,,,,0,,,,,,,,,,,,,,,,,,,,,,,,,,,,
2013-12-11,5XW0LBN7,ST32000542AS,2000398934016,0,,205325897,,,,,,,,0,,,,,,30880,,,,,,,,,,,,,,,,,,,,,,,,,,,,,,18,,,,,,0,,,,,,,,,,,,,,,,,,,,,,,,,,,,
2013-12-11,Z300WFCS,ST4000DM000,4000787030016,0,,48871064,,,,,,,,0,,,,,,886,,,,,,,,,,,,,,,,,,,,,,,,,,,,,,25,,,,,,0,,,,,,,,,,,,,,,,,,,,,,,,,,,,
2013-12-11,S1F0LBR5,ST3000DM001,3000592982016,0,,138665040,,,,,,,,0,,,,,,12248,,,,,,,,,,,,,,,,,,,,,,,,,,,,,,23,,,,,,0,,,,,,,,,,,,,,,,,,,,,,,,,,,,
2013-12-11,Z300XEE2,ST4000DM000,4000787030016,0,,60354232,,,,,,,,0,,,,,,612,,,,,,,,,,,,,,,,,,,,,,,,,,,,,,18,,,,,,0,,,,,,,,,,,,,,,,,,,,,,,,,,,,
2013-12-11,Z300XEE0,ST4000DM000,4000787030016,0,,217809312,,,,,,,,0,,,,,,948,,,,,,,,,,,,,,,,,,,,,,,,,,,,,,21,,,,,,0,,,,,,,,,,,,,,,,,,,,,,,,,,,,
2013-12-11,Z300PC9X,ST4000DM000,4000787030016,0,,177733776,,,,,,,,0,,,,,,1232,,,,,,,,,,,,,,,,,,,,,,,,,,,,,,21,,,,,,0,,,,,,,,,,,,,,,,,,,,,,,,,,,,
2013-12-11,JK11A8B9J0U5AF,Hitachi HDS722020ALA330,2000398934016,0,,0,,,,,,,,0,,,,,,26010,,,,,,,,,,,,,,,,,,,,,,,,,,,,,,27,,,,,,0,,,,,,,,,,,,,,,,,,,,,,,,,,,,
2013-12-11,JK11A8B9HWEWVF,Hitachi HDS722020ALA330,2000398934016,0,,0,,,,,,,,0,,,,,,24493,,,,,,,,,,,,,,,,,,,,,,,,,,,,,,30,,,,,,0,,,,,,,,,,,,,,,,,,,,,,,,,,,,
2013-12-11,MJ1321YNG0GXMA,Hitachi HDS5C3030ALA630,3000592982016,0,,0,,,,,,,,0,,,,,,20503,,,,,,,,,,,,,,,,,,,,,,,,,,,,,,27,,,,,,0,,,,,,,,,,,,,,,,,,,,,,,,,,,,
2013-12-11,W300BBBX,ST4000DM000,4000787030016,0,,161548216,,,,,,,,0,,,,,,4138,,,,,,,,,,,,,,,,,,,,,,,,,,,,,,25,,,,,,0,,,,,,,,,,,,,,,,,,,,,,,,,,,,
2013-12-11,Z300K8TE,ST4000DM000,4000787030016,0,,177738064,,,,,,,,0,,,,,,2220,,,,,,,,,,,,,,,,,,,,,,,,,,,,,,25,,,,,,0,,,,,,,,,,,,,,,,,,,,,,,,,,,,
2013-12-11,W300B6K8,ST4000DM000,4000787030016,0,,101942144,,,,,,,,0,,,,,,3611,,,,,,,,,,,,,,,,,,,,,,,,,,,,,,23,,,,,,0,,,,,,,,,,,,,,,,,,,,,,,,,,,,
2013-12-11,Z300558S,ST4000DM000,4000787030016,0,,182560816,,,,,,,,0,,,,,,5420,,,,,,,,,,,,,,,,,,,,,,,,,,,,,,22,,,,,,0,,,,,,,,,,,,,,,,,,,,,,,,,,,,
2013-12-11,S1F0S3DF,ST3000DM001,3000592982016,0,,83670312,,,,,,,,0,,,,,,10743,,,,,,,,,,,,,,,,,,,,,,,,,,,,,,24,,,,,,0,,,,,,,,,,,,,,,,,,,,,,,,,,,,
2013-12-11,Z300KJM9,ST4000DM000,4000787030016,0,,168530840,,,,,,,,0,,,,,,105,,,,,,,,,,,,,,,,,,,,,,,,,,,,,,22,,,,,,0,,,,,,,,,,,,,,,,,,,,,,,,,,,,
2013-12-11,Z300X7M4,ST4000DM000,4000787030016,0,,41790216,,,,,,,,0,,,,,,918,,,,,,,,,,,,,,,,,,,,,,,,,,,,,,21,,,,,,0,,,,,,,,,,,,,,,,,,,,,,,,,,,,
2013-12-11,MJ1311YNG02YUA,Hitachi HDS5C3030ALA630,3000592982016,0,,0,,,,,,,,0,,,,,,18066,,,,,,,,,,,,,,,,,,,,,,,,,,,,,,23,,,,,,0,,,,,,,,,,,,,,,,,,,,,,,,,,,,
2013-12-11,9VS1P56S,ST31500341AS,1500301910016,0,,150100332,,,,,,,,7,,,,,,40073,,,,,,,,,,,,,,,,,,,,,,,,,,,,,,29,,,,,,0,,,,,,,,,,,,,,,,,,,,,,,,,,,,
2013-12-11,PL1321LAG36ABH,Hitachi HDS5C4040ALE630,4000787030016,0,,0,,,,,,,,0,,,,,,6648,,,,,,,,,,,,,,,,,,,,,,,,,,,,,,20,,,,,,0,,,,,,,,,,,,,,,,,,,,,,,,,,,,
2013-12-11,W1F08HRB,ST3000DM001,3000592982016,0,,169314552,,,,,,,,0,,,,,,15223,,,,,,,,,,,,,,,,,,,,,,,,,,,,,,20,,,,,,0,,,,,,,,,,,,,,,,,,,,,,,,,,,,
2013-12-11,PL1311LAG33HNH,Hitachi HDS5C4040ALE630,4000787030016,0,,0,,,,,,,,0,,,,,,5058,,,,,,,,,,,,,,,,,,,,,,,,,,,,,,31,,,,,,0,,,,,,,,,,,,,,,,,,,,,,,,,,,,
2013-12-11,S1F02YQK,ST3000DM001,3000592982016,0,,162278072,,,,,,,,64640,,,,,,16177,,,,,,,,,,,,,,,,,,,,,,,,,,,,,,27,,,,,,96,,,,,,,,,,,,,,,,,,,,,,,,,,,,
2013-12-11,S1F02YQC,ST3000DM001,3000592982016,0,,102405088,,,,,,,,0,,,,,,15621,,,,,,,,,,,,,,,,,,,,,,,,,,,,,,25,,,,,,0,,,,,,,,,,,,,,,,,,,,,,,,,,,,
2013-12-11,Z300L7VQ,ST4000DM000,4000787030016,0,,56608168,,,,,,,,0,,,,,,1093,,,,,,,,,,,,,,,,,,,,,,,,,,,,,,25,,,,,,0,,,,,,,,,,,,,,,,,,,,,,,,,,,,
2013-12-11,MJ1321YNG0TZLA,Hitachi HDS5C3030ALA630,3000592982016,0,,0,,,,,,,,0,,,,,,18596,,,,,,,,,,,,,,,,,,,,,,,,,,,,,,25,,,,,,0,,,,,,,,,,,,,,,,,,,,,,,,,,,,
2013-12-11,PL1311LAG3EB4H,Hitachi HDS5C4040ALE630,4000787030016,0,,0,,,,,,,,0,,,,,,5949,,,,,,,,,,,,,,,,,,,,,,,,,,,,,,23,,,,,,0,,,,,,,,,,,,,,,,,,,,,,,,,,,,
2013-12-11,Z290V5L3,ST33000651AS,3000592982016,0,,17946094,,,,,,,,0,,,,,,15916,,,,,,,,,,,,,,,,,,,,,,,,,,,,,,28,,,,,,0,,,,,,,,,,,,,,,,,,,,,,,,,,,,
2013-12-11,PL1311LAG3D9JH,Hitachi HDS5C4040ALE630,4000787030016,0,,0,,,,,,,,0,,,,,,5304,,,,,,,,,,,,,,,,,,,,,,,,,,,,,,24,,,,,,0,,,,,,,,,,,,,,,,,,,,,,,,,,,,
2013-12-11,S1F02YQ2,ST3000DM001,3000592982016,0,,216261624,,,,,,,,0,,,,,,15401,,,,,,,,,,,,,,,,,,,,,,,,,,,,,,23,,,,,,0,,,,,,,,,,,,,,,,,,,,,,,,,,,,
2013-12-11,PL1311LAG39ZBH,Hitachi HDS5C4040ALE630,4000787030016,0,,0,,,,,,,,0,,,,,,6071,,,,,,,,,,,,,,,,,,,,,,,,,,,,,,20,,,,,,0,,,,,,,,,,,,,,,,,,,,,,,,,,,,
2013-12-11,JK11A8B9J7VDNF,Hitachi HDS722020ALA330,2000398934016,0,,0,,,,,,,,0,,,,,,25665,,,,,,,,,,,,,,,,,,,,,,,,,,,,,,27,,,,,,0,,,,,,,,,,,,,,,,,,,,,,,,,,,,
2013-12-11,S1F02RG0,ST3000DM001,3000592982016,0,,54864744,,,,,,,,0,,,,,,15192,,,,,,,,,,,,,,,,,,,,,,,,,,,,,,19,,,,,,0,,,,,,,,,,,,,,,,,,,,,,,,,,,,
2013-12-11,MK0301YHGLKXHD,Hitachi HDS723030ALA640,3000592982016,0,,35913947,,,,,,,,0,,,,,,17010,,,,,,,,,,,,,,,,,,,,,,,,,,,,,,33,,,,,,0,,,,,,,,,,,,,,,,,,,,,,,,,,,,
2013-12-11,PL1321LAG363NH,Hitachi HDS5C4040ALE630,4000787030016,0,,0,,,,,,,,0,,,,,,5052,,,,,,,,,,,,,,,,,,,,,,,,,,,,,,27,,,,,,0,,,,,,,,,,,,,,,,,,,,,,,,,,,,
2013-12-11,PL1321LAG35L2H,Hitachi HDS5C4040ALE630,4000787030016,0,,0,,,,,,,,0,,,,,,6568,,,,,,,,,,,,,,,,,,,,,,,,,,,,,,30,,,,,,0,,,,,,,,,,,,,,,,,,,,,,,,,,,,
2013-12-11,WD-WMAWZ0260490,WDC WD30EZRX,3000592982016,0,,0,,,,,,,,0,,,,,,12946,,,,,,,,,,,,,,,,,,,,,,,,,,,,,,25,,,,,,0,,,,,,,,,,,,,,,,,,,,,,,,,,,,
2013-12-11,9XW01T0A,ST31500541AS,1500301910016,0,,121482243,,,,,,,,0,,,,,,35437,,,,,,,,,,,,,,,,,,,,,,,,,,,,,,19,,,,,,0,,,,,,,,,,,,,,,,,,,,,,,,,,,,
2013-12-11,JK11A8B9JPZJLF,Hitachi HDS722020ALA330,2000398934016,0,,0,,,,,,,,0,,,,,,24112,,,,,,,,,,,,,,,,,,,,,,,,,,,,,,29,,,,,,0,,,,,,,,,,,,,,,,,,,,,,,,,,,,
2013-12-11,6XW0SG21,ST31500541AS,1500301910016,0,,141492257,,,,,,,,0,,,,,,34199,,,,,,,,,,,,,,,,,,,,,,,,,,,,,,20,,,,,,0,,,,,,,,,,,,,,,,,,,,,,,,,,,,
2013-12-11,JK11A8YBKYUMLF,Hitachi HDS722020ALA330,2000398934016,0,,0,,,,,,,,0,,,,,,27861,,,,,,,,,,,,,,,,,,,,,,,,,,,,,,28,,,,,,0,,,,,,,,,,,,,,,,,,,,,,,,,,,,
2013-12-11,MJ0351YNGA6ZNA,Hitachi HDS5C3030ALA630,3000592982016,0,,0,,,,,,,,0,,,,,,8093,,,,,,,,,,,,,,,,,,,,,,,,,,,,,,23,,,,,,0,,,,,,,,,,,,,,,,,,,,,,,,,,,,
2013-12-11,PL1311LAG387VH,Hitachi HDS5C4040ALE630,4000787030016,0,,0,,,,,,,,0,,,,,,5949,,,,,,,,,,,,,,,,,,,,,,,,,,,,,,24,,,,,,0,,,,,,,,,,,,,,,,,,,,,,,,,,,,
2013-12-11,S1F02H8D,ST3000DM001,3000592982016,0,,103326736,,,,,,,,0,,,,,,13364,,,,,,,,,,,,,,,,,,,,,,,,,,,,,,21,,,,,,0,,,,,,,,,,,,,,,,,,,,,,,,,,,,
2013-12-11,JK11A8B9J3M0DF,Hitachi HDS722020ALA330,2000398934016,0,,0,,,,,,,,0,,,,,,23710,,,,,,,,,,,,,,,,,,,,,,,,,,,,,,25,,,,,,0,,,,,,,,,,,,,,,,,,,,,,,,,,,,
2013-12-11,S1F136BS,ST3000DM001,3000592982016,0,,86899872,,,,,,,,0,,,,,,8652,,,,,,,,,,,,,,,,,,,,,,,,,,,,,,27,,,,,,0,,,,,,,,,,,,,,,,,,,,,,,,,,,,
2013-12-11,JK11A8B9J7MMBF,Hitachi HDS722020ALA330,2000398934016,0,,0,,,,,,,,0,,,,,,22300,,,,,,,,,,,,,,,,,,,,,,,,,,,,,,28,,,,,,0,,,,,,,,,,,,,,,,,,,,,,,,,,,,
2013-12-11,MJ0351YNGA6PPA,Hitachi HDS5C3030ALA630,3000592982016,0,,0,,,,,,,,0,,,,,,9142,,,,,,,,,,,,,,,,,,,,,,,,,,,,,,30,,,,,,0,,,,,,,,,,,,,,,,,,,,,,,,,,,,
2013-12-11,MJ1311YNG3KWHA,Hitachi HDS5C3030ALA630,3000592982016,0,,0,,,,,,,,0,,,,,,19586,,,,,,,,,,,,,,,,,,,,,,,,,,,,,,20,,,,,,0,,,,,,,,,,,,,,,,,,,,,,,,,,,,
2013-12-11,MJ0351YNGA6DDA,Hitachi HDS5C3030ALA630,3000592982016,0,,0,,,,,,,,0,,,,,,8545,,,,,,,,,,,,,,,,,,,,,,,,,,,,,,28,,,,,,0,,,,,,,,,,,,,,,,,,,,,,,,,,,,
2013-12-11,PL1321LAGAYDWH,Hitachi HDS5C4040ALE630,4000787030016,0,,0,,,,,,,,0,,,,,,5064,,,,,,,,,,,,,,,,,,,,,,,,,,,,,,31,,,,,,0,,,,,,,,,,,,,,,,,,,,,,,,,,,,
2013-12-11,JK11A8B9GP9B0F,Hitachi HDS722020ALA330,2000398934016,0,,0,,,,,,,,0,,,,,,26493,,,,,,,,,,,,,,,,,,,,,,,,,,,,,,27,,,,,,0,,,,,,,,,,,,,,,,,,,,,,,,,,,,
2013-12-11,Z290VVQF,ST33000651AS,3000592982016,0,,204377288,,,,,,,,0,,,,,,15604,,,,,,,,,,,,,,,,,,,,,,,,,,,,,,25,,,,,,0,,,,,,,,,,,,,,,,,,,,,,,,,,,,
2013-12-11,S1F0R5FV,ST3000DM001,3000592982016,0,,91630864,,,,,,,,0,,,,,,10737,,,,,,,,,,,,,,,,,,,,,,,,,,,,,,25,,,,,,0,,,,,,,,,,,,,,,,,,,,,,,,,,,,
2013-12-11,MJ0351YNGAA4VA,Hitachi HDS5C3030ALA630,3000592982016,0,,0,,,,,,,,0,,,,,,8211,,,,,,,,,,,,,,,,,,,,,,,,,,,,,,34,,,,,,0,,,,,,,,,,,,,,,,,,,,,,,,,,,,
2013-12-11,Z300XEJ1,ST4000DM000,4000787030016,0,,171084496,,,,,,,,0,,,,,,948,,,,,,,,,,,,,,,,,,,,,,,,,,,,,,21,,,,,,0,,,,,,,,,,,,,,,,,,,,,,,,,,,,
2013-12-11,JK11A8B9J7DBJF,Hitachi HDS722020ALA330,2000398934016,0,,393218,,,,,,,,86,,,,,,26010,,,,,,,,,,,,,,,,,,,,,,,,,,,,,,27,,,,,,1,,,,,,,,,,,,,,,,,,,,,,,,,,,,
2013-12-11,JK11A8B9J902HF,Hitachi HDS722020ALA330,2000398934016,0,,0,,,,,,,,0,,,,,,24983,,,,,,,,,,,,,,,,,,,,,,,,,,,,,,29,,,,,,0,,,,,,,,,,,,,,,,,,,,,,,,,,,,
2013-12-11,JK11A1YAJH8MTV,Hitachi HDS722020ALA330,2000398934016,0,,0,,,,,,,,0,,,,,,28849,,,,,,,,,,,,,,,,,,,,,,,,,,,,,,27,,,,,,0,,,,,,,,,,,,,,,,,,,,,,,,,,,,
2013-12-11,9VS3GNGZ,ST31500341AS,1500301910016,0,,118968096,,,,,,,,11,,,,,,32917,,,,,,,,,,,,,,,,,,,,,,,,,,,,,,21,,,,,,0,,,,,,,,,,,,,,,,,,,,,,,,,,,,
2013-12-11,MK0301YHGM5ZBA,Hitachi HDS723030ALA640,3000592982016,0,,0,,,,,,,,0,,,,,,17017,,,,,,,,,,,,,,,,,,,,,,,,,,,,,,29,,,,,,0,,,,,,,,,,,,,,,,,,,,,,,,,,,,
2013-12-11,MJ0351YNGA5RZA,Hitachi HDS5C3030ALA630,3000592982016,0,,0,,,,,,,,0,,,,,,9132,,,,,,,,,,,,,,,,,,,,,,,,,,,,,,26,,,,,,0,,,,,,,,,,,,,,,,,,,,,,,,,,,,
2013-12-11,S1F05SVF,ST3000DM001,3000592982016,0,,204556288,,,,,,,,0,,,,,,12395,,,,,,,,,,,,,,,,,,,,,,,,,,,,,,22,,,,,,0,,,,,,,,,,,,,,,,,,,,,,,,,,,,
2013-12-11,WD-WCAU45178311,WDC WD10EADS,1000204886016,0,,1,,,,,,,,0,,,,,,41848,,,,,,,,,,,,,,,,,,,,,,,,,,,,,,29,,,,,,0,,,,,,,,,,,,,,,,,,,,,,,,,,,,
2013-12-11,WD-WMAWZ0264779,WDC WD30EZRX,3000592982016,0,,0,,,,,,,,0,,,,,,12704,,,,,,,,,,,,,,,,,,,,,,,,,,,,,,21,,,,,,0,,,,,,,,,,,,,,,,,,,,,,,,,,,,
2013-12-11,JK11A8B9J7981F,Hitachi HDS722020ALA330,2000398934016,0,,0,,,,,,,,0,,,,,,22702,,,,,,,,,,,,,,,,,,,,,,,,,,,,,,30,,,,,,0,,,,,,,,,,,,,,,,,,,,,,,,,,,,
2013-12-11,Z300MJ5G,ST4000DM000,4000787030016,0,,212729136,,,,,,,,0,,,,,,2901,,,,,,,,,,,,,,,,,,,,,,,,,,,,,,29,,,,,,0,,,,,,,,,,,,,,,,,,,,,,,,,,,,
2013-12-11,JK11A8YBKYTJ0F,Hitachi HDS722020ALA330,2000398934016,0,,0,,,,,,,,0,,,,,,27861,,,,,,,,,,,,,,,,,,,,,,,,,,,,,,27,,,,,,0,,,,,,,,,,,,,,,,,,,,,,,,,,,,
2013-12-11,W1F0W2JT,ST3000DM001,3000592982016,0,,232871888,,,,,,,,0,,,,,,10725,,,,,,,,,,,,,,,,,,,,,,,,,,,,,,25,,,,,,0,,,,,,,,,,,,,,,,,,,,,,,,,,,,
2013-12-11,JK1101B9JPRA6R,Hitachi HDS722020ALA330,2000398934016,0,,0,,,,,,,,0,,,,,,23991,,,,,,,,,,,,,,,,,,,,,,,,,,,,,,35,,,,,,0,,,,,,,,,,,,,,,,,,,,,,,,,,,,
2013-12-11,PL1311LAG18H2A,Hitachi HDS5C4040ALE630,4000787030016,0,,0,,,,,,,,0,,,,,,7457,,,,,,,,,,,,,,,,,,,,,,,,,,,,,,27,,,,,,0,,,,,,,,,,,,,,,,,,,,,,,,,,,,
2013-12-11,WD-WCAU45358407,WDC WD10EADS,1000204886016,0,,2,,,,,,,,0,,,,,,41426,,,,,,,,,,,,,,,,,,,,,,,,,,,,,,27,,,,,,0,,,,,,,,,,,,,,,,,,,,,,,,,,,,
2013-12-11,WD-WCAWZ1152343,WDC WD30EZRX,3000592982016,0,,29,,,,,,,,0,,,,,,17610,,,,,,,,,,,,,,,,,,,,,,,,,,,,,,19,,,,,,0,,,,,,,,,,,,,,,,,,,,,,,,,,,,
2013-12-11,Z300K0L4,ST4000DM000,4000787030016,0,,157398784,,,,,,,,0,,,,,,2218,,,,,,,,,,,,,,,,,,,,,,,,,,,,,,22,,,,,,0,,,,,,,,,,,,,,,,,,,,,,,,,,,,
2013-12-11,S1F0FYJ5,ST3000DM001,3000592982016,0,,228272,,,,,,,,0,,,,,,12173,,,,,,,,,,,,,,,,,,,,,,,,,,,,,,33,,,,,,0,,,,,,,,,,,,,,,,,,,,,,,,,,,,
2013-12-11,W1F0S0J7,ST3000DM001,3000592982016,0,,240430576,,,,,,,,0,,,,,,11022,,,,,,,,,,,,,,,,,,,,,,,,,,,,,,23,,,,,,0,,,,,,,,,,,,,,,,,,,,,,,,,,,,
2013-12-11,JK11H1B9GJNYUR,Hitachi HDS722020ALA330,2000398934016,0,,0,,,,,,,,0,,,,,,26480,,,,,,,,,,,,,,,,,,,,,,,,,,,,,,24,,,,,,0,,,,,,,,,,,,,,,,,,,,,,,,,,,,
2013-12-11,PL1311LAG2E0HH,Hitachi HDS5C4040ALE630,4000787030016,0,,0,,,,,,,,0,,,,,,5191,,,,,,,,,,,,,,,,,,,,,,,,,,,,,,27,,,,,,0,,,,,,,,,,,,,,,,,,,,,,,,,,,,
2013-12-11,MK0333YHGRRAPC,Hitachi HDS723030ALA640,3000592982016,0,,0,,,,,,,,0,,,,,,17357,,,,,,,,,,,,,,,,,,,,,,,,,,,,,,21,,,,,,0,,,,,,,,,,,,,,,,,,,,,,,,,,,,
2013-12-11,S1F0FW8K,ST3000DM001,3000592982016,0,,177718136,,,,,,,,0,,,,,,11722,,,,,,,,,,,,,,,,,,,,,,,,,,,,,,25,,,,,,0,,,,,,,,,,,,,,,,,,,,,,,,,,,,
2013-12-11,MJ0351YNGA6WRA,Hitachi HDS5C3030ALA630,3000592982016,0,,0,,,,,,,,0,,,,,,8663,,,,,,,,,,,,,,,,,,,,,,,,,,,,,,26,,,,,,0,,,,,,,,,,,,,,,,,,,,,,,,,,,,
2013-12-11,JK1101B9G655AF,Hitachi HDS722020ALA330,2000398934016,0,,2228237,,,,,,,,0,,,,,,27543,,,,,,,,,,,,,,,,,,,,,,,,,,,,,,26,,,,,,0,,,,,,,,,,,,,,,,,,,,,,,,,,,,
2013-12-11,JK11A8B9J3B8SF,Hitachi HDS722020ALA330,2000398934016,0,,0,,,,,,,,0,,,,,,24399,,,,,,,,,,,,,,,,,,,,,,,,,,,,,,26,,,,,,0,,,,,,,,,,,,,,,,,,,,,,,,,,,,
2013-12-11,MJ0351YNG9T55A,Hitachi HDS5C3030ALA630,3000592982016,0,,0,,,,,,,,0,,,,,,8830,,,,,,,,,,,,,,,,,,,,,,,,,,,,,,31,,,,,,0,,,,,,,,,,,,,,,,,,,,,,,,,,,,
2013-12-11,JK1160YAGMAUPT,Hitachi HDS722020ALA330,2000398934016,0,,65536,,,,,,,,0,,,,,,20686,,,,,,,,,,,,,,,,,,,,,,,,,,,,,,25,,,,,,0,,,,,,,,,,,,,,,,,,,,,,,,,,,,
2013-12-11,Z1F0LT4P,ST3000DM001,3000592982016,0,,102435440,,,,,,,,0,,,,,,10942,,,,,,,,,,,,,,,,,,,,,,,,,,,,,,23,,,,,,0,,,,,,,,,,,,,,,,,,,,,,,,,,,,
2013-12-11,S1F0LC06,ST3000DM001,3000592982016,0,,47673320,,,,,,,,0,,,,,,12173,,,,,,,,,,,,,,,,,,,,,,,,,,,,,,24,,,,,,0,,,,,,,,,,,,,,,,,,,,,,,,,,,,
2013-12-11,W300BS7J,ST4000DM000,4000787030016,0,,182540872,,,,,,,,0,,,,,,3238,,,,,,,,,,,,,,,,,,,,,,,,,,,,,,20,,,,,,0,,,,,,,,,,,,,,,,,,,,,,,,,,,,
2013-12-11,Z290WM7A,ST33000651AS,3000592982016,0,,138602597,,,,,,,,0,,,,,,17050,,,,,,,,,,,,,,,,,,,,,,,,,,,,,,25,,,,,,0,,,,,,,,,,,,,,,,,,,,,,,,,,,,
2013-12-11,Z1F0LT4K,ST3000DM001,3000592982016,0,,52166240,,,,,,,,0,,,,,,12170,,,,,,,,,,,,,,,,,,,,,,,,,,,,,,21,,,,,,0,,,,,,,,,,,,,,,,,,,,,,,,,,,,
2013-12-11,W1F1CNV3,ST3000DM001,3000592982016,0,,186684840,,,,,,,,0,,,,,,7987,,,,,,,,,,,,,,,,,,,,,,,,,,,,,,27,,,,,,0,,,,,,,,,,,,,,,,,,,,,,,,,,,,
2013-12-11,MJ1311YNG2LZPA,Hitachi HDS5C3030ALA630,3000592982016,0,,0,,,,,,,,0,,,,,,19253,,,,,,,,,,,,,,,,,,,,,,,,,,,,,,25,,,,,,0,,,,,,,,,,,,,,,,,,,,,,,,,,,,
2013-12-11,MJ1311YNG32XEA,Hitachi HDS5C3030ALA630,3000592982016,0,,0,,,,,,,,160,,,,,,19324,,,,,,,,,,,,,,,,,,,,,,,,,,,,,,27,,,,,,0,,,,,,,,,,,,,,,,,,,,,,,,,,,,
2013-12-11,PL1321LAG34GHH,Hitachi HDS5C4040ALE630,4000787030016,0,,0,,,,,,,,0,,,,,,5058,,,,,,,,,,,,,,,,,,,,,,,,,,,,,,29,,,,,,0,,,,,,,,,,,,,,,,,,,,,,,,,,,,
2013-12-11,MJ1323YNG18R9C,Hitachi HDS5C3030ALA630,3000592982016,0,,0,,,,,,,,0,,,,,,20509,,,,,,,,,,,,,,,,,,,,,,,,,,,,,,22,,,,,,0,,,,,,,,,,,,,,,,,,,,,,,,,,,,
2013-12-11,JK11A8B9J884UF,Hitachi HDS722020ALA330,2000398934016,0,,0,,,,,,,,0,,,,,,26027,,,,,,,,,,,,,,,,,,,,,,,,,,,,,,27,,,,,,0,,,,,,,,,,,,,,,,,,,,,,,,,,,,
2013-12-11,WD-WCAU47304758,WDC WD10EADS,1000204886016,0,,3,,,,,,,,0,,,,,,40876,,,,,,,,,,,,,,,,,,,,,,,,,,,,,,31,,,,,,0,,,,,,,,,,,,,,,,,,,,,,,,,,,,
2013-12-11,5XW0ZNCY,ST31500541AS,1500301910016,0,,203539130,,,,,,,,0,,,,,,9778,,,,,,,,,,,,,,,,,,,,,,,,,,,,,,17,,,,,,0,,,,,,,,,,,,,,,,,,,,,,,,,,,,
2013-12-11,S1F11CJC,ST3000DM001,3000592982016,0,,126101408,,,,,,,,0,,,,,,8188,,,,,,,,,,,,,,,,,,,,,,,,,,,,,,25,,,,,,0,,,,,,,,,,,,,,,,,,,,,,,,,,,,
2013-12-11,9XW01L61,ST31500541AS,1500301910016,0,,54411422,,,,,,,,80,,,,,,35301,,,,,,,,,,,,,,,,,,,,,,,,,,,,,,20,,,,,,0,,,,,,,,,,,,,,,,,,,,,,,,,,,,
2013-12-11,Z300MX0K,ST4000DM000,4000787030016,0,,154316288,,,,,,,,0,,,,,,2879,,,,,,,,,,,,,,,,,,,,,,,,,,,,,,22,,,,,,0,,,,,,,,,,,,,,,,,,,,,,,,,,,,
2013-12-11,9VS3JXFP,ST31500341AS,1500301910016,0,,86307167,,,,,,,,7,,,,,,32872,,,,,,,,,,,,,,,,,,,,,,,,,,,,,,20,,,,,,0,,,,,,,,,,,,,,,,,,,,,,,,,,,,
2013-12-11,6XW0YK4Z,ST31500541AS,1500301910016,0,,167546185,,,,,,,,0,,,,,,31991,,,,,,,,,,,,,,,,,,,,,,,,,,,,,,21,,,,,,0,,,,,,,,,,,,,,,,,,,,,,,,,,,,
2013-12-11,MJ0351YNG9XNJA,Hitachi HDS5C3030ALA630,3000592982016,0,,0,,,,,,,,0,,,,,,9525,,,,,,,,,,,,,,,,,,,,,,,,,,,,,,32,,,,,,0,,,,,,,,,,,,,,,,,,,,,,,,,,,,
2013-12-11,JK1101B9GDXG4F,Hitachi HDS722020ALA330,2000398934016,0,,65537,,,,,,,,8,,,,,,27487,,,,,,,,,,,,,,,,,,,,,,,,,,,,,,24,,,,,,0,,,,,,,,,,,,,,,,,,,,,,,,,,,,
2013-12-11,MJ1311YNG05MVA,Hitachi HDS5C3030ALA630,3000592982016,0,,0,,,,,,,,0,,,,,,20732,,,,,,,,,,,,,,,,,,,,,,,,,,,,,,22,,,,,,0,,,,,,,,,,,,,,,,,,,,,,,,,,,,
2013-12-11,PL1311LAG3A57H,Hitachi HDS5C4040ALE630,4000787030016,0,,0,,,,,,,,0,,,,,,6639,,,,,,,,,,,,,,,,,,,,,,,,,,,,,,28,,,,,,0,,,,,,,,,,,,,,,,,,,,,,,,,,,,
2013-12-11,MJ1323YNG1TPJC,Hitachi HDS5C3030ALA630,3000592982016,0,,0,,,,,,,,0,,,,,,19773,,,,,,,,,,,,,,,,,,,,,,,,,,,,,,26,,,,,,0,,,,,,,,,,,,,,,,,,,,,,,,,,,,
2013-12-11,6XW0YK46,ST31500541AS,1500301910016,0,,118238166,,,,,,,,0,,,,,,32201,,,,,,,,,,,,,,,,,,,,,,,,,,,,,,25,,,,,,0,,,,,,,,,,,,,,,,,,,,,,,,,,,,
2013-12-11,JK11A4B8J7RTYW,Hitachi HDS722020ALA330,2000398934016,0,,0,,,,,,,,0,,,,,,26028,,,,,,,,,,,,,,,,,,,,,,,,,,,,,,27,,,,,,0,,,,,,,,,,,,,,,,,,,,,,,,,,,,
2013-12-11,JK1105B8G76X3X,Hitachi HDS722020ALA330,2000398934016,0,,65536,,,,,,,,0,,,,,,26857,,,,,,,,,,,,,,,,,,,,,,,,,,,,,,26,,,,,,0,,,,,,,,,,,,,,,,,,,,,,,,,,,,
2013-12-11,MJ1311YNG59YBA,Hitachi HDS5C3030ALA630,3000592982016,0,,0,,,,,,,,0,,,,,,14600,,,,,,,,,,,,,,,,,,,,,,,,,,,,,,22,,,,,,0,,,,,,,,,,,,,,,,,,,,,,,,,,,,
2013-12-11,MK0301YHGLBVXA,Hitachi HDS723030ALA640,3000592982016,0,,0,,,,,,,,0,,,,,,17010,,,,,,,,,,,,,,,,,,,,,,,,,,,,,,32,,,,,,0,,,,,,,,,,,,,,,,,,,,,,,,,,,,
2013-12-11,Z300MFYR,ST4000DM000,4000787030016,0,,148763488,,,,,,,,0,,,,,,2844,,,,,,,,,,,,,,,,,,,,,,,,,,,,,,26,,,,,,0,,,,,,,,,,,,,,,,,,,,,,,,,,,,
2013-12-11,JK11A8B9J3ANTF,Hitachi HDS722020ALA330,2000398934016,0,,0,,,,,,,,0,,,,,,24426,,,,,,,,,,,,,,,,,,,,,,,,,,,,,,24,,,,,,0,,,,,,,,,,,,,,,,,,,,,,,,,,,,
2013-12-11,6XW011KT,ST31500541AS,1500301910016,0,,137582156,,,,,,,,0,,,,,,35750,,,,,,,,,,,,,,,,,,,,,,,,,,,,,,22,,,,,,0,,,,,,,,,,,,,,,,,,,,,,,,,,,,
2013-12-11,Z300MFYX,ST4000DM000,4000787030016,0,,201816280,,,,,,,,0,,,,,,2880,,,,,,,,,,,,,,,,,,,,,,,,,,,,,,22,,,,,,0,,,,,,,,,,,,,,,,,,,,,,,,,,,,
2013-12-11,S1F04MPL,ST3000DM001,3000592982016,0,,174998424,,,,,,,,0,,,,,,13838,,,,,,,,,,,,,,,,,,,,,,,,,,,,,,27,,,,,,0,,,,,,,,,,,,,,,,,,,,,,,,,,,,
2013-12-11,MJ1311YNG31SWA,Hitachi HDS5C3030ALA630,3000592982016,0,,0,,,,,,,,0,,,,,,18315,,,,,,,,,,,,,,,,,,,,,,,,,,,,,,23,,,,,,0,,,,,,,,,,,,,,,,,,,,,,,,,,,,
2013-12-11,Z300PKSM,ST4000DM000,4000787030016,0,,183699688,,,,,,,,0,,,,,,1225,,,,,,,,,,,,,,,,,,,,,,,,,,,,,,23,,,,,,0,,,,,,,,,,,,,,,,,,,,,,,,,,,,
2013-12-11,PL1321LAGAVZ8H,Hitachi HDS5C4040ALE630,4000787030016,0,,0,,,,,,,,0,,,,,,5050,,,,,,,,,,,,,,,,,,,,,,,,,,,,,,30,,,,,,0,,,,,,,,,,,,,,,,,,,,,,,,,,,,
2013-12-11,W300AS8S,ST4000DM000,4000787030016,0,,194354992,,,,,,,,0,,,,,,3238,,,,,,,,,,,,,,,,,,,,,,,,,,,,,,20,,,,,,0,,,,,,,,,,,,,,,,,,,,,,,,,,,,
2013-12-11,WD-WMAWZ0233063,WDC WD30EZRX,3000592982016,0,,0,,,,,,,,0,,,,,,12925,,,,,,,,,,,,,,,,,,,,,,,,,,,,,,24,,,,,,1,,,,,,,,,,,,,,,,,,,,,,,,,,,,
2013-12-11,PL1321LAG34BPH,Hitachi HDS5C4040ALE630,4000787030016,0,,0,,,,,,,,0,,,,,,5668,,,,,,,,,,,,,,,,,,,,,,,,,,,,,,21,,,,,,0,,,,,,,,,,,,,,,,,,,,,,,,,,,,
2013-12-11,JK11A4B8J7S2YW,Hitachi HDS722020ALA330,2000398934016,0,,65537,,,,,,,,0,,,,,,25125,,,,,,,,,,,,,,,,,,,,,,,,,,,,,,30,,,,,,0,,,,,,,,,,,,,,,,,,,,,,,,,,,,
2013-12-11,S1F0TQHX,ST3000DM001,3000592982016,0,,61619704,,,,,,,,0,,,,,,10502,,,,,,,,,,,,,,,,,,,,,,,,,,,,,,24,,,,,,0,,,,,,,,,,,,,,,,,,,,,,,,,,,,
2013-12-11,MK0311YHG4UDMA,Hitachi HDS723030ALA640,3000592982016,0,,0,,,,,,,,0,,,,,,21792,,,,,,,,,,,,,,,,,,,,,,,,,,,,,,27,,,,,,0,,,,,,,,,,,,,,,,,,,,,,,,,,,,
2013-12-11,MK0331YHGRPKNA,Hitachi HDS723030ALA640,3000592982016,0,,0,,,,,,,,0,,,,,,17017,,,,,,,,,,,,,,,,,,,,,,,,,,,,,,28,,,,,,0,,,,,,,,,,,,,,,,,,,,,,,,,,,,
2013-12-11,MJ1321YNG0YRSA,Hitachi HDS5C3030ALA630,3000592982016,0,,0,,,,,,,,0,,,,,,20480,,,,,,,,,,,,,,,,,,,,,,,,,,,,,,26,,,,,,0,,,,,,,,,,,,,,,,,,,,,,,,,,,,
2013-12-11,JK1101B8GLG7HZ,Hitachi HDS722020ALA330,2000398934016,0,,0,,,,,,,,0,,,,,,26764,,,,,,,,,,,,,,,,,,,,,,,,,,,,,,27,,,,,,0,,,,,,,,,,,,,,,,,,,,,,,,,,,,
2013-12-11,JK11A8B9J8T7SF,Hitachi HDS722020ALA330,2000398934016,0,,0,,,,,,,,0,,,,,,25584,,,,,,,,,,,,,,,,,,,,,,,,,,,,,,24,,,,,,0,,,,,,,,,,,,,,,,,,,,,,,,,,,,
2013-12-11,W1F0MQR3,ST3000DM001,3000592982016,0,,45610256,,,,,,,,0,,,,,,10739,,,,,,,,,,,,,,,,,,,,,,,,,,,,,,26,,,,,,0,,,,,,,,,,,,,,,,,,,,,,,,,,,,
2013-12-11,W1F0B4Y3,ST3000DM001,3000592982016,0,,224512960,,,,,,,,0,,,,,,13885,,,,,,,,,,,,,,,,,,,,,,,,,,,,,,24,,,,,,0,,,,,,,,,,,,,,,,,,,,,,,,,,,,
2013-12-11,WD-WMAVU0657097,WDC WD10EADS,1000204886016,0,,0,,,,,,,,0,,,,,,30189,,,,,,,,,,,,,,,,,,,,,,,,,,,,,,22,,,,,,0,,,,,,,,,,,,,,,,,,,,,,,,,,,,
2013-12-11,6XW01Z10,ST31500541AS,1500301910016,0,,38993823,,,,,,,,0,,,,,,36443,,,,,,,,,,,,,,,,,,,,,,,,,,,,,,20,,,,,,0,,,,,,,,,,,,,,,,,,,,,,,,,,,,
2013-12-11,JK1101B8KKR1NZ,Hitachi HDS722020ALA330,2000398934016,0,,0,,,,,,,,0,,,,,,23100,,,,,,,,,,,,,,,,,,,,,,,,,,,,,,22,,,,,,0,,,,,,,,,,,,,,,,,,,,,,,,,,,,
2013-12-11,MJ0351YNGA3HVA,Hitachi HDS5C3030ALA630,3000592982016,0,,0,,,,,,,,0,,,,,,8639,,,,,,,,,,,,,,,,,,,,,,,,,,,,,,29,,,,,,0,,,,,,,,,,,,,,,,,,,,,,,,,,,,
2013-12-11,MJ0351YNG9YHPA,Hitachi HDS5C3030ALA630,3000592982016,0,,0,,,,,,,,0,,,,,,9913,,,,,,,,,,,,,,,,,,,,,,,,,,,,,,35,,,,,,0,,,,,,,,,,,,,,,,,,,,,,,,,,,,
2013-12-11,JK11A8B9J3A1XF,Hitachi HDS722020ALA330,2000398934016,0,,0,,,,,,,,0,,,,,,22703,,,,,,,,,,,,,,,,,,,,,,,,,,,,,,28,,,,,,0,,,,,,,,,,,,,,,,,,,,,,,,,,,,
2013-12-11,MJ0351YNG9XP5A,Hitachi HDS5C3030ALA630,3000592982016,0,,0,,,,,,,,0,,,,,,9475,,,,,,,,,,,,,,,,,,,,,,,,,,,,,,26,,,,,,0,,,,,,,,,,,,,,,,,,,,,,,,,,,,
2013-12-11,5XW03ENJ,ST31500541AS,1500301910016,0,,169194236,,,,,,,,0,,,,,,35226,,,,,,,,,,,,,,,,,,,,,,,,,,,,,,23,,,,,,0,,,,,,,,,,,,,,,,,,,,,,,,,,,,
2013-12-11,Z300XH6Q,ST4000DM000,4000787030016,0,,152142528,,,,,,,,0,,,,,,944,,,,,,,,,,,,,,,,,,,,,,,,,,,,,,25,,,,,,0,,,,,,,,,,,,,,,,,,,,,,,,,,,,
2013-12-11,JK11A8B9J9L4NF,Hitachi HDS722020ALA330,2000398934016,0,,1,,,,,,,,0,,,,,,25661,,,,,,,,,,,,,,,,,,,,,,,,,,,,,,27,,,,,,0,,,,,,,,,,,,,,,,,,,,,,,,,,,,
2013-12-11,Z300XH6J,ST4000DM000,4000787030016,0,,195714520,,,,,,,,0,,,,,,799,,,,,,,,,,,,,,,,,,,,,,,,,,,,,,22,,,,,,0,,,,,,,,,,,,,,,,,,,,,,,,,,,,
2013-12-11,Z300XH6A,ST4000DM000,4000787030016,0,,144944808,,,,,,,,0,,,,,,948,,,,,,,,,,,,,,,,,,,,,,,,,,,,,,20,,,,,,0,,,,,,,,,,,,,,,,,,,,,,,,,,,,
2013-12-11,Z300XH6F,ST4000DM000,4000787030016,0,,127713816,,,,,,,,0,,,,,,772,,,,,,,,,,,,,,,,,,,,,,,,,,,,,,20,,,,,,0,,,,,,,,,,,,,,,,,,,,,,,,,,,,
2013-12-11,Z300XH6E,ST4000DM000,4000787030016,0,,61458912,,,,,,,,0,,,,,,887,,,,,,,,,,,,,,,,,,,,,,,,,,,,,,23,,,,,,0,,,,,,,,,,,,,,,,,,,,,,,,,,,,
2013-12-11,MJ0351YNGA40AA,Hitachi HDS5C3030ALA630,3000592982016,0,,0,,,,,,,,0,,,,,,9142,,,,,,,,,,,,,,,,,,,,,,,,,,,,,,30,,,,,,0,,,,,,,,,,,,,,,,,,,,,,,,,,,,
2013-12-11,5XW0R803,ST32000542AS,2000398934016,0,,152611836,,,,,,,,0,,,,,,17227,,,,,,,,,,,,,,,,,,,,,,,,,,,,,,23,,,,,,0,,,,,,,,,,,,,,,,,,,,,,,,,,,,
2013-12-11,6XW044N2,ST31500541AS,1500301910016,0,,67433423,,,,,,,,0,,,,,,29926,,,,,,,,,,,,,,,,,,,,,,,,,,,,,,26,,,,,,0,,,,,,,,,,,,,,,,,,,,,,,,,,,,
2013-12-11,Z300W4ZK,ST4000DM000,4000787030016,0,,141340712,,,,,,,,0,,,,,,918,,,,,,,,,,,,,,,,,,,,,,,,,,,,,,17,,,,,,0,,,,,,,,,,,,,,,,,,,,,,,,,,,,
2013-12-11,JK11A8B9J2KMLF,Hitachi HDS722020ALA330,2000398934016,0,,0,,,,,,,,0,,,,,,24501,,,,,,,,,,,,,,,,,,,,,,,,,,,,,,34,,,,,,0,,,,,,,,,,,,,,,,,,,,,,,,,,,,
2013-12-11,JK11A5B8J195EX,Hitachi HDS722020ALA330,2000398934016,0,,1,,,,,,,,58,,,,,,23821,,,,,,,,,,,,,,,,,,,,,,,,,,,,,,27,,,,,,4,,,,,,,,,,,,,,,,,,,,,,,,,,,,
2013-12-11,W1F1230J,ST3000DM001,3000592982016,0,,131466784,,,,,,,,0,,,,,,8209,,,,,,,,,,,,,,,,,,,,,,,,,,,,,,23,,,,,,0,,,,,,,,,,,,,,,,,,,,,,,,,,,,
2013-12-11,W1F0WK71,ST3000DM001,3000592982016,0,,17622592,,,,,,,,0,,,,,,11687,,,,,,,,,,,,,,,,,,,,,,,,,,,,,,26,,,,,,0,,,,,,,,,,,,,,,,,,,,,,,,,,,,
2013-12-11,PL1311LAG21U6A,Hitachi HDS5C4040ALE630,4000787030016,0,,0,,,,,,,,0,,,,,,7453,,,,,,,,,,,,,,,,,,,,,,,,,,,,,,22,,,,,,0,,,,,,,,,,,,,,,,,,,,,,,,,,,,
2013-12-11,MJ0351YNG9KS5A,Hitachi HDS5C3030ALA630,3000592982016,0,,0,,,,,,,,0,,,,,,9941,,,,,,,,,,,,,,,,,,,,,,,,,,,,,,26,,,,,,0,,,,,,,,,,,,,,,,,,,,,,,,,,,,
2013-12-11,PL1311LAG0X8JH,Hitachi HDS5C4040ALE630,4000787030016,0,,0,,,,,,,,0,,,,,,7759,,,,,,,,,,,,,,,,,,,,,,,,,,,,,,21,,,,,,0,,,,,,,,,,,,,,,,,,,,,,,,,,,,
2013-12-11,PL1321LAG33M9H,Hitachi HDS5C4040ALE630,4000787030016,0,,0,,,,,,,,0,,,,,,5958,,,,,,,,,,,,,,,,,,,,,,,,,,,,,,27,,,,,,0,,,,,,,,,,,,,,,,,,,,,,,,,,,,
2013-12-11,6XW044NZ,ST31500541AS,1500301910016,0,,39133627,,,,,,,,0,,,,,,36442,,,,,,,,,,,,,,,,,,,,,,,,,,,,,,19,,,,,,0,,,,,,,,,,,,,,,,,,,,,,,,,,,,
2013-12-11,6XW044NG,ST31500541AS,1500301910016,0,,104235528,,,,,,,,0,,,,,,36451,,,,,,,,,,,,,,,,,,,,,,,,,,,,,,16,,,,,,0,,,,,,,,,,,,,,,,,,,,,,,,,,,,
2013-12-11,Z1Z04FS9,ST4000DX000,4000787030016,0,,29621626,,,,,,,,0,,,,,,5039,,,,,,,,,,,,,,,,,,,,,,,,,,,,,,33,,,,,,0,,,,,,,,,,,,,,,,,,,,,,,,,,,,
2013-12-11,S1F0B2NH,ST3000DM001,3000592982016,0,,112905192,,,,,,,,0,,,,,,12840,,,,,,,,,,,,,,,,,,,,,,,,,,,,,,27,,,,,,0,,,,,,,,,,,,,,,,,,,,,,,,,,,,
2013-12-11,PL1311LAG26SEA,Hitachi HDS5C4040ALE630,4000787030016,0,,0,,,,,,,,0,,,,,,6993,,,,,,,,,,,,,,,,,,,,,,,,,,,,,,24,,,,,,0,,,,,,,,,,,,,,,,,,,,,,,,,,,,
2013-12-11,MJ1323YNG1U7YC,Hitachi HDS5C3030ALA630,3000592982016,0,,0,,,,,,,,0,,,,,,19744,,,,,,,,,,,,,,,,,,,,,,,,,,,,,,27,,,,,,0,,,,,,,,,,,,,,,,,,,,,,,,,,,,
2013-12-11,JK1105B8GG4AAX,Hitachi HDS722020ALA330,2000398934016,0,,1179653,,,,,,,,2,,,,,,26857,,,,,,,,,,,,,,,,,,,,,,,,,,,,,,24,,,,,,0,,,,,,,,,,,,,,,,,,,,,,,,,,,,
2013-12-11,MK0311YHGBWV4A,Hitachi HDS723030ALA640,3000592982016,0,,0,,,,,,,,0,,,,,,21460,,,,,,,,,,,,,,,,,,,,,,,,,,,,,,23,,,,,,0,,,,,,,,,,,,,,,,,,,,,,,,,,,,
2013-12-11,Z300XH61,ST4000DM000,4000787030016,0,,169833040,,,,,,,,0,,,,,,957,,,,,,,,,,,,,,,,,,,,,,,,,,,,,,22,,,,,,0,,,,,,,,,,,,,,,,,,,,,,,,,,,,
2013-12-11,MJ0351YNGA3GDA,Hitachi HDS5C3030ALA630,3000592982016,0,,0,,,,,,,,0,,,,,,8618,,,,,,,,,,,,,,,,,,,,,,,,,,,,,,32,,,,,,0,,,,,,,,,,,,,,,,,,,,,,,,,,,,
2013-12-11,Z300H9CL,ST4000DM000,4000787030016,0,,224616304,,,,,,,,0,,,,,,1331,,,,,,,,,,,,,,,,,,,,,,,,,,,,,,22,,,,,,0,,,,,,,,,,,,,,,,,,,,,,,,,,,,
2013-12-11,MJ1311YNG39DAA,Hitachi HDS5C3030ALA630,3000592982016,0,,0,,,,,,,,0,,,,,,18939,,,,,,,,,,,,,,,,,,,,,,,,,,,,,,27,,,,,,0,,,,,,,,,,,,,,,,,,,,,,,,,,,,
2013-12-11,JK1104B8GGBHGW,Hitachi HDS722020ALA330,2000398934016,0,,0,,,,,,,,0,,,,,,26837,,,,,,,,,,,,,,,,,,,,,,,,,,,,,,29,,,,,,0,,,,,,,,,,,,,,,,,,,,,,,,,,,,
2013-12-11,9VS2BFMF,ST31500341AS,1500301910016,0,,214594034,,,,,,,,3,,,,,,35524,,,,,,,,,,,,,,,,,,,,,,,,,,,,,,29,,,,,,0,,,,,,,,,,,,,,,,,,,,,,,,,,,,
2013-12-11,6XW1WS30,ST32000542AS,2000398934016,0,,63952817,,,,,,,,0,,,,,,7245,,,,,,,,,,,,,,,,,,,,,,,,,,,,,,25,,,,,,0,,,,,,,,,,,,,,,,,,,,,,,,,,,,
2013-12-11,Z1F0LVL5,ST3000DM001,3000592982016,0,,164557664,,,,,,,,0,,,,,,12322,,,,,,,,,,,,,,,,,,,,,,,,,,,,,,25,,,,,,0,,,,,,,,,,,,,,,,,,,,,,,,,,,,
2013-12-11,Z1F0LVL4,ST3000DM001,3000592982016,0,,76065080,,,,,,,,0,,,,,,10942,,,,,,,,,,,,,,,,,,,,,,,,,,,,,,22,,,,,,0,,,,,,,,,,,,,,,,,,,,,,,,,,,,
2013-12-11,S1F03ERY,ST3000DM001,3000592982016,0,,184826120,,,,,,,,0,,,,,,16201,,,,,,,,,,,,,,,,,,,,,,,,,,,,,,26,,,,,,0,,,,,,,,,,,,,,,,,,,,,,,,,,,,
2013-12-11,MJ0351YNG92ESA,Hitachi HDS5C3030ALA630,3000592982016,0,,0,,,,,,,,0,,,,,,9941,,,,,,,,,,,,,,,,,,,,,,,,,,,,,,25,,,,,,0,,,,,,,,,,,,,,,,,,,,,,,,,,,,
2013-12-11,9VS1D5KP,ST31500341AS,1500301910016,0,,189279108,,,,,,,,17,,,,,,40407,,,,,,,,,,,,,,,,,,,,,,,,,,,,,,30,,,,,,0,,,,,,,,,,,,,,,,,,,,,,,,,,,,
2013-12-11,PL1311LAG3DXKH,Hitachi HDS5C4040ALE630,4000787030016,0,,0,,,,,,,,0,,,,,,6616,,,,,,,,,,,,,,,,,,,,,,,,,,,,,,24,,,,,,0,,,,,,,,,,,,,,,,,,,,,,,,,,,,
2013-12-11,Z300W5DP,ST4000DM000,4000787030016,0,,74312680,,,,,,,,0,,,,,,799,,,,,,,,,,,,,,,,,,,,,,,,,,,,,,21,,,,,,0,,,,,,,,,,,,,,,,,,,,,,,,,,,,
2013-12-11,WD-WCAU47356377,WDC WD10EADS,1000204886016,0,,26,,,,,,,,0,,,,,,40518,,,,,,,,,,,,,,,,,,,,,,,,,,,,,,26,,,,,,0,,,,,,,,,,,,,,,,,,,,,,,,,,,,
2013-12-11,5XW0MB51,ST32000542AS,2000398934016,0,,147920961,,,,,,,,0,,,,,,13013,,,,,,,,,,,,,,,,,,,,,,,,,,,,,,23,,,,,,0,,,,,,,,,,,,,,,,,,,,,,,,,,,,
2013-12-11,9VS3K2K0,ST31500341AS,1500301910016,0,,7396895,,,,,,,,1,,,,,,18354,,,,,,,,,,,,,,,,,,,,,,,,,,,,,,26,,,,,,0,,,,,,,,,,,,,,,,,,,,,,,,,,,,
2013-12-11,MK0313YHGJZGLC,Hitachi HDS723030ALA640,3000592982016,0,,0,,,,,,,,0,,,,,,21459,,,,,,,,,,,,,,,,,,,,,,,,,,,,,,25,,,,,,0,,,,,,,,,,,,,,,,,,,,,,,,,,,,
2013-12-11,JK1170YAJDALXT,Hitachi HDS722020ALA330,2000398934016,0,,0,,,,,,,,0,,,,,,27872,,,,,,,,,,,,,,,,,,,,,,,,,,,,,,27,,,,,,0,,,,,,,,,,,,,,,,,,,,,,,,,,,,
2013-12-11,Z1F0L4J2,ST3000DM001,3000592982016,0,,243839200,,,,,,,,0,,,,,,12171,,,,,,,,,,,,,,,,,,,,,,,,,,,,,,23,,,,,,0,,,,,,,,,,,,,,,,,,,,,,,,,,,,
2013-12-11,W3009F3A,ST4000DM000,4000787030016,0,,99621072,,,,,,,,0,,,,,,4141,,,,,,,,,,,,,,,,,,,,,,,,,,,,,,20,,,,,,0,,,,,,,,,,,,,,,,,,,,,,,,,,,,
2013-12-11,MK0331YHGNUBZA,Hitachi HDS723030ALA640,3000592982016,0,,0,,,,,,,,0,,,,,,17355,,,,,,,,,,,,,,,,,,,,,,,,,,,,,,26,,,,,,0,,,,,,,,,,,,,,,,,,,,,,,,,,,,
2013-12-11,PL1321LAGAW4TH,Hitachi HDS5C4040ALE630,4000787030016,0,,0,,,,,,,,0,,,,,,5070,,,,,,,,,,,,,,,,,,,,,,,,,,,,,,29,,,,,,0,,,,,,,,,,,,,,,,,,,,,,,,,,,,
2013-12-11,W1F09MJP,ST3000DM001,3000592982016,0,,221415528,,,,,,,,0,,,,,,14233,,,,,,,,,,,,,,,,,,,,,,,,,,,,,,23,,,,,,16,,,,,,,,,,,,,,,,,,,,,,,,,,,,
2013-12-11,JK11A8B9J2B0KF,Hitachi HDS722020ALA330,2000398934016,0,,0,,,,,,,,0,,,,,,24426,,,,,,,,,,,,,,,,,,,,,,,,,,,,,,24,,,,,,0,,,,,,,,,,,,,,,,,,,,,,,,,,,,
2013-12-11,5XW05V1G,ST31500541AS,1500301910016,0,,231410036,,,,,,,,0,,,,,,28561,,,,,,,,,,,,,,,,,,,,,,,,,,,,,,19,,,,,,0,,,,,,,,,,,,,,,,,,,,,,,,,,,,
2013-12-11,6XW03SCA,ST31500541AS,1500301910016,0,,23391052,,,,,,,,184,,,,,,36444,,,,,,,,,,,,,,,,,,,,,,,,,,,,,,19,,,,,,0,,,,,,,,,,,,,,,,,,,,,,,,,,,,
2013-12-11,9XK0CMDQ,ST33000651AS,3000592982016,0,,234336123,,,,,,,,0,,,,,,17739,,,,,,,,,,,,,,,,,,,,,,,,,,,,,,22,,,,,,0,,,,,,,,,,,,,,,,,,,,,,,,,,,,
2013-12-11,PL1321LAGAYE4H,Hitachi HDS5C4040ALE630,4000787030016,0,,0,,,,,,,,0,,,,,,5309,,,,,,,,,,,,,,,,,,,,,,,,,,,,,,23,,,,,,0,,,,,,,,,,,,,,,,,,,,,,,,,,,,
2013-12-11,S1F0CW1F,ST3000DM001,3000592982016,0,,242534144,,,,,,,,0,,,,,,12363,,,,,,,,,,,,,,,,,,,,,,,,,,,,,,27,,,,,,0,,,,,,,,,,,,,,,,,,,,,,,,,,,,
2013-12-11,MK0311YHGKJBLA,Hitachi HDS723030ALA640,3000592982016,0,,0,,,,,,,,0,,,,,,14732,,,,,,,,,,,,,,,,,,,,,,,,,,,,,,28,,,,,,0,,,,,,,,,,,,,,,,,,,,,,,,,,,,
2013-12-11,MJ0351YNG9VJRA,Hitachi HDS5C3030ALA630,3000592982016,0,,0,,,,,,,,0,,,,,,9719,,,,,,,,,,,,,,,,,,,,,,,,,,,,,,31,,,,,,0,,,,,,,,,,,,,,,,,,,,,,,,,,,,
2013-12-11,Z300CRL2,ST4000DM000,4000787030016,0,,29504912,,,,,,,,0,,,,,,2245,,,,,,,,,,,,,,,,,,,,,,,,,,,,,,23,,,,,,0,,,,,,,,,,,,,,,,,,,,,,,,,,,,
2013-12-11,WD-WMC1T1605436,WDC WD30EFRX,3000592982016,0,,33,,,,,,,,0,,,,,,7709,,,,,,,,,,,,,,,,,,,,,,,,,,,,,,27,,,,,,0,,,,,,,,,,,,,,,,,,,,,,,,,,,,
2013-12-11,MJ1323YNG1PVHC,Hitachi HDS5C3030ALA630,3000592982016,0,,0,,,,,,,,0,,,,,,19372,,,,,,,,,,,,,,,,,,,,,,,,,,,,,,23,,,,,,0,,,,,,,,,,,,,,,,,,,,,,,,,,,,
2013-12-11,5XW03HCB,ST31500541AS,1500301910016,0,,80536280,,,,,,,,83,,,,,,36961,,,,,,,,,,,,,,,,,,,,,,,,,,,,,,21,,,,,,0,,,,,,,,,,,,,,,,,,,,,,,,,,,,
2013-12-11,PL1311LAG3DBUH,Hitachi HDS5C4040ALE630,4000787030016,0,,0,,,,,,,,0,,,,,,5036,,,,,,,,,,,,,,,,,,,,,,,,,,,,,,29,,,,,,0,,,,,,,,,,,,,,,,,,,,,,,,,,,,
2013-12-11,PL2321LAGASU6J,Hitachi HDS5C4040ALE630,4000787030016,0,,0,,,,,,,,0,,,,,,2981,,,,,,,,,,,,,,,,,,,,,,,,,,,,,,26,,,,,,0,,,,,,,,,,,,,,,,,,,,,,,,,,,,
2013-12-11,9XK084HC,ST33000651AS,3000592982016,0,,82994145,,,,,,,,0,,,,,,16850,,,,,,,,,,,,,,,,,,,,,,,,,,,,,,28,,,,,,0,,,,,,,,,,,,,,,,,,,,,,,,,,,,
2013-12-11,9VS385BT,ST31500341AS,1500301910016,0,,181873451,,,,,,,,1122,,,,,,8910,,,,,,,,,,,,,,,,,,,,,,,,,,,,,,27,,,,,,0,,,,,,,,,,,,,,,,,,,,,,,,,,,,
2013-12-11,5XW075SV,ST31500541AS,1500301910016,0,,47146798,,,,,,,,0,,,,,,28655,,,,,,,,,,,,,,,,,,,,,,,,,,,,,,19,,,,,,0,,,,,,,,,,,,,,,,,,,,,,,,,,,,
2013-12-11,MJ1311YNG5YU5A,Hitachi HDS5C3030ALA630,3000592982016,0,,0,,,,,,,,0,,,,,,14310,,,,,,,,,,,,,,,,,,,,,,,,,,,,,,25,,,,,,0,,,,,,,,,,,,,,,,,,,,,,,,,,,,
2013-12-11,JK11A8B9J8PV5F,Hitachi HDS722020ALA330,2000398934016,0,,0,,,,,,,,0,,,,,,24970,,,,,,,,,,,,,,,,,,,,,,,,,,,,,,29,,,,,,0,,,,,,,,,,,,,,,,,,,,,,,,,,,,
2013-12-11,PL1321LAG345JH,Hitachi HDS5C4040ALE630,4000787030016,0,,0,,,,,,,,0,,,,,,6654,,,,,,,,,,,,,,,,,,,,,,,,,,,,,,21,,,,,,0,,,,,,,,,,,,,,,,,,,,,,,,,,,,
2013-12-11,6XW038TG,ST31500541AS,1500301910016,0,,117503968,,,,,,,,0,,,,,,36433,,,,,,,,,,,,,,,,,,,,,,,,,,,,,,17,,,,,,0,,,,,,,,,,,,,,,,,,,,,,,,,,,,
2013-12-11,S1F06L2J,ST3000DM001,3000592982016,0,,15546440,,,,,,,,0,,,,,,13363,,,,,,,,,,,,,,,,,,,,,,,,,,,,,,24,,,,,,0,,,,,,,,,,,,,,,,,,,,,,,,,,,,
2013-12-11,6XW037TT,ST31500541AS,1500301910016,0,,145393501,,,,,,,,0,,,,,,36060,,,,,,,,,,,,,,,,,,,,,,,,,,,,,,20,,,,,,0,,,,,,,,,,,,,,,,,,,,,,,,,,,,
2013-12-11,W1F0WZ0P,ST3000DM001,3000592982016,0,,87135136,,,,,,,,0,,,,,,8652,,,,,,,,,,,,,,,,,,,,,,,,,,,,,,26,,,,,,0,,,,,,,,,,,,,,,,,,,,,,,,,,,,
2013-12-11,Z300JPKZ,ST4000DM000,4000787030016,0,,132934656,,,,,,,,0,,,,,,1093,,,,,,,,,,,,,,,,,,,,,,,,,,,,,,23,,,,,,0,,,,,,,,,,,,,,,,,,,,,,,,,,,,
2013-12-11,W1F0A4TZ,ST3000DM001,3000592982016,0,,197584136,,,,,,,,0,,,,,,14731,,,,,,,,,,,,,,,,,,,,,,,,,,,,,,26,,,,,,0,,,,,,,,,,,,,,,,,,,,,,,,,,,,
2013-12-11,WD-WCAU47236003,WDC WD10EADS,1000204886016,0,,52,,,,,,,,0,,,,,,40471,,,,,,,,,,,,,,,,,,,,,,,,,,,,,,30,,,,,,0,,,,,,,,,,,,,,,,,,,,,,,,,,,,
2013-12-11,JK11A8B9J1K4SF,Hitachi HDS722020ALA330,2000398934016,0,,0,,,,,,,,0,,,,,,23706,,,,,,,,,,,,,,,,,,,,,,,,,,,,,,29,,,,,,0,,,,,,,,,,,,,,,,,,,,,,,,,,,,
2013-12-11,MJ0351YNG9XX3A,Hitachi HDS5C3030ALA630,3000592982016,0,,0,,,,,,,,0,,,,,,9525,,,,,,,,,,,,,,,,,,,,,,,,,,,,,,33,,,,,,0,,,,,,,,,,,,,,,,,,,,,,,,,,,,
2013-12-11,JK1105B8GG52YX,Hitachi HDS722020ALA330,2000398934016,0,,0,,,,,,,,0,,,,,,26858,,,,,,,,,,,,,,,,,,,,,,,,,,,,,,29,,,,,,0,,,,,,,,,,,,,,,,,,,,,,,,,,,,
2013-12-11,S1F10AS0,ST3000DM001,3000592982016,0,,25549704,,,,,,,,0,,,,,,7992,,,,,,,,,,,,,,,,,,,,,,,,,,,,,,27,,,,,,0,,,,,,,,,,,,,,,,,,,,,,,,,,,,
2013-12-11,W300AYTP,ST4000DM000,4000787030016,0,,217770080,,,,,,,,0,,,,,,4163,,,,,,,,,,,,,,,,,,,,,,,,,,,,,,23,,,,,,0,,,,,,,,,,,,,,,,,,,,,,,,,,,,
2013-12-11,JK11A8B9J39VAF,Hitachi HDS722020ALA330,2000398934016,0,,0,,,,,,,,0,,,,,,23544,,,,,,,,,,,,,,,,,,,,,,,,,,,,,,38,,,,,,0,,,,,,,,,,,,,,,,,,,,,,,,,,,,
2013-12-11,W1F1NTWG,ST3000DM001,3000592982016,0,,157053720,,,,,,,,0,,,,,,8158,,,,,,,,,,,,,,,,,,,,,,,,,,,,,,25,,,,,,0,,,,,,,,,,,,,,,,,,,,,,,,,,,,
2013-12-11,9XK06WLW,ST33000651AS,3000592982016,0,,92907508,,,,,,,,0,,,,,,16795,,,,,,,,,,,,,,,,,,,,,,,,,,,,,,27,,,,,,0,,,,,,,,,,,,,,,,,,,,,,,,,,,,
2013-12-11,W300BG0C,ST4000DM000,4000787030016,0,,22056944,,,,,,,,0,,,,,,1703,,,,,,,,,,,,,,,,,,,,,,,,,,,,,,22,,,,,,0,,,,,,,,,,,,,,,,,,,,,,,,,,,,
2013-12-11,6XW01HS0,ST31500541AS,1500301910016,0,,104018640,,,,,,,,0,,,,,,36644,,,,,,,,,,,,,,,,,,,,,,,,,,,,,,20,,,,,,0,,,,,,,,,,,,,,,,,,,,,,,,,,,,
2013-12-11,W300BG0H,ST4000DM000,4000787030016,0,,71484888,,,,,,,,0,,,,,,2243,,,,,,,,,,,,,,,,,,,,,,,,,,,,,,22,,,,,,0,,,,,,,,,,,,,,,,,,,,,,,,,,,,
2013-12-11,9VS5ALK9,ST31500341AS,1500301910016,0,,46923875,,,,,,,,2,,,,,,12538,,,,,,,,,,,,,,,,,,,,,,,,,,,,,,28,,,,,,0,,,,,,,,,,,,,,,,,,,,,,,,,,,,
2013-12-11,W1F0FML1,ST3000DM001,3000592982016,0,,172376672,,,,,,,,0,,,,,,11683,,,,,,,,,,,,,,,,,,,,,,,,,,,,,,29,,,,,,0,,,,,,,,,,,,,,,,,,,,,,,,,,,,
2013-12-11,JK1101B8KM2AXZ,Hitachi HDS722020ALA330,2000398934016,0,,0,,,,,,,,0,,,,,,23099,,,,,,,,,,,,,,,,,,,,,,,,,,,,,,24,,,,,,0,,,,,,,,,,,,,,,,,,,,,,,,,,,,
2013-12-11,MJ1321YNG149WA,Hitachi HDS5C3030ALA630,3000592982016,0,,0,,,,,,,,0,,,,,,20066,,,,,,,,,,,,,,,,,,,,,,,,,,,,,,26,,,,,,0,,,,,,,,,,,,,,,,,,,,,,,,,,,,
2013-12-11,MJ1323YNG1KPWC,Hitachi HDS5C3030ALA630,3000592982016,0,,0,,,,,,,,0,,,,,,19763,,,,,,,,,,,,,,,,,,,,,,,,,,,,,,29,,,,,,0,,,,,,,,,,,,,,,,,,,,,,,,,,,,
2013-12-11,W30056QT,ST4000DM000,4000787030016,0,,120773936,,,,,,,,0,,,,,,2222,,,,,,,,,,,,,,,,,,,,,,,,,,,,,,25,,,,,,0,,,,,,,,,,,,,,,,,,,,,,,,,,,,
2013-12-11,S1F02JVL,ST3000DM001,3000592982016,0,,203666648,,,,,,,,0,,,,,,15620,,,,,,,,,,,,,,,,,,,,,,,,,,,,,,20,,,,,,0,,,,,,,,,,,,,,,,,,,,,,,,,,,,
2013-12-11,MJ0351YNGAAHAA,Hitachi HDS5C3030ALA630,3000592982016,0,,0,,,,,,,,0,,,,,,8619,,,,,,,,,,,,,,,,,,,,,,,,,,,,,,30,,,,,,0,,,,,,,,,,,,,,,,,,,,,,,,,,,,
2013-12-11,MJ1311YNG3K6MA,Hitachi HDS5C3030ALA630,3000592982016,0,,1,,,,,,,,0,,,,,,19587,,,,,,,,,,,,,,,,,,,,,,,,,,,,,,24,,,,,,0,,,,,,,,,,,,,,,,,,,,,,,,,,,,
2013-12-11,MK0331YHGSVGUA,Hitachi HDS723030ALA640,3000592982016,0,,0,,,,,,,,0,,,,,,16680,,,,,,,,,,,,,,,,,,,,,,,,,,,,,,27,,,,,,0,,,,,,,,,,,,,,,,,,,,,,,,,,,,
2013-12-11,PL2311LAG1TZMC,Hitachi HDS5C4040ALE630,4000787030016,0,,0,,,,,,,,0,,,,,,7759,,,,,,,,,,,,,,,,,,,,,,,,,,,,,,20,,,,,,0,,,,,,,,,,,,,,,,,,,,,,,,,,,,
2013-12-11,Z1F1A0RP,ST3000DM001,3000592982016,0,,150613592,,,,,,,,0,,,,,,8021,,,,,,,,,,,,,,,,,,,,,,,,,,,,,,25,,,,,,0,,,,,,,,,,,,,,,,,,,,,,,,,,,,
2013-12-11,PL1321LAG34PKH,Hitachi HDS5C4040ALE630,4000787030016,0,,0,,,,,,,,0,,,,,,6651,,,,,,,,,,,,,,,,,,,,,,,,,,,,,,23,,,,,,0,,,,,,,,,,,,,,,,,,,,,,,,,,,,
2013-12-11,9XW01141,ST31500541AS,1500301910016,0,,129280349,,,,,,,,1485,,,,,,33666,,,,,,,,,,,,,,,,,,,,,,,,,,,,,,18,,,,,,0,,,,,,,,,,,,,,,,,,,,,,,,,,,,
2013-12-11,JK11A4B8J3HUZW,Hitachi HDS722020ALA330,2000398934016,0,,0,,,,,,,,0,,,,,,23319,,,,,,,,,,,,,,,,,,,,,,,,,,,,,,36,,,,,,0,,,,,,,,,,,,,,,,,,,,,,,,,,,,
2013-12-11,JK1105B8GEUHMX,Hitachi HDS722020ALA330,2000398934016,0,,0,,,,,,,,25,,,,,,27212,,,,,,,,,,,,,,,,,,,,,,,,,,,,,,27,,,,,,0,,,,,,,,,,,,,,,,,,,,,,,,,,,,
2013-12-11,W1F0Z1W9,ST3000DM001,3000592982016,0,,207732272,,,,,,,,0,,,,,,8208,,,,,,,,,,,,,,,,,,,,,,,,,,,,,,22,,,,,,0,,,,,,,,,,,,,,,,,,,,,,,,,,,,
2013-12-11,MK0313YHGNAM3C,Hitachi HDS723030ALA640,3000592982016,0,,0,,,,,,,,0,,,,,,16661,,,,,,,,,,,,,,,,,,,,,,,,,,,,,,26,,,,,,2,,,,,,,,,,,,,,,,,,,,,,,,,,,,
2013-12-11,Z300PM1D,ST4000DM000,4000787030016,0,,61939144,,,,,,,,0,,,,,,1229,,,,,,,,,,,,,,,,,,,,,,,,,,,,,,22,,,,,,0,,,,,,,,,,,,,,,,,,,,,,,,,,,,
2013-12-11,MJ1321YNG0D46A,Hitachi HDS5C3030ALA630,3000592982016,0,,0,,,,,,,,0,,,,,,20508,,,,,,,,,,,,,,,,,,,,,,,,,,,,,,25,,,,,,0,,,,,,,,,,,,,,,,,,,,,,,,,,,,
2013-12-11,PL1321LAGAXVTH,Hitachi HDS5C4040ALE630,4000787030016,0,,0,,,,,,,,0,,,,,,5064,,,,,,,,,,,,,,,,,,,,,,,,,,,,,,30,,,,,,0,,,,,,,,,,,,,,,,,,,,,,,,,,,,
2013-12-11,9VS28VQH,ST31500341AS,1500301910016,0,,97690067,,,,,,,,1,,,,,,38483,,,,,,,,,,,,,,,,,,,,,,,,,,,,,,25,,,,,,0,,,,,,,,,,,,,,,,,,,,,,,,,,,,
2013-12-11,MK0333YHGPDWRC,Hitachi HDS723030ALA640,3000592982016,0,,65537,,,,,,,,0,,,,,,18088,,,,,,,,,,,,,,,,,,,,,,,,,,,,,,30,,,,,,0,,,,,,,,,,,,,,,,,,,,,,,,,,,,
2013-12-11,Z300PM18,ST4000DM000,4000787030016,0,,145494184,,,,,,,,0,,,,,,1229,,,,,,,,,,,,,,,,,,,,,,,,,,,,,,21,,,,,,0,,,,,,,,,,,,,,,,,,,,,,,,,,,,
2013-12-11,MK0301YHGMAR0D,Hitachi HDS723030ALA640,3000592982016,0,,65536,,,,,,,,0,,,,,,17012,,,,,,,,,,,,,,,,,,,,,,,,,,,,,,32,,,,,,0,,,,,,,,,,,,,,,,,,,,,,,,,,,,
2013-12-11,PL1311LAG1H3UA,Hitachi HDS5C4040ALE630,4000787030016,0,,0,,,,,,,,0,,,,,,7757,,,,,,,,,,,,,,,,,,,,,,,,,,,,,,26,,,,,,0,,,,,,,,,,,,,,,,,,,,,,,,,,,,
2013-12-11,Z300PM12,ST4000DM000,4000787030016,0,,61103376,,,,,,,,0,,,,,,1228,,,,,,,,,,,,,,,,,,,,,,,,,,,,,,19,,,,,,0,,,,,,,,,,,,,,,,,,,,,,,,,,,,
2013-12-11,WD-WCAV5V405024,WDC WD10EADX,1000204886016,0,,0,,,,,,,,0,,,,,,8516,,,,,,,,,,,,,,,,,,,,,,,,,,,,,,23,,,,,,0,,,,,,,,,,,,,,,,,,,,,,,,,,,,
2013-12-11,W1F0B61V,ST3000DM001,3000592982016,0,,197357776,,,,,,,,0,,,,,,13912,,,,,,,,,,,,,,,,,,,,,,,,,,,,,,23,,,,,,0,,,,,,,,,,,,,,,,,,,,,,,,,,,,
2013-12-11,JK1101B9KNNYYF,Hitachi HDS722020ALA330,2000398934016,0,,1,,,,,,,,0,,,,,,23100,,,,,,,,,,,,,,,,,,,,,,,,,,,,,,22,,,,,,0,,,,,,,,,,,,,,,,,,,,,,,,,,,,
2013-12-11,PL1321LAGAWEWH,Hitachi HDS5C4040ALE630,4000787030016,0,,0,,,,,,,,0,,,,,,5075,,,,,,,,,,,,,,,,,,,,,,,,,,,,,,27,,,,,,0,,,,,,,,,,,,,,,,,,,,,,,,,,,,
2013-12-11,WD-WCAU45652671,WDC WD10EACS,1000204886016,0,,0,,,,,,,,0,,,,,,42371,,,,,,,,,,,,,,,,,,,,,,,,,,,,,,25,,,,,,0,,,,,,,,,,,,,,,,,,,,,,,,,,,,
2013-12-11,PL1321LAG34A5H,Hitachi HDS5C4040ALE630,4000787030016,0,,0,,,,,,,,0,,,,,,5668,,,,,,,,,,,,,,,,,,,,,,,,,,,,,,17,,,,,,0,,,,,,,,,,,,,,,,,,,,,,,,,,,,
2013-12-11,JK1105B8GGRGPX,Hitachi HDS722020ALA330,2000398934016,0,,0,,,,,,,,0,,,,,,27221,,,,,,,,,,,,,,,,,,,,,,,,,,,,,,28,,,,,,0,,,,,,,,,,,,,,,,,,,,,,,,,,,,
2013-12-11,MK0331YHGM3E8A,Hitachi HDS723030ALA640,3000592982016,0,,0,,,,,,,,0,,,,,,17755,,,,,,,,,,,,,,,,,,,,,,,,,,,,,,24,,,,,,0,,,,,,,,,,,,,,,,,,,,,,,,,,,,
2013-12-11,W1F08K44,ST3000DM001,3000592982016,0,,172066032,,,,,,,,0,,,,,,13373,,,,,,,,,,,,,,,,,,,,,,,,,,,,,,22,,,,,,16,,,,,,,,,,,,,,,,,,,,,,,,,,,,
2013-12-11,W300KL9M,ST4000DM000,4000787030016,0,,47469368,,,,,,,,0,,,,,,919,,,,,,,,,,,,,,,,,,,,,,,,,,,,,,22,,,,,,0,,,,,,,,,,,,,,,,,,,,,,,,,,,,
2013-12-11,JK11A1YAJHBGNV,Hitachi HDS722020ALA330,2000398934016,0,,0,,,,,,,,0,,,,,,28913,,,,,,,,,,,,,,,,,,,,,,,,,,,,,,29,,,,,,0,,,,,,,,,,,,,,,,,,,,,,,,,,,,
2013-12-11,S1F0531S,ST3000DM001,3000592982016,0,,93545312,,,,,,,,0,,,,,,13821,,,,,,,,,,,,,,,,,,,,,,,,,,,,,,24,,,,,,0,,,,,,,,,,,,,,,,,,,,,,,,,,,,
2013-12-11,MJ1311YNG2PWWA,Hitachi HDS5C3030ALA630,3000592982016,0,,0,,,,,,,,0,,,,,,14289,,,,,,,,,,,,,,,,,,,,,,,,,,,,,,30,,,,,,0,,,,,,,,,,,,,,,,,,,,,,,,,,,,
2013-12-11,MJ0351YNG9Z1RA,Hitachi HDS5C3030ALA630,3000592982016,0,,0,,,,,,,,0,,,,,,9672,,,,,,,,,,,,,,,,,,,,,,,,,,,,,,30,,,,,,0,,,,,,,,,,,,,,,,,,,,,,,,,,,,
2013-12-11,MJ1323YNG1T9HC,Hitachi HDS5C3030ALA630,3000592982016,0,,0,,,,,,,,0,,,,,,19310,,,,,,,,,,,,,,,,,,,,,,,,,,,,,,28,,,,,,0,,,,,,,,,,,,,,,,,,,,,,,,,,,,
2013-12-11,MJ1311YNG5R39A,Hitachi HDS5C3030ALA630,3000592982016,0,,0,,,,,,,,0,,,,,,14600,,,,,,,,,,,,,,,,,,,,,,,,,,,,,,22,,,,,,0,,,,,,,,,,,,,,,,,,,,,,,,,,,,
2013-12-11,9VS2AXLJ,ST31500341AS,1500301910016,0,,204076264,,,,,,,,7,,,,,,38480,,,,,,,,,,,,,,,,,,,,,,,,,,,,,,25,,,,,,0,,,,,,,,,,,,,,,,,,,,,,,,,,,,
2013-12-11,9XW032TV,ST31500541AS,1500301910016,0,,125170669,,,,,,,,89,,,,,,33000,,,,,,,,,,,,,,,,,,,,,,,,,,,,,,28,,,,,,0,,,,,,,,,,,,,,,,,,,,,,,,,,,,
2013-12-11,JK1105B8GE1G7X,Hitachi HDS722020ALA330,2000398934016,0,,131074,,,,,,,,0,,,,,,27160,,,,,,,,,,,,,,,,,,,,,,,,,,,,,,27,,,,,,0,,,,,,,,,,,,,,,,,,,,,,,,,,,,
2013-12-11,MJ0351YNG9YHMA,Hitachi HDS5C3030ALA630,3000592982016,0,,0,,,,,,,,0,,,,,,9901,,,,,,,,,,,,,,,,,,,,,,,,,,,,,,28,,,,,,0,,,,,,,,,,,,,,,,,,,,,,,,,,,,
2013-12-11,Z252A59AS,TOSHIBA DT01ACA300,3000592982016,0,,0,,,,,,,,0,,,,,,6615,,,,,,,,,,,,,,,,,,,,,,,,,,,,,,24,,,,,,0,,,,,,,,,,,,,,,,,,,,,,,,,,,,
2013-12-11,PL1311LAG2AMZH,Hitachi HDS5C4040ALE630,4000787030016,0,,0,,,,,,,,0,,,,,,7401,,,,,,,,,,,,,,,,,,,,,,,,,,,,,,27,,,,,,0,,,,,,,,,,,,,,,,,,,,,,,,,,,,
2013-12-11,JK1101B9GE5GNF,Hitachi HDS722020ALA330,2000398934016,0,,65536,,,,,,,,0,,,,,,26764,,,,,,,,,,,,,,,,,,,,,,,,,,,,,,27,,,,,,0,,,,,,,,,,,,,,,,,,,,,,,,,,,,
2013-12-11,MJ1321YNG13RVA,Hitachi HDS5C3030ALA630,3000592982016,0,,0,,,,,,,,0,,,,,,19373,,,,,,,,,,,,,,,,,,,,,,,,,,,,,,26,,,,,,0,,,,,,,,,,,,,,,,,,,,,,,,,,,,
2013-12-11,PL1311LAG3A77H,Hitachi HDS5C4040ALE630,4000787030016,0,,0,,,,,,,,0,,,,,,5058,,,,,,,,,,,,,,,,,,,,,,,,,,,,,,30,,,,,,0,,,,,,,,,,,,,,,,,,,,,,,,,,,,
2013-12-11,MJ1311YNG4R1JA,Hitachi HDS5C3030ALA630,3000592982016,0,,0,,,,,,,,0,,,,,,14685,,,,,,,,,,,,,,,,,,,,,,,,,,,,,,20,,,,,,0,,,,,,,,,,,,,,,,,,,,,,,,,,,,
2013-12-11,MK0311YHGE73GA,Hitachi HDS723030ALA640,3000592982016,0,,0,,,,,,,,0,,,,,,16801,,,,,,,,,,,,,,,,,,,,,,,,,,,,,,30,,,,,,0,,,,,,,,,,,,,,,,,,,,,,,,,,,,
2013-12-11,W300B610,ST4000DM000,4000787030016,0,,31482816,,,,,,,,0,,,,,,3588,,,,,,,,,,,,,,,,,,,,,,,,,,,,,,22,,,,,,0,,,,,,,,,,,,,,,,,,,,,,,,,,,,
2013-12-11,Z300K9MG,ST4000DM000,4000787030016,0,,178381640,,,,,,,,0,,,,,,2245,,,,,,,,,,,,,,,,,,,,,,,,,,,,,,19,,,,,,0,,,,,,,,,,,,,,,,,,,,,,,,,,,,
2013-12-11,9VS2BYGM,ST31500341AS,1500301910016,0,,96586115,,,,,,,,31,,,,,,35523,,,,,,,,,,,,,,,,,,,,,,,,,,,,,,32,,,,,,0,,,,,,,,,,,,,,,,,,,,,,,,,,,,
2013-12-11,9XW01R6X,ST31500541AS,1500301910016,0,,95664116,,,,,,,,328,,,,,,34326,,,,,,,,,,,,,,,,,,,,,,,,,,,,,,19,,,,,,0,,,,,,,,,,,,,,,,,,,,,,,,,,,,
2013-12-11,MJ0351YNG9Z0PA,Hitachi HDS5C3030ALA630,3000592982016,0,,0,,,,,,,,0,,,,,,9906,,,,,,,,,,,,,,,,,,,,,,,,,,,,,,23,,,,,,0,,,,,,,,,,,,,,,,,,,,,,,,,,,,
2013-12-11,JK11A8B9J0LNKF,Hitachi HDS722020ALA330,2000398934016,0,,0,,,,,,,,0,,,,,,26329,,,,,,,,,,,,,,,,,,,,,,,,,,,,,,26,,,,,,0,,,,,,,,,,,,,,,,,,,,,,,,,,,,
2013-12-11,MJ0351YNG9Z7DA,Hitachi HDS5C3030ALA630,3000592982016,0,,0,,,,,,,,0,,,,,,9469,,,,,,,,,,,,,,,,,,,,,,,,,,,,,,26,,,,,,0,,,,,,,,,,,,,,,,,,,,,,,,,,,,
2013-12-11,JK1101B9GEDUYT,Hitachi HDS722020ALA330,2000398934016,0,,0,,,,,,,,0,,,,,,26838,,,,,,,,,,,,,,,,,,,,,,,,,,,,,,29,,,,,,0,,,,,,,,,,,,,,,,,,,,,,,,,,,,
2013-12-11,MK0301YHGL26WA,Hitachi HDS723030ALA640,3000592982016,0,,0,,,,,,,,0,,,,,,17018,,,,,,,,,,,,,,,,,,,,,,,,,,,,,,24,,,,,,0,,,,,,,,,,,,,,,,,,,,,,,,,,,,
2013-12-11,PL1301LAG3605H,Hitachi HDS5C4040ALE630,4000787030016,0,,0,,,,,,,,0,,,,,,5140,,,,,,,,,,,,,,,,,,,,,,,,,,,,,,27,,,,,,0,,,,,,,,,,,,,,,,,,,,,,,,,,,,
2013-12-11,JK11A1YAJH34RV,Hitachi HDS722020ALA330,2000398934016,0,,0,,,,,,,,0,,,,,,28849,,,,,,,,,,,,,,,,,,,,,,,,,,,,,,27,,,,,,0,,,,,,,,,,,,,,,,,,,,,,,,,,,,
2013-12-11,S1F0CTWE,ST3000DM001,3000592982016,0,,159307384,,,,,,,,0,,,,,,12876,,,,,,,,,,,,,,,,,,,,,,,,,,,,,,26,,,,,,0,,,,,,,,,,,,,,,,,,,,,,,,,,,,
2013-12-11,JK11A8B9J71Y7F,Hitachi HDS722020ALA330,2000398934016,0,,0,,,,,,,,0,,,,,,21478,,,,,,,,,,,,,,,,,,,,,,,,,,,,,,24,,,,,,0,,,,,,,,,,,,,,,,,,,,,,,,,,,,
2013-12-11,W300DD4F,ST4000DM000,4000787030016,0,,233733080,,,,,,,,0,,,,,,4187,,,,,,,,,,,,,,,,,,,,,,,,,,,,,,30,,,,,,0,,,,,,,,,,,,,,,,,,,,,,,,,,,,
2013-12-11,S1F0B2S6,ST3000DM001,3000592982016,0,,240612848,,,,,,,,0,,,,,,12368,,,,,,,,,,,,,,,,,,,,,,,,,,,,,,23,,,,,,0,,,,,,,,,,,,,,,,,,,,,,,,,,,,
2013-12-11,6XW058B3,ST31500541AS,1500301910016,0,,212459030,,,,,,,,0,,,,,,36402,,,,,,,,,,,,,,,,,,,,,,,,,,,,,,18,,,,,,0,,,,,,,,,,,,,,,,,,,,,,,,,,,,
2013-12-11,PL1311LAG2E5RH,Hitachi HDS5C4040ALE630,4000787030016,0,,0,,,,,,,,0,,,,,,7436,,,,,,,,,,,,,,,,,,,,,,,,,,,,,,27,,,,,,0,,,,,,,,,,,,,,,,,,,,,,,,,,,,
2013-12-11,W3009Q5V,ST4000DM000,4000787030016,0,,178740264,,,,,,,,0,,,,,,4165,,,,,,,,,,,,,,,,,,,,,,,,,,,,,,26,,,,,,0,,,,,,,,,,,,,,,,,,,,,,,,,,,,
2013-12-11,MJ1311YNG733VA,Hitachi HDS5C3030ALA630,3000592982016,0,,0,,,,,,,,0,,,,,,14598,,,,,,,,,,,,,,,,,,,,,,,,,,,,,,26,,,,,,0,,,,,,,,,,,,,,,,,,,,,,,,,,,,
2013-12-11,WD-WCAWZ2473488,WDC WD30EZRX,3000592982016,0,,0,,,,,,,,0,,,,,,12150,,,,,,,,,,,,,,,,,,,,,,,,,,,,,,22,,,,,,0,,,,,,,,,,,,,,,,,,,,,,,,,,,,
2013-12-11,S1F02A4B,ST3000DM001,3000592982016,0,,20797616,,,,,,,,0,,,,,,15222,,,,,,,,,,,,,,,,,,,,,,,,,,,,,,22,,,,,,0,,,,,,,,,,,,,,,,,,,,,,,,,,,,
2013-12-11,W300B61C,ST4000DM000,4000787030016,0,,7280592,,,,,,,,0,,,,,,3586,,,,,,,,,,,,,,,,,,,,,,,,,,,,,,21,,,,,,0,,,,,,,,,,,,,,,,,,,,,,,,,,,,
2013-12-11,MJ0351YNGA8M4A,Hitachi HDS5C3030ALA630,3000592982016,0,,0,,,,,,,,0,,,,,,7989,,,,,,,,,,,,,,,,,,,,,,,,,,,,,,26,,,,,,0,,,,,,,,,,,,,,,,,,,,,,,,,,,,
2013-12-11,S1F019EE,ST3000DM001,3000592982016,0,,133064224,,,,,,,,0,,,,,,15416,,,,,,,,,,,,,,,,,,,,,,,,,,,,,,26,,,,,,0,,,,,,,,,,,,,,,,,,,,,,,,,,,,
2013-12-11,MJ1311YNG3KYVA,Hitachi HDS5C3030ALA630,3000592982016,0,,0,,,,,,,,0,,,,,,19588,,,,,,,,,,,,,,,,,,,,,,,,,,,,,,26,,,,,,0,,,,,,,,,,,,,,,,,,,,,,,,,,,,
2013-12-11,JK1101B8KNE1HS,Hitachi HDS722020ALA330,2000398934016,0,,0,,,,,,,,0,,,,,,23100,,,,,,,,,,,,,,,,,,,,,,,,,,,,,,27,,,,,,0,,,,,,,,,,,,,,,,,,,,,,,,,,,,
2013-12-11,S1F05RKA,ST3000DM001,3000592982016,0,,4579120,,,,,,,,320,,,,,,12397,,,,,,,,,,,,,,,,,,,,,,,,,,,,,,26,,,,,,8,,,,,,,,,,,,,,,,,,,,,,,,,,,,
2013-12-11,MJ0351YNG9TZKA,Hitachi HDS5C3030ALA630,3000592982016,0,,0,,,,,,,,0,,,,,,9904,,,,,,,,,,,,,,,,,,,,,,,,,,,,,,25,,,,,,0,,,,,,,,,,,,,,,,,,,,,,,,,,,,
2013-12-11,JK11A8B9J09AKF,Hitachi HDS722020ALA330,2000398934016,0,,0,,,,,,,,0,,,,,,24432,,,,,,,,,,,,,,,,,,,,,,,,,,,,,,28,,,,,,0,,,,,,,,,,,,,,,,,,,,,,,,,,,,
2013-12-11,6XW04TK4,ST31500541AS,1500301910016,0,,155085674,,,,,,,,6,,,,,,36960,,,,,,,,,,,,,,,,,,,,,,,,,,,,,,22,,,,,,0,,,,,,,,,,,,,,,,,,,,,,,,,,,,
2013-12-11,MJ1323YNG1N12C,Hitachi HDS5C3030ALA630,3000592982016,0,,0,,,,,,,,0,,,,,,19766,,,,,,,,,,,,,,,,,,,,,,,,,,,,,,27,,,,,,0,,,,,,,,,,,,,,,,,,,,,,,,,,,,
2013-12-11,5XW2HKPL,ST32000542AS,2000398934016,0,,163583614,,,,,,,,0,,,,,,17231,,,,,,,,,,,,,,,,,,,,,,,,,,,,,,20,,,,,,0,,,,,,,,,,,,,,,,,,,,,,,,,,,,
2013-12-11,Z1F1G02A,ST3000DM001,3000592982016,0,,132728072,,,,,,,,0,,,,,,9208,,,,,,,,,,,,,,,,,,,,,,,,,,,,,,20,,,,,,0,,,,,,,,,,,,,,,,,,,,,,,,,,,,
2013-12-11,MJ0351YNGA73GA,Hitachi HDS5C3030ALA630,3000592982016,0,,0,,,,,,,,0,,,,,,8657,,,,,,,,,,,,,,,,,,,,,,,,,,,,,,29,,,,,,0,,,,,,,,,,,,,,,,,,,,,,,,,,,,
2013-12-11,Z300GZ3V,ST4000DM000,4000787030016,0,,141464056,,,,,,,,0,,,,,,3580,,,,,,,,,,,,,,,,,,,,,,,,,,,,,,26,,,,,,0,,,,,,,,,,,,,,,,,,,,,,,,,,,,
2013-12-11,MK0311YHGG7DNA,Hitachi HDS723030ALA640,3000592982016,0,,0,,,,,,,,0,,,,,,16078,,,,,,,,,,,,,,,,,,,,,,,,,,,,,,25,,,,,,0,,,,,,,,,,,,,,,,,,,,,,,,,,,,
2013-12-11,WD-WCAWZ1307351,WDC WD30EZRX,3000592982016,0,,0,,,,,,,,0,,,,,,16074,,,,,,,,,,,,,,,,,,,,,,,,,,,,,,21,,,,,,0,,,,,,,,,,,,,,,,,,,,,,,,,,,,
2013-12-11,Z300GZ3X,ST4000DM000,4000787030016,0,,187580888,,,,,,,,0,,,,,,3582,,,,,,,,,,,,,,,,,,,,,,,,,,,,,,21,,,,,,0,,,,,,,,,,,,,,,,,,,,,,,,,,,,
2013-12-11,MJ0351YNG9W24A,Hitachi HDS5C3030ALA630,3000592982016,0,,0,,,,,,,,0,,,,,,9147,,,,,,,,,,,,,,,,,,,,,,,,,,,,,,30,,,,,,0,,,,,,,,,,,,,,,,,,,,,,,,,,,,
2013-12-11,Z300GZ3E,ST4000DM000,4000787030016,0,,216889808,,,,,,,,0,,,,,,3581,,,,,,,,,,,,,,,,,,,,,,,,,,,,,,21,,,,,,0,,,,,,,,,,,,,,,,,,,,,,,,,,,,
2013-12-11,JK11A8B9J7PU2F,Hitachi HDS722020ALA330,2000398934016,0,,65536,,,,,,,,0,,,,,,22686,,,,,,,,,,,,,,,,,,,,,,,,,,,,,,20,,,,,,0,,,,,,,,,,,,,,,,,,,,,,,,,,,,
2013-12-11,Z300GZ3N,ST4000DM000,4000787030016,0,,210594440,,,,,,,,0,,,,,,3584,,,,,,,,,,,,,,,,,,,,,,,,,,,,,,25,,,,,,0,,,,,,,,,,,,,,,,,,,,,,,,,,,,
2013-12-11,Z300GZ3M,ST4000DM000,4000787030016,0,,201511880,,,,,,,,0,,,,,,3582,,,,,,,,,,,,,,,,,,,,,,,,,,,,,,21,,,,,,0,,,,,,,,,,,,,,,,,,,,,,,,,,,,
2013-12-11,S1F0TMN6,ST3000DM001,3000592982016,0,,169542184,,,,,,,,0,,,,,,10838,,,,,,,,,,,,,,,,,,,,,,,,,,,,,,24,,,,,,0,,,,,,,,,,,,,,,,,,,,,,,,,,,,
2013-12-11,Z300GZ3K,ST4000DM000,4000787030016,0,,58319712,,,,,,,,0,,,,,,3581,,,,,,,,,,,,,,,,,,,,,,,,,,,,,,27,,,,,,0,,,,,,,,,,,,,,,,,,,,,,,,,,,,
2013-12-11,Z300GZ3J,ST4000DM000,4000787030016,0,,145516824,,,,,,,,0,,,,,,3582,,,,,,,,,,,,,,,,,,,,,,,,,,,,,,20,,,,,,0,,,,,,,,,,,,,,,,,,,,,,,,,,,,
2013-12-11,MJ1311YNG3E9PA,Hitachi HDS5C3030ALA630,3000592982016,0,,0,,,,,,,,0,,,,,,18947,,,,,,,,,,,,,,,,,,,,,,,,,,,,,,27,,,,,,0,,,,,,,,,,,,,,,,,,,,,,,,,,,,
2013-12-11,JK11A8B9GPP69F,Hitachi HDS722020ALA330,2000398934016,0,,0,,,,,,,,0,,,,,,26493,,,,,,,,,,,,,,,,,,,,,,,,,,,,,,26,,,,,,0,,,,,,,,,,,,,,,,,,,,,,,,,,,,
2013-12-11,Z300GZ32,ST4000DM000,4000787030016,0,,156628040,,,,,,,,0,,,,,,3362,,,,,,,,,,,,,,,,,,,,,,,,,,,,,,21,,,,,,0,,,,,,,,,,,,,,,,,,,,,,,,,,,,
2013-12-11,MJ1311YNG5YBGA,Hitachi HDS5C3030ALA630,3000592982016,0,,0,,,,,,,,0,,,,,,14680,,,,,,,,,,,,,,,,,,,,,,,,,,,,,,26,,,,,,0,,,,,,,,,,,,,,,,,,,,,,,,,,,,
2013-12-11,6XW0266Y,ST31500541AS,1500301910016,0,,214652637,,,,,,,,0,,,,,,36383,,,,,,,,,,,,,,,,,,,,,,,,,,,,,,21,,,,,,0,,,,,,,,,,,,,,,,,,,,,,,,,,,,
2013-12-11,JK1105B8JMJ1LX,Hitachi HDS722020ALA330,2000398934016,0,,0,,,,,,,,0,,,,,,22699,,,,,,,,,,,,,,,,,,,,,,,,,,,,,,30,,,,,,0,,,,,,,,,,,,,,,,,,,,,,,,,,,,
2013-12-11,6XW04TKE,ST31500541AS,1500301910016,0,,90478759,,,,,,,,0,,,,,,36403,,,,,,,,,,,,,,,,,,,,,,,,,,,,,,17,,,,,,0,,,,,,,,,,,,,,,,,,,,,,,,,,,,
2013-12-11,W1F09NFW,ST3000DM001,3000592982016,0,,19368944,,,,,,,,0,,,,,,14233,,,,,,,,,,,,,,,,,,,,,,,,,,,,,,24,,,,,,0,,,,,,,,,,,,,,,,,,,,,,,,,,,,
2013-12-11,5XW1V4VJ,ST32000542AS,2000398934016,0,,163827836,,,,,,,,0,,,,,,15217,,,,,,,,,,,,,,,,,,,,,,,,,,,,,,23,,,,,,0,,,,,,,,,,,,,,,,,,,,,,,,,,,,
2013-12-11,Z300VYDJ,ST4000DM000,4000787030016,0,,15894008,,,,,,,,0,,,,,,886,,,,,,,,,,,,,,,,,,,,,,,,,,,,,,24,,,,,,0,,,,,,,,,,,,,,,,,,,,,,,,,,,,
2013-12-11,5XW0K1H0,ST32000542AS,2000398934016,0,,1662485,,,,,,,,0,,,,,,7819,,,,,,,,,,,,,,,,,,,,,,,,,,,,,,19,,,,,,0,,,,,,,,,,,,,,,,,,,,,,,,,,,,
2013-12-11,Z300PAJ3,ST4000DM000,4000787030016,0,,4177200,,,,,,,,0,,,,,,1447,,,,,,,,,,,,,,,,,,,,,,,,,,,,,,27,,,,,,0,,,,,,,,,,,,,,,,,,,,,,,,,,,,
2013-12-11,Z300PAJ6,ST4000DM000,4000787030016,0,,85338088,,,,,,,,0,,,,,,1225,,,,,,,,,,,,,,,,,,,,,,,,,,,,,,22,,,,,,0,,,,,,,,,,,,,,,,,,,,,,,,,,,,
2013-12-11,WD-WCAWZ1108232,WDC WD30EZRX,3000592982016,0,,11,,,,,,,,0,,,,,,16128,,,,,,,,,,,,,,,,,,,,,,,,,,,,,,23,,,,,,1,,,,,,,,,,,,,,,,,,,,,,,,,,,,
2013-12-11,Z300PAJ8,ST4000DM000,4000787030016,0,,202084736,,,,,,,,0,,,,,,1114,,,,,,,,,,,,,,,,,,,,,,,,,,,,,,27,,,,,,0,,,,,,,,,,,,,,,,,,,,,,,,,,,,
2013-12-11,Z300CWLG,ST4000DM000,4000787030016,0,,208934984,,,,,,,,0,,,,,,2385,,,,,,,,,,,,,,,,,,,,,,,,,,,,,,26,,,,,,0,,,,,,,,,,,,,,,,,,,,,,,,,,,,
2013-12-11,Z300CWLF,ST4000DM000,4000787030016,0,,177733296,,,,,,,,0,,,,,,2246,,,,,,,,,,,,,,,,,,,,,,,,,,,,,,23,,,,,,0,,,,,,,,,,,,,,,,,,,,,,,,,,,,
2013-12-11,PL1311LAG3A4EH,Hitachi HDS5C4040ALE630,4000787030016,0,,0,,,,,,,,0,,,,,,5304,,,,,,,,,,,,,,,,,,,,,,,,,,,,,,26,,,,,,0,,,,,,,,,,,,,,,,,,,,,,,,,,,,
2013-12-11,Z1F1Q9BD,ST3000DM001,3000592982016,0,,54604280,,,,,,,,0,,,,,,7358,,,,,,,,,,,,,,,,,,,,,,,,,,,,,,23,,,,,,0,,,,,,,,,,,,,,,,,,,,,,,,,,,,
2013-12-11,Z300CMW6,ST4000DM000,4000787030016,0,,28266360,,,,,,,,0,,,,,,2218,,,,,,,,,,,,,,,,,,,,,,,,,,,,,,24,,,,,,0,,,,,,,,,,,,,,,,,,,,,,,,,,,,
2013-12-11,MJ1321YNG0GULA,Hitachi HDS5C3030ALA630,3000592982016,0,,0,,,,,,,,0,,,,,,20498,,,,,,,,,,,,,,,,,,,,,,,,,,,,,,29,,,,,,0,,,,,,,,,,,,,,,,,,,,,,,,,,,,
2013-12-11,W300BSAP,ST4000DM000,4000787030016,0,,239591768,,,,,,,,0,,,,,,4136,,,,,,,,,,,,,,,,,,,,,,,,,,,,,,23,,,,,,0,,,,,,,,,,,,,,,,,,,,,,,,,,,,
2013-12-11,Z300KFHN,ST4000DM000,4000787030016,0,,118506160,,,,,,,,0,,,,,,105,,,,,,,,,,,,,,,,,,,,,,,,,,,,,,23,,,,,,0,,,,,,,,,,,,,,,,,,,,,,,,,,,,
2013-12-11,Z300NCMH,ST4000DM000,4000787030016,0,,119945216,,,,,,,,0,,,,,,1228,,,,,,,,,,,,,,,,,,,,,,,,,,,,,,18,,,,,,0,,,,,,,,,,,,,,,,,,,,,,,,,,,,
2013-12-11,JK11A8B9J7W9AF,Hitachi HDS722020ALA330,2000398934016,0,,65539,,,,,,,,0,,,,,,24913,,,,,,,,,,,,,,,,,,,,,,,,,,,,,,31,,,,,,0,,,,,,,,,,,,,,,,,,,,,,,,,,,,
2013-12-11,JK11A8B9J70ABF,Hitachi HDS722020ALA330,2000398934016,0,,0,,,,,,,,0,,,,,,22697,,,,,,,,,,,,,,,,,,,,,,,,,,,,,,27,,,,,,0,,,,,,,,,,,,,,,,,,,,,,,,,,,,
2013-12-11,JK1105B8GDUVTX,Hitachi HDS722020ALA330,2000398934016,0,,1,,,,,,,,0,,,,,,27160,,,,,,,,,,,,,,,,,,,,,,,,,,,,,,30,,,,,,0,,,,,,,,,,,,,,,,,,,,,,,,,,,,
2013-12-11,PL1321LAGAKVLH,Hitachi HDS5C4040ALE630,4000787030016,0,,0,,,,,,,,0,,,,,,5066,,,,,,,,,,,,,,,,,,,,,,,,,,,,,,30,,,,,,0,,,,,,,,,,,,,,,,,,,,,,,,,,,,
2013-12-11,MJ0351YNGAD1UA,Hitachi HDS5C3030ALA630,3000592982016,0,,0,,,,,,,,0,,,,,,8210,,,,,,,,,,,,,,,,,,,,,,,,,,,,,,36,,,,,,0,,,,,,,,,,,,,,,,,,,,,,,,,,,,
2013-12-11,PL1311LAG180SA,Hitachi HDS5C4040ALE630,4000787030016,0,,0,,,,,,,,0,,,,,,7457,,,,,,,,,,,,,,,,,,,,,,,,,,,,,,27,,,,,,0,,,,,,,,,,,,,,,,,,,,,,,,,,,,
2013-12-11,S1F0BR6T,ST3000DM001,3000592982016,0,,206910104,,,,,,,,344,,,,,,12879,,,,,,,,,,,,,,,,,,,,,,,,,,,,,,26,,,,,,0,,,,,,,,,,,,,,,,,,,,,,,,,,,,
2013-12-11,PL1321LAG2Y5HH,Hitachi HDS5C4040ALE630,4000787030016,0,,0,,,,,,,,0,,,,,,5961,,,,,,,,,,,,,,,,,,,,,,,,,,,,,,21,,,,,,0,,,,,,,,,,,,,,,,,,,,,,,,,,,,
2013-12-11,W1F0Y2PY,ST3000DM001,3000592982016,0,,187906432,,,,,,,,0,,,,,,3727,,,,,,,,,,,,,,,,,,,,,,,,,,,,,,23,,,,,,0,,,,,,,,,,,,,,,,,,,,,,,,,,,,
2013-12-11,PL1301LAG2WWJA,Hitachi HDS5C4040ALE630,4000787030016,0,,0,,,,,,,,0,,,,,,5958,,,,,,,,,,,,,,,,,,,,,,,,,,,,,,24,,,,,,0,,,,,,,,,,,,,,,,,,,,,,,,,,,,
2013-12-11,Z300CMWN,ST4000DM000,4000787030016,0,,156537224,,,,,,,,0,,,,,,2385,,,,,,,,,,,,,,,,,,,,,,,,,,,,,,26,,,,,,0,,,,,,,,,,,,,,,,,,,,,,,,,,,,
2013-12-11,S1F0M3XY,ST3000DM001,3000592982016,0,,19062104,,,,,,,,0,,,,,,12175,,,,,,,,,,,,,,,,,,,,,,,,,,,,,,29,,,,,,32,,,,,,,,,,,,,,,,,,,,,,,,,,,,
2013-12-11,MJ1311YNG7LS8A,Hitachi HDS5C3030ALA630,3000592982016,0,,0,,,,,,,,0,,,,,,14290,,,,,,,,,,,,,,,,,,,,,,,,,,,,,,30,,,,,,0,,,,,,,,,,,,,,,,,,,,,,,,,,,,
2013-12-11,MJ1311YNG7ERYA,Hitachi HDS5C3030ALA630,3000592982016,0,,0,,,,,,,,0,,,,,,14598,,,,,,,,,,,,,,,,,,,,,,,,,,,,,,27,,,,,,0,,,,,,,,,,,,,,,,,,,,,,,,,,,,
2013-12-11,Z300PAJX,ST4000DM000,4000787030016,0,,51480512,,,,,,,,0,,,,,,1226,,,,,,,,,,,,,,,,,,,,,,,,,,,,,,24,,,,,,0,,,,,,,,,,,,,,,,,,,,,,,,,,,,
2013-12-11,W300KW5L,ST4000DM000,4000787030016,0,,222429560,,,,,,,,0,,,,,,920,,,,,,,,,,,,,,,,,,,,,,,,,,,,,,21,,,,,,0,,,,,,,,,,,,,,,,,,,,,,,,,,,,
2013-12-11,S1F0FY0Y,ST3000DM001,3000592982016,0,,213235680,,,,,,,,0,,,,,,12155,,,,,,,,,,,,,,,,,,,,,,,,,,,,,,23,,,,,,8,,,,,,,,,,,,,,,,,,,,,,,,,,,,
2013-12-11,JK1101YBKZVM2F,Hitachi HDS722020ALA330,2000398934016,0,,393219,,,,,,,,25,,,,,,10880,,,,,,,,,,,,,,,,,,,,,,,,,,,,,,30,,,,,,146,,,,,,,,,,,,,,,,,,,,,,,,,,,,
2013-12-11,Z300J9W4,ST4000DM000,4000787030016,0,,41308480,,,,,,,,0,,,,,,2218,,,,,,,,,,,,,,,,,,,,,,,,,,,,,,22,,,,,,0,,,,,,,,,,,,,,,,,,,,,,,,,,,,
2013-12-11,Z300J9W3,ST4000DM000,4000787030016,0,,73954368,,,,,,,,0,,,,,,2901,,,,,,,,,,,,,,,,,,,,,,,,,,,,,,26,,,,,,0,,,,,,,,,,,,,,,,,,,,,,,,,,,,
2013-12-11,W1F0P2M4,ST3000DM001,3000592982016,0,,27566128,,,,,,,,0,,,,,,11754,,,,,,,,,,,,,,,,,,,,,,,,,,,,,,27,,,,,,0,,,,,,,,,,,,,,,,,,,,,,,,,,,,
2013-12-11,W1F19B7H,ST3000DM001,3000592982016,0,,147183544,,,,,,,,0,,,,,,8203,,,,,,,,,,,,,,,,,,,,,,,,,,,,,,27,,,,,,0,,,,,,,,,,,,,,,,,,,,,,,,,,,,
2013-12-11,Z1F0L3BL,ST3000DM001,3000592982016,0,,153055424,,,,,,,,0,,,,,,12016,,,,,,,,,,,,,,,,,,,,,,,,,,,,,,27,,,,,,0,,,,,,,,,,,,,,,,,,,,,,,,,,,,
2013-12-11,MJ1311YNG3LWKA,Hitachi HDS5C3030ALA630,3000592982016,0,,0,,,,,,,,0,,,,,,18949,,,,,,,,,,,,,,,,,,,,,,,,,,,,,,22,,,,,,0,,,,,,,,,,,,,,,,,,,,,,,,,,,,
2013-12-11,6XW00SXW,ST31500541AS,1500301910016,0,,222036890,,,,,,,,0,,,,,,30747,,,,,,,,,,,,,,,,,,,,,,,,,,,,,,19,,,,,,0,,,,,,,,,,,,,,,,,,,,,,,,,,,,
2013-12-11,9XW01Z3L,ST31500541AS,1500301910016,0,,152955682,,,,,,,,0,,,,,,34326,,,,,,,,,,,,,,,,,,,,,,,,,,,,,,18,,,,,,0,,,,,,,,,,,,,,,,,,,,,,,,,,,,
2013-12-11,MJ0351YNGA3L7A,Hitachi HDS5C3030ALA630,3000592982016,0,,0,,,,,,,,0,,,,,,8639,,,,,,,,,,,,,,,,,,,,,,,,,,,,,,28,,,,,,0,,,,,,,,,,,,,,,,,,,,,,,,,,,,
2013-12-11,W1F08DLM,ST3000DM001,3000592982016,0,,109760392,,,,,,,,0,,,,,,16200,,,,,,,,,,,,,,,,,,,,,,,,,,,,,,25,,,,,,0,,,,,,,,,,,,,,,,,,,,,,,,,,,,
2013-12-11,W3004ZJB,ST4000DM000,4000787030016,0,,9048600,,,,,,,,0,,,,,,2880,,,,,,,,,,,,,,,,,,,,,,,,,,,,,,21,,,,,,0,,,,,,,,,,,,,,,,,,,,,,,,,,,,
2013-12-11,W1F0TPDH,ST3000DM001,3000592982016,0,,167971776,,,,,,,,0,,,,,,10719,,,,,,,,,,,,,,,,,,,,,,,,,,,,,,27,,,,,,0,,,,,,,,,,,,,,,,,,,,,,,,,,,,
2013-12-11,PL1311LAG3472H,Hitachi HDS5C4040ALE630,4000787030016,0,,0,,,,,,,,0,,,,,,5962,,,,,,,,,,,,,,,,,,,,,,,,,,,,,,21,,,,,,0,,,,,,,,,,,,,,,,,,,,,,,,,,,,
2013-12-11,JK1170YAHTK3HP,Hitachi HDS722020ALA330,2000398934016,0,,0,,,,,,,,0,,,,,,5330,,,,,,,,,,,,,,,,,,,,,,,,,,,,,,24,,,,,,0,,,,,,,,,,,,,,,,,,,,,,,,,,,,
2013-12-11,6XW1X24A,ST32000542AS,2000398934016,0,,121617254,,,,,,,,0,,,,,,16988,,,,,,,,,,,,,,,,,,,,,,,,,,,,,,22,,,,,,0,,,,,,,,,,,,,,,,,,,,,,,,,,,,
2013-12-11,W1F0F6A7,ST3000DM001,3000592982016,0,,83823896,,,,,,,,0,,,,,,11048,,,,,,,,,,,,,,,,,,,,,,,,,,,,,,24,,,,,,0,,,,,,,,,,,,,,,,,,,,,,,,,,,,
2013-12-11,JK1101B9J2Z9VF,Hitachi HDS722020ALA330,2000398934016,0,,0,,,,,,,,4,,,,,,22703,,,,,,,,,,,,,,,,,,,,,,,,,,,,,,29,,,,,,0,,,,,,,,,,,,,,,,,,,,,,,,,,,,
2013-12-11,MJ1311YNG6KWYA,Hitachi HDS5C3030ALA630,3000592982016,0,,131072,,,,,,,,0,,,,,,14682,,,,,,,,,,,,,,,,,,,,,,,,,,,,,,19,,,,,,0,,,,,,,,,,,,,,,,,,,,,,,,,,,,
2013-12-11,W30074QA,ST4000DM000,4000787030016,0,,227247816,,,,,,,,0,,,,,,4183,,,,,,,,,,,,,,,,,,,,,,,,,,,,,,23,,,,,,0,,,,,,,,,,,,,,,,,,,,,,,,,,,,
2013-12-11,MJ1321YNG0A6LA,Hitachi HDS5C3030ALA630,3000592982016,0,,1,,,,,,,,0,,,,,,19801,,,,,,,,,,,,,,,,,,,,,,,,,,,,,,28,,,,,,0,,,,,,,,,,,,,,,,,,,,,,,,,,,,
2013-12-11,6XW03VZS,ST31500541AS,1500301910016,0,,5911821,,,,,,,,0,,,,,,37171,,,,,,,,,,,,,,,,,,,,,,,,,,,,,,21,,,,,,0,,,,,,,,,,,,,,,,,,,,,,,,,,,,
2013-12-11,W1F08TYB,ST3000DM001,3000592982016,0,,23204800,,,,,,,,0,,,,,,13372,,,,,,,,,,,,,,,,,,,,,,,,,,,,,,23,,,,,,0,,,,,,,,,,,,,,,,,,,,,,,,,,,,
2013-12-11,S1F0S5E9,ST3000DM001,3000592982016,0,,49283808,,,,,,,,0,,,,,,10727,,,,,,,,,,,,,,,,,,,,,,,,,,,,,,26,,,,,,0,,,,,,,,,,,,,,,,,,,,,,,,,,,,
2013-12-11,Z300DYVX,ST4000DM000,4000787030016,0,,227183872,,,,,,,,0,,,,,,2261,,,,,,,,,,,,,,,,,,,,,,,,,,,,,,19,,,,,,0,,,,,,,,,,,,,,,,,,,,,,,,,,,,
2013-12-11,WD-WMC4N1099996,WDC WD30EFRX,3000592982016,0,,0,,,,,,,,0,,,,,,518,,,,,,,,,,,,,,,,,,,,,,,,,,,,,,19,,,,,,0,,,,,,,,,,,,,,,,,,,,,,,,,,,,
2013-12-11,Z1F0LRH2,ST3000DM001,3000592982016,0,,39648744,,,,,,,,0,,,,,,10944,,,,,,,,,,,,,,,,,,,,,,,,,,,,,,22,,,,,,0,,,,,,,,,,,,,,,,,,,,,,,,,,,,
2013-12-11,W3004ZJ7,ST4000DM000,4000787030016,0,,39587680,,,,,,,,0,,,,,,2879,,,,,,,,,,,,,,,,,,,,,,,,,,,,,,19,,,,,,0,,,,,,,,,,,,,,,,,,,,,,,,,,,,
2013-12-11,W3004ZJ2,ST4000DM000,4000787030016,0,,78780064,,,,,,,,0,,,,,,2873,,,,,,,,,,,,,,,,,,,,,,,,,,,,,,22,,,,,,0,,,,,,,,,,,,,,,,,,,,,,,,,,,,
2013-12-11,Z300NT21,ST4000DM000,4000787030016,0,,183065128,,,,,,,,0,,,,,,944,,,,,,,,,,,,,,,,,,,,,,,,,,,,,,24,,,,,,0,,,,,,,,,,,,,,,,,,,,,,,,,,,,
2013-12-11,PL1311LAG332GH,Hitachi HDS5C4040ALE630,4000787030016,0,,0,,,,,,,,0,,,,,,5920,,,,,,,,,,,,,,,,,,,,,,,,,,,,,,23,,,,,,0,,,,,,,,,,,,,,,,,,,,,,,,,,,,
2013-12-11,Z300J9WH,ST4000DM000,4000787030016,0,,65645416,,,,,,,,0,,,,,,2221,,,,,,,,,,,,,,,,,,,,,,,,,,,,,,24,,,,,,0,,,,,,,,,,,,,,,,,,,,,,,,,,,,
2013-12-11,S1F0G0XX,ST3000DM001,3000592982016,0,,36847672,,,,,,,,0,,,,,,11693,,,,,,,,,,,,,,,,,,,,,,,,,,,,,,23,,,,,,0,,,,,,,,,,,,,,,,,,,,,,,,,,,,
2013-12-11,MK0333YHGPV13C,Hitachi HDS723030ALA640,3000592982016,0,,3932173,,,,,,,,0,,,,,,17762,,,,,,,,,,,,,,,,,,,,,,,,,,,,,,25,,,,,,0,,,,,,,,,,,,,,,,,,,,,,,,,,,,
2013-12-11,MJ0351YNG9WLJA,Hitachi HDS5C3030ALA630,3000592982016,0,,0,,,,,,,,0,,,,,,9469,,,,,,,,,,,,,,,,,,,,,,,,,,,,,,27,,,,,,0,,,,,,,,,,,,,,,,,,,,,,,,,,,,
2013-12-11,MJ1311YNG3JBWA,Hitachi HDS5C3030ALA630,3000592982016,0,,0,,,,,,,,1,,,,,,18948,,,,,,,,,,,,,,,,,,,,,,,,,,,,,,26,,,,,,0,,,,,,,,,,,,,,,,,,,,,,,,,,,,
2013-12-11,6XW167DY,ST32000542AS,2000398934016,0,,176273231,,,,,,,,0,,,,,,7816,,,,,,,,,,,,,,,,,,,,,,,,,,,,,,21,,,,,,0,,,,,,,,,,,,,,,,,,,,,,,,,,,,
2013-12-11,PL1321LAG362MH,Hitachi HDS5C4040ALE630,4000787030016,0,,0,,,,,,,,0,,,,,,5925,,,,,,,,,,,,,,,,,,,,,,,,,,,,,,21,,,,,,0,,,,,,,,,,,,,,,,,,,,,,,,,,,,
2013-12-11,JK11A8B9J7EYGF,Hitachi HDS722020ALA330,2000398934016,0,,131074,,,,,,,,0,,,,,,21477,,,,,,,,,,,,,,,,,,,,,,,,,,,,,,27,,,,,,0,,,,,,,,,,,,,,,,,,,,,,,,,,,,
2013-12-11,JK11A8B9J396JF,Hitachi HDS722020ALA330,2000398934016,0,,0,,,,,,,,0,,,,,,24431,,,,,,,,,,,,,,,,,,,,,,,,,,,,,,29,,,,,,0,,,,,,,,,,,,,,,,,,,,,,,,,,,,
2013-12-11,MJ0351YNGA6RWA,Hitachi HDS5C3030ALA630,3000592982016,0,,0,,,,,,,,0,,,,,,8056,,,,,,,,,,,,,,,,,,,,,,,,,,,,,,26,,,,,,0,,,,,,,,,,,,,,,,,,,,,,,,,,,,
2013-12-11,MJ1311YNG3JX4A,Hitachi HDS5C3030ALA630,3000592982016,0,,0,,,,,,,,0,,,,,,18941,,,,,,,,,,,,,,,,,,,,,,,,,,,,,,27,,,,,,0,,,,,,,,,,,,,,,,,,,,,,,,,,,,
2013-12-11,JK11A8B9J7A8MF,Hitachi HDS722020ALA330,2000398934016,0,,0,,,,,,,,0,,,,,,24666,,,,,,,,,,,,,,,,,,,,,,,,,,,,,,28,,,,,,0,,,,,,,,,,,,,,,,,,,,,,,,,,,,
2013-12-11,Z300W93M,ST4000DM000,4000787030016,0,,215888072,,,,,,,,0,,,,,,613,,,,,,,,,,,,,,,,,,,,,,,,,,,,,,23,,,,,,0,,,,,,,,,,,,,,,,,,,,,,,,,,,,
2013-12-11,STF605MH1MNGUW,Hitachi HDT721010SLA360,1000204886016,0,,15663323,,,,,,,,0,,,,,,40585,,,,,,,,,,,,,,,,,,,,,,,,,,,,,,30,,,,,,8,,,,,,,,,,,,,,,,,,,,,,,,,,,,
2013-12-11,WD-WCAU47252080,WDC WD10EADS,1000204886016,0,,1,,,,,,,,0,,,,,,40575,,,,,,,,,,,,,,,,,,,,,,,,,,,,,,23,,,,,,0,,,,,,,,,,,,,,,,,,,,,,,,,,,,
2013-12-11,PL1311LAG2ANGH,Hitachi HDS5C4040ALE630,4000787030016,0,,0,,,,,,,,0,,,,,,7386,,,,,,,,,,,,,,,,,,,,,,,,,,,,,,27,,,,,,0,,,,,,,,,,,,,,,,,,,,,,,,,,,,
2013-12-11,W3009NH1,ST4000DM000,4000787030016,0,,236638984,,,,,,,,0,,,,,,4140,,,,,,,,,,,,,,,,,,,,,,,,,,,,,,24,,,,,,0,,,,,,,,,,,,,,,,,,,,,,,,,,,,
2013-12-11,JK11A1YAJHHMGV,Hitachi HDS722020ALA330,2000398934016,0,,131079,,,,,,,,1,,,,,,28851,,,,,,,,,,,,,,,,,,,,,,,,,,,,,,31,,,,,,0,,,,,,,,,,,,,,,,,,,,,,,,,,,,
2013-12-11,MJ0351YNGA6BJA,Hitachi HDS5C3030ALA630,3000592982016,0,,0,,,,,,,,0,,,,,,8497,,,,,,,,,,,,,,,,,,,,,,,,,,,,,,26,,,,,,0,,,,,,,,,,,,,,,,,,,,,,,,,,,,
2013-12-11,6XW01L9S,ST31500541AS,1500301910016,0,,218578490,,,,,,,,0,,,,,,36935,,,,,,,,,,,,,,,,,,,,,,,,,,,,,,24,,,,,,0,,,,,,,,,,,,,,,,,,,,,,,,,,,,
2013-12-11,Z300E2NF,ST4000DM000,4000787030016,0,,28427064,,,,,,,,0,,,,,,2843,,,,,,,,,,,,,,,,,,,,,,,,,,,,,,18,,,,,,0,,,,,,,,,,,,,,,,,,,,,,,,,,,,
2013-12-11,PL2311LAG1PNVC,Hitachi HDS5C4040ALE630,4000787030016,0,,0,,,,,,,,0,,,,,,7067,,,,,,,,,,,,,,,,,,,,,,,,,,,,,,26,,,,,,0,,,,,,,,,,,,,,,,,,,,,,,,,,,,
2013-12-11,S1F01X40,ST3000DM001,3000592982016,0,,122372240,,,,,,,,0,,,,,,15248,,,,,,,,,,,,,,,,,,,,,,,,,,,,,,20,,,,,,16,,,,,,,,,,,,,,,,,,,,,,,,,,,,
2013-12-11,PL1311LAG1Z9NA,Hitachi HDS5C4040ALE630,4000787030016,0,,0,,,,,,,,0,,,,,,6653,,,,,,,,,,,,,,,,,,,,,,,,,,,,,,27,,,,,,0,,,,,,,,,,,,,,,,,,,,,,,,,,,,
2013-12-11,WD-WCAU45900705,WDC WD10EACS,1000204886016,0,,0,,,,,,,,0,,,,,,42341,,,,,,,,,,,,,,,,,,,,,,,,,,,,,,25,,,,,,0,,,,,,,,,,,,,,,,,,,,,,,,,,,,
2013-12-11,MJ0351YNG9Z17A,Hitachi HDS5C3030ALA630,3000592982016,0,,0,,,,,,,,0,,,,,,8873,,,,,,,,,,,,,,,,,,,,,,,,,,,,,,25,,,,,,0,,,,,,,,,,,,,,,,,,,,,,,,,,,,
2013-12-11,JK11A8B9J37RWF,Hitachi HDS722020ALA330,2000398934016,0,,1,,,,,,,,0,,,,,,22703,,,,,,,,,,,,,,,,,,,,,,,,,,,,,,29,,,,,,0,,,,,,,,,,,,,,,,,,,,,,,,,,,,
2013-12-11,MJ0351YNGA68HA,Hitachi HDS5C3030ALA630,3000592982016,0,,0,,,,,,,,0,,,,,,8545,,,,,,,,,,,,,,,,,,,,,,,,,,,,,,28,,,,,,0,,,,,,,,,,,,,,,,,,,,,,,,,,,,
2013-12-11,Z300E3HS,ST4000DM000,4000787030016,0,,948552,,,,,,,,0,,,,,,2216,,,,,,,,,,,,,,,,,,,,,,,,,,,,,,22,,,,,,0,,,,,,,,,,,,,,,,,,,,,,,,,,,,
2013-12-11,MJ1323YNG1MNWC,Hitachi HDS5C3030ALA630,3000592982016,0,,0,,,,,,,,0,,,,,,19762,,,,,,,,,,,,,,,,,,,,,,,,,,,,,,24,,,,,,0,,,,,,,,,,,,,,,,,,,,,,,,,,,,
2013-12-11,Z300MWDV,ST4000DM000,4000787030016,0,,192307312,,,,,,,,0,,,,,,2890,,,,,,,,,,,,,,,,,,,,,,,,,,,,,,26,,,,,,0,,,,,,,,,,,,,,,,,,,,,,,,,,,,
2013-12-11,WD-WCC070195743,WDC WD30EZRX,3000592982016,0,,0,,,,,,,,0,,,,,,8603,,,,,,,,,,,,,,,,,,,,,,,,,,,,,,26,,,,,,3,,,,,,,,,,,,,,,,,,,,,,,,,,,,
2013-12-11,MK0313YHGAN5AC,Hitachi HDS723030ALA640,3000592982016,0,,0,,,,,,,,0,,,,,,16734,,,,,,,,,,,,,,,,,,,,,,,,,,,,,,31,,,,,,0,,,,,,,,,,,,,,,,,,,,,,,,,,,,
2013-12-11,6XW01PP9,ST31500541AS,1500301910016,0,,172523871,,,,,,,,0,,,,,,35438,,,,,,,,,,,,,,,,,,,,,,,,,,,,,,20,,,,,,0,,,,,,,,,,,,,,,,,,,,,,,,,,,,
2013-12-11,MJ1311YNG6165A,Hitachi HDS5C3030ALA630,3000592982016,0,,0,,,,,,,,0,,,,,,14621,,,,,,,,,,,,,,,,,,,,,,,,,,,,,,24,,,,,,0,,,,,,,,,,,,,,,,,,,,,,,,,,,,
2013-12-11,W3008KMG,ST4000DM000,4000787030016,0,,181739696,,,,,,,,0,,,,,,1703,,,,,,,,,,,,,,,,,,,,,,,,,,,,,,21,,,,,,0,,,,,,,,,,,,,,,,,,,,,,,,,,,,
2013-12-11,MK0311YHGLZAAA,Hitachi HDS723030ALA640,3000592982016,0,,327685,,,,,,,,0,,,,,,17012,,,,,,,,,,,,,,,,,,,,,,,,,,,,,,33,,,,,,0,,,,,,,,,,,,,,,,,,,,,,,,,,,,
2013-12-11,PL1311LAG28RJH,Hitachi HDS5C4040ALE630,4000787030016,0,,0,,,,,,,,0,,,,,,4873,,,,,,,,,,,,,,,,,,,,,,,,,,,,,,26,,,,,,0,,,,,,,,,,,,,,,,,,,,,,,,,,,,
2013-12-11,6XW108V0,ST31500541AS,1500301910016,0,,29934496,,,,,,,,0,,,,,,30212,,,,,,,,,,,,,,,,,,,,,,,,,,,,,,25,,,,,,0,,,,,,,,,,,,,,,,,,,,,,,,,,,,
2013-12-11,JK11A8B9H24L1F,Hitachi HDS722020ALA330,2000398934016,0,,0,,,,,,,,0,,,,,,10348,,,,,,,,,,,,,,,,,,,,,,,,,,,,,,26,,,,,,0,,,,,,,,,,,,,,,,,,,,,,,,,,,,
2013-12-11,MJ1311YNG6Y7LA,Hitachi HDS5C3030ALA630,3000592982016,0,,0,,,,,,,,0,,,,,,14596,,,,,,,,,,,,,,,,,,,,,,,,,,,,,,24,,,,,,0,,,,,,,,,,,,,,,,,,,,,,,,,,,,
2013-12-11,PL1311LAG3B3EH,Hitachi HDS5C4040ALE630,4000787030016,0,,0,,,,,,,,0,,,,,,5920,,,,,,,,,,,,,,,,,,,,,,,,,,,,,,22,,,,,,0,,,,,,,,,,,,,,,,,,,,,,,,,,,,
2013-12-11,JK1101B9GEKJ0F,Hitachi HDS722020ALA330,2000398934016,0,,0,,,,,,,,0,,,,,,17812,,,,,,,,,,,,,,,,,,,,,,,,,,,,,,28,,,,,,0,,,,,,,,,,,,,,,,,,,,,,,,,,,,
2013-12-11,PL1321LAG33NHH,Hitachi HDS5C4040ALE630,4000787030016,0,,0,,,,,,,,0,,,,,,6652,,,,,,,,,,,,,,,,,,,,,,,,,,,,,,23,,,,,,0,,,,,,,,,,,,,,,,,,,,,,,,,,,,
2013-12-11,MJ0351YNG9YTRA,Hitachi HDS5C3030ALA630,3000592982016,0,,0,,,,,,,,0,,,,,,9719,,,,,,,,,,,,,,,,,,,,,,,,,,,,,,31,,,,,,0,,,,,,,,,,,,,,,,,,,,,,,,,,,,
2013-12-11,JK1101B9JNRZ8R,Hitachi HDS722020ALA330,2000398934016,0,,0,,,,,,,,0,,,,,,24099,,,,,,,,,,,,,,,,,,,,,,,,,,,,,,25,,,,,,0,,,,,,,,,,,,,,,,,,,,,,,,,,,,
2013-12-11,JK11A8B9J2RTYF,Hitachi HDS722020ALA330,2000398934016,0,,0,,,,,,,,0,,,,,,24432,,,,,,,,,,,,,,,,,,,,,,,,,,,,,,25,,,,,,0,,,,,,,,,,,,,,,,,,,,,,,,,,,,
2013-12-11,9VS28SGB,ST31500341AS,1500301910016,0,,229466982,,,,,,,,1,,,,,,38656,,,,,,,,,,,,,,,,,,,,,,,,,,,,,,24,,,,,,0,,,,,,,,,,,,,,,,,,,,,,,,,,,,
2013-12-11,JK1171YBK1N7RF,Hitachi HDS722020ALA330,2000398934016,0,,131073,,,,,,,,33,,,,,,29912,,,,,,,,,,,,,,,,,,,,,,,,,,,,,,27,,,,,,0,,,,,,,,,,,,,,,,,,,,,,,,,,,,
2013-12-11,PL1321LAG34XDH,Hitachi HDS5C4040ALE630,4000787030016,0,,0,,,,,,,,0,,,,,,5125,,,,,,,,,,,,,,,,,,,,,,,,,,,,,,26,,,,,,0,,,,,,,,,,,,,,,,,,,,,,,,,,,,
2013-12-11,MJ1311YNG3J6JA,Hitachi HDS5C3030ALA630,3000592982016,0,,0,,,,,,,,0,,,,,,19588,,,,,,,,,,,,,,,,,,,,,,,,,,,,,,25,,,,,,0,,,,,,,,,,,,,,,,,,,,,,,,,,,,
2013-12-11,MJ1311YNG4WXVA,Hitachi HDS5C3030ALA630,3000592982016,0,,0,,,,,,,,0,,,,,,14289,,,,,,,,,,,,,,,,,,,,,,,,,,,,,,29,,,,,,0,,,,,,,,,,,,,,,,,,,,,,,,,,,,
2013-12-11,Z1F0WB68,ST3000DM001,3000592982016,0,,191719032,,,,,,,,0,,,,,,8162,,,,,,,,,,,,,,,,,,,,,,,,,,,,,,29,,,,,,0,,,,,,,,,,,,,,,,,,,,,,,,,,,,
2013-12-11,MK0311YHG0U6PA,Hitachi HDS723030ALA640,3000592982016,0,,0,,,,,,,,0,,,,,,21793,,,,,,,,,,,,,,,,,,,,,,,,,,,,,,24,,,,,,0,,,,,,,,,,,,,,,,,,,,,,,,,,,,
2013-12-11,PL1311LAG2ED9H,Hitachi HDS5C4040ALE630,4000787030016,0,,0,,,,,,,,0,,,,,,7404,,,,,,,,,,,,,,,,,,,,,,,,,,,,,,25,,,,,,0,,,,,,,,,,,,,,,,,,,,,,,,,,,,
2013-12-11,MJ0351YNG9Z79A,Hitachi HDS5C3030ALA630,3000592982016,0,,0,,,,,,,,0,,,,,,9974,,,,,,,,,,,,,,,,,,,,,,,,,,,,,,28,,,,,,0,,,,,,,,,,,,,,,,,,,,,,,,,,,,
2013-12-11,W1F1CLH3,ST3000DM001,3000592982016,0,,205381384,,,,,,,,0,,,,,,8651,,,,,,,,,,,,,,,,,,,,,,,,,,,,,,27,,,,,,0,,,,,,,,,,,,,,,,,,,,,,,,,,,,
2013-12-11,MJ1323YNG15GNC,Hitachi HDS5C3030ALA630,3000592982016,0,,0,,,,,,,,0,,,,,,20509,,,,,,,,,,,,,,,,,,,,,,,,,,,,,,23,,,,,,0,,,,,,,,,,,,,,,,,,,,,,,,,,,,
2013-12-11,MJ0351YNG9Y1RA,Hitachi HDS5C3030ALA630,3000592982016,0,,0,,,,,,,,0,,,,,,8510,,,,,,,,,,,,,,,,,,,,,,,,,,,,,,27,,,,,,0,,,,,,,,,,,,,,,,,,,,,,,,,,,,
2013-12-11,WD-WCAU45664532,WDC WD10EADS,1000204886016,0,,3,,,,,,,,0,,,,,,39020,,,,,,,,,,,,,,,,,,,,,,,,,,,,,,31,,,,,,0,,,,,,,,,,,,,,,,,,,,,,,,,,,,
2013-12-11,S1F13619,ST3000DM001,3000592982016,0,,164020288,,,,,,,,0,,,,,,7956,,,,,,,,,,,,,,,,,,,,,,,,,,,,,,21,,,,,,0,,,,,,,,,,,,,,,,,,,,,,,,,,,,
2013-12-11,JK1101B8KNJ7US,Hitachi HDS722020ALA330,2000398934016,0,,0,,,,,,,,0,,,,,,22862,,,,,,,,,,,,,,,,,,,,,,,,,,,,,,28,,,,,,0,,,,,,,,,,,,,,,,,,,,,,,,,,,,
2013-12-11,MJ1311YNG7EU4A,Hitachi HDS5C3030ALA630,3000592982016,0,,0,,,,,,,,0,,,,,,14574,,,,,,,,,,,,,,,,,,,,,,,,,,,,,,21,,,,,,0,,,,,,,,,,,,,,,,,,,,,,,,,,,,
2013-12-11,S1F0LE3Y,ST3000DM001,3000592982016,0,,206033136,,,,,,,,0,,,,,,12170,,,,,,,,,,,,,,,,,,,,,,,,,,,,,,23,,,,,,0,,,,,,,,,,,,,,,,,,,,,,,,,,,,
2013-12-11,JK1171YBK0NAZF,Hitachi HDS722020ALA330,2000398934016,0,,65536,,,,,,,,0,,,,,,29018,,,,,,,,,,,,,,,,,,,,,,,,,,,,,,27,,,,,,0,,,,,,,,,,,,,,,,,,,,,,,,,,,,
2013-12-11,MJ0351YNG9YUPA,Hitachi HDS5C3030ALA630,3000592982016,0,,0,,,,,,,,0,,,,,,9974,,,,,,,,,,,,,,,,,,,,,,,,,,,,,,24,,,,,,0,,,,,,,,,,,,,,,,,,,,,,,,,,,,
2013-12-11,MJ0351YNGA0SZA,Hitachi HDS5C3030ALA630,3000592982016,0,,0,,,,,,,,0,,,,,,8547,,,,,,,,,,,,,,,,,,,,,,,,,,,,,,26,,,,,,0,,,,,,,,,,,,,,,,,,,,,,,,,,,,
2013-12-11,JK1160YAGTM9DT,Hitachi HDS722020ALA330,2000398934016,0,,0,,,,,,,,0,,,,,,22012,,,,,,,,,,,,,,,,,,,,,,,,,,,,,,27,,,,,,0,,,,,,,,,,,,,,,,,,,,,,,,,,,,
2013-12-11,JK1101B9JPJ6NF,Hitachi HDS722020ALA330,2000398934016,0,,0,,,,,,,,0,,,,,,24383,,,,,,,,,,,,,,,,,,,,,,,,,,,,,,32,,,,,,0,,,,,,,,,,,,,,,,,,,,,,,,,,,,
2013-12-11,W3006NJ5,ST4000DM000,4000787030016,0,,133114296,,,,,,,,0,,,,,,2681,,,,,,,,,,,,,,,,,,,,,,,,,,,,,,25,,,,,,0,,,,,,,,,,,,,,,,,,,,,,,,,,,,
2013-12-11,W3008AFE,ST4000DM000,4000787030016,0,,194366416,,,,,,,,0,,,,,,4140,,,,,,,,,,,,,,,,,,,,,,,,,,,,,,23,,,,,,0,,,,,,,,,,,,,,,,,,,,,,,,,,,,
2013-12-11,MK0333YHGNWPYC,Hitachi HDS723030ALA640,3000592982016,0,,0,,,,,,,,0,,,,,,17754,,,,,,,,,,,,,,,,,,,,,,,,,,,,,,25,,,,,,0,,,,,,,,,,,,,,,,,,,,,,,,,,,,
2013-12-11,6XW10EQT,ST31500541AS,1500301910016,0,,65537369,,,,,,,,0,,,,,,31844,,,,,,,,,,,,,,,,,,,,,,,,,,,,,,22,,,,,,0,,,,,,,,,,,,,,,,,,,,,,,,,,,,
2013-12-11,MJ1311YNG3J7LA,Hitachi HDS5C3030ALA630,3000592982016,0,,0,,,,,,,,0,,,,,,19254,,,,,,,,,,,,,,,,,,,,,,,,,,,,,,26,,,,,,0,,,,,,,,,,,,,,,,,,,,,,,,,,,,
2013-12-11,MJ1311YNG6XL3A,Hitachi HDS5C3030ALA630,3000592982016,0,,0,,,,,,,,0,,,,,,14601,,,,,,,,,,,,,,,,,,,,,,,,,,,,,,20,,,,,,0,,,,,,,,,,,,,,,,,,,,,,,,,,,,
2013-12-11,PL1311LAG2A49A,Hitachi HDS5C4040ALE630,4000787030016,0,,0,,,,,,,,0,,,,,,7385,,,,,,,,,,,,,,,,,,,,,,,,,,,,,,31,,,,,,0,,,,,,,,,,,,,,,,,,,,,,,,,,,,
2013-12-11,Z300VN2A,ST4000DM000,4000787030016,0,,192062584,,,,,,,,0,,,,,,109,,,,,,,,,,,,,,,,,,,,,,,,,,,,,,23,,,,,,0,,,,,,,,,,,,,,,,,,,,,,,,,,,,
2013-12-11,JK11A8B9J7P04F,Hitachi HDS722020ALA330,2000398934016,0,,0,,,,,,,,0,,,,,,25583,,,,,,,,,,,,,,,,,,,,,,,,,,,,,,27,,,,,,0,,,,,,,,,,,,,,,,,,,,,,,,,,,,
2013-12-11,W1F0B1H9,ST3000DM001,3000592982016,0,,234429976,,,,,,,,0,,,,,,13361,,,,,,,,,,,,,,,,,,,,,,,,,,,,,,20,,,,,,16,,,,,,,,,,,,,,,,,,,,,,,,,,,,
2013-12-11,MJ0351YNGAA06A,Hitachi HDS5C3030ALA630,3000592982016,0,,0,,,,,,,,0,,,,,,8617,,,,,,,,,,,,,,,,,,,,,,,,,,,,,,28,,,,,,0,,,,,,,,,,,,,,,,,,,,,,,,,,,,
2013-12-11,JK1101B9GA13BR,Hitachi HDS722020ALA330,2000398934016,0,,65536,,,,,,,,0,,,,,,26879,,,,,,,,,,,,,,,,,,,,,,,,,,,,,,25,,,,,,0,,,,,,,,,,,,,,,,,,,,,,,,,,,,
2013-12-11,Z300MZ1K,ST4000DM000,4000787030016,0,,226991800,,,,,,,,0,,,,,,2899,,,,,,,,,,,,,,,,,,,,,,,,,,,,,,23,,,,,,0,,,,,,,,,,,,,,,,,,,,,,,,,,,,
2013-12-11,PL1311LAG2B14H,Hitachi HDS5C4040ALE630,4000787030016,0,,0,,,,,,,,0,,,,,,7414,,,,,,,,,,,,,,,,,,,,,,,,,,,,,,21,,,,,,0,,,,,,,,,,,,,,,,,,,,,,,,,,,,
2013-12-11,MJ0351YNG9VX6A,Hitachi HDS5C3030ALA630,3000592982016,0,,0,,,,,,,,0,,,,,,9913,,,,,,,,,,,,,,,,,,,,,,,,,,,,,,34,,,,,,0,,,,,,,,,,,,,,,,,,,,,,,,,,,,
2013-12-11,JK1101B9JP75YU,Hitachi HDS722020ALA330,2000398934016,0,,0,,,,,,,,0,,,,,,24099,,,,,,,,,,,,,,,,,,,,,,,,,,,,,,27,,,,,,0,,,,,,,,,,,,,,,,,,,,,,,,,,,,
2013-12-11,PL1311LAG28S2H,Hitachi HDS5C4040ALE630,4000787030016,0,,0,,,,,,,,0,,,,,,4345,,,,,,,,,,,,,,,,,,,,,,,,,,,,,,25,,,,,,0,,,,,,,,,,,,,,,,,,,,,,,,,,,,
2013-12-11,S1F0JB6R,ST3000DM001,3000592982016,0,,61021720,,,,,,,,0,,,,,,12156,,,,,,,,,,,,,,,,,,,,,,,,,,,,,,24,,,,,,0,,,,,,,,,,,,,,,,,,,,,,,,,,,,
2013-12-11,JK11A8B9J1ZT9F,Hitachi HDS722020ALA330,2000398934016,0,,0,,,,,,,,4,,,,,,24432,,,,,,,,,,,,,,,,,,,,,,,,,,,,,,24,,,,,,0,,,,,,,,,,,,,,,,,,,,,,,,,,,,
2013-12-11,MJ0351YNGA2WVA,Hitachi HDS5C3030ALA630,3000592982016,0,,0,,,,,,,,0,,,,,,9315,,,,,,,,,,,,,,,,,,,,,,,,,,,,,,31,,,,,,0,,,,,,,,,,,,,,,,,,,,,,,,,,,,
2013-12-11,JK1105B8GAHPGX,Hitachi HDS722020ALA330,2000398934016,0,,131073,,,,,,,,1,,,,,,27160,,,,,,,,,,,,,,,,,,,,,,,,,,,,,,27,,,,,,1,,,,,,,,,,,,,,,,,,,,,,,,,,,,
2013-12-11,JK11A8B9J73L6F,Hitachi HDS722020ALA330,2000398934016,0,,0,,,,,,,,0,,,,,,23577,,,,,,,,,,,,,,,,,,,,,,,,,,,,,,24,,,,,,0,,,,,,,,,,,,,,,,,,,,,,,,,,,,
2013-12-11,MJ0351YNG9Y0SA,Hitachi HDS5C3030ALA630,3000592982016,0,,0,,,,,,,,0,,,,,,9142,,,,,,,,,,,,,,,,,,,,,,,,,,,,,,29,,,,,,0,,,,,,,,,,,,,,,,,,,,,,,,,,,,
2013-12-11,JK1171YBK0WEWF,Hitachi HDS722020ALA330,2000398934016,0,,0,,,,,,,,0,,,,,,29018,,,,,,,,,,,,,,,,,,,,,,,,,,,,,,25,,,,,,0,,,,,,,,,,,,,,,,,,,,,,,,,,,,
2013-12-11,MJ1311YNG01T8A,Hitachi HDS5C3030ALA630,3000592982016,0,,0,,,,,,,,0,,,,,,11598,,,,,,,,,,,,,,,,,,,,,,,,,,,,,,25,,,,,,0,,,,,,,,,,,,,,,,,,,,,,,,,,,,
2013-12-11,6XW00DXY,ST31500541AS,1500301910016,0,,206177540,,,,,,,,0,,,,,,36900,,,,,,,,,,,,,,,,,,,,,,,,,,,,,,21,,,,,,0,,,,,,,,,,,,,,,,,,,,,,,,,,,,
2013-12-11,PL2321LAGASX8J,Hitachi HDS5C4040ALE630,4000787030016,0,,0,,,,,,,,0,,,,,,5428,,,,,,,,,,,,,,,,,,,,,,,,,,,,,,22,,,,,,0,,,,,,,,,,,,,,,,,,,,,,,,,,,,
2013-12-11,PL1311LAG209XA,Hitachi HDS5C4040ALE630,4000787030016,0,,0,,,,,,,,0,,,,,,7461,,,,,,,,,,,,,,,,,,,,,,,,,,,,,,28,,,,,,0,,,,,,,,,,,,,,,,,,,,,,,,,,,,
2013-12-11,MJ1321YNG0DZRA,Hitachi HDS5C3030ALA630,3000592982016,0,,0,,,,,,,,0,,,,,,20503,,,,,,,,,,,,,,,,,,,,,,,,,,,,,,26,,,,,,0,,,,,,,,,,,,,,,,,,,,,,,,,,,,
2013-12-11,W300C8HJ,ST4000DM000,4000787030016,0,,180449808,,,,,,,,0,,,,,,2177,,,,,,,,,,,,,,,,,,,,,,,,,,,,,,21,,,,,,0,,,,,,,,,,,,,,,,,,,,,,,,,,,,
2013-12-11,Z300NNTJ,ST4000DM000,4000787030016,0,,69458544,,,,,,,,0,,,,,,1093,,,,,,,,,,,,,,,,,,,,,,,,,,,,,,24,,,,,,0,,,,,,,,,,,,,,,,,,,,,,,,,,,,
2013-12-11,MJ1311YNG218PA,Hitachi HDS5C3030ALA630,3000592982016,0,,0,,,,,,,,0,,,,,,19310,,,,,,,,,,,,,,,,,,,,,,,,,,,,,,25,,,,,,0,,,,,,,,,,,,,,,,,,,,,,,,,,,,
2013-12-11,6XW01X2K,ST31500541AS,1500301910016,0,,96279701,,,,,,,,0,,,,,,36940,,,,,,,,,,,,,,,,,,,,,,,,,,,,,,22,,,,,,0,,,,,,,,,,,,,,,,,,,,,,,,,,,,
2013-12-11,W1F0B2FD,ST3000DM001,3000592982016,0,,122898184,,,,,,,,0,,,,,,13745,,,,,,,,,,,,,,,,,,,,,,,,,,,,,,19,,,,,,0,,,,,,,,,,,,,,,,,,,,,,,,,,,,
2013-12-11,S1F06X0M,ST3000DM001,3000592982016,0,,197905480,,,,,,,,0,,,,,,13912,,,,,,,,,,,,,,,,,,,,,,,,,,,,,,21,,,,,,0,,,,,,,,,,,,,,,,,,,,,,,,,,,,
2013-12-11,9VS1ZBDP,ST31500341AS,1500301910016,0,,238658479,,,,,,,,2,,,,,,39482,,,,,,,,,,,,,,,,,,,,,,,,,,,,,,28,,,,,,0,,,,,,,,,,,,,,,,,,,,,,,,,,,,
2013-12-11,JK11A8B9GPAXUF,Hitachi HDS722020ALA330,2000398934016,0,,0,,,,,,,,0,,,,,,26493,,,,,,,,,,,,,,,,,,,,,,,,,,,,,,28,,,,,,0,,,,,,,,,,,,,,,,,,,,,,,,,,,,
2013-12-11,MK0311YHGH85BA,Hitachi HDS723030ALA640,3000592982016,0,,0,,,,,,,,0,,,,,,16805,,,,,,,,,,,,,,,,,,,,,,,,,,,,,,28,,,,,,0,,,,,,,,,,,,,,,,,,,,,,,,,,,,
2013-12-11,JK11A1YAJH82EV,Hitachi HDS722020ALA330,2000398934016,0,,0,,,,,,,,1,,,,,,28913,,,,,,,,,,,,,,,,,,,,,,,,,,,,,,25,,,,,,0,,,,,,,,,,,,,,,,,,,,,,,,,,,,
2013-12-11,JK1105B8GG4XUX,Hitachi HDS722020ALA330,2000398934016,0,,65537,,,,,,,,0,,,,,,26766,,,,,,,,,,,,,,,,,,,,,,,,,,,,,,27,,,,,,0,,,,,,,,,,,,,,,,,,,,,,,,,,,,
2013-12-11,JK11A8B9J929VF,Hitachi HDS722020ALA330,2000398934016,0,,0,,,,,,,,0,,,,,,24497,,,,,,,,,,,,,,,,,,,,,,,,,,,,,,29,,,,,,0,,,,,,,,,,,,,,,,,,,,,,,,,,,,
2013-12-11,PL1311LAG24R2A,Hitachi HDS5C4040ALE630,4000787030016,0,,0,,,,,,,,0,,,,,,7417,,,,,,,,,,,,,,,,,,,,,,,,,,,,,,20,,,,,,0,,,,,,,,,,,,,,,,,,,,,,,,,,,,
2013-12-11,JK11A8B9J2VTDF,Hitachi HDS722020ALA330,2000398934016,0,,0,,,,,,,,0,,,,,,23544,,,,,,,,,,,,,,,,,,,,,,,,,,,,,,41,,,,,,0,,,,,,,,,,,,,,,,,,,,,,,,,,,,
2013-12-11,9VS3HQNA,ST31500341AS,1500301910016,0,,63482400,,,,,,,,94,,,,,,32909,,,,,,,,,,,,,,,,,,,,,,,,,,,,,,22,,,,,,0,,,,,,,,,,,,,,,,,,,,,,,,,,,,
2013-12-11,JK1101B9JLWN7F,Hitachi HDS722020ALA330,2000398934016,0,,0,,,,,,,,0,,,,,,23635,,,,,,,,,,,,,,,,,,,,,,,,,,,,,,32,,,,,,0,,,,,,,,,,,,,,,,,,,,,,,,,,,,
2013-12-11,PL1321LAG328ZH,Hitachi HDS5C4040ALE630,4000787030016,0,,0,,,,,,,,0,,,,,,6649,,,,,,,,,,,,,,,,,,,,,,,,,,,,,,21,,,,,,0,,,,,,,,,,,,,,,,,,,,,,,,,,,,
2013-12-11,PL1311LAG2H26A,Hitachi HDS5C4040ALE630,4000787030016,0,,0,,,,,,,,0,,,,,,5136,,,,,,,,,,,,,,,,,,,,,,,,,,,,,,32,,,,,,0,,,,,,,,,,,,,,,,,,,,,,,,,,,,
2013-12-11,MJ1311YNG35BPA,Hitachi HDS5C3030ALA630,3000592982016,0,,0,,,,,,,,0,,,,,,18200,,,,,,,,,,,,,,,,,,,,,,,,,,,,,,31,,,,,,0,,,,,,,,,,,,,,,,,,,,,,,,,,,,
2013-12-11,WD-WMC1T0754161,WDC WD30EFRX,3000592982016,0,,0,,,,,,,,0,,,,,,8840,,,,,,,,,,,,,,,,,,,,,,,,,,,,,,25,,,,,,0,,,,,,,,,,,,,,,,,,,,,,,,,,,,
2013-12-11,MJ0351YNG9V41A,Hitachi HDS5C3030ALA630,3000592982016,0,,0,,,,,,,,0,,,,,,10000,,,,,,,,,,,,,,,,,,,,,,,,,,,,,,31,,,,,,0,,,,,,,,,,,,,,,,,,,,,,,,,,,,
2013-12-11,JK11A8B9J7PGMF,Hitachi HDS722020ALA330,2000398934016,0,,0,,,,,,,,0,,,,,,21477,,,,,,,,,,,,,,,,,,,,,,,,,,,,,,27,,,,,,0,,,,,,,,,,,,,,,,,,,,,,,,,,,,
2013-12-11,W3003N9X,ST4000DM000,4000787030016,0,,220756568,,,,,,,,0,,,,,,2875,,,,,,,,,,,,,,,,,,,,,,,,,,,,,,22,,,,,,0,,,,,,,,,,,,,,,,,,,,,,,,,,,,
2013-12-11,Z1F0DK49,ST3000DM001,3000592982016,0,,21393968,,,,,,,,0,,,,,,11915,,,,,,,,,,,,,,,,,,,,,,,,,,,,,,20,,,,,,0,,,,,,,,,,,,,,,,,,,,,,,,,,,,
2013-12-11,WD-WCAWZ0585985,WDC WD30EZRX,3000592982016,0,,0,,,,,,,,0,,,,,,15831,,,,,,,,,,,,,,,,,,,,,,,,,,,,,,25,,,,,,0,,,,,,,,,,,,,,,,,,,,,,,,,,,,
2013-12-11,W1F0X3ZX,ST3000DM001,3000592982016,0,,70766496,,,,,,,,0,,,,,,11639,,,,,,,,,,,,,,,,,,,,,,,,,,,,,,23,,,,,,0,,,,,,,,,,,,,,,,,,,,,,,,,,,,
2013-12-11,MJ0351YNG9ST4A,Hitachi HDS5C3030ALA630,3000592982016,0,,0,,,,,,,,0,,,,,,7974,,,,,,,,,,,,,,,,,,,,,,,,,,,,,,28,,,,,,0,,,,,,,,,,,,,,,,,,,,,,,,,,,,
2013-12-11,PK1331PAJ2U6XS,HGST HDS724040ALE640,4000787030016,0,,0,,,,,,,,0,,,,,,2026,,,,,,,,,,,,,,,,,,,,,,,,,,,,,,24,,,,,,0,,,,,,,,,,,,,,,,,,,,,,,,,,,,
2013-12-11,W300BCEL,ST4000DM000,4000787030016,0,,6849760,,,,,,,,0,,,,,,1703,,,,,,,,,,,,,,,,,,,,,,,,,,,,,,24,,,,,,0,,,,,,,,,,,,,,,,,,,,,,,,,,,,
2013-12-11,JK11A1YAJHB91V,Hitachi HDS722020ALA330,2000398934016,0,,0,,,,,,,,0,,,,,,28840,,,,,,,,,,,,,,,,,,,,,,,,,,,,,,25,,,,,,0,,,,,,,,,,,,,,,,,,,,,,,,,,,,
2013-12-11,JK11A8B9GPABKF,Hitachi HDS722020ALA330,2000398934016,0,,0,,,,,,,,0,,,,,,26493,,,,,,,,,,,,,,,,,,,,,,,,,,,,,,28,,,,,,0,,,,,,,,,,,,,,,,,,,,,,,,,,,,
2013-12-11,Z290V0XV,ST33000651AS,3000592982016,0,,174864826,,,,,,,,0,,,,,,15915,,,,,,,,,,,,,,,,,,,,,,,,,,,,,,28,,,,,,0,,,,,,,,,,,,,,,,,,,,,,,,,,,,
2013-12-11,JK11A8B9J3S51F,Hitachi HDS722020ALA330,2000398934016,0,,0,,,,,,,,0,,,,,,23823,,,,,,,,,,,,,,,,,,,,,,,,,,,,,,32,,,,,,0,,,,,,,,,,,,,,,,,,,,,,,,,,,,
2013-12-11,S1F0RQZ8,ST3000DM001,3000592982016,0,,131987208,,,,,,,,0,,,,,,10501,,,,,,,,,,,,,,,,,,,,,,,,,,,,,,21,,,,,,0,,,,,,,,,,,,,,,,,,,,,,,,,,,,
2013-12-11,Z1F0LBBG,ST3000DM001,3000592982016,0,,23709752,,,,,,,,0,,,,,,12017,,,,,,,,,,,,,,,,,,,,,,,,,,,,,,27,,,,,,0,,,,,,,,,,,,,,,,,,,,,,,,,,,,
2013-12-11,Z1F0LBBF,ST3000DM001,3000592982016,0,,161002296,,,,,,,,0,,,,,,12180,,,,,,,,,,,,,,,,,,,,,,,,,,,,,,31,,,,,,0,,,,,,,,,,,,,,,,,,,,,,,,,,,,
2013-12-11,WD-WMC1T3142571,WDC WD30EFRX,3000592982016,0,,0,,,,,,,,0,,,,,,1830,,,,,,,,,,,,,,,,,,,,,,,,,,,,,,22,,,,,,0,,,,,,,,,,,,,,,,,,,,,,,,,,,,
2013-12-11,PL1321LAGATNMH,Hitachi HDS5C4040ALE630,4000787030016,0,,0,,,,,,,,0,,,,,,5075,,,,,,,,,,,,,,,,,,,,,,,,,,,,,,24,,,,,,0,,,,,,,,,,,,,,,,,,,,,,,,,,,,
2013-12-11,9VS3HQN5,ST31500341AS,1500301910016,0,,179278964,,,,,,,,1463,,,,,,32915,,,,,,,,,,,,,,,,,,,,,,,,,,,,,,25,,,,,,0,,,,,,,,,,,,,,,,,,,,,,,,,,,,
2013-12-11,MJ1313YNG1NLBC,Hitachi HDS5C3030ALA630,3000592982016,0,,5177391,,,,,,,,0,,,,,,21796,,,,,,,,,,,,,,,,,,,,,,,,,,,,,,23,,,,,,0,,,,,,,,,,,,,,,,,,,,,,,,,,,,
2013-12-11,JK11A8B9J6T0MF,Hitachi HDS722020ALA330,2000398934016,0,,0,,,,,,,,0,,,,,,26004,,,,,,,,,,,,,,,,,,,,,,,,,,,,,,27,,,,,,0,,,,,,,,,,,,,,,,,,,,,,,,,,,,
2013-12-11,W1F022TL,ST3000DM001,3000592982016,0,,27230784,,,,,,,,0,,,,,,17066,,,,,,,,,,,,,,,,,,,,,,,,,,,,,,27,,,,,,0,,,,,,,,,,,,,,,,,,,,,,,,,,,,
2013-12-11,S1F031PA,ST3000DM001,3000592982016,0,,126842856,,,,,,,,0,,,,,,15223,,,,,,,,,,,,,,,,,,,,,,,,,,,,,,20,,,,,,0,,,,,,,,,,,,,,,,,,,,,,,,,,,,
2013-12-11,WD-WCAU45241941,WDC WD10EADS,1000204886016,0,,5,,,,,,,,0,,,,,,40590,,,,,,,,,,,,,,,,,,,,,,,,,,,,,,20,,,,,,0,,,,,,,,,,,,,,,,,,,,,,,,,,,,
2013-12-11,Z300CP5B,ST4000DM000,4000787030016,0,,218725264,,,,,,,,0,,,,,,2262,,,,,,,,,,,,,,,,,,,,,,,,,,,,,,22,,,,,,0,,,,,,,,,,,,,,,,,,,,,,,,,,,,
2013-12-11,Z300CP5A,ST4000DM000,4000787030016,0,,156816072,,,,,,,,0,,,,,,2225,,,,,,,,,,,,,,,,,,,,,,,,,,,,,,23,,,,,,0,,,,,,,,,,,,,,,,,,,,,,,,,,,,
2013-12-11,5XW1TQ09,ST32000542AS,2000398934016,0,,156173840,,,,,,,,0,,,,,,7228,,,,,,,,,,,,,,,,,,,,,,,,,,,,,,24,,,,,,0,,,,,,,,,,,,,,,,,,,,,,,,,,,,
2013-12-11,Z300XGTG,ST4000DM000,4000787030016,0,,225612768,,,,,,,,0,,,,,,613,,,,,,,,,,,,,,,,,,,,,,,,,,,,,,21,,,,,,0,,,,,,,,,,,,,,,,,,,,,,,,,,,,
2013-12-11,Z300JCC9,ST4000DM000,4000787030016,0,,87598808,,,,,,,,0,,,,,,2221,,,,,,,,,,,,,,,,,,,,,,,,,,,,,,27,,,,,,0,,,,,,,,,,,,,,,,,,,,,,,,,,,,
2013-12-11,Z300JCC5,ST4000DM000,4000787030016,0,,66032088,,,,,,,,0,,,,,,2874,,,,,,,,,,,,,,,,,,,,,,,,,,,,,,22,,,,,,0,,,,,,,,,,,,,,,,,,,,,,,,,,,,
2013-12-11,Z300JCC4,ST4000DM000,4000787030016,0,,98477136,,,,,,,,0,,,,,,2220,,,,,,,,,,,,,,,,,,,,,,,,,,,,,,24,,,,,,0,,,,,,,,,,,,,,,,,,,,,,,,,,,,
2013-12-11,W1F08TW1,ST3000DM001,3000592982016,0,,38175264,,,,,,,,0,,,,,,13371,,,,,,,,,,,,,,,,,,,,,,,,,,,,,,22,,,,,,0,,,,,,,,,,,,,,,,,,,,,,,,,,,,
2013-12-11,MJ1311YNG2ZSMA,Hitachi HDS5C3030ALA630,3000592982016,0,,0,,,,,,,,0,,,,,,18592,,,,,,,,,,,,,,,,,,,,,,,,,,,,,,25,,,,,,0,,,,,,,,,,,,,,,,,,,,,,,,,,,,
2013-12-11,MJ1321YNG0E81A,Hitachi HDS5C3030ALA630,3000592982016,0,,0,,,,,,,,0,,,,,,20731,,,,,,,,,,,,,,,,,,,,,,,,,,,,,,22,,,,,,0,,,,,,,,,,,,,,,,,,,,,,,,,,,,
2013-12-11,6XW02GRQ,ST31500541AS,1500301910016,0,,44960505,,,,,,,,0,,,,,,36960,,,,,,,,,,,,,,,,,,,,,,,,,,,,,,21,,,,,,0,,,,,,,,,,,,,,,,,,,,,,,,,,,,
2013-12-11,JK1101B9GA3WAF,Hitachi HDS722020ALA330,2000398934016,0,,1,,,,,,,,0,,,,,,27737,,,,,,,,,,,,,,,,,,,,,,,,,,,,,,23,,,,,,0,,,,,,,,,,,,,,,,,,,,,,,,,,,,
2013-12-11,Z300KGK4,ST4000DM000,4000787030016,0,,206118192,,,,,,,,0,,,,,,152,,,,,,,,,,,,,,,,,,,,,,,,,,,,,,23,,,,,,0,,,,,,,,,,,,,,,,,,,,,,,,,,,,
2013-12-11,Z300XGT2,ST4000DM000,4000787030016,0,,22875664,,,,,,,,0,,,,,,923,,,,,,,,,,,,,,,,,,,,,,,,,,,,,,27,,,,,,0,,,,,,,,,,,,,,,,,,,,,,,,,,,,
2013-12-11,6XW00WV9,ST31500541AS,1500301910016,0,,167705266,,,,,,,,0,,,,,,36070,,,,,,,,,,,,,,,,,,,,,,,,,,,,,,17,,,,,,0,,,,,,,,,,,,,,,,,,,,,,,,,,,,
2013-12-11,JK11A8B9J8ZR1F,Hitachi HDS722020ALA330,2000398934016,0,,0,,,,,,,,0,,,,,,25538,,,,,,,,,,,,,,,,,,,,,,,,,,,,,,29,,,,,,0,,,,,,,,,,,,,,,,,,,,,,,,,,,,
2013-12-11,JK11A8B9J3B9TF,Hitachi HDS722020ALA330,2000398934016,0,,0,,,,,,,,0,,,,,,23543,,,,,,,,,,,,,,,,,,,,,,,,,,,,,,39,,,,,,0,,,,,,,,,,,,,,,,,,,,,,,,,,,,
2013-12-11,JK11A8B9JR8T4F,Hitachi HDS722020ALA330,2000398934016,0,,0,,,,,,,,0,,,,,,23710,,,,,,,,,,,,,,,,,,,,,,,,,,,,,,28,,,,,,0,,,,,,,,,,,,,,,,,,,,,,,,,,,,
2013-12-11,JK11A8B9J808JF,Hitachi HDS722020ALA330,2000398934016,0,,0,,,,,,,,0,,,,,,25125,,,,,,,,,,,,,,,,,,,,,,,,,,,,,,31,,,,,,0,,,,,,,,,,,,,,,,,,,,,,,,,,,,
2013-12-11,MJ1311YNG7LXKA,Hitachi HDS5C3030ALA630,3000592982016,0,,0,,,,,,,,0,,,,,,14620,,,,,,,,,,,,,,,,,,,,,,,,,,,,,,25,,,,,,0,,,,,,,,,,,,,,,,,,,,,,,,,,,,
2013-12-11,9VS2LDNL,ST31500341AS,1500301910016,0,,237682469,,,,,,,,94,,,,,,12912,,,,,,,,,,,,,,,,,,,,,,,,,,,,,,23,,,,,,0,,,,,,,,,,,,,,,,,,,,,,,,,,,,
2013-12-11,JK1101B9KM3K5T,Hitachi HDS722020ALA330,2000398934016,0,,0,,,,,,,,0,,,,,,23099,,,,,,,,,,,,,,,,,,,,,,,,,,,,,,25,,,,,,0,,,,,,,,,,,,,,,,,,,,,,,,,,,,
2013-12-11,PL1321LAG35RDH,Hitachi HDS5C4040ALE630,4000787030016,0,,0,,,,,,,,0,,,,,,5070,,,,,,,,,,,,,,,,,,,,,,,,,,,,,,29,,,,,,0,,,,,,,,,,,,,,,,,,,,,,,,,,,,
2013-12-11,MJ1321YNG0LZ2A,Hitachi HDS5C3030ALA630,3000592982016,0,,0,,,,,,,,0,,,,,,20503,,,,,,,,,,,,,,,,,,,,,,,,,,,,,,25,,,,,,0,,,,,,,,,,,,,,,,,,,,,,,,,,,,
2013-12-11,MJ1311YNG3G61A,Hitachi HDS5C3030ALA630,3000592982016,0,,0,,,,,,,,0,,,,,,19251,,,,,,,,,,,,,,,,,,,,,,,,,,,,,,26,,,,,,0,,,,,,,,,,,,,,,,,,,,,,,,,,,,
2013-12-11,JK11A8B9J90VNF,Hitachi HDS722020ALA330,2000398934016,0,,0,,,,,,,,0,,,,,,24493,,,,,,,,,,,,,,,,,,,,,,,,,,,,,,31,,,,,,0,,,,,,,,,,,,,,,,,,,,,,,,,,,,
2013-12-11,MJ1311YNG6VVAA,Hitachi HDS5C3030ALA630,3000592982016,0,,0,,,,,,,,0,,,,,,14598,,,,,,,,,,,,,,,,,,,,,,,,,,,,,,30,,,,,,0,,,,,,,,,,,,,,,,,,,,,,,,,,,,
2013-12-11,WD-WMAVU1876177,WDC WD10EADS,1000204886016,0,,0,,,,,,,,0,,,,,,27441,,,,,,,,,,,,,,,,,,,,,,,,,,,,,,28,,,,,,0,,,,,,,,,,,,,,,,,,,,,,,,,,,,
2013-12-11,MJ1311YNG27VVA,Hitachi HDS5C3030ALA630,3000592982016,0,,0,,,,,,,,0,,,,,,18571,,,,,,,,,,,,,,,,,,,,,,,,,,,,,,25,,,,,,0,,,,,,,,,,,,,,,,,,,,,,,,,,,,
2013-12-11,Z300JE0R,ST4000DM000,4000787030016,0,,160862752,,,,,,,,0,,,,,,2218,,,,,,,,,,,,,,,,,,,,,,,,,,,,,,22,,,,,,0,,,,,,,,,,,,,,,,,,,,,,,,,,,,
2013-12-11,MK0331YHGLS3EA,Hitachi HDS723030ALA640,3000592982016,0,,0,,,,,,,,0,,,,,,17755,,,,,,,,,,,,,,,,,,,,,,,,,,,,,,24,,,,,,0,,,,,,,,,,,,,,,,,,,,,,,,,,,,
2013-12-11,Z300JE0T,ST4000DM000,4000787030016,0,,143022856,,,,,,,,0,,,,,,2873,,,,,,,,,,,,,,,,,,,,,,,,,,,,,,19,,,,,,0,,,,,,,,,,,,,,,,,,,,,,,,,,,,
2013-12-11,WD-WMC4N1085901,WDC WD30EFRX,3000592982016,0,,0,,,,,,,,0,,,,,,324,,,,,,,,,,,,,,,,,,,,,,,,,,,,,,20,,,,,,0,,,,,,,,,,,,,,,,,,,,,,,,,,,,
2013-12-11,S1F03FWQ,ST3000DM001,3000592982016,0,,51970064,,,,,,,,0,,,,,,14993,,,,,,,,,,,,,,,,,,,,,,,,,,,,,,23,,,,,,24,,,,,,,,,,,,,,,,,,,,,,,,,,,,
2013-12-11,PL1310LAG03WSA,Hitachi HDS5C4040ALE630,4000787030016,0,,0,,,,,,,,0,,,,,,12997,,,,,,,,,,,,,,,,,,,,,,,,,,,,,,29,,,,,,0,,,,,,,,,,,,,,,,,,,,,,,,,,,,
2013-12-11,PL1321LAGATRRH,Hitachi HDS5C4040ALE630,4000787030016,0,,0,,,,,,,,0,,,,,,5052,,,,,,,,,,,,,,,,,,,,,,,,,,,,,,30,,,,,,0,,,,,,,,,,,,,,,,,,,,,,,,,,,,
2013-12-11,Z300HQ0D,ST4000DM000,4000787030016,0,,95702280,,,,,,,,0,,,,,,2899,,,,,,,,,,,,,,,,,,,,,,,,,,,,,,25,,,,,,0,,,,,,,,,,,,,,,,,,,,,,,,,,,,
2013-12-11,JK11A8B9J2Y2AF,Hitachi HDS722020ALA330,2000398934016,0,,0,,,,,,,,0,,,,,,24380,,,,,,,,,,,,,,,,,,,,,,,,,,,,,,32,,,,,,0,,,,,,,,,,,,,,,,,,,,,,,,,,,,
2013-12-11,Z1F147WQ,ST3000DM001,3000592982016,0,,94446712,,,,,,,,0,,,,,,8022,,,,,,,,,,,,,,,,,,,,,,,,,,,,,,26,,,,,,0,,,,,,,,,,,,,,,,,,,,,,,,,,,,
2013-12-11,6XW10831,ST31500541AS,1500301910016,0,,125425755,,,,,,,,0,,,,,,30979,,,,,,,,,,,,,,,,,,,,,,,,,,,,,,22,,,,,,0,,,,,,,,,,,,,,,,,,,,,,,,,,,,
2013-12-11,MJ1323YNG19DVC,Hitachi HDS5C3030ALA630,3000592982016,0,,131072,,,,,,,,0,,,,,,20509,,,,,,,,,,,,,,,,,,,,,,,,,,,,,,24,,,,,,0,,,,,,,,,,,,,,,,,,,,,,,,,,,,
2013-12-11,6XW01FTJ,ST31500541AS,1500301910016,0,,209991433,,,,,,,,0,,,,,,37279,,,,,,,,,,,,,,,,,,,,,,,,,,,,,,23,,,,,,0,,,,,,,,,,,,,,,,,,,,,,,,,,,,
2013-12-11,WD-WMC1T0482625,WDC WD30EFRX,3000592982016,0,,0,,,,,,,,0,,,,,,8840,,,,,,,,,,,,,,,,,,,,,,,,,,,,,,28,,,,,,0,,,,,,,,,,,,,,,,,,,,,,,,,,,,
2013-12-11,6XW01STV,ST31500541AS,1500301910016,0,,224519475,,,,,,,,0,,,,,,35759,,,,,,,,,,,,,,,,,,,,,,,,,,,,,,24,,,,,,0,,,,,,,,,,,,,,,,,,,,,,,,,,,,
2013-12-11,6XW0SE7N,ST31500541AS,1500301910016,0,,202275474,,,,,,,,0,,,,,,14301,,,,,,,,,,,,,,,,,,,,,,,,,,,,,,21,,,,,,0,,,,,,,,,,,,,,,,,,,,,,,,,,,,
2013-12-11,W300KQFX,ST4000DM000,4000787030016,0,,72987432,,,,,,,,0,,,,,,919,,,,,,,,,,,,,,,,,,,,,,,,,,,,,,19,,,,,,0,,,,,,,,,,,,,,,,,,,,,,,,,,,,
2013-12-11,W1F03VRB,ST3000DM001,3000592982016,0,,80367728,,,,,,,,0,,,,,,5046,,,,,,,,,,,,,,,,,,,,,,,,,,,,,,22,,,,,,0,,,,,,,,,,,,,,,,,,,,,,,,,,,,
2013-12-11,W300KQFB,ST4000DM000,4000787030016,0,,170927264,,,,,,,,0,,,,,,919,,,,,,,,,,,,,,,,,,,,,,,,,,,,,,17,,,,,,0,,,,,,,,,,,,,,,,,,,,,,,,,,,,
2013-12-11,W3006C55,ST4000DM000,4000787030016,0,,7472944,,,,,,,,0,,,,,,2857,,,,,,,,,,,,,,,,,,,,,,,,,,,,,,23,,,,,,0,,,,,,,,,,,,,,,,,,,,,,,,,,,,
2013-12-11,WD-WMAWZ0285677,WDC WD30EZRX,3000592982016,0,,0,,,,,,,,0,,,,,,12691,,,,,,,,,,,,,,,,,,,,,,,,,,,,,,19,,,,,,0,,,,,,,,,,,,,,,,,,,,,,,,,,,,
2013-12-11,W1F0AQDE,ST3000DM001,3000592982016,0,,109169616,,,,,,,,0,,,,,,13356,,,,,,,,,,,,,,,,,,,,,,,,,,,,,,26,,,,,,0,,,,,,,,,,,,,,,,,,,,,,,,,,,,
2013-12-11,JK11A8B9J9HYXF,Hitachi HDS722020ALA330,2000398934016,0,,0,,,,,,,,0,,,,,,24983,,,,,,,,,,,,,,,,,,,,,,,,,,,,,,23,,,,,,0,,,,,,,,,,,,,,,,,,,,,,,,,,,,
2013-12-11,JK11A8B9J74J2F,Hitachi HDS722020ALA330,2000398934016,0,,0,,,,,,,,0,,,,,,23122,,,,,,,,,,,,,,,,,,,,,,,,,,,,,,24,,,,,,0,,,,,,,,,,,,,,,,,,,,,,,,,,,,
2013-12-11,9XW02LKX,ST31500541AS,1500301910016,0,,225180763,,,,,,,,0,,,,,,23831,,,,,,,,,,,,,,,,,,,,,,,,,,,,,,17,,,,,,0,,,,,,,,,,,,,,,,,,,,,,,,,,,,
2013-12-11,JK11A8B9GPAY6F,Hitachi HDS722020ALA330,2000398934016,0,,0,,,,,,,,0,,,,,,26493,,,,,,,,,,,,,,,,,,,,,,,,,,,,,,27,,,,,,0,,,,,,,,,,,,,,,,,,,,,,,,,,,,
2013-12-11,JK11A1YAJHDERV,Hitachi HDS722020ALA330,2000398934016,0,,0,,,,,,,,0,,,,,,28851,,,,,,,,,,,,,,,,,,,,,,,,,,,,,,31,,,,,,0,,,,,,,,,,,,,,,,,,,,,,,,,,,,
2013-12-11,MJ0351YNGA62LA,Hitachi HDS5C3030ALA630,3000592982016,0,,0,,,,,,,,0,,,,,,9142,,,,,,,,,,,,,,,,,,,,,,,,,,,,,,31,,,,,,0,,,,,,,,,,,,,,,,,,,,,,,,,,,,
2013-12-11,W1F09VXK,ST3000DM001,3000592982016,0,,214389232,,,,,,,,0,,,,,,14713,,,,,,,,,,,,,,,,,,,,,,,,,,,,,,24,,,,,,0,,,,,,,,,,,,,,,,,,,,,,,,,,,,
2013-12-11,MJ0351YNG9RYLA,Hitachi HDS5C3030ALA630,3000592982016,0,,0,,,,,,,,0,,,,,,9142,,,,,,,,,,,,,,,,,,,,,,,,,,,,,,31,,,,,,0,,,,,,,,,,,,,,,,,,,,,,,,,,,,
2013-12-11,MJ0351YNGA02LA,Hitachi HDS5C3030ALA630,3000592982016,0,,0,,,,,,,,0,,,,,,9905,,,,,,,,,,,,,,,,,,,,,,,,,,,,,,25,,,,,,0,,,,,,,,,,,,,,,,,,,,,,,,,,,,
2013-12-11,9XW09M59,ST32000542AS,2000398934016,0,,190060564,,,,,,,,0,,,,,,31466,,,,,,,,,,,,,,,,,,,,,,,,,,,,,,26,,,,,,0,,,,,,,,,,,,,,,,,,,,,,,,,,,,
2013-12-11,W1F07EWB,ST3000DM001,3000592982016,0,,107388560,,,,,,,,0,,,,,,11754,,,,,,,,,,,,,,,,,,,,,,,,,,,,,,24,,,,,,0,,,,,,,,,,,,,,,,,,,,,,,,,,,,
2013-12-11,W300KQF0,ST4000DM000,4000787030016,0,,187072608,,,,,,,,0,,,,,,772,,,,,,,,,,,,,,,,,,,,,,,,,,,,,,23,,,,,,0,,,,,,,,,,,,,,,,,,,,,,,,,,,,
2013-12-11,WD-WCAU45692825,WDC WD10EADS,1000204886016,0,,1,,,,,,,,0,,,,,,41763,,,,,,,,,,,,,,,,,,,,,,,,,,,,,,29,,,,,,0,,,,,,,,,,,,,,,,,,,,,,,,,,,,
2013-12-11,JK1175YAHU332X,Hitachi HDS722020ALA330,2000398934016,0,,65549,,,,,,,,0,,,,,,30501,,,,,,,,,,,,,,,,,,,,,,,,,,,,,,32,,,,,,0,,,,,,,,,,,,,,,,,,,,,,,,,,,,
2013-12-11,JK11A8B9J75T4F,Hitachi HDS722020ALA330,2000398934016,0,,0,,,,,,,,0,,,,,,24544,,,,,,,,,,,,,,,,,,,,,,,,,,,,,,30,,,,,,0,,,,,,,,,,,,,,,,,,,,,,,,,,,,
2013-12-11,JK1101B9KLPAXF,Hitachi HDS722020ALA330,2000398934016,0,,0,,,,,,,,0,,,,,,22954,,,,,,,,,,,,,,,,,,,,,,,,,,,,,,25,,,,,,0,,,,,,,,,,,,,,,,,,,,,,,,,,,,
2013-12-11,5XW25PVC,ST31500541AS,1500301910016,0,,102649822,,,,,,,,0,,,,,,6062,,,,,,,,,,,,,,,,,,,,,,,,,,,,,,25,,,,,,73,,,,,,,,,,,,,,,,,,,,,,,,,,,,
2013-12-11,MK0331YHGT51YA,Hitachi HDS723030ALA640,3000592982016,0,,0,,,,,,,,0,,,,,,17011,,,,,,,,,,,,,,,,,,,,,,,,,,,,,,30,,,,,,0,,,,,,,,,,,,,,,,,,,,,,,,,,,,
2013-12-11,MJ1311YNG6XY2A,Hitachi HDS5C3030ALA630,3000592982016,0,,0,,,,,,,,0,,,,,,14685,,,,,,,,,,,,,,,,,,,,,,,,,,,,,,18,,,,,,0,,,,,,,,,,,,,,,,,,,,,,,,,,,,
2013-12-11,WD-WCAU45651289,WDC WD10EADS,1000204886016,0,,0,,,,,,,,0,,,,,,42279,,,,,,,,,,,,,,,,,,,,,,,,,,,,,,28,,,,,,3,,,,,,,,,,,,,,,,,,,,,,,,,,,,
2013-12-11,W300K1PR,ST4000DM000,4000787030016,0,,153762704,,,,,,,,0,,,,,,919,,,,,,,,,,,,,,,,,,,,,,,,,,,,,,22,,,,,,0,,,,,,,,,,,,,,,,,,,,,,,,,,,,
2013-12-11,MJ0351YNG9YVZA,Hitachi HDS5C3030ALA630,3000592982016,0,,0,,,,,,,,0,,,,,,9941,,,,,,,,,,,,,,,,,,,,,,,,,,,,,,21,,,,,,0,,,,,,,,,,,,,,,,,,,,,,,,,,,,
2013-12-11,Z300CX7N,ST4000DM000,4000787030016,0,,147825840,,,,,,,,0,,,,,,2261,,,,,,,,,,,,,,,,,,,,,,,,,,,,,,23,,,,,,0,,,,,,,,,,,,,,,,,,,,,,,,,,,,
2013-12-11,JK1105B8GAPYBX,Hitachi HDS722020ALA330,2000398934016,0,,0,,,,,,,,0,,,,,,26767,,,,,,,,,,,,,,,,,,,,,,,,,,,,,,26,,,,,,0,,,,,,,,,,,,,,,,,,,,,,,,,,,,
2013-12-11,W300K1PD,ST4000DM000,4000787030016,0,,184083672,,,,,,,,0,,,,,,885,,,,,,,,,,,,,,,,,,,,,,,,,,,,,,21,,,,,,0,,,,,,,,,,,,,,,,,,,,,,,,,,,,
2013-12-11,MJ1311YNG3LZ0A,Hitachi HDS5C3030ALA630,3000592982016,0,,0,,,,,,,,0,,,,,,19253,,,,,,,,,,,,,,,,,,,,,,,,,,,,,,26,,,,,,0,,,,,,,,,,,,,,,,,,,,,,,,,,,,
2013-12-11,W300K1PL,ST4000DM000,4000787030016,0,,190407464,,,,,,,,0,,,,,,920,,,,,,,,,,,,,,,,,,,,,,,,,,,,,,20,,,,,,0,,,,,,,,,,,,,,,,,,,,,,,,,,,,
2013-12-11,MK0301YHGMHZAD,Hitachi HDS723030ALA640,3000592982016,0,,0,,,,,,,,0,,,,,,17017,,,,,,,,,,,,,,,,,,,,,,,,,,,,,,24,,,,,,0,,,,,,,,,,,,,,,,,,,,,,,,,,,,
2013-12-11,W300K1P8,ST4000DM000,4000787030016,0,,235102128,,,,,,,,0,,,,,,919,,,,,,,,,,,,,,,,,,,,,,,,,,,,,,18,,,,,,0,,,,,,,,,,,,,,,,,,,,,,,,,,,,
2013-12-11,JK1175YAHU2XUX,Hitachi HDS722020ALA330,2000398934016,0,,131083,,,,,,,,0,,,,,,30501,,,,,,,,,,,,,,,,,,,,,,,,,,,,,,32,,,,,,0,,,,,,,,,,,,,,,,,,,,,,,,,,,,
2013-12-11,MJ1311YNG312ZA,Hitachi HDS5C3030ALA630,3000592982016,0,,0,,,,,,,,0,,,,,,18386,,,,,,,,,,,,,,,,,,,,,,,,,,,,,,21,,,,,,0,,,,,,,,,,,,,,,,,,,,,,,,,,,,
2013-12-11,9VS4WN8F,ST31500341AS,1500301910016,0,,49143477,,,,,,,,2,,,,,,18389,,,,,,,,,,,,,,,,,,,,,,,,,,,,,,25,,,,,,0,,,,,,,,,,,,,,,,,,,,,,,,,,,,
2013-12-11,MJ0351YNGA61RA,Hitachi HDS5C3030ALA630,3000592982016,0,,0,,,,,,,,0,,,,,,9163,,,,,,,,,,,,,,,,,,,,,,,,,,,,,,29,,,,,,0,,,,,,,,,,,,,,,,,,,,,,,,,,,,
2013-12-11,JK1171B8GNNWLS,Hitachi HDS722020ALA330,2000398934016,0,,0,,,,,,,,0,,,,,,27487,,,,,,,,,,,,,,,,,,,,,,,,,,,,,,24,,,,,,0,,,,,,,,,,,,,,,,,,,,,,,,,,,,
2013-12-11,MJ0351YNG9W5UA,Hitachi HDS5C3030ALA630,3000592982016,0,,0,,,,,,,,0,,,,,,9901,,,,,,,,,,,,,,,,,,,,,,,,,,,,,,29,,,,,,0,,,,,,,,,,,,,,,,,,,,,,,,,,,,
2013-12-11,W300AWF3,ST4000DM000,4000787030016,0,,19342968,,,,,,,,0,,,,,,4353,,,,,,,,,,,,,,,,,,,,,,,,,,,,,,23,,,,,,0,,,,,,,,,,,,,,,,,,,,,,,,,,,,
2013-12-11,MJ1311YNG3AMXA,Hitachi HDS5C3030ALA630,3000592982016,0,,8,,,,,,,,1173,,,,,,18593,,,,,,,,,,,,,,,,,,,,,,,,,,,,,,23,,,,,,70,,,,,,,,,,,,,,,,,,,,,,,,,,,,
2013-12-11,JK11A8B9GLPAAF,Hitachi HDS722020ALA330,2000398934016,0,,65540,,,,,,,,0,,,,,,26480,,,,,,,,,,,,,,,,,,,,,,,,,,,,,,25,,,,,,0,,,,,,,,,,,,,,,,,,,,,,,,,,,,
2013-12-11,Z1F0H5VX,ST3000DM001,3000592982016,0,,93570480,,,,,,,,0,,,,,,7548,,,,,,,,,,,,,,,,,,,,,,,,,,,,,,28,,,,,,0,,,,,,,,,,,,,,,,,,,,,,,,,,,,
2013-12-11,PL1321LAGAXSUH,Hitachi HDS5C4040ALE630,4000787030016,0,,0,,,,,,,,0,,,,,,5075,,,,,,,,,,,,,,,,,,,,,,,,,,,,,,24,,,,,,0,,,,,,,,,,,,,,,,,,,,,,,,,,,,
2013-12-11,JK11A8B9J8DZ0F,Hitachi HDS722020ALA330,2000398934016,0,,0,,,,,,,,0,,,,,,26010,,,,,,,,,,,,,,,,,,,,,,,,,,,,,,28,,,,,,0,,,,,,,,,,,,,,,,,,,,,,,,,,,,
2013-12-11,Z300GQ1Q,ST4000DM000,4000787030016,0,,150506152,,,,,,,,0,,,,,,3580,,,,,,,,,,,,,,,,,,,,,,,,,,,,,,27,,,,,,0,,,,,,,,,,,,,,,,,,,,,,,,,,,,
2013-12-11,JK1105B8GG43YX,Hitachi HDS722020ALA330,2000398934016,0,,131072,,,,,,,,0,,,,,,27221,,,,,,,,,,,,,,,,,,,,,,,,,,,,,,33,,,,,,0,,,,,,,,,,,,,,,,,,,,,,,,,,,,
2013-12-11,WD-WCAU47389697,WDC WD10EADS,1000204886016,0,,0,,,,,,,,0,,,,,,40772,,,,,,,,,,,,,,,,,,,,,,,,,,,,,,28,,,,,,0,,,,,,,,,,,,,,,,,,,,,,,,,,,,
2013-12-11,W1F1CJKT,ST3000DM001,3000592982016,0,,144608952,,,,,,,,0,,,,,,8163,,,,,,,,,,,,,,,,,,,,,,,,,,,,,,28,,,,,,0,,,,,,,,,,,,,,,,,,,,,,,,,,,,
2013-12-11,6XW0107S,ST31500541AS,1500301910016,0,,183123138,,,,,,,,0,,,,,,36070,,,,,,,,,,,,,,,,,,,,,,,,,,,,,,18,,,,,,0,,,,,,,,,,,,,,,,,,,,,,,,,,,,
2013-12-11,JK1101YBJJM0TF,Hitachi HDS722020ALA330,2000398934016,0,,6750294,,,,,,,,270,,,,,,27214,,,,,,,,,,,,,,,,,,,,,,,,,,,,,,27,,,,,,39,,,,,,,,,,,,,,,,,,,,,,,,,,,,
2013-12-11,JK11A8B9J7YRGF,Hitachi HDS722020ALA330,2000398934016,0,,0,,,,,,,,0,,,,,,24665,,,,,,,,,,,,,,,,,,,,,,,,,,,,,,26,,,,,,0,,,,,,,,,,,,,,,,,,,,,,,,,,,,
2013-12-11,5XW0320K,ST31500541AS,1500301910016,0,,25951704,,,,,,,,404,,,,,,37432,,,,,,,,,,,,,,,,,,,,,,,,,,,,,,23,,,,,,0,,,,,,,,,,,,,,,,,,,,,,,,,,,,
2013-12-11,Z300GQ1M,ST4000DM000,4000787030016,0,,145462632,,,,,,,,0,,,,,,3583,,,,,,,,,,,,,,,,,,,,,,,,,,,,,,27,,,,,,0,,,,,,,,,,,,,,,,,,,,,,,,,,,,
2013-12-11,9VS3JDN3,ST31500341AS,1500301910016,0,,110629900,,,,,,,,5,,,,,,31539,,,,,,,,,,,,,,,,,,,,,,,,,,,,,,33,,,,,,0,,,,,,,,,,,,,,,,,,,,,,,,,,,,
2013-12-11,MJ0351YNGAD8UA,Hitachi HDS5C3030ALA630,3000592982016,0,,0,,,,,,,,0,,,,,,8214,,,,,,,,,,,,,,,,,,,,,,,,,,,,,,27,,,,,,0,,,,,,,,,,,,,,,,,,,,,,,,,,,,
2013-12-11,W1F0AP0P,ST3000DM001,3000592982016,0,,144614248,,,,,,,,0,,,,,,13342,,,,,,,,,,,,,,,,,,,,,,,,,,,,,,27,,,,,,0,,,,,,,,,,,,,,,,,,,,,,,,,,,,
2013-12-11,Z300KX5X,ST4000DM000,4000787030016,0,,215520304,,,,,,,,0,,,,,,152,,,,,,,,,,,,,,,,,,,,,,,,,,,,,,22,,,,,,0,,,,,,,,,,,,,,,,,,,,,,,,,,,,
2013-12-11,MJ0351YNGA174A,Hitachi HDS5C3030ALA630,3000592982016,0,,0,,,,,,,,0,,,,,,9142,,,,,,,,,,,,,,,,,,,,,,,,,,,,,,31,,,,,,0,,,,,,,,,,,,,,,,,,,,,,,,,,,,
2013-12-11,PL1321LAG35P2H,Hitachi HDS5C4040ALE630,4000787030016,0,,0,,,,,,,,0,,,,,,5950,,,,,,,,,,,,,,,,,,,,,,,,,,,,,,21,,,,,,0,,,,,,,,,,,,,,,,,,,,,,,,,,,,
2013-12-11,JK1101B9J1MVWF,Hitachi HDS722020ALA330,2000398934016,0,,2,,,,,,,,0,,,,,,24213,,,,,,,,,,,,,,,,,,,,,,,,,,,,,,24,,,,,,0,,,,,,,,,,,,,,,,,,,,,,,,,,,,
2013-12-11,JK1101B9KMKE2F,Hitachi HDS722020ALA330,2000398934016,0,,0,,,,,,,,0,,,,,,23075,,,,,,,,,,,,,,,,,,,,,,,,,,,,,,34,,,,,,0,,,,,,,,,,,,,,,,,,,,,,,,,,,,
2013-12-11,S1F04EMW,ST3000DM001,3000592982016,0,,133328440,,,,,,,,0,,,,,,13360,,,,,,,,,,,,,,,,,,,,,,,,,,,,,,22,,,,,,0,,,,,,,,,,,,,,,,,,,,,,,,,,,,
2013-12-11,Z1F0QGSE,ST3000DM001,3000592982016,0,,179159456,,,,,,,,0,,,,,,9268,,,,,,,,,,,,,,,,,,,,,,,,,,,,,,26,,,,,,0,,,,,,,,,,,,,,,,,,,,,,,,,,,,
2013-12-11,W300H59B,ST4000DM000,4000787030016,0,,54855176,,,,,,,,0,,,,,,919,,,,,,,,,,,,,,,,,,,,,,,,,,,,,,19,,,,,,0,,,,,,,,,,,,,,,,,,,,,,,,,,,,
2013-12-11,MJ1311YNG2R02A,Hitachi HDS5C3030ALA630,3000592982016,0,,0,,,,,,,,0,,,,,,18067,,,,,,,,,,,,,,,,,,,,,,,,,,,,,,23,,,,,,2,,,,,,,,,,,,,,,,,,,,,,,,,,,,
2013-12-11,Z300GQ16,ST4000DM000,4000787030016,0,,125924656,,,,,,,,0,,,,,,3580,,,,,,,,,,,,,,,,,,,,,,,,,,,,,,26,,,,,,0,,,,,,,,,,,,,,,,,,,,,,,,,,,,
2013-12-11,Z300GQ15,ST4000DM000,4000787030016,0,,204198288,,,,,,,,0,,,,,,3581,,,,,,,,,,,,,,,,,,,,,,,,,,,,,,26,,,,,,0,,,,,,,,,,,,,,,,,,,,,,,,,,,,
2013-12-11,Z300GQ13,ST4000DM000,4000787030016,0,,19024688,,,,,,,,0,,,,,,3583,,,,,,,,,,,,,,,,,,,,,,,,,,,,,,24,,,,,,0,,,,,,,,,,,,,,,,,,,,,,,,,,,,
2013-12-11,PL1331LAG5B44H,HGST HMS5C4040ALE640,4000787030016,0,,0,,,,,,,,0,,,,,,9402,,,,,,,,,,,,,,,,,,,,,,,,,,,,,,31,,,,,,0,,,,,,,,,,,,,,,,,,,,,,,,,,,,
2013-12-11,W300HXLR,ST4000DM000,4000787030016,0,,148683984,,,,,,,,0,,,,,,2224,,,,,,,,,,,,,,,,,,,,,,,,,,,,,,27,,,,,,0,,,,,,,,,,,,,,,,,,,,,,,,,,,,
2013-12-11,MJ1321YNG0YZBA,Hitachi HDS5C3030ALA630,3000592982016,0,,0,,,,,,,,0,,,,,,20731,,,,,,,,,,,,,,,,,,,,,,,,,,,,,,32,,,,,,0,,,,,,,,,,,,,,,,,,,,,,,,,,,,
2013-12-11,PL1321LAG34VUH,Hitachi HDS5C4040ALE630,4000787030016,0,,0,,,,,,,,0,,,,,,5071,,,,,,,,,,,,,,,,,,,,,,,,,,,,,,28,,,,,,0,,,,,,,,,,,,,,,,,,,,,,,,,,,,
2013-12-11,MK0311YHG4YT9A,Hitachi HDS723030ALA640,3000592982016,0,,0,,,,,,,,0,,,,,,21793,,,,,,,,,,,,,,,,,,,,,,,,,,,,,,24,,,,,,0,,,,,,,,,,,,,,,,,,,,,,,,,,,,
2013-12-11,Z1Z0373X,ST4000DX000,4000787030016,0,,100729739,,,,,,,,0,,,,,,5078,,,,,,,,,,,,,,,,,,,,,,,,,,,,,,33,,,,,,0,,,,,,,,,,,,,,,,,,,,,,,,,,,,
2013-12-11,S1F031KK,ST3000DM001,3000592982016,0,,13489504,,,,,,,,0,,,,,,16176,,,,,,,,,,,,,,,,,,,,,,,,,,,,,,27,,,,,,0,,,,,,,,,,,,,,,,,,,,,,,,,,,,
2013-12-11,W1F09LAG,ST3000DM001,3000592982016,0,,3542032,,,,,,,,0,,,,,,13360,,,,,,,,,,,,,,,,,,,,,,,,,,,,,,26,,,,,,0,,,,,,,,,,,,,,,,,,,,,,,,,,,,
2013-12-11,W300BN15,ST4000DM000,4000787030016,0,,87818360,,,,,,,,0,,,,,,3603,,,,,,,,,,,,,,,,,,,,,,,,,,,,,,20,,,,,,0,,,,,,,,,,,,,,,,,,,,,,,,,,,,
2013-12-11,MJ0351YNGA6M0A,Hitachi HDS5C3030ALA630,3000592982016,0,,0,,,,,,,,0,,,,,,9315,,,,,,,,,,,,,,,,,,,,,,,,,,,,,,29,,,,,,0,,,,,,,,,,,,,,,,,,,,,,,,,,,,
2013-12-11,Z300H1GZ,ST4000DM000,4000787030016,0,,14547272,,,,,,,,0,,,,,,1298,,,,,,,,,,,,,,,,,,,,,,,,,,,,,,23,,,,,,0,,,,,,,,,,,,,,,,,,,,,,,,,,,,
2013-12-11,Z300HQ1A,ST4000DM000,4000787030016,0,,78899352,,,,,,,,0,,,,,,2893,,,,,,,,,,,,,,,,,,,,,,,,,,,,,,26,,,,,,0,,,,,,,,,,,,,,,,,,,,,,,,,,,,
2013-12-11,JK1105B8GG4TGX,Hitachi HDS722020ALA330,2000398934016,0,,1,,,,,,,,0,,,,,,27221,,,,,,,,,,,,,,,,,,,,,,,,,,,,,,33,,,,,,0,,,,,,,,,,,,,,,,,,,,,,,,,,,,
2013-12-11,S1F0FP0C,ST3000DM001,3000592982016,0,,204723408,,,,,,,,0,,,,,,12154,,,,,,,,,,,,,,,,,,,,,,,,,,,,,,24,,,,,,0,,,,,,,,,,,,,,,,,,,,,,,,,,,,
2013-12-11,WD-WCC1T1278326,WDC WD30EFRX,3000592982016,0,,0,,,,,,,,0,,,,,,1661,,,,,,,,,,,,,,,,,,,,,,,,,,,,,,25,,,,,,0,,,,,,,,,,,,,,,,,,,,,,,,,,,,
2013-12-11,WD-WMC1T3159618,WDC WD30EFRX,3000592982016,0,,0,,,,,,,,0,,,,,,2042,,,,,,,,,,,,,,,,,,,,,,,,,,,,,,26,,,,,,0,,,,,,,,,,,,,,,,,,,,,,,,,,,,
2013-12-11,JK1171B9HDX63T,Hitachi HDS722020ALA330,2000398934016,0,,0,,,,,,,,0,,,,,,24305,,,,,,,,,,,,,,,,,,,,,,,,,,,,,,28,,,,,,0,,,,,,,,,,,,,,,,,,,,,,,,,,,,
2013-12-11,MJ1321YNG072NA,Hitachi HDS5C3030ALA630,3000592982016,0,,2228224,,,,,,,,0,,,,,,20480,,,,,,,,,,,,,,,,,,,,,,,,,,,,,,25,,,,,,0,,,,,,,,,,,,,,,,,,,,,,,,,,,,
2013-12-11,W300J6FX,ST4000DM000,4000787030016,0,,81538640,,,,,,,,0,,,,,,2248,,,,,,,,,,,,,,,,,,,,,,,,,,,,,,21,,,,,,0,,,,,,,,,,,,,,,,,,,,,,,,,,,,
2013-12-11,PL2311LAG1KSTC,Hitachi HDS5C4040ALE630,4000787030016,0,,0,,,,,,,,0,,,,,,7757,,,,,,,,,,,,,,,,,,,,,,,,,,,,,,25,,,,,,0,,,,,,,,,,,,,,,,,,,,,,,,,,,,
2013-12-11,JK11A8B9JPPN9F,Hitachi HDS722020ALA330,2000398934016,0,,0,,,,,,,,0,,,,,,24112,,,,,,,,,,,,,,,,,,,,,,,,,,,,,,28,,,,,,0,,,,,,,,,,,,,,,,,,,,,,,,,,,,
2013-12-11,MJ1311YNG36ZZA,Hitachi HDS5C3030ALA630,3000592982016,0,,65536,,,,,,,,0,,,,,,18065,,,,,,,,,,,,,,,,,,,,,,,,,,,,,,29,,,,,,0,,,,,,,,,,,,,,,,,,,,,,,,,,,,
2013-12-11,Z300X80D,ST4000DM000,4000787030016,0,,103757040,,,,,,,,0,,,,,,799,,,,,,,,,,,,,,,,,,,,,,,,,,,,,,22,,,,,,0,,,,,,,,,,,,,,,,,,,,,,,,,,,,
2013-12-11,WD-WMAWZ0252420,WDC WD30EZRX,3000592982016,0,,0,,,,,,,,0,,,,,,12929,,,,,,,,,,,,,,,,,,,,,,,,,,,,,,22,,,,,,0,,,,,,,,,,,,,,,,,,,,,,,,,,,,
2013-12-11,Z300W6AX,ST4000DM000,4000787030016,0,,149762096,,,,,,,,0,,,,,,923,,,,,,,,,,,,,,,,,,,,,,,,,,,,,,23,,,,,,0,,,,,,,,,,,,,,,,,,,,,,,,,,,,
2013-12-11,Z1Z03J9E,ST4000DX000,4000787030016,0,,101680317,,,,,,,,0,,,,,,5077,,,,,,,,,,,,,,,,,,,,,,,,,,,,,,34,,,,,,0,,,,,,,,,,,,,,,,,,,,,,,,,,,,
2013-12-11,JK1160YAHP1WPT,Hitachi HDS722020ALA330,2000398934016,0,,0,,,,,,,,0,,,,,,24482,,,,,,,,,,,,,,,,,,,,,,,,,,,,,,29,,,,,,0,,,,,,,,,,,,,,,,,,,,,,,,,,,,
2013-12-11,Z1Z03PYX,ST4000DX000,4000787030016,0,,136394350,,,,,,,,0,,,,,,5379,,,,,,,,,,,,,,,,,,,,,,,,,,,,,,22,,,,,,0,,,,,,,,,,,,,,,,,,,,,,,,,,,,
2013-12-11,PL1311LAG25U3A,Hitachi HDS5C4040ALE630,4000787030016,0,,0,,,,,,,,0,,,,,,4346,,,,,,,,,,,,,,,,,,,,,,,,,,,,,,28,,,,,,0,,,,,,,,,,,,,,,,,,,,,,,,,,,,
2013-12-11,PL1311LAG38KKH,Hitachi HDS5C4040ALE630,4000787030016,0,,0,,,,,,,,0,,,,,,5959,,,,,,,,,,,,,,,,,,,,,,,,,,,,,,19,,,,,,0,,,,,,,,,,,,,,,,,,,,,,,,,,,,
2013-12-11,MJ1311YNG7EKLA,Hitachi HDS5C3030ALA630,3000592982016,0,,0,,,,,,,,0,,,,,,14680,,,,,,,,,,,,,,,,,,,,,,,,,,,,,,28,,,,,,0,,,,,,,,,,,,,,,,,,,,,,,,,,,,
2013-12-11,MJ1323YNG19DWC,Hitachi HDS5C3030ALA630,3000592982016,0,,0,,,,,,,,0,,,,,,20503,,,,,,,,,,,,,,,,,,,,,,,,,,,,,,25,,,,,,0,,,,,,,,,,,,,,,,,,,,,,,,,,,,
2013-12-11,PL1321LAG3498H,Hitachi HDS5C4040ALE630,4000787030016,0,,0,,,,,,,,0,,,,,,6654,,,,,,,,,,,,,,,,,,,,,,,,,,,,,,18,,,,,,0,,,,,,,,,,,,,,,,,,,,,,,,,,,,
2013-12-11,JK1130YAGLWZ6T,Hitachi HDS722020ALA330,2000398934016,0,,0,,,,,,,,0,,,,,,17956,,,,,,,,,,,,,,,,,,,,,,,,,,,,,,24,,,,,,0,,,,,,,,,,,,,,,,,,,,,,,,,,,,
2013-12-11,PL1311LAG336ZH,Hitachi HDS5C4040ALE630,4000787030016,0,,0,,,,,,,,0,,,,,,5302,,,,,,,,,,,,,,,,,,,,,,,,,,,,,,27,,,,,,0,,,,,,,,,,,,,,,,,,,,,,,,,,,,
2013-12-11,Z300MQ85,ST4000DM000,4000787030016,0,,239032552,,,,,,,,0,,,,,,2900,,,,,,,,,,,,,,,,,,,,,,,,,,,,,,25,,,,,,0,,,,,,,,,,,,,,,,,,,,,,,,,,,,
2013-12-11,9XW01YPS,ST31500541AS,1500301910016,0,,67728629,,,,,,,,0,,,,,,34217,,,,,,,,,,,,,,,,,,,,,,,,,,,,,,15,,,,,,0,,,,,,,,,,,,,,,,,,,,,,,,,,,,
2013-12-11,9XW01ELP,ST31500541AS,1500301910016,0,,206791392,,,,,,,,0,,,,,,35230,,,,,,,,,,,,,,,,,,,,,,,,,,,,,,19,,,,,,0,,,,,,,,,,,,,,,,,,,,,,,,,,,,
2013-12-11,PL1311LAG3AJMH,Hitachi HDS5C4040ALE630,4000787030016,0,,0,,,,,,,,0,,,,,,6616,,,,,,,,,,,,,,,,,,,,,,,,,,,,,,24,,,,,,0,,,,,,,,,,,,,,,,,,,,,,,,,,,,
2013-12-11,MJ0351YNGA8TSA,Hitachi HDS5C3030ALA630,3000592982016,0,,0,,,,,,,,0,,,,,,7989,,,,,,,,,,,,,,,,,,,,,,,,,,,,,,29,,,,,,0,,,,,,,,,,,,,,,,,,,,,,,,,,,,
2013-12-11,S1F06VA3,ST3000DM001,3000592982016,0,,70786080,,,,,,,,0,,,,,,14233,,,,,,,,,,,,,,,,,,,,,,,,,,,,,,24,,,,,,0,,,,,,,,,,,,,,,,,,,,,,,,,,,,
2013-12-11,MK0331YHGNL0GD,Hitachi HDS723030ALA640,3000592982016,0,,0,,,,,,,,274,,,,,,17357,,,,,,,,,,,,,,,,,,,,,,,,,,,,,,27,,,,,,0,,,,,,,,,,,,,,,,,,,,,,,,,,,,
2013-12-11,MJ1323YNG1N37C,Hitachi HDS5C3030ALA630,3000592982016,0,,0,,,,,,,,156,,,,,,19310,,,,,,,,,,,,,,,,,,,,,,,,,,,,,,27,,,,,,0,,,,,,,,,,,,,,,,,,,,,,,,,,,,
2013-12-11,9XW01YP5,ST31500541AS,1500301910016,0,,44631633,,,,,,,,0,,,,,,35028,,,,,,,,,,,,,,,,,,,,,,,,,,,,,,18,,,,,,0,,,,,,,,,,,,,,,,,,,,,,,,,,,,
2013-12-11,9XW01YP6,ST31500541AS,1500301910016,0,,146415508,,,,,,,,0,,,,,,34755,,,,,,,,,,,,,,,,,,,,,,,,,,,,,,16,,,,,,0,,,,,,,,,,,,,,,,,,,,,,,,,,,,
2013-12-11,S1F06VAD,ST3000DM001,3000592982016,0,,219740768,,,,,,,,0,,,,,,14235,,,,,,,,,,,,,,,,,,,,,,,,,,,,,,22,,,,,,0,,,,,,,,,,,,,,,,,,,,,,,,,,,,
2013-12-11,JK1101B9KK88ET,Hitachi HDS722020ALA330,2000398934016,0,,0,,,,,,,,0,,,,,,22955,,,,,,,,,,,,,,,,,,,,,,,,,,,,,,22,,,,,,0,,,,,,,,,,,,,,,,,,,,,,,,,,,,
2013-12-11,MJ1311YNG612VA,Hitachi HDS5C3030ALA630,3000592982016,0,,0,,,,,,,,0,,,,,,14310,,,,,,,,,,,,,,,,,,,,,,,,,,,,,,25,,,,,,0,,,,,,,,,,,,,,,,,,,,,,,,,,,,
2013-12-11,Z290ZX7D,ST33000651AS,3000592982016,0,,26809199,,,,,,,,0,,,,,,18074,,,,,,,,,,,,,,,,,,,,,,,,,,,,,,28,,,,,,0,,,,,,,,,,,,,,,,,,,,,,,,,,,,
2013-12-11,Z300P9YP,ST4000DM000,4000787030016,0,,233977272,,,,,,,,0,,,,,,1093,,,,,,,,,,,,,,,,,,,,,,,,,,,,,,27,,,,,,0,,,,,,,,,,,,,,,,,,,,,,,,,,,,
2013-12-11,6XW0085V,ST31500541AS,1500301910016,0,,183097597,,,,,,,,0,,,,,,35995,,,,,,,,,,,,,,,,,,,,,,,,,,,,,,17,,,,,,0,,,,,,,,,,,,,,,,,,,,,,,,,,,,
2013-12-11,PL1321LAG35G3H,Hitachi HDS5C4040ALE630,4000787030016,0,,0,,,,,,,,0,,,,,,5670,,,,,,,,,,,,,,,,,,,,,,,,,,,,,,17,,,,,,0,,,,,,,,,,,,,,,,,,,,,,,,,,,,
2013-12-11,PL1301LAG335BH,Hitachi HDS5C4040ALE630,4000787030016,0,,0,,,,,,,,0,,,,,,5137,,,,,,,,,,,,,,,,,,,,,,,,,,,,,,23,,,,,,0,,,,,,,,,,,,,,,,,,,,,,,,,,,,
2013-12-11,PL1311LAG3G6EH,Hitachi HDS5C4040ALE630,4000787030016,0,,0,,,,,,,,0,,,,,,5933,,,,,,,,,,,,,,,,,,,,,,,,,,,,,,25,,,,,,0,,,,,,,,,,,,,,,,,,,,,,,,,,,,
2013-12-11,MK0301YHGM3MVA,Hitachi HDS723030ALA640,3000592982016,0,,0,,,,,,,,0,,,,,,18088,,,,,,,,,,,,,,,,,,,,,,,,,,,,,,29,,,,,,0,,,,,,,,,,,,,,,,,,,,,,,,,,,,
2013-12-11,Z300W0WP,ST4000DM000,4000787030016,0,,64556296,,,,,,,,0,,,,,,918,,,,,,,,,,,,,,,,,,,,,,,,,,,,,,21,,,,,,0,,,,,,,,,,,,,,,,,,,,,,,,,,,,
2013-12-11,PL1311LAG24KTA,Hitachi HDS5C4040ALE630,4000787030016,0,,0,,,,,,,,0,,,,,,7404,,,,,,,,,,,,,,,,,,,,,,,,,,,,,,26,,,,,,0,,,,,,,,,,,,,,,,,,,,,,,,,,,,
2013-12-11,JK11A8B9J2W4EF,Hitachi HDS722020ALA330,2000398934016,0,,0,,,,,,,,0,,,,,,23991,,,,,,,,,,,,,,,,,,,,,,,,,,,,,,28,,,,,,0,,,,,,,,,,,,,,,,,,,,,,,,,,,,
2013-12-11,W1F0J8N0,ST3000DM001,3000592982016,0,,122323328,,,,,,,,0,,,,,,12170,,,,,,,,,,,,,,,,,,,,,,,,,,,,,,23,,,,,,0,,,,,,,,,,,,,,,,,,,,,,,,,,,,
2013-12-11,MJ1311YNG36GMA,Hitachi HDS5C3030ALA630,3000592982016,0,,0,,,,,,,,0,,,,,,18067,,,,,,,,,,,,,,,,,,,,,,,,,,,,,,26,,,,,,0,,,,,,,,,,,,,,,,,,,,,,,,,,,,
2013-12-11,MJ1321YNG14WDA,Hitachi HDS5C3030ALA630,3000592982016,0,,0,,,,,,,,0,,,,,,20067,,,,,,,,,,,,,,,,,,,,,,,,,,,,,,25,,,,,,0,,,,,,,,,,,,,,,,,,,,,,,,,,,,
2013-12-11,6XW039K8,ST31500541AS,1500301910016,0,,69487284,,,,,,,,0,,,,,,36624,,,,,,,,,,,,,,,,,,,,,,,,,,,,,,24,,,,,,0,,,,,,,,,,,,,,,,,,,,,,,,,,,,
2013-12-11,Z300RXL7,ST4000DM000,4000787030016,0,,132117528,,,,,,,,0,,,,,,886,,,,,,,,,,,,,,,,,,,,,,,,,,,,,,24,,,,,,0,,,,,,,,,,,,,,,,,,,,,,,,,,,,
2013-12-11,9XW01B2X,ST31500541AS,1500301910016,0,,114198020,,,,,,,,0,,,,,,35226,,,,,,,,,,,,,,,,,,,,,,,,,,,,,,19,,,,,,0,,,,,,,,,,,,,,,,,,,,,,,,,,,,
2013-12-11,6XW039KJ,ST31500541AS,1500301910016,0,,195856048,,,,,,,,0,,,,,,36624,,,,,,,,,,,,,,,,,,,,,,,,,,,,,,25,,,,,,0,,,,,,,,,,,,,,,,,,,,,,,,,,,,
2013-12-11,Z300K1RH,ST4000DM000,4000787030016,0,,159881656,,,,,,,,0,,,,,,2238,,,,,,,,,,,,,,,,,,,,,,,,,,,,,,21,,,,,,0,,,,,,,,,,,,,,,,,,,,,,,,,,,,
2013-12-11,6XW039KZ,ST31500541AS,1500301910016,0,,77342735,,,,,,,,0,,,,,,36426,,,,,,,,,,,,,,,,,,,,,,,,,,,,,,20,,,,,,0,,,,,,,,,,,,,,,,,,,,,,,,,,,,
2013-12-11,Z300KYGS,ST4000DM000,4000787030016,0,,234854304,,,,,,,,0,,,,,,1093,,,,,,,,,,,,,,,,,,,,,,,,,,,,,,23,,,,,,0,,,,,,,,,,,,,,,,,,,,,,,,,,,,
2013-12-11,W300935A,ST4000DM000,4000787030016,0,,1130448,,,,,,,,0,,,,,,1871,,,,,,,,,,,,,,,,,,,,,,,,,,,,,,24,,,,,,0,,,,,,,,,,,,,,,,,,,,,,,,,,,,
2013-12-11,Z300MW2F,ST4000DM000,4000787030016,0,,42263264,,,,,,,,0,,,,,,2880,,,,,,,,,,,,,,,,,,,,,,,,,,,,,,22,,,,,,0,,,,,,,,,,,,,,,,,,,,,,,,,,,,
2013-12-11,S1F0S3WA,ST3000DM001,3000592982016,0,,197665408,,,,,,,,0,,,,,,10540,,,,,,,,,,,,,,,,,,,,,,,,,,,,,,23,,,,,,464,,,,,,,,,,,,,,,,,,,,,,,,,,,,
2013-12-11,PL1321LAG3366H,Hitachi HDS5C4040ALE630,4000787030016,0,,0,,,,,,,,0,,,,,,5668,,,,,,,,,,,,,,,,,,,,,,,,,,,,,,17,,,,,,0,,,,,,,,,,,,,,,,,,,,,,,,,,,,
2013-12-11,MJ1311YNG333AA,Hitachi HDS5C3030ALA630,3000592982016,0,,0,,,,,,,,0,,,,,,19325,,,,,,,,,,,,,,,,,,,,,,,,,,,,,,23,,,,,,0,,,,,,,,,,,,,,,,,,,,,,,,,,,,
2013-12-11,JK11A8B9J7YWAF,Hitachi HDS722020ALA330,2000398934016,0,,65536,,,,,,,,0,,,,,,24914,,,,,,,,,,,,,,,,,,,,,,,,,,,,,,30,,,,,,0,,,,,,,,,,,,,,,,,,,,,,,,,,,,
2013-12-11,Z252E3ZAS,TOSHIBA DT01ACA300,3000592982016,0,,0,,,,,,,,0,,,,,,6615,,,,,,,,,,,,,,,,,,,,,,,,,,,,,,26,,,,,,0,,,,,,,,,,,,,,,,,,,,,,,,,,,,
2013-12-11,JK1101B9JS5KAR,Hitachi HDS722020ALA330,2000398934016,0,,0,,,,,,,,0,,,,,,23512,,,,,,,,,,,,,,,,,,,,,,,,,,,,,,24,,,,,,0,,,,,,,,,,,,,,,,,,,,,,,,,,,,
2013-12-11,Z300S3QY,ST4000DM000,4000787030016,0,,195479336,,,,,,,,0,,,,,,637,,,,,,,,,,,,,,,,,,,,,,,,,,,,,,24,,,,,,0,,,,,,,,,,,,,,,,,,,,,,,,,,,,
2013-12-11,JK11A4B8HZSVDW,Hitachi HDS722020ALA330,2000398934016,0,,0,,,,,,,,0,,,,,,26025,,,,,,,,,,,,,,,,,,,,,,,,,,,,,,28,,,,,,0,,,,,,,,,,,,,,,,,,,,,,,,,,,,
2013-12-11,Z300SY1N,ST4000DM000,4000787030016,0,,210965360,,,,,,,,0,,,,,,1297,,,,,,,,,,,,,,,,,,,,,,,,,,,,,,18,,,,,,0,,,,,,,,,,,,,,,,,,,,,,,,,,,,
2013-12-11,6XW00H42,ST31500541AS,1500301910016,0,,76363489,,,,,,,,0,,,,,,37443,,,,,,,,,,,,,,,,,,,,,,,,,,,,,,20,,,,,,0,,,,,,,,,,,,,,,,,,,,,,,,,,,,
2013-12-11,S1F022PV,ST3000DM001,3000592982016,0,,90937760,,,,,,,,0,,,,,,16200,,,,,,,,,,,,,,,,,,,,,,,,,,,,,,23,,,,,,0,,,,,,,,,,,,,,,,,,,,,,,,,,,,
2013-12-11,Z300KCQ5,ST4000DM000,4000787030016,0,,64341968,,,,,,,,0,,,,,,2216,,,,,,,,,,,,,,,,,,,,,,,,,,,,,,17,,,,,,0,,,,,,,,,,,,,,,,,,,,,,,,,,,,
2013-12-11,Z300KCQ1,ST4000DM000,4000787030016,0,,66696168,,,,,,,,40,,,,,,2241,,,,,,,,,,,,,,,,,,,,,,,,,,,,,,17,,,,,,0,,,,,,,,,,,,,,,,,,,,,,,,,,,,
2013-12-11,MK0311YHGDX2SA,Hitachi HDS723030ALA640,3000592982016,0,,0,,,,,,,,0,,,,,,21458,,,,,,,,,,,,,,,,,,,,,,,,,,,,,,26,,,,,,0,,,,,,,,,,,,,,,,,,,,,,,,,,,,
2013-12-11,MJ1321YNG0S6XA,Hitachi HDS5C3030ALA630,3000592982016,0,,0,,,,,,,,0,,,,,,20512,,,,,,,,,,,,,,,,,,,,,,,,,,,,,,26,,,,,,0,,,,,,,,,,,,,,,,,,,,,,,,,,,,
2013-12-11,S1F0LEGJ,ST3000DM001,3000592982016,0,,68606904,,,,,,,,0,,,,,,10543,,,,,,,,,,,,,,,,,,,,,,,,,,,,,,35,,,,,,0,,,,,,,,,,,,,,,,,,,,,,,,,,,,
2013-12-11,Z300JBJ0,ST4000DM000,4000787030016,0,,120918424,,,,,,,,0,,,,,,2217,,,,,,,,,,,,,,,,,,,,,,,,,,,,,,20,,,,,,0,,,,,,,,,,,,,,,,,,,,,,,,,,,,
2013-12-11,MJ0351YNG9WJGA,Hitachi HDS5C3030ALA630,3000592982016,0,,0,,,,,,,,0,,,,,,7612,,,,,,,,,,,,,,,,,,,,,,,,,,,,,,22,,,,,,0,,,,,,,,,,,,,,,,,,,,,,,,,,,,
2013-12-11,MJ1311YNG3GTKA,Hitachi HDS5C3030ALA630,3000592982016,0,,0,,,,,,,,0,,,,,,18940,,,,,,,,,,,,,,,,,,,,,,,,,,,,,,27,,,,,,0,,,,,,,,,,,,,,,,,,,,,,,,,,,,
2013-12-11,Z1F01M80,ST3000DM001,3000592982016,0,,201570528,,,,,,,,0,,,,,,10699,,,,,,,,,,,,,,,,,,,,,,,,,,,,,,26,,,,,,0,,,,,,,,,,,,,,,,,,,,,,,,,,,,
2013-12-11,PL1321LAGAW8SH,Hitachi HDS5C4040ALE630,4000787030016,0,,0,,,,,,,,0,,,,,,5050,,,,,,,,,,,,,,,,,,,,,,,,,,,,,,32,,,,,,0,,,,,,,,,,,,,,,,,,,,,,,,,,,,
2013-12-11,JK1105B8GGR1JX,Hitachi HDS722020ALA330,2000398934016,0,,0,,,,,,,,0,,,,,,26763,,,,,,,,,,,,,,,,,,,,,,,,,,,,,,28,,,,,,0,,,,,,,,,,,,,,,,,,,,,,,,,,,,
2013-12-11,Z300KCQV,ST4000DM000,4000787030016,0,,140148984,,,,,,,,0,,,,,,2242,,,,,,,,,,,,,,,,,,,,,,,,,,,,,,22,,,,,,0,,,,,,,,,,,,,,,,,,,,,,,,,,,,
2013-12-11,6XW01JF0,ST31500541AS,1500301910016,0,,239082539,,,,,,,,0,,,,,,36956,,,,,,,,,,,,,,,,,,,,,,,,,,,,,,23,,,,,,0,,,,,,,,,,,,,,,,,,,,,,,,,,,,
2013-12-11,MJ1311YNG388BA,Hitachi HDS5C3030ALA630,3000592982016,0,,0,,,,,,,,0,,,,,,18316,,,,,,,,,,,,,,,,,,,,,,,,,,,,,,24,,,,,,0,,,,,,,,,,,,,,,,,,,,,,,,,,,,
2013-12-11,Z300WCEW,ST4000DM000,4000787030016,0,,171621256,,,,,,,,0,,,,,,772,,,,,,,,,,,,,,,,,,,,,,,,,,,,,,22,,,,,,0,,,,,,,,,,,,,,,,,,,,,,,,,,,,
2013-12-11,JK11A8B9J7HPVF,Hitachi HDS722020ALA330,2000398934016,0,,65536,,,,,,,,0,,,,,,21478,,,,,,,,,,,,,,,,,,,,,,,,,,,,,,25,,,,,,0,,,,,,,,,,,,,,,,,,,,,,,,,,,,
2013-12-11,MJ0351YNGAAGNA,Hitachi HDS5C3030ALA630,3000592982016,0,,0,,,,,,,,0,,,,,,8639,,,,,,,,,,,,,,,,,,,,,,,,,,,,,,29,,,,,,0,,,,,,,,,,,,,,,,,,,,,,,,,,,,
2013-12-11,WD-WCAU45685729,WDC WD10EADS,1000204886016,0,,4,,,,,,,,0,,,,,,41786,,,,,,,,,,,,,,,,,,,,,,,,,,,,,,23,,,,,,0,,,,,,,,,,,,,,,,,,,,,,,,,,,,
2013-12-11,Z300KCQB,ST4000DM000,4000787030016,0,,47740640,,,,,,,,0,,,,,,2240,,,,,,,,,,,,,,,,,,,,,,,,,,,,,,18,,,,,,0,,,,,,,,,,,,,,,,,,,,,,,,,,,,
2013-12-11,S1F0RWBZ,ST3000DM001,3000592982016,0,,164747240,,,,,,,,0,,,,,,10837,,,,,,,,,,,,,,,,,,,,,,,,,,,,,,24,,,,,,0,,,,,,,,,,,,,,,,,,,,,,,,,,,,
2013-12-11,JK11A8B9J7DYUF,Hitachi HDS722020ALA330,2000398934016,0,,0,,,,,,,,0,,,,,,24544,,,,,,,,,,,,,,,,,,,,,,,,,,,,,,28,,,,,,0,,,,,,,,,,,,,,,,,,,,,,,,,,,,
2013-12-11,WD-WCC070197841,WDC WD30EZRX,3000592982016,0,,0,,,,,,,,0,,,,,,8608,,,,,,,,,,,,,,,,,,,,,,,,,,,,,,26,,,,,,0,,,,,,,,,,,,,,,,,,,,,,,,,,,,
2013-12-11,MJ0351YNGA8GRA,Hitachi HDS5C3030ALA630,3000592982016,0,,0,,,,,,,,0,,,,,,8619,,,,,,,,,,,,,,,,,,,,,,,,,,,,,,30,,,,,,0,,,,,,,,,,,,,,,,,,,,,,,,,,,,
2013-12-11,Z300GPR7,ST4000DM000,4000787030016,0,,59387184,,,,,,,,0,,,,,,3583,,,,,,,,,,,,,,,,,,,,,,,,,,,,,,26,,,,,,0,,,,,,,,,,,,,,,,,,,,,,,,,,,,
2013-12-11,Z300GPR4,ST4000DM000,4000787030016,0,,77794856,,,,,,,,0,,,,,,3580,,,,,,,,,,,,,,,,,,,,,,,,,,,,,,23,,,,,,0,,,,,,,,,,,,,,,,,,,,,,,,,,,,
2013-12-11,Z300GPR5,ST4000DM000,4000787030016,0,,194598784,,,,,,,,0,,,,,,3584,,,,,,,,,,,,,,,,,,,,,,,,,,,,,,27,,,,,,0,,,,,,,,,,,,,,,,,,,,,,,,,,,,
2013-12-11,Z300GPR2,ST4000DM000,4000787030016,0,,215544640,,,,,,,,0,,,,,,3583,,,,,,,,,,,,,,,,,,,,,,,,,,,,,,26,,,,,,0,,,,,,,,,,,,,,,,,,,,,,,,,,,,
2013-12-11,Z300GPR3,ST4000DM000,4000787030016,0,,14664680,,,,,,,,0,,,,,,3583,,,,,,,,,,,,,,,,,,,,,,,,,,,,,,26,,,,,,0,,,,,,,,,,,,,,,,,,,,,,,,,,,,
2013-12-11,W300BR48,ST4000DM000,4000787030016,0,,64431064,,,,,,,,0,,,,,,3587,,,,,,,,,,,,,,,,,,,,,,,,,,,,,,21,,,,,,0,,,,,,,,,,,,,,,,,,,,,,,,,,,,
2013-12-11,JK1101B9KNV06F,Hitachi HDS722020ALA330,2000398934016,0,,0,,,,,,,,0,,,,,,23097,,,,,,,,,,,,,,,,,,,,,,,,,,,,,,27,,,,,,0,,,,,,,,,,,,,,,,,,,,,,,,,,,,
2013-12-11,W3002NPJ,ST4000DM000,4000787030016,0,,154646816,,,,,,,,0,,,,,,2244,,,,,,,,,,,,,,,,,,,,,,,,,,,,,,17,,,,,,0,,,,,,,,,,,,,,,,,,,,,,,,,,,,
2013-12-11,Z300GPR9,ST4000DM000,4000787030016,0,,3296008,,,,,,,,0,,,,,,3580,,,,,,,,,,,,,,,,,,,,,,,,,,,,,,25,,,,,,0,,,,,,,,,,,,,,,,,,,,,,,,,,,,
2013-12-11,Z290WLT5,ST33000651AS,3000592982016,0,,212703299,,,,,,,,0,,,,,,17050,,,,,,,,,,,,,,,,,,,,,,,,,,,,,,23,,,,,,0,,,,,,,,,,,,,,,,,,,,,,,,,,,,
2013-12-11,JK11A8B9J8A13F,Hitachi HDS722020ALA330,2000398934016,0,,0,,,,,,,,0,,,,,,25125,,,,,,,,,,,,,,,,,,,,,,,,,,,,,,30,,,,,,0,,,,,,,,,,,,,,,,,,,,,,,,,,,,
2013-12-11,W300K1MB,ST4000DM000,4000787030016,0,,126559888,,,,,,,,0,,,,,,919,,,,,,,,,,,,,,,,,,,,,,,,,,,,,,22,,,,,,0,,,,,,,,,,,,,,,,,,,,,,,,,,,,
2013-12-11,JK11A8B9J7ER5F,Hitachi HDS722020ALA330,2000398934016,0,,0,,,,,,,,0,,,,,,23318,,,,,,,,,,,,,,,,,,,,,,,,,,,,,,34,,,,,,0,,,,,,,,,,,,,,,,,,,,,,,,,,,,
2013-12-11,W300K1MQ,ST4000DM000,4000787030016,0,,196894824,,,,,,,,0,,,,,,920,,,,,,,,,,,,,,,,,,,,,,,,,,,,,,19,,,,,,0,,,,,,,,,,,,,,,,,,,,,,,,,,,,
2013-12-11,JK1101B9JPJEVF,Hitachi HDS722020ALA330,2000398934016,0,,2,,,,,,,,1,,,,,,23989,,,,,,,,,,,,,,,,,,,,,,,,,,,,,,25,,,,,,0,,,,,,,,,,,,,,,,,,,,,,,,,,,,
2013-12-11,6XW0SGWB,ST31500541AS,1500301910016,0,,11800200,,,,,,,,2137,,,,,,34197,,,,,,,,,,,,,,,,,,,,,,,,,,,,,,20,,,,,,0,,,,,,,,,,,,,,,,,,,,,,,,,,,,
2013-12-11,W30091DJ,ST4000DM000,4000787030016,0,,195308648,,,,,,,,0,,,,,,4047,,,,,,,,,,,,,,,,,,,,,,,,,,,,,,23,,,,,,0,,,,,,,,,,,,,,,,,,,,,,,,,,,,
2013-12-11,6XW0SGW4,ST31500541AS,1500301910016,0,,5037356,,,,,,,,0,,,,,,33863,,,,,,,,,,,,,,,,,,,,,,,,,,,,,,26,,,,,,0,,,,,,,,,,,,,,,,,,,,,,,,,,,,
2013-12-11,Z300E5K0,ST4000DM000,4000787030016,0,,63433592,,,,,,,,0,,,,,,2843,,,,,,,,,,,,,,,,,,,,,,,,,,,,,,19,,,,,,0,,,,,,,,,,,,,,,,,,,,,,,,,,,,
2013-12-11,WD-WCAU46913991,WDC WD10EADS,1000204886016,0,,2,,,,,,,,0,,,,,,40820,,,,,,,,,,,,,,,,,,,,,,,,,,,,,,30,,,,,,0,,,,,,,,,,,,,,,,,,,,,,,,,,,,
2013-12-11,S1F0R2MV,ST3000DM001,3000592982016,0,,127535976,,,,,,,,0,,,,,,11578,,,,,,,,,,,,,,,,,,,,,,,,,,,,,,25,,,,,,0,,,,,,,,,,,,,,,,,,,,,,,,,,,,
2013-12-11,JK11A8B9J79BNF,Hitachi HDS722020ALA330,2000398934016,0,,1,,,,,,,,0,,,,,,22696,,,,,,,,,,,,,,,,,,,,,,,,,,,,,,23,,,,,,0,,,,,,,,,,,,,,,,,,,,,,,,,,,,
2013-12-11,MJ0351YNGA5AYA,Hitachi HDS5C3030ALA630,3000592982016,0,,0,,,,,,,,0,,,,,,8873,,,,,,,,,,,,,,,,,,,,,,,,,,,,,,28,,,,,,0,,,,,,,,,,,,,,,,,,,,,,,,,,,,
2013-12-11,Z1F15VY4,ST3000DM001,3000592982016,0,,27876840,,,,,,,,0,,,,,,8165,,,,,,,,,,,,,,,,,,,,,,,,,,,,,,25,,,,,,0,,,,,,,,,,,,,,,,,,,,,,,,,,,,
2013-12-11,MJ1323YNG1J1PC,Hitachi HDS5C3030ALA630,3000592982016,0,,0,,,,,,,,0,,,,,,19372,,,,,,,,,,,,,,,,,,,,,,,,,,,,,,23,,,,,,0,,,,,,,,,,,,,,,,,,,,,,,,,,,,
2013-12-11,Z300GPRV,ST4000DM000,4000787030016,0,,104113544,,,,,,,,0,,,,,,3621,,,,,,,,,,,,,,,,,,,,,,,,,,,,,,20,,,,,,0,,,,,,,,,,,,,,,,,,,,,,,,,,,,
2013-12-11,Z300GPRW,ST4000DM000,4000787030016,0,,223932800,,,,,,,,0,,,,,,3583,,,,,,,,,,,,,,,,,,,,,,,,,,,,,,21,,,,,,0,,,,,,,,,,,,,,,,,,,,,,,,,,,,
2013-12-11,Z300GPRT,ST4000DM000,4000787030016,0,,214665784,,,,,,,,0,,,,,,3583,,,,,,,,,,,,,,,,,,,,,,,,,,,,,,22,,,,,,0,,,,,,,,,,,,,,,,,,,,,,,,,,,,
2013-12-11,JK1174YAK3PAGW,Hitachi HDS722020ALA330,2000398934016,0,,131075,,,,,,,,0,,,,,,28155,,,,,,,,,,,,,,,,,,,,,,,,,,,,,,26,,,,,,0,,,,,,,,,,,,,,,,,,,,,,,,,,,,
2013-12-11,MJ1311YNG32ADA,Hitachi HDS5C3030ALA630,3000592982016,0,,0,,,,,,,,0,,,,,,18315,,,,,,,,,,,,,,,,,,,,,,,,,,,,,,23,,,,,,0,,,,,,,,,,,,,,,,,,,,,,,,,,,,
2013-12-11,W3009A9K,ST4000DM000,4000787030016,0,,20807328,,,,,,,,0,,,,,,4140,,,,,,,,,,,,,,,,,,,,,,,,,,,,,,22,,,,,,0,,,,,,,,,,,,,,,,,,,,,,,,,,,,
2013-12-11,MJ1323YNG193NC,Hitachi HDS5C3030ALA630,3000592982016,0,,0,,,,,,,,20,,,,,,20732,,,,,,,,,,,,,,,,,,,,,,,,,,,,,,27,,,,,,0,,,,,,,,,,,,,,,,,,,,,,,,,,,,
2013-12-11,JK1101B9KMV4RF,Hitachi HDS722020ALA330,2000398934016,0,,0,,,,,,,,0,,,,,,22862,,,,,,,,,,,,,,,,,,,,,,,,,,,,,,30,,,,,,0,,,,,,,,,,,,,,,,,,,,,,,,,,,,
2013-12-11,6XW00ZJY,ST31500541AS,1500301910016,0,,216707607,,,,,,,,0,,,,,,36064,,,,,,,,,,,,,,,,,,,,,,,,,,,,,,19,,,,,,0,,,,,,,,,,,,,,,,,,,,,,,,,,,,
2013-12-11,Z300GPRC,ST4000DM000,4000787030016,0,,43720272,,,,,,,,0,,,,,,3582,,,,,,,,,,,,,,,,,,,,,,,,,,,,,,22,,,,,,0,,,,,,,,,,,,,,,,,,,,,,,,,,,,
2013-12-11,Z300GPRA,ST4000DM000,4000787030016,0,,242931672,,,,,,,,64,,,,,,3625,,,,,,,,,,,,,,,,,,,,,,,,,,,,,,22,,,,,,0,,,,,,,,,,,,,,,,,,,,,,,,,,,,
2013-12-11,MJ0351YNG9VVUA,Hitachi HDS5C3030ALA630,3000592982016,0,,0,,,,,,,,0,,,,,,9899,,,,,,,,,,,,,,,,,,,,,,,,,,,,,,30,,,,,,0,,,,,,,,,,,,,,,,,,,,,,,,,,,,
2013-12-11,Z300GPRK,ST4000DM000,4000787030016,0,,171388008,,,,,,,,0,,,,,,3583,,,,,,,,,,,,,,,,,,,,,,,,,,,,,,23,,,,,,0,,,,,,,,,,,,,,,,,,,,,,,,,,,,
2013-12-11,6XW00EL3,ST31500541AS,1500301910016,0,,168989081,,,,,,,,0,,,,,,37145,,,,,,,,,,,,,,,,,,,,,,,,,,,,,,20,,,,,,0,,,,,,,,,,,,,,,,,,,,,,,,,,,,
2013-12-11,W300A6G2,ST4000DM000,4000787030016,0,,116900320,,,,,,,,0,,,,,,4289,,,,,,,,,,,,,,,,,,,,,,,,,,,,,,24,,,,,,0,,,,,,,,,,,,,,,,,,,,,,,,,,,,
2013-12-11,PL1311LAG3980H,Hitachi HDS5C4040ALE630,4000787030016,0,,0,,,,,,,,0,,,,,,5125,,,,,,,,,,,,,,,,,,,,,,,,,,,,,,27,,,,,,0,,,,,,,,,,,,,,,,,,,,,,,,,,,,
2013-12-11,JK1101B9KN7V9F,Hitachi HDS722020ALA330,2000398934016,0,,65536,,,,,,,,0,,,,,,22955,,,,,,,,,,,,,,,,,,,,,,,,,,,,,,24,,,,,,0,,,,,,,,,,,,,,,,,,,,,,,,,,,,
2013-12-11,PL2311LAG1R6ZC,Hitachi HDS5C4040ALE630,4000787030016,0,,0,,,,,,,,0,,,,,,7413,,,,,,,,,,,,,,,,,,,,,,,,,,,,,,21,,,,,,0,,,,,,,,,,,,,,,,,,,,,,,,,,,,
2013-12-11,6XW0EGD6,ST31500541AS,1500301910016,0,,167635156,,,,,,,,0,,,,,,33129,,,,,,,,,,,,,,,,,,,,,,,,,,,,,,16,,,,,,0,,,,,,,,,,,,,,,,,,,,,,,,,,,,
2013-12-11,JK1101B9GDKM8F,Hitachi HDS722020ALA330,2000398934016,0,,0,,,,,,,,0,,,,,,27159,,,,,,,,,,,,,,,,,,,,,,,,,,,,,,26,,,,,,0,,,,,,,,,,,,,,,,,,,,,,,,,,,,
2013-12-11,JK1101B9GE926F,Hitachi HDS722020ALA330,2000398934016,0,,1,,,,,,,,0,,,,,,27542,,,,,,,,,,,,,,,,,,,,,,,,,,,,,,25,,,,,,0,,,,,,,,,,,,,,,,,,,,,,,,,,,,
2013-12-11,W1F0X711,ST3000DM001,3000592982016,0,,155392760,,,,,,,,0,,,,,,11685,,,,,,,,,,,,,,,,,,,,,,,,,,,,,,28,,,,,,0,,,,,,,,,,,,,,,,,,,,,,,,,,,,
2013-12-11,MJ1311YNG5MBAA,Hitachi HDS5C3030ALA630,3000592982016,0,,0,,,,,,,,0,,,,,,14288,,,,,,,,,,,,,,,,,,,,,,,,,,,,,,33,,,,,,0,,,,,,,,,,,,,,,,,,,,,,,,,,,,
2013-12-11,MJ1311YNG3K2PA,Hitachi HDS5C3030ALA630,3000592982016,0,,0,,,,,,,,0,,,,,,18066,,,,,,,,,,,,,,,,,,,,,,,,,,,,,,26,,,,,,0,,,,,,,,,,,,,,,,,,,,,,,,,,,,
2013-12-11,MJ0351YNG9VZ9A,Hitachi HDS5C3030ALA630,3000592982016,0,,0,,,,,,,,0,,,,,,9974,,,,,,,,,,,,,,,,,,,,,,,,,,,,,,24,,,,,,0,,,,,,,,,,,,,,,,,,,,,,,,,,,,
2013-12-11,JK11A8B9J6KXNF,Hitachi HDS722020ALA330,2000398934016,0,,0,,,,,,,,0,,,,,,23511,,,,,,,,,,,,,,,,,,,,,,,,,,,,,,28,,,,,,0,,,,,,,,,,,,,,,,,,,,,,,,,,,,
2013-12-11,W300B10S,ST4000DM000,4000787030016,0,,170351400,,,,,,,,0,,,,,,4353,,,,,,,,,,,,,,,,,,,,,,,,,,,,,,25,,,,,,0,,,,,,,,,,,,,,,,,,,,,,,,,,,,
2013-12-11,JK1101B9KGL1AT,Hitachi HDS722020ALA330,2000398934016,0,,0,,,,,,,,0,,,,,,23098,,,,,,,,,,,,,,,,,,,,,,,,,,,,,,27,,,,,,0,,,,,,,,,,,,,,,,,,,,,,,,,,,,
2013-12-11,JK11A8B9J37PUF,Hitachi HDS722020ALA330,2000398934016,0,,0,,,,,,,,0,,,,,,24431,,,,,,,,,,,,,,,,,,,,,,,,,,,,,,27,,,,,,0,,,,,,,,,,,,,,,,,,,,,,,,,,,,
2013-12-11,6XW042FK,ST31500541AS,1500301910016,0,,154293328,,,,,,,,0,,,,,,37069,,,,,,,,,,,,,,,,,,,,,,,,,,,,,,24,,,,,,0,,,,,,,,,,,,,,,,,,,,,,,,,,,,
2013-12-11,WD-WCAWZ1327123,WDC WD30EZRX,3000592982016,0,,1,,,,,,,,0,,,,,,16124,,,,,,,,,,,,,,,,,,,,,,,,,,,,,,23,,,,,,0,,,,,,,,,,,,,,,,,,,,,,,,,,,,
2013-12-11,Z300MVG7,ST4000DM000,4000787030016,0,,146099960,,,,,,,,0,,,,,,1228,,,,,,,,,,,,,,,,,,,,,,,,,,,,,,18,,,,,,0,,,,,,,,,,,,,,,,,,,,,,,,,,,,
2013-12-11,MJ0351YNGA62SA,Hitachi HDS5C3030ALA630,3000592982016,0,,0,,,,,,,,0,,,,,,9129,,,,,,,,,,,,,,,,,,,,,,,,,,,,,,28,,,,,,0,,,,,,,,,,,,,,,,,,,,,,,,,,,,
2013-12-11,MJ1311YNG6UZ5A,Hitachi HDS5C3030ALA630,3000592982016,0,,0,,,,,,,,0,,,,,,14682,,,,,,,,,,,,,,,,,,,,,,,,,,,,,,21,,,,,,0,,,,,,,,,,,,,,,,,,,,,,,,,,,,
2013-12-11,Z300WX0V,ST4000DM000,4000787030016,0,,220456464,,,,,,,,0,,,,,,108,,,,,,,,,,,,,,,,,,,,,,,,,,,,,,20,,,,,,0,,,,,,,,,,,,,,,,,,,,,,,,,,,,
2013-12-11,WD-WCAU47625852,WDC WD10EADS,1000204886016,0,,21,,,,,,,,0,,,,,,40467,,,,,,,,,,,,,,,,,,,,,,,,,,,,,,29,,,,,,0,,,,,,,,,,,,,,,,,,,,,,,,,,,,
2013-12-11,WD-WCAU47625851,WDC WD10EADS,1000204886016,0,,1,,,,,,,,0,,,,,,40533,,,,,,,,,,,,,,,,,,,,,,,,,,,,,,29,,,,,,0,,,,,,,,,,,,,,,,,,,,,,,,,,,,
2013-12-11,Z1F04V6J,ST3000DM001,3000592982016,0,,18078744,,,,,,,,0,,,,,,17062,,,,,,,,,,,,,,,,,,,,,,,,,,,,,,29,,,,,,0,,,,,,,,,,,,,,,,,,,,,,,,,,,,
2013-12-11,6XW03V33,ST31500541AS,1500301910016,0,,35810187,,,,,,,,0,,,,,,37054,,,,,,,,,,,,,,,,,,,,,,,,,,,,,,23,,,,,,0,,,,,,,,,,,,,,,,,,,,,,,,,,,,
2013-12-11,JK1101B9GEE9HT,Hitachi HDS722020ALA330,2000398934016,0,,0,,,,,,,,0,,,,,,27540,,,,,,,,,,,,,,,,,,,,,,,,,,,,,,26,,,,,,0,,,,,,,,,,,,,,,,,,,,,,,,,,,,
2013-12-11,PL1311LAG23VHA,Hitachi HDS5C4040ALE630,4000787030016,0,,0,,,,,,,,0,,,,,,7457,,,,,,,,,,,,,,,,,,,,,,,,,,,,,,28,,,,,,0,,,,,,,,,,,,,,,,,,,,,,,,,,,,
2013-12-11,6XW0XXPX,ST31500541AS,1500301910016,0,,38422043,,,,,,,,0,,,,,,34173,,,,,,,,,,,,,,,,,,,,,,,,,,,,,,20,,,,,,0,,,,,,,,,,,,,,,,,,,,,,,,,,,,
2013-12-11,W1F29ZQF,ST3000DM001,3000592982016,0,,116027176,,,,,,,,0,,,,,,5717,,,,,,,,,,,,,,,,,,,,,,,,,,,,,,22,,,,,,0,,,,,,,,,,,,,,,,,,,,,,,,,,,,
2013-12-11,MJ0351YNG9Z5WA,Hitachi HDS5C3030ALA630,3000592982016,0,,0,,,,,,,,0,,,,,,9483,,,,,,,,,,,,,,,,,,,,,,,,,,,,,,30,,,,,,0,,,,,,,,,,,,,,,,,,,,,,,,,,,,
2013-12-11,W1F0Q9XN,ST3000DM001,3000592982016,0,,167270096,,,,,,,,0,,,,,,12617,,,,,,,,,,,,,,,,,,,,,,,,,,,,,,25,,,,,,0,,,,,,,,,,,,,,,,,,,,,,,,,,,,
2013-12-11,JK1105B8GDVD7X,Hitachi HDS722020ALA330,2000398934016,0,,65543,,,,,,,,885,,,,,,26859,,,,,,,,,,,,,,,,,,,,,,,,,,,,,,32,,,,,,8,,,,,,,,,,,,,,,,,,,,,,,,,,,,
2013-12-11,Z1Z03ERE,ST4000DX000,4000787030016,0,,89165761,,,,,,,,0,,,,,,7130,,,,,,,,,,,,,,,,,,,,,,,,,,,,,,36,,,,,,0,,,,,,,,,,,,,,,,,,,,,,,,,,,,
2013-12-11,MJ1321YNG0SGWA,Hitachi HDS5C3030ALA630,3000592982016,0,,0,,,,,,,,0,,,,,,19310,,,,,,,,,,,,,,,,,,,,,,,,,,,,,,25,,,,,,0,,,,,,,,,,,,,,,,,,,,,,,,,,,,
2013-12-11,Z300P969,ST4000DM000,4000787030016,0,,193020848,,,,,,,,0,,,,,,1451,,,,,,,,,,,,,,,,,,,,,,,,,,,,,,25,,,,,,0,,,,,,,,,,,,,,,,,,,,,,,,,,,,
2013-12-11,MK0311YHGJZP4A,Hitachi HDS723030ALA640,3000592982016,0,,0,,,,,,,,0,,,,,,16735,,,,,,,,,,,,,,,,,,,,,,,,,,,,,,27,,,,,,0,,,,,,,,,,,,,,,,,,,,,,,,,,,,
2013-12-11,W300A9J0,ST4000DM000,4000787030016,0,,136202480,,,,,,,,0,,,,,,1665,,,,,,,,,,,,,,,,,,,,,,,,,,,,,,24,,,,,,0,,,,,,,,,,,,,,,,,,,,,,,,,,,,
2013-12-11,W300DF8H,ST4000DM000,4000787030016,0,,75824336,,,,,,,,0,,,,,,4290,,,,,,,,,,,,,,,,,,,,,,,,,,,,,,23,,,,,,0,,,,,,,,,,,,,,,,,,,,,,,,,,,,
2013-12-11,MJ0351YNG9S2UA,Hitachi HDS5C3030ALA630,3000592982016,0,,0,,,,,,,,0,,,,,,8659,,,,,,,,,,,,,,,,,,,,,,,,,,,,,,28,,,,,,0,,,,,,,,,,,,,,,,,,,,,,,,,,,,
2013-12-11,JK11A8B9J3AN1F,Hitachi HDS722020ALA330,2000398934016,0,,0,,,,,,,,0,,,,,,23710,,,,,,,,,,,,,,,,,,,,,,,,,,,,,,32,,,,,,0,,,,,,,,,,,,,,,,,,,,,,,,,,,,
2013-12-11,9XW01YME,ST31500541AS,1500301910016,0,,101084524,,,,,,,,0,,,,,,35026,,,,,,,,,,,,,,,,,,,,,,,,,,,,,,21,,,,,,0,,,,,,,,,,,,,,,,,,,,,,,,,,,,
2013-12-11,S1F0DSTY,ST3000DM001,3000592982016,0,,104993504,,,,,,,,0,,,,,,12318,,,,,,,,,,,,,,,,,,,,,,,,,,,,,,29,,,,,,0,,,,,,,,,,,,,,,,,,,,,,,,,,,,
2013-12-11,Z1F14Z4F,ST3000DM001,3000592982016,0,,16981552,,,,,,,,0,,,,,,8166,,,,,,,,,,,,,,,,,,,,,,,,,,,,,,28,,,,,,0,,,,,,,,,,,,,,,,,,,,,,,,,,,,
2013-12-11,JK11A8B9J8636F,Hitachi HDS722020ALA330,2000398934016,0,,0,,,,,,,,0,,,,,,25120,,,,,,,,,,,,,,,,,,,,,,,,,,,,,,32,,,,,,0,,,,,,,,,,,,,,,,,,,,,,,,,,,,
2013-12-11,Z300CNJ0,ST4000DM000,4000787030016,0,,187274264,,,,,,,,0,,,,,,2843,,,,,,,,,,,,,,,,,,,,,,,,,,,,,,21,,,,,,0,,,,,,,,,,,,,,,,,,,,,,,,,,,,
2013-12-11,6XW0TJ15,ST31500541AS,1500301910016,0,,165515005,,,,,,,,0,,,,,,16050,,,,,,,,,,,,,,,,,,,,,,,,,,,,,,22,,,,,,0,,,,,,,,,,,,,,,,,,,,,,,,,,,,
2013-12-11,JK11A8B9J7ML9F,Hitachi HDS722020ALA330,2000398934016,0,,65537,,,,,,,,0,,,,,,24545,,,,,,,,,,,,,,,,,,,,,,,,,,,,,,27,,,,,,0,,,,,,,,,,,,,,,,,,,,,,,,,,,,
2013-12-11,W300B737,ST4000DM000,4000787030016,0,,94061504,,,,,,,,0,,,,,,4140,,,,,,,,,,,,,,,,,,,,,,,,,,,,,,25,,,,,,0,,,,,,,,,,,,,,,,,,,,,,,,,,,,
2013-12-11,JK1101B9JKMX9F,Hitachi HDS722020ALA330,2000398934016,0,,0,,,,,,,,0,,,,,,23991,,,,,,,,,,,,,,,,,,,,,,,,,,,,,,24,,,,,,0,,,,,,,,,,,,,,,,,,,,,,,,,,,,
2013-12-11,9XW01YM2,ST31500541AS,1500301910016,0,,129514296,,,,,,,,0,,,,,,35044,,,,,,,,,,,,,,,,,,,,,,,,,,,,,,19,,,,,,0,,,,,,,,,,,,,,,,,,,,,,,,,,,,
2013-12-11,9XW01YM0,ST31500541AS,1500301910016,0,,218139795,,,,,,,,0,,,,,,35653,,,,,,,,,,,,,,,,,,,,,,,,,,,,,,19,,,,,,0,,,,,,,,,,,,,,,,,,,,,,,,,,,,
2013-12-11,Z300P96B,ST4000DM000,4000787030016,0,,88017360,,,,,,,,0,,,,,,1094,,,,,,,,,,,,,,,,,,,,,,,,,,,,,,20,,,,,,0,,,,,,,,,,,,,,,,,,,,,,,,,,,,
2013-12-11,6XW01V7Q,ST31500541AS,1500301910016,0,,88829446,,,,,,,,0,,,,,,37436,,,,,,,,,,,,,,,,,,,,,,,,,,,,,,24,,,,,,0,,,,,,,,,,,,,,,,,,,,,,,,,,,,
2013-12-11,Z300P96A,ST4000DM000,4000787030016,0,,82133944,,,,,,,,0,,,,,,1445,,,,,,,,,,,,,,,,,,,,,,,,,,,,,,27,,,,,,0,,,,,,,,,,,,,,,,,,,,,,,,,,,,
2013-12-11,WD-WCC070196330,WDC WD30EZRX,3000592982016,0,,0,,,,,,,,0,,,,,,8610,,,,,,,,,,,,,,,,,,,,,,,,,,,,,,23,,,,,,0,,,,,,,,,,,,,,,,,,,,,,,,,,,,
2013-12-11,Z300P96K,ST4000DM000,4000787030016,0,,87218256,,,,,,,,0,,,,,,1450,,,,,,,,,,,,,,,,,,,,,,,,,,,,,,22,,,,,,0,,,,,,,,,,,,,,,,,,,,,,,,,,,,
2013-12-11,Z300P96H,ST4000DM000,4000787030016,0,,46784352,,,,,,,,0,,,,,,1450,,,,,,,,,,,,,,,,,,,,,,,,,,,,,,23,,,,,,0,,,,,,,,,,,,,,,,,,,,,,,,,,,,
2013-12-11,MJ1311YNG081NA,Hitachi HDS5C3030ALA630,3000592982016,0,,0,,,,,,,,0,,,,,,20498,,,,,,,,,,,,,,,,,,,,,,,,,,,,,,31,,,,,,0,,,,,,,,,,,,,,,,,,,,,,,,,,,,
2013-12-11,9VS1ECPT,ST31500341AS,1500301910016,0,,103323457,,,,,,,,1365,,,,,,38836,,,,,,,,,,,,,,,,,,,,,,,,,,,,,,25,,,,,,0,,,,,,,,,,,,,,,,,,,,,,,,,,,,
2013-12-11,MK0333YHGRLTNC,Hitachi HDS723030ALA640,3000592982016,0,,0,,,,,,,,3,,,,,,17032,,,,,,,,,,,,,,,,,,,,,,,,,,,,,,28,,,,,,0,,,,,,,,,,,,,,,,,,,,,,,,,,,,
2013-12-11,Z290VJ50,ST33000651AS,3000592982016,0,,23429784,,,,,,,,0,,,,,,15916,,,,,,,,,,,,,,,,,,,,,,,,,,,,,,29,,,,,,0,,,,,,,,,,,,,,,,,,,,,,,,,,,,
2013-12-11,PL1311LAG1SHPA,Hitachi HDS5C4040ALE630,4000787030016,0,,0,,,,,,,,0,,,,,,5186,,,,,,,,,,,,,,,,,,,,,,,,,,,,,,27,,,,,,0,,,,,,,,,,,,,,,,,,,,,,,,,,,,
2013-12-11,9VS3HQ6W,ST31500341AS,1500301910016,0,,83287083,,,,,,,,476,,,,,,32873,,,,,,,,,,,,,,,,,,,,,,,,,,,,,,23,,,,,,0,,,,,,,,,,,,,,,,,,,,,,,,,,,,
2013-12-11,W300K22F,ST4000DM000,4000787030016,0,,143426464,,,,,,,,0,,,,,,919,,,,,,,,,,,,,,,,,,,,,,,,,,,,,,21,,,,,,0,,,,,,,,,,,,,,,,,,,,,,,,,,,,
2013-12-11,Z300CPA7,ST4000DM000,4000787030016,0,,117449848,,,,,,,,0,,,,,,2241,,,,,,,,,,,,,,,,,,,,,,,,,,,,,,22,,,,,,0,,,,,,,,,,,,,,,,,,,,,,,,,,,,
2013-12-11,9VS28B1L,ST31500341AS,1500301910016,0,,189115260,,,,,,,,36,,,,,,38482,,,,,,,,,,,,,,,,,,,,,,,,,,,,,,24,,,,,,0,,,,,,,,,,,,,,,,,,,,,,,,,,,,
2013-12-11,PL1311LAG38UBH,Hitachi HDS5C4040ALE630,4000787030016,0,,0,,,,,,,,0,,,,,,6614,,,,,,,,,,,,,,,,,,,,,,,,,,,,,,26,,,,,,0,,,,,,,,,,,,,,,,,,,,,,,,,,,,
2013-12-11,MJ1311YNG61JEA,Hitachi HDS5C3030ALA630,3000592982016,0,,1,,,,,,,,0,,,,,,14621,,,,,,,,,,,,,,,,,,,,,,,,,,,,,,24,,,,,,0,,,,,,,,,,,,,,,,,,,,,,,,,,,,
2013-12-11,MJ1311YNG308UA,Hitachi HDS5C3030ALA630,3000592982016,0,,0,,,,,,,,0,,,,,,18065,,,,,,,,,,,,,,,,,,,,,,,,,,,,,,21,,,,,,0,,,,,,,,,,,,,,,,,,,,,,,,,,,,
2013-12-11,MJ1321YNG0J4GA,Hitachi HDS5C3030ALA630,3000592982016,0,,524288,,,,,,,,0,,,,,,20479,,,,,,,,,,,,,,,,,,,,,,,,,,,,,,27,,,,,,0,,,,,,,,,,,,,,,,,,,,,,,,,,,,
2013-12-11,5YD9RK7W,ST1500DL003,1500301910016,0,,9073104,,,,,,,,0,,,,,,5048,,,,,,,,,,,,,,,,,,,,,,,,,,,,,,22,,,,,,0,,,,,,,,,,,,,,,,,,,,,,,,,,,,
2013-12-11,MK0311YHG9ZT9A,Hitachi HDS723030ALA640,3000592982016,0,,0,,,,,,,,0,,,,,,16683,,,,,,,,,,,,,,,,,,,,,,,,,,,,,,30,,,,,,0,,,,,,,,,,,,,,,,,,,,,,,,,,,,
2013-12-11,6XW0W9C8,ST31500541AS,1500301910016,0,,193482541,,,,,,,,0,,,,,,12930,,,,,,,,,,,,,,,,,,,,,,,,,,,,,,20,,,,,,0,,,,,,,,,,,,,,,,,,,,,,,,,,,,
2013-12-11,S1F0QXS4,ST3000DM001,3000592982016,0,,55998856,,,,,,,,0,,,,,,11620,,,,,,,,,,,,,,,,,,,,,,,,,,,,,,23,,,,,,0,,,,,,,,,,,,,,,,,,,,,,,,,,,,
2013-12-11,MJ0351YNG9U8WA,Hitachi HDS5C3030ALA630,3000592982016,0,,0,,,,,,,,0,,,,,,9142,,,,,,,,,,,,,,,,,,,,,,,,,,,,,,27,,,,,,0,,,,,,,,,,,,,,,,,,,,,,,,,,,,
2013-12-11,W1F083VQ,ST3000DM001,3000592982016,0,,4837912,,,,,,,,25088,,,,,,12840,,,,,,,,,,,,,,,,,,,,,,,,,,,,,,26,,,,,,0,,,,,,,,,,,,,,,,,,,,,,,,,,,,
2013-12-11,JK1101YAK6ABBV,Hitachi HDS722020ALA330,2000398934016,0,,0,,,,,,,,0,,,,,,29210,,,,,,,,,,,,,,,,,,,,,,,,,,,,,,30,,,,,,0,,,,,,,,,,,,,,,,,,,,,,,,,,,,
2013-12-11,S1F00VGT,ST3000DM001,3000592982016,0,,44177160,,,,,,,,0,,,,,,16198,,,,,,,,,,,,,,,,,,,,,,,,,,,,,,26,,,,,,8,,,,,,,,,,,,,,,,,,,,,,,,,,,,
2013-12-11,MJ1311YNG7KSXA,Hitachi HDS5C3030ALA630,3000592982016,0,,0,,,,,,,,0,,,,,,14680,,,,,,,,,,,,,,,,,,,,,,,,,,,,,,26,,,,,,0,,,,,,,,,,,,,,,,,,,,,,,,,,,,
2013-12-11,MJ0351YNG9TGEA,Hitachi HDS5C3030ALA630,3000592982016,0,,0,,,,,,,,0,,,,,,9999,,,,,,,,,,,,,,,,,,,,,,,,,,,,,,35,,,,,,0,,,,,,,,,,,,,,,,,,,,,,,,,,,,
2013-12-11,MK0331YHGHEH6A,Hitachi HDS723030ALA640,3000592982016,0,,0,,,,,,,,0,,,,,,16735,,,,,,,,,,,,,,,,,,,,,,,,,,,,,,26,,,,,,0,,,,,,,,,,,,,,,,,,,,,,,,,,,,
2013-12-11,W1F1CMCY,ST3000DM001,3000592982016,0,,127123976,,,,,,,,0,,,,,,7992,,,,,,,,,,,,,,,,,,,,,,,,,,,,,,17,,,,,,0,,,,,,,,,,,,,,,,,,,,,,,,,,,,
2013-12-11,S1F0T2PA,ST3000DM001,3000592982016,0,,137767072,,,,,,,,0,,,,,,10835,,,,,,,,,,,,,,,,,,,,,,,,,,,,,,34,,,,,,0,,,,,,,,,,,,,,,,,,,,,,,,,,,,
2013-12-11,PL1311LAG3DPHH,Hitachi HDS5C4040ALE630,4000787030016,0,,0,,,,,,,,0,,,,,,5036,,,,,,,,,,,,,,,,,,,,,,,,,,,,,,28,,,,,,0,,,,,,,,,,,,,,,,,,,,,,,,,,,,
2013-12-11,MJ1323YNG0ZX0C,Hitachi HDS5C3030ALA630,3000592982016,0,,0,,,,,,,,0,,,,,,18067,,,,,,,,,,,,,,,,,,,,,,,,,,,,,,26,,,,,,0,,,,,,,,,,,,,,,,,,,,,,,,,,,,
2013-12-11,MJ1311YNG3D2KA,Hitachi HDS5C3030ALA630,3000592982016,0,,0,,,,,,,,0,,,,,,19251,,,,,,,,,,,,,,,,,,,,,,,,,,,,,,25,,,,,,0,,,,,,,,,,,,,,,,,,,,,,,,,,,,
2013-12-11,MJ1311YNG6Y5NA,Hitachi HDS5C3030ALA630,3000592982016,0,,0,,,,,,,,0,,,,,,14685,,,,,,,,,,,,,,,,,,,,,,,,,,,,,,20,,,,,,0,,,,,,,,,,,,,,,,,,,,,,,,,,,,
2013-12-11,W1F09YQL,ST3000DM001,3000592982016,0,,76026080,,,,,,,,0,,,,,,13372,,,,,,,,,,,,,,,,,,,,,,,,,,,,,,24,,,,,,0,,,,,,,,,,,,,,,,,,,,,,,,,,,,
2013-12-11,JK11A8B9J2YUKF,Hitachi HDS722020ALA330,2000398934016,0,,0,,,,,,,,0,,,,,,24398,,,,,,,,,,,,,,,,,,,,,,,,,,,,,,26,,,,,,0,,,,,,,,,,,,,,,,,,,,,,,,,,,,
2013-12-11,JK11A8B9J0UXLF,Hitachi HDS722020ALA330,2000398934016,0,,0,,,,,,,,0,,,,,,26144,,,,,,,,,,,,,,,,,,,,,,,,,,,,,,29,,,,,,0,,,,,,,,,,,,,,,,,,,,,,,,,,,,
2013-12-11,S1F09RB5,ST3000DM001,3000592982016,0,,43278472,,,,,,,,0,,,,,,12396,,,,,,,,,,,,,,,,,,,,,,,,,,,,,,23,,,,,,32,,,,,,,,,,,,,,,,,,,,,,,,,,,,
2013-12-11,9VS3HP0C,ST31500341AS,1500301910016,0,,96555819,,,,,,,,6,,,,,,32747,,,,,,,,,,,,,,,,,,,,,,,,,,,,,,25,,,,,,0,,,,,,,,,,,,,,,,,,,,,,,,,,,,
2013-12-11,9VS1ZVAA,ST31500341AS,1500301910016,0,,173438346,,,,,,,,4,,,,,,39095,,,,,,,,,,,,,,,,,,,,,,,,,,,,,,26,,,,,,0,,,,,,,,,,,,,,,,,,,,,,,,,,,,
2013-12-11,PL1311LAG20HZA,Hitachi HDS5C4040ALE630,4000787030016,0,,0,,,,,,,,0,,,,,,7457,,,,,,,,,,,,,,,,,,,,,,,,,,,,,,26,,,,,,0,,,,,,,,,,,,,,,,,,,,,,,,,,,,
2013-12-11,PL2311LAG1TX8C,Hitachi HDS5C4040ALE630,4000787030016,0,,0,,,,,,,,0,,,,,,7415,,,,,,,,,,,,,,,,,,,,,,,,,,,,,,23,,,,,,0,,,,,,,,,,,,,,,,,,,,,,,,,,,,
2013-12-11,JK1105B8GB07PX,Hitachi HDS722020ALA330,2000398934016,0,,1,,,,,,,,0,,,,,,27168,,,,,,,,,,,,,,,,,,,,,,,,,,,,,,32,,,,,,0,,,,,,,,,,,,,,,,,,,,,,,,,,,,
2013-12-11,PL1331LAGB5D3H,Hitachi HDS5C4040ALE630,4000787030016,0,,0,,,,,,,,0,,,,,,2981,,,,,,,,,,,,,,,,,,,,,,,,,,,,,,24,,,,,,0,,,,,,,,,,,,,,,,,,,,,,,,,,,,
2013-12-11,6XW0DJ3C,ST31500541AS,1500301910016,0,,40935403,,,,,,,,0,,,,,,27960,,,,,,,,,,,,,,,,,,,,,,,,,,,,,,17,,,,,,0,,,,,,,,,,,,,,,,,,,,,,,,,,,,
2013-12-11,JK1101B9JNANVU,Hitachi HDS722020ALA330,2000398934016,0,,1,,,,,,,,0,,,,,,23990,,,,,,,,,,,,,,,,,,,,,,,,,,,,,,23,,,,,,0,,,,,,,,,,,,,,,,,,,,,,,,,,,,
2013-12-11,S1F0S4BK,ST3000DM001,3000592982016,0,,178553592,,,,,,,,0,,,,,,10471,,,,,,,,,,,,,,,,,,,,,,,,,,,,,,24,,,,,,0,,,,,,,,,,,,,,,,,,,,,,,,,,,,
2013-12-11,JK11A8B9J3BHTF,Hitachi HDS722020ALA330,2000398934016,0,,0,,,,,,,,14,,,,,,24431,,,,,,,,,,,,,,,,,,,,,,,,,,,,,,28,,,,,,0,,,,,,,,,,,,,,,,,,,,,,,,,,,,
2013-12-11,MJ1311YNG029GA,Hitachi HDS5C3030ALA630,3000592982016,0,,0,,,,,,,,0,,,,,,14288,,,,,,,,,,,,,,,,,,,,,,,,,,,,,,30,,,,,,0,,,,,,,,,,,,,,,,,,,,,,,,,,,,
2013-12-11,MJ0351YNGA5V1A,Hitachi HDS5C3030ALA630,3000592982016,0,,0,,,,,,,,0,,,,,,8639,,,,,,,,,,,,,,,,,,,,,,,,,,,,,,28,,,,,,0,,,,,,,,,,,,,,,,,,,,,,,,,,,,
2013-12-11,JK1131YAHLDEPV,Hitachi HDS722020ALA330,2000398934016,0,,262146,,,,,,,,0,,,,,,30169,,,,,,,,,,,,,,,,,,,,,,,,,,,,,,30,,,,,,0,,,,,,,,,,,,,,,,,,,,,,,,,,,,
2013-12-11,Z1F0LLKR,ST3000DM001,3000592982016,0,,177040352,,,,,,,,0,,,,,,12322,,,,,,,,,,,,,,,,,,,,,,,,,,,,,,27,,,,,,0,,,,,,,,,,,,,,,,,,,,,,,,,,,,
2013-12-11,S1F0CW4X,ST3000DM001,3000592982016,0,,45673528,,,,,,,,0,,,,,,12396,,,,,,,,,,,,,,,,,,,,,,,,,,,,,,27,,,,,,0,,,,,,,,,,,,,,,,,,,,,,,,,,,,
2013-12-11,Z290W27V,ST33000651AS,3000592982016,0,,105029973,,,,,,,,0,,,,,,15604,,,,,,,,,,,,,,,,,,,,,,,,,,,,,,26,,,,,,0,,,,,,,,,,,,,,,,,,,,,,,,,,,,
2013-12-11,JK11A8B9J7YJ3F,Hitachi HDS722020ALA330,2000398934016,0,,0,,,,,,,,0,,,,,,24913,,,,,,,,,,,,,,,,,,,,,,,,,,,,,,31,,,,,,0,,,,,,,,,,,,,,,,,,,,,,,,,,,,
2013-12-11,Z1F0LLKC,ST3000DM001,3000592982016,0,,76529472,,,,,,,,0,,,,,,11654,,,,,,,,,,,,,,,,,,,,,,,,,,,,,,25,,,,,,0,,,,,,,,,,,,,,,,,,,,,,,,,,,,
2013-12-11,WD-WCAU47758345,WDC WD10EADS,1000204886016,0,,0,,,,,,,,0,,,,,,40485,,,,,,,,,,,,,,,,,,,,,,,,,,,,,,27,,,,,,0,,,,,,,,,,,,,,,,,,,,,,,,,,,,
2013-12-11,MK0333YHGP58PC,Hitachi HDS723030ALA640,3000592982016,0,,0,,,,,,,,0,,,,,,17762,,,,,,,,,,,,,,,,,,,,,,,,,,,,,,27,,,,,,0,,,,,,,,,,,,,,,,,,,,,,,,,,,,
2013-12-11,Z1F0LLKF,ST3000DM001,3000592982016,0,,166751624,,,,,,,,0,,,,,,10943,,,,,,,,,,,,,,,,,,,,,,,,,,,,,,22,,,,,,0,,,,,,,,,,,,,,,,,,,,,,,,,,,,
2013-12-11,JK11A8B9J7PHGF,Hitachi HDS722020ALA330,2000398934016,0,,0,,,,,,,,0,,,,,,25540,,,,,,,,,,,,,,,,,,,,,,,,,,,,,,29,,,,,,0,,,,,,,,,,,,,,,,,,,,,,,,,,,,
2013-12-11,Z300KCL7,ST4000DM000,4000787030016,0,,159240472,,,,,,,,0,,,,,,2216,,,,,,,,,,,,,,,,,,,,,,,,,,,,,,19,,,,,,0,,,,,,,,,,,,,,,,,,,,,,,,,,,,
2013-12-11,Z300WWFF,ST4000DM000,4000787030016,0,,34696944,,,,,,,,0,,,,,,948,,,,,,,,,,,,,,,,,,,,,,,,,,,,,,21,,,,,,0,,,,,,,,,,,,,,,,,,,,,,,,,,,,
2013-12-11,5XW05GQM,ST31500541AS,1500301910016,0,,67421405,,,,,,,,0,,,,,,30721,,,,,,,,,,,,,,,,,,,,,,,,,,,,,,20,,,,,,0,,,,,,,,,,,,,,,,,,,,,,,,,,,,
2013-12-11,PL2321LAGASN7J,Hitachi HDS5C4040ALE630,4000787030016,0,,0,,,,,,,,0,,,,,,5075,,,,,,,,,,,,,,,,,,,,,,,,,,,,,,26,,,,,,0,,,,,,,,,,,,,,,,,,,,,,,,,,,,
2013-12-11,6XW1D4J5,ST32000542AS,2000398934016,0,,188904410,,,,,,,,0,,,,,,21151,,,,,,,,,,,,,,,,,,,,,,,,,,,,,,18,,,,,,0,,,,,,,,,,,,,,,,,,,,,,,,,,,,
2013-12-11,Z300KCLC,ST4000DM000,4000787030016,0,,204795200,,,,,,,,0,,,,,,2239,,,,,,,,,,,,,,,,,,,,,,,,,,,,,,20,,,,,,0,,,,,,,,,,,,,,,,,,,,,,,,,,,,
2013-12-11,MJ0351YNG9ZH7A,Hitachi HDS5C3030ALA630,3000592982016,0,,0,,,,,,,,0,,,,,,9719,,,,,,,,,,,,,,,,,,,,,,,,,,,,,,31,,,,,,0,,,,,,,,,,,,,,,,,,,,,,,,,,,,
2013-12-11,JK1101B9J3L56F,Hitachi HDS722020ALA330,2000398934016,0,,3,,,,,,,,0,,,,,,23105,,,,,,,,,,,,,,,,,,,,,,,,,,,,,,24,,,,,,0,,,,,,,,,,,,,,,,,,,,,,,,,,,,
2013-12-11,Z1F0LSNZ,ST3000DM001,3000592982016,0,,54618520,,,,,,,,0,,,,,,12017,,,,,,,,,,,,,,,,,,,,,,,,,,,,,,27,,,,,,0,,,,,,,,,,,,,,,,,,,,,,,,,,,,
2013-12-11,W3005MK6,ST4000DM000,4000787030016,0,,123161584,,,,,,,,0,,,,,,2893,,,,,,,,,,,,,,,,,,,,,,,,,,,,,,23,,,,,,0,,,,,,,,,,,,,,,,,,,,,,,,,,,,
2013-12-11,Z300KCLR,ST4000DM000,4000787030016,0,,52056136,,,,,,,,0,,,,,,1902,,,,,,,,,,,,,,,,,,,,,,,,,,,,,,25,,,,,,0,,,,,,,,,,,,,,,,,,,,,,,,,,,,
2013-12-11,6XW03BGR,ST31500541AS,1500301910016,0,,66193955,,,,,,,,0,,,,,,36063,,,,,,,,,,,,,,,,,,,,,,,,,,,,,,19,,,,,,0,,,,,,,,,,,,,,,,,,,,,,,,,,,,
2013-12-11,JK1101B9GE8N4F,Hitachi HDS722020ALA330,2000398934016,0,,0,,,,,,,,2,,,,,,26929,,,,,,,,,,,,,,,,,,,,,,,,,,,,,,25,,,,,,0,,,,,,,,,,,,,,,,,,,,,,,,,,,,
2013-12-11,JK11A8B9J926LF,Hitachi HDS722020ALA330,2000398934016,0,,0,,,,,,,,0,,,,,,24496,,,,,,,,,,,,,,,,,,,,,,,,,,,,,,28,,,,,,0,,,,,,,,,,,,,,,,,,,,,,,,,,,,
2013-12-11,JK11A8YBKYUWZF,Hitachi HDS722020ALA330,2000398934016,0,,0,,,,,,,,0,,,,,,27845,,,,,,,,,,,,,,,,,,,,,,,,,,,,,,28,,,,,,0,,,,,,,,,,,,,,,,,,,,,,,,,,,,
2013-12-11,6XW02EWA,ST31500541AS,1500301910016,0,,95720616,,,,,,,,0,,,,,,29113,,,,,,,,,,,,,,,,,,,,,,,,,,,,,,16,,,,,,0,,,,,,,,,,,,,,,,,,,,,,,,,,,,
2013-12-11,WD-WCAWZ0495776,WDC WD30EZRX,3000592982016,0,,0,,,,,,,,0,,,,,,14640,,,,,,,,,,,,,,,,,,,,,,,,,,,,,,23,,,,,,76,,,,,,,,,,,,,,,,,,,,,,,,,,,,
2013-12-11,PL1321LAG368TH,Hitachi HDS5C4040ALE630,4000787030016,0,,0,,,,,,,,0,,,,,,5058,,,,,,,,,,,,,,,,,,,,,,,,,,,,,,29,,,,,,0,,,,,,,,,,,,,,,,,,,,,,,,,,,,
2013-12-11,PL1311LAG3DSKH,Hitachi HDS5C4040ALE630,4000787030016,0,,0,,,,,,,,0,,,,,,6071,,,,,,,,,,,,,,,,,,,,,,,,,,,,,,19,,,,,,0,,,,,,,,,,,,,,,,,,,,,,,,,,,,
2013-12-11,PL1311LAG3A3JH,Hitachi HDS5C4040ALE630,4000787030016,0,,0,,,,,,,,0,,,,,,5962,,,,,,,,,,,,,,,,,,,,,,,,,,,,,,19,,,,,,0,,,,,,,,,,,,,,,,,,,,,,,,,,,,
2013-12-11,S1F136J0,ST3000DM001,3000592982016,0,,33792544,,,,,,,,0,,,,,,8208,,,,,,,,,,,,,,,,,,,,,,,,,,,,,,26,,,,,,0,,,,,,,,,,,,,,,,,,,,,,,,,,,,
2013-12-11,Z300K9JA,ST4000DM000,4000787030016,0,,153373040,,,,,,,,0,,,,,,2218,,,,,,,,,,,,,,,,,,,,,,,,,,,,,,24,,,,,,0,,,,,,,,,,,,,,,,,,,,,,,,,,,,
2013-12-11,W300CSV7,ST4000DM000,4000787030016,0,,100325264,,,,,,,,0,,,,,,4163,,,,,,,,,,,,,,,,,,,,,,,,,,,,,,23,,,,,,0,,,,,,,,,,,,,,,,,,,,,,,,,,,,
2013-12-11,MJ0351YNGA49YA,Hitachi HDS5C3030ALA630,3000592982016,0,,0,,,,,,,,0,,,,,,8884,,,,,,,,,,,,,,,,,,,,,,,,,,,,,,29,,,,,,0,,,,,,,,,,,,,,,,,,,,,,,,,,,,
2013-12-11,MJ0351YNG9U5VA,Hitachi HDS5C3030ALA630,3000592982016,0,,0,,,,,,,,0,,,,,,9899,,,,,,,,,,,,,,,,,,,,,,,,,,,,,,29,,,,,,0,,,,,,,,,,,,,,,,,,,,,,,,,,,,
2013-12-11,JK1101B9JRM53F,Hitachi HDS722020ALA330,2000398934016,0,,65536,,,,,,,,0,,,,,,22300,,,,,,,,,,,,,,,,,,,,,,,,,,,,,,29,,,,,,0,,,,,,,,,,,,,,,,,,,,,,,,,,,,
2013-12-11,Z300XEM8,ST4000DM000,4000787030016,0,,12387912,,,,,,,,0,,,,,,772,,,,,,,,,,,,,,,,,,,,,,,,,,,,,,20,,,,,,0,,,,,,,,,,,,,,,,,,,,,,,,,,,,
2013-12-11,5XW00F5X,ST31500541AS,1500301910016,0,,208937041,,,,,,,,0,,,,,,33406,,,,,,,,,,,,,,,,,,,,,,,,,,,,,,16,,,,,,0,,,,,,,,,,,,,,,,,,,,,,,,,,,,
2013-12-11,MJ1311YNG05J8A,Hitachi HDS5C3030ALA630,3000592982016,0,,0,,,,,,,,0,,,,,,20067,,,,,,,,,,,,,,,,,,,,,,,,,,,,,,26,,,,,,0,,,,,,,,,,,,,,,,,,,,,,,,,,,,
2013-12-11,Z300XEMJ,ST4000DM000,4000787030016,0,,194983424,,,,,,,,0,,,,,,948,,,,,,,,,,,,,,,,,,,,,,,,,,,,,,21,,,,,,0,,,,,,,,,,,,,,,,,,,,,,,,,,,,
2013-12-11,MJ1311YNG31Y0A,Hitachi HDS5C3030ALA630,3000592982016,0,,0,,,,,,,,0,,,,,,18065,,,,,,,,,,,,,,,,,,,,,,,,,,,,,,25,,,,,,0,,,,,,,,,,,,,,,,,,,,,,,,,,,,
2013-12-11,Z300XEMX,ST4000DM000,4000787030016,0,,235843872,,,,,,,,0,,,,,,957,,,,,,,,,,,,,,,,,,,,,,,,,,,,,,22,,,,,,0,,,,,,,,,,,,,,,,,,,,,,,,,,,,
2013-12-11,JK11A8B9J97Y8F,Hitachi HDS722020ALA330,2000398934016,0,,0,,,,,,,,0,,,,,,24495,,,,,,,,,,,,,,,,,,,,,,,,,,,,,,28,,,,,,0,,,,,,,,,,,,,,,,,,,,,,,,,,,,
2013-12-11,PL1311LAG38S3H,Hitachi HDS5C4040ALE630,4000787030016,0,,0,,,,,,,,0,,,,,,6639,,,,,,,,,,,,,,,,,,,,,,,,,,,,,,25,,,,,,0,,,,,,,,,,,,,,,,,,,,,,,,,,,,
2013-12-11,Z300K9J1,ST4000DM000,4000787030016,0,,197858800,,,,,,,,0,,,,,,2257,,,,,,,,,,,,,,,,,,,,,,,,,,,,,,21,,,,,,0,,,,,,,,,,,,,,,,,,,,,,,,,,,,
2013-12-11,6XW0P30B,ST31500541AS,1500301910016,0,,135781151,,,,,,,,0,,,,,,33680,,,,,,,,,,,,,,,,,,,,,,,,,,,,,,22,,,,,,0,,,,,,,,,,,,,,,,,,,,,,,,,,,,
2013-12-11,S1F136JY,ST3000DM001,3000592982016,0,,144617240,,,,,,,,0,,,,,,8164,,,,,,,,,,,,,,,,,,,,,,,,,,,,,,27,,,,,,0,,,,,,,,,,,,,,,,,,,,,,,,,,,,
2013-12-11,WD-WCAV5H015946,WDC WD10EADS,1000204886016,0,,0,,,,,,,,0,,,,,,19387,,,,,,,,,,,,,,,,,,,,,,,,,,,,,,22,,,,,,0,,,,,,,,,,,,,,,,,,,,,,,,,,,,
2013-12-11,JK11A8B9J94X8F,Hitachi HDS722020ALA330,2000398934016,0,,0,,,,,,,,0,,,,,,24496,,,,,,,,,,,,,,,,,,,,,,,,,,,,,,28,,,,,,0,,,,,,,,,,,,,,,,,,,,,,,,,,,,
2013-12-11,Z300NP15,ST4000DM000,4000787030016,0,,79598304,,,,,,,,0,,,,,,1093,,,,,,,,,,,,,,,,,,,,,,,,,,,,,,23,,,,,,0,,,,,,,,,,,,,,,,,,,,,,,,,,,,
2013-12-11,MJ1311YNG6KXLA,Hitachi HDS5C3030ALA630,3000592982016,0,,0,,,,,,,,0,,,,,,14685,,,,,,,,,,,,,,,,,,,,,,,,,,,,,,20,,,,,,0,,,,,,,,,,,,,,,,,,,,,,,,,,,,
2013-12-11,MK0311YHGDRH3A,Hitachi HDS723030ALA640,3000592982016,0,,0,,,,,,,,0,,,,,,21462,,,,,,,,,,,,,,,,,,,,,,,,,,,,,,33,,,,,,0,,,,,,,,,,,,,,,,,,,,,,,,,,,,
2013-12-11,MN1220F32D5HJD,Hitachi HDS723020BLA642,2000398934016,0,,2,,,,,,,,0,,,,,,7733,,,,,,,,,,,,,,,,,,,,,,,,,,,,,,28,,,,,,0,,,,,,,,,,,,,,,,,,,,,,,,,,,,
2013-12-11,MJ0351YNGA6DLA,Hitachi HDS5C3030ALA630,3000592982016,0,,0,,,,,,,,0,,,,,,9131,,,,,,,,,,,,,,,,,,,,,,,,,,,,,,30,,,,,,0,,,,,,,,,,,,,,,,,,,,,,,,,,,,
2013-12-11,Z300X61F,ST4000DM000,4000787030016,0,,170715816,,,,,,,,0,,,,,,109,,,,,,,,,,,,,,,,,,,,,,,,,,,,,,22,,,,,,0,,,,,,,,,,,,,,,,,,,,,,,,,,,,
2013-12-11,WD-WMAWZ0221438,WDC WD30EZRX,3000592982016,0,,0,,,,,,,,0,,,,,,12940,,,,,,,,,,,,,,,,,,,,,,,,,,,,,,23,,,,,,0,,,,,,,,,,,,,,,,,,,,,,,,,,,,
2013-12-11,MJ0351YNGA0EPA,Hitachi HDS5C3030ALA630,3000592982016,0,,0,,,,,,,,0,,,,,,8142,,,,,,,,,,,,,,,,,,,,,,,,,,,,,,30,,,,,,0,,,,,,,,,,,,,,,,,,,,,,,,,,,,
2013-12-11,9VS1HS40,ST31500341AS,1500301910016,0,,198813154,,,,,,,,10,,,,,,40408,,,,,,,,,,,,,,,,,,,,,,,,,,,,,,27,,,,,,0,,,,,,,,,,,,,,,,,,,,,,,,,,,,
2013-12-11,MJ1321YNG0PJ4A,Hitachi HDS5C3030ALA630,3000592982016,0,,0,,,,,,,,0,,,,,,19798,,,,,,,,,,,,,,,,,,,,,,,,,,,,,,29,,,,,,0,,,,,,,,,,,,,,,,,,,,,,,,,,,,
2013-12-11,MJ1321YNG0N4DA,Hitachi HDS5C3030ALA630,3000592982016,0,,1048576,,,,,,,,0,,,,,,20507,,,,,,,,,,,,,,,,,,,,,,,,,,,,,,23,,,,,,0,,,,,,,,,,,,,,,,,,,,,,,,,,,,
2013-12-11,S1F051FE,ST3000DM001,3000592982016,0,,45347552,,,,,,,,0,,,,,,13822,,,,,,,,,,,,,,,,,,,,,,,,,,,,,,22,,,,,,0,,,,,,,,,,,,,,,,,,,,,,,,,,,,
2013-12-11,PL1321LAGAMK3H,Hitachi HDS5C4040ALE630,4000787030016,0,,0,,,,,,,,0,,,,,,2981,,,,,,,,,,,,,,,,,,,,,,,,,,,,,,25,,,,,,0,,,,,,,,,,,,,,,,,,,,,,,,,,,,
2013-12-11,Z300KK9W,ST4000DM000,4000787030016,0,,69261896,,,,,,,,0,,,,,,1225,,,,,,,,,,,,,,,,,,,,,,,,,,,,,,23,,,,,,0,,,,,,,,,,,,,,,,,,,,,,,,,,,,
2013-12-11,JK11A4B8J6XJRW,Hitachi HDS722020ALA330,2000398934016,0,,327697,,,,,,,,0,,,,,,26028,,,,,,,,,,,,,,,,,,,,,,,,,,,,,,24,,,,,,0,,,,,,,,,,,,,,,,,,,,,,,,,,,,
2013-12-11,MJ1311YNG6UXEA,Hitachi HDS5C3030ALA630,3000592982016,0,,0,,,,,,,,0,,,,,,14594,,,,,,,,,,,,,,,,,,,,,,,,,,,,,,24,,,,,,0,,,,,,,,,,,,,,,,,,,,,,,,,,,,
2013-12-11,JK11A8B9J6M9LF,Hitachi HDS722020ALA330,2000398934016,0,,0,,,,,,,,0,,,,,,24632,,,,,,,,,,,,,,,,,,,,,,,,,,,,,,28,,,,,,0,,,,,,,,,,,,,,,,,,,,,,,,,,,,
2013-12-11,PL1311LAG2HW9H,Hitachi HDS5C4040ALE630,4000787030016,0,,0,,,,,,,,0,,,,,,5304,,,,,,,,,,,,,,,,,,,,,,,,,,,,,,25,,,,,,0,,,,,,,,,,,,,,,,,,,,,,,,,,,,
2013-12-11,6XW0402R,ST31500541AS,1500301910016,0,,59171718,,,,,,,,0,,,,,,35759,,,,,,,,,,,,,,,,,,,,,,,,,,,,,,23,,,,,,0,,,,,,,,,,,,,,,,,,,,,,,,,,,,
2013-12-11,JK11A4B8J6249W,Hitachi HDS722020ALA330,2000398934016,0,,0,,,,,,,,0,,,,,,25120,,,,,,,,,,,,,,,,,,,,,,,,,,,,,,36,,,,,,0,,,,,,,,,,,,,,,,,,,,,,,,,,,,
2013-12-11,JK11A8B9J3S1YF,Hitachi HDS722020ALA330,2000398934016,0,,0,,,,,,,,0,,,,,,23318,,,,,,,,,,,,,,,,,,,,,,,,,,,,,,35,,,,,,0,,,,,,,,,,,,,,,,,,,,,,,,,,,,
2013-12-11,JK1174YAK8RJNW,Hitachi HDS722020ALA330,2000398934016,0,,0,,,,,,,,0,,,,,,29019,,,,,,,,,,,,,,,,,,,,,,,,,,,,,,28,,,,,,0,,,,,,,,,,,,,,,,,,,,,,,,,,,,
2013-12-11,Z1F130LH,ST3000DM001,3000592982016,0,,32135784,,,,,,,,0,,,,,,8127,,,,,,,,,,,,,,,,,,,,,,,,,,,,,,26,,,,,,0,,,,,,,,,,,,,,,,,,,,,,,,,,,,
2013-12-11,W300AGHN,ST4000DM000,4000787030016,0,,229836592,,,,,,,,0,,,,,,945,,,,,,,,,,,,,,,,,,,,,,,,,,,,,,22,,,,,,0,,,,,,,,,,,,,,,,,,,,,,,,,,,,
2013-12-11,W1F0A0RX,ST3000DM001,3000592982016,0,,137578072,,,,,,,,0,,,,,,14213,,,,,,,,,,,,,,,,,,,,,,,,,,,,,,23,,,,,,24,,,,,,,,,,,,,,,,,,,,,,,,,,,,
2013-12-11,MK0311YHGET1XA,Hitachi HDS723030ALA640,3000592982016,0,,0,,,,,,,,0,,,,,,21460,,,,,,,,,,,,,,,,,,,,,,,,,,,,,,27,,,,,,0,,,,,,,,,,,,,,,,,,,,,,,,,,,,
2013-12-11,W300FR7W,ST4000DM000,4000787030016,0,,177412736,,,,,,,,0,,,,,,2224,,,,,,,,,,,,,,,,,,,,,,,,,,,,,,27,,,,,,0,,,,,,,,,,,,,,,,,,,,,,,,,,,,
2013-12-11,Z300WK7S,ST4000DM000,4000787030016,0,,138877880,,,,,,,,0,,,,,,108,,,,,,,,,,,,,,,,,,,,,,,,,,,,,,20,,,,,,0,,,,,,,,,,,,,,,,,,,,,,,,,,,,
2013-12-11,W300AEXE,ST4000DM000,4000787030016,0,,149623800,,,,,,,,0,,,,,,4138,,,,,,,,,,,,,,,,,,,,,,,,,,,,,,24,,,,,,0,,,,,,,,,,,,,,,,,,,,,,,,,,,,
2013-12-11,MJ0351YNGA0DVA,Hitachi HDS5C3030ALA630,3000592982016,0,,0,,,,,,,,0,,,,,,9147,,,,,,,,,,,,,,,,,,,,,,,,,,,,,,28,,,,,,0,,,,,,,,,,,,,,,,,,,,,,,,,,,,
2013-12-11,PL2311LAG1TPNC,Hitachi HDS5C4040ALE630,4000787030016,0,,0,,,,,,,,0,,,,,,7412,,,,,,,,,,,,,,,,,,,,,,,,,,,,,,25,,,,,,0,,,,,,,,,,,,,,,,,,,,,,,,,,,,
2013-12-11,6XW0497E,ST31500541AS,1500301910016,0,,92013146,,,,,,,,0,,,,,,37070,,,,,,,,,,,,,,,,,,,,,,,,,,,,,,26,,,,,,0,,,,,,,,,,,,,,,,,,,,,,,,,,,,
2013-12-11,MJ0351YNGA03KA,Hitachi HDS5C3030ALA630,3000592982016,0,,0,,,,,,,,0,,,,,,9906,,,,,,,,,,,,,,,,,,,,,,,,,,,,,,23,,,,,,0,,,,,,,,,,,,,,,,,,,,,,,,,,,,
2013-12-11,W300AEXV,ST4000DM000,4000787030016,0,,47792032,,,,,,,,0,,,,,,4134,,,,,,,,,,,,,,,,,,,,,,,,,,,,,,24,,,,,,0,,,,,,,,,,,,,,,,,,,,,,,,,,,,
2013-12-11,6XW0268A,ST31500541AS,1500301910016,0,,213282195,,,,,,,,0,,,,,,36956,,,,,,,,,,,,,,,,,,,,,,,,,,,,,,21,,,,,,0,,,,,,,,,,,,,,,,,,,,,,,,,,,,
2013-12-11,W300D8C2,ST4000DM000,4000787030016,0,,239135560,,,,,,,,0,,,,,,4047,,,,,,,,,,,,,,,,,,,,,,,,,,,,,,23,,,,,,0,,,,,,,,,,,,,,,,,,,,,,,,,,,,
2013-12-11,MJ1311YNG3JHMA,Hitachi HDS5C3030ALA630,3000592982016,0,,0,,,,,,,,0,,,,,,19250,,,,,,,,,,,,,,,,,,,,,,,,,,,,,,26,,,,,,0,,,,,,,,,,,,,,,,,,,,,,,,,,,,
2013-12-11,STF607MH1JDZ9W,Hitachi HDT721010SLA360,1000204886016,0,,12583110,,,,,,,,1,,,,,,40512,,,,,,,,,,,,,,,,,,,,,,,,,,,,,,30,,,,,,2,,,,,,,,,,,,,,,,,,,,,,,,,,,,
2013-12-11,MJ1311YNG7891A,Hitachi HDS5C3030ALA630,3000592982016,0,,0,,,,,,,,1,,,,,,14310,,,,,,,,,,,,,,,,,,,,,,,,,,,,,,25,,,,,,0,,,,,,,,,,,,,,,,,,,,,,,,,,,,
2013-12-11,W1F0ZCNN,ST3000DM001,3000592982016,0,,155934512,,,,,,,,0,,,,,,7994,,,,,,,,,,,,,,,,,,,,,,,,,,,,,,20,,,,,,0,,,,,,,,,,,,,,,,,,,,,,,,,,,,
2013-12-11,MJ1311YNG2YL6A,Hitachi HDS5C3030ALA630,3000592982016,0,,0,,,,,,,,0,,,,,,18066,,,,,,,,,,,,,,,,,,,,,,,,,,,,,,27,,,,,,0,,,,,,,,,,,,,,,,,,,,,,,,,,,,
2013-12-11,JK11A8B9JR0PXF,Hitachi HDS722020ALA330,2000398934016,0,,0,,,,,,,,0,,,,,,24112,,,,,,,,,,,,,,,,,,,,,,,,,,,,,,24,,,,,,0,,,,,,,,,,,,,,,,,,,,,,,,,,,,
2013-12-11,JK1101B9GEHWBF,Hitachi HDS722020ALA330,2000398934016,0,,1,,,,,,,,0,,,,,,27487,,,,,,,,,,,,,,,,,,,,,,,,,,,,,,23,,,,,,0,,,,,,,,,,,,,,,,,,,,,,,,,,,,
2013-12-11,JK11A8B9JPJ1UF,Hitachi HDS722020ALA330,2000398934016,0,,0,,,,,,,,0,,,,,,24112,,,,,,,,,,,,,,,,,,,,,,,,,,,,,,25,,,,,,0,,,,,,,,,,,,,,,,,,,,,,,,,,,,
2013-12-11,W1F03D4L,ST3000DM001,3000592982016,0,,148951768,,,,,,,,0,,,,,,15264,,,,,,,,,,,,,,,,,,,,,,,,,,,,,,21,,,,,,0,,,,,,,,,,,,,,,,,,,,,,,,,,,,
2013-12-11,JK11A8B9J398LF,Hitachi HDS722020ALA330,2000398934016,0,,0,,,,,,,,0,,,,,,24428,,,,,,,,,,,,,,,,,,,,,,,,,,,,,,32,,,,,,0,,,,,,,,,,,,,,,,,,,,,,,,,,,,
2013-12-11,9XW03ARE,ST31500541AS,1500301910016,0,,102687274,,,,,,,,0,,,,,,33170,,,,,,,,,,,,,,,,,,,,,,,,,,,,,,22,,,,,,0,,,,,,,,,,,,,,,,,,,,,,,,,,,,
2013-12-11,S1F04ANP,ST3000DM001,3000592982016,0,,235298128,,,,,,,,0,,,,,,16178,,,,,,,,,,,,,,,,,,,,,,,,,,,,,,24,,,,,,0,,,,,,,,,,,,,,,,,,,,,,,,,,,,
2013-12-11,MJ1311YNG6VWBA,Hitachi HDS5C3030ALA630,3000592982016,0,,0,,,,,,,,0,,,,,,14680,,,,,,,,,,,,,,,,,,,,,,,,,,,,,,26,,,,,,0,,,,,,,,,,,,,,,,,,,,,,,,,,,,
2013-12-11,JK11A8B9J98PUF,Hitachi HDS722020ALA330,2000398934016,0,,0,,,,,,,,0,,,,,,25540,,,,,,,,,,,,,,,,,,,,,,,,,,,,,,27,,,,,,0,,,,,,,,,,,,,,,,,,,,,,,,,,,,
2013-12-11,9VS28PBD,ST31500341AS,1500301910016,0,,220815820,,,,,,,,2,,,,,,38481,,,,,,,,,,,,,,,,,,,,,,,,,,,,,,23,,,,,,0,,,,,,,,,,,,,,,,,,,,,,,,,,,,
2013-12-11,MJ1321YNG0G71A,Hitachi HDS5C3030ALA630,3000592982016,0,,0,,,,,,,,0,,,,,,20067,,,,,,,,,,,,,,,,,,,,,,,,,,,,,,25,,,,,,0,,,,,,,,,,,,,,,,,,,,,,,,,,,,
2013-12-11,6XW0SJCN,ST31500541AS,1500301910016,0,,177938482,,,,,,,,0,,,,,,33865,,,,,,,,,,,,,,,,,,,,,,,,,,,,,,25,,,,,,0,,,,,,,,,,,,,,,,,,,,,,,,,,,,
2013-12-11,JK11A1YAJHGXWV,Hitachi HDS722020ALA330,2000398934016,0,,262147,,,,,,,,0,,,,,,28914,,,,,,,,,,,,,,,,,,,,,,,,,,,,,,29,,,,,,0,,,,,,,,,,,,,,,,,,,,,,,,,,,,
2013-12-11,MJ1311YNG5EZVA,Hitachi HDS5C3030ALA630,3000592982016,0,,0,,,,,,,,0,,,,,,14625,,,,,,,,,,,,,,,,,,,,,,,,,,,,,,22,,,,,,0,,,,,,,,,,,,,,,,,,,,,,,,,,,,
2013-12-11,6XW00269,ST31500541AS,1500301910016,0,,89740493,,,,,,,,0,,,,,,36961,,,,,,,,,,,,,,,,,,,,,,,,,,,,,,22,,,,,,0,,,,,,,,,,,,,,,,,,,,,,,,,,,,
2013-12-11,S1F0TPBP,ST3000DM001,3000592982016,0,,236028104,,,,,,,,0,,,,,,10834,,,,,,,,,,,,,,,,,,,,,,,,,,,,,,29,,,,,,0,,,,,,,,,,,,,,,,,,,,,,,,,,,,
2013-12-11,JK1131YAJK6ELV,Hitachi HDS722020ALA330,2000398934016,0,,0,,,,,,,,0,,,,,,30256,,,,,,,,,,,,,,,,,,,,,,,,,,,,,,28,,,,,,0,,,,,,,,,,,,,,,,,,,,,,,,,,,,
2013-12-11,MJ0351YNG9KWRA,Hitachi HDS5C3030ALA630,3000592982016,0,,0,,,,,,,,0,,,,,,9552,,,,,,,,,,,,,,,,,,,,,,,,,,,,,,31,,,,,,0,,,,,,,,,,,,,,,,,,,,,,,,,,,,
2013-12-11,MK0311YHGMST5A,Hitachi HDS723030ALA640,3000592982016,0,,0,,,,,,,,1,,,,,,17017,,,,,,,,,,,,,,,,,,,,,,,,,,,,,,24,,,,,,0,,,,,,,,,,,,,,,,,,,,,,,,,,,,
2013-12-11,5XW01DHS,ST31500541AS,1500301910016,0,,235651253,,,,,,,,0,,,,,,35200,,,,,,,,,,,,,,,,,,,,,,,,,,,,,,22,,,,,,0,,,,,,,,,,,,,,,,,,,,,,,,,,,,
2013-12-11,Z300K1K4,ST4000DM000,4000787030016,0,,237826344,,,,,,,,0,,,,,,2241,,,,,,,,,,,,,,,,,,,,,,,,,,,,,,20,,,,,,0,,,,,,,,,,,,,,,,,,,,,,,,,,,,
2013-12-11,W1F1NSHB,ST3000DM001,3000592982016,0,,91503840,,,,,,,,0,,,,,,8158,,,,,,,,,,,,,,,,,,,,,,,,,,,,,,24,,,,,,0,,,,,,,,,,,,,,,,,,,,,,,,,,,,
2013-12-11,JK11A8B9J6KTPF,Hitachi HDS722020ALA330,2000398934016,0,,0,,,,,,,,0,,,,,,23318,,,,,,,,,,,,,,,,,,,,,,,,,,,,,,35,,,,,,0,,,,,,,,,,,,,,,,,,,,,,,,,,,,
2013-12-11,PL1321LAG34KBH,Hitachi HDS5C4040ALE630,4000787030016,0,,0,,,,,,,,0,,,,,,3629,,,,,,,,,,,,,,,,,,,,,,,,,,,,,,28,,,,,,0,,,,,,,,,,,,,,,,,,,,,,,,,,,,
2013-12-11,MJ0351YNGA6X0A,Hitachi HDS5C3030ALA630,3000592982016,0,,0,,,,,,,,0,,,,,,8093,,,,,,,,,,,,,,,,,,,,,,,,,,,,,,22,,,,,,0,,,,,,,,,,,,,,,,,,,,,,,,,,,,
2013-12-11,PL1311LAG23PEA,Hitachi HDS5C4040ALE630,4000787030016,0,,0,,,,,,,,0,,,,,,7759,,,,,,,,,,,,,,,,,,,,,,,,,,,,,,22,,,,,,0,,,,,,,,,,,,,,,,,,,,,,,,,,,,
2013-12-11,MJ0351YNG9NV5A,Hitachi HDS5C3030ALA630,3000592982016,0,,0,,,,,,,,0,,,,,,9906,,,,,,,,,,,,,,,,,,,,,,,,,,,,,,22,,,,,,0,,,,,,,,,,,,,,,,,,,,,,,,,,,,
2013-12-11,PL2311LAG1UPYC,Hitachi HDS5C4040ALE630,4000787030016,0,,0,,,,,,,,0,,,,,,7759,,,,,,,,,,,,,,,,,,,,,,,,,,,,,,23,,,,,,0,,,,,,,,,,,,,,,,,,,,,,,,,,,,
2013-12-11,W300J3C0,ST4000DM000,4000787030016,0,,170717320,,,,,,,,0,,,,,,920,,,,,,,,,,,,,,,,,,,,,,,,,,,,,,21,,,,,,0,,,,,,,,,,,,,,,,,,,,,,,,,,,,
2013-12-11,9XW02WRV,ST31500541AS,1500301910016,0,,171915766,,,,,,,,0,,,,,,33123,,,,,,,,,,,,,,,,,,,,,,,,,,,,,,25,,,,,,0,,,,,,,,,,,,,,,,,,,,,,,,,,,,
2013-12-11,MJ1323YNG1NU5C,Hitachi HDS5C3030ALA630,3000592982016,0,,6225992,,,,,,,,0,,,,,,19745,,,,,,,,,,,,,,,,,,,,,,,,,,,,,,27,,,,,,0,,,,,,,,,,,,,,,,,,,,,,,,,,,,
2013-12-11,PL1311LAG34HSH,Hitachi HDS5C4040ALE630,4000787030016,0,,0,,,,,,,,0,,,,,,6639,,,,,,,,,,,,,,,,,,,,,,,,,,,,,,28,,,,,,0,,,,,,,,,,,,,,,,,,,,,,,,,,,,
2013-12-11,W1F09ZWF,ST3000DM001,3000592982016,0,,161277024,,,,,,,,0,,,,,,14231,,,,,,,,,,,,,,,,,,,,,,,,,,,,,,22,,,,,,16,,,,,,,,,,,,,,,,,,,,,,,,,,,,
2013-12-11,W1F0QVAB,ST3000DM001,3000592982016,0,,26193040,,,,,,,,0,,,,,,12617,,,,,,,,,,,,,,,,,,,,,,,,,,,,,,22,,,,,,0,,,,,,,,,,,,,,,,,,,,,,,,,,,,
2013-12-11,Z300NKMB,ST4000DM000,4000787030016,0,,158137872,,,,,,,,0,,,,,,1142,,,,,,,,,,,,,,,,,,,,,,,,,,,,,,28,,,,,,0,,,,,,,,,,,,,,,,,,,,,,,,,,,,
2013-12-11,MJ1311YNG72NWA,Hitachi HDS5C3030ALA630,3000592982016,0,,0,,,,,,,,0,,,,,,14595,,,,,,,,,,,,,,,,,,,,,,,,,,,,,,27,,,,,,0,,,,,,,,,,,,,,,,,,,,,,,,,,,,
2013-12-11,9XW01V0G,ST31500541AS,1500301910016,0,,78578024,,,,,,,,0,,,,,,34751,,,,,,,,,,,,,,,,,,,,,,,,,,,,,,19,,,,,,0,,,,,,,,,,,,,,,,,,,,,,,,,,,,
2013-12-11,PL1311LAG27LWH,Hitachi HDS5C4040ALE630,4000787030016,0,,0,,,,,,,,0,,,,,,7457,,,,,,,,,,,,,,,,,,,,,,,,,,,,,,28,,,,,,0,,,,,,,,,,,,,,,,,,,,,,,,,,,,
2013-12-11,MJ0351YNGA463A,Hitachi HDS5C3030ALA630,3000592982016,0,,0,,,,,,,,0,,,,,,7975,,,,,,,,,,,,,,,,,,,,,,,,,,,,,,26,,,,,,0,,,,,,,,,,,,,,,,,,,,,,,,,,,,
2013-12-11,MJ1311YNG60WKA,Hitachi HDS5C3030ALA630,3000592982016,0,,0,,,,,,,,0,,,,,,14310,,,,,,,,,,,,,,,,,,,,,,,,,,,,,,25,,,,,,0,,,,,,,,,,,,,,,,,,,,,,,,,,,,
2013-12-11,PL2311LAG1TWVC,Hitachi HDS5C4040ALE630,4000787030016,0,,0,,,,,,,,0,,,,,,2776,,,,,,,,,,,,,,,,,,,,,,,,,,,,,,25,,,,,,0,,,,,,,,,,,,,,,,,,,,,,,,,,,,
2013-12-11,JK11A8B9J7ZWNF,Hitachi HDS722020ALA330,2000398934016,0,,131072,,,,,,,,8,,,,,,25120,,,,,,,,,,,,,,,,,,,,,,,,,,,,,,31,,,,,,1,,,,,,,,,,,,,,,,,,,,,,,,,,,,
2013-12-11,JK11A8B9JPJ0YF,Hitachi HDS722020ALA330,2000398934016,0,,2,,,,,,,,0,,,,,,24112,,,,,,,,,,,,,,,,,,,,,,,,,,,,,,30,,,,,,0,,,,,,,,,,,,,,,,,,,,,,,,,,,,
2013-12-11,PL1301LAG31S9H,Hitachi HDS5C4040ALE630,4000787030016,0,,0,,,,,,,,0,,,,,,6655,,,,,,,,,,,,,,,,,,,,,,,,,,,,,,21,,,,,,0,,,,,,,,,,,,,,,,,,,,,,,,,,,,
2013-12-11,MJ1321YNG1ADJA,Hitachi HDS5C3030ALA630,3000592982016,0,,0,,,,,,,,0,,,,,,19372,,,,,,,,,,,,,,,,,,,,,,,,,,,,,,24,,,,,,0,,,,,,,,,,,,,,,,,,,,,,,,,,,,
2013-12-11,MJ0351YNGA670A,Hitachi HDS5C3030ALA630,3000592982016,0,,0,,,,,,,,0,,,,,,8545,,,,,,,,,,,,,,,,,,,,,,,,,,,,,,28,,,,,,0,,,,,,,,,,,,,,,,,,,,,,,,,,,,
2013-12-11,Z300NKM3,ST4000DM000,4000787030016,0,,78557896,,,,,,,,0,,,,,,105,,,,,,,,,,,,,,,,,,,,,,,,,,,,,,20,,,,,,0,,,,,,,,,,,,,,,,,,,,,,,,,,,,
2013-12-11,S1F0AJ6T,ST3000DM001,3000592982016,0,,228229064,,,,,,,,0,,,,,,12397,,,,,,,,,,,,,,,,,,,,,,,,,,,,,,25,,,,,,0,,,,,,,,,,,,,,,,,,,,,,,,,,,,
2013-12-11,Z300NKM0,ST4000DM000,4000787030016,0,,107204600,,,,,,,,0,,,,,,105,,,,,,,,,,,,,,,,,,,,,,,,,,,,,,23,,,,,,0,,,,,,,,,,,,,,,,,,,,,,,,,,,,
2013-12-11,Z290YHXD,ST33000651AS,3000592982016,0,,92244192,,,,,,,,0,,,,,,17741,,,,,,,,,,,,,,,,,,,,,,,,,,,,,,19,,,,,,0,,,,,,,,,,,,,,,,,,,,,,,,,,,,
2013-12-11,JK11A8B9J7NHDF,Hitachi HDS722020ALA330,2000398934016,0,,0,,,,,,,,0,,,,,,24912,,,,,,,,,,,,,,,,,,,,,,,,,,,,,,32,,,,,,0,,,,,,,,,,,,,,,,,,,,,,,,,,,,
2013-12-11,9XW01V00,ST31500541AS,1500301910016,0,,3823498,,,,,,,,0,,,,,,35228,,,,,,,,,,,,,,,,,,,,,,,,,,,,,,21,,,,,,0,,,,,,,,,,,,,,,,,,,,,,,,,,,,
2013-12-11,MK0311YHGKKLLA,Hitachi HDS723030ALA640,3000592982016,0,,0,,,,,,,,0,,,,,,16734,,,,,,,,,,,,,,,,,,,,,,,,,,,,,,29,,,,,,0,,,,,,,,,,,,,,,,,,,,,,,,,,,,
2013-12-11,JK1101B9KN4ETF,Hitachi HDS722020ALA330,2000398934016,0,,0,,,,,,,,0,,,,,,23125,,,,,,,,,,,,,,,,,,,,,,,,,,,,,,37,,,,,,0,,,,,,,,,,,,,,,,,,,,,,,,,,,,
2013-12-11,MJ1313YNG1PTSC,Hitachi HDS5C3030ALA630,3000592982016,0,,0,,,,,,,,0,,,,,,21796,,,,,,,,,,,,,,,,,,,,,,,,,,,,,,26,,,,,,0,,,,,,,,,,,,,,,,,,,,,,,,,,,,
2013-12-11,JK1101B9KMNLBU,Hitachi HDS722020ALA330,2000398934016,0,,0,,,,,,,,0,,,,,,22954,,,,,,,,,,,,,,,,,,,,,,,,,,,,,,26,,,,,,0,,,,,,,,,,,,,,,,,,,,,,,,,,,,
2013-12-11,JK1131YAJGV54V,Hitachi HDS722020ALA330,2000398934016,0,,3211343,,,,,,,,0,,,,,,30255,,,,,,,,,,,,,,,,,,,,,,,,,,,,,,27,,,,,,0,,,,,,,,,,,,,,,,,,,,,,,,,,,,
2013-12-11,Z290DGDP,ST33000651AS,3000592982016,0,,49446440,,,,,,,,0,,,,,,18074,,,,,,,,,,,,,,,,,,,,,,,,,,,,,,28,,,,,,0,,,,,,,,,,,,,,,,,,,,,,,,,,,,
2013-12-11,S1F0S4YJ,ST3000DM001,3000592982016,0,,90777184,,,,,,,,0,,,,,,10501,,,,,,,,,,,,,,,,,,,,,,,,,,,,,,24,,,,,,0,,,,,,,,,,,,,,,,,,,,,,,,,,,,
2013-12-11,W300B6TY,ST4000DM000,4000787030016,0,,143002168,,,,,,,,0,,,,,,3585,,,,,,,,,,,,,,,,,,,,,,,,,,,,,,21,,,,,,0,,,,,,,,,,,,,,,,,,,,,,,,,,,,
2013-12-11,Z3004D6W,ST4000DM000,4000787030016,0,,227323480,,,,,,,,0,,,,,,5360,,,,,,,,,,,,,,,,,,,,,,,,,,,,,,20,,,,,,0,,,,,,,,,,,,,,,,,,,,,,,,,,,,
2013-12-11,MK0331YHGLJ1XA,Hitachi HDS723030ALA640,3000592982016,0,,0,,,,,,,,0,,,,,,17356,,,,,,,,,,,,,,,,,,,,,,,,,,,,,,23,,,,,,0,,,,,,,,,,,,,,,,,,,,,,,,,,,,
2013-12-11,WD-WCAU4D872809,WDC WD10EADS,1000204886016,0,,0,,,,,,,,0,,,,,,27402,,,,,,,,,,,,,,,,,,,,,,,,,,,,,,29,,,,,,0,,,,,,,,,,,,,,,,,,,,,,,,,,,,
2013-12-11,S1F0S4YB,ST3000DM001,3000592982016,0,,209953424,,,,,,,,0,,,,,,10837,,,,,,,,,,,,,,,,,,,,,,,,,,,,,,25,,,,,,0,,,,,,,,,,,,,,,,,,,,,,,,,,,,
2013-12-11,W1F0GPGR,ST3000DM001,3000592982016,0,,76723192,,,,,,,,0,,,,,,11753,,,,,,,,,,,,,,,,,,,,,,,,,,,,,,27,,,,,,0,,,,,,,,,,,,,,,,,,,,,,,,,,,,
2013-12-11,Z300E41T,ST4000DM000,4000787030016,0,,16113744,,,,,,,,0,,,,,,2262,,,,,,,,,,,,,,,,,,,,,,,,,,,,,,22,,,,,,0,,,,,,,,,,,,,,,,,,,,,,,,,,,,
2013-12-11,PL1311LAG3AEAH,Hitachi HDS5C4040ALE630,4000787030016,0,,0,,,,,,,,0,,,,,,6637,,,,,,,,,,,,,,,,,,,,,,,,,,,,,,27,,,,,,0,,,,,,,,,,,,,,,,,,,,,,,,,,,,
2013-12-11,WD-WMC4N1050632,WDC WD30EFRX,3000592982016,0,,0,,,,,,,,0,,,,,,178,,,,,,,,,,,,,,,,,,,,,,,,,,,,,,18,,,,,,0,,,,,,,,,,,,,,,,,,,,,,,,,,,,
2013-12-11,Z300DLNQ,ST4000DM000,4000787030016,0,,160907864,,,,,,,,0,,,,,,1331,,,,,,,,,,,,,,,,,,,,,,,,,,,,,,19,,,,,,0,,,,,,,,,,,,,,,,,,,,,,,,,,,,
2013-12-11,Z300PCJ3,ST4000DM000,4000787030016,0,,242762400,,,,,,,,0,,,,,,1094,,,,,,,,,,,,,,,,,,,,,,,,,,,,,,19,,,,,,0,,,,,,,,,,,,,,,,,,,,,,,,,,,,
2013-12-11,Z300PCJ5,ST4000DM000,4000787030016,0,,133055864,,,,,,,,0,,,,,,1229,,,,,,,,,,,,,,,,,,,,,,,,,,,,,,22,,,,,,0,,,,,,,,,,,,,,,,,,,,,,,,,,,,
2013-12-11,S1F0CWYM,ST3000DM001,3000592982016,0,,159440376,,,,,,,,0,,,,,,12360,,,,,,,,,,,,,,,,,,,,,,,,,,,,,,22,,,,,,0,,,,,,,,,,,,,,,,,,,,,,,,,,,,
2013-12-11,W300L6QG,ST4000DM000,4000787030016,0,,109134976,,,,,,,,0,,,,,,772,,,,,,,,,,,,,,,,,,,,,,,,,,,,,,22,,,,,,0,,,,,,,,,,,,,,,,,,,,,,,,,,,,
2013-12-11,6XW0XP91,ST31500541AS,1500301910016,0,,168898995,,,,,,,,0,,,,,,34201,,,,,,,,,,,,,,,,,,,,,,,,,,,,,,23,,,,,,0,,,,,,,,,,,,,,,,,,,,,,,,,,,,
2013-12-11,W1F0YKEW,ST3000DM001,3000592982016,0,,10213104,,,,,,,,0,,,,,,8138,,,,,,,,,,,,,,,,,,,,,,,,,,,,,,26,,,,,,0,,,,,,,,,,,,,,,,,,,,,,,,,,,,
2013-12-11,Z300PCJX,ST4000DM000,4000787030016,0,,216670040,,,,,,,,0,,,,,,1228,,,,,,,,,,,,,,,,,,,,,,,,,,,,,,20,,,,,,0,,,,,,,,,,,,,,,,,,,,,,,,,,,,
2013-12-11,PL1311LAG38PVH,Hitachi HDS5C4040ALE630,4000787030016,0,,0,,,,,,,,0,,,,,,6641,,,,,,,,,,,,,,,,,,,,,,,,,,,,,,28,,,,,,0,,,,,,,,,,,,,,,,,,,,,,,,,,,,
2013-12-11,WD-WCAWZ2078630,WDC WD30EZRX,3000592982016,0,,0,,,,,,,,0,,,,,,8938,,,,,,,,,,,,,,,,,,,,,,,,,,,,,,23,,,,,,0,,,,,,,,,,,,,,,,,,,,,,,,,,,,
2013-12-11,MK0311YHG178ZA,Hitachi HDS723030ALA640,3000592982016,0,,0,,,,,,,,0,,,,,,22347,,,,,,,,,,,,,,,,,,,,,,,,,,,,,,26,,,,,,0,,,,,,,,,,,,,,,,,,,,,,,,,,,,
2013-12-11,Z300DLN9,ST4000DM000,4000787030016,0,,224683856,,,,,,,,0,,,,,,2262,,,,,,,,,,,,,,,,,,,,,,,,,,,,,,23,,,,,,0,,,,,,,,,,,,,,,,,,,,,,,,,,,,
2013-12-11,MK0333YHGPEEPC,Hitachi HDS723030ALA640,3000592982016,0,,0,,,,,,,,0,,,,,,17033,,,,,,,,,,,,,,,,,,,,,,,,,,,,,,30,,,,,,0,,,,,,,,,,,,,,,,,,,,,,,,,,,,
2013-12-11,JK1171B9HG49MT,Hitachi HDS722020ALA330,2000398934016,0,,0,,,,,,,,0,,,,,,24305,,,,,,,,,,,,,,,,,,,,,,,,,,,,,,28,,,,,,0,,,,,,,,,,,,,,,,,,,,,,,,,,,,
2013-12-11,S1F0CWY6,ST3000DM001,3000592982016,0,,223566080,,,,,,,,0,,,,,,12357,,,,,,,,,,,,,,,,,,,,,,,,,,,,,,27,,,,,,0,,,,,,,,,,,,,,,,,,,,,,,,,,,,
2013-12-11,Z300PCJB,ST4000DM000,4000787030016,0,,13450520,,,,,,,,0,,,,,,1232,,,,,,,,,,,,,,,,,,,,,,,,,,,,,,19,,,,,,0,,,,,,,,,,,,,,,,,,,,,,,,,,,,
2013-12-11,Z1F04KMC,ST3000DM001,3000592982016,0,,212717904,,,,,,,,0,,,,,,17066,,,,,,,,,,,,,,,,,,,,,,,,,,,,,,25,,,,,,0,,,,,,,,,,,,,,,,,,,,,,,,,,,,
2013-12-11,MJ1311YNG36VZA,Hitachi HDS5C3030ALA630,3000592982016,0,,65561,,,,,,,,0,,,,,,19586,,,,,,,,,,,,,,,,,,,,,,,,,,,,,,21,,,,,,0,,,,,,,,,,,,,,,,,,,,,,,,,,,,
2013-12-11,MJ1311YNG3H9UA,Hitachi HDS5C3030ALA630,3000592982016,0,,0,,,,,,,,0,,,,,,19254,,,,,,,,,,,,,,,,,,,,,,,,,,,,,,23,,,,,,0,,,,,,,,,,,,,,,,,,,,,,,,,,,,
2013-12-11,WD-WCAU45634735,WDC WD10EADS,1000204886016,0,,69,,,,,,,,0,,,,,,42039,,,,,,,,,,,,,,,,,,,,,,,,,,,,,,24,,,,,,0,,,,,,,,,,,,,,,,,,,,,,,,,,,,
2013-12-11,STF607MH1R186W,Hitachi HDT721010SLA360,1000204886016,0,,8323185,,,,,,,,2,,,,,,22161,,,,,,,,,,,,,,,,,,,,,,,,,,,,,,32,,,,,,4,,,,,,,,,,,,,,,,,,,,,,,,,,,,
2013-12-11,JK11A8B9J3V9VF,Hitachi HDS722020ALA330,2000398934016,0,,0,,,,,,,,0,,,,,,23709,,,,,,,,,,,,,,,,,,,,,,,,,,,,,,29,,,,,,0,,,,,,,,,,,,,,,,,,,,,,,,,,,,
2013-12-11,MK0301YHGMJHLD,Hitachi HDS723030ALA640,3000592982016,0,,0,,,,,,,,0,,,,,,17017,,,,,,,,,,,,,,,,,,,,,,,,,,,,,,23,,,,,,0,,,,,,,,,,,,,,,,,,,,,,,,,,,,
2013-12-11,S1F06TBJ,ST3000DM001,3000592982016,0,,64137464,,,,,,,,0,,,,,,13914,,,,,,,,,,,,,,,,,,,,,,,,,,,,,,20,,,,,,0,,,,,,,,,,,,,,,,,,,,,,,,,,,,
2013-12-11,S1F0S4Y9,ST3000DM001,3000592982016,0,,214577704,,,,,,,,0,,,,,,10742,,,,,,,,,,,,,,,,,,,,,,,,,,,,,,26,,,,,,0,,,,,,,,,,,,,,,,,,,,,,,,,,,,
2013-12-11,W300C0DZ,ST4000DM000,4000787030016,0,,89318096,,,,,,,,0,,,,,,4188,,,,,,,,,,,,,,,,,,,,,,,,,,,,,,28,,,,,,0,,,,,,,,,,,,,,,,,,,,,,,,,,,,
2013-12-11,9VS3GG54,ST31500341AS,1500301910016,0,,52054471,,,,,,,,8,,,,,,31801,,,,,,,,,,,,,,,,,,,,,,,,,,,,,,30,,,,,,0,,,,,,,,,,,,,,,,,,,,,,,,,,,,
2013-12-11,JK1101B9KNE8UF,Hitachi HDS722020ALA330,2000398934016,0,,0,,,,,,,,0,,,,,,23075,,,,,,,,,,,,,,,,,,,,,,,,,,,,,,33,,,,,,0,,,,,,,,,,,,,,,,,,,,,,,,,,,,
2013-12-11,Z300CQXA,ST4000DM000,4000787030016,0,,153903864,,,,,,,,0,,,,,,2246,,,,,,,,,,,,,,,,,,,,,,,,,,,,,,23,,,,,,0,,,,,,,,,,,,,,,,,,,,,,,,,,,,
2013-12-11,W300B0JV,ST4000DM000,4000787030016,0,,8140824,,,,,,,,0,,,,,,3238,,,,,,,,,,,,,,,,,,,,,,,,,,,,,,20,,,,,,0,,,,,,,,,,,,,,,,,,,,,,,,,,,,
2013-12-11,Z300CXF9,ST4000DM000,4000787030016,0,,92647424,,,,,,,,0,,,,,,2225,,,,,,,,,,,,,,,,,,,,,,,,,,,,,,22,,,,,,0,,,,,,,,,,,,,,,,,,,,,,,,,,,,
2013-12-11,S1F0RS7R,ST3000DM001,3000592982016,0,,73271512,,,,,,,,0,,,,,,10771,,,,,,,,,,,,,,,,,,,,,,,,,,,,,,26,,,,,,0,,,,,,,,,,,,,,,,,,,,,,,,,,,,
2013-12-11,JK11A8B9J3MK9F,Hitachi HDS722020ALA330,2000398934016,0,,65536,,,,,,,,0,,,,,,24426,,,,,,,,,,,,,,,,,,,,,,,,,,,,,,28,,,,,,0,,,,,,,,,,,,,,,,,,,,,,,,,,,,
2013-12-11,W300B0JC,ST4000DM000,4000787030016,0,,13201864,,,,,,,,0,,,,,,4134,,,,,,,,,,,,,,,,,,,,,,,,,,,,,,22,,,,,,0,,,,,,,,,,,,,,,,,,,,,,,,,,,,
2013-12-11,PL1311LAG39YVH,Hitachi HDS5C4040ALE630,4000787030016,0,,0,,,,,,,,0,,,,,,5933,,,,,,,,,,,,,,,,,,,,,,,,,,,,,,25,,,,,,0,,,,,,,,,,,,,,,,,,,,,,,,,,,,
2013-12-11,W1F0A58L,ST3000DM001,3000592982016,0,,4262328,,,,,,,,0,,,,,,15222,,,,,,,,,,,,,,,,,,,,,,,,,,,,,,21,,,,,,0,,,,,,,,,,,,,,,,,,,,,,,,,,,,
2013-12-11,PL1311LAG39TRH,Hitachi HDS5C4040ALE630,4000787030016,0,,0,,,,,,,,0,,,,,,5052,,,,,,,,,,,,,,,,,,,,,,,,,,,,,,26,,,,,,0,,,,,,,,,,,,,,,,,,,,,,,,,,,,
2013-12-11,9VS3GSWV,ST31500341AS,1500301910016,0,,199714517,,,,,,,,24,,,,,,32875,,,,,,,,,,,,,,,,,,,,,,,,,,,,,,22,,,,,,0,,,,,,,,,,,,,,,,,,,,,,,,,,,,
2013-12-11,S1F036YW,ST3000DM001,3000592982016,0,,91444056,,,,,,,,0,,,,,,15402,,,,,,,,,,,,,,,,,,,,,,,,,,,,,,25,,,,,,0,,,,,,,,,,,,,,,,,,,,,,,,,,,,
2013-12-11,9XW01RS0,ST31500541AS,1500301910016,0,,61086965,,,,,,,,0,,,,,,35659,,,,,,,,,,,,,,,,,,,,,,,,,,,,,,20,,,,,,0,,,,,,,,,,,,,,,,,,,,,,,,,,,,
2013-12-11,MJ1311YNG1ASSA,Hitachi HDS5C3030ALA630,3000592982016,0,,0,,,,,,,,0,,,,,,20733,,,,,,,,,,,,,,,,,,,,,,,,,,,,,,23,,,,,,0,,,,,,,,,,,,,,,,,,,,,,,,,,,,
2013-12-11,Z300JZJF,ST4000DM000,4000787030016,0,,217232912,,,,,,,,0,,,,,,2216,,,,,,,,,,,,,,,,,,,,,,,,,,,,,,22,,,,,,0,,,,,,,,,,,,,,,,,,,,,,,,,,,,
2013-12-11,PL1321LAG2XU0H,Hitachi HDS5C4040ALE630,4000787030016,0,,0,,,,,,,,0,,,,,,5070,,,,,,,,,,,,,,,,,,,,,,,,,,,,,,28,,,,,,0,,,,,,,,,,,,,,,,,,,,,,,,,,,,
2013-12-11,JK1101B9GD3H0F,Hitachi HDS722020ALA330,2000398934016,0,,0,,,,,,,,1,,,,,,27734,,,,,,,,,,,,,,,,,,,,,,,,,,,,,,23,,,,,,0,,,,,,,,,,,,,,,,,,,,,,,,,,,,
2013-12-11,MJ0351YNGA3SVA,Hitachi HDS5C3030ALA630,3000592982016,0,,0,,,,,,,,0,,,,,,8092,,,,,,,,,,,,,,,,,,,,,,,,,,,,,,25,,,,,,0,,,,,,,,,,,,,,,,,,,,,,,,,,,,
2013-12-11,W1H1JMHB,ST2000VN000,2000398934016,0,,63370504,,,,,,,,0,,,,,,3034,,,,,,,,,,,,,,,,,,,,,,,,,,,,,,18,,,,,,0,,,,,,,,,,,,,,,,,,,,,,,,,,,,
2013-12-11,6XW023VJ,ST31500541AS,1500301910016,0,,154625807,,,,,,,,0,,,,,,36450,,,,,,,,,,,,,,,,,,,,,,,,,,,,,,17,,,,,,0,,,,,,,,,,,,,,,,,,,,,,,,,,,,
2013-12-11,9XW01RSC,ST31500541AS,1500301910016,0,,29913960,,,,,,,,0,,,,,,31471,,,,,,,,,,,,,,,,,,,,,,,,,,,,,,20,,,,,,0,,,,,,,,,,,,,,,,,,,,,,,,,,,,
2013-12-11,MJ0351YNGA8PNA,Hitachi HDS5C3030ALA630,3000592982016,0,,0,,,,,,,,0,,,,,,8210,,,,,,,,,,,,,,,,,,,,,,,,,,,,,,36,,,,,,0,,,,,,,,,,,,,,,,,,,,,,,,,,,,
2013-12-11,WD-WCAWZ0753456,WDC WD30EZRX,3000592982016,0,,0,,,,,,,,0,,,,,,12355,,,,,,,,,,,,,,,,,,,,,,,,,,,,,,21,,,,,,0,,,,,,,,,,,,,,,,,,,,,,,,,,,,
2013-12-11,Z300CXFV,ST4000DM000,4000787030016,0,,134470256,,,,,,,,0,,,,,,2261,,,,,,,,,,,,,,,,,,,,,,,,,,,,,,19,,,,,,0,,,,,,,,,,,,,,,,,,,,,,,,,,,,
2013-12-11,Z300CXFT,ST4000DM000,4000787030016,0,,132074896,,,,,,,,0,,,,,,2218,,,,,,,,,,,,,,,,,,,,,,,,,,,,,,22,,,,,,0,,,,,,,,,,,,,,,,,,,,,,,,,,,,
2013-12-11,5XW096WB,ST31500541AS,1500301910016,0,,200020498,,,,,,,,0,,,,,,28541,,,,,,,,,,,,,,,,,,,,,,,,,,,,,,21,,,,,,0,,,,,,,,,,,,,,,,,,,,,,,,,,,,
2013-12-11,Z1F04GCH,ST3000DM001,3000592982016,0,,38382016,,,,,,,,0,,,,,,18080,,,,,,,,,,,,,,,,,,,,,,,,,,,,,,24,,,,,,0,,,,,,,,,,,,,,,,,,,,,,,,,,,,
2013-12-11,W1F08B0G,ST3000DM001,3000592982016,0,,64518200,,,,,,,,0,,,,,,10726,,,,,,,,,,,,,,,,,,,,,,,,,,,,,,24,,,,,,0,,,,,,,,,,,,,,,,,,,,,,,,,,,,
2013-12-11,9VS3HNEH,ST31500341AS,1500301910016,0,,75005481,,,,,,,,47,,,,,,30594,,,,,,,,,,,,,,,,,,,,,,,,,,,,,,30,,,,,,0,,,,,,,,,,,,,,,,,,,,,,,,,,,,
2013-12-11,WD-WCAU47212518,WDC WD10EADS,1000204886016,0,,3,,,,,,,,0,,,,,,40863,,,,,,,,,,,,,,,,,,,,,,,,,,,,,,33,,,,,,0,,,,,,,,,,,,,,,,,,,,,,,,,,,,
2013-12-11,JK1131YAHLD8VV,Hitachi HDS722020ALA330,2000398934016,0,,327687,,,,,,,,0,,,,,,30171,,,,,,,,,,,,,,,,,,,,,,,,,,,,,,29,,,,,,0,,,,,,,,,,,,,,,,,,,,,,,,,,,,
2013-12-11,Z300K0QS,ST4000DM000,4000787030016,0,,241552168,,,,,,,,0,,,,,,2241,,,,,,,,,,,,,,,,,,,,,,,,,,,,,,20,,,,,,0,,,,,,,,,,,,,,,,,,,,,,,,,,,,
2013-12-11,MJ1323YNG1EJEC,Hitachi HDS5C3030ALA630,3000592982016,0,,0,,,,,,,,0,,,,,,19372,,,,,,,,,,,,,,,,,,,,,,,,,,,,,,21,,,,,,0,,,,,,,,,,,,,,,,,,,,,,,,,,,,
2013-12-11,Z2908YAJ,ST33000651AS,3000592982016,0,,240409708,,,,,,,,789,,,,,,17737,,,,,,,,,,,,,,,,,,,,,,,,,,,,,,26,,,,,,0,,,,,,,,,,,,,,,,,,,,,,,,,,,,
2013-12-11,MK0313YHG88KPC,Hitachi HDS723030ALA640,3000592982016,0,,0,,,,,,,,0,,,,,,15216,,,,,,,,,,,,,,,,,,,,,,,,,,,,,,30,,,,,,0,,,,,,,,,,,,,,,,,,,,,,,,,,,,
2013-12-11,Z300W8D9,ST4000DM000,4000787030016,0,,235507168,,,,,,,,0,,,,,,799,,,,,,,,,,,,,,,,,,,,,,,,,,,,,,21,,,,,,0,,,,,,,,,,,,,,,,,,,,,,,,,,,,
2013-12-11,Z300W5L6,ST4000DM000,4000787030016,0,,170759288,,,,,,,,0,,,,,,948,,,,,,,,,,,,,,,,,,,,,,,,,,,,,,22,,,,,,0,,,,,,,,,,,,,,,,,,,,,,,,,,,,
2013-12-11,JK11A8B9J0UP2F,Hitachi HDS722020ALA330,2000398934016,0,,65536,,,,,,,,0,,,,,,26329,,,,,,,,,,,,,,,,,,,,,,,,,,,,,,25,,,,,,0,,,,,,,,,,,,,,,,,,,,,,,,,,,,
2013-12-11,MJ1311YNG0HGHA,Hitachi HDS5C3030ALA630,3000592982016,0,,196608,,,,,,,,0,,,,,,20480,,,,,,,,,,,,,,,,,,,,,,,,,,,,,,28,,,,,,0,,,,,,,,,,,,,,,,,,,,,,,,,,,,
2013-12-11,S1F04V0N,ST3000DM001,3000592982016,0,,201792928,,,,,,,,0,,,,,,16143,,,,,,,,,,,,,,,,,,,,,,,,,,,,,,19,,,,,,0,,,,,,,,,,,,,,,,,,,,,,,,,,,,
2013-12-11,JK1175YAHTZZ0X,Hitachi HDS722020ALA330,2000398934016,0,,44,,,,,,,,1,,,,,,30500,,,,,,,,,,,,,,,,,,,,,,,,,,,,,,33,,,,,,0,,,,,,,,,,,,,,,,,,,,,,,,,,,,
2013-12-11,Z1F0P16F,ST3000DM001,3000592982016,0,,206286048,,,,,,,,0,,,,,,7005,,,,,,,,,,,,,,,,,,,,,,,,,,,,,,29,,,,,,0,,,,,,,,,,,,,,,,,,,,,,,,,,,,
2013-12-11,Z300W5LP,ST4000DM000,4000787030016,0,,115778040,,,,,,,,0,,,,,,612,,,,,,,,,,,,,,,,,,,,,,,,,,,,,,21,,,,,,0,,,,,,,,,,,,,,,,,,,,,,,,,,,,
2013-12-11,W3005YT2,ST4000DM000,4000787030016,0,,125424800,,,,,,,,0,,,,,,2856,,,,,,,,,,,,,,,,,,,,,,,,,,,,,,19,,,,,,0,,,,,,,,,,,,,,,,,,,,,,,,,,,,
2013-12-11,S1F0DKAN,ST3000DM001,3000592982016,0,,124764848,,,,,,,,0,,,,,,3677,,,,,,,,,,,,,,,,,,,,,,,,,,,,,,22,,,,,,0,,,,,,,,,,,,,,,,,,,,,,,,,,,,
2013-12-11,JK2171B9J29YLL,Hitachi HDS722020ALA330,2000398934016,0,,0,,,,,,,,0,,,,,,22703,,,,,,,,,,,,,,,,,,,,,,,,,,,,,,25,,,,,,0,,,,,,,,,,,,,,,,,,,,,,,,,,,,
2013-12-11,WD-WCAU47256216,WDC WD10EADS,1000204886016,0,,0,,,,,,,,0,,,,,,40445,,,,,,,,,,,,,,,,,,,,,,,,,,,,,,20,,,,,,0,,,,,,,,,,,,,,,,,,,,,,,,,,,,
2013-12-11,JK11A8B9J72B8F,Hitachi HDS722020ALA330,2000398934016,0,,0,,,,,,,,0,,,,,,22696,,,,,,,,,,,,,,,,,,,,,,,,,,,,,,26,,,,,,0,,,,,,,,,,,,,,,,,,,,,,,,,,,,
2013-12-11,MJ0351YNG9W2SA,Hitachi HDS5C3030ALA630,3000592982016,0,,0,,,,,,,,0,,,,,,9311,,,,,,,,,,,,,,,,,,,,,,,,,,,,,,31,,,,,,0,,,,,,,,,,,,,,,,,,,,,,,,,,,,
2013-12-11,MJ0351YNGA191A,Hitachi HDS5C3030ALA630,3000592982016,0,,0,,,,,,,,0,,,,,,9315,,,,,,,,,,,,,,,,,,,,,,,,,,,,,,31,,,,,,0,,,,,,,,,,,,,,,,,,,,,,,,,,,,
2013-12-11,S1F0YMG1,ST3000DM001,3000592982016,0,,36425240,,,,,,,,0,,,,,,3154,,,,,,,,,,,,,,,,,,,,,,,,,,,,,,24,,,,,,0,,,,,,,,,,,,,,,,,,,,,,,,,,,,
2013-12-11,JK1105B8GGAD1X,Hitachi HDS722020ALA330,2000398934016,0,,0,,,,,,,,0,,,,,,27214,,,,,,,,,,,,,,,,,,,,,,,,,,,,,,23,,,,,,0,,,,,,,,,,,,,,,,,,,,,,,,,,,,
2013-12-11,JK1105B8GHJH6X,Hitachi HDS722020ALA330,2000398934016,0,,0,,,,,,,,0,,,,,,27167,,,,,,,,,,,,,,,,,,,,,,,,,,,,,,30,,,,,,0,,,,,,,,,,,,,,,,,,,,,,,,,,,,
2013-12-11,JK11A8B9JR8YEF,Hitachi HDS722020ALA330,2000398934016,0,,65536,,,,,,,,0,,,,,,24112,,,,,,,,,,,,,,,,,,,,,,,,,,,,,,28,,,,,,0,,,,,,,,,,,,,,,,,,,,,,,,,,,,
2013-12-11,Z300CRT4,ST4000DM000,4000787030016,0,,68572080,,,,,,,,0,,,,,,2216,,,,,,,,,,,,,,,,,,,,,,,,,,,,,,20,,,,,,0,,,,,,,,,,,,,,,,,,,,,,,,,,,,
2013-12-11,MJ1311YNG3HR6A,Hitachi HDS5C3030ALA630,3000592982016,0,,0,,,,,,,,0,,,,,,14288,,,,,,,,,,,,,,,,,,,,,,,,,,,,,,33,,,,,,0,,,,,,,,,,,,,,,,,,,,,,,,,,,,
2013-12-11,W300CK2F,ST4000DM000,4000787030016,0,,220238520,,,,,,,,0,,,,,,4136,,,,,,,,,,,,,,,,,,,,,,,,,,,,,,24,,,,,,0,,,,,,,,,,,,,,,,,,,,,,,,,,,,
2013-12-11,6XW010VW,ST31500541AS,1500301910016,0,,214751761,,,,,,,,0,,,,,,36910,,,,,,,,,,,,,,,,,,,,,,,,,,,,,,21,,,,,,0,,,,,,,,,,,,,,,,,,,,,,,,,,,,
2013-12-11,W300BJ5K,ST4000DM000,4000787030016,0,,83941080,,,,,,,,0,,,,,,4189,,,,,,,,,,,,,,,,,,,,,,,,,,,,,,26,,,,,,0,,,,,,,,,,,,,,,,,,,,,,,,,,,,
2013-12-11,S1F05NTZ,ST3000DM001,3000592982016,0,,99821728,,,,,,,,0,,,,,,12363,,,,,,,,,,,,,,,,,,,,,,,,,,,,,,23,,,,,,0,,,,,,,,,,,,,,,,,,,,,,,,,,,,
2013-12-11,W300BJ5B,ST4000DM000,4000787030016,0,,94719136,,,,,,,,0,,,,,,3587,,,,,,,,,,,,,,,,,,,,,,,,,,,,,,23,,,,,,0,,,,,,,,,,,,,,,,,,,,,,,,,,,,
2013-12-11,W1F08PWR,ST3000DM001,3000592982016,0,,64090312,,,,,,,,0,,,,,,15222,,,,,,,,,,,,,,,,,,,,,,,,,,,,,,22,,,,,,0,,,,,,,,,,,,,,,,,,,,,,,,,,,,
2013-12-11,MK0301YHGDPE9A,Hitachi HDS723030ALA640,3000592982016,0,,0,,,,,,,,0,,,,,,17036,,,,,,,,,,,,,,,,,,,,,,,,,,,,,,25,,,,,,0,,,,,,,,,,,,,,,,,,,,,,,,,,,,
2013-12-11,MJ1321YNG09J8A,Hitachi HDS5C3030ALA630,3000592982016,0,,2,,,,,,,,0,,,,,,20504,,,,,,,,,,,,,,,,,,,,,,,,,,,,,,24,,,,,,0,,,,,,,,,,,,,,,,,,,,,,,,,,,,
2013-12-11,S1F032YN,ST3000DM001,3000592982016,0,,174641712,,,,,,,,0,,,,,,16178,,,,,,,,,,,,,,,,,,,,,,,,,,,,,,22,,,,,,0,,,,,,,,,,,,,,,,,,,,,,,,,,,,
2013-12-11,JK1181YAJ4DD1V,Hitachi HDS722020ALA330,2000398934016,0,,0,,,,,,,,0,,,,,,30255,,,,,,,,,,,,,,,,,,,,,,,,,,,,,,25,,,,,,0,,,,,,,,,,,,,,,,,,,,,,,,,,,,
2013-12-11,S1F02GFA,ST3000DM001,3000592982016,0,,155971488,,,,,,,,0,,,,,,15224,,,,,,,,,,,,,,,,,,,,,,,,,,,,,,23,,,,,,0,,,,,,,,,,,,,,,,,,,,,,,,,,,,
2013-12-11,W3004YX4,ST4000DM000,4000787030016,0,,173229576,,,,,,,,0,,,,,,2874,,,,,,,,,,,,,,,,,,,,,,,,,,,,,,23,,,,,,0,,,,,,,,,,,,,,,,,,,,,,,,,,,,
2013-12-11,JK11A8B9J7NJ0F,Hitachi HDS722020ALA330,2000398934016,0,,0,,,,,,,,0,,,,,,23319,,,,,,,,,,,,,,,,,,,,,,,,,,,,,,32,,,,,,0,,,,,,,,,,,,,,,,,,,,,,,,,,,,
2013-12-11,Z1F1B6JW,ST3000DM001,3000592982016,0,,72077696,,,,,,,,0,,,,,,8203,,,,,,,,,,,,,,,,,,,,,,,,,,,,,,27,,,,,,0,,,,,,,,,,,,,,,,,,,,,,,,,,,,
2013-12-11,S1F02GFS,ST3000DM001,3000592982016,0,,179127712,,,,,,,,0,,,,,,15457,,,,,,,,,,,,,,,,,,,,,,,,,,,,,,20,,,,,,0,,,,,,,,,,,,,,,,,,,,,,,,,,,,
2013-12-11,MJ0351YNGA5SGA,Hitachi HDS5C3030ALA630,3000592982016,0,,0,,,,,,,,0,,,,,,9129,,,,,,,,,,,,,,,,,,,,,,,,,,,,,,29,,,,,,0,,,,,,,,,,,,,,,,,,,,,,,,,,,,
2013-12-11,MJ1311YNG32XVA,Hitachi HDS5C3030ALA630,3000592982016,0,,0,,,,,,,,0,,,,,,18203,,,,,,,,,,,,,,,,,,,,,,,,,,,,,,26,,,,,,0,,,,,,,,,,,,,,,,,,,,,,,,,,,,
2013-12-11,9VS5AVD8,ST31500341AS,1500301910016,0,,10153010,,,,,,,,0,,,,,,12613,,,,,,,,,,,,,,,,,,,,,,,,,,,,,,29,,,,,,0,,,,,,,,,,,,,,,,,,,,,,,,,,,,
2013-12-11,JK1105B8GGA6PX,Hitachi HDS722020ALA330,2000398934016,0,,0,,,,,,,,1,,,,,,27221,,,,,,,,,,,,,,,,,,,,,,,,,,,,,,32,,,,,,0,,,,,,,,,,,,,,,,,,,,,,,,,,,,
2013-12-11,MJ1311YNG3EJ5A,Hitachi HDS5C3030ALA630,3000592982016,0,,0,,,,,,,,0,,,,,,18949,,,,,,,,,,,,,,,,,,,,,,,,,,,,,,23,,,,,,0,,,,,,,,,,,,,,,,,,,,,,,,,,,,
2013-12-11,JK11A8B9J39HPF,Hitachi HDS722020ALA330,2000398934016,0,,0,,,,,,,,0,,,,,,24502,,,,,,,,,,,,,,,,,,,,,,,,,,,,,,34,,,,,,0,,,,,,,,,,,,,,,,,,,,,,,,,,,,
2013-12-11,W300DCQG,ST4000DM000,4000787030016,0,,64833336,,,,,,,,0,,,,,,4188,,,,,,,,,,,,,,,,,,,,,,,,,,,,,,28,,,,,,0,,,,,,,,,,,,,,,,,,,,,,,,,,,,
2013-12-11,JK1101B9JP73MU,Hitachi HDS722020ALA330,2000398934016,0,,0,,,,,,,,0,,,,,,23990,,,,,,,,,,,,,,,,,,,,,,,,,,,,,,28,,,,,,0,,,,,,,,,,,,,,,,,,,,,,,,,,,,
2013-12-11,MJ1311YNG7DBMA,Hitachi HDS5C3030ALA630,3000592982016,0,,0,,,,,,,,0,,,,,,14289,,,,,,,,,,,,,,,,,,,,,,,,,,,,,,29,,,,,,0,,,,,,,,,,,,,,,,,,,,,,,,,,,,
2013-12-11,JK11A8B9J7XAZF,Hitachi HDS722020ALA330,2000398934016,0,,0,,,,,,,,0,,,,,,24914,,,,,,,,,,,,,,,,,,,,,,,,,,,,,,31,,,,,,0,,,,,,,,,,,,,,,,,,,,,,,,,,,,
2013-12-11,PL1321LAG34AMH,Hitachi HDS5C4040ALE630,4000787030016,0,,0,,,,,,,,0,,,,,,6568,,,,,,,,,,,,,,,,,,,,,,,,,,,,,,27,,,,,,0,,,,,,,,,,,,,,,,,,,,,,,,,,,,
2013-12-11,MJ1311YNG3BTPA,Hitachi HDS5C3030ALA630,3000592982016,0,,0,,,,,,,,0,,,,,,20732,,,,,,,,,,,,,,,,,,,,,,,,,,,,,,27,,,,,,0,,,,,,,,,,,,,,,,,,,,,,,,,,,,
2013-12-11,W300D802,ST4000DM000,4000787030016,0,,237667232,,,,,,,,0,,,,,,4140,,,,,,,,,,,,,,,,,,,,,,,,,,,,,,24,,,,,,0,,,,,,,,,,,,,,,,,,,,,,,,,,,,
2013-12-11,Z300PM9W,ST4000DM000,4000787030016,0,,26248616,,,,,,,,0,,,,,,1450,,,,,,,,,,,,,,,,,,,,,,,,,,,,,,25,,,,,,0,,,,,,,,,,,,,,,,,,,,,,,,,,,,
2013-12-11,MJ1311YNG5XT7A,Hitachi HDS5C3030ALA630,3000592982016,0,,0,,,,,,,,0,,,,,,14596,,,,,,,,,,,,,,,,,,,,,,,,,,,,,,24,,,,,,0,,,,,,,,,,,,,,,,,,,,,,,,,,,,
2013-12-11,Z300MQSA,ST4000DM000,4000787030016,0,,192746528,,,,,,,,0,,,,,,2900,,,,,,,,,,,,,,,,,,,,,,,,,,,,,,25,,,,,,0,,,,,,,,,,,,,,,,,,,,,,,,,,,,
2013-12-11,6VS09MH2,ST31500341AS,1500301910016,0,,54689129,,,,,,,,1,,,,,,24512,,,,,,,,,,,,,,,,,,,,,,,,,,,,,,24,,,,,,0,,,,,,,,,,,,,,,,,,,,,,,,,,,,
2013-12-11,S1F0A7E7,ST3000DM001,3000592982016,0,,122641640,,,,,,,,0,,,,,,12879,,,,,,,,,,,,,,,,,,,,,,,,,,,,,,26,,,,,,0,,,,,,,,,,,,,,,,,,,,,,,,,,,,
2013-12-11,Z300PM9B,ST4000DM000,4000787030016,0,,142447080,,,,,,,,0,,,,,,1094,,,,,,,,,,,,,,,,,,,,,,,,,,,,,,23,,,,,,0,,,,,,,,,,,,,,,,,,,,,,,,,,,,
2013-12-11,Z300MQSY,ST4000DM000,4000787030016,0,,12693632,,,,,,,,0,,,,,,2610,,,,,,,,,,,,,,,,,,,,,,,,,,,,,,23,,,,,,0,,,,,,,,,,,,,,,,,,,,,,,,,,,,
2013-12-11,MJ0351YNG9XNYA,Hitachi HDS5C3030ALA630,3000592982016,0,,0,,,,,,,,0,,,,,,8829,,,,,,,,,,,,,,,,,,,,,,,,,,,,,,30,,,,,,0,,,,,,,,,,,,,,,,,,,,,,,,,,,,
2013-12-11,Z300PM9M,ST4000DM000,4000787030016,0,,229541816,,,,,,,,0,,,,,,1233,,,,,,,,,,,,,,,,,,,,,,,,,,,,,,21,,,,,,0,,,,,,,,,,,,,,,,,,,,,,,,,,,,
2013-12-11,MJ0351YNG9YKGA,Hitachi HDS5C3030ALA630,3000592982016,0,,0,,,,,,,,0,,,,,,9772,,,,,,,,,,,,,,,,,,,,,,,,,,,,,,28,,,,,,0,,,,,,,,,,,,,,,,,,,,,,,,,,,,
2013-12-11,9VS2A1MK,ST31500341AS,1500301910016,0,,231521881,,,,,,,,2,,,,,,33444,,,,,,,,,,,,,,,,,,,,,,,,,,,,,,28,,,,,,0,,,,,,,,,,,,,,,,,,,,,,,,,,,,
2013-12-11,JK11A5B8HZ9G2X,Hitachi HDS722020ALA330,2000398934016,0,,65536,,,,,,,,0,,,,,,23636,,,,,,,,,,,,,,,,,,,,,,,,,,,,,,27,,,,,,0,,,,,,,,,,,,,,,,,,,,,,,,,,,,
2013-12-11,PL1321LAGAXPPH,Hitachi HDS5C4040ALE630,4000787030016,0,,0,,,,,,,,0,,,,,,5075,,,,,,,,,,,,,,,,,,,,,,,,,,,,,,24,,,,,,0,,,,,,,,,,,,,,,,,,,,,,,,,,,,
2013-12-11,6XW0W6P0,ST31500541AS,1500301910016,0,,6967162,,,,,,,,0,,,,,,33851,,,,,,,,,,,,,,,,,,,,,,,,,,,,,,23,,,,,,0,,,,,,,,,,,,,,,,,,,,,,,,,,,,
2013-12-11,Z300PM99,ST4000DM000,4000787030016,0,,175017456,,,,,,,,0,,,,,,1114,,,,,,,,,,,,,,,,,,,,,,,,,,,,,,29,,,,,,0,,,,,,,,,,,,,,,,,,,,,,,,,,,,
2013-12-11,S1F02Z8C,ST3000DM001,3000592982016,0,,5328464,,,,,,,,0,,,,,,16199,,,,,,,,,,,,,,,,,,,,,,,,,,,,,,25,,,,,,8,,,,,,,,,,,,,,,,,,,,,,,,,,,,
2013-12-11,MJ0351YNGA76GA,Hitachi HDS5C3030ALA630,3000592982016,0,,0,,,,,,,,0,,,,,,9042,,,,,,,,,,,,,,,,,,,,,,,,,,,,,,30,,,,,,0,,,,,,,,,,,,,,,,,,,,,,,,,,,,
2013-12-11,JK1101B9KLRAVT,Hitachi HDS722020ALA330,2000398934016,0,,0,,,,,,,,0,,,,,,23099,,,,,,,,,,,,,,,,,,,,,,,,,,,,,,24,,,,,,0,,,,,,,,,,,,,,,,,,,,,,,,,,,,
2013-12-11,JK11A8B9J74X2F,Hitachi HDS722020ALA330,2000398934016,0,,0,,,,,,,,0,,,,,,22695,,,,,,,,,,,,,,,,,,,,,,,,,,,,,,26,,,,,,0,,,,,,,,,,,,,,,,,,,,,,,,,,,,
2013-12-11,JK11A8B9GNL7ZF,Hitachi HDS722020ALA330,2000398934016,0,,0,,,,,,,,0,,,,,,26763,,,,,,,,,,,,,,,,,,,,,,,,,,,,,,24,,,,,,0,,,,,,,,,,,,,,,,,,,,,,,,,,,,
2013-12-11,MJ0351YNG9RY0A,Hitachi HDS5C3030ALA630,3000592982016,0,,0,,,,,,,,0,,,,,,8870,,,,,,,,,,,,,,,,,,,,,,,,,,,,,,28,,,,,,0,,,,,,,,,,,,,,,,,,,,,,,,,,,,
2013-12-11,PL1321LAG353BH,Hitachi HDS5C4040ALE630,4000787030016,0,,0,,,,,,,,0,,,,,,5961,,,,,,,,,,,,,,,,,,,,,,,,,,,,,,18,,,,,,0,,,,,,,,,,,,,,,,,,,,,,,,,,,,
2013-12-11,JK1101B9JPLW2F,Hitachi HDS722020ALA330,2000398934016,0,,0,,,,,,,,0,,,,,,23991,,,,,,,,,,,,,,,,,,,,,,,,,,,,,,29,,,,,,0,,,,,,,,,,,,,,,,,,,,,,,,,,,,
2013-12-11,MJ0351YNGAA1TA,Hitachi HDS5C3030ALA630,3000592982016,0,,0,,,,,,,,0,,,,,,7974,,,,,,,,,,,,,,,,,,,,,,,,,,,,,,28,,,,,,0,,,,,,,,,,,,,,,,,,,,,,,,,,,,
2013-12-11,S1F0T1K8,ST3000DM001,3000592982016,0,,163287128,,,,,,,,0,,,,,,10539,,,,,,,,,,,,,,,,,,,,,,,,,,,,,,20,,,,,,0,,,,,,,,,,,,,,,,,,,,,,,,,,,,
2013-12-11,MK0311YHGLZK0A,Hitachi HDS723030ALA640,3000592982016,0,,0,,,,,,,,0,,,,,,16076,,,,,,,,,,,,,,,,,,,,,,,,,,,,,,30,,,,,,0,,,,,,,,,,,,,,,,,,,,,,,,,,,,
2013-12-11,W300ASMG,ST4000DM000,4000787030016,0,,64854264,,,,,,,,0,,,,,,4140,,,,,,,,,,,,,,,,,,,,,,,,,,,,,,22,,,,,,0,,,,,,,,,,,,,,,,,,,,,,,,,,,,
2013-12-11,W300BA27,ST4000DM000,4000787030016,0,,136662456,,,,,,,,0,,,,,,3328,,,,,,,,,,,,,,,,,,,,,,,,,,,,,,19,,,,,,0,,,,,,,,,,,,,,,,,,,,,,,,,,,,
2013-12-11,W300D37M,ST4000DM000,4000787030016,0,,235081008,,,,,,,,0,,,,,,4166,,,,,,,,,,,,,,,,,,,,,,,,,,,,,,22,,,,,,0,,,,,,,,,,,,,,,,,,,,,,,,,,,,
2013-12-11,MJ1311YNG6RXAA,Hitachi HDS5C3030ALA630,3000592982016,0,,0,,,,,,,,0,,,,,,18485,,,,,,,,,,,,,,,,,,,,,,,,,,,,,,32,,,,,,0,,,,,,,,,,,,,,,,,,,,,,,,,,,,
2013-12-11,Z1F081Y5,ST3000DM001,3000592982016,0,,200338688,,,,,,,,0,,,,,,14733,,,,,,,,,,,,,,,,,,,,,,,,,,,,,,25,,,,,,0,,,,,,,,,,,,,,,,,,,,,,,,,,,,
2013-12-11,PL1321LAG33K0H,Hitachi HDS5C4040ALE630,4000787030016,0,,0,,,,,,,,0,,,,,,5923,,,,,,,,,,,,,,,,,,,,,,,,,,,,,,20,,,,,,0,,,,,,,,,,,,,,,,,,,,,,,,,,,,
2013-12-11,MJ1311YNG3EPTA,Hitachi HDS5C3030ALA630,3000592982016,0,,0,,,,,,,,0,,,,,,19253,,,,,,,,,,,,,,,,,,,,,,,,,,,,,,29,,,,,,0,,,,,,,,,,,,,,,,,,,,,,,,,,,,
2013-12-11,MJ1323YNG1JLYC,Hitachi HDS5C3030ALA630,3000592982016,0,,32,,,,,,,,6,,,,,,19731,,,,,,,,,,,,,,,,,,,,,,,,,,,,,,25,,,,,,0,,,,,,,,,,,,,,,,,,,,,,,,,,,,
2013-12-11,MJ1323YNG1TZKC,Hitachi HDS5C3030ALA630,3000592982016,0,,0,,,,,,,,0,,,,,,19310,,,,,,,,,,,,,,,,,,,,,,,,,,,,,,26,,,,,,0,,,,,,,,,,,,,,,,,,,,,,,,,,,,
2013-12-11,13H6A21GS,TOSHIBA DT01ACA300,3000592982016,0,,0,,,,,,,,0,,,,,,4875,,,,,,,,,,,,,,,,,,,,,,,,,,,,,,28,,,,,,0,,,,,,,,,,,,,,,,,,,,,,,,,,,,
2013-12-11,Z300MHXV,ST4000DM000,4000787030016,0,,177158664,,,,,,,,0,,,,,,2890,,,,,,,,,,,,,,,,,,,,,,,,,,,,,,26,,,,,,0,,,,,,,,,,,,,,,,,,,,,,,,,,,,
2013-12-11,MJ1311YNG35A0A,Hitachi HDS5C3030ALA630,3000592982016,0,,0,,,,,,,,0,,,,,,18065,,,,,,,,,,,,,,,,,,,,,,,,,,,,,,31,,,,,,0,,,,,,,,,,,,,,,,,,,,,,,,,,,,
2013-12-11,Z300MHXT,ST4000DM000,4000787030016,0,,161472752,,,,,,,,0,,,,,,2893,,,,,,,,,,,,,,,,,,,,,,,,,,,,,,26,,,,,,0,,,,,,,,,,,,,,,,,,,,,,,,,,,,
2013-12-11,JK11A8B9HWZESF,Hitachi HDS722020ALA330,2000398934016,0,,0,,,,,,,,0,,,,,,26144,,,,,,,,,,,,,,,,,,,,,,,,,,,,,,27,,,,,,0,,,,,,,,,,,,,,,,,,,,,,,,,,,,
2013-12-11,Z300MHXJ,ST4000DM000,4000787030016,0,,24666560,,,,,,,,0,,,,,,2901,,,,,,,,,,,,,,,,,,,,,,,,,,,,,,29,,,,,,0,,,,,,,,,,,,,,,,,,,,,,,,,,,,
2013-12-11,MK0333YHGPENBC,Hitachi HDS723030ALA640,3000592982016,0,,0,,,,,,,,0,,,,,,17755,,,,,,,,,,,,,,,,,,,,,,,,,,,,,,23,,,,,,0,,,,,,,,,,,,,,,,,,,,,,,,,,,,
2013-12-11,JK11A5B8J36N6X,Hitachi HDS722020ALA330,2000398934016,0,,0,,,,,,,,0,,,,,,23636,,,,,,,,,,,,,,,,,,,,,,,,,,,,,,28,,,,,,0,,,,,,,,,,,,,,,,,,,,,,,,,,,,
2013-12-11,WD-WMC4N0920967,WDC WD30EFRX,3000592982016,0,,0,,,,,,,,0,,,,,,656,,,,,,,,,,,,,,,,,,,,,,,,,,,,,,27,,,,,,0,,,,,,,,,,,,,,,,,,,,,,,,,,,,
2013-12-11,MJ1311YNG3DKYA,Hitachi HDS5C3030ALA630,3000592982016,0,,0,,,,,,,,0,,,,,,20733,,,,,,,,,,,,,,,,,,,,,,,,,,,,,,24,,,,,,0,,,,,,,,,,,,,,,,,,,,,,,,,,,,
2013-12-11,JK1101B9JPMKGF,Hitachi HDS722020ALA330,2000398934016,0,,0,,,,,,,,0,,,,,,23881,,,,,,,,,,,,,,,,,,,,,,,,,,,,,,24,,,,,,0,,,,,,,,,,,,,,,,,,,,,,,,,,,,
2013-12-11,6XW0VKLF,ST32000542AS,2000398934016,0,,92184723,,,,,,,,0,,,,,,6847,,,,,,,,,,,,,,,,,,,,,,,,,,,,,,26,,,,,,0,,,,,,,,,,,,,,,,,,,,,,,,,,,,
2013-12-11,JK11A8B9J70SYF,Hitachi HDS722020ALA330,2000398934016,0,,0,,,,,,,,0,,,,,,24628,,,,,,,,,,,,,,,,,,,,,,,,,,,,,,29,,,,,,0,,,,,,,,,,,,,,,,,,,,,,,,,,,,
2013-12-11,PL1311LAG2AX4H,Hitachi HDS5C4040ALE630,4000787030016,0,,0,,,,,,,,1,,,,,,6993,,,,,,,,,,,,,,,,,,,,,,,,,,,,,,22,,,,,,0,,,,,,,,,,,,,,,,,,,,,,,,,,,,
2013-12-11,Z300HMDY,ST4000DM000,4000787030016,0,,218280208,,,,,,,,0,,,,,,2901,,,,,,,,,,,,,,,,,,,,,,,,,,,,,,27,,,,,,0,,,,,,,,,,,,,,,,,,,,,,,,,,,,
2013-12-11,Z1F0QKA2,ST3000DM001,3000592982016,0,,19384288,,,,,,,,0,,,,,,11753,,,,,,,,,,,,,,,,,,,,,,,,,,,,,,28,,,,,,0,,,,,,,,,,,,,,,,,,,,,,,,,,,,
2013-12-11,S1E10CEK,ST1500DM003,1500301910016,0,,82772120,,,,,,,,0,,,,,,6547,,,,,,,,,,,,,,,,,,,,,,,,,,,,,,28,,,,,,0,,,,,,,,,,,,,,,,,,,,,,,,,,,,
2013-12-11,JK1130YAHDKL0T,Hitachi HDS722020ALA330,2000398934016,0,,3014669,,,,,,,,0,,,,,,30171,,,,,,,,,,,,,,,,,,,,,,,,,,,,,,27,,,,,,0,,,,,,,,,,,,,,,,,,,,,,,,,,,,
2013-12-11,PL1321LAG34L3H,Hitachi HDS5C4040ALE630,4000787030016,0,,0,,,,,,,,0,,,,,,6619,,,,,,,,,,,,,,,,,,,,,,,,,,,,,,26,,,,,,0,,,,,,,,,,,,,,,,,,,,,,,,,,,,
2013-12-11,Z300GYM3,ST4000DM000,4000787030016,0,,83490616,,,,,,,,0,,,,,,3583,,,,,,,,,,,,,,,,,,,,,,,,,,,,,,24,,,,,,0,,,,,,,,,,,,,,,,,,,,,,,,,,,,
2013-12-11,9VS1EPQS,ST31500341AS,1500301910016,0,,104692285,,,,,,,,4,,,,,,40577,,,,,,,,,,,,,,,,,,,,,,,,,,,,,,29,,,,,,0,,,,,,,,,,,,,,,,,,,,,,,,,,,,
2013-12-11,JK11A8B9HZTM4R,Hitachi HDS722020ALA330,2000398934016,0,,0,,,,,,,,0,,,,,,26328,,,,,,,,,,,,,,,,,,,,,,,,,,,,,,26,,,,,,0,,,,,,,,,,,,,,,,,,,,,,,,,,,,
2013-12-11,Z300GYM7,ST4000DM000,4000787030016,0,,77191120,,,,,,,,0,,,,,,3583,,,,,,,,,,,,,,,,,,,,,,,,,,,,,,23,,,,,,0,,,,,,,,,,,,,,,,,,,,,,,,,,,,
2013-12-11,MJ1311YNG786NA,Hitachi HDS5C3030ALA630,3000592982016,0,,0,,,,,,,,0,,,,,,14601,,,,,,,,,,,,,,,,,,,,,,,,,,,,,,24,,,,,,0,,,,,,,,,,,,,,,,,,,,,,,,,,,,
2013-12-11,Z300GYM8,ST4000DM000,4000787030016,0,,235173344,,,,,,,,0,,,,,,3624,,,,,,,,,,,,,,,,,,,,,,,,,,,,,,22,,,,,,0,,,,,,,,,,,,,,,,,,,,,,,,,,,,
2013-12-11,Z290YGNR,ST33000651AS,3000592982016,0,,132978974,,,,,,,,0,,,,,,18074,,,,,,,,,,,,,,,,,,,,,,,,,,,,,,26,,,,,,0,,,,,,,,,,,,,,,,,,,,,,,,,,,,
2013-12-11,WD-WCAU49448916,WDC WD10EADS,1000204886016,0,,5,,,,,,,,0,,,,,,30312,,,,,,,,,,,,,,,,,,,,,,,,,,,,,,33,,,,,,0,,,,,,,,,,,,,,,,,,,,,,,,,,,,
2013-12-11,Z300GYMG,ST4000DM000,4000787030016,0,,67611096,,,,,,,,0,,,,,,3580,,,,,,,,,,,,,,,,,,,,,,,,,,,,,,23,,,,,,0,,,,,,,,,,,,,,,,,,,,,,,,,,,,
2013-12-11,Z300GYMK,ST4000DM000,4000787030016,0,,8795424,,,,,,,,0,,,,,,3621,,,,,,,,,,,,,,,,,,,,,,,,,,,,,,20,,,,,,0,,,,,,,,,,,,,,,,,,,,,,,,,,,,
2013-12-11,S1F0S773,ST3000DM001,3000592982016,0,,116284856,,,,,,,,0,,,,,,10771,,,,,,,,,,,,,,,,,,,,,,,,,,,,,,26,,,,,,0,,,,,,,,,,,,,,,,,,,,,,,,,,,,
2013-12-11,Z300K291,ST4000DM000,4000787030016,0,,98214896,,,,,,,,0,,,,,,2241,,,,,,,,,,,,,,,,,,,,,,,,,,,,,,19,,,,,,0,,,,,,,,,,,,,,,,,,,,,,,,,,,,
2013-12-11,Z300GYMP,ST4000DM000,4000787030016,0,,20180712,,,,,,,,0,,,,,,3581,,,,,,,,,,,,,,,,,,,,,,,,,,,,,,24,,,,,,0,,,,,,,,,,,,,,,,,,,,,,,,,,,,
2013-12-11,Z300GYMQ,ST4000DM000,4000787030016,0,,14001376,,,,,,,,0,,,,,,3630,,,,,,,,,,,,,,,,,,,,,,,,,,,,,,24,,,,,,0,,,,,,,,,,,,,,,,,,,,,,,,,,,,
2013-12-11,Z300GYMW,ST4000DM000,4000787030016,0,,199695296,,,,,,,,0,,,,,,2899,,,,,,,,,,,,,,,,,,,,,,,,,,,,,,26,,,,,,0,,,,,,,,,,,,,,,,,,,,,,,,,,,,
2013-12-11,Z300GYMT,ST4000DM000,4000787030016,0,,137879552,,,,,,,,0,,,,,,3583,,,,,,,,,,,,,,,,,,,,,,,,,,,,,,24,,,,,,0,,,,,,,,,,,,,,,,,,,,,,,,,,,,
2013-12-11,JK1101B8KNHAUS,Hitachi HDS722020ALA330,2000398934016,0,,0,,,,,,,,0,,,,,,22954,,,,,,,,,,,,,,,,,,,,,,,,,,,,,,26,,,,,,0,,,,,,,,,,,,,,,,,,,,,,,,,,,,
2013-12-11,W300KKNG,ST4000DM000,4000787030016,0,,155528168,,,,,,,,0,,,,,,885,,,,,,,,,,,,,,,,,,,,,,,,,,,,,,23,,,,,,0,,,,,,,,,,,,,,,,,,,,,,,,,,,,
2013-12-11,W300KKNQ,ST4000DM000,4000787030016,0,,154653992,,,,,,,,0,,,,,,909,,,,,,,,,,,,,,,,,,,,,,,,,,,,,,20,,,,,,0,,,,,,,,,,,,,,,,,,,,,,,,,,,,
2013-12-11,JK11A8B9J3P33F,Hitachi HDS722020ALA330,2000398934016,0,,131072,,,,,,,,6,,,,,,21750,,,,,,,,,,,,,,,,,,,,,,,,,,,,,,28,,,,,,1,,,,,,,,,,,,,,,,,,,,,,,,,,,,
2013-12-11,JK1101B9JLNEVT,Hitachi HDS722020ALA330,2000398934016,0,,0,,,,,,,,0,,,,,,24099,,,,,,,,,,,,,,,,,,,,,,,,,,,,,,28,,,,,,0,,,,,,,,,,,,,,,,,,,,,,,,,,,,
2013-12-11,S1F08N21,ST3000DM001,3000592982016,0,,38390888,,,,,,,,0,,,,,,13870,,,,,,,,,,,,,,,,,,,,,,,,,,,,,,25,,,,,,0,,,,,,,,,,,,,,,,,,,,,,,,,,,,
2013-12-11,WD-WCC1T1240489,WDC WD30EFRX,3000592982016,0,,0,,,,,,,,0,,,,,,873,,,,,,,,,,,,,,,,,,,,,,,,,,,,,,25,,,,,,0,,,,,,,,,,,,,,,,,,,,,,,,,,,,
2013-12-11,W1F09NNW,ST3000DM001,3000592982016,0,,156378128,,,,,,,,0,,,,,,13837,,,,,,,,,,,,,,,,,,,,,,,,,,,,,,24,,,,,,0,,,,,,,,,,,,,,,,,,,,,,,,,,,,
2013-12-11,JK11A8B9JR1RJF,Hitachi HDS722020ALA330,2000398934016,0,,0,,,,,,,,0,,,,,,24112,,,,,,,,,,,,,,,,,,,,,,,,,,,,,,26,,,,,,0,,,,,,,,,,,,,,,,,,,,,,,,,,,,
2013-12-11,W1F0KHHQ,ST3000DM001,3000592982016,0,,206240760,,,,,,,,0,,,,,,11693,,,,,,,,,,,,,,,,,,,,,,,,,,,,,,26,,,,,,0,,,,,,,,,,,,,,,,,,,,,,,,,,,,
2013-12-11,JK11A8B9J6791F,Hitachi HDS722020ALA330,2000398934016,0,,131074,,,,,,,,0,,,,,,24544,,,,,,,,,,,,,,,,,,,,,,,,,,,,,,29,,,,,,0,,,,,,,,,,,,,,,,,,,,,,,,,,,,
2013-12-11,MK0311YHGJM1WA,Hitachi HDS723030ALA640,3000592982016,0,,0,,,,,,,,0,,,,,,18088,,,,,,,,,,,,,,,,,,,,,,,,,,,,,,31,,,,,,0,,,,,,,,,,,,,,,,,,,,,,,,,,,,
2013-12-11,MJ0351YNG9ZNYA,Hitachi HDS5C3030ALA630,3000592982016,0,,0,,,,,,,,0,,,,,,9553,,,,,,,,,,,,,,,,,,,,,,,,,,,,,,29,,,,,,0,,,,,,,,,,,,,,,,,,,,,,,,,,,,
2013-12-11,6XW0TRP5,ST31500541AS,1500301910016,0,,4227827,,,,,,,,0,,,,,,33296,,,,,,,,,,,,,,,,,,,,,,,,,,,,,,24,,,,,,0,,,,,,,,,,,,,,,,,,,,,,,,,,,,
2013-12-11,MJ0351YNG92EDA,Hitachi HDS5C3030ALA630,3000592982016,0,,0,,,,,,,,0,,,,,,9669,,,,,,,,,,,,,,,,,,,,,,,,,,,,,,29,,,,,,0,,,,,,,,,,,,,,,,,,,,,,,,,,,,
2013-12-11,JK1170YAJDAG9T,Hitachi HDS722020ALA330,2000398934016,0,,0,,,,,,,,0,,,,,,28681,,,,,,,,,,,,,,,,,,,,,,,,,,,,,,27,,,,,,0,,,,,,,,,,,,,,,,,,,,,,,,,,,,
2013-12-11,S1F03EGX,ST3000DM001,3000592982016,0,,30248170,,,,,,,,64744,,,,,,15418,,,,,,,,,,,,,,,,,,,,,,,,,,,,,,26,,,,,,0,,,,,,,,,,,,,,,,,,,,,,,,,,,,
2013-12-11,Z3004NJ7,ST4000DM000,4000787030016,0,,211515800,,,,,,,,0,,,,,,179,,,,,,,,,,,,,,,,,,,,,,,,,,,,,,19,,,,,,0,,,,,,,,,,,,,,,,,,,,,,,,,,,,
2013-12-11,MJ0351YNG9UXNA,Hitachi HDS5C3030ALA630,3000592982016,0,,196608,,,,,,,,0,,,,,,7610,,,,,,,,,,,,,,,,,,,,,,,,,,,,,,24,,,,,,0,,,,,,,,,,,,,,,,,,,,,,,,,,,,
2013-12-11,S1F0R42P,ST3000DM001,3000592982016,0,,194201512,,,,,,,,0,,,,,,11685,,,,,,,,,,,,,,,,,,,,,,,,,,,,,,34,,,,,,0,,,,,,,,,,,,,,,,,,,,,,,,,,,,
2013-12-11,9XW01RNF,ST31500541AS,1500301910016,0,,65535406,,,,,,,,0,,,,,,35049,,,,,,,,,,,,,,,,,,,,,,,,,,,,,,20,,,,,,0,,,,,,,,,,,,,,,,,,,,,,,,,,,,
2013-12-11,9XW01RNP,ST31500541AS,1500301910016,0,,177749061,,,,,,,,0,,,,,,35651,,,,,,,,,,,,,,,,,,,,,,,,,,,,,,19,,,,,,0,,,,,,,,,,,,,,,,,,,,,,,,,,,,
2013-12-11,9VS1Y90G,ST31500341AS,1500301910016,0,,200729159,,,,,,,,5,,,,,,39474,,,,,,,,,,,,,,,,,,,,,,,,,,,,,,29,,,,,,0,,,,,,,,,,,,,,,,,,,,,,,,,,,,
2013-12-11,9XW01RNX,ST31500541AS,1500301910016,0,,84901239,,,,,,,,0,,,,,,35651,,,,,,,,,,,,,,,,,,,,,,,,,,,,,,19,,,,,,0,,,,,,,,,,,,,,,,,,,,,,,,,,,,
2013-12-11,9XW01RNZ,ST31500541AS,1500301910016,0,,40593864,,,,,,,,0,,,,,,35200,,,,,,,,,,,,,,,,,,,,,,,,,,,,,,21,,,,,,0,,,,,,,,,,,,,,,,,,,,,,,,,,,,
2013-12-11,6XW0WRM1,ST31500541AS,1500301910016,0,,6091626,,,,,,,,0,,,,,,30464,,,,,,,,,,,,,,,,,,,,,,,,,,,,,,20,,,,,,0,,,,,,,,,,,,,,,,,,,,,,,,,,,,
2013-12-11,W300D7NS,ST4000DM000,4000787030016,0,,226850192,,,,,,,,0,,,,,,4140,,,,,,,,,,,,,,,,,,,,,,,,,,,,,,25,,,,,,0,,,,,,,,,,,,,,,,,,,,,,,,,,,,
2013-12-11,JK11A8B9J0L16F,Hitachi HDS722020ALA330,2000398934016,0,,0,,,,,,,,0,,,,,,26144,,,,,,,,,,,,,,,,,,,,,,,,,,,,,,25,,,,,,0,,,,,,,,,,,,,,,,,,,,,,,,,,,,
2013-12-11,9VS3FG4Z,ST31500341AS,1500301910016,0,,74663326,,,,,,,,8,,,,,,32919,,,,,,,,,,,,,,,,,,,,,,,,,,,,,,19,,,,,,0,,,,,,,,,,,,,,,,,,,,,,,,,,,,
2013-12-11,WD-WCC1T1247621,WDC WD30EFRX,3000592982016,0,,0,,,,,,,,0,,,,,,1183,,,,,,,,,,,,,,,,,,,,,,,,,,,,,,24,,,,,,0,,,,,,,,,,,,,,,,,,,,,,,,,,,,
2013-12-11,PL1311LAG2EGUH,Hitachi HDS5C4040ALE630,4000787030016,0,,0,,,,,,,,0,,,,,,7385,,,,,,,,,,,,,,,,,,,,,,,,,,,,,,26,,,,,,0,,,,,,,,,,,,,,,,,,,,,,,,,,,,
2013-12-11,PL1311LAG28G6H,Hitachi HDS5C4040ALE630,4000787030016,0,,0,,,,,,,,0,,,,,,6653,,,,,,,,,,,,,,,,,,,,,,,,,,,,,,26,,,,,,0,,,,,,,,,,,,,,,,,,,,,,,,,,,,
2013-12-11,9VS1QXH4,ST31500341AS,1500301910016,0,,123871517,,,,,,,,11,,,,,,40242,,,,,,,,,,,,,,,,,,,,,,,,,,,,,,28,,,,,,0,,,,,,,,,,,,,,,,,,,,,,,,,,,,
2013-12-11,PL2311LAG1P5KC,Hitachi HDS5C4040ALE630,4000787030016,0,,0,,,,,,,,0,,,,,,7402,,,,,,,,,,,,,,,,,,,,,,,,,,,,,,24,,,,,,0,,,,,,,,,,,,,,,,,,,,,,,,,,,,
2013-12-11,MJ1323YNG1UYSC,Hitachi HDS5C3030ALA630,3000592982016,0,,0,,,,,,,,0,,,,,,19744,,,,,,,,,,,,,,,,,,,,,,,,,,,,,,27,,,,,,0,,,,,,,,,,,,,,,,,,,,,,,,,,,,
2013-12-11,WD-WMAWZ0218012,WDC WD30EZRX,3000592982016,0,,0,,,,,,,,0,,,,,,12930,,,,,,,,,,,,,,,,,,,,,,,,,,,,,,25,,,,,,0,,,,,,,,,,,,,,,,,,,,,,,,,,,,
2013-12-11,MK0313YHGBMAVC,Hitachi HDS723030ALA640,3000592982016,0,,0,,,,,,,,0,,,,,,21462,,,,,,,,,,,,,,,,,,,,,,,,,,,,,,30,,,,,,0,,,,,,,,,,,,,,,,,,,,,,,,,,,,
2013-12-11,JK1101B9JP3GBF,Hitachi HDS722020ALA330,2000398934016,0,,65536,,,,,,,,7,,,,,,24426,,,,,,,,,,,,,,,,,,,,,,,,,,,,,,25,,,,,,0,,,,,,,,,,,,,,,,,,,,,,,,,,,,
2013-12-11,MK0333YHGPGA9C,Hitachi HDS723030ALA640,3000592982016,0,,0,,,,,,,,0,,,,,,18088,,,,,,,,,,,,,,,,,,,,,,,,,,,,,,28,,,,,,0,,,,,,,,,,,,,,,,,,,,,,,,,,,,
2013-12-11,MK0331YHGMU8XA,Hitachi HDS723030ALA640,3000592982016,0,,0,,,,,,,,0,,,,,,17357,,,,,,,,,,,,,,,,,,,,,,,,,,,,,,22,,,,,,0,,,,,,,,,,,,,,,,,,,,,,,,,,,,
2013-12-11,JK1101YAJZNZMZ,Hitachi HDS722020ALA330,2000398934016,0,,131072,,,,,,,,0,,,,,,29211,,,,,,,,,,,,,,,,,,,,,,,,,,,,,,31,,,,,,0,,,,,,,,,,,,,,,,,,,,,,,,,,,,
2013-12-11,W300B35R,ST4000DM000,4000787030016,0,,25867368,,,,,,,,0,,,,,,3587,,,,,,,,,,,,,,,,,,,,,,,,,,,,,,21,,,,,,0,,,,,,,,,,,,,,,,,,,,,,,,,,,,
2013-12-11,S1F033K4,ST3000DM001,3000592982016,0,,218500488,,,,,,,,32728,,,,,,15192,,,,,,,,,,,,,,,,,,,,,,,,,,,,,,21,,,,,,16,,,,,,,,,,,,,,,,,,,,,,,,,,,,
2013-12-11,PL1321LAG2HJRH,Hitachi HDS5C4040ALE630,4000787030016,0,,0,,,,,,,,0,,,,,,5958,,,,,,,,,,,,,,,,,,,,,,,,,,,,,,27,,,,,,0,,,,,,,,,,,,,,,,,,,,,,,,,,,,
2013-12-11,Z300CWDP,ST4000DM000,4000787030016,0,,182662448,,,,,,,,0,,,,,,2843,,,,,,,,,,,,,,,,,,,,,,,,,,,,,,19,,,,,,0,,,,,,,,,,,,,,,,,,,,,,,,,,,,
2013-12-11,W300BYW8,ST4000DM000,4000787030016,0,,243213888,,,,,,,,0,,,,,,4136,,,,,,,,,,,,,,,,,,,,,,,,,,,,,,21,,,,,,0,,,,,,,,,,,,,,,,,,,,,,,,,,,,
2013-12-11,W300CHLJ,ST4000DM000,4000787030016,0,,54029656,,,,,,,,0,,,,,,4047,,,,,,,,,,,,,,,,,,,,,,,,,,,,,,23,,,,,,0,,,,,,,,,,,,,,,,,,,,,,,,,,,,
2013-12-11,JK11A8B9J7GJ9F,Hitachi HDS722020ALA330,2000398934016,0,,0,,,,,,,,0,,,,,,25581,,,,,,,,,,,,,,,,,,,,,,,,,,,,,,23,,,,,,0,,,,,,,,,,,,,,,,,,,,,,,,,,,,
2013-12-11,MJ0351YNG9Z6RA,Hitachi HDS5C3030ALA630,3000592982016,0,,0,,,,,,,,0,,,,,,9913,,,,,,,,,,,,,,,,,,,,,,,,,,,,,,32,,,,,,0,,,,,,,,,,,,,,,,,,,,,,,,,,,,
2013-12-11,Z300W5WM,ST4000DM000,4000787030016,0,,166586712,,,,,,,,0,,,,,,815,,,,,,,,,,,,,,,,,,,,,,,,,,,,,,18,,,,,,0,,,,,,,,,,,,,,,,,,,,,,,,,,,,
2013-12-11,Z300W5WB,ST4000DM000,4000787030016,0,,69110240,,,,,,,,0,,,,,,944,,,,,,,,,,,,,,,,,,,,,,,,,,,,,,24,,,,,,0,,,,,,,,,,,,,,,,,,,,,,,,,,,,
2013-12-11,PL1321LAGATJGH,Hitachi HDS5C4040ALE630,4000787030016,0,,0,,,,,,,,0,,,,,,5075,,,,,,,,,,,,,,,,,,,,,,,,,,,,,,27,,,,,,0,,,,,,,,,,,,,,,,,,,,,,,,,,,,
2013-12-11,5XW00L6T,ST31500541AS,1500301910016,0,,189025618,,,,,,,,0,,,,,,30533,,,,,,,,,,,,,,,,,,,,,,,,,,,,,,17,,,,,,0,,,,,,,,,,,,,,,,,,,,,,,,,,,,
2013-12-11,MJ0351YNG9YJ4A,Hitachi HDS5C3030ALA630,3000592982016,0,,0,,,,,,,,0,,,,,,9773,,,,,,,,,,,,,,,,,,,,,,,,,,,,,,28,,,,,,0,,,,,,,,,,,,,,,,,,,,,,,,,,,,
2013-12-11,Z300W5WV,ST4000DM000,4000787030016,0,,207860304,,,,,,,,0,,,,,,918,,,,,,,,,,,,,,,,,,,,,,,,,,,,,,18,,,,,,0,,,,,,,,,,,,,,,,,,,,,,,,,,,,
2013-12-11,Z300PA29,ST4000DM000,4000787030016,0,,61792912,,,,,,,,0,,,,,,1232,,,,,,,,,,,,,,,,,,,,,,,,,,,,,,18,,,,,,0,,,,,,,,,,,,,,,,,,,,,,,,,,,,
2013-12-11,6XW0594G,ST31500541AS,1500301910016,0,,94438634,,,,,,,,20,,,,,,36339,,,,,,,,,,,,,,,,,,,,,,,,,,,,,,20,,,,,,0,,,,,,,,,,,,,,,,,,,,,,,,,,,,
2013-12-11,S1F06XSB,ST3000DM001,3000592982016,0,,198380440,,,,,,,,0,,,,,,13746,,,,,,,,,,,,,,,,,,,,,,,,,,,,,,23,,,,,,0,,,,,,,,,,,,,,,,,,,,,,,,,,,,
2013-12-11,S1F0B5QJ,ST3000DM001,3000592982016,0,,220602408,,,,,,,,0,,,,,,12366,,,,,,,,,,,,,,,,,,,,,,,,,,,,,,24,,,,,,0,,,,,,,,,,,,,,,,,,,,,,,,,,,,
2013-12-11,PL1311LAG2NELH,Hitachi HDS5C4040ALE630,4000787030016,0,,0,,,,,,,,0,,,,,,6614,,,,,,,,,,,,,,,,,,,,,,,,,,,,,,27,,,,,,0,,,,,,,,,,,,,,,,,,,,,,,,,,,,
2013-12-11,MK0311YHG1U1ZA,Hitachi HDS723030ALA640,3000592982016,0,,0,,,,,,,,0,,,,,,16680,,,,,,,,,,,,,,,,,,,,,,,,,,,,,,23,,,,,,0,,,,,,,,,,,,,,,,,,,,,,,,,,,,
2013-12-11,W1F0A4GS,ST3000DM001,3000592982016,0,,192187328,,,,,,,,0,,,,,,15195,,,,,,,,,,,,,,,,,,,,,,,,,,,,,,23,,,,,,0,,,,,,,,,,,,,,,,,,,,,,,,,,,,
2013-12-11,PL1311LAG2BK7H,Hitachi HDS5C4040ALE630,4000787030016,0,,0,,,,,,,,0,,,,,,7461,,,,,,,,,,,,,,,,,,,,,,,,,,,,,,29,,,,,,0,,,,,,,,,,,,,,,,,,,,,,,,,,,,
2013-12-11,JK11A8B9J3DHLF,Hitachi HDS722020ALA330,2000398934016,0,,1,,,,,,,,0,,,,,,23636,,,,,,,,,,,,,,,,,,,,,,,,,,,,,,30,,,,,,0,,,,,,,,,,,,,,,,,,,,,,,,,,,,
2013-12-11,S1F032C6,ST3000DM001,3000592982016,0,,160353360,,,,,,,,0,,,,,,15193,,,,,,,,,,,,,,,,,,,,,,,,,,,,,,21,,,,,,0,,,,,,,,,,,,,,,,,,,,,,,,,,,,
2013-12-11,6XW00SPC,ST31500541AS,1500301910016,0,,188287812,,,,,,,,0,,,,,,36450,,,,,,,,,,,,,,,,,,,,,,,,,,,,,,17,,,,,,0,,,,,,,,,,,,,,,,,,,,,,,,,,,,
2013-12-11,JK1105B8J10GXX,Hitachi HDS722020ALA330,2000398934016,0,,131075,,,,,,,,0,,,,,,22695,,,,,,,,,,,,,,,,,,,,,,,,,,,,,,27,,,,,,0,,,,,,,,,,,,,,,,,,,,,,,,,,,,
2013-12-11,W1F0X4VZ,ST3000DM001,3000592982016,0,,177532448,,,,,,,,0,,,,,,10727,,,,,,,,,,,,,,,,,,,,,,,,,,,,,,24,,,,,,0,,,,,,,,,,,,,,,,,,,,,,,,,,,,
2013-12-11,MJ1321YNG09GUA,Hitachi HDS5C3030ALA630,3000592982016,0,,0,,,,,,,,0,,,,,,20732,,,,,,,,,,,,,,,,,,,,,,,,,,,,,,27,,,,,,0,,,,,,,,,,,,,,,,,,,,,,,,,,,,
2013-12-11,JK1105B8JS13NX,Hitachi HDS722020ALA330,2000398934016,0,,131073,,,,,,,,0,,,,,,23125,,,,,,,,,,,,,,,,,,,,,,,,,,,,,,28,,,,,,0,,,,,,,,,,,,,,,,,,,,,,,,,,,,
2013-12-11,S1F0RVVR,ST3000DM001,3000592982016,0,,226410872,,,,,,,,0,,,,,,10727,,,,,,,,,,,,,,,,,,,,,,,,,,,,,,21,,,,,,0,,,,,,,,,,,,,,,,,,,,,,,,,,,,
2013-12-11,Z1F0LD7W,ST3000DM001,3000592982016,0,,73031640,,,,,,,,0,,,,,,12171,,,,,,,,,,,,,,,,,,,,,,,,,,,,,,24,,,,,,0,,,,,,,,,,,,,,,,,,,,,,,,,,,,
2013-12-11,MJ0351YNG9ZY3A,Hitachi HDS5C3030ALA630,3000592982016,0,,0,,,,,,,,0,,,,,,9312,,,,,,,,,,,,,,,,,,,,,,,,,,,,,,28,,,,,,0,,,,,,,,,,,,,,,,,,,,,,,,,,,,
2013-12-11,S1F0BN0S,ST3000DM001,3000592982016,0,,108790600,,,,,,,,408,,,,,,12366,,,,,,,,,,,,,,,,,,,,,,,,,,,,,,25,,,,,,0,,,,,,,,,,,,,,,,,,,,,,,,,,,,
2013-12-11,MJ1311YNG7EMNA,Hitachi HDS5C3030ALA630,3000592982016,0,,0,,,,,,,,0,,,,,,14574,,,,,,,,,,,,,,,,,,,,,,,,,,,,,,20,,,,,,0,,,,,,,,,,,,,,,,,,,,,,,,,,,,
2013-12-11,PK1331PAJ286ES,HGST HDS724040ALE640,4000787030016,0,,0,,,,,,,,0,,,,,,2027,,,,,,,,,,,,,,,,,,,,,,,,,,,,,,26,,,,,,0,,,,,,,,,,,,,,,,,,,,,,,,,,,,
2013-12-11,WD-WCAWZ0814315,WDC WD30EZRX,3000592982016,0,,0,,,,,,,,0,,,,,,15834,,,,,,,,,,,,,,,,,,,,,,,,,,,,,,26,,,,,,0,,,,,,,,,,,,,,,,,,,,,,,,,,,,
2013-12-11,JK11A8B9J0ZBYF,Hitachi HDS722020ALA330,2000398934016,0,,0,,,,,,,,0,,,,,,26145,,,,,,,,,,,,,,,,,,,,,,,,,,,,,,28,,,,,,0,,,,,,,,,,,,,,,,,,,,,,,,,,,,
2013-12-11,PL1310LAG01B2A,Hitachi HDS5C4040ALE630,4000787030016,0,,0,,,,,,,,0,,,,,,12999,,,,,,,,,,,,,,,,,,,,,,,,,,,,,,26,,,,,,0,,,,,,,,,,,,,,,,,,,,,,,,,,,,
2013-12-11,W300B4PS,ST4000DM000,4000787030016,0,,134057496,,,,,,,,0,,,,,,4183,,,,,,,,,,,,,,,,,,,,,,,,,,,,,,25,,,,,,0,,,,,,,,,,,,,,,,,,,,,,,,,,,,
2013-12-11,W3004ZB6,ST4000DM000,4000787030016,0,,54505384,,,,,,,,0,,,,,,2879,,,,,,,,,,,,,,,,,,,,,,,,,,,,,,18,,,,,,0,,,,,,,,,,,,,,,,,,,,,,,,,,,,
2013-12-11,JK1101B9JJMSAF,Hitachi HDS722020ALA330,2000398934016,0,,0,,,,,,,,0,,,,,,23990,,,,,,,,,,,,,,,,,,,,,,,,,,,,,,22,,,,,,0,,,,,,,,,,,,,,,,,,,,,,,,,,,,
2013-12-11,S1F0S6EY,ST3000DM001,3000592982016,0,,115796936,,,,,,,,0,,,,,,10726,,,,,,,,,,,,,,,,,,,,,,,,,,,,,,25,,,,,,0,,,,,,,,,,,,,,,,,,,,,,,,,,,,
2013-12-11,W1F1A4JB,ST3000DM001,3000592982016,0,,128350192,,,,,,,,0,,,,,,8174,,,,,,,,,,,,,,,,,,,,,,,,,,,,,,23,,,,,,0,,,,,,,,,,,,,,,,,,,,,,,,,,,,
2013-12-11,S1F0S6EV,ST3000DM001,3000592982016,0,,138801688,,,,,,,,0,,,,,,10501,,,,,,,,,,,,,,,,,,,,,,,,,,,,,,23,,,,,,0,,,,,,,,,,,,,,,,,,,,,,,,,,,,
2013-12-11,W300J6GX,ST4000DM000,4000787030016,0,,169572120,,,,,,,,0,,,,,,2248,,,,,,,,,,,,,,,,,,,,,,,,,,,,,,22,,,,,,0,,,,,,,,,,,,,,,,,,,,,,,,,,,,
2013-12-11,JK1105B8GEUR6X,Hitachi HDS722020ALA330,2000398934016,0,,0,,,,,,,,2,,,,,,26859,,,,,,,,,,,,,,,,,,,,,,,,,,,,,,32,,,,,,0,,,,,,,,,,,,,,,,,,,,,,,,,,,,
2013-12-11,6XW03EB8,ST31500541AS,1500301910016,0,,79097236,,,,,,,,0,,,,,,36371,,,,,,,,,,,,,,,,,,,,,,,,,,,,,,23,,,,,,0,,,,,,,,,,,,,,,,,,,,,,,,,,,,
2013-12-11,MJ1311YNG30Z4A,Hitachi HDS5C3030ALA630,3000592982016,0,,0,,,,,,,,0,,,,,,18040,,,,,,,,,,,,,,,,,,,,,,,,,,,,,,26,,,,,,0,,,,,,,,,,,,,,,,,,,,,,,,,,,,
2013-12-11,MJ0351YNGAAH2A,Hitachi HDS5C3030ALA630,3000592982016,0,,0,,,,,,,,0,,,,,,8613,,,,,,,,,,,,,,,,,,,,,,,,,,,,,,32,,,,,,0,,,,,,,,,,,,,,,,,,,,,,,,,,,,
2013-12-11,MJ1311YNG3GELA,Hitachi HDS5C3030ALA630,3000592982016,0,,0,,,,,,,,0,,,,,,19250,,,,,,,,,,,,,,,,,,,,,,,,,,,,,,24,,,,,,0,,,,,,,,,,,,,,,,,,,,,,,,,,,,
2013-12-11,MJ1323YNG1RLUC,Hitachi HDS5C3030ALA630,3000592982016,0,,0,,,,,,,,0,,,,,,19728,,,,,,,,,,,,,,,,,,,,,,,,,,,,,,24,,,,,,0,,,,,,,,,,,,,,,,,,,,,,,,,,,,
2013-12-11,Z1F0DGYP,ST3000DM001,3000592982016,0,,98947328,,,,,,,,0,,,,,,8888,,,,,,,,,,,,,,,,,,,,,,,,,,,,,,27,,,,,,0,,,,,,,,,,,,,,,,,,,,,,,,,,,,
2013-12-11,JK11A8B9J3B99F,Hitachi HDS722020ALA330,2000398934016,0,,196608,,,,,,,,0,,,,,,23543,,,,,,,,,,,,,,,,,,,,,,,,,,,,,,40,,,,,,0,,,,,,,,,,,,,,,,,,,,,,,,,,,,
2013-12-11,JK11A8B9J3MSPF,Hitachi HDS722020ALA330,2000398934016,0,,0,,,,,,,,0,,,,,,22702,,,,,,,,,,,,,,,,,,,,,,,,,,,,,,28,,,,,,0,,,,,,,,,,,,,,,,,,,,,,,,,,,,
2013-12-11,PL1311LAG3EJ3H,Hitachi HDS5C4040ALE630,4000787030016,0,,0,,,,,,,,0,,,,,,5931,,,,,,,,,,,,,,,,,,,,,,,,,,,,,,28,,,,,,0,,,,,,,,,,,,,,,,,,,,,,,,,,,,
2013-12-11,W1F0ATQV,ST3000DM001,3000592982016,0,,209405384,,,,,,,,0,,,,,,14233,,,,,,,,,,,,,,,,,,,,,,,,,,,,,,21,,,,,,0,,,,,,,,,,,,,,,,,,,,,,,,,,,,
2013-12-11,JK1101B9J3VG9F,Hitachi HDS722020ALA330,2000398934016,0,,1,,,,,,,,0,,,,,,23104,,,,,,,,,,,,,,,,,,,,,,,,,,,,,,23,,,,,,0,,,,,,,,,,,,,,,,,,,,,,,,,,,,
2013-12-11,S1F0S5M2,ST3000DM001,3000592982016,0,,78911440,,,,,,,,0,,,,,,10502,,,,,,,,,,,,,,,,,,,,,,,,,,,,,,26,,,,,,0,,,,,,,,,,,,,,,,,,,,,,,,,,,,
2013-12-11,PL1311LAG21A4A,Hitachi HDS5C4040ALE630,4000787030016,0,,0,,,,,,,,0,,,,,,7463,,,,,,,,,,,,,,,,,,,,,,,,,,,,,,24,,,,,,0,,,,,,,,,,,,,,,,,,,,,,,,,,,,
2013-12-11,W1F03W4K,ST3000DM001,3000592982016,0,,140186496,,,,,,,,0,,,,,,14733,,,,,,,,,,,,,,,,,,,,,,,,,,,,,,23,,,,,,0,,,,,,,,,,,,,,,,,,,,,,,,,,,,
2013-12-11,PL1311LAG2GPGH,Hitachi HDS5C4040ALE630,4000787030016,0,,0,,,,,,,,0,,,,,,6654,,,,,,,,,,,,,,,,,,,,,,,,,,,,,,21,,,,,,0,,,,,,,,,,,,,,,,,,,,,,,,,,,,
2013-12-11,MJ0351YNGA67JA,Hitachi HDS5C3030ALA630,3000592982016,0,,0,,,,,,,,0,,,,,,8545,,,,,,,,,,,,,,,,,,,,,,,,,,,,,,27,,,,,,0,,,,,,,,,,,,,,,,,,,,,,,,,,,,
2013-12-11,W1F0ATQ3,ST3000DM001,3000592982016,0,,176837280,,,,,,,,96,,,,,,13360,,,,,,,,,,,,,,,,,,,,,,,,,,,,,,25,,,,,,8,,,,,,,,,,,,,,,,,,,,,,,,,,,,
2013-12-11,WD-WCAU44830097,WDC WD10EACS,1000204886016,0,,0,,,,,,,,0,,,,,,43271,,,,,,,,,,,,,,,,,,,,,,,,,,,,,,21,,,,,,0,,,,,,,,,,,,,,,,,,,,,,,,,,,,
2013-12-11,MJ0351YNGA6TMA,Hitachi HDS5C3030ALA630,3000592982016,0,,0,,,,,,,,0,,,,,,8663,,,,,,,,,,,,,,,,,,,,,,,,,,,,,,27,,,,,,0,,,,,,,,,,,,,,,,,,,,,,,,,,,,
2013-12-11,MJ0351YNG9V9DA,Hitachi HDS5C3030ALA630,3000592982016,0,,0,,,,,,,,0,,,,,,8214,,,,,,,,,,,,,,,,,,,,,,,,,,,,,,26,,,,,,0,,,,,,,,,,,,,,,,,,,,,,,,,,,,
2013-12-11,WD-WCAV51048586,WDC WD10EADS,1000204886016,0,,0,,,,,,,,0,,,,,,35135,,,,,,,,,,,,,,,,,,,,,,,,,,,,,,24,,,,,,0,,,,,,,,,,,,,,,,,,,,,,,,,,,,
2013-12-11,MJ1311YNG3KKWA,Hitachi HDS5C3030ALA630,3000592982016,0,,0,,,,,,,,0,,,,,,19253,,,,,,,,,,,,,,,,,,,,,,,,,,,,,,28,,,,,,0,,,,,,,,,,,,,,,,,,,,,,,,,,,,
2013-12-11,MJ1311YNG7EK0A,Hitachi HDS5C3030ALA630,3000592982016,0,,0,,,,,,,,0,,,,,,14624,,,,,,,,,,,,,,,,,,,,,,,,,,,,,,25,,,,,,0,,,,,,,,,,,,,,,,,,,,,,,,,,,,
2013-12-11,WD-WMC4N1012303,WDC WD30EFRX,3000592982016,0,,0,,,,,,,,0,,,,,,157,,,,,,,,,,,,,,,,,,,,,,,,,,,,,,25,,,,,,0,,,,,,,,,,,,,,,,,,,,,,,,,,,,
2013-12-11,Z300FP54,ST4000DM000,4000787030016,0,,210849392,,,,,,,,0,,,,,,3652,,,,,,,,,,,,,,,,,,,,,,,,,,,,,,26,,,,,,0,,,,,,,,,,,,,,,,,,,,,,,,,,,,
2013-12-11,JK1101B8JP8W5Z,Hitachi HDS722020ALA330,2000398934016,0,,0,,,,,,,,1,,,,,,24099,,,,,,,,,,,,,,,,,,,,,,,,,,,,,,28,,,,,,0,,,,,,,,,,,,,,,,,,,,,,,,,,,,
2013-12-11,6XW10AH0,ST31500541AS,1500301910016,0,,215809211,,,,,,,,0,,,,,,29914,,,,,,,,,,,,,,,,,,,,,,,,,,,,,,20,,,,,,0,,,,,,,,,,,,,,,,,,,,,,,,,,,,
2013-12-11,W30045V0,ST4000DM000,4000787030016,0,,34749400,,,,,,,,0,,,,,,2244,,,,,,,,,,,,,,,,,,,,,,,,,,,,,,17,,,,,,0,,,,,,,,,,,,,,,,,,,,,,,,,,,,
2013-12-11,WD-WCAWZ1327875,WDC WD30EZRX,3000592982016,0,,0,,,,,,,,0,,,,,,16070,,,,,,,,,,,,,,,,,,,,,,,,,,,,,,22,,,,,,0,,,,,,,,,,,,,,,,,,,,,,,,,,,,
2013-12-11,WD-WCAU45803217,WDC WD10EACS,1000204886016,0,,2,,,,,,,,0,,,,,,42369,,,,,,,,,,,,,,,,,,,,,,,,,,,,,,22,,,,,,0,,,,,,,,,,,,,,,,,,,,,,,,,,,,
2013-12-11,JK11A8B9JPYGWF,Hitachi HDS722020ALA330,2000398934016,0,,65537,,,,,,,,0,,,,,,23717,,,,,,,,,,,,,,,,,,,,,,,,,,,,,,28,,,,,,0,,,,,,,,,,,,,,,,,,,,,,,,,,,,
2013-12-11,JK11A8B9J8X6RF,Hitachi HDS722020ALA330,2000398934016,0,,0,,,,,,,,0,,,,,,24467,,,,,,,,,,,,,,,,,,,,,,,,,,,,,,28,,,,,,0,,,,,,,,,,,,,,,,,,,,,,,,,,,,
2013-12-11,JK11A8B9J90XNF,Hitachi HDS722020ALA330,2000398934016,0,,0,,,,,,,,0,,,,,,24983,,,,,,,,,,,,,,,,,,,,,,,,,,,,,,26,,,,,,0,,,,,,,,,,,,,,,,,,,,,,,,,,,,
2013-12-11,9VS3K004,ST31500341AS,1500301910016,0,,129599848,,,,,,,,3,,,,,,32435,,,,,,,,,,,,,,,,,,,,,,,,,,,,,,18,,,,,,0,,,,,,,,,,,,,,,,,,,,,,,,,,,,
2013-12-11,6XW064TR,ST31500541AS,1500301910016,0,,118498522,,,,,,,,0,,,,,,36960,,,,,,,,,,,,,,,,,,,,,,,,,,,,,,21,,,,,,0,,,,,,,,,,,,,,,,,,,,,,,,,,,,
2013-12-11,W1F0A1QS,ST3000DM001,3000592982016,0,,64550952,,,,,,,,0,,,,,,13885,,,,,,,,,,,,,,,,,,,,,,,,,,,,,,25,,,,,,0,,,,,,,,,,,,,,,,,,,,,,,,,,,,
2013-12-11,Z290S3AS,ST33000651AS,3000592982016,0,,122111187,,,,,,,,0,,,,,,18074,,,,,,,,,,,,,,,,,,,,,,,,,,,,,,29,,,,,,0,,,,,,,,,,,,,,,,,,,,,,,,,,,,
2013-12-11,W1F0A1QJ,ST3000DM001,3000592982016,0,,193671104,,,,,,,,0,,,,,,13372,,,,,,,,,,,,,,,,,,,,,,,,,,,,,,21,,,,,,0,,,,,,,,,,,,,,,,,,,,,,,,,,,,
2013-12-11,MJ1323YNG1RTHC,Hitachi HDS5C3030ALA630,3000592982016,0,,65536,,,,,,,,0,,,,,,20079,,,,,,,,,,,,,,,,,,,,,,,,,,,,,,33,,,,,,0,,,,,,,,,,,,,,,,,,,,,,,,,,,,
2013-12-11,JK1101B9H4087F,Hitachi HDS722020ALA330,2000398934016,0,,720903,,,,,,,,850,,,,,,16467,,,,,,,,,,,,,,,,,,,,,,,,,,,,,,31,,,,,,73,,,,,,,,,,,,,,,,,,,,,,,,,,,,
2013-12-11,Z300C73A,ST4000DM000,4000787030016,0,,168088120,,,,,,,,0,,,,,,2257,,,,,,,,,,,,,,,,,,,,,,,,,,,,,,23,,,,,,0,,,,,,,,,,,,,,,,,,,,,,,,,,,,
2013-12-11,9XW032GZ,ST31500541AS,1500301910016,0,,199241102,,,,,,,,4,,,,,,33302,,,,,,,,,,,,,,,,,,,,,,,,,,,,,,20,,,,,,0,,,,,,,,,,,,,,,,,,,,,,,,,,,,
2013-12-11,JK1175YAK92EAX,Hitachi HDS722020ALA330,2000398934016,0,,196611,,,,,,,,0,,,,,,29654,,,,,,,,,,,,,,,,,,,,,,,,,,,,,,24,,,,,,0,,,,,,,,,,,,,,,,,,,,,,,,,,,,
2013-12-11,WD-WMC4N1059597,WDC WD30EFRX,3000592982016,0,,0,,,,,,,,0,,,,,,178,,,,,,,,,,,,,,,,,,,,,,,,,,,,,,24,,,,,,0,,,,,,,,,,,,,,,,,,,,,,,,,,,,
2013-12-11,MJ0351YNG9VTRA,Hitachi HDS5C3030ALA630,3000592982016,0,,0,,,,,,,,0,,,,,,9941,,,,,,,,,,,,,,,,,,,,,,,,,,,,,,22,,,,,,0,,,,,,,,,,,,,,,,,,,,,,,,,,,,
2013-12-11,MJ1311YNG6Y7TA,Hitachi HDS5C3030ALA630,3000592982016,0,,0,,,,,,,,0,,,,,,14621,,,,,,,,,,,,,,,,,,,,,,,,,,,,,,21,,,,,,0,,,,,,,,,,,,,,,,,,,,,,,,,,,,
2013-12-11,PL1321LAG354GH,Hitachi HDS5C4040ALE630,4000787030016,0,,0,,,,,,,,0,,,,,,5959,,,,,,,,,,,,,,,,,,,,,,,,,,,,,,18,,,,,,0,,,,,,,,,,,,,,,,,,,,,,,,,,,,
2013-12-11,MJ0351YNG9VG2A,Hitachi HDS5C3030ALA630,3000592982016,0,,0,,,,,,,,0,,,,,,9271,,,,,,,,,,,,,,,,,,,,,,,,,,,,,,28,,,,,,0,,,,,,,,,,,,,,,,,,,,,,,,,,,,
2013-12-11,Z290WJ3C,ST33000651AS,3000592982016,0,,178017554,,,,,,,,0,,,,,,17742,,,,,,,,,,,,,,,,,,,,,,,,,,,,,,23,,,,,,0,,,,,,,,,,,,,,,,,,,,,,,,,,,,
2013-12-11,MJ0351YNG9YAVA,Hitachi HDS5C3030ALA630,3000592982016,0,,0,,,,,,,,0,,,,,,7611,,,,,,,,,,,,,,,,,,,,,,,,,,,,,,22,,,,,,0,,,,,,,,,,,,,,,,,,,,,,,,,,,,
2013-12-11,MJ1323YNG1NH7C,Hitachi HDS5C3030ALA630,3000592982016,0,,0,,,,,,,,0,,,,,,19764,,,,,,,,,,,,,,,,,,,,,,,,,,,,,,28,,,,,,0,,,,,,,,,,,,,,,,,,,,,,,,,,,,
2013-12-11,W3006DH6,ST4000DM000,4000787030016,0,,112544864,,,,,,,,0,,,,,,2920,,,,,,,,,,,,,,,,,,,,,,,,,,,,,,21,,,,,,0,,,,,,,,,,,,,,,,,,,,,,,,,,,,
2013-12-11,Z1F0MM43,ST3000DM001,3000592982016,0,,90301600,,,,,,,,0,,,,,,9269,,,,,,,,,,,,,,,,,,,,,,,,,,,,,,24,,,,,,0,,,,,,,,,,,,,,,,,,,,,,,,,,,,
2013-12-11,JK11A8B9J3ABZF,Hitachi HDS722020ALA330,2000398934016,0,,0,,,,,,,,0,,,,,,24216,,,,,,,,,,,,,,,,,,,,,,,,,,,,,,29,,,,,,0,,,,,,,,,,,,,,,,,,,,,,,,,,,,
2013-12-11,MJ0351YNG9YUXA,Hitachi HDS5C3030ALA630,3000592982016,0,,0,,,,,,,,0,,,,,,9941,,,,,,,,,,,,,,,,,,,,,,,,,,,,,,23,,,,,,0,,,,,,,,,,,,,,,,,,,,,,,,,,,,
2013-12-11,MJ0351YNG9YRLA,Hitachi HDS5C3030ALA630,3000592982016,0,,0,,,,,,,,0,,,,,,9672,,,,,,,,,,,,,,,,,,,,,,,,,,,,,,27,,,,,,0,,,,,,,,,,,,,,,,,,,,,,,,,,,,
2013-12-11,W3006NRF,ST4000DM000,4000787030016,0,,171863360,,,,,,,,0,,,,,,2857,,,,,,,,,,,,,,,,,,,,,,,,,,,,,,22,,,,,,0,,,,,,,,,,,,,,,,,,,,,,,,,,,,
2013-12-11,JK2171B9J0J6WL,Hitachi HDS722020ALA330,2000398934016,0,,0,,,,,,,,0,,,,,,26010,,,,,,,,,,,,,,,,,,,,,,,,,,,,,,28,,,,,,0,,,,,,,,,,,,,,,,,,,,,,,,,,,,
2013-12-11,JK11A8B9GP957F,Hitachi HDS722020ALA330,2000398934016,0,,0,,,,,,,,1,,,,,,26764,,,,,,,,,,,,,,,,,,,,,,,,,,,,,,23,,,,,,0,,,,,,,,,,,,,,,,,,,,,,,,,,,,
2013-12-11,Z300K0VT,ST4000DM000,4000787030016,0,,169348528,,,,,,,,0,,,,,,1848,,,,,,,,,,,,,,,,,,,,,,,,,,,,,,25,,,,,,0,,,,,,,,,,,,,,,,,,,,,,,,,,,,
2013-12-11,S1F047DR,ST3000DM001,3000592982016,0,,118864232,,,,,,,,0,,,,,,13347,,,,,,,,,,,,,,,,,,,,,,,,,,,,,,28,,,,,,8,,,,,,,,,,,,,,,,,,,,,,,,,,,,
2013-12-11,PL1311LAG2ED1H,Hitachi HDS5C4040ALE630,4000787030016,0,,0,,,,,,,,0,,,,,,6569,,,,,,,,,,,,,,,,,,,,,,,,,,,,,,28,,,,,,0,,,,,,,,,,,,,,,,,,,,,,,,,,,,
2013-12-11,Z300NQDQ,ST4000DM000,4000787030016,0,,207916856,,,,,,,,0,,,,,,1092,,,,,,,,,,,,,,,,,,,,,,,,,,,,,,26,,,,,,0,,,,,,,,,,,,,,,,,,,,,,,,,,,,
2013-12-11,MJ0351YNG9XZXA,Hitachi HDS5C3030ALA630,3000592982016,0,,0,,,,,,,,0,,,,,,7937,,,,,,,,,,,,,,,,,,,,,,,,,,,,,,22,,,,,,0,,,,,,,,,,,,,,,,,,,,,,,,,,,,
2013-12-11,MJ1311YNG6V1YA,Hitachi HDS5C3030ALA630,3000592982016,0,,0,,,,,,,,0,,,,,,14620,,,,,,,,,,,,,,,,,,,,,,,,,,,,,,20,,,,,,0,,,,,,,,,,,,,,,,,,,,,,,,,,,,
2013-12-11,Z300GYNV,ST4000DM000,4000787030016,0,,174575232,,,,,,,,0,,,,,,3345,,,,,,,,,,,,,,,,,,,,,,,,,,,,,,17,,,,,,0,,,,,,,,,,,,,,,,,,,,,,,,,,,,
2013-12-11,9VS1HYJS,ST31500341AS,1500301910016,0,,99133773,,,,,,,,4,,,,,,39483,,,,,,,,,,,,,,,,,,,,,,,,,,,,,,25,,,,,,0,,,,,,,,,,,,,,,,,,,,,,,,,,,,
2013-12-11,MJ1321YNG1GUYA,Hitachi HDS5C3030ALA630,3000592982016,0,,0,,,,,,,,0,,,,,,19801,,,,,,,,,,,,,,,,,,,,,,,,,,,,,,26,,,,,,0,,,,,,,,,,,,,,,,,,,,,,,,,,,,
2013-12-11,Z300SYMW,ST4000DM000,4000787030016,0,,1316160,,,,,,,,0,,,,,,1355,,,,,,,,,,,,,,,,,,,,,,,,,,,,,,27,,,,,,0,,,,,,,,,,,,,,,,,,,,,,,,,,,,
2013-12-11,PL1311LAG3A23H,Hitachi HDS5C4040ALE630,4000787030016,0,,0,,,,,,,,0,,,,,,6641,,,,,,,,,,,,,,,,,,,,,,,,,,,,,,28,,,,,,0,,,,,,,,,,,,,,,,,,,,,,,,,,,,
2013-12-11,Z300GPE3,ST4000DM000,4000787030016,0,,210985312,,,,,,,,0,,,,,,2899,,,,,,,,,,,,,,,,,,,,,,,,,,,,,,25,,,,,,0,,,,,,,,,,,,,,,,,,,,,,,,,,,,
2013-12-11,JK1101B9J240EF,Hitachi HDS722020ALA330,2000398934016,0,,0,,,,,,,,0,,,,,,23105,,,,,,,,,,,,,,,,,,,,,,,,,,,,,,22,,,,,,0,,,,,,,,,,,,,,,,,,,,,,,,,,,,
2013-12-11,Z300NQD0,ST4000DM000,4000787030016,0,,199295664,,,,,,,,0,,,,,,152,,,,,,,,,,,,,,,,,,,,,,,,,,,,,,22,,,,,,0,,,,,,,,,,,,,,,,,,,,,,,,,,,,
2013-12-11,WD-WCC1T1252685,WDC WD30EFRX,3000592982016,0,,0,,,,,,,,0,,,,,,680,,,,,,,,,,,,,,,,,,,,,,,,,,,,,,27,,,,,,0,,,,,,,,,,,,,,,,,,,,,,,,,,,,
2013-12-11,JK1171B9HXNDTT,Hitachi HDS722020ALA330,2000398934016,0,,0,,,,,,,,0,,,,,,22703,,,,,,,,,,,,,,,,,,,,,,,,,,,,,,27,,,,,,0,,,,,,,,,,,,,,,,,,,,,,,,,,,,
2013-12-11,MJ1311YNG26DRA,Hitachi HDS5C3030ALA630,3000592982016,0,,65536,,,,,,,,0,,,,,,18316,,,,,,,,,,,,,,,,,,,,,,,,,,,,,,21,,,,,,0,,,,,,,,,,,,,,,,,,,,,,,,,,,,
2013-12-11,S1F0B790,ST3000DM001,3000592982016,0,,240644248,,,,,,,,0,,,,,,12364,,,,,,,,,,,,,,,,,,,,,,,,,,,,,,27,,,,,,0,,,,,,,,,,,,,,,,,,,,,,,,,,,,
2013-12-11,JK1130YAHRVK8T,Hitachi HDS722020ALA330,2000398934016,0,,1,,,,,,,,0,,,,,,30172,,,,,,,,,,,,,,,,,,,,,,,,,,,,,,30,,,,,,0,,,,,,,,,,,,,,,,,,,,,,,,,,,,
2013-12-11,JK1105B8GDLYGX,Hitachi HDS722020ALA330,2000398934016,0,,65536,,,,,,,,31,,,,,,27221,,,,,,,,,,,,,,,,,,,,,,,,,,,,,,28,,,,,,2,,,,,,,,,,,,,,,,,,,,,,,,,,,,
2013-12-11,JK1101B9JPRV8F,Hitachi HDS722020ALA330,2000398934016,0,,1,,,,,,,,0,,,,,,23948,,,,,,,,,,,,,,,,,,,,,,,,,,,,,,23,,,,,,0,,,,,,,,,,,,,,,,,,,,,,,,,,,,
2013-12-11,WD-WCAWZ2353895,WDC WD30EZRX,3000592982016,0,,0,,,,,,,,0,,,,,,10212,,,,,,,,,,,,,,,,,,,,,,,,,,,,,,21,,,,,,0,,,,,,,,,,,,,,,,,,,,,,,,,,,,
2013-12-11,JK11A8B9J89UJF,Hitachi HDS722020ALA330,2000398934016,0,,65536,,,,,,,,0,,,,,,24467,,,,,,,,,,,,,,,,,,,,,,,,,,,,,,26,,,,,,0,,,,,,,,,,,,,,,,,,,,,,,,,,,,
2013-12-11,W1F0K5X3,ST3000DM001,3000592982016,0,,26994632,,,,,,,,0,,,,,,4138,,,,,,,,,,,,,,,,,,,,,,,,,,,,,,29,,,,,,0,,,,,,,,,,,,,,,,,,,,,,,,,,,,
2013-12-11,JK1175YAHU2W8X,Hitachi HDS722020ALA330,2000398934016,0,,1,,,,,,,,0,,,,,,30501,,,,,,,,,,,,,,,,,,,,,,,,,,,,,,29,,,,,,0,,,,,,,,,,,,,,,,,,,,,,,,,,,,
2013-12-11,MJ1321YNG0DSGA,Hitachi HDS5C3030ALA630,3000592982016,0,,0,,,,,,,,0,,,,,,20731,,,,,,,,,,,,,,,,,,,,,,,,,,,,,,29,,,,,,0,,,,,,,,,,,,,,,,,,,,,,,,,,,,
2013-12-11,S1F060HH,ST3000DM001,3000592982016,0,,241659248,,,,,,,,0,,,,,,13912,,,,,,,,,,,,,,,,,,,,,,,,,,,,,,23,,,,,,8,,,,,,,,,,,,,,,,,,,,,,,,,,,,
2013-12-11,WD-WCAU44877716,WDC WD10EACS,1000204886016,0,,7,,,,,,,,0,,,,,,43301,,,,,,,,,,,,,,,,,,,,,,,,,,,,,,20,,,,,,0,,,,,,,,,,,,,,,,,,,,,,,,,,,,
2013-12-11,6XW00Z4K,ST31500541AS,1500301910016,0,,48052491,,,,,,,,0,,,,,,36960,,,,,,,,,,,,,,,,,,,,,,,,,,,,,,19,,,,,,0,,,,,,,,,,,,,,,,,,,,,,,,,,,,
2013-12-11,JK1101B9KNMJYF,Hitachi HDS722020ALA330,2000398934016,0,,327683,,,,,,,,0,,,,,,23097,,,,,,,,,,,,,,,,,,,,,,,,,,,,,,30,,,,,,0,,,,,,,,,,,,,,,,,,,,,,,,,,,,
2013-12-11,W1F09XZR,ST3000DM001,3000592982016,0,,151360584,,,,,,,,0,,,,,,15218,,,,,,,,,,,,,,,,,,,,,,,,,,,,,,24,,,,,,0,,,,,,,,,,,,,,,,,,,,,,,,,,,,
2013-12-11,W1F09WJZ,ST3000DM001,3000592982016,0,,150269000,,,,,,,,0,,,,,,13796,,,,,,,,,,,,,,,,,,,,,,,,,,,,,,25,,,,,,0,,,,,,,,,,,,,,,,,,,,,,,,,,,,
2013-12-11,WD-WCAU47265415,WDC WD10EADS,1000204886016,0,,1007930,,,,,,,,119,,,,,,39934,,,,,,,,,,,,,,,,,,,,,,,,,,,,,,31,,,,,,43,,,,,,,,,,,,,,,,,,,,,,,,,,,,
2013-12-11,MJ0351YNG9UXSA,Hitachi HDS5C3030ALA630,3000592982016,0,,0,,,,,,,,0,,,,,,7611,,,,,,,,,,,,,,,,,,,,,,,,,,,,,,25,,,,,,0,,,,,,,,,,,,,,,,,,,,,,,,,,,,
2013-12-11,5XW01RTZ,ST31500541AS,1500301910016,0,,136104230,,,,,,,,0,,,,,,35225,,,,,,,,,,,,,,,,,,,,,,,,,,,,,,20,,,,,,0,,,,,,,,,,,,,,,,,,,,,,,,,,,,
2013-12-11,MJ0351YNG9ZGXA,Hitachi HDS5C3030ALA630,3000592982016,0,,0,,,,,,,,0,,,,,,9987,,,,,,,,,,,,,,,,,,,,,,,,,,,,,,29,,,,,,0,,,,,,,,,,,,,,,,,,,,,,,,,,,,
2013-12-11,JK11A8B9J9DAHF,Hitachi HDS722020ALA330,2000398934016,0,,0,,,,,,,,0,,,,,,24983,,,,,,,,,,,,,,,,,,,,,,,,,,,,,,27,,,,,,0,,,,,,,,,,,,,,,,,,,,,,,,,,,,
2013-12-11,PL1311LAG3AAZH,Hitachi HDS5C4040ALE630,4000787030016,0,,0,,,,,,,,0,,,,,,5069,,,,,,,,,,,,,,,,,,,,,,,,,,,,,,28,,,,,,0,,,,,,,,,,,,,,,,,,,,,,,,,,,,
2013-12-11,PL1321LAG34YRH,Hitachi HDS5C4040ALE630,4000787030016,0,,0,,,,,,,,0,,,,,,5139,,,,,,,,,,,,,,,,,,,,,,,,,,,,,,26,,,,,,0,,,,,,,,,,,,,,,,,,,,,,,,,,,,
2013-12-11,S1F13699,ST3000DM001,3000592982016,0,,103167880,,,,,,,,0,,,,,,7993,,,,,,,,,,,,,,,,,,,,,,,,,,,,,,19,,,,,,0,,,,,,,,,,,,,,,,,,,,,,,,,,,,
2013-12-11,PL1321LAG2Y4WH,Hitachi HDS5C4040ALE630,4000787030016,0,,0,,,,,,,,0,,,,,,6651,,,,,,,,,,,,,,,,,,,,,,,,,,,,,,24,,,,,,0,,,,,,,,,,,,,,,,,,,,,,,,,,,,
2013-12-11,6XW058WB,ST31500541AS,1500301910016,0,,199981748,,,,,,,,0,,,,,,37288,,,,,,,,,,,,,,,,,,,,,,,,,,,,,,26,,,,,,0,,,,,,,,,,,,,,,,,,,,,,,,,,,,
2013-12-11,PL1321LAG3412H,Hitachi HDS5C4040ALE630,4000787030016,0,,0,,,,,,,,0,,,,,,6653,,,,,,,,,,,,,,,,,,,,,,,,,,,,,,22,,,,,,0,,,,,,,,,,,,,,,,,,,,,,,,,,,,
2013-12-11,JK11A4B8HWNR2W,Hitachi HDS722020ALA330,2000398934016,0,,1,,,,,,,,0,,,,,,26027,,,,,,,,,,,,,,,,,,,,,,,,,,,,,,28,,,,,,0,,,,,,,,,,,,,,,,,,,,,,,,,,,,
2013-12-11,Z300TX4H,ST4000DM000,4000787030016,0,,80009768,,,,,,,,0,,,,,,919,,,,,,,,,,,,,,,,,,,,,,,,,,,,,,20,,,,,,0,,,,,,,,,,,,,,,,,,,,,,,,,,,,
2013-12-11,MJ0351YNG9W52A,Hitachi HDS5C3030ALA630,3000592982016,0,,0,,,,,,,,0,,,,,,9899,,,,,,,,,,,,,,,,,,,,,,,,,,,,,,31,,,,,,0,,,,,,,,,,,,,,,,,,,,,,,,,,,,
2013-12-11,S1F04838,ST3000DM001,3000592982016,0,,24937480,,,,,,,,0,,,,,,16150,,,,,,,,,,,,,,,,,,,,,,,,,,,,,,17,,,,,,0,,,,,,,,,,,,,,,,,,,,,,,,,,,,
2013-12-11,W300C4Q1,ST4000DM000,4000787030016,0,,84698376,,,,,,,,0,,,,,,4187,,,,,,,,,,,,,,,,,,,,,,,,,,,,,,31,,,,,,0,,,,,,,,,,,,,,,,,,,,,,,,,,,,
2013-12-11,MJ1311YNG7JT8A,Hitachi HDS5C3030ALA630,3000592982016,0,,0,,,,,,,,0,,,,,,14310,,,,,,,,,,,,,,,,,,,,,,,,,,,,,,24,,,,,,0,,,,,,,,,,,,,,,,,,,,,,,,,,,,
2013-12-11,W1F09HGG,ST3000DM001,3000592982016,0,,73073632,,,,,,,,0,,,,,,13795,,,,,,,,,,,,,,,,,,,,,,,,,,,,,,27,,,,,,0,,,,,,,,,,,,,,,,,,,,,,,,,,,,
2013-12-11,JK11A8B9J7E4YF,Hitachi HDS722020ALA330,2000398934016,0,,0,,,,,,,,0,,,,,,22702,,,,,,,,,,,,,,,,,,,,,,,,,,,,,,29,,,,,,0,,,,,,,,,,,,,,,,,,,,,,,,,,,,
2013-12-11,WD-WCAU45696535,WDC WD10EADS,1000204886016,0,,33,,,,,,,,0,,,,,,41081,,,,,,,,,,,,,,,,,,,,,,,,,,,,,,26,,,,,,0,,,,,,,,,,,,,,,,,,,,,,,,,,,,
2013-12-11,JK11A8B9J0UDTF,Hitachi HDS722020ALA330,2000398934016,0,,65536,,,,,,,,0,,,,,,26145,,,,,,,,,,,,,,,,,,,,,,,,,,,,,,25,,,,,,0,,,,,,,,,,,,,,,,,,,,,,,,,,,,
2013-12-11,S1F06FSL,ST3000DM001,3000592982016,0,,228612312,,,,,,,,0,,,,,,13342,,,,,,,,,,,,,,,,,,,,,,,,,,,,,,24,,,,,,16,,,,,,,,,,,,,,,,,,,,,,,,,,,,
2013-12-11,MJ1311YNG7KTEA,Hitachi HDS5C3030ALA630,3000592982016,0,,0,,,,,,,,0,,,,,,14291,,,,,,,,,,,,,,,,,,,,,,,,,,,,,,30,,,,,,0,,,,,,,,,,,,,,,,,,,,,,,,,,,,
2013-12-11,MJ1311YNG5VD3A,Hitachi HDS5C3030ALA630,3000592982016,0,,0,,,,,,,,0,,,,,,14622,,,,,,,,,,,,,,,,,,,,,,,,,,,,,,23,,,,,,0,,,,,,,,,,,,,,,,,,,,,,,,,,,,
2013-12-11,MJ1311YNG3719A,Hitachi HDS5C3030ALA630,3000592982016,0,,262145,,,,,,,,0,,,,,,18405,,,,,,,,,,,,,,,,,,,,,,,,,,,,,,25,,,,,,0,,,,,,,,,,,,,,,,,,,,,,,,,,,,
2013-12-11,MJ1311YNG029RA,Hitachi HDS5C3030ALA630,3000592982016,0,,0,,,,,,,,0,,,,,,14593,,,,,,,,,,,,,,,,,,,,,,,,,,,,,,25,,,,,,0,,,,,,,,,,,,,,,,,,,,,,,,,,,,
2013-12-11,MK0313YHGK7ZVC,Hitachi HDS723030ALA640,3000592982016,0,,0,,,,,,,,0,,,,,,16078,,,,,,,,,,,,,,,,,,,,,,,,,,,,,,26,,,,,,0,,,,,,,,,,,,,,,,,,,,,,,,,,,,
2013-12-11,MJ0351YNG9USKA,Hitachi HDS5C3030ALA630,3000592982016,0,,0,,,,,,,,0,,,,,,9552,,,,,,,,,,,,,,,,,,,,,,,,,,,,,,28,,,,,,0,,,,,,,,,,,,,,,,,,,,,,,,,,,,
2013-12-11,6XW0WQS0,ST31500541AS,1500301910016,0,,235184620,,,,,,,,0,,,,,,31052,,,,,,,,,,,,,,,,,,,,,,,,,,,,,,20,,,,,,0,,,,,,,,,,,,,,,,,,,,,,,,,,,,
2013-12-11,JK11A8B9J0ZB4F,Hitachi HDS722020ALA330,2000398934016,0,,0,,,,,,,,0,,,,,,26145,,,,,,,,,,,,,,,,,,,,,,,,,,,,,,26,,,,,,0,,,,,,,,,,,,,,,,,,,,,,,,,,,,
2013-12-11,6XW20H80,ST32000542AS,2000398934016,0,,126648375,,,,,,,,0,,,,,,15216,,,,,,,,,,,,,,,,,,,,,,,,,,,,,,18,,,,,,0,,,,,,,,,,,,,,,,,,,,,,,,,,,,
2013-12-11,Z290PSMP,ST33000651AS,3000592982016,0,,215523452,,,,,,,,0,,,,,,17739,,,,,,,,,,,,,,,,,,,,,,,,,,,,,,22,,,,,,0,,,,,,,,,,,,,,,,,,,,,,,,,,,,
2013-12-11,MJ1321YNG0BGPA,Hitachi HDS5C3030ALA630,3000592982016,0,,0,,,,,,,,0,,,,,,16753,,,,,,,,,,,,,,,,,,,,,,,,,,,,,,27,,,,,,0,,,,,,,,,,,,,,,,,,,,,,,,,,,,
2013-12-11,WD-WCAU45014645,WDC WD10EADS,1000204886016,0,,0,,,,,,,,0,,,,,,41790,,,,,,,,,,,,,,,,,,,,,,,,,,,,,,25,,,,,,0,,,,,,,,,,,,,,,,,,,,,,,,,,,,
2013-12-11,Z300NEBW,ST4000DM000,4000787030016,0,,43033296,,,,,,,,0,,,,,,1233,,,,,,,,,,,,,,,,,,,,,,,,,,,,,,22,,,,,,0,,,,,,,,,,,,,,,,,,,,,,,,,,,,
2013-12-11,Z1F0QH0C,ST3000DM001,3000592982016,0,,83561376,,,,,,,,0,,,,,,12154,,,,,,,,,,,,,,,,,,,,,,,,,,,,,,24,,,,,,0,,,,,,,,,,,,,,,,,,,,,,,,,,,,
2013-12-11,6XW057GP,ST31500541AS,1500301910016,0,,82583046,,,,,,,,0,,,,,,36402,,,,,,,,,,,,,,,,,,,,,,,,,,,,,,17,,,,,,0,,,,,,,,,,,,,,,,,,,,,,,,,,,,
2013-12-11,MJ0351YNG9ZPMA,Hitachi HDS5C3030ALA630,3000592982016,0,,0,,,,,,,,0,,,,,,9913,,,,,,,,,,,,,,,,,,,,,,,,,,,,,,32,,,,,,0,,,,,,,,,,,,,,,,,,,,,,,,,,,,
2013-12-11,S1F0BWZ3,ST3000DM001,3000592982016,0,,159257912,,,,,,,,0,,,,,,3685,,,,,,,,,,,,,,,,,,,,,,,,,,,,,,20,,,,,,0,,,,,,,,,,,,,,,,,,,,,,,,,,,,
2013-12-11,6XW1TECH,ST32000542AS,2000398934016,0,,127542733,,,,,,,,0,,,,,,7228,,,,,,,,,,,,,,,,,,,,,,,,,,,,,,26,,,,,,0,,,,,,,,,,,,,,,,,,,,,,,,,,,,
2013-12-11,S1F06X8Q,ST3000DM001,3000592982016,0,,188720120,,,,,,,,0,,,,,,13911,,,,,,,,,,,,,,,,,,,,,,,,,,,,,,22,,,,,,0,,,,,,,,,,,,,,,,,,,,,,,,,,,,
2013-12-11,Z3001Q0B,ST4000DM000,4000787030016,0,,128340512,,,,,,,,0,,,,,,5417,,,,,,,,,,,,,,,,,,,,,,,,,,,,,,24,,,,,,0,,,,,,,,,,,,,,,,,,,,,,,,,,,,
2013-12-11,MK0311YHGGU2XA,Hitachi HDS723030ALA640,3000592982016,0,,0,,,,,,,,0,,,,,,16660,,,,,,,,,,,,,,,,,,,,,,,,,,,,,,27,,,,,,3,,,,,,,,,,,,,,,,,,,,,,,,,,,,
2013-12-11,MJ1323YNG1NLSC,Hitachi HDS5C3030ALA630,3000592982016,0,,0,,,,,,,,0,,,,,,19763,,,,,,,,,,,,,,,,,,,,,,,,,,,,,,28,,,,,,0,,,,,,,,,,,,,,,,,,,,,,,,,,,,
2013-12-11,5XW2MLB9,ST32000542AS,2000398934016,0,,169486506,,,,,,,,0,,,,,,13361,,,,,,,,,,,,,,,,,,,,,,,,,,,,,,21,,,,,,0,,,,,,,,,,,,,,,,,,,,,,,,,,,,
2013-12-11,MK0301YHGMR3HA,Hitachi HDS723030ALA640,3000592982016,0,,0,,,,,,,,10,,,,,,16680,,,,,,,,,,,,,,,,,,,,,,,,,,,,,,26,,,,,,2,,,,,,,,,,,,,,,,,,,,,,,,,,,,
2013-12-11,MJ1321YNG0DV1A,Hitachi HDS5C3030ALA630,3000592982016,0,,0,,,,,,,,25,,,,,,20729,,,,,,,,,,,,,,,,,,,,,,,,,,,,,,32,,,,,,0,,,,,,,,,,,,,,,,,,,,,,,,,,,,
2013-12-11,JK11A8B9J2WEAF,Hitachi HDS722020ALA330,2000398934016,0,,0,,,,,,,,0,,,,,,24463,,,,,,,,,,,,,,,,,,,,,,,,,,,,,,28,,,,,,0,,,,,,,,,,,,,,,,,,,,,,,,,,,,
2013-12-11,MJ1321YNG0J6RA,Hitachi HDS5C3030ALA630,3000592982016,0,,0,,,,,,,,0,,,,,,20067,,,,,,,,,,,,,,,,,,,,,,,,,,,,,,26,,,,,,0,,,,,,,,,,,,,,,,,,,,,,,,,,,,
2013-12-11,Z300KHKY,ST4000DM000,4000787030016,0,,68500616,,,,,,,,0,,,,,,1228,,,,,,,,,,,,,,,,,,,,,,,,,,,,,,19,,,,,,0,,,,,,,,,,,,,,,,,,,,,,,,,,,,
2013-12-11,WD-WCC1T1282931,WDC WD30EFRX,3000592982016,0,,0,,,,,,,,0,,,,,,873,,,,,,,,,,,,,,,,,,,,,,,,,,,,,,23,,,,,,0,,,,,,,,,,,,,,,,,,,,,,,,,,,,
2013-12-11,Z3001F1P,ST4000DM000,4000787030016,0,,173966632,,,,,,,,0,,,,,,5417,,,,,,,,,,,,,,,,,,,,,,,,,,,,,,22,,,,,,0,,,,,,,,,,,,,,,,,,,,,,,,,,,,
2013-12-11,Z300KHKD,ST4000DM000,4000787030016,0,,189873576,,,,,,,,0,,,,,,152,,,,,,,,,,,,,,,,,,,,,,,,,,,,,,24,,,,,,0,,,,,,,,,,,,,,,,,,,,,,,,,,,,
2013-12-11,MJ1311YNG2XD6A,Hitachi HDS5C3030ALA630,3000592982016,0,,0,,,,,,,,0,,,,,,18317,,,,,,,,,,,,,,,,,,,,,,,,,,,,,,21,,,,,,0,,,,,,,,,,,,,,,,,,,,,,,,,,,,
2013-12-11,W1F09BLN,ST3000DM001,3000592982016,0,,193029704,,,,,,,,0,,,,,,13912,,,,,,,,,,,,,,,,,,,,,,,,,,,,,,21,,,,,,0,,,,,,,,,,,,,,,,,,,,,,,,,,,,
2013-12-11,WD-WCAU45685033,WDC WD10EADS,1000204886016,0,,2,,,,,,,,0,,,,,,41122,,,,,,,,,,,,,,,,,,,,,,,,,,,,,,24,,,,,,0,,,,,,,,,,,,,,,,,,,,,,,,,,,,
2013-12-11,Z1Z047DC,ST4000DX000,4000787030016,0,,195362925,,,,,,,,0,,,,,,5077,,,,,,,,,,,,,,,,,,,,,,,,,,,,,,33,,,,,,0,,,,,,,,,,,,,,,,,,,,,,,,,,,,
2013-12-11,WD-WCAU42452323,WDC WD10EACS,1000204886016,0,,0,,,,,,,,0,,,,,,42782,,,,,,,,,,,,,,,,,,,,,,,,,,,,,,28,,,,,,0,,,,,,,,,,,,,,,,,,,,,,,,,,,,
2013-12-11,WD-WCAWZ0504579,WDC WD30EZRX,3000592982016,0,,1,,,,,,,,0,,,,,,13447,,,,,,,,,,,,,,,,,,,,,,,,,,,,,,24,,,,,,992,,,,,,,,,,,,,,,,,,,,,,,,,,,,
2013-12-11,S1F03TCS,ST3000DM001,3000592982016,0,,233740408,,,,,,,,13464,,,,,,12418,,,,,,,,,,,,,,,,,,,,,,,,,,,,,,28,,,,,,0,,,,,,,,,,,,,,,,,,,,,,,,,,,,
2013-12-11,MJ0351YNG9XV4A,Hitachi HDS5C3030ALA630,3000592982016,0,,0,,,,,,,,0,,,,,,9939,,,,,,,,,,,,,,,,,,,,,,,,,,,,,,21,,,,,,0,,,,,,,,,,,,,,,,,,,,,,,,,,,,
2013-12-11,WD-WCAWZ1346274,WDC WD30EZRX,3000592982016,0,,30,,,,,,,,0,,,,,,17612,,,,,,,,,,,,,,,,,,,,,,,,,,,,,,18,,,,,,1,,,,,,,,,,,,,,,,,,,,,,,,,,,,
2013-12-11,MJ1323YNG1M74C,Hitachi HDS5C3030ALA630,3000592982016,0,,0,,,,,,,,0,,,,,,20082,,,,,,,,,,,,,,,,,,,,,,,,,,,,,,34,,,,,,0,,,,,,,,,,,,,,,,,,,,,,,,,,,,
2013-12-11,Z290PHR0,ST33000651AS,3000592982016,0,,103470013,,,,,,,,0,,,,,,18074,,,,,,,,,,,,,,,,,,,,,,,,,,,,,,30,,,,,,0,,,,,,,,,,,,,,,,,,,,,,,,,,,,
2013-12-11,PL1311LAG3DT8H,Hitachi HDS5C4040ALE630,4000787030016,0,,0,,,,,,,,0,,,,,,3629,,,,,,,,,,,,,,,,,,,,,,,,,,,,,,28,,,,,,0,,,,,,,,,,,,,,,,,,,,,,,,,,,,
2013-12-11,WD-WCAU4A712758,WDC WD10EADS,1000204886016,0,,0,,,,,,,,0,,,,,,36760,,,,,,,,,,,,,,,,,,,,,,,,,,,,,,20,,,,,,0,,,,,,,,,,,,,,,,,,,,,,,,,,,,
2013-12-11,WD-WCAU47262134,WDC WD10EADS,1000204886016,0,,6,,,,,,,,0,,,,,,40928,,,,,,,,,,,,,,,,,,,,,,,,,,,,,,29,,,,,,0,,,,,,,,,,,,,,,,,,,,,,,,,,,,
2013-12-11,S1F0PEVC,ST3000DM001,3000592982016,0,,11862728,,,,,,,,0,,,,,,11640,,,,,,,,,,,,,,,,,,,,,,,,,,,,,,24,,,,,,0,,,,,,,,,,,,,,,,,,,,,,,,,,,,
2013-12-11,MK0311YHGJBG0A,Hitachi HDS723030ALA640,3000592982016,0,,0,,,,,,,,0,,,,,,21458,,,,,,,,,,,,,,,,,,,,,,,,,,,,,,29,,,,,,0,,,,,,,,,,,,,,,,,,,,,,,,,,,,
2013-12-11,WD-WCAWZ0586109,WDC WD30EZRX,3000592982016,0,,0,,,,,,,,0,,,,,,15834,,,,,,,,,,,,,,,,,,,,,,,,,,,,,,25,,,,,,2,,,,,,,,,,,,,,,,,,,,,,,,,,,,
2013-12-11,9XW01F4E,ST31500541AS,1500301910016,0,,95716822,,,,,,,,0,,,,,,35758,,,,,,,,,,,,,,,,,,,,,,,,,,,,,,22,,,,,,0,,,,,,,,,,,,,,,,,,,,,,,,,,,,
2013-12-11,PL1311LAG24SBA,Hitachi HDS5C4040ALE630,4000787030016,0,,0,,,,,,,,0,,,,,,4367,,,,,,,,,,,,,,,,,,,,,,,,,,,,,,26,,,,,,0,,,,,,,,,,,,,,,,,,,,,,,,,,,,
2013-12-11,JK11A8B9J7PNBF,Hitachi HDS722020ALA330,2000398934016,0,,0,,,,,,,,0,,,,,,23511,,,,,,,,,,,,,,,,,,,,,,,,,,,,,,27,,,,,,0,,,,,,,,,,,,,,,,,,,,,,,,,,,,
2013-12-11,JK11A8B9J73EBF,Hitachi HDS722020ALA330,2000398934016,0,,0,,,,,,,,0,,,,,,23319,,,,,,,,,,,,,,,,,,,,,,,,,,,,,,35,,,,,,0,,,,,,,,,,,,,,,,,,,,,,,,,,,,
2013-12-11,MJ1321YNG0RTDA,Hitachi HDS5C3030ALA630,3000592982016,0,,0,,,,,,,,0,,,,,,20512,,,,,,,,,,,,,,,,,,,,,,,,,,,,,,23,,,,,,0,,,,,,,,,,,,,,,,,,,,,,,,,,,,
2013-12-11,PL1311LAG3AT5H,Hitachi HDS5C4040ALE630,4000787030016,0,,0,,,,,,,,0,,,,,,6640,,,,,,,,,,,,,,,,,,,,,,,,,,,,,,25,,,,,,0,,,,,,,,,,,,,,,,,,,,,,,,,,,,
2013-12-11,S1F02ZLA,ST3000DM001,3000592982016,0,,75254864,,,,,,,,0,,,,,,13362,,,,,,,,,,,,,,,,,,,,,,,,,,,,,,20,,,,,,0,,,,,,,,,,,,,,,,,,,,,,,,,,,,
2013-12-11,WD-WCAWZ1281377,WDC WD30EZRX,3000592982016,0,,0,,,,,,,,0,,,,,,17601,,,,,,,,,,,,,,,,,,,,,,,,,,,,,,24,,,,,,0,,,,,,,,,,,,,,,,,,,,,,,,,,,,
2013-12-11,MK0311YHGEXTRA,Hitachi HDS723030ALA640,3000592982016,0,,1,,,,,,,,0,,,,,,16077,,,,,,,,,,,,,,,,,,,,,,,,,,,,,,30,,,,,,0,,,,,,,,,,,,,,,,,,,,,,,,,,,,
2013-12-11,PL1311LAG27P7H,Hitachi HDS5C4040ALE630,4000787030016,0,,0,,,,,,,,0,,,,,,6075,,,,,,,,,,,,,,,,,,,,,,,,,,,,,,20,,,,,,0,,,,,,,,,,,,,,,,,,,,,,,,,,,,
2013-12-11,6XW00WNG,ST31500541AS,1500301910016,0,,41857618,,,,,,,,0,,,,,,36062,,,,,,,,,,,,,,,,,,,,,,,,,,,,,,22,,,,,,0,,,,,,,,,,,,,,,,,,,,,,,,,,,,
2013-12-11,S1F0PLEL,ST3000DM001,3000592982016,0,,161424016,,,,,,,,0,,,,,,11640,,,,,,,,,,,,,,,,,,,,,,,,,,,,,,29,,,,,,0,,,,,,,,,,,,,,,,,,,,,,,,,,,,
2013-12-11,Z300KGS8,ST4000DM000,4000787030016,0,,72704016,,,,,,,,0,,,,,,1226,,,,,,,,,,,,,,,,,,,,,,,,,,,,,,24,,,,,,0,,,,,,,,,,,,,,,,,,,,,,,,,,,,
2013-12-11,Z300KGS9,ST4000DM000,4000787030016,0,,94211584,,,,,,,,0,,,,,,105,,,,,,,,,,,,,,,,,,,,,,,,,,,,,,24,,,,,,0,,,,,,,,,,,,,,,,,,,,,,,,,,,,
2013-12-11,W1F09PRJ,ST3000DM001,3000592982016,0,,80745840,,,,,,,,0,,,,,,14728,,,,,,,,,,,,,,,,,,,,,,,,,,,,,,22,,,,,,0,,,,,,,,,,,,,,,,,,,,,,,,,,,,
2013-12-11,6XW03AH2,ST31500541AS,1500301910016,0,,68686031,,,,,,,,0,,,,,,36638,,,,,,,,,,,,,,,,,,,,,,,,,,,,,,24,,,,,,0,,,,,,,,,,,,,,,,,,,,,,,,,,,,
2013-12-11,S1F0E9EP,ST3000DM001,3000592982016,0,,238277720,,,,,,,,0,,,,,,12156,,,,,,,,,,,,,,,,,,,,,,,,,,,,,,26,,,,,,0,,,,,,,,,,,,,,,,,,,,,,,,,,,,
2013-12-11,S1F0S5VX,ST3000DM001,3000592982016,0,,156529312,,,,,,,,0,,,,,,10744,,,,,,,,,,,,,,,,,,,,,,,,,,,,,,26,,,,,,0,,,,,,,,,,,,,,,,,,,,,,,,,,,,
2013-12-11,MJ1311YNG3DJEA,Hitachi HDS5C3030ALA630,3000592982016,0,,0,,,,,,,,0,,,,,,19254,,,,,,,,,,,,,,,,,,,,,,,,,,,,,,22,,,,,,0,,,,,,,,,,,,,,,,,,,,,,,,,,,,
2013-12-11,PL1321LAG366KH,Hitachi HDS5C4040ALE630,4000787030016,0,,0,,,,,,,,0,,,,,,6648,,,,,,,,,,,,,,,,,,,,,,,,,,,,,,20,,,,,,0,,,,,,,,,,,,,,,,,,,,,,,,,,,,
2013-12-11,Z300JCKE,ST4000DM000,4000787030016,0,,208670224,,,,,,,,0,,,,,,2874,,,,,,,,,,,,,,,,,,,,,,,,,,,,,,21,,,,,,0,,,,,,,,,,,,,,,,,,,,,,,,,,,,
2013-12-11,Z1F0L5A4,ST3000DM001,3000592982016,0,,1603304,,,,,,,,0,,,,,,12170,,,,,,,,,,,,,,,,,,,,,,,,,,,,,,25,,,,,,0,,,,,,,,,,,,,,,,,,,,,,,,,,,,
2013-12-11,MJ0351YNGA6MWA,Hitachi HDS5C3030ALA630,3000592982016,0,,0,,,,,,,,0,,,,,,9129,,,,,,,,,,,,,,,,,,,,,,,,,,,,,,27,,,,,,0,,,,,,,,,,,,,,,,,,,,,,,,,,,,
2013-12-11,JK11A8B9J2WLZF,Hitachi HDS722020ALA330,2000398934016,0,,0,,,,,,,,0,,,,,,24431,,,,,,,,,,,,,,,,,,,,,,,,,,,,,,29,,,,,,0,,,,,,,,,,,,,,,,,,,,,,,,,,,,
2013-12-11,Z300W3G8,ST4000DM000,4000787030016,0,,16643296,,,,,,,,0,,,,,,886,,,,,,,,,,,,,,,,,,,,,,,,,,,,,,24,,,,,,0,,,,,,,,,,,,,,,,,,,,,,,,,,,,
2013-12-11,5XW06S3E,ST31500541AS,1500301910016,0,,206959227,,,,,,,,0,,,,,,33409,,,,,,,,,,,,,,,,,,,,,,,,,,,,,,18,,,,,,0,,,,,,,,,,,,,,,,,,,,,,,,,,,,
2013-12-11,Z300W3G0,ST4000DM000,4000787030016,0,,118851232,,,,,,,,0,,,,,,815,,,,,,,,,,,,,,,,,,,,,,,,,,,,,,18,,,,,,0,,,,,,,,,,,,,,,,,,,,,,,,,,,,
2013-12-11,Z300W3G7,ST4000DM000,4000787030016,0,,154556648,,,,,,,,0,,,,,,918,,,,,,,,,,,,,,,,,,,,,,,,,,,,,,18,,,,,,0,,,,,,,,,,,,,,,,,,,,,,,,,,,,
2013-12-11,Z300MWWE,ST4000DM000,4000787030016,0,,73964632,,,,,,,,0,,,,,,2890,,,,,,,,,,,,,,,,,,,,,,,,,,,,,,26,,,,,,0,,,,,,,,,,,,,,,,,,,,,,,,,,,,
2013-12-11,MJ1311YNG3BNDA,Hitachi HDS5C3030ALA630,3000592982016,0,,0,,,,,,,,0,,,,,,19587,,,,,,,,,,,,,,,,,,,,,,,,,,,,,,28,,,,,,0,,,,,,,,,,,,,,,,,,,,,,,,,,,,
2013-12-11,Z300417H,ST4000DM000,4000787030016,0,,51962944,,,,,,,,0,,,,,,1858,,,,,,,,,,,,,,,,,,,,,,,,,,,,,,22,,,,,,0,,,,,,,,,,,,,,,,,,,,,,,,,,,,
2013-12-11,6XW0YKWH,ST32000542AS,2000398934016,0,,201535975,,,,,,,,0,,,,,,27221,,,,,,,,,,,,,,,,,,,,,,,,,,,,,,25,,,,,,0,,,,,,,,,,,,,,,,,,,,,,,,,,,,
2013-12-11,MJ1321YNG1B7VA,Hitachi HDS5C3030ALA630,3000592982016,0,,0,,,,,,,,0,,,,,,19310,,,,,,,,,,,,,,,,,,,,,,,,,,,,,,28,,,,,,0,,,,,,,,,,,,,,,,,,,,,,,,,,,,
2013-12-11,MK0331YHGMP32A,Hitachi HDS723030ALA640,3000592982016,0,,0,,,,,,,,0,,,,,,18088,,,,,,,,,,,,,,,,,,,,,,,,,,,,,,32,,,,,,0,,,,,,,,,,,,,,,,,,,,,,,,,,,,
2013-12-11,W300FZDE,ST4000DM000,4000787030016,0,,188085416,,,,,,,,0,,,,,,815,,,,,,,,,,,,,,,,,,,,,,,,,,,,,,22,,,,,,0,,,,,,,,,,,,,,,,,,,,,,,,,,,,
2013-12-11,Z300XFVG,ST4000DM000,4000787030016,0,,43019504,,,,,,,,0,,,,,,612,,,,,,,,,,,,,,,,,,,,,,,,,,,,,,20,,,,,,0,,,,,,,,,,,,,,,,,,,,,,,,,,,,
2013-12-11,JK1101B9KNN5AF,Hitachi HDS722020ALA330,2000398934016,0,,0,,,,,,,,0,,,,,,23097,,,,,,,,,,,,,,,,,,,,,,,,,,,,,,30,,,,,,0,,,,,,,,,,,,,,,,,,,,,,,,,,,,
2013-12-11,WD-WCAWZ0460057,WDC WD30EZRS,3000592982016,0,,0,,,,,,,,0,,,,,,12367,,,,,,,,,,,,,,,,,,,,,,,,,,,,,,18,,,,,,0,,,,,,,,,,,,,,,,,,,,,,,,,,,,
2013-12-11,MJ0351YNG9ST5A,Hitachi HDS5C3030ALA630,3000592982016,0,,0,,,,,,,,0,,,,,,9469,,,,,,,,,,,,,,,,,,,,,,,,,,,,,,25,,,,,,0,,,,,,,,,,,,,,,,,,,,,,,,,,,,
2013-12-11,MJ1311YNG3E76A,Hitachi HDS5C3030ALA630,3000592982016,0,,0,,,,,,,,1161,,,,,,19310,,,,,,,,,,,,,,,,,,,,,,,,,,,,,,26,,,,,,0,,,,,,,,,,,,,,,,,,,,,,,,,,,,
2013-12-11,W300HJ11,ST4000DM000,4000787030016,0,,52530560,,,,,,,,0,,,,,,2876,,,,,,,,,,,,,,,,,,,,,,,,,,,,,,25,,,,,,0,,,,,,,,,,,,,,,,,,,,,,,,,,,,
2013-12-11,WD-WCAU45894593,WDC WD10EACS,1000204886016,0,,33,,,,,,,,0,,,,,,42368,,,,,,,,,,,,,,,,,,,,,,,,,,,,,,22,,,,,,0,,,,,,,,,,,,,,,,,,,,,,,,,,,,
2013-12-11,W1F0L66L,ST3000DM001,3000592982016,0,,134807728,,,,,,,,0,,,,,,5028,,,,,,,,,,,,,,,,,,,,,,,,,,,,,,17,,,,,,0,,,,,,,,,,,,,,,,,,,,,,,,,,,,
2013-12-11,S1F0Y4H6,ST3000DM001,3000592982016,0,,70016904,,,,,,,,0,,,,,,7994,,,,,,,,,,,,,,,,,,,,,,,,,,,,,,21,,,,,,0,,,,,,,,,,,,,,,,,,,,,,,,,,,,
2013-12-11,S1F134QM,ST3000DM001,3000592982016,0,,38174080,,,,,,,,0,,,,,,8186,,,,,,,,,,,,,,,,,,,,,,,,,,,,,,25,,,,,,0,,,,,,,,,,,,,,,,,,,,,,,,,,,,
2013-12-11,W3005ND5,ST4000DM000,4000787030016,0,,2589168,,,,,,,,0,,,,,,2893,,,,,,,,,,,,,,,,,,,,,,,,,,,,,,24,,,,,,0,,,,,,,,,,,,,,,,,,,,,,,,,,,,
2013-12-11,6XW03X7J,ST31500541AS,1500301910016,0,,233266830,,,,,,,,0,,,,,,37060,,,,,,,,,,,,,,,,,,,,,,,,,,,,,,23,,,,,,0,,,,,,,,,,,,,,,,,,,,,,,,,,,,
2013-12-11,MK0311YHGHYWMA,Hitachi HDS723030ALA640,3000592982016,0,,0,,,,,,,,0,,,,,,16661,,,,,,,,,,,,,,,,,,,,,,,,,,,,,,26,,,,,,0,,,,,,,,,,,,,,,,,,,,,,,,,,,,
2013-12-11,JK11A8B9J83WYF,Hitachi HDS722020ALA330,2000398934016,0,,0,,,,,,,,0,,,,,,26027,,,,,,,,,,,,,,,,,,,,,,,,,,,,,,27,,,,,,0,,,,,,,,,,,,,,,,,,,,,,,,,,,,
2013-12-11,S1F04X1H,ST3000DM001,3000592982016,0,,57186504,,,,,,,,0,,,,,,13745,,,,,,,,,,,,,,,,,,,,,,,,,,,,,,22,,,,,,0,,,,,,,,,,,,,,,,,,,,,,,,,,,,
2013-12-11,JK11A8B9J2YZTF,Hitachi HDS722020ALA330,2000398934016,0,,65537,,,,,,,,0,,,,,,22414,,,,,,,,,,,,,,,,,,,,,,,,,,,,,,28,,,,,,0,,,,,,,,,,,,,,,,,,,,,,,,,,,,
2013-12-11,Z300GPEB,ST4000DM000,4000787030016,0,,9854416,,,,,,,,0,,,,,,3583,,,,,,,,,,,,,,,,,,,,,,,,,,,,,,26,,,,,,0,,,,,,,,,,,,,,,,,,,,,,,,,,,,
2013-12-11,9XW03CLH,ST31500541AS,1500301910016,0,,28741149,,,,,,,,0,,,,,,33324,,,,,,,,,,,,,,,,,,,,,,,,,,,,,,20,,,,,,0,,,,,,,,,,,,,,,,,,,,,,,,,,,,
2013-12-11,MJ1311YNG348JA,Hitachi HDS5C3030ALA630,3000592982016,0,,0,,,,,,,,0,,,,,,18949,,,,,,,,,,,,,,,,,,,,,,,,,,,,,,24,,,,,,0,,,,,,,,,,,,,,,,,,,,,,,,,,,,
2013-12-11,Z1F0DPX5,ST3000DM001,3000592982016,0,,170856960,,,,,,,,0,,,,,,10402,,,,,,,,,,,,,,,,,,,,,,,,,,,,,,25,,,,,,0,,,,,,,,,,,,,,,,,,,,,,,,,,,,
2013-12-11,W1F1BFYJ,ST3000DM001,3000592982016,0,,224390960,,,,,,,,0,,,,,,8177,,,,,,,,,,,,,,,,,,,,,,,,,,,,,,20,,,,,,0,,,,,,,,,,,,,,,,,,,,,,,,,,,,
2013-12-11,S1F031RE,ST3000DM001,3000592982016,0,,37930872,,,,,,,,0,,,,,,16176,,,,,,,,,,,,,,,,,,,,,,,,,,,,,,27,,,,,,0,,,,,,,,,,,,,,,,,,,,,,,,,,,,
2013-12-11,JK1171B8GNPB9S,Hitachi HDS722020ALA330,2000398934016,0,,0,,,,,,,,0,,,,,,26838,,,,,,,,,,,,,,,,,,,,,,,,,,,,,,30,,,,,,0,,,,,,,,,,,,,,,,,,,,,,,,,,,,
2013-12-11,PL1311LAG3BS8H,Hitachi HDS5C4040ALE630,4000787030016,0,,0,,,,,,,,0,,,,,,5951,,,,,,,,,,,,,,,,,,,,,,,,,,,,,,21,,,,,,0,,,,,,,,,,,,,,,,,,,,,,,,,,,,
2013-12-11,JK11A8B9J98XYF,Hitachi HDS722020ALA330,2000398934016,0,,0,,,,,,,,0,,,,,,25667,,,,,,,,,,,,,,,,,,,,,,,,,,,,,,24,,,,,,0,,,,,,,,,,,,,,,,,,,,,,,,,,,,
2013-12-11,6XW106B1,ST31500541AS,1500301910016,0,,223259632,,,,,,,,0,,,,,,31593,,,,,,,,,,,,,,,,,,,,,,,,,,,,,,24,,,,,,0,,,,,,,,,,,,,,,,,,,,,,,,,,,,
2013-12-11,Z300GYW9,ST4000DM000,4000787030016,0,,110485192,,,,,,,,0,,,,,,3580,,,,,,,,,,,,,,,,,,,,,,,,,,,,,,27,,,,,,0,,,,,,,,,,,,,,,,,,,,,,,,,,,,
2013-12-11,PL1311LAG28V4H,Hitachi HDS5C4040ALE630,4000787030016,0,,0,,,,,,,,0,,,,,,6074,,,,,,,,,,,,,,,,,,,,,,,,,,,,,,16,,,,,,0,,,,,,,,,,,,,,,,,,,,,,,,,,,,
2013-12-11,JK11A1YAJH2RWV,Hitachi HDS722020ALA330,2000398934016,0,,0,,,,,,,,1,,,,,,28849,,,,,,,,,,,,,,,,,,,,,,,,,,,,,,28,,,,,,0,,,,,,,,,,,,,,,,,,,,,,,,,,,,
2013-12-11,PL1311LAG1Z2EA,Hitachi HDS5C4040ALE630,4000787030016,0,,0,,,,,,,,0,,,,,,4366,,,,,,,,,,,,,,,,,,,,,,,,,,,,,,21,,,,,,0,,,,,,,,,,,,,,,,,,,,,,,,,,,,
2013-12-11,W1F0SY3Q,ST3000DM001,3000592982016,0,,151817608,,,,,,,,0,,,,,,11023,,,,,,,,,,,,,,,,,,,,,,,,,,,,,,28,,,,,,0,,,,,,,,,,,,,,,,,,,,,,,,,,,,
2013-12-11,MJ0351YNG9YLXA,Hitachi HDS5C3030ALA630,3000592982016,0,,0,,,,,,,,0,,,,,,9974,,,,,,,,,,,,,,,,,,,,,,,,,,,,,,29,,,,,,0,,,,,,,,,,,,,,,,,,,,,,,,,,,,
2013-12-11,6XW00KH5,ST31500541AS,1500301910016,0,,165632834,,,,,,,,0,,,,,,36070,,,,,,,,,,,,,,,,,,,,,,,,,,,,,,18,,,,,,0,,,,,,,,,,,,,,,,,,,,,,,,,,,,
2013-12-11,MJ0351YNG9WP3A,Hitachi HDS5C3030ALA630,3000592982016,0,,0,,,,,,,,0,,,,,,8871,,,,,,,,,,,,,,,,,,,,,,,,,,,,,,29,,,,,,0,,,,,,,,,,,,,,,,,,,,,,,,,,,,
2013-12-11,W300A84B,ST4000DM000,4000787030016,0,,189836864,,,,,,,,0,,,,,,4187,,,,,,,,,,,,,,,,,,,,,,,,,,,,,,31,,,,,,0,,,,,,,,,,,,,,,,,,,,,,,,,,,,
2013-12-11,6XW00BL4,ST31500541AS,1500301910016,0,,212069332,,,,,,,,0,,,,,,35446,,,,,,,,,,,,,,,,,,,,,,,,,,,,,,20,,,,,,0,,,,,,,,,,,,,,,,,,,,,,,,,,,,
2013-12-11,PL2311LAG1UGHC,Hitachi HDS5C4040ALE630,4000787030016,0,,0,,,,,,,,0,,,,,,7453,,,,,,,,,,,,,,,,,,,,,,,,,,,,,,19,,,,,,0,,,,,,,,,,,,,,,,,,,,,,,,,,,,
2013-12-11,WD-WCC070167347,WDC WD30EZRX,3000592982016,0,,0,,,,,,,,0,,,,,,8610,,,,,,,,,,,,,,,,,,,,,,,,,,,,,,26,,,,,,0,,,,,,,,,,,,,,,,,,,,,,,,,,,,
2013-12-11,Z300PL1T,ST4000DM000,4000787030016,0,,215324200,,,,,,,,0,,,,,,1225,,,,,,,,,,,,,,,,,,,,,,,,,,,,,,21,,,,,,0,,,,,,,,,,,,,,,,,,,,,,,,,,,,
2013-12-11,MJ1311YNG3GRBA,Hitachi HDS5C3030ALA630,3000592982016,0,,0,,,,,,,,0,,,,,,19587,,,,,,,,,,,,,,,,,,,,,,,,,,,,,,23,,,,,,0,,,,,,,,,,,,,,,,,,,,,,,,,,,,
2013-12-11,WD-WCAU47321245,WDC WD10EADS,1000204886016,0,,8,,,,,,,,0,,,,,,40858,,,,,,,,,,,,,,,,,,,,,,,,,,,,,,32,,,,,,0,,,,,,,,,,,,,,,,,,,,,,,,,,,,
2013-12-11,JK11A8B9J3BR8F,Hitachi HDS722020ALA330,2000398934016,0,,0,,,,,,,,0,,,,,,24431,,,,,,,,,,,,,,,,,,,,,,,,,,,,,,27,,,,,,0,,,,,,,,,,,,,,,,,,,,,,,,,,,,
2013-12-11,MJ1311YNG6VVYA,Hitachi HDS5C3030ALA630,3000592982016,0,,0,,,,,,,,0,,,,,,14596,,,,,,,,,,,,,,,,,,,,,,,,,,,,,,27,,,,,,0,,,,,,,,,,,,,,,,,,,,,,,,,,,,
2013-12-11,6XW00BLT,ST31500541AS,1500301910016,0,,168295110,,,,,,,,0,,,,,,34758,,,,,,,,,,,,,,,,,,,,,,,,,,,,,,18,,,,,,0,,,,,,,,,,,,,,,,,,,,,,,,,,,,
2013-12-11,JK11A8B9J39THF,Hitachi HDS722020ALA330,2000398934016,0,,0,,,,,,,,0,,,,,,23587,,,,,,,,,,,,,,,,,,,,,,,,,,,,,,32,,,,,,0,,,,,,,,,,,,,,,,,,,,,,,,,,,,
2013-12-11,JK11A8B9J072YF,Hitachi HDS722020ALA330,2000398934016,0,,0,,,,,,,,0,,,,,,23579,,,,,,,,,,,,,,,,,,,,,,,,,,,,,,30,,,,,,0,,,,,,,,,,,,,,,,,,,,,,,,,,,,
2013-12-11,Z300JDEE,ST4000DM000,4000787030016,0,,173806032,,,,,,,,0,,,,,,2217,,,,,,,,,,,,,,,,,,,,,,,,,,,,,,25,,,,,,0,,,,,,,,,,,,,,,,,,,,,,,,,,,,
2013-12-11,Z290RJZF,ST33000651AS,3000592982016,0,,25133115,,,,,,,,0,,,,,,17050,,,,,,,,,,,,,,,,,,,,,,,,,,,,,,26,,,,,,0,,,,,,,,,,,,,,,,,,,,,,,,,,,,
2013-12-11,PL1311LAG3B9HH,Hitachi HDS5C4040ALE630,4000787030016,0,,0,,,,,,,,0,,,,,,5670,,,,,,,,,,,,,,,,,,,,,,,,,,,,,,20,,,,,,0,,,,,,,,,,,,,,,,,,,,,,,,,,,,
2013-12-11,W1F0X6FY,ST3000DM001,3000592982016,0,,143157752,,,,,,,,0,,,,,,11021,,,,,,,,,,,,,,,,,,,,,,,,,,,,,,23,,,,,,0,,,,,,,,,,,,,,,,,,,,,,,,,,,,
2013-12-11,JK1171YAK1ZBYN,Hitachi HDS722020ALA330,2000398934016,0,,65537,,,,,,,,0,,,,,,29668,,,,,,,,,,,,,,,,,,,,,,,,,,,,,,32,,,,,,0,,,,,,,,,,,,,,,,,,,,,,,,,,,,
2013-12-11,MJ1311YNG767PA,Hitachi HDS5C3030ALA630,3000592982016,0,,0,,,,,,,,0,,,,,,14621,,,,,,,,,,,,,,,,,,,,,,,,,,,,,,21,,,,,,0,,,,,,,,,,,,,,,,,,,,,,,,,,,,
2013-12-11,MJ0351YNGA02TA,Hitachi HDS5C3030ALA630,3000592982016,0,,0,,,,,,,,0,,,,,,9271,,,,,,,,,,,,,,,,,,,,,,,,,,,,,,28,,,,,,0,,,,,,,,,,,,,,,,,,,,,,,,,,,,
2013-12-11,PL1311LAG1RYTA,Hitachi HDS5C4040ALE630,4000787030016,0,,0,,,,,,,,0,,,,,,7459,,,,,,,,,,,,,,,,,,,,,,,,,,,,,,27,,,,,,0,,,,,,,,,,,,,,,,,,,,,,,,,,,,
2013-12-11,MJ1323YNG19LVC,Hitachi HDS5C3030ALA630,3000592982016,0,,0,,,,,,,,0,,,,,,20731,,,,,,,,,,,,,,,,,,,,,,,,,,,,,,29,,,,,,0,,,,,,,,,,,,,,,,,,,,,,,,,,,,
2013-12-11,Z1F0QLBE,ST3000DM001,3000592982016,0,,113161096,,,,,,,,0,,,,,,11021,,,,,,,,,,,,,,,,,,,,,,,,,,,,,,28,,,,,,0,,,,,,,,,,,,,,,,,,,,,,,,,,,,
2013-12-11,WD-WCAU45177480,WDC WD10EADS,1000204886016,0,,9,,,,,,,,0,,,,,,41388,,,,,,,,,,,,,,,,,,,,,,,,,,,,,,26,,,,,,1,,,,,,,,,,,,,,,,,,,,,,,,,,,,
2013-12-11,MJ0351YNG9VA2A,Hitachi HDS5C3030ALA630,3000592982016,0,,0,,,,,,,,0,,,,,,8141,,,,,,,,,,,,,,,,,,,,,,,,,,,,,,31,,,,,,0,,,,,,,,,,,,,,,,,,,,,,,,,,,,
2013-12-11,WD-WCAWZ1008202,WDC WD30EZRX,3000592982016,0,,2,,,,,,,,0,,,,,,18009,,,,,,,,,,,,,,,,,,,,,,,,,,,,,,23,,,,,,0,,,,,,,,,,,,,,,,,,,,,,,,,,,,
2013-12-11,5XW008MX,ST31500541AS,1500301910016,0,,94923098,,,,,,,,0,,,,,,35228,,,,,,,,,,,,,,,,,,,,,,,,,,,,,,21,,,,,,0,,,,,,,,,,,,,,,,,,,,,,,,,,,,
2013-12-11,PL1311LAG0SMMA,Hitachi HDS5C4040ALE630,4000787030016,0,,0,,,,,,,,0,,,,,,7014,,,,,,,,,,,,,,,,,,,,,,,,,,,,,,22,,,,,,0,,,,,,,,,,,,,,,,,,,,,,,,,,,,
2013-12-11,MJ1311YNG7JM7A,Hitachi HDS5C3030ALA630,3000592982016,0,,0,,,,,,,,0,,,,,,14622,,,,,,,,,,,,,,,,,,,,,,,,,,,,,,24,,,,,,0,,,,,,,,,,,,,,,,,,,,,,,,,,,,
2013-12-11,JK11A8B9HWZR2F,Hitachi HDS722020ALA330,2000398934016,0,,0,,,,,,,,0,,,,,,26329,,,,,,,,,,,,,,,,,,,,,,,,,,,,,,23,,,,,,0,,,,,,,,,,,,,,,,,,,,,,,,,,,,
2013-12-11,JK11A8B9J7AXHF,Hitachi HDS722020ALA330,2000398934016,0,,0,,,,,,,,0,,,,,,22697,,,,,,,,,,,,,,,,,,,,,,,,,,,,,,28,,,,,,0,,,,,,,,,,,,,,,,,,,,,,,,,,,,
2013-12-11,MJ0351YNG9YVRA,Hitachi HDS5C3030ALA630,3000592982016,0,,0,,,,,,,,0,,,,,,9941,,,,,,,,,,,,,,,,,,,,,,,,,,,,,,22,,,,,,0,,,,,,,,,,,,,,,,,,,,,,,,,,,,
2013-12-11,MJ0351YNG9YJNA,Hitachi HDS5C3030ALA630,3000592982016,0,,0,,,,,,,,0,,,,,,9475,,,,,,,,,,,,,,,,,,,,,,,,,,,,,,28,,,,,,0,,,,,,,,,,,,,,,,,,,,,,,,,,,,
2013-12-11,MJ1323YNG1R3GC,Hitachi HDS5C3030ALA630,3000592982016,0,,0,,,,,,,,0,,,,,,19766,,,,,,,,,,,,,,,,,,,,,,,,,,,,,,27,,,,,,0,,,,,,,,,,,,,,,,,,,,,,,,,,,,
2013-12-11,S1F04ZX7,ST3000DM001,3000592982016,0,,33790728,,,,,,,,0,,,,,,13885,,,,,,,,,,,,,,,,,,,,,,,,,,,,,,27,,,,,,0,,,,,,,,,,,,,,,,,,,,,,,,,,,,
2013-12-11,JK1171YAK1ZB0N,Hitachi HDS722020ALA330,2000398934016,0,,0,,,,,,,,0,,,,,,29668,,,,,,,,,,,,,,,,,,,,,,,,,,,,,,27,,,,,,0,,,,,,,,,,,,,,,,,,,,,,,,,,,,
2013-12-11,WD-WCAWZ1198653,WDC WD30EZRX,3000592982016,0,,0,,,,,,,,0,,,,,,17598,,,,,,,,,,,,,,,,,,,,,,,,,,,,,,20,,,,,,0,,,,,,,,,,,,,,,,,,,,,,,,,,,,
2013-12-11,Z1Z03F8P,ST4000DX000,4000787030016,0,,3851665,,,,,,,,0,,,,,,7132,,,,,,,,,,,,,,,,,,,,,,,,,,,,,,37,,,,,,0,,,,,,,,,,,,,,,,,,,,,,,,,,,,
2013-12-11,JK1105B8GGAXXX,Hitachi HDS722020ALA330,2000398934016,0,,0,,,,,,,,0,,,,,,27221,,,,,,,,,,,,,,,,,,,,,,,,,,,,,,32,,,,,,0,,,,,,,,,,,,,,,,,,,,,,,,,,,,
2013-12-11,JK1101B9KLHVHF,Hitachi HDS722020ALA330,2000398934016,0,,0,,,,,,,,296,,,,,,23074,,,,,,,,,,,,,,,,,,,,,,,,,,,,,,32,,,,,,1,,,,,,,,,,,,,,,,,,,,,,,,,,,,
2013-12-11,WD-WCAWZ1345064,WDC WD30EZRX,3000592982016,0,,0,,,,,,,,0,,,,,,15831,,,,,,,,,,,,,,,,,,,,,,,,,,,,,,23,,,,,,0,,,,,,,,,,,,,,,,,,,,,,,,,,,,
2013-12-11,Z300MZFB,ST4000DM000,4000787030016,0,,66776008,,,,,,,,0,,,,,,2920,,,,,,,,,,,,,,,,,,,,,,,,,,,,,,19,,,,,,0,,,,,,,,,,,,,,,,,,,,,,,,,,,,
2013-12-11,JK1101B9G72G7F,Hitachi HDS722020ALA330,2000398934016,0,,0,,,,,,,,0,,,,,,21603,,,,,,,,,,,,,,,,,,,,,,,,,,,,,,31,,,,,,0,,,,,,,,,,,,,,,,,,,,,,,,,,,,
2013-12-11,MJ1311YNG7ASLA,Hitachi HDS5C3030ALA630,3000592982016,0,,0,,,,,,,,0,,,,,,14289,,,,,,,,,,,,,,,,,,,,,,,,,,,,,,29,,,,,,0,,,,,,,,,,,,,,,,,,,,,,,,,,,,
2013-12-11,Z1Z06H8S,ST4000DX000,4000787030016,0,,198840871,,,,,,,,0,,,,,,5037,,,,,,,,,,,,,,,,,,,,,,,,,,,,,,31,,,,,,0,,,,,,,,,,,,,,,,,,,,,,,,,,,,
2013-12-11,MJ0351YNGA3T1A,Hitachi HDS5C3030ALA630,3000592982016,0,,0,,,,,,,,0,,,,,,9315,,,,,,,,,,,,,,,,,,,,,,,,,,,,,,31,,,,,,0,,,,,,,,,,,,,,,,,,,,,,,,,,,,
2013-12-11,JK11A8B9J7P72F,Hitachi HDS722020ALA330,2000398934016,0,,0,,,,,,,,0,,,,,,24665,,,,,,,,,,,,,,,,,,,,,,,,,,,,,,27,,,,,,0,,,,,,,,,,,,,,,,,,,,,,,,,,,,
2013-12-11,JK11A8B9J8ZNRF,Hitachi HDS722020ALA330,2000398934016,0,,0,,,,,,,,0,,,,,,24495,,,,,,,,,,,,,,,,,,,,,,,,,,,,,,27,,,,,,0,,,,,,,,,,,,,,,,,,,,,,,,,,,,
2013-12-11,JK11A8B9J8ZGJF,Hitachi HDS722020ALA330,2000398934016,0,,0,,,,,,,,0,,,,,,24983,,,,,,,,,,,,,,,,,,,,,,,,,,,,,,27,,,,,,0,,,,,,,,,,,,,,,,,,,,,,,,,,,,
2013-12-11,JK11A1YAJEABZV,Hitachi HDS722020ALA330,2000398934016,0,,327682,,,,,,,,35,,,,,,28852,,,,,,,,,,,,,,,,,,,,,,,,,,,,,,29,,,,,,1,,,,,,,,,,,,,,,,,,,,,,,,,,,,
2013-12-11,MJ0351YNG9YZ9A,Hitachi HDS5C3030ALA630,3000592982016,0,,0,,,,,,,,0,,,,,,7974,,,,,,,,,,,,,,,,,,,,,,,,,,,,,,29,,,,,,0,,,,,,,,,,,,,,,,,,,,,,,,,,,,
2013-12-11,PL1321LAG35U3H,Hitachi HDS5C4040ALE630,4000787030016,0,,0,,,,,,,,0,,,,,,5135,,,,,,,,,,,,,,,,,,,,,,,,,,,,,,24,,,,,,0,,,,,,,,,,,,,,,,,,,,,,,,,,,,
2013-12-11,MJ1311YNG3LXZA,Hitachi HDS5C3030ALA630,3000592982016,0,,0,,,,,,,,0,,,,,,19310,,,,,,,,,,,,,,,,,,,,,,,,,,,,,,28,,,,,,0,,,,,,,,,,,,,,,,,,,,,,,,,,,,
2013-12-11,W300B714,ST4000DM000,4000787030016,0,,141697112,,,,,,,,0,,,,,,3586,,,,,,,,,,,,,,,,,,,,,,,,,,,,,,23,,,,,,0,,,,,,,,,,,,,,,,,,,,,,,,,,,,
2013-12-11,JK11C1YAK5D2TV,Hitachi HDS722020ALA330,2000398934016,0,,0,,,,,,,,0,,,,,,3537,,,,,,,,,,,,,,,,,,,,,,,,,,,,,,23,,,,,,0,,,,,,,,,,,,,,,,,,,,,,,,,,,,
2013-12-11,W300B713,ST4000DM000,4000787030016,0,,206180640,,,,,,,,0,,,,,,3604,,,,,,,,,,,,,,,,,,,,,,,,,,,,,,23,,,,,,0,,,,,,,,,,,,,,,,,,,,,,,,,,,,
2013-12-11,5XW20ZZS,ST32000542AS,2000398934016,0,,202632581,,,,,,,,0,,,,,,7228,,,,,,,,,,,,,,,,,,,,,,,,,,,,,,24,,,,,,0,,,,,,,,,,,,,,,,,,,,,,,,,,,,
2013-12-11,WD-WMC1T1621063,WDC WD30EFRX,3000592982016,0,,0,,,,,,,,0,,,,,,7709,,,,,,,,,,,,,,,,,,,,,,,,,,,,,,26,,,,,,0,,,,,,,,,,,,,,,,,,,,,,,,,,,,
2013-12-11,JK11A8B9GP8V9F,Hitachi HDS722020ALA330,2000398934016,0,,1,,,,,,,,0,,,,,,24213,,,,,,,,,,,,,,,,,,,,,,,,,,,,,,24,,,,,,0,,,,,,,,,,,,,,,,,,,,,,,,,,,,
2013-12-11,JK11A8B9J9KWRF,Hitachi HDS722020ALA330,2000398934016,0,,0,,,,,,,,0,,,,,,24983,,,,,,,,,,,,,,,,,,,,,,,,,,,,,,28,,,,,,0,,,,,,,,,,,,,,,,,,,,,,,,,,,,
2013-12-11,S1F0S63A,ST3000DM001,3000592982016,0,,17543280,,,,,,,,0,,,,,,10726,,,,,,,,,,,,,,,,,,,,,,,,,,,,,,25,,,,,,0,,,,,,,,,,,,,,,,,,,,,,,,,,,,
2013-12-11,W1F08M79,ST3000DM001,3000592982016,0,,226990456,,,,,,,,0,,,,,,14725,,,,,,,,,,,,,,,,,,,,,,,,,,,,,,24,,,,,,0,,,,,,,,,,,,,,,,,,,,,,,,,,,,
2013-12-11,MJ0351YNGA3E6A,Hitachi HDS5C3030ALA630,3000592982016,0,,0,,,,,,,,0,,,,,,9129,,,,,,,,,,,,,,,,,,,,,,,,,,,,,,29,,,,,,0,,,,,,,,,,,,,,,,,,,,,,,,,,,,
2013-12-11,WD-WMC1T3154633,WDC WD30EFRX,3000592982016,0,,0,,,,,,,,0,,,,,,2206,,,,,,,,,,,,,,,,,,,,,,,,,,,,,,22,,,,,,0,,,,,,,,,,,,,,,,,,,,,,,,,,,,
2013-12-11,MJ1311YNG3KB4A,Hitachi HDS5C3030ALA630,3000592982016,0,,0,,,,,,,,0,,,,,,19252,,,,,,,,,,,,,,,,,,,,,,,,,,,,,,23,,,,,,0,,,,,,,,,,,,,,,,,,,,,,,,,,,,
2013-12-11,W3005W0E,ST4000DM000,4000787030016,0,,136833512,,,,,,,,0,,,,,,2856,,,,,,,,,,,,,,,,,,,,,,,,,,,,,,19,,,,,,0,,,,,,,,,,,,,,,,,,,,,,,,,,,,
2013-12-11,WD-WMC1T0846946,WDC WD30EFRX,3000592982016,0,,0,,,,,,,,0,,,,,,8840,,,,,,,,,,,,,,,,,,,,,,,,,,,,,,29,,,,,,0,,,,,,,,,,,,,,,,,,,,,,,,,,,,
2013-12-11,MJ0351YNGABUDA,Hitachi HDS5C3030ALA630,3000592982016,0,,0,,,,,,,,0,,,,,,8142,,,,,,,,,,,,,,,,,,,,,,,,,,,,,,32,,,,,,0,,,,,,,,,,,,,,,,,,,,,,,,,,,,
2013-12-11,S1F05VAG,ST3000DM001,3000592982016,0,,163895424,,,,,,,,0,,,,,,13913,,,,,,,,,,,,,,,,,,,,,,,,,,,,,,22,,,,,,0,,,,,,,,,,,,,,,,,,,,,,,,,,,,
2013-12-11,W1F1C51R,ST3000DM001,3000592982016,0,,216669864,,,,,,,,0,,,,,,7991,,,,,,,,,,,,,,,,,,,,,,,,,,,,,,28,,,,,,0,,,,,,,,,,,,,,,,,,,,,,,,,,,,
2013-12-11,6XW04WP6,ST31500541AS,1500301910016,0,,183656378,,,,,,,,0,,,,,,37161,,,,,,,,,,,,,,,,,,,,,,,,,,,,,,22,,,,,,0,,,,,,,,,,,,,,,,,,,,,,,,,,,,
2013-12-11,JK11A8B9J7X26F,Hitachi HDS722020ALA330,2000398934016,0,,0,,,,,,,,0,,,,,,24914,,,,,,,,,,,,,,,,,,,,,,,,,,,,,,27,,,,,,0,,,,,,,,,,,,,,,,,,,,,,,,,,,,
2013-12-11,S1F0S633,ST3000DM001,3000592982016,0,,109229064,,,,,,,,0,,,,,,10538,,,,,,,,,,,,,,,,,,,,,,,,,,,,,,25,,,,,,0,,,,,,,,,,,,,,,,,,,,,,,,,,,,
2013-12-11,PL1311LAG3G7GH,Hitachi HDS5C4040ALE630,4000787030016,0,,0,,,,,,,,0,,,,,,5959,,,,,,,,,,,,,,,,,,,,,,,,,,,,,,18,,,,,,0,,,,,,,,,,,,,,,,,,,,,,,,,,,,
2013-12-11,JK1101B9KLNZTF,Hitachi HDS722020ALA330,2000398934016,0,,0,,,,,,,,0,,,,,,23074,,,,,,,,,,,,,,,,,,,,,,,,,,,,,,34,,,,,,0,,,,,,,,,,,,,,,,,,,,,,,,,,,,
2013-12-11,JK11A8B9JR0WPF,Hitachi HDS722020ALA330,2000398934016,0,,0,,,,,,,,0,,,,,,24112,,,,,,,,,,,,,,,,,,,,,,,,,,,,,,25,,,,,,0,,,,,,,,,,,,,,,,,,,,,,,,,,,,
2013-12-11,MK0311YHGDKLEA,Hitachi HDS723030ALA640,3000592982016,0,,0,,,,,,,,0,,,,,,16735,,,,,,,,,,,,,,,,,,,,,,,,,,,,,,25,,,,,,0,,,,,,,,,,,,,,,,,,,,,,,,,,,,
2013-12-11,6XW038PW,ST31500541AS,1500301910016,0,,61224431,,,,,,,,0,,,,,,35445,,,,,,,,,,,,,,,,,,,,,,,,,,,,,,18,,,,,,0,,,,,,,,,,,,,,,,,,,,,,,,,,,,
2013-12-11,W300C5JW,ST4000DM000,4000787030016,0,,168045936,,,,,,,,0,,,,,,4353,,,,,,,,,,,,,,,,,,,,,,,,,,,,,,26,,,,,,0,,,,,,,,,,,,,,,,,,,,,,,,,,,,
2013-12-11,PL1311LAG2886H,Hitachi HDS5C4040ALE630,4000787030016,0,,0,,,,,,,,0,,,,,,6653,,,,,,,,,,,,,,,,,,,,,,,,,,,,,,26,,,,,,0,,,,,,,,,,,,,,,,,,,,,,,,,,,,
2013-12-11,Z1F0LB11,ST3000DM001,3000592982016,0,,4120984,,,,,,,,0,,,,,,12170,,,,,,,,,,,,,,,,,,,,,,,,,,,,,,26,,,,,,0,,,,,,,,,,,,,,,,,,,,,,,,,,,,
2013-12-11,WD-WCAU4C283779,WDC WD10EADS,1000204886016,0,,4,,,,,,,,80,,,,,,35540,,,,,,,,,,,,,,,,,,,,,,,,,,,,,,21,,,,,,0,,,,,,,,,,,,,,,,,,,,,,,,,,,,
2013-12-11,PL1321LAG2Y6WH,Hitachi HDS5C4040ALE630,4000787030016,0,,0,,,,,,,,0,,,,,,5958,,,,,,,,,,,,,,,,,,,,,,,,,,,,,,23,,,,,,0,,,,,,,,,,,,,,,,,,,,,,,,,,,,
2013-12-11,S1F01LHQ,ST3000DM001,3000592982016,0,,225645520,,,,,,,,0,,,,,,15622,,,,,,,,,,,,,,,,,,,,,,,,,,,,,,25,,,,,,0,,,,,,,,,,,,,,,,,,,,,,,,,,,,
2013-12-11,W1F0QRRS,ST3000DM001,3000592982016,0,,83927688,,,,,,,,0,,,,,,12616,,,,,,,,,,,,,,,,,,,,,,,,,,,,,,20,,,,,,0,,,,,,,,,,,,,,,,,,,,,,,,,,,,
2013-12-11,WD-WCAV5D656952,WDC WD10EADS,1000204886016,0,,0,,,,,,,,0,,,,,,12992,,,,,,,,,,,,,,,,,,,,,,,,,,,,,,30,,,,,,0,,,,,,,,,,,,,,,,,,,,,,,,,,,,
2013-12-11,W300BSV2,ST4000DM000,4000787030016,0,,181548432,,,,,,,,0,,,,,,4140,,,,,,,,,,,,,,,,,,,,,,,,,,,,,,24,,,,,,0,,,,,,,,,,,,,,,,,,,,,,,,,,,,
2013-12-11,W300KKTF,ST4000DM000,4000787030016,0,,181068872,,,,,,,,0,,,,,,909,,,,,,,,,,,,,,,,,,,,,,,,,,,,,,24,,,,,,0,,,,,,,,,,,,,,,,,,,,,,,,,,,,
2013-12-11,9VS1QSS9,ST31500341AS,1500301910016,0,,133626696,,,,,,,,4,,,,,,40243,,,,,,,,,,,,,,,,,,,,,,,,,,,,,,24,,,,,,0,,,,,,,,,,,,,,,,,,,,,,,,,,,,
2013-12-11,W1F1BG0P,ST3000DM001,3000592982016,0,,36462208,,,,,,,,0,,,,,,7988,,,,,,,,,,,,,,,,,,,,,,,,,,,,,,27,,,,,,0,,,,,,,,,,,,,,,,,,,,,,,,,,,,
2013-12-11,6XW0385P,ST31500541AS,1500301910016,0,,158418535,,,,,,,,0,,,,,,37400,,,,,,,,,,,,,,,,,,,,,,,,,,,,,,21,,,,,,0,,,,,,,,,,,,,,,,,,,,,,,,,,,,
2013-12-11,MJ1323YNG1GB4C,Hitachi HDS5C3030ALA630,3000592982016,0,,0,,,,,,,,0,,,,,,19629,,,,,,,,,,,,,,,,,,,,,,,,,,,,,,25,,,,,,0,,,,,,,,,,,,,,,,,,,,,,,,,,,,
2013-12-11,PL2311LAG1TJVC,Hitachi HDS5C4040ALE630,4000787030016,0,,0,,,,,,,,0,,,,,,7759,,,,,,,,,,,,,,,,,,,,,,,,,,,,,,22,,,,,,0,,,,,,,,,,,,,,,,,,,,,,,,,,,,
2013-12-11,JK11A8B9J3W5ZF,Hitachi HDS722020ALA330,2000398934016,0,,0,,,,,,,,0,,,,,,23319,,,,,,,,,,,,,,,,,,,,,,,,,,,,,,28,,,,,,0,,,,,,,,,,,,,,,,,,,,,,,,,,,,
2013-12-11,5XW02PTV,ST31500541AS,1500301910016,0,,233055929,,,,,,,,0,,,,,,35228,,,,,,,,,,,,,,,,,,,,,,,,,,,,,,22,,,,,,0,,,,,,,,,,,,,,,,,,,,,,,,,,,,
2013-12-11,Z300PMHC,ST4000DM000,4000787030016,0,,91875632,,,,,,,,0,,,,,,1233,,,,,,,,,,,,,,,,,,,,,,,,,,,,,,18,,,,,,0,,,,,,,,,,,,,,,,,,,,,,,,,,,,
2013-12-11,PL1331LAGB4RSH,Hitachi HDS5C4040ALE630,4000787030016,0,,0,,,,,,,,0,,,,,,2981,,,,,,,,,,,,,,,,,,,,,,,,,,,,,,23,,,,,,0,,,,,,,,,,,,,,,,,,,,,,,,,,,,
2013-12-11,W300DZ31,ST4000DM000,4000787030016,0,,61047888,,,,,,,,0,,,,,,4183,,,,,,,,,,,,,,,,,,,,,,,,,,,,,,23,,,,,,0,,,,,,,,,,,,,,,,,,,,,,,,,,,,
2013-12-11,Z300PMHJ,ST4000DM000,4000787030016,0,,21985056,,,,,,,,0,,,,,,1232,,,,,,,,,,,,,,,,,,,,,,,,,,,,,,20,,,,,,0,,,,,,,,,,,,,,,,,,,,,,,,,,,,
2013-12-11,Z300PMHK,ST4000DM000,4000787030016,0,,34347080,,,,,,,,0,,,,,,1450,,,,,,,,,,,,,,,,,,,,,,,,,,,,,,22,,,,,,0,,,,,,,,,,,,,,,,,,,,,,,,,,,,
2013-12-11,Z300PMHM,ST4000DM000,4000787030016,0,,216930672,,,,,,,,0,,,,,,1114,,,,,,,,,,,,,,,,,,,,,,,,,,,,,,26,,,,,,0,,,,,,,,,,,,,,,,,,,,,,,,,,,,
2013-12-11,5YD6RQDX,ST1500DL003,1500301910016,0,,1134664,,,,,,,,0,,,,,,3156,,,,,,,,,,,,,,,,,,,,,,,,,,,,,,22,,,,,,0,,,,,,,,,,,,,,,,,,,,,,,,,,,,
2013-12-11,MK0301YHGMLABD,Hitachi HDS723030ALA640,3000592982016,0,,0,,,,,,,,0,,,,,,16682,,,,,,,,,,,,,,,,,,,,,,,,,,,,,,29,,,,,,0,,,,,,,,,,,,,,,,,,,,,,,,,,,,
2013-12-11,W300BDR3,ST4000DM000,4000787030016,0,,30046912,,,,,,,,0,,,,,,4134,,,,,,,,,,,,,,,,,,,,,,,,,,,,,,22,,,,,,0,,,,,,,,,,,,,,,,,,,,,,,,,,,,
2013-12-11,JK1101B8KNH3KS,Hitachi HDS722020ALA330,2000398934016,0,,0,,,,,,,,0,,,,,,23125,,,,,,,,,,,,,,,,,,,,,,,,,,,,,,37,,,,,,0,,,,,,,,,,,,,,,,,,,,,,,,,,,,
2013-12-11,Z300PMHW,ST4000DM000,4000787030016,0,,198454152,,,,,,,,0,,,,,,1114,,,,,,,,,,,,,,,,,,,,,,,,,,,,,,26,,,,,,0,,,,,,,,,,,,,,,,,,,,,,,,,,,,
2013-12-11,Z300PMHX,ST4000DM000,4000787030016,0,,90974504,,,,,,,,0,,,,,,1093,,,,,,,,,,,,,,,,,,,,,,,,,,,,,,23,,,,,,0,,,,,,,,,,,,,,,,,,,,,,,,,,,,
2013-12-11,Z300PMHZ,ST4000DM000,4000787030016,0,,163751032,,,,,,,,0,,,,,,1232,,,,,,,,,,,,,,,,,,,,,,,,,,,,,,18,,,,,,0,,,,,,,,,,,,,,,,,,,,,,,,,,,,
2013-12-11,MJ1321YNG0MEBA,Hitachi HDS5C3030ALA630,3000592982016,0,,0,,,,,,,,0,,,,,,20732,,,,,,,,,,,,,,,,,,,,,,,,,,,,,,26,,,,,,0,,,,,,,,,,,,,,,,,,,,,,,,,,,,
2013-12-11,JK1105B8GG4Y6X,Hitachi HDS722020ALA330,2000398934016,0,,589825,,,,,,,,0,,,,,,27167,,,,,,,,,,,,,,,,,,,,,,,,,,,,,,30,,,,,,0,,,,,,,,,,,,,,,,,,,,,,,,,,,,
2013-12-11,W300CQNR,ST4000DM000,4000787030016,0,,59863104,,,,,,,,0,,,,,,2272,,,,,,,,,,,,,,,,,,,,,,,,,,,,,,21,,,,,,0,,,,,,,,,,,,,,,,,,,,,,,,,,,,
2013-12-11,Z300JC07,ST4000DM000,4000787030016,0,,99999056,,,,,,,,0,,,,,,2221,,,,,,,,,,,,,,,,,,,,,,,,,,,,,,27,,,,,,0,,,,,,,,,,,,,,,,,,,,,,,,,,,,
2013-12-11,W300CQNV,ST4000DM000,4000787030016,0,,231174016,,,,,,,,0,,,,,,2145,,,,,,,,,,,,,,,,,,,,,,,,,,,,,,25,,,,,,0,,,,,,,,,,,,,,,,,,,,,,,,,,,,
2013-12-11,PL2321LAGASJ1J,Hitachi HDS5C4040ALE630,4000787030016,0,,0,,,,,,,,0,,,,,,5075,,,,,,,,,,,,,,,,,,,,,,,,,,,,,,28,,,,,,0,,,,,,,,,,,,,,,,,,,,,,,,,,,,
2013-12-11,JK1101B9JPH82F,Hitachi HDS722020ALA330,2000398934016,0,,0,,,,,,,,0,,,,,,24432,,,,,,,,,,,,,,,,,,,,,,,,,,,,,,27,,,,,,0,,,,,,,,,,,,,,,,,,,,,,,,,,,,
2013-12-11,6XW08RS8,ST31500541AS,1500301910016,0,,154236339,,,,,,,,0,,,,,,32234,,,,,,,,,,,,,,,,,,,,,,,,,,,,,,21,,,,,,0,,,,,,,,,,,,,,,,,,,,,,,,,,,,
2013-12-11,6XW01CPP,ST31500541AS,1500301910016,0,,146337994,,,,,,,,0,,,,,,36061,,,,,,,,,,,,,,,,,,,,,,,,,,,,,,18,,,,,,0,,,,,,,,,,,,,,,,,,,,,,,,,,,,
2013-12-11,W300CQNF,ST4000DM000,4000787030016,0,,238271864,,,,,,,,0,,,,,,4140,,,,,,,,,,,,,,,,,,,,,,,,,,,,,,23,,,,,,0,,,,,,,,,,,,,,,,,,,,,,,,,,,,
2013-12-11,JK11A5B8J36NYX,Hitachi HDS722020ALA330,2000398934016,0,,0,,,,,,,,0,,,,,,23636,,,,,,,,,,,,,,,,,,,,,,,,,,,,,,27,,,,,,0,,,,,,,,,,,,,,,,,,,,,,,,,,,,
2013-12-11,Z300ND19,ST4000DM000,4000787030016,0,,106233968,,,,,,,,0,,,,,,105,,,,,,,,,,,,,,,,,,,,,,,,,,,,,,23,,,,,,0,,,,,,,,,,,,,,,,,,,,,,,,,,,,
2013-12-11,W300BNMR,ST4000DM000,4000787030016,0,,46035952,,,,,,,,0,,,,,,3611,,,,,,,,,,,,,,,,,,,,,,,,,,,,,,21,,,,,,0,,,,,,,,,,,,,,,,,,,,,,,,,,,,
2013-12-11,S1F0M1Q0,ST3000DM001,3000592982016,0,,52960496,,,,,,,,0,,,,,,11021,,,,,,,,,,,,,,,,,,,,,,,,,,,,,,22,,,,,,0,,,,,,,,,,,,,,,,,,,,,,,,,,,,
2013-12-11,Z1F0L9WF,ST3000DM001,3000592982016,0,,173428248,,,,,,,,0,,,,,,6053,,,,,,,,,,,,,,,,,,,,,,,,,,,,,,22,,,,,,0,,,,,,,,,,,,,,,,,,,,,,,,,,,,
2013-12-11,JK11A8B9J2VGZF,Hitachi HDS722020ALA330,2000398934016,0,,0,,,,,,,,0,,,,,,22415,,,,,,,,,,,,,,,,,,,,,,,,,,,,,,22,,,,,,0,,,,,,,,,,,,,,,,,,,,,,,,,,,,
2013-12-11,W300BNM9,ST4000DM000,4000787030016,0,,17791024,,,,,,,,0,,,,,,4042,,,,,,,,,,,,,,,,,,,,,,,,,,,,,,23,,,,,,0,,,,,,,,,,,,,,,,,,,,,,,,,,,,
2013-12-11,W300BNM1,ST4000DM000,4000787030016,0,,188782856,,,,,,,,0,,,,,,3611,,,,,,,,,,,,,,,,,,,,,,,,,,,,,,20,,,,,,0,,,,,,,,,,,,,,,,,,,,,,,,,,,,
2013-12-11,Z300ND1Y,ST4000DM000,4000787030016,0,,57760568,,,,,,,,0,,,,,,1093,,,,,,,,,,,,,,,,,,,,,,,,,,,,,,29,,,,,,0,,,,,,,,,,,,,,,,,,,,,,,,,,,,
2013-12-11,W300BNM3,ST4000DM000,4000787030016,0,,75117056,,,,,,,,0,,,,,,3611,,,,,,,,,,,,,,,,,,,,,,,,,,,,,,23,,,,,,0,,,,,,,,,,,,,,,,,,,,,,,,,,,,
2013-12-11,WD-WCAU45642818,WDC WD10EADS,1000204886016,0,,2,,,,,,,,0,,,,,,41145,,,,,,,,,,,,,,,,,,,,,,,,,,,,,,23,,,,,,0,,,,,,,,,,,,,,,,,,,,,,,,,,,,
2013-12-11,MJ1311YNG7G8KA,Hitachi HDS5C3030ALA630,3000592982016,0,,0,,,,,,,,0,,,,,,14595,,,,,,,,,,,,,,,,,,,,,,,,,,,,,,29,,,,,,0,,,,,,,,,,,,,,,,,,,,,,,,,,,,
2013-12-11,Z300P9Q5,ST4000DM000,4000787030016,0,,155604936,,,,,,,,0,,,,,,1094,,,,,,,,,,,,,,,,,,,,,,,,,,,,,,22,,,,,,0,,,,,,,,,,,,,,,,,,,,,,,,,,,,
2013-12-11,6XW0XQ9P,ST31500541AS,1500301910016,0,,241278629,,,,,,,,0,,,,,,34171,,,,,,,,,,,,,,,,,,,,,,,,,,,,,,20,,,,,,0,,,,,,,,,,,,,,,,,,,,,,,,,,,,
2013-12-11,6XW0LECS,ST31500541AS,1500301910016,0,,209567998,,,,,,,,0,,,,,,27240,,,,,,,,,,,,,,,,,,,,,,,,,,,,,,16,,,,,,0,,,,,,,,,,,,,,,,,,,,,,,,,,,,
2013-12-11,MJ1311YNG7JLJA,Hitachi HDS5C3030ALA630,3000592982016,0,,0,,,,,,,,0,,,,,,14620,,,,,,,,,,,,,,,,,,,,,,,,,,,,,,24,,,,,,0,,,,,,,,,,,,,,,,,,,,,,,,,,,,
2013-12-11,W300B2QA,ST4000DM000,4000787030016,0,,22870384,,,,,,,,0,,,,,,3588,,,,,,,,,,,,,,,,,,,,,,,,,,,,,,23,,,,,,0,,,,,,,,,,,,,,,,,,,,,,,,,,,,
2013-12-11,WD-WCAWZ1044284,WDC WD30EZRX,3000592982016,0,,0,,,,,,,,0,,,,,,16126,,,,,,,,,,,,,,,,,,,,,,,,,,,,,,23,,,,,,0,,,,,,,,,,,,,,,,,,,,,,,,,,,,
2013-12-11,MJ1311YNG3DA5A,Hitachi HDS5C3030ALA630,3000592982016,0,,0,,,,,,,,0,,,,,,19310,,,,,,,,,,,,,,,,,,,,,,,,,,,,,,28,,,,,,0,,,,,,,,,,,,,,,,,,,,,,,,,,,,
2013-12-11,W300B2QY,ST4000DM000,4000787030016,0,,121510144,,,,,,,,0,,,,,,4189,,,,,,,,,,,,,,,,,,,,,,,,,,,,,,25,,,,,,0,,,,,,,,,,,,,,,,,,,,,,,,,,,,
2013-12-11,Z300K1Z7,ST4000DM000,4000787030016,0,,135572624,,,,,,,,0,,,,,,2241,,,,,,,,,,,,,,,,,,,,,,,,,,,,,,21,,,,,,0,,,,,,,,,,,,,,,,,,,,,,,,,,,,
2013-12-11,W300B2QQ,ST4000DM000,4000787030016,0,,15143496,,,,,,,,0,,,,,,4189,,,,,,,,,,,,,,,,,,,,,,,,,,,,,,22,,,,,,0,,,,,,,,,,,,,,,,,,,,,,,,,,,,
2013-12-11,PL1321LAG35RWH,Hitachi HDS5C4040ALE630,4000787030016,0,,0,,,,,,,,0,,,,,,6616,,,,,,,,,,,,,,,,,,,,,,,,,,,,,,27,,,,,,0,,,,,,,,,,,,,,,,,,,,,,,,,,,,
2013-12-11,Z1F03C4L,ST3000DM001,3000592982016,0,,106010152,,,,,,,,0,,,,,,16945,,,,,,,,,,,,,,,,,,,,,,,,,,,,,,26,,,,,,0,,,,,,,,,,,,,,,,,,,,,,,,,,,,
2013-12-11,W1F17RLV,ST3000DM001,3000592982016,0,,214634200,,,,,,,,0,,,,,,8651,,,,,,,,,,,,,,,,,,,,,,,,,,,,,,29,,,,,,0,,,,,,,,,,,,,,,,,,,,,,,,,,,,
2013-12-11,9XW0323T,ST31500541AS,1500301910016,0,,186813172,,,,,,,,0,,,,,,33303,,,,,,,,,,,,,,,,,,,,,,,,,,,,,,22,,,,,,0,,,,,,,,,,,,,,,,,,,,,,,,,,,,
2013-12-11,6XW03GEP,ST31500541AS,1500301910016,0,,134660829,,,,,,,,0,,,,,,35757,,,,,,,,,,,,,,,,,,,,,,,,,,,,,,21,,,,,,0,,,,,,,,,,,,,,,,,,,,,,,,,,,,
2013-12-11,9XW0323P,ST31500541AS,1500301910016,0,,158521251,,,,,,,,0,,,,,,33303,,,,,,,,,,,,,,,,,,,,,,,,,,,,,,21,,,,,,0,,,,,,,,,,,,,,,,,,,,,,,,,,,,
2013-12-11,MK0301YHGMWG3D,Hitachi HDS723030ALA640,3000592982016,0,,524288,,,,,,,,0,,,,,,17010,,,,,,,,,,,,,,,,,,,,,,,,,,,,,,33,,,,,,0,,,,,,,,,,,,,,,,,,,,,,,,,,,,
2013-12-11,5XW0MF0B,ST32000542AS,2000398934016,0,,50497146,,,,,,,,0,,,,,,30600,,,,,,,,,,,,,,,,,,,,,,,,,,,,,,28,,,,,,0,,,,,,,,,,,,,,,,,,,,,,,,,,,,
2013-12-11,PL1311LAG24KLA,Hitachi HDS5C4040ALE630,4000787030016,0,,0,,,,,,,,0,,,,,,6074,,,,,,,,,,,,,,,,,,,,,,,,,,,,,,18,,,,,,0,,,,,,,,,,,,,,,,,,,,,,,,,,,,
2013-12-11,MJ1311YNG6VV4A,Hitachi HDS5C3030ALA630,3000592982016,0,,0,,,,,,,,0,,,,,,14310,,,,,,,,,,,,,,,,,,,,,,,,,,,,,,22,,,,,,0,,,,,,,,,,,,,,,,,,,,,,,,,,,,
2013-12-11,PL1331LAGB7WMH,Hitachi HDS5C4040ALE630,4000787030016,0,,0,,,,,,,,0,,,,,,5075,,,,,,,,,,,,,,,,,,,,,,,,,,,,,,26,,,,,,0,,,,,,,,,,,,,,,,,,,,,,,,,,,,
2013-12-11,MJ1323YNG18AMC,Hitachi HDS5C3030ALA630,3000592982016,0,,0,,,,,,,,0,,,,,,20509,,,,,,,,,,,,,,,,,,,,,,,,,,,,,,22,,,,,,0,,,,,,,,,,,,,,,,,,,,,,,,,,,,
2013-12-11,6XW03XHW,ST31500541AS,1500301910016,0,,232161123,,,,,,,,0,,,,,,37154,,,,,,,,,,,,,,,,,,,,,,,,,,,,,,22,,,,,,0,,,,,,,,,,,,,,,,,,,,,,,,,,,,
2013-12-11,S1F01H7L,ST3000DM001,3000592982016,0,,94669632,,,,,,,,0,,,,,,15402,,,,,,,,,,,,,,,,,,,,,,,,,,,,,,23,,,,,,0,,,,,,,,,,,,,,,,,,,,,,,,,,,,
2013-12-11,9XW03232,ST31500541AS,1500301910016,0,,166561355,,,,,,,,17,,,,,,33303,,,,,,,,,,,,,,,,,,,,,,,,,,,,,,21,,,,,,0,,,,,,,,,,,,,,,,,,,,,,,,,,,,
2013-12-11,W300BHS6,ST4000DM000,4000787030016,0,,136495368,,,,,,,,0,,,,,,4044,,,,,,,,,,,,,,,,,,,,,,,,,,,,,,21,,,,,,0,,,,,,,,,,,,,,,,,,,,,,,,,,,,
2013-12-11,PL1311LAG3AYGH,Hitachi HDS5C4040ALE630,4000787030016,0,,0,,,,,,,,0,,,,,,6641,,,,,,,,,,,,,,,,,,,,,,,,,,,,,,25,,,,,,0,,,,,,,,,,,,,,,,,,,,,,,,,,,,
2013-12-11,Z300GQ96,ST4000DM000,4000787030016,0,,195372112,,,,,,,,0,,,,,,3586,,,,,,,,,,,,,,,,,,,,,,,,,,,,,,20,,,,,,0,,,,,,,,,,,,,,,,,,,,,,,,,,,,
2013-12-11,MJ0351YNGAA0BA,Hitachi HDS5C3030ALA630,3000592982016,0,,0,,,,,,,,0,,,,,,8615,,,,,,,,,,,,,,,,,,,,,,,,,,,,,,31,,,,,,0,,,,,,,,,,,,,,,,,,,,,,,,,,,,
2013-12-11,MJ0351YNGA87BA,Hitachi HDS5C3030ALA630,3000592982016,0,,0,,,,,,,,0,,,,,,8884,,,,,,,,,,,,,,,,,,,,,,,,,,,,,,32,,,,,,0,,,,,,,,,,,,,,,,,,,,,,,,,,,,
2013-12-11,W30045NK,ST4000DM000,4000787030016,0,,178434096,,,,,,,,0,,,,,,2244,,,,,,,,,,,,,,,,,,,,,,,,,,,,,,17,,,,,,0,,,,,,,,,,,,,,,,,,,,,,,,,,,,
2013-12-11,MK0311YHGJD8LA,Hitachi HDS723030ALA640,3000592982016,0,,0,,,,,,,,0,,,,,,21453,,,,,,,,,,,,,,,,,,,,,,,,,,,,,,26,,,,,,0,,,,,,,,,,,,,,,,,,,,,,,,,,,,
2013-12-11,Z290FB0H,ST33000651AS,3000592982016,0,,28814297,,,,,,,,0,,,,,,17742,,,,,,,,,,,,,,,,,,,,,,,,,,,,,,19,,,,,,0,,,,,,,,,,,,,,,,,,,,,,,,,,,,
2013-12-11,JK1171YAK1Y3RN,Hitachi HDS722020ALA330,2000398934016,0,,0,,,,,,,,0,,,,,,29667,,,,,,,,,,,,,,,,,,,,,,,,,,,,,,28,,,,,,0,,,,,,,,,,,,,,,,,,,,,,,,,,,,
2013-12-11,W300B2Q4,ST4000DM000,4000787030016,0,,123405312,,,,,,,,0,,,,,,3588,,,,,,,,,,,,,,,,,,,,,,,,,,,,,,24,,,,,,0,,,,,,,,,,,,,,,,,,,,,,,,,,,,
2013-12-11,MK0311YHGK07NA,Hitachi HDS723030ALA640,3000592982016,0,,66326,,,,,,,,0,,,,,,21460,,,,,,,,,,,,,,,,,,,,,,,,,,,,,,23,,,,,,0,,,,,,,,,,,,,,,,,,,,,,,,,,,,
2013-12-11,S1F0S7FH,ST3000DM001,3000592982016,0,,214956512,,,,,,,,65224,,,,,,10771,,,,,,,,,,,,,,,,,,,,,,,,,,,,,,25,,,,,,16,,,,,,,,,,,,,,,,,,,,,,,,,,,,
2013-12-11,Z300K2H8,ST4000DM000,4000787030016,0,,33760088,,,,,,,,0,,,,,,2238,,,,,,,,,,,,,,,,,,,,,,,,,,,,,,21,,,,,,0,,,,,,,,,,,,,,,,,,,,,,,,,,,,
2013-12-11,W3002TBX,ST4000DM000,4000787030016,0,,230532552,,,,,,,,0,,,,,,2244,,,,,,,,,,,,,,,,,,,,,,,,,,,,,,19,,,,,,0,,,,,,,,,,,,,,,,,,,,,,,,,,,,
2013-12-11,PL1311LAG25ZLA,Hitachi HDS5C4040ALE630,4000787030016,0,,0,,,,,,,,0,,,,,,6075,,,,,,,,,,,,,,,,,,,,,,,,,,,,,,16,,,,,,0,,,,,,,,,,,,,,,,,,,,,,,,,,,,
2013-12-11,6XW035E3,ST31500541AS,1500301910016,0,,239098303,,,,,,,,0,,,,,,37169,,,,,,,,,,,,,,,,,,,,,,,,,,,,,,23,,,,,,0,,,,,,,,,,,,,,,,,,,,,,,,,,,,
2013-12-11,MK0333YHGPPPRC,Hitachi HDS723030ALA640,3000592982016,0,,131075,,,,,,,,0,,,,,,18088,,,,,,,,,,,,,,,,,,,,,,,,,,,,,,29,,,,,,3,,,,,,,,,,,,,,,,,,,,,,,,,,,,
2013-12-11,JK11A8B9J9HWKF,Hitachi HDS722020ALA330,2000398934016,0,,0,,,,,,,,0,,,,,,25584,,,,,,,,,,,,,,,,,,,,,,,,,,,,,,23,,,,,,0,,,,,,,,,,,,,,,,,,,,,,,,,,,,
2013-12-11,JK1181YAJ49SLV,Hitachi HDS722020ALA330,2000398934016,0,,0,,,,,,,,17,,,,,,30256,,,,,,,,,,,,,,,,,,,,,,,,,,,,,,23,,,,,,0,,,,,,,,,,,,,,,,,,,,,,,,,,,,
2013-12-11,PL2311LAG1G1SC,Hitachi HDS5C4040ALE630,4000787030016,0,,0,,,,,,,,0,,,,,,7419,,,,,,,,,,,,,,,,,,,,,,,,,,,,,,22,,,,,,0,,,,,,,,,,,,,,,,,,,,,,,,,,,,
2013-12-11,W1F0A2J2,ST3000DM001,3000592982016,0,,75512608,,,,,,,,0,,,,,,14709,,,,,,,,,,,,,,,,,,,,,,,,,,,,,,23,,,,,,0,,,,,,,,,,,,,,,,,,,,,,,,,,,,
2013-12-11,W1F0A2J7,ST3000DM001,3000592982016,0,,210265992,,,,,,,,8656,,,,,,13347,,,,,,,,,,,,,,,,,,,,,,,,,,,,,,26,,,,,,0,,,,,,,,,,,,,,,,,,,,,,,,,,,,
2013-12-11,6XW01WBG,ST31500541AS,1500301910016,0,,129432259,,,,,,,,0,,,,,,36911,,,,,,,,,,,,,,,,,,,,,,,,,,,,,,23,,,,,,0,,,,,,,,,,,,,,,,,,,,,,,,,,,,
2013-12-11,JK11A8B9J7J4KF,Hitachi HDS722020ALA330,2000398934016,0,,0,,,,,,,,0,,,,,,25538,,,,,,,,,,,,,,,,,,,,,,,,,,,,,,26,,,,,,0,,,,,,,,,,,,,,,,,,,,,,,,,,,,
2013-12-11,S1F0ACF8,ST3000DM001,3000592982016,0,,21571832,,,,,,,,0,,,,,,12420,,,,,,,,,,,,,,,,,,,,,,,,,,,,,,35,,,,,,0,,,,,,,,,,,,,,,,,,,,,,,,,,,,
2013-12-11,6XW02CTA,ST31500541AS,1500301910016,0,,33325252,,,,,,,,0,,,,,,37052,,,,,,,,,,,,,,,,,,,,,,,,,,,,,,24,,,,,,0,,,,,,,,,,,,,,,,,,,,,,,,,,,,
2013-12-11,JK1105B8GDVGGX,Hitachi HDS722020ALA330,2000398934016,0,,0,,,,,,,,0,,,,,,27167,,,,,,,,,,,,,,,,,,,,,,,,,,,,,,33,,,,,,0,,,,,,,,,,,,,,,,,,,,,,,,,,,,
2013-12-11,Z290H25B,ST33000651AS,3000592982016,0,,68565712,,,,,,,,0,,,,,,17049,,,,,,,,,,,,,,,,,,,,,,,,,,,,,,28,,,,,,0,,,,,,,,,,,,,,,,,,,,,,,,,,,,
2013-12-11,PL1321LAG2HKUH,Hitachi HDS5C4040ALE630,4000787030016,0,,0,,,,,,,,0,,,,,,5961,,,,,,,,,,,,,,,,,,,,,,,,,,,,,,18,,,,,,0,,,,,,,,,,,,,,,,,,,,,,,,,,,,
2013-12-11,W1F08WD3,ST3000DM001,3000592982016,0,,59727008,,,,,,,,0,,,,,,16199,,,,,,,,,,,,,,,,,,,,,,,,,,,,,,21,,,,,,0,,,,,,,,,,,,,,,,,,,,,,,,,,,,
2013-12-11,JK1105B8GGRKBX,Hitachi HDS722020ALA330,2000398934016,0,,0,,,,,,,,0,,,,,,27169,,,,,,,,,,,,,,,,,,,,,,,,,,,,,,27,,,,,,0,,,,,,,,,,,,,,,,,,,,,,,,,,,,
2013-12-11,6XW03604,ST31500541AS,1500301910016,0,,201975195,,,,,,,,0,,,,,,37289,,,,,,,,,,,,,,,,,,,,,,,,,,,,,,28,,,,,,0,,,,,,,,,,,,,,,,,,,,,,,,,,,,
2013-12-11,JK11A8B9J2HPEF,Hitachi HDS722020ALA330,2000398934016,0,,0,,,,,,,,0,,,,,,24426,,,,,,,,,,,,,,,,,,,,,,,,,,,,,,29,,,,,,0,,,,,,,,,,,,,,,,,,,,,,,,,,,,
2013-12-11,PL2310LAG0MMAC,Hitachi HDS5C4040ALE630,4000787030016,0,,0,,,,,,,,0,,,,,,12998,,,,,,,,,,,,,,,,,,,,,,,,,,,,,,25,,,,,,0,,,,,,,,,,,,,,,,,,,,,,,,,,,,
2013-12-11,WD-WMC4N1045190,WDC WD30EFRX,3000592982016,0,,0,,,,,,,,0,,,,,,516,,,,,,,,,,,,,,,,,,,,,,,,,,,,,,27,,,,,,0,,,,,,,,,,,,,,,,,,,,,,,,,,,,
2013-12-11,PL1321LAGAZM5H,Hitachi HDS5C4040ALE630,4000787030016,0,,0,,,,,,,,0,,,,,,5050,,,,,,,,,,,,,,,,,,,,,,,,,,,,,,30,,,,,,0,,,,,,,,,,,,,,,,,,,,,,,,,,,,
2013-12-11,JK1173YAHDUBMR,Hitachi HDS722020ALA330,2000398934016,0,,0,,,,,,,,0,,,,,,7733,,,,,,,,,,,,,,,,,,,,,,,,,,,,,,26,,,,,,0,,,,,,,,,,,,,,,,,,,,,,,,,,,,
2013-12-11,JK1101YAK6VUBV,Hitachi HDS722020ALA330,2000398934016,0,,0,,,,,,,,0,,,,,,29654,,,,,,,,,,,,,,,,,,,,,,,,,,,,,,28,,,,,,0,,,,,,,,,,,,,,,,,,,,,,,,,,,,
2013-12-11,MJ1321YNG1GNZA,Hitachi HDS5C3030ALA630,3000592982016,0,,0,,,,,,,,0,,,,,,19801,,,,,,,,,,,,,,,,,,,,,,,,,,,,,,26,,,,,,0,,,,,,,,,,,,,,,,,,,,,,,,,,,,
2013-12-11,S1F03E68,ST3000DM001,3000592982016,0,,2153816,,,,,,,,0,,,,,,15403,,,,,,,,,,,,,,,,,,,,,,,,,,,,,,23,,,,,,0,,,,,,,,,,,,,,,,,,,,,,,,,,,,
2013-12-11,Z300GPJV,ST4000DM000,4000787030016,0,,126457192,,,,,,,,0,,,,,,3581,,,,,,,,,,,,,,,,,,,,,,,,,,,,,,20,,,,,,0,,,,,,,,,,,,,,,,,,,,,,,,,,,,
2013-12-11,Z300GPJS,ST4000DM000,4000787030016,0,,90562392,,,,,,,,0,,,,,,3588,,,,,,,,,,,,,,,,,,,,,,,,,,,,,,25,,,,,,0,,,,,,,,,,,,,,,,,,,,,,,,,,,,
2013-12-11,Z300GPJQ,ST4000DM000,4000787030016,0,,67154208,,,,,,,,0,,,,,,3625,,,,,,,,,,,,,,,,,,,,,,,,,,,,,,23,,,,,,0,,,,,,,,,,,,,,,,,,,,,,,,,,,,
2013-12-11,Z300GPJN,ST4000DM000,4000787030016,0,,162414720,,,,,,,,0,,,,,,3603,,,,,,,,,,,,,,,,,,,,,,,,,,,,,,20,,,,,,0,,,,,,,,,,,,,,,,,,,,,,,,,,,,
2013-12-11,Z300GPJL,ST4000DM000,4000787030016,0,,242343032,,,,,,,,0,,,,,,3586,,,,,,,,,,,,,,,,,,,,,,,,,,,,,,24,,,,,,0,,,,,,,,,,,,,,,,,,,,,,,,,,,,
2013-12-11,Z300GPJM,ST4000DM000,4000787030016,0,,134975288,,,,,,,,0,,,,,,3584,,,,,,,,,,,,,,,,,,,,,,,,,,,,,,23,,,,,,0,,,,,,,,,,,,,,,,,,,,,,,,,,,,
2013-12-11,Z300GPJJ,ST4000DM000,4000787030016,0,,10744360,,,,,,,,0,,,,,,3588,,,,,,,,,,,,,,,,,,,,,,,,,,,,,,22,,,,,,0,,,,,,,,,,,,,,,,,,,,,,,,,,,,
2013-12-11,W1F0HR8C,ST3000DM001,3000592982016,0,,144460920,,,,,,,,0,,,,,,12180,,,,,,,,,,,,,,,,,,,,,,,,,,,,,,35,,,,,,0,,,,,,,,,,,,,,,,,,,,,,,,,,,,
2013-12-11,Z300GPJF,ST4000DM000,4000787030016,0,,14711824,,,,,,,,0,,,,,,3584,,,,,,,,,,,,,,,,,,,,,,,,,,,,,,24,,,,,,0,,,,,,,,,,,,,,,,,,,,,,,,,,,,
2013-12-11,Z300GPJG,ST4000DM000,4000787030016,0,,87106824,,,,,,,,0,,,,,,3625,,,,,,,,,,,,,,,,,,,,,,,,,,,,,,23,,,,,,0,,,,,,,,,,,,,,,,,,,,,,,,,,,,
2013-12-11,Z300GPJE,ST4000DM000,4000787030016,0,,61673168,,,,,,,,0,,,,,,3621,,,,,,,,,,,,,,,,,,,,,,,,,,,,,,22,,,,,,0,,,,,,,,,,,,,,,,,,,,,,,,,,,,
2013-12-11,MJ1323YNG1T61C,Hitachi HDS5C3030ALA630,3000592982016,0,,42,,,,,,,,0,,,,,,19762,,,,,,,,,,,,,,,,,,,,,,,,,,,,,,27,,,,,,0,,,,,,,,,,,,,,,,,,,,,,,,,,,,
2013-12-11,WD-WMC1T1203555,WDC WD30EFRX,3000592982016,0,,0,,,,,,,,0,,,,,,7708,,,,,,,,,,,,,,,,,,,,,,,,,,,,,,28,,,,,,0,,,,,,,,,,,,,,,,,,,,,,,,,,,,
2013-12-11,W300KLGY,ST4000DM000,4000787030016,0,,141471944,,,,,,,,0,,,,,,909,,,,,,,,,,,,,,,,,,,,,,,,,,,,,,20,,,,,,0,,,,,,,,,,,,,,,,,,,,,,,,,,,,
2013-12-11,W1F0Z65E,ST3000DM001,3000592982016,0,,118341976,,,,,,,,0,,,,,,10771,,,,,,,,,,,,,,,,,,,,,,,,,,,,,,20,,,,,,0,,,,,,,,,,,,,,,,,,,,,,,,,,,,
2013-12-11,S1F0S62Z,ST3000DM001,3000592982016,0,,81059880,,,,,,,,0,,,,,,10758,,,,,,,,,,,,,,,,,,,,,,,,,,,,,,26,,,,,,0,,,,,,,,,,,,,,,,,,,,,,,,,,,,
2013-12-11,Z300WJ4G,ST4000DM000,4000787030016,0,,32704800,,,,,,,,0,,,,,,772,,,,,,,,,,,,,,,,,,,,,,,,,,,,,,20,,,,,,0,,,,,,,,,,,,,,,,,,,,,,,,,,,,
2013-12-11,Z300KJ26,ST4000DM000,4000787030016,0,,207125896,,,,,,,,0,,,,,,1226,,,,,,,,,,,,,,,,,,,,,,,,,,,,,,24,,,,,,0,,,,,,,,,,,,,,,,,,,,,,,,,,,,
2013-12-11,W300KLGA,ST4000DM000,4000787030016,0,,178492096,,,,,,,,0,,,,,,919,,,,,,,,,,,,,,,,,,,,,,,,,,,,,,18,,,,,,0,,,,,,,,,,,,,,,,,,,,,,,,,,,,
2013-12-11,MK0313YHGJVM3C,Hitachi HDS723030ALA640,3000592982016,0,,2,,,,,,,,0,,,,,,21462,,,,,,,,,,,,,,,,,,,,,,,,,,,,,,32,,,,,,0,,,,,,,,,,,,,,,,,,,,,,,,,,,,
2013-12-11,MJ0351YNG9S21A,Hitachi HDS5C3030ALA630,3000592982016,0,,0,,,,,,,,0,,,,,,8093,,,,,,,,,,,,,,,,,,,,,,,,,,,,,,23,,,,,,0,,,,,,,,,,,,,,,,,,,,,,,,,,,,
2013-12-11,WD-WCC1T1245078,WDC WD30EFRX,3000592982016,0,,0,,,,,,,,0,,,,,,804,,,,,,,,,,,,,,,,,,,,,,,,,,,,,,27,,,,,,0,,,,,,,,,,,,,,,,,,,,,,,,,,,,
2013-12-11,W300KLG0,ST4000DM000,4000787030016,0,,83600976,,,,,,,,0,,,,,,957,,,,,,,,,,,,,,,,,,,,,,,,,,,,,,22,,,,,,0,,,,,,,,,,,,,,,,,,,,,,,,,,,,
2013-12-11,JK11A8B9J3P3JF,Hitachi HDS722020ALA330,2000398934016,0,,0,,,,,,,,33,,,,,,23125,,,,,,,,,,,,,,,,,,,,,,,,,,,,,,34,,,,,,0,,,,,,,,,,,,,,,,,,,,,,,,,,,,
2013-12-11,JK1105B8GB64UX,Hitachi HDS722020ALA330,2000398934016,0,,131072,,,,,,,,0,,,,,,27167,,,,,,,,,,,,,,,,,,,,,,,,,,,,,,32,,,,,,0,,,,,,,,,,,,,,,,,,,,,,,,,,,,
2013-12-11,S1F029LL,ST3000DM001,3000592982016,0,,189899960,,,,,,,,0,,,,,,14726,,,,,,,,,,,,,,,,,,,,,,,,,,,,,,24,,,,,,0,,,,,,,,,,,,,,,,,,,,,,,,,,,,
2013-12-11,MJ0351YNG9RXUA,Hitachi HDS5C3030ALA630,3000592982016,0,,0,,,,,,,,0,,,,,,8612,,,,,,,,,,,,,,,,,,,,,,,,,,,,,,32,,,,,,0,,,,,,,,,,,,,,,,,,,,,,,,,,,,
2013-12-11,MK0311YHGKMHJA,Hitachi HDS723030ALA640,3000592982016,0,,0,,,,,,,,0,,,,,,16683,,,,,,,,,,,,,,,,,,,,,,,,,,,,,,28,,,,,,0,,,,,,,,,,,,,,,,,,,,,,,,,,,,
2013-12-11,JK1101B9KNV35F,Hitachi HDS722020ALA330,2000398934016,0,,0,,,,,,,,0,,,,,,22955,,,,,,,,,,,,,,,,,,,,,,,,,,,,,,25,,,,,,0,,,,,,,,,,,,,,,,,,,,,,,,,,,,
2013-12-11,5XW0NJYL,ST31500541AS,1500301910016,0,,69309895,,,,,,,,0,,,,,,11245,,,,,,,,,,,,,,,,,,,,,,,,,,,,,,28,,,,,,0,,,,,,,,,,,,,,,,,,,,,,,,,,,,
2013-12-11,W300J6N1,ST4000DM000,4000787030016,0,,14278280,,,,,,,,0,,,,,,2240,,,,,,,,,,,,,,,,,,,,,,,,,,,,,,20,,,,,,0,,,,,,,,,,,,,,,,,,,,,,,,,,,,
2013-12-11,JK11A8B9J0NSPF,Hitachi HDS722020ALA330,2000398934016,0,,0,,,,,,,,0,,,,,,26328,,,,,,,,,,,,,,,,,,,,,,,,,,,,,,26,,,,,,0,,,,,,,,,,,,,,,,,,,,,,,,,,,,
2013-12-11,PL1321LAG3642H,Hitachi HDS5C4040ALE630,4000787030016,0,,0,,,,,,,,0,,,,,,6648,,,,,,,,,,,,,,,,,,,,,,,,,,,,,,22,,,,,,0,,,,,,,,,,,,,,,,,,,,,,,,,,,,
2013-12-11,WD-WMC1T0865199,WDC WD30EFRX,3000592982016,0,,0,,,,,,,,0,,,,,,3509,,,,,,,,,,,,,,,,,,,,,,,,,,,,,,23,,,,,,0,,,,,,,,,,,,,,,,,,,,,,,,,,,,
2013-12-11,6XW00ZBV,ST31500541AS,1500301910016,0,,28483590,,,,,,,,0,,,,,,35756,,,,,,,,,,,,,,,,,,,,,,,,,,,,,,23,,,,,,0,,,,,,,,,,,,,,,,,,,,,,,,,,,,
2013-12-11,Z300GPJ9,ST4000DM000,4000787030016,0,,104258792,,,,,,,,0,,,,,,3583,,,,,,,,,,,,,,,,,,,,,,,,,,,,,,24,,,,,,0,,,,,,,,,,,,,,,,,,,,,,,,,,,,
2013-12-11,Z300GPJ7,ST4000DM000,4000787030016,0,,10631272,,,,,,,,0,,,,,,3584,,,,,,,,,,,,,,,,,,,,,,,,,,,,,,24,,,,,,0,,,,,,,,,,,,,,,,,,,,,,,,,,,,
2013-12-11,5XW2KJWL,ST32000542AS,2000398934016,0,,185665402,,,,,,,,0,,,,,,15216,,,,,,,,,,,,,,,,,,,,,,,,,,,,,,24,,,,,,0,,,,,,,,,,,,,,,,,,,,,,,,,,,,
2013-12-11,Z300GPJ5,ST4000DM000,4000787030016,0,,70893992,,,,,,,,0,,,,,,3588,,,,,,,,,,,,,,,,,,,,,,,,,,,,,,23,,,,,,0,,,,,,,,,,,,,,,,,,,,,,,,,,,,
2013-12-11,Z300GPJ2,ST4000DM000,4000787030016,0,,175730584,,,,,,,,0,,,,,,3582,,,,,,,,,,,,,,,,,,,,,,,,,,,,,,22,,,,,,0,,,,,,,,,,,,,,,,,,,,,,,,,,,,
2013-12-11,S1F03E6V,ST3000DM001,3000592982016,0,,116695776,,,,,,,,0,,,,,,16141,,,,,,,,,,,,,,,,,,,,,,,,,,,,,,19,,,,,,0,,,,,,,,,,,,,,,,,,,,,,,,,,,,
2013-12-11,JK11A8B9JPYB5F,Hitachi HDS722020ALA330,2000398934016,0,,2,,,,,,,,0,,,,,,24112,,,,,,,,,,,,,,,,,,,,,,,,,,,,,,30,,,,,,0,,,,,,,,,,,,,,,,,,,,,,,,,,,,
2013-12-11,W300G9J1,ST4000DM000,4000787030016,0,,22377112,,,,,,,,0,,,,,,2239,,,,,,,,,,,,,,,,,,,,,,,,,,,,,,22,,,,,,0,,,,,,,,,,,,,,,,,,,,,,,,,,,,
2013-12-11,6XW1YGSH,ST32000542AS,2000398934016,0,,57725803,,,,,,,,0,,,,,,17228,,,,,,,,,,,,,,,,,,,,,,,,,,,,,,24,,,,,,0,,,,,,,,,,,,,,,,,,,,,,,,,,,,
2013-12-11,6XW00ZBN,ST31500541AS,1500301910016,0,,114100604,,,,,,,,0,,,,,,36423,,,,,,,,,,,,,,,,,,,,,,,,,,,,,,16,,,,,,0,,,,,,,,,,,,,,,,,,,,,,,,,,,,
2013-12-11,6XW00ZBM,ST31500541AS,1500301910016,0,,180934704,,,,,,,,157,,,,,,35750,,,,,,,,,,,,,,,,,,,,,,,,,,,,,,19,,,,,,0,,,,,,,,,,,,,,,,,,,,,,,,,,,,
2013-12-11,JK1130YAGJN5AT,Hitachi HDS722020ALA330,2000398934016,0,,0,,,,,,,,0,,,,,,1023,,,,,,,,,,,,,,,,,,,,,,,,,,,,,,28,,,,,,0,,,,,,,,,,,,,,,,,,,,,,,,,,,,
2013-12-11,MJ1323YNG1MWVC,Hitachi HDS5C3030ALA630,3000592982016,0,,0,,,,,,,,0,,,,,,19372,,,,,,,,,,,,,,,,,,,,,,,,,,,,,,21,,,,,,0,,,,,,,,,,,,,,,,,,,,,,,,,,,,
2013-12-11,PL1321LAG326MH,Hitachi HDS5C4040ALE630,4000787030016,0,,0,,,,,,,,0,,,,,,6650,,,,,,,,,,,,,,,,,,,,,,,,,,,,,,22,,,,,,0,,,,,,,,,,,,,,,,,,,,,,,,,,,,
2013-12-11,JK1104B8GDXU8W,Hitachi HDS722020ALA330,2000398934016,0,,0,,,,,,,,0,,,,,,27487,,,,,,,,,,,,,,,,,,,,,,,,,,,,,,26,,,,,,0,,,,,,,,,,,,,,,,,,,,,,,,,,,,
2013-12-11,9VS3JD97,ST31500341AS,1500301910016,0,,154779981,,,,,,,,11,,,,,,32915,,,,,,,,,,,,,,,,,,,,,,,,,,,,,,26,,,,,,0,,,,,,,,,,,,,,,,,,,,,,,,,,,,
2013-12-11,MJ0351YNG9Z69A,Hitachi HDS5C3030ALA630,3000592982016,0,,0,,,,,,,,0,,,,,,9974,,,,,,,,,,,,,,,,,,,,,,,,,,,,,,29,,,,,,0,,,,,,,,,,,,,,,,,,,,,,,,,,,,
2013-12-11,W1F1CJXM,ST3000DM001,3000592982016,0,,243781952,,,,,,,,0,,,,,,7994,,,,,,,,,,,,,,,,,,,,,,,,,,,,,,19,,,,,,0,,,,,,,,,,,,,,,,,,,,,,,,,,,,
2013-12-11,JK11A1YAJH4E7V,Hitachi HDS722020ALA330,2000398934016,0,,0,,,,,,,,0,,,,,,28741,,,,,,,,,,,,,,,,,,,,,,,,,,,,,,27,,,,,,0,,,,,,,,,,,,,,,,,,,,,,,,,,,,
2013-12-11,JK1181YAJ49SJV,Hitachi HDS722020ALA330,2000398934016,0,,0,,,,,,,,0,,,,,,30256,,,,,,,,,,,,,,,,,,,,,,,,,,,,,,23,,,,,,0,,,,,,,,,,,,,,,,,,,,,,,,,,,,
2013-12-11,JK1101YBJJM0AF,Hitachi HDS722020ALA330,2000398934016,0,,458758,,,,,,,,0,,,,,,27168,,,,,,,,,,,,,,,,,,,,,,,,,,,,,,28,,,,,,0,,,,,,,,,,,,,,,,,,,,,,,,,,,,
2013-12-11,S1F07VBQ,ST3000DM001,3000592982016,0,,126947208,,,,,,,,0,,,,,,13870,,,,,,,,,,,,,,,,,,,,,,,,,,,,,,22,,,,,,0,,,,,,,,,,,,,,,,,,,,,,,,,,,,
2013-12-11,MJ0351YNG9YWGA,Hitachi HDS5C3030ALA630,3000592982016,0,,0,,,,,,,,0,,,,,,8873,,,,,,,,,,,,,,,,,,,,,,,,,,,,,,25,,,,,,0,,,,,,,,,,,,,,,,,,,,,,,,,,,,
2013-12-11,JK1171YBK0NPEF,Hitachi HDS722020ALA330,2000398934016,0,,262145,,,,,,,,0,,,,,,29912,,,,,,,,,,,,,,,,,,,,,,,,,,,,,,28,,,,,,0,,,,,,,,,,,,,,,,,,,,,,,,,,,,
2013-12-11,MJ1311YNG3G0VA,Hitachi HDS5C3030ALA630,3000592982016,0,,0,,,,,,,,0,,,,,,19587,,,,,,,,,,,,,,,,,,,,,,,,,,,,,,25,,,,,,0,,,,,,,,,,,,,,,,,,,,,,,,,,,,
2013-12-11,MK0331YHGMNLVA,Hitachi HDS723030ALA640,3000592982016,0,,0,,,,,,,,0,,,,,,17357,,,,,,,,,,,,,,,,,,,,,,,,,,,,,,23,,,,,,0,,,,,,,,,,,,,,,,,,,,,,,,,,,,
2013-12-11,JK1171YBK1AU3F,Hitachi HDS722020ALA330,2000398934016,0,,0,,,,,,,,0,,,,,,29019,,,,,,,,,,,,,,,,,,,,,,,,,,,,,,28,,,,,,0,,,,,,,,,,,,,,,,,,,,,,,,,,,,
2013-12-11,S1F02B3E,ST3000DM001,3000592982016,0,,93706080,,,,,,,,0,,,,,,15417,,,,,,,,,,,,,,,,,,,,,,,,,,,,,,26,,,,,,0,,,,,,,,,,,,,,,,,,,,,,,,,,,,
2013-12-11,JK1101B9KMYLUF,Hitachi HDS722020ALA330,2000398934016,0,,0,,,,,,,,0,,,,,,22954,,,,,,,,,,,,,,,,,,,,,,,,,,,,,,25,,,,,,0,,,,,,,,,,,,,,,,,,,,,,,,,,,,
2013-12-11,Z1F04JTD,ST3000DM001,3000592982016,0,,172397680,,,,,,,,0,,,,,,14734,,,,,,,,,,,,,,,,,,,,,,,,,,,,,,24,,,,,,0,,,,,,,,,,,,,,,,,,,,,,,,,,,,
2013-12-11,MJ0351YNG9WTYA,Hitachi HDS5C3030ALA630,3000592982016,0,,0,,,,,,,,0,,,,,,8871,,,,,,,,,,,,,,,,,,,,,,,,,,,,,,28,,,,,,0,,,,,,,,,,,,,,,,,,,,,,,,,,,,
2013-12-11,5XW26T62,ST32000542AS,2000398934016,0,,11590871,,,,,,,,0,,,,,,7819,,,,,,,,,,,,,,,,,,,,,,,,,,,,,,22,,,,,,0,,,,,,,,,,,,,,,,,,,,,,,,,,,,
2013-12-11,PL2311LAG1G5PC,Hitachi HDS5C4040ALE630,4000787030016,0,,0,,,,,,,,0,,,,,,7463,,,,,,,,,,,,,,,,,,,,,,,,,,,,,,26,,,,,,0,,,,,,,,,,,,,,,,,,,,,,,,,,,,
2013-12-11,9XW01TXF,ST31500541AS,1500301910016,0,,177322545,,,,,,,,0,,,,,,35746,,,,,,,,,,,,,,,,,,,,,,,,,,,,,,22,,,,,,0,,,,,,,,,,,,,,,,,,,,,,,,,,,,
2013-12-11,Z290ZS58,ST33000651AS,3000592982016,0,,30966526,,,,,,,,0,,,,,,15915,,,,,,,,,,,,,,,,,,,,,,,,,,,,,,24,,,,,,0,,,,,,,,,,,,,,,,,,,,,,,,,,,,
2013-12-11,MJ1321YNG0BBYA,Hitachi HDS5C3030ALA630,3000592982016,0,,65536,,,,,,,,0,,,,,,19763,,,,,,,,,,,,,,,,,,,,,,,,,,,,,,25,,,,,,0,,,,,,,,,,,,,,,,,,,,,,,,,,,,
2013-12-11,WD-WCAV5S608722,WDC WD10EADS,1000204886016,0,,0,,,,,,,,0,,,,,,12881,,,,,,,,,,,,,,,,,,,,,,,,,,,,,,24,,,,,,0,,,,,,,,,,,,,,,,,,,,,,,,,,,,
2013-12-11,MJ1311YNG2MA7A,Hitachi HDS5C3030ALA630,3000592982016,0,,0,,,,,,,,0,,,,,,18928,,,,,,,,,,,,,,,,,,,,,,,,,,,,,,26,,,,,,0,,,,,,,,,,,,,,,,,,,,,,,,,,,,
2013-12-11,MJ0351YNG9V59A,Hitachi HDS5C3030ALA630,3000592982016,0,,0,,,,,,,,0,,,,,,9941,,,,,,,,,,,,,,,,,,,,,,,,,,,,,,27,,,,,,0,,,,,,,,,,,,,,,,,,,,,,,,,,,,
2013-12-11,9VS1KSEA,ST31500341AS,1500301910016,0,,181080476,,,,,,,,1,,,,,,39479,,,,,,,,,,,,,,,,,,,,,,,,,,,,,,27,,,,,,0,,,,,,,,,,,,,,,,,,,,,,,,,,,,
2013-12-11,W300CG75,ST4000DM000,4000787030016,0,,165873976,,,,,,,,0,,,,,,2385,,,,,,,,,,,,,,,,,,,,,,,,,,,,,,26,,,,,,0,,,,,,,,,,,,,,,,,,,,,,,,,,,,
2013-12-11,JK1101B9J081BF,Hitachi HDS722020ALA330,2000398934016,0,,327683,,,,,,,,2,,,,,,23823,,,,,,,,,,,,,,,,,,,,,,,,,,,,,,23,,,,,,1,,,,,,,,,,,,,,,,,,,,,,,,,,,,
2013-12-11,PL1321LAG2Y6LH,Hitachi HDS5C4040ALE630,4000787030016,0,,0,,,,,,,,0,,,,,,6650,,,,,,,,,,,,,,,,,,,,,,,,,,,,,,22,,,,,,0,,,,,,,,,,,,,,,,,,,,,,,,,,,,
2013-12-11,MJ1311YNG348BA,Hitachi HDS5C3030ALA630,3000592982016,0,,0,,,,,,,,0,,,,,,19618,,,,,,,,,,,,,,,,,,,,,,,,,,,,,,25,,,,,,0,,,,,,,,,,,,,,,,,,,,,,,,,,,,
2013-12-11,MK0331YHGRMBUA,Hitachi HDS723030ALA640,3000592982016,0,,0,,,,,,,,0,,,,,,17030,,,,,,,,,,,,,,,,,,,,,,,,,,,,,,31,,,,,,0,,,,,,,,,,,,,,,,,,,,,,,,,,,,
2013-12-11,MJ1323YNG163WC,Hitachi HDS5C3030ALA630,3000592982016,0,,0,,,,,,,,0,,,,,,20509,,,,,,,,,,,,,,,,,,,,,,,,,,,,,,24,,,,,,0,,,,,,,,,,,,,,,,,,,,,,,,,,,,
2013-12-11,MJ1311YNG787YA,Hitachi HDS5C3030ALA630,3000592982016,0,,0,,,,,,,,0,,,,,,14291,,,,,,,,,,,,,,,,,,,,,,,,,,,,,,31,,,,,,0,,,,,,,,,,,,,,,,,,,,,,,,,,,,
2013-12-11,MJ0351YNG9YN7A,Hitachi HDS5C3030ALA630,3000592982016,0,,0,,,,,,,,0,,,,,,8873,,,,,,,,,,,,,,,,,,,,,,,,,,,,,,25,,,,,,0,,,,,,,,,,,,,,,,,,,,,,,,,,,,
2013-12-11,JK11A8B9J7PJ5F,Hitachi HDS722020ALA330,2000398934016,0,,65536,,,,,,,,0,,,,,,22022,,,,,,,,,,,,,,,,,,,,,,,,,,,,,,27,,,,,,0,,,,,,,,,,,,,,,,,,,,,,,,,,,,
2013-12-11,MJ1321YNG0H58A,Hitachi HDS5C3030ALA630,3000592982016,0,,12124160,,,,,,,,0,,,,,,20507,,,,,,,,,,,,,,,,,,,,,,,,,,,,,,24,,,,,,0,,,,,,,,,,,,,,,,,,,,,,,,,,,,
2013-12-11,Z300CM65,ST4000DM000,4000787030016,0,,58532288,,,,,,,,0,,,,,,2245,,,,,,,,,,,,,,,,,,,,,,,,,,,,,,22,,,,,,0,,,,,,,,,,,,,,,,,,,,,,,,,,,,
2013-12-11,JK1160YAHNZZYT,Hitachi HDS722020ALA330,2000398934016,0,,131072,,,,,,,,0,,,,,,22681,,,,,,,,,,,,,,,,,,,,,,,,,,,,,,32,,,,,,0,,,,,,,,,,,,,,,,,,,,,,,,,,,,
2013-12-11,Z300CM6E,ST4000DM000,4000787030016,0,,171220976,,,,,,,,0,,,,,,2385,,,,,,,,,,,,,,,,,,,,,,,,,,,,,,25,,,,,,0,,,,,,,,,,,,,,,,,,,,,,,,,,,,
2013-12-11,WD-WCAV5V373685,WDC WD10EADX,1000204886016,0,,0,,,,,,,,0,,,,,,4472,,,,,,,,,,,,,,,,,,,,,,,,,,,,,,28,,,,,,0,,,,,,,,,,,,,,,,,,,,,,,,,,,,
2013-12-11,JK11A4B8J6XJ5W,Hitachi HDS722020ALA330,2000398934016,0,,0,,,,,,,,0,,,,,,26024,,,,,,,,,,,,,,,,,,,,,,,,,,,,,,24,,,,,,0,,,,,,,,,,,,,,,,,,,,,,,,,,,,
2013-12-11,WD-WCAWZ1346779,WDC WD30EZRX,3000592982016,0,,0,,,,,,,,0,,,,,,16083,,,,,,,,,,,,,,,,,,,,,,,,,,,,,,20,,,,,,0,,,,,,,,,,,,,,,,,,,,,,,,,,,,
2013-12-11,JK1171B9HDB43T,Hitachi HDS722020ALA330,2000398934016,0,,0,,,,,,,,0,,,,,,24306,,,,,,,,,,,,,,,,,,,,,,,,,,,,,,28,,,,,,0,,,,,,,,,,,,,,,,,,,,,,,,,,,,
2013-12-11,6XW05FGA,ST31500541AS,1500301910016,0,,2829167,,,,,,,,0,,,,,,36444,,,,,,,,,,,,,,,,,,,,,,,,,,,,,,19,,,,,,0,,,,,,,,,,,,,,,,,,,,,,,,,,,,
2013-12-11,MJ0351YNG9YNLA,Hitachi HDS5C3030ALA630,3000592982016,0,,0,,,,,,,,0,,,,,,9483,,,,,,,,,,,,,,,,,,,,,,,,,,,,,,29,,,,,,0,,,,,,,,,,,,,,,,,,,,,,,,,,,,
2013-12-11,MJ1311YNG5P9NA,Hitachi HDS5C3030ALA630,3000592982016,0,,0,,,,,,,,0,,,,,,14288,,,,,,,,,,,,,,,,,,,,,,,,,,,,,,27,,,,,,0,,,,,,,,,,,,,,,,,,,,,,,,,,,,
2013-12-11,WD-WMC1T1015263,WDC WD30EFRX,3000592982016,0,,0,,,,,,,,0,,,,,,8839,,,,,,,,,,,,,,,,,,,,,,,,,,,,,,29,,,,,,0,,,,,,,,,,,,,,,,,,,,,,,,,,,,
2013-12-11,JK11A8B9J30R4F,Hitachi HDS722020ALA330,2000398934016,0,,0,,,,,,,,0,,,,,,24433,,,,,,,,,,,,,,,,,,,,,,,,,,,,,,27,,,,,,0,,,,,,,,,,,,,,,,,,,,,,,,,,,,
2013-12-11,JK1101B9KN2LBF,Hitachi HDS722020ALA330,2000398934016,0,,0,,,,,,,,5,,,,,,23099,,,,,,,,,,,,,,,,,,,,,,,,,,,,,,27,,,,,,0,,,,,,,,,,,,,,,,,,,,,,,,,,,,
2013-12-11,MJ0351YNG9XXWA,Hitachi HDS5C3030ALA630,3000592982016,0,,0,,,,,,,,0,,,,,,9475,,,,,,,,,,,,,,,,,,,,,,,,,,,,,,27,,,,,,0,,,,,,,,,,,,,,,,,,,,,,,,,,,,
2013-12-11,5XW03LZ5,ST31500541AS,1500301910016,0,,135771870,,,,,,,,0,,,,,,37151,,,,,,,,,,,,,,,,,,,,,,,,,,,,,,23,,,,,,0,,,,,,,,,,,,,,,,,,,,,,,,,,,,
2013-12-11,Z1Z04SF2,ST4000DX000,4000787030016,0,,54675779,,,,,,,,0,,,,,,5078,,,,,,,,,,,,,,,,,,,,,,,,,,,,,,33,,,,,,0,,,,,,,,,,,,,,,,,,,,,,,,,,,,
2013-12-11,WD-WCAV5D056975,WDC WD10EADS,1000204886016,0,,0,,,,,,,,0,,,,,,19955,,,,,,,,,,,,,,,,,,,,,,,,,,,,,,25,,,,,,0,,,,,,,,,,,,,,,,,,,,,,,,,,,,
2013-12-11,PL1311LAG2NGVH,Hitachi HDS5C4040ALE630,4000787030016,0,,0,,,,,,,,0,,,,,,6071,,,,,,,,,,,,,,,,,,,,,,,,,,,,,,18,,,,,,0,,,,,,,,,,,,,,,,,,,,,,,,,,,,
2013-12-11,MJ1311YNG611BA,Hitachi HDS5C3030ALA630,3000592982016,0,,0,,,,,,,,0,,,,,,14291,,,,,,,,,,,,,,,,,,,,,,,,,,,,,,29,,,,,,0,,,,,,,,,,,,,,,,,,,,,,,,,,,,
2013-12-11,W1F1CMVW,ST3000DM001,3000592982016,0,,106729416,,,,,,,,0,,,,,,8205,,,,,,,,,,,,,,,,,,,,,,,,,,,,,,26,,,,,,0,,,,,,,,,,,,,,,,,,,,,,,,,,,,
2013-12-11,9XW01LCR,ST31500541AS,1500301910016,0,,58185343,,,,,,,,0,,,,,,35446,,,,,,,,,,,,,,,,,,,,,,,,,,,,,,20,,,,,,0,,,,,,,,,,,,,,,,,,,,,,,,,,,,
2013-12-11,MJ1321YNG0Y0DA,Hitachi HDS5C3030ALA630,3000592982016,0,,0,,,,,,,,27,,,,,,20509,,,,,,,,,,,,,,,,,,,,,,,,,,,,,,21,,,,,,0,,,,,,,,,,,,,,,,,,,,,,,,,,,,
2013-12-11,Z300KELX,ST4000DM000,4000787030016,0,,148923144,,,,,,,,0,,,,,,152,,,,,,,,,,,,,,,,,,,,,,,,,,,,,,27,,,,,,0,,,,,,,,,,,,,,,,,,,,,,,,,,,,
2013-12-11,JK11A4B8J7SGSW,Hitachi HDS722020ALA330,2000398934016,0,,0,,,,,,,,0,,,,,,26028,,,,,,,,,,,,,,,,,,,,,,,,,,,,,,24,,,,,,0,,,,,,,,,,,,,,,,,,,,,,,,,,,,
2013-12-11,JK11A8B9J84RWF,Hitachi HDS722020ALA330,2000398934016,0,,0,,,,,,,,0,,,,,,25125,,,,,,,,,,,,,,,,,,,,,,,,,,,,,,29,,,,,,0,,,,,,,,,,,,,,,,,,,,,,,,,,,,
2013-12-11,MJ1323YNG1U5UC,Hitachi HDS5C3030ALA630,3000592982016,0,,0,,,,,,,,1,,,,,,19747,,,,,,,,,,,,,,,,,,,,,,,,,,,,,,23,,,,,,0,,,,,,,,,,,,,,,,,,,,,,,,,,,,
2013-12-11,9XW02YZY,ST31500541AS,1500301910016,0,,203293287,,,,,,,,0,,,,,,33005,,,,,,,,,,,,,,,,,,,,,,,,,,,,,,19,,,,,,0,,,,,,,,,,,,,,,,,,,,,,,,,,,,
2013-12-11,W300CX0V,ST4000DM000,4000787030016,0,,84721208,,,,,,,,0,,,,,,2248,,,,,,,,,,,,,,,,,,,,,,,,,,,,,,21,,,,,,0,,,,,,,,,,,,,,,,,,,,,,,,,,,,
2013-12-11,WD-WCC070169419,WDC WD30EZRX,3000592982016,0,,0,,,,,,,,0,,,,,,8609,,,,,,,,,,,,,,,,,,,,,,,,,,,,,,23,,,,,,0,,,,,,,,,,,,,,,,,,,,,,,,,,,,
2013-12-11,S1F01R68,ST3000DM001,3000592982016,0,,41049560,,,,,,,,0,,,,,,15346,,,,,,,,,,,,,,,,,,,,,,,,,,,,,,27,,,,,,0,,,,,,,,,,,,,,,,,,,,,,,,,,,,
2013-12-11,WD-WCAU45522465,WDC WD10EADS,1000204886016,0,,19,,,,,,,,0,,,,,,41336,,,,,,,,,,,,,,,,,,,,,,,,,,,,,,27,,,,,,0,,,,,,,,,,,,,,,,,,,,,,,,,,,,
2013-12-11,WD-WCAU47334332,WDC WD10EADS,1000204886016,0,,8,,,,,,,,0,,,,,,40563,,,,,,,,,,,,,,,,,,,,,,,,,,,,,,22,,,,,,0,,,,,,,,,,,,,,,,,,,,,,,,,,,,
2013-12-11,MJ0351YNGA3AXA,Hitachi HDS5C3030ALA630,3000592982016,0,,0,,,,,,,,0,,,,,,9129,,,,,,,,,,,,,,,,,,,,,,,,,,,,,,28,,,,,,0,,,,,,,,,,,,,,,,,,,,,,,,,,,,
2013-12-11,5XW03LZR,ST31500541AS,1500301910016,0,,93702046,,,,,,,,0,,,,,,36395,,,,,,,,,,,,,,,,,,,,,,,,,,,,,,21,,,,,,0,,,,,,,,,,,,,,,,,,,,,,,,,,,,
2013-12-11,Z300VQMZ,ST4000DM000,4000787030016,0,,138227064,,,,,,,,0,,,,,,815,,,,,,,,,,,,,,,,,,,,,,,,,,,,,,21,,,,,,0,,,,,,,,,,,,,,,,,,,,,,,,,,,,
2013-12-11,MJ1311YNG1ARKA,Hitachi HDS5C3030ALA630,3000592982016,0,,0,,,,,,,,0,,,,,,20498,,,,,,,,,,,,,,,,,,,,,,,,,,,,,,31,,,,,,0,,,,,,,,,,,,,,,,,,,,,,,,,,,,
2013-12-11,Z300P9N0,ST4000DM000,4000787030016,0,,137702896,,,,,,,,0,,,,,,1231,,,,,,,,,,,,,,,,,,,,,,,,,,,,,,21,,,,,,0,,,,,,,,,,,,,,,,,,,,,,,,,,,,
2013-12-11,Z300P9N1,ST4000DM000,4000787030016,0,,31121392,,,,,,,,0,,,,,,1231,,,,,,,,,,,,,,,,,,,,,,,,,,,,,,18,,,,,,0,,,,,,,,,,,,,,,,,,,,,,,,,,,,
2013-12-11,JK1101B9JNRUNR,Hitachi HDS722020ALA330,2000398934016,0,,0,,,,,,,,46,,,,,,23991,,,,,,,,,,,,,,,,,,,,,,,,,,,,,,24,,,,,,0,,,,,,,,,,,,,,,,,,,,,,,,,,,,
2013-12-11,W300JRPC,ST4000DM000,4000787030016,0,,113361536,,,,,,,,0,,,,,,2248,,,,,,,,,,,,,,,,,,,,,,,,,,,,,,19,,,,,,0,,,,,,,,,,,,,,,,,,,,,,,,,,,,
2013-12-11,MJ1311YNG36NSA,Hitachi HDS5C3030ALA630,3000592982016,0,,1376256,,,,,,,,0,,,,,,18387,,,,,,,,,,,,,,,,,,,,,,,,,,,,,,23,,,,,,0,,,,,,,,,,,,,,,,,,,,,,,,,,,,
2013-12-11,JK11A8B9J919NF,Hitachi HDS722020ALA330,2000398934016,0,,0,,,,,,,,0,,,,,,25661,,,,,,,,,,,,,,,,,,,,,,,,,,,,,,27,,,,,,0,,,,,,,,,,,,,,,,,,,,,,,,,,,,
2013-12-11,W300JKG5,ST4000DM000,4000787030016,0,,77357096,,,,,,,,0,,,,,,1703,,,,,,,,,,,,,,,,,,,,,,,,,,,,,,23,,,,,,0,,,,,,,,,,,,,,,,,,,,,,,,,,,,
2013-12-11,JK1100YBJK8KZD,Hitachi HDS722020ALA330,2000398934016,0,,0,,,,,,,,0,,,,,,29163,,,,,,,,,,,,,,,,,,,,,,,,,,,,,,31,,,,,,0,,,,,,,,,,,,,,,,,,,,,,,,,,,,
2013-12-11,W1F08E9F,ST3000DM001,3000592982016,0,,194171800,,,,,,,,0,,,,,,16150,,,,,,,,,,,,,,,,,,,,,,,,,,,,,,20,,,,,,0,,,,,,,,,,,,,,,,,,,,,,,,,,,,
2013-12-11,W300BHHZ,ST4000DM000,4000787030016,0,,33263072,,,,,,,,0,,,,,,4044,,,,,,,,,,,,,,,,,,,,,,,,,,,,,,21,,,,,,0,,,,,,,,,,,,,,,,,,,,,,,,,,,,
2013-12-11,MJ0351YNG9RY2A,Hitachi HDS5C3030ALA630,3000592982016,0,,0,,,,,,,,0,,,,,,10000,,,,,,,,,,,,,,,,,,,,,,,,,,,,,,35,,,,,,0,,,,,,,,,,,,,,,,,,,,,,,,,,,,
2013-12-11,W300C5V8,ST4000DM000,4000787030016,0,,74539200,,,,,,,,0,,,,,,4165,,,,,,,,,,,,,,,,,,,,,,,,,,,,,,23,,,,,,0,,,,,,,,,,,,,,,,,,,,,,,,,,,,
2013-12-11,W300C5VB,ST4000DM000,4000787030016,0,,65242552,,,,,,,,0,,,,,,4134,,,,,,,,,,,,,,,,,,,,,,,,,,,,,,21,,,,,,0,,,,,,,,,,,,,,,,,,,,,,,,,,,,
2013-12-11,PL1311LAG380AH,Hitachi HDS5C4040ALE630,4000787030016,0,,0,,,,,,,,0,,,,,,5056,,,,,,,,,,,,,,,,,,,,,,,,,,,,,,32,,,,,,0,,,,,,,,,,,,,,,,,,,,,,,,,,,,
2013-12-11,S1F0R12B,ST3000DM001,3000592982016,0,,73589784,,,,,,,,0,,,,,,11639,,,,,,,,,,,,,,,,,,,,,,,,,,,,,,25,,,,,,0,,,,,,,,,,,,,,,,,,,,,,,,,,,,
2013-12-11,S1F06DPJ,ST3000DM001,3000592982016,0,,138735720,,,,,,,,0,,,,,,13912,,,,,,,,,,,,,,,,,,,,,,,,,,,,,,23,,,,,,16,,,,,,,,,,,,,,,,,,,,,,,,,,,,
2013-12-11,S1F0R12Y,ST3000DM001,3000592982016,0,,56201312,,,,,,,,0,,,,,,11683,,,,,,,,,,,,,,,,,,,,,,,,,,,,,,30,,,,,,0,,,,,,,,,,,,,,,,,,,,,,,,,,,,
2013-12-11,9VS1J9KD,ST31500341AS,1500301910016,0,,22977400,,,,,,,,12,,,,,,40406,,,,,,,,,,,,,,,,,,,,,,,,,,,,,,28,,,,,,0,,,,,,,,,,,,,,,,,,,,,,,,,,,,
2013-12-11,Z300GQBF,ST4000DM000,4000787030016,0,,162035952,,,,,,,,0,,,,,,3583,,,,,,,,,,,,,,,,,,,,,,,,,,,,,,25,,,,,,0,,,,,,,,,,,,,,,,,,,,,,,,,,,,
2013-12-11,Z300P8H1,ST4000DM000,4000787030016,0,,207338328,,,,,,,,0,,,,,,1231,,,,,,,,,,,,,,,,,,,,,,,,,,,,,,19,,,,,,0,,,,,,,,,,,,,,,,,,,,,,,,,,,,
2013-12-11,MJ1311YNG36AUA,Hitachi HDS5C3030ALA630,3000592982016,0,,0,,,,,,,,0,,,,,,18203,,,,,,,,,,,,,,,,,,,,,,,,,,,,,,27,,,,,,0,,,,,,,,,,,,,,,,,,,,,,,,,,,,
2013-12-11,JK11A8B9J80H4F,Hitachi HDS722020ALA330,2000398934016,0,,131072,,,,,,,,0,,,,,,26004,,,,,,,,,,,,,,,,,,,,,,,,,,,,,,27,,,,,,0,,,,,,,,,,,,,,,,,,,,,,,,,,,,
2013-12-11,Z1F0L55E,ST3000DM001,3000592982016,0,,191467400,,,,,,,,0,,,,,,12171,,,,,,,,,,,,,,,,,,,,,,,,,,,,,,20,,,,,,0,,,,,,,,,,,,,,,,,,,,,,,,,,,,
2013-12-11,Z1Z0470E,ST4000DX000,4000787030016,0,,239899436,,,,,,,,0,,,,,,5078,,,,,,,,,,,,,,,,,,,,,,,,,,,,,,34,,,,,,0,,,,,,,,,,,,,,,,,,,,,,,,,,,,
2013-12-11,S1F06K3R,ST3000DM001,3000592982016,0,,51424264,,,,,,,,0,,,,,,13868,,,,,,,,,,,,,,,,,,,,,,,,,,,,,,21,,,,,,8,,,,,,,,,,,,,,,,,,,,,,,,,,,,
2013-12-11,MJ0351YNG9P2PA,Hitachi HDS5C3030ALA630,3000592982016,0,,0,,,,,,,,0,,,,,,9956,,,,,,,,,,,,,,,,,,,,,,,,,,,,,,28,,,,,,0,,,,,,,,,,,,,,,,,,,,,,,,,,,,
2013-12-11,JK11A8B9J77JUF,Hitachi HDS722020ALA330,2000398934016,0,,0,,,,,,,,1,,,,,,24629,,,,,,,,,,,,,,,,,,,,,,,,,,,,,,30,,,,,,0,,,,,,,,,,,,,,,,,,,,,,,,,,,,
2013-12-11,Z1F0LSF0,ST3000DM001,3000592982016,0,,136970400,,,,,,,,0,,,,,,12179,,,,,,,,,,,,,,,,,,,,,,,,,,,,,,32,,,,,,0,,,,,,,,,,,,,,,,,,,,,,,,,,,,
2013-12-11,S1F00W7Y,ST3000DM001,3000592982016,0,,238591776,,,,,,,,0,,,,,,15344,,,,,,,,,,,,,,,,,,,,,,,,,,,,,,26,,,,,,0,,,,,,,,,,,,,,,,,,,,,,,,,,,,
2013-12-11,Z300GQBM,ST4000DM000,4000787030016,0,,154957648,,,,,,,,0,,,,,,3584,,,,,,,,,,,,,,,,,,,,,,,,,,,,,,24,,,,,,0,,,,,,,,,,,,,,,,,,,,,,,,,,,,
2013-12-11,9XK0Q6X1,ST33000651AS,3000592982016,0,,165481505,,,,,,,,0,,,,,,17739,,,,,,,,,,,,,,,,,,,,,,,,,,,,,,26,,,,,,0,,,,,,,,,,,,,,,,,,,,,,,,,,,,
2013-12-11,PL1321LAGAYKAH,Hitachi HDS5C4040ALE630,4000787030016,0,,0,,,,,,,,0,,,,,,5076,,,,,,,,,,,,,,,,,,,,,,,,,,,,,,24,,,,,,0,,,,,,,,,,,,,,,,,,,,,,,,,,,,
2013-12-11,PL2311LAG199WC,Hitachi HDS5C4040ALE630,4000787030016,0,,0,,,,,,,,0,,,,,,7461,,,,,,,,,,,,,,,,,,,,,,,,,,,,,,25,,,,,,0,,,,,,,,,,,,,,,,,,,,,,,,,,,,
2013-12-11,Z300GQBR,ST4000DM000,4000787030016,0,,157033568,,,,,,,,0,,,,,,3580,,,,,,,,,,,,,,,,,,,,,,,,,,,,,,26,,,,,,0,,,,,,,,,,,,,,,,,,,,,,,,,,,,
2013-12-11,Z300KCD9,ST4000DM000,4000787030016,0,,17407176,,,,,,,,0,,,,,,2216,,,,,,,,,,,,,,,,,,,,,,,,,,,,,,21,,,,,,0,,,,,,,,,,,,,,,,,,,,,,,,,,,,
2013-12-11,MJ0351YNG9V1UA,Hitachi HDS5C3030ALA630,3000592982016,0,,0,,,,,,,,0,,,,,,9477,,,,,,,,,,,,,,,,,,,,,,,,,,,,,,25,,,,,,0,,,,,,,,,,,,,,,,,,,,,,,,,,,,
2013-12-11,Z300XCC4,ST4000DM000,4000787030016,0,,59292872,,,,,,,,0,,,,,,923,,,,,,,,,,,,,,,,,,,,,,,,,,,,,,26,,,,,,0,,,,,,,,,,,,,,,,,,,,,,,,,,,,
2013-12-11,WD-WCAWZ0420469,WDC WD30EZRS,3000592982016,0,,62,,,,,,,,0,,,,,,15754,,,,,,,,,,,,,,,,,,,,,,,,,,,,,,22,,,,,,2,,,,,,,,,,,,,,,,,,,,,,,,,,,,
2013-12-11,MK0331YHGT6BHA,Hitachi HDS723030ALA640,3000592982016,0,,0,,,,,,,,0,,,,,,17017,,,,,,,,,,,,,,,,,,,,,,,,,,,,,,27,,,,,,0,,,,,,,,,,,,,,,,,,,,,,,,,,,,
2013-12-11,MJ1311YNG1Z3UA,Hitachi HDS5C3030ALA630,3000592982016,0,,0,,,,,,,,0,,,,,,10068,,,,,,,,,,,,,,,,,,,,,,,,,,,,,,29,,,,,,0,,,,,,,,,,,,,,,,,,,,,,,,,,,,
2013-12-11,MJ0351YNG9VRGA,Hitachi HDS5C3030ALA630,3000592982016,0,,0,,,,,,,,0,,,,,,9913,,,,,,,,,,,,,,,,,,,,,,,,,,,,,,34,,,,,,0,,,,,,,,,,,,,,,,,,,,,,,,,,,,
2013-12-11,MJ1311YNG7ESAA,Hitachi HDS5C3030ALA630,3000592982016,0,,0,,,,,,,,0,,,,,,14680,,,,,,,,,,,,,,,,,,,,,,,,,,,,,,28,,,,,,0,,,,,,,,,,,,,,,,,,,,,,,,,,,,
2013-12-11,JK1105B8GB00LX,Hitachi HDS722020ALA330,2000398934016,0,,196613,,,,,,,,0,,,,,,27167,,,,,,,,,,,,,,,,,,,,,,,,,,,,,,33,,,,,,0,,,,,,,,,,,,,,,,,,,,,,,,,,,,
2013-12-11,PL1311LAG3APHH,Hitachi HDS5C4040ALE630,4000787030016,0,,0,,,,,,,,0,,,,,,6655,,,,,,,,,,,,,,,,,,,,,,,,,,,,,,19,,,,,,0,,,,,,,,,,,,,,,,,,,,,,,,,,,,
2013-12-11,Z300KCDP,ST4000DM000,4000787030016,0,,194502352,,,,,,,,0,,,,,,2241,,,,,,,,,,,,,,,,,,,,,,,,,,,,,,20,,,,,,0,,,,,,,,,,,,,,,,,,,,,,,,,,,,
2013-12-11,MJ1321YNG0S2VA,Hitachi HDS5C3030ALA630,3000592982016,0,,0,,,,,,,,0,,,,,,20512,,,,,,,,,,,,,,,,,,,,,,,,,,,,,,24,,,,,,0,,,,,,,,,,,,,,,,,,,,,,,,,,,,
2013-12-11,MK0311YHGK1UJA,Hitachi HDS723030ALA640,3000592982016,0,,1,,,,,,,,0,,,,,,16734,,,,,,,,,,,,,,,,,,,,,,,,,,,,,,30,,,,,,0,,,,,,,,,,,,,,,,,,,,,,,,,,,,
2013-12-11,Z300K8D1,ST4000DM000,4000787030016,0,,36000424,,,,,,,,0,,,,,,2239,,,,,,,,,,,,,,,,,,,,,,,,,,,,,,21,,,,,,0,,,,,,,,,,,,,,,,,,,,,,,,,,,,
2013-12-11,PL1311LAG27L4H,Hitachi HDS5C4040ALE630,4000787030016,0,,0,,,,,,,,0,,,,,,2981,,,,,,,,,,,,,,,,,,,,,,,,,,,,,,25,,,,,,0,,,,,,,,,,,,,,,,,,,,,,,,,,,,
2013-12-11,Z300K8D5,ST4000DM000,4000787030016,0,,181021224,,,,,,,,0,,,,,,2219,,,,,,,,,,,,,,,,,,,,,,,,,,,,,,24,,,,,,0,,,,,,,,,,,,,,,,,,,,,,,,,,,,
2013-12-11,6XW04X6Y,ST31500541AS,1500301910016,0,,4579889,,,,,,,,0,,,,,,36960,,,,,,,,,,,,,,,,,,,,,,,,,,,,,,20,,,,,,0,,,,,,,,,,,,,,,,,,,,,,,,,,,,
2013-12-11,MJ0351YNG9U9GA,Hitachi HDS5C3030ALA630,3000592982016,0,,0,,,,,,,,0,,,,,,8830,,,,,,,,,,,,,,,,,,,,,,,,,,,,,,28,,,,,,0,,,,,,,,,,,,,,,,,,,,,,,,,,,,
2013-12-11,MJ0351YNG9WV1A,Hitachi HDS5C3030ALA630,3000592982016,0,,0,,,,,,,,0,,,,,,9191,,,,,,,,,,,,,,,,,,,,,,,,,,,,,,27,,,,,,0,,,,,,,,,,,,,,,,,,,,,,,,,,,,
2013-12-11,S1F0SBJA,ST3000DM001,3000592982016,0,,240449832,,,,,,,,0,,,,,,11688,,,,,,,,,,,,,,,,,,,,,,,,,,,,,,25,,,,,,0,,,,,,,,,,,,,,,,,,,,,,,,,,,,
2013-12-11,PL1311LAG2BAVH,Hitachi HDS5C4040ALE630,4000787030016,0,,0,,,,,,,,0,,,,,,6641,,,,,,,,,,,,,,,,,,,,,,,,,,,,,,28,,,,,,0,,,,,,,,,,,,,,,,,,,,,,,,,,,,
2013-12-11,PL1321LAG36BSH,Hitachi HDS5C4040ALE630,4000787030016,0,,0,,,,,,,,0,,,,,,6652,,,,,,,,,,,,,,,,,,,,,,,,,,,,,,27,,,,,,0,,,,,,,,,,,,,,,,,,,,,,,,,,,,
2013-12-11,MJ1311YNG332PA,Hitachi HDS5C3030ALA630,3000592982016,0,,0,,,,,,,,0,,,,,,18927,,,,,,,,,,,,,,,,,,,,,,,,,,,,,,25,,,,,,0,,,,,,,,,,,,,,,,,,,,,,,,,,,,
2013-12-11,MJ0351YNGA0VBA,Hitachi HDS5C3030ALA630,3000592982016,0,,0,,,,,,,,0,,,,,,9999,,,,,,,,,,,,,,,,,,,,,,,,,,,,,,34,,,,,,0,,,,,,,,,,,,,,,,,,,,,,,,,,,,
2013-12-11,PL1311LAG3E4ZH,Hitachi HDS5C4040ALE630,4000787030016,0,,0,,,,,,,,0,,,,,,5142,,,,,,,,,,,,,,,,,,,,,,,,,,,,,,24,,,,,,0,,,,,,,,,,,,,,,,,,,,,,,,,,,,
2013-12-11,S1F0337N,ST3000DM001,3000592982016,0,,98847208,,,,,,,,0,,,,,,16151,,,,,,,,,,,,,,,,,,,,,,,,,,,,,,20,,,,,,0,,,,,,,,,,,,,,,,,,,,,,,,,,,,
2013-12-11,JK11A8B9J2UAJF,Hitachi HDS722020ALA330,2000398934016,0,,0,,,,,,,,0,,,,,,24401,,,,,,,,,,,,,,,,,,,,,,,,,,,,,,31,,,,,,0,,,,,,,,,,,,,,,,,,,,,,,,,,,,
2013-12-11,JK1105B8JRDENX,Hitachi HDS722020ALA330,2000398934016,0,,0,,,,,,,,0,,,,,,23122,,,,,,,,,,,,,,,,,,,,,,,,,,,,,,24,,,,,,0,,,,,,,,,,,,,,,,,,,,,,,,,,,,
2013-12-11,6XW0196P,ST31500541AS,1500301910016,0,,112444579,,,,,,,,0,,,,,,35108,,,,,,,,,,,,,,,,,,,,,,,,,,,,,,20,,,,,,0,,,,,,,,,,,,,,,,,,,,,,,,,,,,
2013-12-11,MK0311YHG4UK3A,Hitachi HDS723030ALA640,3000592982016,0,,0,,,,,,,,0,,,,,,21792,,,,,,,,,,,,,,,,,,,,,,,,,,,,,,27,,,,,,0,,,,,,,,,,,,,,,,,,,,,,,,,,,,
2013-12-11,MJ0351YNG9VLMA,Hitachi HDS5C3030ALA630,3000592982016,0,,0,,,,,,,,0,,,,,,9973,,,,,,,,,,,,,,,,,,,,,,,,,,,,,,27,,,,,,0,,,,,,,,,,,,,,,,,,,,,,,,,,,,
2013-12-11,S1F0337S,ST3000DM001,3000592982016,0,,9768432,,,,,,,,0,,,,,,16198,,,,,,,,,,,,,,,,,,,,,,,,,,,,,,23,,,,,,0,,,,,,,,,,,,,,,,,,,,,,,,,,,,
2013-12-11,JK1101YAJGKGNZ,Hitachi HDS722020ALA330,2000398934016,0,,196610,,,,,,,,0,,,,,,27214,,,,,,,,,,,,,,,,,,,,,,,,,,,,,,23,,,,,,0,,,,,,,,,,,,,,,,,,,,,,,,,,,,
2013-12-11,JK11A8B9J0P0UF,Hitachi HDS722020ALA330,2000398934016,0,,65536,,,,,,,,0,,,,,,26329,,,,,,,,,,,,,,,,,,,,,,,,,,,,,,26,,,,,,0,,,,,,,,,,,,,,,,,,,,,,,,,,,,
2013-12-11,9XW09XAF,ST32000542AS,2000398934016,0,,93539609,,,,,,,,0,,,,,,30479,,,,,,,,,,,,,,,,,,,,,,,,,,,,,,25,,,,,,0,,,,,,,,,,,,,,,,,,,,,,,,,,,,
2013-12-11,MJ0351YNGA5ALA,Hitachi HDS5C3030ALA630,3000592982016,0,,0,,,,,,,,0,,,,,,8639,,,,,,,,,,,,,,,,,,,,,,,,,,,,,,27,,,,,,0,,,,,,,,,,,,,,,,,,,,,,,,,,,,
2013-12-11,W1F13SJ7,ST3000DM001,3000592982016,0,,37146176,,,,,,,,8,,,,,,8136,,,,,,,,,,,,,,,,,,,,,,,,,,,,,,24,,,,,,0,,,,,,,,,,,,,,,,,,,,,,,,,,,,
2013-12-11,5XW0E9EJ,ST31500541AS,1500301910016,0,,138335665,,,,,,,,232,,,,,,15238,,,,,,,,,,,,,,,,,,,,,,,,,,,,,,16,,,,,,0,,,,,,,,,,,,,,,,,,,,,,,,,,,,
2013-12-11,S1F131F6,ST3000DM001,3000592982016,0,,198082736,,,,,,,,0,,,,,,8022,,,,,,,,,,,,,,,,,,,,,,,,,,,,,,21,,,,,,0,,,,,,,,,,,,,,,,,,,,,,,,,,,,
2013-12-11,MJ1311YNG7APWA,Hitachi HDS5C3030ALA630,3000592982016,0,,0,,,,,,,,0,,,,,,14291,,,,,,,,,,,,,,,,,,,,,,,,,,,,,,30,,,,,,0,,,,,,,,,,,,,,,,,,,,,,,,,,,,
2013-12-11,PL1311LAG38NYH,Hitachi HDS5C4040ALE630,4000787030016,0,,0,,,,,,,,0,,,,,,6655,,,,,,,,,,,,,,,,,,,,,,,,,,,,,,21,,,,,,0,,,,,,,,,,,,,,,,,,,,,,,,,,,,
2013-12-11,PL1311LAG3D6VH,Hitachi HDS5C4040ALE630,4000787030016,0,,0,,,,,,,,0,,,,,,5138,,,,,,,,,,,,,,,,,,,,,,,,,,,,,,31,,,,,,0,,,,,,,,,,,,,,,,,,,,,,,,,,,,
2013-12-11,6XW03CWW,ST31500541AS,1500301910016,0,,117573577,,,,,,,,0,,,,,,36639,,,,,,,,,,,,,,,,,,,,,,,,,,,,,,24,,,,,,0,,,,,,,,,,,,,,,,,,,,,,,,,,,,
2013-12-11,PL1311LAG3AG1H,Hitachi HDS5C4040ALE630,4000787030016,0,,0,,,,,,,,0,,,,,,5052,,,,,,,,,,,,,,,,,,,,,,,,,,,,,,26,,,,,,0,,,,,,,,,,,,,,,,,,,,,,,,,,,,
2013-12-11,Z1F0LH2M,ST3000DM001,3000592982016,0,,144808240,,,,,,,,0,,,,,,12322,,,,,,,,,,,,,,,,,,,,,,,,,,,,,,24,,,,,,0,,,,,,,,,,,,,,,,,,,,,,,,,,,,
2013-12-11,JK11A8B9J385BF,Hitachi HDS722020ALA330,2000398934016,0,,65536,,,,,,,,0,,,,,,23991,,,,,,,,,,,,,,,,,,,,,,,,,,,,,,25,,,,,,0,,,,,,,,,,,,,,,,,,,,,,,,,,,,
2013-12-11,MJ1311YNG7HSBA,Hitachi HDS5C3030ALA630,3000592982016,0,,0,,,,,,,,0,,,,,,14310,,,,,,,,,,,,,,,,,,,,,,,,,,,,,,24,,,,,,0,,,,,,,,,,,,,,,,,,,,,,,,,,,,
2013-12-11,JK11A8B9J7HH2F,Hitachi HDS722020ALA330,2000398934016,0,,2,,,,,,,,0,,,,,,25541,,,,,,,,,,,,,,,,,,,,,,,,,,,,,,25,,,,,,0,,,,,,,,,,,,,,,,,,,,,,,,,,,,
2013-12-11,MK0311YHG2KSBA,Hitachi HDS723030ALA640,3000592982016,0,,0,,,,,,,,0,,,,,,22346,,,,,,,,,,,,,,,,,,,,,,,,,,,,,,22,,,,,,0,,,,,,,,,,,,,,,,,,,,,,,,,,,,
2013-12-11,WD-WCAU45522337,WDC WD10EADS,1000204886016,0,,8,,,,,,,,0,,,,,,41403,,,,,,,,,,,,,,,,,,,,,,,,,,,,,,28,,,,,,0,,,,,,,,,,,,,,,,,,,,,,,,,,,,
2013-12-11,MJ1323YNG1MNZC,Hitachi HDS5C3030ALA630,3000592982016,0,,0,,,,,,,,0,,,,,,19766,,,,,,,,,,,,,,,,,,,,,,,,,,,,,,29,,,,,,0,,,,,,,,,,,,,,,,,,,,,,,,,,,,
2013-12-11,PL1321LAGABGTH,Hitachi HDS5C4040ALE630,4000787030016,0,,0,,,,,,,,0,,,,,,5052,,,,,,,,,,,,,,,,,,,,,,,,,,,,,,30,,,,,,0,,,,,,,,,,,,,,,,,,,,,,,,,,,,
2013-12-11,PL1321LAG358BH,Hitachi HDS5C4040ALE630,4000787030016,0,,0,,,,,,,,0,,,,,,6071,,,,,,,,,,,,,,,,,,,,,,,,,,,,,,22,,,,,,0,,,,,,,,,,,,,,,,,,,,,,,,,,,,
2013-12-11,MJ0351YNG9XY4A,Hitachi HDS5C3030ALA630,3000592982016,0,,0,,,,,,,,0,,,,,,9477,,,,,,,,,,,,,,,,,,,,,,,,,,,,,,25,,,,,,0,,,,,,,,,,,,,,,,,,,,,,,,,,,,
2013-12-11,MK0331YHGKUH5A,Hitachi HDS723030ALA640,3000592982016,0,,0,,,,,,,,0,,,,,,17355,,,,,,,,,,,,,,,,,,,,,,,,,,,,,,26,,,,,,0,,,,,,,,,,,,,,,,,,,,,,,,,,,,
2013-12-11,Z1F26YZB,ST3000DM001,3000592982016,0,,124434792,,,,,,,,0,,,,,,5885,,,,,,,,,,,,,,,,,,,,,,,,,,,,,,21,,,,,,0,,,,,,,,,,,,,,,,,,,,,,,,,,,,
2013-12-11,Z1F0N5AD,ST3000DM001,3000592982016,0,,235332776,,,,,,,,0,,,,,,11724,,,,,,,,,,,,,,,,,,,,,,,,,,,,,,24,,,,,,0,,,,,,,,,,,,,,,,,,,,,,,,,,,,
2013-12-11,S1F02YAF,ST3000DM001,3000592982016,0,,70630856,,,,,,,,0,,,,,,16149,,,,,,,,,,,,,,,,,,,,,,,,,,,,,,23,,,,,,8,,,,,,,,,,,,,,,,,,,,,,,,,,,,
2013-12-11,JK11A8B9J3UW9F,Hitachi HDS722020ALA330,2000398934016,0,,0,,,,,,,,0,,,,,,23104,,,,,,,,,,,,,,,,,,,,,,,,,,,,,,26,,,,,,0,,,,,,,,,,,,,,,,,,,,,,,,,,,,
2013-12-11,JK1104B8GGBN3W,Hitachi HDS722020ALA330,2000398934016,0,,0,,,,,,,,0,,,,,,26858,,,,,,,,,,,,,,,,,,,,,,,,,,,,,,29,,,,,,0,,,,,,,,,,,,,,,,,,,,,,,,,,,,
2013-12-11,PL1311LAG23LBA,Hitachi HDS5C4040ALE630,4000787030016,0,,0,,,,,,,,0,,,,,,7459,,,,,,,,,,,,,,,,,,,,,,,,,,,,,,24,,,,,,0,,,,,,,,,,,,,,,,,,,,,,,,,,,,
2013-12-11,JK1101B9JNWADF,Hitachi HDS722020ALA330,2000398934016,0,,0,,,,,,,,0,,,,,,24463,,,,,,,,,,,,,,,,,,,,,,,,,,,,,,27,,,,,,0,,,,,,,,,,,,,,,,,,,,,,,,,,,,
2013-12-11,6XW00EY0,ST31500541AS,1500301910016,0,,124718532,,,,,,,,0,,,,,,35759,,,,,,,,,,,,,,,,,,,,,,,,,,,,,,20,,,,,,0,,,,,,,,,,,,,,,,,,,,,,,,,,,,
2013-12-11,JK11A8B9J3BP9F,Hitachi HDS722020ALA330,2000398934016,0,,0,,,,,,,,0,,,,,,23829,,,,,,,,,,,,,,,,,,,,,,,,,,,,,,30,,,,,,0,,,,,,,,,,,,,,,,,,,,,,,,,,,,
2013-12-11,W1F0A3XG,ST3000DM001,3000592982016,0,,198341024,,,,,,,,0,,,,,,14732,,,,,,,,,,,,,,,,,,,,,,,,,,,,,,21,,,,,,0,,,,,,,,,,,,,,,,,,,,,,,,,,,,
2013-12-11,MJ1311YNG72SAA,Hitachi HDS5C3030ALA630,3000592982016,0,,0,,,,,,,,0,,,,,,14310,,,,,,,,,,,,,,,,,,,,,,,,,,,,,,24,,,,,,0,,,,,,,,,,,,,,,,,,,,,,,,,,,,
2013-12-11,S1F06F82,ST3000DM001,3000592982016,0,,72230952,,,,,,,,0,,,,,,13743,,,,,,,,,,,,,,,,,,,,,,,,,,,,,,25,,,,,,0,,,,,,,,,,,,,,,,,,,,,,,,,,,,
2013-12-11,MK0311YHGL3HYA,Hitachi HDS723030ALA640,3000592982016,0,,60818293,,,,,,,,0,,,,,,21460,,,,,,,,,,,,,,,,,,,,,,,,,,,,,,23,,,,,,0,,,,,,,,,,,,,,,,,,,,,,,,,,,,
2013-12-11,WD-WMC1T0863920,WDC WD30EFRX,3000592982016,0,,0,,,,,,,,0,,,,,,2000,,,,,,,,,,,,,,,,,,,,,,,,,,,,,,24,,,,,,0,,,,,,,,,,,,,,,,,,,,,,,,,,,,
2013-12-11,PL1331LAGB3ZAH,Hitachi HDS5C4040ALE630,4000787030016,0,,0,,,,,,,,0,,,,,,5428,,,,,,,,,,,,,,,,,,,,,,,,,,,,,,22,,,,,,0,,,,,,,,,,,,,,,,,,,,,,,,,,,,
2013-12-11,JK1105B8GHK8PX,Hitachi HDS722020ALA330,2000398934016,0,,0,,,,,,,,0,,,,,,27212,,,,,,,,,,,,,,,,,,,,,,,,,,,,,,23,,,,,,0,,,,,,,,,,,,,,,,,,,,,,,,,,,,
2013-12-11,WD-WCAWZ1110921,WDC WD30EZRX,3000592982016,0,,2,,,,,,,,0,,,,,,16993,,,,,,,,,,,,,,,,,,,,,,,,,,,,,,23,,,,,,7,,,,,,,,,,,,,,,,,,,,,,,,,,,,
2013-12-11,JK1104B8JRX3EW,Hitachi HDS722020ALA330,2000398934016,0,,0,,,,,,,,0,,,,,,22300,,,,,,,,,,,,,,,,,,,,,,,,,,,,,,28,,,,,,0,,,,,,,,,,,,,,,,,,,,,,,,,,,,
2013-12-11,6XW00TZ6,ST31500541AS,1500301910016,0,,100829601,,,,,,,,110,,,,,,37059,,,,,,,,,,,,,,,,,,,,,,,,,,,,,,21,,,,,,0,,,,,,,,,,,,,,,,,,,,,,,,,,,,
2013-12-11,WD-WCAU47235955,WDC WD10EADS,1000204886016,0,,4,,,,,,,,0,,,,,,40555,,,,,,,,,,,,,,,,,,,,,,,,,,,,,,31,,,,,,0,,,,,,,,,,,,,,,,,,,,,,,,,,,,
2013-12-11,PL1311LAG2BW1H,Hitachi HDS5C4040ALE630,4000787030016,0,,0,,,,,,,,0,,,,,,7412,,,,,,,,,,,,,,,,,,,,,,,,,,,,,,23,,,,,,0,,,,,,,,,,,,,,,,,,,,,,,,,,,,
2013-12-11,WD-WMC4N0920895,WDC WD30EFRX,3000592982016,0,,0,,,,,,,,0,,,,,,657,,,,,,,,,,,,,,,,,,,,,,,,,,,,,,23,,,,,,0,,,,,,,,,,,,,,,,,,,,,,,,,,,,
2013-12-11,WD-WCAU45177690,WDC WD10EADS,1000204886016,0,,3,,,,,,,,0,,,,,,41404,,,,,,,,,,,,,,,,,,,,,,,,,,,,,,23,,,,,,0,,,,,,,,,,,,,,,,,,,,,,,,,,,,
2013-12-11,JK11A4B8J5886W,Hitachi HDS722020ALA330,2000398934016,0,,0,,,,,,,,0,,,,,,25122,,,,,,,,,,,,,,,,,,,,,,,,,,,,,,31,,,,,,0,,,,,,,,,,,,,,,,,,,,,,,,,,,,
2013-12-11,JK1105B8GDV7LX,Hitachi HDS722020ALA330,2000398934016,0,,65538,,,,,,,,0,,,,,,27221,,,,,,,,,,,,,,,,,,,,,,,,,,,,,,32,,,,,,0,,,,,,,,,,,,,,,,,,,,,,,,,,,,
2013-12-11,W1F0R37X,ST3000DM001,3000592982016,0,,106388440,,,,,,,,0,,,,,,12618,,,,,,,,,,,,,,,,,,,,,,,,,,,,,,26,,,,,,0,,,,,,,,,,,,,,,,,,,,,,,,,,,,
2013-12-11,MJ1321YNG05EBA,Hitachi HDS5C3030ALA630,3000592982016,0,,1,,,,,,,,0,,,,,,18593,,,,,,,,,,,,,,,,,,,,,,,,,,,,,,24,,,,,,0,,,,,,,,,,,,,,,,,,,,,,,,,,,,
2013-12-11,JK11A8B9GPHTEF,Hitachi HDS722020ALA330,2000398934016,0,,0,,,,,,,,0,,,,,,26493,,,,,,,,,,,,,,,,,,,,,,,,,,,,,,26,,,,,,0,,,,,,,,,,,,,,,,,,,,,,,,,,,,
2013-12-11,MK0303YHGJV9KC,Hitachi HDS723030ALA640,3000592982016,0,,0,,,,,,,,0,,,,,,16734,,,,,,,,,,,,,,,,,,,,,,,,,,,,,,30,,,,,,0,,,,,,,,,,,,,,,,,,,,,,,,,,,,
2013-12-11,MJ0351YNG9Y12A,Hitachi HDS5C3030ALA630,3000592982016,0,,0,,,,,,,,0,,,,,,7828,,,,,,,,,,,,,,,,,,,,,,,,,,,,,,25,,,,,,0,,,,,,,,,,,,,,,,,,,,,,,,,,,,
2013-12-11,MJ0351YNGA5Z2A,Hitachi HDS5C3030ALA630,3000592982016,0,,0,,,,,,,,0,,,,,,9163,,,,,,,,,,,,,,,,,,,,,,,,,,,,,,29,,,,,,0,,,,,,,,,,,,,,,,,,,,,,,,,,,,
2013-12-11,JK11A8B9J3A4PF,Hitachi HDS722020ALA330,2000398934016,0,,0,,,,,,,,0,,,,,,23544,,,,,,,,,,,,,,,,,,,,,,,,,,,,,,35,,,,,,0,,,,,,,,,,,,,,,,,,,,,,,,,,,,
2013-12-11,6XW205A7,ST31500541AS,1500301910016,0,,84801053,,,,,,,,0,,,,,,13559,,,,,,,,,,,,,,,,,,,,,,,,,,,,,,23,,,,,,0,,,,,,,,,,,,,,,,,,,,,,,,,,,,
2013-12-11,W1F09P9G,ST3000DM001,3000592982016,0,,211255936,,,,,,,,0,,,,,,13882,,,,,,,,,,,,,,,,,,,,,,,,,,,,,,24,,,,,,0,,,,,,,,,,,,,,,,,,,,,,,,,,,,
2013-12-11,JK11A8B9J3ANDF,Hitachi HDS722020ALA330,2000398934016,0,,0,,,,,,,,0,,,,,,24426,,,,,,,,,,,,,,,,,,,,,,,,,,,,,,29,,,,,,0,,,,,,,,,,,,,,,,,,,,,,,,,,,,
2013-12-11,JK11A8B9J83W6F,Hitachi HDS722020ALA330,2000398934016,0,,0,,,,,,,,0,,,,,,26011,,,,,,,,,,,,,,,,,,,,,,,,,,,,,,25,,,,,,0,,,,,,,,,,,,,,,,,,,,,,,,,,,,
2013-12-11,W1F0QQQB,ST3000DM001,3000592982016,0,,185816904,,,,,,,,0,,,,,,12617,,,,,,,,,,,,,,,,,,,,,,,,,,,,,,26,,,,,,0,,,,,,,,,,,,,,,,,,,,,,,,,,,,
2013-12-11,Z300BMMZ,ST4000DM000,4000787030016,0,,158413392,,,,,,,,0,,,,,,2262,,,,,,,,,,,,,,,,,,,,,,,,,,,,,,22,,,,,,0,,,,,,,,,,,,,,,,,,,,,,,,,,,,
2013-12-11,MJ1323YNG1REUC,Hitachi HDS5C3030ALA630,3000592982016,0,,0,,,,,,,,0,,,,,,20080,,,,,,,,,,,,,,,,,,,,,,,,,,,,,,34,,,,,,0,,,,,,,,,,,,,,,,,,,,,,,,,,,,
2013-12-11,PL1311LAG2AY7H,Hitachi HDS5C4040ALE630,4000787030016,0,,0,,,,,,,,0,,,,,,7412,,,,,,,,,,,,,,,,,,,,,,,,,,,,,,19,,,,,,0,,,,,,,,,,,,,,,,,,,,,,,,,,,,
2013-12-11,S1F0CRWX,ST3000DM001,3000592982016,0,,149185480,,,,,,,,0,,,,,,12396,,,,,,,,,,,,,,,,,,,,,,,,,,,,,,26,,,,,,0,,,,,,,,,,,,,,,,,,,,,,,,,,,,
2013-12-11,6XW03955,ST31500541AS,1500301910016,0,,79468085,,,,,,,,0,,,,,,36070,,,,,,,,,,,,,,,,,,,,,,,,,,,,,,20,,,,,,0,,,,,,,,,,,,,,,,,,,,,,,,,,,,
2013-12-11,S1F0TPZ0,ST3000DM001,3000592982016,0,,148838968,,,,,,,,0,,,,,,10471,,,,,,,,,,,,,,,,,,,,,,,,,,,,,,26,,,,,,0,,,,,,,,,,,,,,,,,,,,,,,,,,,,
2013-12-11,S1F0TPZ2,ST3000DM001,3000592982016,0,,192914472,,,,,,,,0,,,,,,10471,,,,,,,,,,,,,,,,,,,,,,,,,,,,,,24,,,,,,0,,,,,,,,,,,,,,,,,,,,,,,,,,,,
2013-12-11,Z1F0L613,ST3000DM001,3000592982016,0,,79776776,,,,,,,,0,,,,,,11725,,,,,,,,,,,,,,,,,,,,,,,,,,,,,,24,,,,,,0,,,,,,,,,,,,,,,,,,,,,,,,,,,,
2013-12-11,S1F01HM2,ST3000DM001,3000592982016,0,,117596736,,,,,,,,0,,,,,,15621,,,,,,,,,,,,,,,,,,,,,,,,,,,,,,25,,,,,,0,,,,,,,,,,,,,,,,,,,,,,,,,,,,
2013-12-11,MJ1311YNG3EW9A,Hitachi HDS5C3030ALA630,3000592982016,0,,1,,,,,,,,0,,,,,,19324,,,,,,,,,,,,,,,,,,,,,,,,,,,,,,24,,,,,,0,,,,,,,,,,,,,,,,,,,,,,,,,,,,
2013-12-11,JK11A8B9GLJLWF,Hitachi HDS722020ALA330,2000398934016,0,,0,,,,,,,,0,,,,,,26480,,,,,,,,,,,,,,,,,,,,,,,,,,,,,,30,,,,,,0,,,,,,,,,,,,,,,,,,,,,,,,,,,,
2013-12-11,PL1311LAG14YGA,Hitachi HDS5C4040ALE630,4000787030016,0,,0,,,,,,,,0,,,,,,7462,,,,,,,,,,,,,,,,,,,,,,,,,,,,,,23,,,,,,0,,,,,,,,,,,,,,,,,,,,,,,,,,,,
2013-12-11,MK0311YHGLMSSA,Hitachi HDS723030ALA640,3000592982016,0,,0,,,,,,,,0,,,,,,16075,,,,,,,,,,,,,,,,,,,,,,,,,,,,,,28,,,,,,0,,,,,,,,,,,,,,,,,,,,,,,,,,,,
2013-12-11,6XW01C6X,ST31500541AS,1500301910016,0,,158363523,,,,,,,,0,,,,,,22697,,,,,,,,,,,,,,,,,,,,,,,,,,,,,,19,,,,,,0,,,,,,,,,,,,,,,,,,,,,,,,,,,,
2013-12-11,MJ0351YNG9NUUA,Hitachi HDS5C3030ALA630,3000592982016,0,,0,,,,,,,,0,,,,,,9914,,,,,,,,,,,,,,,,,,,,,,,,,,,,,,31,,,,,,0,,,,,,,,,,,,,,,,,,,,,,,,,,,,
2013-12-11,MJ0351YNGA0DMA,Hitachi HDS5C3030ALA630,3000592982016,0,,0,,,,,,,,0,,,,,,8640,,,,,,,,,,,,,,,,,,,,,,,,,,,,,,26,,,,,,0,,,,,,,,,,,,,,,,,,,,,,,,,,,,
2013-12-11,MJ1321YNG0LYXA,Hitachi HDS5C3030ALA630,3000592982016,0,,196608,,,,,,,,0,,,,,,20508,,,,,,,,,,,,,,,,,,,,,,,,,,,,,,25,,,,,,0,,,,,,,,,,,,,,,,,,,,,,,,,,,,
2013-12-11,MJ1311YNG319KA,Hitachi HDS5C3030ALA630,3000592982016,0,,0,,,,,,,,0,,,,,,18203,,,,,,,,,,,,,,,,,,,,,,,,,,,,,,26,,,,,,0,,,,,,,,,,,,,,,,,,,,,,,,,,,,
2013-12-11,JK11A8YBKTP43F,Hitachi HDS722020ALA330,2000398934016,0,,0,,,,,,,,0,,,,,,27870,,,,,,,,,,,,,,,,,,,,,,,,,,,,,,27,,,,,,0,,,,,,,,,,,,,,,,,,,,,,,,,,,,
2013-12-11,JK11A8B9J91RVF,Hitachi HDS722020ALA330,2000398934016,0,,0,,,,,,,,0,,,,,,24493,,,,,,,,,,,,,,,,,,,,,,,,,,,,,,31,,,,,,0,,,,,,,,,,,,,,,,,,,,,,,,,,,,
2013-12-11,MJ0351YNG9VSKA,Hitachi HDS5C3030ALA630,3000592982016,0,,0,,,,,,,,0,,,,,,9958,,,,,,,,,,,,,,,,,,,,,,,,,,,,,,27,,,,,,0,,,,,,,,,,,,,,,,,,,,,,,,,,,,
2013-12-11,W3008FD6,ST4000DM000,4000787030016,0,,32987544,,,,,,,,0,,,,,,4140,,,,,,,,,,,,,,,,,,,,,,,,,,,,,,23,,,,,,0,,,,,,,,,,,,,,,,,,,,,,,,,,,,
2013-12-11,9XW03C5H,ST31500541AS,1500301910016,0,,44005843,,,,,,,,0,,,,,,33346,,,,,,,,,,,,,,,,,,,,,,,,,,,,,,19,,,,,,0,,,,,,,,,,,,,,,,,,,,,,,,,,,,
2013-12-11,WD-WMC1T0895045,WDC WD30EFRX,3000592982016,0,,0,,,,,,,,0,,,,,,8840,,,,,,,,,,,,,,,,,,,,,,,,,,,,,,28,,,,,,0,,,,,,,,,,,,,,,,,,,,,,,,,,,,
2013-12-11,PL1311LAG2DZLH,Hitachi HDS5C4040ALE630,4000787030016,0,,0,,,,,,,,0,,,,,,7415,,,,,,,,,,,,,,,,,,,,,,,,,,,,,,18,,,,,,0,,,,,,,,,,,,,,,,,,,,,,,,,,,,
2013-12-11,5XW0A5HZ,ST32000542AS,2000398934016,0,,230461390,,,,,,,,0,,,,,,30882,,,,,,,,,,,,,,,,,,,,,,,,,,,,,,18,,,,,,0,,,,,,,,,,,,,,,,,,,,,,,,,,,,
2013-12-11,MJ1311YNG242PA,Hitachi HDS5C3030ALA630,3000592982016,0,,0,,,,,,,,0,,,,,,10069,,,,,,,,,,,,,,,,,,,,,,,,,,,,,,30,,,,,,0,,,,,,,,,,,,,,,,,,,,,,,,,,,,
2013-12-11,JK11A8B9KSSHVF,Hitachi HDS722020ALA330,2000398934016,0,,0,,,,,,,,0,,,,,,4857,,,,,,,,,,,,,,,,,,,,,,,,,,,,,,23,,,,,,0,,,,,,,,,,,,,,,,,,,,,,,,,,,,
2013-12-11,PL1311LAG2EEAH,Hitachi HDS5C4040ALE630,4000787030016,0,,0,,,,,,,,0,,,,,,7414,,,,,,,,,,,,,,,,,,,,,,,,,,,,,,22,,,,,,0,,,,,,,,,,,,,,,,,,,,,,,,,,,,
2013-12-11,PL2311LAG1WKSC,Hitachi HDS5C4040ALE630,4000787030016,0,,0,,,,,,,,0,,,,,,7463,,,,,,,,,,,,,,,,,,,,,,,,,,,,,,25,,,,,,0,,,,,,,,,,,,,,,,,,,,,,,,,,,,
2013-12-11,MJ0351YNGABZ8A,Hitachi HDS5C3030ALA630,3000592982016,0,,0,,,,,,,,0,,,,,,8142,,,,,,,,,,,,,,,,,,,,,,,,,,,,,,29,,,,,,0,,,,,,,,,,,,,,,,,,,,,,,,,,,,
2013-12-11,JK11A8B9J7LUDF,Hitachi HDS722020ALA330,2000398934016,0,,0,,,,,,,,0,,,,,,24665,,,,,,,,,,,,,,,,,,,,,,,,,,,,,,27,,,,,,0,,,,,,,,,,,,,,,,,,,,,,,,,,,,
2013-12-11,9VS2A06S,ST31500341AS,1500301910016,0,,82166749,,,,,,,,11,,,,,,38665,,,,,,,,,,,,,,,,,,,,,,,,,,,,,,20,,,,,,0,,,,,,,,,,,,,,,,,,,,,,,,,,,,
2013-12-11,S1F0BPWS,ST3000DM001,3000592982016,0,,113540872,,,,,,,,0,,,,,,12363,,,,,,,,,,,,,,,,,,,,,,,,,,,,,,25,,,,,,0,,,,,,,,,,,,,,,,,,,,,,,,,,,,
2013-12-11,Z1Z03JEY,ST4000DX000,4000787030016,0,,71100540,,,,,,,,0,,,,,,7130,,,,,,,,,,,,,,,,,,,,,,,,,,,,,,37,,,,,,0,,,,,,,,,,,,,,,,,,,,,,,,,,,,
2013-12-11,S1F07PZN,ST3000DM001,3000592982016,0,,48377664,,,,,,,,480,,,,,,12345,,,,,,,,,,,,,,,,,,,,,,,,,,,,,,25,,,,,,0,,,,,,,,,,,,,,,,,,,,,,,,,,,,
2013-12-11,MJ1311YNG3K45A,Hitachi HDS5C3030ALA630,3000592982016,0,,0,,,,,,,,0,,,,,,19252,,,,,,,,,,,,,,,,,,,,,,,,,,,,,,23,,,,,,0,,,,,,,,,,,,,,,,,,,,,,,,,,,,
2013-12-11,Z300CQPG,ST4000DM000,4000787030016,0,,46727680,,,,,,,,0,,,,,,2262,,,,,,,,,,,,,,,,,,,,,,,,,,,,,,22,,,,,,0,,,,,,,,,,,,,,,,,,,,,,,,,,,,
2013-12-11,9VS3FMA0,ST31500341AS,1500301910016,0,,188962773,,,,,,,,251,,,,,,32872,,,,,,,,,,,,,,,,,,,,,,,,,,,,,,23,,,,,,0,,,,,,,,,,,,,,,,,,,,,,,,,,,,
2013-12-11,Z300CQPL,ST4000DM000,4000787030016,0,,141498704,,,,,,,,0,,,,,,2257,,,,,,,,,,,,,,,,,,,,,,,,,,,,,,23,,,,,,0,,,,,,,,,,,,,,,,,,,,,,,,,,,,
2013-12-11,S1F0S4QZ,ST3000DM001,3000592982016,0,,64108184,,,,,,,,0,,,,,,10758,,,,,,,,,,,,,,,,,,,,,,,,,,,,,,22,,,,,,0,,,,,,,,,,,,,,,,,,,,,,,,,,,,
2013-12-11,JK1105B8GG42WX,Hitachi HDS722020ALA330,2000398934016,0,,131072,,,,,,,,47,,,,,,27169,,,,,,,,,,,,,,,,,,,,,,,,,,,,,,28,,,,,,0,,,,,,,,,,,,,,,,,,,,,,,,,,,,
2013-12-11,Z1F0LGG1,ST3000DM001,3000592982016,0,,184615448,,,,,,,,0,,,,,,12180,,,,,,,,,,,,,,,,,,,,,,,,,,,,,,31,,,,,,0,,,,,,,,,,,,,,,,,,,,,,,,,,,,
2013-12-11,S1F06TJZ,ST3000DM001,3000592982016,0,,140082800,,,,,,,,23728,,,,,,14233,,,,,,,,,,,,,,,,,,,,,,,,,,,,,,23,,,,,,0,,,,,,,,,,,,,,,,,,,,,,,,,,,,
2013-12-11,WD-WCAWZ0494727,WDC WD30EZRX,3000592982016,0,,0,,,,,,,,0,,,,,,15832,,,,,,,,,,,,,,,,,,,,,,,,,,,,,,25,,,,,,0,,,,,,,,,,,,,,,,,,,,,,,,,,,,
2013-12-11,5YD89LV0,ST1500DL003,1500301910016,0,,10705168,,,,,,,,0,,,,,,9848,,,,,,,,,,,,,,,,,,,,,,,,,,,,,,21,,,,,,0,,,,,,,,,,,,,,,,,,,,,,,,,,,,
2013-12-11,Z300H9SN,ST4000DM000,4000787030016,0,,121551480,,,,,,,,0,,,,,,1331,,,,,,,,,,,,,,,,,,,,,,,,,,,,,,21,,,,,,0,,,,,,,,,,,,,,,,,,,,,,,,,,,,
2013-12-11,Z1F1907R,ST3000DM001,3000592982016,0,,179503736,,,,,,,,0,,,,,,8164,,,,,,,,,,,,,,,,,,,,,,,,,,,,,,28,,,,,,0,,,,,,,,,,,,,,,,,,,,,,,,,,,,
2013-12-11,PL1311LAG186KA,Hitachi HDS5C4040ALE630,4000787030016,0,,0,,,,,,,,0,,,,,,6650,,,,,,,,,,,,,,,,,,,,,,,,,,,,,,20,,,,,,0,,,,,,,,,,,,,,,,,,,,,,,,,,,,
2013-12-11,MJ1323YNG1PYMC,Hitachi HDS5C3030ALA630,3000592982016,0,,0,,,,,,,,0,,,,,,19763,,,,,,,,,,,,,,,,,,,,,,,,,,,,,,29,,,,,,0,,,,,,,,,,,,,,,,,,,,,,,,,,,,
2013-12-11,WD-WCAWZ0214920,WDC WD30EZRS,3000592982016,0,,0,,,,,,,,0,,,,,,11889,,,,,,,,,,,,,,,,,,,,,,,,,,,,,,21,,,,,,0,,,,,,,,,,,,,,,,,,,,,,,,,,,,
2013-12-11,WD-WCAU45336227,WDC WD10EADS,1000204886016,0,,3,,,,,,,,0,,,,,,41326,,,,,,,,,,,,,,,,,,,,,,,,,,,,,,28,,,,,,0,,,,,,,,,,,,,,,,,,,,,,,,,,,,
2013-12-11,MJ1311YNG36DGA,Hitachi HDS5C3030ALA630,3000592982016,0,,0,,,,,,,,0,,,,,,18048,,,,,,,,,,,,,,,,,,,,,,,,,,,,,,24,,,,,,0,,,,,,,,,,,,,,,,,,,,,,,,,,,,
2013-12-11,WD-WMAWZ0223910,WDC WD30EZRX,3000592982016,0,,8,,,,,,,,0,,,,,,12929,,,,,,,,,,,,,,,,,,,,,,,,,,,,,,24,,,,,,5,,,,,,,,,,,,,,,,,,,,,,,,,,,,
2013-12-11,JK1105B8GG4VDX,Hitachi HDS722020ALA330,2000398934016,0,,65537,,,,,,,,0,,,,,,27160,,,,,,,,,,,,,,,,,,,,,,,,,,,,,,27,,,,,,0,,,,,,,,,,,,,,,,,,,,,,,,,,,,
2013-12-11,S1F0S4Q6,ST3000DM001,3000592982016,0,,157813272,,,,,,,,0,,,,,,10727,,,,,,,,,,,,,,,,,,,,,,,,,,,,,,25,,,,,,0,,,,,,,,,,,,,,,,,,,,,,,,,,,,
2013-12-11,MK0333YHGPER8C,Hitachi HDS723030ALA640,3000592982016,0,,0,,,,,,,,0,,,,,,17762,,,,,,,,,,,,,,,,,,,,,,,,,,,,,,26,,,,,,0,,,,,,,,,,,,,,,,,,,,,,,,,,,,
2013-12-11,Z300PCBK,ST4000DM000,4000787030016,0,,122564256,,,,,,,,0,,,,,,1233,,,,,,,,,,,,,,,,,,,,,,,,,,,,,,20,,,,,,0,,,,,,,,,,,,,,,,,,,,,,,,,,,,
2013-12-11,MJ1311YNG317RA,Hitachi HDS5C3030ALA630,3000592982016,0,,0,,,,,,,,0,,,,,,18405,,,,,,,,,,,,,,,,,,,,,,,,,,,,,,22,,,,,,0,,,,,,,,,,,,,,,,,,,,,,,,,,,,
2013-12-11,Z300PCBN,ST4000DM000,4000787030016,0,,214527936,,,,,,,,0,,,,,,1232,,,,,,,,,,,,,,,,,,,,,,,,,,,,,,21,,,,,,0,,,,,,,,,,,,,,,,,,,,,,,,,,,,
2013-12-11,Z300CQP7,ST4000DM000,4000787030016,0,,223153176,,,,,,,,0,,,,,,2246,,,,,,,,,,,,,,,,,,,,,,,,,,,,,,23,,,,,,0,,,,,,,,,,,,,,,,,,,,,,,,,,,,
2013-12-11,Z300CQP3,ST4000DM000,4000787030016,0,,181654984,,,,,,,,0,,,,,,2240,,,,,,,,,,,,,,,,,,,,,,,,,,,,,,18,,,,,,0,,,,,,,,,,,,,,,,,,,,,,,,,,,,
2013-12-11,JK11A8B9J3VNNF,Hitachi HDS722020ALA330,2000398934016,0,,0,,,,,,,,0,,,,,,23828,,,,,,,,,,,,,,,,,,,,,,,,,,,,,,30,,,,,,0,,,,,,,,,,,,,,,,,,,,,,,,,,,,
2013-12-11,W1F0JVQ8,ST3000DM001,3000592982016,0,,83200504,,,,,,,,0,,,,,,12176,,,,,,,,,,,,,,,,,,,,,,,,,,,,,,34,,,,,,0,,,,,,,,,,,,,,,,,,,,,,,,,,,,
2013-12-11,S1F0B9J4,ST3000DM001,3000592982016,0,,83214776,,,,,,,,0,,,,,,12356,,,,,,,,,,,,,,,,,,,,,,,,,,,,,,25,,,,,,0,,,,,,,,,,,,,,,,,,,,,,,,,,,,
2013-12-11,JK11A8B9J7ZPXF,Hitachi HDS722020ALA330,2000398934016,0,,0,,,,,,,,0,,,,,,25122,,,,,,,,,,,,,,,,,,,,,,,,,,,,,,31,,,,,,0,,,,,,,,,,,,,,,,,,,,,,,,,,,,
2013-12-11,9XW02644,ST31500541AS,1500301910016,0,,92335472,,,,,,,,0,,,,,,33347,,,,,,,,,,,,,,,,,,,,,,,,,,,,,,19,,,,,,0,,,,,,,,,,,,,,,,,,,,,,,,,,,,
2013-12-11,PL1311LAG3DUJH,Hitachi HDS5C4040ALE630,4000787030016,0,,0,,,,,,,,0,,,,,,5070,,,,,,,,,,,,,,,,,,,,,,,,,,,,,,28,,,,,,0,,,,,,,,,,,,,,,,,,,,,,,,,,,,
2013-12-11,S1F02H5Y,ST3000DM001,3000592982016,0,,151310856,,,,,,,,0,,,,,,14730,,,,,,,,,,,,,,,,,,,,,,,,,,,,,,24,,,,,,0,,,,,,,,,,,,,,,,,,,,,,,,,,,,
2013-12-11,PL1311LAG3815H,Hitachi HDS5C4040ALE630,4000787030016,0,,0,,,,,,,,0,,,,,,6639,,,,,,,,,,,,,,,,,,,,,,,,,,,,,,27,,,,,,0,,,,,,,,,,,,,,,,,,,,,,,,,,,,
2013-12-11,JK11A8B9J2YXJF,Hitachi HDS722020ALA330,2000398934016,0,,0,,,,,,,,1,,,,,,24112,,,,,,,,,,,,,,,,,,,,,,,,,,,,,,25,,,,,,0,,,,,,,,,,,,,,,,,,,,,,,,,,,,
2013-12-11,Z300KJFA,ST4000DM000,4000787030016,0,,144989936,,,,,,,,0,,,,,,105,,,,,,,,,,,,,,,,,,,,,,,,,,,,,,24,,,,,,0,,,,,,,,,,,,,,,,,,,,,,,,,,,,
2013-12-11,JK11A8B9J8DDNF,Hitachi HDS722020ALA330,2000398934016,0,,0,,,,,,,,1,,,,,,24497,,,,,,,,,,,,,,,,,,,,,,,,,,,,,,29,,,,,,0,,,,,,,,,,,,,,,,,,,,,,,,,,,,
2013-12-11,MJ0351YNGA6E3A,Hitachi HDS5C3030ALA630,3000592982016,0,,0,,,,,,,,0,,,,,,9315,,,,,,,,,,,,,,,,,,,,,,,,,,,,,,29,,,,,,0,,,,,,,,,,,,,,,,,,,,,,,,,,,,
2013-12-11,MK0311YHGJ2VAA,Hitachi HDS723030ALA640,3000592982016,0,,0,,,,,,,,0,,,,,,16734,,,,,,,,,,,,,,,,,,,,,,,,,,,,,,30,,,,,,0,,,,,,,,,,,,,,,,,,,,,,,,,,,,
2013-12-11,9VS1W6JA,ST31500341AS,1500301910016,0,,161407343,,,,,,,,11,,,,,,39481,,,,,,,,,,,,,,,,,,,,,,,,,,,,,,25,,,,,,0,,,,,,,,,,,,,,,,,,,,,,,,,,,,
2013-12-11,JK11A8B9J76E3F,Hitachi HDS722020ALA330,2000398934016,0,,0,,,,,,,,0,,,,,,24544,,,,,,,,,,,,,,,,,,,,,,,,,,,,,,26,,,,,,0,,,,,,,,,,,,,,,,,,,,,,,,,,,,
2013-12-11,W300BHCV,ST4000DM000,4000787030016,0,,138391688,,,,,,,,0,,,,,,3586,,,,,,,,,,,,,,,,,,,,,,,,,,,,,,25,,,,,,0,,,,,,,,,,,,,,,,,,,,,,,,,,,,
2013-12-11,JK1170YAJDAMNT,Hitachi HDS722020ALA330,2000398934016,0,,655369,,,,,,,,0,,,,,,28154,,,,,,,,,,,,,,,,,,,,,,,,,,,,,,26,,,,,,0,,,,,,,,,,,,,,,,,,,,,,,,,,,,
2013-12-11,Z300DLVB,ST4000DM000,4000787030016,0,,70231224,,,,,,,,0,,,,,,2256,,,,,,,,,,,,,,,,,,,,,,,,,,,,,,23,,,,,,0,,,,,,,,,,,,,,,,,,,,,,,,,,,,
2013-12-11,Z1Z03H2G,ST4000DX000,4000787030016,0,,140476874,,,,,,,,0,,,,,,7132,,,,,,,,,,,,,,,,,,,,,,,,,,,,,,38,,,,,,0,,,,,,,,,,,,,,,,,,,,,,,,,,,,
2013-12-11,9XW01XVE,ST31500541AS,1500301910016,0,,175145533,,,,,,,,0,,,,,,35047,,,,,,,,,,,,,,,,,,,,,,,,,,,,,,16,,,,,,0,,,,,,,,,,,,,,,,,,,,,,,,,,,,
2013-12-11,PL1311LAG3D9WH,Hitachi HDS5C4040ALE630,4000787030016,0,,0,,,,,,,,0,,,,,,5959,,,,,,,,,,,,,,,,,,,,,,,,,,,,,,17,,,,,,0,,,,,,,,,,,,,,,,,,,,,,,,,,,,
2013-12-11,S1F0BM9K,ST3000DM001,3000592982016,0,,118869208,,,,,,,,0,,,,,,12362,,,,,,,,,,,,,,,,,,,,,,,,,,,,,,27,,,,,,0,,,,,,,,,,,,,,,,,,,,,,,,,,,,
2013-12-11,JK11A8B9J3KGVF,Hitachi HDS722020ALA330,2000398934016,0,,0,,,,,,,,1,,,,,,23636,,,,,,,,,,,,,,,,,,,,,,,,,,,,,,31,,,,,,0,,,,,,,,,,,,,,,,,,,,,,,,,,,,
2013-12-11,W300C7V1,ST4000DM000,4000787030016,0,,177193896,,,,,,,,0,,,,,,4166,,,,,,,,,,,,,,,,,,,,,,,,,,,,,,25,,,,,,0,,,,,,,,,,,,,,,,,,,,,,,,,,,,
2013-12-11,PL1311LAG3ALBH,Hitachi HDS5C4040ALE630,4000787030016,0,,0,,,,,,,,0,,,,,,5921,,,,,,,,,,,,,,,,,,,,,,,,,,,,,,21,,,,,,0,,,,,,,,,,,,,,,,,,,,,,,,,,,,
2013-12-11,JK11A8B9J7WHTF,Hitachi HDS722020ALA330,2000398934016,0,,0,,,,,,,,0,,,,,,24912,,,,,,,,,,,,,,,,,,,,,,,,,,,,,,31,,,,,,0,,,,,,,,,,,,,,,,,,,,,,,,,,,,
2013-12-11,PL1321LAG35EMH,Hitachi HDS5C4040ALE630,4000787030016,0,,0,,,,,,,,0,,,,,,6648,,,,,,,,,,,,,,,,,,,,,,,,,,,,,,23,,,,,,0,,,,,,,,,,,,,,,,,,,,,,,,,,,,
2013-12-11,MJ0351YNGA384A,Hitachi HDS5C3030ALA630,3000592982016,0,,0,,,,,,,,0,,,,,,9129,,,,,,,,,,,,,,,,,,,,,,,,,,,,,,30,,,,,,0,,,,,,,,,,,,,,,,,,,,,,,,,,,,
2013-12-11,Z1F0MXAE,ST3000DM001,3000592982016,0,,83480008,,,,,,,,0,,,,,,10805,,,,,,,,,,,,,,,,,,,,,,,,,,,,,,25,,,,,,0,,,,,,,,,,,,,,,,,,,,,,,,,,,,
2013-12-11,WD-WCAU47771049,WDC WD10EADS,1000204886016,0,,1,,,,,,,,1,,,,,,40611,,,,,,,,,,,,,,,,,,,,,,,,,,,,,,31,,,,,,0,,,,,,,,,,,,,,,,,,,,,,,,,,,,
2013-12-11,JK1101B9J04TLF,Hitachi HDS722020ALA330,2000398934016,0,,0,,,,,,,,0,,,,,,23822,,,,,,,,,,,,,,,,,,,,,,,,,,,,,,25,,,,,,0,,,,,,,,,,,,,,,,,,,,,,,,,,,,
2013-12-11,PL1311LAG27R0H,Hitachi HDS5C4040ALE630,4000787030016,0,,0,,,,,,,,0,,,,,,4534,,,,,,,,,,,,,,,,,,,,,,,,,,,,,,26,,,,,,0,,,,,,,,,,,,,,,,,,,,,,,,,,,,
2013-12-11,PL2311LAG1RAXC,Hitachi HDS5C4040ALE630,4000787030016,0,,0,,,,,,,,0,,,,,,7411,,,,,,,,,,,,,,,,,,,,,,,,,,,,,,23,,,,,,0,,,,,,,,,,,,,,,,,,,,,,,,,,,,
2013-12-11,W300BFT0,ST4000DM000,4000787030016,0,,204946424,,,,,,,,0,,,,,,945,,,,,,,,,,,,,,,,,,,,,,,,,,,,,,21,,,,,,0,,,,,,,,,,,,,,,,,,,,,,,,,,,,
2013-12-11,JK11A8B9J7E3JF,Hitachi HDS722020ALA330,2000398934016,0,,0,,,,,,,,1,,,,,,24545,,,,,,,,,,,,,,,,,,,,,,,,,,,,,,26,,,,,,0,,,,,,,,,,,,,,,,,,,,,,,,,,,,
2013-12-11,Z300KLXH,ST4000DM000,4000787030016,0,,207634664,,,,,,,,0,,,,,,2258,,,,,,,,,,,,,,,,,,,,,,,,,,,,,,23,,,,,,0,,,,,,,,,,,,,,,,,,,,,,,,,,,,
2013-12-11,Z1F1VQFY,ST3000DM001,3000592982016,0,,216546904,,,,,,,,0,,,,,,8040,,,,,,,,,,,,,,,,,,,,,,,,,,,,,,20,,,,,,0,,,,,,,,,,,,,,,,,,,,,,,,,,,,
2013-12-11,6XW01K8M,ST31500541AS,1500301910016,0,,102179360,,,,,,,,0,,,,,,36062,,,,,,,,,,,,,,,,,,,,,,,,,,,,,,21,,,,,,0,,,,,,,,,,,,,,,,,,,,,,,,,,,,
2013-12-11,JK11A8B9J781TF,Hitachi HDS722020ALA330,2000398934016,0,,0,,,,,,,,0,,,,,,22696,,,,,,,,,,,,,,,,,,,,,,,,,,,,,,27,,,,,,0,,,,,,,,,,,,,,,,,,,,,,,,,,,,
2013-12-11,JK11A8B9J3LUBF,Hitachi HDS722020ALA330,2000398934016,0,,0,,,,,,,,20,,,,,,21477,,,,,,,,,,,,,,,,,,,,,,,,,,,,,,25,,,,,,0,,,,,,,,,,,,,,,,,,,,,,,,,,,,
2013-12-11,Z1Z05AX4,ST4000DX000,4000787030016,0,,227253584,,,,,,,,0,,,,,,5077,,,,,,,,,,,,,,,,,,,,,,,,,,,,,,32,,,,,,0,,,,,,,,,,,,,,,,,,,,,,,,,,,,
2013-12-11,W1F08HGJ,ST3000DM001,3000592982016,0,,15052536,,,,,,,,0,,,,,,13362,,,,,,,,,,,,,,,,,,,,,,,,,,,,,,23,,,,,,0,,,,,,,,,,,,,,,,,,,,,,,,,,,,
2013-12-11,MJ1311YNG2W8WA,Hitachi HDS5C3030ALA630,3000592982016,0,,0,,,,,,,,0,,,,,,18928,,,,,,,,,,,,,,,,,,,,,,,,,,,,,,30,,,,,,0,,,,,,,,,,,,,,,,,,,,,,,,,,,,
2013-12-11,6XW03JLX,ST31500541AS,1500301910016,0,,201534763,,,,,,,,0,,,,,,37069,,,,,,,,,,,,,,,,,,,,,,,,,,,,,,28,,,,,,0,,,,,,,,,,,,,,,,,,,,,,,,,,,,
2013-12-11,JK11A8B9J8X0BF,Hitachi HDS722020ALA330,2000398934016,0,,0,,,,,,,,0,,,,,,24983,,,,,,,,,,,,,,,,,,,,,,,,,,,,,,25,,,,,,0,,,,,,,,,,,,,,,,,,,,,,,,,,,,
2013-12-11,S1F122KD,ST3000DM001,3000592982016,0,,173624072,,,,,,,,0,,,,,,8023,,,,,,,,,,,,,,,,,,,,,,,,,,,,,,22,,,,,,0,,,,,,,,,,,,,,,,,,,,,,,,,,,,
2013-12-11,9XW03797,ST31500541AS,1500301910016,0,,53503894,,,,,,,,0,,,,,,33346,,,,,,,,,,,,,,,,,,,,,,,,,,,,,,19,,,,,,0,,,,,,,,,,,,,,,,,,,,,,,,,,,,
2013-12-11,Z300K0Y3,ST4000DM000,4000787030016,0,,63318864,,,,,,,,0,,,,,,2240,,,,,,,,,,,,,,,,,,,,,,,,,,,,,,20,,,,,,0,,,,,,,,,,,,,,,,,,,,,,,,,,,,
2013-12-11,JK11A8B9J399WF,Hitachi HDS722020ALA330,2000398934016,0,,0,,,,,,,,0,,,,,,23947,,,,,,,,,,,,,,,,,,,,,,,,,,,,,,27,,,,,,0,,,,,,,,,,,,,,,,,,,,,,,,,,,,
2013-12-11,Z1Z05QGE,ST4000DX000,4000787030016,0,,47198500,,,,,,,,0,,,,,,5039,,,,,,,,,,,,,,,,,,,,,,,,,,,,,,35,,,,,,0,,,,,,,,,,,,,,,,,,,,,,,,,,,,
2013-12-11,S1F03A54,ST3000DM001,3000592982016,0,,110915808,,,,,,,,0,,,,,,15264,,,,,,,,,,,,,,,,,,,,,,,,,,,,,,22,,,,,,0,,,,,,,,,,,,,,,,,,,,,,,,,,,,
2013-12-11,JK1174YAK8RNEW,Hitachi HDS722020ALA330,2000398934016,0,,0,,,,,,,,0,,,,,,29018,,,,,,,,,,,,,,,,,,,,,,,,,,,,,,27,,,,,,0,,,,,,,,,,,,,,,,,,,,,,,,,,,,
2013-12-11,Z300X6L9,ST4000DM000,4000787030016,0,,240093952,,,,,,,,0,,,,,,957,,,,,,,,,,,,,,,,,,,,,,,,,,,,,,22,,,,,,0,,,,,,,,,,,,,,,,,,,,,,,,,,,,
2013-12-11,MJ0351YNG9W2KA,Hitachi HDS5C3030ALA630,3000592982016,0,,0,,,,,,,,0,,,,,,9958,,,,,,,,,,,,,,,,,,,,,,,,,,,,,,29,,,,,,0,,,,,,,,,,,,,,,,,,,,,,,,,,,,
2013-12-11,JK1105B8GGR24X,Hitachi HDS722020ALA330,2000398934016,0,,1,,,,,,,,6,,,,,,27213,,,,,,,,,,,,,,,,,,,,,,,,,,,,,,23,,,,,,0,,,,,,,,,,,,,,,,,,,,,,,,,,,,
2013-12-11,W1F0SF60,ST3000DM001,3000592982016,0,,2133488,,,,,,,,0,,,,,,12172,,,,,,,,,,,,,,,,,,,,,,,,,,,,,,31,,,,,,0,,,,,,,,,,,,,,,,,,,,,,,,,,,,
2013-12-11,MJ1311YNG7DTMA,Hitachi HDS5C3030ALA630,3000592982016,0,,0,,,,,,,,0,,,,,,14620,,,,,,,,,,,,,,,,,,,,,,,,,,,,,,20,,,,,,0,,,,,,,,,,,,,,,,,,,,,,,,,,,,
2013-12-11,W300BY4Z,ST4000DM000,4000787030016,0,,148629680,,,,,,,,0,,,,,,4138,,,,,,,,,,,,,,,,,,,,,,,,,,,,,,25,,,,,,0,,,,,,,,,,,,,,,,,,,,,,,,,,,,
2013-12-11,S1F0PF59,ST3000DM001,3000592982016,0,,213181568,,,,,,,,0,,,,,,11690,,,,,,,,,,,,,,,,,,,,,,,,,,,,,,25,,,,,,0,,,,,,,,,,,,,,,,,,,,,,,,,,,,
2013-12-11,W3004WZS,ST4000DM000,4000787030016,0,,60896768,,,,,,,,0,,,,,,4047,,,,,,,,,,,,,,,,,,,,,,,,,,,,,,22,,,,,,0,,,,,,,,,,,,,,,,,,,,,,,,,,,,
2013-12-11,W300DCYK,ST4000DM000,4000787030016,0,,131877368,,,,,,,,0,,,,,,4153,,,,,,,,,,,,,,,,,,,,,,,,,,,,,,25,,,,,,0,,,,,,,,,,,,,,,,,,,,,,,,,,,,
2013-12-11,Z1F0MYEL,ST3000DM001,3000592982016,0,,170203136,,,,,,,,0,,,,,,9265,,,,,,,,,,,,,,,,,,,,,,,,,,,,,,28,,,,,,0,,,,,,,,,,,,,,,,,,,,,,,,,,,,
2013-12-11,W300JS02,ST4000DM000,4000787030016,0,,91079528,,,,,,,,0,,,,,,2220,,,,,,,,,,,,,,,,,,,,,,,,,,,,,,23,,,,,,0,,,,,,,,,,,,,,,,,,,,,,,,,,,,
2013-12-11,PL1321LAG35PUH,Hitachi HDS5C4040ALE630,4000787030016,0,,0,,,,,,,,0,,,,,,5125,,,,,,,,,,,,,,,,,,,,,,,,,,,,,,27,,,,,,0,,,,,,,,,,,,,,,,,,,,,,,,,,,,
2013-12-11,MJ0351YNGA2EMA,Hitachi HDS5C3030ALA630,3000592982016,0,,0,,,,,,,,0,,,,,,9973,,,,,,,,,,,,,,,,,,,,,,,,,,,,,,27,,,,,,0,,,,,,,,,,,,,,,,,,,,,,,,,,,,
2013-12-11,W1F0L5BZ,ST3000DM001,3000592982016,0,,3826288,,,,,,,,0,,,,,,7514,,,,,,,,,,,,,,,,,,,,,,,,,,,,,,27,,,,,,0,,,,,,,,,,,,,,,,,,,,,,,,,,,,
2013-12-11,WD-WCAWZ1294923,WDC WD30EZRX,3000592982016,0,,0,,,,,,,,0,,,,,,17613,,,,,,,,,,,,,,,,,,,,,,,,,,,,,,21,,,,,,0,,,,,,,,,,,,,,,,,,,,,,,,,,,,
2013-12-11,MJ0351YNGA486A,Hitachi HDS5C3030ALA630,3000592982016,0,,0,,,,,,,,0,,,,,,8883,,,,,,,,,,,,,,,,,,,,,,,,,,,,,,29,,,,,,0,,,,,,,,,,,,,,,,,,,,,,,,,,,,
2013-12-11,PL1311LAG3D4VH,Hitachi HDS5C4040ALE630,4000787030016,0,,0,,,,,,,,0,,,,,,6640,,,,,,,,,,,,,,,,,,,,,,,,,,,,,,25,,,,,,0,,,,,,,,,,,,,,,,,,,,,,,,,,,,
2013-12-11,STF605MH19USTW,Hitachi HDT721010SLA360,1000204886016,0,,14156036,,,,,,,,0,,,,,,40583,,,,,,,,,,,,,,,,,,,,,,,,,,,,,,27,,,,,,12,,,,,,,,,,,,,,,,,,,,,,,,,,,,
2013-12-11,PL1321LAG36GSH,Hitachi HDS5C4040ALE630,4000787030016,0,,0,,,,,,,,0,,,,,,2981,,,,,,,,,,,,,,,,,,,,,,,,,,,,,,23,,,,,,0,,,,,,,,,,,,,,,,,,,,,,,,,,,,
2013-12-11,W1F0AYM5,ST3000DM001,3000592982016,0,,159459008,,,,,,,,0,,,,,,8550,,,,,,,,,,,,,,,,,,,,,,,,,,,,,,24,,,,,,0,,,,,,,,,,,,,,,,,,,,,,,,,,,,
2013-12-11,PL1311LAG2E70H,Hitachi HDS5C4040ALE630,4000787030016,0,,0,,,,,,,,0,,,,,,6075,,,,,,,,,,,,,,,,,,,,,,,,,,,,,,18,,,,,,0,,,,,,,,,,,,,,,,,,,,,,,,,,,,
2013-12-11,S1F0PF5Q,ST3000DM001,3000592982016,0,,227727208,,,,,,,,0,,,,,,11690,,,,,,,,,,,,,,,,,,,,,,,,,,,,,,26,,,,,,0,,,,,,,,,,,,,,,,,,,,,,,,,,,,
2013-12-11,JK1101B9JNEMYR,Hitachi HDS722020ALA330,2000398934016,0,,1,,,,,,,,0,,,,,,23512,,,,,,,,,,,,,,,,,,,,,,,,,,,,,,28,,,,,,0,,,,,,,,,,,,,,,,,,,,,,,,,,,,
2013-12-11,MJ0351YNG9YMWA,Hitachi HDS5C3030ALA630,3000592982016,0,,0,,,,,,,,0,,,,,,9773,,,,,,,,,,,,,,,,,,,,,,,,,,,,,,29,,,,,,0,,,,,,,,,,,,,,,,,,,,,,,,,,,,
2013-12-11,PK1331PAJ3669S,HGST HDS724040ALE640,4000787030016,0,,0,,,,,,,,0,,,,,,2026,,,,,,,,,,,,,,,,,,,,,,,,,,,,,,27,,,,,,0,,,,,,,,,,,,,,,,,,,,,,,,,,,,
2013-12-11,JK1101B9KMYNNF,Hitachi HDS722020ALA330,2000398934016,0,,0,,,,,,,,0,,,,,,22862,,,,,,,,,,,,,,,,,,,,,,,,,,,,,,28,,,,,,0,,,,,,,,,,,,,,,,,,,,,,,,,,,,
2013-12-11,MJ1311YNG0RXGA,Hitachi HDS5C3030ALA630,3000592982016,0,,0,,,,,,,,0,,,,,,20498,,,,,,,,,,,,,,,,,,,,,,,,,,,,,,29,,,,,,0,,,,,,,,,,,,,,,,,,,,,,,,,,,,
2013-12-11,Z1F0E2J2,ST3000DM001,3000592982016,0,,177369408,,,,,,,,0,,,,,,11754,,,,,,,,,,,,,,,,,,,,,,,,,,,,,,24,,,,,,0,,,,,,,,,,,,,,,,,,,,,,,,,,,,
2013-12-11,MJ1311YNG32JDA,Hitachi HDS5C3030ALA630,3000592982016,0,,0,,,,,,,,0,,,,,,18200,,,,,,,,,,,,,,,,,,,,,,,,,,,,,,30,,,,,,0,,,,,,,,,,,,,,,,,,,,,,,,,,,,
2013-12-11,MK0311YHGDX3XA,Hitachi HDS723030ALA640,3000592982016,0,,0,,,,,,,,0,,,,,,21462,,,,,,,,,,,,,,,,,,,,,,,,,,,,,,33,,,,,,0,,,,,,,,,,,,,,,,,,,,,,,,,,,,
2013-12-11,MJ0351YNGAA88A,Hitachi HDS5C3030ALA630,3000592982016,0,,0,,,,,,,,0,,,,,,8619,,,,,,,,,,,,,,,,,,,,,,,,,,,,,,33,,,,,,0,,,,,,,,,,,,,,,,,,,,,,,,,,,,
2013-12-11,MJ1311YNG27JSA,Hitachi HDS5C3030ALA630,3000592982016,0,,851968,,,,,,,,0,,,,,,18364,,,,,,,,,,,,,,,,,,,,,,,,,,,,,,29,,,,,,0,,,,,,,,,,,,,,,,,,,,,,,,,,,,
2013-12-11,Z300GPS8,ST4000DM000,4000787030016,0,,95720136,,,,,,,,0,,,,,,3346,,,,,,,,,,,,,,,,,,,,,,,,,,,,,,18,,,,,,0,,,,,,,,,,,,,,,,,,,,,,,,,,,,
2013-12-11,Z300CN8S,ST4000DM000,4000787030016,0,,123967144,,,,,,,,0,,,,,,2246,,,,,,,,,,,,,,,,,,,,,,,,,,,,,,24,,,,,,0,,,,,,,,,,,,,,,,,,,,,,,,,,,,
2013-12-11,WD-WCAWZ1238158,WDC WD30EZRX,3000592982016,0,,2,,,,,,,,0,,,,,,17996,,,,,,,,,,,,,,,,,,,,,,,,,,,,,,25,,,,,,0,,,,,,,,,,,,,,,,,,,,,,,,,,,,
2013-12-11,WD-WCC070196980,WDC WD30EZRX,3000592982016,0,,0,,,,,,,,0,,,,,,8610,,,,,,,,,,,,,,,,,,,,,,,,,,,,,,26,,,,,,30,,,,,,,,,,,,,,,,,,,,,,,,,,,,
2013-12-11,JK11A8B9J7XARF,Hitachi HDS722020ALA330,2000398934016,0,,1,,,,,,,,0,,,,,,24545,,,,,,,,,,,,,,,,,,,,,,,,,,,,,,25,,,,,,0,,,,,,,,,,,,,,,,,,,,,,,,,,,,
2013-12-11,PL1321LAGAZLHH,Hitachi HDS5C4040ALE630,4000787030016,0,,0,,,,,,,,0,,,,,,5429,,,,,,,,,,,,,,,,,,,,,,,,,,,,,,23,,,,,,0,,,,,,,,,,,,,,,,,,,,,,,,,,,,
2013-12-11,PL2321LAGAS4TJ,Hitachi HDS5C4040ALE630,4000787030016,0,,0,,,,,,,,0,,,,,,5076,,,,,,,,,,,,,,,,,,,,,,,,,,,,,,24,,,,,,0,,,,,,,,,,,,,,,,,,,,,,,,,,,,
2013-12-11,JK11A8B9J83XLF,Hitachi HDS722020ALA330,2000398934016,0,,0,,,,,,,,0,,,,,,25125,,,,,,,,,,,,,,,,,,,,,,,,,,,,,,26,,,,,,0,,,,,,,,,,,,,,,,,,,,,,,,,,,,
2013-12-11,MJ1311YNG31JEA,Hitachi HDS5C3030ALA630,3000592982016,0,,0,,,,,,,,0,,,,,,18386,,,,,,,,,,,,,,,,,,,,,,,,,,,,,,24,,,,,,0,,,,,,,,,,,,,,,,,,,,,,,,,,,,
2013-12-11,S1F0RV5R,ST3000DM001,3000592982016,0,,193206560,,,,,,,,0,,,,,,10471,,,,,,,,,,,,,,,,,,,,,,,,,,,,,,27,,,,,,0,,,,,,,,,,,,,,,,,,,,,,,,,,,,
2013-12-11,JK11A8B9J1G7DF,Hitachi HDS722020ALA330,2000398934016,0,,1,,,,,,,,0,,,,,,24914,,,,,,,,,,,,,,,,,,,,,,,,,,,,,,31,,,,,,0,,,,,,,,,,,,,,,,,,,,,,,,,,,,
2013-12-11,PL1311LAG3E6BH,Hitachi HDS5C4040ALE630,4000787030016,0,,0,,,,,,,,0,,,,,,6993,,,,,,,,,,,,,,,,,,,,,,,,,,,,,,25,,,,,,0,,,,,,,,,,,,,,,,,,,,,,,,,,,,
2013-12-11,W1F1CDRE,ST3000DM001,3000592982016,0,,239324208,,,,,,,,0,,,,,,7992,,,,,,,,,,,,,,,,,,,,,,,,,,,,,,19,,,,,,0,,,,,,,,,,,,,,,,,,,,,,,,,,,,
2013-12-11,Z1F0TM73,ST3000DM001,3000592982016,0,,19963352,,,,,,,,0,,,,,,4543,,,,,,,,,,,,,,,,,,,,,,,,,,,,,,24,,,,,,0,,,,,,,,,,,,,,,,,,,,,,,,,,,,
2013-12-11,MK0331YHGEKBEA,Hitachi HDS723030ALA640,3000592982016,0,,0,,,,,,,,0,,,,,,17356,,,,,,,,,,,,,,,,,,,,,,,,,,,,,,19,,,,,,0,,,,,,,,,,,,,,,,,,,,,,,,,,,,
2013-12-11,W300D667,ST4000DM000,4000787030016,0,,9608648,,,,,,,,0,,,,,,2222,,,,,,,,,,,,,,,,,,,,,,,,,,,,,,23,,,,,,0,,,,,,,,,,,,,,,,,,,,,,,,,,,,
2013-12-11,Z300NMBW,ST4000DM000,4000787030016,0,,40518608,,,,,,,,0,,,,,,1093,,,,,,,,,,,,,,,,,,,,,,,,,,,,,,29,,,,,,0,,,,,,,,,,,,,,,,,,,,,,,,,,,,
2013-12-11,MJ0351YNGA2EYA,Hitachi HDS5C3030ALA630,3000592982016,0,,0,,,,,,,,0,,,,,,9899,,,,,,,,,,,,,,,,,,,,,,,,,,,,,,30,,,,,,0,,,,,,,,,,,,,,,,,,,,,,,,,,,,
2013-12-11,S1F11SJN,ST3000DM001,3000592982016,0,,60184744,,,,,,,,0,,,,,,8178,,,,,,,,,,,,,,,,,,,,,,,,,,,,,,25,,,,,,0,,,,,,,,,,,,,,,,,,,,,,,,,,,,
2013-12-11,6XW0VHNX,ST31500541AS,1500301910016,0,,85173286,,,,,,,,727,,,,,,33855,,,,,,,,,,,,,,,,,,,,,,,,,,,,,,20,,,,,,3,,,,,,,,,,,,,,,,,,,,,,,,,,,,
2013-12-11,JK1101B9KN4KTF,Hitachi HDS722020ALA330,2000398934016,0,,0,,,,,,,,0,,,,,,23075,,,,,,,,,,,,,,,,,,,,,,,,,,,,,,30,,,,,,0,,,,,,,,,,,,,,,,,,,,,,,,,,,,
2013-12-11,MJ1311YNG7ANZA,Hitachi HDS5C3030ALA630,3000592982016,0,,0,,,,,,,,0,,,,,,14291,,,,,,,,,,,,,,,,,,,,,,,,,,,,,,31,,,,,,0,,,,,,,,,,,,,,,,,,,,,,,,,,,,
2013-12-11,W300AZSC,ST4000DM000,4000787030016,0,,40590208,,,,,,,,0,,,,,,4047,,,,,,,,,,,,,,,,,,,,,,,,,,,,,,20,,,,,,0,,,,,,,,,,,,,,,,,,,,,,,,,,,,
2013-12-11,Z1F0RHMW,ST3000DM001,3000592982016,0,,94747376,,,,,,,,0,,,,,,3869,,,,,,,,,,,,,,,,,,,,,,,,,,,,,,25,,,,,,0,,,,,,,,,,,,,,,,,,,,,,,,,,,,
2013-12-11,MJ0351YNGA0G7A,Hitachi HDS5C3030ALA630,3000592982016,0,,0,,,,,,,,0,,,,,,8547,,,,,,,,,,,,,,,,,,,,,,,,,,,,,,25,,,,,,0,,,,,,,,,,,,,,,,,,,,,,,,,,,,
2013-12-11,MJ1321YNG0BJEA,Hitachi HDS5C3030ALA630,3000592982016,0,,0,,,,,,,,0,,,,,,18596,,,,,,,,,,,,,,,,,,,,,,,,,,,,,,22,,,,,,0,,,,,,,,,,,,,,,,,,,,,,,,,,,,
2013-12-11,JK11A8B9J3N5HF,Hitachi HDS722020ALA330,2000398934016,0,,0,,,,,,,,0,,,,,,23125,,,,,,,,,,,,,,,,,,,,,,,,,,,,,,27,,,,,,0,,,,,,,,,,,,,,,,,,,,,,,,,,,,
2013-12-11,MK0311YHGL3L3A,Hitachi HDS723030ALA640,3000592982016,0,,1,,,,,,,,0,,,,,,21459,,,,,,,,,,,,,,,,,,,,,,,,,,,,,,28,,,,,,0,,,,,,,,,,,,,,,,,,,,,,,,,,,,
2013-12-11,MJ1311YNG12PMA,Hitachi HDS5C3030ALA630,3000592982016,0,,0,,,,,,,,0,,,,,,20732,,,,,,,,,,,,,,,,,,,,,,,,,,,,,,23,,,,,,0,,,,,,,,,,,,,,,,,,,,,,,,,,,,
2013-12-11,S1F04DG9,ST3000DM001,3000592982016,0,,5623840,,,,,,,,0,,,,,,16152,,,,,,,,,,,,,,,,,,,,,,,,,,,,,,22,,,,,,0,,,,,,,,,,,,,,,,,,,,,,,,,,,,
2013-12-11,9XK0A1A3,ST33000651AS,3000592982016,0,,173415895,,,,,,,,0,,,,,,16483,,,,,,,,,,,,,,,,,,,,,,,,,,,,,,30,,,,,,0,,,,,,,,,,,,,,,,,,,,,,,,,,,,
2013-12-11,S1F116J4,ST3000DM001,3000592982016,0,,199582448,,,,,,,,0,,,,,,8208,,,,,,,,,,,,,,,,,,,,,,,,,,,,,,28,,,,,,0,,,,,,,,,,,,,,,,,,,,,,,,,,,,
2013-12-11,MK0301YHGKVMDA,Hitachi HDS723030ALA640,3000592982016,0,,0,,,,,,,,0,,,,,,16679,,,,,,,,,,,,,,,,,,,,,,,,,,,,,,27,,,,,,0,,,,,,,,,,,,,,,,,,,,,,,,,,,,
2013-12-11,Z300P849,ST4000DM000,4000787030016,0,,86370664,,,,,,,,0,,,,,,1114,,,,,,,,,,,,,,,,,,,,,,,,,,,,,,29,,,,,,0,,,,,,,,,,,,,,,,,,,,,,,,,,,,
2013-12-11,JK11A8B9J7DZ5F,Hitachi HDS722020ALA330,2000398934016,0,,8,,,,,,,,0,,,,,,24544,,,,,,,,,,,,,,,,,,,,,,,,,,,,,,29,,,,,,0,,,,,,,,,,,,,,,,,,,,,,,,,,,,
2013-12-11,JK1101B9JP3XRF,Hitachi HDS722020ALA330,2000398934016,0,,0,,,,,,,,0,,,,,,23990,,,,,,,,,,,,,,,,,,,,,,,,,,,,,,23,,,,,,0,,,,,,,,,,,,,,,,,,,,,,,,,,,,
2013-12-11,W300KKVL,ST4000DM000,4000787030016,0,,169739144,,,,,,,,0,,,,,,885,,,,,,,,,,,,,,,,,,,,,,,,,,,,,,22,,,,,,0,,,,,,,,,,,,,,,,,,,,,,,,,,,,
2013-12-11,5YD3RPG8,ST1500DL003,1500301910016,0,,4231656,,,,,,,,0,,,,,,13422,,,,,,,,,,,,,,,,,,,,,,,,,,,,,,26,,,,,,0,,,,,,,,,,,,,,,,,,,,,,,,,,,,
2013-12-11,MJ1323YNG1N5EC,Hitachi HDS5C3030ALA630,3000592982016,0,,0,,,,,,,,0,,,,,,19773,,,,,,,,,,,,,,,,,,,,,,,,,,,,,,24,,,,,,0,,,,,,,,,,,,,,,,,,,,,,,,,,,,
2013-12-11,S1F0A7X4,ST3000DM001,3000592982016,0,,191004632,,,,,,,,0,,,,,,12420,,,,,,,,,,,,,,,,,,,,,,,,,,,,,,35,,,,,,0,,,,,,,,,,,,,,,,,,,,,,,,,,,,
2013-12-11,W1F0Z62A,ST3000DM001,3000592982016,0,,167703608,,,,,,,,0,,,,,,10835,,,,,,,,,,,,,,,,,,,,,,,,,,,,,,30,,,,,,0,,,,,,,,,,,,,,,,,,,,,,,,,,,,
2013-12-11,Z300MQDD,ST4000DM000,4000787030016,0,,7459376,,,,,,,,0,,,,,,2899,,,,,,,,,,,,,,,,,,,,,,,,,,,,,,22,,,,,,0,,,,,,,,,,,,,,,,,,,,,,,,,,,,
2013-12-11,W300KKVW,ST4000DM000,4000787030016,0,,7181032,,,,,,,,0,,,,,,772,,,,,,,,,,,,,,,,,,,,,,,,,,,,,,23,,,,,,0,,,,,,,,,,,,,,,,,,,,,,,,,,,,
2013-12-11,MJ1311YNG3EEAA,Hitachi HDS5C3030ALA630,3000592982016,0,,0,,,,,,,,0,,,,,,19310,,,,,,,,,,,,,,,,,,,,,,,,,,,,,,25,,,,,,0,,,,,,,,,,,,,,,,,,,,,,,,,,,,
2013-12-11,MJ1321YNG0DDNA,Hitachi HDS5C3030ALA630,3000592982016,0,,0,,,,,,,,0,,,,,,20731,,,,,,,,,,,,,,,,,,,,,,,,,,,,,,31,,,,,,0,,,,,,,,,,,,,,,,,,,,,,,,,,,,
2013-12-11,MJ1321YNG13HTA,Hitachi HDS5C3030ALA630,3000592982016,0,,0,,,,,,,,0,,,,,,19801,,,,,,,,,,,,,,,,,,,,,,,,,,,,,,26,,,,,,0,,,,,,,,,,,,,,,,,,,,,,,,,,,,
2013-12-11,6XW05ZBR,ST31500541AS,1500301910016,0,,193344948,,,,,,,,0,,,,,,37067,,,,,,,,,,,,,,,,,,,,,,,,,,,,,,25,,,,,,0,,,,,,,,,,,,,,,,,,,,,,,,,,,,
2013-12-11,MJ1311YNG7K0KA,Hitachi HDS5C3030ALA630,3000592982016,0,,0,,,,,,,,0,,,,,,14681,,,,,,,,,,,,,,,,,,,,,,,,,,,,,,27,,,,,,0,,,,,,,,,,,,,,,,,,,,,,,,,,,,
2013-12-11,PL1311LAG2HVKH,Hitachi HDS5C4040ALE630,4000787030016,0,,0,,,,,,,,0,,,,,,5037,,,,,,,,,,,,,,,,,,,,,,,,,,,,,,28,,,,,,0,,,,,,,,,,,,,,,,,,,,,,,,,,,,
2013-12-11,PL1311LAG3G8XH,Hitachi HDS5C4040ALE630,4000787030016,0,,0,,,,,,,,0,,,,,,5304,,,,,,,,,,,,,,,,,,,,,,,,,,,,,,25,,,,,,0,,,,,,,,,,,,,,,,,,,,,,,,,,,,
2013-12-11,Z1F0LV8X,ST3000DM001,3000592982016,0,,196201840,,,,,,,,0,,,,,,12025,,,,,,,,,,,,,,,,,,,,,,,,,,,,,,30,,,,,,0,,,,,,,,,,,,,,,,,,,,,,,,,,,,
2013-12-11,W1F0Q8FH,ST3000DM001,3000592982016,0,,234383768,,,,,,,,0,,,,,,7877,,,,,,,,,,,,,,,,,,,,,,,,,,,,,,25,,,,,,0,,,,,,,,,,,,,,,,,,,,,,,,,,,,
2013-12-11,JK1105B8GG4KWX,Hitachi HDS722020ALA330,2000398934016,0,,0,,,,,,,,1,,,,,,26764,,,,,,,,,,,,,,,,,,,,,,,,,,,,,,28,,,,,,0,,,,,,,,,,,,,,,,,,,,,,,,,,,,
2013-12-11,JK1105B8GHJXSX,Hitachi HDS722020ALA330,2000398934016,0,,1,,,,,,,,0,,,,,,27213,,,,,,,,,,,,,,,,,,,,,,,,,,,,,,27,,,,,,0,,,,,,,,,,,,,,,,,,,,,,,,,,,,
2013-12-11,MJ0351YNGA3X6A,Hitachi HDS5C3030ALA630,3000592982016,0,,0,,,,,,,,0,,,,,,8093,,,,,,,,,,,,,,,,,,,,,,,,,,,,,,26,,,,,,0,,,,,,,,,,,,,,,,,,,,,,,,,,,,
2013-12-11,WD-WMC1T3155710,WDC WD30EFRX,3000592982016,0,,0,,,,,,,,0,,,,,,2332,,,,,,,,,,,,,,,,,,,,,,,,,,,,,,25,,,,,,0,,,,,,,,,,,,,,,,,,,,,,,,,,,,
2013-12-11,W1F09SH3,ST3000DM001,3000592982016,0,,232663296,,,,,,,,0,,,,,,14733,,,,,,,,,,,,,,,,,,,,,,,,,,,,,,27,,,,,,0,,,,,,,,,,,,,,,,,,,,,,,,,,,,
2013-12-11,Z300P84S,ST4000DM000,4000787030016,0,,88984496,,,,,,,,0,,,,,,1227,,,,,,,,,,,,,,,,,,,,,,,,,,,,,,18,,,,,,0,,,,,,,,,,,,,,,,,,,,,,,,,,,,
2013-12-11,S1F0A63R,ST3000DM001,3000592982016,0,,13162752,,,,,,,,0,,,,,,12357,,,,,,,,,,,,,,,,,,,,,,,,,,,,,,27,,,,,,0,,,,,,,,,,,,,,,,,,,,,,,,,,,,
2013-12-11,JK11A5B8J10HMX,Hitachi HDS722020ALA330,2000398934016,0,,0,,,,,,,,0,,,,,,23820,,,,,,,,,,,,,,,,,,,,,,,,,,,,,,27,,,,,,0,,,,,,,,,,,,,,,,,,,,,,,,,,,,
2013-12-11,WD-WCAU47213055,WDC WD10EADS,1000204886016,0,,26,,,,,,,,0,,,,,,40482,,,,,,,,,,,,,,,,,,,,,,,,,,,,,,30,,,,,,0,,,,,,,,,,,,,,,,,,,,,,,,,,,,
2013-12-11,JK1101B9GBWJ7F,Hitachi HDS722020ALA330,2000398934016,0,,0,,,,,,,,0,,,,,,27737,,,,,,,,,,,,,,,,,,,,,,,,,,,,,,20,,,,,,0,,,,,,,,,,,,,,,,,,,,,,,,,,,,
2013-12-11,W300KKV7,ST4000DM000,4000787030016,0,,154452840,,,,,,,,0,,,,,,957,,,,,,,,,,,,,,,,,,,,,,,,,,,,,,20,,,,,,0,,,,,,,,,,,,,,,,,,,,,,,,,,,,
2013-12-11,W1F099C0,ST3000DM001,3000592982016,0,,29725760,,,,,,,,0,,,,,,13347,,,,,,,,,,,,,,,,,,,,,,,,,,,,,,26,,,,,,0,,,,,,,,,,,,,,,,,,,,,,,,,,,,
2013-12-11,MJ1323YNG1ULGC,Hitachi HDS5C3030ALA630,3000592982016,0,,0,,,,,,,,0,,,,,,19773,,,,,,,,,,,,,,,,,,,,,,,,,,,,,,25,,,,,,0,,,,,,,,,,,,,,,,,,,,,,,,,,,,
2013-12-11,W300K14C,ST4000DM000,4000787030016,0,,113582720,,,,,,,,0,,,,,,948,,,,,,,,,,,,,,,,,,,,,,,,,,,,,,18,,,,,,0,,,,,,,,,,,,,,,,,,,,,,,,,,,,
2013-12-11,MJ0351YNG9UNSA,Hitachi HDS5C3030ALA630,3000592982016,0,,0,,,,,,,,0,,,,,,9469,,,,,,,,,,,,,,,,,,,,,,,,,,,,,,27,,,,,,0,,,,,,,,,,,,,,,,,,,,,,,,,,,,
2013-12-11,MJ0351YNG9TP2A,Hitachi HDS5C3030ALA630,3000592982016,0,,0,,,,,,,,0,,,,,,9938,,,,,,,,,,,,,,,,,,,,,,,,,,,,,,26,,,,,,0,,,,,,,,,,,,,,,,,,,,,,,,,,,,
2013-12-11,W300K14V,ST4000DM000,4000787030016,0,,148901648,,,,,,,,0,,,,,,815,,,,,,,,,,,,,,,,,,,,,,,,,,,,,,19,,,,,,0,,,,,,,,,,,,,,,,,,,,,,,,,,,,
2013-12-11,S1F01NQ5,ST3000DM001,3000592982016,0,,63907736,,,,,,,,0,,,,,,15580,,,,,,,,,,,,,,,,,,,,,,,,,,,,,,22,,,,,,0,,,,,,,,,,,,,,,,,,,,,,,,,,,,
2013-12-11,PL1311LAG31JSH,Hitachi HDS5C4040ALE630,4000787030016,0,,0,,,,,,,,0,,,,,,5125,,,,,,,,,,,,,,,,,,,,,,,,,,,,,,28,,,,,,0,,,,,,,,,,,,,,,,,,,,,,,,,,,,
2013-12-11,PL1311LAG34MRH,Hitachi HDS5C4040ALE630,4000787030016,0,,0,,,,,,,,0,,,,,,6071,,,,,,,,,,,,,,,,,,,,,,,,,,,,,,18,,,,,,0,,,,,,,,,,,,,,,,,,,,,,,,,,,,
2013-12-11,9VS1H7GA,ST31500341AS,1500301910016,0,,79772115,,,,,,,,8,,,,,,40081,,,,,,,,,,,,,,,,,,,,,,,,,,,,,,27,,,,,,0,,,,,,,,,,,,,,,,,,,,,,,,,,,,
2013-12-11,MJ1311YNG7ESLA,Hitachi HDS5C3030ALA630,3000592982016,0,,0,,,,,,,,0,,,,,,14621,,,,,,,,,,,,,,,,,,,,,,,,,,,,,,23,,,,,,0,,,,,,,,,,,,,,,,,,,,,,,,,,,,
2013-12-11,S1F03XH1,ST3000DM001,3000592982016,0,,147779248,,,,,,,,0,,,,,,14237,,,,,,,,,,,,,,,,,,,,,,,,,,,,,,21,,,,,,0,,,,,,,,,,,,,,,,,,,,,,,,,,,,
2013-12-11,6XW03YGA,ST32000542AS,2000398934016,0,,188555401,,,,,,,,0,,,,,,25090,,,,,,,,,,,,,,,,,,,,,,,,,,,,,,22,,,,,,0,,,,,,,,,,,,,,,,,,,,,,,,,,,,
2013-12-11,Z300E4CC,ST4000DM000,4000787030016,0,,44155088,,,,,,,,0,,,,,,2857,,,,,,,,,,,,,,,,,,,,,,,,,,,,,,23,,,,,,0,,,,,,,,,,,,,,,,,,,,,,,,,,,,
2013-12-11,JK11A8B9J360KF,Hitachi HDS722020ALA330,2000398934016,0,,0,,,,,,,,0,,,,,,23543,,,,,,,,,,,,,,,,,,,,,,,,,,,,,,35,,,,,,0,,,,,,,,,,,,,,,,,,,,,,,,,,,,
2013-12-11,5YD96SR2,ST1500DL003,1500301910016,0,,507584,,,,,,,,0,,,,,,9057,,,,,,,,,,,,,,,,,,,,,,,,,,,,,,18,,,,,,0,,,,,,,,,,,,,,,,,,,,,,,,,,,,
2013-12-11,MJ1311YNG3D0PA,Hitachi HDS5C3030ALA630,3000592982016,0,,0,,,,,,,,0,,,,,,19587,,,,,,,,,,,,,,,,,,,,,,,,,,,,,,29,,,,,,0,,,,,,,,,,,,,,,,,,,,,,,,,,,,
2013-12-11,JK11A4B8J57BWW,Hitachi HDS722020ALA330,2000398934016,0,,0,,,,,,,,0,,,,,,26025,,,,,,,,,,,,,,,,,,,,,,,,,,,,,,24,,,,,,0,,,,,,,,,,,,,,,,,,,,,,,,,,,,
2013-12-11,MJ1311YNG7EPZA,Hitachi HDS5C3030ALA630,3000592982016,0,,0,,,,,,,,0,,,,,,14598,,,,,,,,,,,,,,,,,,,,,,,,,,,,,,27,,,,,,0,,,,,,,,,,,,,,,,,,,,,,,,,,,,
2013-12-11,MJ0351YNGA285A,Hitachi HDS5C3030ALA630,3000592982016,0,,0,,,,,,,,0,,,,,,9939,,,,,,,,,,,,,,,,,,,,,,,,,,,,,,25,,,,,,0,,,,,,,,,,,,,,,,,,,,,,,,,,,,
2013-12-11,MJ1321YNG0VA3A,Hitachi HDS5C3030ALA630,3000592982016,0,,1,,,,,,,,0,,,,,,18595,,,,,,,,,,,,,,,,,,,,,,,,,,,,,,24,,,,,,0,,,,,,,,,,,,,,,,,,,,,,,,,,,,
2013-12-11,MS79215X099J9A,Hitachi HDS723030BLE640,3000592982016,0,,0,,,,,,,,0,,,,,,6612,,,,,,,,,,,,,,,,,,,,,,,,,,,,,,26,,,,,,0,,,,,,,,,,,,,,,,,,,,,,,,,,,,
2013-12-11,MJ0351YNG9Z7TA,Hitachi HDS5C3030ALA630,3000592982016,0,,0,,,,,,,,0,,,,,,9974,,,,,,,,,,,,,,,,,,,,,,,,,,,,,,29,,,,,,0,,,,,,,,,,,,,,,,,,,,,,,,,,,,
2013-12-11,9XW07RZD,ST32000542AS,2000398934016,0,,144933644,,,,,,,,0,,,,,,31465,,,,,,,,,,,,,,,,,,,,,,,,,,,,,,23,,,,,,0,,,,,,,,,,,,,,,,,,,,,,,,,,,,
2013-12-11,WD-WCAU47739146,WDC WD10EADS,1000204886016,0,,0,,,,,,,,0,,,,,,40524,,,,,,,,,,,,,,,,,,,,,,,,,,,,,,22,,,,,,0,,,,,,,,,,,,,,,,,,,,,,,,,,,,
2013-12-11,JK1101YAJJGX3Z,Hitachi HDS722020ALA330,2000398934016,0,,0,,,,,,,,0,,,,,,27169,,,,,,,,,,,,,,,,,,,,,,,,,,,,,,27,,,,,,0,,,,,,,,,,,,,,,,,,,,,,,,,,,,
2013-12-11,MJ0351YNGA8P1A,Hitachi HDS5C3030ALA630,3000592982016,0,,0,,,,,,,,0,,,,,,8612,,,,,,,,,,,,,,,,,,,,,,,,,,,,,,32,,,,,,0,,,,,,,,,,,,,,,,,,,,,,,,,,,,
2013-12-11,PL1311LAG1ZK4A,Hitachi HDS5C4040ALE630,4000787030016,0,,0,,,,,,,,0,,,,,,7459,,,,,,,,,,,,,,,,,,,,,,,,,,,,,,24,,,,,,0,,,,,,,,,,,,,,,,,,,,,,,,,,,,
2013-12-11,W300K148,ST4000DM000,4000787030016,0,,189297496,,,,,,,,0,,,,,,919,,,,,,,,,,,,,,,,,,,,,,,,,,,,,,20,,,,,,0,,,,,,,,,,,,,,,,,,,,,,,,,,,,
2013-12-11,JK11A8B9J3V5EF,Hitachi HDS722020ALA330,2000398934016,0,,0,,,,,,,,0,,,,,,23319,,,,,,,,,,,,,,,,,,,,,,,,,,,,,,29,,,,,,0,,,,,,,,,,,,,,,,,,,,,,,,,,,,
2013-12-11,6XW14Z42,ST31500541AS,1500301910016,0,,92408812,,,,,,,,11,,,,,,19800,,,,,,,,,,,,,,,,,,,,,,,,,,,,,,21,,,,,,0,,,,,,,,,,,,,,,,,,,,,,,,,,,,
2013-12-11,6XW038YT,ST31500541AS,1500301910016,0,,170756683,,,,,,,,0,,,,,,37288,,,,,,,,,,,,,,,,,,,,,,,,,,,,,,23,,,,,,0,,,,,,,,,,,,,,,,,,,,,,,,,,,,
2013-12-11,MJ0351YNG9UT9A,Hitachi HDS5C3030ALA630,3000592982016,0,,0,,,,,,,,0,,,,,,7612,,,,,,,,,,,,,,,,,,,,,,,,,,,,,,21,,,,,,0,,,,,,,,,,,,,,,,,,,,,,,,,,,,
2013-12-11,Z300CMGB,ST4000DM000,4000787030016,0,,40218344,,,,,,,,0,,,,,,2245,,,,,,,,,,,,,,,,,,,,,,,,,,,,,,23,,,,,,0,,,,,,,,,,,,,,,,,,,,,,,,,,,,
2013-12-11,MJ1311YNG7ETUA,Hitachi HDS5C3030ALA630,3000592982016,0,,0,,,,,,,,0,,,,,,14310,,,,,,,,,,,,,,,,,,,,,,,,,,,,,,22,,,,,,0,,,,,,,,,,,,,,,,,,,,,,,,,,,,
2013-12-11,MK0301YHGMJ90D,Hitachi HDS723030ALA640,3000592982016,0,,0,,,,,,,,0,,,,,,17010,,,,,,,,,,,,,,,,,,,,,,,,,,,,,,31,,,,,,0,,,,,,,,,,,,,,,,,,,,,,,,,,,,
2013-12-11,JK1105B8GGA36X,Hitachi HDS722020ALA330,2000398934016,0,,1,,,,,,,,0,,,,,,27170,,,,,,,,,,,,,,,,,,,,,,,,,,,,,,25,,,,,,0,,,,,,,,,,,,,,,,,,,,,,,,,,,,
2013-12-11,JK11A8B9J4JB9F,Hitachi HDS722020ALA330,2000398934016,0,,0,,,,,,,,0,,,,,,25541,,,,,,,,,,,,,,,,,,,,,,,,,,,,,,30,,,,,,0,,,,,,,,,,,,,,,,,,,,,,,,,,,,
2013-12-11,W1F0X7PN,ST3000DM001,3000592982016,0,,83536856,,,,,,,,0,,,,,,10397,,,,,,,,,,,,,,,,,,,,,,,,,,,,,,27,,,,,,0,,,,,,,,,,,,,,,,,,,,,,,,,,,,
2013-12-11,Z3000ZV3,ST4000DM000,4000787030016,0,,136897408,,,,,,,,0,,,,,,445,,,,,,,,,,,,,,,,,,,,,,,,,,,,,,18,,,,,,0,,,,,,,,,,,,,,,,,,,,,,,,,,,,
2013-12-11,W1F0X7PR,ST3000DM001,3000592982016,0,,19427712,,,,,,,,0,,,,,,11611,,,,,,,,,,,,,,,,,,,,,,,,,,,,,,31,,,,,,0,,,,,,,,,,,,,,,,,,,,,,,,,,,,
2013-12-11,Z300KFE0,ST4000DM000,4000787030016,0,,167756520,,,,,,,,0,,,,,,105,,,,,,,,,,,,,,,,,,,,,,,,,,,,,,23,,,,,,0,,,,,,,,,,,,,,,,,,,,,,,,,,,,
2013-12-11,W1F0X7PY,ST3000DM001,3000592982016,0,,81272056,,,,,,,,0,,,,,,11639,,,,,,,,,,,,,,,,,,,,,,,,,,,,,,24,,,,,,0,,,,,,,,,,,,,,,,,,,,,,,,,,,,
2013-12-11,Z300DZS1,ST4000DM000,4000787030016,0,,182524408,,,,,,,,0,,,,,,2216,,,,,,,,,,,,,,,,,,,,,,,,,,,,,,18,,,,,,0,,,,,,,,,,,,,,,,,,,,,,,,,,,,
2013-12-11,5XW020EB,ST31500541AS,1500301910016,0,,5633564,,,,,,,,0,,,,,,34745,,,,,,,,,,,,,,,,,,,,,,,,,,,,,,20,,,,,,0,,,,,,,,,,,,,,,,,,,,,,,,,,,,
2013-12-11,Z300JAKL,ST4000DM000,4000787030016,0,,7078736,,,,,,,,0,,,,,,2218,,,,,,,,,,,,,,,,,,,,,,,,,,,,,,21,,,,,,0,,,,,,,,,,,,,,,,,,,,,,,,,,,,
2013-12-11,JK1101B9GE1SUF,Hitachi HDS722020ALA330,2000398934016,0,,0,,,,,,,,0,,,,,,27487,,,,,,,,,,,,,,,,,,,,,,,,,,,,,,23,,,,,,0,,,,,,,,,,,,,,,,,,,,,,,,,,,,
2013-12-11,MJ1323YNG1SKVC,Hitachi HDS5C3030ALA630,3000592982016,0,,327754,,,,,,,,0,,,,,,19731,,,,,,,,,,,,,,,,,,,,,,,,,,,,,,22,,,,,,0,,,,,,,,,,,,,,,,,,,,,,,,,,,,
2013-12-11,W1F0X7P2,ST3000DM001,3000592982016,0,,180229184,,,,,,,,0,,,,,,11638,,,,,,,,,,,,,,,,,,,,,,,,,,,,,,26,,,,,,0,,,,,,,,,,,,,,,,,,,,,,,,,,,,
2013-12-11,MJ1311YNG7LMWA,Hitachi HDS5C3030ALA630,3000592982016,0,,0,,,,,,,,0,,,,,,14291,,,,,,,,,,,,,,,,,,,,,,,,,,,,,,28,,,,,,0,,,,,,,,,,,,,,,,,,,,,,,,,,,,
2013-12-11,PL1311LAG28XNH,Hitachi HDS5C4040ALE630,4000787030016,0,,0,,,,,,,,0,,,,,,7404,,,,,,,,,,,,,,,,,,,,,,,,,,,,,,25,,,,,,0,,,,,,,,,,,,,,,,,,,,,,,,,,,,
2013-12-11,MJ1311YNG7LVMA,Hitachi HDS5C3030ALA630,3000592982016,0,,0,,,,,,,,0,,,,,,14289,,,,,,,,,,,,,,,,,,,,,,,,,,,,,,29,,,,,,0,,,,,,,,,,,,,,,,,,,,,,,,,,,,
2013-12-11,JK11A8B9J80M8F,Hitachi HDS722020ALA330,2000398934016,0,,0,,,,,,,,9,,,,,,24912,,,,,,,,,,,,,,,,,,,,,,,,,,,,,,28,,,,,,0,,,,,,,,,,,,,,,,,,,,,,,,,,,,
2013-12-11,JK1105B8GGLD1X,Hitachi HDS722020ALA330,2000398934016,0,,0,,,,,,,,3,,,,,,27169,,,,,,,,,,,,,,,,,,,,,,,,,,,,,,24,,,,,,0,,,,,,,,,,,,,,,,,,,,,,,,,,,,
2013-12-11,MJ1311YNG7J0WA,Hitachi HDS5C3030ALA630,3000592982016,0,,8061102,,,,,,,,0,,,,,,14310,,,,,,,,,,,,,,,,,,,,,,,,,,,,,,21,,,,,,4,,,,,,,,,,,,,,,,,,,,,,,,,,,,
2013-12-11,MJ1311YNG7LPYA,Hitachi HDS5C3030ALA630,3000592982016,0,,0,,,,,,,,0,,,,,,14291,,,,,,,,,,,,,,,,,,,,,,,,,,,,,,30,,,,,,0,,,,,,,,,,,,,,,,,,,,,,,,,,,,
2013-12-11,6XW038Y2,ST31500541AS,1500301910016,0,,112115169,,,,,,,,41,,,,,,36062,,,,,,,,,,,,,,,,,,,,,,,,,,,,,,20,,,,,,0,,,,,,,,,,,,,,,,,,,,,,,,,,,,
2013-12-11,MK0331YHGM6NGA,Hitachi HDS723030ALA640,3000592982016,0,,0,,,,,,,,0,,,,,,17030,,,,,,,,,,,,,,,,,,,,,,,,,,,,,,31,,,,,,0,,,,,,,,,,,,,,,,,,,,,,,,,,,,
2013-12-11,JK1171YAK1ZLJN,Hitachi HDS722020ALA330,2000398934016,0,,65538,,,,,,,,1,,,,,,29019,,,,,,,,,,,,,,,,,,,,,,,,,,,,,,24,,,,,,0,,,,,,,,,,,,,,,,,,,,,,,,,,,,
2013-12-11,Z290JZ2K,ST33000651AS,3000592982016,0,,91145127,,,,,,,,963,,,,,,17738,,,,,,,,,,,,,,,,,,,,,,,,,,,,,,25,,,,,,0,,,,,,,,,,,,,,,,,,,,,,,,,,,,
2013-12-11,6XW0AJG4,ST31500541AS,1500301910016,0,,218118016,,,,,,,,0,,,,,,31055,,,,,,,,,,,,,,,,,,,,,,,,,,,,,,21,,,,,,0,,,,,,,,,,,,,,,,,,,,,,,,,,,,
2013-12-11,JK11A8B9J66MTR,Hitachi HDS722020ALA330,2000398934016,0,,0,,,,,,,,0,,,,,,24914,,,,,,,,,,,,,,,,,,,,,,,,,,,,,,30,,,,,,0,,,,,,,,,,,,,,,,,,,,,,,,,,,,
2013-12-11,MJ1311YNG3MSSA,Hitachi HDS5C3030ALA630,3000592982016,0,,0,,,,,,,,0,,,,,,14685,,,,,,,,,,,,,,,,,,,,,,,,,,,,,,20,,,,,,0,,,,,,,,,,,,,,,,,,,,,,,,,,,,
2013-12-11,PL1321LAG34G2H,Hitachi HDS5C4040ALE630,4000787030016,0,,0,,,,,,,,0,,,,,,5961,,,,,,,,,,,,,,,,,,,,,,,,,,,,,,19,,,,,,0,,,,,,,,,,,,,,,,,,,,,,,,,,,,
2013-12-11,5XW0ECVC,ST31500541AS,1500301910016,0,,31373664,,,,,,,,0,,,,,,8897,,,,,,,,,,,,,,,,,,,,,,,,,,,,,,20,,,,,,0,,,,,,,,,,,,,,,,,,,,,,,,,,,,
2013-12-11,W300JG2J,ST4000DM000,4000787030016,0,,200159488,,,,,,,,0,,,,,,2224,,,,,,,,,,,,,,,,,,,,,,,,,,,,,,25,,,,,,0,,,,,,,,,,,,,,,,,,,,,,,,,,,,
2013-12-11,WD-WCAWZ1218479,WDC WD30EZRX,3000592982016,0,,0,,,,,,,,0,,,,,,15833,,,,,,,,,,,,,,,,,,,,,,,,,,,,,,23,,,,,,0,,,,,,,,,,,,,,,,,,,,,,,,,,,,
2013-12-11,W300FCED,ST4000DM000,4000787030016,0,,94532776,,,,,,,,0,,,,,,4353,,,,,,,,,,,,,,,,,,,,,,,,,,,,,,23,,,,,,0,,,,,,,,,,,,,,,,,,,,,,,,,,,,
2013-12-11,W300DZGK,ST4000DM000,4000787030016,0,,126710320,,,,,,,,0,,,,,,4160,,,,,,,,,,,,,,,,,,,,,,,,,,,,,,25,,,,,,0,,,,,,,,,,,,,,,,,,,,,,,,,,,,
2013-12-11,JK11A8B9J79YGF,Hitachi HDS722020ALA330,2000398934016,0,,0,,,,,,,,0,,,,,,24496,,,,,,,,,,,,,,,,,,,,,,,,,,,,,,29,,,,,,0,,,,,,,,,,,,,,,,,,,,,,,,,,,,
2013-12-11,WD-WCAU47738799,WDC WD10EADS,1000204886016,0,,1,,,,,,,,0,,,,,,40500,,,,,,,,,,,,,,,,,,,,,,,,,,,,,,30,,,,,,0,,,,,,,,,,,,,,,,,,,,,,,,,,,,
2013-12-11,Z300PK0H,ST4000DM000,4000787030016,0,,62773688,,,,,,,,0,,,,,,1225,,,,,,,,,,,,,,,,,,,,,,,,,,,,,,21,,,,,,0,,,,,,,,,,,,,,,,,,,,,,,,,,,,
2013-12-11,Z300PK0D,ST4000DM000,4000787030016,0,,150162392,,,,,,,,0,,,,,,1226,,,,,,,,,,,,,,,,,,,,,,,,,,,,,,23,,,,,,0,,,,,,,,,,,,,,,,,,,,,,,,,,,,
2013-12-11,JK11A4B8HZT1KW,Hitachi HDS722020ALA330,2000398934016,0,,0,,,,,,,,23,,,,,,25661,,,,,,,,,,,,,,,,,,,,,,,,,,,,,,27,,,,,,0,,,,,,,,,,,,,,,,,,,,,,,,,,,,
2013-12-11,WD-WCAWZ1161038,WDC WD30EZRX,3000592982016,0,,330,,,,,,,,0,,,,,,17989,,,,,,,,,,,,,,,,,,,,,,,,,,,,,,22,,,,,,13,,,,,,,,,,,,,,,,,,,,,,,,,,,,
2013-12-11,PL1311LAG281BH,Hitachi HDS5C4040ALE630,4000787030016,0,,0,,,,,,,,0,,,,,,6655,,,,,,,,,,,,,,,,,,,,,,,,,,,,,,18,,,,,,0,,,,,,,,,,,,,,,,,,,,,,,,,,,,
2013-12-11,Z300PK05,ST4000DM000,4000787030016,0,,74843248,,,,,,,,0,,,,,,1447,,,,,,,,,,,,,,,,,,,,,,,,,,,,,,28,,,,,,0,,,,,,,,,,,,,,,,,,,,,,,,,,,,
2013-12-11,PL1311LAG25BKA,Hitachi HDS5C4040ALE630,4000787030016,0,,0,,,,,,,,0,,,,,,7404,,,,,,,,,,,,,,,,,,,,,,,,,,,,,,26,,,,,,0,,,,,,,,,,,,,,,,,,,,,,,,,,,,
2013-12-11,6VS04W58,ST31500341AS,1500301910016,0,,171734801,,,,,,,,66,,,,,,18389,,,,,,,,,,,,,,,,,,,,,,,,,,,,,,21,,,,,,0,,,,,,,,,,,,,,,,,,,,,,,,,,,,
2013-12-11,S1F0S6ML,ST3000DM001,3000592982016,0,,237655336,,,,,,,,0,,,,,,10741,,,,,,,,,,,,,,,,,,,,,,,,,,,,,,28,,,,,,0,,,,,,,,,,,,,,,,,,,,,,,,,,,,
2013-12-11,MJ1311YNG3EHWA,Hitachi HDS5C3030ALA630,3000592982016,0,,0,,,,,,,,0,,,,,,18928,,,,,,,,,,,,,,,,,,,,,,,,,,,,,,28,,,,,,0,,,,,,,,,,,,,,,,,,,,,,,,,,,,
2013-12-11,JK11A4B8J6XZ7W,Hitachi HDS722020ALA330,2000398934016,0,,0,,,,,,,,0,,,,,,25122,,,,,,,,,,,,,,,,,,,,,,,,,,,,,,32,,,,,,0,,,,,,,,,,,,,,,,,,,,,,,,,,,,
2013-12-11,MJ1311YNG7LWAA,Hitachi HDS5C3030ALA630,3000592982016,0,,0,,,,,,,,0,,,,,,14310,,,,,,,,,,,,,,,,,,,,,,,,,,,,,,28,,,,,,0,,,,,,,,,,,,,,,,,,,,,,,,,,,,
2013-12-11,JK11A8B9J3B2BF,Hitachi HDS722020ALA330,2000398934016,0,,0,,,,,,,,0,,,,,,24364,,,,,,,,,,,,,,,,,,,,,,,,,,,,,,30,,,,,,0,,,,,,,,,,,,,,,,,,,,,,,,,,,,
2013-12-11,S1F04A8J,ST3000DM001,3000592982016,0,,51000320,,,,,,,,0,,,,,,16201,,,,,,,,,,,,,,,,,,,,,,,,,,,,,,28,,,,,,0,,,,,,,,,,,,,,,,,,,,,,,,,,,,
2013-12-11,JK11A8B9HVPY8F,Hitachi HDS722020ALA330,2000398934016,0,,0,,,,,,,,0,,,,,,26329,,,,,,,,,,,,,,,,,,,,,,,,,,,,,,22,,,,,,0,,,,,,,,,,,,,,,,,,,,,,,,,,,,
2013-12-11,MJ1321YNG149HA,Hitachi HDS5C3030ALA630,3000592982016,0,,0,,,,,,,,0,,,,,,20512,,,,,,,,,,,,,,,,,,,,,,,,,,,,,,27,,,,,,0,,,,,,,,,,,,,,,,,,,,,,,,,,,,
2013-12-11,PL1321LAGATKWH,Hitachi HDS5C4040ALE630,4000787030016,0,,0,,,,,,,,0,,,,,,5052,,,,,,,,,,,,,,,,,,,,,,,,,,,,,,27,,,,,,0,,,,,,,,,,,,,,,,,,,,,,,,,,,,
2013-12-11,WD-WMAWZ0312790,WDC WD30EZRX,3000592982016,0,,0,,,,,,,,0,,,,,,12703,,,,,,,,,,,,,,,,,,,,,,,,,,,,,,22,,,,,,0,,,,,,,,,,,,,,,,,,,,,,,,,,,,
2013-12-11,S1F04A8Q,ST3000DM001,3000592982016,0,,41617696,,,,,,,,0,,,,,,16178,,,,,,,,,,,,,,,,,,,,,,,,,,,,,,24,,,,,,0,,,,,,,,,,,,,,,,,,,,,,,,,,,,
2013-12-11,JK11A8B9J70TVF,Hitachi HDS722020ALA330,2000398934016,0,,0,,,,,,,,8,,,,,,22702,,,,,,,,,,,,,,,,,,,,,,,,,,,,,,26,,,,,,0,,,,,,,,,,,,,,,,,,,,,,,,,,,,
2013-12-11,Z300GQK3,ST4000DM000,4000787030016,0,,211700760,,,,,,,,0,,,,,,3627,,,,,,,,,,,,,,,,,,,,,,,,,,,,,,22,,,,,,0,,,,,,,,,,,,,,,,,,,,,,,,,,,,
2013-12-11,9XW01Y4E,ST31500541AS,1500301910016,0,,210791642,,,,,,,,0,,,,,,35027,,,,,,,,,,,,,,,,,,,,,,,,,,,,,,18,,,,,,0,,,,,,,,,,,,,,,,,,,,,,,,,,,,
2013-12-11,PL1321LAG35BNH,Hitachi HDS5C4040ALE630,4000787030016,0,,0,,,,,,,,0,,,,,,6652,,,,,,,,,,,,,,,,,,,,,,,,,,,,,,23,,,,,,0,,,,,,,,,,,,,,,,,,,,,,,,,,,,
2013-12-11,WD-WCAU45481449,WDC WD10EADS,1000204886016,0,,5,,,,,,,,0,,,,,,40880,,,,,,,,,,,,,,,,,,,,,,,,,,,,,,30,,,,,,0,,,,,,,,,,,,,,,,,,,,,,,,,,,,
2013-12-11,MK0311YHGHXXWA,Hitachi HDS723030ALA640,3000592982016,0,,0,,,,,,,,0,,,,,,16660,,,,,,,,,,,,,,,,,,,,,,,,,,,,,,27,,,,,,0,,,,,,,,,,,,,,,,,,,,,,,,,,,,
2013-12-11,Z300WWV7,ST4000DM000,4000787030016,0,,137292320,,,,,,,,0,,,,,,920,,,,,,,,,,,,,,,,,,,,,,,,,,,,,,19,,,,,,0,,,,,,,,,,,,,,,,,,,,,,,,,,,,
2013-12-11,PL1321LAGAXALH,Hitachi HDS5C4040ALE630,4000787030016,0,,0,,,,,,,,0,,,,,,5066,,,,,,,,,,,,,,,,,,,,,,,,,,,,,,27,,,,,,0,,,,,,,,,,,,,,,,,,,,,,,,,,,,
2013-12-11,Z1F0CRT8,ST3000DM001,3000592982016,0,,31392728,,,,,,,,0,,,,,,11693,,,,,,,,,,,,,,,,,,,,,,,,,,,,,,26,,,,,,0,,,,,,,,,,,,,,,,,,,,,,,,,,,,
2013-12-11,WD-WCAWZ1219980,WDC WD30EZRX,3000592982016,0,,0,,,,,,,,0,,,,,,9646,,,,,,,,,,,,,,,,,,,,,,,,,,,,,,25,,,,,,0,,,,,,,,,,,,,,,,,,,,,,,,,,,,
2013-12-11,6XW00GJY,ST31500541AS,1500301910016,0,,178594618,,,,,,,,0,,,,,,37287,,,,,,,,,,,,,,,,,,,,,,,,,,,,,,26,,,,,,0,,,,,,,,,,,,,,,,,,,,,,,,,,,,
2013-12-11,MJ1321YNG0B7WA,Hitachi HDS5C3030ALA630,3000592982016,0,,0,,,,,,,,0,,,,,,20512,,,,,,,,,,,,,,,,,,,,,,,,,,,,,,23,,,,,,0,,,,,,,,,,,,,,,,,,,,,,,,,,,,
2013-12-11,MJ1311YNG3GBPA,Hitachi HDS5C3030ALA630,3000592982016,0,,0,,,,,,,,0,,,,,,19588,,,,,,,,,,,,,,,,,,,,,,,,,,,,,,28,,,,,,0,,,,,,,,,,,,,,,,,,,,,,,,,,,,
2013-12-11,MK0301YHGKJE2A,Hitachi HDS723030ALA640,3000592982016,0,,0,,,,,,,,0,,,,,,16660,,,,,,,,,,,,,,,,,,,,,,,,,,,,,,28,,,,,,0,,,,,,,,,,,,,,,,,,,,,,,,,,,,
2013-12-11,Z300MQFZ,ST4000DM000,4000787030016,0,,8281408,,,,,,,,0,,,,,,2899,,,,,,,,,,,,,,,,,,,,,,,,,,,,,,22,,,,,,0,,,,,,,,,,,,,,,,,,,,,,,,,,,,
2013-12-11,MJ1311YNG179BA,Hitachi HDS5C3030ALA630,3000592982016,0,,0,,,,,,,,0,,,,,,18065,,,,,,,,,,,,,,,,,,,,,,,,,,,,,,26,,,,,,0,,,,,,,,,,,,,,,,,,,,,,,,,,,,
2013-12-11,S1F0L1FT,ST3000DM001,3000592982016,0,,221304664,,,,,,,,0,,,,,,12172,,,,,,,,,,,,,,,,,,,,,,,,,,,,,,24,,,,,,0,,,,,,,,,,,,,,,,,,,,,,,,,,,,
2013-12-11,MJ1321YNG0RR1A,Hitachi HDS5C3030ALA630,3000592982016,0,,0,,,,,,,,0,,,,,,20512,,,,,,,,,,,,,,,,,,,,,,,,,,,,,,26,,,,,,0,,,,,,,,,,,,,,,,,,,,,,,,,,,,
2013-12-11,MK0333YHGPXG2C,Hitachi HDS723030ALA640,3000592982016,0,,0,,,,,,,,0,,,,,,17762,,,,,,,,,,,,,,,,,,,,,,,,,,,,,,25,,,,,,0,,,,,,,,,,,,,,,,,,,,,,,,,,,,
2013-12-11,PL1311LAG2HX5H,Hitachi HDS5C4040ALE630,4000787030016,0,,0,,,,,,,,0,,,,,,6637,,,,,,,,,,,,,,,,,,,,,,,,,,,,,,26,,,,,,0,,,,,,,,,,,,,,,,,,,,,,,,,,,,
2013-12-11,S1F0350L,ST3000DM001,3000592982016,0,,195907672,,,,,,,,43008,,,,,,16175,,,,,,,,,,,,,,,,,,,,,,,,,,,,,,26,,,,,,24,,,,,,,,,,,,,,,,,,,,,,,,,,,,
2013-12-11,MJ1311YNG3LNMA,Hitachi HDS5C3030ALA630,3000592982016,0,,0,,,,,,,,0,,,,,,14305,,,,,,,,,,,,,,,,,,,,,,,,,,,,,,22,,,,,,0,,,,,,,,,,,,,,,,,,,,,,,,,,,,
2013-12-11,MJ1311YNG5WUEA,Hitachi HDS5C3030ALA630,3000592982016,0,,0,,,,,,,,0,,,,,,14620,,,,,,,,,,,,,,,,,,,,,,,,,,,,,,24,,,,,,0,,,,,,,,,,,,,,,,,,,,,,,,,,,,
2013-12-11,JK1105B8JS2NVX,Hitachi HDS722020ALA330,2000398934016,0,,0,,,,,,,,0,,,,,,23488,,,,,,,,,,,,,,,,,,,,,,,,,,,,,,24,,,,,,0,,,,,,,,,,,,,,,,,,,,,,,,,,,,
2013-12-11,JK11A1YAJH3K0V,Hitachi HDS722020ALA330,2000398934016,0,,262147,,,,,,,,0,,,,,,28971,,,,,,,,,,,,,,,,,,,,,,,,,,,,,,30,,,,,,0,,,,,,,,,,,,,,,,,,,,,,,,,,,,
2013-12-11,5XW0N6DB,ST32000542AS,2000398934016,0,,109480125,,,,,,,,0,,,,,,27215,,,,,,,,,,,,,,,,,,,,,,,,,,,,,,28,,,,,,0,,,,,,,,,,,,,,,,,,,,,,,,,,,,
2013-12-11,W1F1CK5G,ST3000DM001,3000592982016,0,,243711216,,,,,,,,0,,,,,,8652,,,,,,,,,,,,,,,,,,,,,,,,,,,,,,29,,,,,,0,,,,,,,,,,,,,,,,,,,,,,,,,,,,
2013-12-11,W1F0WRX5,ST3000DM001,3000592982016,0,,222869536,,,,,,,,0,,,,,,11684,,,,,,,,,,,,,,,,,,,,,,,,,,,,,,31,,,,,,0,,,,,,,,,,,,,,,,,,,,,,,,,,,,
2013-12-11,PL1321LAG335MH,Hitachi HDS5C4040ALE630,4000787030016,0,,0,,,,,,,,0,,,,,,5920,,,,,,,,,,,,,,,,,,,,,,,,,,,,,,20,,,,,,0,,,,,,,,,,,,,,,,,,,,,,,,,,,,
2013-12-11,S1F101MC,ST3000DM001,3000592982016,0,,135928456,,,,,,,,0,,,,,,8651,,,,,,,,,,,,,,,,,,,,,,,,,,,,,,27,,,,,,0,,,,,,,,,,,,,,,,,,,,,,,,,,,,
2013-12-11,PL1311LAG2T16H,Hitachi HDS5C4040ALE630,4000787030016,0,,0,,,,,,,,0,,,,,,6617,,,,,,,,,,,,,,,,,,,,,,,,,,,,,,26,,,,,,0,,,,,,,,,,,,,,,,,,,,,,,,,,,,
2013-12-11,MK0301YHGEW6ZA,Hitachi HDS723030ALA640,3000592982016,0,,0,,,,,,,,84,,,,,,17018,,,,,,,,,,,,,,,,,,,,,,,,,,,,,,25,,,,,,0,,,,,,,,,,,,,,,,,,,,,,,,,,,,
2013-12-11,6XW0VV9M,ST31500541AS,1500301910016,0,,28652174,,,,,,,,0,,,,,,33852,,,,,,,,,,,,,,,,,,,,,,,,,,,,,,23,,,,,,0,,,,,,,,,,,,,,,,,,,,,,,,,,,,
2013-12-11,MJ1311YNG3G5KA,Hitachi HDS5C3030ALA630,3000592982016,0,,1,,,,,,,,0,,,,,,19588,,,,,,,,,,,,,,,,,,,,,,,,,,,,,,27,,,,,,0,,,,,,,,,,,,,,,,,,,,,,,,,,,,
2013-12-11,MJ0351YNGA6A8A,Hitachi HDS5C3030ALA630,3000592982016,0,,0,,,,,,,,0,,,,,,8616,,,,,,,,,,,,,,,,,,,,,,,,,,,,,,32,,,,,,0,,,,,,,,,,,,,,,,,,,,,,,,,,,,
2013-12-11,MJ1311YNG7KS9A,Hitachi HDS5C3030ALA630,3000592982016,0,,0,,,,,,,,0,,,,,,14683,,,,,,,,,,,,,,,,,,,,,,,,,,,,,,17,,,,,,0,,,,,,,,,,,,,,,,,,,,,,,,,,,,
2013-12-11,W1F08V61,ST3000DM001,3000592982016,0,,76118760,,,,,,,,0,,,,,,13372,,,,,,,,,,,,,,,,,,,,,,,,,,,,,,18,,,,,,0,,,,,,,,,,,,,,,,,,,,,,,,,,,,
2013-12-11,W1F08V66,ST3000DM001,3000592982016,0,,353464,,,,,,,,0,,,,,,13371,,,,,,,,,,,,,,,,,,,,,,,,,,,,,,24,,,,,,0,,,,,,,,,,,,,,,,,,,,,,,,,,,,
2013-12-11,JK11A8B9J5919F,Hitachi HDS722020ALA330,2000398934016,0,,0,,,,,,,,0,,,,,,24970,,,,,,,,,,,,,,,,,,,,,,,,,,,,,,32,,,,,,0,,,,,,,,,,,,,,,,,,,,,,,,,,,,
2013-12-11,JK1101B9JPEMVR,Hitachi HDS722020ALA330,2000398934016,0,,0,,,,,,,,3,,,,,,24306,,,,,,,,,,,,,,,,,,,,,,,,,,,,,,24,,,,,,0,,,,,,,,,,,,,,,,,,,,,,,,,,,,
2013-12-11,Z300E3XL,ST4000DM000,4000787030016,0,,5418312,,,,,,,,0,,,,,,1331,,,,,,,,,,,,,,,,,,,,,,,,,,,,,,18,,,,,,0,,,,,,,,,,,,,,,,,,,,,,,,,,,,
2013-12-11,W3002F4W,ST4000DM000,4000787030016,0,,80105632,,,,,,,,0,,,,,,2224,,,,,,,,,,,,,,,,,,,,,,,,,,,,,,23,,,,,,0,,,,,,,,,,,,,,,,,,,,,,,,,,,,
2013-12-11,Z300NR8X,ST4000DM000,4000787030016,0,,163290776,,,,,,,,0,,,,,,105,,,,,,,,,,,,,,,,,,,,,,,,,,,,,,23,,,,,,0,,,,,,,,,,,,,,,,,,,,,,,,,,,,
2013-12-11,JK11A8B9J7EYWF,Hitachi HDS722020ALA330,2000398934016,0,,0,,,,,,,,0,,,,,,22686,,,,,,,,,,,,,,,,,,,,,,,,,,,,,,25,,,,,,0,,,,,,,,,,,,,,,,,,,,,,,,,,,,
2013-12-11,PL1321LAG34N7H,Hitachi HDS5C4040ALE630,4000787030016,0,,0,,,,,,,,0,,,,,,5950,,,,,,,,,,,,,,,,,,,,,,,,,,,,,,24,,,,,,0,,,,,,,,,,,,,,,,,,,,,,,,,,,,
2013-12-11,MK0311YHGK5DMA,Hitachi HDS723030ALA640,3000592982016,0,,1,,,,,,,,0,,,,,,16805,,,,,,,,,,,,,,,,,,,,,,,,,,,,,,25,,,,,,0,,,,,,,,,,,,,,,,,,,,,,,,,,,,
2013-12-11,JK11A8B9J7X9MF,Hitachi HDS722020ALA330,2000398934016,0,,0,,,,,,,,1,,,,,,24911,,,,,,,,,,,,,,,,,,,,,,,,,,,,,,28,,,,,,0,,,,,,,,,,,,,,,,,,,,,,,,,,,,
2013-12-11,MJ0351YNGA0WMA,Hitachi HDS5C3030ALA630,3000592982016,0,,0,,,,,,,,0,,,,,,9938,,,,,,,,,,,,,,,,,,,,,,,,,,,,,,28,,,,,,0,,,,,,,,,,,,,,,,,,,,,,,,,,,,
2013-12-11,JK11H1B9KLX1JR,Hitachi HDS722020ALA330,2000398934016,0,,0,,,,,,,,0,,,,,,2330,,,,,,,,,,,,,,,,,,,,,,,,,,,,,,27,,,,,,0,,,,,,,,,,,,,,,,,,,,,,,,,,,,
2013-12-11,JK11A4B8J7SH1W,Hitachi HDS722020ALA330,2000398934016,0,,2,,,,,,,,0,,,,,,26027,,,,,,,,,,,,,,,,,,,,,,,,,,,,,,24,,,,,,0,,,,,,,,,,,,,,,,,,,,,,,,,,,,
2013-12-11,JK2171B9J0N9GL,Hitachi HDS722020ALA330,2000398934016,0,,0,,,,,,,,0,,,,,,26010,,,,,,,,,,,,,,,,,,,,,,,,,,,,,,27,,,,,,0,,,,,,,,,,,,,,,,,,,,,,,,,,,,
2013-12-11,WD-WMC4N1051216,WDC WD30EFRX,3000592982016,0,,0,,,,,,,,0,,,,,,156,,,,,,,,,,,,,,,,,,,,,,,,,,,,,,19,,,,,,0,,,,,,,,,,,,,,,,,,,,,,,,,,,,
2013-12-11,JK11A4YAK3WU7W,Hitachi HDS722020ALA330,2000398934016,0,,0,,,,,,,,0,,,,,,27871,,,,,,,,,,,,,,,,,,,,,,,,,,,,,,23,,,,,,0,,,,,,,,,,,,,,,,,,,,,,,,,,,,
2013-12-11,MJ0351YNGA71HA,Hitachi HDS5C3030ALA630,3000592982016,0,,0,,,,,,,,0,,,,,,9163,,,,,,,,,,,,,,,,,,,,,,,,,,,,,,28,,,,,,0,,,,,,,,,,,,,,,,,,,,,,,,,,,,
2013-12-11,JK11A8B9HXMVPF,Hitachi HDS722020ALA330,2000398934016,0,,0,,,,,,,,0,,,,,,23991,,,,,,,,,,,,,,,,,,,,,,,,,,,,,,24,,,,,,0,,,,,,,,,,,,,,,,,,,,,,,,,,,,
2013-12-11,Z3001G7X,ST4000DM000,4000787030016,0,,226784936,,,,,,,,0,,,,,,2333,,,,,,,,,,,,,,,,,,,,,,,,,,,,,,27,,,,,,0,,,,,,,,,,,,,,,,,,,,,,,,,,,,
2013-12-11,MJ1323YNG1U0DC,Hitachi HDS5C3030ALA630,3000592982016,0,,0,,,,,,,,0,,,,,,19310,,,,,,,,,,,,,,,,,,,,,,,,,,,,,,28,,,,,,0,,,,,,,,,,,,,,,,,,,,,,,,,,,,
2013-12-11,9XW01YG8,ST31500541AS,1500301910016,0,,147358757,,,,,,,,0,,,,,,34326,,,,,,,,,,,,,,,,,,,,,,,,,,,,,,18,,,,,,0,,,,,,,,,,,,,,,,,,,,,,,,,,,,
2013-12-11,W3006NZV,ST4000DM000,4000787030016,0,,91271272,,,,,,,,0,,,,,,2845,,,,,,,,,,,,,,,,,,,,,,,,,,,,,,25,,,,,,0,,,,,,,,,,,,,,,,,,,,,,,,,,,,
2013-12-11,W1F19J5Q,ST3000DM001,3000592982016,0,,58790536,,,,,,,,0,,,,,,8025,,,,,,,,,,,,,,,,,,,,,,,,,,,,,,24,,,,,,0,,,,,,,,,,,,,,,,,,,,,,,,,,,,
2013-12-11,PL1321LAGB2R6H,Hitachi HDS5C4040ALE630,4000787030016,0,,0,,,,,,,,0,,,,,,5049,,,,,,,,,,,,,,,,,,,,,,,,,,,,,,30,,,,,,0,,,,,,,,,,,,,,,,,,,,,,,,,,,,
2013-12-11,W1F0A1Y6,ST3000DM001,3000592982016,0,,126930056,,,,,,,,0,,,,,,14729,,,,,,,,,,,,,,,,,,,,,,,,,,,,,,21,,,,,,8,,,,,,,,,,,,,,,,,,,,,,,,,,,,
2013-12-11,W300H359,ST4000DM000,4000787030016,0,,39804968,,,,,,,,0,,,,,,815,,,,,,,,,,,,,,,,,,,,,,,,,,,,,,22,,,,,,0,,,,,,,,,,,,,,,,,,,,,,,,,,,,
2013-12-11,JK1131YAJD6UBV,Hitachi HDS722020ALA330,2000398934016,0,,0,,,,,,,,0,,,,,,30255,,,,,,,,,,,,,,,,,,,,,,,,,,,,,,27,,,,,,0,,,,,,,,,,,,,,,,,,,,,,,,,,,,
2013-12-11,PL1311LAG28GJH,Hitachi HDS5C4040ALE630,4000787030016,0,,0,,,,,,,,0,,,,,,6653,,,,,,,,,,,,,,,,,,,,,,,,,,,,,,27,,,,,,0,,,,,,,,,,,,,,,,,,,,,,,,,,,,
2013-12-11,6XW0VVP5,ST31500541AS,1500301910016,0,,63424240,,,,,,,,0,,,,,,33262,,,,,,,,,,,,,,,,,,,,,,,,,,,,,,19,,,,,,0,,,,,,,,,,,,,,,,,,,,,,,,,,,,
2013-12-11,W300H35H,ST4000DM000,4000787030016,0,,189667856,,,,,,,,0,,,,,,919,,,,,,,,,,,,,,,,,,,,,,,,,,,,,,18,,,,,,0,,,,,,,,,,,,,,,,,,,,,,,,,,,,
2013-12-11,S1F02F46,ST3000DM001,3000592982016,0,,28077192,,,,,,,,0,,,,,,15623,,,,,,,,,,,,,,,,,,,,,,,,,,,,,,25,,,,,,0,,,,,,,,,,,,,,,,,,,,,,,,,,,,
2013-12-11,JK1101B9JS4WXR,Hitachi HDS722020ALA330,2000398934016,0,,1,,,,,,,,0,,,,,,23319,,,,,,,,,,,,,,,,,,,,,,,,,,,,,,32,,,,,,0,,,,,,,,,,,,,,,,,,,,,,,,,,,,
2013-12-11,W30062K6,ST4000DM000,4000787030016,0,,71245496,,,,,,,,0,,,,,,1837,,,,,,,,,,,,,,,,,,,,,,,,,,,,,,23,,,,,,0,,,,,,,,,,,,,,,,,,,,,,,,,,,,
2013-12-11,JK11A8B9J8ZKDF,Hitachi HDS722020ALA330,2000398934016,0,,0,,,,,,,,0,,,,,,24983,,,,,,,,,,,,,,,,,,,,,,,,,,,,,,25,,,,,,0,,,,,,,,,,,,,,,,,,,,,,,,,,,,
2013-12-11,W300H35Z,ST4000DM000,4000787030016,0,,102236480,,,,,,,,0,,,,,,815,,,,,,,,,,,,,,,,,,,,,,,,,,,,,,22,,,,,,0,,,,,,,,,,,,,,,,,,,,,,,,,,,,
2013-12-11,Z252A53AS,TOSHIBA DT01ACA300,3000592982016,0,,0,,,,,,,,0,,,,,,6610,,,,,,,,,,,,,,,,,,,,,,,,,,,,,,26,,,,,,0,,,,,,,,,,,,,,,,,,,,,,,,,,,,
2013-12-11,MJ1321YNG1122A,Hitachi HDS5C3030ALA630,3000592982016,0,,0,,,,,,,,0,,,,,,20067,,,,,,,,,,,,,,,,,,,,,,,,,,,,,,25,,,,,,0,,,,,,,,,,,,,,,,,,,,,,,,,,,,
2013-12-11,W3009QJV,ST4000DM000,4000787030016,0,,58807232,,,,,,,,0,,,,,,4165,,,,,,,,,,,,,,,,,,,,,,,,,,,,,,26,,,,,,0,,,,,,,,,,,,,,,,,,,,,,,,,,,,
2013-12-11,S1F01TCF,ST3000DM001,3000592982016,0,,99125688,,,,,,,,0,,,,,,15621,,,,,,,,,,,,,,,,,,,,,,,,,,,,,,24,,,,,,0,,,,,,,,,,,,,,,,,,,,,,,,,,,,
2013-12-11,MJ0351YNG9VM0A,Hitachi HDS5C3030ALA630,3000592982016,0,,0,,,,,,,,0,,,,,,9974,,,,,,,,,,,,,,,,,,,,,,,,,,,,,,25,,,,,,0,,,,,,,,,,,,,,,,,,,,,,,,,,,,
2013-12-11,PL1311LAG3EAHH,Hitachi HDS5C4040ALE630,4000787030016,0,,0,,,,,,,,0,,,,,,5931,,,,,,,,,,,,,,,,,,,,,,,,,,,,,,27,,,,,,0,,,,,,,,,,,,,,,,,,,,,,,,,,,,
2013-12-11,W1F0EDL0,ST3000DM001,3000592982016,0,,130322000,,,,,,,,0,,,,,,12418,,,,,,,,,,,,,,,,,,,,,,,,,,,,,,30,,,,,,0,,,,,,,,,,,,,,,,,,,,,,,,,,,,
2013-12-11,MJ1323YNG1NSUC,Hitachi HDS5C3030ALA630,3000592982016,0,,0,,,,,,,,0,,,,,,20082,,,,,,,,,,,,,,,,,,,,,,,,,,,,,,32,,,,,,0,,,,,,,,,,,,,,,,,,,,,,,,,,,,
2013-12-11,MJ0351YNGA619A,Hitachi HDS5C3030ALA630,3000592982016,0,,0,,,,,,,,0,,,,,,9142,,,,,,,,,,,,,,,,,,,,,,,,,,,,,,31,,,,,,0,,,,,,,,,,,,,,,,,,,,,,,,,,,,
2013-12-11,JK11A8B9J49NYF,Hitachi HDS722020ALA330,2000398934016,0,,0,,,,,,,,0,,,,,,25583,,,,,,,,,,,,,,,,,,,,,,,,,,,,,,29,,,,,,0,,,,,,,,,,,,,,,,,,,,,,,,,,,,
2013-12-11,PL1321LAG2HPWH,Hitachi HDS5C4040ALE630,4000787030016,0,,0,,,,,,,,0,,,,,,6652,,,,,,,,,,,,,,,,,,,,,,,,,,,,,,23,,,,,,0,,,,,,,,,,,,,,,,,,,,,,,,,,,,
2013-12-11,MJ0351YNG9YSZA,Hitachi HDS5C3030ALA630,3000592982016,0,,0,,,,,,,,0,,,,,,9938,,,,,,,,,,,,,,,,,,,,,,,,,,,,,,27,,,,,,0,,,,,,,,,,,,,,,,,,,,,,,,,,,,
2013-12-11,JK11A8B9J4S4NF,Hitachi HDS722020ALA330,2000398934016,0,,1,,,,,,,,0,,,,,,23318,,,,,,,,,,,,,,,,,,,,,,,,,,,,,,34,,,,,,0,,,,,,,,,,,,,,,,,,,,,,,,,,,,
2013-12-11,Z300PLV7,ST4000DM000,4000787030016,0,,17875312,,,,,,,,0,,,,,,1228,,,,,,,,,,,,,,,,,,,,,,,,,,,,,,19,,,,,,0,,,,,,,,,,,,,,,,,,,,,,,,,,,,
2013-12-11,W300A8Y7,ST4000DM000,4000787030016,0,,214503936,,,,,,,,0,,,,,,2248,,,,,,,,,,,,,,,,,,,,,,,,,,,,,,21,,,,,,0,,,,,,,,,,,,,,,,,,,,,,,,,,,,
2013-12-11,JK11A8B9J2X65F,Hitachi HDS722020ALA330,2000398934016,0,,0,,,,,,,,0,,,,,,24463,,,,,,,,,,,,,,,,,,,,,,,,,,,,,,24,,,,,,0,,,,,,,,,,,,,,,,,,,,,,,,,,,,
2013-12-11,JK11A8B9J7EH2F,Hitachi HDS722020ALA330,2000398934016,0,,0,,,,,,,,0,,,,,,26010,,,,,,,,,,,,,,,,,,,,,,,,,,,,,,28,,,,,,0,,,,,,,,,,,,,,,,,,,,,,,,,,,,
2013-12-11,Z300PLV3,ST4000DM000,4000787030016,0,,110453672,,,,,,,,0,,,,,,1142,,,,,,,,,,,,,,,,,,,,,,,,,,,,,,27,,,,,,0,,,,,,,,,,,,,,,,,,,,,,,,,,,,
2013-12-11,MK0311YHGKA1MA,Hitachi HDS723030ALA640,3000592982016,0,,65536,,,,,,,,65,,,,,,14732,,,,,,,,,,,,,,,,,,,,,,,,,,,,,,28,,,,,,0,,,,,,,,,,,,,,,,,,,,,,,,,,,,
2013-12-11,MJ0351YNG9ZNDA,Hitachi HDS5C3030ALA630,3000592982016,0,,0,,,,,,,,0,,,,,,9552,,,,,,,,,,,,,,,,,,,,,,,,,,,,,,31,,,,,,0,,,,,,,,,,,,,,,,,,,,,,,,,,,,
2013-12-11,Z300PLVE,ST4000DM000,4000787030016,0,,134211952,,,,,,,,0,,,,,,1142,,,,,,,,,,,,,,,,,,,,,,,,,,,,,,26,,,,,,0,,,,,,,,,,,,,,,,,,,,,,,,,,,,
2013-12-11,Z300PLVD,ST4000DM000,4000787030016,0,,240219496,,,,,,,,0,,,,,,1233,,,,,,,,,,,,,,,,,,,,,,,,,,,,,,23,,,,,,0,,,,,,,,,,,,,,,,,,,,,,,,,,,,
2013-12-11,PL1311LAG25YBA,Hitachi HDS5C4040ALE630,4000787030016,0,,0,,,,,,,,0,,,,,,6742,,,,,,,,,,,,,,,,,,,,,,,,,,,,,,31,,,,,,0,,,,,,,,,,,,,,,,,,,,,,,,,,,,
2013-12-11,MJ1311YNG0LW1A,Hitachi HDS5C3030ALA630,3000592982016,0,,0,,,,,,,,0,,,,,,20498,,,,,,,,,,,,,,,,,,,,,,,,,,,,,,31,,,,,,0,,,,,,,,,,,,,,,,,,,,,,,,,,,,
2013-12-11,WD-WCAU45693056,WDC WD10EADS,1000204886016,0,,259,,,,,,,,0,,,,,,41811,,,,,,,,,,,,,,,,,,,,,,,,,,,,,,29,,,,,,0,,,,,,,,,,,,,,,,,,,,,,,,,,,,
2013-12-11,5XW0KFS5,ST31500541AS,1500301910016,0,,23534838,,,,,,,,0,,,,,,10243,,,,,,,,,,,,,,,,,,,,,,,,,,,,,,21,,,,,,0,,,,,,,,,,,,,,,,,,,,,,,,,,,,
2013-12-11,Z300PLVT,ST4000DM000,4000787030016,0,,30813712,,,,,,,,0,,,,,,1228,,,,,,,,,,,,,,,,,,,,,,,,,,,,,,19,,,,,,0,,,,,,,,,,,,,,,,,,,,,,,,,,,,
2013-12-11,MJ0351YNGA3D9A,Hitachi HDS5C3030ALA630,3000592982016,0,,0,,,,,,,,0,,,,,,8093,,,,,,,,,,,,,,,,,,,,,,,,,,,,,,25,,,,,,0,,,,,,,,,,,,,,,,,,,,,,,,,,,,
2013-12-11,JK1101B9J3L2JF,Hitachi HDS722020ALA330,2000398934016,0,,0,,,,,,,,0,,,,,,23107,,,,,,,,,,,,,,,,,,,,,,,,,,,,,,22,,,,,,0,,,,,,,,,,,,,,,,,,,,,,,,,,,,
2013-12-11,9XW01YGX,ST31500541AS,1500301910016,0,,169013096,,,,,,,,0,,,,,,34981,,,,,,,,,,,,,,,,,,,,,,,,,,,,,,16,,,,,,0,,,,,,,,,,,,,,,,,,,,,,,,,,,,
2013-12-11,MJ0351YNG9SXXA,Hitachi HDS5C3030ALA630,3000592982016,0,,0,,,,,,,,0,,,,,,8830,,,,,,,,,,,,,,,,,,,,,,,,,,,,,,28,,,,,,0,,,,,,,,,,,,,,,,,,,,,,,,,,,,
2013-12-11,Z290P6F0,ST33000651AS,3000592982016,0,,184449108,,,,,,,,0,,,,,,17738,,,,,,,,,,,,,,,,,,,,,,,,,,,,,,28,,,,,,0,,,,,,,,,,,,,,,,,,,,,,,,,,,,
2013-12-11,MK0311YHGLRWSA,Hitachi HDS723030ALA640,3000592982016,0,,0,,,,,,,,0,,,,,,17018,,,,,,,,,,,,,,,,,,,,,,,,,,,,,,28,,,,,,0,,,,,,,,,,,,,,,,,,,,,,,,,,,,
2013-12-11,MJ1323YNG1EPYC,Hitachi HDS5C3030ALA630,3000592982016,0,,0,,,,,,,,0,,,,,,19766,,,,,,,,,,,,,,,,,,,,,,,,,,,,,,28,,,,,,0,,,,,,,,,,,,,,,,,,,,,,,,,,,,
2013-12-11,MJ1323YNG1SDLC,Hitachi HDS5C3030ALA630,3000592982016,0,,0,,,,,,,,0,,,,,,20079,,,,,,,,,,,,,,,,,,,,,,,,,,,,,,34,,,,,,0,,,,,,,,,,,,,,,,,,,,,,,,,,,,
2013-12-11,WD-WCAWZ0676824,WDC WD30EZRX,3000592982016,0,,0,,,,,,,,0,,,,,,10551,,,,,,,,,,,,,,,,,,,,,,,,,,,,,,25,,,,,,0,,,,,,,,,,,,,,,,,,,,,,,,,,,,
2013-12-11,Z300PAGV,ST4000DM000,4000787030016,0,,172311072,,,,,,,,0,,,,,,1234,,,,,,,,,,,,,,,,,,,,,,,,,,,,,,21,,,,,,0,,,,,,,,,,,,,,,,,,,,,,,,,,,,
2013-12-11,Z300GZ7W,ST4000DM000,4000787030016,0,,124825144,,,,,,,,0,,,,,,3630,,,,,,,,,,,,,,,,,,,,,,,,,,,,,,23,,,,,,0,,,,,,,,,,,,,,,,,,,,,,,,,,,,
2013-12-11,JK11A8B9GPAXEF,Hitachi HDS722020ALA330,2000398934016,0,,0,,,,,,,,0,,,,,,23717,,,,,,,,,,,,,,,,,,,,,,,,,,,,,,25,,,,,,0,,,,,,,,,,,,,,,,,,,,,,,,,,,,
2013-12-11,Z300PAGC,ST4000DM000,4000787030016,0,,164627232,,,,,,,,0,,,,,,1225,,,,,,,,,,,,,,,,,,,,,,,,,,,,,,20,,,,,,0,,,,,,,,,,,,,,,,,,,,,,,,,,,,
2013-12-11,Z300PAGD,ST4000DM000,4000787030016,0,,6323864,,,,,,,,0,,,,,,1114,,,,,,,,,,,,,,,,,,,,,,,,,,,,,,29,,,,,,0,,,,,,,,,,,,,,,,,,,,,,,,,,,,
2013-12-11,JK11A8B9J7G46F,Hitachi HDS722020ALA330,2000398934016,0,,0,,,,,,,,0,,,,,,24467,,,,,,,,,,,,,,,,,,,,,,,,,,,,,,27,,,,,,0,,,,,,,,,,,,,,,,,,,,,,,,,,,,
2013-12-11,JK11A8YBKY8ZGF,Hitachi HDS722020ALA330,2000398934016,0,,0,,,,,,,,0,,,,,,27844,,,,,,,,,,,,,,,,,,,,,,,,,,,,,,28,,,,,,0,,,,,,,,,,,,,,,,,,,,,,,,,,,,
2013-12-11,9VS1QVKF,ST31500341AS,1500301910016,0,,203288131,,,,,,,,0,,,,,,40080,,,,,,,,,,,,,,,,,,,,,,,,,,,,,,23,,,,,,0,,,,,,,,,,,,,,,,,,,,,,,,,,,,
2013-12-11,PL1311LAG1S7BA,Hitachi HDS5C4040ALE630,4000787030016,0,,0,,,,,,,,0,,,,,,5191,,,,,,,,,,,,,,,,,,,,,,,,,,,,,,27,,,,,,0,,,,,,,,,,,,,,,,,,,,,,,,,,,,
2013-12-11,MJ0351YNG9ZPBA,Hitachi HDS5C3030ALA630,3000592982016,0,,0,,,,,,,,0,,,,,,9469,,,,,,,,,,,,,,,,,,,,,,,,,,,,,,26,,,,,,0,,,,,,,,,,,,,,,,,,,,,,,,,,,,
2013-12-11,WD-WCAWZ0414312,WDC WD30EZRS,3000592982016,0,,0,,,,,,,,0,,,,,,14494,,,,,,,,,,,,,,,,,,,,,,,,,,,,,,22,,,,,,0,,,,,,,,,,,,,,,,,,,,,,,,,,,,
2013-12-11,PL1311LAG3A4NH,Hitachi HDS5C4040ALE630,4000787030016,0,,0,,,,,,,,0,,,,,,6072,,,,,,,,,,,,,,,,,,,,,,,,,,,,,,20,,,,,,0,,,,,,,,,,,,,,,,,,,,,,,,,,,,
2013-12-11,MJ0351YNGA3KBA,Hitachi HDS5C3030ALA630,3000592982016,0,,0,,,,,,,,0,,,,,,8093,,,,,,,,,,,,,,,,,,,,,,,,,,,,,,23,,,,,,0,,,,,,,,,,,,,,,,,,,,,,,,,,,,
2013-12-11,S1F0LQ7T,ST3000DM001,3000592982016,0,,33654568,,,,,,,,0,,,,,,7658,,,,,,,,,,,,,,,,,,,,,,,,,,,,,,27,,,,,,0,,,,,,,,,,,,,,,,,,,,,,,,,,,,
2013-12-11,6XW01A9A,ST320005XXXX,2000398934016,0,,208326860,,,,,,,,0,,,,,,30601,,,,,,,,,,,,,,,,,,,,,,,,,,,,,,27,,,,,,0,,,,,,,,,,,,,,,,,,,,,,,,,,,,
2013-12-11,PL1321LAG34YZH,Hitachi HDS5C4040ALE630,4000787030016,0,,0,,,,,,,,0,,,,,,6570,,,,,,,,,,,,,,,,,,,,,,,,,,,,,,31,,,,,,0,,,,,,,,,,,,,,,,,,,,,,,,,,,,
2013-12-11,MK0313YHGKEVWC,Hitachi HDS723030ALA640,3000592982016,0,,65537,,,,,,,,0,,,,,,18088,,,,,,,,,,,,,,,,,,,,,,,,,,,,,,30,,,,,,0,,,,,,,,,,,,,,,,,,,,,,,,,,,,
2013-12-11,MJ0351YNG9Z6MA,Hitachi HDS5C3030ALA630,3000592982016,0,,0,,,,,,,,0,,,,,,9913,,,,,,,,,,,,,,,,,,,,,,,,,,,,,,33,,,,,,0,,,,,,,,,,,,,,,,,,,,,,,,,,,,
2013-12-11,Z300PAG4,ST4000DM000,4000787030016,0,,199497560,,,,,,,,0,,,,,,1232,,,,,,,,,,,,,,,,,,,,,,,,,,,,,,19,,,,,,0,,,,,,,,,,,,,,,,,,,,,,,,,,,,
2013-12-11,S1F033XJ,ST3000DM001,3000592982016,0,,2715136,,,,,,,,0,,,,,,13361,,,,,,,,,,,,,,,,,,,,,,,,,,,,,,24,,,,,,0,,,,,,,,,,,,,,,,,,,,,,,,,,,,
2013-12-11,S1F033XK,ST3000DM001,3000592982016,0,,54013672,,,,,,,,0,,,,,,16197,,,,,,,,,,,,,,,,,,,,,,,,,,,,,,27,,,,,,0,,,,,,,,,,,,,,,,,,,,,,,,,,,,
2013-12-11,S1F033XR,ST3000DM001,3000592982016,0,,13487712,,,,,,,,8,,,,,,15456,,,,,,,,,,,,,,,,,,,,,,,,,,,,,,23,,,,,,0,,,,,,,,,,,,,,,,,,,,,,,,,,,,
2013-12-11,S1F033XS,ST3000DM001,3000592982016,0,,54976096,,,,,,,,8528,,,,,,15619,,,,,,,,,,,,,,,,,,,,,,,,,,,,,,27,,,,,,88,,,,,,,,,,,,,,,,,,,,,,,,,,,,
2013-12-11,MK0301YHGN2HDD,Hitachi HDS723030ALA640,3000592982016,0,,0,,,,,,,,0,,,,,,18088,,,,,,,,,,,,,,,,,,,,,,,,,,,,,,31,,,,,,0,,,,,,,,,,,,,,,,,,,,,,,,,,,,
2013-12-11,MK0331YHGLWWUA,Hitachi HDS723030ALA640,3000592982016,0,,196620,,,,,,,,0,,,,,,17754,,,,,,,,,,,,,,,,,,,,,,,,,,,,,,24,,,,,,0,,,,,,,,,,,,,,,,,,,,,,,,,,,,
2013-12-11,JK11A1YAJHEJ6V,Hitachi HDS722020ALA330,2000398934016,0,,0,,,,,,,,0,,,,,,28851,,,,,,,,,,,,,,,,,,,,,,,,,,,,,,32,,,,,,0,,,,,,,,,,,,,,,,,,,,,,,,,,,,
2013-12-11,JK1171YBK1U2MF,Hitachi HDS722020ALA330,2000398934016,0,,0,,,,,,,,2,,,,,,29915,,,,,,,,,,,,,,,,,,,,,,,,,,,,,,24,,,,,,0,,,,,,,,,,,,,,,,,,,,,,,,,,,,
2013-12-11,W300BJCN,ST4000DM000,4000787030016,0,,15349376,,,,,,,,0,,,,,,4044,,,,,,,,,,,,,,,,,,,,,,,,,,,,,,21,,,,,,0,,,,,,,,,,,,,,,,,,,,,,,,,,,,
2013-12-11,Z300J9HT,ST4000DM000,4000787030016,0,,1774200,,,,,,,,0,,,,,,2901,,,,,,,,,,,,,,,,,,,,,,,,,,,,,,29,,,,,,0,,,,,,,,,,,,,,,,,,,,,,,,,,,,
2013-12-11,W300BJCJ,ST4000DM000,4000787030016,0,,37603440,,,,,,,,0,,,,,,3611,,,,,,,,,,,,,,,,,,,,,,,,,,,,,,23,,,,,,0,,,,,,,,,,,,,,,,,,,,,,,,,,,,
2013-12-11,MK0301YHGM040A,Hitachi HDS723030ALA640,3000592982016,0,,1,,,,,,,,0,,,,,,17755,,,,,,,,,,,,,,,,,,,,,,,,,,,,,,22,,,,,,0,,,,,,,,,,,,,,,,,,,,,,,,,,,,
2013-12-11,JK1104B8GGHEYW,Hitachi HDS722020ALA330,2000398934016,0,,0,,,,,,,,0,,,,,,26858,,,,,,,,,,,,,,,,,,,,,,,,,,,,,,30,,,,,,0,,,,,,,,,,,,,,,,,,,,,,,,,,,,
2013-12-11,MK0301YHGM9NKD,Hitachi HDS723030ALA640,3000592982016,0,,327686,,,,,,,,0,,,,,,17010,,,,,,,,,,,,,,,,,,,,,,,,,,,,,,32,,,,,,0,,,,,,,,,,,,,,,,,,,,,,,,,,,,
2013-12-11,MJ0351YNGA8VMA,Hitachi HDS5C3030ALA630,3000592982016,0,,0,,,,,,,,0,,,,,,8141,,,,,,,,,,,,,,,,,,,,,,,,,,,,,,31,,,,,,0,,,,,,,,,,,,,,,,,,,,,,,,,,,,
2013-12-11,S1F0S6P1,ST3000DM001,3000592982016,0,,107134768,,,,,,,,0,,,,,,10771,,,,,,,,,,,,,,,,,,,,,,,,,,,,,,26,,,,,,0,,,,,,,,,,,,,,,,,,,,,,,,,,,,
2013-12-11,W1F1MRP9,ST3000DM001,3000592982016,0,,163677816,,,,,,,,0,,,,,,8019,,,,,,,,,,,,,,,,,,,,,,,,,,,,,,23,,,,,,0,,,,,,,,,,,,,,,,,,,,,,,,,,,,
2013-12-11,MJ0351YNG9RA5A,Hitachi HDS5C3030ALA630,3000592982016,0,,0,,,,,,,,0,,,,,,9975,,,,,,,,,,,,,,,,,,,,,,,,,,,,,,27,,,,,,0,,,,,,,,,,,,,,,,,,,,,,,,,,,,
2013-12-11,9XW01ZN5,ST31500541AS,1500301910016,0,,27342245,,,,,,,,0,,,,,,35758,,,,,,,,,,,,,,,,,,,,,,,,,,,,,,20,,,,,,0,,,,,,,,,,,,,,,,,,,,,,,,,,,,
2013-12-11,S1F0S6PT,ST3000DM001,3000592982016,0,,50606336,,,,,,,,0,,,,,,10501,,,,,,,,,,,,,,,,,,,,,,,,,,,,,,20,,,,,,0,,,,,,,,,,,,,,,,,,,,,,,,,,,,
2013-12-11,MJ0351YNGAD1ZA,Hitachi HDS5C3030ALA630,3000592982016,0,,0,,,,,,,,0,,,,,,7989,,,,,,,,,,,,,,,,,,,,,,,,,,,,,,27,,,,,,0,,,,,,,,,,,,,,,,,,,,,,,,,,,,
2013-12-11,JK1171YAK1YNEN,Hitachi HDS722020ALA330,2000398934016,0,,65539,,,,,,,,0,,,,,,29668,,,,,,,,,,,,,,,,,,,,,,,,,,,,,,31,,,,,,0,,,,,,,,,,,,,,,,,,,,,,,,,,,,
2013-12-11,JK1101B9JMH9KT,Hitachi HDS722020ALA330,2000398934016,0,,0,,,,,,,,0,,,,,,23992,,,,,,,,,,,,,,,,,,,,,,,,,,,,,,36,,,,,,0,,,,,,,,,,,,,,,,,,,,,,,,,,,,
2013-12-11,JK11A8B9J9L2KF,Hitachi HDS722020ALA330,2000398934016,0,,0,,,,,,,,26,,,,,,24502,,,,,,,,,,,,,,,,,,,,,,,,,,,,,,26,,,,,,1,,,,,,,,,,,,,,,,,,,,,,,,,,,,
2013-12-11,JK1101B8JP946Z,Hitachi HDS722020ALA330,2000398934016,0,,0,,,,,,,,0,,,,,,24099,,,,,,,,,,,,,,,,,,,,,,,,,,,,,,28,,,,,,0,,,,,,,,,,,,,,,,,,,,,,,,,,,,
2013-12-11,S1F032VN,ST3000DM001,3000592982016,0,,92154536,,,,,,,,0,,,,,,15191,,,,,,,,,,,,,,,,,,,,,,,,,,,,,,25,,,,,,0,,,,,,,,,,,,,,,,,,,,,,,,,,,,
2013-12-11,S1F032VL,ST3000DM001,3000592982016,0,,234894760,,,,,,,,0,,,,,,15264,,,,,,,,,,,,,,,,,,,,,,,,,,,,,,25,,,,,,0,,,,,,,,,,,,,,,,,,,,,,,,,,,,
2013-12-11,PL1311LAG28HDH,Hitachi HDS5C4040ALE630,4000787030016,0,,0,,,,,,,,0,,,,,,6616,,,,,,,,,,,,,,,,,,,,,,,,,,,,,,27,,,,,,0,,,,,,,,,,,,,,,,,,,,,,,,,,,,
2013-12-11,Z300WKV0,ST4000DM000,4000787030016,0,,156366304,,,,,,,,0,,,,,,886,,,,,,,,,,,,,,,,,,,,,,,,,,,,,,24,,,,,,0,,,,,,,,,,,,,,,,,,,,,,,,,,,,
2013-12-11,5XW025SL,ST32000542AS,2000398934016,0,,92523257,,,,,,,,11,,,,,,26029,,,,,,,,,,,,,,,,,,,,,,,,,,,,,,22,,,,,,0,,,,,,,,,,,,,,,,,,,,,,,,,,,,
2013-12-11,MJ0351YNG9WUMA,Hitachi HDS5C3030ALA630,3000592982016,0,,0,,,,,,,,0,,,,,,9773,,,,,,,,,,,,,,,,,,,,,,,,,,,,,,28,,,,,,0,,,,,,,,,,,,,,,,,,,,,,,,,,,,
2013-12-11,PL1311LAG24SJA,Hitachi HDS5C4040ALE630,4000787030016,0,,0,,,,,,,,0,,,,,,7386,,,,,,,,,,,,,,,,,,,,,,,,,,,,,,28,,,,,,0,,,,,,,,,,,,,,,,,,,,,,,,,,,,
2013-12-11,JK1101B9KMJLUF,Hitachi HDS722020ALA330,2000398934016,0,,0,,,,,,,,0,,,,,,23125,,,,,,,,,,,,,,,,,,,,,,,,,,,,,,37,,,,,,0,,,,,,,,,,,,,,,,,,,,,,,,,,,,
2013-12-11,9VS362XR,ST31500341AS,1500301910016,0,,87367619,,,,,,,,850,,,,,,32921,,,,,,,,,,,,,,,,,,,,,,,,,,,,,,19,,,,,,0,,,,,,,,,,,,,,,,,,,,,,,,,,,,
2013-12-11,MJ1311YNG3E45A,Hitachi HDS5C3030ALA630,3000592982016,0,,0,,,,,,,,0,,,,,,19254,,,,,,,,,,,,,,,,,,,,,,,,,,,,,,23,,,,,,0,,,,,,,,,,,,,,,,,,,,,,,,,,,,
2013-12-11,WD-WCAU45694311,WDC WD10EADS,1000204886016,0,,9,,,,,,,,0,,,,,,41808,,,,,,,,,,,,,,,,,,,,,,,,,,,,,,26,,,,,,0,,,,,,,,,,,,,,,,,,,,,,,,,,,,
2013-12-11,JK1101B9GK7DSF,Hitachi HDS722020ALA330,2000398934016,0,,65536,,,,,,,,0,,,,,,27734,,,,,,,,,,,,,,,,,,,,,,,,,,,,,,23,,,,,,0,,,,,,,,,,,,,,,,,,,,,,,,,,,,
2013-12-11,9VS3F5WV,ST31500341AS,1500301910016,0,,82306144,,,,,,,,32,,,,,,32921,,,,,,,,,,,,,,,,,,,,,,,,,,,,,,22,,,,,,0,,,,,,,,,,,,,,,,,,,,,,,,,,,,
2013-12-11,5XW097XF,ST31500541AS,1500301910016,0,,2617311,,,,,,,,0,,,,,,20470,,,,,,,,,,,,,,,,,,,,,,,,,,,,,,27,,,,,,0,,,,,,,,,,,,,,,,,,,,,,,,,,,,
2013-12-11,S1F02ZDC,ST3000DM001,3000592982016,0,,235559000,,,,,,,,0,,,,,,15225,,,,,,,,,,,,,,,,,,,,,,,,,,,,,,19,,,,,,0,,,,,,,,,,,,,,,,,,,,,,,,,,,,
2013-12-11,6XW02BA0,ST31500541AS,1500301910016,0,,140008837,,,,,,,,82,,,,,,35109,,,,,,,,,,,,,,,,,,,,,,,,,,,,,,20,,,,,,0,,,,,,,,,,,,,,,,,,,,,,,,,,,,
2013-12-11,MJ1311YNG7AEYA,Hitachi HDS5C3030ALA630,3000592982016,0,,0,,,,,,,,0,,,,,,14596,,,,,,,,,,,,,,,,,,,,,,,,,,,,,,24,,,,,,0,,,,,,,,,,,,,,,,,,,,,,,,,,,,
2013-12-11,MJ0351YNG9W0HA,Hitachi HDS5C3030ALA630,3000592982016,0,,0,,,,,,,,0,,,,,,9999,,,,,,,,,,,,,,,,,,,,,,,,,,,,,,34,,,,,,0,,,,,,,,,,,,,,,,,,,,,,,,,,,,
2013-12-11,S1F02ZD1,ST3000DM001,3000592982016,0,,131289488,,,,,,,,0,,,,,,15459,,,,,,,,,,,,,,,,,,,,,,,,,,,,,,21,,,,,,24,,,,,,,,,,,,,,,,,,,,,,,,,,,,
2013-12-11,PL1311LAG3DDMH,Hitachi HDS5C4040ALE630,4000787030016,0,,0,,,,,,,,0,,,,,,5070,,,,,,,,,,,,,,,,,,,,,,,,,,,,,,28,,,,,,0,,,,,,,,,,,,,,,,,,,,,,,,,,,,
2013-12-11,PL2311LAG1M3NC,Hitachi HDS5C4040ALE630,4000787030016,0,,0,,,,,,,,0,,,,,,7384,,,,,,,,,,,,,,,,,,,,,,,,,,,,,,29,,,,,,0,,,,,,,,,,,,,,,,,,,,,,,,,,,,
2013-12-11,MJ1323YNG1ENHC,Hitachi HDS5C3030ALA630,3000592982016,0,,0,,,,,,,,0,,,,,,19762,,,,,,,,,,,,,,,,,,,,,,,,,,,,,,25,,,,,,0,,,,,,,,,,,,,,,,,,,,,,,,,,,,
2013-12-11,WD-WCAV5F161275,WDC WD10EARS,1000204886016,0,,0,,,,,,,,0,,,,,,25888,,,,,,,,,,,,,,,,,,,,,,,,,,,,,,33,,,,,,0,,,,,,,,,,,,,,,,,,,,,,,,,,,,
2013-12-11,W300KW3N,ST4000DM000,4000787030016,0,,63678240,,,,,,,,0,,,,,,815,,,,,,,,,,,,,,,,,,,,,,,,,,,,,,21,,,,,,0,,,,,,,,,,,,,,,,,,,,,,,,,,,,
2013-12-11,Z300JCS5,ST4000DM000,4000787030016,0,,74922384,,,,,,,,0,,,,,,2221,,,,,,,,,,,,,,,,,,,,,,,,,,,,,,26,,,,,,0,,,,,,,,,,,,,,,,,,,,,,,,,,,,
2013-12-11,S1F08R6S,ST3000DM001,3000592982016,0,,86310256,,,,,,,,0,,,,,,12364,,,,,,,,,,,,,,,,,,,,,,,,,,,,,,26,,,,,,0,,,,,,,,,,,,,,,,,,,,,,,,,,,,
2013-12-11,JK1101B9GMV78F,Hitachi HDS722020ALA330,2000398934016,0,,0,,,,,,,,0,,,,,,27542,,,,,,,,,,,,,,,,,,,,,,,,,,,,,,24,,,,,,0,,,,,,,,,,,,,,,,,,,,,,,,,,,,
2013-12-11,JK1101B9GDD6DF,Hitachi HDS722020ALA330,2000398934016,0,,65536,,,,,,,,0,,,,,,27542,,,,,,,,,,,,,,,,,,,,,,,,,,,,,,26,,,,,,0,,,,,,,,,,,,,,,,,,,,,,,,,,,,
2013-12-11,Z300XC7N,ST4000DM000,4000787030016,0,,121358488,,,,,,,,0,,,,,,613,,,,,,,,,,,,,,,,,,,,,,,,,,,,,,24,,,,,,0,,,,,,,,,,,,,,,,,,,,,,,,,,,,
2013-12-11,Z290YK6Y,ST33000651AS,3000592982016,0,,191668943,,,,,,,,0,,,,,,15603,,,,,,,,,,,,,,,,,,,,,,,,,,,,,,26,,,,,,0,,,,,,,,,,,,,,,,,,,,,,,,,,,,
2013-12-11,PL1311LAG25D3A,Hitachi HDS5C4040ALE630,4000787030016,0,,0,,,,,,,,0,,,,,,5375,,,,,,,,,,,,,,,,,,,,,,,,,,,,,,20,,,,,,0,,,,,,,,,,,,,,,,,,,,,,,,,,,,
2013-12-11,S1F0RKT7,ST3000DM001,3000592982016,0,,60570672,,,,,,,,0,,,,,,10760,,,,,,,,,,,,,,,,,,,,,,,,,,,,,,25,,,,,,0,,,,,,,,,,,,,,,,,,,,,,,,,,,,
2013-12-11,JK11A8B9J7A2MF,Hitachi HDS722020ALA330,2000398934016,0,,1,,,,,,,,0,,,,,,25542,,,,,,,,,,,,,,,,,,,,,,,,,,,,,,25,,,,,,0,,,,,,,,,,,,,,,,,,,,,,,,,,,,
2013-12-11,JK11A8B9J7YWPF,Hitachi HDS722020ALA330,2000398934016,0,,0,,,,,,,,0,,,,,,24912,,,,,,,,,,,,,,,,,,,,,,,,,,,,,,30,,,,,,0,,,,,,,,,,,,,,,,,,,,,,,,,,,,
2013-12-11,6XW03A07,ST31500541AS,1500301910016,0,,146406440,,,,,,,,0,,,,,,37291,,,,,,,,,,,,,,,,,,,,,,,,,,,,,,22,,,,,,0,,,,,,,,,,,,,,,,,,,,,,,,,,,,
2013-12-11,MK0301YHGM799A,Hitachi HDS723030ALA640,3000592982016,0,,0,,,,,,,,0,,,,,,17012,,,,,,,,,,,,,,,,,,,,,,,,,,,,,,29,,,,,,0,,,,,,,,,,,,,,,,,,,,,,,,,,,,
2013-12-11,WD-WCAU45920123,WDC WD10EACS,1000204886016,0,,3,,,,,,,,0,,,,,,42374,,,,,,,,,,,,,,,,,,,,,,,,,,,,,,22,,,,,,0,,,,,,,,,,,,,,,,,,,,,,,,,,,,
2013-12-11,JK1130YAG52LRT,Hitachi HDS722020ALA330,2000398934016,0,,0,,,,,,,,0,,,,,,18602,,,,,,,,,,,,,,,,,,,,,,,,,,,,,,31,,,,,,0,,,,,,,,,,,,,,,,,,,,,,,,,,,,
2013-12-11,6XW00DFR,ST31500541AS,1500301910016,0,,14819960,,,,,,,,0,,,,,,35751,,,,,,,,,,,,,,,,,,,,,,,,,,,,,,21,,,,,,0,,,,,,,,,,,,,,,,,,,,,,,,,,,,
2013-12-11,6XW1BYEX,ST31500541AS,1500301910016,0,,193751421,,,,,,,,0,,,,,,8797,,,,,,,,,,,,,,,,,,,,,,,,,,,,,,19,,,,,,0,,,,,,,,,,,,,,,,,,,,,,,,,,,,
2013-12-11,JK1105B8GGL3DX,Hitachi HDS722020ALA330,2000398934016,0,,0,,,,,,,,0,,,,,,26766,,,,,,,,,,,,,,,,,,,,,,,,,,,,,,24,,,,,,0,,,,,,,,,,,,,,,,,,,,,,,,,,,,
2013-12-11,MJ1311YNG37G5A,Hitachi HDS5C3030ALA630,3000592982016,0,,0,,,,,,,,0,,,,,,18066,,,,,,,,,,,,,,,,,,,,,,,,,,,,,,24,,,,,,0,,,,,,,,,,,,,,,,,,,,,,,,,,,,
2013-12-11,6XW03A0S,ST31500541AS,1500301910016,0,,31578701,,,,,,,,0,,,,,,36645,,,,,,,,,,,,,,,,,,,,,,,,,,,,,,21,,,,,,0,,,,,,,,,,,,,,,,,,,,,,,,,,,,
2013-12-11,6XW03A0R,ST31500541AS,1500301910016,0,,158818180,,,,,,,,0,,,,,,36452,,,,,,,,,,,,,,,,,,,,,,,,,,,,,,19,,,,,,0,,,,,,,,,,,,,,,,,,,,,,,,,,,,
2013-12-11,JK11A8B9JPPWLF,Hitachi HDS722020ALA330,2000398934016,0,,0,,,,,,,,0,,,,,,24112,,,,,,,,,,,,,,,,,,,,,,,,,,,,,,28,,,,,,0,,,,,,,,,,,,,,,,,,,,,,,,,,,,
2013-12-11,MJ0351YNG9ZL2A,Hitachi HDS5C3030ALA630,3000592982016,0,,0,,,,,,,,0,,,,,,9552,,,,,,,,,,,,,,,,,,,,,,,,,,,,,,28,,,,,,0,,,,,,,,,,,,,,,,,,,,,,,,,,,,
2013-12-11,6XW1EDJG,ST31500541AS,1500301910016,0,,188632648,,,,,,,,0,,,,,,10194,,,,,,,,,,,,,,,,,,,,,,,,,,,,,,19,,,,,,0,,,,,,,,,,,,,,,,,,,,,,,,,,,,
2013-12-11,MJ0351YNGA8KXA,Hitachi HDS5C3030ALA630,3000592982016,0,,0,,,,,,,,0,,,,,,8618,,,,,,,,,,,,,,,,,,,,,,,,,,,,,,31,,,,,,0,,,,,,,,,,,,,,,,,,,,,,,,,,,,
2013-12-11,PL1311LAG28RGH,Hitachi HDS5C4040ALE630,4000787030016,0,,0,,,,,,,,0,,,,,,7401,,,,,,,,,,,,,,,,,,,,,,,,,,,,,,25,,,,,,0,,,,,,,,,,,,,,,,,,,,,,,,,,,,
2013-12-11,W1F0HP4R,ST3000DM001,3000592982016,0,,136818112,,,,,,,,0,,,,,,10821,,,,,,,,,,,,,,,,,,,,,,,,,,,,,,26,,,,,,0,,,,,,,,,,,,,,,,,,,,,,,,,,,,
2013-12-11,MJ0351YNG9VTAA,Hitachi HDS5C3030ALA630,3000592982016,0,,0,,,,,,,,0,,,,,,8883,,,,,,,,,,,,,,,,,,,,,,,,,,,,,,30,,,,,,0,,,,,,,,,,,,,,,,,,,,,,,,,,,,
2013-12-11,MK0311YHGJ20VA,Hitachi HDS723030ALA640,3000592982016,0,,0,,,,,,,,0,,,,,,21455,,,,,,,,,,,,,,,,,,,,,,,,,,,,,,23,,,,,,0,,,,,,,,,,,,,,,,,,,,,,,,,,,,
2013-12-11,PL1311LAG2AYLH,Hitachi HDS5C4040ALE630,4000787030016,0,,0,,,,,,,,0,,,,,,7418,,,,,,,,,,,,,,,,,,,,,,,,,,,,,,23,,,,,,0,,,,,,,,,,,,,,,,,,,,,,,,,,,,
2013-12-11,WD-WCAU45644145,WDC WD10EADS,1000204886016,0,,5,,,,,,,,0,,,,,,42276,,,,,,,,,,,,,,,,,,,,,,,,,,,,,,27,,,,,,0,,,,,,,,,,,,,,,,,,,,,,,,,,,,
2013-12-11,MK0331YHGMTZTA,Hitachi HDS723030ALA640,3000592982016,0,,0,,,,,,,,0,,,,,,17761,,,,,,,,,,,,,,,,,,,,,,,,,,,,,,28,,,,,,0,,,,,,,,,,,,,,,,,,,,,,,,,,,,
2013-12-11,PL1311LAG2AZNH,Hitachi HDS5C4040ALE630,4000787030016,0,,0,,,,,,,,0,,,,,,7412,,,,,,,,,,,,,,,,,,,,,,,,,,,,,,24,,,,,,0,,,,,,,,,,,,,,,,,,,,,,,,,,,,
2013-12-11,JK11A4B8J6XBUW,Hitachi HDS722020ALA330,2000398934016,0,,0,,,,,,,,0,,,,,,26010,,,,,,,,,,,,,,,,,,,,,,,,,,,,,,29,,,,,,0,,,,,,,,,,,,,,,,,,,,,,,,,,,,
2013-12-11,MJ0351YNGA6JUA,Hitachi HDS5C3030ALA630,3000592982016,0,,0,,,,,,,,0,,,,,,9274,,,,,,,,,,,,,,,,,,,,,,,,,,,,,,27,,,,,,0,,,,,,,,,,,,,,,,,,,,,,,,,,,,
2013-12-11,WD-WCAU45897532,WDC WD10EACS,1000204886016,0,,3,,,,,,,,0,,,,,,42369,,,,,,,,,,,,,,,,,,,,,,,,,,,,,,22,,,,,,0,,,,,,,,,,,,,,,,,,,,,,,,,,,,
2013-12-11,MJ1321YNG0W6JA,Hitachi HDS5C3030ALA630,3000592982016,0,,458754,,,,,,,,0,,,,,,20480,,,,,,,,,,,,,,,,,,,,,,,,,,,,,,25,,,,,,0,,,,,,,,,,,,,,,,,,,,,,,,,,,,
2013-12-11,PL1311LAG3BS0H,Hitachi HDS5C4040ALE630,4000787030016,0,,0,,,,,,,,0,,,,,,5670,,,,,,,,,,,,,,,,,,,,,,,,,,,,,,18,,,,,,0,,,,,,,,,,,,,,,,,,,,,,,,,,,,
2013-12-11,MK0311YHGE7V7A,Hitachi HDS723030ALA640,3000592982016,0,,0,,,,,,,,0,,,,,,14732,,,,,,,,,,,,,,,,,,,,,,,,,,,,,,30,,,,,,0,,,,,,,,,,,,,,,,,,,,,,,,,,,,
2013-12-11,MJ0351YNGA74TA,Hitachi HDS5C3030ALA630,3000592982016,0,,0,,,,,,,,0,,,,,,7227,,,,,,,,,,,,,,,,,,,,,,,,,,,,,,31,,,,,,0,,,,,,,,,,,,,,,,,,,,,,,,,,,,
2013-12-11,PL1321LAG34X9H,Hitachi HDS5C4040ALE630,4000787030016,0,,0,,,,,,,,0,,,,,,6568,,,,,,,,,,,,,,,,,,,,,,,,,,,,,,30,,,,,,0,,,,,,,,,,,,,,,,,,,,,,,,,,,,
2013-12-11,W1F0Z5T8,ST3000DM001,3000592982016,0,,128670136,,,,,,,,0,,,,,,10728,,,,,,,,,,,,,,,,,,,,,,,,,,,,,,22,,,,,,0,,,,,,,,,,,,,,,,,,,,,,,,,,,,
2013-12-11,JK1101B9KMYKEF,Hitachi HDS722020ALA330,2000398934016,0,,0,,,,,,,,0,,,,,,23125,,,,,,,,,,,,,,,,,,,,,,,,,,,,,,37,,,,,,0,,,,,,,,,,,,,,,,,,,,,,,,,,,,
2013-12-11,Z300K8FR,ST4000DM000,4000787030016,0,,140291000,,,,,,,,0,,,,,,2243,,,,,,,,,,,,,,,,,,,,,,,,,,,,,,23,,,,,,0,,,,,,,,,,,,,,,,,,,,,,,,,,,,
2013-12-11,JK11A8B9J7HW6F,Hitachi HDS722020ALA330,2000398934016,0,,0,,,,,,,,0,,,,,,23580,,,,,,,,,,,,,,,,,,,,,,,,,,,,,,26,,,,,,0,,,,,,,,,,,,,,,,,,,,,,,,,,,,
2013-12-11,JK11A8B9J83NZF,Hitachi HDS722020ALA330,2000398934016,0,,0,,,,,,,,0,,,,,,26011,,,,,,,,,,,,,,,,,,,,,,,,,,,,,,24,,,,,,0,,,,,,,,,,,,,,,,,,,,,,,,,,,,
2013-12-11,S1F06T9W,ST3000DM001,3000592982016,0,,126379080,,,,,,,,0,,,,,,13880,,,,,,,,,,,,,,,,,,,,,,,,,,,,,,22,,,,,,0,,,,,,,,,,,,,,,,,,,,,,,,,,,,
2013-12-11,JK11A8B9J3BR0F,Hitachi HDS722020ALA330,2000398934016,0,,1,,,,,,,,0,,,,,,24400,,,,,,,,,,,,,,,,,,,,,,,,,,,,,,28,,,,,,0,,,,,,,,,,,,,,,,,,,,,,,,,,,,
2013-12-11,JK11A8B9J0DNZF,Hitachi HDS722020ALA330,2000398934016,0,,0,,,,,,,,0,,,,,,26144,,,,,,,,,,,,,,,,,,,,,,,,,,,,,,26,,,,,,0,,,,,,,,,,,,,,,,,,,,,,,,,,,,
2013-12-11,MJ1311YNG3BPGA,Hitachi HDS5C3030ALA630,3000592982016,0,,0,,,,,,,,0,,,,,,18928,,,,,,,,,,,,,,,,,,,,,,,,,,,,,,28,,,,,,0,,,,,,,,,,,,,,,,,,,,,,,,,,,,
2013-12-11,JK11A8B9J8T83F,Hitachi HDS722020ALA330,2000398934016,0,,262149,,,,,,,,0,,,,,,25581,,,,,,,,,,,,,,,,,,,,,,,,,,,,,,24,,,,,,0,,,,,,,,,,,,,,,,,,,,,,,,,,,,
2013-12-11,Z3004J7X,ST4000DM000,4000787030016,0,,183641024,,,,,,,,0,,,,,,5417,,,,,,,,,,,,,,,,,,,,,,,,,,,,,,22,,,,,,0,,,,,,,,,,,,,,,,,,,,,,,,,,,,
2013-12-11,JK1101B9JPL9GF,Hitachi HDS722020ALA330,2000398934016,0,,0,,,,,,,,0,,,,,,23990,,,,,,,,,,,,,,,,,,,,,,,,,,,,,,23,,,,,,0,,,,,,,,,,,,,,,,,,,,,,,,,,,,
2013-12-11,JK1104B8JRX2JW,Hitachi HDS722020ALA330,2000398934016,0,,0,,,,,,,,1,,,,,,23579,,,,,,,,,,,,,,,,,,,,,,,,,,,,,,28,,,,,,0,,,,,,,,,,,,,,,,,,,,,,,,,,,,
2013-12-11,W300E07W,ST4000DM000,4000787030016,0,,152320248,,,,,,,,0,,,,,,4146,,,,,,,,,,,,,,,,,,,,,,,,,,,,,,24,,,,,,0,,,,,,,,,,,,,,,,,,,,,,,,,,,,
2013-12-11,W1F0X6NY,ST3000DM001,3000592982016,0,,60260648,,,,,,,,0,,,,,,11022,,,,,,,,,,,,,,,,,,,,,,,,,,,,,,25,,,,,,0,,,,,,,,,,,,,,,,,,,,,,,,,,,,
2013-12-11,MJ1321YNG0B3EA,Hitachi HDS5C3030ALA630,3000592982016,0,,0,,,,,,,,0,,,,,,20480,,,,,,,,,,,,,,,,,,,,,,,,,,,,,,26,,,,,,0,,,,,,,,,,,,,,,,,,,,,,,,,,,,
2013-12-11,9VS08HZ5,ST31500341AS,1500301910016,0,,240335162,,,,,,,,10,,,,,,6731,,,,,,,,,,,,,,,,,,,,,,,,,,,,,,28,,,,,,0,,,,,,,,,,,,,,,,,,,,,,,,,,,,
2013-12-11,5XW18X4V,ST32000542AS,2000398934016,0,,214017934,,,,,,,,0,,,,,,7826,,,,,,,,,,,,,,,,,,,,,,,,,,,,,,32,,,,,,0,,,,,,,,,,,,,,,,,,,,,,,,,,,,
2013-12-11,5XW018N2,ST31500541AS,1500301910016,0,,112088734,,,,,,,,0,,,,,,33218,,,,,,,,,,,,,,,,,,,,,,,,,,,,,,21,,,,,,0,,,,,,,,,,,,,,,,,,,,,,,,,,,,
2013-12-11,W1F0AQT2,ST3000DM001,3000592982016,0,,69782792,,,,,,,,0,,,,,,13361,,,,,,,,,,,,,,,,,,,,,,,,,,,,,,23,,,,,,0,,,,,,,,,,,,,,,,,,,,,,,,,,,,
2013-12-11,9XK0JP5W,ST33000651AS,3000592982016,0,,161530997,,,,,,,,0,,,,,,17049,,,,,,,,,,,,,,,,,,,,,,,,,,,,,,25,,,,,,0,,,,,,,,,,,,,,,,,,,,,,,,,,,,
2013-12-11,WD-WCAWZ0504401,WDC WD30EZRX,3000592982016,0,,0,,,,,,,,0,,,,,,16127,,,,,,,,,,,,,,,,,,,,,,,,,,,,,,22,,,,,,0,,,,,,,,,,,,,,,,,,,,,,,,,,,,
2013-12-11,6XW1D0L6,ST32000542AS,2000398934016,0,,63414422,,,,,,,,0,,,,,,7819,,,,,,,,,,,,,,,,,,,,,,,,,,,,,,19,,,,,,0,,,,,,,,,,,,,,,,,,,,,,,,,,,,
2013-12-11,W300C916,ST4000DM000,4000787030016,0,,198591552,,,,,,,,0,,,,,,2177,,,,,,,,,,,,,,,,,,,,,,,,,,,,,,21,,,,,,0,,,,,,,,,,,,,,,,,,,,,,,,,,,,
2013-12-11,Z300MJQB,ST4000DM000,4000787030016,0,,69124152,,,,,,,,0,,,,,,2901,,,,,,,,,,,,,,,,,,,,,,,,,,,,,,28,,,,,,0,,,,,,,,,,,,,,,,,,,,,,,,,,,,
2013-12-11,PL1311LAG2B24H,Hitachi HDS5C4040ALE630,4000787030016,0,,0,,,,,,,,0,,,,,,7386,,,,,,,,,,,,,,,,,,,,,,,,,,,,,,28,,,,,,0,,,,,,,,,,,,,,,,,,,,,,,,,,,,
2013-12-11,MJ0351YNGA75RA,Hitachi HDS5C3030ALA630,3000592982016,0,,0,,,,,,,,0,,,,,,7689,,,,,,,,,,,,,,,,,,,,,,,,,,,,,,25,,,,,,0,,,,,,,,,,,,,,,,,,,,,,,,,,,,
2013-12-11,W1F1CLED,ST3000DM001,3000592982016,0,,78087208,,,,,,,,0,,,,,,7993,,,,,,,,,,,,,,,,,,,,,,,,,,,,,,25,,,,,,0,,,,,,,,,,,,,,,,,,,,,,,,,,,,
2013-12-11,JK11A4B8J610LW,Hitachi HDS722020ALA330,2000398934016,0,,65537,,,,,,,,0,,,,,,25661,,,,,,,,,,,,,,,,,,,,,,,,,,,,,,30,,,,,,0,,,,,,,,,,,,,,,,,,,,,,,,,,,,
2013-12-11,W1F0AQTW,ST3000DM001,3000592982016,0,,45657744,,,,,,,,0,,,,,,13362,,,,,,,,,,,,,,,,,,,,,,,,,,,,,,21,,,,,,0,,,,,,,,,,,,,,,,,,,,,,,,,,,,
2013-12-11,W1F0DPB1,ST3000DM001,3000592982016,0,,45638736,,,,,,,,0,,,,,,12363,,,,,,,,,,,,,,,,,,,,,,,,,,,,,,22,,,,,,0,,,,,,,,,,,,,,,,,,,,,,,,,,,,
2013-12-11,WD-WCAU46083387,WDC WD10EADS,1000204886016,0,,0,,,,,,,,0,,,,,,41846,,,,,,,,,,,,,,,,,,,,,,,,,,,,,,27,,,,,,0,,,,,,,,,,,,,,,,,,,,,,,,,,,,
2013-12-11,MK0313YHGGNDKC,Hitachi HDS723030ALA640,3000592982016,0,,2621572,,,,,,,,0,,,,,,21460,,,,,,,,,,,,,,,,,,,,,,,,,,,,,,25,,,,,,0,,,,,,,,,,,,,,,,,,,,,,,,,,,,
2013-12-11,W300KFVM,ST4000DM000,4000787030016,0,,29350344,,,,,,,,0,,,,,,815,,,,,,,,,,,,,,,,,,,,,,,,,,,,,,22,,,,,,0,,,,,,,,,,,,,,,,,,,,,,,,,,,,
2013-12-11,JK1170YBJXTRWD,Hitachi HDS722020ALA330,2000398934016,0,,0,,,,,,,,0,,,,,,28154,,,,,,,,,,,,,,,,,,,,,,,,,,,,,,22,,,,,,0,,,,,,,,,,,,,,,,,,,,,,,,,,,,
2013-12-11,W1F0B13D,ST3000DM001,3000592982016,0,,66166104,,,,,,,,0,,,,,,13746,,,,,,,,,,,,,,,,,,,,,,,,,,,,,,21,,,,,,16,,,,,,,,,,,,,,,,,,,,,,,,,,,,
2013-12-11,W300595R,ST4000DM000,4000787030016,0,,231706088,,,,,,,,0,,,,,,2857,,,,,,,,,,,,,,,,,,,,,,,,,,,,,,21,,,,,,0,,,,,,,,,,,,,,,,,,,,,,,,,,,,
2013-12-11,W30068KA,ST4000DM000,4000787030016,0,,119264632,,,,,,,,0,,,,,,2901,,,,,,,,,,,,,,,,,,,,,,,,,,,,,,29,,,,,,0,,,,,,,,,,,,,,,,,,,,,,,,,,,,
2013-12-11,W1F1BQTN,ST3000DM001,3000592982016,0,,150069168,,,,,,,,0,,,,,,8651,,,,,,,,,,,,,,,,,,,,,,,,,,,,,,27,,,,,,0,,,,,,,,,,,,,,,,,,,,,,,,,,,,
2013-12-11,MJ1311YNG1WXSA,Hitachi HDS5C3030ALA630,3000592982016,0,,0,,,,,,,,0,,,,,,18362,,,,,,,,,,,,,,,,,,,,,,,,,,,,,,26,,,,,,0,,,,,,,,,,,,,,,,,,,,,,,,,,,,
2013-12-11,Z300E545,ST4000DM000,4000787030016,0,,158818384,,,,,,,,0,,,,,,1297,,,,,,,,,,,,,,,,,,,,,,,,,,,,,,18,,,,,,0,,,,,,,,,,,,,,,,,,,,,,,,,,,,
2013-12-11,JK11A8B9J80G5F,Hitachi HDS722020ALA330,2000398934016,0,,0,,,,,,,,0,,,,,,24912,,,,,,,,,,,,,,,,,,,,,,,,,,,,,,26,,,,,,0,,,,,,,,,,,,,,,,,,,,,,,,,,,,
2013-12-11,9XW05PHP,ST320005XXXX,2000398934016,0,,179210089,,,,,,,,0,,,,,,28220,,,,,,,,,,,,,,,,,,,,,,,,,,,,,,29,,,,,,0,,,,,,,,,,,,,,,,,,,,,,,,,,,,
2013-12-11,W300B79R,ST4000DM000,4000787030016,0,,158844864,,,,,,,,0,,,,,,4140,,,,,,,,,,,,,,,,,,,,,,,,,,,,,,25,,,,,,0,,,,,,,,,,,,,,,,,,,,,,,,,,,,
2013-12-11,PL1311LAG21BVA,Hitachi HDS5C4040ALE630,4000787030016,0,,0,,,,,,,,0,,,,,,7759,,,,,,,,,,,,,,,,,,,,,,,,,,,,,,21,,,,,,0,,,,,,,,,,,,,,,,,,,,,,,,,,,,
2013-12-11,S1F061YG,ST3000DM001,3000592982016,0,,2817688,,,,,,,,0,,,,,,14233,,,,,,,,,,,,,,,,,,,,,,,,,,,,,,24,,,,,,0,,,,,,,,,,,,,,,,,,,,,,,,,,,,
2013-12-11,W1E1STPR,ST2000DM001,2000398934016,0,,225589488,,,,,,,,0,,,,,,7246,,,,,,,,,,,,,,,,,,,,,,,,,,,,,,22,,,,,,0,,,,,,,,,,,,,,,,,,,,,,,,,,,,
2013-12-11,MJ1311YNG3EV3A,Hitachi HDS5C3030ALA630,3000592982016,0,,0,,,,,,,,0,,,,,,18928,,,,,,,,,,,,,,,,,,,,,,,,,,,,,,26,,,,,,0,,,,,,,,,,,,,,,,,,,,,,,,,,,,
2013-12-11,MJ1311YNG7KT0A,Hitachi HDS5C3030ALA630,3000592982016,0,,0,,,,,,,,0,,,,,,14680,,,,,,,,,,,,,,,,,,,,,,,,,,,,,,26,,,,,,0,,,,,,,,,,,,,,,,,,,,,,,,,,,,
2013-12-11,JK11A8B9J9L86F,Hitachi HDS722020ALA330,2000398934016,0,,0,,,,,,,,0,,,,,,25541,,,,,,,,,,,,,,,,,,,,,,,,,,,,,,24,,,,,,0,,,,,,,,,,,,,,,,,,,,,,,,,,,,
2013-12-11,JK11A8B9JPR30F,Hitachi HDS722020ALA330,2000398934016,0,,0,,,,,,,,0,,,,,,23718,,,,,,,,,,,,,,,,,,,,,,,,,,,,,,28,,,,,,0,,,,,,,,,,,,,,,,,,,,,,,,,,,,
2013-12-11,JK1171YAK1XE9N,Hitachi HDS722020ALA330,2000398934016,0,,2,,,,,,,,2,,,,,,29915,,,,,,,,,,,,,,,,,,,,,,,,,,,,,,25,,,,,,1,,,,,,,,,,,,,,,,,,,,,,,,,,,,
2013-12-11,Z1F0LRT9,ST3000DM001,3000592982016,0,,9016256,,,,,,,,0,,,,,,10942,,,,,,,,,,,,,,,,,,,,,,,,,,,,,,23,,,,,,0,,,,,,,,,,,,,,,,,,,,,,,,,,,,
2013-12-11,JK1170YAJAXDYT,Hitachi HDS722020ALA330,2000398934016,0,,0,,,,,,,,0,,,,,,28683,,,,,,,,,,,,,,,,,,,,,,,,,,,,,,28,,,,,,0,,,,,,,,,,,,,,,,,,,,,,,,,,,,
2013-12-11,Z300E54V,ST4000DM000,4000787030016,0,,144899744,,,,,,,,0,,,,,,2261,,,,,,,,,,,,,,,,,,,,,,,,,,,,,,24,,,,,,0,,,,,,,,,,,,,,,,,,,,,,,,,,,,
2013-12-11,JK11A8B9J74EXF,Hitachi HDS722020ALA330,2000398934016,0,,0,,,,,,,,0,,,,,,22698,,,,,,,,,,,,,,,,,,,,,,,,,,,,,,24,,,,,,0,,,,,,,,,,,,,,,,,,,,,,,,,,,,
2013-12-11,Z300E54S,ST4000DM000,4000787030016,0,,122803792,,,,,,,,0,,,,,,2262,,,,,,,,,,,,,,,,,,,,,,,,,,,,,,22,,,,,,0,,,,,,,,,,,,,,,,,,,,,,,,,,,,
2013-12-11,MJ1321YNG0P9DA,Hitachi HDS5C3030ALA630,3000592982016,0,,0,,,,,,,,0,,,,,,20067,,,,,,,,,,,,,,,,,,,,,,,,,,,,,,24,,,,,,0,,,,,,,,,,,,,,,,,,,,,,,,,,,,
2013-12-11,S1F0TNM3,ST3000DM001,3000592982016,0,,119727984,,,,,,,,0,,,,,,10473,,,,,,,,,,,,,,,,,,,,,,,,,,,,,,23,,,,,,0,,,,,,,,,,,,,,,,,,,,,,,,,,,,
2013-12-11,PL1311LAG1Z64A,Hitachi HDS5C4040ALE630,4000787030016,0,,0,,,,,,,,0,,,,,,7452,,,,,,,,,,,,,,,,,,,,,,,,,,,,,,21,,,,,,0,,,,,,,,,,,,,,,,,,,,,,,,,,,,
2013-12-11,JK11A8B9JPJ11F,Hitachi HDS722020ALA330,2000398934016,0,,0,,,,,,,,0,,,,,,23711,,,,,,,,,,,,,,,,,,,,,,,,,,,,,,27,,,,,,0,,,,,,,,,,,,,,,,,,,,,,,,,,,,
2013-12-11,S1F076S2,ST3000DM001,3000592982016,0,,120589480,,,,,,,,0,,,,,,12359,,,,,,,,,,,,,,,,,,,,,,,,,,,,,,25,,,,,,0,,,,,,,,,,,,,,,,,,,,,,,,,,,,
2013-12-11,PL1311LAG1SEDA,Hitachi HDS5C4040ALE630,4000787030016,0,,0,,,,,,,,0,,,,,,7412,,,,,,,,,,,,,,,,,,,,,,,,,,,,,,20,,,,,,0,,,,,,,,,,,,,,,,,,,,,,,,,,,,
2013-12-11,W300BT0K,ST4000DM000,4000787030016,0,,129489504,,,,,,,,0,,,,,,4047,,,,,,,,,,,,,,,,,,,,,,,,,,,,,,23,,,,,,0,,,,,,,,,,,,,,,,,,,,,,,,,,,,
2013-12-11,Z3004ACL,ST4000DM000,4000787030016,0,,124572808,,,,,,,,0,,,,,,5417,,,,,,,,,,,,,,,,,,,,,,,,,,,,,,19,,,,,,0,,,,,,,,,,,,,,,,,,,,,,,,,,,,
2013-12-11,W300BMME,ST4000DM000,4000787030016,0,,151915464,,,,,,,,0,,,,,,3611,,,,,,,,,,,,,,,,,,,,,,,,,,,,,,23,,,,,,0,,,,,,,,,,,,,,,,,,,,,,,,,,,,
2013-12-11,W300BMMC,ST4000DM000,4000787030016,0,,170930344,,,,,,,,0,,,,,,4163,,,,,,,,,,,,,,,,,,,,,,,,,,,,,,23,,,,,,0,,,,,,,,,,,,,,,,,,,,,,,,,,,,
2013-12-11,W300J66J,ST4000DM000,4000787030016,0,,140869776,,,,,,,,0,,,,,,2240,,,,,,,,,,,,,,,,,,,,,,,,,,,,,,20,,,,,,0,,,,,,,,,,,,,,,,,,,,,,,,,,,,
2013-12-11,W300BMMN,ST4000DM000,4000787030016,0,,31426712,,,,,,,,0,,,,,,4044,,,,,,,,,,,,,,,,,,,,,,,,,,,,,,20,,,,,,0,,,,,,,,,,,,,,,,,,,,,,,,,,,,
2013-12-11,S1F07J8G,ST3000DM001,3000592982016,0,,37298920,,,,,,,,0,,,,,,4205,,,,,,,,,,,,,,,,,,,,,,,,,,,,,,29,,,,,,0,,,,,,,,,,,,,,,,,,,,,,,,,,,,
2013-12-11,W300J66C,ST4000DM000,4000787030016,0,,107579768,,,,,,,,0,,,,,,1703,,,,,,,,,,,,,,,,,,,,,,,,,,,,,,24,,,,,,0,,,,,,,,,,,,,,,,,,,,,,,,,,,,
2013-12-11,JK1171YAK1Y85N,Hitachi HDS722020ALA330,2000398934016,0,,0,,,,,,,,0,,,,,,29668,,,,,,,,,,,,,,,,,,,,,,,,,,,,,,30,,,,,,0,,,,,,,,,,,,,,,,,,,,,,,,,,,,
2013-12-11,MJ1311YNG6VV9A,Hitachi HDS5C3030ALA630,3000592982016,0,,0,,,,,,,,0,,,,,,14624,,,,,,,,,,,,,,,,,,,,,,,,,,,,,,25,,,,,,0,,,,,,,,,,,,,,,,,,,,,,,,,,,,
2013-12-11,MJ1321YNG0EXRA,Hitachi HDS5C3030ALA630,3000592982016,0,,0,,,,,,,,0,,,,,,20731,,,,,,,,,,,,,,,,,,,,,,,,,,,,,,28,,,,,,0,,,,,,,,,,,,,,,,,,,,,,,,,,,,
2013-12-11,WD-WCAU45380502,WDC WD10EADS,1000204886016,0,,3,,,,,,,,0,,,,,,41020,,,,,,,,,,,,,,,,,,,,,,,,,,,,,,27,,,,,,0,,,,,,,,,,,,,,,,,,,,,,,,,,,,
2013-12-11,MJ0351YNGAD8EA,Hitachi HDS5C3030ALA630,3000592982016,0,,0,,,,,,,,0,,,,,,8617,,,,,,,,,,,,,,,,,,,,,,,,,,,,,,31,,,,,,0,,,,,,,,,,,,,,,,,,,,,,,,,,,,
2013-12-11,MK0313YHGD7DJC,Hitachi HDS723030ALA640,3000592982016,0,,0,,,,,,,,0,,,,,,21453,,,,,,,,,,,,,,,,,,,,,,,,,,,,,,27,,,,,,0,,,,,,,,,,,,,,,,,,,,,,,,,,,,
2013-12-11,6XW05XGE,ST31500541AS,1500301910016,0,,67994854,,,,,,,,0,,,,,,36444,,,,,,,,,,,,,,,,,,,,,,,,,,,,,,21,,,,,,0,,,,,,,,,,,,,,,,,,,,,,,,,,,,
2013-12-11,PL1321LAG2SSLH,Hitachi HDS5C4040ALE630,4000787030016,0,,0,,,,,,,,0,,,,,,5959,,,,,,,,,,,,,,,,,,,,,,,,,,,,,,20,,,,,,0,,,,,,,,,,,,,,,,,,,,,,,,,,,,
2013-12-11,MK0311YHGKDN6A,Hitachi HDS723030ALA640,3000592982016,0,,0,,,,,,,,0,,,,,,14732,,,,,,,,,,,,,,,,,,,,,,,,,,,,,,29,,,,,,0,,,,,,,,,,,,,,,,,,,,,,,,,,,,
2013-12-11,JK11A4B8J3794W,Hitachi HDS722020ALA330,2000398934016,0,,262144,,,,,,,,0,,,,,,26010,,,,,,,,,,,,,,,,,,,,,,,,,,,,,,27,,,,,,0,,,,,,,,,,,,,,,,,,,,,,,,,,,,
2013-12-11,S1F01CP4,ST3000DM001,3000592982016,0,,50156088,,,,,,,,0,,,,,,15623,,,,,,,,,,,,,,,,,,,,,,,,,,,,,,21,,,,,,0,,,,,,,,,,,,,,,,,,,,,,,,,,,,
2013-12-11,JK1170YAJDAK4T,Hitachi HDS722020ALA330,2000398934016,0,,196609,,,,,,,,0,,,,,,27872,,,,,,,,,,,,,,,,,,,,,,,,,,,,,,23,,,,,,0,,,,,,,,,,,,,,,,,,,,,,,,,,,,
2013-12-11,Z300W20D,ST4000DM000,4000787030016,0,,198700952,,,,,,,,0,,,,,,109,,,,,,,,,,,,,,,,,,,,,,,,,,,,,,22,,,,,,0,,,,,,,,,,,,,,,,,,,,,,,,,,,,
2013-12-11,W300JTDE,ST4000DM000,4000787030016,0,,242131680,,,,,,,,0,,,,,,2240,,,,,,,,,,,,,,,,,,,,,,,,,,,,,,20,,,,,,0,,,,,,,,,,,,,,,,,,,,,,,,,,,,
2013-12-11,MJ1311YNG7G9KA,Hitachi HDS5C3030ALA630,3000592982016,0,,0,,,,,,,,0,,,,,,14682,,,,,,,,,,,,,,,,,,,,,,,,,,,,,,19,,,,,,0,,,,,,,,,,,,,,,,,,,,,,,,,,,,
2013-12-11,W300JTDG,ST4000DM000,4000787030016,0,,175271688,,,,,,,,0,,,,,,2219,,,,,,,,,,,,,,,,,,,,,,,,,,,,,,23,,,,,,0,,,,,,,,,,,,,,,,,,,,,,,,,,,,
2013-12-11,PL1311LAG2ZB8A,Hitachi HDS5C4040ALE630,4000787030016,0,,0,,,,,,,,0,,,,,,6619,,,,,,,,,,,,,,,,,,,,,,,,,,,,,,26,,,,,,0,,,,,,,,,,,,,,,,,,,,,,,,,,,,
2013-12-11,MJ0351YNGA48MA,Hitachi HDS5C3030ALA630,3000592982016,0,,0,,,,,,,,0,,,,,,9146,,,,,,,,,,,,,,,,,,,,,,,,,,,,,,29,,,,,,0,,,,,,,,,,,,,,,,,,,,,,,,,,,,
2013-12-11,MJ1311YNG61ZKA,Hitachi HDS5C3030ALA630,3000592982016,0,,0,,,,,,,,0,,,,,,14289,,,,,,,,,,,,,,,,,,,,,,,,,,,,,,30,,,,,,0,,,,,,,,,,,,,,,,,,,,,,,,,,,,
2013-12-11,MK0301YHGK2DVA,Hitachi HDS723030ALA640,3000592982016,0,,0,,,,,,,,0,,,,,,9074,,,,,,,,,,,,,,,,,,,,,,,,,,,,,,29,,,,,,0,,,,,,,,,,,,,,,,,,,,,,,,,,,,
2013-12-11,6XW020NM,ST31500541AS,1500301910016,0,,145267664,,,,,,,,0,,,,,,36954,,,,,,,,,,,,,,,,,,,,,,,,,,,,,,22,,,,,,0,,,,,,,,,,,,,,,,,,,,,,,,,,,,
2013-12-11,Z300JC83,ST4000DM000,4000787030016,0,,102198088,,,,,,,,0,,,,,,2219,,,,,,,,,,,,,,,,,,,,,,,,,,,,,,22,,,,,,0,,,,,,,,,,,,,,,,,,,,,,,,,,,,
2013-12-11,W300BDJV,ST4000DM000,4000787030016,0,,219444568,,,,,,,,0,,,,,,945,,,,,,,,,,,,,,,,,,,,,,,,,,,,,,26,,,,,,0,,,,,,,,,,,,,,,,,,,,,,,,,,,,
2013-12-11,Z300ND92,ST4000DM000,4000787030016,0,,78635664,,,,,,,,0,,,,,,1093,,,,,,,,,,,,,,,,,,,,,,,,,,,,,,29,,,,,,0,,,,,,,,,,,,,,,,,,,,,,,,,,,,
2013-12-11,MJ0351YNG9ZR9A,Hitachi HDS5C3030ALA630,3000592982016,0,,0,,,,,,,,0,,,,,,8873,,,,,,,,,,,,,,,,,,,,,,,,,,,,,,26,,,,,,0,,,,,,,,,,,,,,,,,,,,,,,,,,,,
2013-12-11,MK0311YHGK0AEA,Hitachi HDS723030ALA640,3000592982016,0,,0,,,,,,,,0,,,,,,16077,,,,,,,,,,,,,,,,,,,,,,,,,,,,,,25,,,,,,0,,,,,,,,,,,,,,,,,,,,,,,,,,,,
2013-12-11,MK0311YHG2Y65A,Hitachi HDS723030ALA640,3000592982016,0,,0,,,,,,,,0,,,,,,22346,,,,,,,,,,,,,,,,,,,,,,,,,,,,,,24,,,,,,0,,,,,,,,,,,,,,,,,,,,,,,,,,,,
2013-12-11,W300BNEG,ST4000DM000,4000787030016,0,,120997224,,,,,,,,0,,,,,,4190,,,,,,,,,,,,,,,,,,,,,,,,,,,,,,23,,,,,,0,,,,,,,,,,,,,,,,,,,,,,,,,,,,
2013-12-11,W1F0T960,ST3000DM001,3000592982016,0,,233712512,,,,,,,,0,,,,,,9269,,,,,,,,,,,,,,,,,,,,,,,,,,,,,,27,,,,,,0,,,,,,,,,,,,,,,,,,,,,,,,,,,,
2013-12-11,JK11A8YBKYXT4F,Hitachi HDS722020ALA330,2000398934016,0,,0,,,,,,,,0,,,,,,27871,,,,,,,,,,,,,,,,,,,,,,,,,,,,,,23,,,,,,0,,,,,,,,,,,,,,,,,,,,,,,,,,,,
2013-12-11,W300BNE4,ST4000DM000,4000787030016,0,,75760592,,,,,,,,0,,,,,,3611,,,,,,,,,,,,,,,,,,,,,,,,,,,,,,23,,,,,,0,,,,,,,,,,,,,,,,,,,,,,,,,,,,
2013-12-11,MJ1321YNG0SALA,Hitachi HDS5C3030ALA630,3000592982016,0,,0,,,,,,,,0,,,,,,20512,,,,,,,,,,,,,,,,,,,,,,,,,,,,,,26,,,,,,0,,,,,,,,,,,,,,,,,,,,,,,,,,,,
2013-12-11,Z300H1WP,ST4000DM000,4000787030016,0,,53478104,,,,,,,,0,,,,,,1331,,,,,,,,,,,,,,,,,,,,,,,,,,,,,,20,,,,,,0,,,,,,,,,,,,,,,,,,,,,,,,,,,,
2013-12-11,MK0313YHGGH1DC,Hitachi HDS723030ALA640,3000592982016,0,,0,,,,,,,,0,,,,,,21452,,,,,,,,,,,,,,,,,,,,,,,,,,,,,,26,,,,,,0,,,,,,,,,,,,,,,,,,,,,,,,,,,,
2013-12-11,S1F0E9RG,ST3000DM001,3000592982016,0,,214256472,,,,,,,,0,,,,,,3481,,,,,,,,,,,,,,,,,,,,,,,,,,,,,,26,,,,,,0,,,,,,,,,,,,,,,,,,,,,,,,,,,,
2013-12-11,Z300H1WJ,ST4000DM000,4000787030016,0,,133367504,,,,,,,,0,,,,,,1331,,,,,,,,,,,,,,,,,,,,,,,,,,,,,,23,,,,,,0,,,,,,,,,,,,,,,,,,,,,,,,,,,,
2013-12-11,9VS1H5LA,ST31500341AS,1500301910016,0,,1020836,,,,,,,,0,,,,,,40407,,,,,,,,,,,,,,,,,,,,,,,,,,,,,,32,,,,,,0,,,,,,,,,,,,,,,,,,,,,,,,,,,,
2013-12-11,PL1311LAG3AXGH,Hitachi HDS5C4040ALE630,4000787030016,0,,0,,,,,,,,0,,,,,,5923,,,,,,,,,,,,,,,,,,,,,,,,,,,,,,19,,,,,,0,,,,,,,,,,,,,,,,,,,,,,,,,,,,
2013-12-11,JK11A8B9J0U3EF,Hitachi HDS722020ALA330,2000398934016,0,,0,,,,,,,,0,,,,,,26144,,,,,,,,,,,,,,,,,,,,,,,,,,,,,,29,,,,,,0,,,,,,,,,,,,,,,,,,,,,,,,,,,,
2013-12-11,WD-WCAV5D530422,WDC WD10EADS,1000204886016,0,,0,,,,,,,,0,,,,,,19526,,,,,,,,,,,,,,,,,,,,,,,,,,,,,,25,,,,,,0,,,,,,,,,,,,,,,,,,,,,,,,,,,,
2013-12-11,W300CKSJ,ST4000DM000,4000787030016,0,,128452144,,,,,,,,0,,,,,,2177,,,,,,,,,,,,,,,,,,,,,,,,,,,,,,20,,,,,,0,,,,,,,,,,,,,,,,,,,,,,,,,,,,
2013-12-11,Z300JC8H,ST4000DM000,4000787030016,0,,209226144,,,,,,,,0,,,,,,2873,,,,,,,,,,,,,,,,,,,,,,,,,,,,,,20,,,,,,0,,,,,,,,,,,,,,,,,,,,,,,,,,,,
2013-12-11,MJ1311YNG5XDHA,Hitachi HDS5C3030ALA630,3000592982016,0,,0,,,,,,,,0,,,,,,14685,,,,,,,,,,,,,,,,,,,,,,,,,,,,,,21,,,,,,0,,,,,,,,,,,,,,,,,,,,,,,,,,,,
2013-12-11,MJ1311YNG7K1HA,Hitachi HDS5C3030ALA630,3000592982016,0,,0,,,,,,,,0,,,,,,14683,,,,,,,,,,,,,,,,,,,,,,,,,,,,,,18,,,,,,0,,,,,,,,,,,,,,,,,,,,,,,,,,,,
2013-12-11,5XW0CYFL,ST32000542AS,2000398934016,0,,84875396,,,,,,,,0,,,,,,17229,,,,,,,,,,,,,,,,,,,,,,,,,,,,,,24,,,,,,0,,,,,,,,,,,,,,,,,,,,,,,,,,,,
2013-12-11,JK11A8B9GP4TGF,Hitachi HDS722020ALA330,2000398934016,0,,0,,,,,,,,0,,,,,,26493,,,,,,,,,,,,,,,,,,,,,,,,,,,,,,24,,,,,,0,,,,,,,,,,,,,,,,,,,,,,,,,,,,
2013-12-11,WD-WCC1T1275355,WDC WD30EFRX,3000592982016,0,,0,,,,,,,,0,,,,,,1015,,,,,,,,,,,,,,,,,,,,,,,,,,,,,,26,,,,,,0,,,,,,,,,,,,,,,,,,,,,,,,,,,,
2013-12-11,MJ1311YNG0Y6GA,Hitachi HDS5C3030ALA630,3000592982016,0,,0,,,,,,,,0,,,,,,18201,,,,,,,,,,,,,,,,,,,,,,,,,,,,,,30,,,,,,0,,,,,,,,,,,,,,,,,,,,,,,,,,,,
2013-12-11,PL1311LAG38P2H,Hitachi HDS5C4040ALE630,4000787030016,0,,0,,,,,,,,0,,,,,,6641,,,,,,,,,,,,,,,,,,,,,,,,,,,,,,28,,,,,,0,,,,,,,,,,,,,,,,,,,,,,,,,,,,
2013-12-11,5XW0132R,ST31500541AS,1500301910016,0,,90077025,,,,,,,,0,,,,,,27917,,,,,,,,,,,,,,,,,,,,,,,,,,,,,,20,,,,,,0,,,,,,,,,,,,,,,,,,,,,,,,,,,,
2013-12-11,MJ0351YNG9YB3A,Hitachi HDS5C3030ALA630,3000592982016,0,,0,,,,,,,,0,,,,,,7612,,,,,,,,,,,,,,,,,,,,,,,,,,,,,,22,,,,,,0,,,,,,,,,,,,,,,,,,,,,,,,,,,,
2013-12-11,MJ1311YNG33YPA,Hitachi HDS5C3030ALA630,3000592982016,0,,0,,,,,,,,0,,,,,,18939,,,,,,,,,,,,,,,,,,,,,,,,,,,,,,27,,,,,,0,,,,,,,,,,,,,,,,,,,,,,,,,,,,
2013-12-11,Z262JRXAS,TOSHIBA DT01ACA300,3000592982016,0,,0,,,,,,,,0,,,,,,6612,,,,,,,,,,,,,,,,,,,,,,,,,,,,,,26,,,,,,0,,,,,,,,,,,,,,,,,,,,,,,,,,,,
2013-12-11,JK11A8B9J9HXKF,Hitachi HDS722020ALA330,2000398934016,0,,0,,,,,,,,0,,,,,,25584,,,,,,,,,,,,,,,,,,,,,,,,,,,,,,24,,,,,,0,,,,,,,,,,,,,,,,,,,,,,,,,,,,
2013-12-11,9XK0QHB4,ST33000651AS,3000592982016,0,,48220987,,,,,,,,0,,,,,,17049,,,,,,,,,,,,,,,,,,,,,,,,,,,,,,27,,,,,,0,,,,,,,,,,,,,,,,,,,,,,,,,,,,
2013-12-11,MJ1323YNG1DDHC,Hitachi HDS5C3030ALA630,3000592982016,0,,0,,,,,,,,0,,,,,,7224,,,,,,,,,,,,,,,,,,,,,,,,,,,,,,24,,,,,,0,,,,,,,,,,,,,,,,,,,,,,,,,,,,
2013-12-11,MJ0351YNGA8RSA,Hitachi HDS5C3030ALA630,3000592982016,0,,0,,,,,,,,0,,,,,,8210,,,,,,,,,,,,,,,,,,,,,,,,,,,,,,37,,,,,,0,,,,,,,,,,,,,,,,,,,,,,,,,,,,
2013-12-11,S1F0LS7D,ST3000DM001,3000592982016,0,,100597704,,,,,,,,0,,,,,,8501,,,,,,,,,,,,,,,,,,,,,,,,,,,,,,31,,,,,,0,,,,,,,,,,,,,,,,,,,,,,,,,,,,
2013-12-11,W1F0J9RT,ST3000DM001,3000592982016,0,,174080048,,,,,,,,0,,,,,,12172,,,,,,,,,,,,,,,,,,,,,,,,,,,,,,23,,,,,,0,,,,,,,,,,,,,,,,,,,,,,,,,,,,
2013-12-11,Z300K1BG,ST4000DM000,4000787030016,0,,193146472,,,,,,,,0,,,,,,1871,,,,,,,,,,,,,,,,,,,,,,,,,,,,,,25,,,,,,0,,,,,,,,,,,,,,,,,,,,,,,,,,,,
2013-12-11,Z300K1BE,ST4000DM000,4000787030016,0,,186132816,,,,,,,,0,,,,,,2215,,,,,,,,,,,,,,,,,,,,,,,,,,,,,,19,,,,,,0,,,,,,,,,,,,,,,,,,,,,,,,,,,,
2013-12-11,MJ0351YNGA6K6A,Hitachi HDS5C3030ALA630,3000592982016,0,,0,,,,,,,,0,,,,,,9312,,,,,,,,,,,,,,,,,,,,,,,,,,,,,,30,,,,,,0,,,,,,,,,,,,,,,,,,,,,,,,,,,,
2013-12-11,PL1321LAGAXMZH,Hitachi HDS5C4040ALE630,4000787030016,0,,0,,,,,,,,0,,,,,,5428,,,,,,,,,,,,,,,,,,,,,,,,,,,,,,23,,,,,,0,,,,,,,,,,,,,,,,,,,,,,,,,,,,
2013-12-11,JK1170YAH51D9P,Hitachi HDS722020ALA330,2000398934016,0,,0,,,,,,,,0,,,,,,26305,,,,,,,,,,,,,,,,,,,,,,,,,,,,,,32,,,,,,0,,,,,,,,,,,,,,,,,,,,,,,,,,,,
2013-12-11,S1F0S7NF,ST3000DM001,3000592982016,0,,91991552,,,,,,,,0,,,,,,10502,,,,,,,,,,,,,,,,,,,,,,,,,,,,,,21,,,,,,0,,,,,,,,,,,,,,,,,,,,,,,,,,,,
2013-12-11,W300H3AK,ST4000DM000,4000787030016,0,,163010712,,,,,,,,0,,,,,,909,,,,,,,,,,,,,,,,,,,,,,,,,,,,,,20,,,,,,0,,,,,,,,,,,,,,,,,,,,,,,,,,,,
2013-12-11,JK11A8B9J33KXR,Hitachi HDS722020ALA330,2000398934016,0,,131072,,,,,,,,0,,,,,,24399,,,,,,,,,,,,,,,,,,,,,,,,,,,,,,27,,,,,,0,,,,,,,,,,,,,,,,,,,,,,,,,,,,
2013-12-11,JK11A4YAKBUTXW,Hitachi HDS722020ALA330,2000398934016,0,,0,,,,,,,,13,,,,,,27871,,,,,,,,,,,,,,,,,,,,,,,,,,,,,,26,,,,,,0,,,,,,,,,,,,,,,,,,,,,,,,,,,,
2013-12-11,Z300NQ2K,ST4000DM000,4000787030016,0,,214515440,,,,,,,,0,,,,,,1232,,,,,,,,,,,,,,,,,,,,,,,,,,,,,,22,,,,,,0,,,,,,,,,,,,,,,,,,,,,,,,,,,,
2013-12-11,Z290XKZP,ST33000651AS,3000592982016,0,,205248907,,,,,,,,0,,,,,,15916,,,,,,,,,,,,,,,,,,,,,,,,,,,,,,24,,,,,,0,,,,,,,,,,,,,,,,,,,,,,,,,,,,
2013-12-11,W1F08WLN,ST3000DM001,3000592982016,0,,6627560,,,,,,,,0,,,,,,16199,,,,,,,,,,,,,,,,,,,,,,,,,,,,,,23,,,,,,0,,,,,,,,,,,,,,,,,,,,,,,,,,,,
2013-12-11,W300H3AV,ST4000DM000,4000787030016,0,,163400624,,,,,,,,0,,,,,,772,,,,,,,,,,,,,,,,,,,,,,,,,,,,,,21,,,,,,0,,,,,,,,,,,,,,,,,,,,,,,,,,,,
2013-12-11,MJ1311YNG6VVLA,Hitachi HDS5C3030ALA630,3000592982016,0,,196613,,,,,,,,0,,,,,,14310,,,,,,,,,,,,,,,,,,,,,,,,,,,,,,26,,,,,,0,,,,,,,,,,,,,,,,,,,,,,,,,,,,
2013-12-11,W300D95M,ST4000DM000,4000787030016,0,,180610104,,,,,,,,0,,,,,,4291,,,,,,,,,,,,,,,,,,,,,,,,,,,,,,24,,,,,,0,,,,,,,,,,,,,,,,,,,,,,,,,,,,
2013-12-11,JK1101B9JL6ZTF,Hitachi HDS722020ALA330,2000398934016,0,,0,,,,,,,,1,,,,,,24100,,,,,,,,,,,,,,,,,,,,,,,,,,,,,,25,,,,,,0,,,,,,,,,,,,,,,,,,,,,,,,,,,,
2013-12-11,JK1101B9KNK9WF,Hitachi HDS722020ALA330,2000398934016,0,,131072,,,,,,,,0,,,,,,23100,,,,,,,,,,,,,,,,,,,,,,,,,,,,,,23,,,,,,0,,,,,,,,,,,,,,,,,,,,,,,,,,,,
2013-12-11,MJ1311YNG7LR7A,Hitachi HDS5C3030ALA630,3000592982016,0,,0,,,,,,,,0,,,,,,14310,,,,,,,,,,,,,,,,,,,,,,,,,,,,,,25,,,,,,0,,,,,,,,,,,,,,,,,,,,,,,,,,,,
2013-12-11,6XW03GMZ,ST31500541AS,1500301910016,0,,194786165,,,,,,,,0,,,,,,36444,,,,,,,,,,,,,,,,,,,,,,,,,,,,,,20,,,,,,0,,,,,,,,,,,,,,,,,,,,,,,,,,,,
2013-12-11,JK11A8B9J2MWSF,Hitachi HDS722020ALA330,2000398934016,0,,65536,,,,,,,,0,,,,,,24216,,,,,,,,,,,,,,,,,,,,,,,,,,,,,,28,,,,,,0,,,,,,,,,,,,,,,,,,,,,,,,,,,,
2013-12-11,PL1321LAG33PDH,Hitachi HDS5C4040ALE630,4000787030016,0,,0,,,,,,,,0,,,,,,5959,,,,,,,,,,,,,,,,,,,,,,,,,,,,,,19,,,,,,0,,,,,,,,,,,,,,,,,,,,,,,,,,,,
2013-12-11,5XW03E2Y,ST31500541AS,1500301910016,0,,171326062,,,,,,,,0,,,,,,33410,,,,,,,,,,,,,,,,,,,,,,,,,,,,,,20,,,,,,0,,,,,,,,,,,,,,,,,,,,,,,,,,,,
2013-12-11,JK11A8B9J39YUF,Hitachi HDS722020ALA330,2000398934016,0,,0,,,,,,,,0,,,,,,24431,,,,,,,,,,,,,,,,,,,,,,,,,,,,,,28,,,,,,0,,,,,,,,,,,,,,,,,,,,,,,,,,,,
2013-12-11,W1F0X6SQ,ST3000DM001,3000592982016,0,,167492216,,,,,,,,0,,,,,,11638,,,,,,,,,,,,,,,,,,,,,,,,,,,,,,26,,,,,,0,,,,,,,,,,,,,,,,,,,,,,,,,,,,
2013-12-11,MJ0351YNGA0GLA,Hitachi HDS5C3030ALA630,3000592982016,0,,0,,,,,,,,517,,,,,,8092,,,,,,,,,,,,,,,,,,,,,,,,,,,,,,25,,,,,,0,,,,,,,,,,,,,,,,,,,,,,,,,,,,
2013-12-11,PL1311LAG17K6A,Hitachi HDS5C4040ALE630,4000787030016,0,,0,,,,,,,,0,,,,,,7452,,,,,,,,,,,,,,,,,,,,,,,,,,,,,,22,,,,,,0,,,,,,,,,,,,,,,,,,,,,,,,,,,,
2013-12-11,WD-WCC1T1281421,WDC WD30EFRX,3000592982016,0,,0,,,,,,,,0,,,,,,843,,,,,,,,,,,,,,,,,,,,,,,,,,,,,,23,,,,,,0,,,,,,,,,,,,,,,,,,,,,,,,,,,,
2013-12-11,JK11A8B9J79SNF,Hitachi HDS722020ALA330,2000398934016,0,,0,,,,,,,,1,,,,,,24631,,,,,,,,,,,,,,,,,,,,,,,,,,,,,,25,,,,,,0,,,,,,,,,,,,,,,,,,,,,,,,,,,,
2013-12-11,6XW00ZZV,ST31500541AS,1500301910016,0,,82429005,,,,,,,,0,,,,,,35688,,,,,,,,,,,,,,,,,,,,,,,,,,,,,,20,,,,,,0,,,,,,,,,,,,,,,,,,,,,,,,,,,,
2013-12-11,PL1311LAG3BTUH,Hitachi HDS5C4040ALE630,4000787030016,0,,0,,,,,,,,0,,,,,,5922,,,,,,,,,,,,,,,,,,,,,,,,,,,,,,20,,,,,,0,,,,,,,,,,,,,,,,,,,,,,,,,,,,
2013-12-11,WD-WCC1T1177568,WDC WD30EFRX,3000592982016,0,,0,,,,,,,,0,,,,,,873,,,,,,,,,,,,,,,,,,,,,,,,,,,,,,23,,,,,,0,,,,,,,,,,,,,,,,,,,,,,,,,,,,
2013-12-11,5XW07PSH,ST31500541AS,1500301910016,0,,67333603,,,,,,,,0,,,,,,29423,,,,,,,,,,,,,,,,,,,,,,,,,,,,,,20,,,,,,0,,,,,,,,,,,,,,,,,,,,,,,,,,,,
2013-12-11,MJ0351YNG9UE6A,Hitachi HDS5C3030ALA630,3000592982016,0,,0,,,,,,,,0,,,,,,9274,,,,,,,,,,,,,,,,,,,,,,,,,,,,,,26,,,,,,0,,,,,,,,,,,,,,,,,,,,,,,,,,,,
2013-12-11,MK0301YHGEG36A,Hitachi HDS723030ALA640,3000592982016,0,,0,,,,,,,,0,,,,,,16078,,,,,,,,,,,,,,,,,,,,,,,,,,,,,,27,,,,,,0,,,,,,,,,,,,,,,,,,,,,,,,,,,,
2013-12-11,PL1321LAG356JH,Hitachi HDS5C4040ALE630,4000787030016,0,,0,,,,,,,,0,,,,,,5961,,,,,,,,,,,,,,,,,,,,,,,,,,,,,,17,,,,,,0,,,,,,,,,,,,,,,,,,,,,,,,,,,,
2013-12-11,Z300GPBE,ST4000DM000,4000787030016,0,,160502144,,,,,,,,0,,,,,,3582,,,,,,,,,,,,,,,,,,,,,,,,,,,,,,25,,,,,,0,,,,,,,,,,,,,,,,,,,,,,,,,,,,
2013-12-11,Z300GPBC,ST4000DM000,4000787030016,0,,28214792,,,,,,,,0,,,,,,3625,,,,,,,,,,,,,,,,,,,,,,,,,,,,,,22,,,,,,0,,,,,,,,,,,,,,,,,,,,,,,,,,,,
2013-12-11,PL1311LAG3EEMH,Hitachi HDS5C4040ALE630,4000787030016,0,,0,,,,,,,,0,,,,,,5959,,,,,,,,,,,,,,,,,,,,,,,,,,,,,,16,,,,,,0,,,,,,,,,,,,,,,,,,,,,,,,,,,,
2013-12-11,PL1321LAG3467H,Hitachi HDS5C4040ALE630,4000787030016,0,,0,,,,,,,,0,,,,,,6570,,,,,,,,,,,,,,,,,,,,,,,,,,,,,,26,,,,,,0,,,,,,,,,,,,,,,,,,,,,,,,,,,,
2013-12-11,JK11A8B9J96THF,Hitachi HDS722020ALA330,2000398934016,0,,0,,,,,,,,0,,,,,,25539,,,,,,,,,,,,,,,,,,,,,,,,,,,,,,25,,,,,,0,,,,,,,,,,,,,,,,,,,,,,,,,,,,
2013-12-11,Z300GPBJ,ST4000DM000,4000787030016,0,,39706800,,,,,,,,0,,,,,,3582,,,,,,,,,,,,,,,,,,,,,,,,,,,,,,25,,,,,,0,,,,,,,,,,,,,,,,,,,,,,,,,,,,
2013-12-11,Z300GPBH,ST4000DM000,4000787030016,0,,133386576,,,,,,,,0,,,,,,3621,,,,,,,,,,,,,,,,,,,,,,,,,,,,,,20,,,,,,0,,,,,,,,,,,,,,,,,,,,,,,,,,,,
2013-12-11,PL1301LAG2X5SA,Hitachi HDS5C4040ALE630,4000787030016,0,,0,,,,,,,,0,,,,,,5668,,,,,,,,,,,,,,,,,,,,,,,,,,,,,,18,,,,,,0,,,,,,,,,,,,,,,,,,,,,,,,,,,,
2013-12-11,MJ0351YNGAA0LA,Hitachi HDS5C3030ALA630,3000592982016,0,,0,,,,,,,,0,,,,,,7985,,,,,,,,,,,,,,,,,,,,,,,,,,,,,,27,,,,,,0,,,,,,,,,,,,,,,,,,,,,,,,,,,,
2013-12-11,6XW060Y9,ST31500541AS,1500301910016,0,,143755259,,,,,,,,0,,,,,,36940,,,,,,,,,,,,,,,,,,,,,,,,,,,,,,21,,,,,,0,,,,,,,,,,,,,,,,,,,,,,,,,,,,
2013-12-11,Z300GPBS,ST4000DM000,4000787030016,0,,173748184,,,,,,,,0,,,,,,3362,,,,,,,,,,,,,,,,,,,,,,,,,,,,,,20,,,,,,0,,,,,,,,,,,,,,,,,,,,,,,,,,,,
2013-12-11,JK11A8B9J81AJF,Hitachi HDS722020ALA330,2000398934016,0,,131073,,,,,,,,0,,,,,,26025,,,,,,,,,,,,,,,,,,,,,,,,,,,,,,29,,,,,,0,,,,,,,,,,,,,,,,,,,,,,,,,,,,
2013-12-11,WD-WCAU45651727,WDC WD10EADS,1000204886016,0,,14,,,,,,,,0,,,,,,40522,,,,,,,,,,,,,,,,,,,,,,,,,,,,,,32,,,,,,0,,,,,,,,,,,,,,,,,,,,,,,,,,,,
2013-12-11,Z300GPBZ,ST4000DM000,4000787030016,0,,104099512,,,,,,,,0,,,,,,3583,,,,,,,,,,,,,,,,,,,,,,,,,,,,,,23,,,,,,0,,,,,,,,,,,,,,,,,,,,,,,,,,,,
2013-12-11,JK1130YAGV9SUT,Hitachi HDS722020ALA330,2000398934016,0,,65536,,,,,,,,0,,,,,,25993,,,,,,,,,,,,,,,,,,,,,,,,,,,,,,32,,,,,,0,,,,,,,,,,,,,,,,,,,,,,,,,,,,
2013-12-11,Z300GPBY,ST4000DM000,4000787030016,0,,234090712,,,,,,,,0,,,,,,3581,,,,,,,,,,,,,,,,,,,,,,,,,,,,,,27,,,,,,0,,,,,,,,,,,,,,,,,,,,,,,,,,,,
2013-12-11,6XW05796,ST31500541AS,1500301910016,0,,33445859,,,,,,,,0,,,,,,36442,,,,,,,,,,,,,,,,,,,,,,,,,,,,,,20,,,,,,0,,,,,,,,,,,,,,,,,,,,,,,,,,,,
2013-12-11,S1F07HP8,ST3000DM001,3000592982016,0,,137244752,,,,,,,,0,,,,,,6317,,,,,,,,,,,,,,,,,,,,,,,,,,,,,,19,,,,,,0,,,,,,,,,,,,,,,,,,,,,,,,,,,,
2013-12-11,Z300GPB6,ST4000DM000,4000787030016,0,,188333392,,,,,,,,0,,,,,,3581,,,,,,,,,,,,,,,,,,,,,,,,,,,,,,22,,,,,,0,,,,,,,,,,,,,,,,,,,,,,,,,,,,
2013-12-11,6XW01WJW,ST31500541AS,1500301910016,0,,240115379,,,,,,,,0,,,,,,37443,,,,,,,,,,,,,,,,,,,,,,,,,,,,,,22,,,,,,0,,,,,,,,,,,,,,,,,,,,,,,,,,,,
2013-12-11,Z300GPB1,ST4000DM000,4000787030016,0,,235875088,,,,,,,,0,,,,,,3583,,,,,,,,,,,,,,,,,,,,,,,,,,,,,,26,,,,,,0,,,,,,,,,,,,,,,,,,,,,,,,,,,,
2013-12-11,PL1311LAG24MVA,Hitachi HDS5C4040ALE630,4000787030016,0,,0,,,,,,,,0,,,,,,7760,,,,,,,,,,,,,,,,,,,,,,,,,,,,,,18,,,,,,0,,,,,,,,,,,,,,,,,,,,,,,,,,,,
2013-12-11,W1F0WKE1,ST3000DM001,3000592982016,0,,114702640,,,,,,,,0,,,,,,10726,,,,,,,,,,,,,,,,,,,,,,,,,,,,,,22,,,,,,0,,,,,,,,,,,,,,,,,,,,,,,,,,,,
2013-12-11,6XW060YV,ST31500541AS,1500301910016,0,,48921681,,,,,,,,0,,,,,,37144,,,,,,,,,,,,,,,,,,,,,,,,,,,,,,21,,,,,,0,,,,,,,,,,,,,,,,,,,,,,,,,,,,
2013-12-11,JK11A8B9J4SABF,Hitachi HDS722020ALA330,2000398934016,0,,65536,,,,,,,,0,,,,,,25122,,,,,,,,,,,,,,,,,,,,,,,,,,,,,,33,,,,,,0,,,,,,,,,,,,,,,,,,,,,,,,,,,,
2013-12-11,9VS2AVR5,ST31500341AS,1500301910016,0,,200619587,,,,,,,,3,,,,,,38656,,,,,,,,,,,,,,,,,,,,,,,,,,,,,,23,,,,,,0,,,,,,,,,,,,,,,,,,,,,,,,,,,,
2013-12-11,MJ0351YNG9T11A,Hitachi HDS5C3030ALA630,3000592982016,0,,0,,,,,,,,0,,,,,,8618,,,,,,,,,,,,,,,,,,,,,,,,,,,,,,32,,,,,,0,,,,,,,,,,,,,,,,,,,,,,,,,,,,
2013-12-11,W1F1BRP1,ST3000DM001,3000592982016,0,,92175496,,,,,,,,0,,,,,,8179,,,,,,,,,,,,,,,,,,,,,,,,,,,,,,22,,,,,,0,,,,,,,,,,,,,,,,,,,,,,,,,,,,
2013-12-11,9VS1K1HL,ST31500341AS,1500301910016,0,,85701702,,,,,,,,4,,,,,,40471,,,,,,,,,,,,,,,,,,,,,,,,,,,,,,28,,,,,,0,,,,,,,,,,,,,,,,,,,,,,,,,,,,
2013-12-11,9VS239MS,ST31500341AS,1500301910016,0,,24851326,,,,,,,,957,,,,,,38143,,,,,,,,,,,,,,,,,,,,,,,,,,,,,,32,,,,,,0,,,,,,,,,,,,,,,,,,,,,,,,,,,,
2013-12-11,W300D3HY,ST4000DM000,4000787030016,0,,224480808,,,,,,,,0,,,,,,4290,,,,,,,,,,,,,,,,,,,,,,,,,,,,,,23,,,,,,0,,,,,,,,,,,,,,,,,,,,,,,,,,,,
2013-12-11,WD-WMC1T1610844,WDC WD30EFRX,3000592982016,0,,0,,,,,,,,0,,,,,,7392,,,,,,,,,,,,,,,,,,,,,,,,,,,,,,24,,,,,,0,,,,,,,,,,,,,,,,,,,,,,,,,,,,
2013-12-11,5XW01QQ4,ST31500541AS,1500301910016,0,,1510774,,,,,,,,0,,,,,,34738,,,,,,,,,,,,,,,,,,,,,,,,,,,,,,22,,,,,,0,,,,,,,,,,,,,,,,,,,,,,,,,,,,
2013-12-11,JK11B1YAK4PU6V,Hitachi HDS722020ALA330,2000398934016,0,,0,,,,,,,,0,,,,,,10901,,,,,,,,,,,,,,,,,,,,,,,,,,,,,,31,,,,,,0,,,,,,,,,,,,,,,,,,,,,,,,,,,,
2013-12-11,W3008MDT,ST4000DM000,4000787030016,0,,98795096,,,,,,,,0,,,,,,4146,,,,,,,,,,,,,,,,,,,,,,,,,,,,,,24,,,,,,0,,,,,,,,,,,,,,,,,,,,,,,,,,,,
2013-12-11,JK11A8YBKTLUXF,Hitachi HDS722020ALA330,2000398934016,0,,0,,,,,,,,0,,,,,,27740,,,,,,,,,,,,,,,,,,,,,,,,,,,,,,20,,,,,,0,,,,,,,,,,,,,,,,,,,,,,,,,,,,
2013-12-11,PL1331LAG5B04H,HGST HMS5C4040ALE640,4000787030016,0,,0,,,,,,,,0,,,,,,9402,,,,,,,,,,,,,,,,,,,,,,,,,,,,,,30,,,,,,0,,,,,,,,,,,,,,,,,,,,,,,,,,,,
2013-12-11,MJ0351YNG9V51A,Hitachi HDS5C3030ALA630,3000592982016,0,,0,,,,,,,,0,,,,,,9905,,,,,,,,,,,,,,,,,,,,,,,,,,,,,,26,,,,,,0,,,,,,,,,,,,,,,,,,,,,,,,,,,,
2013-12-11,6XW0YM0A,ST31500541AS,1500301910016,0,,166802952,,,,,,,,0,,,,,,31192,,,,,,,,,,,,,,,,,,,,,,,,,,,,,,22,,,,,,0,,,,,,,,,,,,,,,,,,,,,,,,,,,,
2013-12-11,JK11A8B9J7LSPF,Hitachi HDS722020ALA330,2000398934016,0,,0,,,,,,,,0,,,,,,24632,,,,,,,,,,,,,,,,,,,,,,,,,,,,,,24,,,,,,0,,,,,,,,,,,,,,,,,,,,,,,,,,,,
2013-12-11,PL1321LAGA5ETH,Hitachi HDS5C4040ALE630,4000787030016,0,,0,,,,,,,,0,,,,,,5049,,,,,,,,,,,,,,,,,,,,,,,,,,,,,,31,,,,,,0,,,,,,,,,,,,,,,,,,,,,,,,,,,,
2013-12-11,9XK0D832,ST33000651AS,3000592982016,0,,237882114,,,,,,,,0,,,,,,16747,,,,,,,,,,,,,,,,,,,,,,,,,,,,,,28,,,,,,0,,,,,,,,,,,,,,,,,,,,,,,,,,,,
2013-12-11,MJ0351YNGA8W8A,Hitachi HDS5C3030ALA630,3000592982016,0,,0,,,,,,,,0,,,,,,8619,,,,,,,,,,,,,,,,,,,,,,,,,,,,,,30,,,,,,0,,,,,,,,,,,,,,,,,,,,,,,,,,,,
2013-12-11,5XW1D3WH,ST32000542AS,2000398934016,0,,173439219,,,,,,,,0,,,,,,6895,,,,,,,,,,,,,,,,,,,,,,,,,,,,,,25,,,,,,0,,,,,,,,,,,,,,,,,,,,,,,,,,,,
2013-12-11,JK11A8B9J7ZHVF,Hitachi HDS722020ALA330,2000398934016,0,,0,,,,,,,,0,,,,,,25122,,,,,,,,,,,,,,,,,,,,,,,,,,,,,,30,,,,,,0,,,,,,,,,,,,,,,,,,,,,,,,,,,,
2013-12-11,Z300GQDM,ST4000DM000,4000787030016,0,,96866560,,,,,,,,0,,,,,,3583,,,,,,,,,,,,,,,,,,,,,,,,,,,,,,23,,,,,,0,,,,,,,,,,,,,,,,,,,,,,,,,,,,
2013-12-11,Z300GQDN,ST4000DM000,4000787030016,0,,145074680,,,,,,,,0,,,,,,3582,,,,,,,,,,,,,,,,,,,,,,,,,,,,,,25,,,,,,0,,,,,,,,,,,,,,,,,,,,,,,,,,,,
2013-12-11,Z300PBXY,ST4000DM000,4000787030016,0,,205381104,,,,,,,,0,,,,,,1233,,,,,,,,,,,,,,,,,,,,,,,,,,,,,,20,,,,,,0,,,,,,,,,,,,,,,,,,,,,,,,,,,,
2013-12-11,WD-WCAU45241659,WDC WD10EADS,1000204886016,0,,0,,,,,,,,0,,,,,,41215,,,,,,,,,,,,,,,,,,,,,,,,,,,,,,24,,,,,,0,,,,,,,,,,,,,,,,,,,,,,,,,,,,
2013-12-11,Z300GZX5,ST4000DM000,4000787030016,0,,126994848,,,,,,,,0,,,,,,2901,,,,,,,,,,,,,,,,,,,,,,,,,,,,,,26,,,,,,0,,,,,,,,,,,,,,,,,,,,,,,,,,,,
2013-12-11,9VS2A88M,ST31500341AS,1500301910016,0,,164638644,,,,,,,,75,,,,,,38664,,,,,,,,,,,,,,,,,,,,,,,,,,,,,,25,,,,,,14,,,,,,,,,,,,,,,,,,,,,,,,,,,,
2013-12-11,MJ0351YNG9YVGA,Hitachi HDS5C3030ALA630,3000592982016,0,,0,,,,,,,,0,,,,,,9989,,,,,,,,,,,,,,,,,,,,,,,,,,,,,,27,,,,,,0,,,,,,,,,,,,,,,,,,,,,,,,,,,,
2013-12-11,S1F04ZMD,ST3000DM001,3000592982016,0,,223070880,,,,,,,,0,,,,,,13821,,,,,,,,,,,,,,,,,,,,,,,,,,,,,,20,,,,,,0,,,,,,,,,,,,,,,,,,,,,,,,,,,,
2013-12-11,MJ1311YNG3EN0A,Hitachi HDS5C3030ALA630,3000592982016,0,,0,,,,,,,,0,,,,,,20731,,,,,,,,,,,,,,,,,,,,,,,,,,,,,,24,,,,,,0,,,,,,,,,,,,,,,,,,,,,,,,,,,,
2013-12-11,S1F0QZ0P,ST3000DM001,3000592982016,0,,150167064,,,,,,,,0,,,,,,11684,,,,,,,,,,,,,,,,,,,,,,,,,,,,,,34,,,,,,0,,,,,,,,,,,,,,,,,,,,,,,,,,,,
2013-12-11,WD-WCAU45488861,WDC WD10EADS,1000204886016,0,,0,,,,,,,,0,,,,,,41241,,,,,,,,,,,,,,,,,,,,,,,,,,,,,,25,,,,,,0,,,,,,,,,,,,,,,,,,,,,,,,,,,,
2013-12-11,MK0301YHGKEALA,Hitachi HDS723030ALA640,3000592982016,0,,3,,,,,,,,0,,,,,,16661,,,,,,,,,,,,,,,,,,,,,,,,,,,,,,28,,,,,,0,,,,,,,,,,,,,,,,,,,,,,,,,,,,
2013-12-11,MK0311YHGKD7PA,Hitachi HDS723030ALA640,3000592982016,0,,0,,,,,,,,0,,,,,,14732,,,,,,,,,,,,,,,,,,,,,,,,,,,,,,26,,,,,,0,,,,,,,,,,,,,,,,,,,,,,,,,,,,
2013-12-11,PL1311LAG206LA,Hitachi HDS5C4040ALE630,4000787030016,0,,0,,,,,,,,42,,,,,,7413,,,,,,,,,,,,,,,,,,,,,,,,,,,,,,21,,,,,,0,,,,,,,,,,,,,,,,,,,,,,,,,,,,
2013-12-11,WD-WCAU47207213,WDC WD10EADS,1000204886016,0,,1,,,,,,,,0,,,,,,40827,,,,,,,,,,,,,,,,,,,,,,,,,,,,,,19,,,,,,0,,,,,,,,,,,,,,,,,,,,,,,,,,,,
2013-12-11,JK11A8B9J7LR5F,Hitachi HDS722020ALA330,2000398934016,0,,0,,,,,,,,0,,,,,,24545,,,,,,,,,,,,,,,,,,,,,,,,,,,,,,25,,,,,,0,,,,,,,,,,,,,,,,,,,,,,,,,,,,
2013-12-11,JK11A8B9J8TBVF,Hitachi HDS722020ALA330,2000398934016,0,,0,,,,,,,,3,,,,,,25581,,,,,,,,,,,,,,,,,,,,,,,,,,,,,,23,,,,,,0,,,,,,,,,,,,,,,,,,,,,,,,,,,,
2013-12-11,W300DY71,ST4000DM000,4000787030016,0,,47256600,,,,,,,,0,,,,,,4183,,,,,,,,,,,,,,,,,,,,,,,,,,,,,,22,,,,,,0,,,,,,,,,,,,,,,,,,,,,,,,,,,,
2013-12-11,MJ1311YNG68YSA,Hitachi HDS5C3030ALA630,3000592982016,0,,0,,,,,,,,0,,,,,,14601,,,,,,,,,,,,,,,,,,,,,,,,,,,,,,22,,,,,,0,,,,,,,,,,,,,,,,,,,,,,,,,,,,
2013-12-11,9XK08D1F,ST33000651AS,3000592982016,0,,134566078,,,,,,,,0,,,,,,10755,,,,,,,,,,,,,,,,,,,,,,,,,,,,,,27,,,,,,0,,,,,,,,,,,,,,,,,,,,,,,,,,,,
2013-12-11,JK1101B9J393ZF,Hitachi HDS722020ALA330,2000398934016,0,,262144,,,,,,,,0,,,,,,22703,,,,,,,,,,,,,,,,,,,,,,,,,,,,,,29,,,,,,0,,,,,,,,,,,,,,,,,,,,,,,,,,,,
2013-12-11,MJ1311YNG7ER0A,Hitachi HDS5C3030ALA630,3000592982016,0,,0,,,,,,,,0,,,,,,14310,,,,,,,,,,,,,,,,,,,,,,,,,,,,,,24,,,,,,0,,,,,,,,,,,,,,,,,,,,,,,,,,,,
2013-12-11,5XW0HT95,ST31500541AS,1500301910016,0,,143846135,,,,,,,,0,,,,,,13605,,,,,,,,,,,,,,,,,,,,,,,,,,,,,,22,,,,,,0,,,,,,,,,,,,,,,,,,,,,,,,,,,,
2013-12-11,JK11A8B9J7A31F,Hitachi HDS722020ALA330,2000398934016,0,,0,,,,,,,,0,,,,,,22696,,,,,,,,,,,,,,,,,,,,,,,,,,,,,,27,,,,,,0,,,,,,,,,,,,,,,,,,,,,,,,,,,,
2013-12-11,JK1181YAJ3YBHV,Hitachi HDS722020ALA330,2000398934016,0,,0,,,,,,,,0,,,,,,30256,,,,,,,,,,,,,,,,,,,,,,,,,,,,,,24,,,,,,0,,,,,,,,,,,,,,,,,,,,,,,,,,,,
2013-12-11,JK11A8B9J3A0VF,Hitachi HDS722020ALA330,2000398934016,0,,0,,,,,,,,0,,,,,,23819,,,,,,,,,,,,,,,,,,,,,,,,,,,,,,27,,,,,,0,,,,,,,,,,,,,,,,,,,,,,,,,,,,
2013-12-11,JK1101B9GBXERF,Hitachi HDS722020ALA330,2000398934016,0,,0,,,,,,,,22,,,,,,27158,,,,,,,,,,,,,,,,,,,,,,,,,,,,,,22,,,,,,0,,,,,,,,,,,,,,,,,,,,,,,,,,,,
2013-12-11,Z300MQ78,ST4000DM000,4000787030016,0,,230030696,,,,,,,,0,,,,,,2611,,,,,,,,,,,,,,,,,,,,,,,,,,,,,,22,,,,,,0,,,,,,,,,,,,,,,,,,,,,,,,,,,,
2013-12-11,MK0331YHGL5VKA,Hitachi HDS723030ALA640,3000592982016,0,,0,,,,,,,,0,,,,,,17354,,,,,,,,,,,,,,,,,,,,,,,,,,,,,,25,,,,,,0,,,,,,,,,,,,,,,,,,,,,,,,,,,,
2013-12-11,JK1171B8GNPAPS,Hitachi HDS722020ALA330,2000398934016,0,,0,,,,,,,,0,,,,,,27543,,,,,,,,,,,,,,,,,,,,,,,,,,,,,,25,,,,,,0,,,,,,,,,,,,,,,,,,,,,,,,,,,,
2013-12-11,Z300P9FE,ST4000DM000,4000787030016,0,,231571856,,,,,,,,0,,,,,,1451,,,,,,,,,,,,,,,,,,,,,,,,,,,,,,26,,,,,,0,,,,,,,,,,,,,,,,,,,,,,,,,,,,
2013-12-11,6XW02B5A,ST31500541AS,1500301910016,0,,209793100,,,,,,,,0,,,,,,36542,,,,,,,,,,,,,,,,,,,,,,,,,,,,,,23,,,,,,0,,,,,,,,,,,,,,,,,,,,,,,,,,,,
2013-12-11,S1F0QYK5,ST3000DM001,3000592982016,0,,229123224,,,,,,,,0,,,,,,10502,,,,,,,,,,,,,,,,,,,,,,,,,,,,,,23,,,,,,0,,,,,,,,,,,,,,,,,,,,,,,,,,,,
2013-12-11,6XW02B5K,ST31500541AS,1500301910016,0,,138209001,,,,,,,,0,,,,,,37288,,,,,,,,,,,,,,,,,,,,,,,,,,,,,,24,,,,,,0,,,,,,,,,,,,,,,,,,,,,,,,,,,,
2013-12-11,WD-WCC1T1278392,WDC WD30EFRX,3000592982016,0,,0,,,,,,,,0,,,,,,1184,,,,,,,,,,,,,,,,,,,,,,,,,,,,,,26,,,,,,0,,,,,,,,,,,,,,,,,,,,,,,,,,,,
2013-12-11,PL1311LAG1RV1A,Hitachi HDS5C4040ALE630,4000787030016,0,,0,,,,,,,,0,,,,,,7415,,,,,,,,,,,,,,,,,,,,,,,,,,,,,,24,,,,,,0,,,,,,,,,,,,,,,,,,,,,,,,,,,,
2013-12-11,WD-WCAWZ1076061,WDC WD30EZRX,3000592982016,0,,0,,,,,,,,0,,,,,,12343,,,,,,,,,,,,,,,,,,,,,,,,,,,,,,18,,,,,,0,,,,,,,,,,,,,,,,,,,,,,,,,,,,
2013-12-11,W1F09LL2,ST3000DM001,3000592982016,0,,103836184,,,,,,,,0,,,,,,13359,,,,,,,,,,,,,,,,,,,,,,,,,,,,,,26,,,,,,0,,,,,,,,,,,,,,,,,,,,,,,,,,,,
2013-12-11,PL1311LAG1JNTA,Hitachi HDS5C4040ALE630,4000787030016,0,,0,,,,,,,,0,,,,,,7463,,,,,,,,,,,,,,,,,,,,,,,,,,,,,,23,,,,,,0,,,,,,,,,,,,,,,,,,,,,,,,,,,,
2013-12-11,MJ1311YNG7JVDA,Hitachi HDS5C3030ALA630,3000592982016,0,,0,,,,,,,,0,,,,,,14680,,,,,,,,,,,,,,,,,,,,,,,,,,,,,,28,,,,,,0,,,,,,,,,,,,,,,,,,,,,,,,,,,,
2013-12-11,W1F09LLF,ST3000DM001,3000592982016,0,,159221552,,,,,,,,0,,,,,,13358,,,,,,,,,,,,,,,,,,,,,,,,,,,,,,27,,,,,,0,,,,,,,,,,,,,,,,,,,,,,,,,,,,
2013-12-11,MJ1311YNG0JLJA,Hitachi HDS5C3030ALA630,3000592982016,0,,0,,,,,,,,0,,,,,,20729,,,,,,,,,,,,,,,,,,,,,,,,,,,,,,30,,,,,,0,,,,,,,,,,,,,,,,,,,,,,,,,,,,
2013-12-11,JK1101B9KNNL7F,Hitachi HDS722020ALA330,2000398934016,0,,1,,,,,,,,0,,,,,,23125,,,,,,,,,,,,,,,,,,,,,,,,,,,,,,38,,,,,,0,,,,,,,,,,,,,,,,,,,,,,,,,,,,
2013-12-11,JK11A8B9JR0XKF,Hitachi HDS722020ALA330,2000398934016,0,,0,,,,,,,,0,,,,,,23718,,,,,,,,,,,,,,,,,,,,,,,,,,,,,,29,,,,,,0,,,,,,,,,,,,,,,,,,,,,,,,,,,,
2013-12-11,MN1220F30MALHD,Hitachi HDS723020BLA642,2000398934016,0,,65537,,,,,,,,0,,,,,,15464,,,,,,,,,,,,,,,,,,,,,,,,,,,,,,30,,,,,,0,,,,,,,,,,,,,,,,,,,,,,,,,,,,
2013-12-11,6XW00W87,ST31500541AS,1500301910016,0,,111523981,,,,,,,,123,,,,,,36961,,,,,,,,,,,,,,,,,,,,,,,,,,,,,,22,,,,,,0,,,,,,,,,,,,,,,,,,,,,,,,,,,,
2013-12-11,W300AP1C,ST4000DM000,4000787030016,0,,12568,,,,,,,,0,,,,,,4134,,,,,,,,,,,,,,,,,,,,,,,,,,,,,,23,,,,,,0,,,,,,,,,,,,,,,,,,,,,,,,,,,,
2013-12-11,PL1311LAG3DK0H,Hitachi HDS5C4040ALE630,4000787030016,0,,0,,,,,,,,0,,,,,,5962,,,,,,,,,,,,,,,,,,,,,,,,,,,,,,21,,,,,,0,,,,,,,,,,,,,,,,,,,,,,,,,,,,
2013-12-11,6XW02B56,ST31500541AS,1500301910016,0,,163414350,,,,,,,,0,,,,,,37279,,,,,,,,,,,,,,,,,,,,,,,,,,,,,,24,,,,,,0,,,,,,,,,,,,,,,,,,,,,,,,,,,,
2013-12-11,JK11A8B9HU9LGF,Hitachi HDS722020ALA330,2000398934016,0,,0,,,,,,,,0,,,,,,25120,,,,,,,,,,,,,,,,,,,,,,,,,,,,,,34,,,,,,0,,,,,,,,,,,,,,,,,,,,,,,,,,,,
2013-12-11,MJ1311YNG7KPZA,Hitachi HDS5C3030ALA630,3000592982016,0,,0,,,,,,,,0,,,,,,14624,,,,,,,,,,,,,,,,,,,,,,,,,,,,,,25,,,,,,0,,,,,,,,,,,,,,,,,,,,,,,,,,,,
2013-12-11,9VS1HAK9,ST31500341AS,1500301910016,0,,182640340,,,,,,,,10,,,,,,40405,,,,,,,,,,,,,,,,,,,,,,,,,,,,,,26,,,,,,0,,,,,,,,,,,,,,,,,,,,,,,,,,,,
2013-12-11,Z300MQ7P,ST4000DM000,4000787030016,0,,209875112,,,,,,,,0,,,,,,2900,,,,,,,,,,,,,,,,,,,,,,,,,,,,,,23,,,,,,0,,,,,,,,,,,,,,,,,,,,,,,,,,,,
2013-12-11,PL1311LAG2ZBUA,Hitachi HDS5C4040ALE630,4000787030016,0,,0,,,,,,,,0,,,,,,5958,,,,,,,,,,,,,,,,,,,,,,,,,,,,,,26,,,,,,0,,,,,,,,,,,,,,,,,,,,,,,,,,,,
2013-12-11,6XW0W6KG,ST31500541AS,1500301910016,0,,230995855,,,,,,,,0,,,,,,34172,,,,,,,,,,,,,,,,,,,,,,,,,,,,,,20,,,,,,0,,,,,,,,,,,,,,,,,,,,,,,,,,,,
2013-12-11,JK11A5B8J7SN2X,Hitachi HDS722020ALA330,2000398934016,0,,2,,,,,,,,0,,,,,,22702,,,,,,,,,,,,,,,,,,,,,,,,,,,,,,29,,,,,,0,,,,,,,,,,,,,,,,,,,,,,,,,,,,
2013-12-11,MJ1311YNG6GYGA,Hitachi HDS5C3030ALA630,3000592982016,0,,0,,,,,,,,0,,,,,,17998,,,,,,,,,,,,,,,,,,,,,,,,,,,,,,24,,,,,,0,,,,,,,,,,,,,,,,,,,,,,,,,,,,
2013-12-11,S1F0QXC3,ST3000DM001,3000592982016,0,,222117840,,,,,,,,0,,,,,,11673,,,,,,,,,,,,,,,,,,,,,,,,,,,,,,26,,,,,,0,,,,,,,,,,,,,,,,,,,,,,,,,,,,
2013-12-11,MJ1311YNG5SZMA,Hitachi HDS5C3030ALA630,3000592982016,0,,0,,,,,,,,0,,,,,,14625,,,,,,,,,,,,,,,,,,,,,,,,,,,,,,23,,,,,,0,,,,,,,,,,,,,,,,,,,,,,,,,,,,
2013-12-11,Z1Z05927,ST4000DX000,4000787030016,0,,113235294,,,,,,,,0,,,,,,5077,,,,,,,,,,,,,,,,,,,,,,,,,,,,,,28,,,,,,0,,,,,,,,,,,,,,,,,,,,,,,,,,,,
2013-12-11,Z300J9SK,ST4000DM000,4000787030016,0,,237848312,,,,,,,,0,,,,,,2217,,,,,,,,,,,,,,,,,,,,,,,,,,,,,,23,,,,,,0,,,,,,,,,,,,,,,,,,,,,,,,,,,,
2013-12-11,W1F0PXPM,ST3000DM001,3000592982016,0,,132462264,,,,,,,,0,,,,,,11576,,,,,,,,,,,,,,,,,,,,,,,,,,,,,,25,,,,,,0,,,,,,,,,,,,,,,,,,,,,,,,,,,,
2013-12-11,JK1101B9J3BMHF,Hitachi HDS722020ALA330,2000398934016,0,,0,,,,,,,,0,,,,,,22703,,,,,,,,,,,,,,,,,,,,,,,,,,,,,,25,,,,,,0,,,,,,,,,,,,,,,,,,,,,,,,,,,,
2013-12-11,6XW01P9X,ST31500541AS,1500301910016,0,,20153422,,,,,,,,0,,,,,,34740,,,,,,,,,,,,,,,,,,,,,,,,,,,,,,20,,,,,,0,,,,,,,,,,,,,,,,,,,,,,,,,,,,
2013-12-11,WD-WCAWZ1326112,WDC WD30EZRX,3000592982016,0,,0,,,,,,,,5,,,,,,16062,,,,,,,,,,,,,,,,,,,,,,,,,,,,,,18,,,,,,0,,,,,,,,,,,,,,,,,,,,,,,,,,,,
2013-12-11,MK0311YHG2BAGA,Hitachi HDS723030ALA640,3000592982016,0,,0,,,,,,,,0,,,,,,22347,,,,,,,,,,,,,,,,,,,,,,,,,,,,,,23,,,,,,0,,,,,,,,,,,,,,,,,,,,,,,,,,,,
2013-12-11,JK1105B8GEDERX,Hitachi HDS722020ALA330,2000398934016,0,,0,,,,,,,,0,,,,,,27213,,,,,,,,,,,,,,,,,,,,,,,,,,,,,,27,,,,,,0,,,,,,,,,,,,,,,,,,,,,,,,,,,,
2013-12-11,JK11A8B9J6TJSF,Hitachi HDS722020ALA330,2000398934016,0,,0,,,,,,,,0,,,,,,22699,,,,,,,,,,,,,,,,,,,,,,,,,,,,,,28,,,,,,0,,,,,,,,,,,,,,,,,,,,,,,,,,,,
2013-12-11,S1F0H10P,ST3000DM001,3000592982016,0,,92731672,,,,,,,,0,,,,,,12176,,,,,,,,,,,,,,,,,,,,,,,,,,,,,,30,,,,,,0,,,,,,,,,,,,,,,,,,,,,,,,,,,,
2013-12-11,MK0301YHGMK5PD,Hitachi HDS723030ALA640,3000592982016,0,,0,,,,,,,,0,,,,,,17036,,,,,,,,,,,,,,,,,,,,,,,,,,,,,,27,,,,,,0,,,,,,,,,,,,,,,,,,,,,,,,,,,,
2013-12-11,PL1311LAG3ASBH,Hitachi HDS5C4040ALE630,4000787030016,0,,0,,,,,,,,0,,,,,,6655,,,,,,,,,,,,,,,,,,,,,,,,,,,,,,22,,,,,,0,,,,,,,,,,,,,,,,,,,,,,,,,,,,
2013-12-11,JK1101B8KNBDJS,Hitachi HDS722020ALA330,2000398934016,0,,0,,,,,,,,0,,,,,,23075,,,,,,,,,,,,,,,,,,,,,,,,,,,,,,31,,,,,,0,,,,,,,,,,,,,,,,,,,,,,,,,,,,
2013-12-11,WD-WCAU42439281,WDC WD10EACS,1000204886016,0,,0,,,,,,,,0,,,,,,42797,,,,,,,,,,,,,,,,,,,,,,,,,,,,,,26,,,,,,0,,,,,,,,,,,,,,,,,,,,,,,,,,,,
2013-12-11,JK1101B8JP8WTZ,Hitachi HDS722020ALA330,2000398934016,0,,0,,,,,,,,0,,,,,,24426,,,,,,,,,,,,,,,,,,,,,,,,,,,,,,28,,,,,,0,,,,,,,,,,,,,,,,,,,,,,,,,,,,
2013-12-11,PL1311LAG26VAA,Hitachi HDS5C4040ALE630,4000787030016,0,,0,,,,,,,,0,,,,,,7386,,,,,,,,,,,,,,,,,,,,,,,,,,,,,,25,,,,,,0,,,,,,,,,,,,,,,,,,,,,,,,,,,,
2013-12-11,PL1311LAG25N1A,Hitachi HDS5C4040ALE630,4000787030016,0,,0,,,,,,,,0,,,,,,7402,,,,,,,,,,,,,,,,,,,,,,,,,,,,,,31,,,,,,0,,,,,,,,,,,,,,,,,,,,,,,,,,,,
2013-12-11,6XW039VJ,ST31500541AS,1500301910016,0,,129124058,,,,,,,,0,,,,,,37280,,,,,,,,,,,,,,,,,,,,,,,,,,,,,,23,,,,,,0,,,,,,,,,,,,,,,,,,,,,,,,,,,,
2013-12-11,JK11A8B9J8WA1F,Hitachi HDS722020ALA330,2000398934016,0,,65536,,,,,,,,0,,,,,,25667,,,,,,,,,,,,,,,,,,,,,,,,,,,,,,28,,,,,,0,,,,,,,,,,,,,,,,,,,,,,,,,,,,
2013-12-11,S1F0QXCB,ST3000DM001,3000592982016,0,,86219696,,,,,,,,0,,,,,,11641,,,,,,,,,,,,,,,,,,,,,,,,,,,,,,25,,,,,,0,,,,,,,,,,,,,,,,,,,,,,,,,,,,
2013-12-11,Z300KEPH,ST4000DM000,4000787030016,0,,205113144,,,,,,,,0,,,,,,152,,,,,,,,,,,,,,,,,,,,,,,,,,,,,,25,,,,,,0,,,,,,,,,,,,,,,,,,,,,,,,,,,,
2013-12-11,MJ1321YNG0R5ZA,Hitachi HDS5C3030ALA630,3000592982016,0,,0,,,,,,,,21,,,,,,20480,,,,,,,,,,,,,,,,,,,,,,,,,,,,,,27,,,,,,1,,,,,,,,,,,,,,,,,,,,,,,,,,,,
2013-12-11,MJ0351YNG9VHZA,Hitachi HDS5C3030ALA630,3000592982016,0,,0,,,,,,,,0,,,,,,9721,,,,,,,,,,,,,,,,,,,,,,,,,,,,,,31,,,,,,0,,,,,,,,,,,,,,,,,,,,,,,,,,,,
2013-12-11,Z1F15HYM,ST3000DM001,3000592982016,0,,147127600,,,,,,,,0,,,,,,8313,,,,,,,,,,,,,,,,,,,,,,,,,,,,,,24,,,,,,0,,,,,,,,,,,,,,,,,,,,,,,,,,,,
2013-12-11,PL1311LAG390MH,Hitachi HDS5C4040ALE630,4000787030016,0,,0,,,,,,,,0,,,,,,3631,,,,,,,,,,,,,,,,,,,,,,,,,,,,,,29,,,,,,0,,,,,,,,,,,,,,,,,,,,,,,,,,,,
2013-12-11,W1F0SGAH,ST3000DM001,3000592982016,0,,192641952,,,,,,,,2656,,,,,,11023,,,,,,,,,,,,,,,,,,,,,,,,,,,,,,26,,,,,,0,,,,,,,,,,,,,,,,,,,,,,,,,,,,
2013-12-11,JK1105B8GG3P8X,Hitachi HDS722020ALA330,2000398934016,0,,0,,,,,,,,0,,,,,,27221,,,,,,,,,,,,,,,,,,,,,,,,,,,,,,30,,,,,,0,,,,,,,,,,,,,,,,,,,,,,,,,,,,
2013-12-11,S1F02AF1,ST3000DM001,3000592982016,0,,71362960,,,,,,,,0,,,,,,15266,,,,,,,,,,,,,,,,,,,,,,,,,,,,,,20,,,,,,0,,,,,,,,,,,,,,,,,,,,,,,,,,,,
2013-12-11,MJ1311YNG7LRPA,Hitachi HDS5C3030ALA630,3000592982016,0,,0,,,,,,,,0,,,,,,14288,,,,,,,,,,,,,,,,,,,,,,,,,,,,,,31,,,,,,0,,,,,,,,,,,,,,,,,,,,,,,,,,,,
2013-12-11,W3008VH9,ST4000DM000,4000787030016,0,,132978728,,,,,,,,0,,,,,,4167,,,,,,,,,,,,,,,,,,,,,,,,,,,,,,28,,,,,,0,,,,,,,,,,,,,,,,,,,,,,,,,,,,
2013-12-11,9XW01B9H,ST31500541AS,1500301910016,0,,161743804,,,,,,,,0,,,,,,35658,,,,,,,,,,,,,,,,,,,,,,,,,,,,,,19,,,,,,0,,,,,,,,,,,,,,,,,,,,,,,,,,,,
2013-12-11,S1F02VF5,ST3000DM001,3000592982016,0,,231707144,,,,,,,,0,,,,,,15461,,,,,,,,,,,,,,,,,,,,,,,,,,,,,,22,,,,,,0,,,,,,,,,,,,,,,,,,,,,,,,,,,,
2013-12-11,5XW00T9F,ST31500541AS,1500301910016,0,,70824566,,,,,,,,0,,,,,,36402,,,,,,,,,,,,,,,,,,,,,,,,,,,,,,19,,,,,,0,,,,,,,,,,,,,,,,,,,,,,,,,,,,
2013-12-11,6XW1DB77,ST32000542AS,2000398934016,0,,143597449,,,,,,,,0,,,,,,15217,,,,,,,,,,,,,,,,,,,,,,,,,,,,,,20,,,,,,0,,,,,,,,,,,,,,,,,,,,,,,,,,,,
2013-12-11,MJ1311YNG5X9VA,Hitachi HDS5C3030ALA630,3000592982016,0,,0,,,,,,,,0,,,,,,14574,,,,,,,,,,,,,,,,,,,,,,,,,,,,,,25,,,,,,0,,,,,,,,,,,,,,,,,,,,,,,,,,,,
2013-12-11,PL1311LAG3BU2H,Hitachi HDS5C4040ALE630,4000787030016,0,,0,,,,,,,,0,,,,,,5949,,,,,,,,,,,,,,,,,,,,,,,,,,,,,,23,,,,,,0,,,,,,,,,,,,,,,,,,,,,,,,,,,,
2013-12-11,9XW01XYE,ST31500541AS,1500301910016,0,,161957913,,,,,,,,0,,,,,,34754,,,,,,,,,,,,,,,,,,,,,,,,,,,,,,19,,,,,,0,,,,,,,,,,,,,,,,,,,,,,,,,,,,
2013-12-11,5XW0EKGN,ST32000542AS,2000398934016,0,,135434434,,,,,,,,0,,,,,,5649,,,,,,,,,,,,,,,,,,,,,,,,,,,,,,21,,,,,,0,,,,,,,,,,,,,,,,,,,,,,,,,,,,
2013-12-11,MJ0351YNG9URPA,Hitachi HDS5C3030ALA630,3000592982016,0,,0,,,,,,,,0,,,,,,9469,,,,,,,,,,,,,,,,,,,,,,,,,,,,,,27,,,,,,0,,,,,,,,,,,,,,,,,,,,,,,,,,,,
2013-12-11,WD-WMC1T1818441,WDC WD30EFRX,3000592982016,0,,0,,,,,,,,0,,,,,,7390,,,,,,,,,,,,,,,,,,,,,,,,,,,,,,25,,,,,,0,,,,,,,,,,,,,,,,,,,,,,,,,,,,
2013-12-11,Z300X0XJ,ST4000DM000,4000787030016,0,,177810664,,,,,,,,0,,,,,,945,,,,,,,,,,,,,,,,,,,,,,,,,,,,,,25,,,,,,0,,,,,,,,,,,,,,,,,,,,,,,,,,,,
2013-12-11,MJ1311YNG4R16A,Hitachi HDS5C3030ALA630,3000592982016,0,,0,,,,,,,,0,,,,,,14310,,,,,,,,,,,,,,,,,,,,,,,,,,,,,,26,,,,,,0,,,,,,,,,,,,,,,,,,,,,,,,,,,,
2013-12-11,MJ0351YNGAAGYA,Hitachi HDS5C3030ALA630,3000592982016,0,,0,,,,,,,,0,,,,,,8613,,,,,,,,,,,,,,,,,,,,,,,,,,,,,,33,,,,,,0,,,,,,,,,,,,,,,,,,,,,,,,,,,,
2013-12-11,MJ1311YNG5NABA,Hitachi HDS5C3030ALA630,3000592982016,0,,0,,,,,,,,0,,,,,,14624,,,,,,,,,,,,,,,,,,,,,,,,,,,,,,22,,,,,,0,,,,,,,,,,,,,,,,,,,,,,,,,,,,
2013-12-11,JK11A8B9J3113F,Hitachi HDS722020ALA330,2000398934016,0,,0,,,,,,,,0,,,,,,24432,,,,,,,,,,,,,,,,,,,,,,,,,,,,,,29,,,,,,0,,,,,,,,,,,,,,,,,,,,,,,,,,,,
2013-12-11,W3006204,ST4000DM000,4000787030016,0,,87339680,,,,,,,,0,,,,,,2875,,,,,,,,,,,,,,,,,,,,,,,,,,,,,,22,,,,,,0,,,,,,,,,,,,,,,,,,,,,,,,,,,,
2013-12-11,MJ1311YNG3825A,Hitachi HDS5C3030ALA630,3000592982016,0,,0,,,,,,,,0,,,,,,18405,,,,,,,,,,,,,,,,,,,,,,,,,,,,,,23,,,,,,0,,,,,,,,,,,,,,,,,,,,,,,,,,,,
2013-12-11,Z1F0X1Y2,ST3000DM001,3000592982016,0,,171114344,,,,,,,,0,,,,,,4380,,,,,,,,,,,,,,,,,,,,,,,,,,,,,,25,,,,,,0,,,,,,,,,,,,,,,,,,,,,,,,,,,,
2013-12-11,JK1101B9KLNPJF,Hitachi HDS722020ALA330,2000398934016,0,,0,,,,,,,,0,,,,,,23100,,,,,,,,,,,,,,,,,,,,,,,,,,,,,,22,,,,,,0,,,,,,,,,,,,,,,,,,,,,,,,,,,,
2013-12-11,6XW03Y38,ST31500541AS,1500301910016,0,,77063088,,,,,,,,0,,,,,,37442,,,,,,,,,,,,,,,,,,,,,,,,,,,,,,21,,,,,,0,,,,,,,,,,,,,,,,,,,,,,,,,,,,
2013-12-11,S1F024Q7,ST3000DM001,3000592982016,0,,30021424,,,,,,,,0,,,,,,13868,,,,,,,,,,,,,,,,,,,,,,,,,,,,,,27,,,,,,0,,,,,,,,,,,,,,,,,,,,,,,,,,,,
2013-12-11,JK1101B9KN1T4F,Hitachi HDS722020ALA330,2000398934016,0,,0,,,,,,,,0,,,,,,23074,,,,,,,,,,,,,,,,,,,,,,,,,,,,,,33,,,,,,0,,,,,,,,,,,,,,,,,,,,,,,,,,,,
2013-12-11,S1F024Q5,ST3000DM001,3000592982016,0,,226251056,,,,,,,,0,,,,,,16200,,,,,,,,,,,,,,,,,,,,,,,,,,,,,,20,,,,,,0,,,,,,,,,,,,,,,,,,,,,,,,,,,,
2013-12-11,WD-WMC4N1062444,WDC WD30EFRX,3000592982016,0,,0,,,,,,,,0,,,,,,324,,,,,,,,,,,,,,,,,,,,,,,,,,,,,,19,,,,,,0,,,,,,,,,,,,,,,,,,,,,,,,,,,,
2013-12-11,MJ0351YNGA6NBA,Hitachi HDS5C3030ALA630,3000592982016,0,,0,,,,,,,,0,,,,,,8661,,,,,,,,,,,,,,,,,,,,,,,,,,,,,,28,,,,,,0,,,,,,,,,,,,,,,,,,,,,,,,,,,,
2013-12-11,MJ0351YNGA6EVA,Hitachi HDS5C3030ALA630,3000592982016,0,,0,,,,,,,,0,,,,,,8618,,,,,,,,,,,,,,,,,,,,,,,,,,,,,,33,,,,,,0,,,,,,,,,,,,,,,,,,,,,,,,,,,,
2013-12-11,S1F0SBBW,ST3000DM001,3000592982016,0,,43210888,,,,,,,,0,,,,,,11639,,,,,,,,,,,,,,,,,,,,,,,,,,,,,,25,,,,,,0,,,,,,,,,,,,,,,,,,,,,,,,,,,,
2013-12-11,MJ0351YNGAD34A,Hitachi HDS5C3030ALA630,3000592982016,0,,0,,,,,,,,0,,,,,,8214,,,,,,,,,,,,,,,,,,,,,,,,,,,,,,29,,,,,,0,,,,,,,,,,,,,,,,,,,,,,,,,,,,
2013-12-11,WD-WMC1T1137658,WDC WD30EFRX,3000592982016,0,,0,,,,,,,,0,,,,,,8839,,,,,,,,,,,,,,,,,,,,,,,,,,,,,,28,,,,,,0,,,,,,,,,,,,,,,,,,,,,,,,,,,,
2013-12-11,Z300K15M,ST4000DM000,4000787030016,0,,153391608,,,,,,,,0,,,,,,2238,,,,,,,,,,,,,,,,,,,,,,,,,,,,,,19,,,,,,0,,,,,,,,,,,,,,,,,,,,,,,,,,,,
2013-12-11,JK1105B8GG422X,Hitachi HDS722020ALA330,2000398934016,0,,0,,,,,,,,7,,,,,,27221,,,,,,,,,,,,,,,,,,,,,,,,,,,,,,28,,,,,,0,,,,,,,,,,,,,,,,,,,,,,,,,,,,
2013-12-11,JK1171YAK1UWYN,Hitachi HDS722020ALA330,2000398934016,0,,0,,,,,,,,0,,,,,,29668,,,,,,,,,,,,,,,,,,,,,,,,,,,,,,30,,,,,,0,,,,,,,,,,,,,,,,,,,,,,,,,,,,
2013-12-11,Z300WW6C,ST4000DM000,4000787030016,0,,126578328,,,,,,,,0,,,,,,799,,,,,,,,,,,,,,,,,,,,,,,,,,,,,,22,,,,,,0,,,,,,,,,,,,,,,,,,,,,,,,,,,,
2013-12-11,MJ0351YNG9XTEA,Hitachi HDS5C3030ALA630,3000592982016,0,,0,,,,,,,,0,,,,,,9904,,,,,,,,,,,,,,,,,,,,,,,,,,,,,,26,,,,,,0,,,,,,,,,,,,,,,,,,,,,,,,,,,,
2013-12-11,S1F0J61R,ST3000DM001,3000592982016,0,,15361080,,,,,,,,0,,,,,,12174,,,,,,,,,,,,,,,,,,,,,,,,,,,,,,28,,,,,,0,,,,,,,,,,,,,,,,,,,,,,,,,,,,
2013-12-11,JK11A8B9J79BEF,Hitachi HDS722020ALA330,2000398934016,0,,0,,,,,,,,0,,,,,,23577,,,,,,,,,,,,,,,,,,,,,,,,,,,,,,24,,,,,,0,,,,,,,,,,,,,,,,,,,,,,,,,,,,
2013-12-11,MJ0351YNGA5ATA,Hitachi HDS5C3030ALA630,3000592982016,0,,0,,,,,,,,0,,,,,,8639,,,,,,,,,,,,,,,,,,,,,,,,,,,,,,28,,,,,,0,,,,,,,,,,,,,,,,,,,,,,,,,,,,
2013-12-11,MJ1311YNG5VDJA,Hitachi HDS5C3030ALA630,3000592982016,0,,0,,,,,,,,0,,,,,,14683,,,,,,,,,,,,,,,,,,,,,,,,,,,,,,21,,,,,,0,,,,,,,,,,,,,,,,,,,,,,,,,,,,
2013-12-11,JK11A8B9J2UHUF,Hitachi HDS722020ALA330,2000398934016,0,,0,,,,,,,,0,,,,,,23711,,,,,,,,,,,,,,,,,,,,,,,,,,,,,,27,,,,,,0,,,,,,,,,,,,,,,,,,,,,,,,,,,,
2013-12-11,JK1101B8GEZ2ZZ,Hitachi HDS722020ALA330,2000398934016,0,,0,,,,,,,,1,,,,,,27541,,,,,,,,,,,,,,,,,,,,,,,,,,,,,,26,,,,,,0,,,,,,,,,,,,,,,,,,,,,,,,,,,,
2013-12-11,6XW0XWVP,ST31500541AS,1500301910016,0,,53103210,,,,,,,,0,,,,,,30056,,,,,,,,,,,,,,,,,,,,,,,,,,,,,,24,,,,,,0,,,,,,,,,,,,,,,,,,,,,,,,,,,,
2013-12-11,MJ1323YNG1BZUC,Hitachi HDS5C3030ALA630,3000592982016,0,,0,,,,,,,,0,,,,,,19630,,,,,,,,,,,,,,,,,,,,,,,,,,,,,,24,,,,,,0,,,,,,,,,,,,,,,,,,,,,,,,,,,,
2013-12-11,MJ1323YNG1H31C,Hitachi HDS5C3030ALA630,3000592982016,0,,0,,,,,,,,0,,,,,,20503,,,,,,,,,,,,,,,,,,,,,,,,,,,,,,29,,,,,,0,,,,,,,,,,,,,,,,,,,,,,,,,,,,
2013-12-11,Z300X3TQ,ST4000DM000,4000787030016,0,,138062472,,,,,,,,0,,,,,,109,,,,,,,,,,,,,,,,,,,,,,,,,,,,,,22,,,,,,0,,,,,,,,,,,,,,,,,,,,,,,,,,,,
2013-12-11,PL1311LAG2B8LH,Hitachi HDS5C4040ALE630,4000787030016,0,,0,,,,,,,,0,,,,,,6993,,,,,,,,,,,,,,,,,,,,,,,,,,,,,,24,,,,,,0,,,,,,,,,,,,,,,,,,,,,,,,,,,,
2013-12-11,PL1311LAG3EHNH,Hitachi HDS5C4040ALE630,4000787030016,0,,0,,,,,,,,0,,,,,,5052,,,,,,,,,,,,,,,,,,,,,,,,,,,,,,26,,,,,,0,,,,,,,,,,,,,,,,,,,,,,,,,,,,
2013-12-11,S1F11KQW,ST3000DM001,3000592982016,0,,56439760,,,,,,,,0,,,,,,7994,,,,,,,,,,,,,,,,,,,,,,,,,,,,,,15,,,,,,0,,,,,,,,,,,,,,,,,,,,,,,,,,,,
2013-12-11,Z300GZEA,ST4000DM000,4000787030016,0,,24450400,,,,,,,,0,,,,,,3652,,,,,,,,,,,,,,,,,,,,,,,,,,,,,,25,,,,,,0,,,,,,,,,,,,,,,,,,,,,,,,,,,,
2013-12-11,Z300GZED,ST4000DM000,4000787030016,0,,82354024,,,,,,,,0,,,,,,3588,,,,,,,,,,,,,,,,,,,,,,,,,,,,,,25,,,,,,0,,,,,,,,,,,,,,,,,,,,,,,,,,,,
2013-12-11,Z300GZEG,ST4000DM000,4000787030016,0,,233470360,,,,,,,,0,,,,,,3583,,,,,,,,,,,,,,,,,,,,,,,,,,,,,,25,,,,,,0,,,,,,,,,,,,,,,,,,,,,,,,,,,,
2013-12-11,Z300GZEF,ST4000DM000,4000787030016,0,,227177096,,,,,,,,0,,,,,,3584,,,,,,,,,,,,,,,,,,,,,,,,,,,,,,25,,,,,,0,,,,,,,,,,,,,,,,,,,,,,,,,,,,
2013-12-11,Z300GZEH,ST4000DM000,4000787030016,0,,46001456,,,,,,,,0,,,,,,3627,,,,,,,,,,,,,,,,,,,,,,,,,,,,,,20,,,,,,0,,,,,,,,,,,,,,,,,,,,,,,,,,,,
2013-12-11,Z300GZEK,ST4000DM000,4000787030016,0,,241856288,,,,,,,,0,,,,,,3586,,,,,,,,,,,,,,,,,,,,,,,,,,,,,,21,,,,,,0,,,,,,,,,,,,,,,,,,,,,,,,,,,,
2013-12-11,Z300GZEN,ST4000DM000,4000787030016,0,,50472368,,,,,,,,0,,,,,,3586,,,,,,,,,,,,,,,,,,,,,,,,,,,,,,21,,,,,,0,,,,,,,,,,,,,,,,,,,,,,,,,,,,
2013-12-11,Z300GZEQ,ST4000DM000,4000787030016,0,,230448928,,,,,,,,0,,,,,,3627,,,,,,,,,,,,,,,,,,,,,,,,,,,,,,23,,,,,,0,,,,,,,,,,,,,,,,,,,,,,,,,,,,
2013-12-11,Z300GZEP,ST4000DM000,4000787030016,0,,224194776,,,,,,,,0,,,,,,3627,,,,,,,,,,,,,,,,,,,,,,,,,,,,,,23,,,,,,0,,,,,,,,,,,,,,,,,,,,,,,,,,,,
2013-12-11,Z300GZES,ST4000DM000,4000787030016,0,,231392104,,,,,,,,0,,,,,,3582,,,,,,,,,,,,,,,,,,,,,,,,,,,,,,23,,,,,,0,,,,,,,,,,,,,,,,,,,,,,,,,,,,
2013-12-11,Z300GZET,ST4000DM000,4000787030016,0,,148556224,,,,,,,,0,,,,,,3588,,,,,,,,,,,,,,,,,,,,,,,,,,,,,,25,,,,,,0,,,,,,,,,,,,,,,,,,,,,,,,,,,,
2013-12-11,Z300GZEZ,ST4000DM000,4000787030016,0,,110305856,,,,,,,,0,,,,,,3580,,,,,,,,,,,,,,,,,,,,,,,,,,,,,,24,,,,,,0,,,,,,,,,,,,,,,,,,,,,,,,,,,,
2013-12-11,Z300JDVK,ST4000DM000,4000787030016,0,,4627528,,,,,,,,0,,,,,,2241,,,,,,,,,,,,,,,,,,,,,,,,,,,,,,21,,,,,,0,,,,,,,,,,,,,,,,,,,,,,,,,,,,
2013-12-11,6XW004T2,ST31500541AS,1500301910016,0,,130967218,,,,,,,,0,,,,,,37436,,,,,,,,,,,,,,,,,,,,,,,,,,,,,,23,,,,,,0,,,,,,,,,,,,,,,,,,,,,,,,,,,,
2013-12-11,Z300GZE3,ST4000DM000,4000787030016,0,,112963184,,,,,,,,0,,,,,,3346,,,,,,,,,,,,,,,,,,,,,,,,,,,,,,21,,,,,,0,,,,,,,,,,,,,,,,,,,,,,,,,,,,
2013-12-11,WD-WCC1T1271272,WDC WD30EFRX,3000592982016,0,,0,,,,,,,,0,,,,,,683,,,,,,,,,,,,,,,,,,,,,,,,,,,,,,21,,,,,,0,,,,,,,,,,,,,,,,,,,,,,,,,,,,
2013-12-11,Z300GZE7,ST4000DM000,4000787030016,0,,48826568,,,,,,,,0,,,,,,3583,,,,,,,,,,,,,,,,,,,,,,,,,,,,,,22,,,,,,0,,,,,,,,,,,,,,,,,,,,,,,,,,,,
2013-12-11,Z300GZE9,ST4000DM000,4000787030016,0,,63232224,,,,,,,,0,,,,,,3583,,,,,,,,,,,,,,,,,,,,,,,,,,,,,,23,,,,,,0,,,,,,,,,,,,,,,,,,,,,,,,,,,,
2013-12-11,JK1101B9JNMZAF,Hitachi HDS722020ALA330,2000398934016,0,,0,,,,,,,,0,,,,,,23320,,,,,,,,,,,,,,,,,,,,,,,,,,,,,,30,,,,,,0,,,,,,,,,,,,,,,,,,,,,,,,,,,,
2013-12-11,Z300JDVS,ST4000DM000,4000787030016,0,,18036832,,,,,,,,0,,,,,,2241,,,,,,,,,,,,,,,,,,,,,,,,,,,,,,21,,,,,,0,,,,,,,,,,,,,,,,,,,,,,,,,,,,
2013-12-11,JK11A4B8JR51SW,Hitachi HDS722020ALA330,2000398934016,0,,0,,,,,,,,0,,,,,,23821,,,,,,,,,,,,,,,,,,,,,,,,,,,,,,35,,,,,,0,,,,,,,,,,,,,,,,,,,,,,,,,,,,
2013-12-11,S1F048PK,ST3000DM001,3000592982016,0,,233349880,,,,,,,,0,,,,,,16199,,,,,,,,,,,,,,,,,,,,,,,,,,,,,,25,,,,,,0,,,,,,,,,,,,,,,,,,,,,,,,,,,,
2013-12-11,MJ1321YNG14SKA,Hitachi HDS5C3030ALA630,3000592982016,0,,0,,,,,,,,0,,,,,,19373,,,,,,,,,,,,,,,,,,,,,,,,,,,,,,23,,,,,,0,,,,,,,,,,,,,,,,,,,,,,,,,,,,
2013-12-11,S1F0R3LG,ST3000DM001,3000592982016,0,,16262776,,,,,,,,0,,,,,,11639,,,,,,,,,,,,,,,,,,,,,,,,,,,,,,27,,,,,,0,,,,,,,,,,,,,,,,,,,,,,,,,,,,
2013-12-11,WD-WMAWZ0285933,WDC WD30EZRX,3000592982016,0,,0,,,,,,,,0,,,,,,12703,,,,,,,,,,,,,,,,,,,,,,,,,,,,,,20,,,,,,0,,,,,,,,,,,,,,,,,,,,,,,,,,,,
2013-12-11,PL1321LAG345PH,Hitachi HDS5C4040ALE630,4000787030016,0,,0,,,,,,,,0,,,,,,5125,,,,,,,,,,,,,,,,,,,,,,,,,,,,,,27,,,,,,0,,,,,,,,,,,,,,,,,,,,,,,,,,,,
2013-12-11,S1F049R5,ST3000DM001,3000592982016,0,,110871120,,,,,,,,0,,,,,,16198,,,,,,,,,,,,,,,,,,,,,,,,,,,,,,26,,,,,,0,,,,,,,,,,,,,,,,,,,,,,,,,,,,
2013-12-11,JK11A8B9JR1N2F,Hitachi HDS722020ALA330,2000398934016,0,,0,,,,,,,,0,,,,,,24112,,,,,,,,,,,,,,,,,,,,,,,,,,,,,,25,,,,,,0,,,,,,,,,,,,,,,,,,,,,,,,,,,,
2013-12-11,WD-WCAWZ1221259,WDC WD30EZRX,3000592982016,0,,0,,,,,,,,0,,,,,,16127,,,,,,,,,,,,,,,,,,,,,,,,,,,,,,23,,,,,,0,,,,,,,,,,,,,,,,,,,,,,,,,,,,
2013-12-11,PL1321LAG348PH,Hitachi HDS5C4040ALE630,4000787030016,0,,0,,,,,,,,0,,,,,,5668,,,,,,,,,,,,,,,,,,,,,,,,,,,,,,20,,,,,,0,,,,,,,,,,,,,,,,,,,,,,,,,,,,
2013-12-11,MJ0351YNGABXMA,Hitachi HDS5C3030ALA630,3000592982016,0,,0,,,,,,,,0,,,,,,8617,,,,,,,,,,,,,,,,,,,,,,,,,,,,,,30,,,,,,0,,,,,,,,,,,,,,,,,,,,,,,,,,,,
2013-12-11,Z300KH2N,ST4000DM000,4000787030016,0,,44796144,,,,,,,,0,,,,,,1225,,,,,,,,,,,,,,,,,,,,,,,,,,,,,,23,,,,,,0,,,,,,,,,,,,,,,,,,,,,,,,,,,,
2013-12-11,PL1311LAG3GA3H,Hitachi HDS5C4040ALE630,4000787030016,0,,0,,,,,,,,0,,,,,,5962,,,,,,,,,,,,,,,,,,,,,,,,,,,,,,21,,,,,,0,,,,,,,,,,,,,,,,,,,,,,,,,,,,
2013-12-11,MJ1323YNG1PZ2C,Hitachi HDS5C3030ALA630,3000592982016,0,,131072,,,,,,,,0,,,,,,19310,,,,,,,,,,,,,,,,,,,,,,,,,,,,,,24,,,,,,0,,,,,,,,,,,,,,,,,,,,,,,,,,,,
2013-12-11,6XW00CWX,ST31500541AS,1500301910016,0,,30485033,,,,,,,,0,,,,,,36918,,,,,,,,,,,,,,,,,,,,,,,,,,,,,,21,,,,,,0,,,,,,,,,,,,,,,,,,,,,,,,,,,,
2013-12-11,MJ1311YNG68YHA,Hitachi HDS5C3030ALA630,3000592982016,0,,0,,,,,,,,0,,,,,,14593,,,,,,,,,,,,,,,,,,,,,,,,,,,,,,23,,,,,,0,,,,,,,,,,,,,,,,,,,,,,,,,,,,
2013-12-11,JK1105B8JMJ60X,Hitachi HDS722020ALA330,2000398934016,0,,0,,,,,,,,0,,,,,,22685,,,,,,,,,,,,,,,,,,,,,,,,,,,,,,25,,,,,,0,,,,,,,,,,,,,,,,,,,,,,,,,,,,
2013-12-11,JK11A8B9JNVGXF,Hitachi HDS722020ALA330,2000398934016,0,,0,,,,,,,,0,,,,,,23948,,,,,,,,,,,,,,,,,,,,,,,,,,,,,,23,,,,,,0,,,,,,,,,,,,,,,,,,,,,,,,,,,,
2013-12-11,JK11A8B9J3UZDF,Hitachi HDS722020ALA330,2000398934016,0,,65536,,,,,,,,0,,,,,,23125,,,,,,,,,,,,,,,,,,,,,,,,,,,,,,38,,,,,,0,,,,,,,,,,,,,,,,,,,,,,,,,,,,
2013-12-11,6XW0VW98,ST31500541AS,1500301910016,0,,194220575,,,,,,,,0,,,,,,33257,,,,,,,,,,,,,,,,,,,,,,,,,,,,,,19,,,,,,0,,,,,,,,,,,,,,,,,,,,,,,,,,,,
2013-12-11,S1F049RX,ST3000DM001,3000592982016,0,,155771080,,,,,,,,0,,,,,,13355,,,,,,,,,,,,,,,,,,,,,,,,,,,,,,25,,,,,,0,,,,,,,,,,,,,,,,,,,,,,,,,,,,
2013-12-11,Z1F1AGW1,ST3000DM001,3000592982016,0,,93862992,,,,,,,,0,,,,,,8162,,,,,,,,,,,,,,,,,,,,,,,,,,,,,,28,,,,,,0,,,,,,,,,,,,,,,,,,,,,,,,,,,,
2013-12-11,6XW1RGDV,ST31500541AS,1500301910016,0,,11730849,,,,,,,,0,,,,,,14967,,,,,,,,,,,,,,,,,,,,,,,,,,,,,,16,,,,,,0,,,,,,,,,,,,,,,,,,,,,,,,,,,,
2013-12-11,9VS3JPFL,ST31500341AS,1500301910016,0,,106846669,,,,,,,,15,,,,,,30420,,,,,,,,,,,,,,,,,,,,,,,,,,,,,,24,,,,,,0,,,,,,,,,,,,,,,,,,,,,,,,,,,,
2013-12-11,MJ0351YNG9W9WA,Hitachi HDS5C3030ALA630,3000592982016,0,,0,,,,,,,,0,,,,,,9974,,,,,,,,,,,,,,,,,,,,,,,,,,,,,,23,,,,,,0,,,,,,,,,,,,,,,,,,,,,,,,,,,,
2013-12-11,MJ0351YNG9YZEA,Hitachi HDS5C3030ALA630,3000592982016,0,,0,,,,,,,,0,,,,,,10000,,,,,,,,,,,,,,,,,,,,,,,,,,,,,,31,,,,,,0,,,,,,,,,,,,,,,,,,,,,,,,,,,,
2013-12-11,W1F0Z4W7,ST3000DM001,3000592982016,0,,135177984,,,,,,,,0,,,,,,10760,,,,,,,,,,,,,,,,,,,,,,,,,,,,,,25,,,,,,0,,,,,,,,,,,,,,,,,,,,,,,,,,,,
2013-12-11,MJ1323YNG1RZ6C,Hitachi HDS5C3030ALA630,3000592982016,0,,4194304,,,,,,,,0,,,,,,19728,,,,,,,,,,,,,,,,,,,,,,,,,,,,,,25,,,,,,0,,,,,,,,,,,,,,,,,,,,,,,,,,,,
2013-12-11,9VS28QPR,ST31500341AS,1500301910016,0,,234492244,,,,,,,,1,,,,,,38493,,,,,,,,,,,,,,,,,,,,,,,,,,,,,,22,,,,,,0,,,,,,,,,,,,,,,,,,,,,,,,,,,,
2013-12-11,W300AJAV,ST4000DM000,4000787030016,0,,123127456,,,,,,,,0,,,,,,1703,,,,,,,,,,,,,,,,,,,,,,,,,,,,,,21,,,,,,0,,,,,,,,,,,,,,,,,,,,,,,,,,,,
2013-12-11,PL1321LAG349VH,Hitachi HDS5C4040ALE630,4000787030016,0,,0,,,,,,,,0,,,,,,6648,,,,,,,,,,,,,,,,,,,,,,,,,,,,,,19,,,,,,0,,,,,,,,,,,,,,,,,,,,,,,,,,,,
2013-12-11,W1F0HYT8,ST3000DM001,3000592982016,0,,101747320,,,,,,,,0,,,,,,11755,,,,,,,,,,,,,,,,,,,,,,,,,,,,,,28,,,,,,0,,,,,,,,,,,,,,,,,,,,,,,,,,,,
2013-12-11,JK1101B9JNT1UU,Hitachi HDS722020ALA330,2000398934016,0,,0,,,,,,,,0,,,,,,23990,,,,,,,,,,,,,,,,,,,,,,,,,,,,,,26,,,,,,0,,,,,,,,,,,,,,,,,,,,,,,,,,,,
2013-12-11,6XW00H27,ST31500541AS,1500301910016,0,,210152652,,,,,,,,0,,,,,,36425,,,,,,,,,,,,,,,,,,,,,,,,,,,,,,19,,,,,,0,,,,,,,,,,,,,,,,,,,,,,,,,,,,
2013-12-11,W3004W70,ST4000DM000,4000787030016,0,,174832192,,,,,,,,0,,,,,,2879,,,,,,,,,,,,,,,,,,,,,,,,,,,,,,19,,,,,,0,,,,,,,,,,,,,,,,,,,,,,,,,,,,
2013-12-11,6XW04CVM,ST31500541AS,1500301910016,0,,717199,,,,,,,,0,,,,,,37062,,,,,,,,,,,,,,,,,,,,,,,,,,,,,,21,,,,,,0,,,,,,,,,,,,,,,,,,,,,,,,,,,,
2013-12-11,JK1171B8GNP0WS,Hitachi HDS722020ALA330,2000398934016,0,,0,,,,,,,,0,,,,,,26492,,,,,,,,,,,,,,,,,,,,,,,,,,,,,,27,,,,,,0,,,,,,,,,,,,,,,,,,,,,,,,,,,,
2013-12-11,JK11A8B9J8H5AF,Hitachi HDS722020ALA330,2000398934016,0,,1,,,,,,,,0,,,,,,24983,,,,,,,,,,,,,,,,,,,,,,,,,,,,,,29,,,,,,0,,,,,,,,,,,,,,,,,,,,,,,,,,,,
2013-12-11,S1F0S57T,ST3000DM001,3000592982016,0,,105011744,,,,,,,,0,,,,,,10727,,,,,,,,,,,,,,,,,,,,,,,,,,,,,,27,,,,,,0,,,,,,,,,,,,,,,,,,,,,,,,,,,,
2013-12-11,W1F08J3K,ST3000DM001,3000592982016,0,,211206248,,,,,,,,0,,,,,,13914,,,,,,,,,,,,,,,,,,,,,,,,,,,,,,22,,,,,,0,,,,,,,,,,,,,,,,,,,,,,,,,,,,
2013-12-11,6XW042QL,ST31500541AS,1500301910016,0,,194648975,,,,,,,,0,,,,,,36375,,,,,,,,,,,,,,,,,,,,,,,,,,,,,,21,,,,,,0,,,,,,,,,,,,,,,,,,,,,,,,,,,,
2013-12-11,W1F06ELX,ST3000DM001,3000592982016,0,,82310920,,,,,,,,0,,,,,,10736,,,,,,,,,,,,,,,,,,,,,,,,,,,,,,24,,,,,,0,,,,,,,,,,,,,,,,,,,,,,,,,,,,
2013-12-11,JK11A8B9J747NF,Hitachi HDS722020ALA330,2000398934016,0,,0,,,,,,,,0,,,,,,24914,,,,,,,,,,,,,,,,,,,,,,,,,,,,,,28,,,,,,0,,,,,,,,,,,,,,,,,,,,,,,,,,,,
2013-12-11,WD-WCAWZ0812335,WDC WD30EZRX,3000592982016,0,,0,,,,,,,,0,,,,,,8663,,,,,,,,,,,,,,,,,,,,,,,,,,,,,,23,,,,,,0,,,,,,,,,,,,,,,,,,,,,,,,,,,,
2013-12-11,JK11A8B9J7T85F,Hitachi HDS722020ALA330,2000398934016,0,,0,,,,,,,,0,,,,,,24913,,,,,,,,,,,,,,,,,,,,,,,,,,,,,,31,,,,,,0,,,,,,,,,,,,,,,,,,,,,,,,,,,,
2013-12-11,WD-WMC1T1854576,WDC WD30EFRX,3000592982016,0,,0,,,,,,,,0,,,,,,7390,,,,,,,,,,,,,,,,,,,,,,,,,,,,,,25,,,,,,0,,,,,,,,,,,,,,,,,,,,,,,,,,,,
2013-12-11,MJ1323YNG1EK6C,Hitachi HDS5C3030ALA630,3000592982016,0,,191,,,,,,,,0,,,,,,19731,,,,,,,,,,,,,,,,,,,,,,,,,,,,,,22,,,,,,0,,,,,,,,,,,,,,,,,,,,,,,,,,,,
2013-12-11,5XW0365Q,ST31500541AS,1500301910016,0,,38854216,,,,,,,,0,,,,,,36445,,,,,,,,,,,,,,,,,,,,,,,,,,,,,,19,,,,,,0,,,,,,,,,,,,,,,,,,,,,,,,,,,,
2013-12-11,MJ1321YNG0J3MA,Hitachi HDS5C3030ALA630,3000592982016,0,,0,,,,,,,,0,,,,,,20067,,,,,,,,,,,,,,,,,,,,,,,,,,,,,,25,,,,,,0,,,,,,,,,,,,,,,,,,,,,,,,,,,,
2013-12-11,JK11A8B9J3AM7F,Hitachi HDS722020ALA330,2000398934016,0,,0,,,,,,,,0,,,,,,23946,,,,,,,,,,,,,,,,,,,,,,,,,,,,,,26,,,,,,0,,,,,,,,,,,,,,,,,,,,,,,,,,,,
2013-12-11,S1F06JDV,ST3000DM001,3000592982016,0,,126956768,,,,,,,,0,,,,,,13342,,,,,,,,,,,,,,,,,,,,,,,,,,,,,,28,,,,,,0,,,,,,,,,,,,,,,,,,,,,,,,,,,,
2013-12-11,PL1311LAG2894H,Hitachi HDS5C4040ALE630,4000787030016,0,,0,,,,,,,,0,,,,,,6655,,,,,,,,,,,,,,,,,,,,,,,,,,,,,,17,,,,,,0,,,,,,,,,,,,,,,,,,,,,,,,,,,,
2013-12-11,MK0313YHGJWV2C,Hitachi HDS723030ALA640,3000592982016,0,,3604504,,,,,,,,0,,,,,,21459,,,,,,,,,,,,,,,,,,,,,,,,,,,,,,27,,,,,,0,,,,,,,,,,,,,,,,,,,,,,,,,,,,
2013-12-11,MK0311YHGGMJWA,Hitachi HDS723030ALA640,3000592982016,0,,0,,,,,,,,0,,,,,,14732,,,,,,,,,,,,,,,,,,,,,,,,,,,,,,25,,,,,,0,,,,,,,,,,,,,,,,,,,,,,,,,,,,
2013-12-11,S1F06JDK,ST3000DM001,3000592982016,0,,52221264,,,,,,,,0,,,,,,13342,,,,,,,,,,,,,,,,,,,,,,,,,,,,,,29,,,,,,0,,,,,,,,,,,,,,,,,,,,,,,,,,,,
2013-12-11,Z300CNW6,ST4000DM000,4000787030016,0,,150031800,,,,,,,,0,,,,,,2240,,,,,,,,,,,,,,,,,,,,,,,,,,,,,,23,,,,,,0,,,,,,,,,,,,,,,,,,,,,,,,,,,,
2013-12-11,S1F0B6A6,ST3000DM001,3000592982016,0,,46431208,,,,,,,,0,,,,,,12840,,,,,,,,,,,,,,,,,,,,,,,,,,,,,,27,,,,,,0,,,,,,,,,,,,,,,,,,,,,,,,,,,,
2013-12-11,MJ0351YNG9UVNA,Hitachi HDS5C3030ALA630,3000592982016,0,,0,,,,,,,,0,,,,,,8883,,,,,,,,,,,,,,,,,,,,,,,,,,,,,,31,,,,,,0,,,,,,,,,,,,,,,,,,,,,,,,,,,,
2013-12-11,MJ0351YNGA907A,Hitachi HDS5C3030ALA630,3000592982016,0,,0,,,,,,,,0,,,,,,8214,,,,,,,,,,,,,,,,,,,,,,,,,,,,,,30,,,,,,0,,,,,,,,,,,,,,,,,,,,,,,,,,,,
2013-12-11,JK1171B9HKV00T,Hitachi HDS722020ALA330,2000398934016,0,,4,,,,,,,,0,,,,,,24306,,,,,,,,,,,,,,,,,,,,,,,,,,,,,,27,,,,,,0,,,,,,,,,,,,,,,,,,,,,,,,,,,,
2013-12-11,S1F0S52P,ST3000DM001,3000592982016,0,,231763648,,,,,,,,0,,,,,,10771,,,,,,,,,,,,,,,,,,,,,,,,,,,,,,21,,,,,,0,,,,,,,,,,,,,,,,,,,,,,,,,,,,
2013-12-11,MJ0351YNG9YT6A,Hitachi HDS5C3030ALA630,3000592982016,0,,0,,,,,,,,0,,,,,,9974,,,,,,,,,,,,,,,,,,,,,,,,,,,,,,24,,,,,,0,,,,,,,,,,,,,,,,,,,,,,,,,,,,
2013-12-11,JK11A8B9J7XA7F,Hitachi HDS722020ALA330,2000398934016,0,,131072,,,,,,,,0,,,,,,24913,,,,,,,,,,,,,,,,,,,,,,,,,,,,,,25,,,,,,0,,,,,,,,,,,,,,,,,,,,,,,,,,,,
2013-12-11,WD-WCC1T1239639,WDC WD30EFRX,3000592982016,0,,0,,,,,,,,0,,,,,,1449,,,,,,,,,,,,,,,,,,,,,,,,,,,,,,21,,,,,,0,,,,,,,,,,,,,,,,,,,,,,,,,,,,
2013-12-11,MJ0351YNG9WL8A,Hitachi HDS5C3030ALA630,3000592982016,0,,0,,,,,,,,0,,,,,,9475,,,,,,,,,,,,,,,,,,,,,,,,,,,,,,26,,,,,,0,,,,,,,,,,,,,,,,,,,,,,,,,,,,
2013-12-11,Z300XE9R,ST4000DM000,4000787030016,0,,18964872,,,,,,,,0,,,,,,920,,,,,,,,,,,,,,,,,,,,,,,,,,,,,,21,,,,,,0,,,,,,,,,,,,,,,,,,,,,,,,,,,,
2013-12-11,S1F0T2MY,ST3000DM001,3000592982016,0,,92358312,,,,,,,,184,,,,,,10835,,,,,,,,,,,,,,,,,,,,,,,,,,,,,,30,,,,,,0,,,,,,,,,,,,,,,,,,,,,,,,,,,,
2013-12-11,W1F0M4A5,ST3000DM001,3000592982016,0,,231624488,,,,,,,,0,,,,,,10938,,,,,,,,,,,,,,,,,,,,,,,,,,,,,,26,,,,,,0,,,,,,,,,,,,,,,,,,,,,,,,,,,,
2013-12-11,MJ1311YNG3ELEA,Hitachi HDS5C3030ALA630,3000592982016,0,,0,,,,,,,,0,,,,,,18939,,,,,,,,,,,,,,,,,,,,,,,,,,,,,,26,,,,,,0,,,,,,,,,,,,,,,,,,,,,,,,,,,,
2013-12-11,W1F095Z4,ST3000DM001,3000592982016,0,,193678688,,,,,,,,0,,,,,,13795,,,,,,,,,,,,,,,,,,,,,,,,,,,,,,28,,,,,,0,,,,,,,,,,,,,,,,,,,,,,,,,,,,
2013-12-11,WD-WCAWZ1849069,WDC WD30EZRX,3000592982016,0,,0,,,,,,,,0,,,,,,10126,,,,,,,,,,,,,,,,,,,,,,,,,,,,,,21,,,,,,0,,,,,,,,,,,,,,,,,,,,,,,,,,,,
2013-12-11,PL1311LAG25Z9A,Hitachi HDS5C4040ALE630,4000787030016,0,,0,,,,,,,,0,,,,,,7402,,,,,,,,,,,,,,,,,,,,,,,,,,,,,,22,,,,,,0,,,,,,,,,,,,,,,,,,,,,,,,,,,,
2013-12-11,Z300PJZ7,ST4000DM000,4000787030016,0,,183829840,,,,,,,,0,,,,,,1226,,,,,,,,,,,,,,,,,,,,,,,,,,,,,,23,,,,,,0,,,,,,,,,,,,,,,,,,,,,,,,,,,,
2013-12-11,Z1Z044LE,ST4000DX000,4000787030016,0,,237266929,,,,,,,,0,,,,,,5379,,,,,,,,,,,,,,,,,,,,,,,,,,,,,,23,,,,,,0,,,,,,,,,,,,,,,,,,,,,,,,,,,,
2013-12-11,MK0311YHGLWY3A,Hitachi HDS723030ALA640,3000592982016,0,,0,,,,,,,,0,,,,,,16805,,,,,,,,,,,,,,,,,,,,,,,,,,,,,,25,,,,,,0,,,,,,,,,,,,,,,,,,,,,,,,,,,,
2013-12-11,MK0303YHGJWTXC,Hitachi HDS723030ALA640,3000592982016,0,,0,,,,,,,,0,,,,,,16733,,,,,,,,,,,,,,,,,,,,,,,,,,,,,,30,,,,,,0,,,,,,,,,,,,,,,,,,,,,,,,,,,,
2013-12-11,MJ1321YNG0GKXA,Hitachi HDS5C3030ALA630,3000592982016,0,,0,,,,,,,,0,,,,,,20509,,,,,,,,,,,,,,,,,,,,,,,,,,,,,,26,,,,,,0,,,,,,,,,,,,,,,,,,,,,,,,,,,,
2013-12-11,MJ1311YNG3DHSA,Hitachi HDS5C3030ALA630,3000592982016,0,,0,,,,,,,,0,,,,,,19252,,,,,,,,,,,,,,,,,,,,,,,,,,,,,,23,,,,,,0,,,,,,,,,,,,,,,,,,,,,,,,,,,,
2013-12-11,6XW1HQ9D,ST31500541AS,1500301910016,0,,155944723,,,,,,,,0,,,,,,11754,,,,,,,,,,,,,,,,,,,,,,,,,,,,,,19,,,,,,0,,,,,,,,,,,,,,,,,,,,,,,,,,,,
2013-12-11,6XW041LP,ST31500541AS,1500301910016,0,,173670701,,,,,,,,0,,,,,,36941,,,,,,,,,,,,,,,,,,,,,,,,,,,,,,20,,,,,,0,,,,,,,,,,,,,,,,,,,,,,,,,,,,
2013-12-11,Z300K8YF,ST4000DM000,4000787030016,0,,54009392,,,,,,,,0,,,,,,1871,,,,,,,,,,,,,,,,,,,,,,,,,,,,,,24,,,,,,0,,,,,,,,,,,,,,,,,,,,,,,,,,,,
2013-12-11,S1F06TRB,ST3000DM001,3000592982016,0,,243283296,,,,,,,,0,,,,,,14237,,,,,,,,,,,,,,,,,,,,,,,,,,,,,,22,,,,,,0,,,,,,,,,,,,,,,,,,,,,,,,,,,,
2013-12-11,S1F0TQP1,ST3000DM001,3000592982016,0,,208789040,,,,,,,,0,,,,,,10726,,,,,,,,,,,,,,,,,,,,,,,,,,,,,,25,,,,,,0,,,,,,,,,,,,,,,,,,,,,,,,,,,,
2013-12-11,JK11A4B8JR2G1W,Hitachi HDS722020ALA330,2000398934016,0,,0,,,,,,,,0,,,,,,23821,,,,,,,,,,,,,,,,,,,,,,,,,,,,,,25,,,,,,0,,,,,,,,,,,,,,,,,,,,,,,,,,,,
2013-12-11,W300BBGC,ST4000DM000,4000787030016,0,,131022536,,,,,,,,0,,,,,,4136,,,,,,,,,,,,,,,,,,,,,,,,,,,,,,23,,,,,,0,,,,,,,,,,,,,,,,,,,,,,,,,,,,
2013-12-11,S1F0RM77,ST3000DM001,3000592982016,0,,139627424,,,,,,,,0,,,,,,8652,,,,,,,,,,,,,,,,,,,,,,,,,,,,,,25,,,,,,0,,,,,,,,,,,,,,,,,,,,,,,,,,,,
2013-12-11,S1F06KNQ,ST3000DM001,3000592982016,0,,202045600,,,,,,,,0,,,,,,14235,,,,,,,,,,,,,,,,,,,,,,,,,,,,,,21,,,,,,0,,,,,,,,,,,,,,,,,,,,,,,,,,,,
2013-12-11,W300BKDV,ST4000DM000,4000787030016,0,,109887336,,,,,,,,0,,,,,,4166,,,,,,,,,,,,,,,,,,,,,,,,,,,,,,25,,,,,,0,,,,,,,,,,,,,,,,,,,,,,,,,,,,
2013-12-11,Z300NQYD,ST4000DM000,4000787030016,0,,142010320,,,,,,,,0,,,,,,1233,,,,,,,,,,,,,,,,,,,,,,,,,,,,,,20,,,,,,0,,,,,,,,,,,,,,,,,,,,,,,,,,,,
2013-12-11,W300BBG0,ST4000DM000,4000787030016,0,,117116584,,,,,,,,0,,,,,,1331,,,,,,,,,,,,,,,,,,,,,,,,,,,,,,21,,,,,,0,,,,,,,,,,,,,,,,,,,,,,,,,,,,
2013-12-11,JK1101YAK90VHV,Hitachi HDS722020ALA330,2000398934016,0,,196613,,,,,,,,0,,,,,,29654,,,,,,,,,,,,,,,,,,,,,,,,,,,,,,24,,,,,,0,,,,,,,,,,,,,,,,,,,,,,,,,,,,
2013-12-11,S1F0313N,ST3000DM001,3000592982016,0,,1118472,,,,,,,,0,,,,,,15619,,,,,,,,,,,,,,,,,,,,,,,,,,,,,,25,,,,,,0,,,,,,,,,,,,,,,,,,,,,,,,,,,,
2013-12-11,JK11A4B8J7S21W,Hitachi HDS722020ALA330,2000398934016,0,,0,,,,,,,,0,,,,,,26010,,,,,,,,,,,,,,,,,,,,,,,,,,,,,,28,,,,,,0,,,,,,,,,,,,,,,,,,,,,,,,,,,,
2013-12-11,S1F0313E,ST3000DM001,3000592982016,0,,127881424,,,,,,,,0,,,,,,15592,,,,,,,,,,,,,,,,,,,,,,,,,,,,,,21,,,,,,0,,,,,,,,,,,,,,,,,,,,,,,,,,,,
2013-12-11,JK11A5B8HRGM7X,Hitachi HDS722020ALA330,2000398934016,0,,262149,,,,,,,,0,,,,,,23636,,,,,,,,,,,,,,,,,,,,,,,,,,,,,,26,,,,,,0,,,,,,,,,,,,,,,,,,,,,,,,,,,,
2013-12-11,5XW06L4B,ST31500541AS,1500301910016,0,,133247963,,,,,,,,0,,,,,,24671,,,,,,,,,,,,,,,,,,,,,,,,,,,,,,21,,,,,,0,,,,,,,,,,,,,,,,,,,,,,,,,,,,
2013-12-11,9XK0QL7G,ST33000651AS,3000592982016,0,,96721233,,,,,,,,0,,,,,,17740,,,,,,,,,,,,,,,,,,,,,,,,,,,,,,23,,,,,,0,,,,,,,,,,,,,,,,,,,,,,,,,,,,
2013-12-11,JK11A8YBKSL0RF,Hitachi HDS722020ALA330,2000398934016,0,,0,,,,,,,,0,,,,,,27844,,,,,,,,,,,,,,,,,,,,,,,,,,,,,,28,,,,,,0,,,,,,,,,,,,,,,,,,,,,,,,,,,,
2013-12-11,Z1F0LDLS,ST3000DM001,3000592982016,0,,108643352,,,,,,,,0,,,,,,12015,,,,,,,,,,,,,,,,,,,,,,,,,,,,,,26,,,,,,0,,,,,,,,,,,,,,,,,,,,,,,,,,,,
2013-12-11,MJ1311YNG5S9JA,Hitachi HDS5C3030ALA630,3000592982016,0,,0,,,,,,,,0,,,,,,9843,,,,,,,,,,,,,,,,,,,,,,,,,,,,,,25,,,,,,0,,,,,,,,,,,,,,,,,,,,,,,,,,,,
2013-12-11,WD-WMC1T1850689,WDC WD30EFRX,3000592982016,0,,47,,,,,,,,0,,,,,,3510,,,,,,,,,,,,,,,,,,,,,,,,,,,,,,21,,,,,,2,,,,,,,,,,,,,,,,,,,,,,,,,,,,
2013-12-11,JK11A8B9J2XP9F,Hitachi HDS722020ALA330,2000398934016,0,,0,,,,,,,,0,,,,,,24431,,,,,,,,,,,,,,,,,,,,,,,,,,,,,,28,,,,,,0,,,,,,,,,,,,,,,,,,,,,,,,,,,,
2013-12-11,9XW01T3V,ST31500541AS,1500301910016,0,,162396704,,,,,,,,0,,,,,,33609,,,,,,,,,,,,,,,,,,,,,,,,,,,,,,20,,,,,,0,,,,,,,,,,,,,,,,,,,,,,,,,,,,
2013-12-11,6XW04K1V,ST31500541AS,1500301910016,0,,35399663,,,,,,,,0,,,,,,36402,,,,,,,,,,,,,,,,,,,,,,,,,,,,,,19,,,,,,0,,,,,,,,,,,,,,,,,,,,,,,,,,,,
2013-12-11,W1F09X6M,ST3000DM001,3000592982016,0,,158811992,,,,,,,,0,,,,,,13372,,,,,,,,,,,,,,,,,,,,,,,,,,,,,,20,,,,,,0,,,,,,,,,,,,,,,,,,,,,,,,,,,,
2013-12-11,MJ0351YNG9WPTA,Hitachi HDS5C3030ALA630,3000592982016,0,,0,,,,,,,,0,,,,,,9525,,,,,,,,,,,,,,,,,,,,,,,,,,,,,,33,,,,,,0,,,,,,,,,,,,,,,,,,,,,,,,,,,,
2013-12-11,JK11A8B9J7J0VF,Hitachi HDS722020ALA330,2000398934016,0,,2,,,,,,,,0,,,,,,24914,,,,,,,,,,,,,,,,,,,,,,,,,,,,,,27,,,,,,0,,,,,,,,,,,,,,,,,,,,,,,,,,,,
2013-12-11,PL1311LAG39ZGH,Hitachi HDS5C4040ALE630,4000787030016,0,,0,,,,,,,,0,,,,,,5962,,,,,,,,,,,,,,,,,,,,,,,,,,,,,,19,,,,,,0,,,,,,,,,,,,,,,,,,,,,,,,,,,,
2013-12-11,JK11A8B9HWJB7F,Hitachi HDS722020ALA330,2000398934016,0,,0,,,,,,,,0,,,,,,23828,,,,,,,,,,,,,,,,,,,,,,,,,,,,,,29,,,,,,0,,,,,,,,,,,,,,,,,,,,,,,,,,,,
2013-12-11,9XW01T3B,ST31500541AS,1500301910016,0,,40888472,,,,,,,,117,,,,,,35439,,,,,,,,,,,,,,,,,,,,,,,,,,,,,,21,,,,,,0,,,,,,,,,,,,,,,,,,,,,,,,,,,,
2013-12-11,W300D8ZD,ST4000DM000,4000787030016,0,,144555288,,,,,,,,0,,,,,,4290,,,,,,,,,,,,,,,,,,,,,,,,,,,,,,24,,,,,,0,,,,,,,,,,,,,,,,,,,,,,,,,,,,
2013-12-11,6XW03CJ9,ST31500541AS,1500301910016,0,,37527988,,,,,,,,0,,,,,,36070,,,,,,,,,,,,,,,,,,,,,,,,,,,,,,17,,,,,,0,,,,,,,,,,,,,,,,,,,,,,,,,,,,
2013-12-11,Z300XEB1,ST4000DM000,4000787030016,0,,106962264,,,,,,,,0,,,,,,920,,,,,,,,,,,,,,,,,,,,,,,,,,,,,,18,,,,,,0,,,,,,,,,,,,,,,,,,,,,,,,,,,,
2013-12-11,9VS4LB55,ST31500341AS,1500301910016,0,,47974776,,,,,,,,3,,,,,,23019,,,,,,,,,,,,,,,,,,,,,,,,,,,,,,28,,,,,,0,,,,,,,,,,,,,,,,,,,,,,,,,,,,
2013-12-11,MJ0351YNG9W1GA,Hitachi HDS5C3030ALA630,3000592982016,0,,0,,,,,,,,0,,,,,,9913,,,,,,,,,,,,,,,,,,,,,,,,,,,,,,34,,,,,,0,,,,,,,,,,,,,,,,,,,,,,,,,,,,
2013-12-11,PL1311LAG3DRVH,Hitachi HDS5C4040ALE630,4000787030016,0,,0,,,,,,,,0,,,,,,5304,,,,,,,,,,,,,,,,,,,,,,,,,,,,,,27,,,,,,0,,,,,,,,,,,,,,,,,,,,,,,,,,,,
2013-12-11,6XW02DJC,ST31500541AS,1500301910016,0,,186047534,,,,,,,,0,,,,,,34740,,,,,,,,,,,,,,,,,,,,,,,,,,,,,,20,,,,,,0,,,,,,,,,,,,,,,,,,,,,,,,,,,,
2013-12-11,PL1311LAG387SH,Hitachi HDS5C4040ALE630,4000787030016,0,,0,,,,,,,,0,,,,,,5069,,,,,,,,,,,,,,,,,,,,,,,,,,,,,,28,,,,,,0,,,,,,,,,,,,,,,,,,,,,,,,,,,,
2013-12-11,W1F15P5F,ST3000DM001,3000592982016,0,,100793184,,,,,,,,0,,,,,,8177,,,,,,,,,,,,,,,,,,,,,,,,,,,,,,23,,,,,,0,,,,,,,,,,,,,,,,,,,,,,,,,,,,
2013-12-11,MJ1323YNG1PBTC,Hitachi HDS5C3030ALA630,3000592982016,0,,0,,,,,,,,0,,,,,,19763,,,,,,,,,,,,,,,,,,,,,,,,,,,,,,30,,,,,,0,,,,,,,,,,,,,,,,,,,,,,,,,,,,
2013-12-11,JK11A8B9J82X1F,Hitachi HDS722020ALA330,2000398934016,0,,0,,,,,,,,0,,,,,,25120,,,,,,,,,,,,,,,,,,,,,,,,,,,,,,34,,,,,,0,,,,,,,,,,,,,,,,,,,,,,,,,,,,
2013-12-11,JK11A8B9J3HAGF,Hitachi HDS722020ALA330,2000398934016,0,,0,,,,,,,,5,,,,,,23125,,,,,,,,,,,,,,,,,,,,,,,,,,,,,,39,,,,,,0,,,,,,,,,,,,,,,,,,,,,,,,,,,,
2013-12-11,WD-WCAU45485835,WDC WD10EADS,1000204886016,0,,8,,,,,,,,0,,,,,,41379,,,,,,,,,,,,,,,,,,,,,,,,,,,,,,28,,,,,,0,,,,,,,,,,,,,,,,,,,,,,,,,,,,
2013-12-11,5XW0X3SQ,ST32000542AS,2000398934016,0,,195354418,,,,,,,,0,,,,,,15216,,,,,,,,,,,,,,,,,,,,,,,,,,,,,,23,,,,,,0,,,,,,,,,,,,,,,,,,,,,,,,,,,,
2013-12-11,W1F15P5S,ST3000DM001,3000592982016,0,,160884368,,,,,,,,0,,,,,,7991,,,,,,,,,,,,,,,,,,,,,,,,,,,,,,19,,,,,,0,,,,,,,,,,,,,,,,,,,,,,,,,,,,
2013-12-11,WD-WCAU47261896,WDC WD10EADS,1000204886016,0,,1,,,,,,,,0,,,,,,40879,,,,,,,,,,,,,,,,,,,,,,,,,,,,,,27,,,,,,0,,,,,,,,,,,,,,,,,,,,,,,,,,,,
2013-12-11,MJ1323YNG1PH6C,Hitachi HDS5C3030ALA630,3000592982016,0,,0,,,,,,,,0,,,,,,19310,,,,,,,,,,,,,,,,,,,,,,,,,,,,,,26,,,,,,0,,,,,,,,,,,,,,,,,,,,,,,,,,,,
2013-12-11,JK11A5B8J1Y92X,Hitachi HDS722020ALA330,2000398934016,0,,0,,,,,,,,0,,,,,,23821,,,,,,,,,,,,,,,,,,,,,,,,,,,,,,24,,,,,,0,,,,,,,,,,,,,,,,,,,,,,,,,,,,
2013-12-11,PL1311LAG3DL9H,Hitachi HDS5C4040ALE630,4000787030016,0,,0,,,,,,,,0,,,,,,6070,,,,,,,,,,,,,,,,,,,,,,,,,,,,,,22,,,,,,0,,,,,,,,,,,,,,,,,,,,,,,,,,,,
2013-12-11,W300BLNY,ST4000DM000,4000787030016,0,,13427976,,,,,,,,0,,,,,,4136,,,,,,,,,,,,,,,,,,,,,,,,,,,,,,21,,,,,,0,,,,,,,,,,,,,,,,,,,,,,,,,,,,
2013-12-11,Z1F0L7PX,ST3000DM001,3000592982016,0,,48747440,,,,,,,,0,,,,,,12024,,,,,,,,,,,,,,,,,,,,,,,,,,,,,,30,,,,,,0,,,,,,,,,,,,,,,,,,,,,,,,,,,,
2013-12-11,W1F0TLSX,ST3000DM001,3000592982016,0,,214591048,,,,,,,,0,,,,,,10770,,,,,,,,,,,,,,,,,,,,,,,,,,,,,,25,,,,,,0,,,,,,,,,,,,,,,,,,,,,,,,,,,,
2013-12-11,JK1175YAK92M8X,Hitachi HDS722020ALA330,2000398934016,0,,0,,,,,,,,0,,,,,,29654,,,,,,,,,,,,,,,,,,,,,,,,,,,,,,28,,,,,,0,,,,,,,,,,,,,,,,,,,,,,,,,,,,
2013-12-11,PL1321LAG35EEH,Hitachi HDS5C4040ALE630,4000787030016,0,,0,,,,,,,,3,,,,,,6568,,,,,,,,,,,,,,,,,,,,,,,,,,,,,,30,,,,,,0,,,,,,,,,,,,,,,,,,,,,,,,,,,,
2013-12-11,JK11A8B9J39GJF,Hitachi HDS722020ALA330,2000398934016,0,,0,,,,,,,,0,,,,,,24493,,,,,,,,,,,,,,,,,,,,,,,,,,,,,,33,,,,,,0,,,,,,,,,,,,,,,,,,,,,,,,,,,,
2013-12-11,W300B0Z7,ST4000DM000,4000787030016,0,,220266976,,,,,,,,0,,,,,,4139,,,,,,,,,,,,,,,,,,,,,,,,,,,,,,23,,,,,,0,,,,,,,,,,,,,,,,,,,,,,,,,,,,
2013-12-11,JK1105B8GGA9ZX,Hitachi HDS722020ALA330,2000398934016,0,,0,,,,,,,,0,,,,,,27168,,,,,,,,,,,,,,,,,,,,,,,,,,,,,,33,,,,,,0,,,,,,,,,,,,,,,,,,,,,,,,,,,,
2013-12-11,WD-WCAWZ0487212,WDC WD30EZRX,3000592982016,0,,6,,,,,,,,0,,,,,,15645,,,,,,,,,,,,,,,,,,,,,,,,,,,,,,20,,,,,,5,,,,,,,,,,,,,,,,,,,,,,,,,,,,
2013-12-11,MJ0351YNGA0BSA,Hitachi HDS5C3030ALA630,3000592982016,0,,0,,,,,,,,0,,,,,,9315,,,,,,,,,,,,,,,,,,,,,,,,,,,,,,30,,,,,,0,,,,,,,,,,,,,,,,,,,,,,,,,,,,
2013-12-11,PL1311LAG3DALH,Hitachi HDS5C4040ALE630,4000787030016,0,,0,,,,,,,,0,,,,,,5668,,,,,,,,,,,,,,,,,,,,,,,,,,,,,,21,,,,,,0,,,,,,,,,,,,,,,,,,,,,,,,,,,,
2013-12-11,Z300VN1Z,ST4000DM000,4000787030016,0,,197535752,,,,,,,,0,,,,,,612,,,,,,,,,,,,,,,,,,,,,,,,,,,,,,23,,,,,,0,,,,,,,,,,,,,,,,,,,,,,,,,,,,
2013-12-11,MJ0351YNG9Y03A,Hitachi HDS5C3030ALA630,3000592982016,0,,262148,,,,,,,,0,,,,,,8093,,,,,,,,,,,,,,,,,,,,,,,,,,,,,,22,,,,,,0,,,,,,,,,,,,,,,,,,,,,,,,,,,,
2013-12-11,S1F02YTM,ST3000DM001,3000592982016,0,,164024360,,,,,,,,0,,,,,,15346,,,,,,,,,,,,,,,,,,,,,,,,,,,,,,24,,,,,,0,,,,,,,,,,,,,,,,,,,,,,,,,,,,
2013-12-11,MJ1311YNG39AXA,Hitachi HDS5C3030ALA630,3000592982016,0,,0,,,,,,,,0,,,,,,19325,,,,,,,,,,,,,,,,,,,,,,,,,,,,,,27,,,,,,0,,,,,,,,,,,,,,,,,,,,,,,,,,,,
2013-12-11,S1F02YTZ,ST3000DM001,3000592982016,0,,113793872,,,,,,,,0,,,,,,16150,,,,,,,,,,,,,,,,,,,,,,,,,,,,,,18,,,,,,8,,,,,,,,,,,,,,,,,,,,,,,,,,,,
2013-12-11,6XW0ARQR,ST31500541AS,1500301910016,0,,132201317,,,,,,,,203,,,,,,21860,,,,,,,,,,,,,,,,,,,,,,,,,,,,,,20,,,,,,0,,,,,,,,,,,,,,,,,,,,,,,,,,,,
2013-12-11,MJ0351YNG9U14A,Hitachi HDS5C3030ALA630,3000592982016,0,,0,,,,,,,,0,,,,,,9719,,,,,,,,,,,,,,,,,,,,,,,,,,,,,,30,,,,,,0,,,,,,,,,,,,,,,,,,,,,,,,,,,,
2013-12-11,Z1F1AGLA,ST3000DM001,3000592982016,0,,163525256,,,,,,,,0,,,,,,8162,,,,,,,,,,,,,,,,,,,,,,,,,,,,,,27,,,,,,0,,,,,,,,,,,,,,,,,,,,,,,,,,,,
2013-12-11,JK11B1BFJ2RGUF,Hitachi HDS722020ALA330,2000398934016,0,,0,,,,,,,,0,,,,,,2214,,,,,,,,,,,,,,,,,,,,,,,,,,,,,,23,,,,,,0,,,,,,,,,,,,,,,,,,,,,,,,,,,,
2013-12-11,MJ0351YNG9XEZA,Hitachi HDS5C3030ALA630,3000592982016,0,,0,,,,,,,,0,,,,,,8873,,,,,,,,,,,,,,,,,,,,,,,,,,,,,,27,,,,,,0,,,,,,,,,,,,,,,,,,,,,,,,,,,,
2013-12-11,JK11A8B9J4K55F,Hitachi HDS722020ALA330,2000398934016,0,,0,,,,,,,,0,,,,,,24912,,,,,,,,,,,,,,,,,,,,,,,,,,,,,,32,,,,,,0,,,,,,,,,,,,,,,,,,,,,,,,,,,,
2013-12-11,Z1Z05LP2,ST4000DX000,4000787030016,0,,178238605,,,,,,,,0,,,,,,5077,,,,,,,,,,,,,,,,,,,,,,,,,,,,,,29,,,,,,0,,,,,,,,,,,,,,,,,,,,,,,,,,,,
2013-12-11,PL1311LAG233TA,Hitachi HDS5C4040ALE630,4000787030016,0,,0,,,,,,,,0,,,,,,7759,,,,,,,,,,,,,,,,,,,,,,,,,,,,,,23,,,,,,0,,,,,,,,,,,,,,,,,,,,,,,,,,,,
2013-12-11,JK1101B8GA8DAZ,Hitachi HDS722020ALA330,2000398934016,0,,983053,,,,,,,,18,,,,,,26480,,,,,,,,,,,,,,,,,,,,,,,,,,,,,,29,,,,,,0,,,,,,,,,,,,,,,,,,,,,,,,,,,,
2013-12-11,JK1101B9GDNW4F,Hitachi HDS722020ALA330,2000398934016,0,,3,,,,,,,,0,,,,,,27541,,,,,,,,,,,,,,,,,,,,,,,,,,,,,,26,,,,,,0,,,,,,,,,,,,,,,,,,,,,,,,,,,,
2013-12-11,MJ0351YNG9RWTA,Hitachi HDS5C3030ALA630,3000592982016,0,,0,,,,,,,,0,,,,,,9524,,,,,,,,,,,,,,,,,,,,,,,,,,,,,,33,,,,,,0,,,,,,,,,,,,,,,,,,,,,,,,,,,,
2013-12-11,5XW0QK17,ST31500541AS,1500301910016,0,,199552130,,,,,,,,0,,,,,,13298,,,,,,,,,,,,,,,,,,,,,,,,,,,,,,22,,,,,,0,,,,,,,,,,,,,,,,,,,,,,,,,,,,
2013-12-11,MJ0351YNG9S1SA,Hitachi HDS5C3030ALA630,3000592982016,0,,0,,,,,,,,0,,,,,,9163,,,,,,,,,,,,,,,,,,,,,,,,,,,,,,30,,,,,,0,,,,,,,,,,,,,,,,,,,,,,,,,,,,
2013-12-11,JK11A4B8J842TW,Hitachi HDS722020ALA330,2000398934016,0,,65536,,,,,,,,0,,,,,,26025,,,,,,,,,,,,,,,,,,,,,,,,,,,,,,26,,,,,,0,,,,,,,,,,,,,,,,,,,,,,,,,,,,
2013-12-11,JK11A8B9J7PY9F,Hitachi HDS722020ALA330,2000398934016,0,,0,,,,,,,,0,,,,,,23580,,,,,,,,,,,,,,,,,,,,,,,,,,,,,,26,,,,,,0,,,,,,,,,,,,,,,,,,,,,,,,,,,,
2013-12-11,MK0331YHGRSPAA,Hitachi HDS723030ALA640,3000592982016,0,,0,,,,,,,,0,,,,,,17357,,,,,,,,,,,,,,,,,,,,,,,,,,,,,,23,,,,,,0,,,,,,,,,,,,,,,,,,,,,,,,,,,,
2013-12-11,S1F05WHH,ST3000DM001,3000592982016,0,,65726288,,,,,,,,0,,,,,,13912,,,,,,,,,,,,,,,,,,,,,,,,,,,,,,22,,,,,,0,,,,,,,,,,,,,,,,,,,,,,,,,,,,
2013-12-11,JK1180YAGXSE7T,Hitachi HDS722020ALA330,2000398934016,0,,0,,,,,,,,0,,,,,,8889,,,,,,,,,,,,,,,,,,,,,,,,,,,,,,23,,,,,,0,,,,,,,,,,,,,,,,,,,,,,,,,,,,
2013-12-11,MK0301YHGK08GA,Hitachi HDS723030ALA640,3000592982016,0,,0,,,,,,,,0,,,,,,17010,,,,,,,,,,,,,,,,,,,,,,,,,,,,,,31,,,,,,0,,,,,,,,,,,,,,,,,,,,,,,,,,,,
2013-12-11,MJ1323YNG1EJUC,Hitachi HDS5C3030ALA630,3000592982016,0,,0,,,,,,,,0,,,,,,19798,,,,,,,,,,,,,,,,,,,,,,,,,,,,,,28,,,,,,0,,,,,,,,,,,,,,,,,,,,,,,,,,,,
2013-12-11,MJ0351YNG9YGVA,Hitachi HDS5C3030ALA630,3000592982016,0,,0,,,,,,,,0,,,,,,9147,,,,,,,,,,,,,,,,,,,,,,,,,,,,,,30,,,,,,0,,,,,,,,,,,,,,,,,,,,,,,,,,,,
2013-12-11,S1F01Y3S,ST3000DM001,3000592982016,0,,212439232,,,,,,,,0,,,,,,15247,,,,,,,,,,,,,,,,,,,,,,,,,,,,,,25,,,,,,0,,,,,,,,,,,,,,,,,,,,,,,,,,,,
2013-12-11,JK11A8B9J4LDHF,Hitachi HDS722020ALA330,2000398934016,0,,0,,,,,,,,0,,,,,,25539,,,,,,,,,,,,,,,,,,,,,,,,,,,,,,30,,,,,,0,,,,,,,,,,,,,,,,,,,,,,,,,,,,
2013-12-11,JK11A8B9J2U92F,Hitachi HDS722020ALA330,2000398934016,0,,0,,,,,,,,0,,,,,,24502,,,,,,,,,,,,,,,,,,,,,,,,,,,,,,28,,,,,,0,,,,,,,,,,,,,,,,,,,,,,,,,,,,
2013-12-11,W1F0T9G0,ST3000DM001,3000592982016,0,,111185880,,,,,,,,0,,,,,,11026,,,,,,,,,,,,,,,,,,,,,,,,,,,,,,25,,,,,,0,,,,,,,,,,,,,,,,,,,,,,,,,,,,
2013-12-11,PL2311LAG1RKEC,Hitachi HDS5C4040ALE630,4000787030016,0,,0,,,,,,,,0,,,,,,7412,,,,,,,,,,,,,,,,,,,,,,,,,,,,,,26,,,,,,0,,,,,,,,,,,,,,,,,,,,,,,,,,,,
2013-12-11,9XW03AGV,ST31500541AS,1500301910016,0,,1266699,,,,,,,,0,,,,,,32917,,,,,,,,,,,,,,,,,,,,,,,,,,,,,,20,,,,,,0,,,,,,,,,,,,,,,,,,,,,,,,,,,,
2013-12-11,JK11A8B9J90ZNF,Hitachi HDS722020ALA330,2000398934016,0,,0,,,,,,,,0,,,,,,25668,,,,,,,,,,,,,,,,,,,,,,,,,,,,,,28,,,,,,0,,,,,,,,,,,,,,,,,,,,,,,,,,,,
2013-12-11,5XW06WV1,ST32000542AS,2000398934016,0,,46800860,,,,,,,,0,,,,,,13014,,,,,,,,,,,,,,,,,,,,,,,,,,,,,,20,,,,,,0,,,,,,,,,,,,,,,,,,,,,,,,,,,,
2013-12-11,WD-WCAWZ1211824,WDC WD30EZRX,3000592982016,0,,0,,,,,,,,1,,,,,,15833,,,,,,,,,,,,,,,,,,,,,,,,,,,,,,25,,,,,,5,,,,,,,,,,,,,,,,,,,,,,,,,,,,
2013-12-11,JK11A8B9J74GBF,Hitachi HDS722020ALA330,2000398934016,0,,0,,,,,,,,0,,,,,,22698,,,,,,,,,,,,,,,,,,,,,,,,,,,,,,32,,,,,,0,,,,,,,,,,,,,,,,,,,,,,,,,,,,
2013-12-11,MJ1311YNG6114A,Hitachi HDS5C3030ALA630,3000592982016,0,,0,,,,,,,,0,,,,,,14621,,,,,,,,,,,,,,,,,,,,,,,,,,,,,,22,,,,,,0,,,,,,,,,,,,,,,,,,,,,,,,,,,,
2013-12-11,6XW104Q5,ST31500541AS,1500301910016,0,,129203101,,,,,,,,0,,,,,,30902,,,,,,,,,,,,,,,,,,,,,,,,,,,,,,29,,,,,,0,,,,,,,,,,,,,,,,,,,,,,,,,,,,
2013-12-11,W1F0DV4C,ST3000DM001,3000592982016,0,,135677880,,,,,,,,0,,,,,,12840,,,,,,,,,,,,,,,,,,,,,,,,,,,,,,26,,,,,,0,,,,,,,,,,,,,,,,,,,,,,,,,,,,
2013-12-11,9VS3FMTH,ST31500341AS,1500301910016,0,,160728156,,,,,,,,2,,,,,,32915,,,,,,,,,,,,,,,,,,,,,,,,,,,,,,25,,,,,,0,,,,,,,,,,,,,,,,,,,,,,,,,,,,
2013-12-11,MJ1311YNG4J4MA,Hitachi HDS5C3030ALA630,3000592982016,0,,0,,,,,,,,0,,,,,,20733,,,,,,,,,,,,,,,,,,,,,,,,,,,,,,23,,,,,,0,,,,,,,,,,,,,,,,,,,,,,,,,,,,
2013-12-11,JK1101B9JPL0KF,Hitachi HDS722020ALA330,2000398934016,0,,0,,,,,,,,0,,,,,,23989,,,,,,,,,,,,,,,,,,,,,,,,,,,,,,29,,,,,,0,,,,,,,,,,,,,,,,,,,,,,,,,,,,
2013-12-11,MJ1323YNG18R4C,Hitachi HDS5C3030ALA630,3000592982016,0,,0,,,,,,,,53,,,,,,20509,,,,,,,,,,,,,,,,,,,,,,,,,,,,,,23,,,,,,0,,,,,,,,,,,,,,,,,,,,,,,,,,,,
2013-12-11,W300ADQL,ST4000DM000,4000787030016,0,,153639472,,,,,,,,0,,,,,,2222,,,,,,,,,,,,,,,,,,,,,,,,,,,,,,23,,,,,,0,,,,,,,,,,,,,,,,,,,,,,,,,,,,
2013-12-11,JK11A1YAJH828V,Hitachi HDS722020ALA330,2000398934016,0,,0,,,,,,,,0,,,,,,28849,,,,,,,,,,,,,,,,,,,,,,,,,,,,,,26,,,,,,0,,,,,,,,,,,,,,,,,,,,,,,,,,,,
2013-12-11,MJ1311YNG321KA,Hitachi HDS5C3030ALA630,3000592982016,0,,0,,,,,,,,0,,,,,,19587,,,,,,,,,,,,,,,,,,,,,,,,,,,,,,27,,,,,,0,,,,,,,,,,,,,,,,,,,,,,,,,,,,
2013-12-11,JK1101B9KNNY1F,Hitachi HDS722020ALA330,2000398934016,0,,0,,,,,,,,0,,,,,,23125,,,,,,,,,,,,,,,,,,,,,,,,,,,,,,36,,,,,,0,,,,,,,,,,,,,,,,,,,,,,,,,,,,
2013-12-11,MJ1323YNG1M4TC,Hitachi HDS5C3030ALA630,3000592982016,0,,65536,,,,,,,,0,,,,,,19731,,,,,,,,,,,,,,,,,,,,,,,,,,,,,,21,,,,,,0,,,,,,,,,,,,,,,,,,,,,,,,,,,,
2013-12-11,W300AJK5,ST4000DM000,4000787030016,0,,21394216,,,,,,,,0,,,,,,4183,,,,,,,,,,,,,,,,,,,,,,,,,,,,,,22,,,,,,0,,,,,,,,,,,,,,,,,,,,,,,,,,,,
2013-12-11,W1F0P28Y,ST3000DM001,3000592982016,0,,136805648,,,,,,,,0,,,,,,11048,,,,,,,,,,,,,,,,,,,,,,,,,,,,,,25,,,,,,0,,,,,,,,,,,,,,,,,,,,,,,,,,,,
2013-12-11,S1F03165,ST3000DM001,3000592982016,0,,196706032,,,,,,,,0,,,,,,15265,,,,,,,,,,,,,,,,,,,,,,,,,,,,,,24,,,,,,0,,,,,,,,,,,,,,,,,,,,,,,,,,,,
2013-12-11,S1F0TP75,ST3000DM001,3000592982016,0,,23525152,,,,,,,,0,,,,,,10741,,,,,,,,,,,,,,,,,,,,,,,,,,,,,,24,,,,,,0,,,,,,,,,,,,,,,,,,,,,,,,,,,,
2013-12-11,MJ1311YNG3JHVA,Hitachi HDS5C3030ALA630,3000592982016,0,,0,,,,,,,,0,,,,,,19254,,,,,,,,,,,,,,,,,,,,,,,,,,,,,,22,,,,,,0,,,,,,,,,,,,,,,,,,,,,,,,,,,,
2013-12-11,JK11A8B9J2ULKF,Hitachi HDS722020ALA330,2000398934016,0,,0,,,,,,,,0,,,,,,24429,,,,,,,,,,,,,,,,,,,,,,,,,,,,,,26,,,,,,0,,,,,,,,,,,,,,,,,,,,,,,,,,,,
2013-12-11,PL1321LAG329HH,Hitachi HDS5C4040ALE630,4000787030016,0,,0,,,,,,,,0,,,,,,6070,,,,,,,,,,,,,,,,,,,,,,,,,,,,,,22,,,,,,0,,,,,,,,,,,,,,,,,,,,,,,,,,,,
2013-12-11,MJ0351YNGAA2EA,Hitachi HDS5C3030ALA630,3000592982016,0,,0,,,,,,,,0,,,,,,8618,,,,,,,,,,,,,,,,,,,,,,,,,,,,,,31,,,,,,0,,,,,,,,,,,,,,,,,,,,,,,,,,,,
2013-12-11,PL1321LAG3503H,Hitachi HDS5C4040ALE630,4000787030016,0,,0,,,,,,,,0,,,,,,2981,,,,,,,,,,,,,,,,,,,,,,,,,,,,,,26,,,,,,0,,,,,,,,,,,,,,,,,,,,,,,,,,,,
2013-12-11,Z300H183,ST4000DM000,4000787030016,0,,106220968,,,,,,,,0,,,,,,1298,,,,,,,,,,,,,,,,,,,,,,,,,,,,,,22,,,,,,0,,,,,,,,,,,,,,,,,,,,,,,,,,,,
2013-12-11,5XW0HTEW,ST31500541AS,1500301910016,0,,212712436,,,,,,,,0,,,,,,13441,,,,,,,,,,,,,,,,,,,,,,,,,,,,,,29,,,,,,0,,,,,,,,,,,,,,,,,,,,,,,,,,,,
2013-12-11,MJ1311YNG3G9EA,Hitachi HDS5C3030ALA630,3000592982016,0,,0,,,,,,,,0,,,,,,19587,,,,,,,,,,,,,,,,,,,,,,,,,,,,,,28,,,,,,0,,,,,,,,,,,,,,,,,,,,,,,,,,,,
2013-12-11,Z300WH5B,ST4000DM000,4000787030016,0,,180961768,,,,,,,,0,,,,,,815,,,,,,,,,,,,,,,,,,,,,,,,,,,,,,22,,,,,,0,,,,,,,,,,,,,,,,,,,,,,,,,,,,
2013-12-11,JK1101B9JN88BR,Hitachi HDS722020ALA330,2000398934016,0,,0,,,,,,,,0,,,,,,22698,,,,,,,,,,,,,,,,,,,,,,,,,,,,,,32,,,,,,0,,,,,,,,,,,,,,,,,,,,,,,,,,,,
2013-12-11,JK1101B9GD919F,Hitachi HDS722020ALA330,2000398934016,0,,1,,,,,,,,0,,,,,,27737,,,,,,,,,,,,,,,,,,,,,,,,,,,,,,23,,,,,,0,,,,,,,,,,,,,,,,,,,,,,,,,,,,
2013-12-11,6XW03R63,ST31500541AS,1500301910016,0,,148005197,,,,,,,,0,,,,,,37435,,,,,,,,,,,,,,,,,,,,,,,,,,,,,,23,,,,,,0,,,,,,,,,,,,,,,,,,,,,,,,,,,,
2013-12-11,S1F136KJ,ST3000DM001,3000592982016,0,,182242072,,,,,,,,0,,,,,,8128,,,,,,,,,,,,,,,,,,,,,,,,,,,,,,23,,,,,,0,,,,,,,,,,,,,,,,,,,,,,,,,,,,
2013-12-11,JK11A8YBKYTR1F,Hitachi HDS722020ALA330,2000398934016,0,,0,,,,,,,,0,,,,,,27845,,,,,,,,,,,,,,,,,,,,,,,,,,,,,,27,,,,,,0,,,,,,,,,,,,,,,,,,,,,,,,,,,,
2013-12-11,JK2171B9J0GZ0L,Hitachi HDS722020ALA330,2000398934016,0,,0,,,,,,,,0,,,,,,22414,,,,,,,,,,,,,,,,,,,,,,,,,,,,,,26,,,,,,0,,,,,,,,,,,,,,,,,,,,,,,,,,,,
2013-12-11,W300BD36,ST4000DM000,4000787030016,0,,127941304,,,,,,,,0,,,,,,1703,,,,,,,,,,,,,,,,,,,,,,,,,,,,,,23,,,,,,0,,,,,,,,,,,,,,,,,,,,,,,,,,,,
2013-12-11,PL1311LAG2H69A,Hitachi HDS5C4040ALE630,4000787030016,0,,0,,,,,,,,0,,,,,,6568,,,,,,,,,,,,,,,,,,,,,,,,,,,,,,27,,,,,,0,,,,,,,,,,,,,,,,,,,,,,,,,,,,
2013-12-11,JK11A1YAJHGSDV,Hitachi HDS722020ALA330,2000398934016,0,,0,,,,,,,,0,,,,,,28852,,,,,,,,,,,,,,,,,,,,,,,,,,,,,,29,,,,,,0,,,,,,,,,,,,,,,,,,,,,,,,,,,,
2013-12-11,PL1311LAG3807H,Hitachi HDS5C4040ALE630,4000787030016,0,,0,,,,,,,,0,,,,,,6655,,,,,,,,,,,,,,,,,,,,,,,,,,,,,,18,,,,,,0,,,,,,,,,,,,,,,,,,,,,,,,,,,,
2013-12-11,W300BD3F,ST4000DM000,4000787030016,0,,136703608,,,,,,,,0,,,,,,4138,,,,,,,,,,,,,,,,,,,,,,,,,,,,,,25,,,,,,0,,,,,,,,,,,,,,,,,,,,,,,,,,,,
2013-12-11,9VS22HLY,ST31500341AS,1500301910016,0,,26319243,,,,,,,,3,,,,,,38101,,,,,,,,,,,,,,,,,,,,,,,,,,,,,,21,,,,,,0,,,,,,,,,,,,,,,,,,,,,,,,,,,,
2013-12-11,WD-WCAVY4275964,WDC WD15EARS,1500301910016,0,,0,,,,,,,,0,,,,,,17191,,,,,,,,,,,,,,,,,,,,,,,,,,,,,,23,,,,,,0,,,,,,,,,,,,,,,,,,,,,,,,,,,,
2013-12-11,MK0311YHG09G6A,Hitachi HDS723030ALA640,3000592982016,0,,196608,,,,,,,,0,,,,,,21458,,,,,,,,,,,,,,,,,,,,,,,,,,,,,,29,,,,,,0,,,,,,,,,,,,,,,,,,,,,,,,,,,,
2013-12-11,6XW01F8D,ST31500541AS,1500301910016,0,,41501207,,,,,,,,0,,,,,,37060,,,,,,,,,,,,,,,,,,,,,,,,,,,,,,18,,,,,,0,,,,,,,,,,,,,,,,,,,,,,,,,,,,
2013-12-11,W300CA8V,ST4000DM000,4000787030016,0,,244067040,,,,,,,,0,,,,,,4183,,,,,,,,,,,,,,,,,,,,,,,,,,,,,,24,,,,,,0,,,,,,,,,,,,,,,,,,,,,,,,,,,,
2013-12-11,WD-WCAWZ0505927,WDC WD30EZRX,3000592982016,0,,0,,,,,,,,0,,,,,,16126,,,,,,,,,,,,,,,,,,,,,,,,,,,,,,20,,,,,,2,,,,,,,,,,,,,,,,,,,,,,,,,,,,
2013-12-11,MJ0351YNG9W0VA,Hitachi HDS5C3030ALA630,3000592982016,0,,0,,,,,,,,0,,,,,,9901,,,,,,,,,,,,,,,,,,,,,,,,,,,,,,29,,,,,,0,,,,,,,,,,,,,,,,,,,,,,,,,,,,
2013-12-11,JK1105B8GEKD0X,Hitachi HDS722020ALA330,2000398934016,0,,1,,,,,,,,0,,,,,,26859,,,,,,,,,,,,,,,,,,,,,,,,,,,,,,30,,,,,,0,,,,,,,,,,,,,,,,,,,,,,,,,,,,
2013-12-11,13H8B38GS,TOSHIBA DT01ACA300,3000592982016,0,,0,,,,,,,,0,,,,,,2718,,,,,,,,,,,,,,,,,,,,,,,,,,,,,,27,,,,,,0,,,,,,,,,,,,,,,,,,,,,,,,,,,,
2013-12-11,JK11A8YBKYTTKF,Hitachi HDS722020ALA330,2000398934016,0,,0,,,,,,,,0,,,,,,27861,,,,,,,,,,,,,,,,,,,,,,,,,,,,,,29,,,,,,0,,,,,,,,,,,,,,,,,,,,,,,,,,,,
2013-12-11,Z300KM96,ST4000DM000,4000787030016,0,,31036008,,,,,,,,0,,,,,,2217,,,,,,,,,,,,,,,,,,,,,,,,,,,,,,24,,,,,,0,,,,,,,,,,,,,,,,,,,,,,,,,,,,
2013-12-11,PL1311LAG2B69H,Hitachi HDS5C4040ALE630,4000787030016,0,,0,,,,,,,,0,,,,,,5399,,,,,,,,,,,,,,,,,,,,,,,,,,,,,,18,,,,,,0,,,,,,,,,,,,,,,,,,,,,,,,,,,,
2013-12-11,JK11A8B9J955JF,Hitachi HDS722020ALA330,2000398934016,0,,0,,,,,,,,0,,,,,,24983,,,,,,,,,,,,,,,,,,,,,,,,,,,,,,26,,,,,,0,,,,,,,,,,,,,,,,,,,,,,,,,,,,
2013-12-11,PL1311LAG3AETH,Hitachi HDS5C4040ALE630,4000787030016,0,,0,,,,,,,,0,,,,,,6071,,,,,,,,,,,,,,,,,,,,,,,,,,,,,,19,,,,,,0,,,,,,,,,,,,,,,,,,,,,,,,,,,,
2013-12-11,MJ1321YNG0KGGA,Hitachi HDS5C3030ALA630,3000592982016,0,,0,,,,,,,,0,,,,,,20512,,,,,,,,,,,,,,,,,,,,,,,,,,,,,,25,,,,,,0,,,,,,,,,,,,,,,,,,,,,,,,,,,,
2013-12-11,JK1105B8GG42DX,Hitachi HDS722020ALA330,2000398934016,0,,0,,,,,,,,0,,,,,,26858,,,,,,,,,,,,,,,,,,,,,,,,,,,,,,31,,,,,,0,,,,,,,,,,,,,,,,,,,,,,,,,,,,
2013-12-11,JK11A8B9J83DYF,Hitachi HDS722020ALA330,2000398934016,0,,0,,,,,,,,0,,,,,,26024,,,,,,,,,,,,,,,,,,,,,,,,,,,,,,28,,,,,,0,,,,,,,,,,,,,,,,,,,,,,,,,,,,
2013-12-11,MJ1311YNG60ZDA,Hitachi HDS5C3030ALA630,3000592982016,0,,0,,,,,,,,0,,,,,,14621,,,,,,,,,,,,,,,,,,,,,,,,,,,,,,24,,,,,,0,,,,,,,,,,,,,,,,,,,,,,,,,,,,
2013-12-11,JK11A1YAJHGJSV,Hitachi HDS722020ALA330,2000398934016,0,,0,,,,,,,,0,,,,,,28852,,,,,,,,,,,,,,,,,,,,,,,,,,,,,,29,,,,,,0,,,,,,,,,,,,,,,,,,,,,,,,,,,,
2013-12-11,MJ1323YNG17ZMC,Hitachi HDS5C3030ALA630,3000592982016,0,,0,,,,,,,,0,,,,,,20509,,,,,,,,,,,,,,,,,,,,,,,,,,,,,,21,,,,,,0,,,,,,,,,,,,,,,,,,,,,,,,,,,,
2013-12-11,W300B6KL,ST4000DM000,4000787030016,0,,145378744,,,,,,,,0,,,,,,3585,,,,,,,,,,,,,,,,,,,,,,,,,,,,,,23,,,,,,0,,,,,,,,,,,,,,,,,,,,,,,,,,,,
2013-12-11,JK11A8B9J76ATF,Hitachi HDS722020ALA330,2000398934016,0,,131081,,,,,,,,0,,,,,,23319,,,,,,,,,,,,,,,,,,,,,,,,,,,,,,28,,,,,,0,,,,,,,,,,,,,,,,,,,,,,,,,,,,
2013-12-11,MK0311YHGG6HYA,Hitachi HDS723030ALA640,3000592982016,0,,0,,,,,,,,0,,,,,,16805,,,,,,,,,,,,,,,,,,,,,,,,,,,,,,30,,,,,,0,,,,,,,,,,,,,,,,,,,,,,,,,,,,
2013-12-11,S1F013JW,ST3000DM001,3000592982016,0,,79645472,,,,,,,,0,,,,,,15621,,,,,,,,,,,,,,,,,,,,,,,,,,,,,,24,,,,,,0,,,,,,,,,,,,,,,,,,,,,,,,,,,,
2013-12-11,PL1311LAG2AY5H,Hitachi HDS5C4040ALE630,4000787030016,0,,0,,,,,,,,0,,,,,,7414,,,,,,,,,,,,,,,,,,,,,,,,,,,,,,21,,,,,,0,,,,,,,,,,,,,,,,,,,,,,,,,,,,
2013-12-11,MJ0351YNG9YV6A,Hitachi HDS5C3030ALA630,3000592982016,0,,0,,,,,,,,0,,,,,,9986,,,,,,,,,,,,,,,,,,,,,,,,,,,,,,28,,,,,,0,,,,,,,,,,,,,,,,,,,,,,,,,,,,
2013-12-11,S1F0LK18,ST3000DM001,3000592982016,0,,174249600,,,,,,,,0,,,,,,11724,,,,,,,,,,,,,,,,,,,,,,,,,,,,,,24,,,,,,0,,,,,,,,,,,,,,,,,,,,,,,,,,,,
2013-12-11,6XW1NTZ9,ST32000542AS,2000398934016,0,,954076,,,,,,,,0,,,,,,28387,,,,,,,,,,,,,,,,,,,,,,,,,,,,,,29,,,,,,0,,,,,,,,,,,,,,,,,,,,,,,,,,,,
2013-12-11,PL1311LAG3AUAH,Hitachi HDS5C4040ALE630,4000787030016,0,,0,,,,,,,,0,,,,,,2981,,,,,,,,,,,,,,,,,,,,,,,,,,,,,,22,,,,,,0,,,,,,,,,,,,,,,,,,,,,,,,,,,,
2013-12-11,W1F0A625,ST3000DM001,3000592982016,0,,221826056,,,,,,,,0,,,,,,14234,,,,,,,,,,,,,,,,,,,,,,,,,,,,,,25,,,,,,0,,,,,,,,,,,,,,,,,,,,,,,,,,,,
2013-12-11,MJ0351YNG9NG6A,Hitachi HDS5C3030ALA630,3000592982016,0,,0,,,,,,,,0,,,,,,9773,,,,,,,,,,,,,,,,,,,,,,,,,,,,,,26,,,,,,0,,,,,,,,,,,,,,,,,,,,,,,,,,,,
2013-12-11,WD-WCAWZ1149227,WDC WD30EZRX,3000592982016,0,,0,,,,,,,,0,,,,,,18020,,,,,,,,,,,,,,,,,,,,,,,,,,,,,,23,,,,,,3,,,,,,,,,,,,,,,,,,,,,,,,,,,,
2013-12-11,MJ0351YNGA3YHA,Hitachi HDS5C3030ALA630,3000592982016,0,,0,,,,,,,,0,,,,,,9311,,,,,,,,,,,,,,,,,,,,,,,,,,,,,,30,,,,,,0,,,,,,,,,,,,,,,,,,,,,,,,,,,,
2013-12-11,MJ1311YNG2SJLA,Hitachi HDS5C3030ALA630,3000592982016,0,,0,,,,,,,,0,,,,,,18405,,,,,,,,,,,,,,,,,,,,,,,,,,,,,,24,,,,,,0,,,,,,,,,,,,,,,,,,,,,,,,,,,,
2013-12-11,W1F09RBS,ST3000DM001,3000592982016,0,,126203128,,,,,,,,0,,,,,,13880,,,,,,,,,,,,,,,,,,,,,,,,,,,,,,26,,,,,,0,,,,,,,,,,,,,,,,,,,,,,,,,,,,
2013-12-11,JK11A8B9J7N4EF,Hitachi HDS722020ALA330,2000398934016,0,,0,,,,,,,,0,,,,,,24666,,,,,,,,,,,,,,,,,,,,,,,,,,,,,,26,,,,,,0,,,,,,,,,,,,,,,,,,,,,,,,,,,,
2013-12-11,PL1311LAG34MZH,Hitachi HDS5C4040ALE630,4000787030016,0,,0,,,,,,,,0,,,,,,6655,,,,,,,,,,,,,,,,,,,,,,,,,,,,,,20,,,,,,0,,,,,,,,,,,,,,,,,,,,,,,,,,,,
2013-12-11,9VS1PMBV,ST31500341AS,1500301910016,0,,197545637,,,,,,,,0,,,,,,40243,,,,,,,,,,,,,,,,,,,,,,,,,,,,,,24,,,,,,0,,,,,,,,,,,,,,,,,,,,,,,,,,,,
2013-12-11,Z1F0S9EW,ST3000DM001,3000592982016,0,,48808416,,,,,,,,0,,,,,,5315,,,,,,,,,,,,,,,,,,,,,,,,,,,,,,28,,,,,,0,,,,,,,,,,,,,,,,,,,,,,,,,,,,
2013-12-11,JK1104B8JRX44W,Hitachi HDS722020ALA330,2000398934016,0,,0,,,,,,,,0,,,,,,23579,,,,,,,,,,,,,,,,,,,,,,,,,,,,,,29,,,,,,0,,,,,,,,,,,,,,,,,,,,,,,,,,,,
2013-12-11,S1F0LK1Z,ST3000DM001,3000592982016,0,,228536816,,,,,,,,0,,,,,,12176,,,,,,,,,,,,,,,,,,,,,,,,,,,,,,29,,,,,,0,,,,,,,,,,,,,,,,,,,,,,,,,,,,
2013-12-11,W300B34S,ST4000DM000,4000787030016,0,,42793080,,,,,,,,0,,,,,,4353,,,,,,,,,,,,,,,,,,,,,,,,,,,,,,27,,,,,,0,,,,,,,,,,,,,,,,,,,,,,,,,,,,
2013-12-11,JK11A4B8HW1M5W,Hitachi HDS722020ALA330,2000398934016,0,,0,,,,,,,,0,,,,,,23317,,,,,,,,,,,,,,,,,,,,,,,,,,,,,,32,,,,,,0,,,,,,,,,,,,,,,,,,,,,,,,,,,,
2013-12-11,W1F0A62H,ST3000DM001,3000592982016,0,,26247344,,,,,,,,0,,,,,,14724,,,,,,,,,,,,,,,,,,,,,,,,,,,,,,25,,,,,,0,,,,,,,,,,,,,,,,,,,,,,,,,,,,
2013-12-11,W1F0A62K,ST3000DM001,3000592982016,0,,163073824,,,,,,,,0,,,,,,15365,,,,,,,,,,,,,,,,,,,,,,,,,,,,,,22,,,,,,0,,,,,,,,,,,,,,,,,,,,,,,,,,,,
2013-12-11,W300B34H,ST4000DM000,4000787030016,0,,113075504,,,,,,,,0,,,,,,3586,,,,,,,,,,,,,,,,,,,,,,,,,,,,,,24,,,,,,0,,,,,,,,,,,,,,,,,,,,,,,,,,,,
2013-12-11,9XW01TV6,ST31500541AS,1500301910016,0,,223628289,,,,,,,,0,,,,,,34168,,,,,,,,,,,,,,,,,,,,,,,,,,,,,,21,,,,,,0,,,,,,,,,,,,,,,,,,,,,,,,,,,,
2013-12-11,JK11B0YAHXNJYT,Hitachi HDS722020ALA330,2000398934016,0,,0,,,,,,,,0,,,,,,20767,,,,,,,,,,,,,,,,,,,,,,,,,,,,,,29,,,,,,0,,,,,,,,,,,,,,,,,,,,,,,,,,,,
2013-12-11,PL1311LAG181EA,Hitachi HDS5C4040ALE630,4000787030016,0,,0,,,,,,,,0,,,,,,5191,,,,,,,,,,,,,,,,,,,,,,,,,,,,,,27,,,,,,0,,,,,,,,,,,,,,,,,,,,,,,,,,,,
2013-12-11,WD-WCAWZ1338888,WDC WD30EZRX,3000592982016,0,,0,,,,,,,,0,,,,,,17600,,,,,,,,,,,,,,,,,,,,,,,,,,,,,,19,,,,,,0,,,,,,,,,,,,,,,,,,,,,,,,,,,,
2013-12-11,MJ1311YNG356EA,Hitachi HDS5C3030ALA630,3000592982016,0,,0,,,,,,,,0,,,,,,18387,,,,,,,,,,,,,,,,,,,,,,,,,,,,,,21,,,,,,0,,,,,,,,,,,,,,,,,,,,,,,,,,,,
2013-12-11,MJ1311YNG7HG8A,Hitachi HDS5C3030ALA630,3000592982016,0,,0,,,,,,,,0,,,,,,14621,,,,,,,,,,,,,,,,,,,,,,,,,,,,,,21,,,,,,0,,,,,,,,,,,,,,,,,,,,,,,,,,,,
2013-12-11,MJ0351YNG9WANA,Hitachi HDS5C3030ALA630,3000592982016,0,,0,,,,,,,,0,,,,,,9999,,,,,,,,,,,,,,,,,,,,,,,,,,,,,,35,,,,,,0,,,,,,,,,,,,,,,,,,,,,,,,,,,,
2013-12-11,PL1311LAG3D5MH,Hitachi HDS5C4040ALE630,4000787030016,0,,0,,,,,,,,0,,,,,,2981,,,,,,,,,,,,,,,,,,,,,,,,,,,,,,25,,,,,,0,,,,,,,,,,,,,,,,,,,,,,,,,,,,
2013-12-11,JK1104B8GE7DVW,Hitachi HDS722020ALA330,2000398934016,0,,0,,,,,,,,0,,,,,,27734,,,,,,,,,,,,,,,,,,,,,,,,,,,,,,22,,,,,,0,,,,,,,,,,,,,,,,,,,,,,,,,,,,
2013-12-11,6XW037WT,ST31500541AS,1500301910016,0,,88320850,,,,,,,,189,,,,,,36427,,,,,,,,,,,,,,,,,,,,,,,,,,,,,,19,,,,,,0,,,,,,,,,,,,,,,,,,,,,,,,,,,,
2013-12-11,6XW038QX,ST31500541AS,1500301910016,0,,54739092,,,,,,,,0,,,,,,36650,,,,,,,,,,,,,,,,,,,,,,,,,,,,,,23,,,,,,0,,,,,,,,,,,,,,,,,,,,,,,,,,,,
2013-12-11,Z300KKSH,ST4000DM000,4000787030016,0,,184499464,,,,,,,,0,,,,,,1113,,,,,,,,,,,,,,,,,,,,,,,,,,,,,,21,,,,,,0,,,,,,,,,,,,,,,,,,,,,,,,,,,,
2013-12-11,JK11A8B9J39WNF,Hitachi HDS722020ALA330,2000398934016,0,,0,,,,,,,,0,,,,,,23820,,,,,,,,,,,,,,,,,,,,,,,,,,,,,,29,,,,,,0,,,,,,,,,,,,,,,,,,,,,,,,,,,,
2013-12-11,MJ1311YNG2STZA,Hitachi HDS5C3030ALA630,3000592982016,0,,0,,,,,,,,0,,,,,,19250,,,,,,,,,,,,,,,,,,,,,,,,,,,,,,25,,,,,,0,,,,,,,,,,,,,,,,,,,,,,,,,,,,
2013-12-11,JK11A1YAJHD8YV,Hitachi HDS722020ALA330,2000398934016,0,,0,,,,,,,,0,,,,,,28972,,,,,,,,,,,,,,,,,,,,,,,,,,,,,,30,,,,,,0,,,,,,,,,,,,,,,,,,,,,,,,,,,,
2013-12-11,W1F0FJEB,ST3000DM001,3000592982016,0,,1248688,,,,,,,,0,,,,,,10354,,,,,,,,,,,,,,,,,,,,,,,,,,,,,,26,,,,,,0,,,,,,,,,,,,,,,,,,,,,,,,,,,,
2013-12-11,W300D4DA,ST4000DM000,4000787030016,0,,26158768,,,,,,,,0,,,,,,909,,,,,,,,,,,,,,,,,,,,,,,,,,,,,,23,,,,,,0,,,,,,,,,,,,,,,,,,,,,,,,,,,,
2013-12-11,6XW037WY,ST31500541AS,1500301910016,0,,48777082,,,,,,,,0,,,,,,34758,,,,,,,,,,,,,,,,,,,,,,,,,,,,,,18,,,,,,0,,,,,,,,,,,,,,,,,,,,,,,,,,,,
2013-12-11,W300D4DD,ST4000DM000,4000787030016,0,,70641464,,,,,,,,0,,,,,,4167,,,,,,,,,,,,,,,,,,,,,,,,,,,,,,30,,,,,,0,,,,,,,,,,,,,,,,,,,,,,,,,,,,
2013-12-11,6XW02YJG,ST31500541AS,1500301910016,0,,67867535,,,,,,,,0,,,,,,35750,,,,,,,,,,,,,,,,,,,,,,,,,,,,,,19,,,,,,0,,,,,,,,,,,,,,,,,,,,,,,,,,,,
2013-12-11,JK1101B9GH5S0F,Hitachi HDS722020ALA330,2000398934016,0,,0,,,,,,,,0,,,,,,26479,,,,,,,,,,,,,,,,,,,,,,,,,,,,,,30,,,,,,0,,,,,,,,,,,,,,,,,,,,,,,,,,,,
2013-12-11,MJ1311YNG3DMSA,Hitachi HDS5C3030ALA630,3000592982016,0,,0,,,,,,,,13,,,,,,19588,,,,,,,,,,,,,,,,,,,,,,,,,,,,,,25,,,,,,0,,,,,,,,,,,,,,,,,,,,,,,,,,,,
2013-12-11,5XW03DKK,ST31500541AS,1500301910016,0,,47526208,,,,,,,,0,,,,,,36448,,,,,,,,,,,,,,,,,,,,,,,,,,,,,,17,,,,,,0,,,,,,,,,,,,,,,,,,,,,,,,,,,,
2013-12-11,JK1101B8JP8XLZ,Hitachi HDS722020ALA330,2000398934016,0,,0,,,,,,,,0,,,,,,24306,,,,,,,,,,,,,,,,,,,,,,,,,,,,,,24,,,,,,0,,,,,,,,,,,,,,,,,,,,,,,,,,,,
2013-12-11,Z300KKS7,ST4000DM000,4000787030016,0,,208669512,,,,,,,,0,,,,,,152,,,,,,,,,,,,,,,,,,,,,,,,,,,,,,24,,,,,,0,,,,,,,,,,,,,,,,,,,,,,,,,,,,
2013-12-11,S1F0EGMT,ST3000DM001,3000592982016,0,,27949608,,,,,,,,0,,,,,,12154,,,,,,,,,,,,,,,,,,,,,,,,,,,,,,27,,,,,,0,,,,,,,,,,,,,,,,,,,,,,,,,,,,
2013-12-11,PL1311LAG3DXNH,Hitachi HDS5C4040ALE630,4000787030016,0,,0,,,,,,,,0,,,,,,5036,,,,,,,,,,,,,,,,,,,,,,,,,,,,,,29,,,,,,0,,,,,,,,,,,,,,,,,,,,,,,,,,,,
2013-12-11,PL1311LAG1W04A,Hitachi HDS5C4040ALE630,4000787030016,0,,0,,,,,,,,0,,,,,,7438,,,,,,,,,,,,,,,,,,,,,,,,,,,,,,24,,,,,,0,,,,,,,,,,,,,,,,,,,,,,,,,,,,
2013-12-11,MJ1311YNG38WTA,Hitachi HDS5C3030ALA630,3000592982016,0,,0,,,,,,,,0,,,,,,18315,,,,,,,,,,,,,,,,,,,,,,,,,,,,,,23,,,,,,0,,,,,,,,,,,,,,,,,,,,,,,,,,,,
2013-12-11,6XW037W9,ST31500541AS,1500301910016,0,,218734035,,,,,,,,263,,,,,,35759,,,,,,,,,,,,,,,,,,,,,,,,,,,,,,21,,,,,,0,,,,,,,,,,,,,,,,,,,,,,,,,,,,
2013-12-11,PL1311LAG2HWSH,Hitachi HDS5C4040ALE630,4000787030016,0,,0,,,,,,,,0,,,,,,6071,,,,,,,,,,,,,,,,,,,,,,,,,,,,,,20,,,,,,0,,,,,,,,,,,,,,,,,,,,,,,,,,,,
2013-12-11,Z1Z05QZV,ST4000DX000,4000787030016,0,,171877088,,,,,,,,0,,,,,,5379,,,,,,,,,,,,,,,,,,,,,,,,,,,,,,26,,,,,,0,,,,,,,,,,,,,,,,,,,,,,,,,,,,
2013-12-11,Z1F0L7M8,ST3000DM001,3000592982016,0,,20149528,,,,,,,,0,,,,,,12172,,,,,,,,,,,,,,,,,,,,,,,,,,,,,,24,,,,,,0,,,,,,,,,,,,,,,,,,,,,,,,,,,,
2013-12-11,WD-WCAWZ0582027,WDC WD30EZRX,3000592982016,0,,0,,,,,,,,0,,,,,,14495,,,,,,,,,,,,,,,,,,,,,,,,,,,,,,22,,,,,,0,,,,,,,,,,,,,,,,,,,,,,,,,,,,
2013-12-11,MJ1311YNG7EWLA,Hitachi HDS5C3030ALA630,3000592982016,0,,0,,,,,,,,0,,,,,,14599,,,,,,,,,,,,,,,,,,,,,,,,,,,,,,29,,,,,,0,,,,,,,,,,,,,,,,,,,,,,,,,,,,
2013-12-11,JK1101B9KMVKRF,Hitachi HDS722020ALA330,2000398934016,0,,0,,,,,,,,0,,,,,,23074,,,,,,,,,,,,,,,,,,,,,,,,,,,,,,34,,,,,,0,,,,,,,,,,,,,,,,,,,,,,,,,,,,
2013-12-11,5XW0VFZ7,ST32000542AS,2000398934016,0,,62734471,,,,,,,,0,,,,,,17227,,,,,,,,,,,,,,,,,,,,,,,,,,,,,,23,,,,,,0,,,,,,,,,,,,,,,,,,,,,,,,,,,,
2013-12-11,W1F0FZPA,ST3000DM001,3000592982016,0,,123863288,,,,,,,,0,,,,,,12156,,,,,,,,,,,,,,,,,,,,,,,,,,,,,,24,,,,,,0,,,,,,,,,,,,,,,,,,,,,,,,,,,,
2013-12-11,S1F04A0F,ST3000DM001,3000592982016,0,,116901944,,,,,,,,2208,,,,,,8743,,,,,,,,,,,,,,,,,,,,,,,,,,,,,,22,,,,,,0,,,,,,,,,,,,,,,,,,,,,,,,,,,,
2013-12-11,MJ1311YNG6XVVA,Hitachi HDS5C3030ALA630,3000592982016,0,,0,,,,,,,,0,,,,,,14685,,,,,,,,,,,,,,,,,,,,,,,,,,,,,,22,,,,,,0,,,,,,,,,,,,,,,,,,,,,,,,,,,,
2013-12-11,WD-WMAWZ0313734,WDC WD30EZRX,3000592982016,0,,0,,,,,,,,0,,,,,,12697,,,,,,,,,,,,,,,,,,,,,,,,,,,,,,25,,,,,,0,,,,,,,,,,,,,,,,,,,,,,,,,,,,
2013-12-11,W300BM95,ST4000DM000,4000787030016,0,,158249776,,,,,,,,0,,,,,,4153,,,,,,,,,,,,,,,,,,,,,,,,,,,,,,22,,,,,,0,,,,,,,,,,,,,,,,,,,,,,,,,,,,
2013-12-11,JK1105B8GB1VEX,Hitachi HDS722020ALA330,2000398934016,0,,196610,,,,,,,,0,,,,,,26858,,,,,,,,,,,,,,,,,,,,,,,,,,,,,,36,,,,,,0,,,,,,,,,,,,,,,,,,,,,,,,,,,,
2013-12-11,9XK0ELD6,ST33000651AS,3000592982016,0,,237785540,,,,,,,,0,,,,,,17742,,,,,,,,,,,,,,,,,,,,,,,,,,,,,,19,,,,,,0,,,,,,,,,,,,,,,,,,,,,,,,,,,,
2013-12-11,6XW02XL2,ST31500541AS,1500301910016,0,,93977537,,,,,,,,0,,,,,,37068,,,,,,,,,,,,,,,,,,,,,,,,,,,,,,25,,,,,,0,,,,,,,,,,,,,,,,,,,,,,,,,,,,
2013-12-11,S1F0323G,ST3000DM001,3000592982016,0,,213242032,,,,,,,,456,,,,,,15264,,,,,,,,,,,,,,,,,,,,,,,,,,,,,,23,,,,,,128,,,,,,,,,,,,,,,,,,,,,,,,,,,,
2013-12-11,W1F1DABR,ST3000DM001,3000592982016,0,,234590624,,,,,,,,0,,,,,,7989,,,,,,,,,,,,,,,,,,,,,,,,,,,,,,18,,,,,,0,,,,,,,,,,,,,,,,,,,,,,,,,,,,
2013-12-11,W300E00M,ST4000DM000,4000787030016,0,,3293336,,,,,,,,0,,,,,,4136,,,,,,,,,,,,,,,,,,,,,,,,,,,,,,23,,,,,,0,,,,,,,,,,,,,,,,,,,,,,,,,,,,
2013-12-11,W300B1G7,ST4000DM000,4000787030016,0,,60775176,,,,,,,,0,,,,,,4044,,,,,,,,,,,,,,,,,,,,,,,,,,,,,,23,,,,,,0,,,,,,,,,,,,,,,,,,,,,,,,,,,,
2013-12-11,S1F0323P,ST3000DM001,3000592982016,0,,150300904,,,,,,,,0,,,,,,15621,,,,,,,,,,,,,,,,,,,,,,,,,,,,,,27,,,,,,0,,,,,,,,,,,,,,,,,,,,,,,,,,,,
2013-12-11,JK1131YAH3VG9V,Hitachi HDS722020ALA330,2000398934016,0,,0,,,,,,,,0,,,,,,11594,,,,,,,,,,,,,,,,,,,,,,,,,,,,,,27,,,,,,0,,,,,,,,,,,,,,,,,,,,,,,,,,,,
2013-12-11,W1F08JBL,ST3000DM001,3000592982016,0,,140393840,,,,,,,,0,,,,,,14731,,,,,,,,,,,,,,,,,,,,,,,,,,,,,,22,,,,,,0,,,,,,,,,,,,,,,,,,,,,,,,,,,,
2013-12-11,JK1101B9KLGS7F,Hitachi HDS722020ALA330,2000398934016,0,,0,,,,,,,,0,,,,,,23074,,,,,,,,,,,,,,,,,,,,,,,,,,,,,,33,,,,,,0,,,,,,,,,,,,,,,,,,,,,,,,,,,,
2013-12-11,PL1311LAG39UGH,Hitachi HDS5C4040ALE630,4000787030016,0,,0,,,,,,,,0,,,,,,5922,,,,,,,,,,,,,,,,,,,,,,,,,,,,,,21,,,,,,0,,,,,,,,,,,,,,,,,,,,,,,,,,,,
2013-12-11,W1F0APB4,ST3000DM001,3000592982016,0,,35125240,,,,,,,,0,,,,,,13362,,,,,,,,,,,,,,,,,,,,,,,,,,,,,,24,,,,,,0,,,,,,,,,,,,,,,,,,,,,,,,,,,,
2013-12-11,S1F0GG8X,ST3000DM001,3000592982016,0,,87015232,,,,,,,,0,,,,,,12154,,,,,,,,,,,,,,,,,,,,,,,,,,,,,,26,,,,,,0,,,,,,,,,,,,,,,,,,,,,,,,,,,,
2013-12-11,JK11A8YBKXXXJF,Hitachi HDS722020ALA330,2000398934016,0,,65536,,,,,,,,0,,,,,,27871,,,,,,,,,,,,,,,,,,,,,,,,,,,,,,23,,,,,,0,,,,,,,,,,,,,,,,,,,,,,,,,,,,
2013-12-11,PL1321LAGABJEH,Hitachi HDS5C4040ALE630,4000787030016,0,,0,,,,,,,,0,,,,,,5074,,,,,,,,,,,,,,,,,,,,,,,,,,,,,,25,,,,,,0,,,,,,,,,,,,,,,,,,,,,,,,,,,,
2013-12-11,MK0311YHGJDBHA,Hitachi HDS723030ALA640,3000592982016,0,,196612,,,,,,,,0,,,,,,21459,,,,,,,,,,,,,,,,,,,,,,,,,,,,,,23,,,,,,0,,,,,,,,,,,,,,,,,,,,,,,,,,,,
2013-12-11,JK11A8YBKYV0EF,Hitachi HDS722020ALA330,2000398934016,0,,0,,,,,,,,0,,,,,,27861,,,,,,,,,,,,,,,,,,,,,,,,,,,,,,25,,,,,,0,,,,,,,,,,,,,,,,,,,,,,,,,,,,
2013-12-11,W1F19BPT,ST3000DM001,3000592982016,0,,127258464,,,,,,,,16,,,,,,8138,,,,,,,,,,,,,,,,,,,,,,,,,,,,,,26,,,,,,0,,,,,,,,,,,,,,,,,,,,,,,,,,,,
2013-12-11,MJ1311YNG7LWYA,Hitachi HDS5C3030ALA630,3000592982016,0,,0,,,,,,,,0,,,,,,14620,,,,,,,,,,,,,,,,,,,,,,,,,,,,,,24,,,,,,0,,,,,,,,,,,,,,,,,,,,,,,,,,,,
2013-12-11,WD-WCAWZ0488078,WDC WD30EZRX,3000592982016,0,,0,,,,,,,,0,,,,,,16987,,,,,,,,,,,,,,,,,,,,,,,,,,,,,,23,,,,,,1,,,,,,,,,,,,,,,,,,,,,,,,,,,,
2013-12-11,MJ1311YNG36D0A,Hitachi HDS5C3030ALA630,3000592982016,0,,65536,,,,,,,,0,,,,,,18387,,,,,,,,,,,,,,,,,,,,,,,,,,,,,,24,,,,,,0,,,,,,,,,,,,,,,,,,,,,,,,,,,,
2013-12-11,S1F133Y8,ST3000DM001,3000592982016,0,,50321344,,,,,,,,0,,,,,,8177,,,,,,,,,,,,,,,,,,,,,,,,,,,,,,24,,,,,,0,,,,,,,,,,,,,,,,,,,,,,,,,,,,
2013-12-11,S1F0LDED,ST3000DM001,3000592982016,0,,20563232,,,,,,,,0,,,,,,12172,,,,,,,,,,,,,,,,,,,,,,,,,,,,,,23,,,,,,0,,,,,,,,,,,,,,,,,,,,,,,,,,,,
2013-12-11,PL1321LAG33DNH,Hitachi HDS5C4040ALE630,4000787030016,0,,0,,,,,,,,0,,,,,,5049,,,,,,,,,,,,,,,,,,,,,,,,,,,,,,29,,,,,,0,,,,,,,,,,,,,,,,,,,,,,,,,,,,
2013-12-11,S1F05QCQ,ST3000DM001,3000592982016,0,,47467968,,,,,,,,752,,,,,,12420,,,,,,,,,,,,,,,,,,,,,,,,,,,,,,36,,,,,,0,,,,,,,,,,,,,,,,,,,,,,,,,,,,
2013-12-11,MJ1311YNG3KENA,Hitachi HDS5C3030ALA630,3000592982016,0,,0,,,,,,,,27,,,,,,18200,,,,,,,,,,,,,,,,,,,,,,,,,,,,,,28,,,,,,0,,,,,,,,,,,,,,,,,,,,,,,,,,,,
2013-12-11,Z1F0MWE7,ST3000DM001,3000592982016,0,,6925088,,,,,,,,0,,,,,,11693,,,,,,,,,,,,,,,,,,,,,,,,,,,,,,27,,,,,,0,,,,,,,,,,,,,,,,,,,,,,,,,,,,
2013-12-11,W1F0X4F6,ST3000DM001,3000592982016,0,,151096584,,,,,,,,0,,,,,,10728,,,,,,,,,,,,,,,,,,,,,,,,,,,,,,23,,,,,,0,,,,,,,,,,,,,,,,,,,,,,,,,,,,
2013-12-11,JK11A8B9J39KKF,Hitachi HDS722020ALA330,2000398934016,0,,0,,,,,,,,1,,,,,,23544,,,,,,,,,,,,,,,,,,,,,,,,,,,,,,35,,,,,,0,,,,,,,,,,,,,,,,,,,,,,,,,,,,
2013-12-11,JK1174YAK8RMKW,Hitachi HDS722020ALA330,2000398934016,0,,0,,,,,,,,0,,,,,,29018,,,,,,,,,,,,,,,,,,,,,,,,,,,,,,28,,,,,,0,,,,,,,,,,,,,,,,,,,,,,,,,,,,
2013-12-11,W300D50C,ST4000DM000,4000787030016,0,,243449504,,,,,,,,0,,,,,,4290,,,,,,,,,,,,,,,,,,,,,,,,,,,,,,24,,,,,,0,,,,,,,,,,,,,,,,,,,,,,,,,,,,
2013-12-11,9XW039VF,ST31500541AS,1500301910016,0,,207258321,,,,,,,,0,,,,,,33303,,,,,,,,,,,,,,,,,,,,,,,,,,,,,,21,,,,,,0,,,,,,,,,,,,,,,,,,,,,,,,,,,,
2013-12-11,JK11A8B9J3S3JF,Hitachi HDS722020ALA330,2000398934016,0,,1,,,,,,,,0,,,,,,23580,,,,,,,,,,,,,,,,,,,,,,,,,,,,,,29,,,,,,0,,,,,,,,,,,,,,,,,,,,,,,,,,,,
2013-12-11,Z1F02KDL,ST3000DM001,3000592982016,0,,75374216,,,,,,,,0,,,,,,3218,,,,,,,,,,,,,,,,,,,,,,,,,,,,,,27,,,,,,0,,,,,,,,,,,,,,,,,,,,,,,,,,,,
2013-12-11,MJ0351YNG9W6EA,Hitachi HDS5C3030ALA630,3000592982016,0,,0,,,,,,,,0,,,,,,9986,,,,,,,,,,,,,,,,,,,,,,,,,,,,,,28,,,,,,0,,,,,,,,,,,,,,,,,,,,,,,,,,,,
2013-12-11,Z1Z04S1V,ST4000DX000,4000787030016,0,,121734834,,,,,,,,0,,,,,,5077,,,,,,,,,,,,,,,,,,,,,,,,,,,,,,33,,,,,,0,,,,,,,,,,,,,,,,,,,,,,,,,,,,
2013-12-11,MJ0351YNGA60XA,Hitachi HDS5C3030ALA630,3000592982016,0,,0,,,,,,,,0,,,,,,9163,,,,,,,,,,,,,,,,,,,,,,,,,,,,,,29,,,,,,0,,,,,,,,,,,,,,,,,,,,,,,,,,,,
2013-12-11,MJ1323YNG1PD9C,Hitachi HDS5C3030ALA630,3000592982016,0,,0,,,,,,,,0,,,,,,19744,,,,,,,,,,,,,,,,,,,,,,,,,,,,,,26,,,,,,0,,,,,,,,,,,,,,,,,,,,,,,,,,,,
2013-12-11,S1F133YJ,ST3000DM001,3000592982016,0,,139100656,,,,,,,,0,,,,,,8127,,,,,,,,,,,,,,,,,,,,,,,,,,,,,,26,,,,,,0,,,,,,,,,,,,,,,,,,,,,,,,,,,,
2013-12-11,Z1F1CZ35,ST3000DM001,3000592982016,0,,122923624,,,,,,,,0,,,,,,7300,,,,,,,,,,,,,,,,,,,,,,,,,,,,,,28,,,,,,0,,,,,,,,,,,,,,,,,,,,,,,,,,,,
2013-12-11,JK11A8B9J99UJF,Hitachi HDS722020ALA330,2000398934016,0,,0,,,,,,,,0,,,,,,25580,,,,,,,,,,,,,,,,,,,,,,,,,,,,,,26,,,,,,0,,,,,,,,,,,,,,,,,,,,,,,,,,,,
2013-12-11,Z300WHZA,ST4000DM000,4000787030016,0,,227532528,,,,,,,,0,,,,,,772,,,,,,,,,,,,,,,,,,,,,,,,,,,,,,19,,,,,,0,,,,,,,,,,,,,,,,,,,,,,,,,,,,
2013-12-11,W300BG7V,ST4000DM000,4000787030016,0,,62299256,,,,,,,,0,,,,,,1704,,,,,,,,,,,,,,,,,,,,,,,,,,,,,,24,,,,,,0,,,,,,,,,,,,,,,,,,,,,,,,,,,,
2013-12-11,PL2321LAGARZNJ,Hitachi HDS5C4040ALE630,4000787030016,0,,0,,,,,,,,0,,,,,,5075,,,,,,,,,,,,,,,,,,,,,,,,,,,,,,27,,,,,,0,,,,,,,,,,,,,,,,,,,,,,,,,,,,
2013-12-11,6XW00YWZ,ST31500541AS,1500301910016,0,,168013558,,,,,,,,0,,,,,,36637,,,,,,,,,,,,,,,,,,,,,,,,,,,,,,22,,,,,,0,,,,,,,,,,,,,,,,,,,,,,,,,,,,
2013-12-11,6XW017E7,ST31500541AS,1500301910016,0,,137520746,,,,,,,,0,,,,,,35439,,,,,,,,,,,,,,,,,,,,,,,,,,,,,,21,,,,,,0,,,,,,,,,,,,,,,,,,,,,,,,,,,,
2013-12-11,MJ0351YNGA2EJA,Hitachi HDS5C3030ALA630,3000592982016,0,,0,,,,,,,,0,,,,,,9974,,,,,,,,,,,,,,,,,,,,,,,,,,,,,,24,,,,,,0,,,,,,,,,,,,,,,,,,,,,,,,,,,,
2013-12-11,W300A8E7,ST4000DM000,4000787030016,0,,243197800,,,,,,,,0,,,,,,4134,,,,,,,,,,,,,,,,,,,,,,,,,,,,,,21,,,,,,0,,,,,,,,,,,,,,,,,,,,,,,,,,,,
2013-12-11,9VS28WPP,ST31500341AS,1500301910016,0,,163945581,,,,,,,,2,,,,,,38109,,,,,,,,,,,,,,,,,,,,,,,,,,,,,,18,,,,,,0,,,,,,,,,,,,,,,,,,,,,,,,,,,,
2013-12-11,JK11A8B9GNGKRF,Hitachi HDS722020ALA330,2000398934016,0,,1,,,,,,,,0,,,,,,26493,,,,,,,,,,,,,,,,,,,,,,,,,,,,,,24,,,,,,0,,,,,,,,,,,,,,,,,,,,,,,,,,,,
2013-12-11,PL1311LAG2AMWH,Hitachi HDS5C4040ALE630,4000787030016,0,,0,,,,,,,,0,,,,,,7415,,,,,,,,,,,,,,,,,,,,,,,,,,,,,,18,,,,,,0,,,,,,,,,,,,,,,,,,,,,,,,,,,,
2013-12-11,MJ1321YNG0HUDA,Hitachi HDS5C3030ALA630,3000592982016,0,,0,,,,,,,,0,,,,,,20480,,,,,,,,,,,,,,,,,,,,,,,,,,,,,,27,,,,,,0,,,,,,,,,,,,,,,,,,,,,,,,,,,,
2013-12-11,PL1321LAG359UH,Hitachi HDS5C4040ALE630,4000787030016,0,,0,,,,,,,,0,,,,,,5125,,,,,,,,,,,,,,,,,,,,,,,,,,,,,,29,,,,,,0,,,,,,,,,,,,,,,,,,,,,,,,,,,,
2013-12-11,PL1321LAG335EH,Hitachi HDS5C4040ALE630,4000787030016,0,,0,,,,,,,,0,,,,,,5670,,,,,,,,,,,,,,,,,,,,,,,,,,,,,,19,,,,,,0,,,,,,,,,,,,,,,,,,,,,,,,,,,,
2013-12-11,9VS2ABDY,ST31500341AS,1500301910016,0,,163430913,,,,,,,,2,,,,,,38494,,,,,,,,,,,,,,,,,,,,,,,,,,,,,,21,,,,,,0,,,,,,,,,,,,,,,,,,,,,,,,,,,,
2013-12-11,MJ0351YNG9YTJA,Hitachi HDS5C3030ALA630,3000592982016,0,,0,,,,,,,,0,,,,,,9146,,,,,,,,,,,,,,,,,,,,,,,,,,,,,,30,,,,,,0,,,,,,,,,,,,,,,,,,,,,,,,,,,,
2013-12-11,Z300X60T,ST4000DM000,4000787030016,0,,81387392,,,,,,,,0,,,,,,886,,,,,,,,,,,,,,,,,,,,,,,,,,,,,,24,,,,,,0,,,,,,,,,,,,,,,,,,,,,,,,,,,,
2013-12-11,9VS3JS00,ST31500341AS,1500301910016,0,,147357777,,,,,,,,16,,,,,,30715,,,,,,,,,,,,,,,,,,,,,,,,,,,,,,22,,,,,,0,,,,,,,,,,,,,,,,,,,,,,,,,,,,
2013-12-11,S1F0A3WM,ST3000DM001,3000592982016,0,,100162192,,,,,,,,0,,,,,,12842,,,,,,,,,,,,,,,,,,,,,,,,,,,,,,28,,,,,,0,,,,,,,,,,,,,,,,,,,,,,,,,,,,
2013-12-11,W300C57Z,ST4000DM000,4000787030016,0,,221892384,,,,,,,,0,,,,,,4153,,,,,,,,,,,,,,,,,,,,,,,,,,,,,,21,,,,,,0,,,,,,,,,,,,,,,,,,,,,,,,,,,,
2013-12-11,9VS2XCM1,ST31500341AS,1500301910016,0,,50580253,,,,,,,,3,,,,,,6732,,,,,,,,,,,,,,,,,,,,,,,,,,,,,,24,,,,,,0,,,,,,,,,,,,,,,,,,,,,,,,,,,,
2013-12-11,9VS2ABD3,ST31500341AS,1500301910016,0,,171835914,,,,,,,,5,,,,,,38493,,,,,,,,,,,,,,,,,,,,,,,,,,,,,,20,,,,,,0,,,,,,,,,,,,,,,,,,,,,,,,,,,,
2013-12-11,JK11A1YAJHHG6V,Hitachi HDS722020ALA330,2000398934016,0,,0,,,,,,,,0,,,,,,28914,,,,,,,,,,,,,,,,,,,,,,,,,,,,,,29,,,,,,0,,,,,,,,,,,,,,,,,,,,,,,,,,,,
2013-12-11,W1F09HBD,ST3000DM001,3000592982016,0,,107904744,,,,,,,,0,,,,,,13340,,,,,,,,,,,,,,,,,,,,,,,,,,,,,,25,,,,,,0,,,,,,,,,,,,,,,,,,,,,,,,,,,,
2013-12-11,JK11A8B9J39PVF,Hitachi HDS722020ALA330,2000398934016,0,,0,,,,,,,,0,,,,,,24216,,,,,,,,,,,,,,,,,,,,,,,,,,,,,,29,,,,,,0,,,,,,,,,,,,,,,,,,,,,,,,,,,,
2013-12-11,PL1311LAG3DA3H,Hitachi HDS5C4040ALE630,4000787030016,0,,0,,,,,,,,0,,,,,,6614,,,,,,,,,,,,,,,,,,,,,,,,,,,,,,26,,,,,,0,,,,,,,,,,,,,,,,,,,,,,,,,,,,
2013-12-11,PL1321LAG36J2H,Hitachi HDS5C4040ALE630,4000787030016,0,,0,,,,,,,,0,,,,,,6652,,,,,,,,,,,,,,,,,,,,,,,,,,,,,,20,,,,,,0,,,,,,,,,,,,,,,,,,,,,,,,,,,,
2013-12-11,MJ1311YNG2Y50A,Hitachi HDS5C3030ALA630,3000592982016,0,,0,,,,,,,,0,,,,,,19310,,,,,,,,,,,,,,,,,,,,,,,,,,,,,,30,,,,,,0,,,,,,,,,,,,,,,,,,,,,,,,,,,,
2013-12-11,MJ1323YNG1G6PC,Hitachi HDS5C3030ALA630,3000592982016,0,,0,,,,,,,,0,,,,,,19633,,,,,,,,,,,,,,,,,,,,,,,,,,,,,,22,,,,,,0,,,,,,,,,,,,,,,,,,,,,,,,,,,,
2013-12-11,5YD36JCL,ST1500DL003,1500301910016,0,,342592,,,,,,,,0,,,,,,3346,,,,,,,,,,,,,,,,,,,,,,,,,,,,,,19,,,,,,0,,,,,,,,,,,,,,,,,,,,,,,,,,,,
2013-12-11,JK11A8B9J8397F,Hitachi HDS722020ALA330,2000398934016,0,,0,,,,,,,,0,,,,,,25119,,,,,,,,,,,,,,,,,,,,,,,,,,,,,,29,,,,,,0,,,,,,,,,,,,,,,,,,,,,,,,,,,,
2013-12-11,WD-WCC1T1277753,WDC WD30EFRX,3000592982016,0,,0,,,,,,,,0,,,,,,969,,,,,,,,,,,,,,,,,,,,,,,,,,,,,,22,,,,,,0,,,,,,,,,,,,,,,,,,,,,,,,,,,,
2013-12-11,MJ1311YNG3HGSA,Hitachi HDS5C3030ALA630,3000592982016,0,,0,,,,,,,,0,,,,,,18068,,,,,,,,,,,,,,,,,,,,,,,,,,,,,,27,,,,,,4,,,,,,,,,,,,,,,,,,,,,,,,,,,,
2013-12-11,JK11A8B9J4MJ5F,Hitachi HDS722020ALA330,2000398934016,0,,0,,,,,,,,212,,,,,,23319,,,,,,,,,,,,,,,,,,,,,,,,,,,,,,34,,,,,,1,,,,,,,,,,,,,,,,,,,,,,,,,,,,
2013-12-11,PL1321LAGALJ1H,Hitachi HDS5C4040ALE630,4000787030016,0,,0,,,,,,,,0,,,,,,5064,,,,,,,,,,,,,,,,,,,,,,,,,,,,,,31,,,,,,0,,,,,,,,,,,,,,,,,,,,,,,,,,,,
2013-12-11,MJ0351YNGA15HA,Hitachi HDS5C3030ALA630,3000592982016,0,,0,,,,,,,,0,,,,,,8093,,,,,,,,,,,,,,,,,,,,,,,,,,,,,,25,,,,,,0,,,,,,,,,,,,,,,,,,,,,,,,,,,,
2013-12-11,9VS01NTA,ST31500341AS,1500301910016,0,,203335261,,,,,,,,7,,,,,,28516,,,,,,,,,,,,,,,,,,,,,,,,,,,,,,21,,,,,,0,,,,,,,,,,,,,,,,,,,,,,,,,,,,
2013-12-11,MJ1311YNG3EHVA,Hitachi HDS5C3030ALA630,3000592982016,0,,0,,,,,,,,0,,,,,,19251,,,,,,,,,,,,,,,,,,,,,,,,,,,,,,26,,,,,,0,,,,,,,,,,,,,,,,,,,,,,,,,,,,
2013-12-11,MJ1311YNG37EMA,Hitachi HDS5C3030ALA630,3000592982016,0,,0,,,,,,,,0,,,,,,18202,,,,,,,,,,,,,,,,,,,,,,,,,,,,,,27,,,,,,0,,,,,,,,,,,,,,,,,,,,,,,,,,,,
2013-12-11,PL1311LAG28N2H,Hitachi HDS5C4040ALE630,4000787030016,0,,0,,,,,,,,0,,,,,,7385,,,,,,,,,,,,,,,,,,,,,,,,,,,,,,29,,,,,,0,,,,,,,,,,,,,,,,,,,,,,,,,,,,
2013-12-11,MJ0351YNG9YUHA,Hitachi HDS5C3030ALA630,3000592982016,0,,0,,,,,,,,0,,,,,,9719,,,,,,,,,,,,,,,,,,,,,,,,,,,,,,30,,,,,,0,,,,,,,,,,,,,,,,,,,,,,,,,,,,
2013-12-11,JK1105B8GDM9TX,Hitachi HDS722020ALA330,2000398934016,0,,65536,,,,,,,,0,,,,,,27221,,,,,,,,,,,,,,,,,,,,,,,,,,,,,,31,,,,,,0,,,,,,,,,,,,,,,,,,,,,,,,,,,,
2013-12-11,9VS3HL03,ST31500341AS,1500301910016,0,,62315485,,,,,,,,93,,,,,,32916,,,,,,,,,,,,,,,,,,,,,,,,,,,,,,22,,,,,,0,,,,,,,,,,,,,,,,,,,,,,,,,,,,
2013-12-11,W1F0C7JQ,ST3000DM001,3000592982016,0,,1226256,,,,,,,,0,,,,,,12357,,,,,,,,,,,,,,,,,,,,,,,,,,,,,,26,,,,,,0,,,,,,,,,,,,,,,,,,,,,,,,,,,,
2013-12-11,WD-WCAU45457126,WDC WD10EADS,1000204886016,0,,1,,,,,,,,0,,,,,,41306,,,,,,,,,,,,,,,,,,,,,,,,,,,,,,27,,,,,,0,,,,,,,,,,,,,,,,,,,,,,,,,,,,
2013-12-11,W300KL20,ST4000DM000,4000787030016,0,,80043896,,,,,,,,0,,,,,,799,,,,,,,,,,,,,,,,,,,,,,,,,,,,,,18,,,,,,0,,,,,,,,,,,,,,,,,,,,,,,,,,,,
2013-12-11,WD-WCAU47396207,WDC WD10EADS,1000204886016,0,,1,,,,,,,,0,,,,,,40821,,,,,,,,,,,,,,,,,,,,,,,,,,,,,,33,,,,,,0,,,,,,,,,,,,,,,,,,,,,,,,,,,,
2013-12-11,S1F0NHGT,ST3000DM001,3000592982016,0,,31259504,,,,,,,,0,,,,,,11576,,,,,,,,,,,,,,,,,,,,,,,,,,,,,,25,,,,,,0,,,,,,,,,,,,,,,,,,,,,,,,,,,,
2013-12-11,Z300W19Z,ST4000DM000,4000787030016,0,,168215264,,,,,,,,0,,,,,,920,,,,,,,,,,,,,,,,,,,,,,,,,,,,,,21,,,,,,0,,,,,,,,,,,,,,,,,,,,,,,,,,,,
2013-12-11,MJ1321YNG19VDA,Hitachi HDS5C3030ALA630,3000592982016,0,,0,,,,,,,,0,,,,,,19798,,,,,,,,,,,,,,,,,,,,,,,,,,,,,,28,,,,,,0,,,,,,,,,,,,,,,,,,,,,,,,,,,,
2013-12-11,JK11A8B9GPP66F,Hitachi HDS722020ALA330,2000398934016,0,,0,,,,,,,,0,,,,,,26763,,,,,,,,,,,,,,,,,,,,,,,,,,,,,,28,,,,,,0,,,,,,,,,,,,,,,,,,,,,,,,,,,,
2013-12-11,S1F0B4BB,ST3000DM001,3000592982016,0,,107426840,,,,,,,,0,,,,,,8900,,,,,,,,,,,,,,,,,,,,,,,,,,,,,,23,,,,,,0,,,,,,,,,,,,,,,,,,,,,,,,,,,,
2013-12-11,MK0311YHGKWG3A,Hitachi HDS723030ALA640,3000592982016,0,,0,,,,,,,,0,,,,,,21458,,,,,,,,,,,,,,,,,,,,,,,,,,,,,,28,,,,,,0,,,,,,,,,,,,,,,,,,,,,,,,,,,,
2013-12-11,Z300N1DZ,ST4000DM000,4000787030016,0,,25354672,,,,,,,,0,,,,,,2901,,,,,,,,,,,,,,,,,,,,,,,,,,,,,,26,,,,,,0,,,,,,,,,,,,,,,,,,,,,,,,,,,,
2013-12-11,9VS2A30Q,ST31500341AS,1500301910016,0,,171129107,,,,,,,,4,,,,,,38480,,,,,,,,,,,,,,,,,,,,,,,,,,,,,,24,,,,,,0,,,,,,,,,,,,,,,,,,,,,,,,,,,,
2013-12-11,PL1311LAG1JXJA,Hitachi HDS5C4040ALE630,4000787030016,0,,0,,,,,,,,0,,,,,,7757,,,,,,,,,,,,,,,,,,,,,,,,,,,,,,28,,,,,,0,,,,,,,,,,,,,,,,,,,,,,,,,,,,
2013-12-11,MJ1323YNG1SDTC,Hitachi HDS5C3030ALA630,3000592982016,0,,0,,,,,,,,0,,,,,,19762,,,,,,,,,,,,,,,,,,,,,,,,,,,,,,27,,,,,,0,,,,,,,,,,,,,,,,,,,,,,,,,,,,
2013-12-11,MJ1311YNG3HBYA,Hitachi HDS5C3030ALA630,3000592982016,0,,0,,,,,,,,4,,,,,,18201,,,,,,,,,,,,,,,,,,,,,,,,,,,,,,30,,,,,,0,,,,,,,,,,,,,,,,,,,,,,,,,,,,
2013-12-11,S1F018DZ,ST3000DM001,3000592982016,0,,241163368,,,,,,,,0,,,,,,14728,,,,,,,,,,,,,,,,,,,,,,,,,,,,,,25,,,,,,0,,,,,,,,,,,,,,,,,,,,,,,,,,,,
2013-12-11,9XW03B5R,ST31500541AS,1500301910016,0,,40453625,,,,,,,,0,,,,,,33330,,,,,,,,,,,,,,,,,,,,,,,,,,,,,,18,,,,,,0,,,,,,,,,,,,,,,,,,,,,,,,,,,,
2013-12-11,MK0311YHGHEGKA,Hitachi HDS723030ALA640,3000592982016,0,,0,,,,,,,,0,,,,,,14732,,,,,,,,,,,,,,,,,,,,,,,,,,,,,,26,,,,,,0,,,,,,,,,,,,,,,,,,,,,,,,,,,,
2013-12-11,W3002Q5P,ST4000DM000,4000787030016,0,,42889480,,,,,,,,0,,,,,,2244,,,,,,,,,,,,,,,,,,,,,,,,,,,,,,18,,,,,,0,,,,,,,,,,,,,,,,,,,,,,,,,,,,
2013-12-11,W1F093GB,ST3000DM001,3000592982016,0,,180699520,,,,,,,,0,,,,,,13883,,,,,,,,,,,,,,,,,,,,,,,,,,,,,,23,,,,,,0,,,,,,,,,,,,,,,,,,,,,,,,,,,,
2013-12-11,MJ1311YNG1UP4A,Hitachi HDS5C3030ALA630,3000592982016,0,,0,,,,,,,,0,,,,,,19588,,,,,,,,,,,,,,,,,,,,,,,,,,,,,,26,,,,,,0,,,,,,,,,,,,,,,,,,,,,,,,,,,,
2013-12-11,S1F018DD,ST3000DM001,3000592982016,0,,9946848,,,,,,,,0,,,,,,15620,,,,,,,,,,,,,,,,,,,,,,,,,,,,,,21,,,,,,0,,,,,,,,,,,,,,,,,,,,,,,,,,,,
2013-12-11,W1F093G5,ST3000DM001,3000592982016,0,,155265080,,,,,,,,1256,,,,,,14729,,,,,,,,,,,,,,,,,,,,,,,,,,,,,,27,,,,,,0,,,,,,,,,,,,,,,,,,,,,,,,,,,,
2013-12-11,MK0301YHGJNUYA,Hitachi HDS723030ALA640,3000592982016,0,,65537,,,,,,,,0,,,,,,17036,,,,,,,,,,,,,,,,,,,,,,,,,,,,,,26,,,,,,0,,,,,,,,,,,,,,,,,,,,,,,,,,,,
2013-12-11,W1F09NE4,ST3000DM001,3000592982016,0,,56704760,,,,,,,,0,,,,,,13342,,,,,,,,,,,,,,,,,,,,,,,,,,,,,,30,,,,,,0,,,,,,,,,,,,,,,,,,,,,,,,,,,,
2013-12-11,MJ0351YNG9TLLA,Hitachi HDS5C3030ALA630,3000592982016,0,,0,,,,,,,,0,,,,,,9552,,,,,,,,,,,,,,,,,,,,,,,,,,,,,,28,,,,,,0,,,,,,,,,,,,,,,,,,,,,,,,,,,,
2013-12-11,PL1301LAG2XT0H,Hitachi HDS5C4040ALE630,4000787030016,0,,0,,,,,,,,0,,,,,,5668,,,,,,,,,,,,,,,,,,,,,,,,,,,,,,21,,,,,,0,,,,,,,,,,,,,,,,,,,,,,,,,,,,
2013-12-11,JK11A8B9J3VS6F,Hitachi HDS722020ALA330,2000398934016,0,,0,,,,,,,,0,,,,,,23579,,,,,,,,,,,,,,,,,,,,,,,,,,,,,,28,,,,,,0,,,,,,,,,,,,,,,,,,,,,,,,,,,,
2013-12-11,MJ0351YNG9Z7AA,Hitachi HDS5C3030ALA630,3000592982016,0,,0,,,,,,,,0,,,,,,9524,,,,,,,,,,,,,,,,,,,,,,,,,,,,,,33,,,,,,0,,,,,,,,,,,,,,,,,,,,,,,,,,,,
2013-12-11,WD-WCAWZ0949545,WDC WD30EZRX,3000592982016,0,,0,,,,,,,,0,,,,,,16984,,,,,,,,,,,,,,,,,,,,,,,,,,,,,,23,,,,,,0,,,,,,,,,,,,,,,,,,,,,,,,,,,,
2013-12-11,6XW0KKAF,ST31500541AS,1500301910016,0,,21995121,,,,,,,,0,,,,,,28752,,,,,,,,,,,,,,,,,,,,,,,,,,,,,,19,,,,,,0,,,,,,,,,,,,,,,,,,,,,,,,,,,,
2013-12-11,S1F0TRWY,ST3000DM001,3000592982016,0,,136641080,,,,,,,,0,,,,,,10720,,,,,,,,,,,,,,,,,,,,,,,,,,,,,,24,,,,,,0,,,,,,,,,,,,,,,,,,,,,,,,,,,,
2013-12-11,W1F03A8Z,ST3000DM001,3000592982016,0,,88809184,,,,,,,,0,,,,,,15400,,,,,,,,,,,,,,,,,,,,,,,,,,,,,,23,,,,,,0,,,,,,,,,,,,,,,,,,,,,,,,,,,,
2013-12-11,JK11A8B9J37NEF,Hitachi HDS722020ALA330,2000398934016,0,,65539,,,,,,,,0,,,,,,24425,,,,,,,,,,,,,,,,,,,,,,,,,,,,,,30,,,,,,0,,,,,,,,,,,,,,,,,,,,,,,,,,,,
2013-12-11,S1F0CTRL,ST3000DM001,3000592982016,0,,178261752,,,,,,,,0,,,,,,12366,,,,,,,,,,,,,,,,,,,,,,,,,,,,,,22,,,,,,0,,,,,,,,,,,,,,,,,,,,,,,,,,,,
2013-12-11,MJ1311YNG660XA,Hitachi HDS5C3030ALA630,3000592982016,0,,0,,,,,,,,0,,,,,,9773,,,,,,,,,,,,,,,,,,,,,,,,,,,,,,29,,,,,,0,,,,,,,,,,,,,,,,,,,,,,,,,,,,
2013-12-11,JK1101B9GEAP1F,Hitachi HDS722020ALA330,2000398934016,0,,0,,,,,,,,0,,,,,,4518,,,,,,,,,,,,,,,,,,,,,,,,,,,,,,25,,,,,,0,,,,,,,,,,,,,,,,,,,,,,,,,,,,
2013-12-11,MK0301YHGMHJUD,Hitachi HDS723030ALA640,3000592982016,0,,0,,,,,,,,18,,,,,,17036,,,,,,,,,,,,,,,,,,,,,,,,,,,,,,27,,,,,,0,,,,,,,,,,,,,,,,,,,,,,,,,,,,
2013-12-11,JK11A8B9J8Z70F,Hitachi HDS722020ALA330,2000398934016,0,,0,,,,,,,,0,,,,,,24467,,,,,,,,,,,,,,,,,,,,,,,,,,,,,,28,,,,,,0,,,,,,,,,,,,,,,,,,,,,,,,,,,,
2013-12-11,MJ0351YNGA6N9A,Hitachi HDS5C3030ALA630,3000592982016,0,,0,,,,,,,,0,,,,,,7825,,,,,,,,,,,,,,,,,,,,,,,,,,,,,,25,,,,,,0,,,,,,,,,,,,,,,,,,,,,,,,,,,,
2013-12-11,Z300CMRT,ST4000DM000,4000787030016,0,,137853488,,,,,,,,0,,,,,,2219,,,,,,,,,,,,,,,,,,,,,,,,,,,,,,23,,,,,,0,,,,,,,,,,,,,,,,,,,,,,,,,,,,
2013-12-11,Z300GZ46,ST4000DM000,4000787030016,0,,156943624,,,,,,,,0,,,,,,3588,,,,,,,,,,,,,,,,,,,,,,,,,,,,,,25,,,,,,0,,,,,,,,,,,,,,,,,,,,,,,,,,,,
2013-12-11,Z300GZ47,ST4000DM000,4000787030016,0,,205968600,,,,,,,,0,,,,,,3581,,,,,,,,,,,,,,,,,,,,,,,,,,,,,,18,,,,,,0,,,,,,,,,,,,,,,,,,,,,,,,,,,,
2013-12-11,S1F06XHZ,ST3000DM001,3000592982016,0,,149835336,,,,,,,,0,,,,,,13910,,,,,,,,,,,,,,,,,,,,,,,,,,,,,,26,,,,,,0,,,,,,,,,,,,,,,,,,,,,,,,,,,,
2013-12-11,Z300GZ45,ST4000DM000,4000787030016,0,,159591168,,,,,,,,0,,,,,,2900,,,,,,,,,,,,,,,,,,,,,,,,,,,,,,27,,,,,,0,,,,,,,,,,,,,,,,,,,,,,,,,,,,
2013-12-11,Z300GZ42,ST4000DM000,4000787030016,0,,179722640,,,,,,,,0,,,,,,3362,,,,,,,,,,,,,,,,,,,,,,,,,,,,,,21,,,,,,0,,,,,,,,,,,,,,,,,,,,,,,,,,,,
2013-12-11,Z300GZ43,ST4000DM000,4000787030016,0,,159493776,,,,,,,,0,,,,,,3345,,,,,,,,,,,,,,,,,,,,,,,,,,,,,,18,,,,,,0,,,,,,,,,,,,,,,,,,,,,,,,,,,,
2013-12-11,Z300GZ41,ST4000DM000,4000787030016,0,,231128864,,,,,,,,0,,,,,,3583,,,,,,,,,,,,,,,,,,,,,,,,,,,,,,25,,,,,,0,,,,,,,,,,,,,,,,,,,,,,,,,,,,
2013-12-11,MJ1323YNG1SERC,Hitachi HDS5C3030ALA630,3000592982016,0,,0,,,,,,,,0,,,,,,20082,,,,,,,,,,,,,,,,,,,,,,,,,,,,,,32,,,,,,0,,,,,,,,,,,,,,,,,,,,,,,,,,,,
2013-12-11,S1F0R0PX,ST3000DM001,3000592982016,0,,150706568,,,,,,,,0,,,,,,11638,,,,,,,,,,,,,,,,,,,,,,,,,,,,,,28,,,,,,0,,,,,,,,,,,,,,,,,,,,,,,,,,,,
2013-12-11,MJ1311YNG36YHA,Hitachi HDS5C3030ALA630,3000592982016,0,,0,,,,,,,,0,,,,,,19587,,,,,,,,,,,,,,,,,,,,,,,,,,,,,,23,,,,,,0,,,,,,,,,,,,,,,,,,,,,,,,,,,,
2013-12-11,5YD8YM1M,ST1500DL003,1500301910016,0,,5709896,,,,,,,,0,,,,,,4212,,,,,,,,,,,,,,,,,,,,,,,,,,,,,,18,,,,,,0,,,,,,,,,,,,,,,,,,,,,,,,,,,,
2013-12-11,JK11A8B9J80GPF,Hitachi HDS722020ALA330,2000398934016,0,,0,,,,,,,,0,,,,,,25580,,,,,,,,,,,,,,,,,,,,,,,,,,,,,,22,,,,,,0,,,,,,,,,,,,,,,,,,,,,,,,,,,,
2013-12-11,JK11A8B9J7T3KF,Hitachi HDS722020ALA330,2000398934016,0,,0,,,,,,,,0,,,,,,24911,,,,,,,,,,,,,,,,,,,,,,,,,,,,,,26,,,,,,0,,,,,,,,,,,,,,,,,,,,,,,,,,,,
2013-12-11,6XW0W4F8,ST31500541AS,1500301910016,0,,210554943,,,,,,,,3,,,,,,34161,,,,,,,,,,,,,,,,,,,,,,,,,,,,,,21,,,,,,0,,,,,,,,,,,,,,,,,,,,,,,,,,,,
2013-12-11,W1F1AHHE,ST3000DM001,3000592982016,0,,162414528,,,,,,,,0,,,,,,8175,,,,,,,,,,,,,,,,,,,,,,,,,,,,,,23,,,,,,0,,,,,,,,,,,,,,,,,,,,,,,,,,,,
2013-12-11,JK11A8B9J34R9F,Hitachi HDS722020ALA330,2000398934016,0,,131073,,,,,,,,0,,,,,,23822,,,,,,,,,,,,,,,,,,,,,,,,,,,,,,35,,,,,,0,,,,,,,,,,,,,,,,,,,,,,,,,,,,
2013-12-11,MJ0351YNG9ZNLA,Hitachi HDS5C3030ALA630,3000592982016,0,,0,,,,,,,,0,,,,,,9475,,,,,,,,,,,,,,,,,,,,,,,,,,,,,,27,,,,,,0,,,,,,,,,,,,,,,,,,,,,,,,,,,,
2013-12-11,WD-WCAU45911496,WDC WD10EACS,1000204886016,0,,4,,,,,,,,0,,,,,,42377,,,,,,,,,,,,,,,,,,,,,,,,,,,,,,23,,,,,,0,,,,,,,,,,,,,,,,,,,,,,,,,,,,
2013-12-11,MJ0351YNGA0E3A,Hitachi HDS5C3030ALA630,3000592982016,0,,0,,,,,,,,0,,,,,,9147,,,,,,,,,,,,,,,,,,,,,,,,,,,,,,31,,,,,,0,,,,,,,,,,,,,,,,,,,,,,,,,,,,
2013-12-11,MK0303YHGNE3XC,Hitachi HDS723030ALA640,3000592982016,0,,0,,,,,,,,0,,,,,,16734,,,,,,,,,,,,,,,,,,,,,,,,,,,,,,29,,,,,,0,,,,,,,,,,,,,,,,,,,,,,,,,,,,
2013-12-11,WD-WCAWZ1092703,WDC WD30EZRX,3000592982016,0,,0,,,,,,,,0,,,,,,16986,,,,,,,,,,,,,,,,,,,,,,,,,,,,,,20,,,,,,1,,,,,,,,,,,,,,,,,,,,,,,,,,,,
2013-12-11,JK1101B8JN8NSZ,Hitachi HDS722020ALA330,2000398934016,0,,0,,,,,,,,0,,,,,,23991,,,,,,,,,,,,,,,,,,,,,,,,,,,,,,29,,,,,,0,,,,,,,,,,,,,,,,,,,,,,,,,,,,
2013-12-11,JK1175YAHSNZKX,Hitachi HDS722020ALA330,2000398934016,0,,65536,,,,,,,,0,,,,,,30501,,,,,,,,,,,,,,,,,,,,,,,,,,,,,,32,,,,,,0,,,,,,,,,,,,,,,,,,,,,,,,,,,,
2013-12-11,W300CWN0,ST4000DM000,4000787030016,0,,211126296,,,,,,,,0,,,,,,2224,,,,,,,,,,,,,,,,,,,,,,,,,,,,,,22,,,,,,0,,,,,,,,,,,,,,,,,,,,,,,,,,,,
2013-12-11,PL1311LAG3AAJH,Hitachi HDS5C4040ALE630,4000787030016,0,,0,,,,,,,,0,,,,,,6637,,,,,,,,,,,,,,,,,,,,,,,,,,,,,,27,,,,,,0,,,,,,,,,,,,,,,,,,,,,,,,,,,,
2013-12-11,MJ0351YNG9Z6EA,Hitachi HDS5C3030ALA630,3000592982016,0,,0,,,,,,,,0,,,,,,9913,,,,,,,,,,,,,,,,,,,,,,,,,,,,,,32,,,,,,0,,,,,,,,,,,,,,,,,,,,,,,,,,,,
2013-12-11,MK0311YHGK3VUA,Hitachi HDS723030ALA640,3000592982016,0,,524336,,,,,,,,0,,,,,,21462,,,,,,,,,,,,,,,,,,,,,,,,,,,,,,33,,,,,,0,,,,,,,,,,,,,,,,,,,,,,,,,,,,
2013-12-11,MJ1323YNG1SKEC,Hitachi HDS5C3030ALA630,3000592982016,0,,0,,,,,,,,0,,,,,,19770,,,,,,,,,,,,,,,,,,,,,,,,,,,,,,24,,,,,,0,,,,,,,,,,,,,,,,,,,,,,,,,,,,
2013-12-11,Z300GZ4S,ST4000DM000,4000787030016,0,,232894968,,,,,,,,0,,,,,,3580,,,,,,,,,,,,,,,,,,,,,,,,,,,,,,23,,,,,,0,,,,,,,,,,,,,,,,,,,,,,,,,,,,
2013-12-11,Z300GZ4M,ST4000DM000,4000787030016,0,,71152672,,,,,,,,0,,,,,,3630,,,,,,,,,,,,,,,,,,,,,,,,,,,,,,23,,,,,,0,,,,,,,,,,,,,,,,,,,,,,,,,,,,
2013-12-11,Z300GZ4K,ST4000DM000,4000787030016,0,,40906384,,,,,,,,0,,,,,,3584,,,,,,,,,,,,,,,,,,,,,,,,,,,,,,26,,,,,,0,,,,,,,,,,,,,,,,,,,,,,,,,,,,
2013-12-11,WD-WCAU47203379,WDC WD10EADS,1000204886016,0,,1,,,,,,,,0,,,,,,39286,,,,,,,,,,,,,,,,,,,,,,,,,,,,,,26,,,,,,0,,,,,,,,,,,,,,,,,,,,,,,,,,,,
2013-12-11,MJ0351YNG9W29A,Hitachi HDS5C3030ALA630,3000592982016,0,,0,,,,,,,,0,,,,,,9721,,,,,,,,,,,,,,,,,,,,,,,,,,,,,,29,,,,,,0,,,,,,,,,,,,,,,,,,,,,,,,,,,,
2013-12-11,MJ0351YNG9YJ9A,Hitachi HDS5C3030ALA630,3000592982016,0,,0,,,,,,,,0,,,,,,9986,,,,,,,,,,,,,,,,,,,,,,,,,,,,,,30,,,,,,0,,,,,,,,,,,,,,,,,,,,,,,,,,,,
2013-12-11,PL1321LAG35E3H,Hitachi HDS5C4040ALE630,4000787030016,0,,0,,,,,,,,0,,,,,,5933,,,,,,,,,,,,,,,,,,,,,,,,,,,,,,27,,,,,,0,,,,,,,,,,,,,,,,,,,,,,,,,,,,
2013-12-11,9XW019N0,ST31500541AS,1500301910016,0,,208897625,,,,,,,,0,,,,,,35746,,,,,,,,,,,,,,,,,,,,,,,,,,,,,,23,,,,,,0,,,,,,,,,,,,,,,,,,,,,,,,,,,,
2013-12-11,MJ1311YNG37BSA,Hitachi HDS5C3030ALA630,3000592982016,0,,0,,,,,,,,0,,,,,,18592,,,,,,,,,,,,,,,,,,,,,,,,,,,,,,24,,,,,,0,,,,,,,,,,,,,,,,,,,,,,,,,,,,
2013-12-11,JK11A8B9J04TNF,Hitachi HDS722020ALA330,2000398934016,0,,0,,,,,,,,0,,,,,,26328,,,,,,,,,,,,,,,,,,,,,,,,,,,,,,25,,,,,,0,,,,,,,,,,,,,,,,,,,,,,,,,,,,
2013-12-11,JK1174YAK3WW6W,Hitachi HDS722020ALA330,2000398934016,0,,0,,,,,,,,0,,,,,,28154,,,,,,,,,,,,,,,,,,,,,,,,,,,,,,26,,,,,,0,,,,,,,,,,,,,,,,,,,,,,,,,,,,
2013-12-11,W1F0F6BN,ST3000DM001,3000592982016,0,,144599480,,,,,,,,0,,,,,,11687,,,,,,,,,,,,,,,,,,,,,,,,,,,,,,25,,,,,,0,,,,,,,,,,,,,,,,,,,,,,,,,,,,
2013-12-11,MJ0351YNG9VENA,Hitachi HDS5C3030ALA630,3000592982016,0,,0,,,,,,,,0,,,,,,9671,,,,,,,,,,,,,,,,,,,,,,,,,,,,,,29,,,,,,0,,,,,,,,,,,,,,,,,,,,,,,,,,,,
2013-12-11,PL1311LAG28NJH,Hitachi HDS5C4040ALE630,4000787030016,0,,0,,,,,,,,0,,,,,,7462,,,,,,,,,,,,,,,,,,,,,,,,,,,,,,23,,,,,,0,,,,,,,,,,,,,,,,,,,,,,,,,,,,
2013-12-11,S1F09CYB,ST3000DM001,3000592982016,0,,15410096,,,,,,,,40,,,,,,12356,,,,,,,,,,,,,,,,,,,,,,,,,,,,,,26,,,,,,0,,,,,,,,,,,,,,,,,,,,,,,,,,,,
2013-12-11,JK1175YAHKSYHX,Hitachi HDS722020ALA330,2000398934016,0,,458772,,,,,,,,0,,,,,,30501,,,,,,,,,,,,,,,,,,,,,,,,,,,,,,33,,,,,,0,,,,,,,,,,,,,,,,,,,,,,,,,,,,
2013-12-11,S1F0S6X7,ST3000DM001,3000592982016,0,,218239568,,,,,,,,0,,,,,,10470,,,,,,,,,,,,,,,,,,,,,,,,,,,,,,26,,,,,,0,,,,,,,,,,,,,,,,,,,,,,,,,,,,
2013-12-11,Z1F022S8,ST3000DM001,3000592982016,0,,171408640,,,,,,,,7936,,,,,,16643,,,,,,,,,,,,,,,,,,,,,,,,,,,,,,28,,,,,,0,,,,,,,,,,,,,,,,,,,,,,,,,,,,
2013-12-11,MJ0351YNG9WKWA,Hitachi HDS5C3030ALA630,3000592982016,0,,0,,,,,,,,0,,,,,,9469,,,,,,,,,,,,,,,,,,,,,,,,,,,,,,27,,,,,,0,,,,,,,,,,,,,,,,,,,,,,,,,,,,
2013-12-11,PL1321LAGAMKXH,Hitachi HDS5C4040ALE630,4000787030016,0,,0,,,,,,,,0,,,,,,5066,,,,,,,,,,,,,,,,,,,,,,,,,,,,,,30,,,,,,0,,,,,,,,,,,,,,,,,,,,,,,,,,,,
2013-12-11,PL1321LAG33RXH,Hitachi HDS5C4040ALE630,4000787030016,0,,0,,,,,,,,0,,,,,,5921,,,,,,,,,,,,,,,,,,,,,,,,,,,,,,18,,,,,,0,,,,,,,,,,,,,,,,,,,,,,,,,,,,
2013-12-11,JK11A1YAJH66HV,Hitachi HDS722020ALA330,2000398934016,0,,65537,,,,,,,,0,,,,,,28849,,,,,,,,,,,,,,,,,,,,,,,,,,,,,,27,,,,,,0,,,,,,,,,,,,,,,,,,,,,,,,,,,,
2013-12-11,MJ0351YNGA8VUA,Hitachi HDS5C3030ALA630,3000592982016,0,,0,,,,,,,,0,,,,,,8617,,,,,,,,,,,,,,,,,,,,,,,,,,,,,,31,,,,,,0,,,,,,,,,,,,,,,,,,,,,,,,,,,,
2013-12-11,Z300NT1M,ST4000DM000,4000787030016,0,,151178648,,,,,,,,0,,,,,,772,,,,,,,,,,,,,,,,,,,,,,,,,,,,,,22,,,,,,0,,,,,,,,,,,,,,,,,,,,,,,,,,,,
2013-12-11,Z300WDEN,ST4000DM000,4000787030016,0,,65014928,,,,,,,,0,,,,,,799,,,,,,,,,,,,,,,,,,,,,,,,,,,,,,22,,,,,,0,,,,,,,,,,,,,,,,,,,,,,,,,,,,
2013-12-11,Z300CWKP,ST4000DM000,4000787030016,0,,168623152,,,,,,,,0,,,,,,2241,,,,,,,,,,,,,,,,,,,,,,,,,,,,,,24,,,,,,0,,,,,,,,,,,,,,,,,,,,,,,,,,,,
2013-12-11,Z300WDED,ST4000DM000,4000787030016,0,,52913976,,,,,,,,0,,,,,,958,,,,,,,,,,,,,,,,,,,,,,,,,,,,,,22,,,,,,0,,,,,,,,,,,,,,,,,,,,,,,,,,,,
2013-12-11,S1F11YHR,ST3000DM001,3000592982016,0,,83356056,,,,,,,,0,,,,,,7994,,,,,,,,,,,,,,,,,,,,,,,,,,,,,,22,,,,,,0,,,,,,,,,,,,,,,,,,,,,,,,,,,,
2013-12-11,S1F0QY71,ST3000DM001,3000592982016,0,,166383416,,,,,,,,0,,,,,,11638,,,,,,,,,,,,,,,,,,,,,,,,,,,,,,27,,,,,,0,,,,,,,,,,,,,,,,,,,,,,,,,,,,
2013-12-11,JK11A8B9J7G37F,Hitachi HDS722020ALA330,2000398934016,0,,1,,,,,,,,0,,,,,,24468,,,,,,,,,,,,,,,,,,,,,,,,,,,,,,24,,,,,,0,,,,,,,,,,,,,,,,,,,,,,,,,,,,
2013-12-11,Z300CWKC,ST4000DM000,4000787030016,0,,232194472,,,,,,,,0,,,,,,2248,,,,,,,,,,,,,,,,,,,,,,,,,,,,,,22,,,,,,0,,,,,,,,,,,,,,,,,,,,,,,,,,,,
2013-12-11,MJ1311YNG5XMJA,Hitachi HDS5C3030ALA630,3000592982016,0,,0,,,,,,,,0,,,,,,14290,,,,,,,,,,,,,,,,,,,,,,,,,,,,,,28,,,,,,0,,,,,,,,,,,,,,,,,,,,,,,,,,,,
2013-12-11,JK11A8B9J957RF,Hitachi HDS722020ALA330,2000398934016,0,,0,,,,,,,,0,,,,,,24497,,,,,,,,,,,,,,,,,,,,,,,,,,,,,,26,,,,,,0,,,,,,,,,,,,,,,,,,,,,,,,,,,,
2013-12-11,W1F0SFJJ,ST3000DM001,3000592982016,0,,159682600,,,,,,,,0,,,,,,11692,,,,,,,,,,,,,,,,,,,,,,,,,,,,,,25,,,,,,0,,,,,,,,,,,,,,,,,,,,,,,,,,,,
2013-12-11,5XW02M67,ST31500541AS,1500301910016,0,,16531150,,,,,,,,0,,,,,,37159,,,,,,,,,,,,,,,,,,,,,,,,,,,,,,24,,,,,,0,,,,,,,,,,,,,,,,,,,,,,,,,,,,
2013-12-11,S1F0S5F0,ST3000DM001,3000592982016,0,,204736320,,,,,,,,0,,,,,,10728,,,,,,,,,,,,,,,,,,,,,,,,,,,,,,25,,,,,,0,,,,,,,,,,,,,,,,,,,,,,,,,,,,
2013-12-11,MJ1313YNG1Y6BC,Hitachi HDS5C3030ALA630,3000592982016,0,,0,,,,,,,,0,,,,,,21796,,,,,,,,,,,,,,,,,,,,,,,,,,,,,,24,,,,,,0,,,,,,,,,,,,,,,,,,,,,,,,,,,,
2013-12-11,W1F08JTF,ST3000DM001,3000592982016,0,,128421760,,,,,,,,0,,,,,,15223,,,,,,,,,,,,,,,,,,,,,,,,,,,,,,24,,,,,,0,,,,,,,,,,,,,,,,,,,,,,,,,,,,
2013-12-11,Z300E2CX,ST4000DM000,4000787030016,0,,165227240,,,,,,,,0,,,,,,2216,,,,,,,,,,,,,,,,,,,,,,,,,,,,,,23,,,,,,0,,,,,,,,,,,,,,,,,,,,,,,,,,,,
2013-12-11,W1F1FCM1,ST3000DM001,3000592982016,0,,16249344,,,,,,,,568,,,,,,8175,,,,,,,,,,,,,,,,,,,,,,,,,,,,,,23,,,,,,0,,,,,,,,,,,,,,,,,,,,,,,,,,,,
2013-12-11,MJ0351YNGA57AA,Hitachi HDS5C3030ALA630,3000592982016,0,,0,,,,,,,,0,,,,,,8547,,,,,,,,,,,,,,,,,,,,,,,,,,,,,,26,,,,,,0,,,,,,,,,,,,,,,,,,,,,,,,,,,,
2013-12-11,MJ1311YNG6XKHA,Hitachi HDS5C3030ALA630,3000592982016,0,,0,,,,,,,,0,,,,,,14593,,,,,,,,,,,,,,,,,,,,,,,,,,,,,,25,,,,,,0,,,,,,,,,,,,,,,,,,,,,,,,,,,,
2013-12-11,MJ0351YNG9WUUA,Hitachi HDS5C3030ALA630,3000592982016,0,,0,,,,,,,,0,,,,,,8611,,,,,,,,,,,,,,,,,,,,,,,,,,,,,,31,,,,,,0,,,,,,,,,,,,,,,,,,,,,,,,,,,,
2013-12-11,PL1321LAG33TBH,Hitachi HDS5C4040ALE630,4000787030016,0,,0,,,,,,,,0,,,,,,6619,,,,,,,,,,,,,,,,,,,,,,,,,,,,,,25,,,,,,0,,,,,,,,,,,,,,,,,,,,,,,,,,,,
2013-12-11,PL1311LAG3E0AH,Hitachi HDS5C4040ALE630,4000787030016,0,,0,,,,,,,,0,,,,,,6655,,,,,,,,,,,,,,,,,,,,,,,,,,,,,,20,,,,,,0,,,,,,,,,,,,,,,,,,,,,,,,,,,,
2013-12-11,S1F0Q38C,ST3000DM001,3000592982016,0,,218567584,,,,,,,,0,,,,,,9269,,,,,,,,,,,,,,,,,,,,,,,,,,,,,,28,,,,,,16,,,,,,,,,,,,,,,,,,,,,,,,,,,,
2013-12-11,MJ1323YNG1TA7C,Hitachi HDS5C3030ALA630,3000592982016,0,,0,,,,,,,,0,,,,,,19748,,,,,,,,,,,,,,,,,,,,,,,,,,,,,,24,,,,,,0,,,,,,,,,,,,,,,,,,,,,,,,,,,,
2013-12-11,S1F0AFDX,ST3000DM001,3000592982016,0,,239466552,,,,,,,,0,,,,,,12840,,,,,,,,,,,,,,,,,,,,,,,,,,,,,,26,,,,,,0,,,,,,,,,,,,,,,,,,,,,,,,,,,,
2013-12-11,9VS1GZEY,ST31500341AS,1500301910016,0,,88379550,,,,,,,,6,,,,,,40409,,,,,,,,,,,,,,,,,,,,,,,,,,,,,,26,,,,,,0,,,,,,,,,,,,,,,,,,,,,,,,,,,,
2013-12-11,MJ1311YNG0RB5A,Hitachi HDS5C3030ALA630,3000592982016,0,,0,,,,,,,,0,,,,,,20498,,,,,,,,,,,,,,,,,,,,,,,,,,,,,,32,,,,,,0,,,,,,,,,,,,,,,,,,,,,,,,,,,,
2013-12-11,W300D8VH,ST4000DM000,4000787030016,0,,179249312,,,,,,,,0,,,,,,3238,,,,,,,,,,,,,,,,,,,,,,,,,,,,,,19,,,,,,0,,,,,,,,,,,,,,,,,,,,,,,,,,,,
2013-12-11,PL2311LAG1TB1C,Hitachi HDS5C4040ALE630,4000787030016,0,,0,,,,,,,,0,,,,,,7461,,,,,,,,,,,,,,,,,,,,,,,,,,,,,,27,,,,,,0,,,,,,,,,,,,,,,,,,,,,,,,,,,,
2013-12-11,PL1311LAG2ANJH,Hitachi HDS5C4040ALE630,4000787030016,0,,0,,,,,,,,0,,,,,,7417,,,,,,,,,,,,,,,,,,,,,,,,,,,,,,21,,,,,,0,,,,,,,,,,,,,,,,,,,,,,,,,,,,
2013-12-11,W1F08KRQ,ST3000DM001,3000592982016,0,,54644816,,,,,,,,0,,,,,,14732,,,,,,,,,,,,,,,,,,,,,,,,,,,,,,25,,,,,,0,,,,,,,,,,,,,,,,,,,,,,,,,,,,
2013-12-11,JK1101B9JP5V6U,Hitachi HDS722020ALA330,2000398934016,0,,0,,,,,,,,0,,,,,,24112,,,,,,,,,,,,,,,,,,,,,,,,,,,,,,28,,,,,,0,,,,,,,,,,,,,,,,,,,,,,,,,,,,
2013-12-11,WD-WMAWZ0231282,WDC WD30EZRX,3000592982016,0,,0,,,,,,,,0,,,,,,12931,,,,,,,,,,,,,,,,,,,,,,,,,,,,,,26,,,,,,0,,,,,,,,,,,,,,,,,,,,,,,,,,,,
2013-12-11,W1F08EE8,ST3000DM001,3000592982016,0,,234648080,,,,,,,,0,,,,,,15247,,,,,,,,,,,,,,,,,,,,,,,,,,,,,,21,,,,,,0,,,,,,,,,,,,,,,,,,,,,,,,,,,,
2013-12-11,W1F08EE9,ST3000DM001,3000592982016,0,,119975688,,,,,,,,0,,,,,,15238,,,,,,,,,,,,,,,,,,,,,,,,,,,,,,19,,,,,,0,,,,,,,,,,,,,,,,,,,,,,,,,,,,
2013-12-11,PL1331LAGAYZ0H,Hitachi HDS5C4040ALE630,4000787030016,0,,0,,,,,,,,0,,,,,,5066,,,,,,,,,,,,,,,,,,,,,,,,,,,,,,30,,,,,,0,,,,,,,,,,,,,,,,,,,,,,,,,,,,
2013-12-11,MK0311YHGETVYA,Hitachi HDS723030ALA640,3000592982016,0,,0,,,,,,,,0,,,,,,16802,,,,,,,,,,,,,,,,,,,,,,,,,,,,,,28,,,,,,0,,,,,,,,,,,,,,,,,,,,,,,,,,,,
2013-12-11,JK11A8YBKYUS5F,Hitachi HDS722020ALA330,2000398934016,0,,196609,,,,,,,,0,,,,,,27871,,,,,,,,,,,,,,,,,,,,,,,,,,,,,,27,,,,,,0,,,,,,,,,,,,,,,,,,,,,,,,,,,,
2013-12-11,9VS4WXLZ,ST31500341AS,1500301910016,0,,123223969,,,,,,,,3,,,,,,18386,,,,,,,,,,,,,,,,,,,,,,,,,,,,,,26,,,,,,0,,,,,,,,,,,,,,,,,,,,,,,,,,,,
2013-12-11,W300HZNB,ST4000DM000,4000787030016,0,,151887408,,,,,,,,0,,,,,,2239,,,,,,,,,,,,,,,,,,,,,,,,,,,,,,21,,,,,,0,,,,,,,,,,,,,,,,,,,,,,,,,,,,
2013-12-11,MJ0351YNG9Z10A,Hitachi HDS5C3030ALA630,3000592982016,0,,0,,,,,,,,0,,,,,,9311,,,,,,,,,,,,,,,,,,,,,,,,,,,,,,31,,,,,,0,,,,,,,,,,,,,,,,,,,,,,,,,,,,
2013-12-11,Z300MWGG,ST4000DM000,4000787030016,0,,16588944,,,,,,,,0,,,,,,2611,,,,,,,,,,,,,,,,,,,,,,,,,,,,,,22,,,,,,0,,,,,,,,,,,,,,,,,,,,,,,,,,,,
2013-12-11,Z1F0EK6G,ST3000DM001,3000592982016,0,,88515944,,,,,,,,0,,,,,,13547,,,,,,,,,,,,,,,,,,,,,,,,,,,,,,21,,,,,,0,,,,,,,,,,,,,,,,,,,,,,,,,,,,
2013-12-11,JK11A8B9J9519F,Hitachi HDS722020ALA330,2000398934016,0,,0,,,,,,,,0,,,,,,26004,,,,,,,,,,,,,,,,,,,,,,,,,,,,,,23,,,,,,0,,,,,,,,,,,,,,,,,,,,,,,,,,,,
2013-12-11,Z300MWG9,ST4000DM000,4000787030016,0,,60075688,,,,,,,,0,,,,,,2890,,,,,,,,,,,,,,,,,,,,,,,,,,,,,,26,,,,,,0,,,,,,,,,,,,,,,,,,,,,,,,,,,,
2013-12-11,Z1F06HE0,ST3000DM001,3000592982016,0,,125388248,,,,,,,,0,,,,,,14733,,,,,,,,,,,,,,,,,,,,,,,,,,,,,,25,,,,,,0,,,,,,,,,,,,,,,,,,,,,,,,,,,,
2013-12-11,WD-WMAWZ0301735,WDC WD30EZRX,3000592982016,0,,0,,,,,,,,0,,,,,,12698,,,,,,,,,,,,,,,,,,,,,,,,,,,,,,22,,,,,,0,,,,,,,,,,,,,,,,,,,,,,,,,,,,
2013-12-11,JK11A8B9J7GDHF,Hitachi HDS722020ALA330,2000398934016,0,,0,,,,,,,,0,,,,,,24628,,,,,,,,,,,,,,,,,,,,,,,,,,,,,,30,,,,,,0,,,,,,,,,,,,,,,,,,,,,,,,,,,,
2013-12-11,6XW00XRC,ST31500541AS,1500301910016,0,,22241263,,,,,,,,0,,,,,,37060,,,,,,,,,,,,,,,,,,,,,,,,,,,,,,21,,,,,,0,,,,,,,,,,,,,,,,,,,,,,,,,,,,
2013-12-11,S1F054XY,ST3000DM001,3000592982016,0,,39929936,,,,,,,,0,,,,,,13908,,,,,,,,,,,,,,,,,,,,,,,,,,,,,,25,,,,,,0,,,,,,,,,,,,,,,,,,,,,,,,,,,,
2013-12-11,JK1175YAHU32ZX,Hitachi HDS722020ALA330,2000398934016,0,,65536,,,,,,,,0,,,,,,30501,,,,,,,,,,,,,,,,,,,,,,,,,,,,,,32,,,,,,0,,,,,,,,,,,,,,,,,,,,,,,,,,,,
2013-12-11,MJ1321YNG0NWGA,Hitachi HDS5C3030ALA630,3000592982016,0,,0,,,,,,,,0,,,,,,20512,,,,,,,,,,,,,,,,,,,,,,,,,,,,,,22,,,,,,0,,,,,,,,,,,,,,,,,,,,,,,,,,,,
2013-12-11,6XW03A8C,ST31500541AS,1500301910016,0,,75681388,,,,,,,,0,,,,,,35776,,,,,,,,,,,,,,,,,,,,,,,,,,,,,,20,,,,,,0,,,,,,,,,,,,,,,,,,,,,,,,,,,,
2013-12-11,Z300XL0F,ST4000DM000,4000787030016,0,,208187496,,,,,,,,0,,,,,,923,,,,,,,,,,,,,,,,,,,,,,,,,,,,,,26,,,,,,0,,,,,,,,,,,,,,,,,,,,,,,,,,,,
2013-12-11,W1F0EL7T,ST3000DM001,3000592982016,0,,30889112,,,,,,,,0,,,,,,9895,,,,,,,,,,,,,,,,,,,,,,,,,,,,,,27,,,,,,0,,,,,,,,,,,,,,,,,,,,,,,,,,,,
2013-12-11,WD-WCAU46058784,WDC WD10EADS,1000204886016,0,,2,,,,,,,,0,,,,,,41884,,,,,,,,,,,,,,,,,,,,,,,,,,,,,,30,,,,,,0,,,,,,,,,,,,,,,,,,,,,,,,,,,,
2013-12-11,6XW00XRS,ST31500541AS,1500301910016,0,,216942905,,,,,,,,0,,,,,,36642,,,,,,,,,,,,,,,,,,,,,,,,,,,,,,21,,,,,,0,,,,,,,,,,,,,,,,,,,,,,,,,,,,
2013-12-11,PL1311LAG2B0MH,Hitachi HDS5C4040ALE630,4000787030016,0,,0,,,,,,,,0,,,,,,7412,,,,,,,,,,,,,,,,,,,,,,,,,,,,,,26,,,,,,0,,,,,,,,,,,,,,,,,,,,,,,,,,,,
2013-12-11,S1F05AS8,ST3000DM001,3000592982016,0,,25973640,,,,,,,,0,,,,,,13794,,,,,,,,,,,,,,,,,,,,,,,,,,,,,,27,,,,,,0,,,,,,,,,,,,,,,,,,,,,,,,,,,,
2013-12-11,W1F08EER,ST3000DM001,3000592982016,0,,99216328,,,,,,,,0,,,,,,15192,,,,,,,,,,,,,,,,,,,,,,,,,,,,,,21,,,,,,0,,,,,,,,,,,,,,,,,,,,,,,,,,,,
2013-12-11,Z300WP6S,ST4000DM000,4000787030016,0,,61373152,,,,,,,,0,,,,,,613,,,,,,,,,,,,,,,,,,,,,,,,,,,,,,23,,,,,,0,,,,,,,,,,,,,,,,,,,,,,,,,,,,
2013-12-11,MJ0351YNG9XJRA,Hitachi HDS5C3030ALA630,3000592982016,0,,0,,,,,,,,0,,,,,,7611,,,,,,,,,,,,,,,,,,,,,,,,,,,,,,22,,,,,,0,,,,,,,,,,,,,,,,,,,,,,,,,,,,
2013-12-11,Z300WP6W,ST4000DM000,4000787030016,0,,103885848,,,,,,,,0,,,,,,613,,,,,,,,,,,,,,,,,,,,,,,,,,,,,,23,,,,,,0,,,,,,,,,,,,,,,,,,,,,,,,,,,,
2013-12-11,JK11A8B9JPXY0F,Hitachi HDS722020ALA330,2000398934016,0,,0,,,,,,,,0,,,,,,23717,,,,,,,,,,,,,,,,,,,,,,,,,,,,,,29,,,,,,0,,,,,,,,,,,,,,,,,,,,,,,,,,,,
2013-12-11,MJ1323YNG16LEC,Hitachi HDS5C3030ALA630,3000592982016,0,,0,,,,,,,,0,,,,,,20503,,,,,,,,,,,,,,,,,,,,,,,,,,,,,,29,,,,,,0,,,,,,,,,,,,,,,,,,,,,,,,,,,,
2013-12-11,W1F0T13Q,ST3000DM001,3000592982016,0,,92717104,,,,,,,,0,,,,,,9268,,,,,,,,,,,,,,,,,,,,,,,,,,,,,,19,,,,,,0,,,,,,,,,,,,,,,,,,,,,,,,,,,,
2013-12-11,PL1321LAG28SRH,Hitachi HDS5C4040ALE630,4000787030016,0,,0,,,,,,,,0,,,,,,6652,,,,,,,,,,,,,,,,,,,,,,,,,,,,,,21,,,,,,0,,,,,,,,,,,,,,,,,,,,,,,,,,,,
2013-12-11,MJ0351YNG9YRAA,Hitachi HDS5C3030ALA630,3000592982016,0,,0,,,,,,,,0,,,,,,9271,,,,,,,,,,,,,,,,,,,,,,,,,,,,,,28,,,,,,0,,,,,,,,,,,,,,,,,,,,,,,,,,,,
2013-12-11,PL1311LAG3E0WH,Hitachi HDS5C4040ALE630,4000787030016,0,,0,,,,,,,,0,,,,,,5925,,,,,,,,,,,,,,,,,,,,,,,,,,,,,,22,,,,,,0,,,,,,,,,,,,,,,,,,,,,,,,,,,,
2013-12-11,Z300XE1T,ST4000DM000,4000787030016,0,,183166328,,,,,,,,0,,,,,,918,,,,,,,,,,,,,,,,,,,,,,,,,,,,,,21,,,,,,0,,,,,,,,,,,,,,,,,,,,,,,,,,,,
2013-12-11,Z300XE1H,ST4000DM000,4000787030016,0,,210583352,,,,,,,,0,,,,,,108,,,,,,,,,,,,,,,,,,,,,,,,,,,,,,22,,,,,,0,,,,,,,,,,,,,,,,,,,,,,,,,,,,
2013-12-11,S1F02X9Z,ST3000DM001,3000592982016,0,,118270496,,,,,,,,0,,,,,,15223,,,,,,,,,,,,,,,,,,,,,,,,,,,,,,23,,,,,,0,,,,,,,,,,,,,,,,,,,,,,,,,,,,
2013-12-11,S1F0FYJJ,ST3000DM001,3000592982016,0,,88065624,,,,,,,,0,,,,,,12174,,,,,,,,,,,,,,,,,,,,,,,,,,,,,,29,,,,,,0,,,,,,,,,,,,,,,,,,,,,,,,,,,,
2013-12-11,JK11A8B9J3NBJF,Hitachi HDS722020ALA330,2000398934016,0,,0,,,,,,,,0,,,,,,24666,,,,,,,,,,,,,,,,,,,,,,,,,,,,,,23,,,,,,0,,,,,,,,,,,,,,,,,,,,,,,,,,,,
2013-12-11,MJ1323YNG19EDC,Hitachi HDS5C3030ALA630,3000592982016,0,,0,,,,,,,,0,,,,,,20503,,,,,,,,,,,,,,,,,,,,,,,,,,,,,,27,,,,,,0,,,,,,,,,,,,,,,,,,,,,,,,,,,,
2013-12-11,PL1311LAG23YBA,Hitachi HDS5C4040ALE630,4000787030016,0,,0,,,,,,,,0,,,,,,5138,,,,,,,,,,,,,,,,,,,,,,,,,,,,,,30,,,,,,0,,,,,,,,,,,,,,,,,,,,,,,,,,,,
2013-12-11,W1F0W9A3,ST3000DM001,3000592982016,0,,72639552,,,,,,,,0,,,,,,11021,,,,,,,,,,,,,,,,,,,,,,,,,,,,,,25,,,,,,0,,,,,,,,,,,,,,,,,,,,,,,,,,,,
2013-12-11,W300BQ5Z,ST4000DM000,4000787030016,0,,130805872,,,,,,,,0,,,,,,4138,,,,,,,,,,,,,,,,,,,,,,,,,,,,,,25,,,,,,0,,,,,,,,,,,,,,,,,,,,,,,,,,,,
2013-12-11,S1F02X99,ST3000DM001,3000592982016,0,,133145720,,,,,,,,0,,,,,,15619,,,,,,,,,,,,,,,,,,,,,,,,,,,,,,24,,,,,,0,,,,,,,,,,,,,,,,,,,,,,,,,,,,
2013-12-11,S1F04CTY,ST3000DM001,3000592982016,0,,141392,,,,,,,,0,,,,,,15571,,,,,,,,,,,,,,,,,,,,,,,,,,,,,,20,,,,,,8,,,,,,,,,,,,,,,,,,,,,,,,,,,,
2013-12-11,S1F04CTZ,ST3000DM001,3000592982016,0,,223393560,,,,,,,,0,,,,,,14211,,,,,,,,,,,,,,,,,,,,,,,,,,,,,,22,,,,,,0,,,,,,,,,,,,,,,,,,,,,,,,,,,,
2013-12-11,MK0311YHG0ABGA,Hitachi HDS723030ALA640,3000592982016,0,,0,,,,,,,,0,,,,,,16563,,,,,,,,,,,,,,,,,,,,,,,,,,,,,,28,,,,,,0,,,,,,,,,,,,,,,,,,,,,,,,,,,,
2013-12-11,PL1321LAG34EZH,Hitachi HDS5C4040ALE630,4000787030016,0,,0,,,,,,,,0,,,,,,6071,,,,,,,,,,,,,,,,,,,,,,,,,,,,,,21,,,,,,0,,,,,,,,,,,,,,,,,,,,,,,,,,,,
2013-12-11,9VS1CVJ7,ST31500341AS,1500301910016,0,,151937163,,,,,,,,22,,,,,,40576,,,,,,,,,,,,,,,,,,,,,,,,,,,,,,29,,,,,,0,,,,,,,,,,,,,,,,,,,,,,,,,,,,
2013-12-11,PL1321LAG34HVH,Hitachi HDS5C4040ALE630,4000787030016,0,,0,,,,,,,,0,,,,,,3630,,,,,,,,,,,,,,,,,,,,,,,,,,,,,,29,,,,,,0,,,,,,,,,,,,,,,,,,,,,,,,,,,,
2013-12-11,JK1130YAHRL07T,Hitachi HDS722020ALA330,2000398934016,0,,262144,,,,,,,,0,,,,,,30172,,,,,,,,,,,,,,,,,,,,,,,,,,,,,,30,,,,,,0,,,,,,,,,,,,,,,,,,,,,,,,,,,,
2013-12-11,MJ0351YNGAD8NA,Hitachi HDS5C3030ALA630,3000592982016,0,,0,,,,,,,,0,,,,,,8617,,,,,,,,,,,,,,,,,,,,,,,,,,,,,,30,,,,,,0,,,,,,,,,,,,,,,,,,,,,,,,,,,,
2013-12-11,MJ0351YNGA314A,Hitachi HDS5C3030ALA630,3000592982016,0,,0,,,,,,,,0,,,,,,8639,,,,,,,,,,,,,,,,,,,,,,,,,,,,,,29,,,,,,0,,,,,,,,,,,,,,,,,,,,,,,,,,,,
2013-12-11,S1F11AXR,ST3000DM001,3000592982016,0,,57422376,,,,,,,,0,,,,,,7994,,,,,,,,,,,,,,,,,,,,,,,,,,,,,,19,,,,,,0,,,,,,,,,,,,,,,,,,,,,,,,,,,,
2013-12-11,S1F0H6JJ,ST3000DM001,3000592982016,0,,3875072,,,,,,,,0,,,,,,9270,,,,,,,,,,,,,,,,,,,,,,,,,,,,,,31,,,,,,0,,,,,,,,,,,,,,,,,,,,,,,,,,,,
2013-12-11,PL1321LAG3682H,Hitachi HDS5C4040ALE630,4000787030016,0,,0,,,,,,,,0,,,,,,5668,,,,,,,,,,,,,,,,,,,,,,,,,,,,,,18,,,,,,0,,,,,,,,,,,,,,,,,,,,,,,,,,,,
2013-12-11,JK1101B9J32SZT,Hitachi HDS722020ALA330,2000398934016,0,,0,,,,,,,,0,,,,,,24213,,,,,,,,,,,,,,,,,,,,,,,,,,,,,,25,,,,,,0,,,,,,,,,,,,,,,,,,,,,,,,,,,,
2013-12-11,W3008GWV,ST4000DM000,4000787030016,0,,121682584,,,,,,,,0,,,,,,4183,,,,,,,,,,,,,,,,,,,,,,,,,,,,,,23,,,,,,0,,,,,,,,,,,,,,,,,,,,,,,,,,,,
2013-12-11,S1F0H6JG,ST3000DM001,3000592982016,0,,3524808,,,,,,,,0,,,,,,12156,,,,,,,,,,,,,,,,,,,,,,,,,,,,,,22,,,,,,0,,,,,,,,,,,,,,,,,,,,,,,,,,,,
2013-12-11,Z300NQQ2,ST4000DM000,4000787030016,0,,125315960,,,,,,,,0,,,,,,105,,,,,,,,,,,,,,,,,,,,,,,,,,,,,,20,,,,,,0,,,,,,,,,,,,,,,,,,,,,,,,,,,,
2013-12-11,W3008GWN,ST4000DM000,4000787030016,0,,175383208,,,,,,,,0,,,,,,4048,,,,,,,,,,,,,,,,,,,,,,,,,,,,,,24,,,,,,0,,,,,,,,,,,,,,,,,,,,,,,,,,,,
2013-12-11,MJ1323YNG1N8LC,Hitachi HDS5C3030ALA630,3000592982016,0,,0,,,,,,,,0,,,,,,19764,,,,,,,,,,,,,,,,,,,,,,,,,,,,,,30,,,,,,0,,,,,,,,,,,,,,,,,,,,,,,,,,,,
2013-12-11,PL1311LAG1SYAA,Hitachi HDS5C4040ALE630,4000787030016,0,,0,,,,,,,,0,,,,,,7757,,,,,,,,,,,,,,,,,,,,,,,,,,,,,,23,,,,,,0,,,,,,,,,,,,,,,,,,,,,,,,,,,,
2013-12-11,Z300NQQX,ST4000DM000,4000787030016,0,,119948472,,,,,,,,0,,,,,,1446,,,,,,,,,,,,,,,,,,,,,,,,,,,,,,27,,,,,,0,,,,,,,,,,,,,,,,,,,,,,,,,,,,
2013-12-11,JK11A8B9J8AEJF,Hitachi HDS722020ALA330,2000398934016,0,,0,,,,,,,,0,,,,,,26011,,,,,,,,,,,,,,,,,,,,,,,,,,,,,,28,,,,,,0,,,,,,,,,,,,,,,,,,,,,,,,,,,,
2013-12-11,MK0311YHGKMKNA,Hitachi HDS723030ALA640,3000592982016,0,,0,,,,,,,,0,,,,,,14732,,,,,,,,,,,,,,,,,,,,,,,,,,,,,,29,,,,,,0,,,,,,,,,,,,,,,,,,,,,,,,,,,,
2013-12-11,S1F05WTS,ST3000DM001,3000592982016,0,,113440928,,,,,,,,0,,,,,,14233,,,,,,,,,,,,,,,,,,,,,,,,,,,,,,24,,,,,,0,,,,,,,,,,,,,,,,,,,,,,,,,,,,
2013-12-11,Z1Z05J2K,ST4000DX000,4000787030016,0,,212264062,,,,,,,,0,,,,,,5039,,,,,,,,,,,,,,,,,,,,,,,,,,,,,,31,,,,,,0,,,,,,,,,,,,,,,,,,,,,,,,,,,,
2013-12-11,Z252N0WAS,TOSHIBA DT01ACA300,3000592982016,0,,0,,,,,,,,0,,,,,,6615,,,,,,,,,,,,,,,,,,,,,,,,,,,,,,24,,,,,,0,,,,,,,,,,,,,,,,,,,,,,,,,,,,
2013-12-11,MJ1311YNG781EA,Hitachi HDS5C3030ALA630,3000592982016,0,,0,,,,,,,,0,,,,,,14619,,,,,,,,,,,,,,,,,,,,,,,,,,,,,,23,,,,,,0,,,,,,,,,,,,,,,,,,,,,,,,,,,,
2013-12-11,JK1101B9JP640U,Hitachi HDS722020ALA330,2000398934016,0,,0,,,,,,,,0,,,,,,23320,,,,,,,,,,,,,,,,,,,,,,,,,,,,,,24,,,,,,0,,,,,,,,,,,,,,,,,,,,,,,,,,,,
2013-12-11,MK0311YHG58RTA,Hitachi HDS723030ALA640,3000592982016,0,,0,,,,,,,,0,,,,,,22347,,,,,,,,,,,,,,,,,,,,,,,,,,,,,,24,,,,,,0,,,,,,,,,,,,,,,,,,,,,,,,,,,,
2013-12-11,JK11A4YAK8WPWW,Hitachi HDS722020ALA330,2000398934016,0,,0,,,,,,,,0,,,,,,27871,,,,,,,,,,,,,,,,,,,,,,,,,,,,,,27,,,,,,0,,,,,,,,,,,,,,,,,,,,,,,,,,,,
2013-12-11,MJ0351YNGABUTA,Hitachi HDS5C3030ALA630,3000592982016,0,,0,,,,,,,,0,,,,,,8214,,,,,,,,,,,,,,,,,,,,,,,,,,,,,,29,,,,,,0,,,,,,,,,,,,,,,,,,,,,,,,,,,,
2013-12-11,W300AQF6,ST4000DM000,4000787030016,0,,28269696,,,,,,,,0,,,,,,4134,,,,,,,,,,,,,,,,,,,,,,,,,,,,,,22,,,,,,0,,,,,,,,,,,,,,,,,,,,,,,,,,,,
2013-12-11,MJ1311YNG66YSA,Hitachi HDS5C3030ALA630,3000592982016,0,,0,,,,,,,,0,,,,,,14290,,,,,,,,,,,,,,,,,,,,,,,,,,,,,,31,,,,,,0,,,,,,,,,,,,,,,,,,,,,,,,,,,,
2013-12-11,S1F0AX1C,ST3000DM001,3000592982016,0,,201398184,,,,,,,,0,,,,,,12357,,,,,,,,,,,,,,,,,,,,,,,,,,,,,,27,,,,,,0,,,,,,,,,,,,,,,,,,,,,,,,,,,,
2013-12-11,S1F0S32T,ST3000DM001,3000592982016,0,,116733088,,,,,,,,0,,,,,,10721,,,,,,,,,,,,,,,,,,,,,,,,,,,,,,24,,,,,,16,,,,,,,,,,,,,,,,,,,,,,,,,,,,
2013-12-11,MJ1323YNG1T2SC,Hitachi HDS5C3030ALA630,3000592982016,0,,0,,,,,,,,0,,,,,,19310,,,,,,,,,,,,,,,,,,,,,,,,,,,,,,28,,,,,,0,,,,,,,,,,,,,,,,,,,,,,,,,,,,
2013-12-11,W1F0WW7E,ST3000DM001,3000592982016,0,,208139288,,,,,,,,0,,,,,,11607,,,,,,,,,,,,,,,,,,,,,,,,,,,,,,31,,,,,,0,,,,,,,,,,,,,,,,,,,,,,,,,,,,
2013-12-11,PL1321LAG33U7H,Hitachi HDS5C4040ALE630,4000787030016,0,,0,,,,,,,,0,,,,,,5961,,,,,,,,,,,,,,,,,,,,,,,,,,,,,,20,,,,,,0,,,,,,,,,,,,,,,,,,,,,,,,,,,,
2013-12-11,W1F0B2KY,ST3000DM001,3000592982016,0,,140063856,,,,,,,,0,,,,,,13347,,,,,,,,,,,,,,,,,,,,,,,,,,,,,,28,,,,,,0,,,,,,,,,,,,,,,,,,,,,,,,,,,,
2013-12-11,WD-WCAU45218084,WDC WD10EADS,1000204886016,0,,42,,,,,,,,0,,,,,,40578,,,,,,,,,,,,,,,,,,,,,,,,,,,,,,27,,,,,,0,,,,,,,,,,,,,,,,,,,,,,,,,,,,
2013-12-11,9XW0274M,ST31500541AS,1500301910016,0,,177665396,,,,,,,,0,,,,,,35657,,,,,,,,,,,,,,,,,,,,,,,,,,,,,,17,,,,,,0,,,,,,,,,,,,,,,,,,,,,,,,,,,,
2013-12-11,JK11A8B9JR0RYF,Hitachi HDS722020ALA330,2000398934016,0,,0,,,,,,,,0,,,,,,23718,,,,,,,,,,,,,,,,,,,,,,,,,,,,,,28,,,,,,0,,,,,,,,,,,,,,,,,,,,,,,,,,,,
2013-12-11,MK0311YHGKX7SA,Hitachi HDS723030ALA640,3000592982016,0,,1,,,,,,,,0,,,,,,21460,,,,,,,,,,,,,,,,,,,,,,,,,,,,,,24,,,,,,0,,,,,,,,,,,,,,,,,,,,,,,,,,,,
2013-12-11,6XW0VNMV,ST31500541AS,1500301910016,0,,27886762,,,,,,,,0,,,,,,33865,,,,,,,,,,,,,,,,,,,,,,,,,,,,,,21,,,,,,0,,,,,,,,,,,,,,,,,,,,,,,,,,,,
2013-12-11,S1F1162D,ST3000DM001,3000592982016,0,,220417816,,,,,,,,0,,,,,,8022,,,,,,,,,,,,,,,,,,,,,,,,,,,,,,22,,,,,,0,,,,,,,,,,,,,,,,,,,,,,,,,,,,
2013-12-11,S1F07LJ4,ST3000DM001,3000592982016,0,,227469232,,,,,,,,0,,,,,,12367,,,,,,,,,,,,,,,,,,,,,,,,,,,,,,22,,,,,,0,,,,,,,,,,,,,,,,,,,,,,,,,,,,
2013-12-11,PL1311LAG3G4VH,Hitachi HDS5C4040ALE630,4000787030016,0,,0,,,,,,,,0,,,,,,5962,,,,,,,,,,,,,,,,,,,,,,,,,,,,,,21,,,,,,0,,,,,,,,,,,,,,,,,,,,,,,,,,,,
2013-12-11,6XW0VNMD,ST31500541AS,1500301910016,0,,226908042,,,,,,,,0,,,,,,33258,,,,,,,,,,,,,,,,,,,,,,,,,,,,,,19,,,,,,0,,,,,,,,,,,,,,,,,,,,,,,,,,,,
2013-12-11,JK11A8B9J3634F,Hitachi HDS722020ALA330,2000398934016,0,,0,,,,,,,,0,,,,,,23579,,,,,,,,,,,,,,,,,,,,,,,,,,,,,,25,,,,,,0,,,,,,,,,,,,,,,,,,,,,,,,,,,,
2013-12-11,MJ0351YNG9ZPXA,Hitachi HDS5C3030ALA630,3000592982016,0,,0,,,,,,,,0,,,,,,9939,,,,,,,,,,,,,,,,,,,,,,,,,,,,,,23,,,,,,0,,,,,,,,,,,,,,,,,,,,,,,,,,,,
2013-12-11,WD-WCC070196538,WDC WD30EZRX,3000592982016,0,,0,,,,,,,,0,,,,,,8610,,,,,,,,,,,,,,,,,,,,,,,,,,,,,,26,,,,,,0,,,,,,,,,,,,,,,,,,,,,,,,,,,,
2013-12-11,MJ0351YNG9TPNA,Hitachi HDS5C3030ALA630,3000592982016,0,,0,,,,,,,,0,,,,,,9524,,,,,,,,,,,,,,,,,,,,,,,,,,,,,,34,,,,,,0,,,,,,,,,,,,,,,,,,,,,,,,,,,,
2013-12-11,JK1101B8KNB8WS,Hitachi HDS722020ALA330,2000398934016,0,,0,,,,,,,,0,,,,,,23097,,,,,,,,,,,,,,,,,,,,,,,,,,,,,,31,,,,,,0,,,,,,,,,,,,,,,,,,,,,,,,,,,,
2013-12-11,PL1321LAGAB7EH,Hitachi HDS5C4040ALE630,4000787030016,0,,0,,,,,,,,0,,,,,,5074,,,,,,,,,,,,,,,,,,,,,,,,,,,,,,27,,,,,,0,,,,,,,,,,,,,,,,,,,,,,,,,,,,
2013-12-11,MJ0351YNG9TS4A,Hitachi HDS5C3030ALA630,3000592982016,0,,0,,,,,,,,0,,,,,,9552,,,,,,,,,,,,,,,,,,,,,,,,,,,,,,27,,,,,,0,,,,,,,,,,,,,,,,,,,,,,,,,,,,
2013-12-11,MK0331YHGRSP0A,Hitachi HDS723030ALA640,3000592982016,0,,0,,,,,,,,0,,,,,,17755,,,,,,,,,,,,,,,,,,,,,,,,,,,,,,26,,,,,,0,,,,,,,,,,,,,,,,,,,,,,,,,,,,
2013-12-11,MJ1311YNG6XHUA,Hitachi HDS5C3030ALA630,3000592982016,0,,0,,,,,,,,0,,,,,,14682,,,,,,,,,,,,,,,,,,,,,,,,,,,,,,20,,,,,,0,,,,,,,,,,,,,,,,,,,,,,,,,,,,
2013-12-11,5XW03HT0,ST31500541AS,1500301910016,0,,118767840,,,,,,,,0,,,,,,36940,,,,,,,,,,,,,,,,,,,,,,,,,,,,,,21,,,,,,0,,,,,,,,,,,,,,,,,,,,,,,,,,,,
2013-12-11,PL1311LAG1V52A,Hitachi HDS5C4040ALE630,4000787030016,0,,0,,,,,,,,0,,,,,,7461,,,,,,,,,,,,,,,,,,,,,,,,,,,,,,26,,,,,,0,,,,,,,,,,,,,,,,,,,,,,,,,,,,
2013-12-11,S1F0QMHL,ST3000DM001,3000592982016,0,,24727576,,,,,,,,0,,,,,,11048,,,,,,,,,,,,,,,,,,,,,,,,,,,,,,25,,,,,,0,,,,,,,,,,,,,,,,,,,,,,,,,,,,
2013-12-11,MJ1311YNG7ERUA,Hitachi HDS5C3030ALA630,3000592982016,0,,0,,,,,,,,0,,,,,,14599,,,,,,,,,,,,,,,,,,,,,,,,,,,,,,28,,,,,,0,,,,,,,,,,,,,,,,,,,,,,,,,,,,
2013-12-11,JK1105B8GAJTAX,Hitachi HDS722020ALA330,2000398934016,0,,65536,,,,,,,,0,,,,,,27214,,,,,,,,,,,,,,,,,,,,,,,,,,,,,,23,,,,,,0,,,,,,,,,,,,,,,,,,,,,,,,,,,,
2013-12-11,S1F06J89,ST3000DM001,3000592982016,0,,219012864,,,,,,,,0,,,,,,13821,,,,,,,,,,,,,,,,,,,,,,,,,,,,,,24,,,,,,0,,,,,,,,,,,,,,,,,,,,,,,,,,,,
2013-12-11,MJ0351YNGA8V8A,Hitachi HDS5C3030ALA630,3000592982016,0,,0,,,,,,,,0,,,,,,8141,,,,,,,,,,,,,,,,,,,,,,,,,,,,,,31,,,,,,0,,,,,,,,,,,,,,,,,,,,,,,,,,,,
2013-12-11,PL1310LAG0NMPA,Hitachi HDS5C4040ALE630,4000787030016,0,,0,,,,,,,,0,,,,,,12997,,,,,,,,,,,,,,,,,,,,,,,,,,,,,,28,,,,,,0,,,,,,,,,,,,,,,,,,,,,,,,,,,,
2013-12-11,Z300PKFL,ST4000DM000,4000787030016,0,,188628432,,,,,,,,0,,,,,,1114,,,,,,,,,,,,,,,,,,,,,,,,,,,,,,27,,,,,,0,,,,,,,,,,,,,,,,,,,,,,,,,,,,
2013-12-11,MJ1321YNG0PP2A,Hitachi HDS5C3030ALA630,3000592982016,0,,0,,,,,,,,0,,,,,,20512,,,,,,,,,,,,,,,,,,,,,,,,,,,,,,24,,,,,,0,,,,,,,,,,,,,,,,,,,,,,,,,,,,
2013-12-11,W300E2AQ,ST4000DM000,4000787030016,0,,85666456,,,,,,,,0,,,,,,4140,,,,,,,,,,,,,,,,,,,,,,,,,,,,,,25,,,,,,0,,,,,,,,,,,,,,,,,,,,,,,,,,,,
2013-12-11,6XW0Z4R1,ST32000542AS,2000398934016,0,,207258521,,,,,,,,0,,,,,,17228,,,,,,,,,,,,,,,,,,,,,,,,,,,,,,25,,,,,,0,,,,,,,,,,,,,,,,,,,,,,,,,,,,
2013-12-11,MJ1311YNG7KTHA,Hitachi HDS5C3030ALA630,3000592982016,0,,0,,,,,,,,0,,,,,,14680,,,,,,,,,,,,,,,,,,,,,,,,,,,,,,27,,,,,,0,,,,,,,,,,,,,,,,,,,,,,,,,,,,
2013-12-11,JK11A8B9J7DDMF,Hitachi HDS722020ALA330,2000398934016,0,,0,,,,,,,,0,,,,,,25119,,,,,,,,,,,,,,,,,,,,,,,,,,,,,,31,,,,,,0,,,,,,,,,,,,,,,,,,,,,,,,,,,,
2013-12-11,W300CGJB,ST4000DM000,4000787030016,0,,61878008,,,,,,,,0,,,,,,2177,,,,,,,,,,,,,,,,,,,,,,,,,,,,,,21,,,,,,0,,,,,,,,,,,,,,,,,,,,,,,,,,,,
2013-12-11,Z1F0LRLQ,ST3000DM001,3000592982016,0,,208721160,,,,,,,,0,,,,,,11694,,,,,,,,,,,,,,,,,,,,,,,,,,,,,,27,,,,,,0,,,,,,,,,,,,,,,,,,,,,,,,,,,,
2013-12-11,S1F0S31B,ST3000DM001,3000592982016,0,,33948560,,,,,,,,0,,,,,,10721,,,,,,,,,,,,,,,,,,,,,,,,,,,,,,26,,,,,,0,,,,,,,,,,,,,,,,,,,,,,,,,,,,
2013-12-11,JK11A8B9J9KWBF,Hitachi HDS722020ALA330,2000398934016,0,,0,,,,,,,,3,,,,,,24467,,,,,,,,,,,,,,,,,,,,,,,,,,,,,,26,,,,,,4,,,,,,,,,,,,,,,,,,,,,,,,,,,,
2013-12-11,MS79215X099K9A,Hitachi HDS723030BLE640,3000592982016,0,,0,,,,,,,,0,,,,,,3335,,,,,,,,,,,,,,,,,,,,,,,,,,,,,,24,,,,,,0,,,,,,,,,,,,,,,,,,,,,,,,,,,,
2013-12-11,W1F03DP4,ST3000DM001,3000592982016,0,,74615712,,,,,,,,0,,,,,,15264,,,,,,,,,,,,,,,,,,,,,,,,,,,,,,21,,,,,,0,,,,,,,,,,,,,,,,,,,,,,,,,,,,
2013-12-11,Z300PKF8,ST4000DM000,4000787030016,0,,46549640,,,,,,,,0,,,,,,1225,,,,,,,,,,,,,,,,,,,,,,,,,,,,,,24,,,,,,0,,,,,,,,,,,,,,,,,,,,,,,,,,,,
2013-12-11,JK11A8B9JPPLDF,Hitachi HDS722020ALA330,2000398934016,0,,0,,,,,,,,0,,,,,,24112,,,,,,,,,,,,,,,,,,,,,,,,,,,,,,24,,,,,,0,,,,,,,,,,,,,,,,,,,,,,,,,,,,
2013-12-11,PL1311LAG3AGKH,Hitachi HDS5C4040ALE630,4000787030016,0,,0,,,,,,,,0,,,,,,5056,,,,,,,,,,,,,,,,,,,,,,,,,,,,,,32,,,,,,0,,,,,,,,,,,,,,,,,,,,,,,,,,,,
2013-12-11,Z300NNWS,ST4000DM000,4000787030016,0,,9412408,,,,,,,,0,,,,,,1092,,,,,,,,,,,,,,,,,,,,,,,,,,,,,,25,,,,,,0,,,,,,,,,,,,,,,,,,,,,,,,,,,,
2013-12-11,Z300V5TL,ST4000DM000,4000787030016,0,,68957824,,,,,,,,0,,,,,,612,,,,,,,,,,,,,,,,,,,,,,,,,,,,,,20,,,,,,0,,,,,,,,,,,,,,,,,,,,,,,,,,,,
2013-12-11,S1F090MT,ST3000DM001,3000592982016,0,,74113680,,,,,,,,0,,,,,,12399,,,,,,,,,,,,,,,,,,,,,,,,,,,,,,27,,,,,,0,,,,,,,,,,,,,,,,,,,,,,,,,,,,
2013-12-11,MJ1311YNG6KX2A,Hitachi HDS5C3030ALA630,3000592982016,0,,0,,,,,,,,0,,,,,,14685,,,,,,,,,,,,,,,,,,,,,,,,,,,,,,21,,,,,,0,,,,,,,,,,,,,,,,,,,,,,,,,,,,
2013-12-11,W1F03YGN,ST3000DM001,3000592982016,0,,165561824,,,,,,,,0,,,,,,15365,,,,,,,,,,,,,,,,,,,,,,,,,,,,,,18,,,,,,0,,,,,,,,,,,,,,,,,,,,,,,,,,,,
2013-12-11,W1F09EC4,ST3000DM001,3000592982016,0,,161193016,,,,,,,,0,,,,,,13360,,,,,,,,,,,,,,,,,,,,,,,,,,,,,,21,,,,,,0,,,,,,,,,,,,,,,,,,,,,,,,,,,,
2013-12-11,MK0331YHGSBWJA,Hitachi HDS723030ALA640,3000592982016,0,,0,,,,,,,,0,,,,,,17016,,,,,,,,,,,,,,,,,,,,,,,,,,,,,,27,,,,,,0,,,,,,,,,,,,,,,,,,,,,,,,,,,,
2013-12-11,W300BDBG,ST4000DM000,4000787030016,0,,36447368,,,,,,,,0,,,,,,1871,,,,,,,,,,,,,,,,,,,,,,,,,,,,,,25,,,,,,0,,,,,,,,,,,,,,,,,,,,,,,,,,,,
2013-12-11,MJ0351YNGA47WA,Hitachi HDS5C3030ALA630,3000592982016,0,,0,,,,,,,,0,,,,,,9311,,,,,,,,,,,,,,,,,,,,,,,,,,,,,,30,,,,,,0,,,,,,,,,,,,,,,,,,,,,,,,,,,,
2013-12-11,JK11A8B9J8792F,Hitachi HDS722020ALA330,2000398934016,0,,0,,,,,,,,0,,,,,,25123,,,,,,,,,,,,,,,,,,,,,,,,,,,,,,25,,,,,,0,,,,,,,,,,,,,,,,,,,,,,,,,,,,
2013-12-11,MJ1311YNG2Y0SA,Hitachi HDS5C3030ALA630,3000592982016,0,,0,,,,,,,,0,,,,,,19587,,,,,,,,,,,,,,,,,,,,,,,,,,,,,,23,,,,,,0,,,,,,,,,,,,,,,,,,,,,,,,,,,,
2013-12-11,JK1105B8GA6AYX,Hitachi HDS722020ALA330,2000398934016,0,,196609,,,,,,,,2,,,,,,27167,,,,,,,,,,,,,,,,,,,,,,,,,,,,,,34,,,,,,0,,,,,,,,,,,,,,,,,,,,,,,,,,,,
2013-12-11,JK11A8B9J3B9WF,Hitachi HDS722020ALA330,2000398934016,0,,0,,,,,,,,0,,,,,,23946,,,,,,,,,,,,,,,,,,,,,,,,,,,,,,27,,,,,,0,,,,,,,,,,,,,,,,,,,,,,,,,,,,
2013-12-11,9VS1QG79,ST31500341AS,1500301910016,0,,82192315,,,,,,,,1,,,,,,40081,,,,,,,,,,,,,,,,,,,,,,,,,,,,,,26,,,,,,0,,,,,,,,,,,,,,,,,,,,,,,,,,,,
2013-12-11,MJ0351YNG9WU0A,Hitachi HDS5C3030ALA630,3000592982016,0,,0,,,,,,,,0,,,,,,9939,,,,,,,,,,,,,,,,,,,,,,,,,,,,,,23,,,,,,0,,,,,,,,,,,,,,,,,,,,,,,,,,,,
2013-12-11,MJ0351YNG9VP7A,Hitachi HDS5C3030ALA630,3000592982016,0,,0,,,,,,,,0,,,,,,9974,,,,,,,,,,,,,,,,,,,,,,,,,,,,,,29,,,,,,0,,,,,,,,,,,,,,,,,,,,,,,,,,,,
2013-12-11,JK1101B9GEKNGF,Hitachi HDS722020ALA330,2000398934016,0,,0,,,,,,,,0,,,,,,27738,,,,,,,,,,,,,,,,,,,,,,,,,,,,,,24,,,,,,0,,,,,,,,,,,,,,,,,,,,,,,,,,,,
2013-12-11,JK11A8B9J70HMF,Hitachi HDS722020ALA330,2000398934016,0,,0,,,,,,,,0,,,,,,23122,,,,,,,,,,,,,,,,,,,,,,,,,,,,,,23,,,,,,0,,,,,,,,,,,,,,,,,,,,,,,,,,,,
2013-12-11,Z300341A,ST4000DM000,4000787030016,0,,242196952,,,,,,,,0,,,,,,5419,,,,,,,,,,,,,,,,,,,,,,,,,,,,,,20,,,,,,0,,,,,,,,,,,,,,,,,,,,,,,,,,,,
2013-12-11,Z300WRRG,ST4000DM000,4000787030016,0,,174375560,,,,,,,,0,,,,,,815,,,,,,,,,,,,,,,,,,,,,,,,,,,,,,21,,,,,,0,,,,,,,,,,,,,,,,,,,,,,,,,,,,
2013-12-11,MJ1323YNG0Z7SC,Hitachi HDS5C3030ALA630,3000592982016,0,,0,,,,,,,,0,,,,,,20508,,,,,,,,,,,,,,,,,,,,,,,,,,,,,,25,,,,,,0,,,,,,,,,,,,,,,,,,,,,,,,,,,,
2013-12-11,W1F0L2LC,ST3000DM001,3000592982016,0,,152053360,,,,,,,,0,,,,,,9269,,,,,,,,,,,,,,,,,,,,,,,,,,,,,,28,,,,,,0,,,,,,,,,,,,,,,,,,,,,,,,,,,,
2013-12-11,W300DYXS,ST4000DM000,4000787030016,0,,234394656,,,,,,,,0,,,,,,4047,,,,,,,,,,,,,,,,,,,,,,,,,,,,,,23,,,,,,0,,,,,,,,,,,,,,,,,,,,,,,,,,,,
2013-12-11,MJ1323YNG1GG1C,Hitachi HDS5C3030ALA630,3000592982016,0,,0,,,,,,,,0,,,,,,19629,,,,,,,,,,,,,,,,,,,,,,,,,,,,,,25,,,,,,0,,,,,,,,,,,,,,,,,,,,,,,,,,,,
2013-12-11,PL1311LAG3DDXH,Hitachi HDS5C4040ALE630,4000787030016,0,,0,,,,,,,,0,,,,,,5036,,,,,,,,,,,,,,,,,,,,,,,,,,,,,,27,,,,,,0,,,,,,,,,,,,,,,,,,,,,,,,,,,,
2013-12-11,JK11A8B9J0B3ZF,Hitachi HDS722020ALA330,2000398934016,0,,0,,,,,,,,0,,,,,,24501,,,,,,,,,,,,,,,,,,,,,,,,,,,,,,26,,,,,,0,,,,,,,,,,,,,,,,,,,,,,,,,,,,
2013-12-11,MK0333YHGNWL2C,Hitachi HDS723030ALA640,3000592982016,0,,0,,,,,,,,0,,,,,,17762,,,,,,,,,,,,,,,,,,,,,,,,,,,,,,25,,,,,,0,,,,,,,,,,,,,,,,,,,,,,,,,,,,
2013-12-11,MJ1311YNG35BSA,Hitachi HDS5C3030ALA630,3000592982016,0,,0,,,,,,,,0,,,,,,18049,,,,,,,,,,,,,,,,,,,,,,,,,,,,,,23,,,,,,0,,,,,,,,,,,,,,,,,,,,,,,,,,,,
2013-12-11,JK1171YBK12NUF,Hitachi HDS722020ALA330,2000398934016,0,,0,,,,,,,,0,,,,,,29018,,,,,,,,,,,,,,,,,,,,,,,,,,,,,,24,,,,,,0,,,,,,,,,,,,,,,,,,,,,,,,,,,,
2013-12-11,S1F031GD,ST3000DM001,3000592982016,0,,66617576,,,,,,,,0,,,,,,15189,,,,,,,,,,,,,,,,,,,,,,,,,,,,,,25,,,,,,0,,,,,,,,,,,,,,,,,,,,,,,,,,,,
2013-12-11,JK11A4B8J8439W,Hitachi HDS722020ALA330,2000398934016,0,,0,,,,,,,,1,,,,,,25119,,,,,,,,,,,,,,,,,,,,,,,,,,,,,,35,,,,,,1,,,,,,,,,,,,,,,,,,,,,,,,,,,,
2013-12-11,PL1311LAG3A1BH,Hitachi HDS5C4040ALE630,4000787030016,0,,0,,,,,,,,0,,,,,,6654,,,,,,,,,,,,,,,,,,,,,,,,,,,,,,20,,,,,,0,,,,,,,,,,,,,,,,,,,,,,,,,,,,
2013-12-11,MJ1321YNG0MT7A,Hitachi HDS5C3030ALA630,3000592982016,0,,0,,,,,,,,0,,,,,,20480,,,,,,,,,,,,,,,,,,,,,,,,,,,,,,30,,,,,,0,,,,,,,,,,,,,,,,,,,,,,,,,,,,
2013-12-11,JK11A1YAJHEHYV,Hitachi HDS722020ALA330,2000398934016,0,,1,,,,,,,,0,,,,,,28913,,,,,,,,,,,,,,,,,,,,,,,,,,,,,,30,,,,,,0,,,,,,,,,,,,,,,,,,,,,,,,,,,,
2013-12-11,S1F031GT,ST3000DM001,3000592982016,0,,241110616,,,,,,,,0,,,,,,15191,,,,,,,,,,,,,,,,,,,,,,,,,,,,,,20,,,,,,0,,,,,,,,,,,,,,,,,,,,,,,,,,,,
2013-12-11,JK11A8B9J04MSF,Hitachi HDS722020ALA330,2000398934016,0,,0,,,,,,,,0,,,,,,24433,,,,,,,,,,,,,,,,,,,,,,,,,,,,,,24,,,,,,0,,,,,,,,,,,,,,,,,,,,,,,,,,,,
2013-12-11,W300BK8D,ST4000DM000,4000787030016,0,,236847144,,,,,,,,0,,,,,,4146,,,,,,,,,,,,,,,,,,,,,,,,,,,,,,23,,,,,,0,,,,,,,,,,,,,,,,,,,,,,,,,,,,
2013-12-11,9VS3H9DP,ST31500341AS,1500301910016,0,,148557296,,,,,,,,12,,,,,,32917,,,,,,,,,,,,,,,,,,,,,,,,,,,,,,21,,,,,,0,,,,,,,,,,,,,,,,,,,,,,,,,,,,
2013-12-11,MJ0351YNGA6KNA,Hitachi HDS5C3030ALA630,3000592982016,0,,0,,,,,,,,0,,,,,,9147,,,,,,,,,,,,,,,,,,,,,,,,,,,,,,28,,,,,,0,,,,,,,,,,,,,,,,,,,,,,,,,,,,
2013-12-11,6XW03AG6,ST31500541AS,1500301910016,0,,18131420,,,,,,,,0,,,,,,36936,,,,,,,,,,,,,,,,,,,,,,,,,,,,,,22,,,,,,0,,,,,,,,,,,,,,,,,,,,,,,,,,,,
2013-12-11,MJ1311YNG381DA,Hitachi HDS5C3030ALA630,3000592982016,0,,11468824,,,,,,,,0,,,,,,19586,,,,,,,,,,,,,,,,,,,,,,,,,,,,,,23,,,,,,0,,,,,,,,,,,,,,,,,,,,,,,,,,,,
2013-12-11,W300BQXR,ST4000DM000,4000787030016,0,,90228504,,,,,,,,0,,,,,,3586,,,,,,,,,,,,,,,,,,,,,,,,,,,,,,22,,,,,,0,,,,,,,,,,,,,,,,,,,,,,,,,,,,
2013-12-11,JK1101B9KNNSUF,Hitachi HDS722020ALA330,2000398934016,0,,0,,,,,,,,293,,,,,,23097,,,,,,,,,,,,,,,,,,,,,,,,,,,,,,28,,,,,,0,,,,,,,,,,,,,,,,,,,,,,,,,,,,
2013-12-11,W300BQXF,ST4000DM000,4000787030016,0,,7072720,,,,,,,,0,,,,,,3603,,,,,,,,,,,,,,,,,,,,,,,,,,,,,,23,,,,,,0,,,,,,,,,,,,,,,,,,,,,,,,,,,,
2013-12-11,PL1311LAG397SH,Hitachi HDS5C4040ALE630,4000787030016,0,,0,,,,,,,,0,,,,,,5961,,,,,,,,,,,,,,,,,,,,,,,,,,,,,,18,,,,,,0,,,,,,,,,,,,,,,,,,,,,,,,,,,,
2013-12-11,W300BQX1,ST4000DM000,4000787030016,0,,170924520,,,,,,,,0,,,,,,3585,,,,,,,,,,,,,,,,,,,,,,,,,,,,,,23,,,,,,0,,,,,,,,,,,,,,,,,,,,,,,,,,,,
2013-12-11,WD-WMAWZ0229462,WDC WD30EZRX,3000592982016,0,,0,,,,,,,,0,,,,,,12944,,,,,,,,,,,,,,,,,,,,,,,,,,,,,,24,,,,,,0,,,,,,,,,,,,,,,,,,,,,,,,,,,,
2013-12-11,S1F06J0J,ST3000DM001,3000592982016,0,,97070800,,,,,,,,0,,,,,,12347,,,,,,,,,,,,,,,,,,,,,,,,,,,,,,26,,,,,,0,,,,,,,,,,,,,,,,,,,,,,,,,,,,
2013-12-11,MK0331YHGS1KLA,Hitachi HDS723030ALA640,3000592982016,0,,0,,,,,,,,0,,,,,,16661,,,,,,,,,,,,,,,,,,,,,,,,,,,,,,29,,,,,,0,,,,,,,,,,,,,,,,,,,,,,,,,,,,
2013-12-11,6XW03AGC,ST31500541AS,1500301910016,0,,83201638,,,,,,,,0,,,,,,35776,,,,,,,,,,,,,,,,,,,,,,,,,,,,,,22,,,,,,0,,,,,,,,,,,,,,,,,,,,,,,,,,,,
2013-12-11,WD-WCAU47738963,WDC WD10EADS,1000204886016,0,,81,,,,,,,,2,,,,,,40587,,,,,,,,,,,,,,,,,,,,,,,,,,,,,,22,,,,,,0,,,,,,,,,,,,,,,,,,,,,,,,,,,,
2013-12-11,MJ1323YNG100WC,Hitachi HDS5C3030ALA630,3000592982016,0,,0,,,,,,,,0,,,,,,18067,,,,,,,,,,,,,,,,,,,,,,,,,,,,,,29,,,,,,0,,,,,,,,,,,,,,,,,,,,,,,,,,,,
2013-12-11,MK0331YHGT6PYA,Hitachi HDS723030ALA640,3000592982016,0,,0,,,,,,,,0,,,,,,17230,,,,,,,,,,,,,,,,,,,,,,,,,,,,,,21,,,,,,0,,,,,,,,,,,,,,,,,,,,,,,,,,,,
2013-12-11,WD-WCAU47738964,WDC WD10EADS,1000204886016,0,,2,,,,,,,,0,,,,,,40527,,,,,,,,,,,,,,,,,,,,,,,,,,,,,,28,,,,,,0,,,,,,,,,,,,,,,,,,,,,,,,,,,,
2013-12-11,MK0331YHGS4Z5A,Hitachi HDS723030ALA640,3000592982016,0,,0,,,,,,,,0,,,,,,16076,,,,,,,,,,,,,,,,,,,,,,,,,,,,,,29,,,,,,0,,,,,,,,,,,,,,,,,,,,,,,,,,,,
2013-12-11,Z300MH15,ST4000DM000,4000787030016,0,,130824512,,,,,,,,0,,,,,,2920,,,,,,,,,,,,,,,,,,,,,,,,,,,,,,19,,,,,,0,,,,,,,,,,,,,,,,,,,,,,,,,,,,
2013-12-11,PL1311LAG3B9EH,Hitachi HDS5C4040ALE630,4000787030016,0,,0,,,,,,,,0,,,,,,5959,,,,,,,,,,,,,,,,,,,,,,,,,,,,,,16,,,,,,0,,,,,,,,,,,,,,,,,,,,,,,,,,,,
2013-12-11,MJ1311YNG4PM1A,Hitachi HDS5C3030ALA630,3000592982016,0,,0,,,,,,,,0,,,,,,14574,,,,,,,,,,,,,,,,,,,,,,,,,,,,,,24,,,,,,0,,,,,,,,,,,,,,,,,,,,,,,,,,,,
2013-12-11,WD-WCAU45242779,WDC WD10EADS,1000204886016,0,,5,,,,,,,,0,,,,,,41318,,,,,,,,,,,,,,,,,,,,,,,,,,,,,,25,,,,,,0,,,,,,,,,,,,,,,,,,,,,,,,,,,,
2013-12-11,Z1F0P5JD,ST3000DM001,3000592982016,0,,178366600,,,,,,,,0,,,,,,11026,,,,,,,,,,,,,,,,,,,,,,,,,,,,,,27,,,,,,0,,,,,,,,,,,,,,,,,,,,,,,,,,,,
2013-12-11,WD-WCAU47759099,WDC WD10EADS,1000204886016,0,,0,,,,,,,,0,,,,,,40500,,,,,,,,,,,,,,,,,,,,,,,,,,,,,,31,,,,,,0,,,,,,,,,,,,,,,,,,,,,,,,,,,,
2013-12-11,S1F02KFF,ST3000DM001,3000592982016,0,,47750768,,,,,,,,0,,,,,,15191,,,,,,,,,,,,,,,,,,,,,,,,,,,,,,20,,,,,,0,,,,,,,,,,,,,,,,,,,,,,,,,,,,
2013-12-11,PL1321LAG357TH,Hitachi HDS5C4040ALE630,4000787030016,0,,0,,,,,,,,0,,,,,,6653,,,,,,,,,,,,,,,,,,,,,,,,,,,,,,23,,,,,,0,,,,,,,,,,,,,,,,,,,,,,,,,,,,
2013-12-11,MK0311YHGJB85A,Hitachi HDS723030ALA640,3000592982016,0,,75235328,,,,,,,,0,,,,,,21460,,,,,,,,,,,,,,,,,,,,,,,,,,,,,,27,,,,,,0,,,,,,,,,,,,,,,,,,,,,,,,,,,,
2013-12-11,JK1181YAJ4A17V,Hitachi HDS722020ALA330,2000398934016,0,,327686,,,,,,,,4,,,,,,30256,,,,,,,,,,,,,,,,,,,,,,,,,,,,,,23,,,,,,0,,,,,,,,,,,,,,,,,,,,,,,,,,,,
2013-12-11,MJ0351YNG9W1YA,Hitachi HDS5C3030ALA630,3000592982016,0,,0,,,,,,,,0,,,,,,9147,,,,,,,,,,,,,,,,,,,,,,,,,,,,,,28,,,,,,0,,,,,,,,,,,,,,,,,,,,,,,,,,,,
2013-12-11,5XW0ZVB0,ST31500541AS,1500301910016,0,,4904677,,,,,,,,0,,,,,,21023,,,,,,,,,,,,,,,,,,,,,,,,,,,,,,19,,,,,,0,,,,,,,,,,,,,,,,,,,,,,,,,,,,
2013-12-11,MJ1323YNG1BXAC,Hitachi HDS5C3030ALA630,3000592982016,0,,0,,,,,,,,0,,,,,,19633,,,,,,,,,,,,,,,,,,,,,,,,,,,,,,22,,,,,,0,,,,,,,,,,,,,,,,,,,,,,,,,,,,
2013-12-11,Z1F1A2PY,ST3000DM001,3000592982016,0,,66201040,,,,,,,,0,,,,,,7326,,,,,,,,,,,,,,,,,,,,,,,,,,,,,,22,,,,,,0,,,,,,,,,,,,,,,,,,,,,,,,,,,,
2013-12-11,6XW1084C,ST31500541AS,1500301910016,0,,186409713,,,,,,,,0,,,,,,30740,,,,,,,,,,,,,,,,,,,,,,,,,,,,,,19,,,,,,0,,,,,,,,,,,,,,,,,,,,,,,,,,,,
2013-12-11,PL2311LAG1U20C,Hitachi HDS5C4040ALE630,4000787030016,0,,0,,,,,,,,0,,,,,,7415,,,,,,,,,,,,,,,,,,,,,,,,,,,,,,23,,,,,,0,,,,,,,,,,,,,,,,,,,,,,,,,,,,
2013-12-11,Z1F07CSJ,ST3000DM001,3000592982016,0,,6325648,,,,,,,,0,,,,,,17063,,,,,,,,,,,,,,,,,,,,,,,,,,,,,,28,,,,,,0,,,,,,,,,,,,,,,,,,,,,,,,,,,,
2013-12-11,MJ1311YNG6VVDA,Hitachi HDS5C3030ALA630,3000592982016,0,,0,,,,,,,,0,,,,,,14310,,,,,,,,,,,,,,,,,,,,,,,,,,,,,,25,,,,,,0,,,,,,,,,,,,,,,,,,,,,,,,,,,,
2013-12-11,6XW02CT5,ST31500541AS,1500301910016,0,,133627560,,,,,,,,0,,,,,,36623,,,,,,,,,,,,,,,,,,,,,,,,,,,,,,24,,,,,,0,,,,,,,,,,,,,,,,,,,,,,,,,,,,
2013-12-11,W1F0A2ZL,ST3000DM001,3000592982016,0,,17554896,,,,,,,,0,,,,,,14732,,,,,,,,,,,,,,,,,,,,,,,,,,,,,,25,,,,,,40,,,,,,,,,,,,,,,,,,,,,,,,,,,,
2013-12-11,W1F0A5TA,ST3000DM001,3000592982016,0,,172472784,,,,,,,,0,,,,,,13347,,,,,,,,,,,,,,,,,,,,,,,,,,,,,,26,,,,,,0,,,,,,,,,,,,,,,,,,,,,,,,,,,,
2013-12-11,PL1311LAG38Y7H,Hitachi HDS5C4040ALE630,4000787030016,0,,0,,,,,,,,0,,,,,,3629,,,,,,,,,,,,,,,,,,,,,,,,,,,,,,28,,,,,,0,,,,,,,,,,,,,,,,,,,,,,,,,,,,
2013-12-11,JK1175YAHU2WVX,Hitachi HDS722020ALA330,2000398934016,0,,2,,,,,,,,0,,,,,,30501,,,,,,,,,,,,,,,,,,,,,,,,,,,,,,29,,,,,,0,,,,,,,,,,,,,,,,,,,,,,,,,,,,
2013-12-11,W1F0AQA8,ST3000DM001,3000592982016,0,,99207560,,,,,,,,0,,,,,,13884,,,,,,,,,,,,,,,,,,,,,,,,,,,,,,28,,,,,,0,,,,,,,,,,,,,,,,,,,,,,,,,,,,
2013-12-11,Z1Z03F55,ST4000DX000,4000787030016,0,,189776113,,,,,,,,0,,,,,,7130,,,,,,,,,,,,,,,,,,,,,,,,,,,,,,38,,,,,,0,,,,,,,,,,,,,,,,,,,,,,,,,,,,
2013-12-11,S1F119X9,ST3000DM001,3000592982016,0,,29151104,,,,,,,,0,,,,,,8164,,,,,,,,,,,,,,,,,,,,,,,,,,,,,,26,,,,,,0,,,,,,,,,,,,,,,,,,,,,,,,,,,,
2013-12-11,W1F1DPSA,ST3000DM001,3000592982016,0,,72987944,,,,,,,,0,,,,,,8207,,,,,,,,,,,,,,,,,,,,,,,,,,,,,,23,,,,,,0,,,,,,,,,,,,,,,,,,,,,,,,,,,,
2013-12-11,MJ0351YNG9Y01A,Hitachi HDS5C3030ALA630,3000592982016,0,,0,,,,,,,,0,,,,,,9315,,,,,,,,,,,,,,,,,,,,,,,,,,,,,,31,,,,,,0,,,,,,,,,,,,,,,,,,,,,,,,,,,,
2013-12-11,JK11A8B9J8A2ZF,Hitachi HDS722020ALA330,2000398934016,0,,0,,,,,,,,0,,,,,,25122,,,,,,,,,,,,,,,,,,,,,,,,,,,,,,32,,,,,,0,,,,,,,,,,,,,,,,,,,,,,,,,,,,
2013-12-11,JK11A8B9GM0M2F,Hitachi HDS722020ALA330,2000398934016,0,,0,,,,,,,,0,,,,,,26492,,,,,,,,,,,,,,,,,,,,,,,,,,,,,,28,,,,,,0,,,,,,,,,,,,,,,,,,,,,,,,,,,,
2013-12-11,MK0331YHGSZAAA,Hitachi HDS723030ALA640,3000592982016,0,,0,,,,,,,,0,,,,,,16077,,,,,,,,,,,,,,,,,,,,,,,,,,,,,,27,,,,,,0,,,,,,,,,,,,,,,,,,,,,,,,,,,,
2013-12-11,S1F02M4S,ST3000DM001,3000592982016,0,,17904608,,,,,,,,0,,,,,,16191,,,,,,,,,,,,,,,,,,,,,,,,,,,,,,24,,,,,,0,,,,,,,,,,,,,,,,,,,,,,,,,,,,
2013-12-11,W1F14XK6,ST3000DM001,3000592982016,0,,71057232,,,,,,,,0,,,,,,7992,,,,,,,,,,,,,,,,,,,,,,,,,,,,,,27,,,,,,0,,,,,,,,,,,,,,,,,,,,,,,,,,,,
2013-12-11,W1F0WKMJ,ST3000DM001,3000592982016,0,,102701152,,,,,,,,0,,,,,,11688,,,,,,,,,,,,,,,,,,,,,,,,,,,,,,22,,,,,,0,,,,,,,,,,,,,,,,,,,,,,,,,,,,
2013-12-11,PL1321LAG33YKH,Hitachi HDS5C4040ALE630,4000787030016,0,,0,,,,,,,,0,,,,,,5958,,,,,,,,,,,,,,,,,,,,,,,,,,,,,,22,,,,,,0,,,,,,,,,,,,,,,,,,,,,,,,,,,,
2013-12-11,PL1311LAG2BUEH,Hitachi HDS5C4040ALE630,4000787030016,0,,0,,,,,,,,0,,,,,,7411,,,,,,,,,,,,,,,,,,,,,,,,,,,,,,23,,,,,,0,,,,,,,,,,,,,,,,,,,,,,,,,,,,
2013-12-11,MJ0351YNG9WP8A,Hitachi HDS5C3030ALA630,3000592982016,0,,0,,,,,,,,0,,,,,,9524,,,,,,,,,,,,,,,,,,,,,,,,,,,,,,35,,,,,,0,,,,,,,,,,,,,,,,,,,,,,,,,,,,
2013-12-11,PL1321LAG36K8H,Hitachi HDS5C4040ALE630,4000787030016,0,,0,,,,,,,,0,,,,,,6652,,,,,,,,,,,,,,,,,,,,,,,,,,,,,,23,,,,,,0,,,,,,,,,,,,,,,,,,,,,,,,,,,,
2013-12-11,MK0311YHG32TPA,Hitachi HDS723030ALA640,3000592982016,0,,0,,,,,,,,0,,,,,,22348,,,,,,,,,,,,,,,,,,,,,,,,,,,,,,28,,,,,,0,,,,,,,,,,,,,,,,,,,,,,,,,,,,
2013-12-11,MJ0351YNGA6X3A,Hitachi HDS5C3030ALA630,3000592982016,0,,0,,,,,,,,0,,,,,,8641,,,,,,,,,,,,,,,,,,,,,,,,,,,,,,25,,,,,,0,,,,,,,,,,,,,,,,,,,,,,,,,,,,
2013-12-11,PL1321LAG347DH,Hitachi HDS5C4040ALE630,4000787030016,0,,0,,,,,,,,0,,,,,,6619,,,,,,,,,,,,,,,,,,,,,,,,,,,,,,24,,,,,,0,,,,,,,,,,,,,,,,,,,,,,,,,,,,
2013-12-11,9XW021HB,ST31500541AS,1500301910016,0,,99353703,,,,,,,,370,,,,,,35658,,,,,,,,,,,,,,,,,,,,,,,,,,,,,,20,,,,,,0,,,,,,,,,,,,,,,,,,,,,,,,,,,,
2013-12-11,MJ1311YNG3JYBA,Hitachi HDS5C3030ALA630,3000592982016,0,,0,,,,,,,,3,,,,,,18941,,,,,,,,,,,,,,,,,,,,,,,,,,,,,,24,,,,,,1,,,,,,,,,,,,,,,,,,,,,,,,,,,,
2013-12-11,Z1F0LL81,ST3000DM001,3000592982016,0,,104803664,,,,,,,,0,,,,,,12249,,,,,,,,,,,,,,,,,,,,,,,,,,,,,,27,,,,,,0,,,,,,,,,,,,,,,,,,,,,,,,,,,,
2013-12-11,Z1Z03F5X,ST4000DX000,4000787030016,0,,112474295,,,,,,,,0,,,,,,7130,,,,,,,,,,,,,,,,,,,,,,,,,,,,,,36,,,,,,0,,,,,,,,,,,,,,,,,,,,,,,,,,,,
2013-12-11,W1F0AQAQ,ST3000DM001,3000592982016,0,,193766272,,,,,,,,0,,,,,,13372,,,,,,,,,,,,,,,,,,,,,,,,,,,,,,20,,,,,,0,,,,,,,,,,,,,,,,,,,,,,,,,,,,
2013-12-11,Z300XQXR,ST4000DM000,4000787030016,0,,139081672,,,,,,,,0,,,,,,612,,,,,,,,,,,,,,,,,,,,,,,,,,,,,,21,,,,,,0,,,,,,,,,,,,,,,,,,,,,,,,,,,,
2013-12-11,WD-WCAU4A518255,WDC WD10EADS,1000204886016,0,,1,,,,,,,,0,,,,,,36632,,,,,,,,,,,,,,,,,,,,,,,,,,,,,,29,,,,,,0,,,,,,,,,,,,,,,,,,,,,,,,,,,,
2013-12-11,W300BG30,ST4000DM000,4000787030016,0,,155097944,,,,,,,,0,,,,,,2222,,,,,,,,,,,,,,,,,,,,,,,,,,,,,,24,,,,,,0,,,,,,,,,,,,,,,,,,,,,,,,,,,,
2013-12-11,JK1105B8GED17X,Hitachi HDS722020ALA330,2000398934016,0,,65537,,,,,,,,0,,,,,,27221,,,,,,,,,,,,,,,,,,,,,,,,,,,,,,26,,,,,,0,,,,,,,,,,,,,,,,,,,,,,,,,,,,
2013-12-11,MJ0351YNG9SHGA,Hitachi HDS5C3030ALA630,3000592982016,0,,0,,,,,,,,0,,,,,,8830,,,,,,,,,,,,,,,,,,,,,,,,,,,,,,31,,,,,,0,,,,,,,,,,,,,,,,,,,,,,,,,,,,
2013-12-11,W1F015FN,ST3000DM001,3000592982016,0,,115579016,,,,,,,,0,,,,,,4207,,,,,,,,,,,,,,,,,,,,,,,,,,,,,,23,,,,,,0,,,,,,,,,,,,,,,,,,,,,,,,,,,,
2013-12-11,WD-WCAU47264514,WDC WD10EADS,1000204886016,0,,6,,,,,,,,0,,,,,,40530,,,,,,,,,,,,,,,,,,,,,,,,,,,,,,20,,,,,,0,,,,,,,,,,,,,,,,,,,,,,,,,,,,
2013-12-11,PL1321LAG34MBH,Hitachi HDS5C4040ALE630,4000787030016,0,,0,,,,,,,,0,,,,,,6652,,,,,,,,,,,,,,,,,,,,,,,,,,,,,,25,,,,,,0,,,,,,,,,,,,,,,,,,,,,,,,,,,,
2013-12-11,W3008DHH,ST4000DM000,4000787030016,0,,58402976,,,,,,,,0,,,,,,4140,,,,,,,,,,,,,,,,,,,,,,,,,,,,,,25,,,,,,0,,,,,,,,,,,,,,,,,,,,,,,,,,,,
2013-12-11,MJ1311YNG7LY4A,Hitachi HDS5C3030ALA630,3000592982016,0,,0,,,,,,,,0,,,,,,14620,,,,,,,,,,,,,,,,,,,,,,,,,,,,,,25,,,,,,0,,,,,,,,,,,,,,,,,,,,,,,,,,,,
2013-12-11,6XW10F7N,ST31500541AS,1500301910016,0,,77764032,,,,,,,,0,,,,,,29430,,,,,,,,,,,,,,,,,,,,,,,,,,,,,,23,,,,,,0,,,,,,,,,,,,,,,,,,,,,,,,,,,,
2013-12-11,MK0311YHGDYGLA,Hitachi HDS723030ALA640,3000592982016,0,,0,,,,,,,,0,,,,,,21458,,,,,,,,,,,,,,,,,,,,,,,,,,,,,,26,,,,,,0,,,,,,,,,,,,,,,,,,,,,,,,,,,,
2013-12-11,MJ0351YNGAA0TA,Hitachi HDS5C3030ALA630,3000592982016,0,,0,,,,,,,,0,,,,,,8214,,,,,,,,,,,,,,,,,,,,,,,,,,,,,,27,,,,,,0,,,,,,,,,,,,,,,,,,,,,,,,,,,,
2013-12-11,PL2321LAGASE1J,Hitachi HDS5C4040ALE630,4000787030016,0,,0,,,,,,,,0,,,,,,5076,,,,,,,,,,,,,,,,,,,,,,,,,,,,,,25,,,,,,0,,,,,,,,,,,,,,,,,,,,,,,,,,,,
2013-12-11,W3005L08,ST4000DM000,4000787030016,0,,213427888,,,,,,,,0,,,,,,2856,,,,,,,,,,,,,,,,,,,,,,,,,,,,,,20,,,,,,0,,,,,,,,,,,,,,,,,,,,,,,,,,,,
2013-12-11,S1F0TNZ9,ST3000DM001,3000592982016,0,,127589600,,,,,,,,0,,,,,,10771,,,,,,,,,,,,,,,,,,,,,,,,,,,,,,20,,,,,,0,,,,,,,,,,,,,,,,,,,,,,,,,,,,
2013-12-11,JK11A8B9J3W5WF,Hitachi HDS722020ALA330,2000398934016,0,,0,,,,,,,,0,,,,,,23125,,,,,,,,,,,,,,,,,,,,,,,,,,,,,,27,,,,,,0,,,,,,,,,,,,,,,,,,,,,,,,,,,,
2013-12-11,JK1101B8GNNT4S,Hitachi HDS722020ALA330,2000398934016,0,,0,,,,,,,,0,,,,,,26837,,,,,,,,,,,,,,,,,,,,,,,,,,,,,,26,,,,,,0,,,,,,,,,,,,,,,,,,,,,,,,,,,,
2013-12-11,6XW13AW5,ST31500541AS,1500301910016,0,,207540453,,,,,,,,0,,,,,,21627,,,,,,,,,,,,,,,,,,,,,,,,,,,,,,22,,,,,,0,,,,,,,,,,,,,,,,,,,,,,,,,,,,
2013-12-11,W300J6CG,ST4000DM000,4000787030016,0,,84792384,,,,,,,,0,,,,,,1704,,,,,,,,,,,,,,,,,,,,,,,,,,,,,,24,,,,,,0,,,,,,,,,,,,,,,,,,,,,,,,,,,,
2013-12-11,W300BMPZ,ST4000DM000,4000787030016,0,,46647864,,,,,,,,0,,,,,,4161,,,,,,,,,,,,,,,,,,,,,,,,,,,,,,20,,,,,,0,,,,,,,,,,,,,,,,,,,,,,,,,,,,
2013-12-11,MK0331YHGLGL9A,Hitachi HDS723030ALA640,3000592982016,0,,0,,,,,,,,0,,,,,,17357,,,,,,,,,,,,,,,,,,,,,,,,,,,,,,27,,,,,,0,,,,,,,,,,,,,,,,,,,,,,,,,,,,
2013-12-11,MK0311YHGKRLXA,Hitachi HDS723030ALA640,3000592982016,0,,6,,,,,,,,0,,,,,,21460,,,,,,,,,,,,,,,,,,,,,,,,,,,,,,27,,,,,,0,,,,,,,,,,,,,,,,,,,,,,,,,,,,
2013-12-11,WD-WCAU45645071,WDC WD10EADS,1000204886016,0,,2,,,,,,,,0,,,,,,41070,,,,,,,,,,,,,,,,,,,,,,,,,,,,,,28,,,,,,0,,,,,,,,,,,,,,,,,,,,,,,,,,,,
2013-12-11,W300BMPK,ST4000DM000,4000787030016,0,,180145632,,,,,,,,0,,,,,,4160,,,,,,,,,,,,,,,,,,,,,,,,,,,,,,22,,,,,,0,,,,,,,,,,,,,,,,,,,,,,,,,,,,
2013-12-11,JK11A8B9J85P7F,Hitachi HDS722020ALA330,2000398934016,0,,0,,,,,,,,1,,,,,,24468,,,,,,,,,,,,,,,,,,,,,,,,,,,,,,27,,,,,,1,,,,,,,,,,,,,,,,,,,,,,,,,,,,
2013-12-11,MJ1311YNG3EAGA,Hitachi HDS5C3030ALA630,3000592982016,0,,0,,,,,,,,0,,,,,,19310,,,,,,,,,,,,,,,,,,,,,,,,,,,,,,25,,,,,,0,,,,,,,,,,,,,,,,,,,,,,,,,,,,
2013-12-11,WD-WCAU45693395,WDC WD10EADS,1000204886016,0,,5,,,,,,,,0,,,,,,41739,,,,,,,,,,,,,,,,,,,,,,,,,,,,,,26,,,,,,0,,,,,,,,,,,,,,,,,,,,,,,,,,,,
2013-12-11,W300BMP9,ST4000DM000,4000787030016,0,,157561888,,,,,,,,0,,,,,,3604,,,,,,,,,,,,,,,,,,,,,,,,,,,,,,23,,,,,,0,,,,,,,,,,,,,,,,,,,,,,,,,,,,
2013-12-11,W300BMP8,ST4000DM000,4000787030016,0,,244000064,,,,,,,,0,,,,,,3611,,,,,,,,,,,,,,,,,,,,,,,,,,,,,,24,,,,,,0,,,,,,,,,,,,,,,,,,,,,,,,,,,,
2013-12-11,PL1311LAG38H8H,Hitachi HDS5C4040ALE630,4000787030016,0,,0,,,,,,,,0,,,,,,5670,,,,,,,,,,,,,,,,,,,,,,,,,,,,,,18,,,,,,0,,,,,,,,,,,,,,,,,,,,,,,,,,,,
2013-12-11,JK11A8B9J717UF,Hitachi HDS722020ALA330,2000398934016,0,,0,,,,,,,,0,,,,,,21472,,,,,,,,,,,,,,,,,,,,,,,,,,,,,,29,,,,,,0,,,,,,,,,,,,,,,,,,,,,,,,,,,,
2013-12-11,W300BMP7,ST4000DM000,4000787030016,0,,243633736,,,,,,,,0,,,,,,3611,,,,,,,,,,,,,,,,,,,,,,,,,,,,,,22,,,,,,0,,,,,,,,,,,,,,,,,,,,,,,,,,,,
2013-12-11,MJ0351YNG9U64A,Hitachi HDS5C3030ALA630,3000592982016,0,,0,,,,,,,,0,,,,,,9901,,,,,,,,,,,,,,,,,,,,,,,,,,,,,,27,,,,,,0,,,,,,,,,,,,,,,,,,,,,,,,,,,,
2013-12-11,PL1311LAG1S2WA,Hitachi HDS5C4040ALE630,4000787030016,0,,0,,,,,,,,0,,,,,,7453,,,,,,,,,,,,,,,,,,,,,,,,,,,,,,22,,,,,,0,,,,,,,,,,,,,,,,,,,,,,,,,,,,
2013-12-11,WD-WCAWZ0255502,WDC WD30EZRS,3000592982016,0,,0,,,,,,,,0,,,,,,11520,,,,,,,,,,,,,,,,,,,,,,,,,,,,,,26,,,,,,0,,,,,,,,,,,,,,,,,,,,,,,,,,,,
2013-12-11,WD-WCAWZ1109094,WDC WD30EZRX,3000592982016,0,,0,,,,,,,,0,,,,,,17994,,,,,,,,,,,,,,,,,,,,,,,,,,,,,,23,,,,,,1,,,,,,,,,,,,,,,,,,,,,,,,,,,,
2013-12-11,6XW04WEW,ST31500541AS,1500301910016,0,,67608992,,,,,,,,0,,,,,,36444,,,,,,,,,,,,,,,,,,,,,,,,,,,,,,19,,,,,,0,,,,,,,,,,,,,,,,,,,,,,,,,,,,
2013-12-11,MJ0351YNGA3E9A,Hitachi HDS5C3030ALA630,3000592982016,0,,0,,,,,,,,0,,,,,,9132,,,,,,,,,,,,,,,,,,,,,,,,,,,,,,27,,,,,,0,,,,,,,,,,,,,,,,,,,,,,,,,,,,
2013-12-11,MJ0351YNG9ST0A,Hitachi HDS5C3030ALA630,3000592982016,0,,0,,,,,,,,0,,,,,,8830,,,,,,,,,,,,,,,,,,,,,,,,,,,,,,28,,,,,,0,,,,,,,,,,,,,,,,,,,,,,,,,,,,
2013-12-11,9VS3JZFD,ST31500341AS,1500301910016,0,,210004230,,,,,,,,20,,,,,,32927,,,,,,,,,,,,,,,,,,,,,,,,,,,,,,22,,,,,,0,,,,,,,,,,,,,,,,,,,,,,,,,,,,
2013-12-11,MJ0351YNGA02KA,Hitachi HDS5C3030ALA630,3000592982016,0,,0,,,,,,,,0,,,,,,9271,,,,,,,,,,,,,,,,,,,,,,,,,,,,,,29,,,,,,0,,,,,,,,,,,,,,,,,,,,,,,,,,,,
2013-12-11,WD-WMC4N1059462,WDC WD30EFRX,3000592982016,0,,0,,,,,,,,0,,,,,,325,,,,,,,,,,,,,,,,,,,,,,,,,,,,,,19,,,,,,0,,,,,,,,,,,,,,,,,,,,,,,,,,,,
2013-12-11,JK11A4B8JR3N6W,Hitachi HDS722020ALA330,2000398934016,0,,0,,,,,,,,0,,,,,,23822,,,,,,,,,,,,,,,,,,,,,,,,,,,,,,36,,,,,,0,,,,,,,,,,,,,,,,,,,,,,,,,,,,
2013-12-11,JK11A8B9J3AUKF,Hitachi HDS722020ALA330,2000398934016,0,,1,,,,,,,,0,,,,,,24501,,,,,,,,,,,,,,,,,,,,,,,,,,,,,,28,,,,,,0,,,,,,,,,,,,,,,,,,,,,,,,,,,,
2013-12-11,S1F0QYC5,ST3000DM001,3000592982016,0,,10166712,,,,,,,,0,,,,,,11020,,,,,,,,,,,,,,,,,,,,,,,,,,,,,,24,,,,,,0,,,,,,,,,,,,,,,,,,,,,,,,,,,,
2013-12-11,MJ1311YNG612SA,Hitachi HDS5C3030ALA630,3000592982016,0,,2,,,,,,,,0,,,,,,14594,,,,,,,,,,,,,,,,,,,,,,,,,,,,,,24,,,,,,0,,,,,,,,,,,,,,,,,,,,,,,,,,,,
2013-12-11,9VS2BXAR,ST31500341AS,1500301910016,0,,159326368,,,,,,,,178,,,,,,35519,,,,,,,,,,,,,,,,,,,,,,,,,,,,,,28,,,,,,6,,,,,,,,,,,,,,,,,,,,,,,,,,,,
2013-12-11,W1F096X7,ST3000DM001,3000592982016,0,,93994760,,,,,,,,0,,,,,,14711,,,,,,,,,,,,,,,,,,,,,,,,,,,,,,25,,,,,,0,,,,,,,,,,,,,,,,,,,,,,,,,,,,
2013-12-11,9XK08J7Z,ST33000651AS,3000592982016,0,,46846984,,,,,,,,0,,,,,,16882,,,,,,,,,,,,,,,,,,,,,,,,,,,,,,29,,,,,,0,,,,,,,,,,,,,,,,,,,,,,,,,,,,
2013-12-11,MJ0351YNG9Z8LA,Hitachi HDS5C3030ALA630,3000592982016,0,,0,,,,,,,,0,,,,,,7828,,,,,,,,,,,,,,,,,,,,,,,,,,,,,,24,,,,,,0,,,,,,,,,,,,,,,,,,,,,,,,,,,,
2013-12-11,W1F09LD0,ST3000DM001,3000592982016,0,,111758944,,,,,,,,0,,,,,,13341,,,,,,,,,,,,,,,,,,,,,,,,,,,,,,28,,,,,,0,,,,,,,,,,,,,,,,,,,,,,,,,,,,
2013-12-11,PL1311LAG2ZBMA,Hitachi HDS5C4040ALE630,4000787030016,0,,0,,,,,,,,0,,,,,,5950,,,,,,,,,,,,,,,,,,,,,,,,,,,,,,21,,,,,,0,,,,,,,,,,,,,,,,,,,,,,,,,,,,
2013-12-11,MJ0351YNGA732A,Hitachi HDS5C3030ALA630,3000592982016,0,,0,,,,,,,,25,,,,,,7828,,,,,,,,,,,,,,,,,,,,,,,,,,,,,,25,,,,,,0,,,,,,,,,,,,,,,,,,,,,,,,,,,,
2013-12-11,MJ0351YNG9ZYXA,Hitachi HDS5C3030ALA630,3000592982016,0,,0,,,,,,,,0,,,,,,7801,,,,,,,,,,,,,,,,,,,,,,,,,,,,,,25,,,,,,0,,,,,,,,,,,,,,,,,,,,,,,,,,,,
2013-12-11,MJ1311YNG7H06A,Hitachi HDS5C3030ALA630,3000592982016,0,,0,,,,,,,,0,,,,,,14620,,,,,,,,,,,,,,,,,,,,,,,,,,,,,,24,,,,,,0,,,,,,,,,,,,,,,,,,,,,,,,,,,,
2013-12-11,W1F0BA83,ST3000DM001,3000592982016,0,,237728904,,,,,,,,0,,,,,,14212,,,,,,,,,,,,,,,,,,,,,,,,,,,,,,25,,,,,,0,,,,,,,,,,,,,,,,,,,,,,,,,,,,
2013-12-11,JK1171B8GNPAXS,Hitachi HDS722020ALA330,2000398934016,0,,0,,,,,,,,3,,,,,,26837,,,,,,,,,,,,,,,,,,,,,,,,,,,,,,26,,,,,,0,,,,,,,,,,,,,,,,,,,,,,,,,,,,
2013-12-11,5XW03LJW,ST31500541AS,1500301910016,0,,138628102,,,,,,,,0,,,,,,37144,,,,,,,,,,,,,,,,,,,,,,,,,,,,,,20,,,,,,0,,,,,,,,,,,,,,,,,,,,,,,,,,,,
2013-12-11,Z1Z0543B,ST4000DX000,4000787030016,0,,179524981,,,,,,,,0,,,,,,5078,,,,,,,,,,,,,,,,,,,,,,,,,,,,,,29,,,,,,0,,,,,,,,,,,,,,,,,,,,,,,,,,,,
2013-12-11,WD-WCAU47217186,WDC WD10EADS,1000204886016,0,,4,,,,,,,,0,,,,,,40923,,,,,,,,,,,,,,,,,,,,,,,,,,,,,,33,,,,,,0,,,,,,,,,,,,,,,,,,,,,,,,,,,,
2013-12-11,W1F10Y8K,ST3000DM001,3000592982016,0,,45013912,,,,,,,,0,,,,,,7990,,,,,,,,,,,,,,,,,,,,,,,,,,,,,,19,,,,,,0,,,,,,,,,,,,,,,,,,,,,,,,,,,,
2013-12-11,JK1181YAJN38PV,Hitachi HDS722020ALA330,2000398934016,0,,0,,,,,,,,0,,,,,,30256,,,,,,,,,,,,,,,,,,,,,,,,,,,,,,25,,,,,,0,,,,,,,,,,,,,,,,,,,,,,,,,,,,
2013-12-11,MJ1321YNG0ER3A,Hitachi HDS5C3030ALA630,3000592982016,0,,0,,,,,,,,0,,,,,,18594,,,,,,,,,,,,,,,,,,,,,,,,,,,,,,23,,,,,,0,,,,,,,,,,,,,,,,,,,,,,,,,,,,
2013-12-11,W1F0L2Q7,ST3000DM001,3000592982016,0,,177606672,,,,,,,,0,,,,,,11654,,,,,,,,,,,,,,,,,,,,,,,,,,,,,,27,,,,,,0,,,,,,,,,,,,,,,,,,,,,,,,,,,,
2013-12-11,W1F0A3HG,ST3000DM001,3000592982016,0,,121344368,,,,,,,,0,,,,,,14710,,,,,,,,,,,,,,,,,,,,,,,,,,,,,,24,,,,,,0,,,,,,,,,,,,,,,,,,,,,,,,,,,,
2013-12-11,WD-WCC1T1252551,WDC WD30EFRX,3000592982016,0,,0,,,,,,,,0,,,,,,803,,,,,,,,,,,,,,,,,,,,,,,,,,,,,,25,,,,,,0,,,,,,,,,,,,,,,,,,,,,,,,,,,,
2013-12-11,W1F1CA72,ST3000DM001,3000592982016,0,,154438752,,,,,,,,0,,,,,,7990,,,,,,,,,,,,,,,,,,,,,,,,,,,,,,27,,,,,,0,,,,,,,,,,,,,,,,,,,,,,,,,,,,
2013-12-11,6XW02G0V,ST31500541AS,1500301910016,0,,218713445,,,,,,,,0,,,,,,36062,,,,,,,,,,,,,,,,,,,,,,,,,,,,,,22,,,,,,0,,,,,,,,,,,,,,,,,,,,,,,,,,,,
2013-12-11,PL1311LAG3DK8H,Hitachi HDS5C4040ALE630,4000787030016,0,,0,,,,,,,,0,,,,,,5125,,,,,,,,,,,,,,,,,,,,,,,,,,,,,,29,,,,,,0,,,,,,,,,,,,,,,,,,,,,,,,,,,,
2013-12-11,5XW0WN6G,ST32000542AS,2000398934016,0,,93852654,,,,,,,,0,,,,,,13014,,,,,,,,,,,,,,,,,,,,,,,,,,,,,,26,,,,,,0,,,,,,,,,,,,,,,,,,,,,,,,,,,,
2013-12-11,JK11A8B9J2X9MF,Hitachi HDS722020ALA330,2000398934016,0,,0,,,,,,,,28,,,,,,23586,,,,,,,,,,,,,,,,,,,,,,,,,,,,,,30,,,,,,0,,,,,,,,,,,,,,,,,,,,,,,,,,,,
2013-12-11,MK0301YHGJH4HA,Hitachi HDS723030ALA640,3000592982016,0,,3276800,,,,,,,,0,,,,,,21460,,,,,,,,,,,,,,,,,,,,,,,,,,,,,,23,,,,,,0,,,,,,,,,,,,,,,,,,,,,,,,,,,,
2013-12-11,6XW0E24T,ST32000542AS,2000398934016,0,,167843569,,,,,,,,0,,,,,,13013,,,,,,,,,,,,,,,,,,,,,,,,,,,,,,21,,,,,,0,,,,,,,,,,,,,,,,,,,,,,,,,,,,
2013-12-11,Z300HQR8,ST4000DM000,4000787030016,0,,107807992,,,,,,,,0,,,,,,2899,,,,,,,,,,,,,,,,,,,,,,,,,,,,,,25,,,,,,0,,,,,,,,,,,,,,,,,,,,,,,,,,,,
2013-12-11,PL1311LAG295KH,Hitachi HDS5C4040ALE630,4000787030016,0,,0,,,,,,,,0,,,,,,7419,,,,,,,,,,,,,,,,,,,,,,,,,,,,,,20,,,,,,0,,,,,,,,,,,,,,,,,,,,,,,,,,,,
2013-12-11,JK1105B8GBKX6X,Hitachi HDS722020ALA330,2000398934016,0,,1,,,,,,,,0,,,,,,26766,,,,,,,,,,,,,,,,,,,,,,,,,,,,,,23,,,,,,0,,,,,,,,,,,,,,,,,,,,,,,,,,,,
2013-12-11,JK11A8YBKUNRHF,Hitachi HDS722020ALA330,2000398934016,0,,0,,,,,,,,0,,,,,,12264,,,,,,,,,,,,,,,,,,,,,,,,,,,,,,27,,,,,,0,,,,,,,,,,,,,,,,,,,,,,,,,,,,
2013-12-11,PL1310LAG08W1A,Hitachi HDS5C4040ALE630,4000787030016,0,,0,,,,,,,,0,,,,,,12999,,,,,,,,,,,,,,,,,,,,,,,,,,,,,,27,,,,,,0,,,,,,,,,,,,,,,,,,,,,,,,,,,,
2013-12-11,MK0311YHGDGVZA,Hitachi HDS723030ALA640,3000592982016,0,,0,,,,,,,,0,,,,,,17036,,,,,,,,,,,,,,,,,,,,,,,,,,,,,,30,,,,,,0,,,,,,,,,,,,,,,,,,,,,,,,,,,,
2013-12-11,Z300W9B7,ST4000DM000,4000787030016,0,,129439568,,,,,,,,0,,,,,,815,,,,,,,,,,,,,,,,,,,,,,,,,,,,,,20,,,,,,0,,,,,,,,,,,,,,,,,,,,,,,,,,,,
2013-12-11,W1F0B0S7,ST3000DM001,3000592982016,0,,44677464,,,,,,,,0,,,,,,13362,,,,,,,,,,,,,,,,,,,,,,,,,,,,,,23,,,,,,0,,,,,,,,,,,,,,,,,,,,,,,,,,,,
2013-12-11,Z1Z03EJ2,ST4000DX000,4000787030016,0,,2541852,,,,,,,,0,,,,,,7130,,,,,,,,,,,,,,,,,,,,,,,,,,,,,,38,,,,,,0,,,,,,,,,,,,,,,,,,,,,,,,,,,,
2013-12-11,MK0303YHGKT24C,Hitachi HDS723030ALA640,3000592982016,0,,65537,,,,,,,,0,,,,,,21459,,,,,,,,,,,,,,,,,,,,,,,,,,,,,,23,,,,,,0,,,,,,,,,,,,,,,,,,,,,,,,,,,,
2013-12-11,Z1Z03EJ5,ST4000DX000,4000787030016,0,,35916658,,,,,,,,0,,,,,,7130,,,,,,,,,,,,,,,,,,,,,,,,,,,,,,38,,,,,,0,,,,,,,,,,,,,,,,,,,,,,,,,,,,
2013-12-11,W300B14Y,ST4000DM000,4000787030016,0,,34698080,,,,,,,,0,,,,,,4167,,,,,,,,,,,,,,,,,,,,,,,,,,,,,,27,,,,,,0,,,,,,,,,,,,,,,,,,,,,,,,,,,,
2013-12-11,W300BNV2,ST4000DM000,4000787030016,0,,93961904,,,,,,,,0,,,,,,4146,,,,,,,,,,,,,,,,,,,,,,,,,,,,,,24,,,,,,0,,,,,,,,,,,,,,,,,,,,,,,,,,,,
2013-12-11,Z1Z03EJD,ST4000DX000,4000787030016,0,,213330283,,,,,,,,0,,,,,,7132,,,,,,,,,,,,,,,,,,,,,,,,,,,,,,38,,,,,,0,,,,,,,,,,,,,,,,,,,,,,,,,,,,
2013-12-11,S1F0S65X,ST3000DM001,3000592982016,0,,84805704,,,,,,,,0,,,,,,10539,,,,,,,,,,,,,,,,,,,,,,,,,,,,,,25,,,,,,0,,,,,,,,,,,,,,,,,,,,,,,,,,,,
2013-12-11,W300BNVP,ST4000DM000,4000787030016,0,,135998784,,,,,,,,0,,,,,,4044,,,,,,,,,,,,,,,,,,,,,,,,,,,,,,20,,,,,,0,,,,,,,,,,,,,,,,,,,,,,,,,,,,
2013-12-11,JK1181YAJ43VXV,Hitachi HDS722020ALA330,2000398934016,0,,0,,,,,,,,0,,,,,,30255,,,,,,,,,,,,,,,,,,,,,,,,,,,,,,26,,,,,,0,,,,,,,,,,,,,,,,,,,,,,,,,,,,
2013-12-11,WD-WMC1T1051259,WDC WD30EFRX,3000592982016,0,,0,,,,,,,,0,,,,,,8840,,,,,,,,,,,,,,,,,,,,,,,,,,,,,,29,,,,,,0,,,,,,,,,,,,,,,,,,,,,,,,,,,,
2013-12-11,JK1101B9GE20DF,Hitachi HDS722020ALA330,2000398934016,0,,0,,,,,,,,0,,,,,,27487,,,,,,,,,,,,,,,,,,,,,,,,,,,,,,28,,,,,,0,,,,,,,,,,,,,,,,,,,,,,,,,,,,
2013-12-11,Z1F0LKEE,ST3000DM001,3000592982016,0,,22884736,,,,,,,,0,,,,,,12318,,,,,,,,,,,,,,,,,,,,,,,,,,,,,,28,,,,,,0,,,,,,,,,,,,,,,,,,,,,,,,,,,,
2013-12-11,Z300HQRX,ST4000DM000,4000787030016,0,,8292544,,,,,,,,0,,,,,,2899,,,,,,,,,,,,,,,,,,,,,,,,,,,,,,24,,,,,,0,,,,,,,,,,,,,,,,,,,,,,,,,,,,
2013-12-11,6XW039NA,ST31500541AS,1500301910016,0,,133126148,,,,,,,,0,,,,,,34757,,,,,,,,,,,,,,,,,,,,,,,,,,,,,,17,,,,,,0,,,,,,,,,,,,,,,,,,,,,,,,,,,,
2013-12-11,9VS3HMEB,ST31500341AS,1500301910016,0,,122545360,,,,,,,,10,,,,,,32915,,,,,,,,,,,,,,,,,,,,,,,,,,,,,,24,,,,,,0,,,,,,,,,,,,,,,,,,,,,,,,,,,,
2013-12-11,6XW039NE,ST31500541AS,1500301910016,0,,103411867,,,,,,,,0,,,,,,36433,,,,,,,,,,,,,,,,,,,,,,,,,,,,,,16,,,,,,0,,,,,,,,,,,,,,,,,,,,,,,,,,,,
2013-12-11,Z1F1479Y,ST3000DM001,3000592982016,0,,70945608,,,,,,,,0,,,,,,8022,,,,,,,,,,,,,,,,,,,,,,,,,,,,,,25,,,,,,0,,,,,,,,,,,,,,,,,,,,,,,,,,,,
2013-12-11,6XW039NL,ST31500541AS,1500301910016,0,,197045541,,,,,,,,0,,,,,,35446,,,,,,,,,,,,,,,,,,,,,,,,,,,,,,18,,,,,,0,,,,,,,,,,,,,,,,,,,,,,,,,,,,
2013-12-11,PL1311LAG29XRH,Hitachi HDS5C4040ALE630,4000787030016,0,,0,,,,,,,,0,,,,,,6075,,,,,,,,,,,,,,,,,,,,,,,,,,,,,,19,,,,,,0,,,,,,,,,,,,,,,,,,,,,,,,,,,,
2013-12-11,W300DKK8,ST4000DM000,4000787030016,0,,203445648,,,,,,,,0,,,,,,4289,,,,,,,,,,,,,,,,,,,,,,,,,,,,,,22,,,,,,0,,,,,,,,,,,,,,,,,,,,,,,,,,,,
2013-12-11,5XW2B06Q,ST32000542AS,2000398934016,0,,66022651,,,,,,,,0,,,,,,17227,,,,,,,,,,,,,,,,,,,,,,,,,,,,,,23,,,,,,0,,,,,,,,,,,,,,,,,,,,,,,,,,,,
2013-12-11,JK1131YAHLDGZV,Hitachi HDS722020ALA330,2000398934016,0,,8323103,,,,,,,,0,,,,,,30168,,,,,,,,,,,,,,,,,,,,,,,,,,,,,,29,,,,,,0,,,,,,,,,,,,,,,,,,,,,,,,,,,,
2013-12-11,MJ0351YNG9VWNA,Hitachi HDS5C3030ALA630,3000592982016,0,,1,,,,,,,,0,,,,,,9941,,,,,,,,,,,,,,,,,,,,,,,,,,,,,,27,,,,,,0,,,,,,,,,,,,,,,,,,,,,,,,,,,,
2013-12-11,W1F0X5AC,ST3000DM001,3000592982016,0,,38612536,,,,,,,,0,,,,,,10719,,,,,,,,,,,,,,,,,,,,,,,,,,,,,,21,,,,,,0,,,,,,,,,,,,,,,,,,,,,,,,,,,,
2013-12-11,MK0303YHGJZ6PC,Hitachi HDS723030ALA640,3000592982016,0,,65536,,,,,,,,0,,,,,,21453,,,,,,,,,,,,,,,,,,,,,,,,,,,,,,27,,,,,,0,,,,,,,,,,,,,,,,,,,,,,,,,,,,
2013-12-11,MJ1323YNG1BKNC,Hitachi HDS5C3030ALA630,3000592982016,0,,0,,,,,,,,0,,,,,,19630,,,,,,,,,,,,,,,,,,,,,,,,,,,,,,25,,,,,,0,,,,,,,,,,,,,,,,,,,,,,,,,,,,
2013-12-11,Z300P8X6,ST4000DM000,4000787030016,0,,53269760,,,,,,,,0,,,,,,1231,,,,,,,,,,,,,,,,,,,,,,,,,,,,,,18,,,,,,0,,,,,,,,,,,,,,,,,,,,,,,,,,,,
2013-12-11,S1F0TPJC,ST3000DM001,3000592982016,0,,109359904,,,,,,,,0,,,,,,10538,,,,,,,,,,,,,,,,,,,,,,,,,,,,,,23,,,,,,0,,,,,,,,,,,,,,,,,,,,,,,,,,,,
2013-12-11,Z300P8XA,ST4000DM000,4000787030016,0,,140930016,,,,,,,,0,,,,,,1226,,,,,,,,,,,,,,,,,,,,,,,,,,,,,,23,,,,,,0,,,,,,,,,,,,,,,,,,,,,,,,,,,,
2013-12-11,JK1105B8GEU9SX,Hitachi HDS722020ALA330,2000398934016,0,,131073,,,,,,,,0,,,,,,27170,,,,,,,,,,,,,,,,,,,,,,,,,,,,,,28,,,,,,0,,,,,,,,,,,,,,,,,,,,,,,,,,,,
2013-12-11,JK1170YAJDANDT,Hitachi HDS722020ALA330,2000398934016,0,,8781931,,,,,,,,0,,,,,,28154,,,,,,,,,,,,,,,,,,,,,,,,,,,,,,22,,,,,,0,,,,,,,,,,,,,,,,,,,,,,,,,,,,
2013-12-11,6XW18B9Q,ST32000542AS,2000398934016,0,,166751470,,,,,,,,0,,,,,,13013,,,,,,,,,,,,,,,,,,,,,,,,,,,,,,25,,,,,,0,,,,,,,,,,,,,,,,,,,,,,,,,,,,
2013-12-11,W300BHXM,ST4000DM000,4000787030016,0,,218097688,,,,,,,,0,,,,,,4163,,,,,,,,,,,,,,,,,,,,,,,,,,,,,,20,,,,,,0,,,,,,,,,,,,,,,,,,,,,,,,,,,,
2013-12-11,W1F0X5A9,ST3000DM001,3000592982016,0,,213013136,,,,,,,,0,,,,,,10837,,,,,,,,,,,,,,,,,,,,,,,,,,,,,,26,,,,,,0,,,,,,,,,,,,,,,,,,,,,,,,,,,,
2013-12-11,WD-WCC1T1486227,WDC WD30EFRX,3000592982016,0,,0,,,,,,,,0,,,,,,993,,,,,,,,,,,,,,,,,,,,,,,,,,,,,,22,,,,,,0,,,,,,,,,,,,,,,,,,,,,,,,,,,,
2013-12-11,Z300P8XS,ST4000DM000,4000787030016,0,,52710968,,,,,,,,0,,,,,,1225,,,,,,,,,,,,,,,,,,,,,,,,,,,,,,21,,,,,,0,,,,,,,,,,,,,,,,,,,,,,,,,,,,
2013-12-11,S1F0S65A,ST3000DM001,3000592982016,0,,169781224,,,,,,,,0,,,,,,10837,,,,,,,,,,,,,,,,,,,,,,,,,,,,,,26,,,,,,0,,,,,,,,,,,,,,,,,,,,,,,,,,,,
2013-12-11,9XW06TMJ,ST31500541AS,1500301910016,0,,87312657,,,,,,,,9,,,,,,21338,,,,,,,,,,,,,,,,,,,,,,,,,,,,,,23,,,,,,0,,,,,,,,,,,,,,,,,,,,,,,,,,,,
2013-12-11,MJ1311YNG7LRHA,Hitachi HDS5C3030ALA630,3000592982016,0,,0,,,,,,,,0,,,,,,14291,,,,,,,,,,,,,,,,,,,,,,,,,,,,,,28,,,,,,0,,,,,,,,,,,,,,,,,,,,,,,,,,,,
2013-12-11,9XW01XQC,ST31500541AS,1500301910016,0,,29722088,,,,,,,,0,,,,,,35759,,,,,,,,,,,,,,,,,,,,,,,,,,,,,,19,,,,,,0,,,,,,,,,,,,,,,,,,,,,,,,,,,,
2013-12-11,Z300KCT5,ST4000DM000,4000787030016,0,,24697360,,,,,,,,0,,,,,,2216,,,,,,,,,,,,,,,,,,,,,,,,,,,,,,22,,,,,,0,,,,,,,,,,,,,,,,,,,,,,,,,,,,
2013-12-11,Z300KCT4,ST4000DM000,4000787030016,0,,75565472,,,,,,,,0,,,,,,1848,,,,,,,,,,,,,,,,,,,,,,,,,,,,,,22,,,,,,0,,,,,,,,,,,,,,,,,,,,,,,,,,,,
2013-12-11,S1F0LEB9,ST3000DM001,3000592982016,0,,161706080,,,,,,,,0,,,,,,10942,,,,,,,,,,,,,,,,,,,,,,,,,,,,,,27,,,,,,0,,,,,,,,,,,,,,,,,,,,,,,,,,,,
2013-12-11,S1F10GSG,ST3000DM001,3000592982016,0,,53258296,,,,,,,,0,,,,,,8651,,,,,,,,,,,,,,,,,,,,,,,,,,,,,,28,,,,,,0,,,,,,,,,,,,,,,,,,,,,,,,,,,,
2013-12-11,S1F024Y7,ST3000DM001,3000592982016,0,,55438472,,,,,,,,0,,,,,,12347,,,,,,,,,,,,,,,,,,,,,,,,,,,,,,24,,,,,,0,,,,,,,,,,,,,,,,,,,,,,,,,,,,
2013-12-11,PL1311LAG2BVSH,Hitachi HDS5C4040ALE630,4000787030016,0,,0,,,,,,,,0,,,,,,7401,,,,,,,,,,,,,,,,,,,,,,,,,,,,,,28,,,,,,0,,,,,,,,,,,,,,,,,,,,,,,,,,,,
2013-12-11,MK0333YHGR087C,Hitachi HDS723030ALA640,3000592982016,0,,1,,,,,,,,0,,,,,,17357,,,,,,,,,,,,,,,,,,,,,,,,,,,,,,22,,,,,,0,,,,,,,,,,,,,,,,,,,,,,,,,,,,
2013-12-11,MJ1311YNG3490A,Hitachi HDS5C3030ALA630,3000592982016,0,,0,,,,,,,,0,,,,,,19620,,,,,,,,,,,,,,,,,,,,,,,,,,,,,,25,,,,,,0,,,,,,,,,,,,,,,,,,,,,,,,,,,,
2013-12-11,6XW00FYK,ST31500541AS,1500301910016,0,,227825774,,,,,,,,0,,,,,,37139,,,,,,,,,,,,,,,,,,,,,,,,,,,,,,23,,,,,,0,,,,,,,,,,,,,,,,,,,,,,,,,,,,
2013-12-11,PL1311LAG3EBTH,Hitachi HDS5C4040ALE630,4000787030016,0,,0,,,,,,,,0,,,,,,5921,,,,,,,,,,,,,,,,,,,,,,,,,,,,,,21,,,,,,0,,,,,,,,,,,,,,,,,,,,,,,,,,,,
2013-12-11,JK11A8B9J70W4F,Hitachi HDS722020ALA330,2000398934016,0,,0,,,,,,,,0,,,,,,24544,,,,,,,,,,,,,,,,,,,,,,,,,,,,,,26,,,,,,0,,,,,,,,,,,,,,,,,,,,,,,,,,,,
2013-12-11,WD-WCC070197833,WDC WD30EZRX,3000592982016,0,,7,,,,,,,,0,,,,,,3663,,,,,,,,,,,,,,,,,,,,,,,,,,,,,,19,,,,,,0,,,,,,,,,,,,,,,,,,,,,,,,,,,,
2013-12-11,PL1311LAG3DJ2H,Hitachi HDS5C4040ALE630,4000787030016,0,,0,,,,,,,,0,,,,,,6639,,,,,,,,,,,,,,,,,,,,,,,,,,,,,,28,,,,,,0,,,,,,,,,,,,,,,,,,,,,,,,,,,,
2013-12-11,JK11A8B9GPBXSF,Hitachi HDS722020ALA330,2000398934016,0,,0,,,,,,,,0,,,,,,26492,,,,,,,,,,,,,,,,,,,,,,,,,,,,,,26,,,,,,0,,,,,,,,,,,,,,,,,,,,,,,,,,,,
2013-12-11,MJ1311YNG3EK2A,Hitachi HDS5C3030ALA630,3000592982016,0,,0,,,,,,,,0,,,,,,19251,,,,,,,,,,,,,,,,,,,,,,,,,,,,,,24,,,,,,0,,,,,,,,,,,,,,,,,,,,,,,,,,,,
2013-12-11,JK11A8B9J7PR8F,Hitachi HDS722020ALA330,2000398934016,0,,0,,,,,,,,0,,,,,,24502,,,,,,,,,,,,,,,,,,,,,,,,,,,,,,29,,,,,,0,,,,,,,,,,,,,,,,,,,,,,,,,,,,
2013-12-11,W1F0T6H0,ST3000DM001,3000592982016,0,,100501456,,,,,,,,0,,,,,,11047,,,,,,,,,,,,,,,,,,,,,,,,,,,,,,24,,,,,,0,,,,,,,,,,,,,,,,,,,,,,,,,,,,
2013-12-11,JK11A4B8JR2GRW,Hitachi HDS722020ALA330,2000398934016,0,,0,,,,,,,,0,,,,,,23821,,,,,,,,,,,,,,,,,,,,,,,,,,,,,,35,,,,,,0,,,,,,,,,,,,,,,,,,,,,,,,,,,,
2013-12-11,JK11A8B9J7MTZF,Hitachi HDS722020ALA330,2000398934016,0,,0,,,,,,,,0,,,,,,24914,,,,,,,,,,,,,,,,,,,,,,,,,,,,,,28,,,,,,0,,,,,,,,,,,,,,,,,,,,,,,,,,,,
2013-12-11,MJ1313YNG0ZV5C,Hitachi HDS5C3030ALA630,3000592982016,0,,0,,,,,,,,0,,,,,,21796,,,,,,,,,,,,,,,,,,,,,,,,,,,,,,25,,,,,,0,,,,,,,,,,,,,,,,,,,,,,,,,,,,
2013-12-11,MK0331YHGJLPTA,Hitachi HDS723030ALA640,3000592982016,0,,0,,,,,,,,0,,,,,,17030,,,,,,,,,,,,,,,,,,,,,,,,,,,,,,30,,,,,,0,,,,,,,,,,,,,,,,,,,,,,,,,,,,
2013-12-11,S1F0LEBY,ST3000DM001,3000592982016,0,,77094640,,,,,,,,0,,,,,,12249,,,,,,,,,,,,,,,,,,,,,,,,,,,,,,27,,,,,,0,,,,,,,,,,,,,,,,,,,,,,,,,,,,
2013-12-11,MJ1321YNG14VEA,Hitachi HDS5C3030ALA630,3000592982016,0,,0,,,,,,,,0,,,,,,19802,,,,,,,,,,,,,,,,,,,,,,,,,,,,,,28,,,,,,0,,,,,,,,,,,,,,,,,,,,,,,,,,,,
2013-12-11,S1F0LEBM,ST3000DM001,3000592982016,0,,212840040,,,,,,,,0,,,,,,12172,,,,,,,,,,,,,,,,,,,,,,,,,,,,,,24,,,,,,0,,,,,,,,,,,,,,,,,,,,,,,,,,,,
2013-12-11,6XW03RQB,ST31500541AS,1500301910016,0,,206383137,,,,,,,,0,,,,,,36957,,,,,,,,,,,,,,,,,,,,,,,,,,,,,,23,,,,,,0,,,,,,,,,,,,,,,,,,,,,,,,,,,,
2013-12-11,W3005MSA,ST4000DM000,4000787030016,0,,87660720,,,,,,,,0,,,,,,2893,,,,,,,,,,,,,,,,,,,,,,,,,,,,,,23,,,,,,0,,,,,,,,,,,,,,,,,,,,,,,,,,,,
2013-12-11,S1F024YH,ST3000DM001,3000592982016,0,,184114856,,,,,,,,0,,,,,,16179,,,,,,,,,,,,,,,,,,,,,,,,,,,,,,23,,,,,,0,,,,,,,,,,,,,,,,,,,,,,,,,,,,
2013-12-11,5XW03P39,ST31500541AS,1500301910016,0,,6493696,,,,,,,,0,,,,,,14612,,,,,,,,,,,,,,,,,,,,,,,,,,,,,,23,,,,,,0,,,,,,,,,,,,,,,,,,,,,,,,,,,,
2013-12-11,Z300N1VC,ST4000DM000,4000787030016,0,,36878712,,,,,,,,0,,,,,,1092,,,,,,,,,,,,,,,,,,,,,,,,,,,,,,26,,,,,,0,,,,,,,,,,,,,,,,,,,,,,,,,,,,
2013-12-11,MJ1311YNG7AMHA,Hitachi HDS5C3030ALA630,3000592982016,0,,0,,,,,,,,0,,,,,,14598,,,,,,,,,,,,,,,,,,,,,,,,,,,,,,26,,,,,,0,,,,,,,,,,,,,,,,,,,,,,,,,,,,
2013-12-11,S1F100R5,ST3000DM001,3000592982016,0,,64651744,,,,,,,,0,,,,,,8023,,,,,,,,,,,,,,,,,,,,,,,,,,,,,,25,,,,,,0,,,,,,,,,,,,,,,,,,,,,,,,,,,,
2013-12-11,JK1101B9JP1KUR,Hitachi HDS722020ALA330,2000398934016,0,,0,,,,,,,,0,,,,,,24305,,,,,,,,,,,,,,,,,,,,,,,,,,,,,,28,,,,,,0,,,,,,,,,,,,,,,,,,,,,,,,,,,,
2013-12-11,W300K1N1,ST4000DM000,4000787030016,0,,21897776,,,,,,,,0,,,,,,815,,,,,,,,,,,,,,,,,,,,,,,,,,,,,,21,,,,,,0,,,,,,,,,,,,,,,,,,,,,,,,,,,,
2013-12-11,W300K1N6,ST4000DM000,4000787030016,0,,159475192,,,,,,,,0,,,,,,919,,,,,,,,,,,,,,,,,,,,,,,,,,,,,,18,,,,,,0,,,,,,,,,,,,,,,,,,,,,,,,,,,,
2013-12-11,Z1F0B4XZ,ST3000DM001,3000592982016,0,,177520680,,,,,,,,0,,,,,,10567,,,,,,,,,,,,,,,,,,,,,,,,,,,,,,25,,,,,,0,,,,,,,,,,,,,,,,,,,,,,,,,,,,
2013-12-11,PL2311LAG1WD4C,Hitachi HDS5C4040ALE630,4000787030016,0,,0,,,,,,,,0,,,,,,7757,,,,,,,,,,,,,,,,,,,,,,,,,,,,,,25,,,,,,0,,,,,,,,,,,,,,,,,,,,,,,,,,,,
2013-12-11,WD-WMC1T1184682,WDC WD30EFRX,3000592982016,0,,0,,,,,,,,0,,,,,,7708,,,,,,,,,,,,,,,,,,,,,,,,,,,,,,29,,,,,,0,,,,,,,,,,,,,,,,,,,,,,,,,,,,
2013-12-11,JK11A8B9J7MHEF,Hitachi HDS722020ALA330,2000398934016,0,,1,,,,,,,,0,,,,,,22298,,,,,,,,,,,,,,,,,,,,,,,,,,,,,,32,,,,,,0,,,,,,,,,,,,,,,,,,,,,,,,,,,,
2013-12-11,MK0311YHGK6U4A,Hitachi HDS723030ALA640,3000592982016,0,,0,,,,,,,,0,,,,,,16077,,,,,,,,,,,,,,,,,,,,,,,,,,,,,,30,,,,,,0,,,,,,,,,,,,,,,,,,,,,,,,,,,,
2013-12-11,MK0301YHGKRY8A,Hitachi HDS723030ALA640,3000592982016,0,,0,,,,,,,,0,,,,,,17036,,,,,,,,,,,,,,,,,,,,,,,,,,,,,,29,,,,,,0,,,,,,,,,,,,,,,,,,,,,,,,,,,,
2013-12-11,WD-WCC070199692,WDC WD30EZRX,3000592982016,0,,0,,,,,,,,0,,,,,,8606,,,,,,,,,,,,,,,,,,,,,,,,,,,,,,24,,,,,,0,,,,,,,,,,,,,,,,,,,,,,,,,,,,
2013-12-11,PL1321LAG3696H,Hitachi HDS5C4040ALE630,4000787030016,0,,0,,,,,,,,0,,,,,,6071,,,,,,,,,,,,,,,,,,,,,,,,,,,,,,18,,,,,,0,,,,,,,,,,,,,,,,,,,,,,,,,,,,
2013-12-11,JK11A4B8JR3ZSW,Hitachi HDS722020ALA330,2000398934016,0,,1,,,,,,,,13,,,,,,23823,,,,,,,,,,,,,,,,,,,,,,,,,,,,,,23,,,,,,0,,,,,,,,,,,,,,,,,,,,,,,,,,,,
2013-12-11,S1F02WDK,ST3000DM001,3000592982016,0,,46005272,,,,,,,,0,,,,,,15572,,,,,,,,,,,,,,,,,,,,,,,,,,,,,,20,,,,,,8,,,,,,,,,,,,,,,,,,,,,,,,,,,,
2013-12-11,JK11A8B9J2UAZF,Hitachi HDS722020ALA330,2000398934016,0,,65536,,,,,,,,0,,,,,,24462,,,,,,,,,,,,,,,,,,,,,,,,,,,,,,23,,,,,,0,,,,,,,,,,,,,,,,,,,,,,,,,,,,
2013-12-11,W300K1NJ,ST4000DM000,4000787030016,0,,103318136,,,,,,,,0,,,,,,919,,,,,,,,,,,,,,,,,,,,,,,,,,,,,,18,,,,,,0,,,,,,,,,,,,,,,,,,,,,,,,,,,,
2013-12-11,6XW019FL,ST31500541AS,1500301910016,0,,64771494,,,,,,,,0,,,,,,37161,,,,,,,,,,,,,,,,,,,,,,,,,,,,,,24,,,,,,0,,,,,,,,,,,,,,,,,,,,,,,,,,,,
2013-12-11,S1F048XQ,ST3000DM001,3000592982016,0,,211005488,,,,,,,,0,,,,,,16198,,,,,,,,,,,,,,,,,,,,,,,,,,,,,,27,,,,,,0,,,,,,,,,,,,,,,,,,,,,,,,,,,,
2013-12-11,9XW02HF6,ST31500541AS,1500301910016,0,,78358977,,,,,,,,0,,,,,,33334,,,,,,,,,,,,,,,,,,,,,,,,,,,,,,20,,,,,,0,,,,,,,,,,,,,,,,,,,,,,,,,,,,
2013-12-11,Z1F0305G,ST3000DM001,3000592982016,0,,174150992,,,,,,,,0,,,,,,10402,,,,,,,,,,,,,,,,,,,,,,,,,,,,,,24,,,,,,0,,,,,,,,,,,,,,,,,,,,,,,,,,,,
2013-12-11,Z3005P3M,ST4000DM000,4000787030016,0,,120079448,,,,,,,,0,,,,,,5417,,,,,,,,,,,,,,,,,,,,,,,,,,,,,,22,,,,,,0,,,,,,,,,,,,,,,,,,,,,,,,,,,,
2013-12-11,WD-WCC070196875,WDC WD30EZRX,3000592982016,0,,0,,,,,,,,0,,,,,,8611,,,,,,,,,,,,,,,,,,,,,,,,,,,,,,25,,,,,,0,,,,,,,,,,,,,,,,,,,,,,,,,,,,
2013-12-11,MJ0351YNG9XXBA,Hitachi HDS5C3030ALA630,3000592982016,0,,0,,,,,,,,0,,,,,,9525,,,,,,,,,,,,,,,,,,,,,,,,,,,,,,33,,,,,,0,,,,,,,,,,,,,,,,,,,,,,,,,,,,
2013-12-11,W30090EN,ST4000DM000,4000787030016,0,,46902512,,,,,,,,0,,,,,,2248,,,,,,,,,,,,,,,,,,,,,,,,,,,,,,22,,,,,,0,,,,,,,,,,,,,,,,,,,,,,,,,,,,
2013-12-11,WD-WCC070199521,WDC WD30EZRX,3000592982016,0,,0,,,,,,,,0,,,,,,8604,,,,,,,,,,,,,,,,,,,,,,,,,,,,,,25,,,,,,4,,,,,,,,,,,,,,,,,,,,,,,,,,,,
2013-12-11,W3000829,ST4000DM000,4000787030016,0,,142830192,,,,,,,,0,,,,,,2385,,,,,,,,,,,,,,,,,,,,,,,,,,,,,,25,,,,,,0,,,,,,,,,,,,,,,,,,,,,,,,,,,,
2013-12-11,WD-WCAWZ0503493,WDC WD30EZRX,3000592982016,0,,0,,,,,,,,0,,,,,,16998,,,,,,,,,,,,,,,,,,,,,,,,,,,,,,23,,,,,,0,,,,,,,,,,,,,,,,,,,,,,,,,,,,
2013-12-11,S1F049ZW,ST3000DM001,3000592982016,0,,223760688,,,,,,,,0,,,,,,16151,,,,,,,,,,,,,,,,,,,,,,,,,,,,,,23,,,,,,0,,,,,,,,,,,,,,,,,,,,,,,,,,,,
2013-12-11,S1F02DZ2,ST3000DM001,3000592982016,0,,173979008,,,,,,,,0,,,,,,15344,,,,,,,,,,,,,,,,,,,,,,,,,,,,,,27,,,,,,0,,,,,,,,,,,,,,,,,,,,,,,,,,,,
2013-12-11,Z3001005,ST4000DM000,4000787030016,0,,143707128,,,,,,,,0,,,,,,5358,,,,,,,,,,,,,,,,,,,,,,,,,,,,,,21,,,,,,0,,,,,,,,,,,,,,,,,,,,,,,,,,,,
2013-12-11,PL1321LAG345XH,Hitachi HDS5C4040ALE630,4000787030016,0,,0,,,,,,,,0,,,,,,6648,,,,,,,,,,,,,,,,,,,,,,,,,,,,,,23,,,,,,0,,,,,,,,,,,,,,,,,,,,,,,,,,,,
2013-12-11,Z300CM90,ST4000DM000,4000787030016,0,,116876256,,,,,,,,0,,,,,,2219,,,,,,,,,,,,,,,,,,,,,,,,,,,,,,24,,,,,,0,,,,,,,,,,,,,,,,,,,,,,,,,,,,
2013-12-11,Z300MEDP,ST4000DM000,4000787030016,0,,36344880,,,,,,,,0,,,,,,2844,,,,,,,,,,,,,,,,,,,,,,,,,,,,,,25,,,,,,0,,,,,,,,,,,,,,,,,,,,,,,,,,,,
2013-12-11,MJ1311YNG0X2EA,Hitachi HDS5C3030ALA630,3000592982016,0,,0,,,,,,,,0,,,,,,18363,,,,,,,,,,,,,,,,,,,,,,,,,,,,,,27,,,,,,0,,,,,,,,,,,,,,,,,,,,,,,,,,,,
2013-12-11,MJ1311YNG3GSUA,Hitachi HDS5C3030ALA630,3000592982016,0,,0,,,,,,,,0,,,,,,19587,,,,,,,,,,,,,,,,,,,,,,,,,,,,,,24,,,,,,0,,,,,,,,,,,,,,,,,,,,,,,,,,,,
2013-12-11,PL1321LAG346NH,Hitachi HDS5C4040ALE630,4000787030016,0,,0,,,,,,,,0,,,,,,5958,,,,,,,,,,,,,,,,,,,,,,,,,,,,,,23,,,,,,0,,,,,,,,,,,,,,,,,,,,,,,,,,,,
2013-12-11,PL1321LAG327DH,Hitachi HDS5C4040ALE630,4000787030016,0,,0,,,,,,,,5,,,,,,6619,,,,,,,,,,,,,,,,,,,,,,,,,,,,,,24,,,,,,8,,,,,,,,,,,,,,,,,,,,,,,,,,,,
2013-12-11,6XW12757,ST32000542AS,2000398934016,0,,142006195,,,,,,,,0,,,,,,31707,,,,,,,,,,,,,,,,,,,,,,,,,,,,,,26,,,,,,0,,,,,,,,,,,,,,,,,,,,,,,,,,,,
2013-12-11,MJ1321YNG0H2AA,Hitachi HDS5C3030ALA630,3000592982016,0,,0,,,,,,,,0,,,,,,20498,,,,,,,,,,,,,,,,,,,,,,,,,,,,,,28,,,,,,0,,,,,,,,,,,,,,,,,,,,,,,,,,,,
2013-12-11,JK1101B9J1NX0F,Hitachi HDS722020ALA330,2000398934016,0,,0,,,,,,,,0,,,,,,24213,,,,,,,,,,,,,,,,,,,,,,,,,,,,,,25,,,,,,0,,,,,,,,,,,,,,,,,,,,,,,,,,,,
2013-12-11,6XW0VJNQ,ST31500541AS,1500301910016,0,,162930560,,,,,,,,0,,,,,,33857,,,,,,,,,,,,,,,,,,,,,,,,,,,,,,22,,,,,,0,,,,,,,,,,,,,,,,,,,,,,,,,,,,
2013-12-11,PL1311LAG3818H,Hitachi HDS5C4040ALE630,4000787030016,0,,0,,,,,,,,0,,,,,,5058,,,,,,,,,,,,,,,,,,,,,,,,,,,,,,32,,,,,,0,,,,,,,,,,,,,,,,,,,,,,,,,,,,
2013-12-11,W1F09A60,ST3000DM001,3000592982016,0,,140879344,,,,,,,,0,,,,,,14707,,,,,,,,,,,,,,,,,,,,,,,,,,,,,,24,,,,,,0,,,,,,,,,,,,,,,,,,,,,,,,,,,,
2013-12-11,JK11A8B9J2SNYF,Hitachi HDS722020ALA330,2000398934016,0,,0,,,,,,,,0,,,,,,24398,,,,,,,,,,,,,,,,,,,,,,,,,,,,,,32,,,,,,0,,,,,,,,,,,,,,,,,,,,,,,,,,,,
2013-12-11,WD-WCAWZ0212055,WDC WD30EZRS,3000592982016,0,,0,,,,,,,,0,,,,,,13021,,,,,,,,,,,,,,,,,,,,,,,,,,,,,,26,,,,,,0,,,,,,,,,,,,,,,,,,,,,,,,,,,,
2013-12-11,JK11A8B9J77MPF,Hitachi HDS722020ALA330,2000398934016,0,,0,,,,,,,,0,,,,,,22702,,,,,,,,,,,,,,,,,,,,,,,,,,,,,,29,,,,,,0,,,,,,,,,,,,,,,,,,,,,,,,,,,,
2013-12-11,S1F0QYX4,ST3000DM001,3000592982016,0,,195698776,,,,,,,,0,,,,,,11613,,,,,,,,,,,,,,,,,,,,,,,,,,,,,,32,,,,,,0,,,,,,,,,,,,,,,,,,,,,,,,,,,,
2013-12-11,S1F0QYX3,ST3000DM001,3000592982016,0,,151538464,,,,,,,,0,,,,,,11684,,,,,,,,,,,,,,,,,,,,,,,,,,,,,,31,,,,,,0,,,,,,,,,,,,,,,,,,,,,,,,,,,,
2013-12-11,WD-WCC1T1243425,WDC WD30EFRX,3000592982016,0,,0,,,,,,,,0,,,,,,1470,,,,,,,,,,,,,,,,,,,,,,,,,,,,,,25,,,,,,0,,,,,,,,,,,,,,,,,,,,,,,,,,,,
2013-12-11,MCE9215Q0730BV,Hitachi HDS5C3030BLE630,3000592982016,0,,0,,,,,,,,0,,,,,,6701,,,,,,,,,,,,,,,,,,,,,,,,,,,,,,21,,,,,,0,,,,,,,,,,,,,,,,,,,,,,,,,,,,
2013-12-11,6XW02A13,ST31500541AS,1500301910016,0,,44344813,,,,,,,,0,,,,,,37052,,,,,,,,,,,,,,,,,,,,,,,,,,,,,,23,,,,,,0,,,,,,,,,,,,,,,,,,,,,,,,,,,,
2013-12-11,W300C10B,ST4000DM000,4000787030016,0,,100540712,,,,,,,,0,,,,,,4136,,,,,,,,,,,,,,,,,,,,,,,,,,,,,,20,,,,,,0,,,,,,,,,,,,,,,,,,,,,,,,,,,,
2013-12-11,MJ1321YNG078RA,Hitachi HDS5C3030ALA630,3000592982016,0,,0,,,,,,,,0,,,,,,20503,,,,,,,,,,,,,,,,,,,,,,,,,,,,,,28,,,,,,0,,,,,,,,,,,,,,,,,,,,,,,,,,,,
2013-12-11,MJ1311YNG2S70A,Hitachi HDS5C3030ALA630,3000592982016,0,,0,,,,,,,,0,,,,,,18066,,,,,,,,,,,,,,,,,,,,,,,,,,,,,,24,,,,,,0,,,,,,,,,,,,,,,,,,,,,,,,,,,,
2013-12-11,JK1105B8JS0J1X,Hitachi HDS722020ALA330,2000398934016,0,,0,,,,,,,,0,,,,,,23320,,,,,,,,,,,,,,,,,,,,,,,,,,,,,,25,,,,,,0,,,,,,,,,,,,,,,,,,,,,,,,,,,,
2013-12-11,6XW0ZT2A,ST31500541AS,1500301910016,0,,73052869,,,,,,,,0,,,,,,30081,,,,,,,,,,,,,,,,,,,,,,,,,,,,,,26,,,,,,0,,,,,,,,,,,,,,,,,,,,,,,,,,,,
2013-12-11,PL1311LAG3BA3H,Hitachi HDS5C4040ALE630,4000787030016,0,,0,,,,,,,,0,,,,,,5670,,,,,,,,,,,,,,,,,,,,,,,,,,,,,,16,,,,,,0,,,,,,,,,,,,,,,,,,,,,,,,,,,,
2013-12-11,Z1F0RGNJ,ST3000DM001,3000592982016,0,,238656864,,,,,,,,0,,,,,,11753,,,,,,,,,,,,,,,,,,,,,,,,,,,,,,28,,,,,,0,,,,,,,,,,,,,,,,,,,,,,,,,,,,
2013-12-11,W300D28F,ST4000DM000,4000787030016,0,,67182824,,,,,,,,0,,,,,,2845,,,,,,,,,,,,,,,,,,,,,,,,,,,,,,28,,,,,,0,,,,,,,,,,,,,,,,,,,,,,,,,,,,
2013-12-11,W3006MJJ,ST4000DM000,4000787030016,0,,77048240,,,,,,,,0,,,,,,2920,,,,,,,,,,,,,,,,,,,,,,,,,,,,,,19,,,,,,0,,,,,,,,,,,,,,,,,,,,,,,,,,,,
2013-12-11,S1F01VLD,ST3000DM001,3000592982016,0,,130463552,,,,,,,,0,,,,,,16176,,,,,,,,,,,,,,,,,,,,,,,,,,,,,,21,,,,,,8,,,,,,,,,,,,,,,,,,,,,,,,,,,,
2013-12-11,PL1331LAGB38PH,Hitachi HDS5C4040ALE630,4000787030016,0,,0,,,,,,,,0,,,,,,2981,,,,,,,,,,,,,,,,,,,,,,,,,,,,,,26,,,,,,0,,,,,,,,,,,,,,,,,,,,,,,,,,,,
2013-12-11,JK1105B8GHK37X,Hitachi HDS722020ALA330,2000398934016,0,,1,,,,,,,,0,,,,,,27167,,,,,,,,,,,,,,,,,,,,,,,,,,,,,,34,,,,,,0,,,,,,,,,,,,,,,,,,,,,,,,,,,,
2013-12-11,MJ0351YNG9U8PA,Hitachi HDS5C3030ALA630,3000592982016,0,,0,,,,,,,,0,,,,,,8661,,,,,,,,,,,,,,,,,,,,,,,,,,,,,,28,,,,,,0,,,,,,,,,,,,,,,,,,,,,,,,,,,,
2013-12-11,PL1331LAG5AWGH,HGST HMS5C4040ALE640,4000787030016,0,,0,,,,,,,,0,,,,,,9401,,,,,,,,,,,,,,,,,,,,,,,,,,,,,,31,,,,,,0,,,,,,,,,,,,,,,,,,,,,,,,,,,,
2013-12-11,MJ0351YNGA3BSA,Hitachi HDS5C3030ALA630,3000592982016,0,,0,,,,,,,,0,,,,,,9132,,,,,,,,,,,,,,,,,,,,,,,,,,,,,,26,,,,,,0,,,,,,,,,,,,,,,,,,,,,,,,,,,,
2013-12-11,JK11A8B9J857DF,Hitachi HDS722020ALA330,2000398934016,0,,0,,,,,,,,0,,,,,,26004,,,,,,,,,,,,,,,,,,,,,,,,,,,,,,23,,,,,,0,,,,,,,,,,,,,,,,,,,,,,,,,,,,
2013-12-11,PL1311LAG275RA,Hitachi HDS5C4040ALE630,4000787030016,0,,0,,,,,,,,0,,,,,,7435,,,,,,,,,,,,,,,,,,,,,,,,,,,,,,26,,,,,,0,,,,,,,,,,,,,,,,,,,,,,,,,,,,
2013-12-11,MJ1311YNG6TPWA,Hitachi HDS5C3030ALA630,3000592982016,0,,0,,,,,,,,0,,,,,,14685,,,,,,,,,,,,,,,,,,,,,,,,,,,,,,20,,,,,,0,,,,,,,,,,,,,,,,,,,,,,,,,,,,
2013-12-11,Z290PFV7,ST33000651AS,3000592982016,0,,121754974,,,,,,,,0,,,,,,15604,,,,,,,,,,,,,,,,,,,,,,,,,,,,,,24,,,,,,0,,,,,,,,,,,,,,,,,,,,,,,,,,,,
2013-12-11,W1F095BT,ST3000DM001,3000592982016,0,,126008312,,,,,,,,0,,,,,,13372,,,,,,,,,,,,,,,,,,,,,,,,,,,,,,23,,,,,,8,,,,,,,,,,,,,,,,,,,,,,,,,,,,
2013-12-11,MJ1323YNG1PN0C,Hitachi HDS5C3030ALA630,3000592982016,0,,0,,,,,,,,0,,,,,,19770,,,,,,,,,,,,,,,,,,,,,,,,,,,,,,24,,,,,,0,,,,,,,,,,,,,,,,,,,,,,,,,,,,
2013-12-11,MJ0351YNG9Z5XA,Hitachi HDS5C3030ALA630,3000592982016,0,,0,,,,,,,,0,,,,,,9524,,,,,,,,,,,,,,,,,,,,,,,,,,,,,,34,,,,,,0,,,,,,,,,,,,,,,,,,,,,,,,,,,,
2013-12-11,JK1101B9J29XYL,Hitachi HDS722020ALA330,2000398934016,0,,1,,,,,,,,31,,,,,,22703,,,,,,,,,,,,,,,,,,,,,,,,,,,,,,29,,,,,,1,,,,,,,,,,,,,,,,,,,,,,,,,,,,
2013-12-11,WD-WCAU47261861,WDC WD10EADS,1000204886016,0,,1,,,,,,,,0,,,,,,40909,,,,,,,,,,,,,,,,,,,,,,,,,,,,,,29,,,,,,0,,,,,,,,,,,,,,,,,,,,,,,,,,,,
2013-12-11,PL1321LAG31X7H,Hitachi HDS5C4040ALE630,4000787030016,0,,0,,,,,,,,0,,,,,,6568,,,,,,,,,,,,,,,,,,,,,,,,,,,,,,30,,,,,,0,,,,,,,,,,,,,,,,,,,,,,,,,,,,
2013-12-11,JK11A8B9JR1E9F,Hitachi HDS722020ALA330,2000398934016,0,,0,,,,,,,,5,,,,,,24112,,,,,,,,,,,,,,,,,,,,,,,,,,,,,,25,,,,,,0,,,,,,,,,,,,,,,,,,,,,,,,,,,,
2013-12-11,Z300K10V,ST4000DM000,4000787030016,0,,176917040,,,,,,,,0,,,,,,2258,,,,,,,,,,,,,,,,,,,,,,,,,,,,,,20,,,,,,0,,,,,,,,,,,,,,,,,,,,,,,,,,,,
2013-12-11,JK1101B9JKZR8F,Hitachi HDS722020ALA330,2000398934016,0,,0,,,,,,,,0,,,,,,23946,,,,,,,,,,,,,,,,,,,,,,,,,,,,,,27,,,,,,0,,,,,,,,,,,,,,,,,,,,,,,,,,,,
2013-12-11,S1F0QXVD,ST3000DM001,3000592982016,0,,24057184,,,,,,,,0,,,,,,11638,,,,,,,,,,,,,,,,,,,,,,,,,,,,,,24,,,,,,0,,,,,,,,,,,,,,,,,,,,,,,,,,,,
2013-12-11,W300D3DM,ST4000DM000,4000787030016,0,,241064104,,,,,,,,0,,,,,,3328,,,,,,,,,,,,,,,,,,,,,,,,,,,,,,17,,,,,,0,,,,,,,,,,,,,,,,,,,,,,,,,,,,
2013-12-11,Z1Z06G0S,ST4000DX000,4000787030016,0,,133011307,,,,,,,,0,,,,,,5037,,,,,,,,,,,,,,,,,,,,,,,,,,,,,,33,,,,,,0,,,,,,,,,,,,,,,,,,,,,,,,,,,,
2013-12-11,MJ0351YNG9UREA,Hitachi HDS5C3030ALA630,3000592982016,0,,0,,,,,,,,0,,,,,,9483,,,,,,,,,,,,,,,,,,,,,,,,,,,,,,29,,,,,,0,,,,,,,,,,,,,,,,,,,,,,,,,,,,
2013-12-11,JK1171YAK1VM8N,Hitachi HDS722020ALA330,2000398934016,0,,0,,,,,,,,0,,,,,,29018,,,,,,,,,,,,,,,,,,,,,,,,,,,,,,27,,,,,,0,,,,,,,,,,,,,,,,,,,,,,,,,,,,
2013-12-11,PL1311LAG2EDUH,Hitachi HDS5C4040ALE630,4000787030016,0,,0,,,,,,,,0,,,,,,7419,,,,,,,,,,,,,,,,,,,,,,,,,,,,,,21,,,,,,0,,,,,,,,,,,,,,,,,,,,,,,,,,,,
2013-12-11,Z1F0LSKL,ST3000DM001,3000592982016,0,,62382408,,,,,,,,0,,,,,,3481,,,,,,,,,,,,,,,,,,,,,,,,,,,,,,27,,,,,,0,,,,,,,,,,,,,,,,,,,,,,,,,,,,
2013-12-11,MJ0351YNGA8NDA,Hitachi HDS5C3030ALA630,3000592982016,0,,0,,,,,,,,0,,,,,,8617,,,,,,,,,,,,,,,,,,,,,,,,,,,,,,27,,,,,,0,,,,,,,,,,,,,,,,,,,,,,,,,,,,
2013-12-11,W300D3DW,ST4000DM000,4000787030016,0,,36147808,,,,,,,,0,,,,,,4047,,,,,,,,,,,,,,,,,,,,,,,,,,,,,,22,,,,,,0,,,,,,,,,,,,,,,,,,,,,,,,,,,,
2013-12-11,9XW01VH4,ST31500541AS,1500301910016,0,,211531392,,,,,,,,0,,,,,,35747,,,,,,,,,,,,,,,,,,,,,,,,,,,,,,22,,,,,,0,,,,,,,,,,,,,,,,,,,,,,,,,,,,
2013-12-11,JK11A8B9J3847F,Hitachi HDS722020ALA330,2000398934016,0,,65536,,,,,,,,0,,,,,,23829,,,,,,,,,,,,,,,,,,,,,,,,,,,,,,25,,,,,,0,,,,,,,,,,,,,,,,,,,,,,,,,,,,
2013-12-11,WD-WCC1T1089795,WDC WD30EFRX,3000592982016,0,,1,,,,,,,,0,,,,,,2123,,,,,,,,,,,,,,,,,,,,,,,,,,,,,,24,,,,,,1,,,,,,,,,,,,,,,,,,,,,,,,,,,,
2013-12-11,WD-WCC1T1264401,WDC WD30EFRX,3000592982016,0,,0,,,,,,,,0,,,,,,845,,,,,,,,,,,,,,,,,,,,,,,,,,,,,,26,,,,,,0,,,,,,,,,,,,,,,,,,,,,,,,,,,,
2013-12-11,6XW0BS9W,ST320005XXXX,2000398934016,0,,9870257,,,,,,,,0,,,,,,29395,,,,,,,,,,,,,,,,,,,,,,,,,,,,,,31,,,,,,0,,,,,,,,,,,,,,,,,,,,,,,,,,,,
2013-12-11,PL1311LAG1JY8A,Hitachi HDS5C4040ALE630,4000787030016,0,,0,,,,,,,,0,,,,,,7462,,,,,,,,,,,,,,,,,,,,,,,,,,,,,,26,,,,,,0,,,,,,,,,,,,,,,,,,,,,,,,,,,,
2013-12-11,JK1101B9JNEH6R,Hitachi HDS722020ALA330,2000398934016,0,,0,,,,,,,,0,,,,,,24426,,,,,,,,,,,,,,,,,,,,,,,,,,,,,,29,,,,,,0,,,,,,,,,,,,,,,,,,,,,,,,,,,,
2013-12-11,MK0301YHHMLG4A,Hitachi HDS723030ALA640,3000592982016,0,,0,,,,,,,,0,,,,,,7036,,,,,,,,,,,,,,,,,,,,,,,,,,,,,,29,,,,,,0,,,,,,,,,,,,,,,,,,,,,,,,,,,,
2013-12-11,WD-WCAWZ0974262,WDC WD30EZRX,3000592982016,0,,0,,,,,,,,0,,,,,,9363,,,,,,,,,,,,,,,,,,,,,,,,,,,,,,24,,,,,,0,,,,,,,,,,,,,,,,,,,,,,,,,,,,
2013-12-11,S1F069JR,ST3000DM001,3000592982016,0,,131873184,,,,,,,,0,,,,,,12361,,,,,,,,,,,,,,,,,,,,,,,,,,,,,,26,,,,,,0,,,,,,,,,,,,,,,,,,,,,,,,,,,,
2013-12-11,MK0331YHGPB1UA,Hitachi HDS723030ALA640,3000592982016,0,,0,,,,,,,,0,,,,,,17754,,,,,,,,,,,,,,,,,,,,,,,,,,,,,,24,,,,,,0,,,,,,,,,,,,,,,,,,,,,,,,,,,,
2013-12-11,Z1F0LJTD,ST3000DM001,3000592982016,0,,110530872,,,,,,,,0,,,,,,12170,,,,,,,,,,,,,,,,,,,,,,,,,,,,,,22,,,,,,0,,,,,,,,,,,,,,,,,,,,,,,,,,,,
2013-12-11,MJ1323YNG1TV5C,Hitachi HDS5C3030ALA630,3000592982016,0,,0,,,,,,,,0,,,,,,19310,,,,,,,,,,,,,,,,,,,,,,,,,,,,,,29,,,,,,0,,,,,,,,,,,,,,,,,,,,,,,,,,,,
2013-12-11,5XW0NC7W,ST32000542AS,2000398934016,0,,160988260,,,,,,,,0,,,,,,15217,,,,,,,,,,,,,,,,,,,,,,,,,,,,,,20,,,,,,0,,,,,,,,,,,,,,,,,,,,,,,,,,,,
2013-12-11,JK11A8B9J7BLJF,Hitachi HDS722020ALA330,2000398934016,0,,0,,,,,,,,0,,,,,,23122,,,,,,,,,,,,,,,,,,,,,,,,,,,,,,25,,,,,,0,,,,,,,,,,,,,,,,,,,,,,,,,,,,
2013-12-11,W300CSSV,ST4000DM000,4000787030016,0,,39405824,,,,,,,,0,,,,,,4140,,,,,,,,,,,,,,,,,,,,,,,,,,,,,,26,,,,,,0,,,,,,,,,,,,,,,,,,,,,,,,,,,,
2013-12-11,W300CSSZ,ST4000DM000,4000787030016,0,,3903464,,,,,,,,0,,,,,,2224,,,,,,,,,,,,,,,,,,,,,,,,,,,,,,24,,,,,,0,,,,,,,,,,,,,,,,,,,,,,,,,,,,
2013-12-11,PL1311LAG3D9GH,Hitachi HDS5C4040ALE630,4000787030016,0,,0,,,,,,,,0,,,,,,5058,,,,,,,,,,,,,,,,,,,,,,,,,,,,,,30,,,,,,0,,,,,,,,,,,,,,,,,,,,,,,,,,,,
2013-12-11,6XW03CBW,ST31500541AS,1500301910016,0,,211542250,,,,,,,,0,,,,,,36069,,,,,,,,,,,,,,,,,,,,,,,,,,,,,,19,,,,,,0,,,,,,,,,,,,,,,,,,,,,,,,,,,,
2013-12-11,PL1311LAG2XAKA,Hitachi HDS5C4040ALE630,4000787030016,0,,0,,,,,,,,0,,,,,,5922,,,,,,,,,,,,,,,,,,,,,,,,,,,,,,18,,,,,,0,,,,,,,,,,,,,,,,,,,,,,,,,,,,
2013-12-11,PL1311LAG2BU9H,Hitachi HDS5C4040ALE630,4000787030016,0,,0,,,,,,,,0,,,,,,7417,,,,,,,,,,,,,,,,,,,,,,,,,,,,,,21,,,,,,0,,,,,,,,,,,,,,,,,,,,,,,,,,,,
2013-12-11,JK11A1YAJH1H3V,Hitachi HDS722020ALA330,2000398934016,0,,0,,,,,,,,0,,,,,,28851,,,,,,,,,,,,,,,,,,,,,,,,,,,,,,30,,,,,,0,,,,,,,,,,,,,,,,,,,,,,,,,,,,
2013-12-11,WD-WCAWZ1218670,WDC WD30EZRX,3000592982016,0,,0,,,,,,,,0,,,,,,16129,,,,,,,,,,,,,,,,,,,,,,,,,,,,,,19,,,,,,1,,,,,,,,,,,,,,,,,,,,,,,,,,,,
2013-12-11,W1F0W376,ST3000DM001,3000592982016,0,,65896664,,,,,,,,0,,,,,,11673,,,,,,,,,,,,,,,,,,,,,,,,,,,,,,25,,,,,,0,,,,,,,,,,,,,,,,,,,,,,,,,,,,
2013-12-11,MJ1311YNG029DA,Hitachi HDS5C3030ALA630,3000592982016,0,,0,,,,,,,,0,,,,,,14600,,,,,,,,,,,,,,,,,,,,,,,,,,,,,,22,,,,,,0,,,,,,,,,,,,,,,,,,,,,,,,,,,,
2013-12-11,5XW0BMBA,ST31500541AS,1500301910016,0,,144162163,,,,,,,,0,,,,,,33257,,,,,,,,,,,,,,,,,,,,,,,,,,,,,,21,,,,,,0,,,,,,,,,,,,,,,,,,,,,,,,,,,,
2013-12-11,Z290T91L,ST33000651AS,3000592982016,0,,1192714,,,,,,,,0,,,,,,17050,,,,,,,,,,,,,,,,,,,,,,,,,,,,,,27,,,,,,0,,,,,,,,,,,,,,,,,,,,,,,,,,,,
2013-12-11,Z300E4YV,ST4000DM000,4000787030016,0,,124253792,,,,,,,,0,,,,,,2240,,,,,,,,,,,,,,,,,,,,,,,,,,,,,,19,,,,,,0,,,,,,,,,,,,,,,,,,,,,,,,,,,,
2013-12-11,Z300E4YP,ST4000DM000,4000787030016,0,,213240328,,,,,,,,0,,,,,,2857,,,,,,,,,,,,,,,,,,,,,,,,,,,,,,23,,,,,,0,,,,,,,,,,,,,,,,,,,,,,,,,,,,
2013-12-11,JK11A8B9J5UL8F,Hitachi HDS722020ALA330,2000398934016,0,,0,,,,,,,,0,,,,,,24497,,,,,,,,,,,,,,,,,,,,,,,,,,,,,,26,,,,,,0,,,,,,,,,,,,,,,,,,,,,,,,,,,,
2013-12-11,MK0313YHGK1Z4C,Hitachi HDS723030ALA640,3000592982016,0,,4128912,,,,,,,,0,,,,,,21458,,,,,,,,,,,,,,,,,,,,,,,,,,,,,,27,,,,,,0,,,,,,,,,,,,,,,,,,,,,,,,,,,,
2013-12-11,MK0311YHGJES1A,Hitachi HDS723030ALA640,3000592982016,0,,1,,,,,,,,0,,,,,,16734,,,,,,,,,,,,,,,,,,,,,,,,,,,,,,25,,,,,,0,,,,,,,,,,,,,,,,,,,,,,,,,,,,
2013-12-11,W1F0FWLG,ST3000DM001,3000592982016,0,,56388336,,,,,,,,0,,,,,,10907,,,,,,,,,,,,,,,,,,,,,,,,,,,,,,27,,,,,,0,,,,,,,,,,,,,,,,,,,,,,,,,,,,
2013-12-11,S1F0CW1Z,ST3000DM001,3000592982016,0,,107853280,,,,,,,,0,,,,,,12363,,,,,,,,,,,,,,,,,,,,,,,,,,,,,,22,,,,,,0,,,,,,,,,,,,,,,,,,,,,,,,,,,,
2013-12-11,MK0311YHGDJE4A,Hitachi HDS723030ALA640,3000592982016,0,,0,,,,,,,,0,,,,,,14732,,,,,,,,,,,,,,,,,,,,,,,,,,,,,,31,,,,,,0,,,,,,,,,,,,,,,,,,,,,,,,,,,,
2013-12-11,W1F0KRWP,ST3000DM001,3000592982016,0,,91888272,,,,,,,,0,,,,,,12025,,,,,,,,,,,,,,,,,,,,,,,,,,,,,,33,,,,,,0,,,,,,,,,,,,,,,,,,,,,,,,,,,,
2013-12-11,JK11A8B9J9HYSF,Hitachi HDS722020ALA330,2000398934016,0,,0,,,,,,,,0,,,,,,24495,,,,,,,,,,,,,,,,,,,,,,,,,,,,,,28,,,,,,0,,,,,,,,,,,,,,,,,,,,,,,,,,,,
2013-12-11,Z300XEJF,ST4000DM000,4000787030016,0,,50769344,,,,,,,,0,,,,,,945,,,,,,,,,,,,,,,,,,,,,,,,,,,,,,24,,,,,,0,,,,,,,,,,,,,,,,,,,,,,,,,,,,
2013-12-11,S1F0CW1J,ST3000DM001,3000592982016,0,,193339672,,,,,,,,0,,,,,,12359,,,,,,,,,,,,,,,,,,,,,,,,,,,,,,24,,,,,,0,,,,,,,,,,,,,,,,,,,,,,,,,,,,
2013-12-11,Z300WWES,ST4000DM000,4000787030016,0,,25841944,,,,,,,,0,,,,,,918,,,,,,,,,,,,,,,,,,,,,,,,,,,,,,20,,,,,,0,,,,,,,,,,,,,,,,,,,,,,,,,,,,
2013-12-11,S1F05PS3,ST3000DM001,3000592982016,0,,116739304,,,,,,,,0,,,,,,12417,,,,,,,,,,,,,,,,,,,,,,,,,,,,,,30,,,,,,0,,,,,,,,,,,,,,,,,,,,,,,,,,,,
2013-12-11,Z1F0LLFZ,ST3000DM001,3000592982016,0,,533416,,,,,,,,0,,,,,,12248,,,,,,,,,,,,,,,,,,,,,,,,,,,,,,26,,,,,,0,,,,,,,,,,,,,,,,,,,,,,,,,,,,
2013-12-11,Z1F0LLFY,ST3000DM001,3000592982016,0,,139168720,,,,,,,,0,,,,,,11654,,,,,,,,,,,,,,,,,,,,,,,,,,,,,,27,,,,,,0,,,,,,,,,,,,,,,,,,,,,,,,,,,,
2013-12-11,S1F0361L,ST3000DM001,3000592982016,0,,197933040,,,,,,,,0,,,,,,15592,,,,,,,,,,,,,,,,,,,,,,,,,,,,,,23,,,,,,0,,,,,,,,,,,,,,,,,,,,,,,,,,,,
2013-12-11,Z300KF9Z,ST4000DM000,4000787030016,0,,62815400,,,,,,,,0,,,,,,1226,,,,,,,,,,,,,,,,,,,,,,,,,,,,,,24,,,,,,0,,,,,,,,,,,,,,,,,,,,,,,,,,,,
2013-12-11,S1F05SSN,ST3000DM001,3000592982016,0,,77643776,,,,,,,,280,,,,,,12345,,,,,,,,,,,,,,,,,,,,,,,,,,,,,,26,,,,,,0,,,,,,,,,,,,,,,,,,,,,,,,,,,,
2013-12-11,JK11A8B9J399GF,Hitachi HDS722020ALA330,2000398934016,0,,65537,,,,,,,,0,,,,,,23819,,,,,,,,,,,,,,,,,,,,,,,,,,,,,,28,,,,,,0,,,,,,,,,,,,,,,,,,,,,,,,,,,,
2013-12-11,Z300KF9M,ST4000DM000,4000787030016,0,,152316776,,,,,,,,0,,,,,,105,,,,,,,,,,,,,,,,,,,,,,,,,,,,,,24,,,,,,0,,,,,,,,,,,,,,,,,,,,,,,,,,,,
2013-12-11,MJ0351YNG9SVEA,Hitachi HDS5C3030ALA630,3000592982016,0,,1,,,,,,,,0,,,,,,7975,,,,,,,,,,,,,,,,,,,,,,,,,,,,,,27,,,,,,0,,,,,,,,,,,,,,,,,,,,,,,,,,,,
2013-12-11,S1F0LBY2,ST3000DM001,3000592982016,0,,116577592,,,,,,,,0,,,,,,12318,,,,,,,,,,,,,,,,,,,,,,,,,,,,,,29,,,,,,0,,,,,,,,,,,,,,,,,,,,,,,,,,,,
2013-12-11,6XW0SG52,ST31500541AS,1500301910016,0,,40553211,,,,,,,,0,,,,,,33856,,,,,,,,,,,,,,,,,,,,,,,,,,,,,,19,,,,,,0,,,,,,,,,,,,,,,,,,,,,,,,,,,,
2013-12-11,PL1311LAG3EH3H,Hitachi HDS5C4040ALE630,4000787030016,0,,0,,,,,,,,0,,,,,,5069,,,,,,,,,,,,,,,,,,,,,,,,,,,,,,25,,,,,,0,,,,,,,,,,,,,,,,,,,,,,,,,,,,
2013-12-11,JK11A1YAJH4D7V,Hitachi HDS722020ALA330,2000398934016,0,,65536,,,,,,,,0,,,,,,28742,,,,,,,,,,,,,,,,,,,,,,,,,,,,,,27,,,,,,0,,,,,,,,,,,,,,,,,,,,,,,,,,,,
2013-12-11,S1F0S3A3,ST3000DM001,3000592982016,0,,177052736,,,,,,,,0,,,,,,10742,,,,,,,,,,,,,,,,,,,,,,,,,,,,,,23,,,,,,0,,,,,,,,,,,,,,,,,,,,,,,,,,,,
2013-12-11,JK11A8B9J93S8F,Hitachi HDS722020ALA330,2000398934016,0,,0,,,,,,,,0,,,,,,24493,,,,,,,,,,,,,,,,,,,,,,,,,,,,,,29,,,,,,0,,,,,,,,,,,,,,,,,,,,,,,,,,,,
2013-12-11,9VS3GNLV,ST31500341AS,1500301910016,0,,105665355,,,,,,,,3,,,,,,32585,,,,,,,,,,,,,,,,,,,,,,,,,,,,,,24,,,,,,0,,,,,,,,,,,,,,,,,,,,,,,,,,,,
2013-12-11,JK11A4B8J6XX5W,Hitachi HDS722020ALA330,2000398934016,0,,13763008,,,,,,,,855,,,,,,25125,,,,,,,,,,,,,,,,,,,,,,,,,,,,,,32,,,,,,8,,,,,,,,,,,,,,,,,,,,,,,,,,,,
2013-12-11,MJ0351YNGA6ZAA,Hitachi HDS5C3030ALA630,3000592982016,0,,0,,,,,,,,0,,,,,,8547,,,,,,,,,,,,,,,,,,,,,,,,,,,,,,28,,,,,,0,,,,,,,,,,,,,,,,,,,,,,,,,,,,
2013-12-11,Z300K9MZ,ST4000DM000,4000787030016,0,,6359344,,,,,,,,0,,,,,,1869,,,,,,,,,,,,,,,,,,,,,,,,,,,,,,26,,,,,,0,,,,,,,,,,,,,,,,,,,,,,,,,,,,
2013-12-11,6XW1DW6E,ST32000542AS,2000398934016,0,,17123041,,,,,,,,0,,,,,,17230,,,,,,,,,,,,,,,,,,,,,,,,,,,,,,20,,,,,,0,,,,,,,,,,,,,,,,,,,,,,,,,,,,
2013-12-11,PL1311LAG2B1BH,Hitachi HDS5C4040ALE630,4000787030016,0,,0,,,,,,,,0,,,,,,6614,,,,,,,,,,,,,,,,,,,,,,,,,,,,,,26,,,,,,0,,,,,,,,,,,,,,,,,,,,,,,,,,,,
2013-12-11,PL1321LAGAYETH,Hitachi HDS5C4040ALE630,4000787030016,0,,0,,,,,,,,0,,,,,,5076,,,,,,,,,,,,,,,,,,,,,,,,,,,,,,24,,,,,,0,,,,,,,,,,,,,,,,,,,,,,,,,,,,
2013-12-11,Z300K9MQ,ST4000DM000,4000787030016,0,,168990544,,,,,,,,0,,,,,,2243,,,,,,,,,,,,,,,,,,,,,,,,,,,,,,20,,,,,,0,,,,,,,,,,,,,,,,,,,,,,,,,,,,
2013-12-11,W1F1B957,ST3000DM001,3000592982016,0,,2571064,,,,,,,,0,,,,,,8175,,,,,,,,,,,,,,,,,,,,,,,,,,,,,,24,,,,,,0,,,,,,,,,,,,,,,,,,,,,,,,,,,,
2013-12-11,WD-WCAU45694292,WDC WD10EADS,1000204886016,0,,9,,,,,,,,0,,,,,,38953,,,,,,,,,,,,,,,,,,,,,,,,,,,,,,25,,,,,,0,,,,,,,,,,,,,,,,,,,,,,,,,,,,
2013-12-11,W1F1CJ27,ST3000DM001,3000592982016,0,,62732072,,,,,,,,0,,,,,,8128,,,,,,,,,,,,,,,,,,,,,,,,,,,,,,22,,,,,,0,,,,,,,,,,,,,,,,,,,,,,,,,,,,
2013-12-11,JK1105B8GB09SX,Hitachi HDS722020ALA330,2000398934016,0,,0,,,,,,,,0,,,,,,26858,,,,,,,,,,,,,,,,,,,,,,,,,,,,,,25,,,,,,0,,,,,,,,,,,,,,,,,,,,,,,,,,,,
2013-12-11,Z1Z05Q75,ST4000DX000,4000787030016,0,,10839829,,,,,,,,0,,,,,,5379,,,,,,,,,,,,,,,,,,,,,,,,,,,,,,22,,,,,,0,,,,,,,,,,,,,,,,,,,,,,,,,,,,
2013-12-11,Z300KF99,ST4000DM000,4000787030016,0,,209709840,,,,,,,,0,,,,,,152,,,,,,,,,,,,,,,,,,,,,,,,,,,,,,24,,,,,,0,,,,,,,,,,,,,,,,,,,,,,,,,,,,
2013-12-11,W300J601,ST4000DM000,4000787030016,0,,145246560,,,,,,,,0,,,,,,2224,,,,,,,,,,,,,,,,,,,,,,,,,,,,,,27,,,,,,0,,,,,,,,,,,,,,,,,,,,,,,,,,,,
2013-12-11,JK11A8B9J3MPSF,Hitachi HDS722020ALA330,2000398934016,0,,65537,,,,,,,,0,,,,,,24216,,,,,,,,,,,,,,,,,,,,,,,,,,,,,,29,,,,,,0,,,,,,,,,,,,,,,,,,,,,,,,,,,,
2013-12-11,W1F08HWK,ST3000DM001,3000592982016,0,,59123728,,,,,,,,0,,,,,,13371,,,,,,,,,,,,,,,,,,,,,,,,,,,,,,24,,,,,,0,,,,,,,,,,,,,,,,,,,,,,,,,,,,
2013-12-11,PL2311LAG1PXXC,Hitachi HDS5C4040ALE630,4000787030016,0,,0,,,,,,,,0,,,,,,7759,,,,,,,,,,,,,,,,,,,,,,,,,,,,,,22,,,,,,0,,,,,,,,,,,,,,,,,,,,,,,,,,,,
2013-12-11,JK11A8B9J33VAF,Hitachi HDS722020ALA330,2000398934016,0,,0,,,,,,,,0,,,,,,24426,,,,,,,,,,,,,,,,,,,,,,,,,,,,,,25,,,,,,0,,,,,,,,,,,,,,,,,,,,,,,,,,,,
2013-12-11,S1F0LBYZ,ST3000DM001,3000592982016,0,,44481240,,,,,,,,0,,,,,,12174,,,,,,,,,,,,,,,,,,,,,,,,,,,,,,33,,,,,,0,,,,,,,,,,,,,,,,,,,,,,,,,,,,
2013-12-11,JK1105B8GDV7AX,Hitachi HDS722020ALA330,2000398934016,0,,0,,,,,,,,0,,,,,,27213,,,,,,,,,,,,,,,,,,,,,,,,,,,,,,27,,,,,,0,,,,,,,,,,,,,,,,,,,,,,,,,,,,
2013-12-11,MJ1323YNG1TNWC,Hitachi HDS5C3030ALA630,3000592982016,0,,0,,,,,,,,0,,,,,,19770,,,,,,,,,,,,,,,,,,,,,,,,,,,,,,24,,,,,,0,,,,,,,,,,,,,,,,,,,,,,,,,,,,
2013-12-11,JK1101B8KNJLGS,Hitachi HDS722020ALA330,2000398934016,0,,0,,,,,,,,0,,,,,,23097,,,,,,,,,,,,,,,,,,,,,,,,,,,,,,31,,,,,,0,,,,,,,,,,,,,,,,,,,,,,,,,,,,
2013-12-11,Z1F0MC8N,ST3000DM001,3000592982016,0,,130875248,,,,,,,,0,,,,,,7013,,,,,,,,,,,,,,,,,,,,,,,,,,,,,,25,,,,,,0,,,,,,,,,,,,,,,,,,,,,,,,,,,,
2013-12-11,W300H5H6,ST4000DM000,4000787030016,0,,127979872,,,,,,,,0,,,,,,920,,,,,,,,,,,,,,,,,,,,,,,,,,,,,,22,,,,,,0,,,,,,,,,,,,,,,,,,,,,,,,,,,,
2013-12-11,JK11A8B9J2YARF,Hitachi HDS722020ALA330,2000398934016,0,,0,,,,,,,,0,,,,,,23709,,,,,,,,,,,,,,,,,,,,,,,,,,,,,,26,,,,,,0,,,,,,,,,,,,,,,,,,,,,,,,,,,,
2013-12-11,JK11A8B9GPHTNF,Hitachi HDS722020ALA330,2000398934016,0,,0,,,,,,,,0,,,,,,26763,,,,,,,,,,,,,,,,,,,,,,,,,,,,,,25,,,,,,0,,,,,,,,,,,,,,,,,,,,,,,,,,,,
2013-12-11,JK1130YAHRP6ZT,Hitachi HDS722020ALA330,2000398934016,0,,458755,,,,,,,,0,,,,,,30171,,,,,,,,,,,,,,,,,,,,,,,,,,,,,,31,,,,,,0,,,,,,,,,,,,,,,,,,,,,,,,,,,,
2013-12-11,JK1101B9JRMPZF,Hitachi HDS722020ALA330,2000398934016,0,,0,,,,,,,,0,,,,,,22214,,,,,,,,,,,,,,,,,,,,,,,,,,,,,,30,,,,,,0,,,,,,,,,,,,,,,,,,,,,,,,,,,,
2013-12-11,JK11A8B9J114SF,Hitachi HDS722020ALA330,2000398934016,0,,0,,,,,,,,0,,,,,,23709,,,,,,,,,,,,,,,,,,,,,,,,,,,,,,31,,,,,,0,,,,,,,,,,,,,,,,,,,,,,,,,,,,
2013-12-11,MJ1311YNG32XNA,Hitachi HDS5C3030ALA630,3000592982016,0,,65536,,,,,,,,0,,,,,,19252,,,,,,,,,,,,,,,,,,,,,,,,,,,,,,23,,,,,,0,,,,,,,,,,,,,,,,,,,,,,,,,,,,
2013-12-11,Z262A7AAS,TOSHIBA DT01ACA300,3000592982016,0,,0,,,,,,,,0,,,,,,6615,,,,,,,,,,,,,,,,,,,,,,,,,,,,,,24,,,,,,0,,,,,,,,,,,,,,,,,,,,,,,,,,,,
2013-12-11,PL1311LAG39V3H,Hitachi HDS5C4040ALE630,4000787030016,0,,0,,,,,,,,0,,,,,,6654,,,,,,,,,,,,,,,,,,,,,,,,,,,,,,22,,,,,,0,,,,,,,,,,,,,,,,,,,,,,,,,,,,
2013-12-11,MJ1321YNG0GPXA,Hitachi HDS5C3030ALA630,3000592982016,0,,0,,,,,,,,0,,,,,,18049,,,,,,,,,,,,,,,,,,,,,,,,,,,,,,24,,,,,,0,,,,,,,,,,,,,,,,,,,,,,,,,,,,
2013-12-11,JK1101B9JP19JR,Hitachi HDS722020ALA330,2000398934016,0,,131072,,,,,,,,0,,,,,,23991,,,,,,,,,,,,,,,,,,,,,,,,,,,,,,34,,,,,,0,,,,,,,,,,,,,,,,,,,,,,,,,,,,
2013-12-11,MJ1323YNG1RXRC,Hitachi HDS5C3030ALA630,3000592982016,0,,0,,,,,,,,0,,,,,,20080,,,,,,,,,,,,,,,,,,,,,,,,,,,,,,33,,,,,,0,,,,,,,,,,,,,,,,,,,,,,,,,,,,
2013-12-11,6XW01KHF,ST31500541AS,1500301910016,0,,77600824,,,,,,,,0,,,,,,37443,,,,,,,,,,,,,,,,,,,,,,,,,,,,,,21,,,,,,0,,,,,,,,,,,,,,,,,,,,,,,,,,,,
2013-12-11,6XW0JMLW,ST31500541AS,1500301910016,0,,69552505,,,,,,,,0,,,,,,27748,,,,,,,,,,,,,,,,,,,,,,,,,,,,,,18,,,,,,0,,,,,,,,,,,,,,,,,,,,,,,,,,,,
2013-12-11,PL1311LAG368GH,Hitachi HDS5C4040ALE630,4000787030016,0,,0,,,,,,,,0,,,,,,3631,,,,,,,,,,,,,,,,,,,,,,,,,,,,,,27,,,,,,0,,,,,,,,,,,,,,,,,,,,,,,,,,,,
2013-12-11,S1F0KGWZ,ST3000DM001,3000592982016,0,,225393712,,,,,,,,0,,,,,,10471,,,,,,,,,,,,,,,,,,,,,,,,,,,,,,27,,,,,,0,,,,,,,,,,,,,,,,,,,,,,,,,,,,
2013-12-11,W1F0WD0J,ST3000DM001,3000592982016,0,,71609808,,,,,,,,0,,,,,,10836,,,,,,,,,,,,,,,,,,,,,,,,,,,,,,30,,,,,,0,,,,,,,,,,,,,,,,,,,,,,,,,,,,
2013-12-11,PL1311LAG38X3H,Hitachi HDS5C4040ALE630,4000787030016,0,,0,,,,,,,,0,,,,,,6641,,,,,,,,,,,,,,,,,,,,,,,,,,,,,,25,,,,,,0,,,,,,,,,,,,,,,,,,,,,,,,,,,,
2013-12-11,JK11A8B9J82AGF,Hitachi HDS722020ALA330,2000398934016,0,,1,,,,,,,,0,,,,,,25539,,,,,,,,,,,,,,,,,,,,,,,,,,,,,,30,,,,,,0,,,,,,,,,,,,,,,,,,,,,,,,,,,,
2013-12-11,Z300NS7E,ST4000DM000,4000787030016,0,,139583672,,,,,,,,0,,,,,,1093,,,,,,,,,,,,,,,,,,,,,,,,,,,,,,26,,,,,,0,,,,,,,,,,,,,,,,,,,,,,,,,,,,
2013-12-11,W300H5HZ,ST4000DM000,4000787030016,0,,126887600,,,,,,,,0,,,,,,948,,,,,,,,,,,,,,,,,,,,,,,,,,,,,,18,,,,,,0,,,,,,,,,,,,,,,,,,,,,,,,,,,,
2013-12-11,W30065AV,ST4000DM000,4000787030016,0,,80492240,,,,,,,,0,,,,,,2876,,,,,,,,,,,,,,,,,,,,,,,,,,,,,,23,,,,,,0,,,,,,,,,,,,,,,,,,,,,,,,,,,,
2013-12-11,WD-WCAU47261784,WDC WD10EADS,1000204886016,0,,0,,,,,,,,0,,,,,,40568,,,,,,,,,,,,,,,,,,,,,,,,,,,,,,23,,,,,,0,,,,,,,,,,,,,,,,,,,,,,,,,,,,
2013-12-11,Z1F08SP1,ST3000DM001,3000592982016,0,,218489000,,,,,,,,0,,,,,,4221,,,,,,,,,,,,,,,,,,,,,,,,,,,,,,23,,,,,,0,,,,,,,,,,,,,,,,,,,,,,,,,,,,
2013-12-11,PL1321LAG349AH,Hitachi HDS5C4040ALE630,4000787030016,0,,0,,,,,,,,0,,,,,,6652,,,,,,,,,,,,,,,,,,,,,,,,,,,,,,20,,,,,,0,,,,,,,,,,,,,,,,,,,,,,,,,,,,
2013-12-11,S1F0PL7D,ST3000DM001,3000592982016,0,,87249000,,,,,,,,0,,,,,,11688,,,,,,,,,,,,,,,,,,,,,,,,,,,,,,24,,,,,,0,,,,,,,,,,,,,,,,,,,,,,,,,,,,
2013-12-11,Z1F0P5W9,ST3000DM001,3000592982016,0,,24302352,,,,,,,,0,,,,,,5530,,,,,,,,,,,,,,,,,,,,,,,,,,,,,,26,,,,,,0,,,,,,,,,,,,,,,,,,,,,,,,,,,,
2013-12-11,PL1311LAG38K2H,Hitachi HDS5C4040ALE630,4000787030016,0,,0,,,,,,,,0,,,,,,5670,,,,,,,,,,,,,,,,,,,,,,,,,,,,,,18,,,,,,0,,,,,,,,,,,,,,,,,,,,,,,,,,,,
2013-12-11,PL1321LAG34ZHH,Hitachi HDS5C4040ALE630,4000787030016,0,,0,,,,,,,,0,,,,,,6618,,,,,,,,,,,,,,,,,,,,,,,,,,,,,,27,,,,,,0,,,,,,,,,,,,,,,,,,,,,,,,,,,,
2013-12-11,Z290Y3EE,ST33000651AS,3000592982016,0,,28334707,,,,,,,,0,,,,,,18074,,,,,,,,,,,,,,,,,,,,,,,,,,,,,,30,,,,,,0,,,,,,,,,,,,,,,,,,,,,,,,,,,,
2013-12-11,MJ0351YNG9YKUA,Hitachi HDS5C3030ALA630,3000592982016,0,,0,,,,,,,,0,,,,,,9938,,,,,,,,,,,,,,,,,,,,,,,,,,,,,,27,,,,,,0,,,,,,,,,,,,,,,,,,,,,,,,,,,,
2013-12-11,WD-WCAU45409845,WDC WD10EADS,1000204886016,0,,1,,,,,,,,0,,,,,,41075,,,,,,,,,,,,,,,,,,,,,,,,,,,,,,24,,,,,,0,,,,,,,,,,,,,,,,,,,,,,,,,,,,
2013-12-11,WD-WCAWZ1153048,WDC WD30EZRX,3000592982016,0,,0,,,,,,,,0,,,,,,16076,,,,,,,,,,,,,,,,,,,,,,,,,,,,,,23,,,,,,0,,,,,,,,,,,,,,,,,,,,,,,,,,,,
2013-12-11,JK11A8B9J3P2YF,Hitachi HDS722020ALA330,2000398934016,0,,0,,,,,,,,0,,,,,,23106,,,,,,,,,,,,,,,,,,,,,,,,,,,,,,24,,,,,,0,,,,,,,,,,,,,,,,,,,,,,,,,,,,
2013-12-11,9XW01L93,ST31500541AS,1500301910016,0,,168811800,,,,,,,,0,,,,,,34744,,,,,,,,,,,,,,,,,,,,,,,,,,,,,,19,,,,,,0,,,,,,,,,,,,,,,,,,,,,,,,,,,,
2013-12-11,S1F05WPY,ST3000DM001,3000592982016,0,,132332320,,,,,,,,0,,,,,,13838,,,,,,,,,,,,,,,,,,,,,,,,,,,,,,24,,,,,,0,,,,,,,,,,,,,,,,,,,,,,,,,,,,
2013-12-11,MJ0351YNGA6B9A,Hitachi HDS5C3030ALA630,3000592982016,0,,0,,,,,,,,0,,,,,,8547,,,,,,,,,,,,,,,,,,,,,,,,,,,,,,30,,,,,,0,,,,,,,,,,,,,,,,,,,,,,,,,,,,
2013-12-11,Z300WK2B,ST4000DM000,4000787030016,0,,134923416,,,,,,,,0,,,,,,109,,,,,,,,,,,,,,,,,,,,,,,,,,,,,,23,,,,,,0,,,,,,,,,,,,,,,,,,,,,,,,,,,,
2013-12-11,MJ0351YNGA03DA,Hitachi HDS5C3030ALA630,3000592982016,0,,0,,,,,,,,0,,,,,,9974,,,,,,,,,,,,,,,,,,,,,,,,,,,,,,29,,,,,,0,,,,,,,,,,,,,,,,,,,,,,,,,,,,
2013-12-11,JK1101B9JNEPNR,Hitachi HDS722020ALA330,2000398934016,0,,0,,,,,,,,0,,,,,,24463,,,,,,,,,,,,,,,,,,,,,,,,,,,,,,28,,,,,,0,,,,,,,,,,,,,,,,,,,,,,,,,,,,
2013-12-11,MK0313YHGAMWGC,Hitachi HDS723030ALA640,3000592982016,0,,0,,,,,,,,0,,,,,,21460,,,,,,,,,,,,,,,,,,,,,,,,,,,,,,23,,,,,,1,,,,,,,,,,,,,,,,,,,,,,,,,,,,
2013-12-11,MJ1311YNG0R2HA,Hitachi HDS5C3030ALA630,3000592982016,0,,0,,,,,,,,0,,,,,,20498,,,,,,,,,,,,,,,,,,,,,,,,,,,,,,32,,,,,,0,,,,,,,,,,,,,,,,,,,,,,,,,,,,
2013-12-11,JK1101B9JJ1E5U,Hitachi HDS722020ALA330,2000398934016,0,,0,,,,,,,,0,,,,,,24099,,,,,,,,,,,,,,,,,,,,,,,,,,,,,,28,,,,,,0,,,,,,,,,,,,,,,,,,,,,,,,,,,,
2013-12-11,S1F05A1K,ST3000DM001,3000592982016,0,,33976504,,,,,,,,656,,,,,,14213,,,,,,,,,,,,,,,,,,,,,,,,,,,,,,20,,,,,,8,,,,,,,,,,,,,,,,,,,,,,,,,,,,
2013-12-11,Z1Z04BWS,ST4000DX000,4000787030016,0,,140542042,,,,,,,,0,,,,,,5077,,,,,,,,,,,,,,,,,,,,,,,,,,,,,,33,,,,,,0,,,,,,,,,,,,,,,,,,,,,,,,,,,,
2013-12-11,PL1321LAGA9KYH,Hitachi HDS5C4040ALE630,4000787030016,0,,0,,,,,,,,0,,,,,,5429,,,,,,,,,,,,,,,,,,,,,,,,,,,,,,24,,,,,,0,,,,,,,,,,,,,,,,,,,,,,,,,,,,
2013-12-11,MJ1311YNG2X3RA,Hitachi HDS5C3030ALA630,3000592982016,0,,0,,,,,,,,0,,,,,,19250,,,,,,,,,,,,,,,,,,,,,,,,,,,,,,25,,,,,,0,,,,,,,,,,,,,,,,,,,,,,,,,,,,
2013-12-11,JK1101B9GEPLVF,Hitachi HDS722020ALA330,2000398934016,0,,2,,,,,,,,0,,,,,,27487,,,,,,,,,,,,,,,,,,,,,,,,,,,,,,23,,,,,,0,,,,,,,,,,,,,,,,,,,,,,,,,,,,
2013-12-11,S1F081JW,ST3000DM001,3000592982016,0,,14540008,,,,,,,,0,,,,,,7854,,,,,,,,,,,,,,,,,,,,,,,,,,,,,,32,,,,,,0,,,,,,,,,,,,,,,,,,,,,,,,,,,,
2013-12-11,WD-WCAU47214551,WDC WD10EADS,1000204886016,0,,0,,,,,,,,0,,,,,,40786,,,,,,,,,,,,,,,,,,,,,,,,,,,,,,28,,,,,,0,,,,,,,,,,,,,,,,,,,,,,,,,,,,
2013-12-11,Z252MWSAS,TOSHIBA DT01ACA300,3000592982016,0,,0,,,,,,,,0,,,,,,6612,,,,,,,,,,,,,,,,,,,,,,,,,,,,,,26,,,,,,0,,,,,,,,,,,,,,,,,,,,,,,,,,,,
2013-12-11,JK1101B9J2UL3F,Hitachi HDS722020ALA330,2000398934016,0,,0,,,,,,,,0,,,,,,24216,,,,,,,,,,,,,,,,,,,,,,,,,,,,,,28,,,,,,0,,,,,,,,,,,,,,,,,,,,,,,,,,,,
2013-12-11,PL1311LAG21K4A,Hitachi HDS5C4040ALE630,4000787030016,0,,0,,,,,,,,0,,,,,,5519,,,,,,,,,,,,,,,,,,,,,,,,,,,,,,28,,,,,,0,,,,,,,,,,,,,,,,,,,,,,,,,,,,
2013-12-11,JK11A8B9K8TMSF,Hitachi HDS722020ALA330,2000398934016,0,,0,,,,,,,,0,,,,,,2336,,,,,,,,,,,,,,,,,,,,,,,,,,,,,,28,,,,,,0,,,,,,,,,,,,,,,,,,,,,,,,,,,,
2013-12-11,W1F0Z588,ST3000DM001,3000592982016,0,,189095520,,,,,,,,0,,,,,,10728,,,,,,,,,,,,,,,,,,,,,,,,,,,,,,24,,,,,,0,,,,,,,,,,,,,,,,,,,,,,,,,,,,
2013-12-11,MJ1311YNG783BA,Hitachi HDS5C3030ALA630,3000592982016,0,,0,,,,,,,,0,,,,,,14597,,,,,,,,,,,,,,,,,,,,,,,,,,,,,,28,,,,,,0,,,,,,,,,,,,,,,,,,,,,,,,,,,,
2013-12-11,JK11A8B9J7A21F,Hitachi HDS722020ALA330,2000398934016,0,,1,,,,,,,,0,,,,,,25583,,,,,,,,,,,,,,,,,,,,,,,,,,,,,,28,,,,,,0,,,,,,,,,,,,,,,,,,,,,,,,,,,,
2013-12-11,PL1321LAG34KAH,Hitachi HDS5C4040ALE630,4000787030016,0,,0,,,,,,,,0,,,,,,6616,,,,,,,,,,,,,,,,,,,,,,,,,,,,,,27,,,,,,0,,,,,,,,,,,,,,,,,,,,,,,,,,,,
2013-12-11,Z1F0FTCK,ST3000DM001,3000592982016,0,,117884912,,,,,,,,0,,,,,,3168,,,,,,,,,,,,,,,,,,,,,,,,,,,,,,24,,,,,,0,,,,,,,,,,,,,,,,,,,,,,,,,,,,
2013-12-11,JK1170YAJDAJ1T,Hitachi HDS722020ALA330,2000398934016,0,,0,,,,,,,,0,,,,,,28155,,,,,,,,,,,,,,,,,,,,,,,,,,,,,,23,,,,,,0,,,,,,,,,,,,,,,,,,,,,,,,,,,,
2013-12-11,MJ0351YNG9T3GA,Hitachi HDS5C3030ALA630,3000592982016,0,,0,,,,,,,,0,,,,,,8214,,,,,,,,,,,,,,,,,,,,,,,,,,,,,,29,,,,,,0,,,,,,,,,,,,,,,,,,,,,,,,,,,,
2013-12-11,JK11A1YAJHB70V,Hitachi HDS722020ALA330,2000398934016,0,,65536,,,,,,,,0,,,,,,28972,,,,,,,,,,,,,,,,,,,,,,,,,,,,,,29,,,,,,0,,,,,,,,,,,,,,,,,,,,,,,,,,,,
2013-12-11,WD-WCAV59387850,WDC WD10EADS,1000204886016,0,,0,,,,,,,,0,,,,,,19101,,,,,,,,,,,,,,,,,,,,,,,,,,,,,,27,,,,,,0,,,,,,,,,,,,,,,,,,,,,,,,,,,,
2013-12-11,MJ0351YNG9KS0A,Hitachi HDS5C3030ALA630,3000592982016,0,,0,,,,,,,,0,,,,,,9672,,,,,,,,,,,,,,,,,,,,,,,,,,,,,,29,,,,,,0,,,,,,,,,,,,,,,,,,,,,,,,,,,,
2013-12-11,S1F0BQZK,ST3000DM001,3000592982016,0,,174663784,,,,,,,,0,,,,,,12366,,,,,,,,,,,,,,,,,,,,,,,,,,,,,,22,,,,,,0,,,,,,,,,,,,,,,,,,,,,,,,,,,,
2013-12-11,JK1105B8GG4KGX,Hitachi HDS722020ALA330,2000398934016,0,,65536,,,,,,,,0,,,,,,26859,,,,,,,,,,,,,,,,,,,,,,,,,,,,,,34,,,,,,0,,,,,,,,,,,,,,,,,,,,,,,,,,,,
2013-12-11,MJ0351YNG9YXPA,Hitachi HDS5C3030ALA630,3000592982016,0,,0,,,,,,,,0,,,,,,9146,,,,,,,,,,,,,,,,,,,,,,,,,,,,,,30,,,,,,0,,,,,,,,,,,,,,,,,,,,,,,,,,,,
2013-12-11,S1F0TQG7,ST3000DM001,3000592982016,0,,150386184,,,,,,,,0,,,,,,10502,,,,,,,,,,,,,,,,,,,,,,,,,,,,,,24,,,,,,0,,,,,,,,,,,,,,,,,,,,,,,,,,,,
2013-12-11,MJ1323YNG1G77C,Hitachi HDS5C3030ALA630,3000592982016,0,,0,,,,,,,,0,,,,,,19633,,,,,,,,,,,,,,,,,,,,,,,,,,,,,,23,,,,,,0,,,,,,,,,,,,,,,,,,,,,,,,,,,,
2013-12-11,Z300NKJ6,ST4000DM000,4000787030016,0,,184441328,,,,,,,,0,,,,,,1093,,,,,,,,,,,,,,,,,,,,,,,,,,,,,,28,,,,,,0,,,,,,,,,,,,,,,,,,,,,,,,,,,,
2013-12-11,PL1311LAG299NH,Hitachi HDS5C4040ALE630,4000787030016,0,,0,,,,,,,,0,,,,,,7415,,,,,,,,,,,,,,,,,,,,,,,,,,,,,,23,,,,,,0,,,,,,,,,,,,,,,,,,,,,,,,,,,,
2013-12-11,PL1311LAG3EA5H,Hitachi HDS5C4040ALE630,4000787030016,0,,0,,,,,,,,0,,,,,,6655,,,,,,,,,,,,,,,,,,,,,,,,,,,,,,21,,,,,,0,,,,,,,,,,,,,,,,,,,,,,,,,,,,
2013-12-11,JK11A8B9J8SR3F,Hitachi HDS722020ALA330,2000398934016,0,,0,,,,,,,,0,,,,,,25539,,,,,,,,,,,,,,,,,,,,,,,,,,,,,,25,,,,,,0,,,,,,,,,,,,,,,,,,,,,,,,,,,,
2013-12-11,Z1F06B1F,ST3000DM001,3000592982016,0,,200671056,,,,,,,,0,,,,,,14732,,,,,,,,,,,,,,,,,,,,,,,,,,,,,,21,,,,,,0,,,,,,,,,,,,,,,,,,,,,,,,,,,,
2013-12-11,PL1311LAG2B61H,Hitachi HDS5C4040ALE630,4000787030016,0,,0,,,,,,,,0,,,,,,7385,,,,,,,,,,,,,,,,,,,,,,,,,,,,,,27,,,,,,0,,,,,,,,,,,,,,,,,,,,,,,,,,,,
2013-12-11,PL1321LAG3590H,Hitachi HDS5C4040ALE630,4000787030016,0,,0,,,,,,,,0,,,,,,6650,,,,,,,,,,,,,,,,,,,,,,,,,,,,,,25,,,,,,0,,,,,,,,,,,,,,,,,,,,,,,,,,,,
2013-12-11,PL1311LAG2H6AA,Hitachi HDS5C4040ALE630,4000787030016,0,,0,,,,,,,,0,,,,,,5961,,,,,,,,,,,,,,,,,,,,,,,,,,,,,,21,,,,,,0,,,,,,,,,,,,,,,,,,,,,,,,,,,,
2013-12-11,Z300NKJT,ST4000DM000,4000787030016,0,,167042104,,,,,,,,0,,,,,,1093,,,,,,,,,,,,,,,,,,,,,,,,,,,,,,28,,,,,,0,,,,,,,,,,,,,,,,,,,,,,,,,,,,
2013-12-11,WD-WMAWZ0054824,WDC WD30EZRS,3000592982016,0,,130267,,,,,,,,0,,,,,,10911,,,,,,,,,,,,,,,,,,,,,,,,,,,,,,22,,,,,,1083,,,,,,,,,,,,,,,,,,,,,,,,,,,,
2013-12-11,Z290S95Z,ST33000651AS,3000592982016,0,,46722800,,,,,,,,0,,,,,,17740,,,,,,,,,,,,,,,,,,,,,,,,,,,,,,23,,,,,,0,,,,,,,,,,,,,,,,,,,,,,,,,,,,
2013-12-11,JK1101B9GDKBXF,Hitachi HDS722020ALA330,2000398934016,0,,0,,,,,,,,0,,,,,,27159,,,,,,,,,,,,,,,,,,,,,,,,,,,,,,22,,,,,,0,,,,,,,,,,,,,,,,,,,,,,,,,,,,
2013-12-11,9XW01RVQ,ST31500541AS,1500301910016,0,,160752278,,,,,,,,73,,,,,,35046,,,,,,,,,,,,,,,,,,,,,,,,,,,,,,16,,,,,,0,,,,,,,,,,,,,,,,,,,,,,,,,,,,
2013-12-11,JK1101B9JLR4ST,Hitachi HDS722020ALA330,2000398934016,0,,2,,,,,,,,0,,,,,,23990,,,,,,,,,,,,,,,,,,,,,,,,,,,,,,28,,,,,,0,,,,,,,,,,,,,,,,,,,,,,,,,,,,
2013-12-11,PL1311LAG2EBXH,Hitachi HDS5C4040ALE630,4000787030016,0,,0,,,,,,,,0,,,,,,7402,,,,,,,,,,,,,,,,,,,,,,,,,,,,,,23,,,,,,0,,,,,,,,,,,,,,,,,,,,,,,,,,,,
2013-12-11,JK1105B8GDMAHX,Hitachi HDS722020ALA330,2000398934016,0,,0,,,,,,,,0,,,,,,27159,,,,,,,,,,,,,,,,,,,,,,,,,,,,,,32,,,,,,0,,,,,,,,,,,,,,,,,,,,,,,,,,,,
2013-12-11,S1F05P61,ST3000DM001,3000592982016,0,,58249184,,,,,,,,0,,,,,,12364,,,,,,,,,,,,,,,,,,,,,,,,,,,,,,22,,,,,,0,,,,,,,,,,,,,,,,,,,,,,,,,,,,
2013-12-11,Z1F0L4MF,ST3000DM001,3000592982016,0,,23988576,,,,,,,,0,,,,,,12169,,,,,,,,,,,,,,,,,,,,,,,,,,,,,,27,,,,,,0,,,,,,,,,,,,,,,,,,,,,,,,,,,,
2013-12-11,9XW01RVF,ST31500541AS,1500301910016,0,,24351744,,,,,,,,0,,,,,,34322,,,,,,,,,,,,,,,,,,,,,,,,,,,,,,18,,,,,,0,,,,,,,,,,,,,,,,,,,,,,,,,,,,
2013-12-11,W300CDMV,ST4000DM000,4000787030016,0,,60240400,,,,,,,,0,,,,,,2225,,,,,,,,,,,,,,,,,,,,,,,,,,,,,,24,,,,,,0,,,,,,,,,,,,,,,,,,,,,,,,,,,,
2013-12-11,WD-WCAU47205769,WDC WD10EADS,1000204886016,0,,0,,,,,,,,0,,,,,,40517,,,,,,,,,,,,,,,,,,,,,,,,,,,,,,29,,,,,,0,,,,,,,,,,,,,,,,,,,,,,,,,,,,
2013-12-11,6XW036WL,ST31500541AS,1500301910016,0,,195530444,,,,,,,,0,,,,,,36952,,,,,,,,,,,,,,,,,,,,,,,,,,,,,,22,,,,,,0,,,,,,,,,,,,,,,,,,,,,,,,,,,,
2013-12-11,PL1311LAG24M5A,Hitachi HDS5C4040ALE630,4000787030016,0,,0,,,,,,,,0,,,,,,7415,,,,,,,,,,,,,,,,,,,,,,,,,,,,,,19,,,,,,0,,,,,,,,,,,,,,,,,,,,,,,,,,,,
2013-12-11,W300B6Q9,ST4000DM000,4000787030016,0,,202742288,,,,,,,,0,,,,,,3587,,,,,,,,,,,,,,,,,,,,,,,,,,,,,,24,,,,,,0,,,,,,,,,,,,,,,,,,,,,,,,,,,,
2013-12-11,PL1321LAG36LPH,Hitachi HDS5C4040ALE630,4000787030016,0,,0,,,,,,,,0,,,,,,6653,,,,,,,,,,,,,,,,,,,,,,,,,,,,,,20,,,,,,0,,,,,,,,,,,,,,,,,,,,,,,,,,,,
2013-12-11,W1F09MGS,ST3000DM001,3000592982016,0,,210812184,,,,,,,,0,,,,,,13912,,,,,,,,,,,,,,,,,,,,,,,,,,,,,,25,,,,,,0,,,,,,,,,,,,,,,,,,,,,,,,,,,,
2013-12-11,W300B6QA,ST4000DM000,4000787030016,0,,210204048,,,,,,,,0,,,,,,4188,,,,,,,,,,,,,,,,,,,,,,,,,,,,,,27,,,,,,0,,,,,,,,,,,,,,,,,,,,,,,,,,,,
2013-12-11,6XW036W2,ST31500541AS,1500301910016,0,,213164663,,,,,,,,0,,,,,,35759,,,,,,,,,,,,,,,,,,,,,,,,,,,,,,18,,,,,,0,,,,,,,,,,,,,,,,,,,,,,,,,,,,
2013-12-11,MJ0351YNG9XP0A,Hitachi HDS5C3030ALA630,3000592982016,0,,0,,,,,,,,0,,,,,,7610,,,,,,,,,,,,,,,,,,,,,,,,,,,,,,24,,,,,,0,,,,,,,,,,,,,,,,,,,,,,,,,,,,
2013-12-11,W1F08B50,ST3000DM001,3000592982016,0,,74448032,,,,,,,,0,,,,,,11023,,,,,,,,,,,,,,,,,,,,,,,,,,,,,,23,,,,,,0,,,,,,,,,,,,,,,,,,,,,,,,,,,,
2013-12-11,Z300X7S1,ST4000DM000,4000787030016,0,,242748600,,,,,,,,0,,,,,,919,,,,,,,,,,,,,,,,,,,,,,,,,,,,,,22,,,,,,0,,,,,,,,,,,,,,,,,,,,,,,,,,,,
2013-12-11,WD-WMC1T1611174,WDC WD30EFRX,3000592982016,0,,0,,,,,,,,0,,,,,,7710,,,,,,,,,,,,,,,,,,,,,,,,,,,,,,28,,,,,,0,,,,,,,,,,,,,,,,,,,,,,,,,,,,
2013-12-11,MJ0351YNG9TU3A,Hitachi HDS5C3030ALA630,3000592982016,0,,0,,,,,,,,0,,,,,,9315,,,,,,,,,,,,,,,,,,,,,,,,,,,,,,29,,,,,,0,,,,,,,,,,,,,,,,,,,,,,,,,,,,
2013-12-11,MJ0351YNG9SV8A,Hitachi HDS5C3030ALA630,3000592982016,0,,0,,,,,,,,0,,,,,,7938,,,,,,,,,,,,,,,,,,,,,,,,,,,,,,23,,,,,,0,,,,,,,,,,,,,,,,,,,,,,,,,,,,
2013-12-11,S1F04MY9,ST3000DM001,3000592982016,0,,57952064,,,,,,,,0,,,,,,13820,,,,,,,,,,,,,,,,,,,,,,,,,,,,,,24,,,,,,0,,,,,,,,,,,,,,,,,,,,,,,,,,,,
2013-12-11,S1F0CWVB,ST3000DM001,3000592982016,0,,136575024,,,,,,,,0,,,,,,12875,,,,,,,,,,,,,,,,,,,,,,,,,,,,,,28,,,,,,0,,,,,,,,,,,,,,,,,,,,,,,,,,,,
2013-12-11,S1F05P6M,ST3000DM001,3000592982016,0,,61897640,,,,,,,,5912,,,,,,12359,,,,,,,,,,,,,,,,,,,,,,,,,,,,,,24,,,,,,0,,,,,,,,,,,,,,,,,,,,,,,,,,,,
2013-12-11,JK11A8B9JPUHHF,Hitachi HDS722020ALA330,2000398934016,0,,0,,,,,,,,0,,,,,,23717,,,,,,,,,,,,,,,,,,,,,,,,,,,,,,28,,,,,,0,,,,,,,,,,,,,,,,,,,,,,,,,,,,
2013-12-11,MJ1311YNG3BVEA,Hitachi HDS5C3030ALA630,3000592982016,0,,0,,,,,,,,0,,,,,,19588,,,,,,,,,,,,,,,,,,,,,,,,,,,,,,30,,,,,,0,,,,,,,,,,,,,,,,,,,,,,,,,,,,
2013-12-11,Z1F0LR8G,ST3000DM001,3000592982016,0,,79682256,,,,,,,,0,,,,,,12171,,,,,,,,,,,,,,,,,,,,,,,,,,,,,,22,,,,,,0,,,,,,,,,,,,,,,,,,,,,,,,,,,,
2013-12-11,PL1311LAG29YRH,Hitachi HDS5C4040ALE630,4000787030016,0,,0,,,,,,,,0,,,,,,7401,,,,,,,,,,,,,,,,,,,,,,,,,,,,,,27,,,,,,0,,,,,,,,,,,,,,,,,,,,,,,,,,,,
2013-12-11,6XW022KT,ST31500541AS,1500301910016,0,,68438510,,,,,,,,0,,,,,,36068,,,,,,,,,,,,,,,,,,,,,,,,,,,,,,16,,,,,,0,,,,,,,,,,,,,,,,,,,,,,,,,,,,
2013-12-11,S1F039T5,ST3000DM001,3000592982016,0,,102444440,,,,,,,,0,,,,,,13342,,,,,,,,,,,,,,,,,,,,,,,,,,,,,,30,,,,,,0,,,,,,,,,,,,,,,,,,,,,,,,,,,,
2013-12-11,6XW04W4D,ST31500541AS,1500301910016,0,,9503359,,,,,,,,0,,,,,,37237,,,,,,,,,,,,,,,,,,,,,,,,,,,,,,23,,,,,,0,,,,,,,,,,,,,,,,,,,,,,,,,,,,
2013-12-11,PL1321LAG35EVH,Hitachi HDS5C4040ALE630,4000787030016,0,,0,,,,,,,,0,,,,,,6648,,,,,,,,,,,,,,,,,,,,,,,,,,,,,,18,,,,,,0,,,,,,,,,,,,,,,,,,,,,,,,,,,,
2013-12-11,JK1101B9KLLMHT,Hitachi HDS722020ALA330,2000398934016,0,,1,,,,,,,,0,,,,,,23074,,,,,,,,,,,,,,,,,,,,,,,,,,,,,,33,,,,,,0,,,,,,,,,,,,,,,,,,,,,,,,,,,,
2013-12-11,JK1101B9J2ZNZF,Hitachi HDS722020ALA330,2000398934016,0,,1,,,,,,,,0,,,,,,24213,,,,,,,,,,,,,,,,,,,,,,,,,,,,,,28,,,,,,0,,,,,,,,,,,,,,,,,,,,,,,,,,,,
2013-12-11,W1F09RJ5,ST3000DM001,3000592982016,0,,158607392,,,,,,,,0,,,,,,13340,,,,,,,,,,,,,,,,,,,,,,,,,,,,,,30,,,,,,0,,,,,,,,,,,,,,,,,,,,,,,,,,,,
2013-12-11,Z290E7CW,ST33000651AS,3000592982016,0,,137086989,,,,,,,,0,,,,,,17739,,,,,,,,,,,,,,,,,,,,,,,,,,,,,,22,,,,,,0,,,,,,,,,,,,,,,,,,,,,,,,,,,,
2013-12-11,MJ0351YNGA8SAA,Hitachi HDS5C3030ALA630,3000592982016,0,,0,,,,,,,,0,,,,,,8211,,,,,,,,,,,,,,,,,,,,,,,,,,,,,,35,,,,,,0,,,,,,,,,,,,,,,,,,,,,,,,,,,,
2013-12-11,JK1101B9KNP2KF,Hitachi HDS722020ALA330,2000398934016,0,,0,,,,,,,,0,,,,,,23098,,,,,,,,,,,,,,,,,,,,,,,,,,,,,,27,,,,,,0,,,,,,,,,,,,,,,,,,,,,,,,,,,,
2013-12-11,JK1105B8JS0PXX,Hitachi HDS722020ALA330,2000398934016,0,,0,,,,,,,,0,,,,,,23488,,,,,,,,,,,,,,,,,,,,,,,,,,,,,,29,,,,,,0,,,,,,,,,,,,,,,,,,,,,,,,,,,,
2013-12-11,Z300CRQ8,ST4000DM000,4000787030016,0,,227211192,,,,,,,,0,,,,,,2245,,,,,,,,,,,,,,,,,,,,,,,,,,,,,,23,,,,,,0,,,,,,,,,,,,,,,,,,,,,,,,,,,,
2013-12-11,Z1Z04PSH,ST4000DX000,4000787030016,0,,117257983,,,,,,,,0,,,,,,5378,,,,,,,,,,,,,,,,,,,,,,,,,,,,,,22,,,,,,0,,,,,,,,,,,,,,,,,,,,,,,,,,,,
2013-12-11,WD-WCAWZ0888311,WDC WD30EZRX,3000592982016,0,,0,,,,,,,,0,,,,,,10570,,,,,,,,,,,,,,,,,,,,,,,,,,,,,,23,,,,,,0,,,,,,,,,,,,,,,,,,,,,,,,,,,,
2013-12-11,JK1171B9HKUSBT,Hitachi HDS722020ALA330,2000398934016,0,,0,,,,,,,,0,,,,,,25668,,,,,,,,,,,,,,,,,,,,,,,,,,,,,,26,,,,,,0,,,,,,,,,,,,,,,,,,,,,,,,,,,,
2013-12-11,MK0311YHGHTKHA,Hitachi HDS723030ALA640,3000592982016,0,,0,,,,,,,,0,,,,,,16735,,,,,,,,,,,,,,,,,,,,,,,,,,,,,,26,,,,,,0,,,,,,,,,,,,,,,,,,,,,,,,,,,,
2013-12-11,MJ1311YNG34E2A,Hitachi HDS5C3030ALA630,3000592982016,0,,0,,,,,,,,0,,,,,,18067,,,,,,,,,,,,,,,,,,,,,,,,,,,,,,26,,,,,,0,,,,,,,,,,,,,,,,,,,,,,,,,,,,
2013-12-11,5XW03L55,ST31500541AS,1500301910016,0,,218254644,,,,,,,,0,,,,,,36450,,,,,,,,,,,,,,,,,,,,,,,,,,,,,,17,,,,,,0,,,,,,,,,,,,,,,,,,,,,,,,,,,,
2013-12-11,PL1311LAG287XH,Hitachi HDS5C4040ALE630,4000787030016,0,,0,,,,,,,,0,,,,,,1691,,,,,,,,,,,,,,,,,,,,,,,,,,,,,,26,,,,,,0,,,,,,,,,,,,,,,,,,,,,,,,,,,,
2013-12-11,S1F0GCED,ST3000DM001,3000592982016,0,,223029832,,,,,,,,0,,,,,,12154,,,,,,,,,,,,,,,,,,,,,,,,,,,,,,27,,,,,,0,,,,,,,,,,,,,,,,,,,,,,,,,,,,
2013-12-11,JK1174YAK76SXW,Hitachi HDS722020ALA330,2000398934016,0,,0,,,,,,,,0,,,,,,28154,,,,,,,,,,,,,,,,,,,,,,,,,,,,,,27,,,,,,0,,,,,,,,,,,,,,,,,,,,,,,,,,,,
2013-12-11,MJ0351YNGA3SUA,Hitachi HDS5C3030ALA630,3000592982016,0,,0,,,,,,,,0,,,,,,9146,,,,,,,,,,,,,,,,,,,,,,,,,,,,,,31,,,,,,0,,,,,,,,,,,,,,,,,,,,,,,,,,,,
2013-12-11,S1F03NAV,ST3000DM001,3000592982016,0,,234885456,,,,,,,,0,,,,,,13362,,,,,,,,,,,,,,,,,,,,,,,,,,,,,,19,,,,,,0,,,,,,,,,,,,,,,,,,,,,,,,,,,,
2013-12-11,6XW022K5,ST31500541AS,1500301910016,0,,139904461,,,,,,,,0,,,,,,35758,,,,,,,,,,,,,,,,,,,,,,,,,,,,,,21,,,,,,0,,,,,,,,,,,,,,,,,,,,,,,,,,,,
2013-12-11,MJ1321YNG0P75A,Hitachi HDS5C3030ALA630,3000592982016,0,,0,,,,,,,,0,,,,,,20503,,,,,,,,,,,,,,,,,,,,,,,,,,,,,,26,,,,,,0,,,,,,,,,,,,,,,,,,,,,,,,,,,,
2013-12-11,9VS1EQ54,ST31500341AS,1500301910016,0,,53978240,,,,,,,,40,,,,,,40406,,,,,,,,,,,,,,,,,,,,,,,,,,,,,,29,,,,,,0,,,,,,,,,,,,,,,,,,,,,,,,,,,,
2013-12-11,JK1101B9GE0DEF,Hitachi HDS722020ALA330,2000398934016,0,,1,,,,,,,,0,,,,,,27486,,,,,,,,,,,,,,,,,,,,,,,,,,,,,,27,,,,,,0,,,,,,,,,,,,,,,,,,,,,,,,,,,,
2013-12-11,Z1F06QZX,ST3000DM001,3000592982016,0,,217878720,,,,,,,,0,,,,,,14734,,,,,,,,,,,,,,,,,,,,,,,,,,,,,,20,,,,,,0,,,,,,,,,,,,,,,,,,,,,,,,,,,,
2013-12-11,PL1321LAG34P7H,Hitachi HDS5C4040ALE630,4000787030016,0,,14353235,,,,,,,,622,,,,,,6652,,,,,,,,,,,,,,,,,,,,,,,,,,,,,,23,,,,,,16,,,,,,,,,,,,,,,,,,,,,,,,,,,,
2013-12-11,PL1331LAGA6X8H,Hitachi HDS5C4040ALE630,4000787030016,0,,0,,,,,,,,0,,,,,,5075,,,,,,,,,,,,,,,,,,,,,,,,,,,,,,26,,,,,,0,,,,,,,,,,,,,,,,,,,,,,,,,,,,
2013-12-11,JK1104B8JPARUW,Hitachi HDS722020ALA330,2000398934016,0,,0,,,,,,,,0,,,,,,23992,,,,,,,,,,,,,,,,,,,,,,,,,,,,,,35,,,,,,0,,,,,,,,,,,,,,,,,,,,,,,,,,,,
2013-12-11,MJ1311YNG6XXVA,Hitachi HDS5C3030ALA630,3000592982016,0,,0,,,,,,,,0,,,,,,14685,,,,,,,,,,,,,,,,,,,,,,,,,,,,,,17,,,,,,0,,,,,,,,,,,,,,,,,,,,,,,,,,,,
2013-12-11,JK1101B9JLVW1F,Hitachi HDS722020ALA330,2000398934016,0,,0,,,,,,,,1,,,,,,23586,,,,,,,,,,,,,,,,,,,,,,,,,,,,,,32,,,,,,0,,,,,,,,,,,,,,,,,,,,,,,,,,,,
2013-12-11,MJ1313YNG2E91C,Hitachi HDS5C3030ALA630,3000592982016,0,,0,,,,,,,,292,,,,,,18067,,,,,,,,,,,,,,,,,,,,,,,,,,,,,,27,,,,,,0,,,,,,,,,,,,,,,,,,,,,,,,,,,,
2013-12-11,WD-WCAU45663602,WDC WD10EADS,1000204886016,0,,2,,,,,,,,0,,,,,,41766,,,,,,,,,,,,,,,,,,,,,,,,,,,,,,25,,,,,,0,,,,,,,,,,,,,,,,,,,,,,,,,,,,
2013-12-11,WD-WCAU45663601,WDC WD10EADS,1000204886016,0,,4,,,,,,,,0,,,,,,41772,,,,,,,,,,,,,,,,,,,,,,,,,,,,,,27,,,,,,0,,,,,,,,,,,,,,,,,,,,,,,,,,,,
2013-12-11,JK1101B9KNKSVF,Hitachi HDS722020ALA330,2000398934016,0,,0,,,,,,,,0,,,,,,23100,,,,,,,,,,,,,,,,,,,,,,,,,,,,,,27,,,,,,0,,,,,,,,,,,,,,,,,,,,,,,,,,,,
2013-12-11,PL1311LAG3868H,Hitachi HDS5C4040ALE630,4000787030016,0,,0,,,,,,,,0,,,,,,5058,,,,,,,,,,,,,,,,,,,,,,,,,,,,,,28,,,,,,0,,,,,,,,,,,,,,,,,,,,,,,,,,,,
2013-12-11,MJ0351YNG9SY1A,Hitachi HDS5C3030ALA630,3000592982016,0,,0,,,,,,,,0,,,,,,9552,,,,,,,,,,,,,,,,,,,,,,,,,,,,,,31,,,,,,0,,,,,,,,,,,,,,,,,,,,,,,,,,,,
2013-12-11,5XW1NDMN,ST31500541AS,1500301910016,0,,231320215,,,,,,,,109,,,,,,15746,,,,,,,,,,,,,,,,,,,,,,,,,,,,,,18,,,,,,0,,,,,,,,,,,,,,,,,,,,,,,,,,,,
2013-12-11,W300BV4X,ST4000DM000,4000787030016,0,,225627784,,,,,,,,0,,,,,,1871,,,,,,,,,,,,,,,,,,,,,,,,,,,,,,24,,,,,,0,,,,,,,,,,,,,,,,,,,,,,,,,,,,
2013-12-11,Z300XGMP,ST4000DM000,4000787030016,0,,225057080,,,,,,,,0,,,,,,612,,,,,,,,,,,,,,,,,,,,,,,,,,,,,,21,,,,,,0,,,,,,,,,,,,,,,,,,,,,,,,,,,,
2013-12-11,PL1311LAG38B2H,Hitachi HDS5C4040ALE630,4000787030016,0,,0,,,,,,,,0,,,,,,3629,,,,,,,,,,,,,,,,,,,,,,,,,,,,,,29,,,,,,0,,,,,,,,,,,,,,,,,,,,,,,,,,,,
2013-12-11,MJ1311YNG6Y85A,Hitachi HDS5C3030ALA630,3000592982016,0,,0,,,,,,,,0,,,,,,14596,,,,,,,,,,,,,,,,,,,,,,,,,,,,,,25,,,,,,0,,,,,,,,,,,,,,,,,,,,,,,,,,,,
2013-12-11,JK11A4B8J7S0EW,Hitachi HDS722020ALA330,2000398934016,0,,0,,,,,,,,0,,,,,,25123,,,,,,,,,,,,,,,,,,,,,,,,,,,,,,27,,,,,,0,,,,,,,,,,,,,,,,,,,,,,,,,,,,
2013-12-11,W300D4LX,ST4000DM000,4000787030016,0,,218674112,,,,,,,,0,,,,,,4165,,,,,,,,,,,,,,,,,,,,,,,,,,,,,,22,,,,,,0,,,,,,,,,,,,,,,,,,,,,,,,,,,,
2013-12-11,JK11A8B9J2YTPF,Hitachi HDS722020ALA330,2000398934016,0,,0,,,,,,,,0,,,,,,24399,,,,,,,,,,,,,,,,,,,,,,,,,,,,,,30,,,,,,0,,,,,,,,,,,,,,,,,,,,,,,,,,,,
2013-12-11,W1F08803,ST3000DM001,3000592982016,0,,175288920,,,,,,,,0,,,,,,12359,,,,,,,,,,,,,,,,,,,,,,,,,,,,,,25,,,,,,0,,,,,,,,,,,,,,,,,,,,,,,,,,,,
2013-12-11,W1F08ZZD,ST3000DM001,3000592982016,0,,18255464,,,,,,,,0,,,,,,15367,,,,,,,,,,,,,,,,,,,,,,,,,,,,,,23,,,,,,0,,,,,,,,,,,,,,,,,,,,,,,,,,,,
2013-12-11,PL1311LAG3B8BH,Hitachi HDS5C4040ALE630,4000787030016,0,,0,,,,,,,,0,,,,,,5959,,,,,,,,,,,,,,,,,,,,,,,,,,,,,,20,,,,,,0,,,,,,,,,,,,,,,,,,,,,,,,,,,,
2013-12-11,W1F0E78Q,ST3000DM001,3000592982016,0,,176813152,,,,,,,,0,,,,,,12362,,,,,,,,,,,,,,,,,,,,,,,,,,,,,,26,,,,,,0,,,,,,,,,,,,,,,,,,,,,,,,,,,,
2013-12-11,MJ1311YNG21XPA,Hitachi HDS5C3030ALA630,3000592982016,0,,0,,,,,,,,0,,,,,,18067,,,,,,,,,,,,,,,,,,,,,,,,,,,,,,25,,,,,,0,,,,,,,,,,,,,,,,,,,,,,,,,,,,
2013-12-11,WD-WCAWZ0746659,WDC WD30EZRX,3000592982016,0,,0,,,,,,,,0,,,,,,16068,,,,,,,,,,,,,,,,,,,,,,,,,,,,,,20,,,,,,0,,,,,,,,,,,,,,,,,,,,,,,,,,,,
2013-12-11,PL1311LAG282PH,Hitachi HDS5C4040ALE630,4000787030016,0,,0,,,,,,,,0,,,,,,7404,,,,,,,,,,,,,,,,,,,,,,,,,,,,,,25,,,,,,0,,,,,,,,,,,,,,,,,,,,,,,,,,,,
2013-12-11,PL1301LAG2WZ3A,Hitachi HDS5C4040ALE630,4000787030016,0,,0,,,,,,,,0,,,,,,5960,,,,,,,,,,,,,,,,,,,,,,,,,,,,,,21,,,,,,0,,,,,,,,,,,,,,,,,,,,,,,,,,,,
2013-12-11,W1F0ANG0,ST3000DM001,3000592982016,0,,50632944,,,,,,,,0,,,,,,14231,,,,,,,,,,,,,,,,,,,,,,,,,,,,,,20,,,,,,0,,,,,,,,,,,,,,,,,,,,,,,,,,,,
2013-12-11,WD-WCAWZ1723681,WDC WD30EZRX,3000592982016,0,,0,,,,,,,,0,,,,,,17628,,,,,,,,,,,,,,,,,,,,,,,,,,,,,,23,,,,,,0,,,,,,,,,,,,,,,,,,,,,,,,,,,,
2013-12-11,JK11A8B9J3A46F,Hitachi HDS722020ALA330,2000398934016,0,,0,,,,,,,,0,,,,,,22415,,,,,,,,,,,,,,,,,,,,,,,,,,,,,,23,,,,,,0,,,,,,,,,,,,,,,,,,,,,,,,,,,,
2013-12-11,Z1F07HH0,ST3000DM001,3000592982016,0,,49046800,,,,,,,,0,,,,,,17065,,,,,,,,,,,,,,,,,,,,,,,,,,,,,,28,,,,,,0,,,,,,,,,,,,,,,,,,,,,,,,,,,,
2013-12-11,MJ0351YNG9YKHA,Hitachi HDS5C3030ALA630,3000592982016,0,,0,,,,,,,,0,,,,,,9773,,,,,,,,,,,,,,,,,,,,,,,,,,,,,,29,,,,,,0,,,,,,,,,,,,,,,,,,,,,,,,,,,,
2013-12-11,JK11A4B8J7RMDW,Hitachi HDS722020ALA330,2000398934016,0,,0,,,,,,,,0,,,,,,26025,,,,,,,,,,,,,,,,,,,,,,,,,,,,,,27,,,,,,0,,,,,,,,,,,,,,,,,,,,,,,,,,,,
2013-12-11,PL1311LAG3B5SH,Hitachi HDS5C4040ALE630,4000787030016,0,,0,,,,,,,,0,,,,,,6641,,,,,,,,,,,,,,,,,,,,,,,,,,,,,,28,,,,,,0,,,,,,,,,,,,,,,,,,,,,,,,,,,,
2013-12-11,9XW023AD,ST31500541AS,1500301910016,0,,119924389,,,,,,,,22,,,,,,34961,,,,,,,,,,,,,,,,,,,,,,,,,,,,,,23,,,,,,0,,,,,,,,,,,,,,,,,,,,,,,,,,,,
2013-12-11,JK1174YAK4N66W,Hitachi HDS722020ALA330,2000398934016,0,,0,,,,,,,,0,,,,,,28154,,,,,,,,,,,,,,,,,,,,,,,,,,,,,,26,,,,,,0,,,,,,,,,,,,,,,,,,,,,,,,,,,,
2013-12-11,S1F0LDML,ST3000DM001,3000592982016,0,,83818552,,,,,,,,0,,,,,,12017,,,,,,,,,,,,,,,,,,,,,,,,,,,,,,29,,,,,,0,,,,,,,,,,,,,,,,,,,,,,,,,,,,
2013-12-11,5XW0H643,ST31500541AS,1500301910016,0,,133322465,,,,,,,,0,,,,,,20686,,,,,,,,,,,,,,,,,,,,,,,,,,,,,,24,,,,,,0,,,,,,,,,,,,,,,,,,,,,,,,,,,,
2013-12-11,PL1311LAG3E8TH,Hitachi HDS5C4040ALE630,4000787030016,0,,0,,,,,,,,0,,,,,,6654,,,,,,,,,,,,,,,,,,,,,,,,,,,,,,19,,,,,,0,,,,,,,,,,,,,,,,,,,,,,,,,,,,
2013-12-11,W300DZWV,ST4000DM000,4000787030016,0,,85002784,,,,,,,,0,,,,,,4165,,,,,,,,,,,,,,,,,,,,,,,,,,,,,,23,,,,,,0,,,,,,,,,,,,,,,,,,,,,,,,,,,,
2013-12-11,Z300KMQY,ST4000DM000,4000787030016,0,,40784416,,,,,,,,0,,,,,,2245,,,,,,,,,,,,,,,,,,,,,,,,,,,,,,20,,,,,,0,,,,,,,,,,,,,,,,,,,,,,,,,,,,
2013-12-11,6XW15H3L,ST32000542AS,2000398934016,0,,75871021,,,,,,,,0,,,,,,27381,,,,,,,,,,,,,,,,,,,,,,,,,,,,,,31,,,,,,0,,,,,,,,,,,,,,,,,,,,,,,,,,,,
2013-12-11,Z300MFC2,ST4000DM000,4000787030016,0,,49325456,,,,,,,,0,,,,,,1114,,,,,,,,,,,,,,,,,,,,,,,,,,,,,,25,,,,,,0,,,,,,,,,,,,,,,,,,,,,,,,,,,,
2013-12-11,PL1331LAG9D29H,Hitachi HDS5C4040ALE630,4000787030016,0,,0,,,,,,,,0,,,,,,5428,,,,,,,,,,,,,,,,,,,,,,,,,,,,,,21,,,,,,0,,,,,,,,,,,,,,,,,,,,,,,,,,,,
2013-12-11,MJ0351YNG9UZ7A,Hitachi HDS5C3030ALA630,3000592982016,0,,0,,,,,,,,0,,,,,,9904,,,,,,,,,,,,,,,,,,,,,,,,,,,,,,23,,,,,,0,,,,,,,,,,,,,,,,,,,,,,,,,,,,
2013-12-11,JK1101B9G7ELSF,Hitachi HDS722020ALA330,2000398934016,0,,0,,,,,,,,0,,,,,,26929,,,,,,,,,,,,,,,,,,,,,,,,,,,,,,26,,,,,,0,,,,,,,,,,,,,,,,,,,,,,,,,,,,
2013-12-11,MJ1323YNG1PD1C,Hitachi HDS5C3030ALA630,3000592982016,0,,0,,,,,,,,0,,,,,,19310,,,,,,,,,,,,,,,,,,,,,,,,,,,,,,27,,,,,,0,,,,,,,,,,,,,,,,,,,,,,,,,,,,
2013-12-11,9VS1K2EE,ST31500341AS,1500301910016,0,,202759947,,,,,,,,68,,,,,,40409,,,,,,,,,,,,,,,,,,,,,,,,,,,,,,29,,,,,,0,,,,,,,,,,,,,,,,,,,,,,,,,,,,
2013-12-11,6XW017M9,ST31500541AS,1500301910016,0,,21039786,,,,,,,,0,,,,,,35758,,,,,,,,,,,,,,,,,,,,,,,,,,,,,,23,,,,,,0,,,,,,,,,,,,,,,,,,,,,,,,,,,,
2013-12-11,JK1101B9JS3EMR,Hitachi HDS722020ALA330,2000398934016,0,,0,,,,,,,,0,,,,,,23577,,,,,,,,,,,,,,,,,,,,,,,,,,,,,,26,,,,,,0,,,,,,,,,,,,,,,,,,,,,,,,,,,,
2013-12-11,MJ0351YNGA0ASA,Hitachi HDS5C3030ALA630,3000592982016,0,,0,,,,,,,,0,,,,,,8639,,,,,,,,,,,,,,,,,,,,,,,,,,,,,,30,,,,,,0,,,,,,,,,,,,,,,,,,,,,,,,,,,,
2013-12-11,MJ1323YNG1EKDC,Hitachi HDS5C3030ALA630,3000592982016,0,,0,,,,,,,,0,,,,,,19760,,,,,,,,,,,,,,,,,,,,,,,,,,,,,,30,,,,,,0,,,,,,,,,,,,,,,,,,,,,,,,,,,,
2013-12-11,JK1101B9GEAUYF,Hitachi HDS722020ALA330,2000398934016,0,,2,,,,,,,,0,,,,,,27541,,,,,,,,,,,,,,,,,,,,,,,,,,,,,,26,,,,,,0,,,,,,,,,,,,,,,,,,,,,,,,,,,,
2013-12-11,Z300PM61,ST4000DM000,4000787030016,0,,155306512,,,,,,,,0,,,,,,1232,,,,,,,,,,,,,,,,,,,,,,,,,,,,,,22,,,,,,0,,,,,,,,,,,,,,,,,,,,,,,,,,,,
2013-12-11,WD-WCAU45243412,WDC WD10EADS,1000204886016,0,,2,,,,,,,,0,,,,,,41432,,,,,,,,,,,,,,,,,,,,,,,,,,,,,,25,,,,,,0,,,,,,,,,,,,,,,,,,,,,,,,,,,,
2013-12-11,W300D588,ST4000DM000,4000787030016,0,,76145728,,,,,,,,0,,,,,,909,,,,,,,,,,,,,,,,,,,,,,,,,,,,,,23,,,,,,0,,,,,,,,,,,,,,,,,,,,,,,,,,,,
2013-12-11,W300D580,ST4000DM000,4000787030016,0,,49328856,,,,,,,,0,,,,,,909,,,,,,,,,,,,,,,,,,,,,,,,,,,,,,23,,,,,,0,,,,,,,,,,,,,,,,,,,,,,,,,,,,
2013-12-11,Z300MGKC,ST4000DM000,4000787030016,0,,30660176,,,,,,,,0,,,,,,2845,,,,,,,,,,,,,,,,,,,,,,,,,,,,,,28,,,,,,0,,,,,,,,,,,,,,,,,,,,,,,,,,,,
2013-12-11,MJ1323YNG1UD5C,Hitachi HDS5C3030ALA630,3000592982016,0,,0,,,,,,,,0,,,,,,19311,,,,,,,,,,,,,,,,,,,,,,,,,,,,,,28,,,,,,0,,,,,,,,,,,,,,,,,,,,,,,,,,,,
2013-12-11,W300D58V,ST4000DM000,4000787030016,0,,177449848,,,,,,,,0,,,,,,777,,,,,,,,,,,,,,,,,,,,,,,,,,,,,,23,,,,,,0,,,,,,,,,,,,,,,,,,,,,,,,,,,,
2013-12-11,W300D58T,ST4000DM000,4000787030016,0,,219426440,,,,,,,,0,,,,,,4140,,,,,,,,,,,,,,,,,,,,,,,,,,,,,,26,,,,,,0,,,,,,,,,,,,,,,,,,,,,,,,,,,,
2013-12-11,PL1321LAG34AHH,Hitachi HDS5C4040ALE630,4000787030016,0,,0,,,,,,,,0,,,,,,5958,,,,,,,,,,,,,,,,,,,,,,,,,,,,,,25,,,,,,0,,,,,,,,,,,,,,,,,,,,,,,,,,,,
2013-12-11,W1F0HEA2,ST3000DM001,3000592982016,0,,130081288,,,,,,,,0,,,,,,11674,,,,,,,,,,,,,,,,,,,,,,,,,,,,,,26,,,,,,0,,,,,,,,,,,,,,,,,,,,,,,,,,,,
2013-12-11,W30045NL,ST4000DM000,4000787030016,0,,205307440,,,,,,,,0,,,,,,2243,,,,,,,,,,,,,,,,,,,,,,,,,,,,,,20,,,,,,0,,,,,,,,,,,,,,,,,,,,,,,,,,,,
2013-12-11,PL1321LAG320GH,Hitachi HDS5C4040ALE630,4000787030016,0,,0,,,,,,,,0,,,,,,6071,,,,,,,,,,,,,,,,,,,,,,,,,,,,,,21,,,,,,0,,,,,,,,,,,,,,,,,,,,,,,,,,,,
2013-12-11,MJ1311YNG7H5HA,Hitachi HDS5C3030ALA630,3000592982016,0,,0,,,,,,,,0,,,,,,14594,,,,,,,,,,,,,,,,,,,,,,,,,,,,,,24,,,,,,0,,,,,,,,,,,,,,,,,,,,,,,,,,,,
2013-12-11,MJ1321YNG0BJNA,Hitachi HDS5C3030ALA630,3000592982016,0,,0,,,,,,,,0,,,,,,20503,,,,,,,,,,,,,,,,,,,,,,,,,,,,,,27,,,,,,0,,,,,,,,,,,,,,,,,,,,,,,,,,,,
2013-12-11,PL1311LAG3EJKH,Hitachi HDS5C4040ALE630,4000787030016,0,,0,,,,,,,,0,,,,,,5056,,,,,,,,,,,,,,,,,,,,,,,,,,,,,,31,,,,,,0,,,,,,,,,,,,,,,,,,,,,,,,,,,,
2013-12-11,JK11A8B9J3685F,Hitachi HDS722020ALA330,2000398934016,0,,1,,,,,,,,0,,,,,,23486,,,,,,,,,,,,,,,,,,,,,,,,,,,,,,26,,,,,,0,,,,,,,,,,,,,,,,,,,,,,,,,,,,
2013-12-11,6XW00X76,ST31500541AS,1500301910016,0,,123166627,,,,,,,,0,,,,,,36959,,,,,,,,,,,,,,,,,,,,,,,,,,,,,,20,,,,,,0,,,,,,,,,,,,,,,,,,,,,,,,,,,,
2013-12-11,6XW00X74,ST31500541AS,1500301910016,0,,37632670,,,,,,,,0,,,,,,37059,,,,,,,,,,,,,,,,,,,,,,,,,,,,,,22,,,,,,0,,,,,,,,,,,,,,,,,,,,,,,,,,,,
2013-12-11,Z300PM6M,ST4000DM000,4000787030016,0,,5003496,,,,,,,,0,,,,,,1227,,,,,,,,,,,,,,,,,,,,,,,,,,,,,,18,,,,,,0,,,,,,,,,,,,,,,,,,,,,,,,,,,,
2013-12-11,JK1101B9JP79TU,Hitachi HDS722020ALA330,2000398934016,0,,0,,,,,,,,0,,,,,,24099,,,,,,,,,,,,,,,,,,,,,,,,,,,,,,27,,,,,,0,,,,,,,,,,,,,,,,,,,,,,,,,,,,
2013-12-11,S1F06G60,ST3000DM001,3000592982016,0,,66878776,,,,,,,,0,,,,,,12345,,,,,,,,,,,,,,,,,,,,,,,,,,,,,,25,,,,,,0,,,,,,,,,,,,,,,,,,,,,,,,,,,,
2013-12-11,Z300PM6E,ST4000DM000,4000787030016,0,,169583960,,,,,,,,0,,,,,,1234,,,,,,,,,,,,,,,,,,,,,,,,,,,,,,20,,,,,,0,,,,,,,,,,,,,,,,,,,,,,,,,,,,
2013-12-11,W300A7M5,ST4000DM000,4000787030016,0,,205085272,,,,,,,,0,,,,,,4048,,,,,,,,,,,,,,,,,,,,,,,,,,,,,,20,,,,,,0,,,,,,,,,,,,,,,,,,,,,,,,,,,,
2013-12-11,PL1311LAG21TYA,Hitachi HDS5C4040ALE630,4000787030016,0,,0,,,,,,,,0,,,,,,6993,,,,,,,,,,,,,,,,,,,,,,,,,,,,,,21,,,,,,0,,,,,,,,,,,,,,,,,,,,,,,,,,,,
2013-12-11,MJ0351YNGA8M9A,Hitachi HDS5C3030ALA630,3000592982016,0,,0,,,,,,,,0,,,,,,8505,,,,,,,,,,,,,,,,,,,,,,,,,,,,,,26,,,,,,0,,,,,,,,,,,,,,,,,,,,,,,,,,,,
2013-12-11,JK1101B9JRMBUF,Hitachi HDS722020ALA330,2000398934016,0,,0,,,,,,,,0,,,,,,23487,,,,,,,,,,,,,,,,,,,,,,,,,,,,,,23,,,,,,0,,,,,,,,,,,,,,,,,,,,,,,,,,,,
2013-12-11,JK11A8B9J7971F,Hitachi HDS722020ALA330,2000398934016,0,,0,,,,,,,,0,,,,,,24545,,,,,,,,,,,,,,,,,,,,,,,,,,,,,,26,,,,,,0,,,,,,,,,,,,,,,,,,,,,,,,,,,,
2013-12-11,MJ1321YNG0K7MA,Hitachi HDS5C3030ALA630,3000592982016,0,,0,,,,,,,,0,,,,,,20512,,,,,,,,,,,,,,,,,,,,,,,,,,,,,,24,,,,,,0,,,,,,,,,,,,,,,,,,,,,,,,,,,,
2013-12-11,MJ1321YNG1AMNA,Hitachi HDS5C3030ALA630,3000592982016,0,,0,,,,,,,,0,,,,,,18594,,,,,,,,,,,,,,,,,,,,,,,,,,,,,,25,,,,,,0,,,,,,,,,,,,,,,,,,,,,,,,,,,,
2013-12-11,JK11A4B8JR5MSW,Hitachi HDS722020ALA330,2000398934016,0,,0,,,,,,,,0,,,,,,23823,,,,,,,,,,,,,,,,,,,,,,,,,,,,,,22,,,,,,0,,,,,,,,,,,,,,,,,,,,,,,,,,,,
2013-12-11,WD-WCAWZ1191193,WDC WD30EZRX,3000592982016,0,,0,,,,,,,,0,,,,,,17604,,,,,,,,,,,,,,,,,,,,,,,,,,,,,,19,,,,,,0,,,,,,,,,,,,,,,,,,,,,,,,,,,,
2013-12-11,9XW08J49,ST32000542AS,2000398934016,0,,217902359,,,,,,,,0,,,,,,15217,,,,,,,,,,,,,,,,,,,,,,,,,,,,,,23,,,,,,0,,,,,,,,,,,,,,,,,,,,,,,,,,,,
2013-12-11,W300KKK5,ST4000DM000,4000787030016,0,,184995088,,,,,,,,0,,,,,,957,,,,,,,,,,,,,,,,,,,,,,,,,,,,,,19,,,,,,0,,,,,,,,,,,,,,,,,,,,,,,,,,,,
2013-12-11,W300KKK6,ST4000DM000,4000787030016,0,,117887712,,,,,,,,0,,,,,,919,,,,,,,,,,,,,,,,,,,,,,,,,,,,,,19,,,,,,0,,,,,,,,,,,,,,,,,,,,,,,,,,,,
2013-12-11,PL1311LAG3G8UH,Hitachi HDS5C4040ALE630,4000787030016,0,,0,,,,,,,,0,,,,,,5302,,,,,,,,,,,,,,,,,,,,,,,,,,,,,,27,,,,,,0,,,,,,,,,,,,,,,,,,,,,,,,,,,,
2013-12-11,MJ0351YNG9Z1WA,Hitachi HDS5C3030ALA630,3000592982016,0,,0,,,,,,,,0,,,,,,9672,,,,,,,,,,,,,,,,,,,,,,,,,,,,,,30,,,,,,0,,,,,,,,,,,,,,,,,,,,,,,,,,,,
2013-12-11,PL1311LAG1SBNA,Hitachi HDS5C4040ALE630,4000787030016,0,,0,,,,,,,,0,,,,,,7417,,,,,,,,,,,,,,,,,,,,,,,,,,,,,,22,,,,,,0,,,,,,,,,,,,,,,,,,,,,,,,,,,,
2013-12-11,MK0333YHGNDK4C,Hitachi HDS723030ALA640,3000592982016,0,,1,,,,,,,,0,,,,,,17755,,,,,,,,,,,,,,,,,,,,,,,,,,,,,,21,,,,,,0,,,,,,,,,,,,,,,,,,,,,,,,,,,,
2013-12-11,PL1311LAG3GG6H,Hitachi HDS5C4040ALE630,4000787030016,0,,0,,,,,,,,0,,,,,,5670,,,,,,,,,,,,,,,,,,,,,,,,,,,,,,17,,,,,,0,,,,,,,,,,,,,,,,,,,,,,,,,,,,
2013-12-11,MJ1311YNG19TXA,Hitachi HDS5C3030ALA630,3000592982016,0,,0,,,,,,,,0,,,,,,20732,,,,,,,,,,,,,,,,,,,,,,,,,,,,,,25,,,,,,0,,,,,,,,,,,,,,,,,,,,,,,,,,,,
2013-12-11,MJ1311YNG37B3A,Hitachi HDS5C3030ALA630,3000592982016,0,,0,,,,,,,,0,,,,,,18048,,,,,,,,,,,,,,,,,,,,,,,,,,,,,,26,,,,,,0,,,,,,,,,,,,,,,,,,,,,,,,,,,,
2013-12-11,W1F0VJT2,ST3000DM001,3000592982016,0,,232637888,,,,,,,,0,,,,,,11609,,,,,,,,,,,,,,,,,,,,,,,,,,,,,,28,,,,,,0,,,,,,,,,,,,,,,,,,,,,,,,,,,,
2013-12-11,MJ1321YNG0JKZA,Hitachi HDS5C3030ALA630,3000592982016,0,,0,,,,,,,,0,,,,,,20067,,,,,,,,,,,,,,,,,,,,,,,,,,,,,,26,,,,,,0,,,,,,,,,,,,,,,,,,,,,,,,,,,,
2013-12-11,MJ1311YNG72R2A,Hitachi HDS5C3030ALA630,3000592982016,0,,0,,,,,,,,2,,,,,,14597,,,,,,,,,,,,,,,,,,,,,,,,,,,,,,26,,,,,,0,,,,,,,,,,,,,,,,,,,,,,,,,,,,
2013-12-11,Z3003WLL,ST4000DM000,4000787030016,0,,168372920,,,,,,,,0,,,,,,5358,,,,,,,,,,,,,,,,,,,,,,,,,,,,,,19,,,,,,0,,,,,,,,,,,,,,,,,,,,,,,,,,,,
2013-12-11,Z300PLF8,ST4000DM000,4000787030016,0,,20363032,,,,,,,,0,,,,,,1234,,,,,,,,,,,,,,,,,,,,,,,,,,,,,,21,,,,,,0,,,,,,,,,,,,,,,,,,,,,,,,,,,,
2013-12-11,MJ1311YNG3DV3A,Hitachi HDS5C3030ALA630,3000592982016,0,,0,,,,,,,,0,,,,,,19254,,,,,,,,,,,,,,,,,,,,,,,,,,,,,,26,,,,,,0,,,,,,,,,,,,,,,,,,,,,,,,,,,,
2013-12-11,MJ0351YNGAD8XA,Hitachi HDS5C3030ALA630,3000592982016,0,,0,,,,,,,,0,,,,,,8617,,,,,,,,,,,,,,,,,,,,,,,,,,,,,,30,,,,,,0,,,,,,,,,,,,,,,,,,,,,,,,,,,,
2013-12-11,W3006E69,ST4000DM000,4000787030016,0,,223941968,,,,,,,,0,,,,,,2611,,,,,,,,,,,,,,,,,,,,,,,,,,,,,,22,,,,,,0,,,,,,,,,,,,,,,,,,,,,,,,,,,,
2013-12-11,MJ0351YNG9SXHA,Hitachi HDS5C3030ALA630,3000592982016,0,,0,,,,,,,,0,,,,,,9475,,,,,,,,,,,,,,,,,,,,,,,,,,,,,,27,,,,,,0,,,,,,,,,,,,,,,,,,,,,,,,,,,,
2013-12-11,9XW01RMV,ST31500541AS,1500301910016,0,,10592058,,,,,,,,0,,,,,,35023,,,,,,,,,,,,,,,,,,,,,,,,,,,,,,20,,,,,,0,,,,,,,,,,,,,,,,,,,,,,,,,,,,
2013-12-11,MJ1311YNG151HA,Hitachi HDS5C3030ALA630,3000592982016,0,,0,,,,,,,,0,,,,,,20731,,,,,,,,,,,,,,,,,,,,,,,,,,,,,,30,,,,,,0,,,,,,,,,,,,,,,,,,,,,,,,,,,,
2013-12-11,Z300GQ4Q,ST4000DM000,4000787030016,0,,205259104,,,,,,,,0,,,,,,3582,,,,,,,,,,,,,,,,,,,,,,,,,,,,,,20,,,,,,0,,,,,,,,,,,,,,,,,,,,,,,,,,,,
2013-12-11,Z300CLTV,ST4000DM000,4000787030016,0,,13984520,,,,,,,,0,,,,,,1297,,,,,,,,,,,,,,,,,,,,,,,,,,,,,,18,,,,,,0,,,,,,,,,,,,,,,,,,,,,,,,,,,,
2013-12-11,S1F06LP9,ST3000DM001,3000592982016,0,,193459456,,,,,,,,0,,,,,,13360,,,,,,,,,,,,,,,,,,,,,,,,,,,,,,27,,,,,,0,,,,,,,,,,,,,,,,,,,,,,,,,,,,
2013-12-11,MJ0351YNG9YU0A,Hitachi HDS5C3030ALA630,3000592982016,0,,0,,,,,,,,0,,,,,,9987,,,,,,,,,,,,,,,,,,,,,,,,,,,,,,30,,,,,,0,,,,,,,,,,,,,,,,,,,,,,,,,,,,
2013-12-11,Z300KL3Q,ST4000DM000,4000787030016,0,,162471976,,,,,,,,0,,,,,,2218,,,,,,,,,,,,,,,,,,,,,,,,,,,,,,23,,,,,,0,,,,,,,,,,,,,,,,,,,,,,,,,,,,
2013-12-11,W1F0N84F,ST3000DM001,3000592982016,0,,171877392,,,,,,,,0,,,,,,11690,,,,,,,,,,,,,,,,,,,,,,,,,,,,,,25,,,,,,0,,,,,,,,,,,,,,,,,,,,,,,,,,,,
2013-12-11,MJ1311YNG3EEZA,Hitachi HDS5C3030ALA630,3000592982016,0,,0,,,,,,,,0,,,,,,19323,,,,,,,,,,,,,,,,,,,,,,,,,,,,,,26,,,,,,0,,,,,,,,,,,,,,,,,,,,,,,,,,,,
2013-12-11,JK11A8B9J3A1BF,Hitachi HDS722020ALA330,2000398934016,0,,0,,,,,,,,0,,,,,,22702,,,,,,,,,,,,,,,,,,,,,,,,,,,,,,28,,,,,,0,,,,,,,,,,,,,,,,,,,,,,,,,,,,
2013-12-11,Z290YGMF,ST33000651AS,3000592982016,0,,129783913,,,,,,,,0,,,,,,18074,,,,,,,,,,,,,,,,,,,,,,,,,,,,,,26,,,,,,0,,,,,,,,,,,,,,,,,,,,,,,,,,,,
2013-12-11,MJ0351YNG9TUHA,Hitachi HDS5C3030ALA630,3000592982016,0,,0,,,,,,,,0,,,,,,9315,,,,,,,,,,,,,,,,,,,,,,,,,,,,,,30,,,,,,0,,,,,,,,,,,,,,,,,,,,,,,,,,,,
2013-12-11,Z300CLT8,ST4000DM000,4000787030016,0,,133178568,,,,,,,,0,,,,,,2241,,,,,,,,,,,,,,,,,,,,,,,,,,,,,,24,,,,,,0,,,,,,,,,,,,,,,,,,,,,,,,,,,,
2013-12-11,Z300CLT4,ST4000DM000,4000787030016,0,,157670712,,,,,,,,0,,,,,,2241,,,,,,,,,,,,,,,,,,,,,,,,,,,,,,21,,,,,,0,,,,,,,,,,,,,,,,,,,,,,,,,,,,
2013-12-11,PL2311LAG1UH0C,Hitachi HDS5C4040ALE630,4000787030016,0,,0,,,,,,,,0,,,,,,7417,,,,,,,,,,,,,,,,,,,,,,,,,,,,,,22,,,,,,0,,,,,,,,,,,,,,,,,,,,,,,,,,,,
2013-12-11,MK0311YHGJ75KA,Hitachi HDS723030ALA640,3000592982016,0,,0,,,,,,,,0,,,,,,17017,,,,,,,,,,,,,,,,,,,,,,,,,,,,,,28,,,,,,0,,,,,,,,,,,,,,,,,,,,,,,,,,,,
2013-12-11,Z300PLFV,ST4000DM000,4000787030016,0,,41255432,,,,,,,,0,,,,,,1112,,,,,,,,,,,,,,,,,,,,,,,,,,,,,,21,,,,,,0,,,,,,,,,,,,,,,,,,,,,,,,,,,,
2013-12-11,PL1321LAG34L0H,Hitachi HDS5C4040ALE630,4000787030016,0,,0,,,,,,,,0,,,,,,5923,,,,,,,,,,,,,,,,,,,,,,,,,,,,,,19,,,,,,0,,,,,,,,,,,,,,,,,,,,,,,,,,,,
2013-12-11,MJ0351YNGAD4NA,Hitachi HDS5C3030ALA630,3000592982016,0,,0,,,,,,,,0,,,,,,8616,,,,,,,,,,,,,,,,,,,,,,,,,,,,,,30,,,,,,0,,,,,,,,,,,,,,,,,,,,,,,,,,,,
2013-12-11,5XW09J1D,ST31500541AS,1500301910016,0,,8571985,,,,,,,,0,,,,,,30008,,,,,,,,,,,,,,,,,,,,,,,,,,,,,,27,,,,,,0,,,,,,,,,,,,,,,,,,,,,,,,,,,,
2013-12-11,S1F0S74K,ST3000DM001,3000592982016,0,,210762696,,,,,,,,0,,,,,,10398,,,,,,,,,,,,,,,,,,,,,,,,,,,,,,28,,,,,,0,,,,,,,,,,,,,,,,,,,,,,,,,,,,
2013-12-11,9XW01RM9,ST31500541AS,1500301910016,0,,227502409,,,,,,,,0,,,,,,35022,,,,,,,,,,,,,,,,,,,,,,,,,,,,,,21,,,,,,0,,,,,,,,,,,,,,,,,,,,,,,,,,,,
2013-12-11,S1F0S74R,ST3000DM001,3000592982016,0,,178211840,,,,,,,,0,,,,,,10398,,,,,,,,,,,,,,,,,,,,,,,,,,,,,,29,,,,,,0,,,,,,,,,,,,,,,,,,,,,,,,,,,,
2013-12-11,JK11A5B8J7SS1X,Hitachi HDS722020ALA330,2000398934016,0,,0,,,,,,,,0,,,,,,22687,,,,,,,,,,,,,,,,,,,,,,,,,,,,,,22,,,,,,0,,,,,,,,,,,,,,,,,,,,,,,,,,,,
2013-12-11,MJ0351YNG9Z7YA,Hitachi HDS5C3030ALA630,3000592982016,0,,0,,,,,,,,0,,,,,,9975,,,,,,,,,,,,,,,,,,,,,,,,,,,,,,28,,,,,,0,,,,,,,,,,,,,,,,,,,,,,,,,,,,
2013-12-11,MJ0351YNGABYRA,Hitachi HDS5C3030ALA630,3000592982016,0,,0,,,,,,,,0,,,,,,8616,,,,,,,,,,,,,,,,,,,,,,,,,,,,,,29,,,,,,0,,,,,,,,,,,,,,,,,,,,,,,,,,,,
2013-12-11,WD-WCAWZ1016681,WDC WD30EZRX,3000592982016,0,,1,,,,,,,,0,,,,,,17604,,,,,,,,,,,,,,,,,,,,,,,,,,,,,,21,,,,,,0,,,,,,,,,,,,,,,,,,,,,,,,,,,,
2013-12-11,JK1101B8KNH1KS,Hitachi HDS722020ALA330,2000398934016,0,,0,,,,,,,,0,,,,,,23100,,,,,,,,,,,,,,,,,,,,,,,,,,,,,,27,,,,,,0,,,,,,,,,,,,,,,,,,,,,,,,,,,,
2013-12-11,MJ0351YNG9ZP5A,Hitachi HDS5C3030ALA630,3000592982016,0,,0,,,,,,,,0,,,,,,9974,,,,,,,,,,,,,,,,,,,,,,,,,,,,,,30,,,,,,0,,,,,,,,,,,,,,,,,,,,,,,,,,,,
2013-12-11,S1F033HK,ST3000DM001,3000592982016,0,,155050416,,,,,,,,0,,,,,,15480,,,,,,,,,,,,,,,,,,,,,,,,,,,,,,24,,,,,,0,,,,,,,,,,,,,,,,,,,,,,,,,,,,
2013-12-11,W300CWFG,ST4000DM000,4000787030016,0,,143923472,,,,,,,,0,,,,,,2243,,,,,,,,,,,,,,,,,,,,,,,,,,,,,,23,,,,,,0,,,,,,,,,,,,,,,,,,,,,,,,,,,,
2013-12-11,W1F0D8PL,ST3000DM001,3000592982016,0,,39873816,,,,,,,,0,,,,,,12876,,,,,,,,,,,,,,,,,,,,,,,,,,,,,,26,,,,,,0,,,,,,,,,,,,,,,,,,,,,,,,,,,,
2013-12-11,6XW1A7SW,ST32000542AS,2000398934016,0,,166193527,,,,,,,,0,,,,,,31470,,,,,,,,,,,,,,,,,,,,,,,,,,,,,,24,,,,,,0,,,,,,,,,,,,,,,,,,,,,,,,,,,,
2013-12-11,MJ1321YNG13ZKA,Hitachi HDS5C3030ALA630,3000592982016,0,,0,,,,,,,,0,,,,,,20503,,,,,,,,,,,,,,,,,,,,,,,,,,,,,,28,,,,,,0,,,,,,,,,,,,,,,,,,,,,,,,,,,,
2013-12-11,9VS1H7PQ,ST31500341AS,1500301910016,0,,30298710,,,,,,,,11,,,,,,39496,,,,,,,,,,,,,,,,,,,,,,,,,,,,,,26,,,,,,0,,,,,,,,,,,,,,,,,,,,,,,,,,,,
2013-12-11,Z300TACH,ST4000DM000,4000787030016,0,,195864208,,,,,,,,0,,,,,,948,,,,,,,,,,,,,,,,,,,,,,,,,,,,,,21,,,,,,0,,,,,,,,,,,,,,,,,,,,,,,,,,,,
2013-12-11,PL1321LAGALSMH,Hitachi HDS5C4040ALE630,4000787030016,0,,0,,,,,,,,0,,,,,,5075,,,,,,,,,,,,,,,,,,,,,,,,,,,,,,26,,,,,,0,,,,,,,,,,,,,,,,,,,,,,,,,,,,
2013-12-11,5XW0K1EB,ST32000542AS,2000398934016,0,,178843033,,,,,,,,0,,,,,,15216,,,,,,,,,,,,,,,,,,,,,,,,,,,,,,23,,,,,,0,,,,,,,,,,,,,,,,,,,,,,,,,,,,
2013-12-11,MJ0351YNG9ZNTA,Hitachi HDS5C3030ALA630,3000592982016,0,,0,,,,,,,,0,,,,,,9999,,,,,,,,,,,,,,,,,,,,,,,,,,,,,,32,,,,,,0,,,,,,,,,,,,,,,,,,,,,,,,,,,,
2013-12-11,MJ1311YNG7K3LA,Hitachi HDS5C3030ALA630,3000592982016,0,,0,,,,,,,,0,,,,,,14685,,,,,,,,,,,,,,,,,,,,,,,,,,,,,,19,,,,,,0,,,,,,,,,,,,,,,,,,,,,,,,,,,,
2013-12-11,JK11A8B9J3VULF,Hitachi HDS722020ALA330,2000398934016,0,,0,,,,,,,,0,,,,,,23125,,,,,,,,,,,,,,,,,,,,,,,,,,,,,,27,,,,,,0,,,,,,,,,,,,,,,,,,,,,,,,,,,,
2013-12-11,PL1311LAG3AABH,Hitachi HDS5C4040ALE630,4000787030016,0,,0,,,,,,,,0,,,,,,6655,,,,,,,,,,,,,,,,,,,,,,,,,,,,,,21,,,,,,0,,,,,,,,,,,,,,,,,,,,,,,,,,,,
2013-12-11,WD-WCAWZ0257539,WDC WD30EZRS,3000592982016,0,,0,,,,,,,,0,,,,,,10171,,,,,,,,,,,,,,,,,,,,,,,,,,,,,,22,,,,,,30,,,,,,,,,,,,,,,,,,,,,,,,,,,,
2013-12-11,MJ1311YNG7JKZA,Hitachi HDS5C3030ALA630,3000592982016,0,,0,,,,,,,,0,,,,,,14595,,,,,,,,,,,,,,,,,,,,,,,,,,,,,,29,,,,,,0,,,,,,,,,,,,,,,,,,,,,,,,,,,,
2013-12-11,PL1311LAG338UH,Hitachi HDS5C4040ALE630,4000787030016,0,,0,,,,,,,,0,,,,,,5036,,,,,,,,,,,,,,,,,,,,,,,,,,,,,,25,,,,,,0,,,,,,,,,,,,,,,,,,,,,,,,,,,,
2013-12-11,PL1311LAG38RBH,Hitachi HDS5C4040ALE630,4000787030016,0,,0,,,,,,,,0,,,,,,6637,,,,,,,,,,,,,,,,,,,,,,,,,,,,,,27,,,,,,0,,,,,,,,,,,,,,,,,,,,,,,,,,,,
2013-12-11,PL1311LAG2AU8H,Hitachi HDS5C4040ALE630,4000787030016,0,,0,,,,,,,,0,,,,,,4654,,,,,,,,,,,,,,,,,,,,,,,,,,,,,,23,,,,,,0,,,,,,,,,,,,,,,,,,,,,,,,,,,,
2013-12-11,Z300CWC7,ST4000DM000,4000787030016,0,,84265376,,,,,,,,0,,,,,,2248,,,,,,,,,,,,,,,,,,,,,,,,,,,,,,19,,,,,,0,,,,,,,,,,,,,,,,,,,,,,,,,,,,
2013-12-11,W300CHK3,ST4000DM000,4000787030016,0,,13165888,,,,,,,,0,,,,,,2243,,,,,,,,,,,,,,,,,,,,,,,,,,,,,,22,,,,,,0,,,,,,,,,,,,,,,,,,,,,,,,,,,,
2013-12-11,S1F032FC,ST3000DM001,3000592982016,0,,197827192,,,,,,,,0,,,,,,15455,,,,,,,,,,,,,,,,,,,,,,,,,,,,,,21,,,,,,0,,,,,,,,,,,,,,,,,,,,,,,,,,,,
2013-12-11,JK1171YAK2040N,Hitachi HDS722020ALA330,2000398934016,0,,131074,,,,,,,,0,,,,,,29915,,,,,,,,,,,,,,,,,,,,,,,,,,,,,,24,,,,,,0,,,,,,,,,,,,,,,,,,,,,,,,,,,,
2013-12-11,Z300PA72,ST4000DM000,4000787030016,0,,636656,,,,,,,,0,,,,,,1231,,,,,,,,,,,,,,,,,,,,,,,,,,,,,,19,,,,,,0,,,,,,,,,,,,,,,,,,,,,,,,,,,,
2013-12-11,5YD5Q8WM,ST1500DL003,1500301910016,0,,6735752,,,,,,,,0,,,,,,13643,,,,,,,,,,,,,,,,,,,,,,,,,,,,,,23,,,,,,0,,,,,,,,,,,,,,,,,,,,,,,,,,,,
2013-12-11,JK1101YAJJGX8Z,Hitachi HDS722020ALA330,2000398934016,0,,65536,,,,,,,,0,,,,,,27168,,,,,,,,,,,,,,,,,,,,,,,,,,,,,,28,,,,,,0,,,,,,,,,,,,,,,,,,,,,,,,,,,,
2013-12-11,JK1130YAHRW8LT,Hitachi HDS722020ALA330,2000398934016,0,,65536,,,,,,,,0,,,,,,30171,,,,,,,,,,,,,,,,,,,,,,,,,,,,,,31,,,,,,0,,,,,,,,,,,,,,,,,,,,,,,,,,,,
2013-12-11,Z300PMEV,ST4000DM000,4000787030016,0,,123752608,,,,,,,,0,,,,,,1094,,,,,,,,,,,,,,,,,,,,,,,,,,,,,,23,,,,,,0,,,,,,,,,,,,,,,,,,,,,,,,,,,,
2013-12-11,MJ0351YNGAD21A,Hitachi HDS5C3030ALA630,3000592982016,0,,0,,,,,,,,0,,,,,,7985,,,,,,,,,,,,,,,,,,,,,,,,,,,,,,29,,,,,,0,,,,,,,,,,,,,,,,,,,,,,,,,,,,
2013-12-11,JK11A8B9J2Y5BF,Hitachi HDS722020ALA330,2000398934016,0,,0,,,,,,,,0,,,,,,24216,,,,,,,,,,,,,,,,,,,,,,,,,,,,,,28,,,,,,0,,,,,,,,,,,,,,,,,,,,,,,,,,,,
2013-12-11,PL1311LAG3B89H,Hitachi HDS5C4040ALE630,4000787030016,0,,0,,,,,,,,0,,,,,,5304,,,,,,,,,,,,,,,,,,,,,,,,,,,,,,24,,,,,,0,,,,,,,,,,,,,,,,,,,,,,,,,,,,
2013-12-11,MJ1311YNG7K5RA,Hitachi HDS5C3030ALA630,3000592982016,0,,1,,,,,,,,0,,,,,,14291,,,,,,,,,,,,,,,,,,,,,,,,,,,,,,29,,,,,,0,,,,,,,,,,,,,,,,,,,,,,,,,,,,
2013-12-11,MK0311YHGEX0EA,Hitachi HDS723030ALA640,3000592982016,0,,0,,,,,,,,0,,,,,,14732,,,,,,,,,,,,,,,,,,,,,,,,,,,,,,29,,,,,,0,,,,,,,,,,,,,,,,,,,,,,,,,,,,
2013-12-11,MJ1321YNG0LRPA,Hitachi HDS5C3030ALA630,3000592982016,0,,393216,,,,,,,,0,,,,,,20731,,,,,,,,,,,,,,,,,,,,,,,,,,,,,,23,,,,,,0,,,,,,,,,,,,,,,,,,,,,,,,,,,,
2013-12-11,PL1331LAG5B25H,HGST HMS5C4040ALE640,4000787030016,0,,0,,,,,,,,0,,,,,,9402,,,,,,,,,,,,,,,,,,,,,,,,,,,,,,28,,,,,,0,,,,,,,,,,,,,,,,,,,,,,,,,,,,
2013-12-11,PL1311LAG1RM9A,Hitachi HDS5C4040ALE630,4000787030016,0,,0,,,,,,,,0,,,,,,7453,,,,,,,,,,,,,,,,,,,,,,,,,,,,,,19,,,,,,0,,,,,,,,,,,,,,,,,,,,,,,,,,,,
2013-12-11,JK1175YAJSSXJX,Hitachi HDS722020ALA330,2000398934016,0,,1,,,,,,,,0,,,,,,9915,,,,,,,,,,,,,,,,,,,,,,,,,,,,,,26,,,,,,0,,,,,,,,,,,,,,,,,,,,,,,,,,,,
2013-12-11,Z300KFEM,ST4000DM000,4000787030016,0,,220155440,,,,,,,,0,,,,,,152,,,,,,,,,,,,,,,,,,,,,,,,,,,,,,22,,,,,,0,,,,,,,,,,,,,,,,,,,,,,,,,,,,
2013-12-11,PL1311LAG1B8KA,Hitachi HDS5C4040ALE630,4000787030016,0,,0,,,,,,,,0,,,,,,7428,,,,,,,,,,,,,,,,,,,,,,,,,,,,,,28,,,,,,0,,,,,,,,,,,,,,,,,,,,,,,,,,,,
2013-12-11,Z3001R35,ST4000DM000,4000787030016,0,,116906336,,,,,,,,0,,,,,,5419,,,,,,,,,,,,,,,,,,,,,,,,,,,,,,21,,,,,,0,,,,,,,,,,,,,,,,,,,,,,,,,,,,
2013-12-11,W1F0H73G,ST3000DM001,3000592982016,0,,39989016,,,,,,,,0,,,,,,10944,,,,,,,,,,,,,,,,,,,,,,,,,,,,,,21,,,,,,0,,,,,,,,,,,,,,,,,,,,,,,,,,,,
2013-12-11,PL1321LAG355HH,Hitachi HDS5C4040ALE630,4000787030016,0,,0,,,,,,,,0,,,,,,5948,,,,,,,,,,,,,,,,,,,,,,,,,,,,,,23,,,,,,0,,,,,,,,,,,,,,,,,,,,,,,,,,,,
2013-12-11,6XW00N81,ST31500541AS,1500301910016,0,,40418851,,,,,,,,0,,,,,,36404,,,,,,,,,,,,,,,,,,,,,,,,,,,,,,15,,,,,,0,,,,,,,,,,,,,,,,,,,,,,,,,,,,
2013-12-11,S1F0S5NE,ST3000DM001,3000592982016,0,,196680592,,,,,,,,0,,,,,,10728,,,,,,,,,,,,,,,,,,,,,,,,,,,,,,22,,,,,,24,,,,,,,,,,,,,,,,,,,,,,,,,,,,
2013-12-11,5XW1PA6G,ST31500541AS,1500301910016,0,,109794343,,,,,,,,0,,,,,,12374,,,,,,,,,,,,,,,,,,,,,,,,,,,,,,18,,,,,,0,,,,,,,,,,,,,,,,,,,,,,,,,,,,
2013-12-11,MJ0351YNGA76DA,Hitachi HDS5C3030ALA630,3000592982016,0,,0,,,,,,,,0,,,,,,9163,,,,,,,,,,,,,,,,,,,,,,,,,,,,,,30,,,,,,0,,,,,,,,,,,,,,,,,,,,,,,,,,,,
2013-12-11,Z300W96V,ST4000DM000,4000787030016,0,,56308472,,,,,,,,0,,,,,,923,,,,,,,,,,,,,,,,,,,,,,,,,,,,,,25,,,,,,0,,,,,,,,,,,,,,,,,,,,,,,,,,,,
2013-12-11,JK11A8B9J95B0F,Hitachi HDS722020ALA330,2000398934016,0,,0,,,,,,,,0,,,,,,25539,,,,,,,,,,,,,,,,,,,,,,,,,,,,,,29,,,,,,0,,,,,,,,,,,,,,,,,,,,,,,,,,,,
2013-12-11,W300DZ0P,ST4000DM000,4000787030016,0,,19199376,,,,,,,,0,,,,,,4166,,,,,,,,,,,,,,,,,,,,,,,,,,,,,,24,,,,,,0,,,,,,,,,,,,,,,,,,,,,,,,,,,,
2013-12-11,W300KKXF,ST4000DM000,4000787030016,0,,30707296,,,,,,,,0,,,,,,923,,,,,,,,,,,,,,,,,,,,,,,,,,,,,,22,,,,,,0,,,,,,,,,,,,,,,,,,,,,,,,,,,,
2013-12-11,JK11A8B9J7PP3F,Hitachi HDS722020ALA330,2000398934016,0,,0,,,,,,,,1259,,,,,,23577,,,,,,,,,,,,,,,,,,,,,,,,,,,,,,24,,,,,,12,,,,,,,,,,,,,,,,,,,,,,,,,,,,
2013-12-11,Z300J9X8,ST4000DM000,4000787030016,0,,121527888,,,,,,,,0,,,,,,2218,,,,,,,,,,,,,,,,,,,,,,,,,,,,,,22,,,,,,0,,,,,,,,,,,,,,,,,,,,,,,,,,,,
2013-12-11,W300D2GK,ST4000DM000,4000787030016,0,,168051568,,,,,,,,0,,,,,,2177,,,,,,,,,,,,,,,,,,,,,,,,,,,,,,22,,,,,,0,,,,,,,,,,,,,,,,,,,,,,,,,,,,
2013-12-11,JK11A8B9J2B8ZF,Hitachi HDS722020ALA330,2000398934016,0,,0,,,,,,,,0,,,,,,24401,,,,,,,,,,,,,,,,,,,,,,,,,,,,,,29,,,,,,0,,,,,,,,,,,,,,,,,,,,,,,,,,,,
2013-12-11,MJ1321YNG0PM3A,Hitachi HDS5C3030ALA630,3000592982016,0,,8519680,,,,,,,,0,,,,,,20480,,,,,,,,,,,,,,,,,,,,,,,,,,,,,,25,,,,,,0,,,,,,,,,,,,,,,,,,,,,,,,,,,,
2013-12-11,S1F0BC8L,ST3000DM001,3000592982016,0,,178435168,,,,,,,,0,,,,,,12361,,,,,,,,,,,,,,,,,,,,,,,,,,,,,,24,,,,,,0,,,,,,,,,,,,,,,,,,,,,,,,,,,,
2013-12-11,W1F0A4JR,ST3000DM001,3000592982016,0,,140332472,,,,,,,,0,,,,,,15365,,,,,,,,,,,,,,,,,,,,,,,,,,,,,,22,,,,,,0,,,,,,,,,,,,,,,,,,,,,,,,,,,,
2013-12-11,JK11A8B9H70K1F,Hitachi HDS722020ALA330,2000398934016,0,,0,,,,,,,,0,,,,,,10760,,,,,,,,,,,,,,,,,,,,,,,,,,,,,,27,,,,,,0,,,,,,,,,,,,,,,,,,,,,,,,,,,,
2013-12-11,PL1311LAG2BWHH,Hitachi HDS5C4040ALE630,4000787030016,0,,0,,,,,,,,0,,,,,,7461,,,,,,,,,,,,,,,,,,,,,,,,,,,,,,25,,,,,,0,,,,,,,,,,,,,,,,,,,,,,,,,,,,
2013-12-11,PL1311LAG3DPYH,Hitachi HDS5C4040ALE630,4000787030016,0,,0,,,,,,,,0,,,,,,5058,,,,,,,,,,,,,,,,,,,,,,,,,,,,,,28,,,,,,0,,,,,,,,,,,,,,,,,,,,,,,,,,,,
2013-12-11,MJ1323YNG128XC,Hitachi HDS5C3030ALA630,3000592982016,0,,0,,,,,,,,0,,,,,,20731,,,,,,,,,,,,,,,,,,,,,,,,,,,,,,29,,,,,,0,,,,,,,,,,,,,,,,,,,,,,,,,,,,
2013-12-11,W300BMX8,ST4000DM000,4000787030016,0,,112214056,,,,,,,,0,,,,,,3604,,,,,,,,,,,,,,,,,,,,,,,,,,,,,,23,,,,,,0,,,,,,,,,,,,,,,,,,,,,,,,,,,,
2013-12-11,MJ1311YNG6VW3A,Hitachi HDS5C3030ALA630,3000592982016,0,,0,,,,,,,,0,,,,,,14597,,,,,,,,,,,,,,,,,,,,,,,,,,,,,,29,,,,,,0,,,,,,,,,,,,,,,,,,,,,,,,,,,,
2013-12-11,Z1F06WA0,ST3000DM001,3000592982016,0,,68451760,,,,,,,,0,,,,,,15078,,,,,,,,,,,,,,,,,,,,,,,,,,,,,,22,,,,,,0,,,,,,,,,,,,,,,,,,,,,,,,,,,,
2013-12-11,W3009NG5,ST4000DM000,4000787030016,0,,43313768,,,,,,,,0,,,,,,4140,,,,,,,,,,,,,,,,,,,,,,,,,,,,,,20,,,,,,0,,,,,,,,,,,,,,,,,,,,,,,,,,,,
2013-12-11,9XW032JK,ST31500541AS,1500301910016,0,,46664858,,,,,,,,0,,,,,,33346,,,,,,,,,,,,,,,,,,,,,,,,,,,,,,19,,,,,,0,,,,,,,,,,,,,,,,,,,,,,,,,,,,
2013-12-11,MJ0351YNG9VYSA,Hitachi HDS5C3030ALA630,3000592982016,0,,0,,,,,,,,20,,,,,,9721,,,,,,,,,,,,,,,,,,,,,,,,,,,,,,27,,,,,,0,,,,,,,,,,,,,,,,,,,,,,,,,,,,
2013-12-11,W300BT0J,ST4000DM000,4000787030016,0,,51810568,,,,,,,,0,,,,,,4136,,,,,,,,,,,,,,,,,,,,,,,,,,,,,,23,,,,,,0,,,,,,,,,,,,,,,,,,,,,,,,,,,,
2013-12-11,Z300SXFY,ST4000DM000,4000787030016,0,,220080480,,,,,,,,0,,,,,,990,,,,,,,,,,,,,,,,,,,,,,,,,,,,,,26,,,,,,0,,,,,,,,,,,,,,,,,,,,,,,,,,,,
2013-12-11,MK0333YHGPDDNC,Hitachi HDS723030ALA640,3000592982016,0,,0,,,,,,,,0,,,,,,18088,,,,,,,,,,,,,,,,,,,,,,,,,,,,,,31,,,,,,1,,,,,,,,,,,,,,,,,,,,,,,,,,,,
2013-12-11,Z1F0LW3A,ST3000DM001,3000592982016,0,,173462552,,,,,,,,0,,,,,,12169,,,,,,,,,,,,,,,,,,,,,,,,,,,,,,25,,,,,,0,,,,,,,,,,,,,,,,,,,,,,,,,,,,
2013-12-11,W1F08KZW,ST3000DM001,3000592982016,0,,236803272,,,,,,,,0,,,,,,8012,,,,,,,,,,,,,,,,,,,,,,,,,,,,,,21,,,,,,0,,,,,,,,,,,,,,,,,,,,,,,,,,,,
2013-12-11,JK1101B9JKV48F,Hitachi HDS722020ALA330,2000398934016,0,,0,,,,,,,,0,,,,,,24399,,,,,,,,,,,,,,,,,,,,,,,,,,,,,,32,,,,,,0,,,,,,,,,,,,,,,,,,,,,,,,,,,,
2013-12-11,Z1Z05NYQ,ST4000DX000,4000787030016,0,,242151624,,,,,,,,0,,,,,,5379,,,,,,,,,,,,,,,,,,,,,,,,,,,,,,26,,,,,,0,,,,,,,,,,,,,,,,,,,,,,,,,,,,
2013-12-11,Z300E2K3,ST4000DM000,4000787030016,0,,83479608,,,,,,,,0,,,,,,2843,,,,,,,,,,,,,,,,,,,,,,,,,,,,,,17,,,,,,0,,,,,,,,,,,,,,,,,,,,,,,,,,,,
2013-12-11,6XW1JDLC,ST32000542AS,2000398934016,0,,61720765,,,,,,,,0,,,,,,15217,,,,,,,,,,,,,,,,,,,,,,,,,,,,,,24,,,,,,0,,,,,,,,,,,,,,,,,,,,,,,,,,,,
2013-12-11,PL1311LAG27W4H,Hitachi HDS5C4040ALE630,4000787030016,0,,0,,,,,,,,0,,,,,,5922,,,,,,,,,,,,,,,,,,,,,,,,,,,,,,20,,,,,,0,,,,,,,,,,,,,,,,,,,,,,,,,,,,
2013-12-11,S1F0CWHQ,ST3000DM001,3000592982016,0,,119754376,,,,,,,,0,,,,,,12395,,,,,,,,,,,,,,,,,,,,,,,,,,,,,,26,,,,,,0,,,,,,,,,,,,,,,,,,,,,,,,,,,,
2013-12-11,Z290VD6A,ST33000651AS,3000592982016,0,,148145947,,,,,,,,0,,,,,,17742,,,,,,,,,,,,,,,,,,,,,,,,,,,,,,21,,,,,,0,,,,,,,,,,,,,,,,,,,,,,,,,,,,
2013-12-11,6XW001M5,ST31500541AS,1500301910016,0,,189480260,,,,,,,,334,,,,,,36958,,,,,,,,,,,,,,,,,,,,,,,,,,,,,,23,,,,,,0,,,,,,,,,,,,,,,,,,,,,,,,,,,,
2013-12-11,S1F03F79,ST3000DM001,3000592982016,0,,116157568,,,,,,,,0,,,,,,15246,,,,,,,,,,,,,,,,,,,,,,,,,,,,,,19,,,,,,0,,,,,,,,,,,,,,,,,,,,,,,,,,,,
2013-12-11,WD-WMAWZ0342159,WDC WD30EZRX,3000592982016,0,,153,,,,,,,,0,,,,,,11012,,,,,,,,,,,,,,,,,,,,,,,,,,,,,,25,,,,,,5,,,,,,,,,,,,,,,,,,,,,,,,,,,,
2013-12-11,MK0311YHG2KDHA,Hitachi HDS723030ALA640,3000592982016,0,,0,,,,,,,,0,,,,,,22347,,,,,,,,,,,,,,,,,,,,,,,,,,,,,,27,,,,,,0,,,,,,,,,,,,,,,,,,,,,,,,,,,,
2013-12-11,MJ0351YNG9W7LA,Hitachi HDS5C3030ALA630,3000592982016,0,,0,,,,,,,,0,,,,,,9901,,,,,,,,,,,,,,,,,,,,,,,,,,,,,,27,,,,,,0,,,,,,,,,,,,,,,,,,,,,,,,,,,,
2013-12-11,W300BT02,ST4000DM000,4000787030016,0,,1853408,,,,,,,,0,,,,,,4136,,,,,,,,,,,,,,,,,,,,,,,,,,,,,,22,,,,,,0,,,,,,,,,,,,,,,,,,,,,,,,,,,,
2013-12-11,W1F0TQEE,ST3000DM001,3000592982016,0,,49865344,,,,,,,,0,,,,,,10726,,,,,,,,,,,,,,,,,,,,,,,,,,,,,,26,,,,,,0,,,,,,,,,,,,,,,,,,,,,,,,,,,,
2013-12-11,MJ1323YNG1S88C,Hitachi HDS5C3030ALA630,3000592982016,0,,0,,,,,,,,0,,,,,,19372,,,,,,,,,,,,,,,,,,,,,,,,,,,,,,23,,,,,,0,,,,,,,,,,,,,,,,,,,,,,,,,,,,
2013-12-11,S1F11MB0,ST3000DM001,3000592982016,0,,49062936,,,,,,,,0,,,,,,7994,,,,,,,,,,,,,,,,,,,,,,,,,,,,,,17,,,,,,0,,,,,,,,,,,,,,,,,,,,,,,,,,,,
2013-12-11,S1F0GP5L,ST3000DM001,3000592982016,0,,75164128,,,,,,,,56,,,,,,11754,,,,,,,,,,,,,,,,,,,,,,,,,,,,,,28,,,,,,0,,,,,,,,,,,,,,,,,,,,,,,,,,,,
2013-12-11,JK11A4B8JR4XBW,Hitachi HDS722020ALA330,2000398934016,0,,0,,,,,,,,0,,,,,,23823,,,,,,,,,,,,,,,,,,,,,,,,,,,,,,24,,,,,,0,,,,,,,,,,,,,,,,,,,,,,,,,,,,
2013-12-11,MJ0351YNGA3G5A,Hitachi HDS5C3030ALA630,3000592982016,0,,0,,,,,,,,0,,,,,,8092,,,,,,,,,,,,,,,,,,,,,,,,,,,,,,25,,,,,,0,,,,,,,,,,,,,,,,,,,,,,,,,,,,
2013-12-11,5XW00TCN,ST31500541AS,1500301910016,0,,184424681,,,,,,,,0,,,,,,37068,,,,,,,,,,,,,,,,,,,,,,,,,,,,,,27,,,,,,0,,,,,,,,,,,,,,,,,,,,,,,,,,,,
2013-12-11,6XW10BQH,ST31500541AS,1500301910016,0,,74032295,,,,,,,,0,,,,,,32027,,,,,,,,,,,,,,,,,,,,,,,,,,,,,,23,,,,,,0,,,,,,,,,,,,,,,,,,,,,,,,,,,,
2013-12-11,MK0311YHGG1BYA,Hitachi HDS723030ALA640,3000592982016,0,,0,,,,,,,,0,,,,,,16679,,,,,,,,,,,,,,,,,,,,,,,,,,,,,,27,,,,,,0,,,,,,,,,,,,,,,,,,,,,,,,,,,,
2013-12-11,S1F0TQ3A,ST3000DM001,3000592982016,0,,96230600,,,,,,,,0,,,,,,10772,,,,,,,,,,,,,,,,,,,,,,,,,,,,,,25,,,,,,0,,,,,,,,,,,,,,,,,,,,,,,,,,,,
2013-12-11,S1F0LE6Q,ST3000DM001,3000592982016,0,,127345768,,,,,,,,0,,,,,,10942,,,,,,,,,,,,,,,,,,,,,,,,,,,,,,26,,,,,,0,,,,,,,,,,,,,,,,,,,,,,,,,,,,
2013-12-11,MJ1311YNG5DDBA,Hitachi HDS5C3030ALA630,3000592982016,0,,0,,,,,,,,0,,,,,,14289,,,,,,,,,,,,,,,,,,,,,,,,,,,,,,31,,,,,,0,,,,,,,,,,,,,,,,,,,,,,,,,,,,
2013-12-11,JK11A8B9J79H5F,Hitachi HDS722020ALA330,2000398934016,0,,0,,,,,,,,0,,,,,,22696,,,,,,,,,,,,,,,,,,,,,,,,,,,,,,28,,,,,,0,,,,,,,,,,,,,,,,,,,,,,,,,,,,
2013-12-11,MJ0351YNGA01BA,Hitachi HDS5C3030ALA630,3000592982016,0,,0,,,,,,,,0,,,,,,9941,,,,,,,,,,,,,,,,,,,,,,,,,,,,,,24,,,,,,0,,,,,,,,,,,,,,,,,,,,,,,,,,,,
2013-12-11,PL1311LAG2X67A,Hitachi HDS5C4040ALE630,4000787030016,0,,0,,,,,,,,0,,,,,,6616,,,,,,,,,,,,,,,,,,,,,,,,,,,,,,27,,,,,,0,,,,,,,,,,,,,,,,,,,,,,,,,,,,
2013-12-11,PL2321LAGASNKJ,Hitachi HDS5C4040ALE630,4000787030016,0,,0,,,,,,,,0,,,,,,2981,,,,,,,,,,,,,,,,,,,,,,,,,,,,,,26,,,,,,0,,,,,,,,,,,,,,,,,,,,,,,,,,,,
2013-12-11,MJ1311YNG2YV1A,Hitachi HDS5C3030ALA630,3000592982016,0,,0,,,,,,,,0,,,,,,18066,,,,,,,,,,,,,,,,,,,,,,,,,,,,,,29,,,,,,0,,,,,,,,,,,,,,,,,,,,,,,,,,,,
2013-12-11,PL2311LAG1NM3C,Hitachi HDS5C4040ALE630,4000787030016,0,,0,,,,,,,,0,,,,,,7415,,,,,,,,,,,,,,,,,,,,,,,,,,,,,,20,,,,,,0,,,,,,,,,,,,,,,,,,,,,,,,,,,,
2013-12-11,S1F01B9B,ST3000DM001,3000592982016,0,,230574800,,,,,,,,0,,,,,,15402,,,,,,,,,,,,,,,,,,,,,,,,,,,,,,20,,,,,,0,,,,,,,,,,,,,,,,,,,,,,,,,,,,
2013-12-11,JK1101B9J2W3DF,Hitachi HDS722020ALA330,2000398934016,0,,0,,,,,,,,1,,,,,,23823,,,,,,,,,,,,,,,,,,,,,,,,,,,,,,27,,,,,,0,,,,,,,,,,,,,,,,,,,,,,,,,,,,
2013-12-11,MJ1323YNG1M1MC,Hitachi HDS5C3030ALA630,3000592982016,0,,0,,,,,,,,0,,,,,,8159,,,,,,,,,,,,,,,,,,,,,,,,,,,,,,28,,,,,,0,,,,,,,,,,,,,,,,,,,,,,,,,,,,
2013-12-11,MJ0351YNG9KSJA,Hitachi HDS5C3030ALA630,3000592982016,0,,0,,,,,,,,0,,,,,,9672,,,,,,,,,,,,,,,,,,,,,,,,,,,,,,29,,,,,,0,,,,,,,,,,,,,,,,,,,,,,,,,,,,
2013-12-11,JK11A8B9J2WH3F,Hitachi HDS722020ALA330,2000398934016,0,,0,,,,,,,,0,,,,,,24432,,,,,,,,,,,,,,,,,,,,,,,,,,,,,,28,,,,,,0,,,,,,,,,,,,,,,,,,,,,,,,,,,,
2013-12-11,9VS3JF5A,ST31500341AS,1500301910016,0,,70594283,,,,,,,,1,,,,,,30674,,,,,,,,,,,,,,,,,,,,,,,,,,,,,,29,,,,,,0,,,,,,,,,,,,,,,,,,,,,,,,,,,,
2013-12-11,JK11A8B9J1KLKF,Hitachi HDS722020ALA330,2000398934016,0,,0,,,,,,,,0,,,,,,24306,,,,,,,,,,,,,,,,,,,,,,,,,,,,,,23,,,,,,0,,,,,,,,,,,,,,,,,,,,,,,,,,,,
2013-12-11,PL2311LAG1PS2C,Hitachi HDS5C4040ALE630,4000787030016,0,,0,,,,,,,,0,,,,,,7757,,,,,,,,,,,,,,,,,,,,,,,,,,,,,,26,,,,,,0,,,,,,,,,,,,,,,,,,,,,,,,,,,,
2013-12-11,Z300NQY4,ST4000DM000,4000787030016,0,,93560928,,,,,,,,0,,,,,,1092,,,,,,,,,,,,,,,,,,,,,,,,,,,,,,26,,,,,,0,,,,,,,,,,,,,,,,,,,,,,,,,,,,
2013-12-11,PL1321LAGB2U6H,Hitachi HDS5C4040ALE630,4000787030016,0,,0,,,,,,,,0,,,,,,5066,,,,,,,,,,,,,,,,,,,,,,,,,,,,,,27,,,,,,0,,,,,,,,,,,,,,,,,,,,,,,,,,,,
2013-12-11,WD-WCC070167074,WDC WD30EZRX,3000592982016,0,,0,,,,,,,,0,,,,,,8608,,,,,,,,,,,,,,,,,,,,,,,,,,,,,,24,,,,,,0,,,,,,,,,,,,,,,,,,,,,,,,,,,,
2013-12-11,W1F0AF1G,ST3000DM001,3000592982016,0,,100362392,,,,,,,,0,,,,,,15365,,,,,,,,,,,,,,,,,,,,,,,,,,,,,,20,,,,,,24,,,,,,,,,,,,,,,,,,,,,,,,,,,,
2013-12-11,S1F01KHS,ST3000DM001,3000592982016,0,,14794592,,,,,,,,320,,,,,,15265,,,,,,,,,,,,,,,,,,,,,,,,,,,,,,23,,,,,,0,,,,,,,,,,,,,,,,,,,,,,,,,,,,
2013-12-11,S1F06Q43,ST3000DM001,3000592982016,0,,142454760,,,,,,,,0,,,,,,13819,,,,,,,,,,,,,,,,,,,,,,,,,,,,,,20,,,,,,0,,,,,,,,,,,,,,,,,,,,,,,,,,,,
2013-12-11,MJ0351YNG9W55A,Hitachi HDS5C3030ALA630,3000592982016,0,,0,,,,,,,,0,,,,,,9773,,,,,,,,,,,,,,,,,,,,,,,,,,,,,,28,,,,,,0,,,,,,,,,,,,,,,,,,,,,,,,,,,,
2013-12-11,W1F0AF1K,ST3000DM001,3000592982016,0,,123637040,,,,,,,,0,,,,,,15367,,,,,,,,,,,,,,,,,,,,,,,,,,,,,,21,,,,,,0,,,,,,,,,,,,,,,,,,,,,,,,,,,,
2013-12-11,MJ1311YNG3GAUA,Hitachi HDS5C3030ALA630,3000592982016,0,,1,,,,,,,,0,,,,,,19588,,,,,,,,,,,,,,,,,,,,,,,,,,,,,,28,,,,,,0,,,,,,,,,,,,,,,,,,,,,,,,,,,,
2013-12-11,MJ1323YNG1SJ2C,Hitachi HDS5C3030ALA630,3000592982016,0,,0,,,,,,,,0,,,,,,20079,,,,,,,,,,,,,,,,,,,,,,,,,,,,,,34,,,,,,0,,,,,,,,,,,,,,,,,,,,,,,,,,,,
2013-12-11,Z300XE9P,ST4000DM000,4000787030016,0,,157337848,,,,,,,,0,,,,,,920,,,,,,,,,,,,,,,,,,,,,,,,,,,,,,21,,,,,,0,,,,,,,,,,,,,,,,,,,,,,,,,,,,
2013-12-11,W1F0B4PJ,ST3000DM001,3000592982016,0,,156603792,,,,,,,,0,,,,,,13886,,,,,,,,,,,,,,,,,,,,,,,,,,,,,,26,,,,,,0,,,,,,,,,,,,,,,,,,,,,,,,,,,,
2013-12-11,Z300XE9Y,ST4000DM000,4000787030016,0,,76774768,,,,,,,,0,,,,,,886,,,,,,,,,,,,,,,,,,,,,,,,,,,,,,24,,,,,,0,,,,,,,,,,,,,,,,,,,,,,,,,,,,
2013-12-11,JK1101B9GETM0F,Hitachi HDS722020ALA330,2000398934016,0,,0,,,,,,,,0,,,,,,27487,,,,,,,,,,,,,,,,,,,,,,,,,,,,,,24,,,,,,0,,,,,,,,,,,,,,,,,,,,,,,,,,,,
2013-12-11,W300A1HY,ST4000DM000,4000787030016,0,,216041784,,,,,,,,0,,,,,,4140,,,,,,,,,,,,,,,,,,,,,,,,,,,,,,19,,,,,,0,,,,,,,,,,,,,,,,,,,,,,,,,,,,
2013-12-11,WD-WCAU47265429,WDC WD10EADS,1000204886016,0,,5,,,,,,,,0,,,,,,40258,,,,,,,,,,,,,,,,,,,,,,,,,,,,,,30,,,,,,0,,,,,,,,,,,,,,,,,,,,,,,,,,,,
2013-12-11,Z300NQYL,ST4000DM000,4000787030016,0,,195592560,,,,,,,,0,,,,,,1142,,,,,,,,,,,,,,,,,,,,,,,,,,,,,,27,,,,,,0,,,,,,,,,,,,,,,,,,,,,,,,,,,,
2013-12-11,WD-WCAU47265420,WDC WD10EADS,1000204886016,0,,2,,,,,,,,0,,,,,,39850,,,,,,,,,,,,,,,,,,,,,,,,,,,,,,29,,,,,,0,,,,,,,,,,,,,,,,,,,,,,,,,,,,
2013-12-11,MJ1311YNG056UA,Hitachi HDS5C3030ALA630,3000592982016,0,,0,,,,,,,,0,,,,,,18066,,,,,,,,,,,,,,,,,,,,,,,,,,,,,,29,,,,,,0,,,,,,,,,,,,,,,,,,,,,,,,,,,,
2013-12-11,S1F047GL,ST3000DM001,3000592982016,0,,73982880,,,,,,,,0,,,,,,16176,,,,,,,,,,,,,,,,,,,,,,,,,,,,,,22,,,,,,0,,,,,,,,,,,,,,,,,,,,,,,,,,,,
2013-12-11,S1F047GM,ST3000DM001,3000592982016,0,,51074464,,,,,,,,0,,,,,,16198,,,,,,,,,,,,,,,,,,,,,,,,,,,,,,23,,,,,,16,,,,,,,,,,,,,,,,,,,,,,,,,,,,
2013-12-11,JK11A8B9JPSN8F,Hitachi HDS722020ALA330,2000398934016,0,,65537,,,,,,,,0,,,,,,23719,,,,,,,,,,,,,,,,,,,,,,,,,,,,,,29,,,,,,0,,,,,,,,,,,,,,,,,,,,,,,,,,,,
2013-12-11,W300A1HK,ST4000DM000,4000787030016,0,,176369784,,,,,,,,0,,,,,,4139,,,,,,,,,,,,,,,,,,,,,,,,,,,,,,22,,,,,,0,,,,,,,,,,,,,,,,,,,,,,,,,,,,
2013-12-11,JK1101B9JPEK6R,Hitachi HDS722020ALA330,2000398934016,0,,0,,,,,,,,0,,,,,,24099,,,,,,,,,,,,,,,,,,,,,,,,,,,,,,28,,,,,,0,,,,,,,,,,,,,,,,,,,,,,,,,,,,
2013-12-11,Z291E59A,ST33000651AS,3000592982016,0,,152058393,,,,,,,,0,,,,,,3293,,,,,,,,,,,,,,,,,,,,,,,,,,,,,,27,,,,,,0,,,,,,,,,,,,,,,,,,,,,,,,,,,,
2013-12-11,Z300NPM0,ST4000DM000,4000787030016,0,,154385960,,,,,,,,0,,,,,,1233,,,,,,,,,,,,,,,,,,,,,,,,,,,,,,20,,,,,,0,,,,,,,,,,,,,,,,,,,,,,,,,,,,
2013-12-11,MJ0351YNG9ZPPA,Hitachi HDS5C3030ALA630,3000592982016,0,,0,,,,,,,,0,,,,,,8617,,,,,,,,,,,,,,,,,,,,,,,,,,,,,,30,,,,,,0,,,,,,,,,,,,,,,,,,,,,,,,,,,,
2013-12-11,W300J2AK,ST4000DM000,4000787030016,0,,156252304,,,,,,,,0,,,,,,815,,,,,,,,,,,,,,,,,,,,,,,,,,,,,,21,,,,,,0,,,,,,,,,,,,,,,,,,,,,,,,,,,,
2013-12-11,PL2311LAG1UR6C,Hitachi HDS5C4040ALE630,4000787030016,0,,0,,,,,,,,0,,,,,,7461,,,,,,,,,,,,,,,,,,,,,,,,,,,,,,28,,,,,,0,,,,,,,,,,,,,,,,,,,,,,,,,,,,
2013-12-11,PL1321LAG2Y5RH,Hitachi HDS5C4040ALE630,4000787030016,0,,0,,,,,,,,0,,,,,,6653,,,,,,,,,,,,,,,,,,,,,,,,,,,,,,21,,,,,,0,,,,,,,,,,,,,,,,,,,,,,,,,,,,
2013-12-11,JK1101YAK91ZBV,Hitachi HDS722020ALA330,2000398934016,0,,0,,,,,,,,0,,,,,,29654,,,,,,,,,,,,,,,,,,,,,,,,,,,,,,25,,,,,,0,,,,,,,,,,,,,,,,,,,,,,,,,,,,
2013-12-11,PL1311LAG38MPH,Hitachi HDS5C4040ALE630,4000787030016,0,,65537,,,,,,,,0,,,,,,5302,,,,,,,,,,,,,,,,,,,,,,,,,,,,,,28,,,,,,0,,,,,,,,,,,,,,,,,,,,,,,,,,,,
2013-12-11,JK11A4B8JR6XGW,Hitachi HDS722020ALA330,2000398934016,0,,0,,,,,,,,0,,,,,,23823,,,,,,,,,,,,,,,,,,,,,,,,,,,,,,24,,,,,,0,,,,,,,,,,,,,,,,,,,,,,,,,,,,
2013-12-11,MJ1323YNG1SEEC,Hitachi HDS5C3030ALA630,3000592982016,0,,0,,,,,,,,0,,,,,,19760,,,,,,,,,,,,,,,,,,,,,,,,,,,,,,30,,,,,,0,,,,,,,,,,,,,,,,,,,,,,,,,,,,
2013-12-11,JK1101B9J3UL8F,Hitachi HDS722020ALA330,2000398934016,0,,0,,,,,,,,0,,,,,,23104,,,,,,,,,,,,,,,,,,,,,,,,,,,,,,23,,,,,,0,,,,,,,,,,,,,,,,,,,,,,,,,,,,
2013-12-11,MK0311YHGGSSDA,Hitachi HDS723030ALA640,3000592982016,0,,0,,,,,,,,32,,,,,,17017,,,,,,,,,,,,,,,,,,,,,,,,,,,,,,25,,,,,,0,,,,,,,,,,,,,,,,,,,,,,,,,,,,
2013-12-11,S1F01JJ5,ST3000DM001,3000592982016,0,,222091120,,,,,,,,0,,,,,,15417,,,,,,,,,,,,,,,,,,,,,,,,,,,,,,26,,,,,,0,,,,,,,,,,,,,,,,,,,,,,,,,,,,
2013-12-11,JK11A4B8J7SJEW,Hitachi HDS722020ALA330,2000398934016,0,,0,,,,,,,,0,,,,,,25120,,,,,,,,,,,,,,,,,,,,,,,,,,,,,,34,,,,,,0,,,,,,,,,,,,,,,,,,,,,,,,,,,,
2013-12-11,JK1131YAH19PTV,Hitachi HDS722020ALA330,2000398934016,0,,65536,,,,,,,,2,,,,,,27050,,,,,,,,,,,,,,,,,,,,,,,,,,,,,,25,,,,,,0,,,,,,,,,,,,,,,,,,,,,,,,,,,,
2013-12-11,MJ0351YNG9YSMA,Hitachi HDS5C3030ALA630,3000592982016,0,,0,,,,,,,,0,,,,,,9938,,,,,,,,,,,,,,,,,,,,,,,,,,,,,,26,,,,,,0,,,,,,,,,,,,,,,,,,,,,,,,,,,,
2013-12-11,JK1101B9JPG52F,Hitachi HDS722020ALA330,2000398934016,0,,1,,,,,,,,0,,,,,,23990,,,,,,,,,,,,,,,,,,,,,,,,,,,,,,23,,,,,,0,,,,,,,,,,,,,,,,,,,,,,,,,,,,
2013-12-11,W1F1C9WG,ST3000DM001,3000592982016,0,,119093992,,,,,,,,0,,,,,,8204,,,,,,,,,,,,,,,,,,,,,,,,,,,,,,23,,,,,,0,,,,,,,,,,,,,,,,,,,,,,,,,,,,
2013-12-11,MJ1311YNG7KRZA,Hitachi HDS5C3030ALA630,3000592982016,0,,0,,,,,,,,0,,,,,,14624,,,,,,,,,,,,,,,,,,,,,,,,,,,,,,24,,,,,,0,,,,,,,,,,,,,,,,,,,,,,,,,,,,
2013-12-11,9XW02H2E,ST31500541AS,1500301910016,0,,119384428,,,,,,,,0,,,,,,24744,,,,,,,,,,,,,,,,,,,,,,,,,,,,,,18,,,,,,0,,,,,,,,,,,,,,,,,,,,,,,,,,,,
2013-12-11,Z300NPMP,ST4000DM000,4000787030016,0,,136344176,,,,,,,,0,,,,,,105,,,,,,,,,,,,,,,,,,,,,,,,,,,,,,20,,,,,,0,,,,,,,,,,,,,,,,,,,,,,,,,,,,
2013-12-11,MJ0351YNGAD7YA,Hitachi HDS5C3030ALA630,3000592982016,0,,0,,,,,,,,0,,,,,,8613,,,,,,,,,,,,,,,,,,,,,,,,,,,,,,30,,,,,,0,,,,,,,,,,,,,,,,,,,,,,,,,,,,
2013-12-11,Z300NPMS,ST4000DM000,4000787030016,0,,235045952,,,,,,,,0,,,,,,1093,,,,,,,,,,,,,,,,,,,,,,,,,,,,,,26,,,,,,0,,,,,,,,,,,,,,,,,,,,,,,,,,,,
2013-12-11,PL1311LAG28WKH,Hitachi HDS5C4040ALE630,4000787030016,0,,0,,,,,,,,0,,,,,,7411,,,,,,,,,,,,,,,,,,,,,,,,,,,,,,24,,,,,,0,,,,,,,,,,,,,,,,,,,,,,,,,,,,
2013-12-11,PL1321LAG34YMH,Hitachi HDS5C4040ALE630,4000787030016,0,,0,,,,,,,,0,,,,,,6619,,,,,,,,,,,,,,,,,,,,,,,,,,,,,,25,,,,,,0,,,,,,,,,,,,,,,,,,,,,,,,,,,,
2013-12-11,WD-WMAWZ0313625,WDC WD30EZRX,3000592982016,0,,0,,,,,,,,0,,,,,,12691,,,,,,,,,,,,,,,,,,,,,,,,,,,,,,24,,,,,,0,,,,,,,,,,,,,,,,,,,,,,,,,,,,
2013-12-11,Z300T0WC,ST4000DM000,4000787030016,0,,57897192,,,,,,,,0,,,,,,944,,,,,,,,,,,,,,,,,,,,,,,,,,,,,,24,,,,,,0,,,,,,,,,,,,,,,,,,,,,,,,,,,,
2013-12-11,MJ1311YNG7AV9A,Hitachi HDS5C3030ALA630,3000592982016,0,,0,,,,,,,,0,,,,,,14330,,,,,,,,,,,,,,,,,,,,,,,,,,,,,,31,,,,,,0,,,,,,,,,,,,,,,,,,,,,,,,,,,,
2013-12-11,JK1101B9G3RHTF,Hitachi HDS722020ALA330,2000398934016,0,,3276835,,,,,,,,0,,,,,,27158,,,,,,,,,,,,,,,,,,,,,,,,,,,,,,23,,,,,,0,,,,,,,,,,,,,,,,,,,,,,,,,,,,
2013-12-11,MJ1311YNG09BZA,Hitachi HDS5C3030ALA630,3000592982016,0,,0,,,,,,,,0,,,,,,20498,,,,,,,,,,,,,,,,,,,,,,,,,,,,,,31,,,,,,0,,,,,,,,,,,,,,,,,,,,,,,,,,,,
2013-12-11,Z1Z047A7,ST4000DX000,4000787030016,0,,112766611,,,,,,,,0,,,,,,5040,,,,,,,,,,,,,,,,,,,,,,,,,,,,,,29,,,,,,0,,,,,,,,,,,,,,,,,,,,,,,,,,,,
2013-12-11,MJ1311YNG3EG2A,Hitachi HDS5C3030ALA630,3000592982016,0,,0,,,,,,,,0,,,,,,18949,,,,,,,,,,,,,,,,,,,,,,,,,,,,,,28,,,,,,0,,,,,,,,,,,,,,,,,,,,,,,,,,,,
2013-12-11,JK1101YAJG90WZ,Hitachi HDS722020ALA330,2000398934016,0,,65537,,,,,,,,0,,,,,,26859,,,,,,,,,,,,,,,,,,,,,,,,,,,,,,28,,,,,,0,,,,,,,,,,,,,,,,,,,,,,,,,,,,
2013-12-11,MJ0351YNG9YW4A,Hitachi HDS5C3030ALA630,3000592982016,0,,0,,,,,,,,0,,,,,,8093,,,,,,,,,,,,,,,,,,,,,,,,,,,,,,23,,,,,,0,,,,,,,,,,,,,,,,,,,,,,,,,,,,
2013-12-11,WD-WMC4N1050417,WDC WD30EFRX,3000592982016,0,,0,,,,,,,,0,,,,,,179,,,,,,,,,,,,,,,,,,,,,,,,,,,,,,25,,,,,,0,,,,,,,,,,,,,,,,,,,,,,,,,,,,
2013-12-11,9VS1HVWE,ST31500341AS,1500301910016,0,,180524211,,,,,,,,11,,,,,,39483,,,,,,,,,,,,,,,,,,,,,,,,,,,,,,24,,,,,,0,,,,,,,,,,,,,,,,,,,,,,,,,,,,
2013-12-11,MJ1321YNG0GVSA,Hitachi HDS5C3030ALA630,3000592982016,0,,0,,,,,,,,0,,,,,,19310,,,,,,,,,,,,,,,,,,,,,,,,,,,,,,28,,,,,,0,,,,,,,,,,,,,,,,,,,,,,,,,,,,
2013-12-11,JK11A8B9J0NY9F,Hitachi HDS722020ALA330,2000398934016,0,,0,,,,,,,,0,,,,,,26010,,,,,,,,,,,,,,,,,,,,,,,,,,,,,,24,,,,,,0,,,,,,,,,,,,,,,,,,,,,,,,,,,,
2013-12-11,JK11A1YAK8B43V,Hitachi HDS722020ALA330,2000398934016,0,,262148,,,,,,,,0,,,,,,3657,,,,,,,,,,,,,,,,,,,,,,,,,,,,,,29,,,,,,0,,,,,,,,,,,,,,,,,,,,,,,,,,,,
2013-12-11,JK11A8B9J34AVF,Hitachi HDS722020ALA330,2000398934016,0,,1,,,,,,,,0,,,,,,24112,,,,,,,,,,,,,,,,,,,,,,,,,,,,,,25,,,,,,0,,,,,,,,,,,,,,,,,,,,,,,,,,,,
2013-12-11,MJ1311YNG3ED9A,Hitachi HDS5C3030ALA630,3000592982016,0,,0,,,,,,,,0,,,,,,6684,,,,,,,,,,,,,,,,,,,,,,,,,,,,,,26,,,,,,0,,,,,,,,,,,,,,,,,,,,,,,,,,,,
2013-12-11,W1F09HBX,ST3000DM001,3000592982016,0,,58556184,,,,,,,,0,,,,,,13356,,,,,,,,,,,,,,,,,,,,,,,,,,,,,,24,,,,,,0,,,,,,,,,,,,,,,,,,,,,,,,,,,,
2013-12-11,Z300XGZC,ST4000DM000,4000787030016,0,,165286792,,,,,,,,0,,,,,,919,,,,,,,,,,,,,,,,,,,,,,,,,,,,,,22,,,,,,0,,,,,,,,,,,,,,,,,,,,,,,,,,,,
2013-12-11,Z300K2B9,ST4000DM000,4000787030016,0,,238062776,,,,,,,,0,,,,,,2238,,,,,,,,,,,,,,,,,,,,,,,,,,,,,,18,,,,,,0,,,,,,,,,,,,,,,,,,,,,,,,,,,,
2013-12-11,6XW00S23,ST31500541AS,1500301910016,0,,196497304,,,,,,,,0,,,,,,37134,,,,,,,,,,,,,,,,,,,,,,,,,,,,,,21,,,,,,0,,,,,,,,,,,,,,,,,,,,,,,,,,,,
2013-12-11,6XW03892,ST31500541AS,1500301910016,0,,206484657,,,,,,,,0,,,,,,36646,,,,,,,,,,,,,,,,,,,,,,,,,,,,,,21,,,,,,0,,,,,,,,,,,,,,,,,,,,,,,,,,,,
2013-12-11,S1F090EC,ST3000DM001,3000592982016,0,,44696992,,,,,,,,0,,,,,,12398,,,,,,,,,,,,,,,,,,,,,,,,,,,,,,27,,,,,,0,,,,,,,,,,,,,,,,,,,,,,,,,,,,
2013-12-11,PL1321LAG33X6H,Hitachi HDS5C4040ALE630,4000787030016,0,,0,,,,,,,,0,,,,,,6616,,,,,,,,,,,,,,,,,,,,,,,,,,,,,,26,,,,,,0,,,,,,,,,,,,,,,,,,,,,,,,,,,,
2013-12-11,S1F02PVW,ST3000DM001,3000592982016,0,,223752696,,,,,,,,0,,,,,,14726,,,,,,,,,,,,,,,,,,,,,,,,,,,,,,23,,,,,,0,,,,,,,,,,,,,,,,,,,,,,,,,,,,
2013-12-11,9VS3HGZR,ST31500341AS,1500301910016,0,,135654078,,,,,,,,47,,,,,,32919,,,,,,,,,,,,,,,,,,,,,,,,,,,,,,19,,,,,,0,,,,,,,,,,,,,,,,,,,,,,,,,,,,
2013-12-11,PL1311LAG1W25A,Hitachi HDS5C4040ALE630,4000787030016,0,,0,,,,,,,,0,,,,,,7463,,,,,,,,,,,,,,,,,,,,,,,,,,,,,,23,,,,,,0,,,,,,,,,,,,,,,,,,,,,,,,,,,,
2013-12-11,9XK05BNP,ST33000651AS,3000592982016,0,,170916086,,,,,,,,0,,,,,,16713,,,,,,,,,,,,,,,,,,,,,,,,,,,,,,29,,,,,,0,,,,,,,,,,,,,,,,,,,,,,,,,,,,
2013-12-11,MJ1321YNG083UA,Hitachi HDS5C3030ALA630,3000592982016,0,,0,,,,,,,,0,,,,,,19763,,,,,,,,,,,,,,,,,,,,,,,,,,,,,,25,,,,,,0,,,,,,,,,,,,,,,,,,,,,,,,,,,,
2013-12-11,PL1311LAG3A8RH,Hitachi HDS5C4040ALE630,4000787030016,0,,0,,,,,,,,0,,,,,,5949,,,,,,,,,,,,,,,,,,,,,,,,,,,,,,24,,,,,,0,,,,,,,,,,,,,,,,,,,,,,,,,,,,
2013-12-11,MJ0351YNG9WU8A,Hitachi HDS5C3030ALA630,3000592982016,0,,0,,,,,,,,0,,,,,,8141,,,,,,,,,,,,,,,,,,,,,,,,,,,,,,31,,,,,,0,,,,,,,,,,,,,,,,,,,,,,,,,,,,
2013-12-11,9XW01PQJ,ST31500541AS,1500301910016,0,,55471187,,,,,,,,0,,,,,,35029,,,,,,,,,,,,,,,,,,,,,,,,,,,,,,23,,,,,,0,,,,,,,,,,,,,,,,,,,,,,,,,,,,
2013-12-11,W1F08D2W,ST3000DM001,3000592982016,0,,23580440,,,,,,,,0,,,,,,16145,,,,,,,,,,,,,,,,,,,,,,,,,,,,,,19,,,,,,0,,,,,,,,,,,,,,,,,,,,,,,,,,,,
2013-12-11,6XW05AA8,ST31500541AS,1500301910016,0,,59314820,,,,,,,,0,,,,,,36934,,,,,,,,,,,,,,,,,,,,,,,,,,,,,,25,,,,,,0,,,,,,,,,,,,,,,,,,,,,,,,,,,,
2013-12-11,5XW00R5X,ST31500541AS,1500301910016,0,,162819544,,,,,,,,0,,,,,,34739,,,,,,,,,,,,,,,,,,,,,,,,,,,,,,21,,,,,,0,,,,,,,,,,,,,,,,,,,,,,,,,,,,
2013-12-11,W300C1LH,ST4000DM000,4000787030016,0,,239046312,,,,,,,,0,,,,,,4140,,,,,,,,,,,,,,,,,,,,,,,,,,,,,,26,,,,,,0,,,,,,,,,,,,,,,,,,,,,,,,,,,,
2013-12-11,9XW01ZEG,ST31500541AS,1500301910016,0,,2486307,,,,,,,,0,,,,,,35029,,,,,,,,,,,,,,,,,,,,,,,,,,,,,,19,,,,,,0,,,,,,,,,,,,,,,,,,,,,,,,,,,,
2013-12-11,PL1311LAG38N8H,Hitachi HDS5C4040ALE630,4000787030016,0,,0,,,,,,,,0,,,,,,6637,,,,,,,,,,,,,,,,,,,,,,,,,,,,,,26,,,,,,0,,,,,,,,,,,,,,,,,,,,,,,,,,,,
2013-12-11,S1F0E9B7,ST3000DM001,3000592982016,0,,184770512,,,,,,,,0,,,,,,12176,,,,,,,,,,,,,,,,,,,,,,,,,,,,,,30,,,,,,0,,,,,,,,,,,,,,,,,,,,,,,,,,,,
2013-12-11,Z300KHHQ,ST4000DM000,4000787030016,0,,198242648,,,,,,,,0,,,,,,1114,,,,,,,,,,,,,,,,,,,,,,,,,,,,,,29,,,,,,0,,,,,,,,,,,,,,,,,,,,,,,,,,,,
2013-12-11,W300DMBB,ST4000DM000,4000787030016,0,,93573264,,,,,,,,0,,,,,,4353,,,,,,,,,,,,,,,,,,,,,,,,,,,,,,24,,,,,,0,,,,,,,,,,,,,,,,,,,,,,,,,,,,
2013-12-11,JK11A8B9GKDZ9F,Hitachi HDS722020ALA330,2000398934016,0,,1,,,,,,,,0,,,,,,26763,,,,,,,,,,,,,,,,,,,,,,,,,,,,,,28,,,,,,0,,,,,,,,,,,,,,,,,,,,,,,,,,,,
2013-12-11,6XW0ZH2G,ST31500541AS,1500301910016,0,,119921530,,,,,,,,0,,,,,,30052,,,,,,,,,,,,,,,,,,,,,,,,,,,,,,27,,,,,,0,,,,,,,,,,,,,,,,,,,,,,,,,,,,
2013-12-11,JK1101B9JPGG1F,Hitachi HDS722020ALA330,2000398934016,0,,2,,,,,,,,0,,,,,,23991,,,,,,,,,,,,,,,,,,,,,,,,,,,,,,23,,,,,,0,,,,,,,,,,,,,,,,,,,,,,,,,,,,
2013-12-11,MJ0351YNGA0PBA,Hitachi HDS5C3030ALA630,3000592982016,0,,0,,,,,,,,0,,,,,,8496,,,,,,,,,,,,,,,,,,,,,,,,,,,,,,27,,,,,,0,,,,,,,,,,,,,,,,,,,,,,,,,,,,
2013-12-11,6XW03X0L,ST31500541AS,1500301910016,0,,161509452,,,,,,,,0,,,,,,36068,,,,,,,,,,,,,,,,,,,,,,,,,,,,,,16,,,,,,0,,,,,,,,,,,,,,,,,,,,,,,,,,,,
2013-12-11,PL1311LAG35RGH,Hitachi HDS5C4040ALE630,4000787030016,0,,0,,,,,,,,0,,,,,,5036,,,,,,,,,,,,,,,,,,,,,,,,,,,,,,26,,,,,,0,,,,,,,,,,,,,,,,,,,,,,,,,,,,
2013-12-11,MJ0351YNGA64EA,Hitachi HDS5C3030ALA630,3000592982016,0,,0,,,,,,,,0,,,,,,8057,,,,,,,,,,,,,,,,,,,,,,,,,,,,,,26,,,,,,0,,,,,,,,,,,,,,,,,,,,,,,,,,,,
2013-12-11,MJ1323YNG1SK6C,Hitachi HDS5C3030ALA630,3000592982016,0,,0,,,,,,,,0,,,,,,19728,,,,,,,,,,,,,,,,,,,,,,,,,,,,,,25,,,,,,0,,,,,,,,,,,,,,,,,,,,,,,,,,,,
2013-12-11,PL1311LAG3E3JH,Hitachi HDS5C4040ALE630,4000787030016,0,,0,,,,,,,,0,,,,,,5036,,,,,,,,,,,,,,,,,,,,,,,,,,,,,,29,,,,,,0,,,,,,,,,,,,,,,,,,,,,,,,,,,,
2013-12-11,MJ1311YNG37J7A,Hitachi HDS5C3030ALA630,3000592982016,0,,0,,,,,,,,0,,,,,,18201,,,,,,,,,,,,,,,,,,,,,,,,,,,,,,28,,,,,,0,,,,,,,,,,,,,,,,,,,,,,,,,,,,
2013-12-11,JK11A8B9J91R2F,Hitachi HDS722020ALA330,2000398934016,0,,0,,,,,,,,0,,,,,,24983,,,,,,,,,,,,,,,,,,,,,,,,,,,,,,28,,,,,,0,,,,,,,,,,,,,,,,,,,,,,,,,,,,
2013-12-11,JK11A4B8J8431W,Hitachi HDS722020ALA330,2000398934016,0,,0,,,,,,,,0,,,,,,25123,,,,,,,,,,,,,,,,,,,,,,,,,,,,,,29,,,,,,0,,,,,,,,,,,,,,,,,,,,,,,,,,,,
2013-12-11,S1F02QPQ,ST3000DM001,3000592982016,0,,143254520,,,,,,,,0,,,,,,14212,,,,,,,,,,,,,,,,,,,,,,,,,,,,,,18,,,,,,0,,,,,,,,,,,,,,,,,,,,,,,,,,,,
2013-12-11,PL2321LAG9083J,Hitachi HDS5C4040ALE630,4000787030016,0,,0,,,,,,,,0,,,,,,5428,,,,,,,,,,,,,,,,,,,,,,,,,,,,,,23,,,,,,0,,,,,,,,,,,,,,,,,,,,,,,,,,,,
2013-12-11,MK0303YHGNDVKC,Hitachi HDS723030ALA640,3000592982016,0,,851983,,,,,,,,18,,,,,,17011,,,,,,,,,,,,,,,,,,,,,,,,,,,,,,28,,,,,,0,,,,,,,,,,,,,,,,,,,,,,,,,,,,
2013-12-11,Z300JBV8,ST4000DM000,4000787030016,0,,35905072,,,,,,,,0,,,,,,2217,,,,,,,,,,,,,,,,,,,,,,,,,,,,,,25,,,,,,0,,,,,,,,,,,,,,,,,,,,,,,,,,,,
2013-12-11,S1F05944,ST3000DM001,3000592982016,0,,203406800,,,,,,,,0,,,,,,13818,,,,,,,,,,,,,,,,,,,,,,,,,,,,,,23,,,,,,0,,,,,,,,,,,,,,,,,,,,,,,,,,,,
2013-12-11,MJ0351YNG9V4XA,Hitachi HDS5C3030ALA630,3000592982016,0,,0,,,,,,,,0,,,,,,9999,,,,,,,,,,,,,,,,,,,,,,,,,,,,,,35,,,,,,0,,,,,,,,,,,,,,,,,,,,,,,,,,,,
2013-12-11,W1F08KE2,ST3000DM001,3000592982016,0,,120561376,,,,,,,,0,,,,,,13346,,,,,,,,,,,,,,,,,,,,,,,,,,,,,,23,,,,,,0,,,,,,,,,,,,,,,,,,,,,,,,,,,,
2013-12-11,S1F06J8B,ST3000DM001,3000592982016,0,,41745640,,,,,,,,0,,,,,,13870,,,,,,,,,,,,,,,,,,,,,,,,,,,,,,23,,,,,,0,,,,,,,,,,,,,,,,,,,,,,,,,,,,
2013-12-11,PL2321LAGASGWJ,Hitachi HDS5C4040ALE630,4000787030016,0,,0,,,,,,,,0,,,,,,5077,,,,,,,,,,,,,,,,,,,,,,,,,,,,,,30,,,,,,0,,,,,,,,,,,,,,,,,,,,,,,,,,,,
2013-12-11,W300BN5H,ST4000DM000,4000787030016,0,,158692064,,,,,,,,0,,,,,,4042,,,,,,,,,,,,,,,,,,,,,,,,,,,,,,22,,,,,,0,,,,,,,,,,,,,,,,,,,,,,,,,,,,
2013-12-11,S1F05RTA,ST3000DM001,3000592982016,0,,15045408,,,,,,,,0,,,,,,12357,,,,,,,,,,,,,,,,,,,,,,,,,,,,,,27,,,,,,0,,,,,,,,,,,,,,,,,,,,,,,,,,,,
2013-12-11,JK11A4B8J36ZKW,Hitachi HDS722020ALA330,2000398934016,0,,0,,,,,,,,0,,,,,,23321,,,,,,,,,,,,,,,,,,,,,,,,,,,,,,35,,,,,,0,,,,,,,,,,,,,,,,,,,,,,,,,,,,
2013-12-11,JK11A8B9HZVLEF,Hitachi HDS722020ALA330,2000398934016,0,,131073,,,,,,,,0,,,,,,24501,,,,,,,,,,,,,,,,,,,,,,,,,,,,,,32,,,,,,0,,,,,,,,,,,,,,,,,,,,,,,,,,,,
2013-12-11,W300BN5W,ST4000DM000,4000787030016,0,,132523128,,,,,,,,0,,,,,,4047,,,,,,,,,,,,,,,,,,,,,,,,,,,,,,23,,,,,,0,,,,,,,,,,,,,,,,,,,,,,,,,,,,
2013-12-11,W300BN5Q,ST4000DM000,4000787030016,0,,178516784,,,,,,,,0,,,,,,3611,,,,,,,,,,,,,,,,,,,,,,,,,,,,,,22,,,,,,0,,,,,,,,,,,,,,,,,,,,,,,,,,,,
2013-12-11,MJ1311YNG3GHWA,Hitachi HDS5C3030ALA630,3000592982016,0,,1,,,,,,,,0,,,,,,19310,,,,,,,,,,,,,,,,,,,,,,,,,,,,,,26,,,,,,0,,,,,,,,,,,,,,,,,,,,,,,,,,,,
2013-12-11,Z300XGQQ,ST4000DM000,4000787030016,0,,233071568,,,,,,,,0,,,,,,815,,,,,,,,,,,,,,,,,,,,,,,,,,,,,,20,,,,,,0,,,,,,,,,,,,,,,,,,,,,,,,,,,,
2013-12-11,JK11A8B9J6LVDF,Hitachi HDS722020ALA330,2000398934016,0,,0,,,,,,,,0,,,,,,24666,,,,,,,,,,,,,,,,,,,,,,,,,,,,,,26,,,,,,0,,,,,,,,,,,,,,,,,,,,,,,,,,,,
2013-12-11,JK11A8B9J8E27F,Hitachi HDS722020ALA330,2000398934016,0,,65536,,,,,,,,0,,,,,,26028,,,,,,,,,,,,,,,,,,,,,,,,,,,,,,23,,,,,,0,,,,,,,,,,,,,,,,,,,,,,,,,,,,
2013-12-11,W1F0X6CV,ST3000DM001,3000592982016,0,,101975744,,,,,,,,0,,,,,,11684,,,,,,,,,,,,,,,,,,,,,,,,,,,,,,33,,,,,,0,,,,,,,,,,,,,,,,,,,,,,,,,,,,
2013-12-11,S1F03461,ST3000DM001,3000592982016,0,,195004464,,,,,,,,0,,,,,,15483,,,,,,,,,,,,,,,,,,,,,,,,,,,,,,24,,,,,,16,,,,,,,,,,,,,,,,,,,,,,,,,,,,
2013-12-11,9VS4B18B,ST31500341AS,1500301910016,0,,26636006,,,,,,,,9,,,,,,4190,,,,,,,,,,,,,,,,,,,,,,,,,,,,,,24,,,,,,0,,,,,,,,,,,,,,,,,,,,,,,,,,,,
2013-12-11,W1F0X6CF,ST3000DM001,3000592982016,0,,185473312,,,,,,,,0,,,,,,11688,,,,,,,,,,,,,,,,,,,,,,,,,,,,,,26,,,,,,0,,,,,,,,,,,,,,,,,,,,,,,,,,,,
2013-12-11,JK11A8B9HUST7F,Hitachi HDS722020ALA330,2000398934016,0,,0,,,,,,,,0,,,,,,23636,,,,,,,,,,,,,,,,,,,,,,,,,,,,,,30,,,,,,0,,,,,,,,,,,,,,,,,,,,,,,,,,,,
2013-12-11,6XW1EHRC,ST31500541AS,1500301910016,0,,126436408,,,,,,,,42,,,,,,10197,,,,,,,,,,,,,,,,,,,,,,,,,,,,,,20,,,,,,0,,,,,,,,,,,,,,,,,,,,,,,,,,,,
2013-12-11,6XW106GR,ST31500541AS,1500301910016,0,,74344471,,,,,,,,0,,,,,,29985,,,,,,,,,,,,,,,,,,,,,,,,,,,,,,20,,,,,,0,,,,,,,,,,,,,,,,,,,,,,,,,,,,
2013-12-11,Z300H1KT,ST4000DM000,4000787030016,0,,81494184,,,,,,,,0,,,,,,1331,,,,,,,,,,,,,,,,,,,,,,,,,,,,,,21,,,,,,0,,,,,,,,,,,,,,,,,,,,,,,,,,,,
2013-12-11,MJ1321YNG0HXUA,Hitachi HDS5C3030ALA630,3000592982016,0,,327680,,,,,,,,0,,,,,,20480,,,,,,,,,,,,,,,,,,,,,,,,,,,,,,28,,,,,,0,,,,,,,,,,,,,,,,,,,,,,,,,,,,
2013-12-11,MJ1311YNG0DJ0A,Hitachi HDS5C3030ALA630,3000592982016,0,,0,,,,,,,,0,,,,,,20498,,,,,,,,,,,,,,,,,,,,,,,,,,,,,,32,,,,,,0,,,,,,,,,,,,,,,,,,,,,,,,,,,,
2013-12-11,Z1Z04FH6,ST4000DX000,4000787030016,0,,135537615,,,,,,,,0,,,,,,5039,,,,,,,,,,,,,,,,,,,,,,,,,,,,,,34,,,,,,0,,,,,,,,,,,,,,,,,,,,,,,,,,,,
2013-12-11,6XW106G9,ST31500541AS,1500301910016,0,,2862242,,,,,,,,0,,,,,,29259,,,,,,,,,,,,,,,,,,,,,,,,,,,,,,28,,,,,,0,,,,,,,,,,,,,,,,,,,,,,,,,,,,
2013-12-11,JK1171YBK1BUHF,Hitachi HDS722020ALA330,2000398934016,0,,131072,,,,,,,,0,,,,,,29915,,,,,,,,,,,,,,,,,,,,,,,,,,,,,,29,,,,,,0,,,,,,,,,,,,,,,,,,,,,,,,,,,,
2013-12-11,MJ0351YNGAAJGA,Hitachi HDS5C3030ALA630,3000592982016,0,,0,,,,,,,,0,,,,,,8619,,,,,,,,,,,,,,,,,,,,,,,,,,,,,,29,,,,,,0,,,,,,,,,,,,,,,,,,,,,,,,,,,,
2013-12-11,PL1321LAG35KUH,Hitachi HDS5C4040ALE630,4000787030016,0,,0,,,,,,,,0,,,,,,6649,,,,,,,,,,,,,,,,,,,,,,,,,,,,,,20,,,,,,0,,,,,,,,,,,,,,,,,,,,,,,,,,,,
2013-12-11,S1F0GPXY,ST3000DM001,3000592982016,0,,22090112,,,,,,,,0,,,,,,12155,,,,,,,,,,,,,,,,,,,,,,,,,,,,,,23,,,,,,0,,,,,,,,,,,,,,,,,,,,,,,,,,,,
2013-12-11,W1F0A2R7,ST3000DM001,3000592982016,0,,40797016,,,,,,,,4720,,,,,,14724,,,,,,,,,,,,,,,,,,,,,,,,,,,,,,25,,,,,,0,,,,,,,,,,,,,,,,,,,,,,,,,,,,
2013-12-11,6XW00MYC,ST31500541AS,1500301910016,0,,181841470,,,,,,,,39,,,,,,36061,,,,,,,,,,,,,,,,,,,,,,,,,,,,,,20,,,,,,0,,,,,,,,,,,,,,,,,,,,,,,,,,,,
2013-12-11,S1F05AJN,ST3000DM001,3000592982016,0,,207743680,,,,,,,,392,,,,,,12359,,,,,,,,,,,,,,,,,,,,,,,,,,,,,,22,,,,,,0,,,,,,,,,,,,,,,,,,,,,,,,,,,,
2013-12-11,MJ1311YNG3BPHA,Hitachi HDS5C3030ALA630,3000592982016,0,,0,,,,,,,,0,,,,,,19324,,,,,,,,,,,,,,,,,,,,,,,,,,,,,,27,,,,,,0,,,,,,,,,,,,,,,,,,,,,,,,,,,,
2013-12-11,Z1F06797,ST3000DM001,3000592982016,0,,87230640,,,,,,,,0,,,,,,14732,,,,,,,,,,,,,,,,,,,,,,,,,,,,,,21,,,,,,0,,,,,,,,,,,,,,,,,,,,,,,,,,,,
2013-12-11,W1F0G99N,ST3000DM001,3000592982016,0,,30537304,,,,,,,,0,,,,,,11755,,,,,,,,,,,,,,,,,,,,,,,,,,,,,,28,,,,,,0,,,,,,,,,,,,,,,,,,,,,,,,,,,,
2013-12-11,WD-WCAWZ0984186,WDC WD30EZRX,3000592982016,0,,0,,,,,,,,0,,,,,,17611,,,,,,,,,,,,,,,,,,,,,,,,,,,,,,25,,,,,,12,,,,,,,,,,,,,,,,,,,,,,,,,,,,
2013-12-11,5XW03DM1,ST31500541AS,1500301910016,0,,41137713,,,,,,,,0,,,,,,37067,,,,,,,,,,,,,,,,,,,,,,,,,,,,,,27,,,,,,0,,,,,,,,,,,,,,,,,,,,,,,,,,,,
2013-12-11,6XW0EKM8,ST31500541AS,1500301910016,0,,217739752,,,,,,,,0,,,,,,29526,,,,,,,,,,,,,,,,,,,,,,,,,,,,,,21,,,,,,0,,,,,,,,,,,,,,,,,,,,,,,,,,,,
2013-12-11,PL1311LAG16TBA,Hitachi HDS5C4040ALE630,4000787030016,0,,0,,,,,,,,0,,,,,,7462,,,,,,,,,,,,,,,,,,,,,,,,,,,,,,22,,,,,,0,,,,,,,,,,,,,,,,,,,,,,,,,,,,
2013-12-11,MJ0351YNG9W6XA,Hitachi HDS5C3030ALA630,3000592982016,0,,1179656,,,,,,,,0,,,,,,9901,,,,,,,,,,,,,,,,,,,,,,,,,,,,,,26,,,,,,0,,,,,,,,,,,,,,,,,,,,,,,,,,,,
2013-12-11,S1F04TS4,ST3000DM001,3000592982016,0,,123183880,,,,,,,,0,,,,,,13357,,,,,,,,,,,,,,,,,,,,,,,,,,,,,,21,,,,,,0,,,,,,,,,,,,,,,,,,,,,,,,,,,,
2013-12-11,MK0333YHGPBGGC,Hitachi HDS723030ALA640,3000592982016,0,,0,,,,,,,,0,,,,,,18088,,,,,,,,,,,,,,,,,,,,,,,,,,,,,,33,,,,,,0,,,,,,,,,,,,,,,,,,,,,,,,,,,,
2013-12-11,9VS3JA27,ST31500341AS,1500301910016,0,,79839494,,,,,,,,172,,,,,,32873,,,,,,,,,,,,,,,,,,,,,,,,,,,,,,21,,,,,,0,,,,,,,,,,,,,,,,,,,,,,,,,,,,
2013-12-11,WD-WMC4N0918359,WDC WD30EFRX,3000592982016,0,,0,,,,,,,,0,,,,,,518,,,,,,,,,,,,,,,,,,,,,,,,,,,,,,21,,,,,,0,,,,,,,,,,,,,,,,,,,,,,,,,,,,
2013-12-11,MJ0351YNG9W5PA,Hitachi HDS5C3030ALA630,3000592982016,0,,0,,,,,,,,0,,,,,,9906,,,,,,,,,,,,,,,,,,,,,,,,,,,,,,26,,,,,,0,,,,,,,,,,,,,,,,,,,,,,,,,,,,
2013-12-11,MJ0351YNG9Y09A,Hitachi HDS5C3030ALA630,3000592982016,0,,0,,,,,,,,0,,,,,,8093,,,,,,,,,,,,,,,,,,,,,,,,,,,,,,22,,,,,,0,,,,,,,,,,,,,,,,,,,,,,,,,,,,
2013-12-11,JK11A8B9J64SMF,Hitachi HDS722020ALA330,2000398934016,0,,131076,,,,,,,,0,,,,,,26003,,,,,,,,,,,,,,,,,,,,,,,,,,,,,,27,,,,,,0,,,,,,,,,,,,,,,,,,,,,,,,,,,,
2013-12-11,6XW01GEW,ST31500541AS,1500301910016,0,,147293406,,,,,,,,0,,,,,,35783,,,,,,,,,,,,,,,,,,,,,,,,,,,,,,19,,,,,,0,,,,,,,,,,,,,,,,,,,,,,,,,,,,
2013-12-11,JK1175YAK92LPX,Hitachi HDS722020ALA330,2000398934016,0,,1,,,,,,,,0,,,,,,29653,,,,,,,,,,,,,,,,,,,,,,,,,,,,,,28,,,,,,0,,,,,,,,,,,,,,,,,,,,,,,,,,,,
2013-12-11,Z300TSV9,ST4000DM000,4000787030016,0,,177959344,,,,,,,,0,,,,,,945,,,,,,,,,,,,,,,,,,,,,,,,,,,,,,21,,,,,,0,,,,,,,,,,,,,,,,,,,,,,,,,,,,
2013-12-11,JK1101B9GD5UMF,Hitachi HDS722020ALA330,2000398934016,0,,0,,,,,,,,0,,,,,,26927,,,,,,,,,,,,,,,,,,,,,,,,,,,,,,26,,,,,,0,,,,,,,,,,,,,,,,,,,,,,,,,,,,
2013-12-11,PL1321LAG33JMH,Hitachi HDS5C4040ALE630,4000787030016,0,,0,,,,,,,,0,,,,,,5923,,,,,,,,,,,,,,,,,,,,,,,,,,,,,,20,,,,,,0,,,,,,,,,,,,,,,,,,,,,,,,,,,,
2013-12-11,JK11A8B9J0BW0F,Hitachi HDS722020ALA330,2000398934016,0,,65536,,,,,,,,0,,,,,,26145,,,,,,,,,,,,,,,,,,,,,,,,,,,,,,30,,,,,,0,,,,,,,,,,,,,,,,,,,,,,,,,,,,
2013-12-11,JK1101B9JPGN0F,Hitachi HDS722020ALA330,2000398934016,0,,0,,,,,,,,0,,,,,,24426,,,,,,,,,,,,,,,,,,,,,,,,,,,,,,25,,,,,,0,,,,,,,,,,,,,,,,,,,,,,,,,,,,
2013-12-11,JK1105B8GG3PSX,Hitachi HDS722020ALA330,2000398934016,0,,65536,,,,,,,,3,,,,,,26859,,,,,,,,,,,,,,,,,,,,,,,,,,,,,,32,,,,,,0,,,,,,,,,,,,,,,,,,,,,,,,,,,,
2013-12-11,W300KQCS,ST4000DM000,4000787030016,0,,42148256,,,,,,,,0,,,,,,909,,,,,,,,,,,,,,,,,,,,,,,,,,,,,,20,,,,,,0,,,,,,,,,,,,,,,,,,,,,,,,,,,,
2013-12-11,W300KFAD,ST4000DM000,4000787030016,0,,66853848,,,,,,,,0,,,,,,815,,,,,,,,,,,,,,,,,,,,,,,,,,,,,,21,,,,,,0,,,,,,,,,,,,,,,,,,,,,,,,,,,,
2013-12-11,W1F08M26,ST3000DM001,3000592982016,0,,212113984,,,,,,,,0,,,,,,15224,,,,,,,,,,,,,,,,,,,,,,,,,,,,,,21,,,,,,0,,,,,,,,,,,,,,,,,,,,,,,,,,,,
2013-12-11,Z300MPQC,ST4000DM000,4000787030016,0,,18630744,,,,,,,,0,,,,,,2844,,,,,,,,,,,,,,,,,,,,,,,,,,,,,,27,,,,,,0,,,,,,,,,,,,,,,,,,,,,,,,,,,,
2013-12-11,MJ1321YNG0N45A,Hitachi HDS5C3030ALA630,3000592982016,0,,0,,,,,,,,0,,,,,,19802,,,,,,,,,,,,,,,,,,,,,,,,,,,,,,28,,,,,,0,,,,,,,,,,,,,,,,,,,,,,,,,,,,
2013-12-11,WD-WCAU45177905,WDC WD10EADS,1000204886016,0,,2,,,,,,,,0,,,,,,40565,,,,,,,,,,,,,,,,,,,,,,,,,,,,,,20,,,,,,0,,,,,,,,,,,,,,,,,,,,,,,,,,,,
2013-12-11,JK11A4B8HX7NZW,Hitachi HDS722020ALA330,2000398934016,0,,0,,,,,,,,0,,,,,,23513,,,,,,,,,,,,,,,,,,,,,,,,,,,,,,27,,,,,,0,,,,,,,,,,,,,,,,,,,,,,,,,,,,
2013-12-11,MJ1323YNG1M3YC,Hitachi HDS5C3030ALA630,3000592982016,0,,0,,,,,,,,0,,,,,,20082,,,,,,,,,,,,,,,,,,,,,,,,,,,,,,34,,,,,,0,,,,,,,,,,,,,,,,,,,,,,,,,,,,
2013-12-11,S1F01MCM,ST3000DM001,3000592982016,0,,203538896,,,,,,,,32608,,,,,,15264,,,,,,,,,,,,,,,,,,,,,,,,,,,,,,24,,,,,,216,,,,,,,,,,,,,,,,,,,,,,,,,,,,
2013-12-11,JK11A8B9J7E47F,Hitachi HDS722020ALA330,2000398934016,0,,0,,,,,,,,0,,,,,,23577,,,,,,,,,,,,,,,,,,,,,,,,,,,,,,27,,,,,,0,,,,,,,,,,,,,,,,,,,,,,,,,,,,
2013-12-11,JK11A4B8J7S3MW,Hitachi HDS722020ALA330,2000398934016,0,,0,,,,,,,,0,,,,,,25119,,,,,,,,,,,,,,,,,,,,,,,,,,,,,,29,,,,,,0,,,,,,,,,,,,,,,,,,,,,,,,,,,,
2013-12-11,MJ1323YNG1EJ1C,Hitachi HDS5C3030ALA630,3000592982016,0,,0,,,,,,,,0,,,,,,19760,,,,,,,,,,,,,,,,,,,,,,,,,,,,,,29,,,,,,0,,,,,,,,,,,,,,,,,,,,,,,,,,,,
2013-12-11,PL2311LAG1UW0C,Hitachi HDS5C4040ALE630,4000787030016,0,,0,,,,,,,,0,,,,,,7463,,,,,,,,,,,,,,,,,,,,,,,,,,,,,,26,,,,,,0,,,,,,,,,,,,,,,,,,,,,,,,,,,,
2013-12-11,9VS3JDQ3,ST31500341AS,1500301910016,0,,106467706,,,,,,,,0,,,,,,32908,,,,,,,,,,,,,,,,,,,,,,,,,,,,,,23,,,,,,0,,,,,,,,,,,,,,,,,,,,,,,,,,,,
2013-12-11,JK1105B8GEU8KX,Hitachi HDS722020ALA330,2000398934016,0,,1,,,,,,,,0,,,,,,27214,,,,,,,,,,,,,,,,,,,,,,,,,,,,,,23,,,,,,0,,,,,,,,,,,,,,,,,,,,,,,,,,,,
2013-12-11,6XW0VNXK,ST31500541AS,1500301910016,0,,69257950,,,,,,,,136,,,,,,33324,,,,,,,,,,,,,,,,,,,,,,,,,,,,,,20,,,,,,0,,,,,,,,,,,,,,,,,,,,,,,,,,,,
2013-12-11,JK11A8B9J6MR5F,Hitachi HDS722020ALA330,2000398934016,0,,0,,,,,,,,0,,,,,,23319,,,,,,,,,,,,,,,,,,,,,,,,,,,,,,28,,,,,,0,,,,,,,,,,,,,,,,,,,,,,,,,,,,
2013-12-11,MJ1311YNG5KGUA,Hitachi HDS5C3030ALA630,3000592982016,0,,0,,,,,,,,0,,,,,,14621,,,,,,,,,,,,,,,,,,,,,,,,,,,,,,22,,,,,,0,,,,,,,,,,,,,,,,,,,,,,,,,,,,
2013-12-11,JK11A8B9J3L70F,Hitachi HDS722020ALA330,2000398934016,0,,1,,,,,,,,0,,,,,,23828,,,,,,,,,,,,,,,,,,,,,,,,,,,,,,28,,,,,,0,,,,,,,,,,,,,,,,,,,,,,,,,,,,
2013-12-11,MJ0351YNG9YJKA,Hitachi HDS5C3030ALA630,3000592982016,0,,0,,,,,,,,0,,,,,,10000,,,,,,,,,,,,,,,,,,,,,,,,,,,,,,34,,,,,,0,,,,,,,,,,,,,,,,,,,,,,,,,,,,
2013-12-11,PL1311LAG22EVA,Hitachi HDS5C4040ALE630,4000787030016,0,,0,,,,,,,,0,,,,,,7404,,,,,,,,,,,,,,,,,,,,,,,,,,,,,,24,,,,,,0,,,,,,,,,,,,,,,,,,,,,,,,,,,,
2013-12-11,S1F05176,ST3000DM001,3000592982016,0,,156133376,,,,,,,,0,,,,,,12877,,,,,,,,,,,,,,,,,,,,,,,,,,,,,,23,,,,,,0,,,,,,,,,,,,,,,,,,,,,,,,,,,,
2013-12-11,W1F08M2A,ST3000DM001,3000592982016,0,,138205712,,,,,,,,0,,,,,,15264,,,,,,,,,,,,,,,,,,,,,,,,,,,,,,25,,,,,,72,,,,,,,,,,,,,,,,,,,,,,,,,,,,
2013-12-11,PL1311LAG3A99H,Hitachi HDS5C4040ALE630,4000787030016,0,,0,,,,,,,,0,,,,,,6639,,,,,,,,,,,,,,,,,,,,,,,,,,,,,,28,,,,,,0,,,,,,,,,,,,,,,,,,,,,,,,,,,,
2013-12-11,MJ0351YNG9ZJAA,Hitachi HDS5C3030ALA630,3000592982016,0,,2818083,,,,,,,,12,,,,,,9974,,,,,,,,,,,,,,,,,,,,,,,,,,,,,,29,,,,,,0,,,,,,,,,,,,,,,,,,,,,,,,,,,,
2013-12-11,Z300GQ41,ST4000DM000,4000787030016,0,,181745488,,,,,,,,0,,,,,,3581,,,,,,,,,,,,,,,,,,,,,,,,,,,,,,22,,,,,,0,,,,,,,,,,,,,,,,,,,,,,,,,,,,
2013-12-11,W300D7D7,ST4000DM000,4000787030016,0,,221734632,,,,,,,,0,,,,,,4140,,,,,,,,,,,,,,,,,,,,,,,,,,,,,,25,,,,,,0,,,,,,,,,,,,,,,,,,,,,,,,,,,,
2013-12-11,Z300GQ42,ST4000DM000,4000787030016,0,,165188600,,,,,,,,0,,,,,,3581,,,,,,,,,,,,,,,,,,,,,,,,,,,,,,22,,,,,,0,,,,,,,,,,,,,,,,,,,,,,,,,,,,
2013-12-11,S1F11B1E,ST3000DM001,3000592982016,0,,16043000,,,,,,,,0,,,,,,8188,,,,,,,,,,,,,,,,,,,,,,,,,,,,,,25,,,,,,0,,,,,,,,,,,,,,,,,,,,,,,,,,,,
2013-12-11,6XW04PK3,ST31500541AS,1500301910016,0,,219468642,,,,,,,,0,,,,,,36955,,,,,,,,,,,,,,,,,,,,,,,,,,,,,,20,,,,,,0,,,,,,,,,,,,,,,,,,,,,,,,,,,,
2013-12-11,W1F0WJQ6,ST3000DM001,3000592982016,0,,62564120,,,,,,,,0,,,,,,10770,,,,,,,,,,,,,,,,,,,,,,,,,,,,,,24,,,,,,0,,,,,,,,,,,,,,,,,,,,,,,,,,,,
2013-12-11,JK1101B9JNG54R,Hitachi HDS722020ALA330,2000398934016,0,,0,,,,,,,,0,,,,,,23579,,,,,,,,,,,,,,,,,,,,,,,,,,,,,,25,,,,,,0,,,,,,,,,,,,,,,,,,,,,,,,,,,,
2013-12-11,Z300PBH5,ST4000DM000,4000787030016,0,,188958208,,,,,,,,0,,,,,,1227,,,,,,,,,,,,,,,,,,,,,,,,,,,,,,20,,,,,,0,,,,,,,,,,,,,,,,,,,,,,,,,,,,
2013-12-11,JK11A8B9J4D6UF,Hitachi HDS722020ALA330,2000398934016,0,,65536,,,,,,,,0,,,,,,26011,,,,,,,,,,,,,,,,,,,,,,,,,,,,,,24,,,,,,0,,,,,,,,,,,,,,,,,,,,,,,,,,,,
2013-12-11,WD-WMC4N1100193,WDC WD30EFRX,3000592982016,0,,0,,,,,,,,0,,,,,,446,,,,,,,,,,,,,,,,,,,,,,,,,,,,,,19,,,,,,0,,,,,,,,,,,,,,,,,,,,,,,,,,,,
2013-12-11,Z1F0LB4J,ST3000DM001,3000592982016,0,,123782240,,,,,,,,0,,,,,,12017,,,,,,,,,,,,,,,,,,,,,,,,,,,,,,23,,,,,,0,,,,,,,,,,,,,,,,,,,,,,,,,,,,
2013-12-11,JK1101B9JNT5WU,Hitachi HDS722020ALA330,2000398934016,0,,0,,,,,,,,0,,,,,,23586,,,,,,,,,,,,,,,,,,,,,,,,,,,,,,32,,,,,,0,,,,,,,,,,,,,,,,,,,,,,,,,,,,
2013-12-11,W1F0JAZC,ST3000DM001,3000592982016,0,,51681912,,,,,,,,0,,,,,,12017,,,,,,,,,,,,,,,,,,,,,,,,,,,,,,27,,,,,,0,,,,,,,,,,,,,,,,,,,,,,,,,,,,
2013-12-11,W1F0JAZB,ST3000DM001,3000592982016,0,,168463776,,,,,,,,0,,,,,,12173,,,,,,,,,,,,,,,,,,,,,,,,,,,,,,24,,,,,,0,,,,,,,,,,,,,,,,,,,,,,,,,,,,
2013-12-11,MJ0351YNG9ZSJA,Hitachi HDS5C3030ALA630,3000592982016,0,,0,,,,,,,,0,,,,,,9146,,,,,,,,,,,,,,,,,,,,,,,,,,,,,,30,,,,,,0,,,,,,,,,,,,,,,,,,,,,,,,,,,,
2013-12-11,MJ1311YNG31LMA,Hitachi HDS5C3030ALA630,3000592982016,0,,0,,,,,,,,0,,,,,,18066,,,,,,,,,,,,,,,,,,,,,,,,,,,,,,29,,,,,,0,,,,,,,,,,,,,,,,,,,,,,,,,,,,
2013-12-11,JK11A8B9J3814F,Hitachi HDS722020ALA330,2000398934016,0,,0,,,,,,,,0,,,,,,22868,,,,,,,,,,,,,,,,,,,,,,,,,,,,,,24,,,,,,0,,,,,,,,,,,,,,,,,,,,,,,,,,,,
2013-12-11,JK11A8YBKX7G4F,Hitachi HDS722020ALA330,2000398934016,0,,0,,,,,,,,0,,,,,,27845,,,,,,,,,,,,,,,,,,,,,,,,,,,,,,26,,,,,,0,,,,,,,,,,,,,,,,,,,,,,,,,,,,
2013-12-11,W1F1DQ6A,ST3000DM001,3000592982016,0,,179418816,,,,,,,,0,,,,,,7993,,,,,,,,,,,,,,,,,,,,,,,,,,,,,,20,,,,,,0,,,,,,,,,,,,,,,,,,,,,,,,,,,,
2013-12-11,Z300PBHY,ST4000DM000,4000787030016,0,,184105856,,,,,,,,0,,,,,,1114,,,,,,,,,,,,,,,,,,,,,,,,,,,,,,26,,,,,,0,,,,,,,,,,,,,,,,,,,,,,,,,,,,
2013-12-11,MJ1323YNG1SUAC,Hitachi HDS5C3030ALA630,3000592982016,0,,0,,,,,,,,0,,,,,,19748,,,,,,,,,,,,,,,,,,,,,,,,,,,,,,26,,,,,,0,,,,,,,,,,,,,,,,,,,,,,,,,,,,
2013-12-11,S1F01SNG,ST3000DM001,3000592982016,0,,61799560,,,,,,,,0,,,,,,16151,,,,,,,,,,,,,,,,,,,,,,,,,,,,,,22,,,,,,0,,,,,,,,,,,,,,,,,,,,,,,,,,,,
2013-12-11,W1F0HNVK,ST3000DM001,3000592982016,0,,239839360,,,,,,,,0,,,,,,12180,,,,,,,,,,,,,,,,,,,,,,,,,,,,,,33,,,,,,0,,,,,,,,,,,,,,,,,,,,,,,,,,,,
2013-12-11,JK11A8B9J71BZF,Hitachi HDS722020ALA330,2000398934016,0,,0,,,,,,,,0,,,,,,22699,,,,,,,,,,,,,,,,,,,,,,,,,,,,,,27,,,,,,0,,,,,,,,,,,,,,,,,,,,,,,,,,,,
2013-12-11,Z300GQ4D,ST4000DM000,4000787030016,0,,80102592,,,,,,,,0,,,,,,3583,,,,,,,,,,,,,,,,,,,,,,,,,,,,,,21,,,,,,0,,,,,,,,,,,,,,,,,,,,,,,,,,,,
2013-12-11,Z300GQ4G,ST4000DM000,4000787030016,0,,43870144,,,,,,,,0,,,,,,3345,,,,,,,,,,,,,,,,,,,,,,,,,,,,,,20,,,,,,0,,,,,,,,,,,,,,,,,,,,,,,,,,,,
2013-12-11,Z300GQ4B,ST4000DM000,4000787030016,0,,70602768,,,,,,,,0,,,,,,3584,,,,,,,,,,,,,,,,,,,,,,,,,,,,,,24,,,,,,0,,,,,,,,,,,,,,,,,,,,,,,,,,,,
2013-12-11,MK0313YHGKEXHC,Hitachi HDS723030ALA640,3000592982016,0,,0,,,,,,,,0,,,,,,14732,,,,,,,,,,,,,,,,,,,,,,,,,,,,,,25,,,,,,0,,,,,,,,,,,,,,,,,,,,,,,,,,,,
2013-12-11,Z300GQ4N,ST4000DM000,4000787030016,0,,82801792,,,,,,,,0,,,,,,3580,,,,,,,,,,,,,,,,,,,,,,,,,,,,,,23,,,,,,0,,,,,,,,,,,,,,,,,,,,,,,,,,,,
2013-12-11,MJ1321YNG0VBHA,Hitachi HDS5C3030ALA630,3000592982016,0,,0,,,,,,,,0,,,,,,20732,,,,,,,,,,,,,,,,,,,,,,,,,,,,,,25,,,,,,0,,,,,,,,,,,,,,,,,,,,,,,,,,,,
2013-12-11,Z300GQ4K,ST4000DM000,4000787030016,0,,34714168,,,,,,,,0,,,,,,3583,,,,,,,,,,,,,,,,,,,,,,,,,,,,,,24,,,,,,0,,,,,,,,,,,,,,,,,,,,,,,,,,,,
2013-12-11,Z300GQ4T,ST4000DM000,4000787030016,0,,15694352,,,,,,,,0,,,,,,3581,,,,,,,,,,,,,,,,,,,,,,,,,,,,,,24,,,,,,0,,,,,,,,,,,,,,,,,,,,,,,,,,,,
2013-12-11,S1F00TXZ,ST3000DM001,3000592982016,0,,127459040,,,,,,,,0,,,,,,15416,,,,,,,,,,,,,,,,,,,,,,,,,,,,,,26,,,,,,40,,,,,,,,,,,,,,,,,,,,,,,,,,,,
2013-12-11,9XK05TJF,ST33000651AS,3000592982016,0,,192146084,,,,,,,,0,,,,,,16579,,,,,,,,,,,,,,,,,,,,,,,,,,,,,,27,,,,,,0,,,,,,,,,,,,,,,,,,,,,,,,,,,,
2013-12-11,PL1311LAG2AZ6H,Hitachi HDS5C4040ALE630,4000787030016,0,,0,,,,,,,,0,,,,,,7411,,,,,,,,,,,,,,,,,,,,,,,,,,,,,,22,,,,,,0,,,,,,,,,,,,,,,,,,,,,,,,,,,,
2013-12-11,PL1321LAG31YDH,Hitachi HDS5C4040ALE630,4000787030016,0,,0,,,,,,,,0,,,,,,5070,,,,,,,,,,,,,,,,,,,,,,,,,,,,,,28,,,,,,0,,,,,,,,,,,,,,,,,,,,,,,,,,,,
2013-12-11,JK11A8B9J2Y1WF,Hitachi HDS722020ALA330,2000398934016,0,,0,,,,,,,,0,,,,,,24429,,,,,,,,,,,,,,,,,,,,,,,,,,,,,,28,,,,,,0,,,,,,,,,,,,,,,,,,,,,,,,,,,,
2013-12-11,Z300WXPA,ST4000DM000,4000787030016,0,,240712736,,,,,,,,0,,,,,,799,,,,,,,,,,,,,,,,,,,,,,,,,,,,,,21,,,,,,0,,,,,,,,,,,,,,,,,,,,,,,,,,,,
2013-12-11,MJ1311YNG5XDEA,Hitachi HDS5C3030ALA630,3000592982016,0,,0,,,,,,,,0,,,,,,14683,,,,,,,,,,,,,,,,,,,,,,,,,,,,,,20,,,,,,0,,,,,,,,,,,,,,,,,,,,,,,,,,,,
2013-12-11,MJ1311YNG7KPJA,Hitachi HDS5C3030ALA630,3000592982016,0,,0,,,,,,,,0,,,,,,14624,,,,,,,,,,,,,,,,,,,,,,,,,,,,,,25,,,,,,0,,,,,,,,,,,,,,,,,,,,,,,,,,,,
2013-12-11,W1F096PT,ST3000DM001,3000592982016,0,,62871776,,,,,,,,0,,,,,,14729,,,,,,,,,,,,,,,,,,,,,,,,,,,,,,27,,,,,,0,,,,,,,,,,,,,,,,,,,,,,,,,,,,
2013-12-11,PL1311LAG26HGA,Hitachi HDS5C4040ALE630,4000787030016,0,,0,,,,,,,,0,,,,,,6993,,,,,,,,,,,,,,,,,,,,,,,,,,,,,,23,,,,,,0,,,,,,,,,,,,,,,,,,,,,,,,,,,,
2013-12-11,JK11A8B9J0KAYF,Hitachi HDS722020ALA330,2000398934016,0,,0,,,,,,,,0,,,,,,26145,,,,,,,,,,,,,,,,,,,,,,,,,,,,,,27,,,,,,0,,,,,,,,,,,,,,,,,,,,,,,,,,,,
2013-12-11,Z300CRGB,ST4000DM000,4000787030016,0,,56313128,,,,,,,,0,,,,,,2224,,,,,,,,,,,,,,,,,,,,,,,,,,,,,,20,,,,,,0,,,,,,,,,,,,,,,,,,,,,,,,,,,,
2013-12-11,JK1101B9JP51DR,Hitachi HDS722020ALA330,2000398934016,0,,0,,,,,,,,0,,,,,,23991,,,,,,,,,,,,,,,,,,,,,,,,,,,,,,35,,,,,,0,,,,,,,,,,,,,,,,,,,,,,,,,,,,
2013-12-11,W300DZ0B,ST4000DM000,4000787030016,0,,39438888,,,,,,,,0,,,,,,4183,,,,,,,,,,,,,,,,,,,,,,,,,,,,,,26,,,,,,0,,,,,,,,,,,,,,,,,,,,,,,,,,,,
2013-12-11,Z300PMET,ST4000DM000,4000787030016,0,,45392088,,,,,,,,0,,,,,,1232,,,,,,,,,,,,,,,,,,,,,,,,,,,,,,20,,,,,,0,,,,,,,,,,,,,,,,,,,,,,,,,,,,
2013-12-11,W300DZ0F,ST4000DM000,4000787030016,0,,105437096,,,,,,,,0,,,,,,4146,,,,,,,,,,,,,,,,,,,,,,,,,,,,,,24,,,,,,0,,,,,,,,,,,,,,,,,,,,,,,,,,,,
2013-12-11,W1F033XC,ST3000DM001,3000592982016,0,,53200472,,,,,,,,0,,,,,,13341,,,,,,,,,,,,,,,,,,,,,,,,,,,,,,24,,,,,,0,,,,,,,,,,,,,,,,,,,,,,,,,,,,
2013-12-11,Z300PMEX,ST4000DM000,4000787030016,0,,25318856,,,,,,,,0,,,,,,1142,,,,,,,,,,,,,,,,,,,,,,,,,,,,,,27,,,,,,0,,,,,,,,,,,,,,,,,,,,,,,,,,,,
2013-12-11,9VS2A193,ST31500341AS,1500301910016,0,,83906585,,,,,,,,2,,,,,,38665,,,,,,,,,,,,,,,,,,,,,,,,,,,,,,20,,,,,,0,,,,,,,,,,,,,,,,,,,,,,,,,,,,
2013-12-11,Z300PMEA,ST4000DM000,4000787030016,0,,208328512,,,,,,,,0,,,,,,1231,,,,,,,,,,,,,,,,,,,,,,,,,,,,,,18,,,,,,0,,,,,,,,,,,,,,,,,,,,,,,,,,,,
2013-12-11,W300BMX2,ST4000DM000,4000787030016,0,,130849448,,,,,,,,0,,,,,,4160,,,,,,,,,,,,,,,,,,,,,,,,,,,,,,25,,,,,,0,,,,,,,,,,,,,,,,,,,,,,,,,,,,
2013-12-11,Z300PMEL,ST4000DM000,4000787030016,0,,189020480,,,,,,,,0,,,,,,1142,,,,,,,,,,,,,,,,,,,,,,,,,,,,,,27,,,,,,0,,,,,,,,,,,,,,,,,,,,,,,,,,,,
2013-12-11,Z300PMEJ,ST4000DM000,4000787030016,0,,191825208,,,,,,,,0,,,,,,1094,,,,,,,,,,,,,,,,,,,,,,,,,,,,,,23,,,,,,0,,,,,,,,,,,,,,,,,,,,,,,,,,,,
2013-12-11,JK11A8B9J7BGJF,Hitachi HDS722020ALA330,2000398934016,0,,0,,,,,,,,1,,,,,,22698,,,,,,,,,,,,,,,,,,,,,,,,,,,,,,31,,,,,,0,,,,,,,,,,,,,,,,,,,,,,,,,,,,
2013-12-11,Z300PME4,ST4000DM000,4000787030016,0,,136879112,,,,,,,,0,,,,,,1231,,,,,,,,,,,,,,,,,,,,,,,,,,,,,,22,,,,,,0,,,,,,,,,,,,,,,,,,,,,,,,,,,,
2013-12-11,JK11A8B9J3BWRF,Hitachi HDS722020ALA330,2000398934016,0,,0,,,,,,,,0,,,,,,24431,,,,,,,,,,,,,,,,,,,,,,,,,,,,,,27,,,,,,0,,,,,,,,,,,,,,,,,,,,,,,,,,,,
2013-12-11,MK0311YHGKHS9A,Hitachi HDS723030ALA640,3000592982016,0,,0,,,,,,,,0,,,,,,16682,,,,,,,,,,,,,,,,,,,,,,,,,,,,,,29,,,,,,0,,,,,,,,,,,,,,,,,,,,,,,,,,,,
2013-12-11,WD-WMC1T0886484,WDC WD30EFRX,3000592982016,0,,0,,,,,,,,0,,,,,,8840,,,,,,,,,,,,,,,,,,,,,,,,,,,,,,28,,,,,,0,,,,,,,,,,,,,,,,,,,,,,,,,,,,
2013-12-11,5XW0210A,ST31500541AS,1500301910016,0,,155477924,,,,,,,,0,,,,,,34758,,,,,,,,,,,,,,,,,,,,,,,,,,,,,,18,,,,,,0,,,,,,,,,,,,,,,,,,,,,,,,,,,,
2013-12-11,W300DZ01,ST4000DM000,4000787030016,0,,76882480,,,,,,,,0,,,,,,4166,,,,,,,,,,,,,,,,,,,,,,,,,,,,,,25,,,,,,0,,,,,,,,,,,,,,,,,,,,,,,,,,,,
2013-12-11,W300DZ03,ST4000DM000,4000787030016,0,,232864960,,,,,,,,0,,,,,,4047,,,,,,,,,,,,,,,,,,,,,,,,,,,,,,23,,,,,,0,,,,,,,,,,,,,,,,,,,,,,,,,,,,
2013-12-11,PL1310LAG026DA,Hitachi HDS5C4040ALE630,4000787030016,0,,0,,,,,,,,0,,,,,,12998,,,,,,,,,,,,,,,,,,,,,,,,,,,,,,26,,,,,,0,,,,,,,,,,,,,,,,,,,,,,,,,,,,
2013-12-11,W1F033X6,ST3000DM001,3000592982016,0,,46323184,,,,,,,,0,,,,,,14730,,,,,,,,,,,,,,,,,,,,,,,,,,,,,,26,,,,,,16,,,,,,,,,,,,,,,,,,,,,,,,,,,,
2013-12-11,W300BMXZ,ST4000DM000,4000787030016,0,,63768576,,,,,,,,0,,,,,,4047,,,,,,,,,,,,,,,,,,,,,,,,,,,,,,24,,,,,,0,,,,,,,,,,,,,,,,,,,,,,,,,,,,
2013-12-11,PL1311LAG38R6H,Hitachi HDS5C4040ALE630,4000787030016,0,,0,,,,,,,,0,,,,,,5950,,,,,,,,,,,,,,,,,,,,,,,,,,,,,,23,,,,,,0,,,,,,,,,,,,,,,,,,,,,,,,,,,,
2013-12-11,PL1311LAG2EBAH,Hitachi HDS5C4040ALE630,4000787030016,0,,0,,,,,,,,0,,,,,,7414,,,,,,,,,,,,,,,,,,,,,,,,,,,,,,21,,,,,,0,,,,,,,,,,,,,,,,,,,,,,,,,,,,
2013-12-11,W300CKX6,ST4000DM000,4000787030016,0,,150422248,,,,,,,,0,,,,,,4353,,,,,,,,,,,,,,,,,,,,,,,,,,,,,,23,,,,,,0,,,,,,,,,,,,,,,,,,,,,,,,,,,,
2013-12-11,JK11A8B9J2VNMF,Hitachi HDS722020ALA330,2000398934016,0,,0,,,,,,,,0,,,,,,24462,,,,,,,,,,,,,,,,,,,,,,,,,,,,,,24,,,,,,0,,,,,,,,,,,,,,,,,,,,,,,,,,,,
2013-12-11,Z1F0B27P,ST3000DM001,3000592982016,0,,3020576,,,,,,,,0,,,,,,12610,,,,,,,,,,,,,,,,,,,,,,,,,,,,,,26,,,,,,0,,,,,,,,,,,,,,,,,,,,,,,,,,,,
2013-12-11,MJ0351YNG9YK9A,Hitachi HDS5C3030ALA630,3000592982016,0,,0,,,,,,,,0,,,,,,9987,,,,,,,,,,,,,,,,,,,,,,,,,,,,,,30,,,,,,0,,,,,,,,,,,,,,,,,,,,,,,,,,,,
2013-12-11,Z290GGB5,ST33000651AS,3000592982016,0,,205264855,,,,,,,,0,,,,,,15604,,,,,,,,,,,,,,,,,,,,,,,,,,,,,,24,,,,,,0,,,,,,,,,,,,,,,,,,,,,,,,,,,,
2013-12-11,WD-WMAWZ0321706,WDC WD30EZRX,3000592982016,0,,2,,,,,,,,0,,,,,,9671,,,,,,,,,,,,,,,,,,,,,,,,,,,,,,19,,,,,,0,,,,,,,,,,,,,,,,,,,,,,,,,,,,
2013-12-11,Z300WXP7,ST4000DM000,4000787030016,0,,29696856,,,,,,,,0,,,,,,886,,,,,,,,,,,,,,,,,,,,,,,,,,,,,,23,,,,,,0,,,,,,,,,,,,,,,,,,,,,,,,,,,,
2013-12-11,MJ1311YNG3DLMA,Hitachi HDS5C3030ALA630,3000592982016,0,,0,,,,,,,,0,,,,,,20733,,,,,,,,,,,,,,,,,,,,,,,,,,,,,,25,,,,,,0,,,,,,,,,,,,,,,,,,,,,,,,,,,,
2013-12-11,S1F06WXV,ST3000DM001,3000592982016,0,,157460144,,,,,,,,0,,,,,,13911,,,,,,,,,,,,,,,,,,,,,,,,,,,,,,25,,,,,,0,,,,,,,,,,,,,,,,,,,,,,,,,,,,
2013-12-11,MJ0351YNG9RM0A,Hitachi HDS5C3030ALA630,3000592982016,0,,0,,,,,,,,0,,,,,,9989,,,,,,,,,,,,,,,,,,,,,,,,,,,,,,27,,,,,,0,,,,,,,,,,,,,,,,,,,,,,,,,,,,
2013-12-11,6XW039FQ,ST31500541AS,1500301910016,0,,10841769,,,,,,,,0,,,,,,36912,,,,,,,,,,,,,,,,,,,,,,,,,,,,,,21,,,,,,0,,,,,,,,,,,,,,,,,,,,,,,,,,,,
2013-12-11,W3009496,ST4000DM000,4000787030016,0,,106821024,,,,,,,,0,,,,,,4140,,,,,,,,,,,,,,,,,,,,,,,,,,,,,,23,,,,,,0,,,,,,,,,,,,,,,,,,,,,,,,,,,,
2013-12-11,JK11A8B9J3H9DF,Hitachi HDS722020ALA330,2000398934016,0,,0,,,,,,,,0,,,,,,23106,,,,,,,,,,,,,,,,,,,,,,,,,,,,,,24,,,,,,0,,,,,,,,,,,,,,,,,,,,,,,,,,,,
2013-12-11,9VS3H9QT,ST31500341AS,1500301910016,0,,182657922,,,,,,,,6,,,,,,31441,,,,,,,,,,,,,,,,,,,,,,,,,,,,,,19,,,,,,0,,,,,,,,,,,,,,,,,,,,,,,,,,,,
2013-12-11,JK11A4B8J57UAW,Hitachi HDS722020ALA330,2000398934016,0,,0,,,,,,,,84,,,,,,25122,,,,,,,,,,,,,,,,,,,,,,,,,,,,,,32,,,,,,0,,,,,,,,,,,,,,,,,,,,,,,,,,,,
2013-12-11,6XW039FA,ST31500541AS,1500301910016,0,,125990659,,,,,,,,0,,,,,,36059,,,,,,,,,,,,,,,,,,,,,,,,,,,,,,20,,,,,,0,,,,,,,,,,,,,,,,,,,,,,,,,,,,
2013-12-11,JK11A8B9J7EZWF,Hitachi HDS722020ALA330,2000398934016,0,,65537,,,,,,,,0,,,,,,24983,,,,,,,,,,,,,,,,,,,,,,,,,,,,,,24,,,,,,0,,,,,,,,,,,,,,,,,,,,,,,,,,,,
2013-12-11,Z300CMEH,ST4000DM000,4000787030016,0,,218238952,,,,,,,,0,,,,,,2246,,,,,,,,,,,,,,,,,,,,,,,,,,,,,,22,,,,,,0,,,,,,,,,,,,,,,,,,,,,,,,,,,,
2013-12-11,MK0301YHGKER5A,Hitachi HDS723030ALA640,3000592982016,0,,0,,,,,,,,0,,,,,,16680,,,,,,,,,,,,,,,,,,,,,,,,,,,,,,23,,,,,,0,,,,,,,,,,,,,,,,,,,,,,,,,,,,
2013-12-11,WD-WMC1T0751577,WDC WD30EFRX,3000592982016,0,,0,,,,,,,,0,,,,,,8840,,,,,,,,,,,,,,,,,,,,,,,,,,,,,,28,,,,,,0,,,,,,,,,,,,,,,,,,,,,,,,,,,,
2013-12-11,MJ1311YNG07E4A,Hitachi HDS5C3030ALA630,3000592982016,0,,0,,,,,,,,0,,,,,,20729,,,,,,,,,,,,,,,,,,,,,,,,,,,,,,31,,,,,,0,,,,,,,,,,,,,,,,,,,,,,,,,,,,
2013-12-11,W300D5SS,ST4000DM000,4000787030016,0,,239925744,,,,,,,,0,,,,,,4140,,,,,,,,,,,,,,,,,,,,,,,,,,,,,,23,,,,,,0,,,,,,,,,,,,,,,,,,,,,,,,,,,,
2013-12-11,Z1Z04RTD,ST4000DX000,4000787030016,0,,176699068,,,,,,,,0,,,,,,5078,,,,,,,,,,,,,,,,,,,,,,,,,,,,,,32,,,,,,0,,,,,,,,,,,,,,,,,,,,,,,,,,,,
2013-12-11,Z300MW5G,ST4000DM000,4000787030016,0,,22839912,,,,,,,,0,,,,,,2890,,,,,,,,,,,,,,,,,,,,,,,,,,,,,,27,,,,,,0,,,,,,,,,,,,,,,,,,,,,,,,,,,,
2013-12-11,WD-WCAWZ0676043,WDC WD30EZRX,3000592982016,0,,0,,,,,,,,0,,,,,,12356,,,,,,,,,,,,,,,,,,,,,,,,,,,,,,22,,,,,,0,,,,,,,,,,,,,,,,,,,,,,,,,,,,
2013-12-11,W300BGVP,ST4000DM000,4000787030016,0,,52803032,,,,,,,,0,,,,,,4189,,,,,,,,,,,,,,,,,,,,,,,,,,,,,,25,,,,,,0,,,,,,,,,,,,,,,,,,,,,,,,,,,,
2013-12-11,W300BNNV,ST4000DM000,4000787030016,0,,49971944,,,,,,,,0,,,,,,3585,,,,,,,,,,,,,,,,,,,,,,,,,,,,,,22,,,,,,0,,,,,,,,,,,,,,,,,,,,,,,,,,,,
2013-12-11,JK1101B9JPHEJF,Hitachi HDS722020ALA330,2000398934016,0,,0,,,,,,,,0,,,,,,23990,,,,,,,,,,,,,,,,,,,,,,,,,,,,,,29,,,,,,0,,,,,,,,,,,,,,,,,,,,,,,,,,,,
2013-12-11,MJ0351YNG9ZR4A,Hitachi HDS5C3030ALA630,3000592982016,0,,0,,,,,,,,0,,,,,,9939,,,,,,,,,,,,,,,,,,,,,,,,,,,,,,27,,,,,,0,,,,,,,,,,,,,,,,,,,,,,,,,,,,
2013-12-11,JK1101B9JPH4WF,Hitachi HDS722020ALA330,2000398934016,0,,0,,,,,,,,0,,,,,,24341,,,,,,,,,,,,,,,,,,,,,,,,,,,,,,25,,,,,,0,,,,,,,,,,,,,,,,,,,,,,,,,,,,
2013-12-11,Z300HR1V,ST4000DM000,4000787030016,0,,98057200,,,,,,,,0,,,,,,2893,,,,,,,,,,,,,,,,,,,,,,,,,,,,,,26,,,,,,0,,,,,,,,,,,,,,,,,,,,,,,,,,,,
2013-12-11,MK0331YHGSYMWA,Hitachi HDS723030ALA640,3000592982016,0,,0,,,,,,,,0,,,,,,16682,,,,,,,,,,,,,,,,,,,,,,,,,,,,,,30,,,,,,0,,,,,,,,,,,,,,,,,,,,,,,,,,,,
2013-12-11,WD-WCAU47302156,WDC WD10EADS,1000204886016,0,,1,,,,,,,,0,,,,,,40575,,,,,,,,,,,,,,,,,,,,,,,,,,,,,,22,,,,,,0,,,,,,,,,,,,,,,,,,,,,,,,,,,,
2013-12-11,MK0311YHG28RGA,Hitachi HDS723030ALA640,3000592982016,0,,0,,,,,,,,0,,,,,,14732,,,,,,,,,,,,,,,,,,,,,,,,,,,,,,24,,,,,,0,,,,,,,,,,,,,,,,,,,,,,,,,,,,
2013-12-11,Z1F0L6BY,ST3000DM001,3000592982016,0,,159001400,,,,,,,,0,,,,,,11725,,,,,,,,,,,,,,,,,,,,,,,,,,,,,,22,,,,,,0,,,,,,,,,,,,,,,,,,,,,,,,,,,,
2013-12-11,6XW039F5,ST31500541AS,1500301910016,0,,24152285,,,,,,,,0,,,,,,36912,,,,,,,,,,,,,,,,,,,,,,,,,,,,,,23,,,,,,0,,,,,,,,,,,,,,,,,,,,,,,,,,,,
2013-12-11,6XW039F4,ST31500541AS,1500301910016,0,,44400751,,,,,,,,0,,,,,,35776,,,,,,,,,,,,,,,,,,,,,,,,,,,,,,21,,,,,,0,,,,,,,,,,,,,,,,,,,,,,,,,,,,
2013-12-11,Z1F0BF9X,ST3000DM001,3000592982016,0,,220096032,,,,,,,,0,,,,,,11755,,,,,,,,,,,,,,,,,,,,,,,,,,,,,,25,,,,,,0,,,,,,,,,,,,,,,,,,,,,,,,,,,,
2013-12-11,MK0333YHGPG8AC,Hitachi HDS723030ALA640,3000592982016,0,,65536,,,,,,,,0,,,,,,17755,,,,,,,,,,,,,,,,,,,,,,,,,,,,,,24,,,,,,0,,,,,,,,,,,,,,,,,,,,,,,,,,,,
2013-12-11,Z1F0LKMJ,ST3000DM001,3000592982016,0,,136758016,,,,,,,,0,,,,,,12322,,,,,,,,,,,,,,,,,,,,,,,,,,,,,,25,,,,,,0,,,,,,,,,,,,,,,,,,,,,,,,,,,,
2013-12-11,JK1105B8GGLBXX,Hitachi HDS722020ALA330,2000398934016,0,,393216,,,,,,,,0,,,,,,27168,,,,,,,,,,,,,,,,,,,,,,,,,,,,,,30,,,,,,0,,,,,,,,,,,,,,,,,,,,,,,,,,,,
2013-12-11,PL2310LAG0N25C,Hitachi HDS5C4040ALE630,4000787030016,0,,0,,,,,,,,0,,,,,,12998,,,,,,,,,,,,,,,,,,,,,,,,,,,,,,24,,,,,,0,,,,,,,,,,,,,,,,,,,,,,,,,,,,
2013-12-11,Z300P8P5,ST4000DM000,4000787030016,0,,127619752,,,,,,,,0,,,,,,1093,,,,,,,,,,,,,,,,,,,,,,,,,,,,,,24,,,,,,0,,,,,,,,,,,,,,,,,,,,,,,,,,,,
2013-12-11,PL1311LAG3D7TH,Hitachi HDS5C4040ALE630,4000787030016,0,,0,,,,,,,,0,,,,,,5049,,,,,,,,,,,,,,,,,,,,,,,,,,,,,,29,,,,,,0,,,,,,,,,,,,,,,,,,,,,,,,,,,,
2013-12-11,W3009RXF,ST4000DM000,4000787030016,0,,146472360,,,,,,,,0,,,,,,2843,,,,,,,,,,,,,,,,,,,,,,,,,,,,,,21,,,,,,0,,,,,,,,,,,,,,,,,,,,,,,,,,,,
2013-12-11,JK11A8B9HZMZXR,Hitachi HDS722020ALA330,2000398934016,0,,0,,,,,,,,0,,,,,,25541,,,,,,,,,,,,,,,,,,,,,,,,,,,,,,28,,,,,,0,,,,,,,,,,,,,,,,,,,,,,,,,,,,
2013-12-11,W3005RZ2,ST4000DM000,4000787030016,0,,63907072,,,,,,,,0,,,,,,2890,,,,,,,,,,,,,,,,,,,,,,,,,,,,,,26,,,,,,0,,,,,,,,,,,,,,,,,,,,,,,,,,,,
2013-12-11,5XW02K5D,ST31500541AS,1500301910016,0,,79047142,,,,,,,,0,,,,,,36045,,,,,,,,,,,,,,,,,,,,,,,,,,,,,,21,,,,,,0,,,,,,,,,,,,,,,,,,,,,,,,,,,,
2013-12-11,JK11H1B9G9K36R,Hitachi HDS722020ALA330,2000398934016,0,,0,,,,,,,,0,,,,,,26480,,,,,,,,,,,,,,,,,,,,,,,,,,,,,,28,,,,,,0,,,,,,,,,,,,,,,,,,,,,,,,,,,,
2013-12-11,S1F0A99P,ST3000DM001,3000592982016,0,,230169288,,,,,,,,0,,,,,,12357,,,,,,,,,,,,,,,,,,,,,,,,,,,,,,28,,,,,,0,,,,,,,,,,,,,,,,,,,,,,,,,,,,
2013-12-11,9VS1GXF9,ST31500341AS,1500301910016,0,,137075146,,,,,,,,16,,,,,,40406,,,,,,,,,,,,,,,,,,,,,,,,,,,,,,30,,,,,,0,,,,,,,,,,,,,,,,,,,,,,,,,,,,
2013-12-11,JK1104B8JPN3NW,Hitachi HDS722020ALA330,2000398934016,0,,65537,,,,,,,,1,,,,,,23992,,,,,,,,,,,,,,,,,,,,,,,,,,,,,,31,,,,,,0,,,,,,,,,,,,,,,,,,,,,,,,,,,,
2013-12-11,W3005RZY,ST4000DM000,4000787030016,0,,205186088,,,,,,,,0,,,,,,2611,,,,,,,,,,,,,,,,,,,,,,,,,,,,,,25,,,,,,0,,,,,,,,,,,,,,,,,,,,,,,,,,,,
2013-12-11,MK0311YHGBX00A,Hitachi HDS723030ALA640,3000592982016,0,,0,,,,,,,,0,,,,,,21453,,,,,,,,,,,,,,,,,,,,,,,,,,,,,,27,,,,,,0,,,,,,,,,,,,,,,,,,,,,,,,,,,,
2013-12-11,MJ1311YNG6VV7A,Hitachi HDS5C3030ALA630,3000592982016,0,,0,,,,,,,,0,,,,,,14594,,,,,,,,,,,,,,,,,,,,,,,,,,,,,,28,,,,,,0,,,,,,,,,,,,,,,,,,,,,,,,,,,,
2013-12-11,6XW01H5S,ST31500541AS,1500301910016,0,,95494221,,,,,,,,0,,,,,,36917,,,,,,,,,,,,,,,,,,,,,,,,,,,,,,19,,,,,,0,,,,,,,,,,,,,,,,,,,,,,,,,,,,
2013-12-11,MJ1311YNG7JZNA,Hitachi HDS5C3030ALA630,3000592982016,0,,0,,,,,,,,0,,,,,,14620,,,,,,,,,,,,,,,,,,,,,,,,,,,,,,22,,,,,,0,,,,,,,,,,,,,,,,,,,,,,,,,,,,
2013-12-11,W1F02EN4,ST3000DM001,3000592982016,0,,129182560,,,,,,,,0,,,,,,17064,,,,,,,,,,,,,,,,,,,,,,,,,,,,,,27,,,,,,0,,,,,,,,,,,,,,,,,,,,,,,,,,,,
2013-12-11,13H6A0DGS,TOSHIBA DT01ACA300,3000592982016,0,,0,,,,,,,,0,,,,,,5651,,,,,,,,,,,,,,,,,,,,,,,,,,,,,,24,,,,,,0,,,,,,,,,,,,,,,,,,,,,,,,,,,,
2013-12-11,S1F0R2VP,ST3000DM001,3000592982016,0,,88740432,,,,,,,,0,,,,,,11639,,,,,,,,,,,,,,,,,,,,,,,,,,,,,,28,,,,,,0,,,,,,,,,,,,,,,,,,,,,,,,,,,,
2013-12-11,WD-WCAU45685750,WDC WD10EADS,1000204886016,0,,0,,,,,,,,0,,,,,,38975,,,,,,,,,,,,,,,,,,,,,,,,,,,,,,27,,,,,,0,,,,,,,,,,,,,,,,,,,,,,,,,,,,
2013-12-11,S1F0R2VR,ST3000DM001,3000592982016,0,,210627440,,,,,,,,0,,,,,,11639,,,,,,,,,,,,,,,,,,,,,,,,,,,,,,23,,,,,,0,,,,,,,,,,,,,,,,,,,,,,,,,,,,
2013-12-11,MK0311YHG1TT9A,Hitachi HDS723030ALA640,3000592982016,0,,0,,,,,,,,0,,,,,,16682,,,,,,,,,,,,,,,,,,,,,,,,,,,,,,30,,,,,,0,,,,,,,,,,,,,,,,,,,,,,,,,,,,
2013-12-11,MJ1311YNG3EH1A,Hitachi HDS5C3030ALA630,3000592982016,0,,0,,,,,,,,0,,,,,,19310,,,,,,,,,,,,,,,,,,,,,,,,,,,,,,28,,,,,,0,,,,,,,,,,,,,,,,,,,,,,,,,,,,
2013-12-11,S1F0RSFT,ST3000DM001,3000592982016,0,,124969944,,,,,,,,0,,,,,,8651,,,,,,,,,,,,,,,,,,,,,,,,,,,,,,25,,,,,,0,,,,,,,,,,,,,,,,,,,,,,,,,,,,
2013-12-11,PL1311LAG3DX2H,Hitachi HDS5C4040ALE630,4000787030016,0,,0,,,,,,,,0,,,,,,5069,,,,,,,,,,,,,,,,,,,,,,,,,,,,,,27,,,,,,0,,,,,,,,,,,,,,,,,,,,,,,,,,,,
2013-12-11,S1F0SCT6,ST3000DM001,3000592982016,0,,88686904,,,,,,,,0,,,,,,11684,,,,,,,,,,,,,,,,,,,,,,,,,,,,,,30,,,,,,16,,,,,,,,,,,,,,,,,,,,,,,,,,,,
2013-12-11,MJ1321YNG1AKSA,Hitachi HDS5C3030ALA630,3000592982016,0,,0,,,,,,,,0,,,,,,19372,,,,,,,,,,,,,,,,,,,,,,,,,,,,,,26,,,,,,0,,,,,,,,,,,,,,,,,,,,,,,,,,,,
2013-12-11,S1F08WM4,ST3000DM001,3000592982016,0,,109912232,,,,,,,,0,,,,,,12365,,,,,,,,,,,,,,,,,,,,,,,,,,,,,,26,,,,,,0,,,,,,,,,,,,,,,,,,,,,,,,,,,,
2013-12-11,PL1311LAG3D6NH,Hitachi HDS5C4040ALE630,4000787030016,0,,0,,,,,,,,0,,,,,,6650,,,,,,,,,,,,,,,,,,,,,,,,,,,,,,18,,,,,,0,,,,,,,,,,,,,,,,,,,,,,,,,,,,
2013-12-11,JK1101B9KNWH6F,Hitachi HDS722020ALA330,2000398934016,0,,0,,,,,,,,0,,,,,,23097,,,,,,,,,,,,,,,,,,,,,,,,,,,,,,31,,,,,,0,,,,,,,,,,,,,,,,,,,,,,,,,,,,
2013-12-11,MJ1311YNG7HKBA,Hitachi HDS5C3030ALA630,3000592982016,0,,0,,,,,,,,0,,,,,,14620,,,,,,,,,,,,,,,,,,,,,,,,,,,,,,23,,,,,,0,,,,,,,,,,,,,,,,,,,,,,,,,,,,
2013-12-11,STF607MH1R9S0W,Hitachi HDT721010SLA360,1000204886016,0,,8323200,,,,,,,,0,,,,,,22162,,,,,,,,,,,,,,,,,,,,,,,,,,,,,,30,,,,,,0,,,,,,,,,,,,,,,,,,,,,,,,,,,,
2013-12-11,MK0311YHGG5XKA,Hitachi HDS723030ALA640,3000592982016,0,,0,,,,,,,,0,,,,,,17017,,,,,,,,,,,,,,,,,,,,,,,,,,,,,,29,,,,,,0,,,,,,,,,,,,,,,,,,,,,,,,,,,,
2013-12-11,WD-WCAWZ1166731,WDC WD30EZRX,3000592982016,0,,0,,,,,,,,0,,,,,,9645,,,,,,,,,,,,,,,,,,,,,,,,,,,,,,24,,,,,,0,,,,,,,,,,,,,,,,,,,,,,,,,,,,
2013-12-11,W300BHPZ,ST4000DM000,4000787030016,0,,166892008,,,,,,,,0,,,,,,4163,,,,,,,,,,,,,,,,,,,,,,,,,,,,,,23,,,,,,0,,,,,,,,,,,,,,,,,,,,,,,,,,,,
2013-12-11,Z1Z06HZ0,ST4000DX000,4000787030016,0,,131648759,,,,,,,,0,,,,,,5077,,,,,,,,,,,,,,,,,,,,,,,,,,,,,,34,,,,,,0,,,,,,,,,,,,,,,,,,,,,,,,,,,,
2013-12-11,JK11A4B8J378NW,Hitachi HDS722020ALA330,2000398934016,0,,0,,,,,,,,0,,,,,,25123,,,,,,,,,,,,,,,,,,,,,,,,,,,,,,31,,,,,,0,,,,,,,,,,,,,,,,,,,,,,,,,,,,
2013-12-11,S1F0ACCK,ST3000DM001,3000592982016,0,,9535592,,,,,,,,0,,,,,,7014,,,,,,,,,,,,,,,,,,,,,,,,,,,,,,24,,,,,,0,,,,,,,,,,,,,,,,,,,,,,,,,,,,
2013-12-11,JK11A8B9J7T99F,Hitachi HDS722020ALA330,2000398934016,0,,0,,,,,,,,0,,,,,,24914,,,,,,,,,,,,,,,,,,,,,,,,,,,,,,26,,,,,,0,,,,,,,,,,,,,,,,,,,,,,,,,,,,
2013-12-11,JK11A8B9J9HYNF,Hitachi HDS722020ALA330,2000398934016,0,,0,,,,,,,,1,,,,,,24468,,,,,,,,,,,,,,,,,,,,,,,,,,,,,,23,,,,,,0,,,,,,,,,,,,,,,,,,,,,,,,,,,,
2013-12-11,S1F02AVQ,ST3000DM001,3000592982016,0,,687488,,,,,,,,0,,,,,,15264,,,,,,,,,,,,,,,,,,,,,,,,,,,,,,24,,,,,,0,,,,,,,,,,,,,,,,,,,,,,,,,,,,
2013-12-11,S1F0RSF7,ST3000DM001,3000592982016,0,,241989608,,,,,,,,0,,,,,,10771,,,,,,,,,,,,,,,,,,,,,,,,,,,,,,24,,,,,,0,,,,,,,,,,,,,,,,,,,,,,,,,,,,
2013-12-11,WD-WMC4N1012524,WDC WD30EFRX,3000592982016,0,,0,,,,,,,,0,,,,,,446,,,,,,,,,,,,,,,,,,,,,,,,,,,,,,22,,,,,,0,,,,,,,,,,,,,,,,,,,,,,,,,,,,
2013-12-11,PL1321LAG352DH,Hitachi HDS5C4040ALE630,4000787030016,0,,0,,,,,,,,0,,,,,,5136,,,,,,,,,,,,,,,,,,,,,,,,,,,,,,32,,,,,,0,,,,,,,,,,,,,,,,,,,,,,,,,,,,
2013-12-11,PL1311LAG2X3RA,Hitachi HDS5C4040ALE630,4000787030016,0,,0,,,,,,,,0,,,,,,6619,,,,,,,,,,,,,,,,,,,,,,,,,,,,,,27,,,,,,0,,,,,,,,,,,,,,,,,,,,,,,,,,,,
2013-12-11,PL2321LAGASHMJ,Hitachi HDS5C4040ALE630,4000787030016,0,,0,,,,,,,,0,,,,,,5075,,,,,,,,,,,,,,,,,,,,,,,,,,,,,,26,,,,,,0,,,,,,,,,,,,,,,,,,,,,,,,,,,,
2013-12-11,W1F0P59E,ST3000DM001,3000592982016,0,,54822776,,,,,,,,1952,,,,,,11050,,,,,,,,,,,,,,,,,,,,,,,,,,,,,,25,,,,,,0,,,,,,,,,,,,,,,,,,,,,,,,,,,,
2013-12-11,PL1311LAG1Z6NA,Hitachi HDS5C4040ALE630,4000787030016,0,,0,,,,,,,,0,,,,,,7428,,,,,,,,,,,,,,,,,,,,,,,,,,,,,,27,,,,,,0,,,,,,,,,,,,,,,,,,,,,,,,,,,,
2013-12-11,Z300E5NQ,ST4000DM000,4000787030016,0,,50348840,,,,,,,,0,,,,,,2261,,,,,,,,,,,,,,,,,,,,,,,,,,,,,,20,,,,,,0,,,,,,,,,,,,,,,,,,,,,,,,,,,,
2013-12-11,S1F11KAY,ST3000DM001,3000592982016,0,,63936640,,,,,,,,0,,,,,,7994,,,,,,,,,,,,,,,,,,,,,,,,,,,,,,15,,,,,,0,,,,,,,,,,,,,,,,,,,,,,,,,,,,
2013-12-11,JK11A8B9J7NV2F,Hitachi HDS722020ALA330,2000398934016,0,,0,,,,,,,,0,,,,,,24629,,,,,,,,,,,,,,,,,,,,,,,,,,,,,,28,,,,,,0,,,,,,,,,,,,,,,,,,,,,,,,,,,,
2013-12-11,S1F06R6V,ST3000DM001,3000592982016,0,,140934944,,,,,,,,0,,,,,,13363,,,,,,,,,,,,,,,,,,,,,,,,,,,,,,23,,,,,,0,,,,,,,,,,,,,,,,,,,,,,,,,,,,
2013-12-11,S1F06R6W,ST3000DM001,3000592982016,0,,26946152,,,,,,,,0,,,,,,11613,,,,,,,,,,,,,,,,,,,,,,,,,,,,,,25,,,,,,0,,,,,,,,,,,,,,,,,,,,,,,,,,,,
2013-12-11,Z1F18YST,ST3000DM001,3000592982016,0,,207713240,,,,,,,,0,,,,,,8024,,,,,,,,,,,,,,,,,,,,,,,,,,,,,,24,,,,,,0,,,,,,,,,,,,,,,,,,,,,,,,,,,,
2013-12-11,Z300GPW6,ST4000DM000,4000787030016,0,,89831968,,,,,,,,0,,,,,,3621,,,,,,,,,,,,,,,,,,,,,,,,,,,,,,21,,,,,,0,,,,,,,,,,,,,,,,,,,,,,,,,,,,
2013-12-11,S1F07X0W,ST3000DM001,3000592982016,0,,77997880,,,,,,,,0,,,,,,13870,,,,,,,,,,,,,,,,,,,,,,,,,,,,,,26,,,,,,0,,,,,,,,,,,,,,,,,,,,,,,,,,,,
2013-12-11,PL1321LAG34MUH,Hitachi HDS5C4040ALE630,4000787030016,0,,0,,,,,,,,0,,,,,,6652,,,,,,,,,,,,,,,,,,,,,,,,,,,,,,22,,,,,,0,,,,,,,,,,,,,,,,,,,,,,,,,,,,
2013-12-11,Z300GPW8,ST4000DM000,4000787030016,0,,78366336,,,,,,,,0,,,,,,3584,,,,,,,,,,,,,,,,,,,,,,,,,,,,,,24,,,,,,0,,,,,,,,,,,,,,,,,,,,,,,,,,,,
2013-12-11,Z300GPWF,ST4000DM000,4000787030016,0,,14539320,,,,,,,,0,,,,,,3581,,,,,,,,,,,,,,,,,,,,,,,,,,,,,,23,,,,,,0,,,,,,,,,,,,,,,,,,,,,,,,,,,,
2013-12-11,W300BR1J,ST4000DM000,4000787030016,0,,78183888,,,,,,,,0,,,,,,4189,,,,,,,,,,,,,,,,,,,,,,,,,,,,,,23,,,,,,0,,,,,,,,,,,,,,,,,,,,,,,,,,,,
2013-12-11,Z300GPWN,ST4000DM000,4000787030016,0,,128112960,,,,,,,,0,,,,,,3580,,,,,,,,,,,,,,,,,,,,,,,,,,,,,,22,,,,,,0,,,,,,,,,,,,,,,,,,,,,,,,,,,,
2013-12-11,MJ0351YNG9Z06A,Hitachi HDS5C3030ALA630,3000592982016,0,,0,,,,,,,,0,,,,,,9939,,,,,,,,,,,,,,,,,,,,,,,,,,,,,,24,,,,,,0,,,,,,,,,,,,,,,,,,,,,,,,,,,,
2013-12-11,Z300GPWV,ST4000DM000,4000787030016,0,,194884168,,,,,,,,0,,,,,,3583,,,,,,,,,,,,,,,,,,,,,,,,,,,,,,22,,,,,,0,,,,,,,,,,,,,,,,,,,,,,,,,,,,
2013-12-11,Z300GPWP,ST4000DM000,4000787030016,0,,121025136,,,,,,,,0,,,,,,3621,,,,,,,,,,,,,,,,,,,,,,,,,,,,,,21,,,,,,0,,,,,,,,,,,,,,,,,,,,,,,,,,,,
2013-12-11,Z300GPWX,ST4000DM000,4000787030016,0,,151902544,,,,,,,,0,,,,,,3581,,,,,,,,,,,,,,,,,,,,,,,,,,,,,,23,,,,,,0,,,,,,,,,,,,,,,,,,,,,,,,,,,,
2013-12-11,MJ1311YNG02Z2A,Hitachi HDS5C3030ALA630,3000592982016,0,,0,,,,,,,,0,,,,,,14624,,,,,,,,,,,,,,,,,,,,,,,,,,,,,,22,,,,,,0,,,,,,,,,,,,,,,,,,,,,,,,,,,,
2013-12-11,Z300GPWZ,ST4000DM000,4000787030016,0,,224660856,,,,,,,,0,,,,,,3582,,,,,,,,,,,,,,,,,,,,,,,,,,,,,,21,,,,,,0,,,,,,,,,,,,,,,,,,,,,,,,,,,,
2013-12-11,W300GV20,ST4000DM000,4000787030016,0,,121952328,,,,,,,,0,,,,,,919,,,,,,,,,,,,,,,,,,,,,,,,,,,,,,21,,,,,,0,,,,,,,,,,,,,,,,,,,,,,,,,,,,
2013-12-11,W300K1FV,ST4000DM000,4000787030016,0,,107386984,,,,,,,,0,,,,,,920,,,,,,,,,,,,,,,,,,,,,,,,,,,,,,23,,,,,,0,,,,,,,,,,,,,,,,,,,,,,,,,,,,
2013-12-11,JK1171YBK0N9SF,Hitachi HDS722020ALA330,2000398934016,0,,0,,,,,,,,0,,,,,,29018,,,,,,,,,,,,,,,,,,,,,,,,,,,,,,26,,,,,,0,,,,,,,,,,,,,,,,,,,,,,,,,,,,
2013-12-11,W1F0XKWR,ST3000DM001,3000592982016,0,,21487272,,,,,,,,0,,,,,,8046,,,,,,,,,,,,,,,,,,,,,,,,,,,,,,23,,,,,,0,,,,,,,,,,,,,,,,,,,,,,,,,,,,
2013-12-11,W300FDY6,ST4000DM000,4000787030016,0,,192261184,,,,,,,,0,,,,,,4353,,,,,,,,,,,,,,,,,,,,,,,,,,,,,,23,,,,,,0,,,,,,,,,,,,,,,,,,,,,,,,,,,,
2013-12-11,W1F13SRV,ST3000DM001,3000592982016,0,,66551944,,,,,,,,0,,,,,,8044,,,,,,,,,,,,,,,,,,,,,,,,,,,,,,24,,,,,,0,,,,,,,,,,,,,,,,,,,,,,,,,,,,
2013-12-11,MJ1321YNG05LGA,Hitachi HDS5C3030ALA630,3000592982016,0,,0,,,,,,,,0,,,,,,15458,,,,,,,,,,,,,,,,,,,,,,,,,,,,,,30,,,,,,0,,,,,,,,,,,,,,,,,,,,,,,,,,,,
2013-12-11,W30090MT,ST4000DM000,4000787030016,0,,214337080,,,,,,,,0,,,,,,4140,,,,,,,,,,,,,,,,,,,,,,,,,,,,,,22,,,,,,0,,,,,,,,,,,,,,,,,,,,,,,,,,,,
2013-12-11,W1F1D93M,ST3000DM001,3000592982016,0,,231153128,,,,,,,,0,,,,,,7993,,,,,,,,,,,,,,,,,,,,,,,,,,,,,,21,,,,,,0,,,,,,,,,,,,,,,,,,,,,,,,,,,,
2013-12-11,Z300MVLQ,ST4000DM000,4000787030016,0,,199916496,,,,,,,,0,,,,,,152,,,,,,,,,,,,,,,,,,,,,,,,,,,,,,24,,,,,,0,,,,,,,,,,,,,,,,,,,,,,,,,,,,
2013-12-11,6XW0VJFW,ST31500541AS,1500301910016,0,,103540410,,,,,,,,132,,,,,,33852,,,,,,,,,,,,,,,,,,,,,,,,,,,,,,23,,,,,,0,,,,,,,,,,,,,,,,,,,,,,,,,,,,
2013-12-11,S1F043ZK,ST3000DM001,3000592982016,0,,199610496,,,,,,,,0,,,,,,13868,,,,,,,,,,,,,,,,,,,,,,,,,,,,,,26,,,,,,0,,,,,,,,,,,,,,,,,,,,,,,,,,,,
2013-12-11,Z300MVLF,ST4000DM000,4000787030016,0,,110160456,,,,,,,,0,,,,,,1447,,,,,,,,,,,,,,,,,,,,,,,,,,,,,,28,,,,,,0,,,,,,,,,,,,,,,,,,,,,,,,,,,,
2013-12-11,W1F0Z4GZ,ST3000DM001,3000592982016,0,,231819912,,,,,,,,0,,,,,,10771,,,,,,,,,,,,,,,,,,,,,,,,,,,,,,23,,,,,,0,,,,,,,,,,,,,,,,,,,,,,,,,,,,
2013-12-11,MJ0351YNG9XXJA,Hitachi HDS5C3030ALA630,3000592982016,0,,0,,,,,,,,0,,,,,,9525,,,,,,,,,,,,,,,,,,,,,,,,,,,,,,34,,,,,,0,,,,,,,,,,,,,,,,,,,,,,,,,,,,
2013-12-11,PL1311LAG14TEA,Hitachi HDS5C4040ALE630,4000787030016,0,,0,,,,,,,,0,,,,,,5186,,,,,,,,,,,,,,,,,,,,,,,,,,,,,,24,,,,,,0,,,,,,,,,,,,,,,,,,,,,,,,,,,,
2013-12-11,W1F0Z4GM,ST3000DM001,3000592982016,0,,73173592,,,,,,,,4000,,,,,,10758,,,,,,,,,,,,,,,,,,,,,,,,,,,,,,26,,,,,,0,,,,,,,,,,,,,,,,,,,,,,,,,,,,
2013-12-11,W1F0Z4GA,ST3000DM001,3000592982016,0,,185403832,,,,,,,,0,,,,,,10771,,,,,,,,,,,,,,,,,,,,,,,,,,,,,,25,,,,,,0,,,,,,,,,,,,,,,,,,,,,,,,,,,,
2013-12-11,9XW03A2C,ST31500541AS,1500301910016,0,,30729099,,,,,,,,0,,,,,,33330,,,,,,,,,,,,,,,,,,,,,,,,,,,,,,19,,,,,,0,,,,,,,,,,,,,,,,,,,,,,,,,,,,
2013-12-11,MJ1311YNG7ALRA,Hitachi HDS5C3030ALA630,3000592982016,0,,0,,,,,,,,0,,,,,,14290,,,,,,,,,,,,,,,,,,,,,,,,,,,,,,29,,,,,,0,,,,,,,,,,,,,,,,,,,,,,,,,,,,
2013-12-11,PL2311LAG1KZ7C,Hitachi HDS5C4040ALE630,4000787030016,0,,0,,,,,,,,0,,,,,,7411,,,,,,,,,,,,,,,,,,,,,,,,,,,,,,22,,,,,,0,,,,,,,,,,,,,,,,,,,,,,,,,,,,
2013-12-11,9VS3J0J5,ST31500341AS,1500301910016,0,,7194232,,,,,,,,66,,,,,,31153,,,,,,,,,,,,,,,,,,,,,,,,,,,,,,27,,,,,,0,,,,,,,,,,,,,,,,,,,,,,,,,,,,
2013-12-11,W3008XYL,ST4000DM000,4000787030016,0,,24537752,,,,,,,,0,,,,,,4160,,,,,,,,,,,,,,,,,,,,,,,,,,,,,,25,,,,,,0,,,,,,,,,,,,,,,,,,,,,,,,,,,,
2013-12-11,5XW08LXY,ST31500541AS,1500301910016,0,,26741395,,,,,,,,22,,,,,,31805,,,,,,,,,,,,,,,,,,,,,,,,,,,,,,16,,,,,,0,,,,,,,,,,,,,,,,,,,,,,,,,,,,
2013-12-11,Z290ZS6Q,ST33000651AS,3000592982016,0,,180198480,,,,,,,,0,,,,,,15916,,,,,,,,,,,,,,,,,,,,,,,,,,,,,,27,,,,,,0,,,,,,,,,,,,,,,,,,,,,,,,,,,,
2013-12-11,S1F0BGPB,ST3000DM001,3000592982016,0,,77031256,,,,,,,,0,,,,,,12876,,,,,,,,,,,,,,,,,,,,,,,,,,,,,,27,,,,,,0,,,,,,,,,,,,,,,,,,,,,,,,,,,,
2013-12-11,WD-WMC1T1652116,WDC WD30EFRX,3000592982016,0,,0,,,,,,,,0,,,,,,7708,,,,,,,,,,,,,,,,,,,,,,,,,,,,,,28,,,,,,0,,,,,,,,,,,,,,,,,,,,,,,,,,,,
2013-12-11,MJ0351YNG9YWJA,Hitachi HDS5C3030ALA630,3000592982016,0,,0,,,,,,,,0,,,,,,9942,,,,,,,,,,,,,,,,,,,,,,,,,,,,,,26,,,,,,0,,,,,,,,,,,,,,,,,,,,,,,,,,,,
2013-12-11,PL1311LAG2AZYH,Hitachi HDS5C4040ALE630,4000787030016,0,,0,,,,,,,,0,,,,,,6653,,,,,,,,,,,,,,,,,,,,,,,,,,,,,,27,,,,,,0,,,,,,,,,,,,,,,,,,,,,,,,,,,,
2013-12-11,PL1311LAG3E2TH,Hitachi HDS5C4040ALE630,4000787030016,0,,0,,,,,,,,0,,,,,,3630,,,,,,,,,,,,,,,,,,,,,,,,,,,,,,29,,,,,,0,,,,,,,,,,,,,,,,,,,,,,,,,,,,
2013-12-11,MJ0351YNGA564A,Hitachi HDS5C3030ALA630,3000592982016,0,,0,,,,,,,,0,,,,,,8617,,,,,,,,,,,,,,,,,,,,,,,,,,,,,,29,,,,,,2,,,,,,,,,,,,,,,,,,,,,,,,,,,,
2013-12-11,W300BC26,ST4000DM000,4000787030016,0,,241763936,,,,,,,,0,,,,,,4183,,,,,,,,,,,,,,,,,,,,,,,,,,,,,,22,,,,,,0,,,,,,,,,,,,,,,,,,,,,,,,,,,,
2013-12-11,MJ1323YNG1MB4C,Hitachi HDS5C3030ALA630,3000592982016,0,,0,,,,,,,,0,,,,,,19310,,,,,,,,,,,,,,,,,,,,,,,,,,,,,,30,,,,,,0,,,,,,,,,,,,,,,,,,,,,,,,,,,,
2013-12-11,JK11A8B9GPMVTF,Hitachi HDS722020ALA330,2000398934016,0,,0,,,,,,,,0,,,,,,23582,,,,,,,,,,,,,,,,,,,,,,,,,,,,,,33,,,,,,0,,,,,,,,,,,,,,,,,,,,,,,,,,,,
2013-12-11,6VS0E43Z,ST31500341AS,1500301910016,1,,180027812,,,,,,,,1196,,,,,,14035,,,,,,,,,,,,,,,,,,,,,,,,,,,,,,20,,,,,,0,,,,,,,,,,,,,,,,,,,,,,,,,,,,
2013-12-11,W1F09L72,ST3000DM001,3000592982016,0,,199603840,,,,,,,,0,,,,,,13912,,,,,,,,,,,,,,,,,,,,,,,,,,,,,,24,,,,,,0,,,,,,,,,,,,,,,,,,,,,,,,,,,,
2013-12-11,MJ1311YNG30ASA,Hitachi HDS5C3030ALA630,3000592982016,0,,0,,,,,,,,0,,,,,,18040,,,,,,,,,,,,,,,,,,,,,,,,,,,,,,26,,,,,,0,,,,,,,,,,,,,,,,,,,,,,,,,,,,
2013-12-11,5XW03KKJ,ST31500541AS,1500301910016,0,,24259033,,,,,,,,0,,,,,,37435,,,,,,,,,,,,,,,,,,,,,,,,,,,,,,23,,,,,,0,,,,,,,,,,,,,,,,,,,,,,,,,,,,
2013-12-11,6XW055EN,ST31500541AS,1500301910016,0,,207215882,,,,,,,,0,,,,,,37144,,,,,,,,,,,,,,,,,,,,,,,,,,,,,,21,,,,,,0,,,,,,,,,,,,,,,,,,,,,,,,,,,,
2013-12-11,Z300P93G,ST4000DM000,4000787030016,0,,195011072,,,,,,,,0,,,,,,1093,,,,,,,,,,,,,,,,,,,,,,,,,,,,,,26,,,,,,0,,,,,,,,,,,,,,,,,,,,,,,,,,,,
2013-12-11,6XW055EV,ST31500541AS,1500301910016,0,,121248677,,,,,,,,0,,,,,,37288,,,,,,,,,,,,,,,,,,,,,,,,,,,,,,26,,,,,,0,,,,,,,,,,,,,,,,,,,,,,,,,,,,
2013-12-11,Z300P93L,ST4000DM000,4000787030016,0,,159764384,,,,,,,,0,,,,,,1093,,,,,,,,,,,,,,,,,,,,,,,,,,,,,,26,,,,,,0,,,,,,,,,,,,,,,,,,,,,,,,,,,,
2013-12-11,MJ0351YNG9ZYEA,Hitachi HDS5C3030ALA630,3000592982016,0,,0,,,,,,,,0,,,,,,9147,,,,,,,,,,,,,,,,,,,,,,,,,,,,,,28,,,,,,0,,,,,,,,,,,,,,,,,,,,,,,,,,,,
2013-12-11,Z300PM14,ST4000DM000,4000787030016,0,,145728600,,,,,,,,0,,,,,,1228,,,,,,,,,,,,,,,,,,,,,,,,,,,,,,19,,,,,,0,,,,,,,,,,,,,,,,,,,,,,,,,,,,
2013-12-11,MJ1323YNG1R64C,Hitachi HDS5C3030ALA630,3000592982016,0,,0,,,,,,,,12,,,,,,20082,,,,,,,,,,,,,,,,,,,,,,,,,,,,,,31,,,,,,2,,,,,,,,,,,,,,,,,,,,,,,,,,,,
2013-12-11,Z300E11S,ST4000DM000,4000787030016,0,,115459040,,,,,,,,0,,,,,,2843,,,,,,,,,,,,,,,,,,,,,,,,,,,,,,18,,,,,,0,,,,,,,,,,,,,,,,,,,,,,,,,,,,
2013-12-11,W1F0QW7F,ST3000DM001,3000592982016,0,,111885224,,,,,,,,0,,,,,,10591,,,,,,,,,,,,,,,,,,,,,,,,,,,,,,26,,,,,,0,,,,,,,,,,,,,,,,,,,,,,,,,,,,
2013-12-11,JK11A8B9JR1UJF,Hitachi HDS722020ALA330,2000398934016,0,,0,,,,,,,,0,,,,,,23560,,,,,,,,,,,,,,,,,,,,,,,,,,,,,,29,,,,,,0,,,,,,,,,,,,,,,,,,,,,,,,,,,,
2013-12-11,5XW01P66,ST31500541AS,1500301910016,0,,220641195,,,,,,,,0,,,,,,11273,,,,,,,,,,,,,,,,,,,,,,,,,,,,,,22,,,,,,0,,,,,,,,,,,,,,,,,,,,,,,,,,,,
2013-12-11,MJ1323YNG1UZ2C,Hitachi HDS5C3030ALA630,3000592982016,0,,0,,,,,,,,0,,,,,,19773,,,,,,,,,,,,,,,,,,,,,,,,,,,,,,26,,,,,,0,,,,,,,,,,,,,,,,,,,,,,,,,,,,
2013-12-11,MJ1311YNG3085A,Hitachi HDS5C3030ALA630,3000592982016,0,,0,,,,,,,,0,,,,,,19620,,,,,,,,,,,,,,,,,,,,,,,,,,,,,,25,,,,,,0,,,,,,,,,,,,,,,,,,,,,,,,,,,,
2013-12-11,WD-WCC1T1242518,WDC WD30EFRX,3000592982016,0,,0,,,,,,,,0,,,,,,1021,,,,,,,,,,,,,,,,,,,,,,,,,,,,,,24,,,,,,0,,,,,,,,,,,,,,,,,,,,,,,,,,,,
2013-12-11,W1F09L7E,ST3000DM001,3000592982016,0,,52436576,,,,,,,,0,,,,,,14729,,,,,,,,,,,,,,,,,,,,,,,,,,,,,,25,,,,,,0,,,,,,,,,,,,,,,,,,,,,,,,,,,,
2013-12-11,W1F0DXT8,ST3000DM001,3000592982016,0,,163607120,,,,,,,,0,,,,,,6055,,,,,,,,,,,,,,,,,,,,,,,,,,,,,,24,,,,,,0,,,,,,,,,,,,,,,,,,,,,,,,,,,,
2013-12-11,Z300GYPH,ST4000DM000,4000787030016,0,,212551432,,,,,,,,0,,,,,,3652,,,,,,,,,,,,,,,,,,,,,,,,,,,,,,26,,,,,,0,,,,,,,,,,,,,,,,,,,,,,,,,,,,
2013-12-11,MJ0351YNGA0D6A,Hitachi HDS5C3030ALA630,3000592982016,0,,0,,,,,,,,0,,,,,,9315,,,,,,,,,,,,,,,,,,,,,,,,,,,,,,31,,,,,,0,,,,,,,,,,,,,,,,,,,,,,,,,,,,
2013-12-11,Z1F17B59,ST3000DM001,3000592982016,1,,111005784,,,,,,,,1320,,,,,,2642,,,,,,,,,,,,,,,,,,,,,,,,,,,,,,21,,,,,,2464,,,,,,,,,,,,,,,,,,,,,,,,,,,,
2013-12-11,JK1171B9H9L7ET,Hitachi HDS722020ALA330,2000398934016,0,,0,,,,,,,,0,,,,,,24305,,,,,,,,,,,,,,,,,,,,,,,,,,,,,,27,,,,,,0,,,,,,,,,,,,,,,,,,,,,,,,,,,,
2013-12-11,W1F09L7W,ST3000DM001,3000592982016,0,,239384720,,,,,,,,0,,,,,,13360,,,,,,,,,,,,,,,,,,,,,,,,,,,,,,20,,,,,,0,,,,,,,,,,,,,,,,,,,,,,,,,,,,
2013-12-11,MJ1321YNG1GNTA,Hitachi HDS5C3030ALA630,3000592982016,0,,0,,,,,,,,0,,,,,,19801,,,,,,,,,,,,,,,,,,,,,,,,,,,,,,25,,,,,,0,,,,,,,,,,,,,,,,,,,,,,,,,,,,
2013-12-11,JK11A8B9J7863F,Hitachi HDS722020ALA330,2000398934016,0,,0,,,,,,,,0,,,,,,22299,,,,,,,,,,,,,,,,,,,,,,,,,,,,,,31,,,,,,0,,,,,,,,,,,,,,,,,,,,,,,,,,,,
2013-12-11,W300C5SF,ST4000DM000,4000787030016,0,,58324496,,,,,,,,0,,,,,,4134,,,,,,,,,,,,,,,,,,,,,,,,,,,,,,21,,,,,,0,,,,,,,,,,,,,,,,,,,,,,,,,,,,
2013-12-11,JK11A8B9JR1EAF,Hitachi HDS722020ALA330,2000398934016,0,,0,,,,,,,,0,,,,,,23710,,,,,,,,,,,,,,,,,,,,,,,,,,,,,,24,,,,,,0,,,,,,,,,,,,,,,,,,,,,,,,,,,,
2013-12-11,6XW0W9FM,ST31500541AS,1500301910016,0,,24373344,,,,,,,,0,,,,,,33850,,,,,,,,,,,,,,,,,,,,,,,,,,,,,,22,,,,,,0,,,,,,,,,,,,,,,,,,,,,,,,,,,,
2013-12-11,6XW0W9FH,ST31500541AS,1500301910016,0,,77520596,,,,,,,,0,,,,,,33259,,,,,,,,,,,,,,,,,,,,,,,,,,,,,,19,,,,,,0,,,,,,,,,,,,,,,,,,,,,,,,,,,,
2013-12-11,6XW0W9FE,ST31500541AS,1500301910016,0,,138700663,,,,,,,,0,,,,,,33324,,,,,,,,,,,,,,,,,,,,,,,,,,,,,,22,,,,,,0,,,,,,,,,,,,,,,,,,,,,,,,,,,,
2013-12-11,S1F0QXNB,ST3000DM001,3000592982016,0,,119507144,,,,,,,,0,,,,,,11685,,,,,,,,,,,,,,,,,,,,,,,,,,,,,,29,,,,,,0,,,,,,,,,,,,,,,,,,,,,,,,,,,,
2013-12-11,5XW03JCS,ST31500541AS,1500301910016,0,,79733525,,,,,,,,0,,,,,,36450,,,,,,,,,,,,,,,,,,,,,,,,,,,,,,16,,,,,,0,,,,,,,,,,,,,,,,,,,,,,,,,,,,
2013-12-11,JK1101B8KN9NPS,Hitachi HDS722020ALA330,2000398934016,0,,0,,,,,,,,0,,,,,,23099,,,,,,,,,,,,,,,,,,,,,,,,,,,,,,26,,,,,,0,,,,,,,,,,,,,,,,,,,,,,,,,,,,
2013-12-11,JK1101B8J3PUWZ,Hitachi HDS722020ALA330,2000398934016,0,,65536,,,,,,,,0,,,,,,23104,,,,,,,,,,,,,,,,,,,,,,,,,,,,,,21,,,,,,0,,,,,,,,,,,,,,,,,,,,,,,,,,,,
2013-12-11,S1F096LW,ST3000DM001,3000592982016,0,,133056832,,,,,,,,304,,,,,,12396,,,,,,,,,,,,,,,,,,,,,,,,,,,,,,24,,,,,,0,,,,,,,,,,,,,,,,,,,,,,,,,,,,
2013-12-11,W300JKBX,ST4000DM000,4000787030016,0,,234164456,,,,,,,,0,,,,,,2248,,,,,,,,,,,,,,,,,,,,,,,,,,,,,,23,,,,,,0,,,,,,,,,,,,,,,,,,,,,,,,,,,,
2013-12-11,PL1321LAG302RH,Hitachi HDS5C4040ALE630,4000787030016,0,,0,,,,,,,,0,,,,,,5958,,,,,,,,,,,,,,,,,,,,,,,,,,,,,,25,,,,,,0,,,,,,,,,,,,,,,,,,,,,,,,,,,,
2013-12-11,MJ0351YNGA3KUA,Hitachi HDS5C3030ALA630,3000592982016,0,,0,,,,,,,,0,,,,,,8612,,,,,,,,,,,,,,,,,,,,,,,,,,,,,,33,,,,,,0,,,,,,,,,,,,,,,,,,,,,,,,,,,,
2013-12-11,5XW2REVQ,ST31500541AS,1500301910016,0,,14617254,,,,,,,,0,,,,,,12765,,,,,,,,,,,,,,,,,,,,,,,,,,,,,,21,,,,,,0,,,,,,,,,,,,,,,,,,,,,,,,,,,,
2013-12-11,MJ0351YNG9Z5PA,Hitachi HDS5C3030ALA630,3000592982016,0,,0,,,,,,,,0,,,,,,9483,,,,,,,,,,,,,,,,,,,,,,,,,,,,,,31,,,,,,0,,,,,,,,,,,,,,,,,,,,,,,,,,,,
2013-12-11,MJ0351YNGABWUA,Hitachi HDS5C3030ALA630,3000592982016,0,,0,,,,,,,,0,,,,,,8142,,,,,,,,,,,,,,,,,,,,,,,,,,,,,,28,,,,,,0,,,,,,,,,,,,,,,,,,,,,,,,,,,,
2013-12-11,MJ1311YNG2RXUA,Hitachi HDS5C3030ALA630,3000592982016,0,,0,,,,,,,,0,,,,,,18200,,,,,,,,,,,,,,,,,,,,,,,,,,,,,,28,,,,,,0,,,,,,,,,,,,,,,,,,,,,,,,,,,,
2013-12-11,W300JKB6,ST4000DM000,4000787030016,0,,12281216,,,,,,,,0,,,,,,2220,,,,,,,,,,,,,,,,,,,,,,,,,,,,,,24,,,,,,0,,,,,,,,,,,,,,,,,,,,,,,,,,,,
2013-12-11,PL1321LAGAMP0H,Hitachi HDS5C4040ALE630,4000787030016,0,,0,,,,,,,,0,,,,,,5428,,,,,,,,,,,,,,,,,,,,,,,,,,,,,,23,,,,,,0,,,,,,,,,,,,,,,,,,,,,,,,,,,,
2013-12-11,6XW0W9F8,ST31500541AS,1500301910016,0,,18314580,,,,,,,,0,,,,,,33259,,,,,,,,,,,,,,,,,,,,,,,,,,,,,,22,,,,,,0,,,,,,,,,,,,,,,,,,,,,,,,,,,,
2013-12-11,6XW0W9F6,ST31500541AS,1500301910016,0,,70838299,,,,,,,,776,,,,,,33862,,,,,,,,,,,,,,,,,,,,,,,,,,,,,,21,,,,,,0,,,,,,,,,,,,,,,,,,,,,,,,,,,,
2013-12-11,S1F0R15Y,ST3000DM001,3000592982016,0,,24242808,,,,,,,,0,,,,,,11639,,,,,,,,,,,,,,,,,,,,,,,,,,,,,,26,,,,,,0,,,,,,,,,,,,,,,,,,,,,,,,,,,,
2013-12-11,9XW01YJH,ST31500541AS,1500301910016,0,,144302122,,,,,,,,23,,,,,,34169,,,,,,,,,,,,,,,,,,,,,,,,,,,,,,21,,,,,,0,,,,,,,,,,,,,,,,,,,,,,,,,,,,
2013-12-11,JK1101B9KBGPLF,Hitachi HDS722020ALA330,2000398934016,0,,0,,,,,,,,0,,,,,,22861,,,,,,,,,,,,,,,,,,,,,,,,,,,,,,29,,,,,,0,,,,,,,,,,,,,,,,,,,,,,,,,,,,
2013-12-11,S1F068L9,ST3000DM001,3000592982016,0,,182772688,,,,,,,,0,,,,,,13912,,,,,,,,,,,,,,,,,,,,,,,,,,,,,,23,,,,,,0,,,,,,,,,,,,,,,,,,,,,,,,,,,,
2013-12-11,PL1311LAG383BH,Hitachi HDS5C4040ALE630,4000787030016,0,,0,,,,,,,,0,,,,,,5925,,,,,,,,,,,,,,,,,,,,,,,,,,,,,,17,,,,,,0,,,,,,,,,,,,,,,,,,,,,,,,,,,,
2013-12-11,MJ0351YNG9URMA,Hitachi HDS5C3030ALA630,3000592982016,0,,0,,,,,,,,0,,,,,,9469,,,,,,,,,,,,,,,,,,,,,,,,,,,,,,27,,,,,,0,,,,,,,,,,,,,,,,,,,,,,,,,,,,
2013-12-11,MJ1311YNG7KS4A,Hitachi HDS5C3030ALA630,3000592982016,0,,0,,,,,,,,0,,,,,,14597,,,,,,,,,,,,,,,,,,,,,,,,,,,,,,29,,,,,,0,,,,,,,,,,,,,,,,,,,,,,,,,,,,
2013-12-11,PL1311LAG333GH,Hitachi HDS5C4040ALE630,4000787030016,0,,0,,,,,,,,0,,,,,,2981,,,,,,,,,,,,,,,,,,,,,,,,,,,,,,26,,,,,,0,,,,,,,,,,,,,,,,,,,,,,,,,,,,
2013-12-11,JK11A8B9JPY8TF,Hitachi HDS722020ALA330,2000398934016,0,,0,,,,,,,,0,,,,,,23719,,,,,,,,,,,,,,,,,,,,,,,,,,,,,,29,,,,,,0,,,,,,,,,,,,,,,,,,,,,,,,,,,,
2013-12-11,Z1F0LSCL,ST3000DM001,3000592982016,0,,185832104,,,,,,,,0,,,,,,12024,,,,,,,,,,,,,,,,,,,,,,,,,,,,,,30,,,,,,0,,,,,,,,,,,,,,,,,,,,,,,,,,,,
2013-12-11,MK0331YHGT6LJA,Hitachi HDS723030ALA640,3000592982016,0,,0,,,,,,,,0,,,,,,11676,,,,,,,,,,,,,,,,,,,,,,,,,,,,,,29,,,,,,0,,,,,,,,,,,,,,,,,,,,,,,,,,,,
2013-12-11,Z1Z06G8D,ST4000DX000,4000787030016,0,,115873381,,,,,,,,0,,,,,,5036,,,,,,,,,,,,,,,,,,,,,,,,,,,,,,35,,,,,,0,,,,,,,,,,,,,,,,,,,,,,,,,,,,
2013-12-11,9VS1AD86,ST31500341AS,1500301910016,0,,67821828,,,,,,,,6,,,,,,15630,,,,,,,,,,,,,,,,,,,,,,,,,,,,,,30,,,,,,0,,,,,,,,,,,,,,,,,,,,,,,,,,,,
2013-12-11,Z300P8KG,ST4000DM000,4000787030016,0,,87578472,,,,,,,,0,,,,,,1232,,,,,,,,,,,,,,,,,,,,,,,,,,,,,,18,,,,,,0,,,,,,,,,,,,,,,,,,,,,,,,,,,,
2013-12-11,S1F0SC17,ST3000DM001,3000592982016,0,,80702024,,,,,,,,0,,,,,,11637,,,,,,,,,,,,,,,,,,,,,,,,,,,,,,25,,,,,,0,,,,,,,,,,,,,,,,,,,,,,,,,,,,
2013-12-11,W300DZYL,ST4000DM000,4000787030016,0,,12580960,,,,,,,,0,,,,,,4140,,,,,,,,,,,,,,,,,,,,,,,,,,,,,,22,,,,,,0,,,,,,,,,,,,,,,,,,,,,,,,,,,,
2013-12-11,Z300P8KT,ST4000DM000,4000787030016,0,,206532816,,,,,,,,0,,,,,,1232,,,,,,,,,,,,,,,,,,,,,,,,,,,,,,17,,,,,,0,,,,,,,,,,,,,,,,,,,,,,,,,,,,
2013-12-11,Z300P8KZ,ST4000DM000,4000787030016,0,,233107200,,,,,,,,0,,,,,,1142,,,,,,,,,,,,,,,,,,,,,,,,,,,,,,25,,,,,,0,,,,,,,,,,,,,,,,,,,,,,,,,,,,
2013-12-11,MJ1323YNG1RN7C,Hitachi HDS5C3030ALA630,3000592982016,0,,0,,,,,,,,0,,,,,,20079,,,,,,,,,,,,,,,,,,,,,,,,,,,,,,36,,,,,,0,,,,,,,,,,,,,,,,,,,,,,,,,,,,
2013-12-11,JK11A8B9J3015F,Hitachi HDS722020ALA330,2000398934016,0,,0,,,,,,,,0,,,,,,24463,,,,,,,,,,,,,,,,,,,,,,,,,,,,,,29,,,,,,0,,,,,,,,,,,,,,,,,,,,,,,,,,,,
2013-12-11,5XW0YBX0,ST32000542AS,2000398934016,0,,192471670,,,,,,,,0,,,,,,11256,,,,,,,,,,,,,,,,,,,,,,,,,,,,,,29,,,,,,0,,,,,,,,,,,,,,,,,,,,,,,,,,,,
2013-12-11,MJ1311YNG7EJXA,Hitachi HDS5C3030ALA630,3000592982016,0,,0,,,,,,,,0,,,,,,14621,,,,,,,,,,,,,,,,,,,,,,,,,,,,,,21,,,,,,0,,,,,,,,,,,,,,,,,,,,,,,,,,,,
2013-12-11,JK11A1YAJH98RV,Hitachi HDS722020ALA330,2000398934016,0,,0,,,,,,,,0,,,,,,28849,,,,,,,,,,,,,,,,,,,,,,,,,,,,,,27,,,,,,0,,,,,,,,,,,,,,,,,,,,,,,,,,,,
2013-12-11,JK11A8B9J7PKBF,Hitachi HDS722020ALA330,2000398934016,0,,0,,,,,,,,0,,,,,,25541,,,,,,,,,,,,,,,,,,,,,,,,,,,,,,28,,,,,,0,,,,,,,,,,,,,,,,,,,,,,,,,,,,
2013-12-11,JK11A8B9J3838F,Hitachi HDS722020ALA330,2000398934016,0,,0,,,,,,,,0,,,,,,24216,,,,,,,,,,,,,,,,,,,,,,,,,,,,,,28,,,,,,0,,,,,,,,,,,,,,,,,,,,,,,,,,,,
2013-12-11,JK1101B8KNBYXS,Hitachi HDS722020ALA330,2000398934016,0,,65536,,,,,,,,0,,,,,,23100,,,,,,,,,,,,,,,,,,,,,,,,,,,,,,23,,,,,,0,,,,,,,,,,,,,,,,,,,,,,,,,,,,
2013-12-11,PL1321LAG35ALH,Hitachi HDS5C4040ALE630,4000787030016,0,,0,,,,,,,,0,,,,,,5949,,,,,,,,,,,,,,,,,,,,,,,,,,,,,,23,,,,,,0,,,,,,,,,,,,,,,,,,,,,,,,,,,,
2013-12-11,W1F0RT7P,ST3000DM001,3000592982016,0,,221405856,,,,,,,,0,,,,,,11638,,,,,,,,,,,,,,,,,,,,,,,,,,,,,,26,,,,,,0,,,,,,,,,,,,,,,,,,,,,,,,,,,,
2013-12-11,6XW03CZR,ST31500541AS,1500301910016,0,,174441790,,,,,,,,0,,,,,,37441,,,,,,,,,,,,,,,,,,,,,,,,,,,,,,22,,,,,,0,,,,,,,,,,,,,,,,,,,,,,,,,,,,
2013-12-11,5YD8AKHA,ST1500DL003,1500301910016,0,,111175384,,,,,,,,0,,,,,,11602,,,,,,,,,,,,,,,,,,,,,,,,,,,,,,22,,,,,,0,,,,,,,,,,,,,,,,,,,,,,,,,,,,
2013-12-11,WD-WCAWZ1148553,WDC WD30EZRX,3000592982016,0,,0,,,,,,,,0,,,,,,18018,,,,,,,,,,,,,,,,,,,,,,,,,,,,,,24,,,,,,1,,,,,,,,,,,,,,,,,,,,,,,,,,,,
2013-12-11,PL1331LAGAZ78H,Hitachi HDS5C4040ALE630,4000787030016,0,,0,,,,,,,,0,,,,,,2980,,,,,,,,,,,,,,,,,,,,,,,,,,,,,,26,,,,,,0,,,,,,,,,,,,,,,,,,,,,,,,,,,,
2013-12-11,S1F0CW9T,ST3000DM001,3000592982016,0,,67981520,,,,,,,,0,,,,,,12358,,,,,,,,,,,,,,,,,,,,,,,,,,,,,,24,,,,,,0,,,,,,,,,,,,,,,,,,,,,,,,,,,,
2013-12-11,W1F0X7PS,ST3000DM001,3000592982016,0,,53188072,,,,,,,,104,,,,,,10836,,,,,,,,,,,,,,,,,,,,,,,,,,,,,,24,,,,,,88,,,,,,,,,,,,,,,,,,,,,,,,,,,,
2013-12-11,9XW01QRT,ST31500541AS,1500301910016,0,,83272825,,,,,,,,0,,,,,,35748,,,,,,,,,,,,,,,,,,,,,,,,,,,,,,21,,,,,,0,,,,,,,,,,,,,,,,,,,,,,,,,,,,
2013-12-11,JK1105B8GGL32X,Hitachi HDS722020ALA330,2000398934016,0,,65536,,,,,,,,0,,,,,,26858,,,,,,,,,,,,,,,,,,,,,,,,,,,,,,31,,,,,,0,,,,,,,,,,,,,,,,,,,,,,,,,,,,
2013-12-11,MJ0351YNGABYVA,Hitachi HDS5C3030ALA630,3000592982016,0,,0,,,,,,,,0,,,,,,7985,,,,,,,,,,,,,,,,,,,,,,,,,,,,,,30,,,,,,0,,,,,,,,,,,,,,,,,,,,,,,,,,,,
2013-12-11,WD-WMAWZ0232808,WDC WD30EZRX,3000592982016,0,,0,,,,,,,,0,,,,,,12935,,,,,,,,,,,,,,,,,,,,,,,,,,,,,,25,,,,,,0,,,,,,,,,,,,,,,,,,,,,,,,,,,,
2013-12-11,JK1101B9JPH96F,Hitachi HDS722020ALA330,2000398934016,0,,0,,,,,,,,0,,,,,,24341,,,,,,,,,,,,,,,,,,,,,,,,,,,,,,24,,,,,,0,,,,,,,,,,,,,,,,,,,,,,,,,,,,
2013-12-11,JK1121YAG7HUMS,Hitachi HDS722020ALA330,2000398934016,0,,1,,,,,,,,36,,,,,,25700,,,,,,,,,,,,,,,,,,,,,,,,,,,,,,26,,,,,,1,,,,,,,,,,,,,,,,,,,,,,,,,,,,
2013-12-11,PL1331LAGB5D6H,Hitachi HDS5C4040ALE630,4000787030016,0,,0,,,,,,,,0,,,,,,5077,,,,,,,,,,,,,,,,,,,,,,,,,,,,,,27,,,,,,0,,,,,,,,,,,,,,,,,,,,,,,,,,,,
2013-12-11,MJ0351YNG9V1VA,Hitachi HDS5C3030ALA630,3000592982016,0,,0,,,,,,,,0,,,,,,9941,,,,,,,,,,,,,,,,,,,,,,,,,,,,,,27,,,,,,0,,,,,,,,,,,,,,,,,,,,,,,,,,,,
2013-12-11,JK11A8B9JR1HTF,Hitachi HDS722020ALA330,2000398934016,0,,0,,,,,,,,0,,,,,,23710,,,,,,,,,,,,,,,,,,,,,,,,,,,,,,31,,,,,,0,,,,,,,,,,,,,,,,,,,,,,,,,,,,
2013-12-11,W1F08XZS,ST3000DM001,3000592982016,0,,243917680,,,,,,,,0,,,,,,16197,,,,,,,,,,,,,,,,,,,,,,,,,,,,,,26,,,,,,0,,,,,,,,,,,,,,,,,,,,,,,,,,,,
2013-12-11,JK11A8B9J81USF,Hitachi HDS722020ALA330,2000398934016,0,,0,,,,,,,,0,,,,,,25122,,,,,,,,,,,,,,,,,,,,,,,,,,,,,,34,,,,,,0,,,,,,,,,,,,,,,,,,,,,,,,,,,,
2013-12-11,WD-WCAU47738800,WDC WD10EADS,1000204886016,0,,14,,,,,,,,0,,,,,,40529,,,,,,,,,,,,,,,,,,,,,,,,,,,,,,30,,,,,,0,,,,,,,,,,,,,,,,,,,,,,,,,,,,
2013-12-11,S1F02XZ3,ST3000DM001,3000592982016,0,,31336760,,,,,,,,0,,,,,,15622,,,,,,,,,,,,,,,,,,,,,,,,,,,,,,25,,,,,,0,,,,,,,,,,,,,,,,,,,,,,,,,,,,
2013-12-11,S1F02XZ7,ST3000DM001,3000592982016,0,,136540696,,,,,,,,0,,,,,,13881,,,,,,,,,,,,,,,,,,,,,,,,,,,,,,25,,,,,,0,,,,,,,,,,,,,,,,,,,,,,,,,,,,
2013-12-11,Z1F0LLN5,ST3000DM001,3000592982016,0,,87457216,,,,,,,,0,,,,,,10943,,,,,,,,,,,,,,,,,,,,,,,,,,,,,,21,,,,,,0,,,,,,,,,,,,,,,,,,,,,,,,,,,,
2013-12-11,S1F0CW98,ST3000DM001,3000592982016,0,,130601624,,,,,,,,0,,,,,,12419,,,,,,,,,,,,,,,,,,,,,,,,,,,,,,31,,,,,,0,,,,,,,,,,,,,,,,,,,,,,,,,,,,
2013-12-11,MJ1311YNG324ZA,Hitachi HDS5C3030ALA630,3000592982016,0,,0,,,,,,,,0,,,,,,18040,,,,,,,,,,,,,,,,,,,,,,,,,,,,,,26,,,,,,0,,,,,,,,,,,,,,,,,,,,,,,,,,,,
2013-12-11,Z300K9E5,ST4000DM000,4000787030016,0,,3180016,,,,,,,,0,,,,,,2245,,,,,,,,,,,,,,,,,,,,,,,,,,,,,,20,,,,,,0,,,,,,,,,,,,,,,,,,,,,,,,,,,,
2013-12-11,S1F02YDD,ST3000DM001,3000592982016,0,,205276528,,,,,,,,46944,,,,,,16198,,,,,,,,,,,,,,,,,,,,,,,,,,,,,,25,,,,,,8,,,,,,,,,,,,,,,,,,,,,,,,,,,,
2013-12-11,6XW00EZQ,ST32000542AS,2000398934016,0,,208203527,,,,,,,,0,,,,,,7228,,,,,,,,,,,,,,,,,,,,,,,,,,,,,,25,,,,,,0,,,,,,,,,,,,,,,,,,,,,,,,,,,,
2013-12-11,S1F0127Q,ST3000DM001,3000592982016,0,,106166944,,,,,,,,0,,,,,,15246,,,,,,,,,,,,,,,,,,,,,,,,,,,,,,24,,,,,,0,,,,,,,,,,,,,,,,,,,,,,,,,,,,
2013-12-11,9VS01PEJ,ST31500341AS,1500301910016,0,,77787923,,,,,,,,1,,,,,,23813,,,,,,,,,,,,,,,,,,,,,,,,,,,,,,23,,,,,,0,,,,,,,,,,,,,,,,,,,,,,,,,,,,
2013-12-11,WD-WCAWZ1342291,WDC WD30EZRX,3000592982016,0,,0,,,,,,,,0,,,,,,17603,,,,,,,,,,,,,,,,,,,,,,,,,,,,,,22,,,,,,1,,,,,,,,,,,,,,,,,,,,,,,,,,,,
2013-12-11,W1F2WF0R,ST3000DM001,3000592982016,0,,224192320,,,,,,,,0,,,,,,1691,,,,,,,,,,,,,,,,,,,,,,,,,,,,,,21,,,,,,0,,,,,,,,,,,,,,,,,,,,,,,,,,,,
2013-12-11,JK11A8B9J0M4NF,Hitachi HDS722020ALA330,2000398934016,0,,0,,,,,,,,0,,,,,,26329,,,,,,,,,,,,,,,,,,,,,,,,,,,,,,24,,,,,,0,,,,,,,,,,,,,,,,,,,,,,,,,,,,
2013-12-11,MJ0351YNG9X64A,Hitachi HDS5C3030ALA630,3000592982016,0,,0,,,,,,,,0,,,,,,9941,,,,,,,,,,,,,,,,,,,,,,,,,,,,,,27,,,,,,0,,,,,,,,,,,,,,,,,,,,,,,,,,,,
2013-12-11,W1F0T3AJ,ST3000DM001,3000592982016,0,,72813504,,,,,,,,0,,,,,,11687,,,,,,,,,,,,,,,,,,,,,,,,,,,,,,23,,,,,,0,,,,,,,,,,,,,,,,,,,,,,,,,,,,
2013-12-11,JK1101B9GD4G2F,Hitachi HDS722020ALA330,2000398934016,0,,0,,,,,,,,0,,,,,,27543,,,,,,,,,,,,,,,,,,,,,,,,,,,,,,23,,,,,,0,,,,,,,,,,,,,,,,,,,,,,,,,,,,
2013-12-11,PL1331LAG5GVWH,HGST HMS5C4040ALE640,4000787030016,0,,0,,,,,,,,0,,,,,,9401,,,,,,,,,,,,,,,,,,,,,,,,,,,,,,30,,,,,,0,,,,,,,,,,,,,,,,,,,,,,,,,,,,
2013-12-11,Z300WGVH,ST4000DM000,4000787030016,0,,127473784,,,,,,,,0,,,,,,948,,,,,,,,,,,,,,,,,,,,,,,,,,,,,,21,,,,,,0,,,,,,,,,,,,,,,,,,,,,,,,,,,,
2013-12-11,MJ0351YNGA6EKA,Hitachi HDS5C3030ALA630,3000592982016,0,,0,,,,,,,,0,,,,,,9131,,,,,,,,,,,,,,,,,,,,,,,,,,,,,,28,,,,,,0,,,,,,,,,,,,,,,,,,,,,,,,,,,,
2013-12-11,WD-WMAWZ0285989,WDC WD30EZRX,3000592982016,0,,0,,,,,,,,1,,,,,,12706,,,,,,,,,,,,,,,,,,,,,,,,,,,,,,22,,,,,,0,,,,,,,,,,,,,,,,,,,,,,,,,,,,
2013-12-11,Z300JDMA,ST4000DM000,4000787030016,0,,56635840,,,,,,,,0,,,,,,2224,,,,,,,,,,,,,,,,,,,,,,,,,,,,,,21,,,,,,0,,,,,,,,,,,,,,,,,,,,,,,,,,,,
2013-12-11,S1F02BQR,ST3000DM001,3000592982016,0,,241624848,,,,,,,,0,,,,,,16150,,,,,,,,,,,,,,,,,,,,,,,,,,,,,,18,,,,,,0,,,,,,,,,,,,,,,,,,,,,,,,,,,,
2013-12-11,S1F0LBQ5,ST3000DM001,3000592982016,0,,46538856,,,,,,,,0,,,,,,12248,,,,,,,,,,,,,,,,,,,,,,,,,,,,,,23,,,,,,0,,,,,,,,,,,,,,,,,,,,,,,,,,,,
2013-12-11,PL1321LAG351WH,Hitachi HDS5C4040ALE630,4000787030016,0,,0,,,,,,,,0,,,,,,6649,,,,,,,,,,,,,,,,,,,,,,,,,,,,,,21,,,,,,0,,,,,,,,,,,,,,,,,,,,,,,,,,,,
2013-12-11,6XW0532G,ST31500541AS,1500301910016,0,,62981982,,,,,,,,0,,,,,,36956,,,,,,,,,,,,,,,,,,,,,,,,,,,,,,23,,,,,,0,,,,,,,,,,,,,,,,,,,,,,,,,,,,
2013-12-11,9XW027CS,ST31500541AS,1500301910016,0,,215175084,,,,,,,,35,,,,,,35232,,,,,,,,,,,,,,,,,,,,,,,,,,,,,,18,,,,,,0,,,,,,,,,,,,,,,,,,,,,,,,,,,,
2013-12-11,MJ1311YNG5KVHA,Hitachi HDS5C3030ALA630,3000592982016,0,,0,,,,,,,,0,,,,,,14330,,,,,,,,,,,,,,,,,,,,,,,,,,,,,,33,,,,,,0,,,,,,,,,,,,,,,,,,,,,,,,,,,,
2013-12-11,S1F0256W,ST3000DM001,3000592982016,0,,38155776,,,,,,,,0,,,,,,15532,,,,,,,,,,,,,,,,,,,,,,,,,,,,,,23,,,,,,0,,,,,,,,,,,,,,,,,,,,,,,,,,,,
2013-12-11,9XW027CA,ST31500541AS,1500301910016,0,,60502199,,,,,,,,0,,,,,,35758,,,,,,,,,,,,,,,,,,,,,,,,,,,,,,19,,,,,,0,,,,,,,,,,,,,,,,,,,,,,,,,,,,
2013-12-11,Z300X647,ST4000DM000,4000787030016,0,,181180544,,,,,,,,0,,,,,,918,,,,,,,,,,,,,,,,,,,,,,,,,,,,,,18,,,,,,0,,,,,,,,,,,,,,,,,,,,,,,,,,,,
2013-12-11,6XW06SYR,ST31500541AS,1500301910016,0,,222656022,,,,,,,,0,,,,,,36401,,,,,,,,,,,,,,,,,,,,,,,,,,,,,,20,,,,,,0,,,,,,,,,,,,,,,,,,,,,,,,,,,,
2013-12-11,MJ1321YNG0BDUA,Hitachi HDS5C3030ALA630,3000592982016,0,,0,,,,,,,,0,,,,,,20731,,,,,,,,,,,,,,,,,,,,,,,,,,,,,,27,,,,,,0,,,,,,,,,,,,,,,,,,,,,,,,,,,,
2013-12-11,JK1101B9KNMX1F,Hitachi HDS722020ALA330,2000398934016,0,,0,,,,,,,,6,,,,,,22862,,,,,,,,,,,,,,,,,,,,,,,,,,,,,,27,,,,,,0,,,,,,,,,,,,,,,,,,,,,,,,,,,,
2013-12-11,JK11A8B9J2KK0F,Hitachi HDS722020ALA330,2000398934016,0,,65536,,,,,,,,0,,,,,,24428,,,,,,,,,,,,,,,,,,,,,,,,,,,,,,30,,,,,,0,,,,,,,,,,,,,,,,,,,,,,,,,,,,
2013-12-11,JK1105B8JS1JTX,Hitachi HDS722020ALA330,2000398934016,0,,0,,,,,,,,0,,,,,,23512,,,,,,,,,,,,,,,,,,,,,,,,,,,,,,29,,,,,,0,,,,,,,,,,,,,,,,,,,,,,,,,,,,
2013-12-11,JK1101B9JNENLR,Hitachi HDS722020ALA330,2000398934016,0,,0,,,,,,,,0,,,,,,23989,,,,,,,,,,,,,,,,,,,,,,,,,,,,,,26,,,,,,0,,,,,,,,,,,,,,,,,,,,,,,,,,,,
2013-12-11,S1F0RS72,ST3000DM001,3000592982016,0,,178261488,,,,,,,,0,,,,,,10726,,,,,,,,,,,,,,,,,,,,,,,,,,,,,,22,,,,,,0,,,,,,,,,,,,,,,,,,,,,,,,,,,,
2013-12-11,JK11A8B9J7HH7F,Hitachi HDS722020ALA330,2000398934016,0,,0,,,,,,,,0,,,,,,25539,,,,,,,,,,,,,,,,,,,,,,,,,,,,,,29,,,,,,0,,,,,,,,,,,,,,,,,,,,,,,,,,,,
2013-12-11,JK1105B8GGLDLX,Hitachi HDS722020ALA330,2000398934016,0,,0,,,,,,,,0,,,,,,26766,,,,,,,,,,,,,,,,,,,,,,,,,,,,,,27,,,,,,0,,,,,,,,,,,,,,,,,,,,,,,,,,,,
2013-12-11,MJ0351YNG9YY1A,Hitachi HDS5C3030ALA630,3000592982016,0,,0,,,,,,,,0,,,,,,9146,,,,,,,,,,,,,,,,,,,,,,,,,,,,,,29,,,,,,0,,,,,,,,,,,,,,,,,,,,,,,,,,,,
2013-12-11,MJ1311YNG3KWEA,Hitachi HDS5C3030ALA630,3000592982016,0,,0,,,,,,,,0,,,,,,18949,,,,,,,,,,,,,,,,,,,,,,,,,,,,,,23,,,,,,0,,,,,,,,,,,,,,,,,,,,,,,,,,,,
2013-12-11,9XW027C3,ST31500541AS,1500301910016,0,,193303832,,,,,,,,0,,,,,,35235,,,,,,,,,,,,,,,,,,,,,,,,,,,,,,18,,,,,,0,,,,,,,,,,,,,,,,,,,,,,,,,,,,
2013-12-11,W300D43S,ST4000DM000,4000787030016,0,,220593608,,,,,,,,0,,,,,,3238,,,,,,,,,,,,,,,,,,,,,,,,,,,,,,19,,,,,,0,,,,,,,,,,,,,,,,,,,,,,,,,,,,
2013-12-11,PL1311LAG22RAA,Hitachi HDS5C4040ALE630,4000787030016,0,,0,,,,,,,,0,,,,,,4582,,,,,,,,,,,,,,,,,,,,,,,,,,,,,,26,,,,,,0,,,,,,,,,,,,,,,,,,,,,,,,,,,,
2013-12-11,MJ0351YNG9T09A,Hitachi HDS5C3030ALA630,3000592982016,0,,0,,,,,,,,0,,,,,,9469,,,,,,,,,,,,,,,,,,,,,,,,,,,,,,27,,,,,,0,,,,,,,,,,,,,,,,,,,,,,,,,,,,
2013-12-11,6XW01RDL,ST31500541AS,1500301910016,0,,134197975,,,,,,,,0,,,,,,36063,,,,,,,,,,,,,,,,,,,,,,,,,,,,,,19,,,,,,0,,,,,,,,,,,,,,,,,,,,,,,,,,,,
2013-12-11,S1F02DGK,ST3000DM001,3000592982016,0,,95925536,,,,,,,,0,,,,,,15417,,,,,,,,,,,,,,,,,,,,,,,,,,,,,,27,,,,,,8,,,,,,,,,,,,,,,,,,,,,,,,,,,,
2013-12-11,MJ0351YNGA72NA,Hitachi HDS5C3030ALA630,3000592982016,0,,0,,,,,,,,0,,,,,,7691,,,,,,,,,,,,,,,,,,,,,,,,,,,,,,24,,,,,,0,,,,,,,,,,,,,,,,,,,,,,,,,,,,
2013-12-11,W300D43A,ST4000DM000,4000787030016,0,,90743112,,,,,,,,0,,,,,,4140,,,,,,,,,,,,,,,,,,,,,,,,,,,,,,26,,,,,,0,,,,,,,,,,,,,,,,,,,,,,,,,,,,
2013-12-11,MJ1311YNG2B3TA,Hitachi HDS5C3030ALA630,3000592982016,0,,262144,,,,,,,,0,,,,,,18364,,,,,,,,,,,,,,,,,,,,,,,,,,,,,,28,,,,,,0,,,,,,,,,,,,,,,,,,,,,,,,,,,,
2013-12-11,6XW05329,ST31500541AS,1500301910016,0,,37333046,,,,,,,,0,,,,,,36375,,,,,,,,,,,,,,,,,,,,,,,,,,,,,,22,,,,,,0,,,,,,,,,,,,,,,,,,,,,,,,,,,,
2013-12-11,9XK0PQJZ,ST33000651AS,3000592982016,0,,132558923,,,,,,,,0,,,,,,17050,,,,,,,,,,,,,,,,,,,,,,,,,,,,,,25,,,,,,0,,,,,,,,,,,,,,,,,,,,,,,,,,,,
2013-12-11,W3002Y7X,ST4000DM000,4000787030016,0,,32645536,,,,,,,,0,,,,,,2845,,,,,,,,,,,,,,,,,,,,,,,,,,,,,,27,,,,,,0,,,,,,,,,,,,,,,,,,,,,,,,,,,,
2013-12-11,JK1130YAHDHNNT,Hitachi HDS722020ALA330,2000398934016,0,,524290,,,,,,,,0,,,,,,30171,,,,,,,,,,,,,,,,,,,,,,,,,,,,,,28,,,,,,0,,,,,,,,,,,,,,,,,,,,,,,,,,,,
2013-12-11,PL1321LAG350YH,Hitachi HDS5C4040ALE630,4000787030016,0,,0,,,,,,,,0,,,,,,6651,,,,,,,,,,,,,,,,,,,,,,,,,,,,,,23,,,,,,0,,,,,,,,,,,,,,,,,,,,,,,,,,,,
2013-12-11,WD-WCAU47235960,WDC WD10EADS,1000204886016,0,,1,,,,,,,,0,,,,,,40584,,,,,,,,,,,,,,,,,,,,,,,,,,,,,,20,,,,,,0,,,,,,,,,,,,,,,,,,,,,,,,,,,,
2013-12-11,MJ1311YNG32T9A,Hitachi HDS5C3030ALA630,3000592982016,0,,0,,,,,,,,0,,,,,,18405,,,,,,,,,,,,,,,,,,,,,,,,,,,,,,22,,,,,,0,,,,,,,,,,,,,,,,,,,,,,,,,,,,
2013-12-11,6XW01LRT,ST31500541AS,1500301910016,0,,7492004,,,,,,,,0,,,,,,36451,,,,,,,,,,,,,,,,,,,,,,,,,,,,,,19,,,,,,0,,,,,,,,,,,,,,,,,,,,,,,,,,,,
2013-12-11,WD-WCAU47264414,WDC WD10EADS,1000204886016,0,,6,,,,,,,,0,,,,,,40529,,,,,,,,,,,,,,,,,,,,,,,,,,,,,,20,,,,,,0,,,,,,,,,,,,,,,,,,,,,,,,,,,,
2013-12-11,Z300W60S,ST4000DM000,4000787030016,0,,38583208,,,,,,,,0,,,,,,944,,,,,,,,,,,,,,,,,,,,,,,,,,,,,,25,,,,,,0,,,,,,,,,,,,,,,,,,,,,,,,,,,,
2013-12-11,Z300W60X,ST4000DM000,4000787030016,0,,139628312,,,,,,,,0,,,,,,918,,,,,,,,,,,,,,,,,,,,,,,,,,,,,,20,,,,,,0,,,,,,,,,,,,,,,,,,,,,,,,,,,,
2013-12-11,Z300W60Y,ST4000DM000,4000787030016,0,,174045912,,,,,,,,0,,,,,,918,,,,,,,,,,,,,,,,,,,,,,,,,,,,,,21,,,,,,0,,,,,,,,,,,,,,,,,,,,,,,,,,,,
2013-12-11,S1F04AE1,ST3000DM001,3000592982016,0,,60833032,,,,,,,,0,,,,,,14993,,,,,,,,,,,,,,,,,,,,,,,,,,,,,,24,,,,,,0,,,,,,,,,,,,,,,,,,,,,,,,,,,,
2013-12-11,MJ0351YNG9NV0A,Hitachi HDS5C3030ALA630,3000592982016,0,,0,,,,,,,,0,,,,,,9469,,,,,,,,,,,,,,,,,,,,,,,,,,,,,,24,,,,,,0,,,,,,,,,,,,,,,,,,,,,,,,,,,,
2013-12-11,JK11H1B9J5LGER,Hitachi HDS722020ALA330,2000398934016,0,,65536,,,,,,,,0,,,,,,11597,,,,,,,,,,,,,,,,,,,,,,,,,,,,,,22,,,,,,0,,,,,,,,,,,,,,,,,,,,,,,,,,,,
2013-12-11,MJ1311YNG739DA,Hitachi HDS5C3030ALA630,3000592982016,0,,0,,,,,,,,0,,,,,,14310,,,,,,,,,,,,,,,,,,,,,,,,,,,,,,21,,,,,,0,,,,,,,,,,,,,,,,,,,,,,,,,,,,
2013-12-11,S1F01E6Y,ST3000DM001,3000592982016,0,,161032272,,,,,,,,0,,,,,,11690,,,,,,,,,,,,,,,,,,,,,,,,,,,,,,27,,,,,,0,,,,,,,,,,,,,,,,,,,,,,,,,,,,
2013-12-11,MJ1311YNG31V4A,Hitachi HDS5C3030ALA630,3000592982016,0,,0,,,,,,,,0,,,,,,18405,,,,,,,,,,,,,,,,,,,,,,,,,,,,,,22,,,,,,0,,,,,,,,,,,,,,,,,,,,,,,,,,,,
2013-12-11,MJ0351YNGA0DYA,Hitachi HDS5C3030ALA630,3000592982016,0,,0,,,,,,,,0,,,,,,9315,,,,,,,,,,,,,,,,,,,,,,,,,,,,,,29,,,,,,0,,,,,,,,,,,,,,,,,,,,,,,,,,,,
2013-12-11,MJ0351YNGA3Z3A,Hitachi HDS5C3030ALA630,3000592982016,0,,0,,,,,,,,0,,,,,,9147,,,,,,,,,,,,,,,,,,,,,,,,,,,,,,28,,,,,,0,,,,,,,,,,,,,,,,,,,,,,,,,,,,
2013-12-11,JK1131YAJJ432V,Hitachi HDS722020ALA330,2000398934016,0,,65536,,,,,,,,0,,,,,,30255,,,,,,,,,,,,,,,,,,,,,,,,,,,,,,26,,,,,,0,,,,,,,,,,,,,,,,,,,,,,,,,,,,
2013-12-11,W1F0B3D6,ST3000DM001,3000592982016,0,,105060776,,,,,,,,4712,,,,,,13795,,,,,,,,,,,,,,,,,,,,,,,,,,,,,,24,,,,,,8,,,,,,,,,,,,,,,,,,,,,,,,,,,,
2013-12-11,JK11A8B9J715VF,Hitachi HDS722020ALA330,2000398934016,0,,0,,,,,,,,0,,,,,,22698,,,,,,,,,,,,,,,,,,,,,,,,,,,,,,30,,,,,,0,,,,,,,,,,,,,,,,,,,,,,,,,,,,
2013-12-11,PL1321LAG34K9H,Hitachi HDS5C4040ALE630,4000787030016,0,,0,,,,,,,,0,,,,,,6649,,,,,,,,,,,,,,,,,,,,,,,,,,,,,,21,,,,,,0,,,,,,,,,,,,,,,,,,,,,,,,,,,,
2013-12-11,MJ0351YNGA6X7A,Hitachi HDS5C3030ALA630,3000592982016,0,,0,,,,,,,,0,,,,,,8498,,,,,,,,,,,,,,,,,,,,,,,,,,,,,,26,,,,,,0,,,,,,,,,,,,,,,,,,,,,,,,,,,,
2013-12-11,MJ0351YNGA3K0A,Hitachi HDS5C3030ALA630,3000592982016,0,,0,,,,,,,,0,,,,,,8497,,,,,,,,,,,,,,,,,,,,,,,,,,,,,,28,,,,,,0,,,,,,,,,,,,,,,,,,,,,,,,,,,,
2013-12-11,6XW03984,ST31500541AS,1500301910016,0,,178277462,,,,,,,,0,,,,,,36642,,,,,,,,,,,,,,,,,,,,,,,,,,,,,,20,,,,,,0,,,,,,,,,,,,,,,,,,,,,,,,,,,,
2013-12-11,MJ1311YNG3HDUA,Hitachi HDS5C3030ALA630,3000592982016,0,,0,,,,,,,,0,,,,,,18040,,,,,,,,,,,,,,,,,,,,,,,,,,,,,,25,,,,,,0,,,,,,,,,,,,,,,,,,,,,,,,,,,,
2013-12-11,W300B9WB,ST4000DM000,4000787030016,0,,128603064,,,,,,,,0,,,,,,4048,,,,,,,,,,,,,,,,,,,,,,,,,,,,,,21,,,,,,0,,,,,,,,,,,,,,,,,,,,,,,,,,,,
2013-12-11,JK11A8B9J94S4F,Hitachi HDS722020ALA330,2000398934016,0,,0,,,,,,,,0,,,,,,26004,,,,,,,,,,,,,,,,,,,,,,,,,,,,,,24,,,,,,0,,,,,,,,,,,,,,,,,,,,,,,,,,,,
2013-12-11,Z1F11B2R,ST3000DM001,3000592982016,0,,227203296,,,,,,,,0,,,,,,7565,,,,,,,,,,,,,,,,,,,,,,,,,,,,,,26,,,,,,0,,,,,,,,,,,,,,,,,,,,,,,,,,,,
2013-12-11,9VS1QWKY,ST31500341AS,1500301910016,0,,135119813,,,,,,,,31,,,,,,40072,,,,,,,,,,,,,,,,,,,,,,,,,,,,,,29,,,,,,0,,,,,,,,,,,,,,,,,,,,,,,,,,,,
2013-12-11,WD-WCAWZ1017399,WDC WD30EZRX,3000592982016,0,,0,,,,,,,,0,,,,,,17616,,,,,,,,,,,,,,,,,,,,,,,,,,,,,,22,,,,,,1,,,,,,,,,,,,,,,,,,,,,,,,,,,,
2013-12-11,MK0301YHGJ7S8A,Hitachi HDS723030ALA640,3000592982016,0,,0,,,,,,,,0,,,,,,17018,,,,,,,,,,,,,,,,,,,,,,,,,,,,,,24,,,,,,0,,,,,,,,,,,,,,,,,,,,,,,,,,,,
2013-12-11,S1F0CRZ3,ST3000DM001,3000592982016,0,,93477696,,,,,,,,0,,,,,,12420,,,,,,,,,,,,,,,,,,,,,,,,,,,,,,31,,,,,,0,,,,,,,,,,,,,,,,,,,,,,,,,,,,
2013-12-11,WD-WCAWZ1017390,WDC WD30EZRX,3000592982016,0,,41,,,,,,,,0,,,,,,16066,,,,,,,,,,,,,,,,,,,,,,,,,,,,,,18,,,,,,1,,,,,,,,,,,,,,,,,,,,,,,,,,,,
2013-12-11,JK1101B9KMKTAF,Hitachi HDS722020ALA330,2000398934016,0,,0,,,,,,,,0,,,,,,23075,,,,,,,,,,,,,,,,,,,,,,,,,,,,,,31,,,,,,0,,,,,,,,,,,,,,,,,,,,,,,,,,,,
2013-12-11,W1F095WM,ST3000DM001,3000592982016,0,,68696088,,,,,,,,0,,,,,,13340,,,,,,,,,,,,,,,,,,,,,,,,,,,,,,28,,,,,,0,,,,,,,,,,,,,,,,,,,,,,,,,,,,
2013-12-11,PL1311LAG1RPAA,Hitachi HDS5C4040ALE630,4000787030016,0,,0,,,,,,,,0,,,,,,5191,,,,,,,,,,,,,,,,,,,,,,,,,,,,,,27,,,,,,0,,,,,,,,,,,,,,,,,,,,,,,,,,,,
2013-12-11,W1F0T074,ST3000DM001,3000592982016,0,,175667224,,,,,,,,0,,,,,,9268,,,,,,,,,,,,,,,,,,,,,,,,,,,,,,30,,,,,,0,,,,,,,,,,,,,,,,,,,,,,,,,,,,
2013-12-11,5YD1P2Q1,ST1500DL003,1500301910016,0,,9903496,,,,,,,,0,,,,,,3345,,,,,,,,,,,,,,,,,,,,,,,,,,,,,,29,,,,,,0,,,,,,,,,,,,,,,,,,,,,,,,,,,,
2013-12-11,Z1Z03JF5,ST4000DX000,4000787030016,0,,133369300,,,,,,,,0,,,,,,7132,,,,,,,,,,,,,,,,,,,,,,,,,,,,,,37,,,,,,0,,,,,,,,,,,,,,,,,,,,,,,,,,,,
2013-12-11,Z300JAW8,ST4000DM000,4000787030016,0,,128546352,,,,,,,,0,,,,,,2217,,,,,,,,,,,,,,,,,,,,,,,,,,,,,,21,,,,,,0,,,,,,,,,,,,,,,,,,,,,,,,,,,,
2013-12-11,JK11A8B9J431ZF,Hitachi HDS722020ALA330,2000398934016,0,,131072,,,,,,,,0,,,,,,25123,,,,,,,,,,,,,,,,,,,,,,,,,,,,,,26,,,,,,0,,,,,,,,,,,,,,,,,,,,,,,,,,,,
2013-12-11,6XW0398G,ST31500541AS,1500301910016,0,,79495849,,,,,,,,0,,,,,,36643,,,,,,,,,,,,,,,,,,,,,,,,,,,,,,22,,,,,,0,,,,,,,,,,,,,,,,,,,,,,,,,,,,
2013-12-11,JK1101B9JMZHWF,Hitachi HDS722020ALA330,2000398934016,0,,0,,,,,,,,0,,,,,,23992,,,,,,,,,,,,,,,,,,,,,,,,,,,,,,32,,,,,,0,,,,,,,,,,,,,,,,,,,,,,,,,,,,
2013-12-11,MJ0351YNG9SSHA,Hitachi HDS5C3030ALA630,3000592982016,0,,0,,,,,,,,0,,,,,,7937,,,,,,,,,,,,,,,,,,,,,,,,,,,,,,22,,,,,,0,,,,,,,,,,,,,,,,,,,,,,,,,,,,
2013-12-11,PK1331PAJ2TKDS,HGST HDS724040ALE640,4000787030016,0,,0,,,,,,,,0,,,,,,2027,,,,,,,,,,,,,,,,,,,,,,,,,,,,,,27,,,,,,0,,,,,,,,,,,,,,,,,,,,,,,,,,,,
2013-12-11,S1F0TPGA,ST3000DM001,3000592982016,0,,152210128,,,,,,,,0,,,,,,10470,,,,,,,,,,,,,,,,,,,,,,,,,,,,,,25,,,,,,0,,,,,,,,,,,,,,,,,,,,,,,,,,,,
2013-12-11,Z300BMNN,ST4000DM000,4000787030016,0,,25827272,,,,,,,,0,,,,,,2243,,,,,,,,,,,,,,,,,,,,,,,,,,,,,,22,,,,,,0,,,,,,,,,,,,,,,,,,,,,,,,,,,,
2013-12-11,MJ0351YNG9SUTA,Hitachi HDS5C3030ALA630,3000592982016,0,,0,,,,,,,,0,,,,,,8830,,,,,,,,,,,,,,,,,,,,,,,,,,,,,,28,,,,,,0,,,,,,,,,,,,,,,,,,,,,,,,,,,,
2013-12-11,JK1105B8GH0HUX,Hitachi HDS722020ALA330,2000398934016,0,,0,,,,,,,,0,,,,,,27167,,,,,,,,,,,,,,,,,,,,,,,,,,,,,,32,,,,,,0,,,,,,,,,,,,,,,,,,,,,,,,,,,,
2013-12-11,9VS2BYFN,ST31500341AS,1500301910016,0,,86327475,,,,,,,,12,,,,,,35519,,,,,,,,,,,,,,,,,,,,,,,,,,,,,,32,,,,,,0,,,,,,,,,,,,,,,,,,,,,,,,,,,,
2013-12-11,MJ1311YNG3KZ5A,Hitachi HDS5C3030ALA630,3000592982016,0,,0,,,,,,,,0,,,,,,19254,,,,,,,,,,,,,,,,,,,,,,,,,,,,,,24,,,,,,0,,,,,,,,,,,,,,,,,,,,,,,,,,,,
2013-12-11,S1F13H80,ST3000DM001,3000592982016,0,,337904,,,,,,,,0,,,,,,8651,,,,,,,,,,,,,,,,,,,,,,,,,,,,,,29,,,,,,0,,,,,,,,,,,,,,,,,,,,,,,,,,,,
2013-12-11,MJ1311YNG7LU7A,Hitachi HDS5C3030ALA630,3000592982016,0,,0,,,,,,,,0,,,,,,14620,,,,,,,,,,,,,,,,,,,,,,,,,,,,,,23,,,,,,0,,,,,,,,,,,,,,,,,,,,,,,,,,,,
2013-12-11,WD-WCAWZ0490947,WDC WD30EZRX,3000592982016,0,,0,,,,,,,,0,,,,,,14493,,,,,,,,,,,,,,,,,,,,,,,,,,,,,,22,,,,,,0,,,,,,,,,,,,,,,,,,,,,,,,,,,,
2013-12-11,W300BR1P,ST4000DM000,4000787030016,0,,25891096,,,,,,,,0,,,,,,3587,,,,,,,,,,,,,,,,,,,,,,,,,,,,,,21,,,,,,0,,,,,,,,,,,,,,,,,,,,,,,,,,,,
2013-12-11,WD-WCAWZ0558788,WDC WD30EZRX,3000592982016,0,,0,,,,,,,,0,,,,,,17616,,,,,,,,,,,,,,,,,,,,,,,,,,,,,,24,,,,,,0,,,,,,,,,,,,,,,,,,,,,,,,,,,,
2013-12-11,Z3006Q5L,ST4000DM000,4000787030016,0,,93760400,,,,,,,,0,,,,,,5417,,,,,,,,,,,,,,,,,,,,,,,,,,,,,,20,,,,,,0,,,,,,,,,,,,,,,,,,,,,,,,,,,,
2013-12-11,W300C9MF,ST4000DM000,4000787030016,0,,110227776,,,,,,,,0,,,,,,4160,,,,,,,,,,,,,,,,,,,,,,,,,,,,,,23,,,,,,0,,,,,,,,,,,,,,,,,,,,,,,,,,,,
2013-12-11,PL1321LAG34H2H,Hitachi HDS5C4040ALE630,4000787030016,0,,0,,,,,,,,0,,,,,,6653,,,,,,,,,,,,,,,,,,,,,,,,,,,,,,22,,,,,,0,,,,,,,,,,,,,,,,,,,,,,,,,,,,
2013-12-11,MJ1321YNG0PTPA,Hitachi HDS5C3030ALA630,3000592982016,0,,0,,,,,,,,0,,,,,,20503,,,,,,,,,,,,,,,,,,,,,,,,,,,,,,25,,,,,,0,,,,,,,,,,,,,,,,,,,,,,,,,,,,
2013-12-11,W1F0QVLQ,ST3000DM001,3000592982016,0,,25816960,,,,,,,,0,,,,,,7665,,,,,,,,,,,,,,,,,,,,,,,,,,,,,,24,,,,,,0,,,,,,,,,,,,,,,,,,,,,,,,,,,,
2013-12-11,MJ1311YNG6HVHA,Hitachi HDS5C3030ALA630,3000592982016,0,,0,,,,,,,,0,,,,,,19649,,,,,,,,,,,,,,,,,,,,,,,,,,,,,,25,,,,,,0,,,,,,,,,,,,,,,,,,,,,,,,,,,,
2013-12-11,S1F01ANP,ST3000DM001,3000592982016,0,,141012064,,,,,,,,0,,,,,,15344,,,,,,,,,,,,,,,,,,,,,,,,,,,,,,27,,,,,,0,,,,,,,,,,,,,,,,,,,,,,,,,,,,
2013-12-11,S1F0B31G,ST3000DM001,3000592982016,0,,126140368,,,,,,,,0,,,,,,12842,,,,,,,,,,,,,,,,,,,,,,,,,,,,,,24,,,,,,0,,,,,,,,,,,,,,,,,,,,,,,,,,,,
2013-12-11,MJ1311YNG25S8A,Hitachi HDS5C3030ALA630,3000592982016,0,,0,,,,,,,,0,,,,,,18362,,,,,,,,,,,,,,,,,,,,,,,,,,,,,,21,,,,,,0,,,,,,,,,,,,,,,,,,,,,,,,,,,,
2013-12-11,JK11A8B9J77ABF,Hitachi HDS722020ALA330,2000398934016,0,,0,,,,,,,,0,,,,,,25584,,,,,,,,,,,,,,,,,,,,,,,,,,,,,,28,,,,,,0,,,,,,,,,,,,,,,,,,,,,,,,,,,,
2013-12-11,JK1174YAK7JDJW,Hitachi HDS722020ALA330,2000398934016,0,,0,,,,,,,,0,,,,,,28811,,,,,,,,,,,,,,,,,,,,,,,,,,,,,,24,,,,,,0,,,,,,,,,,,,,,,,,,,,,,,,,,,,
2013-12-11,MJ1311YNG5J8BA,Hitachi HDS5C3030ALA630,3000592982016,0,,0,,,,,,,,0,,,,,,14574,,,,,,,,,,,,,,,,,,,,,,,,,,,,,,25,,,,,,0,,,,,,,,,,,,,,,,,,,,,,,,,,,,
2013-12-11,6XW1066W,ST31500541AS,1500301910016,0,,37693997,,,,,,,,0,,,,,,30196,,,,,,,,,,,,,,,,,,,,,,,,,,,,,,25,,,,,,0,,,,,,,,,,,,,,,,,,,,,,,,,,,,
2013-12-11,Z300NKBL,ST4000DM000,4000787030016,0,,191741544,,,,,,,,0,,,,,,105,,,,,,,,,,,,,,,,,,,,,,,,,,,,,,20,,,,,,0,,,,,,,,,,,,,,,,,,,,,,,,,,,,
2013-12-11,9XW01V7A,ST31500541AS,1500301910016,0,,133854421,,,,,,,,0,,,,,,34169,,,,,,,,,,,,,,,,,,,,,,,,,,,,,,21,,,,,,0,,,,,,,,,,,,,,,,,,,,,,,,,,,,
2013-12-11,S1F09DYG,ST3000DM001,3000592982016,0,,44784648,,,,,,,,0,,,,,,12420,,,,,,,,,,,,,,,,,,,,,,,,,,,,,,31,,,,,,0,,,,,,,,,,,,,,,,,,,,,,,,,,,,
2013-12-11,W300D3W1,ST4000DM000,4000787030016,0,,52670056,,,,,,,,0,,,,,,4168,,,,,,,,,,,,,,,,,,,,,,,,,,,,,,29,,,,,,0,,,,,,,,,,,,,,,,,,,,,,,,,,,,
2013-12-11,WD-WCAU45693121,WDC WD10EADS,1000204886016,0,,3,,,,,,,,0,,,,,,38941,,,,,,,,,,,,,,,,,,,,,,,,,,,,,,30,,,,,,0,,,,,,,,,,,,,,,,,,,,,,,,,,,,
2013-12-11,MJ1311YNG3AV9A,Hitachi HDS5C3030ALA630,3000592982016,0,,0,,,,,,,,0,,,,,,19325,,,,,,,,,,,,,,,,,,,,,,,,,,,,,,24,,,,,,0,,,,,,,,,,,,,,,,,,,,,,,,,,,,
2013-12-11,JK1101YAK7ETLV,Hitachi HDS722020ALA330,2000398934016,0,,1,,,,,,,,0,,,,,,29211,,,,,,,,,,,,,,,,,,,,,,,,,,,,,,32,,,,,,0,,,,,,,,,,,,,,,,,,,,,,,,,,,,
2013-12-11,W300B6Y0,ST4000DM000,4000787030016,0,,213555288,,,,,,,,0,,,,,,3588,,,,,,,,,,,,,,,,,,,,,,,,,,,,,,24,,,,,,0,,,,,,,,,,,,,,,,,,,,,,,,,,,,
2013-12-11,JK11A5B8J195VX,Hitachi HDS722020ALA330,2000398934016,0,,1,,,,,,,,0,,,,,,23821,,,,,,,,,,,,,,,,,,,,,,,,,,,,,,27,,,,,,0,,,,,,,,,,,,,,,,,,,,,,,,,,,,
2013-12-11,9XW01KFF,ST31500541AS,1500301910016,0,,86091514,,,,,,,,0,,,,,,35758,,,,,,,,,,,,,,,,,,,,,,,,,,,,,,22,,,,,,0,,,,,,,,,,,,,,,,,,,,,,,,,,,,
2013-12-11,MJ0351YNG9WPYA,Hitachi HDS5C3030ALA630,3000592982016,0,,0,,,,,,,,0,,,,,,9483,,,,,,,,,,,,,,,,,,,,,,,,,,,,,,30,,,,,,0,,,,,,,,,,,,,,,,,,,,,,,,,,,,
2013-12-11,W1F0P0JE,ST3000DM001,3000592982016,0,,219842424,,,,,,,,0,,,,,,11017,,,,,,,,,,,,,,,,,,,,,,,,,,,,,,19,,,,,,0,,,,,,,,,,,,,,,,,,,,,,,,,,,,
2013-12-11,9XW01TFP,ST31500541AS,1500301910016,0,,81302890,,,,,,,,137,,,,,,35651,,,,,,,,,,,,,,,,,,,,,,,,,,,,,,17,,,,,,0,,,,,,,,,,,,,,,,,,,,,,,,,,,,
2013-12-11,JK11A8B9J7HAJF,Hitachi HDS722020ALA330,2000398934016,0,,65536,,,,,,,,0,,,,,,22697,,,,,,,,,,,,,,,,,,,,,,,,,,,,,,27,,,,,,0,,,,,,,,,,,,,,,,,,,,,,,,,,,,
2013-12-11,PL1331LAG5GV0H,HGST HMS5C4040ALE640,4000787030016,0,,0,,,,,,,,0,,,,,,9403,,,,,,,,,,,,,,,,,,,,,,,,,,,,,,29,,,,,,0,,,,,,,,,,,,,,,,,,,,,,,,,,,,
2013-12-11,Z300CQS3,ST4000DM000,4000787030016,0,,66163752,,,,,,,,0,,,,,,2263,,,,,,,,,,,,,,,,,,,,,,,,,,,,,,21,,,,,,0,,,,,,,,,,,,,,,,,,,,,,,,,,,,
2013-12-11,5YD893E9,ST1500DL003,1500301910016,0,,10516640,,,,,,,,0,,,,,,10592,,,,,,,,,,,,,,,,,,,,,,,,,,,,,,19,,,,,,0,,,,,,,,,,,,,,,,,,,,,,,,,,,,
2013-12-11,JK1105B8GG42TX,Hitachi HDS722020ALA330,2000398934016,0,,0,,,,,,,,0,,,,,,27212,,,,,,,,,,,,,,,,,,,,,,,,,,,,,,27,,,,,,0,,,,,,,,,,,,,,,,,,,,,,,,,,,,
2013-12-11,Z300CQSK,ST4000DM000,4000787030016,0,,232277584,,,,,,,,0,,,,,,2216,,,,,,,,,,,,,,,,,,,,,,,,,,,,,,20,,,,,,0,,,,,,,,,,,,,,,,,,,,,,,,,,,,
2013-12-11,MJ0351YNG9W37A,Hitachi HDS5C3030ALA630,3000592982016,0,,0,,,,,,,,0,,,,,,9312,,,,,,,,,,,,,,,,,,,,,,,,,,,,,,28,,,,,,0,,,,,,,,,,,,,,,,,,,,,,,,,,,,
2013-12-11,WD-WCC1T1283393,WDC WD30EFRX,3000592982016,0,,0,,,,,,,,0,,,,,,1713,,,,,,,,,,,,,,,,,,,,,,,,,,,,,,19,,,,,,0,,,,,,,,,,,,,,,,,,,,,,,,,,,,
2013-12-11,MJ0351YNG9N5HA,Hitachi HDS5C3030ALA630,3000592982016,0,,0,,,,,,,,0,,,,,,9956,,,,,,,,,,,,,,,,,,,,,,,,,,,,,,29,,,,,,0,,,,,,,,,,,,,,,,,,,,,,,,,,,,
2013-12-11,6XW05ZZJ,ST31500541AS,1500301910016,0,,159725991,,,,,,,,0,,,,,,37288,,,,,,,,,,,,,,,,,,,,,,,,,,,,,,26,,,,,,0,,,,,,,,,,,,,,,,,,,,,,,,,,,,
2013-12-11,JK11A8B9GNST6F,Hitachi HDS722020ALA330,2000398934016,0,,1,,,,,,,,0,,,,,,26479,,,,,,,,,,,,,,,,,,,,,,,,,,,,,,28,,,,,,0,,,,,,,,,,,,,,,,,,,,,,,,,,,,
2013-12-11,W1F03XXN,ST3000DM001,3000592982016,0,,196571848,,,,,,,,0,,,,,,14720,,,,,,,,,,,,,,,,,,,,,,,,,,,,,,20,,,,,,0,,,,,,,,,,,,,,,,,,,,,,,,,,,,
2013-12-11,JK1171B9HLK08T,Hitachi HDS722020ALA330,2000398934016,0,,0,,,,,,,,0,,,,,,25991,,,,,,,,,,,,,,,,,,,,,,,,,,,,,,29,,,,,,0,,,,,,,,,,,,,,,,,,,,,,,,,,,,
2013-12-11,Z300XH9J,ST4000DM000,4000787030016,0,,177243872,,,,,,,,0,,,,,,957,,,,,,,,,,,,,,,,,,,,,,,,,,,,,,21,,,,,,0,,,,,,,,,,,,,,,,,,,,,,,,,,,,
2013-12-11,MJ1321YNG09HAA,Hitachi HDS5C3030ALA630,3000592982016,0,,1,,,,,,,,0,,,,,,20503,,,,,,,,,,,,,,,,,,,,,,,,,,,,,,26,,,,,,0,,,,,,,,,,,,,,,,,,,,,,,,,,,,
2013-12-11,6XW02TPC,ST31500541AS,1500301910016,0,,151605803,,,,,,,,0,,,,,,36959,,,,,,,,,,,,,,,,,,,,,,,,,,,,,,22,,,,,,0,,,,,,,,,,,,,,,,,,,,,,,,,,,,
2013-12-11,MJ0351YNG9S35A,Hitachi HDS5C3030ALA630,3000592982016,0,,0,,,,,,,,0,,,,,,9163,,,,,,,,,,,,,,,,,,,,,,,,,,,,,,30,,,,,,0,,,,,,,,,,,,,,,,,,,,,,,,,,,,
2013-12-11,MJ1311YNG7LWHA,Hitachi HDS5C3030ALA630,3000592982016,0,,0,,,,,,,,0,,,,,,14620,,,,,,,,,,,,,,,,,,,,,,,,,,,,,,24,,,,,,0,,,,,,,,,,,,,,,,,,,,,,,,,,,,
2013-12-11,Z290VFNR,ST33000651AS,3000592982016,0,,192656216,,,,,,,,0,,,,,,17740,,,,,,,,,,,,,,,,,,,,,,,,,,,,,,22,,,,,,0,,,,,,,,,,,,,,,,,,,,,,,,,,,,
2013-12-11,9XK0NYKK,ST33000651AS,3000592982016,0,,32645359,,,,,,,,0,,,,,,15604,,,,,,,,,,,,,,,,,,,,,,,,,,,,,,22,,,,,,0,,,,,,,,,,,,,,,,,,,,,,,,,,,,
2013-12-11,MJ1321YNG09KAA,Hitachi HDS5C3030ALA630,3000592982016,0,,0,,,,,,,,0,,,,,,20503,,,,,,,,,,,,,,,,,,,,,,,,,,,,,,25,,,,,,0,,,,,,,,,,,,,,,,,,,,,,,,,,,,
2013-12-11,Z290VAZN,ST33000651AS,3000592982016,0,,213254674,,,,,,,,0,,,,,,15604,,,,,,,,,,,,,,,,,,,,,,,,,,,,,,21,,,,,,0,,,,,,,,,,,,,,,,,,,,,,,,,,,,
2013-12-11,S1F0P1K7,ST3000DM001,3000592982016,0,,165274936,,,,,,,,0,,,,,,11689,,,,,,,,,,,,,,,,,,,,,,,,,,,,,,23,,,,,,0,,,,,,,,,,,,,,,,,,,,,,,,,,,,
2013-12-11,MJ1311YNG7LVUA,Hitachi HDS5C3030ALA630,3000592982016,0,,0,,,,,,,,0,,,,,,14289,,,,,,,,,,,,,,,,,,,,,,,,,,,,,,30,,,,,,0,,,,,,,,,,,,,,,,,,,,,,,,,,,,
2013-12-11,MJ1311YNG2XE9A,Hitachi HDS5C3030ALA630,3000592982016,0,,0,,,,,,,,0,,,,,,18387,,,,,,,,,,,,,,,,,,,,,,,,,,,,,,22,,,,,,0,,,,,,,,,,,,,,,,,,,,,,,,,,,,
2013-12-11,MJ1311YNG6UW1A,Hitachi HDS5C3030ALA630,3000592982016,0,,0,,,,,,,,0,,,,,,14620,,,,,,,,,,,,,,,,,,,,,,,,,,,,,,22,,,,,,0,,,,,,,,,,,,,,,,,,,,,,,,,,,,
2013-12-11,Z1F06KHN,ST3000DM001,3000592982016,0,,204416904,,,,,,,,0,,,,,,14734,,,,,,,,,,,,,,,,,,,,,,,,,,,,,,25,,,,,,0,,,,,,,,,,,,,,,,,,,,,,,,,,,,
2013-12-11,JK11A8B9J7B83F,Hitachi HDS722020ALA330,2000398934016,0,,0,,,,,,,,0,,,,,,21477,,,,,,,,,,,,,,,,,,,,,,,,,,,,,,29,,,,,,0,,,,,,,,,,,,,,,,,,,,,,,,,,,,
2013-12-11,S1F0S3V6,ST3000DM001,3000592982016,0,,124699832,,,,,,,,0,,,,,,10502,,,,,,,,,,,,,,,,,,,,,,,,,,,,,,26,,,,,,0,,,,,,,,,,,,,,,,,,,,,,,,,,,,
2013-12-11,PL1311LAG3D8RH,Hitachi HDS5C4040ALE630,4000787030016,0,,0,,,,,,,,0,,,,,,6072,,,,,,,,,,,,,,,,,,,,,,,,,,,,,,21,,,,,,0,,,,,,,,,,,,,,,,,,,,,,,,,,,,
2013-12-11,W1F036A8,ST3000DM001,3000592982016,0,,138870208,,,,,,,,0,,,,,,17067,,,,,,,,,,,,,,,,,,,,,,,,,,,,,,22,,,,,,0,,,,,,,,,,,,,,,,,,,,,,,,,,,,
2013-12-11,PL1321LAG3561H,Hitachi HDS5C4040ALE630,4000787030016,0,,0,,,,,,,,0,,,,,,6652,,,,,,,,,,,,,,,,,,,,,,,,,,,,,,25,,,,,,0,,,,,,,,,,,,,,,,,,,,,,,,,,,,
2013-12-11,Z300CM10,ST4000DM000,4000787030016,0,,198911768,,,,,,,,0,,,,,,2218,,,,,,,,,,,,,,,,,,,,,,,,,,,,,,21,,,,,,0,,,,,,,,,,,,,,,,,,,,,,,,,,,,
2013-12-11,JK1101B9KN5N9F,Hitachi HDS722020ALA330,2000398934016,0,,0,,,,,,,,0,,,,,,22954,,,,,,,,,,,,,,,,,,,,,,,,,,,,,,25,,,,,,0,,,,,,,,,,,,,,,,,,,,,,,,,,,,
2013-12-11,6XW1H1AA,ST32000542AS,2000398934016,0,,1603651,,,,,,,,0,,,,,,7244,,,,,,,,,,,,,,,,,,,,,,,,,,,,,,23,,,,,,0,,,,,,,,,,,,,,,,,,,,,,,,,,,,
2013-12-11,WD-WMAWZ0284689,WDC WD30EZRX,3000592982016,0,,0,,,,,,,,0,,,,,,12946,,,,,,,,,,,,,,,,,,,,,,,,,,,,,,21,,,,,,0,,,,,,,,,,,,,,,,,,,,,,,,,,,,
2013-12-11,MK0311YHGJUN7A,Hitachi HDS723030ALA640,3000592982016,0,,0,,,,,,,,0,,,,,,16661,,,,,,,,,,,,,,,,,,,,,,,,,,,,,,25,,,,,,0,,,,,,,,,,,,,,,,,,,,,,,,,,,,
2013-12-11,MJ1311YNG7DGRA,Hitachi HDS5C3030ALA630,3000592982016,0,,0,,,,,,,,0,,,,,,14621,,,,,,,,,,,,,,,,,,,,,,,,,,,,,,23,,,,,,0,,,,,,,,,,,,,,,,,,,,,,,,,,,,
2013-12-11,S1F0CTWG,ST3000DM001,3000592982016,0,,105868248,,,,,,,,0,,,,,,12422,,,,,,,,,,,,,,,,,,,,,,,,,,,,,,35,,,,,,0,,,,,,,,,,,,,,,,,,,,,,,,,,,,
2013-12-11,S1F0S3VW,ST3000DM001,3000592982016,0,,64408032,,,,,,,,0,,,,,,10837,,,,,,,,,,,,,,,,,,,,,,,,,,,,,,24,,,,,,0,,,,,,,,,,,,,,,,,,,,,,,,,,,,
2013-12-11,MK0333YHGPLRAC,Hitachi HDS723030ALA640,3000592982016,0,,65538,,,,,,,,0,,,,,,17755,,,,,,,,,,,,,,,,,,,,,,,,,,,,,,24,,,,,,0,,,,,,,,,,,,,,,,,,,,,,,,,,,,
2013-12-11,MJ0351YNG9SK5A,Hitachi HDS5C3030ALA630,3000592982016,0,,0,,,,,,,,0,,,,,,8830,,,,,,,,,,,,,,,,,,,,,,,,,,,,,,28,,,,,,0,,,,,,,,,,,,,,,,,,,,,,,,,,,,
2013-12-11,W1F036AQ,ST3000DM001,3000592982016,0,,120921960,,,,,,,,0,,,,,,17065,,,,,,,,,,,,,,,,,,,,,,,,,,,,,,26,,,,,,0,,,,,,,,,,,,,,,,,,,,,,,,,,,,
2013-12-11,Z300CXCB,ST4000DM000,4000787030016,0,,84319848,,,,,,,,0,,,,,,2243,,,,,,,,,,,,,,,,,,,,,,,,,,,,,,23,,,,,,0,,,,,,,,,,,,,,,,,,,,,,,,,,,,
2013-12-11,5XW07MST,ST31500541AS,1500301910016,0,,197330293,,,,,,,,0,,,,,,22701,,,,,,,,,,,,,,,,,,,,,,,,,,,,,,22,,,,,,0,,,,,,,,,,,,,,,,,,,,,,,,,,,,
2013-12-11,W300BY78,ST4000DM000,4000787030016,0,,217624216,,,,,,,,0,,,,,,4134,,,,,,,,,,,,,,,,,,,,,,,,,,,,,,25,,,,,,0,,,,,,,,,,,,,,,,,,,,,,,,,,,,
2013-12-11,MJ1311YNG36L9A,Hitachi HDS5C3030ALA630,3000592982016,0,,0,,,,,,,,0,,,,,,18592,,,,,,,,,,,,,,,,,,,,,,,,,,,,,,25,,,,,,0,,,,,,,,,,,,,,,,,,,,,,,,,,,,
2013-12-11,MK0301YHGMZ31D,Hitachi HDS723030ALA640,3000592982016,0,,3,,,,,,,,0,,,,,,17018,,,,,,,,,,,,,,,,,,,,,,,,,,,,,,26,,,,,,0,,,,,,,,,,,,,,,,,,,,,,,,,,,,
2013-12-11,MK0311YHGD1WUA,Hitachi HDS723030ALA640,3000592982016,0,,114,,,,,,,,0,,,,,,21460,,,,,,,,,,,,,,,,,,,,,,,,,,,,,,26,,,,,,0,,,,,,,,,,,,,,,,,,,,,,,,,,,,
2013-12-11,MK0313YHGK7VTC,Hitachi HDS723030ALA640,3000592982016,0,,0,,,,,,,,0,,,,,,21455,,,,,,,,,,,,,,,,,,,,,,,,,,,,,,23,,,,,,0,,,,,,,,,,,,,,,,,,,,,,,,,,,,
2013-12-11,Z300KJCF,ST4000DM000,4000787030016,0,,111331776,,,,,,,,0,,,,,,1225,,,,,,,,,,,,,,,,,,,,,,,,,,,,,,22,,,,,,0,,,,,,,,,,,,,,,,,,,,,,,,,,,,
2013-12-11,JK11A8B9J3MK2F,Hitachi HDS722020ALA330,2000398934016,0,,0,,,,,,,,0,,,,,,24216,,,,,,,,,,,,,,,,,,,,,,,,,,,,,,27,,,,,,0,,,,,,,,,,,,,,,,,,,,,,,,,,,,
2013-12-11,W1F0A55B,ST3000DM001,3000592982016,0,,168299912,,,,,,,,0,,,,,,13822,,,,,,,,,,,,,,,,,,,,,,,,,,,,,,24,,,,,,0,,,,,,,,,,,,,,,,,,,,,,,,,,,,
2013-12-11,JK11A8B9J94T8F,Hitachi HDS722020ALA330,2000398934016,0,,0,,,,,,,,0,,,,,,24497,,,,,,,,,,,,,,,,,,,,,,,,,,,,,,27,,,,,,0,,,,,,,,,,,,,,,,,,,,,,,,,,,,
2013-12-11,PL1311LAG28XBH,Hitachi HDS5C4040ALE630,4000787030016,0,,0,,,,,,,,0,,,,,,7419,,,,,,,,,,,,,,,,,,,,,,,,,,,,,,21,,,,,,0,,,,,,,,,,,,,,,,,,,,,,,,,,,,
2013-12-11,W1F0A55W,ST3000DM001,3000592982016,0,,37210720,,,,,,,,0,,,,,,14720,,,,,,,,,,,,,,,,,,,,,,,,,,,,,,23,,,,,,0,,,,,,,,,,,,,,,,,,,,,,,,,,,,
2013-12-11,PL1321LAG36ALH,Hitachi HDS5C4040ALE630,4000787030016,0,,0,,,,,,,,0,,,,,,5922,,,,,,,,,,,,,,,,,,,,,,,,,,,,,,20,,,,,,0,,,,,,,,,,,,,,,,,,,,,,,,,,,,
2013-12-11,W300913X,ST4000DM000,4000787030016,0,,36310856,,,,,,,,0,,,,,,4146,,,,,,,,,,,,,,,,,,,,,,,,,,,,,,22,,,,,,0,,,,,,,,,,,,,,,,,,,,,,,,,,,,
2013-12-11,W3002QBA,ST4000DM000,4000787030016,0,,77262872,,,,,,,,0,,,,,,2244,,,,,,,,,,,,,,,,,,,,,,,,,,,,,,17,,,,,,0,,,,,,,,,,,,,,,,,,,,,,,,,,,,
2013-12-11,JK11A8B9J72M6F,Hitachi HDS722020ALA330,2000398934016,0,,0,,,,,,,,0,,,,,,23319,,,,,,,,,,,,,,,,,,,,,,,,,,,,,,29,,,,,,0,,,,,,,,,,,,,,,,,,,,,,,,,,,,
2013-12-11,JK1101B9J2Z6DF,Hitachi HDS722020ALA330,2000398934016,0,,0,,,,,,,,0,,,,,,24213,,,,,,,,,,,,,,,,,,,,,,,,,,,,,,24,,,,,,0,,,,,,,,,,,,,,,,,,,,,,,,,,,,
2013-12-11,S1F10RKC,ST3000DM001,3000592982016,0,,2895992,,,,,,,,0,,,,,,8187,,,,,,,,,,,,,,,,,,,,,,,,,,,,,,22,,,,,,0,,,,,,,,,,,,,,,,,,,,,,,,,,,,
2013-12-11,PL1321LAGAXJGH,Hitachi HDS5C4040ALE630,4000787030016,0,,0,,,,,,,,0,,,,,,5064,,,,,,,,,,,,,,,,,,,,,,,,,,,,,,29,,,,,,0,,,,,,,,,,,,,,,,,,,,,,,,,,,,
2013-12-11,6XW01K76,ST31500541AS,1500301910016,0,,159059396,,,,,,,,0,,,,,,35446,,,,,,,,,,,,,,,,,,,,,,,,,,,,,,17,,,,,,0,,,,,,,,,,,,,,,,,,,,,,,,,,,,
2013-12-11,W300D4T4,ST4000DM000,4000787030016,0,,223047408,,,,,,,,0,,,,,,4160,,,,,,,,,,,,,,,,,,,,,,,,,,,,,,22,,,,,,0,,,,,,,,,,,,,,,,,,,,,,,,,,,,
2013-12-11,MK0311YHGKMJ8A,Hitachi HDS723030ALA640,3000592982016,0,,0,,,,,,,,0,,,,,,16802,,,,,,,,,,,,,,,,,,,,,,,,,,,,,,29,,,,,,0,,,,,,,,,,,,,,,,,,,,,,,,,,,,
2013-12-11,MK0331YHGRUYBA,Hitachi HDS723030ALA640,3000592982016,0,,0,,,,,,,,0,,,,,,17354,,,,,,,,,,,,,,,,,,,,,,,,,,,,,,26,,,,,,0,,,,,,,,,,,,,,,,,,,,,,,,,,,,
2013-12-11,MJ0351YNG9YMZA,Hitachi HDS5C3030ALA630,3000592982016,0,,0,,,,,,,,0,,,,,,7828,,,,,,,,,,,,,,,,,,,,,,,,,,,,,,24,,,,,,0,,,,,,,,,,,,,,,,,,,,,,,,,,,,
2013-12-11,JK1175YAHSP49X,Hitachi HDS722020ALA330,2000398934016,0,,0,,,,,,,,1,,,,,,30501,,,,,,,,,,,,,,,,,,,,,,,,,,,,,,30,,,,,,0,,,,,,,,,,,,,,,,,,,,,,,,,,,,
2013-12-11,PL1311LAG397AH,Hitachi HDS5C4040ALE630,4000787030016,0,,0,,,,,,,,0,,,,,,5670,,,,,,,,,,,,,,,,,,,,,,,,,,,,,,19,,,,,,0,,,,,,,,,,,,,,,,,,,,,,,,,,,,
2013-12-11,9VS3HNHZ,ST31500341AS,1500301910016,0,,18665706,,,,,,,,204,,,,,,32916,,,,,,,,,,,,,,,,,,,,,,,,,,,,,,25,,,,,,0,,,,,,,,,,,,,,,,,,,,,,,,,,,,
2013-12-11,MJ1311YNG6KXVA,Hitachi HDS5C3030ALA630,3000592982016,0,,0,,,,,,,,0,,,,,,14682,,,,,,,,,,,,,,,,,,,,,,,,,,,,,,16,,,,,,0,,,,,,,,,,,,,,,,,,,,,,,,,,,,
2013-12-11,9VS3HA8C,ST31500341AS,1500301910016,0,,213455131,,,,,,,,12,,,,,,32909,,,,,,,,,,,,,,,,,,,,,,,,,,,,,,22,,,,,,0,,,,,,,,,,,,,,,,,,,,,,,,,,,,
2013-12-11,MJ1311YNG3GJ0A,Hitachi HDS5C3030ALA630,3000592982016,0,,1,,,,,,,,0,,,,,,18928,,,,,,,,,,,,,,,,,,,,,,,,,,,,,,29,,,,,,1,,,,,,,,,,,,,,,,,,,,,,,,,,,,
2013-12-11,S1F00QE7,ST3000DM001,3000592982016,0,,163068728,,,,,,,,0,,,,,,15400,,,,,,,,,,,,,,,,,,,,,,,,,,,,,,21,,,,,,0,,,,,,,,,,,,,,,,,,,,,,,,,,,,
2013-12-11,JK11A8B9J3GHXF,Hitachi HDS722020ALA330,2000398934016,0,,0,,,,,,,,0,,,,,,23318,,,,,,,,,,,,,,,,,,,,,,,,,,,,,,34,,,,,,0,,,,,,,,,,,,,,,,,,,,,,,,,,,,
2013-12-11,W3006MYZ,ST4000DM000,4000787030016,0,,76019848,,,,,,,,0,,,,,,2876,,,,,,,,,,,,,,,,,,,,,,,,,,,,,,24,,,,,,0,,,,,,,,,,,,,,,,,,,,,,,,,,,,
2013-12-11,MJ0351YNG9RT4A,Hitachi HDS5C3030ALA630,3000592982016,0,,0,,,,,,,,0,,,,,,9552,,,,,,,,,,,,,,,,,,,,,,,,,,,,,,29,,,,,,0,,,,,,,,,,,,,,,,,,,,,,,,,,,,
2013-12-11,PL1311LAG3B1JH,Hitachi HDS5C4040ALE630,4000787030016,0,,0,,,,,,,,0,,,,,,5125,,,,,,,,,,,,,,,,,,,,,,,,,,,,,,28,,,,,,0,,,,,,,,,,,,,,,,,,,,,,,,,,,,
2013-12-11,PL1311LAG3B8ZH,Hitachi HDS5C4040ALE630,4000787030016,0,,0,,,,,,,,0,,,,,,5932,,,,,,,,,,,,,,,,,,,,,,,,,,,,,,25,,,,,,0,,,,,,,,,,,,,,,,,,,,,,,,,,,,
2013-12-11,MJ1323YNG1EKLC,Hitachi HDS5C3030ALA630,3000592982016,0,,0,,,,,,,,0,,,,,,19747,,,,,,,,,,,,,,,,,,,,,,,,,,,,,,24,,,,,,0,,,,,,,,,,,,,,,,,,,,,,,,,,,,
2013-12-11,Z1F0P5D9,ST3000DM001,3000592982016,0,,125020848,,,,,,,,0,,,,,,9269,,,,,,,,,,,,,,,,,,,,,,,,,,,,,,26,,,,,,0,,,,,,,,,,,,,,,,,,,,,,,,,,,,
2013-12-11,WD-WCC070167580,WDC WD30EZRX,3000592982016,0,,0,,,,,,,,0,,,,,,8603,,,,,,,,,,,,,,,,,,,,,,,,,,,,,,25,,,,,,0,,,,,,,,,,,,,,,,,,,,,,,,,,,,
2013-12-11,JK1101B9JP6SLU,Hitachi HDS722020ALA330,2000398934016,0,,0,,,,,,,,0,,,,,,23990,,,,,,,,,,,,,,,,,,,,,,,,,,,,,,29,,,,,,0,,,,,,,,,,,,,,,,,,,,,,,,,,,,
2013-12-11,STF605MH1MERTW,Hitachi HDT721010SLA360,1000204886016,0,,14418199,,,,,,,,7,,,,,,40584,,,,,,,,,,,,,,,,,,,,,,,,,,,,,,27,,,,,,3,,,,,,,,,,,,,,,,,,,,,,,,,,,,
2013-12-11,W300DCT4,ST4000DM000,4000787030016,0,,193961648,,,,,,,,0,,,,,,4165,,,,,,,,,,,,,,,,,,,,,,,,,,,,,,26,,,,,,0,,,,,,,,,,,,,,,,,,,,,,,,,,,,
2013-12-11,W300DCT3,ST4000DM000,4000787030016,0,,120514208,,,,,,,,0,,,,,,4165,,,,,,,,,,,,,,,,,,,,,,,,,,,,,,25,,,,,,0,,,,,,,,,,,,,,,,,,,,,,,,,,,,
2013-12-11,JK11A8B9J7BDUF,Hitachi HDS722020ALA330,2000398934016,0,,0,,,,,,,,0,,,,,,25539,,,,,,,,,,,,,,,,,,,,,,,,,,,,,,29,,,,,,0,,,,,,,,,,,,,,,,,,,,,,,,,,,,
2013-12-11,JK11A4B8J842AW,Hitachi HDS722020ALA330,2000398934016,0,,0,,,,,,,,1,,,,,,26010,,,,,,,,,,,,,,,,,,,,,,,,,,,,,,28,,,,,,0,,,,,,,,,,,,,,,,,,,,,,,,,,,,
2013-12-11,PL1321LAG35DDH,Hitachi HDS5C4040ALE630,4000787030016,0,,0,,,,,,,,0,,,,,,6652,,,,,,,,,,,,,,,,,,,,,,,,,,,,,,24,,,,,,0,,,,,,,,,,,,,,,,,,,,,,,,,,,,
2013-12-11,JK11A8B9J74W8F,Hitachi HDS722020ALA330,2000398934016,0,,65536,,,,,,,,1,,,,,,23485,,,,,,,,,,,,,,,,,,,,,,,,,,,,,,28,,,,,,0,,,,,,,,,,,,,,,,,,,,,,,,,,,,
2013-12-11,PL1321LAG34GZH,Hitachi HDS5C4040ALE630,4000787030016,0,,0,,,,,,,,0,,,,,,6648,,,,,,,,,,,,,,,,,,,,,,,,,,,,,,23,,,,,,0,,,,,,,,,,,,,,,,,,,,,,,,,,,,
2013-12-11,MJ0351YNGAAHRA,Hitachi HDS5C3030ALA630,3000592982016,0,,0,,,,,,,,0,,,,,,8613,,,,,,,,,,,,,,,,,,,,,,,,,,,,,,33,,,,,,0,,,,,,,,,,,,,,,,,,,,,,,,,,,,
2013-12-11,W300CK7H,ST4000DM000,4000787030016,0,,197671216,,,,,,,,0,,,,,,4183,,,,,,,,,,,,,,,,,,,,,,,,,,,,,,25,,,,,,0,,,,,,,,,,,,,,,,,,,,,,,,,,,,
2013-12-11,JK11A8B9J9KY7F,Hitachi HDS722020ALA330,2000398934016,0,,0,,,,,,,,0,,,,,,24983,,,,,,,,,,,,,,,,,,,,,,,,,,,,,,28,,,,,,0,,,,,,,,,,,,,,,,,,,,,,,,,,,,
2013-12-11,5XW01V0Y,ST320005XXXX,2000398934016,0,,214142380,,,,,,,,0,,,,,,29352,,,,,,,,,,,,,,,,,,,,,,,,,,,,,,18,,,,,,0,,,,,,,,,,,,,,,,,,,,,,,,,,,,
2013-12-11,PL1311LAG1SV2A,Hitachi HDS5C4040ALE630,4000787030016,0,,0,,,,,,,,0,,,,,,7757,,,,,,,,,,,,,,,,,,,,,,,,,,,,,,27,,,,,,0,,,,,,,,,,,,,,,,,,,,,,,,,,,,
2013-12-11,Z300H22Q,ST4000DM000,4000787030016,0,,135012304,,,,,,,,0,,,,,,1298,,,,,,,,,,,,,,,,,,,,,,,,,,,,,,21,,,,,,0,,,,,,,,,,,,,,,,,,,,,,,,,,,,
2013-12-11,JK1171B9HYG5NT,Hitachi HDS722020ALA330,2000398934016,0,,0,,,,,,,,0,,,,,,22703,,,,,,,,,,,,,,,,,,,,,,,,,,,,,,28,,,,,,0,,,,,,,,,,,,,,,,,,,,,,,,,,,,
2013-12-11,Z3006XMG,ST4000DM000,4000787030016,0,,202510640,,,,,,,,0,,,,,,2261,,,,,,,,,,,,,,,,,,,,,,,,,,,,,,20,,,,,,0,,,,,,,,,,,,,,,,,,,,,,,,,,,,
2013-12-11,Z1F0D1C0,ST3000DM001,3000592982016,0,,171751624,,,,,,,,0,,,,,,4662,,,,,,,,,,,,,,,,,,,,,,,,,,,,,,26,,,,,,0,,,,,,,,,,,,,,,,,,,,,,,,,,,,
2013-12-11,MJ0351YNG9VPSA,Hitachi HDS5C3030ALA630,3000592982016,0,,0,,,,,,,,0,,,,,,9913,,,,,,,,,,,,,,,,,,,,,,,,,,,,,,34,,,,,,0,,,,,,,,,,,,,,,,,,,,,,,,,,,,
2013-12-11,JK1171YBK1M69F,Hitachi HDS722020ALA330,2000398934016,0,,131076,,,,,,,,50,,,,,,29668,,,,,,,,,,,,,,,,,,,,,,,,,,,,,,29,,,,,,0,,,,,,,,,,,,,,,,,,,,,,,,,,,,
2013-12-11,JK1131YAHM54MV,Hitachi HDS722020ALA330,2000398934016,0,,0,,,,,,,,0,,,,,,27048,,,,,,,,,,,,,,,,,,,,,,,,,,,,,,29,,,,,,0,,,,,,,,,,,,,,,,,,,,,,,,,,,,
2013-12-11,JK11A8B9J3PB1F,Hitachi HDS722020ALA330,2000398934016,0,,0,,,,,,,,0,,,,,,23125,,,,,,,,,,,,,,,,,,,,,,,,,,,,,,32,,,,,,0,,,,,,,,,,,,,,,,,,,,,,,,,,,,
2013-12-11,PL1311LAG2AWXH,Hitachi HDS5C4040ALE630,4000787030016,0,,0,,,,,,,,0,,,,,,7384,,,,,,,,,,,,,,,,,,,,,,,,,,,,,,30,,,,,,0,,,,,,,,,,,,,,,,,,,,,,,,,,,,
2013-12-11,PL1321LAG33K5H,Hitachi HDS5C4040ALE630,4000787030016,0,,0,,,,,,,,0,,,,,,6649,,,,,,,,,,,,,,,,,,,,,,,,,,,,,,23,,,,,,0,,,,,,,,,,,,,,,,,,,,,,,,,,,,
2013-12-11,JK1101B9JMXJJU,Hitachi HDS722020ALA330,2000398934016,0,,0,,,,,,,,0,,,,,,24462,,,,,,,,,,,,,,,,,,,,,,,,,,,,,,28,,,,,,0,,,,,,,,,,,,,,,,,,,,,,,,,,,,
2013-12-11,PL1311LAG33G6H,Hitachi HDS5C4040ALE630,4000787030016,0,,0,,,,,,,,0,,,,,,5036,,,,,,,,,,,,,,,,,,,,,,,,,,,,,,29,,,,,,0,,,,,,,,,,,,,,,,,,,,,,,,,,,,
2013-12-11,MJ1323YNG1S5EC,Hitachi HDS5C3030ALA630,3000592982016,0,,1,,,,,,,,0,,,,,,20082,,,,,,,,,,,,,,,,,,,,,,,,,,,,,,32,,,,,,0,,,,,,,,,,,,,,,,,,,,,,,,,,,,
2013-12-11,S1F0TP82,ST3000DM001,3000592982016,0,,220167064,,,,,,,,0,,,,,,10539,,,,,,,,,,,,,,,,,,,,,,,,,,,,,,23,,,,,,0,,,,,,,,,,,,,,,,,,,,,,,,,,,,
2013-12-11,PL1311LAG2B08H,Hitachi HDS5C4040ALE630,4000787030016,0,,0,,,,,,,,0,,,,,,7415,,,,,,,,,,,,,,,,,,,,,,,,,,,,,,17,,,,,,0,,,,,,,,,,,,,,,,,,,,,,,,,,,,
2013-12-11,MJ0351YNGA2EZA,Hitachi HDS5C3030ALA630,3000592982016,0,,0,,,,,,,,0,,,,,,9672,,,,,,,,,,,,,,,,,,,,,,,,,,,,,,28,,,,,,0,,,,,,,,,,,,,,,,,,,,,,,,,,,,
2013-12-11,PL1321LAGATXMH,Hitachi HDS5C4040ALE630,4000787030016,0,,0,,,,,,,,0,,,,,,5071,,,,,,,,,,,,,,,,,,,,,,,,,,,,,,29,,,,,,0,,,,,,,,,,,,,,,,,,,,,,,,,,,,
2013-12-11,S1F0LD5C,ST3000DM001,3000592982016,0,,62963208,,,,,,,,0,,,,,,10941,,,,,,,,,,,,,,,,,,,,,,,,,,,,,,27,,,,,,0,,,,,,,,,,,,,,,,,,,,,,,,,,,,
2013-12-11,PL1311LAG23UTA,Hitachi HDS5C4040ALE630,4000787030016,0,,0,,,,,,,,0,,,,,,7437,,,,,,,,,,,,,,,,,,,,,,,,,,,,,,23,,,,,,0,,,,,,,,,,,,,,,,,,,,,,,,,,,,
2013-12-11,JK11A8B9J8YJHF,Hitachi HDS722020ALA330,2000398934016,0,,0,,,,,,,,0,,,,,,24498,,,,,,,,,,,,,,,,,,,,,,,,,,,,,,25,,,,,,0,,,,,,,,,,,,,,,,,,,,,,,,,,,,
2013-12-11,JK1101B9KM00YF,Hitachi HDS722020ALA330,2000398934016,0,,0,,,,,,,,0,,,,,,23099,,,,,,,,,,,,,,,,,,,,,,,,,,,,,,24,,,,,,0,,,,,,,,,,,,,,,,,,,,,,,,,,,,
2013-12-11,W1F0Z4G4,ST3000DM001,3000592982016,0,,240365504,,,,,,,,0,,,,,,10471,,,,,,,,,,,,,,,,,,,,,,,,,,,,,,27,,,,,,0,,,,,,,,,,,,,,,,,,,,,,,,,,,,
2013-12-11,MJ0351YNGA0M2A,Hitachi HDS5C3030ALA630,3000592982016,0,,0,,,,,,,,0,,,,,,8640,,,,,,,,,,,,,,,,,,,,,,,,,,,,,,29,,,,,,0,,,,,,,,,,,,,,,,,,,,,,,,,,,,
2013-12-11,W300BHNY,ST4000DM000,4000787030016,0,,118171984,,,,,,,,0,,,,,,4160,,,,,,,,,,,,,,,,,,,,,,,,,,,,,,21,,,,,,0,,,,,,,,,,,,,,,,,,,,,,,,,,,,
2013-12-11,S1F0TP8F,ST3000DM001,3000592982016,0,,205254616,,,,,,,,0,,,,,,10726,,,,,,,,,,,,,,,,,,,,,,,,,,,,,,24,,,,,,0,,,,,,,,,,,,,,,,,,,,,,,,,,,,
2013-12-11,S1F032B0,ST3000DM001,3000592982016,0,,40798072,,,,,,,,0,,,,,,15345,,,,,,,,,,,,,,,,,,,,,,,,,,,,,,24,,,,,,8,,,,,,,,,,,,,,,,,,,,,,,,,,,,
2013-12-11,S1F0TP8C,ST3000DM001,3000592982016,0,,172213720,,,,,,,,0,,,,,,10836,,,,,,,,,,,,,,,,,,,,,,,,,,,,,,26,,,,,,0,,,,,,,,,,,,,,,,,,,,,,,,,,,,
2013-12-11,JK1101B9KMPN7F,Hitachi HDS722020ALA330,2000398934016,0,,0,,,,,,,,0,,,,,,22954,,,,,,,,,,,,,,,,,,,,,,,,,,,,,,27,,,,,,0,,,,,,,,,,,,,,,,,,,,,,,,,,,,
2013-12-11,W300BD8D,ST4000DM000,4000787030016,0,,83514512,,,,,,,,0,,,,,,1703,,,,,,,,,,,,,,,,,,,,,,,,,,,,,,23,,,,,,0,,,,,,,,,,,,,,,,,,,,,,,,,,,,
2013-12-11,WD-WCAWZ0952027,WDC WD30EZRX,3000592982016,0,,29,,,,,,,,0,,,,,,16984,,,,,,,,,,,,,,,,,,,,,,,,,,,,,,21,,,,,,1,,,,,,,,,,,,,,,,,,,,,,,,,,,,
2013-12-11,W1F1D8GZ,ST3000DM001,3000592982016,0,,138500192,,,,,,,,0,,,,,,7992,,,,,,,,,,,,,,,,,,,,,,,,,,,,,,29,,,,,,0,,,,,,,,,,,,,,,,,,,,,,,,,,,,
2013-12-11,9VS22HAV,ST31500341AS,1500301910016,0,,140925294,,,,,,,,0,,,,,,35523,,,,,,,,,,,,,,,,,,,,,,,,,,,,,,32,,,,,,0,,,,,,,,,,,,,,,,,,,,,,,,,,,,
2013-12-11,MK0311YHG6PDGA,Hitachi HDS723030ALA640,3000592982016,0,,0,,,,,,,,0,,,,,,16682,,,,,,,,,,,,,,,,,,,,,,,,,,,,,,28,,,,,,0,,,,,,,,,,,,,,,,,,,,,,,,,,,,
2013-12-11,MK0313YHGD1N5C,Hitachi HDS723030ALA640,3000592982016,0,,53,,,,,,,,0,,,,,,21462,,,,,,,,,,,,,,,,,,,,,,,,,,,,,,34,,,,,,0,,,,,,,,,,,,,,,,,,,,,,,,,,,,
2013-12-11,MK0311YHG4U73A,Hitachi HDS723030ALA640,3000592982016,0,,0,,,,,,,,0,,,,,,21792,,,,,,,,,,,,,,,,,,,,,,,,,,,,,,28,,,,,,0,,,,,,,,,,,,,,,,,,,,,,,,,,,,
2013-12-11,Z300LFYC,ST4000DM000,4000787030016,0,,63675248,,,,,,,,0,,,,,,1093,,,,,,,,,,,,,,,,,,,,,,,,,,,,,,28,,,,,,0,,,,,,,,,,,,,,,,,,,,,,,,,,,,
2013-12-11,Z1F0CBSH,ST3000DM001,3000592982016,0,,92601080,,,,,,,,0,,,,,,12603,,,,,,,,,,,,,,,,,,,,,,,,,,,,,,22,,,,,,0,,,,,,,,,,,,,,,,,,,,,,,,,,,,
2013-12-11,6XW0WNMC,ST31500541AS,1500301910016,0,,106329691,,,,,,,,0,,,,,,34199,,,,,,,,,,,,,,,,,,,,,,,,,,,,,,21,,,,,,0,,,,,,,,,,,,,,,,,,,,,,,,,,,,
2013-12-11,Z300GYPT,ST4000DM000,4000787030016,0,,103174192,,,,,,,,0,,,,,,3583,,,,,,,,,,,,,,,,,,,,,,,,,,,,,,24,,,,,,0,,,,,,,,,,,,,,,,,,,,,,,,,,,,
2013-12-11,Z1F0W23J,ST3000DM001,3000592982016,0,,18482608,,,,,,,,0,,,,,,7709,,,,,,,,,,,,,,,,,,,,,,,,,,,,,,29,,,,,,0,,,,,,,,,,,,,,,,,,,,,,,,,,,,
2013-12-11,5XW0362M,ST31500541AS,1500301910016,0,,110164505,,,,,,,,0,,,,,,37434,,,,,,,,,,,,,,,,,,,,,,,,,,,,,,23,,,,,,0,,,,,,,,,,,,,,,,,,,,,,,,,,,,
2013-12-11,Z300GYPF,ST4000DM000,4000787030016,0,,125218552,,,,,,,,0,,,,,,3588,,,,,,,,,,,,,,,,,,,,,,,,,,,,,,25,,,,,,0,,,,,,,,,,,,,,,,,,,,,,,,,,,,
2013-12-11,S1F01BZT,ST3000DM001,3000592982016,0,,122236880,,,,,,,,0,,,,,,15417,,,,,,,,,,,,,,,,,,,,,,,,,,,,,,25,,,,,,0,,,,,,,,,,,,,,,,,,,,,,,,,,,,
2013-12-11,JK11A8B9HZ1MLF,Hitachi HDS722020ALA330,2000398934016,0,,0,,,,,,,,0,,,,,,26328,,,,,,,,,,,,,,,,,,,,,,,,,,,,,,27,,,,,,0,,,,,,,,,,,,,,,,,,,,,,,,,,,,
2013-12-11,S1F04DH8,ST3000DM001,3000592982016,0,,104232336,,,,,,,,0,,,,,,15262,,,,,,,,,,,,,,,,,,,,,,,,,,,,,,21,,,,,,0,,,,,,,,,,,,,,,,,,,,,,,,,,,,
2013-12-11,W300KKST,ST4000DM000,4000787030016,0,,100094240,,,,,,,,0,,,,,,919,,,,,,,,,,,,,,,,,,,,,,,,,,,,,,18,,,,,,0,,,,,,,,,,,,,,,,,,,,,,,,,,,,
2013-12-11,JK11A4B8JR551W,Hitachi HDS722020ALA330,2000398934016,0,,0,,,,,,,,0,,,,,,23821,,,,,,,,,,,,,,,,,,,,,,,,,,,,,,27,,,,,,0,,,,,,,,,,,,,,,,,,,,,,,,,,,,
2013-12-11,Z300P87N,ST4000DM000,4000787030016,0,,7880784,,,,,,,,0,,,,,,1451,,,,,,,,,,,,,,,,,,,,,,,,,,,,,,26,,,,,,0,,,,,,,,,,,,,,,,,,,,,,,,,,,,
2013-12-11,PL1311LAG2E5GH,Hitachi HDS5C4040ALE630,4000787030016,0,,0,,,,,,,,0,,,,,,5186,,,,,,,,,,,,,,,,,,,,,,,,,,,,,,25,,,,,,0,,,,,,,,,,,,,,,,,,,,,,,,,,,,
2013-12-11,6XW19Q8C,ST32000542AS,2000398934016,0,,115260509,,,,,,,,0,,,,,,13013,,,,,,,,,,,,,,,,,,,,,,,,,,,,,,23,,,,,,0,,,,,,,,,,,,,,,,,,,,,,,,,,,,
2013-12-11,MJ1321YNG0ELHA,Hitachi HDS5C3030ALA630,3000592982016,0,,0,,,,,,,,0,,,,,,20732,,,,,,,,,,,,,,,,,,,,,,,,,,,,,,26,,,,,,0,,,,,,,,,,,,,,,,,,,,,,,,,,,,
2013-12-11,MJ1311YNG5P2PA,Hitachi HDS5C3030ALA630,3000592982016,0,,0,,,,,,,,0,,,,,,14597,,,,,,,,,,,,,,,,,,,,,,,,,,,,,,30,,,,,,0,,,,,,,,,,,,,,,,,,,,,,,,,,,,
2013-12-11,S1F04DHS,ST3000DM001,3000592982016,0,,1722168,,,,,,,,128,,,,,,15620,,,,,,,,,,,,,,,,,,,,,,,,,,,,,,23,,,,,,16,,,,,,,,,,,,,,,,,,,,,,,,,,,,
2013-12-11,6XW05YGM,ST31500541AS,1500301910016,0,,59504975,,,,,,,,0,,,,,,37053,,,,,,,,,,,,,,,,,,,,,,,,,,,,,,23,,,,,,0,,,,,,,,,,,,,,,,,,,,,,,,,,,,
2013-12-11,JK11A8B9J1SL6F,Hitachi HDS722020ALA330,2000398934016,0,,393221,,,,,,,,0,,,,,,24462,,,,,,,,,,,,,,,,,,,,,,,,,,,,,,28,,,,,,0,,,,,,,,,,,,,,,,,,,,,,,,,,,,
2013-12-11,Z300GYP1,ST4000DM000,4000787030016,0,,63505448,,,,,,,,0,,,,,,3583,,,,,,,,,,,,,,,,,,,,,,,,,,,,,,25,,,,,,0,,,,,,,,,,,,,,,,,,,,,,,,,,,,
2013-12-11,Z300GYP2,ST4000DM000,4000787030016,0,,35627672,,,,,,,,0,,,,,,3581,,,,,,,,,,,,,,,,,,,,,,,,,,,,,,26,,,,,,0,,,,,,,,,,,,,,,,,,,,,,,,,,,,
2013-12-11,PL1321LAG2DDDH,Hitachi HDS5C4040ALE630,4000787030016,0,,0,,,,,,,,0,,,,,,6649,,,,,,,,,,,,,,,,,,,,,,,,,,,,,,23,,,,,,0,,,,,,,,,,,,,,,,,,,,,,,,,,,,
2013-12-11,JK11A8B9J0BNSF,Hitachi HDS722020ALA330,2000398934016,0,,0,,,,,,,,0,,,,,,26010,,,,,,,,,,,,,,,,,,,,,,,,,,,,,,24,,,,,,0,,,,,,,,,,,,,,,,,,,,,,,,,,,,
2013-12-11,W1F0KD47,ST3000DM001,3000592982016,0,,77949408,,,,,,,,320,,,,,,12172,,,,,,,,,,,,,,,,,,,,,,,,,,,,,,24,,,,,,0,,,,,,,,,,,,,,,,,,,,,,,,,,,,
2013-12-11,Z300PLNX,ST4000DM000,4000787030016,0,,131536368,,,,,,,,0,,,,,,1228,,,,,,,,,,,,,,,,,,,,,,,,,,,,,,22,,,,,,0,,,,,,,,,,,,,,,,,,,,,,,,,,,,
2013-12-11,MJ0351YNG9WM2A,Hitachi HDS5C3030ALA630,3000592982016,0,,0,,,,,,,,0,,,,,,7609,,,,,,,,,,,,,,,,,,,,,,,,,,,,,,23,,,,,,0,,,,,,,,,,,,,,,,,,,,,,,,,,,,
2013-12-11,Z300PLNV,ST4000DM000,4000787030016,0,,177933312,,,,,,,,0,,,,,,1227,,,,,,,,,,,,,,,,,,,,,,,,,,,,,,21,,,,,,0,,,,,,,,,,,,,,,,,,,,,,,,,,,,
2013-12-11,Z300PLNT,ST4000DM000,4000787030016,0,,139399848,,,,,,,,0,,,,,,1232,,,,,,,,,,,,,,,,,,,,,,,,,,,,,,18,,,,,,0,,,,,,,,,,,,,,,,,,,,,,,,,,,,
2013-12-11,Z3004NAP,ST4000DM000,4000787030016,0,,52286224,,,,,,,,0,,,,,,5417,,,,,,,,,,,,,,,,,,,,,,,,,,,,,,22,,,,,,0,,,,,,,,,,,,,,,,,,,,,,,,,,,,
2013-12-11,JK1101B9KMZRXF,Hitachi HDS722020ALA330,2000398934016,0,,0,,,,,,,,0,,,,,,23097,,,,,,,,,,,,,,,,,,,,,,,,,,,,,,27,,,,,,0,,,,,,,,,,,,,,,,,,,,,,,,,,,,
2013-12-11,9XW01REB,ST31500541AS,1500301910016,0,,174410265,,,,,,,,0,,,,,,35029,,,,,,,,,,,,,,,,,,,,,,,,,,,,,,19,,,,,,0,,,,,,,,,,,,,,,,,,,,,,,,,,,,
2013-12-11,MJ0351YNGA8P4A,Hitachi HDS5C3030ALA630,3000592982016,0,,0,,,,,,,,0,,,,,,8211,,,,,,,,,,,,,,,,,,,,,,,,,,,,,,33,,,,,,0,,,,,,,,,,,,,,,,,,,,,,,,,,,,
2013-12-11,W1F0QTJM,ST3000DM001,3000592982016,0,,72347440,,,,,,,,0,,,,,,7876,,,,,,,,,,,,,,,,,,,,,,,,,,,,,,29,,,,,,72,,,,,,,,,,,,,,,,,,,,,,,,,,,,
2013-12-11,JK1160YAHP0J1T,Hitachi HDS722020ALA330,2000398934016,0,,0,,,,,,,,0,,,,,,23016,,,,,,,,,,,,,,,,,,,,,,,,,,,,,,27,,,,,,0,,,,,,,,,,,,,,,,,,,,,,,,,,,,
2013-12-11,S1F03RV3,ST3000DM001,3000592982016,0,,153807800,,,,,,,,0,,,,,,6673,,,,,,,,,,,,,,,,,,,,,,,,,,,,,,29,,,,,,0,,,,,,,,,,,,,,,,,,,,,,,,,,,,
2013-12-11,MJ1323YNG1MGMC,Hitachi HDS5C3030ALA630,3000592982016,0,,0,,,,,,,,0,,,,,,19762,,,,,,,,,,,,,,,,,,,,,,,,,,,,,,25,,,,,,0,,,,,,,,,,,,,,,,,,,,,,,,,,,,
2013-12-11,6XW03SQE,ST31500541AS,1500301910016,0,,219301119,,,,,,,,0,,,,,,34171,,,,,,,,,,,,,,,,,,,,,,,,,,,,,,18,,,,,,0,,,,,,,,,,,,,,,,,,,,,,,,,,,,
2013-12-11,9XW0983M,ST32000542AS,2000398934016,0,,161565564,,,,,,,,0,,,,,,13015,,,,,,,,,,,,,,,,,,,,,,,,,,,,,,23,,,,,,0,,,,,,,,,,,,,,,,,,,,,,,,,,,,
2013-12-11,Z300CLLX,ST4000DM000,4000787030016,0,,149098176,,,,,,,,0,,,,,,2218,,,,,,,,,,,,,,,,,,,,,,,,,,,,,,21,,,,,,0,,,,,,,,,,,,,,,,,,,,,,,,,,,,
2013-12-11,Z300CM1E,ST4000DM000,4000787030016,0,,226886240,,,,,,,,0,,,,,,2218,,,,,,,,,,,,,,,,,,,,,,,,,,,,,,23,,,,,,0,,,,,,,,,,,,,,,,,,,,,,,,,,,,
2013-12-11,JK11A8B9GDZVTF,Hitachi HDS722020ALA330,2000398934016,0,,0,,,,,,,,0,,,,,,26329,,,,,,,,,,,,,,,,,,,,,,,,,,,,,,23,,,,,,0,,,,,,,,,,,,,,,,,,,,,,,,,,,,
2013-12-11,WD-WCAWZ1196723,WDC WD30EZRX,3000592982016,0,,0,,,,,,,,0,,,,,,9543,,,,,,,,,,,,,,,,,,,,,,,,,,,,,,23,,,,,,0,,,,,,,,,,,,,,,,,,,,,,,,,,,,
2013-12-11,WD-WMAWZ0230509,WDC WD30EZRX,3000592982016,0,,0,,,,,,,,0,,,,,,12933,,,,,,,,,,,,,,,,,,,,,,,,,,,,,,26,,,,,,0,,,,,,,,,,,,,,,,,,,,,,,,,,,,
2013-12-11,S1F0B4RA,ST3000DM001,3000592982016,0,,146660888,,,,,,,,120,,,,,,12358,,,,,,,,,,,,,,,,,,,,,,,,,,,,,,27,,,,,,0,,,,,,,,,,,,,,,,,,,,,,,,,,,,
2013-12-11,Z300CLL5,ST4000DM000,4000787030016,0,,22014032,,,,,,,,0,,,,,,2219,,,,,,,,,,,,,,,,,,,,,,,,,,,,,,24,,,,,,0,,,,,,,,,,,,,,,,,,,,,,,,,,,,
2013-12-11,JK11A8B9J80D4F,Hitachi HDS722020ALA330,2000398934016,0,,0,,,,,,,,0,,,,,,26004,,,,,,,,,,,,,,,,,,,,,,,,,,,,,,28,,,,,,0,,,,,,,,,,,,,,,,,,,,,,,,,,,,
2013-12-11,MK0331YHGPNMKA,Hitachi HDS723030ALA640,3000592982016,0,,65536,,,,,,,,0,,,,,,17356,,,,,,,,,,,,,,,,,,,,,,,,,,,,,,21,,,,,,0,,,,,,,,,,,,,,,,,,,,,,,,,,,,
2013-12-11,9XK05EMK,ST33000651AS,3000592982016,0,,240580555,,,,,,,,0,,,,,,17680,,,,,,,,,,,,,,,,,,,,,,,,,,,,,,26,,,,,,0,,,,,,,,,,,,,,,,,,,,,,,,,,,,
2013-12-11,9XW01TY6,ST31500541AS,1500301910016,0,,182104572,,,,,,,,0,,,,,,35201,,,,,,,,,,,,,,,,,,,,,,,,,,,,,,23,,,,,,0,,,,,,,,,,,,,,,,,,,,,,,,,,,,
2013-12-11,PL1311LAG3ASDH,Hitachi HDS5C4040ALE630,4000787030016,0,,0,,,,,,,,0,,,,,,6639,,,,,,,,,,,,,,,,,,,,,,,,,,,,,,28,,,,,,0,,,,,,,,,,,,,,,,,,,,,,,,,,,,
2013-12-11,MJ1311YNG7K0NA,Hitachi HDS5C3030ALA630,3000592982016,0,,0,,,,,,,,0,,,,,,14330,,,,,,,,,,,,,,,,,,,,,,,,,,,,,,33,,,,,,0,,,,,,,,,,,,,,,,,,,,,,,,,,,,
2013-12-11,9XW01RE5,ST31500541AS,1500301910016,0,,237718074,,,,,,,,0,,,,,,33601,,,,,,,,,,,,,,,,,,,,,,,,,,,,,,17,,,,,,0,,,,,,,,,,,,,,,,,,,,,,,,,,,,
2013-12-11,MJ0351YNG9YU8A,Hitachi HDS5C3030ALA630,3000592982016,0,,0,,,,,,,,0,,,,,,9989,,,,,,,,,,,,,,,,,,,,,,,,,,,,,,25,,,,,,0,,,,,,,,,,,,,,,,,,,,,,,,,,,,
2013-12-11,S1F0CWCL,ST3000DM001,3000592982016,0,,140762856,,,,,,,,0,,,,,,12363,,,,,,,,,,,,,,,,,,,,,,,,,,,,,,22,,,,,,0,,,,,,,,,,,,,,,,,,,,,,,,,,,,
2013-12-11,MJ1311YNG34Z0A,Hitachi HDS5C3030ALA630,3000592982016,0,,0,,,,,,,,0,,,,,,18068,,,,,,,,,,,,,,,,,,,,,,,,,,,,,,29,,,,,,0,,,,,,,,,,,,,,,,,,,,,,,,,,,,
2013-12-11,PL1301LAG35UWH,Hitachi HDS5C4040ALE630,4000787030016,0,,0,,,,,,,,0,,,,,,5668,,,,,,,,,,,,,,,,,,,,,,,,,,,,,,22,,,,,,0,,,,,,,,,,,,,,,,,,,,,,,,,,,,
2013-12-11,Z300K22E,ST4000DM000,4000787030016,0,,71646928,,,,,,,,0,,,,,,2216,,,,,,,,,,,,,,,,,,,,,,,,,,,,,,18,,,,,,624,,,,,,,,,,,,,,,,,,,,,,,,,,,,
2013-12-11,MJ1311YNG3KN6A,Hitachi HDS5C3030ALA630,3000592982016,0,,0,,,,,,,,0,,,,,,19252,,,,,,,,,,,,,,,,,,,,,,,,,,,,,,23,,,,,,0,,,,,,,,,,,,,,,,,,,,,,,,,,,,
2013-12-11,W300JVHF,ST4000DM000,4000787030016,0,,233960816,,,,,,,,0,,,,,,2876,,,,,,,,,,,,,,,,,,,,,,,,,,,,,,25,,,,,,0,,,,,,,,,,,,,,,,,,,,,,,,,,,,
2013-12-11,Z290DXS2,ST33000651AS,3000592982016,0,,80401421,,,,,,,,0,,,,,,18073,,,,,,,,,,,,,,,,,,,,,,,,,,,,,,27,,,,,,0,,,,,,,,,,,,,,,,,,,,,,,,,,,,
2013-12-11,W1F0DMXB,ST3000DM001,3000592982016,0,,122904792,,,,,,,,0,,,,,,12346,,,,,,,,,,,,,,,,,,,,,,,,,,,,,,26,,,,,,0,,,,,,,,,,,,,,,,,,,,,,,,,,,,
2013-12-11,MJ1311YNG7LMZA,Hitachi HDS5C3030ALA630,3000592982016,0,,0,,,,,,,,0,,,,,,14310,,,,,,,,,,,,,,,,,,,,,,,,,,,,,,22,,,,,,0,,,,,,,,,,,,,,,,,,,,,,,,,,,,
2013-12-11,Z300PB4Q,ST4000DM000,4000787030016,0,,11211856,,,,,,,,0,,,,,,1114,,,,,,,,,,,,,,,,,,,,,,,,,,,,,,30,,,,,,0,,,,,,,,,,,,,,,,,,,,,,,,,,,,
2013-12-11,MJ1311YNG7LVNA,Hitachi HDS5C3030ALA630,3000592982016,0,,0,,,,,,,,0,,,,,,14306,,,,,,,,,,,,,,,,,,,,,,,,,,,,,,22,,,,,,0,,,,,,,,,,,,,,,,,,,,,,,,,,,,
2013-12-11,PL1311LAG37X2H,Hitachi HDS5C4040ALE630,4000787030016,0,,0,,,,,,,,0,,,,,,5949,,,,,,,,,,,,,,,,,,,,,,,,,,,,,,23,,,,,,0,,,,,,,,,,,,,,,,,,,,,,,,,,,,
2013-12-11,JK11A8B9JP49EF,Hitachi HDS722020ALA330,2000398934016,0,,0,,,,,,,,0,,,,,,23719,,,,,,,,,,,,,,,,,,,,,,,,,,,,,,28,,,,,,0,,,,,,,,,,,,,,,,,,,,,,,,,,,,
2013-12-11,9VS1QF8J,ST31500341AS,1500301910016,0,,60477381,,,,,,,,6,,,,,,40081,,,,,,,,,,,,,,,,,,,,,,,,,,,,,,27,,,,,,0,,,,,,,,,,,,,,,,,,,,,,,,,,,,
2013-12-11,MJ0351YNG9ZG8A,Hitachi HDS5C3030ALA630,3000592982016,0,,0,,,,,,,,0,,,,,,9552,,,,,,,,,,,,,,,,,,,,,,,,,,,,,,28,,,,,,0,,,,,,,,,,,,,,,,,,,,,,,,,,,,
2013-12-11,6XW022VM,ST31500541AS,1500301910016,0,,143724897,,,,,,,,63,,,,,,35756,,,,,,,,,,,,,,,,,,,,,,,,,,,,,,17,,,,,,1,,,,,,,,,,,,,,,,,,,,,,,,,,,,
2013-12-11,MJ0351YNG9Z6UA,Hitachi HDS5C3030ALA630,3000592982016,0,,0,,,,,,,,0,,,,,,9469,,,,,,,,,,,,,,,,,,,,,,,,,,,,,,24,,,,,,0,,,,,,,,,,,,,,,,,,,,,,,,,,,,
2013-12-11,WD-WCAU45409578,WDC WD10EADS,1000204886016,0,,5,,,,,,,,0,,,,,,41141,,,,,,,,,,,,,,,,,,,,,,,,,,,,,,25,,,,,,0,,,,,,,,,,,,,,,,,,,,,,,,,,,,
2013-12-11,JK11A8B9JN022F,Hitachi HDS722020ALA330,2000398934016,0,,1,,,,,,,,0,,,,,,24112,,,,,,,,,,,,,,,,,,,,,,,,,,,,,,29,,,,,,0,,,,,,,,,,,,,,,,,,,,,,,,,,,,
2013-12-11,PL1311LAG2GR9H,Hitachi HDS5C4040ALE630,4000787030016,0,,0,,,,,,,,0,,,,,,6637,,,,,,,,,,,,,,,,,,,,,,,,,,,,,,27,,,,,,0,,,,,,,,,,,,,,,,,,,,,,,,,,,,
2013-12-11,PL1311LAG341VH,Hitachi HDS5C4040ALE630,4000787030016,0,,0,,,,,,,,0,,,,,,5131,,,,,,,,,,,,,,,,,,,,,,,,,,,,,,30,,,,,,0,,,,,,,,,,,,,,,,,,,,,,,,,,,,
2013-12-11,S1F0SB9W,ST3000DM001,3000592982016,0,,16689232,,,,,,,,0,,,,,,11620,,,,,,,,,,,,,,,,,,,,,,,,,,,,,,22,,,,,,0,,,,,,,,,,,,,,,,,,,,,,,,,,,,
2013-12-11,Z300GZ3B,ST4000DM000,4000787030016,0,,82835616,,,,,,,,0,,,,,,3586,,,,,,,,,,,,,,,,,,,,,,,,,,,,,,21,,,,,,0,,,,,,,,,,,,,,,,,,,,,,,,,,,,
2013-12-11,PL1311LAG1YSYA,Hitachi HDS5C4040ALE630,4000787030016,0,,0,,,,,,,,0,,,,,,7452,,,,,,,,,,,,,,,,,,,,,,,,,,,,,,23,,,,,,0,,,,,,,,,,,,,,,,,,,,,,,,,,,,
2013-12-11,MJ0351YNGA6Z7A,Hitachi HDS5C3030ALA630,3000592982016,0,,0,,,,,,,,0,,,,,,8665,,,,,,,,,,,,,,,,,,,,,,,,,,,,,,28,,,,,,0,,,,,,,,,,,,,,,,,,,,,,,,,,,,
2013-12-11,S1F0QYPA,ST3000DM001,3000592982016,0,,206263656,,,,,,,,0,,,,,,11613,,,,,,,,,,,,,,,,,,,,,,,,,,,,,,28,,,,,,0,,,,,,,,,,,,,,,,,,,,,,,,,,,,
2013-12-11,5XW037FE,ST31500541AS,1500301910016,0,,145371504,,,,,,,,0,,,,,,35225,,,,,,,,,,,,,,,,,,,,,,,,,,,,,,20,,,,,,0,,,,,,,,,,,,,,,,,,,,,,,,,,,,
2013-12-11,JK1105B8GDMDDX,Hitachi HDS722020ALA330,2000398934016,0,,0,,,,,,,,0,,,,,,26766,,,,,,,,,,,,,,,,,,,,,,,,,,,,,,28,,,,,,0,,,,,,,,,,,,,,,,,,,,,,,,,,,,
2013-12-11,PL1331LAG5AYJH,HGST HMS5C4040ALE640,4000787030016,0,,0,,,,,,,,0,,,,,,9402,,,,,,,,,,,,,,,,,,,,,,,,,,,,,,31,,,,,,0,,,,,,,,,,,,,,,,,,,,,,,,,,,,
2013-12-11,6XW03YJH,ST31500541AS,1500301910016,0,,69629587,,,,,,,,0,,,,,,37070,,,,,,,,,,,,,,,,,,,,,,,,,,,,,,24,,,,,,0,,,,,,,,,,,,,,,,,,,,,,,,,,,,
2013-12-11,W300BRV5,ST4000DM000,4000787030016,0,,76746336,,,,,,,,0,,,,,,4139,,,,,,,,,,,,,,,,,,,,,,,,,,,,,,23,,,,,,0,,,,,,,,,,,,,,,,,,,,,,,,,,,,
2013-12-11,6XW022V3,ST31500541AS,1500301910016,0,,15662740,,,,,,,,0,,,,,,36061,,,,,,,,,,,,,,,,,,,,,,,,,,,,,,20,,,,,,0,,,,,,,,,,,,,,,,,,,,,,,,,,,,
2013-12-11,WD-WCAV5V407083,WDC WD10EADX,1000204886016,0,,0,,,,,,,,0,,,,,,8940,,,,,,,,,,,,,,,,,,,,,,,,,,,,,,23,,,,,,0,,,,,,,,,,,,,,,,,,,,,,,,,,,,
2013-12-11,JK11A8B9J3999F,Hitachi HDS722020ALA330,2000398934016,0,,0,,,,,,,,0,,,,,,23819,,,,,,,,,,,,,,,,,,,,,,,,,,,,,,30,,,,,,0,,,,,,,,,,,,,,,,,,,,,,,,,,,,
2013-12-11,WD-WCC1T1273450,WDC WD30EFRX,3000592982016,0,,0,,,,,,,,0,,,,,,684,,,,,,,,,,,,,,,,,,,,,,,,,,,,,,22,,,,,,0,,,,,,,,,,,,,,,,,,,,,,,,,,,,
2013-12-11,S1F0R47K,ST3000DM001,3000592982016,0,,18102328,,,,,,,,0,,,,,,10738,,,,,,,,,,,,,,,,,,,,,,,,,,,,,,25,,,,,,0,,,,,,,,,,,,,,,,,,,,,,,,,,,,
2013-12-11,MJ0351YNG9YS2A,Hitachi HDS5C3030ALA630,3000592982016,0,,0,,,,,,,,0,,,,,,9913,,,,,,,,,,,,,,,,,,,,,,,,,,,,,,34,,,,,,0,,,,,,,,,,,,,,,,,,,,,,,,,,,,
2013-12-11,W300CH3L,ST4000DM000,4000787030016,0,,37671528,,,,,,,,0,,,,,,4138,,,,,,,,,,,,,,,,,,,,,,,,,,,,,,24,,,,,,0,,,,,,,,,,,,,,,,,,,,,,,,,,,,
2013-12-11,JK11A8B9JPPNPF,Hitachi HDS722020ALA330,2000398934016,0,,0,,,,,,,,0,,,,,,24112,,,,,,,,,,,,,,,,,,,,,,,,,,,,,,25,,,,,,0,,,,,,,,,,,,,,,,,,,,,,,,,,,,
2013-12-11,PL2311LAG1KMMC,Hitachi HDS5C4040ALE630,4000787030016,0,,0,,,,,,,,0,,,,,,7760,,,,,,,,,,,,,,,,,,,,,,,,,,,,,,20,,,,,,0,,,,,,,,,,,,,,,,,,,,,,,,,,,,
2013-12-11,Z300E5G8,ST4000DM000,4000787030016,0,,103657344,,,,,,,,0,,,,,,1331,,,,,,,,,,,,,,,,,,,,,,,,,,,,,,20,,,,,,0,,,,,,,,,,,,,,,,,,,,,,,,,,,,
2013-12-11,S1F0S6HH,ST3000DM001,3000592982016,0,,232793016,,,,,,,,0,,,,,,10726,,,,,,,,,,,,,,,,,,,,,,,,,,,,,,21,,,,,,0,,,,,,,,,,,,,,,,,,,,,,,,,,,,
2013-12-11,Z300GZ34,ST4000DM000,4000787030016,0,,142197728,,,,,,,,0,,,,,,3583,,,,,,,,,,,,,,,,,,,,,,,,,,,,,,22,,,,,,0,,,,,,,,,,,,,,,,,,,,,,,,,,,,
2013-12-11,WD-WCAU45241807,WDC WD10EADS,1000204886016,0,,2,,,,,,,,0,,,,,,41806,,,,,,,,,,,,,,,,,,,,,,,,,,,,,,27,,,,,,0,,,,,,,,,,,,,,,,,,,,,,,,,,,,
2013-12-11,PL1311LAG1Z5ZA,Hitachi HDS5C4040ALE630,4000787030016,0,,0,,,,,,,,0,,,,,,7453,,,,,,,,,,,,,,,,,,,,,,,,,,,,,,24,,,,,,0,,,,,,,,,,,,,,,,,,,,,,,,,,,,
2013-12-11,JK11A8B9J2ZB8F,Hitachi HDS722020ALA330,2000398934016,0,,0,,,,,,,,0,,,,,,24501,,,,,,,,,,,,,,,,,,,,,,,,,,,,,,30,,,,,,0,,,,,,,,,,,,,,,,,,,,,,,,,,,,
2013-12-11,WD-WCAWZ1697174,WDC WD30EZRX,3000592982016,0,,0,,,,,,,,0,,,,,,8631,,,,,,,,,,,,,,,,,,,,,,,,,,,,,,23,,,,,,0,,,,,,,,,,,,,,,,,,,,,,,,,,,,
2013-12-11,W1F0V18Y,ST3000DM001,3000592982016,0,,195252112,,,,,,,,0,,,,,,10718,,,,,,,,,,,,,,,,,,,,,,,,,,,,,,24,,,,,,0,,,,,,,,,,,,,,,,,,,,,,,,,,,,
2013-12-11,MJ1323YNG16D3C,Hitachi HDS5C3030ALA630,3000592982016,0,,0,,,,,,,,0,,,,,,20729,,,,,,,,,,,,,,,,,,,,,,,,,,,,,,31,,,,,,0,,,,,,,,,,,,,,,,,,,,,,,,,,,,
2013-12-11,JK11A8B9J1LY9F,Hitachi HDS722020ALA330,2000398934016,0,,0,,,,,,,,0,,,,,,23710,,,,,,,,,,,,,,,,,,,,,,,,,,,,,,28,,,,,,0,,,,,,,,,,,,,,,,,,,,,,,,,,,,
2013-12-11,6XW038ZK,ST31500541AS,1500301910016,0,,103742016,,,,,,,,0,,,,,,35446,,,,,,,,,,,,,,,,,,,,,,,,,,,,,,19,,,,,,0,,,,,,,,,,,,,,,,,,,,,,,,,,,,
2013-12-11,6XW038ZL,ST31500541AS,1500301910016,0,,43161453,,,,,,,,0,,,,,,36645,,,,,,,,,,,,,,,,,,,,,,,,,,,,,,16,,,,,,0,,,,,,,,,,,,,,,,,,,,,,,,,,,,
2013-12-11,Z300CMBF,ST4000DM000,4000787030016,0,,39459880,,,,,,,,0,,,,,,2224,,,,,,,,,,,,,,,,,,,,,,,,,,,,,,20,,,,,,0,,,,,,,,,,,,,,,,,,,,,,,,,,,,
2013-12-11,Z300CMBJ,ST4000DM000,4000787030016,0,,19119096,,,,,,,,0,,,,,,2261,,,,,,,,,,,,,,,,,,,,,,,,,,,,,,19,,,,,,0,,,,,,,,,,,,,,,,,,,,,,,,,,,,
2013-12-11,S1F0QWYG,ST3000DM001,3000592982016,0,,79111752,,,,,,,,0,,,,,,11640,,,,,,,,,,,,,,,,,,,,,,,,,,,,,,23,,,,,,0,,,,,,,,,,,,,,,,,,,,,,,,,,,,
2013-12-11,S1F0LR01,ST3000DM001,3000592982016,0,,191567080,,,,,,,,0,,,,,,10590,,,,,,,,,,,,,,,,,,,,,,,,,,,,,,26,,,,,,0,,,,,,,,,,,,,,,,,,,,,,,,,,,,
2013-12-11,S1F0QWYC,ST3000DM001,3000592982016,0,,16892056,,,,,,,,0,,,,,,11023,,,,,,,,,,,,,,,,,,,,,,,,,,,,,,29,,,,,,0,,,,,,,,,,,,,,,,,,,,,,,,,,,,
2013-12-11,JK11A8B9J30ATF,Hitachi HDS722020ALA330,2000398934016,0,,0,,,,,,,,0,,,,,,22703,,,,,,,,,,,,,,,,,,,,,,,,,,,,,,29,,,,,,0,,,,,,,,,,,,,,,,,,,,,,,,,,,,
2013-12-11,MJ0351YNGAD29A,Hitachi HDS5C3030ALA630,3000592982016,0,,0,,,,,,,,0,,,,,,8618,,,,,,,,,,,,,,,,,,,,,,,,,,,,,,27,,,,,,0,,,,,,,,,,,,,,,,,,,,,,,,,,,,
2013-12-11,JK11A8B9J3D6DF,Hitachi HDS722020ALA330,2000398934016,0,,393224,,,,,,,,2,,,,,,23587,,,,,,,,,,,,,,,,,,,,,,,,,,,,,,33,,,,,,0,,,,,,,,,,,,,,,,,,,,,,,,,,,,
2013-12-11,MK0311YHGK6BBA,Hitachi HDS723030ALA640,3000592982016,0,,0,,,,,,,,0,,,,,,14732,,,,,,,,,,,,,,,,,,,,,,,,,,,,,,28,,,,,,0,,,,,,,,,,,,,,,,,,,,,,,,,,,,
2013-12-11,PL1311LAG3B81H,Hitachi HDS5C4040ALE630,4000787030016,0,,0,,,,,,,,0,,,,,,6654,,,,,,,,,,,,,,,,,,,,,,,,,,,,,,20,,,,,,0,,,,,,,,,,,,,,,,,,,,,,,,,,,,
2013-12-11,5XW03M4P,ST31500541AS,1500301910016,0,,66008410,,,,,,,,0,,,,,,37151,,,,,,,,,,,,,,,,,,,,,,,,,,,,,,23,,,,,,0,,,,,,,,,,,,,,,,,,,,,,,,,,,,
2013-12-11,PL2311LAG1MWRC,Hitachi HDS5C4040ALE630,4000787030016,0,,0,,,,,,,,0,,,,,,7453,,,,,,,,,,,,,,,,,,,,,,,,,,,,,,20,,,,,,0,,,,,,,,,,,,,,,,,,,,,,,,,,,,
2013-12-11,PL1311LAG3DBGH,Hitachi HDS5C4040ALE630,4000787030016,0,,0,,,,,,,,0,,,,,,3631,,,,,,,,,,,,,,,,,,,,,,,,,,,,,,26,,,,,,0,,,,,,,,,,,,,,,,,,,,,,,,,,,,
2013-12-11,JK1101B9JNN51F,Hitachi HDS722020ALA330,2000398934016,0,,0,,,,,,,,0,,,,,,23587,,,,,,,,,,,,,,,,,,,,,,,,,,,,,,28,,,,,,0,,,,,,,,,,,,,,,,,,,,,,,,,,,,
2013-12-11,JK11C1YAKJSJ3V,Hitachi HDS722020ALA330,2000398934016,0,,0,,,,,,,,0,,,,,,21793,,,,,,,,,,,,,,,,,,,,,,,,,,,,,,28,,,,,,0,,,,,,,,,,,,,,,,,,,,,,,,,,,,
2013-12-11,WD-WCC1T1229677,WDC WD30EFRX,3000592982016,0,,0,,,,,,,,0,,,,,,1183,,,,,,,,,,,,,,,,,,,,,,,,,,,,,,27,,,,,,0,,,,,,,,,,,,,,,,,,,,,,,,,,,,
2013-12-11,PL1321LAGAXPNH,Hitachi HDS5C4040ALE630,4000787030016,0,,0,,,,,,,,0,,,,,,5052,,,,,,,,,,,,,,,,,,,,,,,,,,,,,,28,,,,,,0,,,,,,,,,,,,,,,,,,,,,,,,,,,,
2013-12-11,PL1311LAG282EH,Hitachi HDS5C4040ALE630,4000787030016,0,,0,,,,,,,,0,,,,,,6074,,,,,,,,,,,,,,,,,,,,,,,,,,,,,,20,,,,,,0,,,,,,,,,,,,,,,,,,,,,,,,,,,,
2013-12-11,JK11A8YBKY99LF,Hitachi HDS722020ALA330,2000398934016,0,,65536,,,,,,,,0,,,,,,27871,,,,,,,,,,,,,,,,,,,,,,,,,,,,,,27,,,,,,0,,,,,,,,,,,,,,,,,,,,,,,,,,,,
2013-12-11,S1F04B01,ST3000DM001,3000592982016,0,,216821712,,,,,,,,0,,,,,,15533,,,,,,,,,,,,,,,,,,,,,,,,,,,,,,24,,,,,,0,,,,,,,,,,,,,,,,,,,,,,,,,,,,
2013-12-11,9VS2HL2G,ST31500341AS,1500301910016,0,,177455120,,,,,,,,41,,,,,,30607,,,,,,,,,,,,,,,,,,,,,,,,,,,,,,30,,,,,,0,,,,,,,,,,,,,,,,,,,,,,,,,,,,
2013-12-11,MK0331YHGLURBA,Hitachi HDS723030ALA640,3000592982016,0,,0,,,,,,,,0,,,,,,17356,,,,,,,,,,,,,,,,,,,,,,,,,,,,,,20,,,,,,0,,,,,,,,,,,,,,,,,,,,,,,,,,,,
2013-12-11,9XW01Y9H,ST31500541AS,1500301910016,0,,133623194,,,,,,,,0,,,,,,35025,,,,,,,,,,,,,,,,,,,,,,,,,,,,,,21,,,,,,0,,,,,,,,,,,,,,,,,,,,,,,,,,,,
2013-12-11,9XW01Y93,ST31500541AS,1500301910016,0,,218919528,,,,,,,,0,,,,,,35041,,,,,,,,,,,,,,,,,,,,,,,,,,,,,,19,,,,,,0,,,,,,,,,,,,,,,,,,,,,,,,,,,,
2013-12-11,9XW01Y91,ST31500541AS,1500301910016,0,,33908828,,,,,,,,0,,,,,,35649,,,,,,,,,,,,,,,,,,,,,,,,,,,,,,21,,,,,,0,,,,,,,,,,,,,,,,,,,,,,,,,,,,
2013-12-11,PL1311LAG2EGMH,Hitachi HDS5C4040ALE630,4000787030016,0,,0,,,,,,,,0,,,,,,7435,,,,,,,,,,,,,,,,,,,,,,,,,,,,,,27,,,,,,0,,,,,,,,,,,,,,,,,,,,,,,,,,,,
2013-12-11,MJ0351YNGA5JVA,Hitachi HDS5C3030ALA630,3000592982016,0,,0,,,,,,,,0,,,,,,8142,,,,,,,,,,,,,,,,,,,,,,,,,,,,,,32,,,,,,0,,,,,,,,,,,,,,,,,,,,,,,,,,,,
2013-12-11,JK1105B8JS0ZEX,Hitachi HDS722020ALA330,2000398934016,0,,0,,,,,,,,0,,,,,,22695,,,,,,,,,,,,,,,,,,,,,,,,,,,,,,27,,,,,,0,,,,,,,,,,,,,,,,,,,,,,,,,,,,
2013-12-11,S1F025JC,ST3000DM001,3000592982016,0,,40817040,,,,,,,,0,,,,,,13362,,,,,,,,,,,,,,,,,,,,,,,,,,,,,,20,,,,,,0,,,,,,,,,,,,,,,,,,,,,,,,,,,,
2013-12-11,MJ0351YNG9W6NA,Hitachi HDS5C3030ALA630,3000592982016,0,,0,,,,,,,,0,,,,,,9899,,,,,,,,,,,,,,,,,,,,,,,,,,,,,,31,,,,,,0,,,,,,,,,,,,,,,,,,,,,,,,,,,,
2013-12-11,9VS1GWVS,ST31500341AS,1500301910016,0,,224941327,,,,,,,,38,,,,,,40406,,,,,,,,,,,,,,,,,,,,,,,,,,,,,,27,,,,,,0,,,,,,,,,,,,,,,,,,,,,,,,,,,,
2013-12-11,S1F05XG0,ST3000DM001,3000592982016,0,,240378208,,,,,,,,0,,,,,,13342,,,,,,,,,,,,,,,,,,,,,,,,,,,,,,25,,,,,,0,,,,,,,,,,,,,,,,,,,,,,,,,,,,
2013-12-11,S1F05XG1,ST3000DM001,3000592982016,0,,103277408,,,,,,,,0,,,,,,8498,,,,,,,,,,,,,,,,,,,,,,,,,,,,,,24,,,,,,0,,,,,,,,,,,,,,,,,,,,,,,,,,,,
2013-12-11,MJ1311YNG43SKA,Hitachi HDS5C3030ALA630,3000592982016,0,,0,,,,,,,,0,,,,,,7717,,,,,,,,,,,,,,,,,,,,,,,,,,,,,,29,,,,,,0,,,,,,,,,,,,,,,,,,,,,,,,,,,,
2013-12-11,JK11A8B9J97SWF,Hitachi HDS722020ALA330,2000398934016,0,,0,,,,,,,,0,,,,,,24983,,,,,,,,,,,,,,,,,,,,,,,,,,,,,,28,,,,,,0,,,,,,,,,,,,,,,,,,,,,,,,,,,,
2013-12-11,PL1311LAG2436A,Hitachi HDS5C4040ALE630,4000787030016,0,,0,,,,,,,,0,,,,,,7402,,,,,,,,,,,,,,,,,,,,,,,,,,,,,,31,,,,,,0,,,,,,,,,,,,,,,,,,,,,,,,,,,,
2013-12-11,PL1321LAG34N0H,Hitachi HDS5C4040ALE630,4000787030016,0,,0,,,,,,,,0,,,,,,5950,,,,,,,,,,,,,,,,,,,,,,,,,,,,,,24,,,,,,0,,,,,,,,,,,,,,,,,,,,,,,,,,,,
2013-12-11,6XW0SVS9,ST31500541AS,1500301910016,0,,84058677,,,,,,,,0,,,,,,34315,,,,,,,,,,,,,,,,,,,,,,,,,,,,,,24,,,,,,0,,,,,,,,,,,,,,,,,,,,,,,,,,,,
2013-12-11,PL2321LAGARUMJ,Hitachi HDS5C4040ALE630,4000787030016,0,,0,,,,,,,,0,,,,,,5071,,,,,,,,,,,,,,,,,,,,,,,,,,,,,,30,,,,,,0,,,,,,,,,,,,,,,,,,,,,,,,,,,,
2013-12-11,WD-WCAU42494586,WDC WD10EACS,1000204886016,0,,0,,,,,,,,0,,,,,,43152,,,,,,,,,,,,,,,,,,,,,,,,,,,,,,17,,,,,,0,,,,,,,,,,,,,,,,,,,,,,,,,,,,
2013-12-11,Z300V45Y,ST4000DM000,4000787030016,0,,146457176,,,,,,,,0,,,,,,108,,,,,,,,,,,,,,,,,,,,,,,,,,,,,,20,,,,,,0,,,,,,,,,,,,,,,,,,,,,,,,,,,,
2013-12-11,MK0333YHGPDXZC,Hitachi HDS723030ALA640,3000592982016,0,,0,,,,,,,,0,,,,,,17762,,,,,,,,,,,,,,,,,,,,,,,,,,,,,,22,,,,,,0,,,,,,,,,,,,,,,,,,,,,,,,,,,,
2013-12-11,6XW0593J,ST31500541AS,1500301910016,0,,173920134,,,,,,,,0,,,,,,37071,,,,,,,,,,,,,,,,,,,,,,,,,,,,,,26,,,,,,0,,,,,,,,,,,,,,,,,,,,,,,,,,,,
2013-12-11,S1F0ASSB,ST3000DM001,3000592982016,0,,179398976,,,,,,,,0,,,,,,12364,,,,,,,,,,,,,,,,,,,,,,,,,,,,,,25,,,,,,0,,,,,,,,,,,,,,,,,,,,,,,,,,,,
2013-12-11,Z300HLBG,ST4000DM000,4000787030016,0,,170447280,,,,,,,,0,,,,,,2900,,,,,,,,,,,,,,,,,,,,,,,,,,,,,,25,,,,,,0,,,,,,,,,,,,,,,,,,,,,,,,,,,,
2013-12-11,WD-WCAU45522112,WDC WD10EADS,1000204886016,0,,17,,,,,,,,0,,,,,,41445,,,,,,,,,,,,,,,,,,,,,,,,,,,,,,27,,,,,,0,,,,,,,,,,,,,,,,,,,,,,,,,,,,
2013-12-11,PL1321LAG359NH,Hitachi HDS5C4040ALE630,4000787030016,0,,0,,,,,,,,0,,,,,,6652,,,,,,,,,,,,,,,,,,,,,,,,,,,,,,27,,,,,,0,,,,,,,,,,,,,,,,,,,,,,,,,,,,
2013-12-11,MK0303YHGBW0YC,Hitachi HDS723030ALA640,3000592982016,0,,2,,,,,,,,0,,,,,,21459,,,,,,,,,,,,,,,,,,,,,,,,,,,,,,22,,,,,,0,,,,,,,,,,,,,,,,,,,,,,,,,,,,
2013-12-11,JK1105B8GGA1DX,Hitachi HDS722020ALA330,2000398934016,0,,0,,,,,,,,0,,,,,,27214,,,,,,,,,,,,,,,,,,,,,,,,,,,,,,23,,,,,,0,,,,,,,,,,,,,,,,,,,,,,,,,,,,
2013-12-11,PL1311LAG3DMJH,Hitachi HDS5C4040ALE630,4000787030016,0,,0,,,,,,,,0,,,,,,6070,,,,,,,,,,,,,,,,,,,,,,,,,,,,,,21,,,,,,0,,,,,,,,,,,,,,,,,,,,,,,,,,,,
2013-12-11,JK1101YAJXZ0AV,Hitachi HDS722020ALA330,2000398934016,0,,6,,,,,,,,0,,,,,,29210,,,,,,,,,,,,,,,,,,,,,,,,,,,,,,31,,,,,,0,,,,,,,,,,,,,,,,,,,,,,,,,,,,
2013-12-11,MJ0351YNG9V7TA,Hitachi HDS5C3030ALA630,3000592982016,0,,0,,,,,,,,0,,,,,,9271,,,,,,,,,,,,,,,,,,,,,,,,,,,,,,27,,,,,,0,,,,,,,,,,,,,,,,,,,,,,,,,,,,
2013-12-11,PL1321LAG3208H,Hitachi HDS5C4040ALE630,4000787030016,0,,0,,,,,,,,0,,,,,,5958,,,,,,,,,,,,,,,,,,,,,,,,,,,,,,25,,,,,,0,,,,,,,,,,,,,,,,,,,,,,,,,,,,
2013-12-11,W1F133A0,ST3000DM001,3000592982016,0,,173828336,,,,,,,,0,,,,,,8651,,,,,,,,,,,,,,,,,,,,,,,,,,,,,,27,,,,,,0,,,,,,,,,,,,,,,,,,,,,,,,,,,,
2013-12-11,Z300MQEE,ST4000DM000,4000787030016,0,,76250616,,,,,,,,0,,,,,,2899,,,,,,,,,,,,,,,,,,,,,,,,,,,,,,23,,,,,,0,,,,,,,,,,,,,,,,,,,,,,,,,,,,
2013-12-11,PL1311LAG3EJ8H,Hitachi HDS5C4040ALE630,4000787030016,0,,0,,,,,,,,0,,,,,,5049,,,,,,,,,,,,,,,,,,,,,,,,,,,,,,28,,,,,,0,,,,,,,,,,,,,,,,,,,,,,,,,,,,
2013-12-11,Z300MQEG,ST4000DM000,4000787030016,0,,131527968,,,,,,,,0,,,,,,2845,,,,,,,,,,,,,,,,,,,,,,,,,,,,,,28,,,,,,0,,,,,,,,,,,,,,,,,,,,,,,,,,,,
2013-12-11,PL1311LAG2T0YH,Hitachi HDS5C4040ALE630,4000787030016,0,,0,,,,,,,,0,,,,,,5951,,,,,,,,,,,,,,,,,,,,,,,,,,,,,,20,,,,,,0,,,,,,,,,,,,,,,,,,,,,,,,,,,,
2013-12-11,S1F04CD7,ST3000DM001,3000592982016,0,,135204032,,,,,,,,0,,,,,,16153,,,,,,,,,,,,,,,,,,,,,,,,,,,,,,22,,,,,,0,,,,,,,,,,,,,,,,,,,,,,,,,,,,
2013-12-11,W1F0C7G9,ST3000DM001,3000592982016,0,,189444592,,,,,,,,0,,,,,,12365,,,,,,,,,,,,,,,,,,,,,,,,,,,,,,23,,,,,,0,,,,,,,,,,,,,,,,,,,,,,,,,,,,
2013-12-11,W1F0A1VE,ST3000DM001,3000592982016,0,,153425336,,,,,,,,0,,,,,,14730,,,,,,,,,,,,,,,,,,,,,,,,,,,,,,26,,,,,,0,,,,,,,,,,,,,,,,,,,,,,,,,,,,
2013-12-11,S1F02L38,ST3000DM001,3000592982016,0,,220738136,,,,,,,,0,,,,,,11194,,,,,,,,,,,,,,,,,,,,,,,,,,,,,,25,,,,,,0,,,,,,,,,,,,,,,,,,,,,,,,,,,,
2013-12-11,W1F0A1VW,ST3000DM001,3000592982016,0,,181535392,,,,,,,,0,,,,,,13914,,,,,,,,,,,,,,,,,,,,,,,,,,,,,,23,,,,,,0,,,,,,,,,,,,,,,,,,,,,,,,,,,,
2013-12-11,MJ1323YNG1SM5C,Hitachi HDS5C3030ALA630,3000592982016,0,,0,,,,,,,,0,,,,,,19309,,,,,,,,,,,,,,,,,,,,,,,,,,,,,,30,,,,,,0,,,,,,,,,,,,,,,,,,,,,,,,,,,,
2013-12-11,JK11A8B9J4N6DF,Hitachi HDS722020ALA330,2000398934016,0,,65536,,,,,,,,0,,,,,,23577,,,,,,,,,,,,,,,,,,,,,,,,,,,,,,27,,,,,,0,,,,,,,,,,,,,,,,,,,,,,,,,,,,
2013-12-11,W1F0P49T,ST3000DM001,3000592982016,0,,195054368,,,,,,,,0,,,,,,11695,,,,,,,,,,,,,,,,,,,,,,,,,,,,,,25,,,,,,0,,,,,,,,,,,,,,,,,,,,,,,,,,,,
2013-12-11,W3009QGX,ST4000DM000,4000787030016,0,,197602656,,,,,,,,0,,,,,,4353,,,,,,,,,,,,,,,,,,,,,,,,,,,,,,25,,,,,,0,,,,,,,,,,,,,,,,,,,,,,,,,,,,
2013-12-11,W3009QGQ,ST4000DM000,4000787030016,0,,76942024,,,,,,,,0,,,,,,4163,,,,,,,,,,,,,,,,,,,,,,,,,,,,,,23,,,,,,0,,,,,,,,,,,,,,,,,,,,,,,,,,,,
2013-12-11,PL1321LAG335JH,Hitachi HDS5C4040ALE630,4000787030016,0,,0,,,,,,,,0,,,,,,5923,,,,,,,,,,,,,,,,,,,,,,,,,,,,,,21,,,,,,0,,,,,,,,,,,,,,,,,,,,,,,,,,,,
2013-12-11,JK11A8B9J9HRSF,Hitachi HDS722020ALA330,2000398934016,0,,0,,,,,,,,0,,,,,,25580,,,,,,,,,,,,,,,,,,,,,,,,,,,,,,26,,,,,,0,,,,,,,,,,,,,,,,,,,,,,,,,,,,
2013-12-11,MJ1311YNG72GNA,Hitachi HDS5C3030ALA630,3000592982016,0,,0,,,,,,,,0,,,,,,14685,,,,,,,,,,,,,,,,,,,,,,,,,,,,,,16,,,,,,0,,,,,,,,,,,,,,,,,,,,,,,,,,,,
2013-12-11,PL1321LAGAVE1H,Hitachi HDS5C4040ALE630,4000787030016,0,,0,,,,,,,,0,,,,,,5028,,,,,,,,,,,,,,,,,,,,,,,,,,,,,,28,,,,,,0,,,,,,,,,,,,,,,,,,,,,,,,,,,,
2013-12-11,Z1F0QKW5,ST3000DM001,3000592982016,0,,155718144,,,,,,,,0,,,,,,11021,,,,,,,,,,,,,,,,,,,,,,,,,,,,,,31,,,,,,0,,,,,,,,,,,,,,,,,,,,,,,,,,,,
2013-12-11,S1F04CDQ,ST3000DM001,3000592982016,0,,154808120,,,,,,,,0,,,,,,15624,,,,,,,,,,,,,,,,,,,,,,,,,,,,,,22,,,,,,0,,,,,,,,,,,,,,,,,,,,,,,,,,,,
2013-12-11,S1F04CDV,ST3000DM001,3000592982016,0,,3665464,,,,,,,,0,,,,,,15621,,,,,,,,,,,,,,,,,,,,,,,,,,,,,,26,,,,,,56,,,,,,,,,,,,,,,,,,,,,,,,,,,,
2013-12-11,JK11A8B9J3S2WF,Hitachi HDS722020ALA330,2000398934016,0,,0,,,,,,,,0,,,,,,23828,,,,,,,,,,,,,,,,,,,,,,,,,,,,,,30,,,,,,0,,,,,,,,,,,,,,,,,,,,,,,,,,,,
2013-12-11,MK0311YHGK148A,Hitachi HDS723030ALA640,3000592982016,0,,0,,,,,,,,0,,,,,,16660,,,,,,,,,,,,,,,,,,,,,,,,,,,,,,26,,,,,,0,,,,,,,,,,,,,,,,,,,,,,,,,,,,
2013-12-11,MK0333YHGPEX3C,Hitachi HDS723030ALA640,3000592982016,0,,0,,,,,,,,0,,,,,,17761,,,,,,,,,,,,,,,,,,,,,,,,,,,,,,27,,,,,,0,,,,,,,,,,,,,,,,,,,,,,,,,,,,
2013-12-11,MJ1311YNG37RGA,Hitachi HDS5C3030ALA630,3000592982016,0,,0,,,,,,,,0,,,,,,19310,,,,,,,,,,,,,,,,,,,,,,,,,,,,,,24,,,,,,0,,,,,,,,,,,,,,,,,,,,,,,,,,,,
2013-12-11,Z300PLQM,ST4000DM000,4000787030016,0,,2703296,,,,,,,,0,,,,,,1112,,,,,,,,,,,,,,,,,,,,,,,,,,,,,,21,,,,,,0,,,,,,,,,,,,,,,,,,,,,,,,,,,,
2013-12-11,Z300PLQH,ST4000DM000,4000787030016,0,,99400072,,,,,,,,0,,,,,,1234,,,,,,,,,,,,,,,,,,,,,,,,,,,,,,21,,,,,,0,,,,,,,,,,,,,,,,,,,,,,,,,,,,
2013-12-11,MJ0351YNG9YL8A,Hitachi HDS5C3030ALA630,3000592982016,0,,0,,,,,,,,0,,,,,,9773,,,,,,,,,,,,,,,,,,,,,,,,,,,,,,27,,,,,,0,,,,,,,,,,,,,,,,,,,,,,,,,,,,
2013-12-11,Z300NQAG,ST4000DM000,4000787030016,0,,14940560,,,,,,,,0,,,,,,1445,,,,,,,,,,,,,,,,,,,,,,,,,,,,,,27,,,,,,0,,,,,,,,,,,,,,,,,,,,,,,,,,,,
2013-12-11,JK11A4B8JR3T9W,Hitachi HDS722020ALA330,2000398934016,0,,196608,,,,,,,,0,,,,,,23821,,,,,,,,,,,,,,,,,,,,,,,,,,,,,,37,,,,,,0,,,,,,,,,,,,,,,,,,,,,,,,,,,,
2013-12-11,JK11A8B9J37NHF,Hitachi HDS722020ALA330,2000398934016,0,,0,,,,,,,,2,,,,,,22703,,,,,,,,,,,,,,,,,,,,,,,,,,,,,,26,,,,,,0,,,,,,,,,,,,,,,,,,,,,,,,,,,,
2013-12-11,6XW058LK,ST31500541AS,1500301910016,0,,182481975,,,,,,,,0,,,,,,36955,,,,,,,,,,,,,,,,,,,,,,,,,,,,,,24,,,,,,0,,,,,,,,,,,,,,,,,,,,,,,,,,,,
2013-12-11,Z300PLQZ,ST4000DM000,4000787030016,0,,101516112,,,,,,,,0,,,,,,1451,,,,,,,,,,,,,,,,,,,,,,,,,,,,,,26,,,,,,0,,,,,,,,,,,,,,,,,,,,,,,,,,,,
2013-12-11,Z300PLQX,ST4000DM000,4000787030016,0,,89128240,,,,,,,,0,,,,,,1232,,,,,,,,,,,,,,,,,,,,,,,,,,,,,,19,,,,,,0,,,,,,,,,,,,,,,,,,,,,,,,,,,,
2013-12-11,Z300NQAZ,ST4000DM000,4000787030016,0,,62666512,,,,,,,,0,,,,,,1092,,,,,,,,,,,,,,,,,,,,,,,,,,,,,,26,,,,,,0,,,,,,,,,,,,,,,,,,,,,,,,,,,,
2013-12-11,Z300PLQP,ST4000DM000,4000787030016,0,,76883824,,,,,,,,0,,,,,,1451,,,,,,,,,,,,,,,,,,,,,,,,,,,,,,27,,,,,,0,,,,,,,,,,,,,,,,,,,,,,,,,,,,
2013-12-11,MJ1321YNG1AD0A,Hitachi HDS5C3030ALA630,3000592982016,0,,0,,,,,,,,0,,,,,,19763,,,,,,,,,,,,,,,,,,,,,,,,,,,,,,27,,,,,,0,,,,,,,,,,,,,,,,,,,,,,,,,,,,
2013-12-11,MK0311YHG4UAWA,Hitachi HDS723030ALA640,3000592982016,0,,1,,,,,,,,0,,,,,,21792,,,,,,,,,,,,,,,,,,,,,,,,,,,,,,26,,,,,,0,,,,,,,,,,,,,,,,,,,,,,,,,,,,
2013-12-11,MJ1311YNG7319A,Hitachi HDS5C3030ALA630,3000592982016,0,,0,,,,,,,,0,,,,,,14620,,,,,,,,,,,,,,,,,,,,,,,,,,,,,,21,,,,,,0,,,,,,,,,,,,,,,,,,,,,,,,,,,,
2013-12-11,MJ1311YNG0KJ1A,Hitachi HDS5C3030ALA630,3000592982016,0,,0,,,,,,,,0,,,,,,20732,,,,,,,,,,,,,,,,,,,,,,,,,,,,,,25,,,,,,0,,,,,,,,,,,,,,,,,,,,,,,,,,,,
2013-12-11,6XW00A28,ST31500541AS,1500301910016,0,,224296737,,,,,,,,0,,,,,,13289,,,,,,,,,,,,,,,,,,,,,,,,,,,,,,23,,,,,,0,,,,,,,,,,,,,,,,,,,,,,,,,,,,
2013-12-11,W1F0V4JK,ST3000DM001,3000592982016,0,,120456576,,,,,,,,0,,,,,,10737,,,,,,,,,,,,,,,,,,,,,,,,,,,,,,21,,,,,,0,,,,,,,,,,,,,,,,,,,,,,,,,,,,
2013-12-11,MJ1311YNG37ERA,Hitachi HDS5C3030ALA630,3000592982016,0,,0,,,,,,,,0,,,,,,18041,,,,,,,,,,,,,,,,,,,,,,,,,,,,,,23,,,,,,0,,,,,,,,,,,,,,,,,,,,,,,,,,,,
2013-12-11,MJ0351YNG9YUGA,Hitachi HDS5C3030ALA630,3000592982016,0,,0,,,,,,,,0,,,,,,9989,,,,,,,,,,,,,,,,,,,,,,,,,,,,,,27,,,,,,0,,,,,,,,,,,,,,,,,,,,,,,,,,,,
2013-12-11,S1F00Y4R,ST3000DM001,3000592982016,0,,8521024,,,,,,,,0,,,,,,15400,,,,,,,,,,,,,,,,,,,,,,,,,,,,,,19,,,,,,0,,,,,,,,,,,,,,,,,,,,,,,,,,,,
2013-12-11,JK1101B9J3124F,Hitachi HDS722020ALA330,2000398934016,0,,1,,,,,,,,1,,,,,,23822,,,,,,,,,,,,,,,,,,,,,,,,,,,,,,27,,,,,,0,,,,,,,,,,,,,,,,,,,,,,,,,,,,
2013-12-11,W3006EAK,ST4000DM000,4000787030016,0,,186217528,,,,,,,,0,,,,,,2681,,,,,,,,,,,,,,,,,,,,,,,,,,,,,,24,,,,,,0,,,,,,,,,,,,,,,,,,,,,,,,,,,,
2013-12-11,MJ1311YNG38P0A,Hitachi HDS5C3030ALA630,3000592982016,0,,0,,,,,,,,0,,,,,,19587,,,,,,,,,,,,,,,,,,,,,,,,,,,,,,29,,,,,,0,,,,,,,,,,,,,,,,,,,,,,,,,,,,
2013-12-11,MJ0351YNG9Z76A,Hitachi HDS5C3030ALA630,3000592982016,0,,0,,,,,,,,0,,,,,,9974,,,,,,,,,,,,,,,,,,,,,,,,,,,,,,29,,,,,,0,,,,,,,,,,,,,,,,,,,,,,,,,,,,
2013-12-11,Z300PLQ7,ST4000DM000,4000787030016,0,,169999176,,,,,,,,0,,,,,,1227,,,,,,,,,,,,,,,,,,,,,,,,,,,,,,22,,,,,,0,,,,,,,,,,,,,,,,,,,,,,,,,,,,
2013-12-11,Z300NQA6,ST4000DM000,4000787030016,0,,37245304,,,,,,,,0,,,,,,1447,,,,,,,,,,,,,,,,,,,,,,,,,,,,,,27,,,,,,0,,,,,,,,,,,,,,,,,,,,,,,,,,,,
2013-12-11,PL2331LAG7JZ7J,Hitachi HDS5C4040ALE630,4000787030016,0,,0,,,,,,,,0,,,,,,5078,,,,,,,,,,,,,,,,,,,,,,,,,,,,,,24,,,,,,0,,,,,,,,,,,,,,,,,,,,,,,,,,,,
2013-12-11,S1F0CSYT,ST3000DM001,3000592982016,0,,203172872,,,,,,,,0,,,,,,12418,,,,,,,,,,,,,,,,,,,,,,,,,,,,,,26,,,,,,0,,,,,,,,,,,,,,,,,,,,,,,,,,,,
2013-12-11,S1F0CSYS,ST3000DM001,3000592982016,0,,167432272,,,,,,,,976,,,,,,12344,,,,,,,,,,,,,,,,,,,,,,,,,,,,,,25,,,,,,0,,,,,,,,,,,,,,,,,,,,,,,,,,,,
2013-12-11,MJ0351YNG9Z6HA,Hitachi HDS5C3030ALA630,3000592982016,0,,0,,,,,,,,0,,,,,,9469,,,,,,,,,,,,,,,,,,,,,,,,,,,,,,26,,,,,,0,,,,,,,,,,,,,,,,,,,,,,,,,,,,
2013-12-11,JK1101B9GBMEAF,Hitachi HDS722020ALA330,2000398934016,0,,0,,,,,,,,0,,,,,,27160,,,,,,,,,,,,,,,,,,,,,,,,,,,,,,26,,,,,,0,,,,,,,,,,,,,,,,,,,,,,,,,,,,
2013-12-11,MJ0351YNG9ZPHA,Hitachi HDS5C3030ALA630,3000592982016,0,,0,,,,,,,,0,,,,,,8829,,,,,,,,,,,,,,,,,,,,,,,,,,,,,,30,,,,,,0,,,,,,,,,,,,,,,,,,,,,,,,,,,,
2013-12-11,S1F0CSYB,ST3000DM001,3000592982016,0,,110735544,,,,,,,,56,,,,,,12308,,,,,,,,,,,,,,,,,,,,,,,,,,,,,,25,,,,,,0,,,,,,,,,,,,,,,,,,,,,,,,,,,,
2013-12-11,JK11A8B9JR07WF,Hitachi HDS722020ALA330,2000398934016,0,,0,,,,,,,,0,,,,,,24112,,,,,,,,,,,,,,,,,,,,,,,,,,,,,,29,,,,,,0,,,,,,,,,,,,,,,,,,,,,,,,,,,,
2013-12-11,W300J2YL,ST4000DM000,4000787030016,0,,91901496,,,,,,,,0,,,,,,919,,,,,,,,,,,,,,,,,,,,,,,,,,,,,,20,,,,,,0,,,,,,,,,,,,,,,,,,,,,,,,,,,,
2013-12-11,W300CB2Y,ST4000DM000,4000787030016,0,,107350672,,,,,,,,0,,,,,,1871,,,,,,,,,,,,,,,,,,,,,,,,,,,,,,24,,,,,,0,,,,,,,,,,,,,,,,,,,,,,,,,,,,
2013-12-11,WD-WCAU47155153,WDC WD10EADS,1000204886016,0,,6,,,,,,,,0,,,,,,40610,,,,,,,,,,,,,,,,,,,,,,,,,,,,,,21,,,,,,0,,,,,,,,,,,,,,,,,,,,,,,,,,,,
2013-12-11,MK0311YHGE1VPA,Hitachi HDS723030ALA640,3000592982016,0,,0,,,,,,,,0,,,,,,16679,,,,,,,,,,,,,,,,,,,,,,,,,,,,,,27,,,,,,0,,,,,,,,,,,,,,,,,,,,,,,,,,,,
2013-12-11,W1F1CM7H,ST3000DM001,3000592982016,0,,219516952,,,,,,,,0,,,,,,8208,,,,,,,,,,,,,,,,,,,,,,,,,,,,,,23,,,,,,0,,,,,,,,,,,,,,,,,,,,,,,,,,,,
2013-12-11,W1F0QE96,ST3000DM001,3000592982016,0,,63737208,,,,,,,,0,,,,,,6317,,,,,,,,,,,,,,,,,,,,,,,,,,,,,,26,,,,,,0,,,,,,,,,,,,,,,,,,,,,,,,,,,,
2013-12-11,S1F0484H,ST3000DM001,3000592982016,0,,32011832,,,,,,,,0,,,,,,16143,,,,,,,,,,,,,,,,,,,,,,,,,,,,,,19,,,,,,0,,,,,,,,,,,,,,,,,,,,,,,,,,,,
2013-12-11,5YD7T4WP,ST1500DL003,1500301910016,0,,6228448,,,,,,,,0,,,,,,4020,,,,,,,,,,,,,,,,,,,,,,,,,,,,,,18,,,,,,0,,,,,,,,,,,,,,,,,,,,,,,,,,,,
2013-12-11,S1F0CSY6,ST3000DM001,3000592982016,0,,169731736,,,,,,,,0,,,,,,12417,,,,,,,,,,,,,,,,,,,,,,,,,,,,,,30,,,,,,0,,,,,,,,,,,,,,,,,,,,,,,,,,,,
2013-12-11,MJ1311YNG7KRRA,Hitachi HDS5C3030ALA630,3000592982016,0,,0,,,,,,,,0,,,,,,14624,,,,,,,,,,,,,,,,,,,,,,,,,,,,,,25,,,,,,0,,,,,,,,,,,,,,,,,,,,,,,,,,,,
2013-12-11,Z1F0MV43,ST3000DM001,3000592982016,0,,143047032,,,,,,,,0,,,,,,11046,,,,,,,,,,,,,,,,,,,,,,,,,,,,,,20,,,,,,0,,,,,,,,,,,,,,,,,,,,,,,,,,,,
2013-12-11,MJ1311YNG7K3YA,Hitachi HDS5C3030ALA630,3000592982016,0,,0,,,,,,,,0,,,,,,14310,,,,,,,,,,,,,,,,,,,,,,,,,,,,,,25,,,,,,0,,,,,,,,,,,,,,,,,,,,,,,,,,,,
2013-12-11,JK11A8B9JR1MPF,Hitachi HDS722020ALA330,2000398934016,0,,0,,,,,,,,0,,,,,,23710,,,,,,,,,,,,,,,,,,,,,,,,,,,,,,29,,,,,,0,,,,,,,,,,,,,,,,,,,,,,,,,,,,
2013-12-11,6XW057J4,ST31500541AS,1500301910016,0,,46401290,,,,,,,,0,,,,,,36402,,,,,,,,,,,,,,,,,,,,,,,,,,,,,,18,,,,,,0,,,,,,,,,,,,,,,,,,,,,,,,,,,,
2013-12-11,MK0311YHGHEBMA,Hitachi HDS723030ALA640,3000592982016,0,,0,,,,,,,,0,,,,,,21462,,,,,,,,,,,,,,,,,,,,,,,,,,,,,,33,,,,,,0,,,,,,,,,,,,,,,,,,,,,,,,,,,,
2013-12-11,JK11A4B8JR75TW,Hitachi HDS722020ALA330,2000398934016,0,,0,,,,,,,,0,,,,,,23821,,,,,,,,,,,,,,,,,,,,,,,,,,,,,,36,,,,,,0,,,,,,,,,,,,,,,,,,,,,,,,,,,,
2013-12-11,WD-WCAWZ1656248,WDC WD30EZRX,3000592982016,0,,0,,,,,,,,0,,,,,,18016,,,,,,,,,,,,,,,,,,,,,,,,,,,,,,25,,,,,,0,,,,,,,,,,,,,,,,,,,,,,,,,,,,
2013-12-11,JK11H1B9G8XW9R,Hitachi HDS722020ALA330,2000398934016,0,,327683,,,,,,,,0,,,,,,26480,,,,,,,,,,,,,,,,,,,,,,,,,,,,,,26,,,,,,0,,,,,,,,,,,,,,,,,,,,,,,,,,,,
2013-12-11,MJ1311YNG6G66A,Hitachi HDS5C3030ALA630,3000592982016,0,,0,,,,,,,,0,,,,,,14289,,,,,,,,,,,,,,,,,,,,,,,,,,,,,,30,,,,,,0,,,,,,,,,,,,,,,,,,,,,,,,,,,,
2013-12-11,MJ1321YNG0PZSA,Hitachi HDS5C3030ALA630,3000592982016,0,,65865,,,,,,,,306,,,,,,20479,,,,,,,,,,,,,,,,,,,,,,,,,,,,,,27,,,,,,0,,,,,,,,,,,,,,,,,,,,,,,,,,,,
2013-12-11,MJ0351YNGA3EVA,Hitachi HDS5C3030ALA630,3000592982016,0,,0,,,,,,,,0,,,,,,8141,,,,,,,,,,,,,,,,,,,,,,,,,,,,,,31,,,,,,0,,,,,,,,,,,,,,,,,,,,,,,,,,,,
2013-12-11,W300JMWY,ST4000DM000,4000787030016,0,,2363184,,,,,,,,0,,,,,,2875,,,,,,,,,,,,,,,,,,,,,,,,,,,,,,24,,,,,,0,,,,,,,,,,,,,,,,,,,,,,,,,,,,
2013-12-11,S1F03AJC,ST3000DM001,3000592982016,0,,88860128,,,,,,,,0,,,,,,12840,,,,,,,,,,,,,,,,,,,,,,,,,,,,,,30,,,,,,8,,,,,,,,,,,,,,,,,,,,,,,,,,,,
2013-12-11,PL1321LAGATWYH,Hitachi HDS5C4040ALE630,4000787030016,0,,0,,,,,,,,0,,,,,,5429,,,,,,,,,,,,,,,,,,,,,,,,,,,,,,24,,,,,,0,,,,,,,,,,,,,,,,,,,,,,,,,,,,
2013-12-11,W300BJDQ,ST4000DM000,4000787030016,0,,63136432,,,,,,,,0,,,,,,4189,,,,,,,,,,,,,,,,,,,,,,,,,,,,,,25,,,,,,0,,,,,,,,,,,,,,,,,,,,,,,,,,,,
2013-12-11,PL1321LAGAYSSH,Hitachi HDS5C4040ALE630,4000787030016,0,,0,,,,,,,,0,,,,,,5050,,,,,,,,,,,,,,,,,,,,,,,,,,,,,,30,,,,,,0,,,,,,,,,,,,,,,,,,,,,,,,,,,,
2013-12-11,S1F01J22,ST3000DM001,3000592982016,0,,34281112,,,,,,,,0,,,,,,15400,,,,,,,,,,,,,,,,,,,,,,,,,,,,,,19,,,,,,16,,,,,,,,,,,,,,,,,,,,,,,,,,,,
2013-12-11,JK11A8YBKZ0GGF,Hitachi HDS722020ALA330,2000398934016,0,,0,,,,,,,,0,,,,,,27845,,,,,,,,,,,,,,,,,,,,,,,,,,,,,,26,,,,,,0,,,,,,,,,,,,,,,,,,,,,,,,,,,,
2013-12-11,W300BJDG,ST4000DM000,4000787030016,0,,187329208,,,,,,,,0,,,,,,4163,,,,,,,,,,,,,,,,,,,,,,,,,,,,,,22,,,,,,0,,,,,,,,,,,,,,,,,,,,,,,,,,,,
2013-12-11,W300BJDD,ST4000DM000,4000787030016,0,,199061984,,,,,,,,0,,,,,,3603,,,,,,,,,,,,,,,,,,,,,,,,,,,,,,19,,,,,,0,,,,,,,,,,,,,,,,,,,,,,,,,,,,
2013-12-11,W300BJDB,ST4000DM000,4000787030016,0,,104286344,,,,,,,,0,,,,,,4189,,,,,,,,,,,,,,,,,,,,,,,,,,,,,,25,,,,,,0,,,,,,,,,,,,,,,,,,,,,,,,,,,,
2013-12-11,W1F0L1YP,ST3000DM001,3000592982016,0,,31079192,,,,,,,,0,,,,,,10738,,,,,,,,,,,,,,,,,,,,,,,,,,,,,,21,,,,,,0,,,,,,,,,,,,,,,,,,,,,,,,,,,,
2013-12-11,9VS3HALS,ST31500341AS,1500301910016,0,,173218192,,,,,,,,5,,,,,,32917,,,,,,,,,,,,,,,,,,,,,,,,,,,,,,21,,,,,,0,,,,,,,,,,,,,,,,,,,,,,,,,,,,
2013-12-11,W300BJDM,ST4000DM000,4000787030016,0,,185996880,,,,,,,,0,,,,,,4189,,,,,,,,,,,,,,,,,,,,,,,,,,,,,,25,,,,,,0,,,,,,,,,,,,,,,,,,,,,,,,,,,,
2013-12-11,S1F032YD,ST3000DM001,3000592982016,0,,82968952,,,,,,,,0,,,,,,15343,,,,,,,,,,,,,,,,,,,,,,,,,,,,,,27,,,,,,16,,,,,,,,,,,,,,,,,,,,,,,,,,,,
2013-12-11,MJ1323YNG1UYMC,Hitachi HDS5C3030ALA630,3000592982016,0,,0,,,,,,,,0,,,,,,19770,,,,,,,,,,,,,,,,,,,,,,,,,,,,,,24,,,,,,0,,,,,,,,,,,,,,,,,,,,,,,,,,,,
2013-12-11,W300BJD4,ST4000DM000,4000787030016,0,,226151112,,,,,,,,0,,,,,,4189,,,,,,,,,,,,,,,,,,,,,,,,,,,,,,24,,,,,,0,,,,,,,,,,,,,,,,,,,,,,,,,,,,
2013-12-11,JK11A4B8J61JVW,Hitachi HDS722020ALA330,2000398934016,0,,65536,,,,,,,,0,,,,,,24970,,,,,,,,,,,,,,,,,,,,,,,,,,,,,,30,,,,,,0,,,,,,,,,,,,,,,,,,,,,,,,,,,,
2013-12-11,MK0301YHGNHBPD,Hitachi HDS723030ALA640,3000592982016,0,,0,,,,,,,,0,,,,,,17036,,,,,,,,,,,,,,,,,,,,,,,,,,,,,,26,,,,,,0,,,,,,,,,,,,,,,,,,,,,,,,,,,,
2013-12-11,Z300PADS,ST4000DM000,4000787030016,0,,85614264,,,,,,,,0,,,,,,1234,,,,,,,,,,,,,,,,,,,,,,,,,,,,,,20,,,,,,0,,,,,,,,,,,,,,,,,,,,,,,,,,,,
2013-12-11,JK2171B9J0N9TL,Hitachi HDS722020ALA330,2000398934016,0,,0,,,,,,,,0,,,,,,22703,,,,,,,,,,,,,,,,,,,,,,,,,,,,,,30,,,,,,0,,,,,,,,,,,,,,,,,,,,,,,,,,,,
2013-12-11,W300C8W6,ST4000DM000,4000787030016,0,,189021784,,,,,,,,0,,,,,,4044,,,,,,,,,,,,,,,,,,,,,,,,,,,,,,24,,,,,,0,,,,,,,,,,,,,,,,,,,,,,,,,,,,
2013-12-11,JK11A8B9GNVK1F,Hitachi HDS722020ALA330,2000398934016,0,,0,,,,,,,,0,,,,,,26764,,,,,,,,,,,,,,,,,,,,,,,,,,,,,,25,,,,,,0,,,,,,,,,,,,,,,,,,,,,,,,,,,,
2013-12-11,Z300KA3E,ST4000DM000,4000787030016,0,,66589368,,,,,,,,0,,,,,,2218,,,,,,,,,,,,,,,,,,,,,,,,,,,,,,23,,,,,,0,,,,,,,,,,,,,,,,,,,,,,,,,,,,
2013-12-11,S1F02T5M,ST3000DM001,3000592982016,0,,183542960,,,,,,,,0,,,,,,16176,,,,,,,,,,,,,,,,,,,,,,,,,,,,,,26,,,,,,0,,,,,,,,,,,,,,,,,,,,,,,,,,,,
2013-12-11,MK0311YHG26BUA,Hitachi HDS723030ALA640,3000592982016,0,,0,,,,,,,,0,,,,,,22347,,,,,,,,,,,,,,,,,,,,,,,,,,,,,,27,,,,,,0,,,,,,,,,,,,,,,,,,,,,,,,,,,,
2013-12-11,6XW1A92Q,ST32000542AS,2000398934016,0,,16570142,,,,,,,,52,,,,,,31469,,,,,,,,,,,,,,,,,,,,,,,,,,,,,,22,,,,,,0,,,,,,,,,,,,,,,,,,,,,,,,,,,,
2013-12-11,S1F06FTV,ST3000DM001,3000592982016,0,,101704856,,,,,,,,0,,,,,,12365,,,,,,,,,,,,,,,,,,,,,,,,,,,,,,26,,,,,,0,,,,,,,,,,,,,,,,,,,,,,,,,,,,
2013-12-11,MJ1323YNG1TPUC,Hitachi HDS5C3030ALA630,3000592982016,0,,0,,,,,,,,0,,,,,,19747,,,,,,,,,,,,,,,,,,,,,,,,,,,,,,24,,,,,,0,,,,,,,,,,,,,,,,,,,,,,,,,,,,
2013-12-11,JK11A8B9J807EF,Hitachi HDS722020ALA330,2000398934016,0,,0,,,,,,,,0,,,,,,25662,,,,,,,,,,,,,,,,,,,,,,,,,,,,,,28,,,,,,0,,,,,,,,,,,,,,,,,,,,,,,,,,,,
2013-12-11,JK1171YAK1Y7SN,Hitachi HDS722020ALA330,2000398934016,0,,131072,,,,,,,,0,,,,,,29668,,,,,,,,,,,,,,,,,,,,,,,,,,,,,,30,,,,,,0,,,,,,,,,,,,,,,,,,,,,,,,,,,,
2013-12-11,W1F0X3MJ,ST3000DM001,3000592982016,0,,164593888,,,,,,,,0,,,,,,11688,,,,,,,,,,,,,,,,,,,,,,,,,,,,,,26,,,,,,0,,,,,,,,,,,,,,,,,,,,,,,,,,,,
2013-12-11,S1F0S5SR,ST3000DM001,3000592982016,0,,140687240,,,,,,,,0,,,,,,10728,,,,,,,,,,,,,,,,,,,,,,,,,,,,,,26,,,,,,0,,,,,,,,,,,,,,,,,,,,,,,,,,,,
2013-12-11,MJ1311YNG3151A,Hitachi HDS5C3030ALA630,3000592982016,0,,0,,,,,,,,0,,,,,,18065,,,,,,,,,,,,,,,,,,,,,,,,,,,,,,24,,,,,,0,,,,,,,,,,,,,,,,,,,,,,,,,,,,
2013-12-11,W1F0X3MA,ST3000DM001,3000592982016,0,,143574384,,,,,,,,0,,,,,,11688,,,,,,,,,,,,,,,,,,,,,,,,,,,,,,25,,,,,,0,,,,,,,,,,,,,,,,,,,,,,,,,,,,
2013-12-11,W1F0VH88,ST3000DM001,3000592982016,0,,69281120,,,,,,,,0,,,,,,11018,,,,,,,,,,,,,,,,,,,,,,,,,,,,,,23,,,,,,0,,,,,,,,,,,,,,,,,,,,,,,,,,,,
2013-12-11,W1F0NF1S,ST3000DM001,3000592982016,0,,120145608,,,,,,,,0,,,,,,11695,,,,,,,,,,,,,,,,,,,,,,,,,,,,,,26,,,,,,0,,,,,,,,,,,,,,,,,,,,,,,,,,,,
2013-12-11,WD-WMC1T1203664,WDC WD30EFRX,3000592982016,0,,0,,,,,,,,0,,,,,,7392,,,,,,,,,,,,,,,,,,,,,,,,,,,,,,21,,,,,,0,,,,,,,,,,,,,,,,,,,,,,,,,,,,
2013-12-11,Z1F0LBQ6,ST3000DM001,3000592982016,0,,149862984,,,,,,,,0,,,,,,12169,,,,,,,,,,,,,,,,,,,,,,,,,,,,,,26,,,,,,0,,,,,,,,,,,,,,,,,,,,,,,,,,,,
2013-12-11,WD-WCAWZ1329170,WDC WD30EZRX,3000592982016,0,,0,,,,,,,,0,,,,,,16077,,,,,,,,,,,,,,,,,,,,,,,,,,,,,,19,,,,,,0,,,,,,,,,,,,,,,,,,,,,,,,,,,,
2013-12-11,MJ1311YNG25AWA,Hitachi HDS5C3030ALA630,3000592982016,0,,0,,,,,,,,0,,,,,,19253,,,,,,,,,,,,,,,,,,,,,,,,,,,,,,27,,,,,,0,,,,,,,,,,,,,,,,,,,,,,,,,,,,
2013-12-11,MJ1311YNG7JHMA,Hitachi HDS5C3030ALA630,3000592982016,0,,0,,,,,,,,0,,,,,,14331,,,,,,,,,,,,,,,,,,,,,,,,,,,,,,30,,,,,,0,,,,,,,,,,,,,,,,,,,,,,,,,,,,
2013-12-11,W300B5DZ,ST4000DM000,4000787030016,0,,68990520,,,,,,,,0,,,,,,4290,,,,,,,,,,,,,,,,,,,,,,,,,,,,,,23,,,,,,0,,,,,,,,,,,,,,,,,,,,,,,,,,,,
2013-12-11,JK1101B9JS4Y3R,Hitachi HDS722020ALA330,2000398934016,0,,0,,,,,,,,0,,,,,,23318,,,,,,,,,,,,,,,,,,,,,,,,,,,,,,34,,,,,,0,,,,,,,,,,,,,,,,,,,,,,,,,,,,
2013-12-11,MJ0351YNGA6MHA,Hitachi HDS5C3030ALA630,3000592982016,0,,0,,,,,,,,0,,,,,,7689,,,,,,,,,,,,,,,,,,,,,,,,,,,,,,25,,,,,,0,,,,,,,,,,,,,,,,,,,,,,,,,,,,
2013-12-11,Z300JCPK,ST4000DM000,4000787030016,0,,217999952,,,,,,,,0,,,,,,2221,,,,,,,,,,,,,,,,,,,,,,,,,,,,,,27,,,,,,0,,,,,,,,,,,,,,,,,,,,,,,,,,,,
2013-12-11,MK0311YHGJN2PA,Hitachi HDS723030ALA640,3000592982016,0,,131080,,,,,,,,0,,,,,,21455,,,,,,,,,,,,,,,,,,,,,,,,,,,,,,23,,,,,,0,,,,,,,,,,,,,,,,,,,,,,,,,,,,
2013-12-11,JK11A8B9JPS52F,Hitachi HDS722020ALA330,2000398934016,0,,65540,,,,,,,,0,,,,,,23718,,,,,,,,,,,,,,,,,,,,,,,,,,,,,,28,,,,,,0,,,,,,,,,,,,,,,,,,,,,,,,,,,,
2013-12-11,WD-WCAU47212661,WDC WD10EADS,1000204886016,0,,1,,,,,,,,0,,,,,,40838,,,,,,,,,,,,,,,,,,,,,,,,,,,,,,30,,,,,,0,,,,,,,,,,,,,,,,,,,,,,,,,,,,
2013-12-11,JK1105B8GG4SXX,Hitachi HDS722020ALA330,2000398934016,0,,0,,,,,,,,0,,,,,,26858,,,,,,,,,,,,,,,,,,,,,,,,,,,,,,36,,,,,,0,,,,,,,,,,,,,,,,,,,,,,,,,,,,
2013-12-11,WD-WMC1T1611697,WDC WD30EFRX,3000592982016,0,,0,,,,,,,,0,,,,,,7708,,,,,,,,,,,,,,,,,,,,,,,,,,,,,,27,,,,,,0,,,,,,,,,,,,,,,,,,,,,,,,,,,,
2013-12-11,Z1F148T1,ST3000DM001,3000592982016,0,,234213464,,,,,,,,0,,,,,,8023,,,,,,,,,,,,,,,,,,,,,,,,,,,,,,24,,,,,,0,,,,,,,,,,,,,,,,,,,,,,,,,,,,
2013-12-11,JK1101B9J2YV6F,Hitachi HDS722020ALA330,2000398934016,0,,65542,,,,,,,,1,,,,,,23820,,,,,,,,,,,,,,,,,,,,,,,,,,,,,,27,,,,,,0,,,,,,,,,,,,,,,,,,,,,,,,,,,,
2013-12-11,W300B5D1,ST4000DM000,4000787030016,0,,41212880,,,,,,,,0,,,,,,4291,,,,,,,,,,,,,,,,,,,,,,,,,,,,,,24,,,,,,0,,,,,,,,,,,,,,,,,,,,,,,,,,,,
2013-12-11,S1F08Q8B,ST3000DM001,3000592982016,0,,97902392,,,,,,,,0,,,,,,11597,,,,,,,,,,,,,,,,,,,,,,,,,,,,,,22,,,,,,0,,,,,,,,,,,,,,,,,,,,,,,,,,,,
2013-12-11,Z300J9EA,ST4000DM000,4000787030016,0,,150421152,,,,,,,,0,,,,,,2241,,,,,,,,,,,,,,,,,,,,,,,,,,,,,,22,,,,,,0,,,,,,,,,,,,,,,,,,,,,,,,,,,,
2013-12-11,9XW01PYL,ST31500541AS,1500301910016,0,,34258790,,,,,,,,0,,,,,,35446,,,,,,,,,,,,,,,,,,,,,,,,,,,,,,20,,,,,,0,,,,,,,,,,,,,,,,,,,,,,,,,,,,
2013-12-11,6XW13W5W,ST32000542AS,2000398934016,0,,43834740,,,,,,,,0,,,,,,27385,,,,,,,,,,,,,,,,,,,,,,,,,,,,,,30,,,,,,0,,,,,,,,,,,,,,,,,,,,,,,,,,,,
2013-12-11,5XW094MK,ST31500541AS,1500301910016,0,,134654612,,,,,,,,0,,,,,,21164,,,,,,,,,,,,,,,,,,,,,,,,,,,,,,19,,,,,,0,,,,,,,,,,,,,,,,,,,,,,,,,,,,
2013-12-11,Z300L4BK,ST4000DM000,4000787030016,0,,39661528,,,,,,,,0,,,,,,2880,,,,,,,,,,,,,,,,,,,,,,,,,,,,,,21,,,,,,0,,,,,,,,,,,,,,,,,,,,,,,,,,,,
2013-12-11,WD-WCAWZ2105388,WDC WD30EZRX,3000592982016,0,,0,,,,,,,,0,,,,,,12940,,,,,,,,,,,,,,,,,,,,,,,,,,,,,,26,,,,,,0,,,,,,,,,,,,,,,,,,,,,,,,,,,,
2013-12-11,S1F06FF6,ST3000DM001,3000592982016,0,,84753480,,,,,,,,0,,,,,,12345,,,,,,,,,,,,,,,,,,,,,,,,,,,,,,25,,,,,,0,,,,,,,,,,,,,,,,,,,,,,,,,,,,
2013-12-11,JK11A8B9J0YANF,Hitachi HDS722020ALA330,2000398934016,0,,0,,,,,,,,0,,,,,,26145,,,,,,,,,,,,,,,,,,,,,,,,,,,,,,28,,,,,,0,,,,,,,,,,,,,,,,,,,,,,,,,,,,
2013-12-11,JK11A8B9J3133F,Hitachi HDS722020ALA330,2000398934016,0,,0,,,,,,,,1,,,,,,24463,,,,,,,,,,,,,,,,,,,,,,,,,,,,,,27,,,,,,0,,,,,,,,,,,,,,,,,,,,,,,,,,,,
2013-12-11,MJ1311YNG068ZA,Hitachi HDS5C3030ALA630,3000592982016,0,,2490368,,,,,,,,5,,,,,,18386,,,,,,,,,,,,,,,,,,,,,,,,,,,,,,21,,,,,,0,,,,,,,,,,,,,,,,,,,,,,,,,,,,
2013-12-11,JK1101YAK92RSV,Hitachi HDS722020ALA330,2000398934016,0,,196612,,,,,,,,0,,,,,,29654,,,,,,,,,,,,,,,,,,,,,,,,,,,,,,27,,,,,,0,,,,,,,,,,,,,,,,,,,,,,,,,,,,
2013-12-11,MJ0351YNGA5ZHA,Hitachi HDS5C3030ALA630,3000592982016,0,,0,,,,,,,,0,,,,,,9142,,,,,,,,,,,,,,,,,,,,,,,,,,,,,,30,,,,,,0,,,,,,,,,,,,,,,,,,,,,,,,,,,,
2013-12-11,W1F08EHZ,ST3000DM001,3000592982016,0,,135663736,,,,,,,,0,,,,,,16197,,,,,,,,,,,,,,,,,,,,,,,,,,,,,,26,,,,,,24,,,,,,,,,,,,,,,,,,,,,,,,,,,,
2013-12-11,W1F07L93,ST3000DM001,3000592982016,0,,138266096,,,,,,,,0,,,,,,11050,,,,,,,,,,,,,,,,,,,,,,,,,,,,,,23,,,,,,0,,,,,,,,,,,,,,,,,,,,,,,,,,,,
2013-12-11,6XW03A7Y,ST31500541AS,1500301910016,0,,204991272,,,,,,,,0,,,,,,35783,,,,,,,,,,,,,,,,,,,,,,,,,,,,,,18,,,,,,0,,,,,,,,,,,,,,,,,,,,,,,,,,,,
2013-12-11,9XW00RSQ,ST31500541AS,1500301910016,0,,57186033,,,,,,,,0,,,,,,33223,,,,,,,,,,,,,,,,,,,,,,,,,,,,,,21,,,,,,0,,,,,,,,,,,,,,,,,,,,,,,,,,,,
2013-12-11,WD-WCC070196052,WDC WD30EZRX,3000592982016,0,,0,,,,,,,,0,,,,,,8610,,,,,,,,,,,,,,,,,,,,,,,,,,,,,,25,,,,,,0,,,,,,,,,,,,,,,,,,,,,,,,,,,,
2013-12-11,PL1311LAG1JP8A,Hitachi HDS5C4040ALE630,4000787030016,0,,0,,,,,,,,0,,,,,,6653,,,,,,,,,,,,,,,,,,,,,,,,,,,,,,26,,,,,,0,,,,,,,,,,,,,,,,,,,,,,,,,,,,
2013-12-11,JK1171YAK1Y4SN,Hitachi HDS722020ALA330,2000398934016,0,,0,,,,,,,,0,,,,,,29210,,,,,,,,,,,,,,,,,,,,,,,,,,,,,,31,,,,,,0,,,,,,,,,,,,,,,,,,,,,,,,,,,,
2013-12-11,MK0331YHGMTMRA,Hitachi HDS723030ALA640,3000592982016,0,,0,,,,,,,,0,,,,,,17355,,,,,,,,,,,,,,,,,,,,,,,,,,,,,,26,,,,,,0,,,,,,,,,,,,,,,,,,,,,,,,,,,,
2013-12-11,PL1311LAG3B3WH,Hitachi HDS5C4040ALE630,4000787030016,0,,0,,,,,,,,0,,,,,,5125,,,,,,,,,,,,,,,,,,,,,,,,,,,,,,28,,,,,,0,,,,,,,,,,,,,,,,,,,,,,,,,,,,
2013-12-11,S1F031WX,ST3000DM001,3000592982016,0,,238247088,,,,,,,,0,,,,,,14727,,,,,,,,,,,,,,,,,,,,,,,,,,,,,,26,,,,,,0,,,,,,,,,,,,,,,,,,,,,,,,,,,,
2013-12-11,PL1311LAG3AKWH,Hitachi HDS5C4040ALE630,4000787030016,0,,0,,,,,,,,0,,,,,,6639,,,,,,,,,,,,,,,,,,,,,,,,,,,,,,27,,,,,,0,,,,,,,,,,,,,,,,,,,,,,,,,,,,
2013-12-11,W3005QFK,ST4000DM000,4000787030016,0,,125395016,,,,,,,,0,,,,,,2856,,,,,,,,,,,,,,,,,,,,,,,,,,,,,,19,,,,,,0,,,,,,,,,,,,,,,,,,,,,,,,,,,,
2013-12-11,JK1101B9JR6A0R,Hitachi HDS722020ALA330,2000398934016,0,,0,,,,,,,,0,,,,,,23320,,,,,,,,,,,,,,,,,,,,,,,,,,,,,,28,,,,,,0,,,,,,,,,,,,,,,,,,,,,,,,,,,,
2013-12-11,JK1171YAK202SN,Hitachi HDS722020ALA330,2000398934016,0,,65538,,,,,,,,25,,,,,,29914,,,,,,,,,,,,,,,,,,,,,,,,,,,,,,25,,,,,,6,,,,,,,,,,,,,,,,,,,,,,,,,,,,
2013-12-11,JK11A8B9HZ5TSF,Hitachi HDS722020ALA330,2000398934016,0,,0,,,,,,,,0,,,,,,23543,,,,,,,,,,,,,,,,,,,,,,,,,,,,,,37,,,,,,0,,,,,,,,,,,,,,,,,,,,,,,,,,,,
2013-12-11,MJ0351YNGA6BXA,Hitachi HDS5C3030ALA630,3000592982016,0,,0,,,,,,,,0,,,,,,8641,,,,,,,,,,,,,,,,,,,,,,,,,,,,,,25,,,,,,0,,,,,,,,,,,,,,,,,,,,,,,,,,,,
2013-12-11,MJ1321YNG0JU4A,Hitachi HDS5C3030ALA630,3000592982016,0,,0,,,,,,,,0,,,,,,20479,,,,,,,,,,,,,,,,,,,,,,,,,,,,,,30,,,,,,0,,,,,,,,,,,,,,,,,,,,,,,,,,,,
2013-12-11,PL1321LAG3500H,Hitachi HDS5C4040ALE630,4000787030016,0,,0,,,,,,,,0,,,,,,5136,,,,,,,,,,,,,,,,,,,,,,,,,,,,,,32,,,,,,0,,,,,,,,,,,,,,,,,,,,,,,,,,,,
2013-12-11,6XW10DX9,ST31500541AS,1500301910016,0,,119112005,,,,,,,,0,,,,,,31537,,,,,,,,,,,,,,,,,,,,,,,,,,,,,,27,,,,,,0,,,,,,,,,,,,,,,,,,,,,,,,,,,,
2013-12-11,W1F0AML8,ST3000DM001,3000592982016,0,,195203240,,,,,,,,0,,,,,,13758,,,,,,,,,,,,,,,,,,,,,,,,,,,,,,23,,,,,,0,,,,,,,,,,,,,,,,,,,,,,,,,,,,
2013-12-11,JK11A8B9J90E2F,Hitachi HDS722020ALA330,2000398934016,0,,0,,,,,,,,0,,,,,,26004,,,,,,,,,,,,,,,,,,,,,,,,,,,,,,28,,,,,,0,,,,,,,,,,,,,,,,,,,,,,,,,,,,
2013-12-11,MJ1311YNG61ZSA,Hitachi HDS5C3030ALA630,3000592982016,0,,0,,,,,,,,0,,,,,,14682,,,,,,,,,,,,,,,,,,,,,,,,,,,,,,20,,,,,,0,,,,,,,,,,,,,,,,,,,,,,,,,,,,
2013-12-11,PK1331PAJ35SXS,HGST HDS724040ALE640,4000787030016,0,,0,,,,,,,,0,,,,,,2027,,,,,,,,,,,,,,,,,,,,,,,,,,,,,,26,,,,,,0,,,,,,,,,,,,,,,,,,,,,,,,,,,,
2013-12-11,Z300XGYS,ST4000DM000,4000787030016,0,,105674552,,,,,,,,0,,,,,,772,,,,,,,,,,,,,,,,,,,,,,,,,,,,,,22,,,,,,0,,,,,,,,,,,,,,,,,,,,,,,,,,,,
2013-12-11,MJ1311YNG3J8LA,Hitachi HDS5C3030ALA630,3000592982016,0,,0,,,,,,,,0,,,,,,19254,,,,,,,,,,,,,,,,,,,,,,,,,,,,,,25,,,,,,0,,,,,,,,,,,,,,,,,,,,,,,,,,,,
2013-12-11,MJ1311YNG3BSBA,Hitachi HDS5C3030ALA630,3000592982016,0,,0,,,,,,,,0,,,,,,18928,,,,,,,,,,,,,,,,,,,,,,,,,,,,,,26,,,,,,0,,,,,,,,,,,,,,,,,,,,,,,,,,,,
2013-12-11,JK11A4YAKBUY8W,Hitachi HDS722020ALA330,2000398934016,0,,0,,,,,,,,0,,,,,,27871,,,,,,,,,,,,,,,,,,,,,,,,,,,,,,23,,,,,,0,,,,,,,,,,,,,,,,,,,,,,,,,,,,
2013-12-11,MJ1311YNG7HTRA,Hitachi HDS5C3030ALA630,3000592982016,0,,0,,,,,,,,0,,,,,,14310,,,,,,,,,,,,,,,,,,,,,,,,,,,,,,25,,,,,,0,,,,,,,,,,,,,,,,,,,,,,,,,,,,
2013-12-11,JK1105B8GDMN8X,Hitachi HDS722020ALA330,2000398934016,0,,0,,,,,,,,0,,,,,,26859,,,,,,,,,,,,,,,,,,,,,,,,,,,,,,35,,,,,,0,,,,,,,,,,,,,,,,,,,,,,,,,,,,
2013-12-11,W300BH3P,ST4000DM000,4000787030016,0,,216994528,,,,,,,,0,,,,,,4190,,,,,,,,,,,,,,,,,,,,,,,,,,,,,,26,,,,,,0,,,,,,,,,,,,,,,,,,,,,,,,,,,,
2013-12-11,W300BH3J,ST4000DM000,4000787030016,0,,69020584,,,,,,,,0,,,,,,4190,,,,,,,,,,,,,,,,,,,,,,,,,,,,,,23,,,,,,0,,,,,,,,,,,,,,,,,,,,,,,,,,,,
2013-12-11,9VS3GXKK,ST31500341AS,1500301910016,0,,27900447,,,,,,,,161,,,,,,32908,,,,,,,,,,,,,,,,,,,,,,,,,,,,,,22,,,,,,0,,,,,,,,,,,,,,,,,,,,,,,,,,,,
2013-12-11,MJ1311YNG6VVTA,Hitachi HDS5C3030ALA630,3000592982016,0,,0,,,,,,,,0,,,,,,14598,,,,,,,,,,,,,,,,,,,,,,,,,,,,,,29,,,,,,0,,,,,,,,,,,,,,,,,,,,,,,,,,,,
2013-12-11,W1F0X6KZ,ST3000DM001,3000592982016,0,,16095888,,,,,,,,0,,,,,,10741,,,,,,,,,,,,,,,,,,,,,,,,,,,,,,23,,,,,,0,,,,,,,,,,,,,,,,,,,,,,,,,,,,
2013-12-11,W1F0X6KP,ST3000DM001,3000592982016,0,,57648512,,,,,,,,0,,,,,,11020,,,,,,,,,,,,,,,,,,,,,,,,,,,,,,24,,,,,,0,,,,,,,,,,,,,,,,,,,,,,,,,,,,
2013-12-11,JK11A8B9J8TEMF,Hitachi HDS722020ALA330,2000398934016,0,,0,,,,,,,,0,,,,,,24983,,,,,,,,,,,,,,,,,,,,,,,,,,,,,,24,,,,,,0,,,,,,,,,,,,,,,,,,,,,,,,,,,,
2013-12-11,W1F0X6KV,ST3000DM001,3000592982016,0,,5847512,,,,,,,,0,,,,,,10836,,,,,,,,,,,,,,,,,,,,,,,,,,,,,,24,,,,,,8,,,,,,,,,,,,,,,,,,,,,,,,,,,,
2013-12-11,9VS26M1E,ST31500341AS,1500301910016,0,,203714538,,,,,,,,1,,,,,,38492,,,,,,,,,,,,,,,,,,,,,,,,,,,,,,24,,,,,,0,,,,,,,,,,,,,,,,,,,,,,,,,,,,
2013-12-11,MJ0351YNGABXAA,Hitachi HDS5C3030ALA630,3000592982016,0,,0,,,,,,,,0,,,,,,7985,,,,,,,,,,,,,,,,,,,,,,,,,,,,,,31,,,,,,0,,,,,,,,,,,,,,,,,,,,,,,,,,,,
2013-12-11,JK11A8B9J3L5UF,Hitachi HDS722020ALA330,2000398934016,0,,0,,,,,,,,0,,,,,,23709,,,,,,,,,,,,,,,,,,,,,,,,,,,,,,29,,,,,,0,,,,,,,,,,,,,,,,,,,,,,,,,,,,
2013-12-11,S1F00N3R,ST3000DM001,3000592982016,0,,217970704,,,,,,,,30104,,,,,,15402,,,,,,,,,,,,,,,,,,,,,,,,,,,,,,22,,,,,,0,,,,,,,,,,,,,,,,,,,,,,,,,,,,
2013-12-11,W3005MD1,ST4000DM000,4000787030016,0,,237075848,,,,,,,,0,,,,,,2610,,,,,,,,,,,,,,,,,,,,,,,,,,,,,,26,,,,,,0,,,,,,,,,,,,,,,,,,,,,,,,,,,,
2013-12-11,MJ1323YNG1MGVC,Hitachi HDS5C3030ALA630,3000592982016,0,,0,,,,,,,,0,,,,,,9773,,,,,,,,,,,,,,,,,,,,,,,,,,,,,,29,,,,,,0,,,,,,,,,,,,,,,,,,,,,,,,,,,,
2013-12-11,MJ1311YNG3487A,Hitachi HDS5C3030ALA630,3000592982016,0,,0,,,,,,,,0,,,,,,19310,,,,,,,,,,,,,,,,,,,,,,,,,,,,,,25,,,,,,0,,,,,,,,,,,,,,,,,,,,,,,,,,,,
2013-12-11,MK0301YHGLELPA,Hitachi HDS723030ALA640,3000592982016,0,,0,,,,,,,,0,,,,,,16680,,,,,,,,,,,,,,,,,,,,,,,,,,,,,,25,,,,,,0,,,,,,,,,,,,,,,,,,,,,,,,,,,,
2013-12-11,MJ0351YNGA6LJA,Hitachi HDS5C3030ALA630,3000592982016,0,,0,,,,,,,,0,,,,,,8497,,,,,,,,,,,,,,,,,,,,,,,,,,,,,,26,,,,,,0,,,,,,,,,,,,,,,,,,,,,,,,,,,,
2013-12-11,JK11A8B9J900KF,Hitachi HDS722020ALA330,2000398934016,0,,65536,,,,,,,,0,,,,,,24983,,,,,,,,,,,,,,,,,,,,,,,,,,,,,,27,,,,,,0,,,,,,,,,,,,,,,,,,,,,,,,,,,,
2013-12-11,WD-WCAWZ0804924,WDC WD30EZRX,3000592982016,0,,0,,,,,,,,0,,,,,,16985,,,,,,,,,,,,,,,,,,,,,,,,,,,,,,23,,,,,,53,,,,,,,,,,,,,,,,,,,,,,,,,,,,
2013-12-11,PL1311LAG3GHSH,Hitachi HDS5C4040ALE630,4000787030016,0,,0,,,,,,,,0,,,,,,6648,,,,,,,,,,,,,,,,,,,,,,,,,,,,,,22,,,,,,0,,,,,,,,,,,,,,,,,,,,,,,,,,,,
2013-12-11,MK0311YHGM7DHA,Hitachi HDS723030ALA640,3000592982016,0,,0,,,,,,,,0,,,,,,16734,,,,,,,,,,,,,,,,,,,,,,,,,,,,,,26,,,,,,0,,,,,,,,,,,,,,,,,,,,,,,,,,,,
2013-12-11,S1F02ELX,ST3000DM001,3000592982016,0,,181980224,,,,,,,,0,,,,,,15591,,,,,,,,,,,,,,,,,,,,,,,,,,,,,,23,,,,,,0,,,,,,,,,,,,,,,,,,,,,,,,,,,,
2013-12-11,6XW00L5F,ST31500541AS,1500301910016,0,,182425036,,,,,,,,0,,,,,,35758,,,,,,,,,,,,,,,,,,,,,,,,,,,,,,24,,,,,,0,,,,,,,,,,,,,,,,,,,,,,,,,,,,
2013-12-11,6XW00KM4,ST31500541AS,1500301910016,0,,125220548,,,,,,,,0,,,,,,36063,,,,,,,,,,,,,,,,,,,,,,,,,,,,,,21,,,,,,0,,,,,,,,,,,,,,,,,,,,,,,,,,,,
2013-12-11,Z300E3FN,ST4000DM000,4000787030016,0,,17500560,,,,,,,,0,,,,,,2216,,,,,,,,,,,,,,,,,,,,,,,,,,,,,,21,,,,,,0,,,,,,,,,,,,,,,,,,,,,,,,,,,,
2013-12-11,PL2311LAG1R9PC,Hitachi HDS5C4040ALE630,4000787030016,0,,0,,,,,,,,0,,,,,,7419,,,,,,,,,,,,,,,,,,,,,,,,,,,,,,19,,,,,,0,,,,,,,,,,,,,,,,,,,,,,,,,,,,
2013-12-11,JK11A8B9J7G1UF,Hitachi HDS722020ALA330,2000398934016,0,,0,,,,,,,,0,,,,,,24468,,,,,,,,,,,,,,,,,,,,,,,,,,,,,,24,,,,,,0,,,,,,,,,,,,,,,,,,,,,,,,,,,,
2013-12-11,W300BH32,ST4000DM000,4000787030016,0,,168477112,,,,,,,,0,,,,,,4189,,,,,,,,,,,,,,,,,,,,,,,,,,,,,,26,,,,,,0,,,,,,,,,,,,,,,,,,,,,,,,,,,,
2013-12-11,Z290W1GJ,ST33000651AS,3000592982016,0,,179227432,,,,,,,,0,,,,,,15603,,,,,,,,,,,,,,,,,,,,,,,,,,,,,,25,,,,,,0,,,,,,,,,,,,,,,,,,,,,,,,,,,,
2013-12-11,W1F0VZET,ST3000DM001,3000592982016,0,,187711328,,,,,,,,384,,,,,,10738,,,,,,,,,,,,,,,,,,,,,,,,,,,,,,24,,,,,,0,,,,,,,,,,,,,,,,,,,,,,,,,,,,
2013-12-11,JK1101B9KLJHMF,Hitachi HDS722020ALA330,2000398934016,0,,0,,,,,,,,0,,,,,,23125,,,,,,,,,,,,,,,,,,,,,,,,,,,,,,36,,,,,,0,,,,,,,,,,,,,,,,,,,,,,,,,,,,
2013-12-11,PL1311LAG1631A,Hitachi HDS5C4040ALE630,4000787030016,0,,0,,,,,,,,0,,,,,,7757,,,,,,,,,,,,,,,,,,,,,,,,,,,,,,26,,,,,,0,,,,,,,,,,,,,,,,,,,,,,,,,,,,
2013-12-11,PL1321LAG347TH,Hitachi HDS5C4040ALE630,4000787030016,0,,0,,,,,,,,0,,,,,,6652,,,,,,,,,,,,,,,,,,,,,,,,,,,,,,26,,,,,,0,,,,,,,,,,,,,,,,,,,,,,,,,,,,
2013-12-11,JK11A8B9J6LU8F,Hitachi HDS722020ALA330,2000398934016,0,,0,,,,,,,,0,,,,,,22696,,,,,,,,,,,,,,,,,,,,,,,,,,,,,,23,,,,,,0,,,,,,,,,,,,,,,,,,,,,,,,,,,,
2013-12-11,WD-WCAWZ1160046,WDC WD30EZRX,3000592982016,0,,66067,,,,,,,,4,,,,,,17447,,,,,,,,,,,,,,,,,,,,,,,,,,,,,,20,,,,,,1104,,,,,,,,,,,,,,,,,,,,,,,,,,,,
2013-12-11,W300C92S,ST4000DM000,4000787030016,0,,33675832,,,,,,,,0,,,,,,4160,,,,,,,,,,,,,,,,,,,,,,,,,,,,,,24,,,,,,0,,,,,,,,,,,,,,,,,,,,,,,,,,,,
2013-12-11,JK11A8B9JJS1SF,Hitachi HDS722020ALA330,2000398934016,0,,0,,,,,,,,0,,,,,,24112,,,,,,,,,,,,,,,,,,,,,,,,,,,,,,29,,,,,,0,,,,,,,,,,,,,,,,,,,,,,,,,,,,
2013-12-11,JK11A8B9HK7EUF,Hitachi HDS722020ALA330,2000398934016,0,,65536,,,,,,,,0,,,,,,23544,,,,,,,,,,,,,,,,,,,,,,,,,,,,,,39,,,,,,0,,,,,,,,,,,,,,,,,,,,,,,,,,,,
2013-12-11,MJ0351YNG9W5XA,Hitachi HDS5C3030ALA630,3000592982016,0,,0,,,,,,,,0,,,,,,9906,,,,,,,,,,,,,,,,,,,,,,,,,,,,,,26,,,,,,0,,,,,,,,,,,,,,,,,,,,,,,,,,,,
2013-12-11,9VS1K1PN,ST31500341AS,1500301910016,0,,242526855,,,,,,,,0,,,,,,40409,,,,,,,,,,,,,,,,,,,,,,,,,,,,,,26,,,,,,0,,,,,,,,,,,,,,,,,,,,,,,,,,,,
2013-12-11,W1F0WNJG,ST3000DM001,3000592982016,0,,108711736,,,,,,,,0,,,,,,10719,,,,,,,,,,,,,,,,,,,,,,,,,,,,,,27,,,,,,0,,,,,,,,,,,,,,,,,,,,,,,,,,,,
2013-12-11,JK1101B9KNM5NF,Hitachi HDS722020ALA330,2000398934016,0,,0,,,,,,,,0,,,,,,23097,,,,,,,,,,,,,,,,,,,,,,,,,,,,,,26,,,,,,0,,,,,,,,,,,,,,,,,,,,,,,,,,,,
2013-12-11,MJ0351YNGA02SA,Hitachi HDS5C3030ALA630,3000592982016,0,,0,,,,,,,,0,,,,,,9941,,,,,,,,,,,,,,,,,,,,,,,,,,,,,,27,,,,,,0,,,,,,,,,,,,,,,,,,,,,,,,,,,,
2013-12-11,6XW01GMJ,ST31500541AS,1500301910016,0,,127227296,,,,,,,,0,,,,,,36954,,,,,,,,,,,,,,,,,,,,,,,,,,,,,,23,,,,,,0,,,,,,,,,,,,,,,,,,,,,,,,,,,,
2013-12-11,W1F0VZE9,ST3000DM001,3000592982016,0,,103546592,,,,,,,,0,,,,,,10837,,,,,,,,,,,,,,,,,,,,,,,,,,,,,,28,,,,,,0,,,,,,,,,,,,,,,,,,,,,,,,,,,,
2013-12-11,9VS2B6RJ,ST31500341AS,1500301910016,0,,15548636,,,,,,,,1,,,,,,38101,,,,,,,,,,,,,,,,,,,,,,,,,,,,,,21,,,,,,0,,,,,,,,,,,,,,,,,,,,,,,,,,,,
2013-12-11,JK11A8B9J7DYZF,Hitachi HDS722020ALA330,2000398934016,0,,0,,,,,,,,0,,,,,,24544,,,,,,,,,,,,,,,,,,,,,,,,,,,,,,30,,,,,,0,,,,,,,,,,,,,,,,,,,,,,,,,,,,
2013-12-11,S1F01553,ST3000DM001,3000592982016,0,,207828480,,,,,,,,0,,,,,,15346,,,,,,,,,,,,,,,,,,,,,,,,,,,,,,24,,,,,,0,,,,,,,,,,,,,,,,,,,,,,,,,,,,
2013-12-11,MJ1311YNG756YA,Hitachi HDS5C3030ALA630,3000592982016,0,,0,,,,,,,,0,,,,,,14289,,,,,,,,,,,,,,,,,,,,,,,,,,,,,,27,,,,,,0,,,,,,,,,,,,,,,,,,,,,,,,,,,,
2013-12-11,W1F1C0R9,ST3000DM001,3000592982016,0,,135451944,,,,,,,,0,,,,,,8650,,,,,,,,,,,,,,,,,,,,,,,,,,,,,,25,,,,,,0,,,,,,,,,,,,,,,,,,,,,,,,,,,,
2013-12-11,MJ0351YNG9REZA,Hitachi HDS5C3030ALA630,3000592982016,0,,0,,,,,,,,0,,,,,,9553,,,,,,,,,,,,,,,,,,,,,,,,,,,,,,31,,,,,,0,,,,,,,,,,,,,,,,,,,,,,,,,,,,
2013-12-11,Z300NPXW,ST4000DM000,4000787030016,0,,85315032,,,,,,,,0,,,,,,1229,,,,,,,,,,,,,,,,,,,,,,,,,,,,,,22,,,,,,0,,,,,,,,,,,,,,,,,,,,,,,,,,,,
2013-12-11,MJ1311YNG715XA,Hitachi HDS5C3030ALA630,3000592982016,0,,0,,,,,,,,0,,,,,,14574,,,,,,,,,,,,,,,,,,,,,,,,,,,,,,23,,,,,,0,,,,,,,,,,,,,,,,,,,,,,,,,,,,
2013-12-11,Z300MPYQ,ST4000DM000,4000787030016,0,,27756224,,,,,,,,0,,,,,,2921,,,,,,,,,,,,,,,,,,,,,,,,,,,,,,21,,,,,,0,,,,,,,,,,,,,,,,,,,,,,,,,,,,
2013-12-11,Z1Z046YN,ST4000DX000,4000787030016,0,,99354344,,,,,,,,0,,,,,,5379,,,,,,,,,,,,,,,,,,,,,,,,,,,,,,26,,,,,,0,,,,,,,,,,,,,,,,,,,,,,,,,,,,
2013-12-11,Z252A47AS,TOSHIBA DT01ACA300,3000592982016,0,,0,,,,,,,,0,,,,,,6612,,,,,,,,,,,,,,,,,,,,,,,,,,,,,,26,,,,,,0,,,,,,,,,,,,,,,,,,,,,,,,,,,,
2013-12-11,Z300MPYW,ST4000DM000,4000787030016,0,,63855344,,,,,,,,0,,,,,,2880,,,,,,,,,,,,,,,,,,,,,,,,,,,,,,22,,,,,,0,,,,,,,,,,,,,,,,,,,,,,,,,,,,
2013-12-11,W3005P6C,ST4000DM000,4000787030016,0,,38810032,,,,,,,,0,,,,,,2875,,,,,,,,,,,,,,,,,,,,,,,,,,,,,,22,,,,,,0,,,,,,,,,,,,,,,,,,,,,,,,,,,,
2013-12-11,9VS2AVJW,ST31500341AS,1500301910016,0,,84611626,,,,,,,,2,,,,,,38101,,,,,,,,,,,,,,,,,,,,,,,,,,,,,,22,,,,,,0,,,,,,,,,,,,,,,,,,,,,,,,,,,,
2013-12-11,MJ1323YNG16KZC,Hitachi HDS5C3030ALA630,3000592982016,0,,0,,,,,,,,0,,,,,,20509,,,,,,,,,,,,,,,,,,,,,,,,,,,,,,22,,,,,,0,,,,,,,,,,,,,,,,,,,,,,,,,,,,
2013-12-11,JK1130YAHR85UT,Hitachi HDS722020ALA330,2000398934016,0,,65537,,,,,,,,0,,,,,,28845,,,,,,,,,,,,,,,,,,,,,,,,,,,,,,27,,,,,,0,,,,,,,,,,,,,,,,,,,,,,,,,,,,
2013-12-11,W30069F1,ST4000DM000,4000787030016,0,,105008392,,,,,,,,0,,,,,,2902,,,,,,,,,,,,,,,,,,,,,,,,,,,,,,29,,,,,,0,,,,,,,,,,,,,,,,,,,,,,,,,,,,
2013-12-11,MJ1323YNG1TKVC,Hitachi HDS5C3030ALA630,3000592982016,0,,0,,,,,,,,0,,,,,,19372,,,,,,,,,,,,,,,,,,,,,,,,,,,,,,23,,,,,,0,,,,,,,,,,,,,,,,,,,,,,,,,,,,
2013-12-11,PL1321LAGAXSXH,Hitachi HDS5C4040ALE630,4000787030016,0,,0,,,,,,,,0,,,,,,5066,,,,,,,,,,,,,,,,,,,,,,,,,,,,,,28,,,,,,0,,,,,,,,,,,,,,,,,,,,,,,,,,,,
2013-12-11,Z300KA4V,ST4000DM000,4000787030016,0,,168956640,,,,,,,,0,,,,,,2221,,,,,,,,,,,,,,,,,,,,,,,,,,,,,,26,,,,,,0,,,,,,,,,,,,,,,,,,,,,,,,,,,,
2013-12-11,MJ0351YNG9SXZA,Hitachi HDS5C3030ALA630,3000592982016,0,,0,,,,,,,,0,,,,,,9191,,,,,,,,,,,,,,,,,,,,,,,,,,,,,,30,,,,,,0,,,,,,,,,,,,,,,,,,,,,,,,,,,,
2013-12-11,JK1171B9HLK7DT,Hitachi HDS722020ALA330,2000398934016,0,,65537,,,,,,,,0,,,,,,25667,,,,,,,,,,,,,,,,,,,,,,,,,,,,,,24,,,,,,0,,,,,,,,,,,,,,,,,,,,,,,,,,,,
2013-12-11,MK0313YHG9RXWC,Hitachi HDS723030ALA640,3000592982016,0,,0,,,,,,,,0,,,,,,16802,,,,,,,,,,,,,,,,,,,,,,,,,,,,,,27,,,,,,0,,,,,,,,,,,,,,,,,,,,,,,,,,,,
2013-12-11,W1F0WTCM,ST3000DM001,3000592982016,0,,242700416,,,,,,,,0,,,,,,10230,,,,,,,,,,,,,,,,,,,,,,,,,,,,,,26,,,,,,0,,,,,,,,,,,,,,,,,,,,,,,,,,,,
2013-12-11,S1F0524Z,ST3000DM001,3000592982016,0,,210467320,,,,,,,,0,,,,,,13869,,,,,,,,,,,,,,,,,,,,,,,,,,,,,,26,,,,,,0,,,,,,,,,,,,,,,,,,,,,,,,,,,,
2013-12-11,PL1311LAG3DJSH,Hitachi HDS5C4040ALE630,4000787030016,0,,0,,,,,,,,0,,,,,,5668,,,,,,,,,,,,,,,,,,,,,,,,,,,,,,21,,,,,,0,,,,,,,,,,,,,,,,,,,,,,,,,,,,
2013-12-11,MJ1311YNG7JM2A,Hitachi HDS5C3030ALA630,3000592982016,0,,0,,,,,,,,0,,,,,,14680,,,,,,,,,,,,,,,,,,,,,,,,,,,,,,27,,,,,,0,,,,,,,,,,,,,,,,,,,,,,,,,,,,
2013-12-11,9VS3JTLN,ST31500341AS,1500301910016,0,,37735426,,,,,,,,1649,,,,,,32911,,,,,,,,,,,,,,,,,,,,,,,,,,,,,,21,,,,,,0,,,,,,,,,,,,,,,,,,,,,,,,,,,,
2013-12-11,JK11A5B8HVD8SX,Hitachi HDS722020ALA330,2000398934016,0,,65540,,,,,,,,0,,,,,,23820,,,,,,,,,,,,,,,,,,,,,,,,,,,,,,37,,,,,,0,,,,,,,,,,,,,,,,,,,,,,,,,,,,
2013-12-11,JK11A8B9J2KWSF,Hitachi HDS722020ALA330,2000398934016,0,,0,,,,,,,,0,,,,,,23829,,,,,,,,,,,,,,,,,,,,,,,,,,,,,,25,,,,,,0,,,,,,,,,,,,,,,,,,,,,,,,,,,,
2013-12-11,JK11A8B9J0BVDF,Hitachi HDS722020ALA330,2000398934016,0,,0,,,,,,,,0,,,,,,23320,,,,,,,,,,,,,,,,,,,,,,,,,,,,,,26,,,,,,0,,,,,,,,,,,,,,,,,,,,,,,,,,,,
2013-12-11,6XW13QD0,ST31500541AS,1500301910016,0,,26056582,,,,,,,,0,,,,,,10271,,,,,,,,,,,,,,,,,,,,,,,,,,,,,,21,,,,,,0,,,,,,,,,,,,,,,,,,,,,,,,,,,,
2013-12-11,WD-WMC1T3142372,WDC WD30EFRX,3000592982016,0,,0,,,,,,,,0,,,,,,1830,,,,,,,,,,,,,,,,,,,,,,,,,,,,,,19,,,,,,0,,,,,,,,,,,,,,,,,,,,,,,,,,,,
2013-12-11,JK1104B8JNLA8W,Hitachi HDS722020ALA330,2000398934016,0,,196608,,,,,,,,16,,,,,,23122,,,,,,,,,,,,,,,,,,,,,,,,,,,,,,24,,,,,,0,,,,,,,,,,,,,,,,,,,,,,,,,,,,
2013-12-11,MJ0351YNG9TSAA,Hitachi HDS5C3030ALA630,3000592982016,0,,0,,,,,,,,0,,,,,,9525,,,,,,,,,,,,,,,,,,,,,,,,,,,,,,32,,,,,,0,,,,,,,,,,,,,,,,,,,,,,,,,,,,
2013-12-11,MJ0351YNG9ZJYA,Hitachi HDS5C3030ALA630,3000592982016,0,,0,,,,,,,,0,,,,,,9939,,,,,,,,,,,,,,,,,,,,,,,,,,,,,,23,,,,,,0,,,,,,,,,,,,,,,,,,,,,,,,,,,,
2013-12-11,JK11A8B9J20JGF,Hitachi HDS722020ALA330,2000398934016,0,,0,,,,,,,,0,,,,,,24501,,,,,,,,,,,,,,,,,,,,,,,,,,,,,,33,,,,,,0,,,,,,,,,,,,,,,,,,,,,,,,,,,,
2013-12-11,MJ0351YNG9Z9VA,Hitachi HDS5C3030ALA630,3000592982016,0,,0,,,,,,,,0,,,,,,9469,,,,,,,,,,,,,,,,,,,,,,,,,,,,,,28,,,,,,0,,,,,,,,,,,,,,,,,,,,,,,,,,,,
2013-12-11,S1F0BDT0,ST3000DM001,3000592982016,0,,149549744,,,,,,,,0,,,,,,12400,,,,,,,,,,,,,,,,,,,,,,,,,,,,,,26,,,,,,0,,,,,,,,,,,,,,,,,,,,,,,,,,,,
2013-12-11,JK1101B9JPJASF,Hitachi HDS722020ALA330,2000398934016,0,,0,,,,,,,,0,,,,,,23947,,,,,,,,,,,,,,,,,,,,,,,,,,,,,,27,,,,,,0,,,,,,,,,,,,,,,,,,,,,,,,,,,,
2013-12-11,MJ1311YNG2YVWA,Hitachi HDS5C3030ALA630,3000592982016,0,,0,,,,,,,,0,,,,,,18405,,,,,,,,,,,,,,,,,,,,,,,,,,,,,,22,,,,,,0,,,,,,,,,,,,,,,,,,,,,,,,,,,,
2013-12-11,W300D3LJ,ST4000DM000,4000787030016,0,,26338520,,,,,,,,0,,,,,,4160,,,,,,,,,,,,,,,,,,,,,,,,,,,,,,22,,,,,,0,,,,,,,,,,,,,,,,,,,,,,,,,,,,
2013-12-11,MJ1311YNG7JR3A,Hitachi HDS5C3030ALA630,3000592982016,0,,0,,,,,,,,0,,,,,,14330,,,,,,,,,,,,,,,,,,,,,,,,,,,,,,34,,,,,,0,,,,,,,,,,,,,,,,,,,,,,,,,,,,
2013-12-11,W1F0Q9B5,ST3000DM001,3000592982016,0,,218709872,,,,,,,,0,,,,,,12617,,,,,,,,,,,,,,,,,,,,,,,,,,,,,,23,,,,,,0,,,,,,,,,,,,,,,,,,,,,,,,,,,,
2013-12-11,MJ1311YNG7DD4A,Hitachi HDS5C3030ALA630,3000592982016,0,,393217,,,,,,,,0,,,,,,14680,,,,,,,,,,,,,,,,,,,,,,,,,,,,,,28,,,,,,0,,,,,,,,,,,,,,,,,,,,,,,,,,,,
2013-12-11,Z290P5ZL,ST33000651AS,3000592982016,0,,224906460,,,,,,,,0,,,,,,18074,,,,,,,,,,,,,,,,,,,,,,,,,,,,,,27,,,,,,0,,,,,,,,,,,,,,,,,,,,,,,,,,,,
2013-12-11,9VS1HVB3,ST31500341AS,1500301910016,0,,164953564,,,,,,,,2,,,,,,40406,,,,,,,,,,,,,,,,,,,,,,,,,,,,,,26,,,,,,0,,,,,,,,,,,,,,,,,,,,,,,,,,,,
2013-12-11,MK0313YHGJ4UEC,Hitachi HDS723030ALA640,3000592982016,0,,0,,,,,,,,0,,,,,,21462,,,,,,,,,,,,,,,,,,,,,,,,,,,,,,32,,,,,,0,,,,,,,,,,,,,,,,,,,,,,,,,,,,
2013-12-11,MJ1311YNG7AR7A,Hitachi HDS5C3030ALA630,3000592982016,0,,65536,,,,,,,,0,,,,,,14291,,,,,,,,,,,,,,,,,,,,,,,,,,,,,,28,,,,,,0,,,,,,,,,,,,,,,,,,,,,,,,,,,,
2013-12-11,6XW0WVE3,ST31500541AS,1500301910016,0,,166815603,,,,,,,,0,,,,,,34172,,,,,,,,,,,,,,,,,,,,,,,,,,,,,,24,,,,,,0,,,,,,,,,,,,,,,,,,,,,,,,,,,,
2013-12-11,JK1101B9KNMXEF,Hitachi HDS722020ALA330,2000398934016,0,,0,,,,,,,,0,,,,,,22862,,,,,,,,,,,,,,,,,,,,,,,,,,,,,,28,,,,,,0,,,,,,,,,,,,,,,,,,,,,,,,,,,,
2013-12-11,MJ1311YNG7KT3A,Hitachi HDS5C3030ALA630,3000592982016,0,,0,,,,,,,,0,,,,,,14291,,,,,,,,,,,,,,,,,,,,,,,,,,,,,,26,,,,,,0,,,,,,,,,,,,,,,,,,,,,,,,,,,,
2013-12-11,S1F0S66N,ST3000DM001,3000592982016,0,,11963352,,,,,,,,0,,,,,,10720,,,,,,,,,,,,,,,,,,,,,,,,,,,,,,24,,,,,,0,,,,,,,,,,,,,,,,,,,,,,,,,,,,
2013-12-11,MJ1311YNG3E2XA,Hitachi HDS5C3030ALA630,3000592982016,0,,0,,,,,,,,0,,,,,,19310,,,,,,,,,,,,,,,,,,,,,,,,,,,,,,24,,,,,,0,,,,,,,,,,,,,,,,,,,,,,,,,,,,
2013-12-11,S1F0S66K,ST3000DM001,3000592982016,0,,104771336,,,,,,,,0,,,,,,10837,,,,,,,,,,,,,,,,,,,,,,,,,,,,,,29,,,,,,0,,,,,,,,,,,,,,,,,,,,,,,,,,,,
2013-12-11,MJ0351YNG9US1A,Hitachi HDS5C3030ALA630,3000592982016,0,,0,,,,,,,,0,,,,,,9525,,,,,,,,,,,,,,,,,,,,,,,,,,,,,,32,,,,,,0,,,,,,,,,,,,,,,,,,,,,,,,,,,,
2013-12-11,W1F0KAX2,ST3000DM001,3000592982016,0,,244050824,,,,,,,,0,,,,,,12024,,,,,,,,,,,,,,,,,,,,,,,,,,,,,,32,,,,,,0,,,,,,,,,,,,,,,,,,,,,,,,,,,,
2013-12-11,S1F0S66R,ST3000DM001,3000592982016,0,,228624536,,,,,,,,0,,,,,,10727,,,,,,,,,,,,,,,,,,,,,,,,,,,,,,24,,,,,,0,,,,,,,,,,,,,,,,,,,,,,,,,,,,
2013-12-11,PL2311LAG1W5HC,Hitachi HDS5C4040ALE630,4000787030016,0,,0,,,,,,,,0,,,,,,7756,,,,,,,,,,,,,,,,,,,,,,,,,,,,,,26,,,,,,0,,,,,,,,,,,,,,,,,,,,,,,,,,,,
2013-12-11,JK1101YAK6URMV,Hitachi HDS722020ALA330,2000398934016,0,,131076,,,,,,,,10,,,,,,29210,,,,,,,,,,,,,,,,,,,,,,,,,,,,,,33,,,,,,0,,,,,,,,,,,,,,,,,,,,,,,,,,,,
2013-12-11,W300AE18,ST4000DM000,4000787030016,0,,53654864,,,,,,,,48,,,,,,4187,,,,,,,,,,,,,,,,,,,,,,,,,,,,,,30,,,,,,0,,,,,,,,,,,,,,,,,,,,,,,,,,,,
2013-12-11,WD-WCAV5V407327,WDC WD10EADX,1000204886016,0,,0,,,,,,,,0,,,,,,8519,,,,,,,,,,,,,,,,,,,,,,,,,,,,,,29,,,,,,0,,,,,,,,,,,,,,,,,,,,,,,,,,,,
2013-12-11,MJ0351YNG9YK1A,Hitachi HDS5C3030ALA630,3000592982016,0,,0,,,,,,,,0,,,,,,9719,,,,,,,,,,,,,,,,,,,,,,,,,,,,,,31,,,,,,0,,,,,,,,,,,,,,,,,,,,,,,,,,,,
2013-12-11,MJ1311YNG0VBZA,Hitachi HDS5C3030ALA630,3000592982016,0,,0,,,,,,,,0,,,,,,18361,,,,,,,,,,,,,,,,,,,,,,,,,,,,,,21,,,,,,0,,,,,,,,,,,,,,,,,,,,,,,,,,,,
2013-12-11,PL1311LAG2EBYH,Hitachi HDS5C4040ALE630,4000787030016,0,,0,,,,,,,,0,,,,,,7412,,,,,,,,,,,,,,,,,,,,,,,,,,,,,,22,,,,,,0,,,,,,,,,,,,,,,,,,,,,,,,,,,,
2013-12-11,Z300C8GW,ST4000DM000,4000787030016,0,,189010312,,,,,,,,0,,,,,,1331,,,,,,,,,,,,,,,,,,,,,,,,,,,,,,19,,,,,,0,,,,,,,,,,,,,,,,,,,,,,,,,,,,
2013-12-11,PL1311LAG2AN0H,Hitachi HDS5C4040ALE630,4000787030016,0,,0,,,,,,,,0,,,,,,7402,,,,,,,,,,,,,,,,,,,,,,,,,,,,,,23,,,,,,0,,,,,,,,,,,,,,,,,,,,,,,,,,,,
2013-12-11,MJ0351YNG9U7ZA,Hitachi HDS5C3030ALA630,3000592982016,0,,0,,,,,,,,0,,,,,,9469,,,,,,,,,,,,,,,,,,,,,,,,,,,,,,25,,,,,,0,,,,,,,,,,,,,,,,,,,,,,,,,,,,
2013-12-11,MJ0351YNGA3ZMA,Hitachi HDS5C3030ALA630,3000592982016,0,,0,,,,,,,,0,,,,,,9312,,,,,,,,,,,,,,,,,,,,,,,,,,,,,,30,,,,,,0,,,,,,,,,,,,,,,,,,,,,,,,,,,,
2013-12-11,W300J637,ST4000DM000,4000787030016,0,,474360,,,,,,,,0,,,,,,2240,,,,,,,,,,,,,,,,,,,,,,,,,,,,,,20,,,,,,0,,,,,,,,,,,,,,,,,,,,,,,,,,,,
2013-12-11,W300J636,ST4000DM000,4000787030016,0,,62778008,,,,,,,,0,,,,,,2224,,,,,,,,,,,,,,,,,,,,,,,,,,,,,,26,,,,,,0,,,,,,,,,,,,,,,,,,,,,,,,,,,,
2013-12-11,MJ1311YNG35L9A,Hitachi HDS5C3030ALA630,3000592982016,0,,0,,,,,,,,0,,,,,,19253,,,,,,,,,,,,,,,,,,,,,,,,,,,,,,27,,,,,,0,,,,,,,,,,,,,,,,,,,,,,,,,,,,
2013-12-11,Z1Z02W1K,ST4000DX000,4000787030016,0,,223498696,,,,,,,,0,,,,,,7131,,,,,,,,,,,,,,,,,,,,,,,,,,,,,,38,,,,,,0,,,,,,,,,,,,,,,,,,,,,,,,,,,,
2013-12-11,MJ1311YNG7G8NA,Hitachi HDS5C3030ALA630,3000592982016,0,,0,,,,,,,,0,,,,,,14310,,,,,,,,,,,,,,,,,,,,,,,,,,,,,,23,,,,,,0,,,,,,,,,,,,,,,,,,,,,,,,,,,,
2013-12-11,JK11A8B9J7GN9F,Hitachi HDS722020ALA330,2000398934016,0,,0,,,,,,,,0,,,,,,24629,,,,,,,,,,,,,,,,,,,,,,,,,,,,,,31,,,,,,0,,,,,,,,,,,,,,,,,,,,,,,,,,,,
2013-12-11,W300J63Q,ST4000DM000,4000787030016,0,,100264864,,,,,,,,0,,,,,,2240,,,,,,,,,,,,,,,,,,,,,,,,,,,,,,17,,,,,,0,,,,,,,,,,,,,,,,,,,,,,,,,,,,
2013-12-11,W30061R1,ST4000DM000,4000787030016,0,,127136800,,,,,,,,0,,,,,,2922,,,,,,,,,,,,,,,,,,,,,,,,,,,,,,19,,,,,,0,,,,,,,,,,,,,,,,,,,,,,,,,,,,
2013-12-11,JK11A8B9GP36UF,Hitachi HDS722020ALA330,2000398934016,0,,1,,,,,,,,0,,,,,,26479,,,,,,,,,,,,,,,,,,,,,,,,,,,,,,28,,,,,,0,,,,,,,,,,,,,,,,,,,,,,,,,,,,
2013-12-11,JK11A8B9J7WEKF,Hitachi HDS722020ALA330,2000398934016,0,,0,,,,,,,,0,,,,,,24544,,,,,,,,,,,,,,,,,,,,,,,,,,,,,,30,,,,,,0,,,,,,,,,,,,,,,,,,,,,,,,,,,,
2013-12-11,JK11A8B9JPX3XF,Hitachi HDS722020ALA330,2000398934016,0,,0,,,,,,,,0,,,,,,24112,,,,,,,,,,,,,,,,,,,,,,,,,,,,,,28,,,,,,0,,,,,,,,,,,,,,,,,,,,,,,,,,,,
2013-12-11,PL1321LAGAW69H,Hitachi HDS5C4040ALE630,4000787030016,0,,0,,,,,,,,0,,,,,,5075,,,,,,,,,,,,,,,,,,,,,,,,,,,,,,26,,,,,,0,,,,,,,,,,,,,,,,,,,,,,,,,,,,
2013-12-11,W300F19N,ST4000DM000,4000787030016,0,,102968352,,,,,,,,0,,,,,,2224,,,,,,,,,,,,,,,,,,,,,,,,,,,,,,25,,,,,,0,,,,,,,,,,,,,,,,,,,,,,,,,,,,
2013-12-11,Z1F0LTAV,ST3000DM001,3000592982016,0,,55437624,,,,,,,,0,,,,,,11755,,,,,,,,,,,,,,,,,,,,,,,,,,,,,,27,,,,,,0,,,,,,,,,,,,,,,,,,,,,,,,,,,,
2013-12-11,MJ1311YNG5LWXA,Hitachi HDS5C3030ALA630,3000592982016,0,,0,,,,,,,,0,,,,,,14330,,,,,,,,,,,,,,,,,,,,,,,,,,,,,,35,,,,,,0,,,,,,,,,,,,,,,,,,,,,,,,,,,,
2013-12-11,JK11A8B9J85PGF,Hitachi HDS722020ALA330,2000398934016,0,,0,,,,,,,,0,,,,,,25583,,,,,,,,,,,,,,,,,,,,,,,,,,,,,,24,,,,,,0,,,,,,,,,,,,,,,,,,,,,,,,,,,,
2013-12-11,MJ1311YNG72U1A,Hitachi HDS5C3030ALA630,3000592982016,0,,0,,,,,,,,0,,,,,,14620,,,,,,,,,,,,,,,,,,,,,,,,,,,,,,25,,,,,,0,,,,,,,,,,,,,,,,,,,,,,,,,,,,
2013-12-11,JK1181YAH12PHV,Hitachi HDS722020ALA330,2000398934016,0,,0,,,,,,,,0,,,,,,21101,,,,,,,,,,,,,,,,,,,,,,,,,,,,,,27,,,,,,0,,,,,,,,,,,,,,,,,,,,,,,,,,,,
2013-12-11,Z1F0LTAL,ST3000DM001,3000592982016,0,,53864344,,,,,,,,0,,,,,,10940,,,,,,,,,,,,,,,,,,,,,,,,,,,,,,24,,,,,,0,,,,,,,,,,,,,,,,,,,,,,,,,,,,
2013-12-11,MK0333YHGPE99C,Hitachi HDS723030ALA640,3000592982016,0,,0,,,,,,,,0,,,,,,17355,,,,,,,,,,,,,,,,,,,,,,,,,,,,,,26,,,,,,0,,,,,,,,,,,,,,,,,,,,,,,,,,,,
2013-12-11,JK11A8B9HVR2TF,Hitachi HDS722020ALA330,2000398934016,0,,0,,,,,,,,0,,,,,,24970,,,,,,,,,,,,,,,,,,,,,,,,,,,,,,28,,,,,,0,,,,,,,,,,,,,,,,,,,,,,,,,,,,
2013-12-11,Z300CMXT,ST4000DM000,4000787030016,0,,154803024,,,,,,,,0,,,,,,2243,,,,,,,,,,,,,,,,,,,,,,,,,,,,,,22,,,,,,0,,,,,,,,,,,,,,,,,,,,,,,,,,,,
2013-12-11,JK11A1YAJH5EVV,Hitachi HDS722020ALA330,2000398934016,0,,589834,,,,,,,,0,,,,,,28852,,,,,,,,,,,,,,,,,,,,,,,,,,,,,,29,,,,,,0,,,,,,,,,,,,,,,,,,,,,,,,,,,,
2013-12-11,PL1311LAG3ASZH,Hitachi HDS5C4040ALE630,4000787030016,0,,0,,,,,,,,0,,,,,,6655,,,,,,,,,,,,,,,,,,,,,,,,,,,,,,21,,,,,,0,,,,,,,,,,,,,,,,,,,,,,,,,,,,
2013-12-11,MJ1323YNG18ABC,Hitachi HDS5C3030ALA630,3000592982016,0,,0,,,,,,,,0,,,,,,20509,,,,,,,,,,,,,,,,,,,,,,,,,,,,,,22,,,,,,0,,,,,,,,,,,,,,,,,,,,,,,,,,,,
2013-12-11,JK11A8B9J3KE6F,Hitachi HDS722020ALA330,2000398934016,0,,0,,,,,,,,0,,,,,,24112,,,,,,,,,,,,,,,,,,,,,,,,,,,,,,25,,,,,,0,,,,,,,,,,,,,,,,,,,,,,,,,,,,
2013-12-11,MJ0351YNG9PLEA,Hitachi HDS5C3030ALA630,3000592982016,0,,0,,,,,,,,0,,,,,,9525,,,,,,,,,,,,,,,,,,,,,,,,,,,,,,35,,,,,,0,,,,,,,,,,,,,,,,,,,,,,,,,,,,
2013-12-11,MK0311YHGHY8VA,Hitachi HDS723030ALA640,3000592982016,0,,0,,,,,,,,0,,,,,,14732,,,,,,,,,,,,,,,,,,,,,,,,,,,,,,29,,,,,,0,,,,,,,,,,,,,,,,,,,,,,,,,,,,
2013-12-11,W300CJVY,ST4000DM000,4000787030016,0,,30942360,,,,,,,,0,,,,,,1331,,,,,,,,,,,,,,,,,,,,,,,,,,,,,,22,,,,,,0,,,,,,,,,,,,,,,,,,,,,,,,,,,,
2013-12-11,MJ0351YNGA3H7A,Hitachi HDS5C3030ALA630,3000592982016,0,,0,,,,,,,,0,,,,,,9132,,,,,,,,,,,,,,,,,,,,,,,,,,,,,,28,,,,,,0,,,,,,,,,,,,,,,,,,,,,,,,,,,,
2013-12-11,JK1171YAK2056N,Hitachi HDS722020ALA330,2000398934016,0,,983068,,,,,,,,0,,,,,,29915,,,,,,,,,,,,,,,,,,,,,,,,,,,,,,24,,,,,,0,,,,,,,,,,,,,,,,,,,,,,,,,,,,
2013-12-11,9VS1Z677,ST31500341AS,1500301910016,0,,234699038,,,,,,,,1,,,,,,38953,,,,,,,,,,,,,,,,,,,,,,,,,,,,,,22,,,,,,0,,,,,,,,,,,,,,,,,,,,,,,,,,,,
2013-12-11,PL1321LAGABH3H,Hitachi HDS5C4040ALE630,4000787030016,0,,0,,,,,,,,0,,,,,,5064,,,,,,,,,,,,,,,,,,,,,,,,,,,,,,30,,,,,,0,,,,,,,,,,,,,,,,,,,,,,,,,,,,
2013-12-11,JK11A4B8JR6RUW,Hitachi HDS722020ALA330,2000398934016,0,,0,,,,,,,,0,,,,,,23820,,,,,,,,,,,,,,,,,,,,,,,,,,,,,,24,,,,,,0,,,,,,,,,,,,,,,,,,,,,,,,,,,,
2013-12-11,Z300W3Q6,ST4000DM000,4000787030016,0,,2552944,,,,,,,,0,,,,,,772,,,,,,,,,,,,,,,,,,,,,,,,,,,,,,21,,,,,,0,,,,,,,,,,,,,,,,,,,,,,,,,,,,
2013-12-11,PL2311LAG1PJJC,Hitachi HDS5C4040ALE630,4000787030016,0,,0,,,,,,,,0,,,,,,2676,,,,,,,,,,,,,,,,,,,,,,,,,,,,,,26,,,,,,0,,,,,,,,,,,,,,,,,,,,,,,,,,,,
2013-12-11,JK11A8B9J3BJMF,Hitachi HDS722020ALA330,2000398934016,0,,0,,,,,,,,0,,,,,,23991,,,,,,,,,,,,,,,,,,,,,,,,,,,,,,24,,,,,,0,,,,,,,,,,,,,,,,,,,,,,,,,,,,
2013-12-11,S1F06WP4,ST3000DM001,3000592982016,0,,230393024,,,,,,,,0,,,,,,14233,,,,,,,,,,,,,,,,,,,,,,,,,,,,,,23,,,,,,0,,,,,,,,,,,,,,,,,,,,,,,,,,,,
2013-12-11,PL1311LAG35B9H,Hitachi HDS5C4040ALE630,4000787030016,0,,0,,,,,,,,0,,,,,,6617,,,,,,,,,,,,,,,,,,,,,,,,,,,,,,25,,,,,,0,,,,,,,,,,,,,,,,,,,,,,,,,,,,
2013-12-11,MK0303YHGLLHDC,Hitachi HDS723030ALA640,3000592982016,0,,0,,,,,,,,0,,,,,,16661,,,,,,,,,,,,,,,,,,,,,,,,,,,,,,27,,,,,,0,,,,,,,,,,,,,,,,,,,,,,,,,,,,
2013-12-11,Z300PMMB,ST4000DM000,4000787030016,0,,23471424,,,,,,,,0,,,,,,1114,,,,,,,,,,,,,,,,,,,,,,,,,,,,,,29,,,,,,0,,,,,,,,,,,,,,,,,,,,,,,,,,,,
2013-12-11,MJ1321YNG0BJ1A,Hitachi HDS5C3030ALA630,3000592982016,0,,0,,,,,,,,0,,,,,,20498,,,,,,,,,,,,,,,,,,,,,,,,,,,,,,29,,,,,,0,,,,,,,,,,,,,,,,,,,,,,,,,,,,
2013-12-11,9VS1JXN1,ST31500341AS,1500301910016,0,,162320874,,,,,,,,7,,,,,,18385,,,,,,,,,,,,,,,,,,,,,,,,,,,,,,26,,,,,,0,,,,,,,,,,,,,,,,,,,,,,,,,,,,
2013-12-11,9VS1H2Q8,ST31500341AS,1500301910016,0,,69793731,,,,,,,,29,,,,,,40409,,,,,,,,,,,,,,,,,,,,,,,,,,,,,,26,,,,,,0,,,,,,,,,,,,,,,,,,,,,,,,,,,,
2013-12-11,6XW03ARX,ST31500541AS,1500301910016,0,,113103222,,,,,,,,0,,,,,,37284,,,,,,,,,,,,,,,,,,,,,,,,,,,,,,29,,,,,,0,,,,,,,,,,,,,,,,,,,,,,,,,,,,
2013-12-11,Z300XGBB,ST4000DM000,4000787030016,0,,66271688,,,,,,,,0,,,,,,923,,,,,,,,,,,,,,,,,,,,,,,,,,,,,,25,,,,,,0,,,,,,,,,,,,,,,,,,,,,,,,,,,,
2013-12-11,Z1Z054CD,ST4000DX000,4000787030016,0,,103350158,,,,,,,,0,,,,,,5077,,,,,,,,,,,,,,,,,,,,,,,,,,,,,,31,,,,,,0,,,,,,,,,,,,,,,,,,,,,,,,,,,,
2013-12-11,6XW03ARP,ST31500541AS,1500301910016,0,,191630835,,,,,,,,0,,,,,,36911,,,,,,,,,,,,,,,,,,,,,,,,,,,,,,20,,,,,,0,,,,,,,,,,,,,,,,,,,,,,,,,,,,
2013-12-11,JK1100B9G6R68D,Hitachi HDS722020ALA330,2000398934016,0,,65541,,,,,,,,0,,,,,,27487,,,,,,,,,,,,,,,,,,,,,,,,,,,,,,26,,,,,,0,,,,,,,,,,,,,,,,,,,,,,,,,,,,
2013-12-11,JK1101B9G8A65F,Hitachi HDS722020ALA330,2000398934016,0,,0,,,,,,,,14,,,,,,26838,,,,,,,,,,,,,,,,,,,,,,,,,,,,,,29,,,,,,0,,,,,,,,,,,,,,,,,,,,,,,,,,,,
2013-12-11,MJ1311YNG7LNJA,Hitachi HDS5C3030ALA630,3000592982016,0,,0,,,,,,,,0,,,,,,14600,,,,,,,,,,,,,,,,,,,,,,,,,,,,,,24,,,,,,0,,,,,,,,,,,,,,,,,,,,,,,,,,,,
2013-12-11,JK11A8B9HSYN1F,Hitachi HDS722020ALA330,2000398934016,0,,0,,,,,,,,0,,,,,,26144,,,,,,,,,,,,,,,,,,,,,,,,,,,,,,29,,,,,,0,,,,,,,,,,,,,,,,,,,,,,,,,,,,
2013-12-11,PL2321LAGASNGJ,Hitachi HDS5C4040ALE630,4000787030016,0,,0,,,,,,,,0,,,,,,5429,,,,,,,,,,,,,,,,,,,,,,,,,,,,,,23,,,,,,0,,,,,,,,,,,,,,,,,,,,,,,,,,,,
2013-12-11,6XW03HX7,ST31500541AS,1500301910016,0,,10274055,,,,,,,,0,,,,,,37172,,,,,,,,,,,,,,,,,,,,,,,,,,,,,,22,,,,,,0,,,,,,,,,,,,,,,,,,,,,,,,,,,,
2013-12-11,Z3001Y9R,ST4000DM000,4000787030016,0,,239575376,,,,,,,,0,,,,,,5417,,,,,,,,,,,,,,,,,,,,,,,,,,,,,,24,,,,,,0,,,,,,,,,,,,,,,,,,,,,,,,,,,,
2013-12-11,S1F0RRDW,ST3000DM001,3000592982016,0,,96571360,,,,,,,,0,,,,,,10727,,,,,,,,,,,,,,,,,,,,,,,,,,,,,,22,,,,,,0,,,,,,,,,,,,,,,,,,,,,,,,,,,,
2013-12-11,JK11A8B9GNLAKF,Hitachi HDS722020ALA330,2000398934016,0,,0,,,,,,,,0,,,,,,26493,,,,,,,,,,,,,,,,,,,,,,,,,,,,,,27,,,,,,0,,,,,,,,,,,,,,,,,,,,,,,,,,,,
2013-12-11,6XW03GHV,ST31500541AS,1500301910016,0,,165868408,,,,,,,,0,,,,,,17827,,,,,,,,,,,,,,,,,,,,,,,,,,,,,,21,,,,,,0,,,,,,,,,,,,,,,,,,,,,,,,,,,,
2013-12-11,Z300WCPX,ST4000DM000,4000787030016,0,,32983256,,,,,,,,0,,,,,,948,,,,,,,,,,,,,,,,,,,,,,,,,,,,,,20,,,,,,0,,,,,,,,,,,,,,,,,,,,,,,,,,,,
2013-12-11,W3009RPZ,ST4000DM000,4000787030016,0,,233195168,,,,,,,,0,,,,,,4146,,,,,,,,,,,,,,,,,,,,,,,,,,,,,,23,,,,,,0,,,,,,,,,,,,,,,,,,,,,,,,,,,,
2013-12-11,9VS3J60Y,ST31500341AS,1500301910016,0,,170975850,,,,,,,,2,,,,,,15917,,,,,,,,,,,,,,,,,,,,,,,,,,,,,,31,,,,,,0,,,,,,,,,,,,,,,,,,,,,,,,,,,,
2013-12-11,W300B2Z3,ST4000DM000,4000787030016,0,,61828840,,,,,,,,0,,,,,,4188,,,,,,,,,,,,,,,,,,,,,,,,,,,,,,28,,,,,,0,,,,,,,,,,,,,,,,,,,,,,,,,,,,
2013-12-11,PL1311LAG3E9KH,Hitachi HDS5C4040ALE630,4000787030016,0,,0,,,,,,,,0,,,,,,5933,,,,,,,,,,,,,,,,,,,,,,,,,,,,,,28,,,,,,0,,,,,,,,,,,,,,,,,,,,,,,,,,,,
2013-12-11,JK11A8B9J7DJHF,Hitachi HDS722020ALA330,2000398934016,0,,1,,,,,,,,0,,,,,,26025,,,,,,,,,,,,,,,,,,,,,,,,,,,,,,28,,,,,,0,,,,,,,,,,,,,,,,,,,,,,,,,,,,
2013-12-11,MJ1311YNG5X8HA,Hitachi HDS5C3030ALA630,3000592982016,0,,0,,,,,,,,0,,,,,,14574,,,,,,,,,,,,,,,,,,,,,,,,,,,,,,23,,,,,,0,,,,,,,,,,,,,,,,,,,,,,,,,,,,
2013-12-11,Z300WCPA,ST4000DM000,4000787030016,0,,9564024,,,,,,,,0,,,,,,772,,,,,,,,,,,,,,,,,,,,,,,,,,,,,,19,,,,,,0,,,,,,,,,,,,,,,,,,,,,,,,,,,,
2013-12-11,W3009RP2,ST4000DM000,4000787030016,0,,108251208,,,,,,,,0,,,,,,4140,,,,,,,,,,,,,,,,,,,,,,,,,,,,,,22,,,,,,0,,,,,,,,,,,,,,,,,,,,,,,,,,,,
2013-12-11,JK11A8B9J8E1SF,Hitachi HDS722020ALA330,2000398934016,0,,0,,,,,,,,0,,,,,,25125,,,,,,,,,,,,,,,,,,,,,,,,,,,,,,29,,,,,,0,,,,,,,,,,,,,,,,,,,,,,,,,,,,
2013-12-11,S1F06970,ST3000DM001,3000592982016,0,,206452360,,,,,,,,0,,,,,,13911,,,,,,,,,,,,,,,,,,,,,,,,,,,,,,22,,,,,,0,,,,,,,,,,,,,,,,,,,,,,,,,,,,
2013-12-11,6XW038KC,ST31500541AS,1500301910016,0,,200607061,,,,,,,,0,,,,,,36425,,,,,,,,,,,,,,,,,,,,,,,,,,,,,,18,,,,,,0,,,,,,,,,,,,,,,,,,,,,,,,,,,,
2013-12-11,S1F0T28R,ST3000DM001,3000592982016,0,,23466656,,,,,,,,0,,,,,,10720,,,,,,,,,,,,,,,,,,,,,,,,,,,,,,27,,,,,,0,,,,,,,,,,,,,,,,,,,,,,,,,,,,
2013-12-11,Z1F13VW5,ST3000DM001,3000592982016,0,,171188896,,,,,,,,0,,,,,,8164,,,,,,,,,,,,,,,,,,,,,,,,,,,,,,25,,,,,,0,,,,,,,,,,,,,,,,,,,,,,,,,,,,
2013-12-11,W1F09Y9N,ST3000DM001,3000592982016,0,,90333288,,,,,,,,0,,,,,,14994,,,,,,,,,,,,,,,,,,,,,,,,,,,,,,23,,,,,,0,,,,,,,,,,,,,,,,,,,,,,,,,,,,
2013-12-11,WD-WCC1T1225390,WDC WD30EFRX,3000592982016,0,,0,,,,,,,,0,,,,,,873,,,,,,,,,,,,,,,,,,,,,,,,,,,,,,23,,,,,,0,,,,,,,,,,,,,,,,,,,,,,,,,,,,
2013-12-11,W300D909,ST4000DM000,4000787030016,0,,215526432,,,,,,,,0,,,,,,4290,,,,,,,,,,,,,,,,,,,,,,,,,,,,,,20,,,,,,0,,,,,,,,,,,,,,,,,,,,,,,,,,,,
2013-12-11,PL2321LAGASPTJ,Hitachi HDS5C4040ALE630,4000787030016,0,,0,,,,,,,,0,,,,,,5429,,,,,,,,,,,,,,,,,,,,,,,,,,,,,,22,,,,,,0,,,,,,,,,,,,,,,,,,,,,,,,,,,,
2013-12-11,MJ0351YNGAAJ4A,Hitachi HDS5C3030ALA630,3000592982016,0,,0,,,,,,,,0,,,,,,8614,,,,,,,,,,,,,,,,,,,,,,,,,,,,,,32,,,,,,0,,,,,,,,,,,,,,,,,,,,,,,,,,,,
2013-12-11,Z30068C8,ST4000DM000,4000787030016,0,,54636008,,,,,,,,0,,,,,,5417,,,,,,,,,,,,,,,,,,,,,,,,,,,,,,22,,,,,,0,,,,,,,,,,,,,,,,,,,,,,,,,,,,
2013-12-11,MK0333YHGNRSAC,Hitachi HDS723030ALA640,3000592982016,0,,0,,,,,,,,0,,,,,,17355,,,,,,,,,,,,,,,,,,,,,,,,,,,,,,25,,,,,,0,,,,,,,,,,,,,,,,,,,,,,,,,,,,
2013-12-11,MJ1311YNG5ETAA,Hitachi HDS5C3030ALA630,3000592982016,0,,0,,,,,,,,0,,,,,,14288,,,,,,,,,,,,,,,,,,,,,,,,,,,,,,32,,,,,,0,,,,,,,,,,,,,,,,,,,,,,,,,,,,
2013-12-11,W1F0VL7M,ST3000DM001,3000592982016,0,,157363880,,,,,,,,0,,,,,,10728,,,,,,,,,,,,,,,,,,,,,,,,,,,,,,25,,,,,,0,,,,,,,,,,,,,,,,,,,,,,,,,,,,
2013-12-11,W1F0THAD,ST3000DM001,3000592982016,0,,14232176,,,,,,,,0,,,,,,6053,,,,,,,,,,,,,,,,,,,,,,,,,,,,,,23,,,,,,0,,,,,,,,,,,,,,,,,,,,,,,,,,,,
2013-12-11,6XW00LHX,ST31500541AS,1500301910016,0,,142518560,,,,,,,,10,,,,,,36449,,,,,,,,,,,,,,,,,,,,,,,,,,,,,,16,,,,,,0,,,,,,,,,,,,,,,,,,,,,,,,,,,,
2013-12-11,MJ0351YNG9XPJA,Hitachi HDS5C3030ALA630,3000592982016,0,,0,,,,,,,,0,,,,,,9525,,,,,,,,,,,,,,,,,,,,,,,,,,,,,,35,,,,,,0,,,,,,,,,,,,,,,,,,,,,,,,,,,,
2013-12-11,JK1105B8JS12BX,Hitachi HDS722020ALA330,2000398934016,0,,1,,,,,,,,0,,,,,,23486,,,,,,,,,,,,,,,,,,,,,,,,,,,,,,26,,,,,,0,,,,,,,,,,,,,,,,,,,,,,,,,,,,
2013-12-11,S1F0RSNB,ST3000DM001,3000592982016,0,,147010360,,,,,,,,0,,,,,,10502,,,,,,,,,,,,,,,,,,,,,,,,,,,,,,24,,,,,,0,,,,,,,,,,,,,,,,,,,,,,,,,,,,
2013-12-11,Z1F0MBGF,ST3000DM001,3000592982016,0,,130882216,,,,,,,,0,,,,,,11724,,,,,,,,,,,,,,,,,,,,,,,,,,,,,,23,,,,,,0,,,,,,,,,,,,,,,,,,,,,,,,,,,,
2013-12-11,JK11A8B9J2KJGF,Hitachi HDS722020ALA330,2000398934016,0,,0,,,,,,,,0,,,,,,23636,,,,,,,,,,,,,,,,,,,,,,,,,,,,,,30,,,,,,0,,,,,,,,,,,,,,,,,,,,,,,,,,,,
2013-12-11,MJ1323YNG1RDDC,Hitachi HDS5C3030ALA630,3000592982016,0,,0,,,,,,,,0,,,,,,19372,,,,,,,,,,,,,,,,,,,,,,,,,,,,,,21,,,,,,0,,,,,,,,,,,,,,,,,,,,,,,,,,,,
2013-12-11,9VS1HP03,ST31500341AS,1500301910016,0,,17188237,,,,,,,,12,,,,,,40407,,,,,,,,,,,,,,,,,,,,,,,,,,,,,,32,,,,,,0,,,,,,,,,,,,,,,,,,,,,,,,,,,,
2013-12-11,Z290NQYS,ST33000651AS,3000592982016,0,,54830096,,,,,,,,0,,,,,,17050,,,,,,,,,,,,,,,,,,,,,,,,,,,,,,27,,,,,,0,,,,,,,,,,,,,,,,,,,,,,,,,,,,
2013-12-11,JK11A8B9HVNZ4F,Hitachi HDS722020ALA330,2000398934016,0,,0,,,,,,,,0,,,,,,24501,,,,,,,,,,,,,,,,,,,,,,,,,,,,,,31,,,,,,0,,,,,,,,,,,,,,,,,,,,,,,,,,,,
2013-12-11,S1F0RSN1,ST3000DM001,3000592982016,0,,188934848,,,,,,,,0,,,,,,10472,,,,,,,,,,,,,,,,,,,,,,,,,,,,,,24,,,,,,0,,,,,,,,,,,,,,,,,,,,,,,,,,,,
2013-12-11,W300H3DJ,ST4000DM000,4000787030016,0,,42659808,,,,,,,,0,,,,,,909,,,,,,,,,,,,,,,,,,,,,,,,,,,,,,23,,,,,,0,,,,,,,,,,,,,,,,,,,,,,,,,,,,
2013-12-11,JK1101B9KNNTJF,Hitachi HDS722020ALA330,2000398934016,0,,0,,,,,,,,0,,,,,,23098,,,,,,,,,,,,,,,,,,,,,,,,,,,,,,27,,,,,,0,,,,,,,,,,,,,,,,,,,,,,,,,,,,
2013-12-11,W300KQ4N,ST4000DM000,4000787030016,0,,10348992,,,,,,,,0,,,,,,919,,,,,,,,,,,,,,,,,,,,,,,,,,,,,,19,,,,,,0,,,,,,,,,,,,,,,,,,,,,,,,,,,,
2013-12-11,JK11A8B9J3L6KF,Hitachi HDS722020ALA330,2000398934016,0,,0,,,,,,,,0,,,,,,23828,,,,,,,,,,,,,,,,,,,,,,,,,,,,,,28,,,,,,0,,,,,,,,,,,,,,,,,,,,,,,,,,,,
2013-12-11,Z300KJ77,ST4000DM000,4000787030016,0,,103775376,,,,,,,,0,,,,,,105,,,,,,,,,,,,,,,,,,,,,,,,,,,,,,24,,,,,,0,,,,,,,,,,,,,,,,,,,,,,,,,,,,
2013-12-11,MJ1323YNG15SSC,Hitachi HDS5C3030ALA630,3000592982016,0,,0,,,,,,,,0,,,,,,20507,,,,,,,,,,,,,,,,,,,,,,,,,,,,,,27,,,,,,0,,,,,,,,,,,,,,,,,,,,,,,,,,,,
2013-12-11,JK1101B9JRJ5VF,Hitachi HDS722020ALA330,2000398934016,0,,1,,,,,,,,0,,,,,,23579,,,,,,,,,,,,,,,,,,,,,,,,,,,,,,28,,,,,,0,,,,,,,,,,,,,,,,,,,,,,,,,,,,
2013-12-11,MJ1311YNG3015A,Hitachi HDS5C3030ALA630,3000592982016,0,,0,,,,,,,,0,,,,,,14685,,,,,,,,,,,,,,,,,,,,,,,,,,,,,,20,,,,,,0,,,,,,,,,,,,,,,,,,,,,,,,,,,,
2013-12-11,W300KLBJ,ST4000DM000,4000787030016,0,,62915776,,,,,,,,0,,,,,,919,,,,,,,,,,,,,,,,,,,,,,,,,,,,,,18,,,,,,0,,,,,,,,,,,,,,,,,,,,,,,,,,,,
2013-12-11,PL1311LAG1ZP2A,Hitachi HDS5C4040ALE630,4000787030016,0,,0,,,,,,,,0,,,,,,6993,,,,,,,,,,,,,,,,,,,,,,,,,,,,,,24,,,,,,0,,,,,,,,,,,,,,,,,,,,,,,,,,,,
2013-12-11,W300KLBB,ST4000DM000,4000787030016,0,,134381936,,,,,,,,0,,,,,,920,,,,,,,,,,,,,,,,,,,,,,,,,,,,,,22,,,,,,0,,,,,,,,,,,,,,,,,,,,,,,,,,,,
2013-12-11,WD-WCAU47310895,WDC WD10EADS,1000204886016,0,,0,,,,,,,,0,,,,,,40832,,,,,,,,,,,,,,,,,,,,,,,,,,,,,,33,,,,,,0,,,,,,,,,,,,,,,,,,,,,,,,,,,,
2013-12-11,WD-WCAU47310897,WDC WD10EADS,1000204886016,0,,91203,,,,,,,,0,,,,,,40863,,,,,,,,,,,,,,,,,,,,,,,,,,,,,,27,,,,,,0,,,,,,,,,,,,,,,,,,,,,,,,,,,,
2013-12-11,MJ1311YNG7ET9A,Hitachi HDS5C3030ALA630,3000592982016,0,,0,,,,,,,,0,,,,,,14620,,,,,,,,,,,,,,,,,,,,,,,,,,,,,,21,,,,,,0,,,,,,,,,,,,,,,,,,,,,,,,,,,,
2013-12-11,6XW019VC,ST31500541AS,1500301910016,0,,13999272,,,,,,,,0,,,,,,35759,,,,,,,,,,,,,,,,,,,,,,,,,,,,,,20,,,,,,0,,,,,,,,,,,,,,,,,,,,,,,,,,,,
2013-12-11,JK1101YAK91GTV,Hitachi HDS722020ALA330,2000398934016,0,,131073,,,,,,,,0,,,,,,29653,,,,,,,,,,,,,,,,,,,,,,,,,,,,,,25,,,,,,0,,,,,,,,,,,,,,,,,,,,,,,,,,,,
2013-12-11,JK1105B8GGAKWX,Hitachi HDS722020ALA330,2000398934016,0,,196609,,,,,,,,0,,,,,,27169,,,,,,,,,,,,,,,,,,,,,,,,,,,,,,25,,,,,,0,,,,,,,,,,,,,,,,,,,,,,,,,,,,
2013-12-11,W1F03E8C,ST3000DM001,3000592982016,0,,216199680,,,,,,,,0,,,,,,15344,,,,,,,,,,,,,,,,,,,,,,,,,,,,,,28,,,,,,0,,,,,,,,,,,,,,,,,,,,,,,,,,,,
2013-12-11,MJ0351YNG9RKNA,Hitachi HDS5C3030ALA630,3000592982016,0,,0,,,,,,,,417,,,,,,9941,,,,,,,,,,,,,,,,,,,,,,,,,,,,,,25,,,,,,0,,,,,,,,,,,,,,,,,,,,,,,,,,,,
2013-12-11,MJ1323YNG1RVBC,Hitachi HDS5C3030ALA630,3000592982016,0,,1,,,,,,,,0,,,,,,19760,,,,,,,,,,,,,,,,,,,,,,,,,,,,,,28,,,,,,0,,,,,,,,,,,,,,,,,,,,,,,,,,,,
2013-12-11,JK11A8B9J2P5BF,Hitachi HDS722020ALA330,2000398934016,0,,1,,,,,,,,0,,,,,,23104,,,,,,,,,,,,,,,,,,,,,,,,,,,,,,26,,,,,,0,,,,,,,,,,,,,,,,,,,,,,,,,,,,
2013-12-11,6XW03C76,ST31500541AS,1500301910016,0,,228670793,,,,,,,,0,,,,,,33213,,,,,,,,,,,,,,,,,,,,,,,,,,,,,,22,,,,,,0,,,,,,,,,,,,,,,,,,,,,,,,,,,,
2013-12-11,JK1171B8GNP6TS,Hitachi HDS722020ALA330,2000398934016,0,,0,,,,,,,,0,,,,,,27542,,,,,,,,,,,,,,,,,,,,,,,,,,,,,,25,,,,,,0,,,,,,,,,,,,,,,,,,,,,,,,,,,,
2013-12-11,W1F0Z3G1,ST3000DM001,3000592982016,0,,175871112,,,,,,,,0,,,,,,10728,,,,,,,,,,,,,,,,,,,,,,,,,,,,,,25,,,,,,0,,,,,,,,,,,,,,,,,,,,,,,,,,,,
2013-12-11,W300BR9S,ST4000DM000,4000787030016,0,,241378136,,,,,,,,0,,,,,,4353,,,,,,,,,,,,,,,,,,,,,,,,,,,,,,26,,,,,,0,,,,,,,,,,,,,,,,,,,,,,,,,,,,
2013-12-11,9XK0NTYK,ST33000651AS,3000592982016,0,,66317178,,,,,,,,0,,,,,,15916,,,,,,,,,,,,,,,,,,,,,,,,,,,,,,23,,,,,,0,,,,,,,,,,,,,,,,,,,,,,,,,,,,
2013-12-11,6XW03C7K,ST31500541AS,1500301910016,0,,215077603,,,,,,,,0,,,,,,37441,,,,,,,,,,,,,,,,,,,,,,,,,,,,,,21,,,,,,0,,,,,,,,,,,,,,,,,,,,,,,,,,,,
2013-12-11,PL1311LAG2B2VH,Hitachi HDS5C4040ALE630,4000787030016,0,,0,,,,,,,,0,,,,,,5069,,,,,,,,,,,,,,,,,,,,,,,,,,,,,,26,,,,,,0,,,,,,,,,,,,,,,,,,,,,,,,,,,,
2013-12-11,WD-WMC1T1610892,WDC WD30EFRX,3000592982016,0,,0,,,,,,,,0,,,,,,7392,,,,,,,,,,,,,,,,,,,,,,,,,,,,,,22,,,,,,0,,,,,,,,,,,,,,,,,,,,,,,,,,,,
2013-12-11,MJ0351YNGABY3A,Hitachi HDS5C3030ALA630,3000592982016,0,,0,,,,,,,,0,,,,,,8141,,,,,,,,,,,,,,,,,,,,,,,,,,,,,,29,,,,,,0,,,,,,,,,,,,,,,,,,,,,,,,,,,,
2013-12-11,JK11A8B9J7DVJF,Hitachi HDS722020ALA330,2000398934016,0,,0,,,,,,,,0,,,,,,25539,,,,,,,,,,,,,,,,,,,,,,,,,,,,,,26,,,,,,0,,,,,,,,,,,,,,,,,,,,,,,,,,,,
2013-12-11,6XW0574F,ST31500541AS,1500301910016,0,,166714761,,,,,,,,0,,,,,,37170,,,,,,,,,,,,,,,,,,,,,,,,,,,,,,22,,,,,,0,,,,,,,,,,,,,,,,,,,,,,,,,,,,
2013-12-11,Z300V64H,ST4000DM000,4000787030016,0,,203306944,,,,,,,,0,,,,,,923,,,,,,,,,,,,,,,,,,,,,,,,,,,,,,24,,,,,,0,,,,,,,,,,,,,,,,,,,,,,,,,,,,
2013-12-11,W300KLB9,ST4000DM000,4000787030016,0,,25229672,,,,,,,,0,,,,,,815,,,,,,,,,,,,,,,,,,,,,,,,,,,,,,20,,,,,,0,,,,,,,,,,,,,,,,,,,,,,,,,,,,
2013-12-11,JK11A8B9J8GVHF,Hitachi HDS722020ALA330,2000398934016,0,,131072,,,,,,,,0,,,,,,24497,,,,,,,,,,,,,,,,,,,,,,,,,,,,,,25,,,,,,0,,,,,,,,,,,,,,,,,,,,,,,,,,,,
2013-12-11,MJ0351YNG9YVDA,Hitachi HDS5C3030ALA630,3000592982016,0,,0,,,,,,,,0,,,,,,9719,,,,,,,,,,,,,,,,,,,,,,,,,,,,,,31,,,,,,0,,,,,,,,,,,,,,,,,,,,,,,,,,,,
2013-12-11,W1F0N4DE,ST3000DM001,3000592982016,0,,21916576,,,,,,,,0,,,,,,11022,,,,,,,,,,,,,,,,,,,,,,,,,,,,,,30,,,,,,0,,,,,,,,,,,,,,,,,,,,,,,,,,,,
2013-12-11,W300KLB0,ST4000DM000,4000787030016,0,,183866120,,,,,,,,0,,,,,,909,,,,,,,,,,,,,,,,,,,,,,,,,,,,,,23,,,,,,0,,,,,,,,,,,,,,,,,,,,,,,,,,,,
2013-12-11,WD-WCC070166806,WDC WD30EZRX,3000592982016,0,,0,,,,,,,,0,,,,,,8607,,,,,,,,,,,,,,,,,,,,,,,,,,,,,,23,,,,,,0,,,,,,,,,,,,,,,,,,,,,,,,,,,,
2013-12-11,Z300GQG9,ST4000DM000,4000787030016,0,,71378768,,,,,,,,0,,,,,,3627,,,,,,,,,,,,,,,,,,,,,,,,,,,,,,21,,,,,,0,,,,,,,,,,,,,,,,,,,,,,,,,,,,
2013-12-11,Z300GQG5,ST4000DM000,4000787030016,0,,19712,,,,,,,,0,,,,,,3580,,,,,,,,,,,,,,,,,,,,,,,,,,,,,,26,,,,,,0,,,,,,,,,,,,,,,,,,,,,,,,,,,,
2013-12-11,Z300GQG7,ST4000DM000,4000787030016,0,,220244264,,,,,,,,0,,,,,,3586,,,,,,,,,,,,,,,,,,,,,,,,,,,,,,23,,,,,,0,,,,,,,,,,,,,,,,,,,,,,,,,,,,
2013-12-11,PL1311LAG1RNAA,Hitachi HDS5C4040ALE630,4000787030016,0,,0,,,,,,,,0,,,,,,6653,,,,,,,,,,,,,,,,,,,,,,,,,,,,,,25,,,,,,0,,,,,,,,,,,,,,,,,,,,,,,,,,,,
2013-12-11,Z300LMV3,ST4000DM000,4000787030016,0,,219273104,,,,,,,,0,,,,,,2844,,,,,,,,,,,,,,,,,,,,,,,,,,,,,,25,,,,,,0,,,,,,,,,,,,,,,,,,,,,,,,,,,,
2013-12-11,S1F0153V,ST3000DM001,3000592982016,0,,112604048,,,,,,,,0,,,,,,14215,,,,,,,,,,,,,,,,,,,,,,,,,,,,,,19,,,,,,0,,,,,,,,,,,,,,,,,,,,,,,,,,,,
2013-12-11,W1F0HNC5,ST3000DM001,3000592982016,0,,42298184,,,,,,,,0,,,,,,11655,,,,,,,,,,,,,,,,,,,,,,,,,,,,,,28,,,,,,0,,,,,,,,,,,,,,,,,,,,,,,,,,,,
2013-12-11,W1F0JW8R,ST3000DM001,3000592982016,0,,142540184,,,,,,,,0,,,,,,12175,,,,,,,,,,,,,,,,,,,,,,,,,,,,,,33,,,,,,0,,,,,,,,,,,,,,,,,,,,,,,,,,,,
2013-12-11,5XW01FK4,ST31500541AS,1500301910016,0,,1348411,,,,,,,,0,,,,,,7727,,,,,,,,,,,,,,,,,,,,,,,,,,,,,,20,,,,,,0,,,,,,,,,,,,,,,,,,,,,,,,,,,,
2013-12-11,9VS22JH2,ST31500341AS,1500301910016,0,,131254368,,,,,,,,16,,,,,,32782,,,,,,,,,,,,,,,,,,,,,,,,,,,,,,29,,,,,,0,,,,,,,,,,,,,,,,,,,,,,,,,,,,
2013-12-11,9VS22JH8,ST31500341AS,1500301910016,0,,240079318,,,,,,,,100,,,,,,38110,,,,,,,,,,,,,,,,,,,,,,,,,,,,,,19,,,,,,0,,,,,,,,,,,,,,,,,,,,,,,,,,,,
2013-12-11,MJ1311YNG37PBA,Hitachi HDS5C3030ALA630,3000592982016,0,,0,,,,,,,,0,,,,,,18201,,,,,,,,,,,,,,,,,,,,,,,,,,,,,,30,,,,,,0,,,,,,,,,,,,,,,,,,,,,,,,,,,,
2013-12-11,WD-WCAU47135725,WDC WD10EADS,1000204886016,0,,2,,,,,,,,0,,,,,,40886,,,,,,,,,,,,,,,,,,,,,,,,,,,,,,33,,,,,,0,,,,,,,,,,,,,,,,,,,,,,,,,,,,
2013-12-11,MJ0351YNG9W69A,Hitachi HDS5C3030ALA630,3000592982016,0,,0,,,,,,,,0,,,,,,9986,,,,,,,,,,,,,,,,,,,,,,,,,,,,,,28,,,,,,0,,,,,,,,,,,,,,,,,,,,,,,,,,,,
2013-12-11,MJ1311YNG75RXA,Hitachi HDS5C3030ALA630,3000592982016,0,,0,,,,,,,,1,,,,,,14289,,,,,,,,,,,,,,,,,,,,,,,,,,,,,,29,,,,,,0,,,,,,,,,,,,,,,,,,,,,,,,,,,,
2013-12-11,MJ1311YNG60VVA,Hitachi HDS5C3030ALA630,3000592982016,0,,0,,,,,,,,0,,,,,,14310,,,,,,,,,,,,,,,,,,,,,,,,,,,,,,25,,,,,,0,,,,,,,,,,,,,,,,,,,,,,,,,,,,
2013-12-11,MJ0351YNG9V52A,Hitachi HDS5C3030ALA630,3000592982016,0,,0,,,,,,,,0,,,,,,9672,,,,,,,,,,,,,,,,,,,,,,,,,,,,,,29,,,,,,0,,,,,,,,,,,,,,,,,,,,,,,,,,,,
2013-12-11,MJ1323YNG18T0C,Hitachi HDS5C3030ALA630,3000592982016,0,,0,,,,,,,,0,,,,,,20503,,,,,,,,,,,,,,,,,,,,,,,,,,,,,,27,,,,,,0,,,,,,,,,,,,,,,,,,,,,,,,,,,,
2013-12-11,6XW0VGJ6,ST31500541AS,1500301910016,0,,230067201,,,,,,,,0,,,,,,33326,,,,,,,,,,,,,,,,,,,,,,,,,,,,,,22,,,,,,0,,,,,,,,,,,,,,,,,,,,,,,,,,,,
2013-12-11,JK1171YBK1U3GF,Hitachi HDS722020ALA330,2000398934016,0,,0,,,,,,,,0,,,,,,29668,,,,,,,,,,,,,,,,,,,,,,,,,,,,,,26,,,,,,0,,,,,,,,,,,,,,,,,,,,,,,,,,,,
2013-12-11,Z290R84Q,ST33000651AS,3000592982016,0,,112705212,,,,,,,,0,,,,,,15916,,,,,,,,,,,,,,,,,,,,,,,,,,,,,,27,,,,,,0,,,,,,,,,,,,,,,,,,,,,,,,,,,,
2013-12-11,Z300TBN5,ST4000DM000,4000787030016,0,,156261488,,,,,,,,0,,,,,,815,,,,,,,,,,,,,,,,,,,,,,,,,,,,,,21,,,,,,0,,,,,,,,,,,,,,,,,,,,,,,,,,,,
2013-12-11,S1F11EML,ST3000DM001,3000592982016,0,,98958896,,,,,,,,0,,,,,,8179,,,,,,,,,,,,,,,,,,,,,,,,,,,,,,23,,,,,,0,,,,,,,,,,,,,,,,,,,,,,,,,,,,
2013-12-11,MJ0351YNG9XHMA,Hitachi HDS5C3030ALA630,3000592982016,0,,0,,,,,,,,0,,,,,,8883,,,,,,,,,,,,,,,,,,,,,,,,,,,,,,28,,,,,,0,,,,,,,,,,,,,,,,,,,,,,,,,,,,
2013-12-11,PL1311LAG38H3H,Hitachi HDS5C4040ALE630,4000787030016,0,,0,,,,,,,,0,,,,,,5304,,,,,,,,,,,,,,,,,,,,,,,,,,,,,,25,,,,,,0,,,,,,,,,,,,,,,,,,,,,,,,,,,,
2013-12-11,Z300GQGR,ST4000DM000,4000787030016,0,,16762024,,,,,,,,0,,,,,,2900,,,,,,,,,,,,,,,,,,,,,,,,,,,,,,27,,,,,,0,,,,,,,,,,,,,,,,,,,,,,,,,,,,
2013-12-11,JK1160YAGMAYAT,Hitachi HDS722020ALA330,2000398934016,0,,0,,,,,,,,0,,,,,,21473,,,,,,,,,,,,,,,,,,,,,,,,,,,,,,29,,,,,,0,,,,,,,,,,,,,,,,,,,,,,,,,,,,
2013-12-11,Z300GQGM,ST4000DM000,4000787030016,0,,77502392,,,,,,,,0,,,,,,3584,,,,,,,,,,,,,,,,,,,,,,,,,,,,,,24,,,,,,0,,,,,,,,,,,,,,,,,,,,,,,,,,,,
2013-12-11,Z300GQGN,ST4000DM000,4000787030016,0,,130335224,,,,,,,,0,,,,,,3581,,,,,,,,,,,,,,,,,,,,,,,,,,,,,,20,,,,,,0,,,,,,,,,,,,,,,,,,,,,,,,,,,,
2013-12-11,6XW0V2RN,ST31500541AS,1500301910016,0,,175850734,,,,,,,,584,,,,,,33864,,,,,,,,,,,,,,,,,,,,,,,,,,,,,,19,,,,,,0,,,,,,,,,,,,,,,,,,,,,,,,,,,,
2013-12-11,Z300GQGK,ST4000DM000,4000787030016,0,,140690992,,,,,,,,0,,,,,,3580,,,,,,,,,,,,,,,,,,,,,,,,,,,,,,27,,,,,,0,,,,,,,,,,,,,,,,,,,,,,,,,,,,
2013-12-11,6XW0V2RE,ST31500541AS,1500301910016,0,,228099281,,,,,,,,0,,,,,,33632,,,,,,,,,,,,,,,,,,,,,,,,,,,,,,21,,,,,,0,,,,,,,,,,,,,,,,,,,,,,,,,,,,
2013-12-11,Z300GQGF,ST4000DM000,4000787030016,0,,106357376,,,,,,,,0,,,,,,2899,,,,,,,,,,,,,,,,,,,,,,,,,,,,,,25,,,,,,0,,,,,,,,,,,,,,,,,,,,,,,,,,,,
2013-12-11,W3009FB2,ST4000DM000,4000787030016,0,,230477072,,,,,,,,5080,,,,,,4139,,,,,,,,,,,,,,,,,,,,,,,,,,,,,,22,,,,,,8,,,,,,,,,,,,,,,,,,,,,,,,,,,,
2013-12-11,9VS3JZME,ST31500341AS,1500301910016,0,,222930908,,,,,,,,2,,,,,,32930,,,,,,,,,,,,,,,,,,,,,,,,,,,,,,22,,,,,,0,,,,,,,,,,,,,,,,,,,,,,,,,,,,
2013-12-11,MK0311YHG1R72A,Hitachi HDS723030ALA640,3000592982016,0,,0,,,,,,,,0,,,,,,17029,,,,,,,,,,,,,,,,,,,,,,,,,,,,,,31,,,,,,0,,,,,,,,,,,,,,,,,,,,,,,,,,,,
2013-12-11,Z300GQGC,ST4000DM000,4000787030016,0,,117150064,,,,,,,,0,,,,,,3582,,,,,,,,,,,,,,,,,,,,,,,,,,,,,,26,,,,,,0,,,,,,,,,,,,,,,,,,,,,,,,,,,,
2013-12-11,MJ0351YNGA3ZVA,Hitachi HDS5C3030ALA630,3000592982016,0,,0,,,,,,,,0,,,,,,8510,,,,,,,,,,,,,,,,,,,,,,,,,,,,,,27,,,,,,0,,,,,,,,,,,,,,,,,,,,,,,,,,,,
2013-12-11,Z300BZAN,ST4000DM000,4000787030016,0,,97943096,,,,,,,,0,,,,,,2243,,,,,,,,,,,,,,,,,,,,,,,,,,,,,,24,,,,,,0,,,,,,,,,,,,,,,,,,,,,,,,,,,,
2013-12-11,JK11A8B9J3SA9F,Hitachi HDS722020ALA330,2000398934016,0,,0,,,,,,,,0,,,,,,23822,,,,,,,,,,,,,,,,,,,,,,,,,,,,,,36,,,,,,0,,,,,,,,,,,,,,,,,,,,,,,,,,,,
2013-12-11,JK11A8B9J3UUVF,Hitachi HDS722020ALA330,2000398934016,0,,0,,,,,,,,0,,,,,,23318,,,,,,,,,,,,,,,,,,,,,,,,,,,,,,34,,,,,,0,,,,,,,,,,,,,,,,,,,,,,,,,,,,
2013-12-11,W300BJAF,ST4000DM000,4000787030016,0,,31073104,,,,,,,,0,,,,,,4047,,,,,,,,,,,,,,,,,,,,,,,,,,,,,,23,,,,,,0,,,,,,,,,,,,,,,,,,,,,,,,,,,,
2013-12-11,Z290Y7ZE,ST33000651AS,3000592982016,0,,125134887,,,,,,,,0,,,,,,18074,,,,,,,,,,,,,,,,,,,,,,,,,,,,,,29,,,,,,0,,,,,,,,,,,,,,,,,,,,,,,,,,,,
2013-12-11,S1F0QYHK,ST3000DM001,3000592982016,0,,203513944,,,,,,,,0,,,,,,11674,,,,,,,,,,,,,,,,,,,,,,,,,,,,,,24,,,,,,0,,,,,,,,,,,,,,,,,,,,,,,,,,,,
2013-12-11,6XW026CT,ST31500541AS,1500301910016,0,,222573441,,,,,,,,0,,,,,,30505,,,,,,,,,,,,,,,,,,,,,,,,,,,,,,23,,,,,,0,,,,,,,,,,,,,,,,,,,,,,,,,,,,
2013-12-11,PL1311LAG2HUTH,Hitachi HDS5C4040ALE630,4000787030016,0,,0,,,,,,,,0,,,,,,5036,,,,,,,,,,,,,,,,,,,,,,,,,,,,,,27,,,,,,0,,,,,,,,,,,,,,,,,,,,,,,,,,,,
2013-12-11,MJ1323YNG1U3LC,Hitachi HDS5C3030ALA630,3000592982016,0,,0,,,,,,,,0,,,,,,19747,,,,,,,,,,,,,,,,,,,,,,,,,,,,,,24,,,,,,0,,,,,,,,,,,,,,,,,,,,,,,,,,,,
2013-12-11,Z1Z053VL,ST4000DX000,4000787030016,0,,208917670,,,,,,,,0,,,,,,5379,,,,,,,,,,,,,,,,,,,,,,,,,,,,,,25,,,,,,0,,,,,,,,,,,,,,,,,,,,,,,,,,,,
2013-12-11,5XW0691A,ST31500541AS,1500301910016,0,,181258211,,,,,,,,0,,,,,,27409,,,,,,,,,,,,,,,,,,,,,,,,,,,,,,19,,,,,,0,,,,,,,,,,,,,,,,,,,,,,,,,,,,
2013-12-11,JK11A4B8J6V4GW,Hitachi HDS722020ALA330,2000398934016,0,,262146,,,,,,,,0,,,,,,26027,,,,,,,,,,,,,,,,,,,,,,,,,,,,,,28,,,,,,0,,,,,,,,,,,,,,,,,,,,,,,,,,,,
2013-12-11,W300999B,ST4000DM000,4000787030016,0,,184780424,,,,,,,,0,,,,,,4168,,,,,,,,,,,,,,,,,,,,,,,,,,,,,,29,,,,,,0,,,,,,,,,,,,,,,,,,,,,,,,,,,,
2013-12-11,WD-WCAU47321031,WDC WD10EADS,1000204886016,0,,2,,,,,,,,0,,,,,,40863,,,,,,,,,,,,,,,,,,,,,,,,,,,,,,30,,,,,,0,,,,,,,,,,,,,,,,,,,,,,,,,,,,
2013-12-11,6XW0W6HY,ST31500541AS,1500301910016,0,,71359404,,,,,,,,0,,,,,,34195,,,,,,,,,,,,,,,,,,,,,,,,,,,,,,24,,,,,,0,,,,,,,,,,,,,,,,,,,,,,,,,,,,
2013-12-11,PL1311LAG2SX9H,Hitachi HDS5C4040ALE630,4000787030016,0,,0,,,,,,,,0,,,,,,6568,,,,,,,,,,,,,,,,,,,,,,,,,,,,,,28,,,,,,0,,,,,,,,,,,,,,,,,,,,,,,,,,,,
2013-12-11,WD-WMC1T1609867,WDC WD30EFRX,3000592982016,0,,0,,,,,,,,0,,,,,,7710,,,,,,,,,,,,,,,,,,,,,,,,,,,,,,25,,,,,,0,,,,,,,,,,,,,,,,,,,,,,,,,,,,
2013-12-11,MK0311YHGD4LBA,Hitachi HDS723030ALA640,3000592982016,0,,0,,,,,,,,0,,,,,,17017,,,,,,,,,,,,,,,,,,,,,,,,,,,,,,30,,,,,,0,,,,,,,,,,,,,,,,,,,,,,,,,,,,
2013-12-11,MJ1323YNG118BC,Hitachi HDS5C3030ALA630,3000592982016,0,,0,,,,,,,,0,,,,,,20733,,,,,,,,,,,,,,,,,,,,,,,,,,,,,,24,,,,,,0,,,,,,,,,,,,,,,,,,,,,,,,,,,,
2013-12-11,S1F0CVHX,ST3000DM001,3000592982016,0,,177196904,,,,,,,,648,,,,,,12417,,,,,,,,,,,,,,,,,,,,,,,,,,,,,,28,,,,,,0,,,,,,,,,,,,,,,,,,,,,,,,,,,,
2013-12-11,S1F0NZCL,ST3000DM001,3000592982016,0,,10011944,,,,,,,,1968,,,,,,11674,,,,,,,,,,,,,,,,,,,,,,,,,,,,,,26,,,,,,0,,,,,,,,,,,,,,,,,,,,,,,,,,,,
2013-12-11,JK1101B8KN726Z,Hitachi HDS722020ALA330,2000398934016,0,,0,,,,,,,,0,,,,,,22955,,,,,,,,,,,,,,,,,,,,,,,,,,,,,,25,,,,,,0,,,,,,,,,,,,,,,,,,,,,,,,,,,,
2013-12-11,9VS1QYB9,ST31500341AS,1500301910016,0,,159467648,,,,,,,,9,,,,,,24387,,,,,,,,,,,,,,,,,,,,,,,,,,,,,,23,,,,,,0,,,,,,,,,,,,,,,,,,,,,,,,,,,,
2013-12-11,PL1311LAG2WS8A,Hitachi HDS5C4040ALE630,4000787030016,0,,0,,,,,,,,0,,,,,,6571,,,,,,,,,,,,,,,,,,,,,,,,,,,,,,28,,,,,,0,,,,,,,,,,,,,,,,,,,,,,,,,,,,
2013-12-11,WD-WCAWZ1327635,WDC WD30EZRX,3000592982016,0,,0,,,,,,,,0,,,,,,17612,,,,,,,,,,,,,,,,,,,,,,,,,,,,,,23,,,,,,0,,,,,,,,,,,,,,,,,,,,,,,,,,,,
2013-12-11,W300C6K2,ST4000DM000,4000787030016,0,,28950880,,,,,,,,0,,,,,,1871,,,,,,,,,,,,,,,,,,,,,,,,,,,,,,24,,,,,,0,,,,,,,,,,,,,,,,,,,,,,,,,,,,
2013-12-11,6XW05BK3,ST31500541AS,1500301910016,0,,127933563,,,,,,,,0,,,,,,37068,,,,,,,,,,,,,,,,,,,,,,,,,,,,,,27,,,,,,0,,,,,,,,,,,,,,,,,,,,,,,,,,,,
2013-12-11,MJ1321YNG0JPSA,Hitachi HDS5C3030ALA630,3000592982016,0,,0,,,,,,,,0,,,,,,20503,,,,,,,,,,,,,,,,,,,,,,,,,,,,,,26,,,,,,0,,,,,,,,,,,,,,,,,,,,,,,,,,,,
2013-12-11,PL1311LAG3ASEH,Hitachi HDS5C4040ALE630,4000787030016,0,,0,,,,,,,,0,,,,,,6654,,,,,,,,,,,,,,,,,,,,,,,,,,,,,,20,,,,,,0,,,,,,,,,,,,,,,,,,,,,,,,,,,,
2013-12-11,9XW01LF4,ST31500541AS,1500301910016,0,,11774829,,,,,,,,231,,,,,,35656,,,,,,,,,,,,,,,,,,,,,,,,,,,,,,17,,,,,,0,,,,,,,,,,,,,,,,,,,,,,,,,,,,
2013-12-11,JK11A8B9J767RF,Hitachi HDS722020ALA330,2000398934016,0,,1,,,,,,,,0,,,,,,22686,,,,,,,,,,,,,,,,,,,,,,,,,,,,,,24,,,,,,0,,,,,,,,,,,,,,,,,,,,,,,,,,,,
2013-12-11,MJ0351YNGA8RMA,Hitachi HDS5C3030ALA630,3000592982016,0,,0,,,,,,,,0,,,,,,8210,,,,,,,,,,,,,,,,,,,,,,,,,,,,,,36,,,,,,0,,,,,,,,,,,,,,,,,,,,,,,,,,,,
2013-12-11,MJ0351YNG9SU9A,Hitachi HDS5C3030ALA630,3000592982016,0,,0,,,,,,,,0,,,,,,9191,,,,,,,,,,,,,,,,,,,,,,,,,,,,,,30,,,,,,0,,,,,,,,,,,,,,,,,,,,,,,,,,,,
2013-12-11,6XW03LJL,ST31500541AS,1500301910016,0,,101558986,,,,,,,,0,,,,,,37442,,,,,,,,,,,,,,,,,,,,,,,,,,,,,,21,,,,,,0,,,,,,,,,,,,,,,,,,,,,,,,,,,,
2013-12-11,W300BZG9,ST4000DM000,4000787030016,0,,207036816,,,,,,,,0,,,,,,4353,,,,,,,,,,,,,,,,,,,,,,,,,,,,,,23,,,,,,0,,,,,,,,,,,,,,,,,,,,,,,,,,,,
2013-12-11,9XW01YBY,ST31500541AS,1500301910016,0,,152930291,,,,,,,,0,,,,,,34751,,,,,,,,,,,,,,,,,,,,,,,,,,,,,,18,,,,,,0,,,,,,,,,,,,,,,,,,,,,,,,,,,,
2013-12-11,MJ1311YNG7KSUA,Hitachi HDS5C3030ALA630,3000592982016,0,,0,,,,,,,,0,,,,,,14683,,,,,,,,,,,,,,,,,,,,,,,,,,,,,,16,,,,,,0,,,,,,,,,,,,,,,,,,,,,,,,,,,,
2013-12-11,S1F05Q1H,ST3000DM001,3000592982016,0,,85072280,,,,,,,,0,,,,,,12839,,,,,,,,,,,,,,,,,,,,,,,,,,,,,,29,,,,,,0,,,,,,,,,,,,,,,,,,,,,,,,,,,,
2013-12-11,JK11A8B9J7N58F,Hitachi HDS722020ALA330,2000398934016,0,,0,,,,,,,,0,,,,,,24544,,,,,,,,,,,,,,,,,,,,,,,,,,,,,,29,,,,,,0,,,,,,,,,,,,,,,,,,,,,,,,,,,,
2013-12-11,MK0331YHGRVE9A,Hitachi HDS723030ALA640,3000592982016,0,,0,,,,,,,,0,,,,,,17017,,,,,,,,,,,,,,,,,,,,,,,,,,,,,,29,,,,,,0,,,,,,,,,,,,,,,,,,,,,,,,,,,,
2013-12-11,Z300P9KP,ST4000DM000,4000787030016,0,,153425392,,,,,,,,0,,,,,,1233,,,,,,,,,,,,,,,,,,,,,,,,,,,,,,18,,,,,,0,,,,,,,,,,,,,,,,,,,,,,,,,,,,
2013-12-11,9VS1K47Y,ST31500341AS,1500301910016,0,,212101894,,,,,,,,2,,,,,,40409,,,,,,,,,,,,,,,,,,,,,,,,,,,,,,32,,,,,,0,,,,,,,,,,,,,,,,,,,,,,,,,,,,
2013-12-11,JK11A8B9GKVPXF,Hitachi HDS722020ALA330,2000398934016,0,,0,,,,,,,,0,,,,,,24213,,,,,,,,,,,,,,,,,,,,,,,,,,,,,,26,,,,,,0,,,,,,,,,,,,,,,,,,,,,,,,,,,,
2013-12-11,PL1321LAGB2PKH,Hitachi HDS5C4040ALE630,4000787030016,0,,0,,,,,,,,0,,,,,,5052,,,,,,,,,,,,,,,,,,,,,,,,,,,,,,28,,,,,,0,,,,,,,,,,,,,,,,,,,,,,,,,,,,
2013-12-11,MJ1311YNG2ZU8A,Hitachi HDS5C3030ALA630,3000592982016,0,,720896,,,,,,,,0,,,,,,18386,,,,,,,,,,,,,,,,,,,,,,,,,,,,,,22,,,,,,0,,,,,,,,,,,,,,,,,,,,,,,,,,,,
2013-12-11,Z1F1B71J,ST3000DM001,3000592982016,0,,132770856,,,,,,,,0,,,,,,8174,,,,,,,,,,,,,,,,,,,,,,,,,,,,,,22,,,,,,0,,,,,,,,,,,,,,,,,,,,,,,,,,,,
2013-12-11,9XW01YB3,ST31500541AS,1500301910016,0,,31082024,,,,,,,,0,,,,,,35047,,,,,,,,,,,,,,,,,,,,,,,,,,,,,,19,,,,,,0,,,,,,,,,,,,,,,,,,,,,,,,,,,,
2013-12-11,6XW02B1R,ST31500541AS,1500301910016,0,,230891260,,,,,,,,0,,,,,,36881,,,,,,,,,,,,,,,,,,,,,,,,,,,,,,22,,,,,,0,,,,,,,,,,,,,,,,,,,,,,,,,,,,
2013-12-11,MJ1313YNG03H7C,Hitachi HDS5C3030ALA630,3000592982016,0,,65537,,,,,,,,0,,,,,,21797,,,,,,,,,,,,,,,,,,,,,,,,,,,,,,24,,,,,,0,,,,,,,,,,,,,,,,,,,,,,,,,,,,
2013-12-11,MJ0351YNG9RY7A,Hitachi HDS5C3030ALA630,3000592982016,0,,0,,,,,,,,0,,,,,,9483,,,,,,,,,,,,,,,,,,,,,,,,,,,,,,29,,,,,,0,,,,,,,,,,,,,,,,,,,,,,,,,,,,
2013-12-11,MK0313YHG3T06C,Hitachi HDS723030ALA640,3000592982016,0,,0,,,,,,,,0,,,,,,14732,,,,,,,,,,,,,,,,,,,,,,,,,,,,,,28,,,,,,0,,,,,,,,,,,,,,,,,,,,,,,,,,,,
2013-12-11,MJ1321YNG0G6KA,Hitachi HDS5C3030ALA630,3000592982016,0,,0,,,,,,,,0,,,,,,18066,,,,,,,,,,,,,,,,,,,,,,,,,,,,,,24,,,,,,0,,,,,,,,,,,,,,,,,,,,,,,,,,,,
2013-12-11,MJ1311YNG7EJPA,Hitachi HDS5C3030ALA630,3000592982016,0,,0,,,,,,,,0,,,,,,14685,,,,,,,,,,,,,,,,,,,,,,,,,,,,,,20,,,,,,0,,,,,,,,,,,,,,,,,,,,,,,,,,,,
2013-12-11,JK1101B8KNHL3S,Hitachi HDS722020ALA330,2000398934016,0,,0,,,,,,,,0,,,,,,23125,,,,,,,,,,,,,,,,,,,,,,,,,,,,,,36,,,,,,0,,,,,,,,,,,,,,,,,,,,,,,,,,,,
2013-12-11,W1F08XZP,ST3000DM001,3000592982016,0,,203995864,,,,,,,,0,,,,,,16176,,,,,,,,,,,,,,,,,,,,,,,,,,,,,,25,,,,,,0,,,,,,,,,,,,,,,,,,,,,,,,,,,,
2013-12-11,MJ0351YNG9P8VA,Hitachi HDS5C3030ALA630,3000592982016,0,,0,,,,,,,,0,,,,,,9956,,,,,,,,,,,,,,,,,,,,,,,,,,,,,,29,,,,,,0,,,,,,,,,,,,,,,,,,,,,,,,,,,,
2013-12-11,Z300P8C9,ST4000DM000,4000787030016,0,,57991088,,,,,,,,0,,,,,,1231,,,,,,,,,,,,,,,,,,,,,,,,,,,,,,19,,,,,,0,,,,,,,,,,,,,,,,,,,,,,,,,,,,
2013-12-11,Z300P8C4,ST4000DM000,4000787030016,0,,81970872,,,,,,,,0,,,,,,1227,,,,,,,,,,,,,,,,,,,,,,,,,,,,,,18,,,,,,0,,,,,,,,,,,,,,,,,,,,,,,,,,,,
2013-12-11,JK11A8B9J4RTEF,Hitachi HDS722020ALA330,2000398934016,0,,0,,,,,,,,0,,,,,,25538,,,,,,,,,,,,,,,,,,,,,,,,,,,,,,31,,,,,,0,,,,,,,,,,,,,,,,,,,,,,,,,,,,
2013-12-11,6XW03BTK,ST31500541AS,1500301910016,0,,68252185,,,,,,,,0,,,,,,36917,,,,,,,,,,,,,,,,,,,,,,,,,,,,,,23,,,,,,0,,,,,,,,,,,,,,,,,,,,,,,,,,,,
2013-12-11,MJ1321YNG179SA,Hitachi HDS5C3030ALA630,3000592982016,0,,0,,,,,,,,0,,,,,,19310,,,,,,,,,,,,,,,,,,,,,,,,,,,,,,26,,,,,,0,,,,,,,,,,,,,,,,,,,,,,,,,,,,
2013-12-11,W1F0M02P,ST3000DM001,3000592982016,0,,107205840,,,,,,,,0,,,,,,12320,,,,,,,,,,,,,,,,,,,,,,,,,,,,,,29,,,,,,0,,,,,,,,,,,,,,,,,,,,,,,,,,,,
2013-12-11,PL1311LAG1K2NA,Hitachi HDS5C4040ALE630,4000787030016,0,,0,,,,,,,,0,,,,,,7757,,,,,,,,,,,,,,,,,,,,,,,,,,,,,,26,,,,,,0,,,,,,,,,,,,,,,,,,,,,,,,,,,,
2013-12-11,JK1104B8JP1ZGW,Hitachi HDS722020ALA330,2000398934016,0,,0,,,,,,,,0,,,,,,23992,,,,,,,,,,,,,,,,,,,,,,,,,,,,,,32,,,,,,0,,,,,,,,,,,,,,,,,,,,,,,,,,,,
2013-12-11,MK0333YHGRH1RC,Hitachi HDS723030ALA640,3000592982016,0,,0,,,,,,,,0,,,,,,16922,,,,,,,,,,,,,,,,,,,,,,,,,,,,,,25,,,,,,0,,,,,,,,,,,,,,,,,,,,,,,,,,,,
2013-12-11,W300B2GY,ST4000DM000,4000787030016,0,,178750328,,,,,,,,0,,,,,,3604,,,,,,,,,,,,,,,,,,,,,,,,,,,,,,21,,,,,,0,,,,,,,,,,,,,,,,,,,,,,,,,,,,
2013-12-11,MK0333YHGR0BDC,Hitachi HDS723030ALA640,3000592982016,0,,65536,,,,,,,,0,,,,,,17755,,,,,,,,,,,,,,,,,,,,,,,,,,,,,,21,,,,,,0,,,,,,,,,,,,,,,,,,,,,,,,,,,,
2013-12-11,JK1101B8JNTZ4Z,Hitachi HDS722020ALA330,2000398934016,0,,0,,,,,,,,0,,,,,,24426,,,,,,,,,,,,,,,,,,,,,,,,,,,,,,24,,,,,,0,,,,,,,,,,,,,,,,,,,,,,,,,,,,
2013-12-11,PL1311LAG38JZH,Hitachi HDS5C4040ALE630,4000787030016,0,,0,,,,,,,,0,,,,,,6653,,,,,,,,,,,,,,,,,,,,,,,,,,,,,,27,,,,,,0,,,,,,,,,,,,,,,,,,,,,,,,,,,,
2013-12-11,W300B2GV,ST4000DM000,4000787030016,0,,45376784,,,,,,,,0,,,,,,3611,,,,,,,,,,,,,,,,,,,,,,,,,,,,,,23,,,,,,0,,,,,,,,,,,,,,,,,,,,,,,,,,,,
2013-12-11,JK11A8B9J0P41F,Hitachi HDS722020ALA330,2000398934016,0,,0,,,,,,,,0,,,,,,26144,,,,,,,,,,,,,,,,,,,,,,,,,,,,,,29,,,,,,0,,,,,,,,,,,,,,,,,,,,,,,,,,,,
2013-12-11,MJ0351YNG9VGPA,Hitachi HDS5C3030ALA630,3000592982016,0,,0,,,,,,,,0,,,,,,9274,,,,,,,,,,,,,,,,,,,,,,,,,,,,,,26,,,,,,0,,,,,,,,,,,,,,,,,,,,,,,,,,,,
2013-12-11,Z300P8CH,ST4000DM000,4000787030016,0,,77942632,,,,,,,,0,,,,,,1451,,,,,,,,,,,,,,,,,,,,,,,,,,,,,,26,,,,,,0,,,,,,,,,,,,,,,,,,,,,,,,,,,,
2013-12-11,Z300P8CE,ST4000DM000,4000787030016,0,,138124120,,,,,,,,0,,,,,,1142,,,,,,,,,,,,,,,,,,,,,,,,,,,,,,27,,,,,,0,,,,,,,,,,,,,,,,,,,,,,,,,,,,
2013-12-11,PL2311LAG1P3HC,Hitachi HDS5C4040ALE630,4000787030016,0,,0,,,,,,,,0,,,,,,7402,,,,,,,,,,,,,,,,,,,,,,,,,,,,,,24,,,,,,0,,,,,,,,,,,,,,,,,,,,,,,,,,,,
2013-12-11,5XW0EAMF,ST31500541AS,1500301910016,0,,192652293,,,,,,,,186,,,,,,11585,,,,,,,,,,,,,,,,,,,,,,,,,,,,,,28,,,,,,0,,,,,,,,,,,,,,,,,,,,,,,,,,,,
2013-12-11,6XW0YE1D,ST31500541AS,1500301910016,0,,140937571,,,,,,,,0,,,,,,31291,,,,,,,,,,,,,,,,,,,,,,,,,,,,,,21,,,,,,0,,,,,,,,,,,,,,,,,,,,,,,,,,,,
2013-12-11,9XW01QZP,ST31500541AS,1500301910016,0,,15452831,,,,,,,,0,,,,,,35228,,,,,,,,,,,,,,,,,,,,,,,,,,,,,,23,,,,,,0,,,,,,,,,,,,,,,,,,,,,,,,,,,,
2013-12-11,Z1F0LV2B,ST3000DM001,3000592982016,0,,233308056,,,,,,,,0,,,,,,12170,,,,,,,,,,,,,,,,,,,,,,,,,,,,,,23,,,,,,0,,,,,,,,,,,,,,,,,,,,,,,,,,,,
2013-12-11,JK11A8B9J7YZ7F,Hitachi HDS722020ALA330,2000398934016,0,,0,,,,,,,,0,,,,,,24544,,,,,,,,,,,,,,,,,,,,,,,,,,,,,,28,,,,,,0,,,,,,,,,,,,,,,,,,,,,,,,,,,,
2013-12-11,MJ0351YNG9WJUA,Hitachi HDS5C3030ALA630,3000592982016,0,,0,,,,,,,,0,,,,,,7611,,,,,,,,,,,,,,,,,,,,,,,,,,,,,,22,,,,,,0,,,,,,,,,,,,,,,,,,,,,,,,,,,,
2013-12-11,JK11A8B9J0M3AF,Hitachi HDS722020ALA330,2000398934016,0,,0,,,,,,,,0,,,,,,26010,,,,,,,,,,,,,,,,,,,,,,,,,,,,,,27,,,,,,0,,,,,,,,,,,,,,,,,,,,,,,,,,,,
2013-12-11,9XW01QZY,ST31500541AS,1500301910016,0,,164724227,,,,,,,,18,,,,,,35650,,,,,,,,,,,,,,,,,,,,,,,,,,,,,,20,,,,,,0,,,,,,,,,,,,,,,,,,,,,,,,,,,,
2013-12-11,Z300K8A2,ST4000DM000,4000787030016,0,,10810168,,,,,,,,0,,,,,,2216,,,,,,,,,,,,,,,,,,,,,,,,,,,,,,22,,,,,,0,,,,,,,,,,,,,,,,,,,,,,,,,,,,
2013-12-11,MJ1311YNG2UHMA,Hitachi HDS5C3030ALA630,3000592982016,0,,0,,,,,,,,0,,,,,,19311,,,,,,,,,,,,,,,,,,,,,,,,,,,,,,28,,,,,,0,,,,,,,,,,,,,,,,,,,,,,,,,,,,
2013-12-11,9XW01QZE,ST31500541AS,1500301910016,0,,162165223,,,,,,,,0,,,,,,35049,,,,,,,,,,,,,,,,,,,,,,,,,,,,,,18,,,,,,0,,,,,,,,,,,,,,,,,,,,,,,,,,,,
2013-12-11,PL1321LAGAW7EH,Hitachi HDS5C4040ALE630,4000787030016,0,,0,,,,,,,,0,,,,,,5052,,,,,,,,,,,,,,,,,,,,,,,,,,,,,,29,,,,,,0,,,,,,,,,,,,,,,,,,,,,,,,,,,,
2013-12-11,MJ0351YNGA5AKA,Hitachi HDS5C3030ALA630,3000592982016,0,,0,,,,,,,,0,,,,,,8884,,,,,,,,,,,,,,,,,,,,,,,,,,,,,,32,,,,,,0,,,,,,,,,,,,,,,,,,,,,,,,,,,,
2013-12-11,S1F0CT69,ST3000DM001,3000592982016,0,,95523344,,,,,,,,0,,,,,,12361,,,,,,,,,,,,,,,,,,,,,,,,,,,,,,25,,,,,,0,,,,,,,,,,,,,,,,,,,,,,,,,,,,
2013-12-11,PK1331PAJ35HMS,HGST HDS724040ALE640,4000787030016,0,,0,,,,,,,,0,,,,,,2026,,,,,,,,,,,,,,,,,,,,,,,,,,,,,,23,,,,,,0,,,,,,,,,,,,,,,,,,,,,,,,,,,,
2013-12-11,S1F02XBZ,ST3000DM001,3000592982016,0,,65954768,,,,,,,,0,,,,,,15621,,,,,,,,,,,,,,,,,,,,,,,,,,,,,,24,,,,,,0,,,,,,,,,,,,,,,,,,,,,,,,,,,,
2013-12-11,JK11A8B9J8W4WF,Hitachi HDS722020ALA330,2000398934016,0,,0,,,,,,,,0,,,,,,26004,,,,,,,,,,,,,,,,,,,,,,,,,,,,,,29,,,,,,0,,,,,,,,,,,,,,,,,,,,,,,,,,,,
2013-12-11,9XW01A72,ST31500541AS,1500301910016,0,,103493100,,,,,,,,0,,,,,,35656,,,,,,,,,,,,,,,,,,,,,,,,,,,,,,19,,,,,,0,,,,,,,,,,,,,,,,,,,,,,,,,,,,
2013-12-11,Z300MHW6,ST4000DM000,4000787030016,0,,241786384,,,,,,,,0,,,,,,2873,,,,,,,,,,,,,,,,,,,,,,,,,,,,,,19,,,,,,0,,,,,,,,,,,,,,,,,,,,,,,,,,,,
2013-12-11,S1F0R2CW,ST3000DM001,3000592982016,0,,43836024,,,,,,,,0,,,,,,11684,,,,,,,,,,,,,,,,,,,,,,,,,,,,,,34,,,,,,0,,,,,,,,,,,,,,,,,,,,,,,,,,,,
2013-12-11,Z300KFSE,ST4000DM000,4000787030016,0,,221329880,,,,,,,,0,,,,,,1445,,,,,,,,,,,,,,,,,,,,,,,,,,,,,,25,,,,,,0,,,,,,,,,,,,,,,,,,,,,,,,,,,,
2013-12-11,S1F02XBT,ST3000DM001,3000592982016,0,,82204200,,,,,,,,0,,,,,,15572,,,,,,,,,,,,,,,,,,,,,,,,,,,,,,20,,,,,,0,,,,,,,,,,,,,,,,,,,,,,,,,,,,
2013-12-11,PL1311LAG3DEKH,Hitachi HDS5C4040ALE630,4000787030016,0,,0,,,,,,,,0,,,,,,5932,,,,,,,,,,,,,,,,,,,,,,,,,,,,,,27,,,,,,0,,,,,,,,,,,,,,,,,,,,,,,,,,,,
2013-12-11,6VS0C400,ST31500341AS,1500301910016,0,,238709182,,,,,,,,577,,,,,,18982,,,,,,,,,,,,,,,,,,,,,,,,,,,,,,21,,,,,,0,,,,,,,,,,,,,,,,,,,,,,,,,,,,
2013-12-11,W300BX8K,ST4000DM000,4000787030016,0,,222960096,,,,,,,,0,,,,,,1871,,,,,,,,,,,,,,,,,,,,,,,,,,,,,,24,,,,,,0,,,,,,,,,,,,,,,,,,,,,,,,,,,,
2013-12-11,PL2311LAG1M3MC,Hitachi HDS5C4040ALE630,4000787030016,0,,0,,,,,,,,0,,,,,,7757,,,,,,,,,,,,,,,,,,,,,,,,,,,,,,27,,,,,,0,,,,,,,,,,,,,,,,,,,,,,,,,,,,
2013-12-11,9VS3HRV2,ST31500341AS,1500301910016,0,,169389782,,,,,,,,16,,,,,,32389,,,,,,,,,,,,,,,,,,,,,,,,,,,,,,29,,,,,,0,,,,,,,,,,,,,,,,,,,,,,,,,,,,
2013-12-11,MJ1321YNG0R5UA,Hitachi HDS5C3030ALA630,3000592982016,0,,0,,,,,,,,0,,,,,,19728,,,,,,,,,,,,,,,,,,,,,,,,,,,,,,24,,,,,,0,,,,,,,,,,,,,,,,,,,,,,,,,,,,
2013-12-11,PL1311LAG1K3HA,Hitachi HDS5C4040ALE630,4000787030016,0,,0,,,,,,,,0,,,,,,6075,,,,,,,,,,,,,,,,,,,,,,,,,,,,,,20,,,,,,0,,,,,,,,,,,,,,,,,,,,,,,,,,,,
2013-12-11,JK11A8B9J9HW5F,Hitachi HDS722020ALA330,2000398934016,0,,0,,,,,,,,2,,,,,,25580,,,,,,,,,,,,,,,,,,,,,,,,,,,,,,24,,,,,,0,,,,,,,,,,,,,,,,,,,,,,,,,,,,
2013-12-11,JK1101B9JP4P8R,Hitachi HDS722020ALA330,2000398934016,0,,0,,,,,,,,0,,,,,,24306,,,,,,,,,,,,,,,,,,,,,,,,,,,,,,26,,,,,,0,,,,,,,,,,,,,,,,,,,,,,,,,,,,
2013-12-11,6XW03Y66,ST31500541AS,1500301910016,0,,91035568,,,,,,,,0,,,,,,36960,,,,,,,,,,,,,,,,,,,,,,,,,,,,,,22,,,,,,0,,,,,,,,,,,,,,,,,,,,,,,,,,,,
2013-12-11,MJ0351YNG9UHXA,Hitachi HDS5C3030ALA630,3000592982016,0,,0,,,,,,,,0,,,,,,9274,,,,,,,,,,,,,,,,,,,,,,,,,,,,,,25,,,,,,0,,,,,,,,,,,,,,,,,,,,,,,,,,,,
2013-12-11,MJ1321YNG0GXPA,Hitachi HDS5C3030ALA630,3000592982016,0,,196608,,,,,,,,0,,,,,,20732,,,,,,,,,,,,,,,,,,,,,,,,,,,,,,24,,,,,,0,,,,,,,,,,,,,,,,,,,,,,,,,,,,
2013-12-11,9XW01QZ4,ST31500541AS,1500301910016,0,,143858272,,,,,,,,0,,,,,,35747,,,,,,,,,,,,,,,,,,,,,,,,,,,,,,22,,,,,,0,,,,,,,,,,,,,,,,,,,,,,,,,,,,
2013-12-11,9XW01QZ8,ST31500541AS,1500301910016,0,,141503247,,,,,,,,0,,,,,,35651,,,,,,,,,,,,,,,,,,,,,,,,,,,,,,20,,,,,,0,,,,,,,,,,,,,,,,,,,,,,,,,,,,
2013-12-11,MJ1311YNG26WPA,Hitachi HDS5C3030ALA630,3000592982016,0,,0,,,,,,,,0,,,,,,5315,,,,,,,,,,,,,,,,,,,,,,,,,,,,,,27,,,,,,0,,,,,,,,,,,,,,,,,,,,,,,,,,,,
2013-12-11,JK11A8B9J9559F,Hitachi HDS722020ALA330,2000398934016,0,,1,,,,,,,,0,,,,,,24983,,,,,,,,,,,,,,,,,,,,,,,,,,,,,,25,,,,,,0,,,,,,,,,,,,,,,,,,,,,,,,,,,,
2013-12-11,WD-WCAU45917026,WDC WD10EACS,1000204886016,0,,9,,,,,,,,0,,,,,,42384,,,,,,,,,,,,,,,,,,,,,,,,,,,,,,26,,,,,,0,,,,,,,,,,,,,,,,,,,,,,,,,,,,
2013-12-11,S1F08DAM,ST3000DM001,3000592982016,0,,219934080,,,,,,,,0,,,,,,12875,,,,,,,,,,,,,,,,,,,,,,,,,,,,,,26,,,,,,0,,,,,,,,,,,,,,,,,,,,,,,,,,,,
2013-12-11,MJ0351YNG9XY1A,Hitachi HDS5C3030ALA630,3000592982016,0,,0,,,,,,,,0,,,,,,9483,,,,,,,,,,,,,,,,,,,,,,,,,,,,,,31,,,,,,0,,,,,,,,,,,,,,,,,,,,,,,,,,,,
2013-12-11,PL1311LAG24RNA,Hitachi HDS5C4040ALE630,4000787030016,0,,0,,,,,,,,0,,,,,,6653,,,,,,,,,,,,,,,,,,,,,,,,,,,,,,26,,,,,,0,,,,,,,,,,,,,,,,,,,,,,,,,,,,
2013-12-11,MJ0351YNG9TZ4A,Hitachi HDS5C3030ALA630,3000592982016,0,,0,,,,,,,,0,,,,,,7612,,,,,,,,,,,,,,,,,,,,,,,,,,,,,,24,,,,,,0,,,,,,,,,,,,,,,,,,,,,,,,,,,,
2013-12-11,JK1130YAG528RT,Hitachi HDS722020ALA330,2000398934016,0,,65536,,,,,,,,0,,,,,,18604,,,,,,,,,,,,,,,,,,,,,,,,,,,,,,27,,,,,,0,,,,,,,,,,,,,,,,,,,,,,,,,,,,
2013-12-11,JK11A8B9J2KMBF,Hitachi HDS722020ALA330,2000398934016,0,,0,,,,,,,,0,,,,,,25580,,,,,,,,,,,,,,,,,,,,,,,,,,,,,,27,,,,,,0,,,,,,,,,,,,,,,,,,,,,,,,,,,,
2013-12-11,MK0301YHGN2K9D,Hitachi HDS723030ALA640,3000592982016,0,,0,,,,,,,,0,,,,,,17012,,,,,,,,,,,,,,,,,,,,,,,,,,,,,,29,,,,,,0,,,,,,,,,,,,,,,,,,,,,,,,,,,,
2013-12-11,MJ1311YNG324RA,Hitachi HDS5C3030ALA630,3000592982016,0,,0,,,,,,,,0,,,,,,18315,,,,,,,,,,,,,,,,,,,,,,,,,,,,,,24,,,,,,0,,,,,,,,,,,,,,,,,,,,,,,,,,,,
2013-12-11,S1F02YLT,ST3000DM001,3000592982016,0,,176372992,,,,,,,,0,,,,,,15621,,,,,,,,,,,,,,,,,,,,,,,,,,,,,,24,,,,,,8,,,,,,,,,,,,,,,,,,,,,,,,,,,,
2013-12-11,JK11A8B9J93J7F,Hitachi HDS722020ALA330,2000398934016,0,,0,,,,,,,,0,,,,,,24983,,,,,,,,,,,,,,,,,,,,,,,,,,,,,,25,,,,,,0,,,,,,,,,,,,,,,,,,,,,,,,,,,,
2013-12-11,JK11A8B9J1KS1F,Hitachi HDS722020ALA330,2000398934016,0,,0,,,,,,,,0,,,,,,25539,,,,,,,,,,,,,,,,,,,,,,,,,,,,,,29,,,,,,0,,,,,,,,,,,,,,,,,,,,,,,,,,,,
2013-12-11,5XW197B6,ST32000542AS,2000398934016,0,,115642536,,,,,,,,2341,,,,,,17231,,,,,,,,,,,,,,,,,,,,,,,,,,,,,,23,,,,,,0,,,,,,,,,,,,,,,,,,,,,,,,,,,,
2013-12-11,PL1311LAG3EBYH,Hitachi HDS5C4040ALE630,4000787030016,0,,0,,,,,,,,0,,,,,,6654,,,,,,,,,,,,,,,,,,,,,,,,,,,,,,23,,,,,,0,,,,,,,,,,,,,,,,,,,,,,,,,,,,
2013-12-11,MJ0351YNG9WDXA,Hitachi HDS5C3030ALA630,3000592982016,0,,24119357,,,,,,,,72,,,,,,9191,,,,,,,,,,,,,,,,,,,,,,,,,,,,,,30,,,,,,1090,,,,,,,,,,,,,,,,,,,,,,,,,,,,
2013-12-11,MJ1311YNG7EJAA,Hitachi HDS5C3030ALA630,3000592982016,0,,0,,,,,,,,0,,,,,,14575,,,,,,,,,,,,,,,,,,,,,,,,,,,,,,21,,,,,,0,,,,,,,,,,,,,,,,,,,,,,,,,,,,
2013-12-11,WD-WCAWZ1168589,WDC WD30EZRX,3000592982016,0,,0,,,,,,,,0,,,,,,17992,,,,,,,,,,,,,,,,,,,,,,,,,,,,,,23,,,,,,0,,,,,,,,,,,,,,,,,,,,,,,,,,,,
2013-12-11,WD-WCAWZ1063400,WDC WD30EZRX,3000592982016,0,,0,,,,,,,,0,,,,,,16075,,,,,,,,,,,,,,,,,,,,,,,,,,,,,,22,,,,,,0,,,,,,,,,,,,,,,,,,,,,,,,,,,,
2013-12-11,PL1321LAG31W4H,Hitachi HDS5C4040ALE630,4000787030016,0,,0,,,,,,,,0,,,,,,5668,,,,,,,,,,,,,,,,,,,,,,,,,,,,,,20,,,,,,0,,,,,,,,,,,,,,,,,,,,,,,,,,,,
2013-12-11,MK0311YHG54K7A,Hitachi HDS723030ALA640,3000592982016,0,,0,,,,,,,,0,,,,,,21793,,,,,,,,,,,,,,,,,,,,,,,,,,,,,,24,,,,,,0,,,,,,,,,,,,,,,,,,,,,,,,,,,,
2013-12-11,MJ0351YNGA6ESA,Hitachi HDS5C3030ALA630,3000592982016,0,,0,,,,,,,,0,,,,,,9131,,,,,,,,,,,,,,,,,,,,,,,,,,,,,,29,,,,,,0,,,,,,,,,,,,,,,,,,,,,,,,,,,,
2013-12-11,PL1301LAG2XVKH,Hitachi HDS5C4040ALE630,4000787030016,0,,0,,,,,,,,0,,,,,,5958,,,,,,,,,,,,,,,,,,,,,,,,,,,,,,26,,,,,,0,,,,,,,,,,,,,,,,,,,,,,,,,,,,
2013-12-11,S1F02WKA,ST3000DM001,3000592982016,0,,159310880,,,,,,,,0,,,,,,13345,,,,,,,,,,,,,,,,,,,,,,,,,,,,,,29,,,,,,0,,,,,,,,,,,,,,,,,,,,,,,,,,,,
2013-12-11,6XW05AH1,ST31500541AS,1500301910016,0,,121536957,,,,,,,,0,,,,,,37143,,,,,,,,,,,,,,,,,,,,,,,,,,,,,,23,,,,,,0,,,,,,,,,,,,,,,,,,,,,,,,,,,,
2013-12-11,MJ1311YNG68YMA,Hitachi HDS5C3030ALA630,3000592982016,0,,0,,,,,,,,0,,,,,,14601,,,,,,,,,,,,,,,,,,,,,,,,,,,,,,21,,,,,,0,,,,,,,,,,,,,,,,,,,,,,,,,,,,
2013-12-11,Z290RHP2,ST33000651AS,3000592982016,0,,52349015,,,,,,,,0,,,,,,17742,,,,,,,,,,,,,,,,,,,,,,,,,,,,,,23,,,,,,0,,,,,,,,,,,,,,,,,,,,,,,,,,,,
2013-12-11,WD-WCAWZ0815286,WDC WD30EZRX,3000592982016,0,,1,,,,,,,,0,,,,,,17593,,,,,,,,,,,,,,,,,,,,,,,,,,,,,,22,,,,,,8,,,,,,,,,,,,,,,,,,,,,,,,,,,,
2013-12-11,JK1160YAHJAB0T,Hitachi HDS722020ALA330,2000398934016,0,,0,,,,,,,,0,,,,,,23376,,,,,,,,,,,,,,,,,,,,,,,,,,,,,,24,,,,,,0,,,,,,,,,,,,,,,,,,,,,,,,,,,,
2013-12-11,JK1101B8KNGZVS,Hitachi HDS722020ALA330,2000398934016,0,,0,,,,,,,,0,,,,,,22954,,,,,,,,,,,,,,,,,,,,,,,,,,,,,,26,,,,,,0,,,,,,,,,,,,,,,,,,,,,,,,,,,,
2013-12-11,MJ1311YNG4E3KA,Hitachi HDS5C3030ALA630,3000592982016,0,,0,,,,,,,,0,,,,,,7536,,,,,,,,,,,,,,,,,,,,,,,,,,,,,,22,,,,,,0,,,,,,,,,,,,,,,,,,,,,,,,,,,,
2013-12-11,JK11A8B9HZ0LDF,Hitachi HDS722020ALA330,2000398934016,0,,65536,,,,,,,,0,,,,,,23579,,,,,,,,,,,,,,,,,,,,,,,,,,,,,,29,,,,,,0,,,,,,,,,,,,,,,,,,,,,,,,,,,,
2013-12-11,W1F0Z4T7,ST3000DM001,3000592982016,0,,232878168,,,,,,,,0,,,,,,10835,,,,,,,,,,,,,,,,,,,,,,,,,,,,,,32,,,,,,0,,,,,,,,,,,,,,,,,,,,,,,,,,,,
2013-12-11,S1F04VH1,ST3000DM001,3000592982016,0,,41461936,,,,,,,,0,,,,,,13345,,,,,,,,,,,,,,,,,,,,,,,,,,,,,,28,,,,,,0,,,,,,,,,,,,,,,,,,,,,,,,,,,,
2013-12-11,MJ1311YNG003JA,Hitachi HDS5C3030ALA630,3000592982016,0,,0,,,,,,,,0,,,,,,14600,,,,,,,,,,,,,,,,,,,,,,,,,,,,,,26,,,,,,0,,,,,,,,,,,,,,,,,,,,,,,,,,,,
2013-12-11,6XW0VGW9,ST31500541AS,1500301910016,0,,205830910,,,,,,,,0,,,,,,33856,,,,,,,,,,,,,,,,,,,,,,,,,,,,,,20,,,,,,0,,,,,,,,,,,,,,,,,,,,,,,,,,,,
2013-12-11,PL2311LAG1AMHC,Hitachi HDS5C4040ALE630,4000787030016,0,,0,,,,,,,,0,,,,,,7759,,,,,,,,,,,,,,,,,,,,,,,,,,,,,,22,,,,,,0,,,,,,,,,,,,,,,,,,,,,,,,,,,,
2013-12-11,JK1101B8KM7UYZ,Hitachi HDS722020ALA330,2000398934016,0,,1,,,,,,,,0,,,,,,22862,,,,,,,,,,,,,,,,,,,,,,,,,,,,,,29,,,,,,0,,,,,,,,,,,,,,,,,,,,,,,,,,,,
2013-12-11,6XW0VGW3,ST31500541AS,1500301910016,0,,158159741,,,,,,,,0,,,,,,33261,,,,,,,,,,,,,,,,,,,,,,,,,,,,,,22,,,,,,0,,,,,,,,,,,,,,,,,,,,,,,,,,,,
2013-12-11,WD-WMC4N1067894,WDC WD30EFRX,3000592982016,0,,0,,,,,,,,0,,,,,,177,,,,,,,,,,,,,,,,,,,,,,,,,,,,,,36,,,,,,0,,,,,,,,,,,,,,,,,,,,,,,,,,,,
2013-12-11,Z1F0MSSJ,ST3000DM001,3000592982016,0,,66836160,,,,,,,,0,,,,,,11695,,,,,,,,,,,,,,,,,,,,,,,,,,,,,,28,,,,,,0,,,,,,,,,,,,,,,,,,,,,,,,,,,,
2013-12-11,JK11A8B9GPHS9F,Hitachi HDS722020ALA330,2000398934016,0,,0,,,,,,,,0,,,,,,26763,,,,,,,,,,,,,,,,,,,,,,,,,,,,,,27,,,,,,0,,,,,,,,,,,,,,,,,,,,,,,,,,,,
2013-12-11,MJ1311YNG0D13A,Hitachi HDS5C3030ALA630,3000592982016,0,,0,,,,,,,,0,,,,,,20498,,,,,,,,,,,,,,,,,,,,,,,,,,,,,,32,,,,,,0,,,,,,,,,,,,,,,,,,,,,,,,,,,,
2013-12-11,Z1Z04D20,ST4000DX000,4000787030016,0,,147150554,,,,,,,,0,,,,,,5379,,,,,,,,,,,,,,,,,,,,,,,,,,,,,,22,,,,,,0,,,,,,,,,,,,,,,,,,,,,,,,,,,,
2013-12-11,JK1105B8GEU7BX,Hitachi HDS722020ALA330,2000398934016,0,,0,,,,,,,,1,,,,,,26858,,,,,,,,,,,,,,,,,,,,,,,,,,,,,,35,,,,,,0,,,,,,,,,,,,,,,,,,,,,,,,,,,,
2013-12-11,JK11A8B9J2Z4GF,Hitachi HDS722020ALA330,2000398934016,0,,0,,,,,,,,0,,,,,,23543,,,,,,,,,,,,,,,,,,,,,,,,,,,,,,39,,,,,,0,,,,,,,,,,,,,,,,,,,,,,,,,,,,
2013-12-11,W300EA8Z,ST4000DM000,4000787030016,0,,226225320,,,,,,,,8,,,,,,4290,,,,,,,,,,,,,,,,,,,,,,,,,,,,,,21,,,,,,0,,,,,,,,,,,,,,,,,,,,,,,,,,,,
2013-12-11,MK0331YHGMRGMA,Hitachi HDS723030ALA640,3000592982016,0,,0,,,,,,,,0,,,,,,17356,,,,,,,,,,,,,,,,,,,,,,,,,,,,,,21,,,,,,0,,,,,,,,,,,,,,,,,,,,,,,,,,,,
2013-12-11,W1F0X4VS,ST3000DM001,3000592982016,0,,213282280,,,,,,,,0,,,,,,10836,,,,,,,,,,,,,,,,,,,,,,,,,,,,,,27,,,,,,0,,,,,,,,,,,,,,,,,,,,,,,,,,,,
2013-12-11,JK11A8B9J7138F,Hitachi HDS722020ALA330,2000398934016,0,,0,,,,,,,,0,,,,,,22698,,,,,,,,,,,,,,,,,,,,,,,,,,,,,,27,,,,,,0,,,,,,,,,,,,,,,,,,,,,,,,,,,,
2013-12-11,JK1130YAHDELET,Hitachi HDS722020ALA330,2000398934016,0,,524306,,,,,,,,7,,,,,,30171,,,,,,,,,,,,,,,,,,,,,,,,,,,,,,27,,,,,,0,,,,,,,,,,,,,,,,,,,,,,,,,,,,
2013-12-11,MJ1321YNG0H9EA,Hitachi HDS5C3030ALA630,3000592982016,0,,0,,,,,,,,0,,,,,,20498,,,,,,,,,,,,,,,,,,,,,,,,,,,,,,29,,,,,,0,,,,,,,,,,,,,,,,,,,,,,,,,,,,
2013-12-11,5XW01KH5,ST32000542AS,2000398934016,0,,2701899,,,,,,,,0,,,,,,29575,,,,,,,,,,,,,,,,,,,,,,,,,,,,,,26,,,,,,0,,,,,,,,,,,,,,,,,,,,,,,,,,,,
2013-12-11,JK11A4B8J1H43W,Hitachi HDS722020ALA330,2000398934016,0,,0,,,,,,,,0,,,,,,23318,,,,,,,,,,,,,,,,,,,,,,,,,,,,,,33,,,,,,0,,,,,,,,,,,,,,,,,,,,,,,,,,,,
2013-12-11,WD-WMC4N0919126,WDC WD30EFRX,3000592982016,0,,0,,,,,,,,0,,,,,,657,,,,,,,,,,,,,,,,,,,,,,,,,,,,,,23,,,,,,0,,,,,,,,,,,,,,,,,,,,,,,,,,,,
2013-12-11,MJ1323YNG1EK1C,Hitachi HDS5C3030ALA630,3000592982016,0,,0,,,,,,,,0,,,,,,19762,,,,,,,,,,,,,,,,,,,,,,,,,,,,,,25,,,,,,0,,,,,,,,,,,,,,,,,,,,,,,,,,,,
2013-12-11,MJ1321YNG0KEXA,Hitachi HDS5C3030ALA630,3000592982016,0,,65537,,,,,,,,0,,,,,,20507,,,,,,,,,,,,,,,,,,,,,,,,,,,,,,24,,,,,,0,,,,,,,,,,,,,,,,,,,,,,,,,,,,
2013-12-11,PL1321LAG34PBH,Hitachi HDS5C4040ALE630,4000787030016,0,,0,,,,,,,,0,,,,,,5949,,,,,,,,,,,,,,,,,,,,,,,,,,,,,,21,,,,,,0,,,,,,,,,,,,,,,,,,,,,,,,,,,,
2013-12-11,PL1321LAGAYMJH,Hitachi HDS5C4040ALE630,4000787030016,0,,0,,,,,,,,0,,,,,,5052,,,,,,,,,,,,,,,,,,,,,,,,,,,,,,30,,,,,,0,,,,,,,,,,,,,,,,,,,,,,,,,,,,
2013-12-11,PL1311LAG14TPA,Hitachi HDS5C4040ALE630,4000787030016,0,,0,,,,,,,,0,,,,,,7415,,,,,,,,,,,,,,,,,,,,,,,,,,,,,,23,,,,,,0,,,,,,,,,,,,,,,,,,,,,,,,,,,,
2013-12-11,S1F0L11K,ST3000DM001,3000592982016,0,,217799768,,,,,,,,0,,,,,,12171,,,,,,,,,,,,,,,,,,,,,,,,,,,,,,22,,,,,,0,,,,,,,,,,,,,,,,,,,,,,,,,,,,
2013-12-11,MJ0351YNGA9Y6A,Hitachi HDS5C3030ALA630,3000592982016,0,,0,,,,,,,,0,,,,,,8212,,,,,,,,,,,,,,,,,,,,,,,,,,,,,,33,,,,,,0,,,,,,,,,,,,,,,,,,,,,,,,,,,,
2013-12-11,JK1101B9HSD9KR,Hitachi HDS722020ALA330,2000398934016,0,,524293,,,,,,,,0,,,,,,26010,,,,,,,,,,,,,,,,,,,,,,,,,,,,,,25,,,,,,0,,,,,,,,,,,,,,,,,,,,,,,,,,,,
2013-12-11,Z300KH7L,ST4000DM000,4000787030016,0,,194071056,,,,,,,,0,,,,,,152,,,,,,,,,,,,,,,,,,,,,,,,,,,,,,26,,,,,,0,,,,,,,,,,,,,,,,,,,,,,,,,,,,
2013-12-11,5XW03685,ST31500541AS,1500301910016,0,,56501927,,,,,,,,0,,,,,,37139,,,,,,,,,,,,,,,,,,,,,,,,,,,,,,22,,,,,,0,,,,,,,,,,,,,,,,,,,,,,,,,,,,
2013-12-11,Z300TQSJ,ST4000DM000,4000787030016,0,,74406600,,,,,,,,0,,,,,,919,,,,,,,,,,,,,,,,,,,,,,,,,,,,,,18,,,,,,0,,,,,,,,,,,,,,,,,,,,,,,,,,,,
2013-12-11,MJ1311YNG7AUVA,Hitachi HDS5C3030ALA630,3000592982016,0,,0,,,,,,,,0,,,,,,14620,,,,,,,,,,,,,,,,,,,,,,,,,,,,,,25,,,,,,0,,,,,,,,,,,,,,,,,,,,,,,,,,,,
2013-12-11,WD-WCAU46083165,WDC WD10EADS,1000204886016,0,,0,,,,,,,,0,,,,,,41846,,,,,,,,,,,,,,,,,,,,,,,,,,,,,,24,,,,,,0,,,,,,,,,,,,,,,,,,,,,,,,,,,,
2013-12-11,MJ1311YNG31ALA,Hitachi HDS5C3030ALA630,3000592982016,0,,1,,,,,,,,0,,,,,,18316,,,,,,,,,,,,,,,,,,,,,,,,,,,,,,25,,,,,,0,,,,,,,,,,,,,,,,,,,,,,,,,,,,
2013-12-11,W1F08J0Y,ST3000DM001,3000592982016,0,,90145128,,,,,,,,0,,,,,,13362,,,,,,,,,,,,,,,,,,,,,,,,,,,,,,19,,,,,,0,,,,,,,,,,,,,,,,,,,,,,,,,,,,
2013-12-11,W1F0ZJK8,ST3000DM001,3000592982016,0,,70711688,,,,,,,,0,,,,,,7991,,,,,,,,,,,,,,,,,,,,,,,,,,,,,,17,,,,,,0,,,,,,,,,,,,,,,,,,,,,,,,,,,,
2013-12-11,JK1170YAJAXB2T,Hitachi HDS722020ALA330,2000398934016,0,,0,,,,,,,,0,,,,,,28154,,,,,,,,,,,,,,,,,,,,,,,,,,,,,,26,,,,,,0,,,,,,,,,,,,,,,,,,,,,,,,,,,,
2013-12-11,MJ0351YNG9YT3A,Hitachi HDS5C3030ALA630,3000592982016,0,,0,,,,,,,,0,,,,,,8873,,,,,,,,,,,,,,,,,,,,,,,,,,,,,,25,,,,,,0,,,,,,,,,,,,,,,,,,,,,,,,,,,,
2013-12-11,Z3006B4V,ST4000DM000,4000787030016,0,,169074664,,,,,,,,0,,,,,,5358,,,,,,,,,,,,,,,,,,,,,,,,,,,,,,23,,,,,,0,,,,,,,,,,,,,,,,,,,,,,,,,,,,
2013-12-11,MJ1311YNG5R6KA,Hitachi HDS5C3030ALA630,3000592982016,0,,0,,,,,,,,0,,,,,,14600,,,,,,,,,,,,,,,,,,,,,,,,,,,,,,21,,,,,,0,,,,,,,,,,,,,,,,,,,,,,,,,,,,
2013-12-11,MJ1323YNG1GX7C,Hitachi HDS5C3030ALA630,3000592982016,0,,0,,,,,,,,0,,,,,,20509,,,,,,,,,,,,,,,,,,,,,,,,,,,,,,24,,,,,,0,,,,,,,,,,,,,,,,,,,,,,,,,,,,
2013-12-11,Z300CNXA,ST4000DM000,4000787030016,0,,232589688,,,,,,,,0,,,,,,2843,,,,,,,,,,,,,,,,,,,,,,,,,,,,,,18,,,,,,0,,,,,,,,,,,,,,,,,,,,,,,,,,,,
2013-12-11,JK1101B9JNS68U,Hitachi HDS722020ALA330,2000398934016,0,,0,,,,,,,,0,,,,,,24426,,,,,,,,,,,,,,,,,,,,,,,,,,,,,,29,,,,,,0,,,,,,,,,,,,,,,,,,,,,,,,,,,,
2013-12-11,PL1311LAG2EEJH,Hitachi HDS5C4040ALE630,4000787030016,0,,0,,,,,,,,0,,,,,,5959,,,,,,,,,,,,,,,,,,,,,,,,,,,,,,17,,,,,,0,,,,,,,,,,,,,,,,,,,,,,,,,,,,
2013-12-11,MJ1311YNG370SA,Hitachi HDS5C3030ALA630,3000592982016,0,,0,,,,,,,,0,,,,,,19309,,,,,,,,,,,,,,,,,,,,,,,,,,,,,,27,,,,,,0,,,,,,,,,,,,,,,,,,,,,,,,,,,,
2013-12-11,9VS29J56,ST31500341AS,1500301910016,0,,130051219,,,,,,,,4,,,,,,38109,,,,,,,,,,,,,,,,,,,,,,,,,,,,,,19,,,,,,0,,,,,,,,,,,,,,,,,,,,,,,,,,,,
2013-12-11,9VS1QWCB,ST31500341AS,1500301910016,0,,13873600,,,,,,,,10,,,,,,40080,,,,,,,,,,,,,,,,,,,,,,,,,,,,,,29,,,,,,0,,,,,,,,,,,,,,,,,,,,,,,,,,,,
2013-12-11,JK1105B8GG46SX,Hitachi HDS722020ALA330,2000398934016,0,,0,,,,,,,,0,,,,,,26859,,,,,,,,,,,,,,,,,,,,,,,,,,,,,,32,,,,,,0,,,,,,,,,,,,,,,,,,,,,,,,,,,,
2013-12-11,WD-WCAWZ0585570,WDC WD30EZRX,3000592982016,0,,193,,,,,,,,0,,,,,,16129,,,,,,,,,,,,,,,,,,,,,,,,,,,,,,22,,,,,,8,,,,,,,,,,,,,,,,,,,,,,,,,,,,
2013-12-11,W1F0VDS7,ST3000DM001,3000592982016,0,,116399792,,,,,,,,0,,,,,,11751,,,,,,,,,,,,,,,,,,,,,,,,,,,,,,24,,,,,,0,,,,,,,,,,,,,,,,,,,,,,,,,,,,
2013-12-11,WD-WCAU47625888,WDC WD10EADS,1000204886016,0,,11,,,,,,,,0,,,,,,40457,,,,,,,,,,,,,,,,,,,,,,,,,,,,,,26,,,,,,0,,,,,,,,,,,,,,,,,,,,,,,,,,,,
2013-12-11,WD-WCAU45279655,WDC WD10EADS,1000204886016,0,,5,,,,,,,,0,,,,,,41373,,,,,,,,,,,,,,,,,,,,,,,,,,,,,,27,,,,,,0,,,,,,,,,,,,,,,,,,,,,,,,,,,,
2013-12-11,WD-WMC4N1100324,WDC WD30EFRX,3000592982016,0,,0,,,,,,,,0,,,,,,633,,,,,,,,,,,,,,,,,,,,,,,,,,,,,,20,,,,,,0,,,,,,,,,,,,,,,,,,,,,,,,,,,,
2013-12-11,MJ1311YNG370GA,Hitachi HDS5C3030ALA630,3000592982016,0,,0,,,,,,,,0,,,,,,18405,,,,,,,,,,,,,,,,,,,,,,,,,,,,,,23,,,,,,0,,,,,,,,,,,,,,,,,,,,,,,,,,,,
2013-12-11,S1F11C16,ST3000DM001,3000592982016,0,,151746768,,,,,,,,0,,,,,,8022,,,,,,,,,,,,,,,,,,,,,,,,,,,,,,22,,,,,,0,,,,,,,,,,,,,,,,,,,,,,,,,,,,
2013-12-11,W300E1SR,ST4000DM000,4000787030016,0,,217388456,,,,,,,,0,,,,,,4165,,,,,,,,,,,,,,,,,,,,,,,,,,,,,,24,,,,,,0,,,,,,,,,,,,,,,,,,,,,,,,,,,,
2013-12-11,S1F0TQWE,ST3000DM001,3000592982016,0,,208098960,,,,,,,,0,,,,,,10771,,,,,,,,,,,,,,,,,,,,,,,,,,,,,,25,,,,,,0,,,,,,,,,,,,,,,,,,,,,,,,,,,,
2013-12-11,Z300MG07,ST4000DM000,4000787030016,0,,74592264,,,,,,,,0,,,,,,2901,,,,,,,,,,,,,,,,,,,,,,,,,,,,,,25,,,,,,0,,,,,,,,,,,,,,,,,,,,,,,,,,,,
2013-12-11,Z300J8TW,ST4000DM000,4000787030016,0,,192671064,,,,,,,,0,,,,,,152,,,,,,,,,,,,,,,,,,,,,,,,,,,,,,27,,,,,,0,,,,,,,,,,,,,,,,,,,,,,,,,,,,
2013-12-11,WD-WMC1T0884303,WDC WD30EFRX,3000592982016,0,,0,,,,,,,,0,,,,,,8840,,,,,,,,,,,,,,,,,,,,,,,,,,,,,,25,,,,,,0,,,,,,,,,,,,,,,,,,,,,,,,,,,,
2013-12-11,Z1F047W6,ST3000DM001,3000592982016,0,,27729504,,,,,,,,0,,,,,,14732,,,,,,,,,,,,,,,,,,,,,,,,,,,,,,24,,,,,,0,,,,,,,,,,,,,,,,,,,,,,,,,,,,
2013-12-11,JK1105B8GBKVJX,Hitachi HDS722020ALA330,2000398934016,0,,0,,,,,,,,0,,,,,,27221,,,,,,,,,,,,,,,,,,,,,,,,,,,,,,30,,,,,,0,,,,,,,,,,,,,,,,,,,,,,,,,,,,
2013-12-11,S1F04RZC,ST3000DM001,3000592982016,0,,232973312,,,,,,,,0,,,,,,13796,,,,,,,,,,,,,,,,,,,,,,,,,,,,,,27,,,,,,0,,,,,,,,,,,,,,,,,,,,,,,,,,,,
2013-12-11,MJ1311YNG35MSA,Hitachi HDS5C3030ALA630,3000592982016,0,,0,,,,,,,,0,,,,,,18040,,,,,,,,,,,,,,,,,,,,,,,,,,,,,,26,,,,,,0,,,,,,,,,,,,,,,,,,,,,,,,,,,,
2013-12-11,WD-WCAU45693210,WDC WD10EADS,1000204886016,0,,0,,,,,,,,0,,,,,,38927,,,,,,,,,,,,,,,,,,,,,,,,,,,,,,30,,,,,,0,,,,,,,,,,,,,,,,,,,,,,,,,,,,
2013-12-11,PL1311LAG333RH,Hitachi HDS5C4040ALE630,4000787030016,0,,0,,,,,,,,0,,,,,,5670,,,,,,,,,,,,,,,,,,,,,,,,,,,,,,19,,,,,,0,,,,,,,,,,,,,,,,,,,,,,,,,,,,
2013-12-11,WD-WCAU45140191,WDC WD10EADS,1000204886016,0,,1,,,,,,,,0,,,,,,40530,,,,,,,,,,,,,,,,,,,,,,,,,,,,,,31,,,,,,0,,,,,,,,,,,,,,,,,,,,,,,,,,,,
2013-12-11,PL1311LAG2EDXH,Hitachi HDS5C4040ALE630,4000787030016,0,,0,,,,,,,,0,,,,,,7415,,,,,,,,,,,,,,,,,,,,,,,,,,,,,,19,,,,,,0,,,,,,,,,,,,,,,,,,,,,,,,,,,,
2013-12-11,Z300E4XS,ST4000DM000,4000787030016,0,,80206184,,,,,,,,0,,,,,,2215,,,,,,,,,,,,,,,,,,,,,,,,,,,,,,21,,,,,,0,,,,,,,,,,,,,,,,,,,,,,,,,,,,
2013-12-11,S1F06GK3,ST3000DM001,3000592982016,0,,22826240,,,,,,,,0,,,,,,13911,,,,,,,,,,,,,,,,,,,,,,,,,,,,,,25,,,,,,24,,,,,,,,,,,,,,,,,,,,,,,,,,,,
2013-12-11,JK1101YAK93W8V,Hitachi HDS722020ALA330,2000398934016,0,,2,,,,,,,,0,,,,,,29654,,,,,,,,,,,,,,,,,,,,,,,,,,,,,,24,,,,,,0,,,,,,,,,,,,,,,,,,,,,,,,,,,,
2013-12-11,JK1171YAK1XBEN,Hitachi HDS722020ALA330,2000398934016,0,,0,,,,,,,,0,,,,,,29668,,,,,,,,,,,,,,,,,,,,,,,,,,,,,,30,,,,,,0,,,,,,,,,,,,,,,,,,,,,,,,,,,,
2013-12-11,9VS1HKG9,ST31500341AS,1500301910016,0,,115785393,,,,,,,,6,,,,,,40405,,,,,,,,,,,,,,,,,,,,,,,,,,,,,,32,,,,,,0,,,,,,,,,,,,,,,,,,,,,,,,,,,,
2013-12-11,S1F009LV,ST3000DM001,3000592982016,0,,37374512,,,,,,,,48,,,,,,15532,,,,,,,,,,,,,,,,,,,,,,,,,,,,,,20,,,,,,0,,,,,,,,,,,,,,,,,,,,,,,,,,,,
2013-12-11,PL1311LAG26UBA,Hitachi HDS5C4040ALE630,4000787030016,0,,0,,,,,,,,0,,,,,,7402,,,,,,,,,,,,,,,,,,,,,,,,,,,,,,29,,,,,,0,,,,,,,,,,,,,,,,,,,,,,,,,,,,
2013-12-11,MJ1311YNG3D2YA,Hitachi HDS5C3030ALA630,3000592982016,0,,0,,,,,,,,0,,,,,,19251,,,,,,,,,,,,,,,,,,,,,,,,,,,,,,24,,,,,,0,,,,,,,,,,,,,,,,,,,,,,,,,,,,
2013-12-11,MJ1311YNG6NSBA,Hitachi HDS5C3030ALA630,3000592982016,0,,0,,,,,,,,0,,,,,,14685,,,,,,,,,,,,,,,,,,,,,,,,,,,,,,18,,,,,,0,,,,,,,,,,,,,,,,,,,,,,,,,,,,
2013-12-11,PL1311LAG2T03H,Hitachi HDS5C4040ALE630,4000787030016,0,,0,,,,,,,,0,,,,,,5052,,,,,,,,,,,,,,,,,,,,,,,,,,,,,,26,,,,,,0,,,,,,,,,,,,,,,,,,,,,,,,,,,,
2013-12-11,JK11A8B9J3BNPF,Hitachi HDS722020ALA330,2000398934016,0,,0,,,,,,,,0,,,,,,24425,,,,,,,,,,,,,,,,,,,,,,,,,,,,,,30,,,,,,0,,,,,,,,,,,,,,,,,,,,,,,,,,,,
2013-12-11,WD-WCAU45521950,WDC WD10EADS,1000204886016,0,,0,,,,,,,,0,,,,,,41397,,,,,,,,,,,,,,,,,,,,,,,,,,,,,,24,,,,,,0,,,,,,,,,,,,,,,,,,,,,,,,,,,,
2013-12-11,MJ1321YNG0PRDA,Hitachi HDS5C3030ALA630,3000592982016,0,,0,,,,,,,,0,,,,,,20507,,,,,,,,,,,,,,,,,,,,,,,,,,,,,,24,,,,,,0,,,,,,,,,,,,,,,,,,,,,,,,,,,,
2013-12-11,PL2311LAG1PNMC,Hitachi HDS5C4040ALE630,4000787030016,0,,0,,,,,,,,0,,,,,,7461,,,,,,,,,,,,,,,,,,,,,,,,,,,,,,27,,,,,,0,,,,,,,,,,,,,,,,,,,,,,,,,,,,
2013-12-11,S1F0TQW9,ST3000DM001,3000592982016,0,,62668880,,,,,,,,0,,,,,,10771,,,,,,,,,,,,,,,,,,,,,,,,,,,,,,22,,,,,,0,,,,,,,,,,,,,,,,,,,,,,,,,,,,
2013-12-11,MK0331YHGT7NUA,Hitachi HDS723030ALA640,3000592982016,0,,0,,,,,,,,0,,,,,,17035,,,,,,,,,,,,,,,,,,,,,,,,,,,,,,29,,,,,,0,,,,,,,,,,,,,,,,,,,,,,,,,,,,
2013-12-11,PL1310LAG0NBHA,Hitachi HDS5C4040ALE630,4000787030016,0,,0,,,,,,,,0,,,,,,12997,,,,,,,,,,,,,,,,,,,,,,,,,,,,,,28,,,,,,0,,,,,,,,,,,,,,,,,,,,,,,,,,,,
2013-12-11,PL1311LAG1BBPA,Hitachi HDS5C4040ALE630,4000787030016,0,,0,,,,,,,,0,,,,,,7457,,,,,,,,,,,,,,,,,,,,,,,,,,,,,,27,,,,,,0,,,,,,,,,,,,,,,,,,,,,,,,,,,,
2013-12-11,PL1331LAG5B32H,HGST HMS5C4040ALE640,4000787030016,0,,0,,,,,,,,0,,,,,,9401,,,,,,,,,,,,,,,,,,,,,,,,,,,,,,31,,,,,,0,,,,,,,,,,,,,,,,,,,,,,,,,,,,
2013-12-11,Z300XHAC,ST4000DM000,4000787030016,0,,200776296,,,,,,,,0,,,,,,799,,,,,,,,,,,,,,,,,,,,,,,,,,,,,,22,,,,,,0,,,,,,,,,,,,,,,,,,,,,,,,,,,,
2013-12-11,MK0311YHGK1TRA,Hitachi HDS723030ALA640,3000592982016,0,,0,,,,,,,,0,,,,,,16734,,,,,,,,,,,,,,,,,,,,,,,,,,,,,,30,,,,,,0,,,,,,,,,,,,,,,,,,,,,,,,,,,,
2013-12-11,Z300XHAA,ST4000DM000,4000787030016,0,,72759456,,,,,,,,0,,,,,,919,,,,,,,,,,,,,,,,,,,,,,,,,,,,,,21,,,,,,0,,,,,,,,,,,,,,,,,,,,,,,,,,,,
2013-12-11,PL1311LAG3DL4H,Hitachi HDS5C4040ALE630,4000787030016,0,,0,,,,,,,,0,,,,,,5670,,,,,,,,,,,,,,,,,,,,,,,,,,,,,,20,,,,,,0,,,,,,,,,,,,,,,,,,,,,,,,,,,,
2013-12-11,W300920T,ST4000DM000,4000787030016,0,,109689736,,,,,,,,0,,,,,,2248,,,,,,,,,,,,,,,,,,,,,,,,,,,,,,21,,,,,,0,,,,,,,,,,,,,,,,,,,,,,,,,,,,
2013-12-11,Z1F0K451,ST3000DM001,3000592982016,0,,988336,,,,,,,,0,,,,,,4134,,,,,,,,,,,,,,,,,,,,,,,,,,,,,,27,,,,,,0,,,,,,,,,,,,,,,,,,,,,,,,,,,,
2013-12-11,W300BLCF,ST4000DM000,4000787030016,0,,184778240,,,,,,,,0,,,,,,4140,,,,,,,,,,,,,,,,,,,,,,,,,,,,,,25,,,,,,0,,,,,,,,,,,,,,,,,,,,,,,,,,,,
2013-12-11,Z300DLQE,ST4000DM000,4000787030016,0,,133510392,,,,,,,,0,,,,,,2857,,,,,,,,,,,,,,,,,,,,,,,,,,,,,,23,,,,,,0,,,,,,,,,,,,,,,,,,,,,,,,,,,,
2013-12-11,Z300DLQY,ST4000DM000,4000787030016,0,,62891232,,,,,,,,0,,,,,,2216,,,,,,,,,,,,,,,,,,,,,,,,,,,,,,20,,,,,,0,,,,,,,,,,,,,,,,,,,,,,,,,,,,
2013-12-11,JK11A8YBKZ9K7F,Hitachi HDS722020ALA330,2000398934016,0,,0,,,,,,,,0,,,,,,26480,,,,,,,,,,,,,,,,,,,,,,,,,,,,,,25,,,,,,0,,,,,,,,,,,,,,,,,,,,,,,,,,,,
2013-12-11,W1F1CL1K,ST3000DM001,3000592982016,0,,209167032,,,,,,,,0,,,,,,8208,,,,,,,,,,,,,,,,,,,,,,,,,,,,,,26,,,,,,0,,,,,,,,,,,,,,,,,,,,,,,,,,,,
2013-12-11,6XW03G0A,ST31500541AS,1500301910016,0,,130492558,,,,,,,,0,,,,,,36941,,,,,,,,,,,,,,,,,,,,,,,,,,,,,,22,,,,,,0,,,,,,,,,,,,,,,,,,,,,,,,,,,,
2013-12-11,W300BLCR,ST4000DM000,4000787030016,0,,230569184,,,,,,,,0,,,,,,4167,,,,,,,,,,,,,,,,,,,,,,,,,,,,,,29,,,,,,0,,,,,,,,,,,,,,,,,,,,,,,,,,,,
2013-12-11,WD-WCAWZ1156126,WDC WD30EZRX,3000592982016,0,,0,,,,,,,,0,,,,,,18016,,,,,,,,,,,,,,,,,,,,,,,,,,,,,,21,,,,,,0,,,,,,,,,,,,,,,,,,,,,,,,,,,,
2013-12-11,W3007X9L,ST4000DM000,4000787030016,0,,172589088,,,,,,,,0,,,,,,4153,,,,,,,,,,,,,,,,,,,,,,,,,,,,,,20,,,,,,0,,,,,,,,,,,,,,,,,,,,,,,,,,,,
2013-12-11,W300D9DF,ST4000DM000,4000787030016,0,,92095664,,,,,,,,0,,,,,,4140,,,,,,,,,,,,,,,,,,,,,,,,,,,,,,26,,,,,,0,,,,,,,,,,,,,,,,,,,,,,,,,,,,
2013-12-11,Z300H9XV,ST4000DM000,4000787030016,0,,178360616,,,,,,,,0,,,,,,2856,,,,,,,,,,,,,,,,,,,,,,,,,,,,,,22,,,,,,0,,,,,,,,,,,,,,,,,,,,,,,,,,,,
2013-12-11,6XW0DDC7,ST32000542AS,2000398934016,0,,72554602,,,,,,,,0,,,,,,25901,,,,,,,,,,,,,,,,,,,,,,,,,,,,,,22,,,,,,0,,,,,,,,,,,,,,,,,,,,,,,,,,,,
2013-12-11,JK11A8B9J3VPBF,Hitachi HDS722020ALA330,2000398934016,0,,0,,,,,,,,0,,,,,,23125,,,,,,,,,,,,,,,,,,,,,,,,,,,,,,35,,,,,,0,,,,,,,,,,,,,,,,,,,,,,,,,,,,
2013-12-11,MJ1323YNG1PBSC,Hitachi HDS5C3030ALA630,3000592982016,0,,0,,,,,,,,0,,,,,,19745,,,,,,,,,,,,,,,,,,,,,,,,,,,,,,26,,,,,,0,,,,,,,,,,,,,,,,,,,,,,,,,,,,
2013-12-11,Z300WWP1,ST4000DM000,4000787030016,0,,19286568,,,,,,,,0,,,,,,919,,,,,,,,,,,,,,,,,,,,,,,,,,,,,,21,,,,,,0,,,,,,,,,,,,,,,,,,,,,,,,,,,,
2013-12-11,PL1311LAG3B2LH,Hitachi HDS5C4040ALE630,4000787030016,0,,0,,,,,,,,0,,,,,,6070,,,,,,,,,,,,,,,,,,,,,,,,,,,,,,22,,,,,,0,,,,,,,,,,,,,,,,,,,,,,,,,,,,
2013-12-11,JK11A1YAJHEDBV,Hitachi HDS722020ALA330,2000398934016,0,,65536,,,,,,,,0,,,,,,28971,,,,,,,,,,,,,,,,,,,,,,,,,,,,,,31,,,,,,0,,,,,,,,,,,,,,,,,,,,,,,,,,,,
2013-12-11,S1F0S3N8,ST3000DM001,3000592982016,0,,29389104,,,,,,,,0,,,,,,10836,,,,,,,,,,,,,,,,,,,,,,,,,,,,,,34,,,,,,0,,,,,,,,,,,,,,,,,,,,,,,,,,,,
2013-12-11,S1F030XX,ST3000DM001,3000592982016,0,,241874832,,,,,,,,0,,,,,,15619,,,,,,,,,,,,,,,,,,,,,,,,,,,,,,24,,,,,,0,,,,,,,,,,,,,,,,,,,,,,,,,,,,
2013-12-11,Z1F0LLGH,ST3000DM001,3000592982016,0,,119516296,,,,,,,,0,,,,,,12169,,,,,,,,,,,,,,,,,,,,,,,,,,,,,,26,,,,,,0,,,,,,,,,,,,,,,,,,,,,,,,,,,,
2013-12-11,6XW12844,ST31500541AS,1500301910016,0,,169052610,,,,,,,,0,,,,,,17014,,,,,,,,,,,,,,,,,,,,,,,,,,,,,,22,,,,,,0,,,,,,,,,,,,,,,,,,,,,,,,,,,,
2013-12-11,W1F08HXS,ST3000DM001,3000592982016,0,,201608624,,,,,,,,2568,,,,,,13373,,,,,,,,,,,,,,,,,,,,,,,,,,,,,,23,,,,,,0,,,,,,,,,,,,,,,,,,,,,,,,,,,,
2013-12-11,JK11A8B9J2WJBF,Hitachi HDS722020ALA330,2000398934016,0,,0,,,,,,,,0,,,,,,24432,,,,,,,,,,,,,,,,,,,,,,,,,,,,,,28,,,,,,0,,,,,,,,,,,,,,,,,,,,,,,,,,,,
2013-12-11,6XW0RP33,ST31500541AS,1500301910016,0,,141055246,,,,,,,,17,,,,,,34417,,,,,,,,,,,,,,,,,,,,,,,,,,,,,,21,,,,,,0,,,,,,,,,,,,,,,,,,,,,,,,,,,,
2013-12-11,S1F030XJ,ST3000DM001,3000592982016,0,,216850968,,,,,,,,0,,,,,,15460,,,,,,,,,,,,,,,,,,,,,,,,,,,,,,18,,,,,,0,,,,,,,,,,,,,,,,,,,,,,,,,,,,
2013-12-11,S1F030XE,ST3000DM001,3000592982016,0,,93301776,,,,,,,,0,,,,,,13880,,,,,,,,,,,,,,,,,,,,,,,,,,,,,,26,,,,,,0,,,,,,,,,,,,,,,,,,,,,,,,,,,,
2013-12-11,Z300CXK4,ST4000DM000,4000787030016,0,,186840896,,,,,,,,0,,,,,,2243,,,,,,,,,,,,,,,,,,,,,,,,,,,,,,22,,,,,,0,,,,,,,,,,,,,,,,,,,,,,,,,,,,
2013-12-11,JK1101B9J3BVEF,Hitachi HDS722020ALA330,2000398934016,0,,65536,,,,,,,,0,,,,,,22703,,,,,,,,,,,,,,,,,,,,,,,,,,,,,,26,,,,,,0,,,,,,,,,,,,,,,,,,,,,,,,,,,,
2013-12-11,PL1311LAG28JXH,Hitachi HDS5C4040ALE630,4000787030016,0,,0,,,,,,,,0,,,,,,7411,,,,,,,,,,,,,,,,,,,,,,,,,,,,,,22,,,,,,0,,,,,,,,,,,,,,,,,,,,,,,,,,,,
2013-12-11,6XW02DM0,ST31500541AS,1500301910016,0,,13675010,,,,,,,,282,,,,,,35784,,,,,,,,,,,,,,,,,,,,,,,,,,,,,,18,,,,,,0,,,,,,,,,,,,,,,,,,,,,,,,,,,,
2013-12-11,JK1101B9J39L1F,Hitachi HDS722020ALA330,2000398934016,0,,0,,,,,,,,8,,,,,,23105,,,,,,,,,,,,,,,,,,,,,,,,,,,,,,25,,,,,,0,,,,,,,,,,,,,,,,,,,,,,,,,,,,
2013-12-11,W1F09X12,ST3000DM001,3000592982016,0,,179759424,,,,,,,,0,,,,,,13885,,,,,,,,,,,,,,,,,,,,,,,,,,,,,,25,,,,,,0,,,,,,,,,,,,,,,,,,,,,,,,,,,,
2013-12-11,JK11A8B9JPZJBF,Hitachi HDS722020ALA330,2000398934016,0,,0,,,,,,,,0,,,,,,24112,,,,,,,,,,,,,,,,,,,,,,,,,,,,,,28,,,,,,0,,,,,,,,,,,,,,,,,,,,,,,,,,,,
2013-12-11,Z1F04JTK,ST3000DM001,3000592982016,0,,15367800,,,,,,,,0,,,,,,14735,,,,,,,,,,,,,,,,,,,,,,,,,,,,,,24,,,,,,0,,,,,,,,,,,,,,,,,,,,,,,,,,,,
2013-12-11,PL1321LAG363DH,Hitachi HDS5C4040ALE630,4000787030016,0,,0,,,,,,,,0,,,,,,5921,,,,,,,,,,,,,,,,,,,,,,,,,,,,,,21,,,,,,0,,,,,,,,,,,,,,,,,,,,,,,,,,,,
2013-12-11,PL1311LAG26MZA,Hitachi HDS5C4040ALE630,4000787030016,0,,0,,,,,,,,0,,,,,,6653,,,,,,,,,,,,,,,,,,,,,,,,,,,,,,26,,,,,,0,,,,,,,,,,,,,,,,,,,,,,,,,,,,
2013-12-11,MK0311YHGGGGTA,Hitachi HDS723030ALA640,3000592982016,0,,76873728,,,,,,,,0,,,,,,21458,,,,,,,,,,,,,,,,,,,,,,,,,,,,,,28,,,,,,0,,,,,,,,,,,,,,,,,,,,,,,,,,,,
2013-12-11,JK11A4B8JM3WGW,Hitachi HDS722020ALA330,2000398934016,0,,0,,,,,,,,0,,,,,,23821,,,,,,,,,,,,,,,,,,,,,,,,,,,,,,37,,,,,,0,,,,,,,,,,,,,,,,,,,,,,,,,,,,
2013-12-11,S1F11K34,ST3000DM001,3000592982016,0,,213302320,,,,,,,,0,,,,,,8210,,,,,,,,,,,,,,,,,,,,,,,,,,,,,,24,,,,,,0,,,,,,,,,,,,,,,,,,,,,,,,,,,,
2013-12-11,MK0311YHGBX32A,Hitachi HDS723030ALA640,3000592982016,0,,917511,,,,,,,,0,,,,,,21458,,,,,,,,,,,,,,,,,,,,,,,,,,,,,,27,,,,,,0,,,,,,,,,,,,,,,,,,,,,,,,,,,,
2013-12-11,S1F039D7,ST3000DM001,3000592982016,0,,124766568,,,,,,,,0,,,,,,13746,,,,,,,,,,,,,,,,,,,,,,,,,,,,,,22,,,,,,0,,,,,,,,,,,,,,,,,,,,,,,,,,,,
2013-12-11,S1F030X9,ST3000DM001,3000592982016,0,,67187544,,,,,,,,14976,,,,,,15238,,,,,,,,,,,,,,,,,,,,,,,,,,,,,,23,,,,,,0,,,,,,,,,,,,,,,,,,,,,,,,,,,,
2013-12-11,JK1104B8JPAJXW,Hitachi HDS722020ALA330,2000398934016,0,,65536,,,,,,,,0,,,,,,23992,,,,,,,,,,,,,,,,,,,,,,,,,,,,,,31,,,,,,0,,,,,,,,,,,,,,,,,,,,,,,,,,,,
2013-12-11,MJ0351YNGA6E4A,Hitachi HDS5C3030ALA630,3000592982016,0,,0,,,,,,,,0,,,,,,7938,,,,,,,,,,,,,,,,,,,,,,,,,,,,,,25,,,,,,0,,,,,,,,,,,,,,,,,,,,,,,,,,,,
2013-12-11,5XW03SVD,ST31500541AS,1500301910016,0,,153252623,,,,,,,,0,,,,,,25535,,,,,,,,,,,,,,,,,,,,,,,,,,,,,,17,,,,,,0,,,,,,,,,,,,,,,,,,,,,,,,,,,,
2013-12-11,MJ0351YNGA8JZA,Hitachi HDS5C3030ALA630,3000592982016,0,,0,,,,,,,,0,,,,,,8142,,,,,,,,,,,,,,,,,,,,,,,,,,,,,,30,,,,,,0,,,,,,,,,,,,,,,,,,,,,,,,,,,,
2013-12-11,MJ1311YNG3DDDA,Hitachi HDS5C3030ALA630,3000592982016,0,,0,,,,,,,,0,,,,,,19254,,,,,,,,,,,,,,,,,,,,,,,,,,,,,,24,,,,,,0,,,,,,,,,,,,,,,,,,,,,,,,,,,,
2013-12-11,WD-WCAWZ0505567,WDC WD30EZRX,3000592982016,0,,0,,,,,,,,0,,,,,,16128,,,,,,,,,,,,,,,,,,,,,,,,,,,,,,19,,,,,,0,,,,,,,,,,,,,,,,,,,,,,,,,,,,
2013-12-11,MJ0351YNG9VZAA,Hitachi HDS5C3030ALA630,3000592982016,0,,0,,,,,,,,0,,,,,,9722,,,,,,,,,,,,,,,,,,,,,,,,,,,,,,29,,,,,,0,,,,,,,,,,,,,,,,,,,,,,,,,,,,
2013-12-11,Z300K9XD,ST4000DM000,4000787030016,0,,221201296,,,,,,,,0,,,,,,2216,,,,,,,,,,,,,,,,,,,,,,,,,,,,,,16,,,,,,0,,,,,,,,,,,,,,,,,,,,,,,,,,,,
2013-12-11,MJ1321YNG17ETA,Hitachi HDS5C3030ALA630,3000592982016,0,,0,,,,,,,,0,,,,,,19728,,,,,,,,,,,,,,,,,,,,,,,,,,,,,,23,,,,,,0,,,,,,,,,,,,,,,,,,,,,,,,,,,,
2013-12-11,W300B0W0,ST4000DM000,4000787030016,0,,14229984,,,,,,,,0,,,,,,4146,,,,,,,,,,,,,,,,,,,,,,,,,,,,,,21,,,,,,0,,,,,,,,,,,,,,,,,,,,,,,,,,,,
2013-12-11,W1F0NZSK,ST3000DM001,3000592982016,0,,67268616,,,,,,,,0,,,,,,9269,,,,,,,,,,,,,,,,,,,,,,,,,,,,,,26,,,,,,0,,,,,,,,,,,,,,,,,,,,,,,,,,,,
2013-12-11,WD-WCAWZ1328180,WDC WD30EZRX,3000592982016,0,,0,,,,,,,,0,,,,,,16124,,,,,,,,,,,,,,,,,,,,,,,,,,,,,,22,,,,,,0,,,,,,,,,,,,,,,,,,,,,,,,,,,,
2013-12-11,JK11A8B9J3GHPF,Hitachi HDS722020ALA330,2000398934016,0,,65537,,,,,,,,0,,,,,,23488,,,,,,,,,,,,,,,,,,,,,,,,,,,,,,23,,,,,,0,,,,,,,,,,,,,,,,,,,,,,,,,,,,
2013-12-11,PL1321LAG36GVH,Hitachi HDS5C4040ALE630,4000787030016,0,,0,,,,,,,,0,,,,,,6652,,,,,,,,,,,,,,,,,,,,,,,,,,,,,,25,,,,,,0,,,,,,,,,,,,,,,,,,,,,,,,,,,,
2013-12-11,S1F0LQHL,ST3000DM001,3000592982016,0,,105749552,,,,,,,,0,,,,,,10593,,,,,,,,,,,,,,,,,,,,,,,,,,,,,,22,,,,,,0,,,,,,,,,,,,,,,,,,,,,,,,,,,,
2013-12-11,Z1Z05AWS,ST4000DX000,4000787030016,0,,80937056,,,,,,,,0,,,,,,5039,,,,,,,,,,,,,,,,,,,,,,,,,,,,,,34,,,,,,0,,,,,,,,,,,,,,,,,,,,,,,,,,,,
2013-12-11,MJ1323YNG1EJRC,Hitachi HDS5C3030ALA630,3000592982016,0,,4,,,,,,,,0,,,,,,19762,,,,,,,,,,,,,,,,,,,,,,,,,,,,,,28,,,,,,0,,,,,,,,,,,,,,,,,,,,,,,,,,,,
2013-12-11,S1F0GGPP,ST3000DM001,3000592982016,0,,146986688,,,,,,,,0,,,,,,12154,,,,,,,,,,,,,,,,,,,,,,,,,,,,,,26,,,,,,0,,,,,,,,,,,,,,,,,,,,,,,,,,,,
2013-12-11,JK11A8B9J7YREF,Hitachi HDS722020ALA330,2000398934016,0,,65539,,,,,,,,0,,,,,,24912,,,,,,,,,,,,,,,,,,,,,,,,,,,,,,26,,,,,,0,,,,,,,,,,,,,,,,,,,,,,,,,,,,
2013-12-11,S1F02NCQ,ST3000DM001,3000592982016,0,,76271880,,,,,,,,0,,,,,,14258,,,,,,,,,,,,,,,,,,,,,,,,,,,,,,20,,,,,,0,,,,,,,,,,,,,,,,,,,,,,,,,,,,
2013-12-11,MK0311YHG2ZZ1A,Hitachi HDS723030ALA640,3000592982016,0,,0,,,,,,,,0,,,,,,22346,,,,,,,,,,,,,,,,,,,,,,,,,,,,,,27,,,,,,0,,,,,,,,,,,,,,,,,,,,,,,,,,,,
2013-12-11,S1F0GGPC,ST3000DM001,3000592982016,0,,69463880,,,,,,,,0,,,,,,12174,,,,,,,,,,,,,,,,,,,,,,,,,,,,,,33,,,,,,0,,,,,,,,,,,,,,,,,,,,,,,,,,,,
2013-12-11,Z300VMTN,ST4000DM000,4000787030016,0,,222325824,,,,,,,,0,,,,,,957,,,,,,,,,,,,,,,,,,,,,,,,,,,,,,19,,,,,,0,,,,,,,,,,,,,,,,,,,,,,,,,,,,
2013-12-11,MK0311YHGM4JTA,Hitachi HDS723030ALA640,3000592982016,0,,0,,,,,,,,0,,,,,,17018,,,,,,,,,,,,,,,,,,,,,,,,,,,,,,29,,,,,,0,,,,,,,,,,,,,,,,,,,,,,,,,,,,
2013-12-11,MK0311YHGH20RA,Hitachi HDS723030ALA640,3000592982016,0,,0,,,,,,,,0,,,,,,16734,,,,,,,,,,,,,,,,,,,,,,,,,,,,,,26,,,,,,0,,,,,,,,,,,,,,,,,,,,,,,,,,,,
2013-12-11,MJ0351YNG9W2DA,Hitachi HDS5C3030ALA630,3000592982016,0,,0,,,,,,,,0,,,,,,9958,,,,,,,,,,,,,,,,,,,,,,,,,,,,,,29,,,,,,0,,,,,,,,,,,,,,,,,,,,,,,,,,,,
2013-12-11,JK1105B8GGADLX,Hitachi HDS722020ALA330,2000398934016,0,,0,,,,,,,,0,,,,,,27168,,,,,,,,,,,,,,,,,,,,,,,,,,,,,,30,,,,,,0,,,,,,,,,,,,,,,,,,,,,,,,,,,,
2013-12-11,JK1101B9GE3HLF,Hitachi HDS722020ALA330,2000398934016,0,,0,,,,,,,,1,,,,,,27487,,,,,,,,,,,,,,,,,,,,,,,,,,,,,,27,,,,,,0,,,,,,,,,,,,,,,,,,,,,,,,,,,,
2013-12-11,W3004VYG,ST4000DM000,4000787030016,0,,78152632,,,,,,,,0,,,,,,2875,,,,,,,,,,,,,,,,,,,,,,,,,,,,,,22,,,,,,0,,,,,,,,,,,,,,,,,,,,,,,,,,,,
2013-12-11,JK11A5B8J0RTNX,Hitachi HDS722020ALA330,2000398934016,0,,0,,,,,,,,0,,,,,,23636,,,,,,,,,,,,,,,,,,,,,,,,,,,,,,27,,,,,,0,,,,,,,,,,,,,,,,,,,,,,,,,,,,
2013-12-11,MJ0351YNGA0HNA,Hitachi HDS5C3030ALA630,3000592982016,0,,0,,,,,,,,0,,,,,,8615,,,,,,,,,,,,,,,,,,,,,,,,,,,,,,29,,,,,,0,,,,,,,,,,,,,,,,,,,,,,,,,,,,
2013-12-11,Z300KKKQ,ST4000DM000,4000787030016,0,,159711952,,,,,,,,0,,,,,,105,,,,,,,,,,,,,,,,,,,,,,,,,,,,,,23,,,,,,0,,,,,,,,,,,,,,,,,,,,,,,,,,,,
2013-12-11,MJ0351YNGA0BVA,Hitachi HDS5C3030ALA630,3000592982016,0,,0,,,,,,,,0,,,,,,8883,,,,,,,,,,,,,,,,,,,,,,,,,,,,,,30,,,,,,0,,,,,,,,,,,,,,,,,,,,,,,,,,,,
2013-12-11,JK11A8B9J4TGGF,Hitachi HDS722020ALA330,2000398934016,0,,851969,,,,,,,,2,,,,,,25584,,,,,,,,,,,,,,,,,,,,,,,,,,,,,,24,,,,,,0,,,,,,,,,,,,,,,,,,,,,,,,,,,,
2013-12-11,PL1311LAG2EDRH,Hitachi HDS5C4040ALE630,4000787030016,0,,0,,,,,,,,0,,,,,,7413,,,,,,,,,,,,,,,,,,,,,,,,,,,,,,21,,,,,,0,,,,,,,,,,,,,,,,,,,,,,,,,,,,
2013-12-11,6XW099YJ,ST31500541AS,1500301910016,0,,124917979,,,,,,,,0,,,,,,30624,,,,,,,,,,,,,,,,,,,,,,,,,,,,,,17,,,,,,0,,,,,,,,,,,,,,,,,,,,,,,,,,,,
2013-12-11,PL1311LAG1YK2A,Hitachi HDS5C4040ALE630,4000787030016,0,,0,,,,,,,,0,,,,,,7452,,,,,,,,,,,,,,,,,,,,,,,,,,,,,,22,,,,,,0,,,,,,,,,,,,,,,,,,,,,,,,,,,,
2013-12-11,JK11A8B9J3N39F,Hitachi HDS722020ALA330,2000398934016,0,,262144,,,,,,,,0,,,,,,23579,,,,,,,,,,,,,,,,,,,,,,,,,,,,,,25,,,,,,0,,,,,,,,,,,,,,,,,,,,,,,,,,,,
2013-12-11,JK11A8B9J30M3F,Hitachi HDS722020ALA330,2000398934016,0,,0,,,,,,,,0,,,,,,24216,,,,,,,,,,,,,,,,,,,,,,,,,,,,,,29,,,,,,0,,,,,,,,,,,,,,,,,,,,,,,,,,,,
2013-12-11,9VS3JYRG,ST31500341AS,1500301910016,0,,79762824,,,,,,,,33,,,,,,32872,,,,,,,,,,,,,,,,,,,,,,,,,,,,,,20,,,,,,0,,,,,,,,,,,,,,,,,,,,,,,,,,,,
2013-12-11,Z1F071HE,ST3000DM001,3000592982016,0,,156301808,,,,,,,,0,,,,,,14733,,,,,,,,,,,,,,,,,,,,,,,,,,,,,,20,,,,,,0,,,,,,,,,,,,,,,,,,,,,,,,,,,,
2013-12-11,S1F02EWR,ST3000DM001,3000592982016,0,,131506488,,,,,,,,0,,,,,,15400,,,,,,,,,,,,,,,,,,,,,,,,,,,,,,21,,,,,,0,,,,,,,,,,,,,,,,,,,,,,,,,,,,
2013-12-11,WD-WMC1T1203338,WDC WD30EFRX,3000592982016,0,,6,,,,,,,,0,,,,,,7392,,,,,,,,,,,,,,,,,,,,,,,,,,,,,,22,,,,,,0,,,,,,,,,,,,,,,,,,,,,,,,,,,,
2013-12-11,Z300XG5Z,ST4000DM000,4000787030016,0,,121677784,,,,,,,,0,,,,,,945,,,,,,,,,,,,,,,,,,,,,,,,,,,,,,21,,,,,,0,,,,,,,,,,,,,,,,,,,,,,,,,,,,
2013-12-11,Z1F32F2J,ST3000DM001,3000592982016,0,,23353808,,,,,,,,0,,,,,,4878,,,,,,,,,,,,,,,,,,,,,,,,,,,,,,24,,,,,,0,,,,,,,,,,,,,,,,,,,,,,,,,,,,
2013-12-11,MK0311YHG29G6A,Hitachi HDS723030ALA640,3000592982016,0,,0,,,,,,,,0,,,,,,16679,,,,,,,,,,,,,,,,,,,,,,,,,,,,,,26,,,,,,0,,,,,,,,,,,,,,,,,,,,,,,,,,,,
2013-12-11,Z300XG52,ST4000DM000,4000787030016,0,,107184704,,,,,,,,0,,,,,,612,,,,,,,,,,,,,,,,,,,,,,,,,,,,,,19,,,,,,0,,,,,,,,,,,,,,,,,,,,,,,,,,,,
2013-12-11,S1F04AXA,ST3000DM001,3000592982016,0,,239399160,,,,,,,,0,,,,,,15246,,,,,,,,,,,,,,,,,,,,,,,,,,,,,,21,,,,,,0,,,,,,,,,,,,,,,,,,,,,,,,,,,,
2013-12-11,JK11A8B9GPG2UF,Hitachi HDS722020ALA330,2000398934016,0,,0,,,,,,,,0,,,,,,26764,,,,,,,,,,,,,,,,,,,,,,,,,,,,,,23,,,,,,0,,,,,,,,,,,,,,,,,,,,,,,,,,,,
2013-12-11,6XW0DET2,ST31500541AS,1500301910016,0,,4004743,,,,,,,,0,,,,,,31467,,,,,,,,,,,,,,,,,,,,,,,,,,,,,,22,,,,,,0,,,,,,,,,,,,,,,,,,,,,,,,,,,,
2013-12-11,6XW00NGV,ST31500541AS,1500301910016,0,,185885225,,,,,,,,0,,,,,,36425,,,,,,,,,,,,,,,,,,,,,,,,,,,,,,19,,,,,,0,,,,,,,,,,,,,,,,,,,,,,,,,,,,
2013-12-11,W1F0HT26,ST3000DM001,3000592982016,0,,48200888,,,,,,,,0,,,,,,9269,,,,,,,,,,,,,,,,,,,,,,,,,,,,,,27,,,,,,0,,,,,,,,,,,,,,,,,,,,,,,,,,,,
2013-12-11,PL1321LAG34GRH,Hitachi HDS5C4040ALE630,4000787030016,0,,0,,,,,,,,0,,,,,,6648,,,,,,,,,,,,,,,,,,,,,,,,,,,,,,22,,,,,,0,,,,,,,,,,,,,,,,,,,,,,,,,,,,
2013-12-11,JK11A8B9J3S5LF,Hitachi HDS722020ALA330,2000398934016,0,,0,,,,,,,,0,,,,,,23125,,,,,,,,,,,,,,,,,,,,,,,,,,,,,,34,,,,,,0,,,,,,,,,,,,,,,,,,,,,,,,,,,,
2013-12-11,MK0311YHGKM7GA,Hitachi HDS723030ALA640,3000592982016,0,,0,,,,,,,,0,,,,,,16660,,,,,,,,,,,,,,,,,,,,,,,,,,,,,,27,,,,,,0,,,,,,,,,,,,,,,,,,,,,,,,,,,,
2013-12-11,S1F03G0F,ST3000DM001,3000592982016,0,,175894360,,,,,,,,0,,,,,,16200,,,,,,,,,,,,,,,,,,,,,,,,,,,,,,25,,,,,,0,,,,,,,,,,,,,,,,,,,,,,,,,,,,
2013-12-11,S1F059PD,ST3000DM001,3000592982016,0,,121676560,,,,,,,,0,,,,,,13796,,,,,,,,,,,,,,,,,,,,,,,,,,,,,,27,,,,,,0,,,,,,,,,,,,,,,,,,,,,,,,,,,,
2013-12-11,PL1311LAG2DZZH,Hitachi HDS5C4040ALE630,4000787030016,0,,0,,,,,,,,0,,,,,,7404,,,,,,,,,,,,,,,,,,,,,,,,,,,,,,27,,,,,,0,,,,,,,,,,,,,,,,,,,,,,,,,,,,
2013-12-11,MJ1311YNG36M9A,Hitachi HDS5C3030ALA630,3000592982016,0,,0,,,,,,,,0,,,,,,19254,,,,,,,,,,,,,,,,,,,,,,,,,,,,,,28,,,,,,0,,,,,,,,,,,,,,,,,,,,,,,,,,,,
2013-12-11,S1F01XDJ,ST3000DM001,3000592982016,0,,61372024,,,,,,,,0,,,,,,7848,,,,,,,,,,,,,,,,,,,,,,,,,,,,,,28,,,,,,0,,,,,,,,,,,,,,,,,,,,,,,,,,,,
2013-12-11,MK0311YHGKKARA,Hitachi HDS723030ALA640,3000592982016,0,,0,,,,,,,,0,,,,,,14732,,,,,,,,,,,,,,,,,,,,,,,,,,,,,,29,,,,,,0,,,,,,,,,,,,,,,,,,,,,,,,,,,,
2013-12-11,MJ1311YNG0N40A,Hitachi HDS5C3030ALA630,3000592982016,0,,0,,,,,,,,0,,,,,,20498,,,,,,,,,,,,,,,,,,,,,,,,,,,,,,29,,,,,,0,,,,,,,,,,,,,,,,,,,,,,,,,,,,
2013-12-11,9VS392E7,ST31500341AS,1500301910016,0,,71485846,,,,,,,,9,,,,,,32876,,,,,,,,,,,,,,,,,,,,,,,,,,,,,,22,,,,,,0,,,,,,,,,,,,,,,,,,,,,,,,,,,,
2013-12-11,WD-WCC070167275,WDC WD30EZRX,3000592982016,0,,0,,,,,,,,0,,,,,,8611,,,,,,,,,,,,,,,,,,,,,,,,,,,,,,27,,,,,,0,,,,,,,,,,,,,,,,,,,,,,,,,,,,
2013-12-11,6XW105PB,ST31500541AS,1500301910016,0,,205003956,,,,,,,,0,,,,,,29923,,,,,,,,,,,,,,,,,,,,,,,,,,,,,,19,,,,,,0,,,,,,,,,,,,,,,,,,,,,,,,,,,,
2013-12-11,JK1101B9JRM7NF,Hitachi HDS722020ALA330,2000398934016,0,,5505049,,,,,,,,162,,,,,,23577,,,,,,,,,,,,,,,,,,,,,,,,,,,,,,29,,,,,,3,,,,,,,,,,,,,,,,,,,,,,,,,,,,
2013-12-11,5XW07401,ST31500541AS,1500301910016,0,,235048968,,,,,,,,0,,,,,,31889,,,,,,,,,,,,,,,,,,,,,,,,,,,,,,25,,,,,,0,,,,,,,,,,,,,,,,,,,,,,,,,,,,
2013-12-11,MJ1311YNG5HWYA,Hitachi HDS5C3030ALA630,3000592982016,0,,0,,,,,,,,0,,,,,,14625,,,,,,,,,,,,,,,,,,,,,,,,,,,,,,23,,,,,,0,,,,,,,,,,,,,,,,,,,,,,,,,,,,
2013-12-11,STF605MH1MR9DW,Hitachi HDT721010SLA360,1000204886016,0,,9764977,,,,,,,,0,,,,,,40584,,,,,,,,,,,,,,,,,,,,,,,,,,,,,,30,,,,,,0,,,,,,,,,,,,,,,,,,,,,,,,,,,,
2013-12-11,MJ1311YNG3GUEA,Hitachi HDS5C3030ALA630,3000592982016,0,,0,,,,,,,,0,,,,,,18941,,,,,,,,,,,,,,,,,,,,,,,,,,,,,,26,,,,,,0,,,,,,,,,,,,,,,,,,,,,,,,,,,,
2013-12-11,JK1101B9JK5VPF,Hitachi HDS722020ALA330,2000398934016,0,,0,,,,,,,,0,,,,,,24462,,,,,,,,,,,,,,,,,,,,,,,,,,,,,,25,,,,,,0,,,,,,,,,,,,,,,,,,,,,,,,,,,,
2013-12-11,JK1101B9JPHB4F,Hitachi HDS722020ALA330,2000398934016,0,,65537,,,,,,,,0,,,,,,23948,,,,,,,,,,,,,,,,,,,,,,,,,,,,,,27,,,,,,0,,,,,,,,,,,,,,,,,,,,,,,,,,,,
2013-12-11,JK1105B8GDEX8X,Hitachi HDS722020ALA330,2000398934016,0,,0,,,,,,,,0,,,,,,27169,,,,,,,,,,,,,,,,,,,,,,,,,,,,,,25,,,,,,0,,,,,,,,,,,,,,,,,,,,,,,,,,,,
2013-12-11,JK11A8B9J0PB6F,Hitachi HDS722020ALA330,2000398934016,0,,0,,,,,,,,0,,,,,,26145,,,,,,,,,,,,,,,,,,,,,,,,,,,,,,27,,,,,,0,,,,,,,,,,,,,,,,,,,,,,,,,,,,
2013-12-11,W300BD05,ST4000DM000,4000787030016,0,,140630088,,,,,,,,0,,,,,,1703,,,,,,,,,,,,,,,,,,,,,,,,,,,,,,22,,,,,,0,,,,,,,,,,,,,,,,,,,,,,,,,,,,
2013-12-11,PL1311LAG3802H,Hitachi HDS5C4040ALE630,4000787030016,0,,0,,,,,,,,0,,,,,,5052,,,,,,,,,,,,,,,,,,,,,,,,,,,,,,28,,,,,,0,,,,,,,,,,,,,,,,,,,,,,,,,,,,
2013-12-11,MK0313YHGD5AJC,Hitachi HDS723030ALA640,3000592982016,0,,0,,,,,,,,0,,,,,,21458,,,,,,,,,,,,,,,,,,,,,,,,,,,,,,25,,,,,,0,,,,,,,,,,,,,,,,,,,,,,,,,,,,
2013-12-11,MJ1311YNG60WYA,Hitachi HDS5C3030ALA630,3000592982016,0,,0,,,,,,,,0,,,,,,14621,,,,,,,,,,,,,,,,,,,,,,,,,,,,,,24,,,,,,0,,,,,,,,,,,,,,,,,,,,,,,,,,,,
2013-12-11,PL2311LAG1UT6C,Hitachi HDS5C4040ALE630,4000787030016,0,,0,,,,,,,,0,,,,,,7757,,,,,,,,,,,,,,,,,,,,,,,,,,,,,,24,,,,,,0,,,,,,,,,,,,,,,,,,,,,,,,,,,,
2013-12-11,WD-WCC070197790,WDC WD30EZRX,3000592982016,0,,0,,,,,,,,0,,,,,,7693,,,,,,,,,,,,,,,,,,,,,,,,,,,,,,23,,,,,,0,,,,,,,,,,,,,,,,,,,,,,,,,,,,
2013-12-11,6XW073S5,ST31500541AS,1500301910016,0,,34602119,,,,,,,,0,,,,,,28371,,,,,,,,,,,,,,,,,,,,,,,,,,,,,,25,,,,,,0,,,,,,,,,,,,,,,,,,,,,,,,,,,,
2013-12-11,W1F0B4SS,ST3000DM001,3000592982016,0,,119304544,,,,,,,,0,,,,,,14727,,,,,,,,,,,,,,,,,,,,,,,,,,,,,,26,,,,,,0,,,,,,,,,,,,,,,,,,,,,,,,,,,,
2013-12-11,MJ0351YNG9Z1GA,Hitachi HDS5C3030ALA630,3000592982016,0,,0,,,,,,,,0,,,,,,9672,,,,,,,,,,,,,,,,,,,,,,,,,,,,,,30,,,,,,0,,,,,,,,,,,,,,,,,,,,,,,,,,,,
2013-12-11,S1F05V3S,ST3000DM001,3000592982016,0,,28242840,,,,,,,,0,,,,,,13372,,,,,,,,,,,,,,,,,,,,,,,,,,,,,,25,,,,,,0,,,,,,,,,,,,,,,,,,,,,,,,,,,,
2013-12-11,PL1321LAGAT68H,Hitachi HDS5C4040ALE630,4000787030016,0,,0,,,,,,,,0,,,,,,5074,,,,,,,,,,,,,,,,,,,,,,,,,,,,,,26,,,,,,0,,,,,,,,,,,,,,,,,,,,,,,,,,,,
2013-12-11,MJ1321YNG0PELA,Hitachi HDS5C3030ALA630,3000592982016,0,,1376256,,,,,,,,0,,,,,,20507,,,,,,,,,,,,,,,,,,,,,,,,,,,,,,26,,,,,,0,,,,,,,,,,,,,,,,,,,,,,,,,,,,
2013-12-11,Z300GYXP,ST4000DM000,4000787030016,0,,28576448,,,,,,,,0,,,,,,3630,,,,,,,,,,,,,,,,,,,,,,,,,,,,,,25,,,,,,0,,,,,,,,,,,,,,,,,,,,,,,,,,,,
2013-12-11,Z300GYXT,ST4000DM000,4000787030016,0,,151729632,,,,,,,,0,,,,,,3588,,,,,,,,,,,,,,,,,,,,,,,,,,,,,,22,,,,,,0,,,,,,,,,,,,,,,,,,,,,,,,,,,,
2013-12-11,Z262G0UAS,TOSHIBA DT01ACA300,3000592982016,0,,0,,,,,,,,0,,,,,,6615,,,,,,,,,,,,,,,,,,,,,,,,,,,,,,25,,,,,,0,,,,,,,,,,,,,,,,,,,,,,,,,,,,
2013-12-11,WD-WMC4N1098644,WDC WD30EFRX,3000592982016,0,,0,,,,,,,,0,,,,,,325,,,,,,,,,,,,,,,,,,,,,,,,,,,,,,28,,,,,,0,,,,,,,,,,,,,,,,,,,,,,,,,,,,
2013-12-11,Z300GYXL,ST4000DM000,4000787030016,0,,127703840,,,,,,,,0,,,,,,3584,,,,,,,,,,,,,,,,,,,,,,,,,,,,,,24,,,,,,0,,,,,,,,,,,,,,,,,,,,,,,,,,,,
2013-12-11,Z300GYXN,ST4000DM000,4000787030016,0,,198209856,,,,,,,,0,,,,,,3581,,,,,,,,,,,,,,,,,,,,,,,,,,,,,,27,,,,,,0,,,,,,,,,,,,,,,,,,,,,,,,,,,,
2013-12-11,Z300GYXF,ST4000DM000,4000787030016,0,,40386352,,,,,,,,0,,,,,,3609,,,,,,,,,,,,,,,,,,,,,,,,,,,,,,21,,,,,,0,,,,,,,,,,,,,,,,,,,,,,,,,,,,
2013-12-11,Z290GLVP,ST33000651AS,3000592982016,0,,184038804,,,,,,,,0,,,,,,15916,,,,,,,,,,,,,,,,,,,,,,,,,,,,,,27,,,,,,0,,,,,,,,,,,,,,,,,,,,,,,,,,,,
2013-12-11,Z300GYX1,ST4000DM000,4000787030016,0,,82918032,,,,,,,,0,,,,,,2899,,,,,,,,,,,,,,,,,,,,,,,,,,,,,,27,,,,,,0,,,,,,,,,,,,,,,,,,,,,,,,,,,,
2013-12-11,Z300GYX3,ST4000DM000,4000787030016,0,,113167224,,,,,,,,0,,,,,,3588,,,,,,,,,,,,,,,,,,,,,,,,,,,,,,23,,,,,,0,,,,,,,,,,,,,,,,,,,,,,,,,,,,
2013-12-11,PL1311LAG28N6H,Hitachi HDS5C4040ALE630,4000787030016,0,,0,,,,,,,,0,,,,,,7386,,,,,,,,,,,,,,,,,,,,,,,,,,,,,,26,,,,,,0,,,,,,,,,,,,,,,,,,,,,,,,,,,,
2013-12-11,JK1101B9JPL94F,Hitachi HDS722020ALA330,2000398934016,0,,0,,,,,,,,0,,,,,,24397,,,,,,,,,,,,,,,,,,,,,,,,,,,,,,31,,,,,,0,,,,,,,,,,,,,,,,,,,,,,,,,,,,
2013-12-11,JK11A8B9J9KVHF,Hitachi HDS722020ALA330,2000398934016,0,,0,,,,,,,,0,,,,,,24497,,,,,,,,,,,,,,,,,,,,,,,,,,,,,,26,,,,,,0,,,,,,,,,,,,,,,,,,,,,,,,,,,,
2013-12-11,W1F0B4S8,ST3000DM001,3000592982016,0,,24085784,,,,,,,,0,,,,,,13360,,,,,,,,,,,,,,,,,,,,,,,,,,,,,,23,,,,,,0,,,,,,,,,,,,,,,,,,,,,,,,,,,,
2013-12-11,MJ0351YNG9YHVA,Hitachi HDS5C3030ALA630,3000592982016,0,,0,,,,,,,,0,,,,,,9773,,,,,,,,,,,,,,,,,,,,,,,,,,,,,,26,,,,,,0,,,,,,,,,,,,,,,,,,,,,,,,,,,,
2013-12-11,MJ1311YNG3893A,Hitachi HDS5C3030ALA630,3000592982016,0,,0,,,,,,,,0,,,,,,19253,,,,,,,,,,,,,,,,,,,,,,,,,,,,,,23,,,,,,0,,,,,,,,,,,,,,,,,,,,,,,,,,,,
2013-12-11,JK11A8B9J3ATPF,Hitachi HDS722020ALA330,2000398934016,0,,0,,,,,,,,0,,,,,,23819,,,,,,,,,,,,,,,,,,,,,,,,,,,,,,28,,,,,,0,,,,,,,,,,,,,,,,,,,,,,,,,,,,
2013-12-11,MK0331YHGP95MA,Hitachi HDS723030ALA640,3000592982016,0,,0,,,,,,,,0,,,,,,17356,,,,,,,,,,,,,,,,,,,,,,,,,,,,,,24,,,,,,0,,,,,,,,,,,,,,,,,,,,,,,,,,,,
2013-12-11,MN3221F30DB21E,Hitachi HDS723020BLA642,2000398934016,0,,65539,,,,,,,,1,,,,,,15464,,,,,,,,,,,,,,,,,,,,,,,,,,,,,,26,,,,,,1,,,,,,,,,,,,,,,,,,,,,,,,,,,,
2013-12-11,MJ0351YNG9S4BA,Hitachi HDS5C3030ALA630,3000592982016,0,,0,,,,,,,,0,,,,,,9163,,,,,,,,,,,,,,,,,,,,,,,,,,,,,,26,,,,,,0,,,,,,,,,,,,,,,,,,,,,,,,,,,,
2013-12-11,MJ0351YNGA623A,Hitachi HDS5C3030ALA630,3000592982016,0,,0,,,,,,,,0,,,,,,9131,,,,,,,,,,,,,,,,,,,,,,,,,,,,,,27,,,,,,0,,,,,,,,,,,,,,,,,,,,,,,,,,,,
2013-12-11,MJ0351YNGA280A,Hitachi HDS5C3030ALA630,3000592982016,0,,0,,,,,,,,0,,,,,,9974,,,,,,,,,,,,,,,,,,,,,,,,,,,,,,23,,,,,,0,,,,,,,,,,,,,,,,,,,,,,,,,,,,
2013-12-11,MJ0351YNG9SV5A,Hitachi HDS5C3030ALA630,3000592982016,0,,0,,,,,,,,0,,,,,,9191,,,,,,,,,,,,,,,,,,,,,,,,,,,,,,30,,,,,,0,,,,,,,,,,,,,,,,,,,,,,,,,,,,
2013-12-11,S1F0CWKN,ST3000DM001,3000592982016,0,,29093888,,,,,,,,0,,,,,,12365,,,,,,,,,,,,,,,,,,,,,,,,,,,,,,24,,,,,,0,,,,,,,,,,,,,,,,,,,,,,,,,,,,
2013-12-11,PL1321LAGB2RVH,Hitachi HDS5C4040ALE630,4000787030016,0,,0,,,,,,,,0,,,,,,2981,,,,,,,,,,,,,,,,,,,,,,,,,,,,,,26,,,,,,0,,,,,,,,,,,,,,,,,,,,,,,,,,,,
2013-12-11,MJ1311YNG786SA,Hitachi HDS5C3030ALA630,3000592982016,0,,0,,,,,,,,0,,,,,,14291,,,,,,,,,,,,,,,,,,,,,,,,,,,,,,28,,,,,,0,,,,,,,,,,,,,,,,,,,,,,,,,,,,
2013-12-11,5XW039P7,ST31500541AS,1500301910016,0,,115873419,,,,,,,,0,,,,,,36390,,,,,,,,,,,,,,,,,,,,,,,,,,,,,,22,,,,,,0,,,,,,,,,,,,,,,,,,,,,,,,,,,,
2013-12-11,9VS27FBV,ST31500341AS,1500301910016,0,,206539617,,,,,,,,6,,,,,,38483,,,,,,,,,,,,,,,,,,,,,,,,,,,,,,24,,,,,,0,,,,,,,,,,,,,,,,,,,,,,,,,,,,
2013-12-11,MK0313YHGKT0KC,Hitachi HDS723030ALA640,3000592982016,0,,0,,,,,,,,0,,,,,,21459,,,,,,,,,,,,,,,,,,,,,,,,,,,,,,27,,,,,,0,,,,,,,,,,,,,,,,,,,,,,,,,,,,
2013-12-11,W1F0A61T,ST3000DM001,3000592982016,0,,197655112,,,,,,,,0,,,,,,14234,,,,,,,,,,,,,,,,,,,,,,,,,,,,,,23,,,,,,0,,,,,,,,,,,,,,,,,,,,,,,,,,,,
2013-12-11,MJ1321YNG0S5RA,Hitachi HDS5C3030ALA630,3000592982016,0,,0,,,,,,,,0,,,,,,20512,,,,,,,,,,,,,,,,,,,,,,,,,,,,,,21,,,,,,0,,,,,,,,,,,,,,,,,,,,,,,,,,,,
2013-12-11,MJ0351YNGA0WTA,Hitachi HDS5C3030ALA630,3000592982016,0,,0,,,,,,,,0,,,,,,10000,,,,,,,,,,,,,,,,,,,,,,,,,,,,,,32,,,,,,0,,,,,,,,,,,,,,,,,,,,,,,,,,,,
2013-12-11,W300B33Z,ST4000DM000,4000787030016,0,,202036224,,,,,,,,0,,,,,,3585,,,,,,,,,,,,,,,,,,,,,,,,,,,,,,22,,,,,,0,,,,,,,,,,,,,,,,,,,,,,,,,,,,
2013-12-11,W1F0A61Y,ST3000DM001,3000592982016,0,,66469208,,,,,,,,0,,,,,,13820,,,,,,,,,,,,,,,,,,,,,,,,,,,,,,25,,,,,,0,,,,,,,,,,,,,,,,,,,,,,,,,,,,
2013-12-11,JK1101YAK6ALJV,Hitachi HDS722020ALA330,2000398934016,0,,458753,,,,,,,,0,,,,,,29211,,,,,,,,,,,,,,,,,,,,,,,,,,,,,,28,,,,,,0,,,,,,,,,,,,,,,,,,,,,,,,,,,,
2013-12-11,W1F0JCG9,ST3000DM001,3000592982016,0,,213184232,,,,,,,,0,,,,,,7995,,,,,,,,,,,,,,,,,,,,,,,,,,,,,,19,,,,,,0,,,,,,,,,,,,,,,,,,,,,,,,,,,,
2013-12-11,WD-WCAU45410339,WDC WD10EADS,1000204886016,0,,11,,,,,,,,0,,,,,,41078,,,,,,,,,,,,,,,,,,,,,,,,,,,,,,28,,,,,,0,,,,,,,,,,,,,,,,,,,,,,,,,,,,
2013-12-11,JK11A1YAJHB4AV,Hitachi HDS722020ALA330,2000398934016,0,,0,,,,,,,,0,,,,,,28971,,,,,,,,,,,,,,,,,,,,,,,,,,,,,,32,,,,,,0,,,,,,,,,,,,,,,,,,,,,,,,,,,,
2013-12-11,MJ1323YNG1NTMC,Hitachi HDS5C3030ALA630,3000592982016,0,,0,,,,,,,,0,,,,,,19744,,,,,,,,,,,,,,,,,,,,,,,,,,,,,,26,,,,,,0,,,,,,,,,,,,,,,,,,,,,,,,,,,,
2013-12-11,WD-WCAU45410336,WDC WD10EADS,1000204886016,0,,0,,,,,,,,0,,,,,,40861,,,,,,,,,,,,,,,,,,,,,,,,,,,,,,29,,,,,,0,,,,,,,,,,,,,,,,,,,,,,,,,,,,
2013-12-11,PL1311LAG3AESH,Hitachi HDS5C4040ALE630,4000787030016,0,,0,,,,,,,,0,,,,,,5069,,,,,,,,,,,,,,,,,,,,,,,,,,,,,,26,,,,,,0,,,,,,,,,,,,,,,,,,,,,,,,,,,,
2013-12-11,5XW0WME2,ST32000542AS,2000398934016,0,,126338511,,,,,,,,0,,,,,,17230,,,,,,,,,,,,,,,,,,,,,,,,,,,,,,18,,,,,,0,,,,,,,,,,,,,,,,,,,,,,,,,,,,
2013-12-11,5XW039PH,ST31500541AS,1500301910016,0,,25535683,,,,,,,,0,,,,,,37170,,,,,,,,,,,,,,,,,,,,,,,,,,,,,,25,,,,,,0,,,,,,,,,,,,,,,,,,,,,,,,,,,,
2013-12-11,JK11A8B9J367NF,Hitachi HDS722020ALA330,2000398934016,0,,0,,,,,,,,0,,,,,,23512,,,,,,,,,,,,,,,,,,,,,,,,,,,,,,28,,,,,,0,,,,,,,,,,,,,,,,,,,,,,,,,,,,
2013-12-11,MJ1311YNG38WKA,Hitachi HDS5C3030ALA630,3000592982016,0,,0,,,,,,,,0,,,,,,18947,,,,,,,,,,,,,,,,,,,,,,,,,,,,,,26,,,,,,0,,,,,,,,,,,,,,,,,,,,,,,,,,,,
2013-12-11,6XW02YGC,ST31500541AS,1500301910016,0,,126655006,,,,,,,,0,,,,,,36451,,,,,,,,,,,,,,,,,,,,,,,,,,,,,,18,,,,,,0,,,,,,,,,,,,,,,,,,,,,,,,,,,,
2013-12-11,MJ1311YNG0NL6A,Hitachi HDS5C3030ALA630,3000592982016,0,,0,,,,,,,,0,,,,,,20498,,,,,,,,,,,,,,,,,,,,,,,,,,,,,,30,,,,,,0,,,,,,,,,,,,,,,,,,,,,,,,,,,,
2013-12-11,JK1101B9JPRBBR,Hitachi HDS722020ALA330,2000398934016,0,,0,,,,,,,,0,,,,,,24099,,,,,,,,,,,,,,,,,,,,,,,,,,,,,,29,,,,,,0,,,,,,,,,,,,,,,,,,,,,,,,,,,,
2013-12-11,6XW0WRZT,ST31500541AS,1500301910016,0,,186735560,,,,,,,,0,,,,,,34172,,,,,,,,,,,,,,,,,,,,,,,,,,,,,,21,,,,,,0,,,,,,,,,,,,,,,,,,,,,,,,,,,,
2013-12-11,Z300JZXD,ST4000DM000,4000787030016,0,,186967280,,,,,,,,0,,,,,,2257,,,,,,,,,,,,,,,,,,,,,,,,,,,,,,21,,,,,,0,,,,,,,,,,,,,,,,,,,,,,,,,,,,
2013-12-11,JK11A8B9J3BLTF,Hitachi HDS722020ALA330,2000398934016,0,,0,,,,,,,,0,,,,,,24495,,,,,,,,,,,,,,,,,,,,,,,,,,,,,,29,,,,,,0,,,,,,,,,,,,,,,,,,,,,,,,,,,,
2013-12-11,JK11A8B9GP4SWF,Hitachi HDS722020ALA330,2000398934016,0,,65536,,,,,,,,0,,,,,,26493,,,,,,,,,,,,,,,,,,,,,,,,,,,,,,25,,,,,,0,,,,,,,,,,,,,,,,,,,,,,,,,,,,
2013-12-11,S1F0S9ZN,ST3000DM001,3000592982016,0,,64235488,,,,,,,,0,,,,,,11022,,,,,,,,,,,,,,,,,,,,,,,,,,,,,,24,,,,,,0,,,,,,,,,,,,,,,,,,,,,,,,,,,,
2013-12-11,MJ1311YNG7LMRA,Hitachi HDS5C3030ALA630,3000592982016,0,,0,,,,,,,,0,,,,,,14600,,,,,,,,,,,,,,,,,,,,,,,,,,,,,,23,,,,,,0,,,,,,,,,,,,,,,,,,,,,,,,,,,,
2013-12-11,PL1331LAGB4MAH,Hitachi HDS5C4040ALE630,4000787030016,0,,0,,,,,,,,0,,,,,,5076,,,,,,,,,,,,,,,,,,,,,,,,,,,,,,24,,,,,,0,,,,,,,,,,,,,,,,,,,,,,,,,,,,
2013-12-11,Z300W5ZD,ST4000DM000,4000787030016,0,,138707872,,,,,,,,0,,,,,,957,,,,,,,,,,,,,,,,,,,,,,,,,,,,,,22,,,,,,0,,,,,,,,,,,,,,,,,,,,,,,,,,,,
2013-12-11,JK11A8B9J86RLF,Hitachi HDS722020ALA330,2000398934016,0,,1,,,,,,,,0,,,,,,25125,,,,,,,,,,,,,,,,,,,,,,,,,,,,,,28,,,,,,0,,,,,,,,,,,,,,,,,,,,,,,,,,,,
2013-12-11,MJ0351YNG92E2A,Hitachi HDS5C3030ALA630,3000592982016,0,,0,,,,,,,,0,,,,,,9941,,,,,,,,,,,,,,,,,,,,,,,,,,,,,,25,,,,,,0,,,,,,,,,,,,,,,,,,,,,,,,,,,,
2013-12-11,Z30056BA,ST4000DM000,4000787030016,0,,127317568,,,,,,,,0,,,,,,2590,,,,,,,,,,,,,,,,,,,,,,,,,,,,,,20,,,,,,0,,,,,,,,,,,,,,,,,,,,,,,,,,,,
2013-12-11,JK1131YAJGV9ZV,Hitachi HDS722020ALA330,2000398934016,0,,0,,,,,,,,0,,,,,,30255,,,,,,,,,,,,,,,,,,,,,,,,,,,,,,28,,,,,,0,,,,,,,,,,,,,,,,,,,,,,,,,,,,
2013-12-11,W300K11W,ST4000DM000,4000787030016,0,,224738736,,,,,,,,0,,,,,,815,,,,,,,,,,,,,,,,,,,,,,,,,,,,,,18,,,,,,0,,,,,,,,,,,,,,,,,,,,,,,,,,,,
2013-12-11,MJ0351YNGA3YKA,Hitachi HDS5C3030ALA630,3000592982016,0,,0,,,,,,,,0,,,,,,9143,,,,,,,,,,,,,,,,,,,,,,,,,,,,,,30,,,,,,0,,,,,,,,,,,,,,,,,,,,,,,,,,,,
2013-12-11,W1F099HF,ST3000DM001,3000592982016,0,,29654736,,,,,,,,0,,,,,,14710,,,,,,,,,,,,,,,,,,,,,,,,,,,,,,25,,,,,,0,,,,,,,,,,,,,,,,,,,,,,,,,,,,
2013-12-11,W300J2DN,ST4000DM000,4000787030016,0,,132709512,,,,,,,,0,,,,,,920,,,,,,,,,,,,,,,,,,,,,,,,,,,,,,21,,,,,,0,,,,,,,,,,,,,,,,,,,,,,,,,,,,
2013-12-11,PL1311LAG2NDSH,Hitachi HDS5C4040ALE630,4000787030016,0,,0,,,,,,,,0,,,,,,5670,,,,,,,,,,,,,,,,,,,,,,,,,,,,,,20,,,,,,0,,,,,,,,,,,,,,,,,,,,,,,,,,,,
2013-12-11,Z1F1QAJF,ST3000DM001,3000592982016,0,,60006984,,,,,,,,0,,,,,,7008,,,,,,,,,,,,,,,,,,,,,,,,,,,,,,19,,,,,,0,,,,,,,,,,,,,,,,,,,,,,,,,,,,
2013-12-11,Z300W5Z2,ST4000DM000,4000787030016,0,,117699360,,,,,,,,0,,,,,,957,,,,,,,,,,,,,,,,,,,,,,,,,,,,,,22,,,,,,0,,,,,,,,,,,,,,,,,,,,,,,,,,,,
2013-12-11,MK0331YHGRE3LD,Hitachi HDS723030ALA640,3000592982016,0,,0,,,,,,,,0,,,,,,17754,,,,,,,,,,,,,,,,,,,,,,,,,,,,,,25,,,,,,0,,,,,,,,,,,,,,,,,,,,,,,,,,,,
2013-12-11,JK1101B9JPG1NF,Hitachi HDS722020ALA330,2000398934016,0,,0,,,,,,,,0,,,,,,23587,,,,,,,,,,,,,,,,,,,,,,,,,,,,,,31,,,,,,0,,,,,,,,,,,,,,,,,,,,,,,,,,,,
2013-12-11,6XW0WRZ1,ST31500541AS,1500301910016,0,,49509162,,,,,,,,0,,,,,,34195,,,,,,,,,,,,,,,,,,,,,,,,,,,,,,22,,,,,,0,,,,,,,,,,,,,,,,,,,,,,,,,,,,
2013-12-11,MJ1321YNG0RLNA,Hitachi HDS5C3030ALA630,3000592982016,0,,0,,,,,,,,0,,,,,,18594,,,,,,,,,,,,,,,,,,,,,,,,,,,,,,21,,,,,,0,,,,,,,,,,,,,,,,,,,,,,,,,,,,
2013-12-11,WD-WCAWZ1148693,WDC WD30EZRX,3000592982016,0,,0,,,,,,,,0,,,,,,18014,,,,,,,,,,,,,,,,,,,,,,,,,,,,,,24,,,,,,0,,,,,,,,,,,,,,,,,,,,,,,,,,,,
2013-12-11,WD-WCAWZ1148690,WDC WD30EZRX,3000592982016,0,,0,,,,,,,,0,,,,,,16066,,,,,,,,,,,,,,,,,,,,,,,,,,,,,,22,,,,,,0,,,,,,,,,,,,,,,,,,,,,,,,,,,,
2013-12-11,MJ0351YNG9YG4A,Hitachi HDS5C3030ALA630,3000592982016,0,,0,,,,,,,,0,,,,,,9191,,,,,,,,,,,,,,,,,,,,,,,,,,,,,,26,,,,,,0,,,,,,,,,,,,,,,,,,,,,,,,,,,,
2013-12-11,MJ1311YNG141XA,Hitachi HDS5C3030ALA630,3000592982016,0,,0,,,,,,,,0,,,,,,20498,,,,,,,,,,,,,,,,,,,,,,,,,,,,,,31,,,,,,0,,,,,,,,,,,,,,,,,,,,,,,,,,,,
2013-12-11,PL1321LAG2Z70H,Hitachi HDS5C4040ALE630,4000787030016,0,,0,,,,,,,,0,,,,,,5959,,,,,,,,,,,,,,,,,,,,,,,,,,,,,,19,,,,,,0,,,,,,,,,,,,,,,,,,,,,,,,,,,,
2013-12-11,S1F0CV9Z,ST3000DM001,3000592982016,0,,227624248,,,,,,,,0,,,,,,12419,,,,,,,,,,,,,,,,,,,,,,,,,,,,,,37,,,,,,0,,,,,,,,,,,,,,,,,,,,,,,,,,,,
2013-12-11,WD-WCAU47235969,WDC WD10EADS,1000204886016,0,,0,,,,,,,,0,,,,,,40474,,,,,,,,,,,,,,,,,,,,,,,,,,,,,,28,,,,,,0,,,,,,,,,,,,,,,,,,,,,,,,,,,,
2013-12-11,Z300CRJ5,ST4000DM000,4000787030016,0,,125391984,,,,,,,,0,,,,,,2245,,,,,,,,,,,,,,,,,,,,,,,,,,,,,,22,,,,,,0,,,,,,,,,,,,,,,,,,,,,,,,,,,,
2013-12-11,Z300JPM2,ST4000DM000,4000787030016,0,,221496960,,,,,,,,0,,,,,,1114,,,,,,,,,,,,,,,,,,,,,,,,,,,,,,26,,,,,,0,,,,,,,,,,,,,,,,,,,,,,,,,,,,
2013-12-11,MJ0351YNG9V3SA,Hitachi HDS5C3030ALA630,3000592982016,0,,0,,,,,,,,0,,,,,,9146,,,,,,,,,,,,,,,,,,,,,,,,,,,,,,31,,,,,,0,,,,,,,,,,,,,,,,,,,,,,,,,,,,
2013-12-11,Z1F0L7NK,ST3000DM001,3000592982016,0,,73904200,,,,,,,,0,,,,,,12180,,,,,,,,,,,,,,,,,,,,,,,,,,,,,,33,,,,,,0,,,,,,,,,,,,,,,,,,,,,,,,,,,,
2013-12-11,6XW038RV,ST31500541AS,1500301910016,0,,4964805,,,,,,,,0,,,,,,36643,,,,,,,,,,,,,,,,,,,,,,,,,,,,,,21,,,,,,0,,,,,,,,,,,,,,,,,,,,,,,,,,,,
2013-12-11,Z300CRJW,ST4000DM000,4000787030016,0,,28993880,,,,,,,,0,,,,,,2246,,,,,,,,,,,,,,,,,,,,,,,,,,,,,,23,,,,,,0,,,,,,,,,,,,,,,,,,,,,,,,,,,,
2013-12-11,S1F0LHH2,ST3000DM001,3000592982016,0,,99641904,,,,,,,,0,,,,,,12171,,,,,,,,,,,,,,,,,,,,,,,,,,,,,,25,,,,,,0,,,,,,,,,,,,,,,,,,,,,,,,,,,,
2013-12-11,S1F0QWQE,ST3000DM001,3000592982016,0,,16990968,,,,,,,,0,,,,,,10739,,,,,,,,,,,,,,,,,,,,,,,,,,,,,,26,,,,,,0,,,,,,,,,,,,,,,,,,,,,,,,,,,,
2013-12-11,Z1F0L7NZ,ST3000DM001,3000592982016,0,,221145512,,,,,,,,0,,,,,,12171,,,,,,,,,,,,,,,,,,,,,,,,,,,,,,20,,,,,,0,,,,,,,,,,,,,,,,,,,,,,,,,,,,
2013-12-11,MJ1311YNG7K69A,Hitachi HDS5C3030ALA630,3000592982016,0,,0,,,,,,,,0,,,,,,14620,,,,,,,,,,,,,,,,,,,,,,,,,,,,,,23,,,,,,0,,,,,,,,,,,,,,,,,,,,,,,,,,,,
2013-12-11,Z1F0L7NS,ST3000DM001,3000592982016,0,,123556416,,,,,,,,0,,,,,,12171,,,,,,,,,,,,,,,,,,,,,,,,,,,,,,20,,,,,,0,,,,,,,,,,,,,,,,,,,,,,,,,,,,
2013-12-11,MJ0351YNGA6MTA,Hitachi HDS5C3030ALA630,3000592982016,0,,0,,,,,,,,0,,,,,,9142,,,,,,,,,,,,,,,,,,,,,,,,,,,,,,31,,,,,,0,,,,,,,,,,,,,,,,,,,,,,,,,,,,
2013-12-11,WD-WMC1T1090564,WDC WD30EFRX,3000592982016,0,,0,,,,,,,,0,,,,,,8840,,,,,,,,,,,,,,,,,,,,,,,,,,,,,,28,,,,,,0,,,,,,,,,,,,,,,,,,,,,,,,,,,,
2013-12-11,PL1311LAG2NESH,Hitachi HDS5C4040ALE630,4000787030016,0,,0,,,,,,,,0,,,,,,6070,,,,,,,,,,,,,,,,,,,,,,,,,,,,,,22,,,,,,0,,,,,,,,,,,,,,,,,,,,,,,,,,,,
2013-12-11,JK1104B8J8474W,Hitachi HDS722020ALA330,2000398934016,0,,0,,,,,,,,0,,,,,,23579,,,,,,,,,,,,,,,,,,,,,,,,,,,,,,25,,,,,,0,,,,,,,,,,,,,,,,,,,,,,,,,,,,
2013-12-11,Z1F0KGF5,ST3000DM001,3000592982016,0,,19301832,,,,,,,,0,,,,,,12175,,,,,,,,,,,,,,,,,,,,,,,,,,,,,,33,,,,,,0,,,,,,,,,,,,,,,,,,,,,,,,,,,,
2013-12-11,Z1F1AD5G,ST3000DM001,3000592982016,0,,228357032,,,,,,,,0,,,,,,7358,,,,,,,,,,,,,,,,,,,,,,,,,,,,,,23,,,,,,0,,,,,,,,,,,,,,,,,,,,,,,,,,,,
2013-12-11,9XW01GPB,ST31500541AS,1500301910016,0,,16630300,,,,,,,,0,,,,,,34956,,,,,,,,,,,,,,,,,,,,,,,,,,,,,,24,,,,,,0,,,,,,,,,,,,,,,,,,,,,,,,,,,,
2013-12-11,PL1311LAG2BBRH,Hitachi HDS5C4040ALE630,4000787030016,0,,0,,,,,,,,0,,,,,,5186,,,,,,,,,,,,,,,,,,,,,,,,,,,,,,27,,,,,,0,,,,,,,,,,,,,,,,,,,,,,,,,,,,
2013-12-11,JK11A8B9J39XYF,Hitachi HDS722020ALA330,2000398934016,0,,0,,,,,,,,0,,,,,,22415,,,,,,,,,,,,,,,,,,,,,,,,,,,,,,27,,,,,,0,,,,,,,,,,,,,,,,,,,,,,,,,,,,
2013-12-11,6XW009N0,ST31500541AS,1500301910016,0,,159108337,,,,,,,,0,,,,,,34757,,,,,,,,,,,,,,,,,,,,,,,,,,,,,,20,,,,,,0,,,,,,,,,,,,,,,,,,,,,,,,,,,,
2013-12-11,W300B1B0,ST4000DM000,4000787030016,0,,220839128,,,,,,,,0,,,,,,4168,,,,,,,,,,,,,,,,,,,,,,,,,,,,,,27,,,,,,0,,,,,,,,,,,,,,,,,,,,,,,,,,,,
2013-12-11,MJ1311YNG6KWLA,Hitachi HDS5C3030ALA630,3000592982016,0,,0,,,,,,,,0,,,,,,14291,,,,,,,,,,,,,,,,,,,,,,,,,,,,,,30,,,,,,0,,,,,,,,,,,,,,,,,,,,,,,,,,,,
2013-12-11,JK11A8B9JPZLZF,Hitachi HDS722020ALA330,2000398934016,0,,1,,,,,,,,0,,,,,,24112,,,,,,,,,,,,,,,,,,,,,,,,,,,,,,26,,,,,,0,,,,,,,,,,,,,,,,,,,,,,,,,,,,
2013-12-11,JK1170YBJXTP9D,Hitachi HDS722020ALA330,2000398934016,0,,65536,,,,,,,,0,,,,,,28154,,,,,,,,,,,,,,,,,,,,,,,,,,,,,,23,,,,,,0,,,,,,,,,,,,,,,,,,,,,,,,,,,,
2013-12-11,PL1311LAG25WGA,Hitachi HDS5C4040ALE630,4000787030016,0,,0,,,,,,,,0,,,,,,6614,,,,,,,,,,,,,,,,,,,,,,,,,,,,,,27,,,,,,0,,,,,,,,,,,,,,,,,,,,,,,,,,,,
2013-12-11,Z300WHWL,ST4000DM000,4000787030016,0,,210097056,,,,,,,,0,,,,,,108,,,,,,,,,,,,,,,,,,,,,,,,,,,,,,22,,,,,,0,,,,,,,,,,,,,,,,,,,,,,,,,,,,
2013-12-11,MK0301YHGM365A,Hitachi HDS723030ALA640,3000592982016,0,,0,,,,,,,,0,,,,,,17017,,,,,,,,,,,,,,,,,,,,,,,,,,,,,,29,,,,,,0,,,,,,,,,,,,,,,,,,,,,,,,,,,,
2013-12-11,JK1175YAHU7JLX,Hitachi HDS722020ALA330,2000398934016,0,,131075,,,,,,,,1,,,,,,30501,,,,,,,,,,,,,,,,,,,,,,,,,,,,,,29,,,,,,0,,,,,,,,,,,,,,,,,,,,,,,,,,,,
2013-12-11,W300DCG3,ST4000DM000,4000787030016,0,,153331456,,,,,,,,0,,,,,,4140,,,,,,,,,,,,,,,,,,,,,,,,,,,,,,26,,,,,,0,,,,,,,,,,,,,,,,,,,,,,,,,,,,
2013-12-11,S1F0326Q,ST3000DM001,3000592982016,0,,169424456,,,,,,,,0,,,,,,16149,,,,,,,,,,,,,,,,,,,,,,,,,,,,,,23,,,,,,0,,,,,,,,,,,,,,,,,,,,,,,,,,,,
2013-12-11,MJ1313YNG1VEUC,Hitachi HDS5C3030ALA630,3000592982016,0,,0,,,,,,,,0,,,,,,21796,,,,,,,,,,,,,,,,,,,,,,,,,,,,,,23,,,,,,0,,,,,,,,,,,,,,,,,,,,,,,,,,,,
2013-12-11,WD-WCAU45143235,WDC WD10EADS,1000204886016,0,,18,,,,,,,,0,,,,,,40463,,,,,,,,,,,,,,,,,,,,,,,,,,,,,,30,,,,,,0,,,,,,,,,,,,,,,,,,,,,,,,,,,,
2013-12-11,S1F0326Y,ST3000DM001,3000592982016,0,,7630184,,,,,,,,0,,,,,,15400,,,,,,,,,,,,,,,,,,,,,,,,,,,,,,25,,,,,,0,,,,,,,,,,,,,,,,,,,,,,,,,,,,
2013-12-11,MJ1311YNG68Y9A,Hitachi HDS5C3030ALA630,3000592982016,0,,0,,,,,,,,0,,,,,,14597,,,,,,,,,,,,,,,,,,,,,,,,,,,,,,28,,,,,,0,,,,,,,,,,,,,,,,,,,,,,,,,,,,
2013-12-11,Z1F0N11J,ST3000DM001,3000592982016,0,,187733456,,,,,,,,0,,,,,,11754,,,,,,,,,,,,,,,,,,,,,,,,,,,,,,28,,,,,,0,,,,,,,,,,,,,,,,,,,,,,,,,,,,
2013-12-11,W1F0VKF2,ST3000DM001,3000592982016,0,,68909904,,,,,,,,5904,,,,,,11611,,,,,,,,,,,,,,,,,,,,,,,,,,,,,,30,,,,,,0,,,,,,,,,,,,,,,,,,,,,,,,,,,,
2013-12-11,MJ0351YNGA5YNA,Hitachi HDS5C3030ALA630,3000592982016,0,,0,,,,,,,,0,,,,,,9163,,,,,,,,,,,,,,,,,,,,,,,,,,,,,,29,,,,,,0,,,,,,,,,,,,,,,,,,,,,,,,,,,,
2013-12-11,Z1F0MWX5,ST3000DM001,3000592982016,0,,181977136,,,,,,,,0,,,,,,12171,,,,,,,,,,,,,,,,,,,,,,,,,,,,,,28,,,,,,0,,,,,,,,,,,,,,,,,,,,,,,,,,,,
2013-12-11,9VS1QY3M,ST31500341AS,1500301910016,0,,228833895,,,,,,,,0,,,,,,40081,,,,,,,,,,,,,,,,,,,,,,,,,,,,,,27,,,,,,0,,,,,,,,,,,,,,,,,,,,,,,,,,,,
2013-12-11,PL1311LAG2BHHH,Hitachi HDS5C4040ALE630,4000787030016,0,,0,,,,,,,,0,,,,,,7413,,,,,,,,,,,,,,,,,,,,,,,,,,,,,,22,,,,,,0,,,,,,,,,,,,,,,,,,,,,,,,,,,,
2013-12-11,WD-WMC1T3158200,WDC WD30EFRX,3000592982016,0,,0,,,,,,,,0,,,,,,1856,,,,,,,,,,,,,,,,,,,,,,,,,,,,,,23,,,,,,0,,,,,,,,,,,,,,,,,,,,,,,,,,,,
2013-12-11,Z300MQM6,ST4000DM000,4000787030016,0,,160537976,,,,,,,,0,,,,,,2889,,,,,,,,,,,,,,,,,,,,,,,,,,,,,,25,,,,,,0,,,,,,,,,,,,,,,,,,,,,,,,,,,,
2013-12-11,W300D573,ST4000DM000,4000787030016,0,,198824624,,,,,,,,0,,,,,,3328,,,,,,,,,,,,,,,,,,,,,,,,,,,,,,18,,,,,,0,,,,,,,,,,,,,,,,,,,,,,,,,,,,
2013-12-11,9VS1K3DK,ST31500341AS,1500301910016,0,,46863280,,,,,,,,155,,,,,,40407,,,,,,,,,,,,,,,,,,,,,,,,,,,,,,30,,,,,,0,,,,,,,,,,,,,,,,,,,,,,,,,,,,
2013-12-11,JK11A8B9J39EWF,Hitachi HDS722020ALA330,2000398934016,0,,0,,,,,,,,0,,,,,,24492,,,,,,,,,,,,,,,,,,,,,,,,,,,,,,33,,,,,,0,,,,,,,,,,,,,,,,,,,,,,,,,,,,
2013-12-11,JK1101B9JPJ9RF,Hitachi HDS722020ALA330,2000398934016,0,,1,,,,,,,,0,,,,,,23991,,,,,,,,,,,,,,,,,,,,,,,,,,,,,,24,,,,,,0,,,,,,,,,,,,,,,,,,,,,,,,,,,,
2013-12-11,JK11A4B8J3HUPW,Hitachi HDS722020ALA330,2000398934016,0,,0,,,,,,,,0,,,,,,23486,,,,,,,,,,,,,,,,,,,,,,,,,,,,,,27,,,,,,0,,,,,,,,,,,,,,,,,,,,,,,,,,,,
2013-12-11,JK11A8B9J838LF,Hitachi HDS722020ALA330,2000398934016,0,,0,,,,,,,,0,,,,,,26025,,,,,,,,,,,,,,,,,,,,,,,,,,,,,,28,,,,,,0,,,,,,,,,,,,,,,,,,,,,,,,,,,,
2013-12-11,PL1321LAG34N8H,Hitachi HDS5C4040ALE630,4000787030016,0,,131094,,,,,,,,1,,,,,,5923,,,,,,,,,,,,,,,,,,,,,,,,,,,,,,20,,,,,,8,,,,,,,,,,,,,,,,,,,,,,,,,,,,
2013-12-11,9XW01Y14,ST31500541AS,1500301910016,0,,189361014,,,,,,,,0,,,,,,34199,,,,,,,,,,,,,,,,,,,,,,,,,,,,,,18,,,,,,0,,,,,,,,,,,,,,,,,,,,,,,,,,,,
2013-12-11,MK0311YHG8J69A,Hitachi HDS723030ALA640,3000592982016,0,,0,,,,,,,,0,,,,,,16660,,,,,,,,,,,,,,,,,,,,,,,,,,,,,,25,,,,,,0,,,,,,,,,,,,,,,,,,,,,,,,,,,,
2013-12-11,MJ1311YNG3ARXA,Hitachi HDS5C3030ALA630,3000592982016,0,,0,,,,,,,,0,,,,,,19325,,,,,,,,,,,,,,,,,,,,,,,,,,,,,,26,,,,,,0,,,,,,,,,,,,,,,,,,,,,,,,,,,,
2013-12-11,PL1311LAG2B0UH,Hitachi HDS5C4040ALE630,4000787030016,0,,0,,,,,,,,0,,,,,,4033,,,,,,,,,,,,,,,,,,,,,,,,,,,,,,26,,,,,,0,,,,,,,,,,,,,,,,,,,,,,,,,,,,
2013-12-11,Z1F07XHE,ST3000DM001,3000592982016,0,,98481568,,,,,,,,0,,,,,,11039,,,,,,,,,,,,,,,,,,,,,,,,,,,,,,25,,,,,,0,,,,,,,,,,,,,,,,,,,,,,,,,,,,
2013-12-11,6XW00XJ3,ST31500541AS,1500301910016,0,,173487925,,,,,,,,0,,,,,,36917,,,,,,,,,,,,,,,,,,,,,,,,,,,,,,23,,,,,,0,,,,,,,,,,,,,,,,,,,,,,,,,,,,
2013-12-11,MK0311YHGB1DBA,Hitachi HDS723030ALA640,3000592982016,0,,0,,,,,,,,0,,,,,,7226,,,,,,,,,,,,,,,,,,,,,,,,,,,,,,32,,,,,,0,,,,,,,,,,,,,,,,,,,,,,,,,,,,
2013-12-11,WD-WCAWZ1157502,WDC WD30EZRX,3000592982016,0,,0,,,,,,,,0,,,,,,17599,,,,,,,,,,,,,,,,,,,,,,,,,,,,,,22,,,,,,0,,,,,,,,,,,,,,,,,,,,,,,,,,,,
2013-12-11,MK0301YHGM9YRD,Hitachi HDS723030ALA640,3000592982016,0,,0,,,,,,,,0,,,,,,17017,,,,,,,,,,,,,,,,,,,,,,,,,,,,,,27,,,,,,0,,,,,,,,,,,,,,,,,,,,,,,,,,,,
2013-12-11,PL1321LAG34A3H,Hitachi HDS5C4040ALE630,4000787030016,0,,0,,,,,,,,1,,,,,,5950,,,,,,,,,,,,,,,,,,,,,,,,,,,,,,22,,,,,,0,,,,,,,,,,,,,,,,,,,,,,,,,,,,
2013-12-11,PL1311LAG2V58A,Hitachi HDS5C4040ALE630,4000787030016,0,,0,,,,,,,,0,,,,,,5137,,,,,,,,,,,,,,,,,,,,,,,,,,,,,,31,,,,,,0,,,,,,,,,,,,,,,,,,,,,,,,,,,,
2013-12-11,W3006B3R,ST4000DM000,4000787030016,0,,126577448,,,,,,,,0,,,,,,2875,,,,,,,,,,,,,,,,,,,,,,,,,,,,,,22,,,,,,0,,,,,,,,,,,,,,,,,,,,,,,,,,,,
2013-12-11,W300D57L,ST4000DM000,4000787030016,0,,34488664,,,,,,,,0,,,,,,4168,,,,,,,,,,,,,,,,,,,,,,,,,,,,,,30,,,,,,0,,,,,,,,,,,,,,,,,,,,,,,,,,,,
2013-12-11,6XW0P6LB,ST31500541AS,1500301910016,0,,101103720,,,,,,,,70,,,,,,28874,,,,,,,,,,,,,,,,,,,,,,,,,,,,,,17,,,,,,0,,,,,,,,,,,,,,,,,,,,,,,,,,,,
2013-12-11,MK0331YHGNE6WA,Hitachi HDS723030ALA640,3000592982016,0,,0,,,,,,,,0,,,,,,17032,,,,,,,,,,,,,,,,,,,,,,,,,,,,,,27,,,,,,0,,,,,,,,,,,,,,,,,,,,,,,,,,,,
2013-12-11,S1F0S4WK,ST3000DM001,3000592982016,0,,66134576,,,,,,,,0,,,,,,10501,,,,,,,,,,,,,,,,,,,,,,,,,,,,,,21,,,,,,0,,,,,,,,,,,,,,,,,,,,,,,,,,,,
2013-12-11,JK1101B9JS3UMR,Hitachi HDS722020ALA330,2000398934016,0,,0,,,,,,,,0,,,,,,23579,,,,,,,,,,,,,,,,,,,,,,,,,,,,,,29,,,,,,0,,,,,,,,,,,,,,,,,,,,,,,,,,,,
2013-12-11,MJ1323YNG1R1HC,Hitachi HDS5C3030ALA630,3000592982016,0,,0,,,,,,,,0,,,,,,19763,,,,,,,,,,,,,,,,,,,,,,,,,,,,,,29,,,,,,0,,,,,,,,,,,,,,,,,,,,,,,,,,,,
2013-12-11,9XW038S5,ST31500541AS,1500301910016,0,,69590871,,,,,,,,0,,,,,,6082,,,,,,,,,,,,,,,,,,,,,,,,,,,,,,27,,,,,,0,,,,,,,,,,,,,,,,,,,,,,,,,,,,
2013-12-11,Z300KN0B,ST4000DM000,4000787030016,0,,197447792,,,,,,,,0,,,,,,2221,,,,,,,,,,,,,,,,,,,,,,,,,,,,,,26,,,,,,0,,,,,,,,,,,,,,,,,,,,,,,,,,,,
2013-12-11,MJ0351YNG9Z1XA,Hitachi HDS5C3030ALA630,3000592982016,0,,0,,,,,,,,0,,,,,,9956,,,,,,,,,,,,,,,,,,,,,,,,,,,,,,28,,,,,,0,,,,,,,,,,,,,,,,,,,,,,,,,,,,
2013-12-11,MJ1311YNG73EJA,Hitachi HDS5C3030ALA630,3000592982016,0,,0,,,,,,,,0,,,,,,14594,,,,,,,,,,,,,,,,,,,,,,,,,,,,,,23,,,,,,0,,,,,,,,,,,,,,,,,,,,,,,,,,,,
2013-12-11,6XW0439L,ST31500541AS,1500301910016,0,,75802326,,,,,,,,0,,,,,,36961,,,,,,,,,,,,,,,,,,,,,,,,,,,,,,22,,,,,,0,,,,,,,,,,,,,,,,,,,,,,,,,,,,
2013-12-11,MJ1311YNG2R65A,Hitachi HDS5C3030ALA630,3000592982016,0,,0,,,,,,,,0,,,,,,14288,,,,,,,,,,,,,,,,,,,,,,,,,,,,,,32,,,,,,0,,,,,,,,,,,,,,,,,,,,,,,,,,,,
2013-12-11,MJ1311YNG5YMYA,Hitachi HDS5C3030ALA630,3000592982016,0,,0,,,,,,,,0,,,,,,14597,,,,,,,,,,,,,,,,,,,,,,,,,,,,,,31,,,,,,0,,,,,,,,,,,,,,,,,,,,,,,,,,,,
2013-12-11,PL1331LAGB5BGH,Hitachi HDS5C4040ALE630,4000787030016,0,,0,,,,,,,,0,,,,,,5074,,,,,,,,,,,,,,,,,,,,,,,,,,,,,,26,,,,,,0,,,,,,,,,,,,,,,,,,,,,,,,,,,,
2013-12-11,MJ1311YNG3EV4A,Hitachi HDS5C3030ALA630,3000592982016,0,,0,,,,,,,,0,,,,,,18928,,,,,,,,,,,,,,,,,,,,,,,,,,,,,,25,,,,,,0,,,,,,,,,,,,,,,,,,,,,,,,,,,,
2013-12-11,Z300MHN6,ST4000DM000,4000787030016,0,,46010040,,,,,,,,0,,,,,,2921,,,,,,,,,,,,,,,,,,,,,,,,,,,,,,22,,,,,,0,,,,,,,,,,,,,,,,,,,,,,,,,,,,
2013-12-11,Z1Z02SPH,ST4000DX000,4000787030016,0,,100024139,,,,,,,,0,,,,,,5078,,,,,,,,,,,,,,,,,,,,,,,,,,,,,,30,,,,,,0,,,,,,,,,,,,,,,,,,,,,,,,,,,,
2013-12-11,JK1101B8KNDDUS,Hitachi HDS722020ALA330,2000398934016,0,,0,,,,,,,,0,,,,,,23098,,,,,,,,,,,,,,,,,,,,,,,,,,,,,,27,,,,,,0,,,,,,,,,,,,,,,,,,,,,,,,,,,,
2013-12-11,JK1101B9JPMP5F,Hitachi HDS722020ALA330,2000398934016,0,,65538,,,,,,,,0,,,,,,23948,,,,,,,,,,,,,,,,,,,,,,,,,,,,,,26,,,,,,0,,,,,,,,,,,,,,,,,,,,,,,,,,,,
2013-12-11,JK1101B9KNEJ4F,Hitachi HDS722020ALA330,2000398934016,0,,0,,,,,,,,0,,,,,,22954,,,,,,,,,,,,,,,,,,,,,,,,,,,,,,25,,,,,,0,,,,,,,,,,,,,,,,,,,,,,,,,,,,
2013-12-11,MJ1311YNG35Z3A,Hitachi HDS5C3030ALA630,3000592982016,0,,0,,,,,,,,0,,,,,,20732,,,,,,,,,,,,,,,,,,,,,,,,,,,,,,24,,,,,,0,,,,,,,,,,,,,,,,,,,,,,,,,,,,
2013-12-11,MJ1323YNG1LZDC,Hitachi HDS5C3030ALA630,3000592982016,0,,0,,,,,,,,0,,,,,,5315,,,,,,,,,,,,,,,,,,,,,,,,,,,,,,26,,,,,,0,,,,,,,,,,,,,,,,,,,,,,,,,,,,
2013-12-11,MJ0351YNGABYGA,Hitachi HDS5C3030ALA630,3000592982016,0,,0,,,,,,,,0,,,,,,8142,,,,,,,,,,,,,,,,,,,,,,,,,,,,,,30,,,,,,0,,,,,,,,,,,,,,,,,,,,,,,,,,,,
2013-12-11,MJ0351YNGA0H6A,Hitachi HDS5C3030ALA630,3000592982016,0,,0,,,,,,,,0,,,,,,8092,,,,,,,,,,,,,,,,,,,,,,,,,,,,,,25,,,,,,0,,,,,,,,,,,,,,,,,,,,,,,,,,,,
2013-12-11,9XW01R8S,ST31500541AS,1500301910016,0,,73255317,,,,,,,,0,,,,,,35041,,,,,,,,,,,,,,,,,,,,,,,,,,,,,,16,,,,,,0,,,,,,,,,,,,,,,,,,,,,,,,,,,,
2013-12-11,MJ0351YNGAD4YA,Hitachi HDS5C3030ALA630,3000592982016,0,,0,,,,,,,,0,,,,,,8142,,,,,,,,,,,,,,,,,,,,,,,,,,,,,,28,,,,,,0,,,,,,,,,,,,,,,,,,,,,,,,,,,,
2013-12-11,S1F04YE0,ST3000DM001,3000592982016,0,,28573248,,,,,,,,0,,,,,,13340,,,,,,,,,,,,,,,,,,,,,,,,,,,,,,29,,,,,,0,,,,,,,,,,,,,,,,,,,,,,,,,,,,
2013-12-11,JK11A8B9J3B70F,Hitachi HDS722020ALA330,2000398934016,0,,0,,,,,,,,0,,,,,,24429,,,,,,,,,,,,,,,,,,,,,,,,,,,,,,26,,,,,,0,,,,,,,,,,,,,,,,,,,,,,,,,,,,
2013-12-11,MJ1311YNG758TA,Hitachi HDS5C3030ALA630,3000592982016,0,,0,,,,,,,,0,,,,,,14574,,,,,,,,,,,,,,,,,,,,,,,,,,,,,,21,,,,,,0,,,,,,,,,,,,,,,,,,,,,,,,,,,,
2013-12-11,JK11A8B9J7G0RF,Hitachi HDS722020ALA330,2000398934016,0,,0,,,,,,,,0,,,,,,24502,,,,,,,,,,,,,,,,,,,,,,,,,,,,,,26,,,,,,0,,,,,,,,,,,,,,,,,,,,,,,,,,,,
2013-12-11,Z300PLYE,ST4000DM000,4000787030016,0,,215681760,,,,,,,,0,,,,,,1228,,,,,,,,,,,,,,,,,,,,,,,,,,,,,,22,,,,,,0,,,,,,,,,,,,,,,,,,,,,,,,,,,,
2013-12-11,Z300PLYC,ST4000DM000,4000787030016,0,,60700728,,,,,,,,0,,,,,,1229,,,,,,,,,,,,,,,,,,,,,,,,,,,,,,22,,,,,,0,,,,,,,,,,,,,,,,,,,,,,,,,,,,
2013-12-11,MJ1321YNG0JXWA,Hitachi HDS5C3030ALA630,3000592982016,0,,0,,,,,,,,0,,,,,,20509,,,,,,,,,,,,,,,,,,,,,,,,,,,,,,24,,,,,,0,,,,,,,,,,,,,,,,,,,,,,,,,,,,
2013-12-11,MJ0351YNG9SKGA,Hitachi HDS5C3030ALA630,3000592982016,0,,0,,,,,,,,0,,,,,,9315,,,,,,,,,,,,,,,,,,,,,,,,,,,,,,30,,,,,,0,,,,,,,,,,,,,,,,,,,,,,,,,,,,
2013-12-11,W1F0AQ4L,ST3000DM001,3000592982016,0,,32770616,,,,,,,,0,,,,,,13373,,,,,,,,,,,,,,,,,,,,,,,,,,,,,,22,,,,,,0,,,,,,,,,,,,,,,,,,,,,,,,,,,,
2013-12-11,JK1101B9HE8V1F,Hitachi HDS722020ALA330,2000398934016,0,,0,,,,,,,,9,,,,,,23512,,,,,,,,,,,,,,,,,,,,,,,,,,,,,,25,,,,,,0,,,,,,,,,,,,,,,,,,,,,,,,,,,,
2013-12-11,W1F0HRAP,ST3000DM001,3000592982016,0,,48143920,,,,,,,,0,,,,,,12249,,,,,,,,,,,,,,,,,,,,,,,,,,,,,,23,,,,,,0,,,,,,,,,,,,,,,,,,,,,,,,,,,,
2013-12-11,JK11A8B9J74JHF,Hitachi HDS722020ALA330,2000398934016,0,,0,,,,,,,,0,,,,,,22698,,,,,,,,,,,,,,,,,,,,,,,,,,,,,,28,,,,,,0,,,,,,,,,,,,,,,,,,,,,,,,,,,,
2013-12-11,W1F0AQ42,ST3000DM001,3000592982016,0,,183597176,,,,,,,,0,,,,,,13360,,,,,,,,,,,,,,,,,,,,,,,,,,,,,,26,,,,,,0,,,,,,,,,,,,,,,,,,,,,,,,,,,,
2013-12-11,JK11A1YAJH31HV,Hitachi HDS722020ALA330,2000398934016,0,,0,,,,,,,,0,,,,,,28852,,,,,,,,,,,,,,,,,,,,,,,,,,,,,,30,,,,,,0,,,,,,,,,,,,,,,,,,,,,,,,,,,,
2013-12-11,JK1101YAJHWU4V,Hitachi HDS722020ALA330,2000398934016,0,,0,,,,,,,,0,,,,,,27160,,,,,,,,,,,,,,,,,,,,,,,,,,,,,,30,,,,,,0,,,,,,,,,,,,,,,,,,,,,,,,,,,,
2013-12-11,S1F0TP2N,ST3000DM001,3000592982016,0,,199606456,,,,,,,,0,,,,,,10397,,,,,,,,,,,,,,,,,,,,,,,,,,,,,,27,,,,,,0,,,,,,,,,,,,,,,,,,,,,,,,,,,,
2013-12-11,MJ1323YNG1NTPC,Hitachi HDS5C3030ALA630,3000592982016,0,,0,,,,,,,,0,,,,,,19745,,,,,,,,,,,,,,,,,,,,,,,,,,,,,,27,,,,,,0,,,,,,,,,,,,,,,,,,,,,,,,,,,,
2013-12-11,W1F0P41T,ST3000DM001,3000592982016,0,,126346640,,,,,,,,0,,,,,,9270,,,,,,,,,,,,,,,,,,,,,,,,,,,,,,28,,,,,,0,,,,,,,,,,,,,,,,,,,,,,,,,,,,
2013-12-11,W1F0DWFY,ST3000DM001,3000592982016,0,,216835328,,,,,,,,0,,,,,,12420,,,,,,,,,,,,,,,,,,,,,,,,,,,,,,33,,,,,,0,,,,,,,,,,,,,,,,,,,,,,,,,,,,
2013-12-11,PL1331LAG5AXUH,HGST HMS5C4040ALE640,4000787030016,0,,0,,,,,,,,0,,,,,,9402,,,,,,,,,,,,,,,,,,,,,,,,,,,,,,28,,,,,,0,,,,,,,,,,,,,,,,,,,,,,,,,,,,
2013-12-11,WD-WCAWZ1192293,WDC WD30EZRX,3000592982016,0,,1,,,,,,,,0,,,,,,16068,,,,,,,,,,,,,,,,,,,,,,,,,,,,,,23,,,,,,128,,,,,,,,,,,,,,,,,,,,,,,,,,,,
2013-12-11,MJ0351YNG9UPXA,Hitachi HDS5C3030ALA630,3000592982016,0,,0,,,,,,,,0,,,,,,9719,,,,,,,,,,,,,,,,,,,,,,,,,,,,,,31,,,,,,0,,,,,,,,,,,,,,,,,,,,,,,,,,,,
2013-12-11,PL1331LAGAZ1GH,Hitachi HDS5C4040ALE630,4000787030016,0,,0,,,,,,,,0,,,,,,5076,,,,,,,,,,,,,,,,,,,,,,,,,,,,,,27,,,,,,0,,,,,,,,,,,,,,,,,,,,,,,,,,,,
2013-12-11,W300DD23,ST4000DM000,4000787030016,0,,53672984,,,,,,,,0,,,,,,4188,,,,,,,,,,,,,,,,,,,,,,,,,,,,,,29,,,,,,0,,,,,,,,,,,,,,,,,,,,,,,,,,,,
2013-12-11,MK0313YHGD6ZKC,Hitachi HDS723030ALA640,3000592982016,0,,0,,,,,,,,0,,,,,,21453,,,,,,,,,,,,,,,,,,,,,,,,,,,,,,28,,,,,,0,,,,,,,,,,,,,,,,,,,,,,,,,,,,
2013-12-11,JK11A8B9J76B0F,Hitachi HDS722020ALA330,2000398934016,0,,65536,,,,,,,,0,,,,,,24630,,,,,,,,,,,,,,,,,,,,,,,,,,,,,,29,,,,,,0,,,,,,,,,,,,,,,,,,,,,,,,,,,,
2013-12-11,MJ1311YNG2XBKA,Hitachi HDS5C3030ALA630,3000592982016,0,,0,,,,,,,,0,,,,,,18203,,,,,,,,,,,,,,,,,,,,,,,,,,,,,,27,,,,,,0,,,,,,,,,,,,,,,,,,,,,,,,,,,,
2013-12-11,MJ0351YNG9TUUA,Hitachi HDS5C3030ALA630,3000592982016,0,,0,,,,,,,,0,,,,,,9974,,,,,,,,,,,,,,,,,,,,,,,,,,,,,,24,,,,,,0,,,,,,,,,,,,,,,,,,,,,,,,,,,,
2013-12-11,PL1311LAG20K7A,Hitachi HDS5C4040ALE630,4000787030016,0,,0,,,,,,,,0,,,,,,7453,,,,,,,,,,,,,,,,,,,,,,,,,,,,,,20,,,,,,0,,,,,,,,,,,,,,,,,,,,,,,,,,,,
2013-12-11,Z1F1FZB1,ST3000DM001,3000592982016,0,,94366472,,,,,,,,0,,,,,,9712,,,,,,,,,,,,,,,,,,,,,,,,,,,,,,25,,,,,,0,,,,,,,,,,,,,,,,,,,,,,,,,,,,
2013-12-11,PL1311LAG1ZL5A,Hitachi HDS5C4040ALE630,4000787030016,0,,0,,,,,,,,0,,,,,,7435,,,,,,,,,,,,,,,,,,,,,,,,,,,,,,26,,,,,,0,,,,,,,,,,,,,,,,,,,,,,,,,,,,
2013-12-11,WD-WCAU45488665,WDC WD10EADS,1000204886016,0,,93,,,,,,,,0,,,,,,41388,,,,,,,,,,,,,,,,,,,,,,,,,,,,,,26,,,,,,0,,,,,,,,,,,,,,,,,,,,,,,,,,,,
2013-12-11,JK11A1YAJHHHWV,Hitachi HDS722020ALA330,2000398934016,0,,0,,,,,,,,0,,,,,,28809,,,,,,,,,,,,,,,,,,,,,,,,,,,,,,27,,,,,,0,,,,,,,,,,,,,,,,,,,,,,,,,,,,
2013-12-11,JK11A8B9J7EH5F,Hitachi HDS722020ALA330,2000398934016,0,,131073,,,,,,,,0,,,,,,23579,,,,,,,,,,,,,,,,,,,,,,,,,,,,,,29,,,,,,0,,,,,,,,,,,,,,,,,,,,,,,,,,,,
2013-12-11,MJ1311YNG7KRJA,Hitachi HDS5C3030ALA630,3000592982016,0,,0,,,,,,,,0,,,,,,14291,,,,,,,,,,,,,,,,,,,,,,,,,,,,,,25,,,,,,0,,,,,,,,,,,,,,,,,,,,,,,,,,,,
2013-12-11,W1F0J9KM,ST3000DM001,3000592982016,0,,188649624,,,,,,,,0,,,,,,12017,,,,,,,,,,,,,,,,,,,,,,,,,,,,,,29,,,,,,0,,,,,,,,,,,,,,,,,,,,,,,,,,,,
2013-12-11,MJ1321YNG1B1YA,Hitachi HDS5C3030ALA630,3000592982016,0,,0,,,,,,,,0,,,,,,19801,,,,,,,,,,,,,,,,,,,,,,,,,,,,,,26,,,,,,0,,,,,,,,,,,,,,,,,,,,,,,,,,,,
2013-12-11,WD-WCC1T1276382,WDC WD30EFRX,3000592982016,0,,0,,,,,,,,0,,,,,,1713,,,,,,,,,,,,,,,,,,,,,,,,,,,,,,23,,,,,,0,,,,,,,,,,,,,,,,,,,,,,,,,,,,
2013-12-11,W300J2QD,ST4000DM000,4000787030016,0,,215713544,,,,,,,,0,,,,,,815,,,,,,,,,,,,,,,,,,,,,,,,,,,,,,21,,,,,,0,,,,,,,,,,,,,,,,,,,,,,,,,,,,
2013-12-11,JK2171B9J2A0AL,Hitachi HDS722020ALA330,2000398934016,0,,0,,,,,,,,0,,,,,,22414,,,,,,,,,,,,,,,,,,,,,,,,,,,,,,28,,,,,,0,,,,,,,,,,,,,,,,,,,,,,,,,,,,
2013-12-11,JK1101B9JPH2WF,Hitachi HDS722020ALA330,2000398934016,0,,0,,,,,,,,0,,,,,,24463,,,,,,,,,,,,,,,,,,,,,,,,,,,,,,27,,,,,,0,,,,,,,,,,,,,,,,,,,,,,,,,,,,
2013-12-11,Z300CLY1,ST4000DM000,4000787030016,0,,59108056,,,,,,,,0,,,,,,2248,,,,,,,,,,,,,,,,,,,,,,,,,,,,,,21,,,,,,0,,,,,,,,,,,,,,,,,,,,,,,,,,,,
2013-12-11,JK11A8B9J3N7PF,Hitachi HDS722020ALA330,2000398934016,0,,65537,,,,,,,,0,,,,,,23487,,,,,,,,,,,,,,,,,,,,,,,,,,,,,,25,,,,,,0,,,,,,,,,,,,,,,,,,,,,,,,,,,,
2013-12-11,JK11A8B9J6R40F,Hitachi HDS722020ALA330,2000398934016,0,,0,,,,,,,,0,,,,,,24970,,,,,,,,,,,,,,,,,,,,,,,,,,,,,,31,,,,,,0,,,,,,,,,,,,,,,,,,,,,,,,,,,,
2013-12-11,JK11A8B9GP9N2F,Hitachi HDS722020ALA330,2000398934016,0,,0,,,,,,,,0,,,,,,23582,,,,,,,,,,,,,,,,,,,,,,,,,,,,,,32,,,,,,0,,,,,,,,,,,,,,,,,,,,,,,,,,,,
2013-12-11,MK0333YHGRRBXC,Hitachi HDS723030ALA640,3000592982016,0,,0,,,,,,,,0,,,,,,17354,,,,,,,,,,,,,,,,,,,,,,,,,,,,,,23,,,,,,0,,,,,,,,,,,,,,,,,,,,,,,,,,,,
2013-12-11,JK11A8B9GDRRRF,Hitachi HDS722020ALA330,2000398934016,0,,0,,,,,,,,0,,,,,,23577,,,,,,,,,,,,,,,,,,,,,,,,,,,,,,24,,,,,,0,,,,,,,,,,,,,,,,,,,,,,,,,,,,
2013-12-11,PL1331LAG5AYYH,HGST HMS5C4040ALE640,4000787030016,0,,0,,,,,,,,0,,,,,,9402,,,,,,,,,,,,,,,,,,,,,,,,,,,,,,28,,,,,,0,,,,,,,,,,,,,,,,,,,,,,,,,,,,
2013-12-11,Z1F0676D,ST3000DM001,3000592982016,0,,18810152,,,,,,,,0,,,,,,14732,,,,,,,,,,,,,,,,,,,,,,,,,,,,,,24,,,,,,0,,,,,,,,,,,,,,,,,,,,,,,,,,,,
2013-12-11,MJ1311YNG3E3TA,Hitachi HDS5C3030ALA630,3000592982016,0,,0,,,,,,,,0,,,,,,19251,,,,,,,,,,,,,,,,,,,,,,,,,,,,,,26,,,,,,0,,,,,,,,,,,,,,,,,,,,,,,,,,,,
2013-12-11,W30064R4,ST4000DM000,4000787030016,0,,240187904,,,,,,,,0,,,,,,2681,,,,,,,,,,,,,,,,,,,,,,,,,,,,,,26,,,,,,0,,,,,,,,,,,,,,,,,,,,,,,,,,,,
2013-12-11,5XW05SMV,ST31500541AS,1500301910016,0,,141631468,,,,,,,,0,,,,,,28874,,,,,,,,,,,,,,,,,,,,,,,,,,,,,,26,,,,,,0,,,,,,,,,,,,,,,,,,,,,,,,,,,,
2013-12-11,WD-WCAU45693002,WDC WD10EADS,1000204886016,0,,9,,,,,,,,0,,,,,,38953,,,,,,,,,,,,,,,,,,,,,,,,,,,,,,28,,,,,,0,,,,,,,,,,,,,,,,,,,,,,,,,,,,
2013-12-11,JK11A8B9J7ZWUF,Hitachi HDS722020ALA330,2000398934016,0,,0,,,,,,,,1,,,,,,25123,,,,,,,,,,,,,,,,,,,,,,,,,,,,,,29,,,,,,0,,,,,,,,,,,,,,,,,,,,,,,,,,,,
2013-12-11,JK11A8B9J79B3F,Hitachi HDS722020ALA330,2000398934016,0,,0,,,,,,,,0,,,,,,22698,,,,,,,,,,,,,,,,,,,,,,,,,,,,,,27,,,,,,0,,,,,,,,,,,,,,,,,,,,,,,,,,,,
2013-12-11,MJ1311YNG211VA,Hitachi HDS5C3030ALA630,3000592982016,0,,0,,,,,,,,0,,,,,,18362,,,,,,,,,,,,,,,,,,,,,,,,,,,,,,21,,,,,,0,,,,,,,,,,,,,,,,,,,,,,,,,,,,
2013-12-11,JK11A8B9J709GF,Hitachi HDS722020ALA330,2000398934016,0,,0,,,,,,,,0,,,,,,24544,,,,,,,,,,,,,,,,,,,,,,,,,,,,,,29,,,,,,0,,,,,,,,,,,,,,,,,,,,,,,,,,,,
2013-12-11,JK11A8B9J7704F,Hitachi HDS722020ALA330,2000398934016,0,,65536,,,,,,,,0,,,,,,22698,,,,,,,,,,,,,,,,,,,,,,,,,,,,,,31,,,,,,0,,,,,,,,,,,,,,,,,,,,,,,,,,,,
2013-12-11,W3000BQS,ST4000DM000,4000787030016,0,,23788568,,,,,,,,8,,,,,,2878,,,,,,,,,,,,,,,,,,,,,,,,,,,,,,19,,,,,,32,,,,,,,,,,,,,,,,,,,,,,,,,,,,
2013-12-11,MJ1321YNG09MYA,Hitachi HDS5C3030ALA630,3000592982016,0,,0,,,,,,,,0,,,,,,20498,,,,,,,,,,,,,,,,,,,,,,,,,,,,,,29,,,,,,0,,,,,,,,,,,,,,,,,,,,,,,,,,,,
2013-12-11,Z300CWVS,ST4000DM000,4000787030016,0,,24884696,,,,,,,,0,,,,,,2218,,,,,,,,,,,,,,,,,,,,,,,,,,,,,,21,,,,,,0,,,,,,,,,,,,,,,,,,,,,,,,,,,,
2013-12-11,JK1171YAG6DEJS,Hitachi HDS722020ALA330,2000398934016,0,,65539,,,,,,,,0,,,,,,21529,,,,,,,,,,,,,,,,,,,,,,,,,,,,,,38,,,,,,0,,,,,,,,,,,,,,,,,,,,,,,,,,,,
2013-12-11,JK11A8B9J6U8NF,Hitachi HDS722020ALA330,2000398934016,0,,131073,,,,,,,,0,,,,,,24971,,,,,,,,,,,,,,,,,,,,,,,,,,,,,,27,,,,,,0,,,,,,,,,,,,,,,,,,,,,,,,,,,,
2013-12-11,JK1100YAKZELGT,Hitachi HDS722020ALA330,2000398934016,0,,0,,,,,,,,0,,,,,,26838,,,,,,,,,,,,,,,,,,,,,,,,,,,,,,29,,,,,,0,,,,,,,,,,,,,,,,,,,,,,,,,,,,
2013-12-11,Z1F1ELXX,ST3000DM001,3000592982016,0,,44020768,,,,,,,,0,,,,,,9589,,,,,,,,,,,,,,,,,,,,,,,,,,,,,,21,,,,,,0,,,,,,,,,,,,,,,,,,,,,,,,,,,,
2013-12-11,WD-WCC1T1276961,WDC WD30EFRX,3000592982016,0,,1,,,,,,,,0,,,,,,1021,,,,,,,,,,,,,,,,,,,,,,,,,,,,,,19,,,,,,0,,,,,,,,,,,,,,,,,,,,,,,,,,,,
2013-12-11,W300BSKD,ST4000DM000,4000787030016,0,,140807344,,,,,,,,0,,,,,,4167,,,,,,,,,,,,,,,,,,,,,,,,,,,,,,27,,,,,,0,,,,,,,,,,,,,,,,,,,,,,,,,,,,
2013-12-11,PL1311LAG3AGSH,Hitachi HDS5C4040ALE630,4000787030016,0,,0,,,,,,,,0,,,,,,6655,,,,,,,,,,,,,,,,,,,,,,,,,,,,,,21,,,,,,0,,,,,,,,,,,,,,,,,,,,,,,,,,,,
2013-12-11,Z300KF8R,ST4000DM000,4000787030016,0,,217535016,,,,,,,,0,,,,,,1445,,,,,,,,,,,,,,,,,,,,,,,,,,,,,,25,,,,,,0,,,,,,,,,,,,,,,,,,,,,,,,,,,,
2013-12-11,W1F0LZJX,ST3000DM001,3000592982016,0,,73386160,,,,,,,,0,,,,,,12316,,,,,,,,,,,,,,,,,,,,,,,,,,,,,,31,,,,,,0,,,,,,,,,,,,,,,,,,,,,,,,,,,,
2013-12-11,9VS3HADJ,ST31500341AS,1500301910016,0,,121195565,,,,,,,,3,,,,,,32872,,,,,,,,,,,,,,,,,,,,,,,,,,,,,,19,,,,,,0,,,,,,,,,,,,,,,,,,,,,,,,,,,,
2013-12-11,JK11A8B9J9L2TF,Hitachi HDS722020ALA330,2000398934016,0,,0,,,,,,,,0,,,,,,24467,,,,,,,,,,,,,,,,,,,,,,,,,,,,,,28,,,,,,0,,,,,,,,,,,,,,,,,,,,,,,,,,,,
2013-12-11,WD-WCAV5S082292,WDC WD10EADS,1000204886016,0,,0,,,,,,,,0,,,,,,14629,,,,,,,,,,,,,,,,,,,,,,,,,,,,,,27,,,,,,0,,,,,,,,,,,,,,,,,,,,,,,,,,,,
2013-12-11,MJ1311YNG7328A,Hitachi HDS5C3030ALA630,3000592982016,0,,0,,,,,,,,0,,,,,,14600,,,,,,,,,,,,,,,,,,,,,,,,,,,,,,25,,,,,,0,,,,,,,,,,,,,,,,,,,,,,,,,,,,
2013-12-11,Z300JBRS,ST4000DM000,4000787030016,0,,86086376,,,,,,,,0,,,,,,2241,,,,,,,,,,,,,,,,,,,,,,,,,,,,,,22,,,,,,0,,,,,,,,,,,,,,,,,,,,,,,,,,,,
2013-12-11,MK0313YHGJVJ4C,Hitachi HDS723030ALA640,3000592982016,0,,65537,,,,,,,,30,,,,,,21462,,,,,,,,,,,,,,,,,,,,,,,,,,,,,,33,,,,,,0,,,,,,,,,,,,,,,,,,,,,,,,,,,,
2013-12-11,Z3002Z8J,ST4000DM000,4000787030016,0,,67578224,,,,,,,,0,,,,,,5417,,,,,,,,,,,,,,,,,,,,,,,,,,,,,,24,,,,,,0,,,,,,,,,,,,,,,,,,,,,,,,,,,,
2013-12-11,Z300KFN0,ST4000DM000,4000787030016,0,,162052816,,,,,,,,0,,,,,,152,,,,,,,,,,,,,,,,,,,,,,,,,,,,,,26,,,,,,0,,,,,,,,,,,,,,,,,,,,,,,,,,,,
2013-12-11,PL1331LAGB7UBH,Hitachi HDS5C4040ALE630,4000787030016,0,,0,,,,,,,,0,,,,,,5077,,,,,,,,,,,,,,,,,,,,,,,,,,,,,,26,,,,,,0,,,,,,,,,,,,,,,,,,,,,,,,,,,,
2013-12-11,JK1171YAK1VB7N,Hitachi HDS722020ALA330,2000398934016,0,,0,,,,,,,,0,,,,,,29915,,,,,,,,,,,,,,,,,,,,,,,,,,,,,,28,,,,,,0,,,,,,,,,,,,,,,,,,,,,,,,,,,,
2013-12-11,9XW01Z5C,ST31500541AS,1500301910016,0,,169745596,,,,,,,,0,,,,,,34325,,,,,,,,,,,,,,,,,,,,,,,,,,,,,,18,,,,,,0,,,,,,,,,,,,,,,,,,,,,,,,,,,,
2013-12-11,PL1311LAG3DPTH,Hitachi HDS5C4040ALE630,4000787030016,0,,0,,,,,,,,0,,,,,,5036,,,,,,,,,,,,,,,,,,,,,,,,,,,,,,26,,,,,,0,,,,,,,,,,,,,,,,,,,,,,,,,,,,
2013-12-11,MJ1311YNG2N4TA,Hitachi HDS5C3030ALA630,3000592982016,0,,0,,,,,,,,0,,,,,,18316,,,,,,,,,,,,,,,,,,,,,,,,,,,,,,22,,,,,,0,,,,,,,,,,,,,,,,,,,,,,,,,,,,
2013-12-11,W1F0A454,ST3000DM001,3000592982016,0,,74056112,,,,,,,,112,,,,,,14728,,,,,,,,,,,,,,,,,,,,,,,,,,,,,,21,,,,,,16,,,,,,,,,,,,,,,,,,,,,,,,,,,,
2013-12-11,MJ1311YNG6VW8A,Hitachi HDS5C3030ALA630,3000592982016,0,,0,,,,,,,,0,,,,,,14310,,,,,,,,,,,,,,,,,,,,,,,,,,,,,,25,,,,,,0,,,,,,,,,,,,,,,,,,,,,,,,,,,,
2013-12-11,Z300E39D,ST4000DM000,4000787030016,0,,108621352,,,,,,,,0,,,,,,1331,,,,,,,,,,,,,,,,,,,,,,,,,,,,,,18,,,,,,0,,,,,,,,,,,,,,,,,,,,,,,,,,,,
2013-12-11,6XW00N3L,ST31500541AS,1500301910016,0,,13341194,,,,,,,,0,,,,,,35444,,,,,,,,,,,,,,,,,,,,,,,,,,,,,,20,,,,,,0,,,,,,,,,,,,,,,,,,,,,,,,,,,,
2013-12-11,W3004ZTP,ST4000DM000,4000787030016,0,,158893016,,,,,,,,0,,,,,,2880,,,,,,,,,,,,,,,,,,,,,,,,,,,,,,20,,,,,,0,,,,,,,,,,,,,,,,,,,,,,,,,,,,
2013-12-11,MK0311YHGJ1MJA,Hitachi HDS723030ALA640,3000592982016,0,,0,,,,,,,,0,,,,,,16805,,,,,,,,,,,,,,,,,,,,,,,,,,,,,,30,,,,,,0,,,,,,,,,,,,,,,,,,,,,,,,,,,,
2013-12-11,JK1101B9JPLM9F,Hitachi HDS722020ALA330,2000398934016,0,,0,,,,,,,,0,,,,,,23635,,,,,,,,,,,,,,,,,,,,,,,,,,,,,,32,,,,,,0,,,,,,,,,,,,,,,,,,,,,,,,,,,,
2013-12-11,Z300KF8A,ST4000DM000,4000787030016,0,,46060640,,,,,,,,0,,,,,,1445,,,,,,,,,,,,,,,,,,,,,,,,,,,,,,24,,,,,,0,,,,,,,,,,,,,,,,,,,,,,,,,,,,
2013-12-11,S1F0QY45,ST3000DM001,3000592982016,0,,219399504,,,,,,,,0,,,,,,10471,,,,,,,,,,,,,,,,,,,,,,,,,,,,,,26,,,,,,0,,,,,,,,,,,,,,,,,,,,,,,,,,,,
2013-12-11,JK11A4B8J1HL0W,Hitachi HDS722020ALA330,2000398934016,0,,1376321,,,,,,,,0,,,,,,25122,,,,,,,,,,,,,,,,,,,,,,,,,,,,,,31,,,,,,0,,,,,,,,,,,,,,,,,,,,,,,,,,,,
2013-12-11,JK1171YAK218UN,Hitachi HDS722020ALA330,2000398934016,0,,6,,,,,,,,0,,,,,,29915,,,,,,,,,,,,,,,,,,,,,,,,,,,,,,27,,,,,,0,,,,,,,,,,,,,,,,,,,,,,,,,,,,
2013-12-11,JK1105B8GG511X,Hitachi HDS722020ALA330,2000398934016,0,,0,,,,,,,,0,,,,,,26858,,,,,,,,,,,,,,,,,,,,,,,,,,,,,,23,,,,,,0,,,,,,,,,,,,,,,,,,,,,,,,,,,,
2013-12-11,S1F032Q5,ST3000DM001,3000592982016,0,,172208416,,,,,,,,0,,,,,,15400,,,,,,,,,,,,,,,,,,,,,,,,,,,,,,25,,,,,,0,,,,,,,,,,,,,,,,,,,,,,,,,,,,
2013-12-11,W1F1CJ1K,ST3000DM001,3000592982016,0,,132929360,,,,,,,,0,,,,,,8651,,,,,,,,,,,,,,,,,,,,,,,,,,,,,,28,,,,,,0,,,,,,,,,,,,,,,,,,,,,,,,,,,,
2013-12-11,MJ1311YNG36PWA,Hitachi HDS5C3030ALA630,3000592982016,0,,0,,,,,,,,0,,,,,,18315,,,,,,,,,,,,,,,,,,,,,,,,,,,,,,23,,,,,,0,,,,,,,,,,,,,,,,,,,,,,,,,,,,
2013-12-11,S1F032QG,ST3000DM001,3000592982016,0,,219971352,,,,,,,,0,,,,,,15530,,,,,,,,,,,,,,,,,,,,,,,,,,,,,,23,,,,,,0,,,,,,,,,,,,,,,,,,,,,,,,,,,,
2013-12-11,S1F13KC2,ST3000DM001,3000592982016,0,,103292744,,,,,,,,0,,,,,,7992,,,,,,,,,,,,,,,,,,,,,,,,,,,,,,29,,,,,,0,,,,,,,,,,,,,,,,,,,,,,,,,,,,
2013-12-11,MJ0351YNG9V23A,Hitachi HDS5C3030ALA630,3000592982016,0,,0,,,,,,,,0,,,,,,9477,,,,,,,,,,,,,,,,,,,,,,,,,,,,,,24,,,,,,0,,,,,,,,,,,,,,,,,,,,,,,,,,,,
2013-12-11,PL2321LAG9UGBJ,Hitachi HDS5C4040ALE630,4000787030016,0,,0,,,,,,,,0,,,,,,5074,,,,,,,,,,,,,,,,,,,,,,,,,,,,,,27,,,,,,0,,,,,,,,,,,,,,,,,,,,,,,,,,,,
2013-12-11,MJ1311YNG7JRVA,Hitachi HDS5C3030ALA630,3000592982016,0,,0,,,,,,,,0,,,,,,14680,,,,,,,,,,,,,,,,,,,,,,,,,,,,,,29,,,,,,0,,,,,,,,,,,,,,,,,,,,,,,,,,,,
2013-12-11,MJ1311YNG614PA,Hitachi HDS5C3030ALA630,3000592982016,0,,0,,,,,,,,0,,,,,,14621,,,,,,,,,,,,,,,,,,,,,,,,,,,,,,24,,,,,,0,,,,,,,,,,,,,,,,,,,,,,,,,,,,
2013-12-11,W1F0TJ66,ST3000DM001,3000592982016,0,,169448720,,,,,,,,0,,,,,,11723,,,,,,,,,,,,,,,,,,,,,,,,,,,,,,24,,,,,,0,,,,,,,,,,,,,,,,,,,,,,,,,,,,
2013-12-11,W300CXKK,ST4000DM000,4000787030016,0,,163235432,,,,,,,,0,,,,,,4136,,,,,,,,,,,,,,,,,,,,,,,,,,,,,,23,,,,,,0,,,,,,,,,,,,,,,,,,,,,,,,,,,,
2013-12-11,PL2311LAG1HL9C,Hitachi HDS5C4040ALE630,4000787030016,0,,0,,,,,,,,0,,,,,,7415,,,,,,,,,,,,,,,,,,,,,,,,,,,,,,21,,,,,,0,,,,,,,,,,,,,,,,,,,,,,,,,,,,
2013-12-11,W3004ZT9,ST4000DM000,4000787030016,0,,175263480,,,,,,,,0,,,,,,2873,,,,,,,,,,,,,,,,,,,,,,,,,,,,,,22,,,,,,0,,,,,,,,,,,,,,,,,,,,,,,,,,,,
2013-12-11,JK11A8B9J791LF,Hitachi HDS722020ALA330,2000398934016,0,,0,,,,,,,,0,,,,,,25580,,,,,,,,,,,,,,,,,,,,,,,,,,,,,,25,,,,,,0,,,,,,,,,,,,,,,,,,,,,,,,,,,,
2013-12-11,PL1311LAG3ANDH,Hitachi HDS5C4040ALE630,4000787030016,0,,0,,,,,,,,0,,,,,,2981,,,,,,,,,,,,,,,,,,,,,,,,,,,,,,23,,,,,,0,,,,,,,,,,,,,,,,,,,,,,,,,,,,
2013-12-11,MJ0351YNGA0WSA,Hitachi HDS5C3030ALA630,3000592982016,0,,0,,,,,,,,0,,,,,,9672,,,,,,,,,,,,,,,,,,,,,,,,,,,,,,27,,,,,,0,,,,,,,,,,,,,,,,,,,,,,,,,,,,
2013-12-11,JK11A8B9J3AD1F,Hitachi HDS722020ALA330,2000398934016,0,,0,,,,,,,,0,,,,,,23710,,,,,,,,,,,,,,,,,,,,,,,,,,,,,,28,,,,,,0,,,,,,,,,,,,,,,,,,,,,,,,,,,,
2013-12-11,WD-WMC1T0893481,WDC WD30EFRX,3000592982016,0,,0,,,,,,,,0,,,,,,8840,,,,,,,,,,,,,,,,,,,,,,,,,,,,,,25,,,,,,0,,,,,,,,,,,,,,,,,,,,,,,,,,,,
2013-12-11,WD-WCAWZ0970608,WDC WD30EZRX,3000592982016,0,,0,,,,,,,,0,,,,,,17620,,,,,,,,,,,,,,,,,,,,,,,,,,,,,,22,,,,,,2,,,,,,,,,,,,,,,,,,,,,,,,,,,,
2013-12-11,MJ1321YNG0LN1A,Hitachi HDS5C3030ALA630,3000592982016,0,,0,,,,,,,,0,,,,,,20647,,,,,,,,,,,,,,,,,,,,,,,,,,,,,,21,,,,,,0,,,,,,,,,,,,,,,,,,,,,,,,,,,,
2013-12-11,JK1101B9JS37HR,Hitachi HDS722020ALA330,2000398934016,0,,0,,,,,,,,0,,,,,,23122,,,,,,,,,,,,,,,,,,,,,,,,,,,,,,23,,,,,,0,,,,,,,,,,,,,,,,,,,,,,,,,,,,
2013-12-11,MJ1311YNG3BSJA,Hitachi HDS5C3030ALA630,3000592982016,0,,0,,,,,,,,0,,,,,,19324,,,,,,,,,,,,,,,,,,,,,,,,,,,,,,26,,,,,,0,,,,,,,,,,,,,,,,,,,,,,,,,,,,
2013-12-11,MJ0351YNG9RG0A,Hitachi HDS5C3030ALA630,3000592982016,0,,0,,,,,,,,0,,,,,,7610,,,,,,,,,,,,,,,,,,,,,,,,,,,,,,25,,,,,,0,,,,,,,,,,,,,,,,,,,,,,,,,,,,
2013-12-11,MJ1311YNG6Y7BA,Hitachi HDS5C3030ALA630,3000592982016,0,,0,,,,,,,,0,,,,,,14330,,,,,,,,,,,,,,,,,,,,,,,,,,,,,,31,,,,,,0,,,,,,,,,,,,,,,,,,,,,,,,,,,,
2013-12-11,PL2321LAGARUZJ,Hitachi HDS5C4040ALE630,4000787030016,0,,0,,,,,,,,0,,,,,,5428,,,,,,,,,,,,,,,,,,,,,,,,,,,,,,23,,,,,,0,,,,,,,,,,,,,,,,,,,,,,,,,,,,
2013-12-11,9VS5ARDM,ST31500341AS,1500301910016,0,,76730383,,,,,,,,1,,,,,,8577,,,,,,,,,,,,,,,,,,,,,,,,,,,,,,24,,,,,,0,,,,,,,,,,,,,,,,,,,,,,,,,,,,
2013-12-11,MJ1311YNG3GHGA,Hitachi HDS5C3030ALA630,3000592982016,0,,0,,,,,,,,0,,,,,,18949,,,,,,,,,,,,,,,,,,,,,,,,,,,,,,24,,,,,,0,,,,,,,,,,,,,,,,,,,,,,,,,,,,
2013-12-11,JK11A8B9J51XYF,Hitachi HDS722020ALA330,2000398934016,0,,0,,,,,,,,0,,,,,,25583,,,,,,,,,,,,,,,,,,,,,,,,,,,,,,27,,,,,,0,,,,,,,,,,,,,,,,,,,,,,,,,,,,
2013-12-11,PL1311LAG2B0NH,Hitachi HDS5C4040ALE630,4000787030016,0,,0,,,,,,,,0,,,,,,7412,,,,,,,,,,,,,,,,,,,,,,,,,,,,,,18,,,,,,0,,,,,,,,,,,,,,,,,,,,,,,,,,,,
2013-12-11,WD-WCC1T1261696,WDC WD30EFRX,3000592982016,0,,0,,,,,,,,0,,,,,,824,,,,,,,,,,,,,,,,,,,,,,,,,,,,,,22,,,,,,0,,,,,,,,,,,,,,,,,,,,,,,,,,,,
2013-12-11,JK1175YAHU32YX,Hitachi HDS722020ALA330,2000398934016,0,,0,,,,,,,,0,,,,,,30502,,,,,,,,,,,,,,,,,,,,,,,,,,,,,,29,,,,,,0,,,,,,,,,,,,,,,,,,,,,,,,,,,,
2013-12-11,JK11A8B9JHJGBF,Hitachi HDS722020ALA330,2000398934016,0,,0,,,,,,,,0,,,,,,23719,,,,,,,,,,,,,,,,,,,,,,,,,,,,,,25,,,,,,0,,,,,,,,,,,,,,,,,,,,,,,,,,,,
2013-12-11,Z290VYJ8,ST33000651AS,3000592982016,0,,202085310,,,,,,,,0,,,,,,17737,,,,,,,,,,,,,,,,,,,,,,,,,,,,,,27,,,,,,0,,,,,,,,,,,,,,,,,,,,,,,,,,,,
2013-12-11,MJ1321YNG0Z1NA,Hitachi HDS5C3030ALA630,3000592982016,0,,0,,,,,,,,0,,,,,,19798,,,,,,,,,,,,,,,,,,,,,,,,,,,,,,28,,,,,,0,,,,,,,,,,,,,,,,,,,,,,,,,,,,
2013-12-11,MK0333YHGPW86C,Hitachi HDS723030ALA640,3000592982016,0,,0,,,,,,,,0,,,,,,18088,,,,,,,,,,,,,,,,,,,,,,,,,,,,,,33,,,,,,0,,,,,,,,,,,,,,,,,,,,,,,,,,,,
2013-12-11,JK2171B9J0MS6L,Hitachi HDS722020ALA330,2000398934016,0,,262144,,,,,,,,0,,,,,,26010,,,,,,,,,,,,,,,,,,,,,,,,,,,,,,29,,,,,,0,,,,,,,,,,,,,,,,,,,,,,,,,,,,
2013-12-11,5XW1PD2Y,ST31500541AS,1500301910016,0,,123371674,,,,,,,,0,,,,,,13439,,,,,,,,,,,,,,,,,,,,,,,,,,,,,,16,,,,,,0,,,,,,,,,,,,,,,,,,,,,,,,,,,,
2013-12-11,6XW0XQQY,ST31500541AS,1500301910016,0,,145461014,,,,,,,,0,,,,,,30699,,,,,,,,,,,,,,,,,,,,,,,,,,,,,,29,,,,,,0,,,,,,,,,,,,,,,,,,,,,,,,,,,,
2013-12-11,W30035LH,ST4000DM000,4000787030016,0,,26272008,,,,,,,,0,,,,,,2243,,,,,,,,,,,,,,,,,,,,,,,,,,,,,,22,,,,,,0,,,,,,,,,,,,,,,,,,,,,,,,,,,,
2013-12-11,JK11A8B9J40YJF,Hitachi HDS722020ALA330,2000398934016,0,,0,,,,,,,,1,,,,,,23486,,,,,,,,,,,,,,,,,,,,,,,,,,,,,,28,,,,,,0,,,,,,,,,,,,,,,,,,,,,,,,,,,,
2013-12-11,6XW0XQQZ,ST31500541AS,1500301910016,0,,196810766,,,,,,,,0,,,,,,31566,,,,,,,,,,,,,,,,,,,,,,,,,,,,,,27,,,,,,0,,,,,,,,,,,,,,,,,,,,,,,,,,,,
2013-12-11,Z1F06LE8,ST3000DM001,3000592982016,0,,230733960,,,,,,,,0,,,,,,17128,,,,,,,,,,,,,,,,,,,,,,,,,,,,,,25,,,,,,0,,,,,,,,,,,,,,,,,,,,,,,,,,,,
2013-12-11,JK11A8B9J302RF,Hitachi HDS722020ALA330,2000398934016,0,,65536,,,,,,,,0,,,,,,24462,,,,,,,,,,,,,,,,,,,,,,,,,,,,,,25,,,,,,0,,,,,,,,,,,,,,,,,,,,,,,,,,,,
2013-12-11,S1F04CWY,ST3000DM001,3000592982016,0,,168213440,,,,,,,,0,,,,,,15239,,,,,,,,,,,,,,,,,,,,,,,,,,,,,,19,,,,,,0,,,,,,,,,,,,,,,,,,,,,,,,,,,,
2013-12-11,PL1321LAG3685H,Hitachi HDS5C4040ALE630,4000787030016,0,,0,,,,,,,,0,,,,,,6653,,,,,,,,,,,,,,,,,,,,,,,,,,,,,,21,,,,,,0,,,,,,,,,,,,,,,,,,,,,,,,,,,,
2013-12-11,9XW02JNM,ST31500541AS,1500301910016,0,,15575704,,,,,,,,0,,,,,,34835,,,,,,,,,,,,,,,,,,,,,,,,,,,,,,19,,,,,,0,,,,,,,,,,,,,,,,,,,,,,,,,,,,
2013-12-11,JK11A8B9J78P0F,Hitachi HDS722020ALA330,2000398934016,0,,720902,,,,,,,,0,,,,,,22698,,,,,,,,,,,,,,,,,,,,,,,,,,,,,,28,,,,,,0,,,,,,,,,,,,,,,,,,,,,,,,,,,,
2013-12-11,JK1101B9JPJJ7F,Hitachi HDS722020ALA330,2000398934016,0,,0,,,,,,,,0,,,,,,24462,,,,,,,,,,,,,,,,,,,,,,,,,,,,,,24,,,,,,0,,,,,,,,,,,,,,,,,,,,,,,,,,,,
2013-12-11,JK11A8B9J7XBVF,Hitachi HDS722020ALA330,2000398934016,0,,0,,,,,,,,0,,,,,,24912,,,,,,,,,,,,,,,,,,,,,,,,,,,,,,31,,,,,,0,,,,,,,,,,,,,,,,,,,,,,,,,,,,
2013-12-11,JK11A8B9J8TEEF,Hitachi HDS722020ALA330,2000398934016,0,,0,,,,,,,,0,,,,,,25580,,,,,,,,,,,,,,,,,,,,,,,,,,,,,,27,,,,,,0,,,,,,,,,,,,,,,,,,,,,,,,,,,,
2013-12-11,PL1321LAG324JH,Hitachi HDS5C4040ALE630,4000787030016,0,,0,,,,,,,,0,,,,,,5950,,,,,,,,,,,,,,,,,,,,,,,,,,,,,,23,,,,,,0,,,,,,,,,,,,,,,,,,,,,,,,,,,,
2013-12-11,S1F11S5B,ST3000DM001,3000592982016,0,,212986912,,,,,,,,0,,,,,,7989,,,,,,,,,,,,,,,,,,,,,,,,,,,,,,19,,,,,,0,,,,,,,,,,,,,,,,,,,,,,,,,,,,
2013-12-11,MJ1311YNG7EU2A,Hitachi HDS5C3030ALA630,3000592982016,0,,0,,,,,,,,0,,,,,,14598,,,,,,,,,,,,,,,,,,,,,,,,,,,,,,26,,,,,,0,,,,,,,,,,,,,,,,,,,,,,,,,,,,
2013-12-11,WD-WMC1T1417439,WDC WD30EFRX,3000592982016,0,,0,,,,,,,,0,,,,,,7390,,,,,,,,,,,,,,,,,,,,,,,,,,,,,,24,,,,,,0,,,,,,,,,,,,,,,,,,,,,,,,,,,,
2013-12-11,MJ0351YNGA6LBA,Hitachi HDS5C3030ALA630,3000592982016,0,,0,,,,,,,,0,,,,,,9146,,,,,,,,,,,,,,,,,,,,,,,,,,,,,,29,,,,,,0,,,,,,,,,,,,,,,,,,,,,,,,,,,,
2013-12-11,9XW03CAL,ST31500541AS,1500301910016,0,,217944937,,,,,,,,0,,,,,,33345,,,,,,,,,,,,,,,,,,,,,,,,,,,,,,19,,,,,,0,,,,,,,,,,,,,,,,,,,,,,,,,,,,
2013-12-11,JK11A8B9J73UZF,Hitachi HDS722020ALA330,2000398934016,0,,0,,,,,,,,0,,,,,,25661,,,,,,,,,,,,,,,,,,,,,,,,,,,,,,26,,,,,,0,,,,,,,,,,,,,,,,,,,,,,,,,,,,
2013-12-11,PL2321LAGASNPJ,Hitachi HDS5C4040ALE630,4000787030016,0,,0,,,,,,,,0,,,,,,5071,,,,,,,,,,,,,,,,,,,,,,,,,,,,,,32,,,,,,0,,,,,,,,,,,,,,,,,,,,,,,,,,,,
2013-12-11,W300K7VJ,ST4000DM000,4000787030016,0,,237617496,,,,,,,,0,,,,,,957,,,,,,,,,,,,,,,,,,,,,,,,,,,,,,21,,,,,,0,,,,,,,,,,,,,,,,,,,,,,,,,,,,
2013-12-11,Z300KJHZ,ST4000DM000,4000787030016,0,,111928144,,,,,,,,0,,,,,,105,,,,,,,,,,,,,,,,,,,,,,,,,,,,,,23,,,,,,0,,,,,,,,,,,,,,,,,,,,,,,,,,,,
2013-12-11,9XW0CHQ0,ST32000542AS,2000398934016,0,,84054525,,,,,,,,0,,,,,,15217,,,,,,,,,,,,,,,,,,,,,,,,,,,,,,24,,,,,,1,,,,,,,,,,,,,,,,,,,,,,,,,,,,
2013-12-11,W1F12KWT,ST3000DM001,3000592982016,0,,205274344,,,,,,,,0,,,,,,7993,,,,,,,,,,,,,,,,,,,,,,,,,,,,,,17,,,,,,0,,,,,,,,,,,,,,,,,,,,,,,,,,,,
2013-12-11,PL1331LAG5AW1H,HGST HMS5C4040ALE640,4000787030016,0,,0,,,,,,,,0,,,,,,2026,,,,,,,,,,,,,,,,,,,,,,,,,,,,,,21,,,,,,0,,,,,,,,,,,,,,,,,,,,,,,,,,,,
2013-12-11,Z300MWBB,ST4000DM000,4000787030016,0,,37240632,,,,,,,,0,,,,,,2845,,,,,,,,,,,,,,,,,,,,,,,,,,,,,,25,,,,,,0,,,,,,,,,,,,,,,,,,,,,,,,,,,,
2013-12-11,S1F0S1XZ,ST3000DM001,3000592982016,0,,57622776,,,,,,,,0,,,,,,10399,,,,,,,,,,,,,,,,,,,,,,,,,,,,,,27,,,,,,0,,,,,,,,,,,,,,,,,,,,,,,,,,,,
2013-12-11,JK11A1YAJHB45V,Hitachi HDS722020ALA330,2000398934016,0,,0,,,,,,,,0,,,,,,28742,,,,,,,,,,,,,,,,,,,,,,,,,,,,,,24,,,,,,0,,,,,,,,,,,,,,,,,,,,,,,,,,,,
2013-12-11,W300KQSV,ST4000DM000,4000787030016,0,,159761616,,,,,,,,0,,,,,,957,,,,,,,,,,,,,,,,,,,,,,,,,,,,,,18,,,,,,0,,,,,,,,,,,,,,,,,,,,,,,,,,,,
2013-12-11,MJ0351YNG9XZJA,Hitachi HDS5C3030ALA630,3000592982016,0,,0,,,,,,,,0,,,,,,8545,,,,,,,,,,,,,,,,,,,,,,,,,,,,,,27,,,,,,0,,,,,,,,,,,,,,,,,,,,,,,,,,,,
2013-12-11,MJ1311YNG5MXAA,Hitachi HDS5C3030ALA630,3000592982016,0,,0,,,,,,,,0,,,,,,14330,,,,,,,,,,,,,,,,,,,,,,,,,,,,,,34,,,,,,0,,,,,,,,,,,,,,,,,,,,,,,,,,,,
2013-12-11,MJ1311YNG3E93A,Hitachi HDS5C3030ALA630,3000592982016,0,,0,,,,,,,,0,,,,,,19588,,,,,,,,,,,,,,,,,,,,,,,,,,,,,,28,,,,,,0,,,,,,,,,,,,,,,,,,,,,,,,,,,,
2013-12-11,JK11A8B9J38AZF,Hitachi HDS722020ALA330,2000398934016,0,,0,,,,,,,,0,,,,,,23543,,,,,,,,,,,,,,,,,,,,,,,,,,,,,,39,,,,,,0,,,,,,,,,,,,,,,,,,,,,,,,,,,,
2013-12-11,6XW1A496,ST32000542AS,2000398934016,0,,22653016,,,,,,,,0,,,,,,31704,,,,,,,,,,,,,,,,,,,,,,,,,,,,,,24,,,,,,0,,,,,,,,,,,,,,,,,,,,,,,,,,,,
2013-12-11,JK11A8B9J29WMF,Hitachi HDS722020ALA330,2000398934016,0,,0,,,,,,,,0,,,,,,24495,,,,,,,,,,,,,,,,,,,,,,,,,,,,,,29,,,,,,0,,,,,,,,,,,,,,,,,,,,,,,,,,,,
2013-12-11,S1F057QC,ST3000DM001,3000592982016,0,,12908400,,,,,,,,0,,,,,,13866,,,,,,,,,,,,,,,,,,,,,,,,,,,,,,25,,,,,,0,,,,,,,,,,,,,,,,,,,,,,,,,,,,
2013-12-11,S1F057QB,ST3000DM001,3000592982016,0,,195890704,,,,,,,,6808,,,,,,13822,,,,,,,,,,,,,,,,,,,,,,,,,,,,,,25,,,,,,0,,,,,,,,,,,,,,,,,,,,,,,,,,,,
2013-12-11,W300BB1G,ST4000DM000,4000787030016,0,,208537576,,,,,,,,0,,,,,,4188,,,,,,,,,,,,,,,,,,,,,,,,,,,,,,29,,,,,,0,,,,,,,,,,,,,,,,,,,,,,,,,,,,
2013-12-11,W300D77N,ST4000DM000,4000787030016,0,,29420184,,,,,,,,0,,,,,,4140,,,,,,,,,,,,,,,,,,,,,,,,,,,,,,25,,,,,,0,,,,,,,,,,,,,,,,,,,,,,,,,,,,
2013-12-11,JK11A8B9J684NF,Hitachi HDS722020ALA330,2000398934016,0,,0,,,,,,,,1,,,,,,25541,,,,,,,,,,,,,,,,,,,,,,,,,,,,,,27,,,,,,0,,,,,,,,,,,,,,,,,,,,,,,,,,,,
2013-12-11,6XW03AKD,ST31500541AS,1500301910016,0,,84443331,,,,,,,,0,,,,,,36625,,,,,,,,,,,,,,,,,,,,,,,,,,,,,,25,,,,,,0,,,,,,,,,,,,,,,,,,,,,,,,,,,,
2013-12-11,W300E02Z,ST4000DM000,4000787030016,0,,99426776,,,,,,,,0,,,,,,4183,,,,,,,,,,,,,,,,,,,,,,,,,,,,,,23,,,,,,0,,,,,,,,,,,,,,,,,,,,,,,,,,,,
2013-12-11,6XW106WM,ST31500541AS,1500301910016,0,,104021635,,,,,,,,0,,,,,,31932,,,,,,,,,,,,,,,,,,,,,,,,,,,,,,21,,,,,,0,,,,,,,,,,,,,,,,,,,,,,,,,,,,
2013-12-11,JK1171YAK1ZG2N,Hitachi HDS722020ALA330,2000398934016,0,,65536,,,,,,,,11,,,,,,29915,,,,,,,,,,,,,,,,,,,,,,,,,,,,,,29,,,,,,0,,,,,,,,,,,,,,,,,,,,,,,,,,,,
2013-12-11,MJ1311YNG2W13A,Hitachi HDS5C3030ALA630,3000592982016,0,,0,,,,,,,,0,,,,,,18316,,,,,,,,,,,,,,,,,,,,,,,,,,,,,,23,,,,,,0,,,,,,,,,,,,,,,,,,,,,,,,,,,,
2013-12-11,MJ0351YNGA0L0A,Hitachi HDS5C3030ALA630,3000592982016,0,,0,,,,,,,,0,,,,,,9142,,,,,,,,,,,,,,,,,,,,,,,,,,,,,,30,,,,,,0,,,,,,,,,,,,,,,,,,,,,,,,,,,,
2013-12-11,MK0313YHGGNG7C,Hitachi HDS723030ALA640,3000592982016,0,,65537,,,,,,,,0,,,,,,21462,,,,,,,,,,,,,,,,,,,,,,,,,,,,,,29,,,,,,0,,,,,,,,,,,,,,,,,,,,,,,,,,,,
2013-12-11,MJ1313YNG1YHHC,Hitachi HDS5C3030ALA630,3000592982016,0,,0,,,,,,,,0,,,,,,21796,,,,,,,,,,,,,,,,,,,,,,,,,,,,,,25,,,,,,0,,,,,,,,,,,,,,,,,,,,,,,,,,,,
2013-12-11,W1F0W0RV,ST3000DM001,3000592982016,0,,45009640,,,,,,,,0,,,,,,11613,,,,,,,,,,,,,,,,,,,,,,,,,,,,,,26,,,,,,0,,,,,,,,,,,,,,,,,,,,,,,,,,,,
2013-12-11,W1F1CLNF,ST3000DM001,3000592982016,0,,164105552,,,,,,,,0,,,,,,8127,,,,,,,,,,,,,,,,,,,,,,,,,,,,,,26,,,,,,0,,,,,,,,,,,,,,,,,,,,,,,,,,,,
2013-12-11,W1F09M8Y,ST3000DM001,3000592982016,0,,232042560,,,,,,,,0,,,,,,13356,,,,,,,,,,,,,,,,,,,,,,,,,,,,,,23,,,,,,0,,,,,,,,,,,,,,,,,,,,,,,,,,,,
2013-12-11,JK11A8B9J8613F,Hitachi HDS722020ALA330,2000398934016,0,,131072,,,,,,,,0,,,,,,25125,,,,,,,,,,,,,,,,,,,,,,,,,,,,,,28,,,,,,0,,,,,,,,,,,,,,,,,,,,,,,,,,,,
2013-12-11,MJ1311YNG31WNA,Hitachi HDS5C3030ALA630,3000592982016,0,,0,,,,,,,,0,,,,,,19254,,,,,,,,,,,,,,,,,,,,,,,,,,,,,,26,,,,,,0,,,,,,,,,,,,,,,,,,,,,,,,,,,,
2013-12-11,Z300E02W,ST4000DM000,4000787030016,0,,99946184,,,,,,,,0,,,,,,2272,,,,,,,,,,,,,,,,,,,,,,,,,,,,,,21,,,,,,0,,,,,,,,,,,,,,,,,,,,,,,,,,,,
2013-12-11,WD-WCC070197611,WDC WD30EZRX,3000592982016,0,,96,,,,,,,,0,,,,,,8608,,,,,,,,,,,,,,,,,,,,,,,,,,,,,,23,,,,,,5,,,,,,,,,,,,,,,,,,,,,,,,,,,,
2013-12-11,PL1321LAGA57BH,Hitachi HDS5C4040ALE630,4000787030016,0,,0,,,,,,,,0,,,,,,5337,,,,,,,,,,,,,,,,,,,,,,,,,,,,,,23,,,,,,0,,,,,,,,,,,,,,,,,,,,,,,,,,,,
2013-12-11,S1F0CSNA,ST3000DM001,3000592982016,0,,110972232,,,,,,,,0,,,,,,12420,,,,,,,,,,,,,,,,,,,,,,,,,,,,,,29,,,,,,0,,,,,,,,,,,,,,,,,,,,,,,,,,,,
2013-12-11,W300J2JV,ST4000DM000,4000787030016,0,,189525488,,,,,,,,0,,,,,,909,,,,,,,,,,,,,,,,,,,,,,,,,,,,,,23,,,,,,0,,,,,,,,,,,,,,,,,,,,,,,,,,,,
2013-12-11,MJ1311YNG788VA,Hitachi HDS5C3030ALA630,3000592982016,0,,0,,,,,,,,0,,,,,,14600,,,,,,,,,,,,,,,,,,,,,,,,,,,,,,23,,,,,,0,,,,,,,,,,,,,,,,,,,,,,,,,,,,
2013-12-11,JK11A8B9J8TDAF,Hitachi HDS722020ALA330,2000398934016,0,,0,,,,,,,,0,,,,,,25584,,,,,,,,,,,,,,,,,,,,,,,,,,,,,,27,,,,,,0,,,,,,,,,,,,,,,,,,,,,,,,,,,,
2013-12-11,WD-WCAV56004647,WDC WD10EADS,1000204886016,0,,0,,,,,,,,0,,,,,,1842,,,,,,,,,,,,,,,,,,,,,,,,,,,,,,27,,,,,,0,,,,,,,,,,,,,,,,,,,,,,,,,,,,
2013-12-11,W300J2J6,ST4000DM000,4000787030016,0,,179440,,,,,,,,0,,,,,,909,,,,,,,,,,,,,,,,,,,,,,,,,,,,,,23,,,,,,0,,,,,,,,,,,,,,,,,,,,,,,,,,,,
2013-12-11,MK0311YHG304EA,Hitachi HDS723030ALA640,3000592982016,0,,0,,,,,,,,0,,,,,,22347,,,,,,,,,,,,,,,,,,,,,,,,,,,,,,27,,,,,,0,,,,,,,,,,,,,,,,,,,,,,,,,,,,
2013-12-11,WD-WCAU45458534,WDC WD10EADS,1000204886016,0,,0,,,,,,,,0,,,,,,41227,,,,,,,,,,,,,,,,,,,,,,,,,,,,,,26,,,,,,0,,,,,,,,,,,,,,,,,,,,,,,,,,,,
2013-12-11,MJ0351YNG9SVAA,Hitachi HDS5C3030ALA630,3000592982016,0,,0,,,,,,,,0,,,,,,9274,,,,,,,,,,,,,,,,,,,,,,,,,,,,,,25,,,,,,0,,,,,,,,,,,,,,,,,,,,,,,,,,,,
2013-12-11,W1F09ENK,ST3000DM001,3000592982016,0,,88113872,,,,,,,,0,,,,,,13360,,,,,,,,,,,,,,,,,,,,,,,,,,,,,,21,,,,,,0,,,,,,,,,,,,,,,,,,,,,,,,,,,,
2013-12-11,W1F09WX9,ST3000DM001,3000592982016,0,,185345192,,,,,,,,0,,,,,,15348,,,,,,,,,,,,,,,,,,,,,,,,,,,,,,22,,,,,,0,,,,,,,,,,,,,,,,,,,,,,,,,,,,
2013-12-11,PL1311LAG2B21H,Hitachi HDS5C4040ALE630,4000787030016,0,,0,,,,,,,,0,,,,,,7463,,,,,,,,,,,,,,,,,,,,,,,,,,,,,,24,,,,,,0,,,,,,,,,,,,,,,,,,,,,,,,,,,,
2013-12-11,W1F09VZP,ST3000DM001,3000592982016,0,,69663048,,,,,,,,0,,,,,,14718,,,,,,,,,,,,,,,,,,,,,,,,,,,,,,20,,,,,,0,,,,,,,,,,,,,,,,,,,,,,,,,,,,
2013-12-11,MJ1311YNG7KTKA,Hitachi HDS5C3030ALA630,3000592982016,0,,0,,,,,,,,0,,,,,,14621,,,,,,,,,,,,,,,,,,,,,,,,,,,,,,20,,,,,,0,,,,,,,,,,,,,,,,,,,,,,,,,,,,
2013-12-11,Z1Z037F3,ST4000DX000,4000787030016,0,,47184015,,,,,,,,0,,,,,,5039,,,,,,,,,,,,,,,,,,,,,,,,,,,,,,35,,,,,,0,,,,,,,,,,,,,,,,,,,,,,,,,,,,
2013-12-11,JK11A8B9HXU3ZF,Hitachi HDS722020ALA330,2000398934016,0,,0,,,,,,,,0,,,,,,26145,,,,,,,,,,,,,,,,,,,,,,,,,,,,,,24,,,,,,0,,,,,,,,,,,,,,,,,,,,,,,,,,,,
2013-12-11,MJ1311YNG3DDUA,Hitachi HDS5C3030ALA630,3000592982016,0,,0,,,,,,,,0,,,,,,19310,,,,,,,,,,,,,,,,,,,,,,,,,,,,,,27,,,,,,0,,,,,,,,,,,,,,,,,,,,,,,,,,,,
2013-12-11,9VS3JP58,ST31500341AS,1500301910016,0,,221645217,,,,,,,,12,,,,,,32873,,,,,,,,,,,,,,,,,,,,,,,,,,,,,,19,,,,,,0,,,,,,,,,,,,,,,,,,,,,,,,,,,,
2013-12-11,Z29068YP,ST33000651AS,3000592982016,0,,33117292,,,,,,,,0,,,,,,17742,,,,,,,,,,,,,,,,,,,,,,,,,,,,,,22,,,,,,0,,,,,,,,,,,,,,,,,,,,,,,,,,,,
2013-12-11,S1F0S370,ST3000DM001,3000592982016,0,,201741480,,,,,,,,0,,,,,,10837,,,,,,,,,,,,,,,,,,,,,,,,,,,,,,29,,,,,,0,,,,,,,,,,,,,,,,,,,,,,,,,,,,
2013-12-11,MJ1311YNG2VXZA,Hitachi HDS5C3030ALA630,3000592982016,0,,0,,,,,,,,0,,,,,,18203,,,,,,,,,,,,,,,,,,,,,,,,,,,,,,25,,,,,,0,,,,,,,,,,,,,,,,,,,,,,,,,,,,
2013-12-11,Z290VL45,ST33000651AS,3000592982016,0,,117278639,,,,,,,,0,,,,,,15916,,,,,,,,,,,,,,,,,,,,,,,,,,,,,,24,,,,,,0,,,,,,,,,,,,,,,,,,,,,,,,,,,,
2013-12-11,5XW03HSS,ST31500541AS,1500301910016,0,,112448190,,,,,,,,0,,,,,,37069,,,,,,,,,,,,,,,,,,,,,,,,,,,,,,25,,,,,,0,,,,,,,,,,,,,,,,,,,,,,,,,,,,
2013-12-11,MJ1311YNG353YA,Hitachi HDS5C3030ALA630,3000592982016,0,,0,,,,,,,,0,,,,,,18387,,,,,,,,,,,,,,,,,,,,,,,,,,,,,,21,,,,,,0,,,,,,,,,,,,,,,,,,,,,,,,,,,,
2013-12-11,PL1311LAG2DYWH,Hitachi HDS5C4040ALE630,4000787030016,0,,0,,,,,,,,0,,,,,,7417,,,,,,,,,,,,,,,,,,,,,,,,,,,,,,22,,,,,,0,,,,,,,,,,,,,,,,,,,,,,,,,,,,
2013-12-11,PL1311LAG1S1DA,Hitachi HDS5C4040ALE630,4000787030016,0,,0,,,,,,,,0,,,,,,7462,,,,,,,,,,,,,,,,,,,,,,,,,,,,,,23,,,,,,0,,,,,,,,,,,,,,,,,,,,,,,,,,,,
2013-12-11,9VS3FF91,ST31500341AS,1500301910016,0,,151253608,,,,,,,,229,,,,,,31938,,,,,,,,,,,,,,,,,,,,,,,,,,,,,,30,,,,,,0,,,,,,,,,,,,,,,,,,,,,,,,,,,,
2013-12-11,MJ1311YNG5S6WA,Hitachi HDS5C3030ALA630,3000592982016,0,,0,,,,,,,,0,,,,,,14288,,,,,,,,,,,,,,,,,,,,,,,,,,,,,,32,,,,,,0,,,,,,,,,,,,,,,,,,,,,,,,,,,,
2013-12-11,S1F135D3,ST3000DM001,3000592982016,0,,153727544,,,,,,,,0,,,,,,8208,,,,,,,,,,,,,,,,,,,,,,,,,,,,,,25,,,,,,0,,,,,,,,,,,,,,,,,,,,,,,,,,,,
2013-12-11,MJ1311YNG72V5A,Hitachi HDS5C3030ALA630,3000592982016,0,,0,,,,,,,,9,,,,,,14574,,,,,,,,,,,,,,,,,,,,,,,,,,,,,,22,,,,,,0,,,,,,,,,,,,,,,,,,,,,,,,,,,,
2013-12-11,MJ0351YNG9T0UA,Hitachi HDS5C3030ALA630,3000592982016,0,,0,,,,,,,,0,,,,,,9274,,,,,,,,,,,,,,,,,,,,,,,,,,,,,,25,,,,,,0,,,,,,,,,,,,,,,,,,,,,,,,,,,,
2013-12-11,MJ0351YNG9YZ6A,Hitachi HDS5C3030ALA630,3000592982016,0,,0,,,,,,,,0,,,,,,9974,,,,,,,,,,,,,,,,,,,,,,,,,,,,,,25,,,,,,0,,,,,,,,,,,,,,,,,,,,,,,,,,,,
2013-12-11,6XW1AAJS,ST32000542AS,2000398934016,0,,40266492,,,,,,,,0,,,,,,31468,,,,,,,,,,,,,,,,,,,,,,,,,,,,,,20,,,,,,0,,,,,,,,,,,,,,,,,,,,,,,,,,,,
2013-12-11,W300CTY8,ST4000DM000,4000787030016,0,,239589760,,,,,,,,0,,,,,,4160,,,,,,,,,,,,,,,,,,,,,,,,,,,,,,25,,,,,,0,,,,,,,,,,,,,,,,,,,,,,,,,,,,
2013-12-11,Z1F0KG8Q,ST3000DM001,3000592982016,0,,94476456,,,,,,,,0,,,,,,10804,,,,,,,,,,,,,,,,,,,,,,,,,,,,,,21,,,,,,0,,,,,,,,,,,,,,,,,,,,,,,,,,,,
2013-12-11,S1F099NR,ST3000DM001,3000592982016,0,,182870408,,,,,,,,0,,,,,,12363,,,,,,,,,,,,,,,,,,,,,,,,,,,,,,26,,,,,,0,,,,,,,,,,,,,,,,,,,,,,,,,,,,
2013-12-11,JK1101B9J2Z91F,Hitachi HDS722020ALA330,2000398934016,0,,2,,,,,,,,0,,,,,,22703,,,,,,,,,,,,,,,,,,,,,,,,,,,,,,29,,,,,,0,,,,,,,,,,,,,,,,,,,,,,,,,,,,
2013-12-11,JK1171YAK1Y8NN,Hitachi HDS722020ALA330,2000398934016,0,,65536,,,,,,,,0,,,,,,29668,,,,,,,,,,,,,,,,,,,,,,,,,,,,,,29,,,,,,0,,,,,,,,,,,,,,,,,,,,,,,,,,,,
2013-12-11,PL1311LAG1S37A,Hitachi HDS5C4040ALE630,4000787030016,0,,0,,,,,,,,0,,,,,,6653,,,,,,,,,,,,,,,,,,,,,,,,,,,,,,23,,,,,,0,,,,,,,,,,,,,,,,,,,,,,,,,,,,
2013-12-11,MJ0351YNG9XX6A,Hitachi HDS5C3030ALA630,3000592982016,0,,0,,,,,,,,0,,,,,,9524,,,,,,,,,,,,,,,,,,,,,,,,,,,,,,34,,,,,,0,,,,,,,,,,,,,,,,,,,,,,,,,,,,
2013-12-11,MJ1311YNG25UVA,Hitachi HDS5C3030ALA630,3000592982016,0,,0,,,,,,,,0,,,,,,14601,,,,,,,,,,,,,,,,,,,,,,,,,,,,,,20,,,,,,0,,,,,,,,,,,,,,,,,,,,,,,,,,,,
2013-12-11,JK11A8B9GNL25F,Hitachi HDS722020ALA330,2000398934016,0,,0,,,,,,,,0,,,,,,26480,,,,,,,,,,,,,,,,,,,,,,,,,,,,,,25,,,,,,0,,,,,,,,,,,,,,,,,,,,,,,,,,,,
2013-12-11,JK1101B9JLSKYT,Hitachi HDS722020ALA330,2000398934016,0,,1,,,,,,,,1,,,,,,24463,,,,,,,,,,,,,,,,,,,,,,,,,,,,,,24,,,,,,1,,,,,,,,,,,,,,,,,,,,,,,,,,,,
2013-12-11,W300JNJ5,ST4000DM000,4000787030016,0,,179905048,,,,,,,,0,,,,,,2876,,,,,,,,,,,,,,,,,,,,,,,,,,,,,,24,,,,,,0,,,,,,,,,,,,,,,,,,,,,,,,,,,,
2013-12-11,MJ1311YNG7JRKA,Hitachi HDS5C3030ALA630,3000592982016,0,,0,,,,,,,,0,,,,,,14620,,,,,,,,,,,,,,,,,,,,,,,,,,,,,,21,,,,,,0,,,,,,,,,,,,,,,,,,,,,,,,,,,,
2013-12-11,6XW02GX1,ST31500541AS,1500301910016,0,,38941246,,,,,,,,0,,,,,,36444,,,,,,,,,,,,,,,,,,,,,,,,,,,,,,19,,,,,,0,,,,,,,,,,,,,,,,,,,,,,,,,,,,
2013-12-11,MJ0351YNG9Z2JA,Hitachi HDS5C3030ALA630,3000592982016,0,,0,,,,,,,,0,,,,,,9956,,,,,,,,,,,,,,,,,,,,,,,,,,,,,,27,,,,,,0,,,,,,,,,,,,,,,,,,,,,,,,,,,,
2013-12-11,PL1311LAG2H2LA,Hitachi HDS5C4040ALE630,4000787030016,0,,0,,,,,,,,0,,,,,,5958,,,,,,,,,,,,,,,,,,,,,,,,,,,,,,22,,,,,,0,,,,,,,,,,,,,,,,,,,,,,,,,,,,
2013-12-11,JK1171B9HDB4KT,Hitachi HDS722020ALA330,2000398934016,0,,0,,,,,,,,0,,,,,,24305,,,,,,,,,,,,,,,,,,,,,,,,,,,,,,28,,,,,,0,,,,,,,,,,,,,,,,,,,,,,,,,,,,
2013-12-11,W300DYW7,ST4000DM000,4000787030016,0,,12187208,,,,,,,,0,,,,,,4139,,,,,,,,,,,,,,,,,,,,,,,,,,,,,,23,,,,,,0,,,,,,,,,,,,,,,,,,,,,,,,,,,,
2013-12-11,JK1130YAHRW14T,Hitachi HDS722020ALA330,2000398934016,0,,65538,,,,,,,,0,,,,,,30172,,,,,,,,,,,,,,,,,,,,,,,,,,,,,,30,,,,,,0,,,,,,,,,,,,,,,,,,,,,,,,,,,,
2013-12-11,W300BMHC,ST4000DM000,4000787030016,0,,138271768,,,,,,,,0,,,,,,944,,,,,,,,,,,,,,,,,,,,,,,,,,,,,,26,,,,,,0,,,,,,,,,,,,,,,,,,,,,,,,,,,,
2013-12-11,MJ1311YNG3EWRA,Hitachi HDS5C3030ALA630,3000592982016,0,,0,,,,,,,,2,,,,,,19254,,,,,,,,,,,,,,,,,,,,,,,,,,,,,,25,,,,,,0,,,,,,,,,,,,,,,,,,,,,,,,,,,,
2013-12-11,MJ1311YNG4JB4A,Hitachi HDS5C3030ALA630,3000592982016,0,,0,,,,,,,,0,,,,,,20729,,,,,,,,,,,,,,,,,,,,,,,,,,,,,,32,,,,,,0,,,,,,,,,,,,,,,,,,,,,,,,,,,,
2013-12-11,PL2311LAG1HN9C,Hitachi HDS5C4040ALE630,4000787030016,0,,0,,,,,,,,0,,,,,,7402,,,,,,,,,,,,,,,,,,,,,,,,,,,,,,32,,,,,,0,,,,,,,,,,,,,,,,,,,,,,,,,,,,
2013-12-11,9XK0QHEY,ST33000651AS,3000592982016,0,,242373751,,,,,,,,0,,,,,,18074,,,,,,,,,,,,,,,,,,,,,,,,,,,,,,25,,,,,,0,,,,,,,,,,,,,,,,,,,,,,,,,,,,
2013-12-11,6XW0ZDT0,ST31500541AS,1500301910016,0,,204420386,,,,,,,,0,,,,,,26326,,,,,,,,,,,,,,,,,,,,,,,,,,,,,,17,,,,,,0,,,,,,,,,,,,,,,,,,,,,,,,,,,,
2013-12-11,S1F044ET,ST3000DM001,3000592982016,0,,75565800,,,,,,,,0,,,,,,7982,,,,,,,,,,,,,,,,,,,,,,,,,,,,,,24,,,,,,0,,,,,,,,,,,,,,,,,,,,,,,,,,,,
2013-12-11,S1F06J5S,ST3000DM001,3000592982016,0,,144196296,,,,,,,,0,,,,,,13342,,,,,,,,,,,,,,,,,,,,,,,,,,,,,,29,,,,,,0,,,,,,,,,,,,,,,,,,,,,,,,,,,,
2013-12-11,Z1F0J9G1,ST3000DM001,3000592982016,0,,97243184,,,,,,,,0,,,,,,10087,,,,,,,,,,,,,,,,,,,,,,,,,,,,,,25,,,,,,0,,,,,,,,,,,,,,,,,,,,,,,,,,,,
2013-12-11,MJ1311YNG7LNRA,Hitachi HDS5C3030ALA630,3000592982016,0,,0,,,,,,,,0,,,,,,14290,,,,,,,,,,,,,,,,,,,,,,,,,,,,,,28,,,,,,0,,,,,,,,,,,,,,,,,,,,,,,,,,,,
2013-12-11,6XW17YZM,ST31500541AS,1500301910016,0,,33187655,,,,,,,,0,,,,,,9594,,,,,,,,,,,,,,,,,,,,,,,,,,,,,,21,,,,,,0,,,,,,,,,,,,,,,,,,,,,,,,,,,,
2013-12-11,Z1F0L8BR,ST3000DM001,3000592982016,0,,52269456,,,,,,,,0,,,,,,12323,,,,,,,,,,,,,,,,,,,,,,,,,,,,,,28,,,,,,8,,,,,,,,,,,,,,,,,,,,,,,,,,,,
2013-12-11,JK1130YAHDGJ1T,Hitachi HDS722020ALA330,2000398934016,0,,0,,,,,,,,0,,,,,,30172,,,,,,,,,,,,,,,,,,,,,,,,,,,,,,31,,,,,,0,,,,,,,,,,,,,,,,,,,,,,,,,,,,
2013-12-11,WD-WCC1T1244203,WDC WD30EFRX,3000592982016,0,,0,,,,,,,,0,,,,,,1478,,,,,,,,,,,,,,,,,,,,,,,,,,,,,,25,,,,,,0,,,,,,,,,,,,,,,,,,,,,,,,,,,,
2013-12-11,MK0331YHGNL9BA,Hitachi HDS723030ALA640,3000592982016,0,,0,,,,,,,,0,,,,,,17755,,,,,,,,,,,,,,,,,,,,,,,,,,,,,,24,,,,,,0,,,,,,,,,,,,,,,,,,,,,,,,,,,,
2013-12-11,JK11A8B9J382HF,Hitachi HDS722020ALA330,2000398934016,0,,0,,,,,,,,0,,,,,,24431,,,,,,,,,,,,,,,,,,,,,,,,,,,,,,27,,,,,,0,,,,,,,,,,,,,,,,,,,,,,,,,,,,
2013-12-11,PL1311LAG3DWZH,Hitachi HDS5C4040ALE630,4000787030016,0,,0,,,,,,,,0,,,,,,6614,,,,,,,,,,,,,,,,,,,,,,,,,,,,,,27,,,,,,0,,,,,,,,,,,,,,,,,,,,,,,,,,,,
2013-12-11,PL1321LAG35B5H,Hitachi HDS5C4040ALE630,4000787030016,0,,0,,,,,,,,0,,,,,,6652,,,,,,,,,,,,,,,,,,,,,,,,,,,,,,24,,,,,,0,,,,,,,,,,,,,,,,,,,,,,,,,,,,
2013-12-11,MK0311YHG4U7SA,Hitachi HDS723030ALA640,3000592982016,0,,3932185,,,,,,,,0,,,,,,21792,,,,,,,,,,,,,,,,,,,,,,,,,,,,,,25,,,,,,0,,,,,,,,,,,,,,,,,,,,,,,,,,,,
2013-12-11,MJ1311YNG7G86A,Hitachi HDS5C3030ALA630,3000592982016,0,,0,,,,,,,,0,,,,,,14624,,,,,,,,,,,,,,,,,,,,,,,,,,,,,,25,,,,,,0,,,,,,,,,,,,,,,,,,,,,,,,,,,,
2013-12-11,MJ0351YNG9S1LA,Hitachi HDS5C3030ALA630,3000592982016,0,,0,,,,,,,,0,,,,,,8640,,,,,,,,,,,,,,,,,,,,,,,,,,,,,,26,,,,,,0,,,,,,,,,,,,,,,,,,,,,,,,,,,,
2013-12-11,Z1F0LDRK,ST3000DM001,3000592982016,0,,18861000,,,,,,,,0,,,,,,12180,,,,,,,,,,,,,,,,,,,,,,,,,,,,,,36,,,,,,0,,,,,,,,,,,,,,,,,,,,,,,,,,,,
2013-12-11,W1F09Z60,ST3000DM001,3000592982016,0,,160630920,,,,,,,,0,,,,,,13911,,,,,,,,,,,,,,,,,,,,,,,,,,,,,,22,,,,,,0,,,,,,,,,,,,,,,,,,,,,,,,,,,,
2013-12-11,MJ0351YNG9U2UA,Hitachi HDS5C3030ALA630,3000592982016,0,,0,,,,,,,,0,,,,,,7609,,,,,,,,,,,,,,,,,,,,,,,,,,,,,,25,,,,,,0,,,,,,,,,,,,,,,,,,,,,,,,,,,,
2013-12-11,W1F03WCT,ST3000DM001,3000592982016,0,,244071440,,,,,,,,0,,,,,,13346,,,,,,,,,,,,,,,,,,,,,,,,,,,,,,24,,,,,,0,,,,,,,,,,,,,,,,,,,,,,,,,,,,
2013-12-11,MJ0351YNG9V4GA,Hitachi HDS5C3030ALA630,3000592982016,0,,0,,,,,,,,0,,,,,,9147,,,,,,,,,,,,,,,,,,,,,,,,,,,,,,28,,,,,,0,,,,,,,,,,,,,,,,,,,,,,,,,,,,
2013-12-11,MK0331YHGS6VZA,Hitachi HDS723030ALA640,3000592982016,0,,0,,,,,,,,0,,,,,,16078,,,,,,,,,,,,,,,,,,,,,,,,,,,,,,30,,,,,,0,,,,,,,,,,,,,,,,,,,,,,,,,,,,
2013-12-11,Z300XGJ8,ST4000DM000,4000787030016,0,,7838016,,,,,,,,0,,,,,,612,,,,,,,,,,,,,,,,,,,,,,,,,,,,,,19,,,,,,0,,,,,,,,,,,,,,,,,,,,,,,,,,,,
2013-12-11,S1F06J54,ST3000DM001,3000592982016,0,,59080552,,,,,,,,0,,,,,,12366,,,,,,,,,,,,,,,,,,,,,,,,,,,,,,22,,,,,,0,,,,,,,,,,,,,,,,,,,,,,,,,,,,
2013-12-11,JK11A8B9J7PNLF,Hitachi HDS722020ALA330,2000398934016,0,,0,,,,,,,,0,,,,,,25539,,,,,,,,,,,,,,,,,,,,,,,,,,,,,,30,,,,,,0,,,,,,,,,,,,,,,,,,,,,,,,,,,,
2013-12-11,6XW00WX9,ST31500541AS,1500301910016,0,,31100555,,,,,,,,0,,,,,,37060,,,,,,,,,,,,,,,,,,,,,,,,,,,,,,22,,,,,,0,,,,,,,,,,,,,,,,,,,,,,,,,,,,
2013-12-11,JK1101B9GEJ9WF,Hitachi HDS722020ALA330,2000398934016,0,,0,,,,,,,,0,,,,,,27734,,,,,,,,,,,,,,,,,,,,,,,,,,,,,,24,,,,,,0,,,,,,,,,,,,,,,,,,,,,,,,,,,,
2013-12-11,WD-WCAWZ0488299,WDC WD30EZRX,3000592982016,0,,0,,,,,,,,0,,,,,,16991,,,,,,,,,,,,,,,,,,,,,,,,,,,,,,22,,,,,,0,,,,,,,,,,,,,,,,,,,,,,,,,,,,
2013-12-11,S1F10EBC,ST3000DM001,3000592982016,0,,7096536,,,,,,,,0,,,,,,7994,,,,,,,,,,,,,,,,,,,,,,,,,,,,,,20,,,,,,0,,,,,,,,,,,,,,,,,,,,,,,,,,,,
2013-12-11,Z300T777,ST4000DM000,4000787030016,0,,227166696,,,,,,,,0,,,,,,886,,,,,,,,,,,,,,,,,,,,,,,,,,,,,,24,,,,,,0,,,,,,,,,,,,,,,,,,,,,,,,,,,,
2013-12-11,PL1311LAG2B6UH,Hitachi HDS5C4040ALE630,4000787030016,0,,0,,,,,,,,0,,,,,,7414,,,,,,,,,,,,,,,,,,,,,,,,,,,,,,21,,,,,,0,,,,,,,,,,,,,,,,,,,,,,,,,,,,
2013-12-11,JK1130YAHRVKAT,Hitachi HDS722020ALA330,2000398934016,0,,65537,,,,,,,,0,,,,,,30171,,,,,,,,,,,,,,,,,,,,,,,,,,,,,,31,,,,,,0,,,,,,,,,,,,,,,,,,,,,,,,,,,,
2013-12-11,5XW1YKCQ,ST32000542AS,2000398934016,0,,5223806,,,,,,,,0,,,,,,7816,,,,,,,,,,,,,,,,,,,,,,,,,,,,,,19,,,,,,0,,,,,,,,,,,,,,,,,,,,,,,,,,,,
2013-12-11,JK1105B8GGL78X,Hitachi HDS722020ALA330,2000398934016,0,,0,,,,,,,,0,,,,,,27167,,,,,,,,,,,,,,,,,,,,,,,,,,,,,,34,,,,,,0,,,,,,,,,,,,,,,,,,,,,,,,,,,,
2013-12-11,MJ0351YNGA62JA,Hitachi HDS5C3030ALA630,3000592982016,0,,0,,,,,,,,0,,,,,,9163,,,,,,,,,,,,,,,,,,,,,,,,,,,,,,29,,,,,,0,,,,,,,,,,,,,,,,,,,,,,,,,,,,
2013-12-11,6XW0M9F1,ST31500541AS,1500301910016,0,,182514245,,,,,,,,0,,,,,,15241,,,,,,,,,,,,,,,,,,,,,,,,,,,,,,21,,,,,,0,,,,,,,,,,,,,,,,,,,,,,,,,,,,
2013-12-11,6XW00KZR,ST31500541AS,1500301910016,0,,153947298,,,,,,,,0,,,,,,36452,,,,,,,,,,,,,,,,,,,,,,,,,,,,,,16,,,,,,0,,,,,,,,,,,,,,,,,,,,,,,,,,,,
2013-12-11,9VS19BY6,ST31500341AS,1500301910016,0,,179095462,,,,,,,,12,,,,,,39482,,,,,,,,,,,,,,,,,,,,,,,,,,,,,,26,,,,,,0,,,,,,,,,,,,,,,,,,,,,,,,,,,,
2013-12-11,JK11A8B9J900XF,Hitachi HDS722020ALA330,2000398934016,0,,0,,,,,,,,0,,,,,,24971,,,,,,,,,,,,,,,,,,,,,,,,,,,,,,26,,,,,,0,,,,,,,,,,,,,,,,,,,,,,,,,,,,
2013-12-11,MJ1311YNG38VLA,Hitachi HDS5C3030ALA630,3000592982016,0,,60424192,,,,,,,,0,,,,,,18386,,,,,,,,,,,,,,,,,,,,,,,,,,,,,,23,,,,,,0,,,,,,,,,,,,,,,,,,,,,,,,,,,,
2013-12-11,9VS3HFGJ,ST31500341AS,1500301910016,0,,147379596,,,,,,,,2,,,,,,32916,,,,,,,,,,,,,,,,,,,,,,,,,,,,,,27,,,,,,0,,,,,,,,,,,,,,,,,,,,,,,,,,,,
2013-12-11,MJ1323YNG18RJC,Hitachi HDS5C3030ALA630,3000592982016,0,,0,,,,,,,,0,,,,,,20503,,,,,,,,,,,,,,,,,,,,,,,,,,,,,,23,,,,,,0,,,,,,,,,,,,,,,,,,,,,,,,,,,,
2013-12-11,WD-WMC4N1085963,WDC WD30EFRX,3000592982016,0,,0,,,,,,,,0,,,,,,656,,,,,,,,,,,,,,,,,,,,,,,,,,,,,,21,,,,,,0,,,,,,,,,,,,,,,,,,,,,,,,,,,,
2013-12-11,MJ1311YNG348DA,Hitachi HDS5C3030ALA630,3000592982016,0,,0,,,,,,,,0,,,,,,19617,,,,,,,,,,,,,,,,,,,,,,,,,,,,,,25,,,,,,0,,,,,,,,,,,,,,,,,,,,,,,,,,,,
2013-12-11,MJ1311YNG7LUKA,Hitachi HDS5C3030ALA630,3000592982016,0,,0,,,,,,,,0,,,,,,14289,,,,,,,,,,,,,,,,,,,,,,,,,,,,,,28,,,,,,0,,,,,,,,,,,,,,,,,,,,,,,,,,,,
2013-12-11,JK11A5B8HVVB1X,Hitachi HDS722020ALA330,2000398934016,0,,393216,,,,,,,,4,,,,,,23819,,,,,,,,,,,,,,,,,,,,,,,,,,,,,,28,,,,,,0,,,,,,,,,,,,,,,,,,,,,,,,,,,,
2013-12-11,PL1331LAGB4XZH,Hitachi HDS5C4040ALE630,4000787030016,0,,0,,,,,,,,0,,,,,,5072,,,,,,,,,,,,,,,,,,,,,,,,,,,,,,27,,,,,,0,,,,,,,,,,,,,,,,,,,,,,,,,,,,
2013-12-11,Z290VDV8,ST33000651AS,3000592982016,0,,98455955,,,,,,,,0,,,,,,17050,,,,,,,,,,,,,,,,,,,,,,,,,,,,,,22,,,,,,0,,,,,,,,,,,,,,,,,,,,,,,,,,,,
2013-12-11,WD-WCAU45243296,WDC WD10EADS,1000204886016,0,,8,,,,,,,,0,,,,,,41374,,,,,,,,,,,,,,,,,,,,,,,,,,,,,,23,,,,,,0,,,,,,,,,,,,,,,,,,,,,,,,,,,,
2013-12-11,9VS1ADG7,ST31500341AS,1500301910016,0,,204986834,,,,,,,,94,,,,,,40242,,,,,,,,,,,,,,,,,,,,,,,,,,,,,,25,,,,,,0,,,,,,,,,,,,,,,,,,,,,,,,,,,,
2013-12-11,W300H3L2,ST4000DM000,4000787030016,0,,194405600,,,,,,,,0,,,,,,919,,,,,,,,,,,,,,,,,,,,,,,,,,,,,,21,,,,,,0,,,,,,,,,,,,,,,,,,,,,,,,,,,,
2013-12-11,MJ0351YNGA5B5A,Hitachi HDS5C3030ALA630,3000592982016,0,,0,,,,,,,,0,,,,,,8639,,,,,,,,,,,,,,,,,,,,,,,,,,,,,,30,,,,,,0,,,,,,,,,,,,,,,,,,,,,,,,,,,,
2013-12-11,JK1101B9JNXGMU,Hitachi HDS722020ALA330,2000398934016,0,,65536,,,,,,,,1,,,,,,23586,,,,,,,,,,,,,,,,,,,,,,,,,,,,,,32,,,,,,0,,,,,,,,,,,,,,,,,,,,,,,,,,,,
2013-12-11,9XW021KY,ST31500541AS,1500301910016,0,,114009633,,,,,,,,0,,,,,,35228,,,,,,,,,,,,,,,,,,,,,,,,,,,,,,22,,,,,,0,,,,,,,,,,,,,,,,,,,,,,,,,,,,
2013-12-11,W1F0NNAH,ST3000DM001,3000592982016,0,,25924944,,,,,,,,0,,,,,,11641,,,,,,,,,,,,,,,,,,,,,,,,,,,,,,25,,,,,,0,,,,,,,,,,,,,,,,,,,,,,,,,,,,
2013-12-11,MJ1313YNG24NGC,Hitachi HDS5C3030ALA630,3000592982016,0,,0,,,,,,,,0,,,,,,21796,,,,,,,,,,,,,,,,,,,,,,,,,,,,,,24,,,,,,0,,,,,,,,,,,,,,,,,,,,,,,,,,,,
2013-12-11,JK11A8B9J75S1F,Hitachi HDS722020ALA330,2000398934016,0,,589827,,,,,,,,0,,,,,,25583,,,,,,,,,,,,,,,,,,,,,,,,,,,,,,27,,,,,,0,,,,,,,,,,,,,,,,,,,,,,,,,,,,
2013-12-11,S1F03S0Q,ST3000DM001,3000592982016,0,,119189264,,,,,,,,0,,,,,,13863,,,,,,,,,,,,,,,,,,,,,,,,,,,,,,24,,,,,,0,,,,,,,,,,,,,,,,,,,,,,,,,,,,
2013-12-11,W1F0A5YA,ST3000DM001,3000592982016,0,,216416640,,,,,,,,0,,,,,,14719,,,,,,,,,,,,,,,,,,,,,,,,,,,,,,27,,,,,,8,,,,,,,,,,,,,,,,,,,,,,,,,,,,
2013-12-11,MJ1311YNG60Z2A,Hitachi HDS5C3030ALA630,3000592982016,0,,0,,,,,,,,0,,,,,,14683,,,,,,,,,,,,,,,,,,,,,,,,,,,,,,20,,,,,,0,,,,,,,,,,,,,,,,,,,,,,,,,,,,
2013-12-11,S1F135GA,ST3000DM001,3000592982016,0,,90482040,,,,,,,,0,,,,,,7990,,,,,,,,,,,,,,,,,,,,,,,,,,,,,,16,,,,,,0,,,,,,,,,,,,,,,,,,,,,,,,,,,,
2013-12-11,W1F0A5Y1,ST3000DM001,3000592982016,0,,69590736,,,,,,,,0,,,,,,14733,,,,,,,,,,,,,,,,,,,,,,,,,,,,,,21,,,,,,0,,,,,,,,,,,,,,,,,,,,,,,,,,,,
2013-12-11,Z300MZP3,ST4000DM000,4000787030016,0,,41673304,,,,,,,,0,,,,,,2900,,,,,,,,,,,,,,,,,,,,,,,,,,,,,,25,,,,,,0,,,,,,,,,,,,,,,,,,,,,,,,,,,,
2013-12-11,JK11A8B9J38E8F,Hitachi HDS722020ALA330,2000398934016,0,,0,,,,,,,,0,,,,,,23709,,,,,,,,,,,,,,,,,,,,,,,,,,,,,,28,,,,,,0,,,,,,,,,,,,,,,,,,,,,,,,,,,,
2013-12-11,9XK04Q2E,ST33000651AS,3000592982016,0,,3045175,,,,,,,,0,,,,,,11431,,,,,,,,,,,,,,,,,,,,,,,,,,,,,,33,,,,,,0,,,,,,,,,,,,,,,,,,,,,,,,,,,,
2013-12-11,W30029Q1,ST4000DM000,4000787030016,0,,184541864,,,,,,,,0,,,,,,2243,,,,,,,,,,,,,,,,,,,,,,,,,,,,,,20,,,,,,0,,,,,,,,,,,,,,,,,,,,,,,,,,,,
2013-12-11,MJ0351YNG9UG0A,Hitachi HDS5C3030ALA630,3000592982016,0,,0,,,,,,,,0,,,,,,9477,,,,,,,,,,,,,,,,,,,,,,,,,,,,,,27,,,,,,0,,,,,,,,,,,,,,,,,,,,,,,,,,,,
2013-12-11,MJ1311YNG3KZKA,Hitachi HDS5C3030ALA630,3000592982016,0,,0,,,,,,,,0,,,,,,19310,,,,,,,,,,,,,,,,,,,,,,,,,,,,,,27,,,,,,0,,,,,,,,,,,,,,,,,,,,,,,,,,,,
2013-12-11,WD-WCAWZ0995477,WDC WD30EZRX,3000592982016,0,,0,,,,,,,,0,,,,,,17617,,,,,,,,,,,,,,,,,,,,,,,,,,,,,,23,,,,,,25,,,,,,,,,,,,,,,,,,,,,,,,,,,,
2013-12-11,WD-WCAU45353486,WDC WD10EADS,1000204886016,0,,1,,,,,,,,0,,,,,,40589,,,,,,,,,,,,,,,,,,,,,,,,,,,,,,23,,,,,,0,,,,,,,,,,,,,,,,,,,,,,,,,,,,
2013-12-11,W300H3LL,ST4000DM000,4000787030016,0,,188765120,,,,,,,,0,,,,,,815,,,,,,,,,,,,,,,,,,,,,,,,,,,,,,21,,,,,,0,,,,,,,,,,,,,,,,,,,,,,,,,,,,
2013-12-11,MJ1311YNG7BDDA,Hitachi HDS5C3030ALA630,3000592982016,0,,0,,,,,,,,0,,,,,,14621,,,,,,,,,,,,,,,,,,,,,,,,,,,,,,22,,,,,,0,,,,,,,,,,,,,,,,,,,,,,,,,,,,
2013-12-11,Z300GPG4,ST4000DM000,4000787030016,0,,240789096,,,,,,,,0,,,,,,3582,,,,,,,,,,,,,,,,,,,,,,,,,,,,,,23,,,,,,0,,,,,,,,,,,,,,,,,,,,,,,,,,,,
2013-12-11,JK11A8YBKYUM4F,Hitachi HDS722020ALA330,2000398934016,0,,0,,,,,,,,0,,,,,,27861,,,,,,,,,,,,,,,,,,,,,,,,,,,,,,23,,,,,,0,,,,,,,,,,,,,,,,,,,,,,,,,,,,
2013-12-11,JK11A8B9J3MNWF,Hitachi HDS722020ALA330,2000398934016,0,,0,,,,,,,,0,,,,,,23829,,,,,,,,,,,,,,,,,,,,,,,,,,,,,,25,,,,,,0,,,,,,,,,,,,,,,,,,,,,,,,,,,,
2013-12-11,JK1104B8GDT8VW,Hitachi HDS722020ALA330,2000398934016,0,,0,,,,,,,,0,,,,,,27737,,,,,,,,,,,,,,,,,,,,,,,,,,,,,,20,,,,,,0,,,,,,,,,,,,,,,,,,,,,,,,,,,,
2013-12-11,MJ0351YNGA19PA,Hitachi HDS5C3030ALA630,3000592982016,0,,0,,,,,,,,0,,,,,,7938,,,,,,,,,,,,,,,,,,,,,,,,,,,,,,26,,,,,,0,,,,,,,,,,,,,,,,,,,,,,,,,,,,
2013-12-11,PL2310LAG0MA0C,Hitachi HDS5C4040ALE630,4000787030016,0,,0,,,,,,,,0,,,,,,12998,,,,,,,,,,,,,,,,,,,,,,,,,,,,,,25,,,,,,0,,,,,,,,,,,,,,,,,,,,,,,,,,,,
2013-12-11,JK1101B9GD6S7F,Hitachi HDS722020ALA330,2000398934016,0,,0,,,,,,,,3,,,,,,26927,,,,,,,,,,,,,,,,,,,,,,,,,,,,,,24,,,,,,0,,,,,,,,,,,,,,,,,,,,,,,,,,,,
2013-12-11,W300K1VA,ST4000DM000,4000787030016,0,,85439816,,,,,,,,0,,,,,,948,,,,,,,,,,,,,,,,,,,,,,,,,,,,,,21,,,,,,0,,,,,,,,,,,,,,,,,,,,,,,,,,,,
2013-12-11,Z300KL1R,ST4000DM000,4000787030016,0,,99404432,,,,,,,,0,,,,,,2221,,,,,,,,,,,,,,,,,,,,,,,,,,,,,,26,,,,,,0,,,,,,,,,,,,,,,,,,,,,,,,,,,,
2013-12-11,MJ1311YNG7883A,Hitachi HDS5C3030ALA630,3000592982016,0,,0,,,,,,,,1,,,,,,14310,,,,,,,,,,,,,,,,,,,,,,,,,,,,,,23,,,,,,0,,,,,,,,,,,,,,,,,,,,,,,,,,,,
2013-12-11,W300K1VV,ST4000DM000,4000787030016,0,,63003592,,,,,,,,0,,,,,,909,,,,,,,,,,,,,,,,,,,,,,,,,,,,,,21,,,,,,0,,,,,,,,,,,,,,,,,,,,,,,,,,,,
2013-12-11,Z300MJSR,ST4000DM000,4000787030016,0,,190898000,,,,,,,,0,,,,,,2890,,,,,,,,,,,,,,,,,,,,,,,,,,,,,,27,,,,,,0,,,,,,,,,,,,,,,,,,,,,,,,,,,,
2013-12-11,PL1310LAG01EAA,Hitachi HDS5C4040ALE630,4000787030016,0,,0,,,,,,,,0,,,,,,12998,,,,,,,,,,,,,,,,,,,,,,,,,,,,,,24,,,,,,0,,,,,,,,,,,,,,,,,,,,,,,,,,,,
2013-12-11,JK11A8B9J3KB6F,Hitachi HDS722020ALA330,2000398934016,0,,0,,,,,,,,0,,,,,,23108,,,,,,,,,,,,,,,,,,,,,,,,,,,,,,26,,,,,,0,,,,,,,,,,,,,,,,,,,,,,,,,,,,
2013-12-11,MJ0351YNG9XPBA,Hitachi HDS5C3030ALA630,3000592982016,0,,0,,,,,,,,0,,,,,,9191,,,,,,,,,,,,,,,,,,,,,,,,,,,,,,29,,,,,,0,,,,,,,,,,,,,,,,,,,,,,,,,,,,
2013-12-11,WD-WCAU47311270,WDC WD10EADS,1000204886016,0,,0,,,,,,,,0,,,,,,40809,,,,,,,,,,,,,,,,,,,,,,,,,,,,,,30,,,,,,0,,,,,,,,,,,,,,,,,,,,,,,,,,,,
2013-12-11,Z3005A1H,ST4000DM000,4000787030016,0,,151502320,,,,,,,,0,,,,,,5420,,,,,,,,,,,,,,,,,,,,,,,,,,,,,,21,,,,,,0,,,,,,,,,,,,,,,,,,,,,,,,,,,,
2013-12-11,W300K1V6,ST4000DM000,4000787030016,0,,229277952,,,,,,,,0,,,,,,919,,,,,,,,,,,,,,,,,,,,,,,,,,,,,,21,,,,,,0,,,,,,,,,,,,,,,,,,,,,,,,,,,,
2013-12-11,MK0311YHGKGLMA,Hitachi HDS723030ALA640,3000592982016,0,,0,,,,,,,,0,,,,,,16734,,,,,,,,,,,,,,,,,,,,,,,,,,,,,,29,,,,,,0,,,,,,,,,,,,,,,,,,,,,,,,,,,,
2013-12-11,MJ0351YNGA0UKA,Hitachi HDS5C3030ALA630,3000592982016,0,,0,,,,,,,,0,,,,,,9906,,,,,,,,,,,,,,,,,,,,,,,,,,,,,,22,,,,,,0,,,,,,,,,,,,,,,,,,,,,,,,,,,,
2013-12-11,JK1101B9JRLJRF,Hitachi HDS722020ALA330,2000398934016,0,,0,,,,,,,,0,,,,,,22687,,,,,,,,,,,,,,,,,,,,,,,,,,,,,,22,,,,,,0,,,,,,,,,,,,,,,,,,,,,,,,,,,,
2013-12-11,Z300GPGP,ST4000DM000,4000787030016,0,,123678720,,,,,,,,0,,,,,,3588,,,,,,,,,,,,,,,,,,,,,,,,,,,,,,23,,,,,,0,,,,,,,,,,,,,,,,,,,,,,,,,,,,
2013-12-11,W1F0WKBS,ST3000DM001,3000592982016,0,,60451064,,,,,,,,0,,,,,,10737,,,,,,,,,,,,,,,,,,,,,,,,,,,,,,24,,,,,,0,,,,,,,,,,,,,,,,,,,,,,,,,,,,
2013-12-11,W1F1C91N,ST3000DM001,3000592982016,0,,207374632,,,,,,,,0,,,,,,8205,,,,,,,,,,,,,,,,,,,,,,,,,,,,,,24,,,,,,0,,,,,,,,,,,,,,,,,,,,,,,,,,,,
2013-12-11,Z300GPGZ,ST4000DM000,4000787030016,0,,170788736,,,,,,,,0,,,,,,3582,,,,,,,,,,,,,,,,,,,,,,,,,,,,,,21,,,,,,0,,,,,,,,,,,,,,,,,,,,,,,,,,,,
2013-12-11,Z300GPGE,ST4000DM000,4000787030016,0,,154742592,,,,,,,,0,,,,,,3583,,,,,,,,,,,,,,,,,,,,,,,,,,,,,,26,,,,,,0,,,,,,,,,,,,,,,,,,,,,,,,,,,,
2013-12-11,Z300GPGA,ST4000DM000,4000787030016,0,,17955144,,,,,,,,0,,,,,,3583,,,,,,,,,,,,,,,,,,,,,,,,,,,,,,22,,,,,,0,,,,,,,,,,,,,,,,,,,,,,,,,,,,
2013-12-11,Z300GPGC,ST4000DM000,4000787030016,0,,200343904,,,,,,,,0,,,,,,2899,,,,,,,,,,,,,,,,,,,,,,,,,,,,,,27,,,,,,0,,,,,,,,,,,,,,,,,,,,,,,,,,,,
2013-12-11,Z300GPGM,ST4000DM000,4000787030016,0,,234963080,,,,,,,,0,,,,,,3580,,,,,,,,,,,,,,,,,,,,,,,,,,,,,,22,,,,,,0,,,,,,,,,,,,,,,,,,,,,,,,,,,,
2013-12-11,MJ1311YNG6T91A,Hitachi HDS5C3030ALA630,3000592982016,0,,0,,,,,,,,0,,,,,,14330,,,,,,,,,,,,,,,,,,,,,,,,,,,,,,34,,,,,,0,,,,,,,,,,,,,,,,,,,,,,,,,,,,
2013-12-11,9VS2AQKT,ST31500341AS,1500301910016,0,,236084337,,,,,,,,0,,,,,,38662,,,,,,,,,,,,,,,,,,,,,,,,,,,,,,20,,,,,,0,,,,,,,,,,,,,,,,,,,,,,,,,,,,
2013-12-11,Z300GPGK,ST4000DM000,4000787030016,0,,25026288,,,,,,,,0,,,,,,3584,,,,,,,,,,,,,,,,,,,,,,,,,,,,,,26,,,,,,0,,,,,,,,,,,,,,,,,,,,,,,,,,,,
2013-12-11,PL1331LAG5AZNH,HGST HMS5C4040ALE640,4000787030016,0,,0,,,,,,,,0,,,,,,9402,,,,,,,,,,,,,,,,,,,,,,,,,,,,,,31,,,,,,0,,,,,,,,,,,,,,,,,,,,,,,,,,,,
2013-12-11,MJ1311YNG3EJTA,Hitachi HDS5C3030ALA630,3000592982016,0,,0,,,,,,,,0,,,,,,18928,,,,,,,,,,,,,,,,,,,,,,,,,,,,,,25,,,,,,0,,,,,,,,,,,,,,,,,,,,,,,,,,,,
2013-12-11,W300A6R2,ST4000DM000,4000787030016,0,,97696136,,,,,,,,0,,,,,,2261,,,,,,,,,,,,,,,,,,,,,,,,,,,,,,19,,,,,,0,,,,,,,,,,,,,,,,,,,,,,,,,,,,
2013-12-11,Z300W511,ST4000DM000,4000787030016,0,,100797792,,,,,,,,0,,,,,,918,,,,,,,,,,,,,,,,,,,,,,,,,,,,,,21,,,,,,0,,,,,,,,,,,,,,,,,,,,,,,,,,,,
2013-12-11,MJ0351YNGAD8SA,Hitachi HDS5C3030ALA630,3000592982016,0,,0,,,,,,,,0,,,,,,8212,,,,,,,,,,,,,,,,,,,,,,,,,,,,,,36,,,,,,0,,,,,,,,,,,,,,,,,,,,,,,,,,,,
2013-12-11,WD-WMC1T1873766,WDC WD30EFRX,3000592982016,0,,0,,,,,,,,0,,,,,,7390,,,,,,,,,,,,,,,,,,,,,,,,,,,,,,25,,,,,,0,,,,,,,,,,,,,,,,,,,,,,,,,,,,
2013-12-11,5XW0GG0M,ST32000542AS,2000398934016,0,,175560986,,,,,,,,607,,,,,,15217,,,,,,,,,,,,,,,,,,,,,,,,,,,,,,20,,,,,,0,,,,,,,,,,,,,,,,,,,,,,,,,,,,
2013-12-11,9VS3JDD8,ST31500341AS,1500301910016,0,,81520299,,,,,,,,14,,,,,,30520,,,,,,,,,,,,,,,,,,,,,,,,,,,,,,20,,,,,,0,,,,,,,,,,,,,,,,,,,,,,,,,,,,
2013-12-11,W1F14NBM,ST3000DM001,3000592982016,0,,138579912,,,,,,,,0,,,,,,8208,,,,,,,,,,,,,,,,,,,,,,,,,,,,,,23,,,,,,0,,,,,,,,,,,,,,,,,,,,,,,,,,,,
2013-12-11,S1F0TNW4,ST3000DM001,3000592982016,0,,47137368,,,,,,,,0,,,,,,10539,,,,,,,,,,,,,,,,,,,,,,,,,,,,,,26,,,,,,0,,,,,,,,,,,,,,,,,,,,,,,,,,,,
2013-12-11,PL1321LAG3421H,Hitachi HDS5C4040ALE630,4000787030016,0,,0,,,,,,,,0,,,,,,5931,,,,,,,,,,,,,,,,,,,,,,,,,,,,,,27,,,,,,0,,,,,,,,,,,,,,,,,,,,,,,,,,,,
2013-12-11,MJ0351YNGAD2XA,Hitachi HDS5C3030ALA630,3000592982016,0,,0,,,,,,,,0,,,,,,8214,,,,,,,,,,,,,,,,,,,,,,,,,,,,,,29,,,,,,0,,,,,,,,,,,,,,,,,,,,,,,,,,,,
2013-12-11,PL1311LAG3D9TH,Hitachi HDS5C4040ALE630,4000787030016,0,,0,,,,,,,,0,,,,,,5925,,,,,,,,,,,,,,,,,,,,,,,,,,,,,,22,,,,,,0,,,,,,,,,,,,,,,,,,,,,,,,,,,,
2013-12-11,JK1101B9GEN7AF,Hitachi HDS722020ALA330,2000398934016,0,,0,,,,,,,,1,,,,,,27734,,,,,,,,,,,,,,,,,,,,,,,,,,,,,,23,,,,,,0,,,,,,,,,,,,,,,,,,,,,,,,,,,,
2013-12-11,S1F04PEC,ST3000DM001,3000592982016,0,,242421952,,,,,,,,0,,,,,,4138,,,,,,,,,,,,,,,,,,,,,,,,,,,,,,22,,,,,,0,,,,,,,,,,,,,,,,,,,,,,,,,,,,
2013-12-11,W3002X0G,ST4000DM000,4000787030016,0,,112125216,,,,,,,,0,,,,,,2244,,,,,,,,,,,,,,,,,,,,,,,,,,,,,,20,,,,,,0,,,,,,,,,,,,,,,,,,,,,,,,,,,,
2013-12-11,W300AFMR,ST4000DM000,4000787030016,0,,112975552,,,,,,,,0,,,,,,4160,,,,,,,,,,,,,,,,,,,,,,,,,,,,,,22,,,,,,0,,,,,,,,,,,,,,,,,,,,,,,,,,,,
2013-12-11,6XW1NK9Y,ST31500541AS,1500301910016,0,,236593502,,,,,,,,0,,,,,,10026,,,,,,,,,,,,,,,,,,,,,,,,,,,,,,20,,,,,,0,,,,,,,,,,,,,,,,,,,,,,,,,,,,
2013-12-11,WD-WMC1T0770312,WDC WD30EFRX,3000592982016,0,,0,,,,,,,,0,,,,,,8840,,,,,,,,,,,,,,,,,,,,,,,,,,,,,,27,,,,,,0,,,,,,,,,,,,,,,,,,,,,,,,,,,,
2013-12-11,PL1321LAG34MEH,Hitachi HDS5C4040ALE630,4000787030016,0,,0,,,,,,,,0,,,,,,5958,,,,,,,,,,,,,,,,,,,,,,,,,,,,,,25,,,,,,0,,,,,,,,,,,,,,,,,,,,,,,,,,,,
2013-12-11,MK0301YHGLVSLA,Hitachi HDS723030ALA640,3000592982016,0,,0,,,,,,,,0,,,,,,17017,,,,,,,,,,,,,,,,,,,,,,,,,,,,,,29,,,,,,0,,,,,,,,,,,,,,,,,,,,,,,,,,,,
2013-12-11,MK0331YHG6DW0A,Hitachi HDS723030ALA640,3000592982016,0,,0,,,,,,,,0,,,,,,17353,,,,,,,,,,,,,,,,,,,,,,,,,,,,,,24,,,,,,0,,,,,,,,,,,,,,,,,,,,,,,,,,,,
2013-12-11,MJ0351YNG9Z64A,Hitachi HDS5C3030ALA630,3000592982016,0,,0,,,,,,,,7,,,,,,9524,,,,,,,,,,,,,,,,,,,,,,,,,,,,,,34,,,,,,0,,,,,,,,,,,,,,,,,,,,,,,,,,,,
2013-12-11,Z300W51D,ST4000DM000,4000787030016,0,,105756736,,,,,,,,0,,,,,,918,,,,,,,,,,,,,,,,,,,,,,,,,,,,,,18,,,,,,0,,,,,,,,,,,,,,,,,,,,,,,,,,,,
2013-12-11,W1F09LGV,ST3000DM001,3000592982016,0,,158036944,,,,,,,,0,,,,,,13794,,,,,,,,,,,,,,,,,,,,,,,,,,,,,,26,,,,,,0,,,,,,,,,,,,,,,,,,,,,,,,,,,,
2013-12-11,W300BMS4,ST4000DM000,4000787030016,0,,5254680,,,,,,,,0,,,,,,3604,,,,,,,,,,,,,,,,,,,,,,,,,,,,,,22,,,,,,0,,,,,,,,,,,,,,,,,,,,,,,,,,,,
2013-12-11,MJ0351YNGA2YLA,Hitachi HDS5C3030ALA630,3000592982016,0,,0,,,,,,,,0,,,,,,8873,,,,,,,,,,,,,,,,,,,,,,,,,,,,,,30,,,,,,0,,,,,,,,,,,,,,,,,,,,,,,,,,,,
2013-12-11,W300J6L2,ST4000DM000,4000787030016,0,,37572080,,,,,,,,0,,,,,,1704,,,,,,,,,,,,,,,,,,,,,,,,,,,,,,25,,,,,,0,,,,,,,,,,,,,,,,,,,,,,,,,,,,
2013-12-11,W1F0KJMC,ST3000DM001,3000592982016,0,,174983200,,,,,,,,0,,,,,,12170,,,,,,,,,,,,,,,,,,,,,,,,,,,,,,23,,,,,,0,,,,,,,,,,,,,,,,,,,,,,,,,,,,
2013-12-11,W300J6L4,ST4000DM000,4000787030016,0,,219224192,,,,,,,,0,,,,,,2240,,,,,,,,,,,,,,,,,,,,,,,,,,,,,,21,,,,,,0,,,,,,,,,,,,,,,,,,,,,,,,,,,,
2013-12-11,5YD3WD75,ST1500DL003,1500301910016,0,,111676632,,,,,,,,0,,,,,,6406,,,,,,,,,,,,,,,,,,,,,,,,,,,,,,18,,,,,,0,,,,,,,,,,,,,,,,,,,,,,,,,,,,
2013-12-11,MJ1311YNG7G8YA,Hitachi HDS5C3030ALA630,3000592982016,0,,0,,,,,,,,0,,,,,,14310,,,,,,,,,,,,,,,,,,,,,,,,,,,,,,25,,,,,,0,,,,,,,,,,,,,,,,,,,,,,,,,,,,
2013-12-11,JK11A8B9J7N5AF,Hitachi HDS722020ALA330,2000398934016,0,,0,,,,,,,,0,,,,,,24665,,,,,,,,,,,,,,,,,,,,,,,,,,,,,,30,,,,,,0,,,,,,,,,,,,,,,,,,,,,,,,,,,,
2013-12-11,6XW053G5,ST31500541AS,1500301910016,0,,130841742,,,,,,,,0,,,,,,37291,,,,,,,,,,,,,,,,,,,,,,,,,,,,,,21,,,,,,0,,,,,,,,,,,,,,,,,,,,,,,,,,,,
2013-12-11,PL1321LAG346BH,Hitachi HDS5C4040ALE630,4000787030016,0,,0,,,,,,,,0,,,,,,6652,,,,,,,,,,,,,,,,,,,,,,,,,,,,,,23,,,,,,0,,,,,,,,,,,,,,,,,,,,,,,,,,,,
2013-12-11,MJ1321YNG0U74A,Hitachi HDS5C3030ALA630,3000592982016,0,,0,,,,,,,,0,,,,,,18594,,,,,,,,,,,,,,,,,,,,,,,,,,,,,,21,,,,,,0,,,,,,,,,,,,,,,,,,,,,,,,,,,,
2013-12-11,S1F0492Y,ST3000DM001,3000592982016,0,,31903360,,,,,,,,0,,,,,,16198,,,,,,,,,,,,,,,,,,,,,,,,,,,,,,23,,,,,,0,,,,,,,,,,,,,,,,,,,,,,,,,,,,
2013-12-11,S1F0492V,ST3000DM001,3000592982016,0,,174581496,,,,,,,,0,,,,,,16146,,,,,,,,,,,,,,,,,,,,,,,,,,,,,,18,,,,,,16,,,,,,,,,,,,,,,,,,,,,,,,,,,,
2013-12-11,9XW01P7J,ST31500541AS,1500301910016,0,,234030083,,,,,,,,0,,,,,,15477,,,,,,,,,,,,,,,,,,,,,,,,,,,,,,27,,,,,,0,,,,,,,,,,,,,,,,,,,,,,,,,,,,
2013-12-11,W300CKM2,ST4000DM000,4000787030016,0,,230637600,,,,,,,,0,,,,,,4136,,,,,,,,,,,,,,,,,,,,,,,,,,,,,,20,,,,,,0,,,,,,,,,,,,,,,,,,,,,,,,,,,,
2013-12-11,S1F0CVPG,ST3000DM001,3000592982016,0,,66260920,,,,,,,,0,,,,,,12417,,,,,,,,,,,,,,,,,,,,,,,,,,,,,,25,,,,,,0,,,,,,,,,,,,,,,,,,,,,,,,,,,,
2013-12-11,MJ0351YNG9XXZA,Hitachi HDS5C3030ALA630,3000592982016,0,,0,,,,,,,,0,,,,,,9524,,,,,,,,,,,,,,,,,,,,,,,,,,,,,,34,,,,,,0,,,,,,,,,,,,,,,,,,,,,,,,,,,,
2013-12-11,6XW01E9P,ST31500541AS,1500301910016,0,,15620372,,,,,,,,0,,,,,,36424,,,,,,,,,,,,,,,,,,,,,,,,,,,,,,17,,,,,,0,,,,,,,,,,,,,,,,,,,,,,,,,,,,
2013-12-11,S1F0492C,ST3000DM001,3000592982016,0,,101761504,,,,,,,,0,,,,,,16176,,,,,,,,,,,,,,,,,,,,,,,,,,,,,,26,,,,,,32,,,,,,,,,,,,,,,,,,,,,,,,,,,,
2013-12-11,W300BMSE,ST4000DM000,4000787030016,0,,100531352,,,,,,,,0,,,,,,4187,,,,,,,,,,,,,,,,,,,,,,,,,,,,,,30,,,,,,0,,,,,,,,,,,,,,,,,,,,,,,,,,,,
2013-12-11,JK11A8B9J8A35F,Hitachi HDS722020ALA330,2000398934016,0,,0,,,,,,,,0,,,,,,25123,,,,,,,,,,,,,,,,,,,,,,,,,,,,,,26,,,,,,0,,,,,,,,,,,,,,,,,,,,,,,,,,,,
2013-12-11,MJ1323YNG1GGSC,Hitachi HDS5C3030ALA630,3000592982016,0,,131072,,,,,,,,0,,,,,,19633,,,,,,,,,,,,,,,,,,,,,,,,,,,,,,22,,,,,,0,,,,,,,,,,,,,,,,,,,,,,,,,,,,
2013-12-11,MK0333YHGPGM4C,Hitachi HDS723030ALA640,3000592982016,0,,0,,,,,,,,0,,,,,,17763,,,,,,,,,,,,,,,,,,,,,,,,,,,,,,23,,,,,,0,,,,,,,,,,,,,,,,,,,,,,,,,,,,
2013-12-11,W300BMSP,ST4000DM000,4000787030016,0,,215967544,,,,,,,,0,,,,,,4044,,,,,,,,,,,,,,,,,,,,,,,,,,,,,,23,,,,,,0,,,,,,,,,,,,,,,,,,,,,,,,,,,,
2013-12-11,9VS3JGJT,ST31500341AS,1500301910016,0,,188826544,,,,,,,,7,,,,,,32919,,,,,,,,,,,,,,,,,,,,,,,,,,,,,,19,,,,,,0,,,,,,,,,,,,,,,,,,,,,,,,,,,,
2013-12-11,WD-WCAU45384206,WDC WD10EADS,1000204886016,0,,1,,,,,,,,0,,,,,,41330,,,,,,,,,,,,,,,,,,,,,,,,,,,,,,29,,,,,,0,,,,,,,,,,,,,,,,,,,,,,,,,,,,
2013-12-11,W300EDZC,ST4000DM000,4000787030016,0,,73730560,,,,,,,,0,,,,,,4353,,,,,,,,,,,,,,,,,,,,,,,,,,,,,,23,,,,,,0,,,,,,,,,,,,,,,,,,,,,,,,,,,,
2013-12-11,MJ1321YNG0PA3A,Hitachi HDS5C3030ALA630,3000592982016,0,,0,,,,,,,,0,,,,,,20731,,,,,,,,,,,,,,,,,,,,,,,,,,,,,,23,,,,,,0,,,,,,,,,,,,,,,,,,,,,,,,,,,,
2013-12-11,Z1F1B799,ST3000DM001,3000592982016,0,,135043224,,,,,,,,0,,,,,,8206,,,,,,,,,,,,,,,,,,,,,,,,,,,,,,24,,,,,,0,,,,,,,,,,,,,,,,,,,,,,,,,,,,
2013-12-11,PL1311LAG3DM5H,Hitachi HDS5C4040ALE630,4000787030016,0,,0,,,,,,,,0,,,,,,6570,,,,,,,,,,,,,,,,,,,,,,,,,,,,,,29,,,,,,0,,,,,,,,,,,,,,,,,,,,,,,,,,,,
2013-12-11,W1F0B0PS,ST3000DM001,3000592982016,0,,93584792,,,,,,,,0,,,,,,13912,,,,,,,,,,,,,,,,,,,,,,,,,,,,,,23,,,,,,0,,,,,,,,,,,,,,,,,,,,,,,,,,,,
2013-12-11,JK1101B9HZ3W5L,Hitachi HDS722020ALA330,2000398934016,0,,65539,,,,,,,,0,,,,,,22703,,,,,,,,,,,,,,,,,,,,,,,,,,,,,,28,,,,,,0,,,,,,,,,,,,,,,,,,,,,,,,,,,,
2013-12-11,MJ0351YNGA8REA,Hitachi HDS5C3030ALA630,3000592982016,0,,0,,,,,,,,0,,,,,,8214,,,,,,,,,,,,,,,,,,,,,,,,,,,,,,30,,,,,,0,,,,,,,,,,,,,,,,,,,,,,,,,,,,
2013-12-11,MJ1313YNG1EB8C,Hitachi HDS5C3030ALA630,3000592982016,0,,0,,,,,,,,0,,,,,,21796,,,,,,,,,,,,,,,,,,,,,,,,,,,,,,25,,,,,,0,,,,,,,,,,,,,,,,,,,,,,,,,,,,
2013-12-11,W300BPYL,ST4000DM000,4000787030016,0,,163827856,,,,,,,,24,,,,,,4140,,,,,,,,,,,,,,,,,,,,,,,,,,,,,,25,,,,,,0,,,,,,,,,,,,,,,,,,,,,,,,,,,,
2013-12-11,S1F06DEZ,ST3000DM001,3000592982016,0,,230627160,,,,,,,,0,,,,,,13821,,,,,,,,,,,,,,,,,,,,,,,,,,,,,,25,,,,,,64,,,,,,,,,,,,,,,,,,,,,,,,,,,,
2013-12-11,MJ0351YNGA87PA,Hitachi HDS5C3030ALA630,3000592982016,0,,0,,,,,,,,0,,,,,,9163,,,,,,,,,,,,,,,,,,,,,,,,,,,,,,26,,,,,,0,,,,,,,,,,,,,,,,,,,,,,,,,,,,
2013-12-11,JK1174YAK3UE4W,Hitachi HDS722020ALA330,2000398934016,0,,65536,,,,,,,,0,,,,,,28154,,,,,,,,,,,,,,,,,,,,,,,,,,,,,,26,,,,,,0,,,,,,,,,,,,,,,,,,,,,,,,,,,,
2013-12-11,Z300MQ28,ST4000DM000,4000787030016,0,,138657408,,,,,,,,0,,,,,,2879,,,,,,,,,,,,,,,,,,,,,,,,,,,,,,22,,,,,,0,,,,,,,,,,,,,,,,,,,,,,,,,,,,
2013-12-11,JK1101B8HZYYNZ,Hitachi HDS722020ALA330,2000398934016,0,,1,,,,,,,,0,,,,,,22704,,,,,,,,,,,,,,,,,,,,,,,,,,,,,,29,,,,,,0,,,,,,,,,,,,,,,,,,,,,,,,,,,,
2013-12-11,MK0331YHGNZ7JA,Hitachi HDS723030ALA640,3000592982016,0,,0,,,,,,,,0,,,,,,17356,,,,,,,,,,,,,,,,,,,,,,,,,,,,,,24,,,,,,0,,,,,,,,,,,,,,,,,,,,,,,,,,,,
2013-12-11,6XW039M8,ST31500541AS,1500301910016,0,,162388892,,,,,,,,0,,,,,,36935,,,,,,,,,,,,,,,,,,,,,,,,,,,,,,25,,,,,,0,,,,,,,,,,,,,,,,,,,,,,,,,,,,
2013-12-11,6XW04F1Q,ST31500541AS,1500301910016,0,,80098925,,,,,,,,0,,,,,,37143,,,,,,,,,,,,,,,,,,,,,,,,,,,,,,21,,,,,,0,,,,,,,,,,,,,,,,,,,,,,,,,,,,
2013-12-11,Z1Z05992,ST4000DX000,4000787030016,0,,187792733,,,,,,,,0,,,,,,5379,,,,,,,,,,,,,,,,,,,,,,,,,,,,,,26,,,,,,0,,,,,,,,,,,,,,,,,,,,,,,,,,,,
2013-12-11,Z1Z05993,ST4000DX000,4000787030016,0,,137608600,,,,,,,,0,,,,,,5077,,,,,,,,,,,,,,,,,,,,,,,,,,,,,,32,,,,,,0,,,,,,,,,,,,,,,,,,,,,,,,,,,,
2013-12-11,6XW04F1B,ST31500541AS,1500301910016,0,,95506791,,,,,,,,0,,,,,,36955,,,,,,,,,,,,,,,,,,,,,,,,,,,,,,23,,,,,,0,,,,,,,,,,,,,,,,,,,,,,,,,,,,
2013-12-11,JK11A8B9GNWM2F,Hitachi HDS722020ALA330,2000398934016,0,,0,,,,,,,,0,,,,,,26764,,,,,,,,,,,,,,,,,,,,,,,,,,,,,,27,,,,,,0,,,,,,,,,,,,,,,,,,,,,,,,,,,,
2013-12-11,WD-WCAU45634616,WDC WD10EADS,1000204886016,0,,15,,,,,,,,0,,,,,,42023,,,,,,,,,,,,,,,,,,,,,,,,,,,,,,22,,,,,,0,,,,,,,,,,,,,,,,,,,,,,,,,,,,
2013-12-11,W300BNST,ST4000DM000,4000787030016,0,,154329544,,,,,,,,0,,,,,,3604,,,,,,,,,,,,,,,,,,,,,,,,,,,,,,23,,,,,,0,,,,,,,,,,,,,,,,,,,,,,,,,,,,
2013-12-11,Z300P9CM,ST4000DM000,4000787030016,0,,40858656,,,,,,,,0,,,,,,1093,,,,,,,,,,,,,,,,,,,,,,,,,,,,,,27,,,,,,0,,,,,,,,,,,,,,,,,,,,,,,,,,,,
2013-12-11,WD-WCAU45139142,WDC WD10EADS,1000204886016,0,,2,,,,,,,,0,,,,,,41218,,,,,,,,,,,,,,,,,,,,,,,,,,,,,,27,,,,,,0,,,,,,,,,,,,,,,,,,,,,,,,,,,,
2013-12-11,Z300P9CT,ST4000DM000,4000787030016,0,,180606248,,,,,,,,0,,,,,,1225,,,,,,,,,,,,,,,,,,,,,,,,,,,,,,22,,,,,,0,,,,,,,,,,,,,,,,,,,,,,,,,,,,
2013-12-11,S1F035RW,ST3000DM001,3000592982016,0,,87242656,,,,,,,,0,,,,,,15415,,,,,,,,,,,,,,,,,,,,,,,,,,,,,,27,,,,,,0,,,,,,,,,,,,,,,,,,,,,,,,,,,,
2013-12-11,W300BNSJ,ST4000DM000,4000787030016,0,,59335960,,,,,,,,0,,,,,,4163,,,,,,,,,,,,,,,,,,,,,,,,,,,,,,20,,,,,,0,,,,,,,,,,,,,,,,,,,,,,,,,,,,
2013-12-11,W300ADZ0,ST4000DM000,4000787030016,0,,3484296,,,,,,,,0,,,,,,4138,,,,,,,,,,,,,,,,,,,,,,,,,,,,,,24,,,,,,0,,,,,,,,,,,,,,,,,,,,,,,,,,,,
2013-12-11,Z300P9CZ,ST4000DM000,4000787030016,0,,92401216,,,,,,,,0,,,,,,1112,,,,,,,,,,,,,,,,,,,,,,,,,,,,,,21,,,,,,0,,,,,,,,,,,,,,,,,,,,,,,,,,,,
2013-12-11,W300BHEM,ST4000DM000,4000787030016,0,,180347648,,,,,,,,0,,,,,,4044,,,,,,,,,,,,,,,,,,,,,,,,,,,,,,21,,,,,,0,,,,,,,,,,,,,,,,,,,,,,,,,,,,
2013-12-11,JK11A8B9J7Y9PF,Hitachi HDS722020ALA330,2000398934016,0,,0,,,,,,,,0,,,,,,24627,,,,,,,,,,,,,,,,,,,,,,,,,,,,,,29,,,,,,0,,,,,,,,,,,,,,,,,,,,,,,,,,,,
2013-12-11,S1F08S7Z,ST3000DM001,3000592982016,0,,19581088,,,,,,,,0,,,,,,12417,,,,,,,,,,,,,,,,,,,,,,,,,,,,,,30,,,,,,0,,,,,,,,,,,,,,,,,,,,,,,,,,,,
2013-12-11,Z290PTWE,ST33000651AS,3000592982016,0,,168852171,,,,,,,,0,,,,,,17742,,,,,,,,,,,,,,,,,,,,,,,,,,,,,,22,,,,,,0,,,,,,,,,,,,,,,,,,,,,,,,,,,,
2013-12-11,W1F056JK,ST3000DM001,3000592982016,0,,242883912,,,,,,,,0,,,,,,12532,,,,,,,,,,,,,,,,,,,,,,,,,,,,,,25,,,,,,0,,,,,,,,,,,,,,,,,,,,,,,,,,,,
2013-12-11,5XW03JS5,ST31500541AS,1500301910016,0,,227121824,,,,,,,,0,,,,,,37068,,,,,,,,,,,,,,,,,,,,,,,,,,,,,,27,,,,,,0,,,,,,,,,,,,,,,,,,,,,,,,,,,,
2013-12-11,MJ1311YNG7LRMA,Hitachi HDS5C3030ALA630,3000592982016,0,,0,,,,,,,,0,,,,,,14291,,,,,,,,,,,,,,,,,,,,,,,,,,,,,,30,,,,,,0,,,,,,,,,,,,,,,,,,,,,,,,,,,,
2013-12-11,JK11A8B9J30TPF,Hitachi HDS722020ALA330,2000398934016,0,,0,,,,,,,,0,,,,,,23991,,,,,,,,,,,,,,,,,,,,,,,,,,,,,,27,,,,,,0,,,,,,,,,,,,,,,,,,,,,,,,,,,,
2013-12-11,MK0331YHGRN17A,Hitachi HDS723030ALA640,3000592982016,0,,0,,,,,,,,0,,,,,,16679,,,,,,,,,,,,,,,,,,,,,,,,,,,,,,29,,,,,,0,,,,,,,,,,,,,,,,,,,,,,,,,,,,
2013-12-11,9VS3HLLZ,ST31500341AS,1500301910016,0,,87679263,,,,,,,,15,,,,,,32416,,,,,,,,,,,,,,,,,,,,,,,,,,,,,,27,,,,,,0,,,,,,,,,,,,,,,,,,,,,,,,,,,,
2013-12-11,JK11A8B9J0M80F,Hitachi HDS722020ALA330,2000398934016,0,,0,,,,,,,,0,,,,,,26144,,,,,,,,,,,,,,,,,,,,,,,,,,,,,,27,,,,,,0,,,,,,,,,,,,,,,,,,,,,,,,,,,,
2013-12-11,W1F1BS0H,ST3000DM001,3000592982016,0,,205095696,,,,,,,,0,,,,,,8209,,,,,,,,,,,,,,,,,,,,,,,,,,,,,,27,,,,,,0,,,,,,,,,,,,,,,,,,,,,,,,,,,,
2013-12-11,JK11A8B9J913DF,Hitachi HDS722020ALA330,2000398934016,0,,0,,,,,,,,0,,,,,,25580,,,,,,,,,,,,,,,,,,,,,,,,,,,,,,22,,,,,,0,,,,,,,,,,,,,,,,,,,,,,,,,,,,
2013-12-11,W1F09TJZ,ST3000DM001,3000592982016,0,,57912600,,,,,,,,0,,,,,,14732,,,,,,,,,,,,,,,,,,,,,,,,,,,,,,20,,,,,,0,,,,,,,,,,,,,,,,,,,,,,,,,,,,
2013-12-11,PL1311LAG12RKH,Hitachi HDS5C4040ALE630,4000787030016,0,,0,,,,,,,,0,,,,,,7369,,,,,,,,,,,,,,,,,,,,,,,,,,,,,,23,,,,,,0,,,,,,,,,,,,,,,,,,,,,,,,,,,,
2013-12-11,JK1101B9JNR1TR,Hitachi HDS722020ALA330,2000398934016,0,,0,,,,,,,,0,,,,,,23126,,,,,,,,,,,,,,,,,,,,,,,,,,,,,,23,,,,,,0,,,,,,,,,,,,,,,,,,,,,,,,,,,,
2013-12-11,JK11A8B9J49L0F,Hitachi HDS722020ALA330,2000398934016,0,,65541,,,,,,,,0,,,,,,25125,,,,,,,,,,,,,,,,,,,,,,,,,,,,,,31,,,,,,0,,,,,,,,,,,,,,,,,,,,,,,,,,,,
2013-12-11,JK11A8B9J77LJF,Hitachi HDS722020ALA330,2000398934016,0,,4,,,,,,,,0,,,,,,22702,,,,,,,,,,,,,,,,,,,,,,,,,,,,,,25,,,,,,0,,,,,,,,,,,,,,,,,,,,,,,,,,,,
2013-12-11,9VS3HCMG,ST31500341AS,1500301910016,0,,96934216,,,,,,,,44,,,,,,32910,,,,,,,,,,,,,,,,,,,,,,,,,,,,,,23,,,,,,0,,,,,,,,,,,,,,,,,,,,,,,,,,,,
2013-12-11,W1F08E4Q,ST3000DM001,3000592982016,0,,101799648,,,,,,,,0,,,,,,15190,,,,,,,,,,,,,,,,,,,,,,,,,,,,,,25,,,,,,0,,,,,,,,,,,,,,,,,,,,,,,,,,,,
2013-12-11,Z300W0Q0,ST4000DM000,4000787030016,0,,47459848,,,,,,,,0,,,,,,920,,,,,,,,,,,,,,,,,,,,,,,,,,,,,,19,,,,,,0,,,,,,,,,,,,,,,,,,,,,,,,,,,,
2013-12-11,W300BHE9,ST4000DM000,4000787030016,0,,196882008,,,,,,,,0,,,,,,4047,,,,,,,,,,,,,,,,,,,,,,,,,,,,,,23,,,,,,0,,,,,,,,,,,,,,,,,,,,,,,,,,,,
2013-12-11,MJ1311YNG2VZJA,Hitachi HDS5C3030ALA630,3000592982016,0,,0,,,,,,,,0,,,,,,18386,,,,,,,,,,,,,,,,,,,,,,,,,,,,,,23,,,,,,0,,,,,,,,,,,,,,,,,,,,,,,,,,,,
2013-12-11,MJ0351YNG9ZXYA,Hitachi HDS5C3030ALA630,3000592982016,0,,0,,,,,,,,0,,,,,,9312,,,,,,,,,,,,,,,,,,,,,,,,,,,,,,27,,,,,,0,,,,,,,,,,,,,,,,,,,,,,,,,,,,
2013-12-11,PL1311LAG28MZH,Hitachi HDS5C4040ALE630,4000787030016,0,,0,,,,,,,,0,,,,,,7417,,,,,,,,,,,,,,,,,,,,,,,,,,,,,,22,,,,,,0,,,,,,,,,,,,,,,,,,,,,,,,,,,,
2013-12-11,WD-WMC1T1611808,WDC WD30EFRX,3000592982016,0,,0,,,,,,,,0,,,,,,7709,,,,,,,,,,,,,,,,,,,,,,,,,,,,,,29,,,,,,0,,,,,,,,,,,,,,,,,,,,,,,,,,,,
2013-12-11,WD-WMC1T1611809,WDC WD30EFRX,3000592982016,0,,0,,,,,,,,0,,,,,,7708,,,,,,,,,,,,,,,,,,,,,,,,,,,,,,28,,,,,,0,,,,,,,,,,,,,,,,,,,,,,,,,,,,
2013-12-11,MJ1311YNG7K79A,Hitachi HDS5C3030ALA630,3000592982016,0,,0,,,,,,,,0,,,,,,14620,,,,,,,,,,,,,,,,,,,,,,,,,,,,,,20,,,,,,0,,,,,,,,,,,,,,,,,,,,,,,,,,,,
2013-12-11,WD-WCC1T1281736,WDC WD30EFRX,3000592982016,0,,0,,,,,,,,0,,,,,,347,,,,,,,,,,,,,,,,,,,,,,,,,,,,,,21,,,,,,0,,,,,,,,,,,,,,,,,,,,,,,,,,,,
2013-12-11,WD-WCAU45623514,WDC WD10EACS,1000204886016,0,,6,,,,,,,,0,,,,,,42388,,,,,,,,,,,,,,,,,,,,,,,,,,,,,,23,,,,,,0,,,,,,,,,,,,,,,,,,,,,,,,,,,,
2013-12-11,MJ0351YNG9WSKA,Hitachi HDS5C3030ALA630,3000592982016,0,,0,,,,,,,,0,,,,,,9773,,,,,,,,,,,,,,,,,,,,,,,,,,,,,,27,,,,,,0,,,,,,,,,,,,,,,,,,,,,,,,,,,,
2013-12-11,MJ1311YNG7ESNA,Hitachi HDS5C3030ALA630,3000592982016,0,,0,,,,,,,,0,,,,,,14574,,,,,,,,,,,,,,,,,,,,,,,,,,,,,,23,,,,,,0,,,,,,,,,,,,,,,,,,,,,,,,,,,,
2013-12-11,MJ1323YNG1SD8C,Hitachi HDS5C3030ALA630,3000592982016,0,,0,,,,,,,,0,,,,,,20079,,,,,,,,,,,,,,,,,,,,,,,,,,,,,,34,,,,,,0,,,,,,,,,,,,,,,,,,,,,,,,,,,,
2013-12-11,6XW1EHZ7,ST32000542AS,2000398934016,0,,146942908,,,,,,,,0,,,,,,13014,,,,,,,,,,,,,,,,,,,,,,,,,,,,,,26,,,,,,0,,,,,,,,,,,,,,,,,,,,,,,,,,,,
2013-12-11,S1F022NL,ST3000DM001,3000592982016,0,,155695792,,,,,,,,0,,,,,,15237,,,,,,,,,,,,,,,,,,,,,,,,,,,,,,17,,,,,,0,,,,,,,,,,,,,,,,,,,,,,,,,,,,
2013-12-11,S1F024VX,ST3000DM001,3000592982016,0,,9630104,,,,,,,,0,,,,,,16200,,,,,,,,,,,,,,,,,,,,,,,,,,,,,,27,,,,,,0,,,,,,,,,,,,,,,,,,,,,,,,,,,,
2013-12-11,Z300T79R,ST4000DM000,4000787030016,0,,160150808,,,,,,,,0,,,,,,109,,,,,,,,,,,,,,,,,,,,,,,,,,,,,,21,,,,,,0,,,,,,,,,,,,,,,,,,,,,,,,,,,,
2013-12-11,W1F0X5L3,ST3000DM001,3000592982016,0,,100533208,,,,,,,,0,,,,,,10758,,,,,,,,,,,,,,,,,,,,,,,,,,,,,,21,,,,,,0,,,,,,,,,,,,,,,,,,,,,,,,,,,,
2013-12-11,W1F0FWTZ,ST3000DM001,3000592982016,0,,169925440,,,,,,,,0,,,,,,12027,,,,,,,,,,,,,,,,,,,,,,,,,,,,,,24,,,,,,0,,,,,,,,,,,,,,,,,,,,,,,,,,,,
2013-12-11,MJ1321YNG0EZ0A,Hitachi HDS5C3030ALA630,3000592982016,0,,0,,,,,,,,0,,,,,,19802,,,,,,,,,,,,,,,,,,,,,,,,,,,,,,25,,,,,,0,,,,,,,,,,,,,,,,,,,,,,,,,,,,
2013-12-11,WD-WCAWZ1135132,WDC WD30EZRX,3000592982016,0,,165,,,,,,,,0,,,,,,17618,,,,,,,,,,,,,,,,,,,,,,,,,,,,,,21,,,,,,1,,,,,,,,,,,,,,,,,,,,,,,,,,,,
2013-12-11,MJ1311YNG2ZR8A,Hitachi HDS5C3030ALA630,3000592982016,0,,0,,,,,,,,0,,,,,,18386,,,,,,,,,,,,,,,,,,,,,,,,,,,,,,22,,,,,,0,,,,,,,,,,,,,,,,,,,,,,,,,,,,
2013-12-11,W1F0X5L8,ST3000DM001,3000592982016,0,,20515160,,,,,,,,0,,,,,,11638,,,,,,,,,,,,,,,,,,,,,,,,,,,,,,26,,,,,,0,,,,,,,,,,,,,,,,,,,,,,,,,,,,
2013-12-11,MK0313YHGAN6HC,Hitachi HDS723030ALA640,3000592982016,0,,65536,,,,,,,,0,,,,,,16803,,,,,,,,,,,,,,,,,,,,,,,,,,,,,,30,,,,,,0,,,,,,,,,,,,,,,,,,,,,,,,,,,,
2013-12-11,MK0331YHG9MPUA,Hitachi HDS723030ALA640,3000592982016,0,,0,,,,,,,,0,,,,,,17030,,,,,,,,,,,,,,,,,,,,,,,,,,,,,,30,,,,,,0,,,,,,,,,,,,,,,,,,,,,,,,,,,,
2013-12-11,JK11A8B9J79ETF,Hitachi HDS722020ALA330,2000398934016,0,,0,,,,,,,,0,,,,,,22696,,,,,,,,,,,,,,,,,,,,,,,,,,,,,,24,,,,,,0,,,,,,,,,,,,,,,,,,,,,,,,,,,,
2013-12-11,MJ1311YNG2Z4XA,Hitachi HDS5C3030ALA630,3000592982016,0,,131072,,,,,,,,0,,,,,,18386,,,,,,,,,,,,,,,,,,,,,,,,,,,,,,20,,,,,,0,,,,,,,,,,,,,,,,,,,,,,,,,,,,
2013-12-11,JK1101B9KNNZZF,Hitachi HDS722020ALA330,2000398934016,0,,0,,,,,,,,0,,,,,,23097,,,,,,,,,,,,,,,,,,,,,,,,,,,,,,28,,,,,,0,,,,,,,,,,,,,,,,,,,,,,,,,,,,
2013-12-11,S1F0LQKX,ST3000DM001,3000592982016,0,,214985344,,,,,,,,0,,,,,,10540,,,,,,,,,,,,,,,,,,,,,,,,,,,,,,28,,,,,,0,,,,,,,,,,,,,,,,,,,,,,,,,,,,
2013-12-11,PL1310LAG0BJLA,Hitachi HDS5C4040ALE630,4000787030016,0,,0,,,,,,,,0,,,,,,12997,,,,,,,,,,,,,,,,,,,,,,,,,,,,,,29,,,,,,0,,,,,,,,,,,,,,,,,,,,,,,,,,,,
2013-12-11,W1F0X5LX,ST3000DM001,3000592982016,0,,221659128,,,,,,,,0,,,,,,11674,,,,,,,,,,,,,,,,,,,,,,,,,,,,,,25,,,,,,0,,,,,,,,,,,,,,,,,,,,,,,,,,,,
2013-12-11,5XW01VKF,ST320005XXXX,2000398934016,0,,2850864,,,,,,,,0,,,,,,29165,,,,,,,,,,,,,,,,,,,,,,,,,,,,,,29,,,,,,0,,,,,,,,,,,,,,,,,,,,,,,,,,,,
2013-12-11,PL1311LAG1812A,Hitachi HDS5C4040ALE630,4000787030016,0,,0,,,,,,,,0,,,,,,6074,,,,,,,,,,,,,,,,,,,,,,,,,,,,,,17,,,,,,0,,,,,,,,,,,,,,,,,,,,,,,,,,,,
2013-12-11,MK0301YHG3Y2WA,Hitachi HDS723030ALA640,3000592982016,0,,0,,,,,,,,0,,,,,,17012,,,,,,,,,,,,,,,,,,,,,,,,,,,,,,32,,,,,,0,,,,,,,,,,,,,,,,,,,,,,,,,,,,
2013-12-11,PL1311LAG3A2YH,Hitachi HDS5C4040ALE630,4000787030016,0,,0,,,,,,,,0,,,,,,5933,,,,,,,,,,,,,,,,,,,,,,,,,,,,,,25,,,,,,0,,,,,,,,,,,,,,,,,,,,,,,,,,,,
2013-12-11,S1F02VCD,ST3000DM001,3000592982016,0,,199445464,,,,,,,,0,,,,,,14993,,,,,,,,,,,,,,,,,,,,,,,,,,,,,,22,,,,,,0,,,,,,,,,,,,,,,,,,,,,,,,,,,,
2013-12-11,JK1160YAHP2DKT,Hitachi HDS722020ALA330,2000398934016,0,,0,,,,,,,,0,,,,,,22680,,,,,,,,,,,,,,,,,,,,,,,,,,,,,,30,,,,,,0,,,,,,,,,,,,,,,,,,,,,,,,,,,,
2013-12-11,JK11A8YBKYWS1F,Hitachi HDS722020ALA330,2000398934016,0,,0,,,,,,,,0,,,,,,27740,,,,,,,,,,,,,,,,,,,,,,,,,,,,,,21,,,,,,0,,,,,,,,,,,,,,,,,,,,,,,,,,,,
2013-12-11,MJ0351YNGA6NMA,Hitachi HDS5C3030ALA630,3000592982016,0,,0,,,,,,,,0,,,,,,7972,,,,,,,,,,,,,,,,,,,,,,,,,,,,,,25,,,,,,0,,,,,,,,,,,,,,,,,,,,,,,,,,,,
2013-12-11,PL1321LAG3695H,Hitachi HDS5C4040ALE630,4000787030016,0,,0,,,,,,,,0,,,,,,6070,,,,,,,,,,,,,,,,,,,,,,,,,,,,,,22,,,,,,0,,,,,,,,,,,,,,,,,,,,,,,,,,,,
2013-12-11,Z300K95Q,ST4000DM000,4000787030016,0,,163233112,,,,,,,,0,,,,,,2238,,,,,,,,,,,,,,,,,,,,,,,,,,,,,,18,,,,,,0,,,,,,,,,,,,,,,,,,,,,,,,,,,,
2013-12-11,W300KLQM,ST4000DM000,4000787030016,0,,109125288,,,,,,,,0,,,,,,815,,,,,,,,,,,,,,,,,,,,,,,,,,,,,,18,,,,,,0,,,,,,,,,,,,,,,,,,,,,,,,,,,,
2013-12-11,JK11A8B9J3429F,Hitachi HDS722020ALA330,2000398934016,0,,65536,,,,,,,,0,,,,,,24665,,,,,,,,,,,,,,,,,,,,,,,,,,,,,,29,,,,,,0,,,,,,,,,,,,,,,,,,,,,,,,,,,,
2013-12-11,Z300T57Y,ST4000DM000,4000787030016,0,,39420928,,,,,,,,0,,,,,,1789,,,,,,,,,,,,,,,,,,,,,,,,,,,,,,19,,,,,,0,,,,,,,,,,,,,,,,,,,,,,,,,,,,
2013-12-11,Z300E5EF,ST4000DM000,4000787030016,0,,44217016,,,,,,,,0,,,,,,1297,,,,,,,,,,,,,,,,,,,,,,,,,,,,,,20,,,,,,0,,,,,,,,,,,,,,,,,,,,,,,,,,,,
2013-12-11,PL1301LAG3568H,Hitachi HDS5C4040ALE630,4000787030016,0,,0,,,,,,,,0,,,,,,6648,,,,,,,,,,,,,,,,,,,,,,,,,,,,,,22,,,,,,0,,,,,,,,,,,,,,,,,,,,,,,,,,,,
2013-12-11,PL1331LAG5AY0H,HGST HMS5C4040ALE640,4000787030016,0,,0,,,,,,,,0,,,,,,9402,,,,,,,,,,,,,,,,,,,,,,,,,,,,,,28,,,,,,0,,,,,,,,,,,,,,,,,,,,,,,,,,,,
2013-12-11,JK11A8B9J243YF,Hitachi HDS722020ALA330,2000398934016,0,,0,,,,,,,,4,,,,,,22702,,,,,,,,,,,,,,,,,,,,,,,,,,,,,,25,,,,,,0,,,,,,,,,,,,,,,,,,,,,,,,,,,,
2013-12-11,Z300VY3K,ST4000DM000,4000787030016,0,,159834464,,,,,,,,0,,,,,,772,,,,,,,,,,,,,,,,,,,,,,,,,,,,,,20,,,,,,0,,,,,,,,,,,,,,,,,,,,,,,,,,,,
2013-12-11,9VS1WG5Y,ST31500341AS,1500301910016,0,,62275960,,,,,,,,1,,,,,,38949,,,,,,,,,,,,,,,,,,,,,,,,,,,,,,27,,,,,,0,,,,,,,,,,,,,,,,,,,,,,,,,,,,
2013-12-11,Z300E5ER,ST4000DM000,4000787030016,0,,21209432,,,,,,,,0,,,,,,1331,,,,,,,,,,,,,,,,,,,,,,,,,,,,,,22,,,,,,0,,,,,,,,,,,,,,,,,,,,,,,,,,,,
2013-12-11,MJ1311YNG36E7A,Hitachi HDS5C3030ALA630,3000592982016,0,,0,,,,,,,,0,,,,,,18593,,,,,,,,,,,,,,,,,,,,,,,,,,,,,,25,,,,,,0,,,,,,,,,,,,,,,,,,,,,,,,,,,,
2013-12-11,MJ1311YNG3493A,Hitachi HDS5C3030ALA630,3000592982016,0,,0,,,,,,,,0,,,,,,19617,,,,,,,,,,,,,,,,,,,,,,,,,,,,,,26,,,,,,0,,,,,,,,,,,,,,,,,,,,,,,,,,,,
2013-12-11,MJ0351YNGAANBA,Hitachi HDS5C3030ALA630,3000592982016,0,,0,,,,,,,,0,,,,,,8640,,,,,,,,,,,,,,,,,,,,,,,,,,,,,,30,,,,,,0,,,,,,,,,,,,,,,,,,,,,,,,,,,,
2013-12-11,MJ1311YNG77B1A,Hitachi HDS5C3030ALA630,3000592982016,0,,0,,,,,,,,0,,,,,,2214,,,,,,,,,,,,,,,,,,,,,,,,,,,,,,23,,,,,,0,,,,,,,,,,,,,,,,,,,,,,,,,,,,
2013-12-11,Z300H314,ST4000DM000,4000787030016,0,,211982176,,,,,,,,0,,,,,,1331,,,,,,,,,,,,,,,,,,,,,,,,,,,,,,22,,,,,,0,,,,,,,,,,,,,,,,,,,,,,,,,,,,
2013-12-11,JK1105B8GGR8NX,Hitachi HDS722020ALA330,2000398934016,0,,0,,,,,,,,0,,,,,,27169,,,,,,,,,,,,,,,,,,,,,,,,,,,,,,24,,,,,,0,,,,,,,,,,,,,,,,,,,,,,,,,,,,
2013-12-11,W1F09ELK,ST3000DM001,3000592982016,0,,10955592,,,,,,,,0,,,,,,14733,,,,,,,,,,,,,,,,,,,,,,,,,,,,,,24,,,,,,32,,,,,,,,,,,,,,,,,,,,,,,,,,,,
2013-12-11,Z300K958,ST4000DM000,4000787030016,0,,44068688,,,,,,,,0,,,,,,2220,,,,,,,,,,,,,,,,,,,,,,,,,,,,,,24,,,,,,0,,,,,,,,,,,,,,,,,,,,,,,,,,,,
2013-12-11,MJ0351YNG9XZ6A,Hitachi HDS5C3030ALA630,3000592982016,0,,65538,,,,,,,,0,,,,,,9315,,,,,,,,,,,,,,,,,,,,,,,,,,,,,,31,,,,,,0,,,,,,,,,,,,,,,,,,,,,,,,,,,,
2013-12-11,Z300KEPM,ST4000DM000,4000787030016,0,,204777400,,,,,,,,0,,,,,,152,,,,,,,,,,,,,,,,,,,,,,,,,,,,,,24,,,,,,0,,,,,,,,,,,,,,,,,,,,,,,,,,,,
2013-12-11,PL1311LAG3E2YH,Hitachi HDS5C4040ALE630,4000787030016,0,,0,,,,,,,,0,,,,,,5069,,,,,,,,,,,,,,,,,,,,,,,,,,,,,,26,,,,,,0,,,,,,,,,,,,,,,,,,,,,,,,,,,,
2013-12-11,MK0311YHGDJ7NA,Hitachi HDS723030ALA640,3000592982016,0,,0,,,,,,,,0,,,,,,21460,,,,,,,,,,,,,,,,,,,,,,,,,,,,,,23,,,,,,0,,,,,,,,,,,,,,,,,,,,,,,,,,,,
2013-12-11,MJ1323YNG0ZU5C,Hitachi HDS5C3030ALA630,3000592982016,0,,983040,,,,,,,,0,,,,,,20732,,,,,,,,,,,,,,,,,,,,,,,,,,,,,,24,,,,,,0,,,,,,,,,,,,,,,,,,,,,,,,,,,,
2013-12-11,W1F0JN0Q,ST3000DM001,3000592982016,0,,147906888,,,,,,,,0,,,,,,10808,,,,,,,,,,,,,,,,,,,,,,,,,,,,,,26,,,,,,0,,,,,,,,,,,,,,,,,,,,,,,,,,,,
2013-12-11,W1F0B28S,ST3000DM001,3000592982016,0,,19529192,,,,,,,,0,,,,,,13748,,,,,,,,,,,,,,,,,,,,,,,,,,,,,,20,,,,,,0,,,,,,,,,,,,,,,,,,,,,,,,,,,,
2013-12-11,6XW01ETD,ST31500541AS,1500301910016,0,,204124469,,,,,,,,0,,,,,,37444,,,,,,,,,,,,,,,,,,,,,,,,,,,,,,21,,,,,,0,,,,,,,,,,,,,,,,,,,,,,,,,,,,
2013-12-11,WD-WCAV53911656,WDC WD10EADS,1000204886016,0,,0,,,,,,,,0,,,,,,1323,,,,,,,,,,,,,,,,,,,,,,,,,,,,,,31,,,,,,0,,,,,,,,,,,,,,,,,,,,,,,,,,,,
2013-12-11,5YD5RY4C,ST1500DL003,1500301910016,0,,119832,,,,,,,,0,,,,,,1692,,,,,,,,,,,,,,,,,,,,,,,,,,,,,,26,,,,,,0,,,,,,,,,,,,,,,,,,,,,,,,,,,,
2013-12-11,W1F0A08X,ST3000DM001,3000592982016,0,,110380808,,,,,,,,0,,,,,,13824,,,,,,,,,,,,,,,,,,,,,,,,,,,,,,21,,,,,,0,,,,,,,,,,,,,,,,,,,,,,,,,,,,
2013-12-11,MJ0351YNG9RBYA,Hitachi HDS5C3030ALA630,3000592982016,0,,0,,,,,,,,0,,,,,,9552,,,,,,,,,,,,,,,,,,,,,,,,,,,,,,30,,,,,,0,,,,,,,,,,,,,,,,,,,,,,,,,,,,
2013-12-11,MJ0351YNGAD86A,Hitachi HDS5C3030ALA630,3000592982016,0,,0,,,,,,,,0,,,,,,8617,,,,,,,,,,,,,,,,,,,,,,,,,,,,,,30,,,,,,0,,,,,,,,,,,,,,,,,,,,,,,,,,,,
2013-12-11,PL1311LAG3EHKH,Hitachi HDS5C4040ALE630,4000787030016,0,,0,,,,,,,,0,,,,,,5960,,,,,,,,,,,,,,,,,,,,,,,,,,,,,,20,,,,,,0,,,,,,,,,,,,,,,,,,,,,,,,,,,,
2013-12-11,MK0333YHGR2DLC,Hitachi HDS723030ALA640,3000592982016,0,,65536,,,,,,,,0,,,,,,17354,,,,,,,,,,,,,,,,,,,,,,,,,,,,,,24,,,,,,0,,,,,,,,,,,,,,,,,,,,,,,,,,,,
2013-12-11,WD-WCAWZ1332156,WDC WD30EZRX,3000592982016,0,,5,,,,,,,,0,,,,,,17600,,,,,,,,,,,,,,,,,,,,,,,,,,,,,,22,,,,,,2,,,,,,,,,,,,,,,,,,,,,,,,,,,,
2013-12-11,MJ1311YNG0YY1A,Hitachi HDS5C3030ALA630,3000592982016,0,,0,,,,,,,,0,,,,,,20731,,,,,,,,,,,,,,,,,,,,,,,,,,,,,,23,,,,,,0,,,,,,,,,,,,,,,,,,,,,,,,,,,,
2013-12-11,S1F04F5N,ST3000DM001,3000592982016,0,,40720720,,,,,,,,0,,,,,,13342,,,,,,,,,,,,,,,,,,,,,,,,,,,,,,30,,,,,,0,,,,,,,,,,,,,,,,,,,,,,,,,,,,
2013-12-11,5XW07V7X,ST32000542AS,2000398934016,0,,209892327,,,,,,,,0,,,,,,17228,,,,,,,,,,,,,,,,,,,,,,,,,,,,,,24,,,,,,0,,,,,,,,,,,,,,,,,,,,,,,,,,,,
2013-12-11,JK11A8B9GPEU9F,Hitachi HDS722020ALA330,2000398934016,0,,0,,,,,,,,0,,,,,,26763,,,,,,,,,,,,,,,,,,,,,,,,,,,,,,27,,,,,,0,,,,,,,,,,,,,,,,,,,,,,,,,,,,
2013-12-11,MJ0351YNG9SYNA,Hitachi HDS5C3030ALA630,3000592982016,0,,0,,,,,,,,0,,,,,,8830,,,,,,,,,,,,,,,,,,,,,,,,,,,,,,29,,,,,,0,,,,,,,,,,,,,,,,,,,,,,,,,,,,
2013-12-11,PL1311LAG3BA4H,Hitachi HDS5C4040ALE630,4000787030016,0,,0,,,,,,,,0,,,,,,5962,,,,,,,,,,,,,,,,,,,,,,,,,,,,,,19,,,,,,0,,,,,,,,,,,,,,,,,,,,,,,,,,,,
2013-12-11,JK11A8B9J8Z6XF,Hitachi HDS722020ALA330,2000398934016,0,,0,,,,,,,,0,,,,,,24468,,,,,,,,,,,,,,,,,,,,,,,,,,,,,,27,,,,,,0,,,,,,,,,,,,,,,,,,,,,,,,,,,,
2013-12-11,MK0331YHGL7VAA,Hitachi HDS723030ALA640,3000592982016,0,,0,,,,,,,,0,,,,,,17356,,,,,,,,,,,,,,,,,,,,,,,,,,,,,,20,,,,,,0,,,,,,,,,,,,,,,,,,,,,,,,,,,,
2013-12-11,W3004W2C,ST4000DM000,4000787030016,0,,81997096,,,,,,,,0,,,,,,2879,,,,,,,,,,,,,,,,,,,,,,,,,,,,,,20,,,,,,0,,,,,,,,,,,,,,,,,,,,,,,,,,,,
2013-12-11,PL1311LAG2E3WH,Hitachi HDS5C4040ALE630,4000787030016,0,,0,,,,,,,,0,,,,,,6654,,,,,,,,,,,,,,,,,,,,,,,,,,,,,,21,,,,,,0,,,,,,,,,,,,,,,,,,,,,,,,,,,,
2013-12-11,MK0301YHGLPLNA,Hitachi HDS723030ALA640,3000592982016,0,,196615,,,,,,,,0,,,,,,17010,,,,,,,,,,,,,,,,,,,,,,,,,,,,,,32,,,,,,0,,,,,,,,,,,,,,,,,,,,,,,,,,,,
2013-12-11,S1F04BT8,ST3000DM001,3000592982016,0,,84504720,,,,,,,,0,,,,,,16198,,,,,,,,,,,,,,,,,,,,,,,,,,,,,,24,,,,,,0,,,,,,,,,,,,,,,,,,,,,,,,,,,,
2013-12-11,JK11A8B9J9HX1F,Hitachi HDS722020ALA330,2000398934016,0,,0,,,,,,,,0,,,,,,24502,,,,,,,,,,,,,,,,,,,,,,,,,,,,,,25,,,,,,0,,,,,,,,,,,,,,,,,,,,,,,,,,,,
2013-12-11,JK1101B9JS3VVR,Hitachi HDS722020ALA330,2000398934016,0,,0,,,,,,,,0,,,,,,23579,,,,,,,,,,,,,,,,,,,,,,,,,,,,,,28,,,,,,0,,,,,,,,,,,,,,,,,,,,,,,,,,,,
2013-12-11,MJ0351YNG9W9ZA,Hitachi HDS5C3030ALA630,3000592982016,0,,0,,,,,,,,0,,,,,,9939,,,,,,,,,,,,,,,,,,,,,,,,,,,,,,23,,,,,,0,,,,,,,,,,,,,,,,,,,,,,,,,,,,
2013-12-11,W1F0AZZK,ST3000DM001,3000592982016,0,,202235088,,,,,,,,0,,,,,,13912,,,,,,,,,,,,,,,,,,,,,,,,,,,,,,25,,,,,,0,,,,,,,,,,,,,,,,,,,,,,,,,,,,
2013-12-11,JK11A4B8J7RZNW,Hitachi HDS722020ALA330,2000398934016,0,,0,,,,,,,,0,,,,,,26027,,,,,,,,,,,,,,,,,,,,,,,,,,,,,,27,,,,,,0,,,,,,,,,,,,,,,,,,,,,,,,,,,,
2013-12-11,JK1105B8GGRB7X,Hitachi HDS722020ALA330,2000398934016,0,,0,,,,,,,,0,,,,,,26858,,,,,,,,,,,,,,,,,,,,,,,,,,,,,,36,,,,,,0,,,,,,,,,,,,,,,,,,,,,,,,,,,,
2013-12-11,JK1105B8GAPUBX,Hitachi HDS722020ALA330,2000398934016,0,,1,,,,,,,,1,,,,,,26766,,,,,,,,,,,,,,,,,,,,,,,,,,,,,,26,,,,,,0,,,,,,,,,,,,,,,,,,,,,,,,,,,,
2013-12-11,JK1101B9JRMPBF,Hitachi HDS722020ALA330,2000398934016,0,,0,,,,,,,,0,,,,,,23320,,,,,,,,,,,,,,,,,,,,,,,,,,,,,,29,,,,,,0,,,,,,,,,,,,,,,,,,,,,,,,,,,,
2013-12-11,MJ0351YNGABXHA,Hitachi HDS5C3030ALA630,3000592982016,0,,0,,,,,,,,0,,,,,,8212,,,,,,,,,,,,,,,,,,,,,,,,,,,,,,33,,,,,,0,,,,,,,,,,,,,,,,,,,,,,,,,,,,
2013-12-11,W1F0VKVH,ST3000DM001,3000592982016,0,,242975704,,,,,,,,5216,,,,,,10741,,,,,,,,,,,,,,,,,,,,,,,,,,,,,,27,,,,,,0,,,,,,,,,,,,,,,,,,,,,,,,,,,,
2013-12-11,WD-WCAU45177666,WDC WD10EADS,1000204886016,0,,2,,,,,,,,0,,,,,,41221,,,,,,,,,,,,,,,,,,,,,,,,,,,,,,26,,,,,,0,,,,,,,,,,,,,,,,,,,,,,,,,,,,
2013-12-11,JK1101B9GLBE0F,Hitachi HDS722020ALA330,2000398934016,0,,65536,,,,,,,,0,,,,,,26764,,,,,,,,,,,,,,,,,,,,,,,,,,,,,,27,,,,,,0,,,,,,,,,,,,,,,,,,,,,,,,,,,,
2013-12-11,MJ1323YNG1M44C,Hitachi HDS5C3030ALA630,3000592982016,0,,3,,,,,,,,0,,,,,,19731,,,,,,,,,,,,,,,,,,,,,,,,,,,,,,24,,,,,,0,,,,,,,,,,,,,,,,,,,,,,,,,,,,
2013-12-11,W300C151,ST4000DM000,4000787030016,0,,212660440,,,,,,,,0,,,,,,4167,,,,,,,,,,,,,,,,,,,,,,,,,,,,,,30,,,,,,0,,,,,,,,,,,,,,,,,,,,,,,,,,,,
2013-12-11,W300J9M7,ST4000DM000,4000787030016,0,,136902832,,,,,,,,0,,,,,,2240,,,,,,,,,,,,,,,,,,,,,,,,,,,,,,19,,,,,,0,,,,,,,,,,,,,,,,,,,,,,,,,,,,
2013-12-11,Z300K13L,ST4000DM000,4000787030016,0,,143491816,,,,,,,,0,,,,,,2241,,,,,,,,,,,,,,,,,,,,,,,,,,,,,,19,,,,,,0,,,,,,,,,,,,,,,,,,,,,,,,,,,,
2013-12-11,Z1F16LDN,ST3000DM001,3000592982016,0,,223402520,,,,,,,,0,,,,,,8166,,,,,,,,,,,,,,,,,,,,,,,,,,,,,,29,,,,,,0,,,,,,,,,,,,,,,,,,,,,,,,,,,,
2013-12-11,W300CVHL,ST4000DM000,4000787030016,0,,88364104,,,,,,,,0,,,,,,3238,,,,,,,,,,,,,,,,,,,,,,,,,,,,,,19,,,,,,0,,,,,,,,,,,,,,,,,,,,,,,,,,,,
2013-12-11,6XW0B4QP,ST31500541AS,1500301910016,0,,33265601,,,,,,,,0,,,,,,12572,,,,,,,,,,,,,,,,,,,,,,,,,,,,,,19,,,,,,0,,,,,,,,,,,,,,,,,,,,,,,,,,,,
2013-12-11,S1F0QXYA,ST3000DM001,3000592982016,0,,62305592,,,,,,,,0,,,,,,11608,,,,,,,,,,,,,,,,,,,,,,,,,,,,,,31,,,,,,0,,,,,,,,,,,,,,,,,,,,,,,,,,,,
2013-12-11,JK11A8B9GPALSF,Hitachi HDS722020ALA330,2000398934016,0,,0,,,,,,,,4,,,,,,26480,,,,,,,,,,,,,,,,,,,,,,,,,,,,,,29,,,,,,1,,,,,,,,,,,,,,,,,,,,,,,,,,,,
2013-12-11,Z3004RLG,ST4000DM000,4000787030016,0,,147565672,,,,,,,,0,,,,,,5394,,,,,,,,,,,,,,,,,,,,,,,,,,,,,,22,,,,,,0,,,,,,,,,,,,,,,,,,,,,,,,,,,,
2013-12-11,JK11A8B9JLBXRF,Hitachi HDS722020ALA330,2000398934016,0,,0,,,,,,,,0,,,,,,23719,,,,,,,,,,,,,,,,,,,,,,,,,,,,,,25,,,,,,0,,,,,,,,,,,,,,,,,,,,,,,,,,,,
2013-12-11,Z300P98P,ST4000DM000,4000787030016,0,,83528624,,,,,,,,0,,,,,,1094,,,,,,,,,,,,,,,,,,,,,,,,,,,,,,22,,,,,,0,,,,,,,,,,,,,,,,,,,,,,,,,,,,
2013-12-11,JK1101B9GEJDXF,Hitachi HDS722020ALA330,2000398934016,0,,0,,,,,,,,0,,,,,,26837,,,,,,,,,,,,,,,,,,,,,,,,,,,,,,29,,,,,,0,,,,,,,,,,,,,,,,,,,,,,,,,,,,
2013-12-11,Z300NRWP,ST4000DM000,4000787030016,0,,41822240,,,,,,,,0,,,,,,1233,,,,,,,,,,,,,,,,,,,,,,,,,,,,,,21,,,,,,0,,,,,,,,,,,,,,,,,,,,,,,,,,,,
2013-12-11,MJ0351YNG9XR3A,Hitachi HDS5C3030ALA630,3000592982016,0,,0,,,,,,,,0,,,,,,9191,,,,,,,,,,,,,,,,,,,,,,,,,,,,,,29,,,,,,0,,,,,,,,,,,,,,,,,,,,,,,,,,,,
2013-12-11,MK0331YHGP9WZA,Hitachi HDS723030ALA640,3000592982016,0,,0,,,,,,,,0,,,,,,17354,,,,,,,,,,,,,,,,,,,,,,,,,,,,,,25,,,,,,0,,,,,,,,,,,,,,,,,,,,,,,,,,,,
2013-12-11,W1F03Y44,ST3000DM001,3000592982016,0,,225046312,,,,,,,,0,,,,,,4555,,,,,,,,,,,,,,,,,,,,,,,,,,,,,,24,,,,,,0,,,,,,,,,,,,,,,,,,,,,,,,,,,,
2013-12-11,S1F0S50Q,ST3000DM001,3000592982016,0,,59024064,,,,,,,,0,,,,,,10472,,,,,,,,,,,,,,,,,,,,,,,,,,,,,,24,,,,,,0,,,,,,,,,,,,,,,,,,,,,,,,,,,,
2013-12-11,MJ1323YNG1MRTC,Hitachi HDS5C3030ALA630,3000592982016,0,,0,,,,,,,,0,,,,,,19773,,,,,,,,,,,,,,,,,,,,,,,,,,,,,,22,,,,,,0,,,,,,,,,,,,,,,,,,,,,,,,,,,,
2013-12-11,6XW0CDW9,ST31500541AS,1500301910016,0,,81942367,,,,,,,,150,,,,,,30626,,,,,,,,,,,,,,,,,,,,,,,,,,,,,,19,,,,,,0,,,,,,,,,,,,,,,,,,,,,,,,,,,,
2013-12-11,W300H735,ST4000DM000,4000787030016,0,,92440560,,,,,,,,0,,,,,,1704,,,,,,,,,,,,,,,,,,,,,,,,,,,,,,21,,,,,,0,,,,,,,,,,,,,,,,,,,,,,,,,,,,
2013-12-11,Z300NK2V,ST4000DM000,4000787030016,0,,243157136,,,,,,,,0,,,,,,1093,,,,,,,,,,,,,,,,,,,,,,,,,,,,,,28,,,,,,0,,,,,,,,,,,,,,,,,,,,,,,,,,,,
2013-12-11,MJ0351YNGA900A,Hitachi HDS5C3030ALA630,3000592982016,0,,0,,,,,,,,0,,,,,,8639,,,,,,,,,,,,,,,,,,,,,,,,,,,,,,28,,,,,,0,,,,,,,,,,,,,,,,,,,,,,,,,,,,
2013-12-11,W300E0CS,ST4000DM000,4000787030016,0,,103623168,,,,,,,,0,,,,,,4140,,,,,,,,,,,,,,,,,,,,,,,,,,,,,,25,,,,,,0,,,,,,,,,,,,,,,,,,,,,,,,,,,,
2013-12-11,MJ0351YNG9YH5A,Hitachi HDS5C3030ALA630,3000592982016,0,,0,,,,,,,,0,,,,,,9999,,,,,,,,,,,,,,,,,,,,,,,,,,,,,,33,,,,,,0,,,,,,,,,,,,,,,,,,,,,,,,,,,,
2013-12-11,S1F06GC0,ST3000DM001,3000592982016,0,,51373040,,,,,,,,0,,,,,,13773,,,,,,,,,,,,,,,,,,,,,,,,,,,,,,24,,,,,,0,,,,,,,,,,,,,,,,,,,,,,,,,,,,
2013-12-11,Z300KC6Z,ST4000DM000,4000787030016,0,,154459584,,,,,,,,0,,,,,,2216,,,,,,,,,,,,,,,,,,,,,,,,,,,,,,21,,,,,,0,,,,,,,,,,,,,,,,,,,,,,,,,,,,
2013-12-11,Z300KC6Q,ST4000DM000,4000787030016,0,,138848880,,,,,,,,0,,,,,,2240,,,,,,,,,,,,,,,,,,,,,,,,,,,,,,19,,,,,,0,,,,,,,,,,,,,,,,,,,,,,,,,,,,
2013-12-11,Z300KC6T,ST4000DM000,4000787030016,0,,85074824,,,,,,,,0,,,,,,2241,,,,,,,,,,,,,,,,,,,,,,,,,,,,,,21,,,,,,0,,,,,,,,,,,,,,,,,,,,,,,,,,,,
2013-12-11,W300D3GD,ST4000DM000,4000787030016,0,,121452256,,,,,,,,0,,,,,,4167,,,,,,,,,,,,,,,,,,,,,,,,,,,,,,30,,,,,,0,,,,,,,,,,,,,,,,,,,,,,,,,,,,
2013-12-11,S1F0314S,ST3000DM001,3000592982016,0,,98348712,,,,,,,,0,,,,,,15622,,,,,,,,,,,,,,,,,,,,,,,,,,,,,,26,,,,,,0,,,,,,,,,,,,,,,,,,,,,,,,,,,,
2013-12-11,JK1101B8GKUMLZ,Hitachi HDS722020ALA330,2000398934016,0,,0,,,,,,,,0,,,,,,26763,,,,,,,,,,,,,,,,,,,,,,,,,,,,,,26,,,,,,0,,,,,,,,,,,,,,,,,,,,,,,,,,,,
2013-12-11,MJ1311YNG3K48A,Hitachi HDS5C3030ALA630,3000592982016,0,,0,,,,,,,,0,,,,,,19254,,,,,,,,,,,,,,,,,,,,,,,,,,,,,,24,,,,,,0,,,,,,,,,,,,,,,,,,,,,,,,,,,,
2013-12-11,W300J485,ST4000DM000,4000787030016,0,,130627456,,,,,,,,0,,,,,,885,,,,,,,,,,,,,,,,,,,,,,,,,,,,,,22,,,,,,0,,,,,,,,,,,,,,,,,,,,,,,,,,,,
2013-12-11,PL1311LAG1K2SA,Hitachi HDS5C4040ALE630,4000787030016,0,,0,,,,,,,,0,,,,,,3234,,,,,,,,,,,,,,,,,,,,,,,,,,,,,,23,,,,,,0,,,,,,,,,,,,,,,,,,,,,,,,,,,,
2013-12-11,Z300W06P,ST4000DM000,4000787030016,0,,228962416,,,,,,,,0,,,,,,918,,,,,,,,,,,,,,,,,,,,,,,,,,,,,,21,,,,,,0,,,,,,,,,,,,,,,,,,,,,,,,,,,,
2013-12-11,Z300NK21,ST4000DM000,4000787030016,0,,130999320,,,,,,,,0,,,,,,105,,,,,,,,,,,,,,,,,,,,,,,,,,,,,,20,,,,,,0,,,,,,,,,,,,,,,,,,,,,,,,,,,,
2013-12-11,W300AYZN,ST4000DM000,4000787030016,0,,201164008,,,,,,,,0,,,,,,2222,,,,,,,,,,,,,,,,,,,,,,,,,,,,,,23,,,,,,0,,,,,,,,,,,,,,,,,,,,,,,,,,,,
2013-12-11,W30036YC,ST4000DM000,4000787030016,0,,191569352,,,,,,,,0,,,,,,2244,,,,,,,,,,,,,,,,,,,,,,,,,,,,,,22,,,,,,0,,,,,,,,,,,,,,,,,,,,,,,,,,,,
2013-12-11,MJ0351YNGA5P5A,Hitachi HDS5C3030ALA630,3000592982016,0,,0,,,,,,,,0,,,,,,8142,,,,,,,,,,,,,,,,,,,,,,,,,,,,,,29,,,,,,0,,,,,,,,,,,,,,,,,,,,,,,,,,,,
2013-12-11,Z300NQ9P,ST4000DM000,4000787030016,0,,145423512,,,,,,,,0,,,,,,1445,,,,,,,,,,,,,,,,,,,,,,,,,,,,,,27,,,,,,0,,,,,,,,,,,,,,,,,,,,,,,,,,,,
2013-12-11,WD-WMC1T1711463,WDC WD30EFRX,3000592982016,0,,0,,,,,,,,0,,,,,,1842,,,,,,,,,,,,,,,,,,,,,,,,,,,,,,21,,,,,,0,,,,,,,,,,,,,,,,,,,,,,,,,,,,
2013-12-11,MJ0351YNG9VRUA,Hitachi HDS5C3030ALA630,3000592982016,0,,0,,,,,,,,0,,,,,,9975,,,,,,,,,,,,,,,,,,,,,,,,,,,,,,26,,,,,,0,,,,,,,,,,,,,,,,,,,,,,,,,,,,
2013-12-11,Z300WWHQ,ST4000DM000,4000787030016,0,,1648448,,,,,,,,0,,,,,,772,,,,,,,,,,,,,,,,,,,,,,,,,,,,,,20,,,,,,0,,,,,,,,,,,,,,,,,,,,,,,,,,,,
2013-12-11,Z300E4ZM,ST4000DM000,4000787030016,0,,129605688,,,,,,,,0,,,,,,2216,,,,,,,,,,,,,,,,,,,,,,,,,,,,,,20,,,,,,0,,,,,,,,,,,,,,,,,,,,,,,,,,,,
2013-12-11,WD-WCAU44995264,WDC WD10EADS,1000204886016,0,,139,,,,,,,,0,,,,,,41281,,,,,,,,,,,,,,,,,,,,,,,,,,,,,,21,,,,,,1,,,,,,,,,,,,,,,,,,,,,,,,,,,,
2013-12-11,WD-WCAWZ0495719,WDC WD30EZRX,3000592982016,0,,0,,,,,,,,0,,,,,,15831,,,,,,,,,,,,,,,,,,,,,,,,,,,,,,26,,,,,,0,,,,,,,,,,,,,,,,,,,,,,,,,,,,
2013-12-11,JK11A8B9HZ8GXF,Hitachi HDS722020ALA330,2000398934016,0,,0,,,,,,,,0,,,,,,24463,,,,,,,,,,,,,,,,,,,,,,,,,,,,,,28,,,,,,0,,,,,,,,,,,,,,,,,,,,,,,,,,,,
2013-12-11,Z300XEGZ,ST4000DM000,4000787030016,0,,164212552,,,,,,,,0,,,,,,772,,,,,,,,,,,,,,,,,,,,,,,,,,,,,,21,,,,,,0,,,,,,,,,,,,,,,,,,,,,,,,,,,,
2013-12-11,Z300XEGP,ST4000DM000,4000787030016,0,,45768928,,,,,,,,0,,,,,,920,,,,,,,,,,,,,,,,,,,,,,,,,,,,,,22,,,,,,0,,,,,,,,,,,,,,,,,,,,,,,,,,,,
2013-12-11,Z300XEGR,ST4000DM000,4000787030016,0,,205669632,,,,,,,,0,,,,,,918,,,,,,,,,,,,,,,,,,,,,,,,,,,,,,20,,,,,,0,,,,,,,,,,,,,,,,,,,,,,,,,,,,
2013-12-11,MJ1311YNG39KGA,Hitachi HDS5C3030ALA630,3000592982016,0,,0,,,,,,,,0,,,,,,19587,,,,,,,,,,,,,,,,,,,,,,,,,,,,,,24,,,,,,0,,,,,,,,,,,,,,,,,,,,,,,,,,,,
2013-12-11,9VS1QTK6,ST31500341AS,1500301910016,0,,57328223,,,,,,,,10,,,,,,40082,,,,,,,,,,,,,,,,,,,,,,,,,,,,,,25,,,,,,0,,,,,,,,,,,,,,,,,,,,,,,,,,,,
2013-12-11,MJ0351YNGA6J7A,Hitachi HDS5C3030ALA630,3000592982016,0,,0,,,,,,,,0,,,,,,9162,,,,,,,,,,,,,,,,,,,,,,,,,,,,,,29,,,,,,0,,,,,,,,,,,,,,,,,,,,,,,,,,,,
2013-12-11,MJ1311YNG1ASTA,Hitachi HDS5C3030ALA630,3000592982016,0,,0,,,,,,,,0,,,,,,20733,,,,,,,,,,,,,,,,,,,,,,,,,,,,,,24,,,,,,0,,,,,,,,,,,,,,,,,,,,,,,,,,,,
2013-12-11,Z290ZNTJ,ST33000651AS,3000592982016,0,,43921510,,,,,,,,0,,,,,,15604,,,,,,,,,,,,,,,,,,,,,,,,,,,,,,24,,,,,,0,,,,,,,,,,,,,,,,,,,,,,,,,,,,
2013-12-11,PL1301LAG3594H,Hitachi HDS5C4040ALE630,4000787030016,0,,0,,,,,,,,19,,,,,,6616,,,,,,,,,,,,,,,,,,,,,,,,,,,,,,27,,,,,,0,,,,,,,,,,,,,,,,,,,,,,,,,,,,
2013-12-11,6XW03CE1,ST31500541AS,1500301910016,0,,96276123,,,,,,,,0,,,,,,36622,,,,,,,,,,,,,,,,,,,,,,,,,,,,,,23,,,,,,0,,,,,,,,,,,,,,,,,,,,,,,,,,,,
2013-12-11,MJ0351YNGAD45A,Hitachi HDS5C3030ALA630,3000592982016,0,,0,,,,,,,,671,,,,,,8615,,,,,,,,,,,,,,,,,,,,,,,,,,,,,,29,,,,,,32,,,,,,,,,,,,,,,,,,,,,,,,,,,,
2013-12-11,S1F02XW1,ST3000DM001,3000592982016,0,,215453736,,,,,,,,0,,,,,,16191,,,,,,,,,,,,,,,,,,,,,,,,,,,,,,22,,,,,,16,,,,,,,,,,,,,,,,,,,,,,,,,,,,
2013-12-11,Z1F0LSTS,ST3000DM001,3000592982016,0,,171210376,,,,,,,,0,,,,,,10944,,,,,,,,,,,,,,,,,,,,,,,,,,,,,,28,,,,,,0,,,,,,,,,,,,,,,,,,,,,,,,,,,,
2013-12-11,WD-WMAWZ0312583,WDC WD30EZRX,3000592982016,0,,0,,,,,,,,0,,,,,,12694,,,,,,,,,,,,,,,,,,,,,,,,,,,,,,25,,,,,,3,,,,,,,,,,,,,,,,,,,,,,,,,,,,
2013-12-11,MJ0351YNG9YE8A,Hitachi HDS5C3030ALA630,3000592982016,0,,0,,,,,,,,0,,,,,,9721,,,,,,,,,,,,,,,,,,,,,,,,,,,,,,30,,,,,,0,,,,,,,,,,,,,,,,,,,,,,,,,,,,
2013-12-11,JK11A8B9J7H4TF,Hitachi HDS722020ALA330,2000398934016,0,,0,,,,,,,,0,,,,,,24914,,,,,,,,,,,,,,,,,,,,,,,,,,,,,,29,,,,,,0,,,,,,,,,,,,,,,,,,,,,,,,,,,,
2013-12-11,MJ1311YNG38ZKA,Hitachi HDS5C3030ALA630,3000592982016,0,,0,,,,,,,,0,,,,,,19254,,,,,,,,,,,,,,,,,,,,,,,,,,,,,,23,,,,,,0,,,,,,,,,,,,,,,,,,,,,,,,,,,,
2013-12-11,Z300WWH1,ST4000DM000,4000787030016,0,,233248560,,,,,,,,0,,,,,,923,,,,,,,,,,,,,,,,,,,,,,,,,,,,,,23,,,,,,0,,,,,,,,,,,,,,,,,,,,,,,,,,,,
2013-12-11,JK11A8B9J3V9AF,Hitachi HDS722020ALA330,2000398934016,0,,0,,,,,,,,0,,,,,,23710,,,,,,,,,,,,,,,,,,,,,,,,,,,,,,24,,,,,,0,,,,,,,,,,,,,,,,,,,,,,,,,,,,
2013-12-11,MK0331YHGM2MVA,Hitachi HDS723030ALA640,3000592982016,0,,0,,,,,,,,0,,,,,,17033,,,,,,,,,,,,,,,,,,,,,,,,,,,,,,30,,,,,,0,,,,,,,,,,,,,,,,,,,,,,,,,,,,
2013-12-11,PL1311LAG20HTA,Hitachi HDS5C4040ALE630,4000787030016,0,,0,,,,,,,,0,,,,,,7437,,,,,,,,,,,,,,,,,,,,,,,,,,,,,,23,,,,,,0,,,,,,,,,,,,,,,,,,,,,,,,,,,,
2013-12-11,Z300E4Z1,ST4000DM000,4000787030016,0,,19916936,,,,,,,,0,,,,,,1331,,,,,,,,,,,,,,,,,,,,,,,,,,,,,,21,,,,,,0,,,,,,,,,,,,,,,,,,,,,,,,,,,,
2013-12-11,Z300K8VN,ST4000DM000,4000787030016,0,,40524760,,,,,,,,0,,,,,,2257,,,,,,,,,,,,,,,,,,,,,,,,,,,,,,24,,,,,,0,,,,,,,,,,,,,,,,,,,,,,,,,,,,
2013-12-11,S1F06KEE,ST3000DM001,3000592982016,0,,94995432,,,,,,,,0,,,,,,13868,,,,,,,,,,,,,,,,,,,,,,,,,,,,,,22,,,,,,0,,,,,,,,,,,,,,,,,,,,,,,,,,,,
2013-12-11,MJ0351YNG9V85A,Hitachi HDS5C3030ALA630,3000592982016,0,,0,,,,,,,,0,,,,,,7828,,,,,,,,,,,,,,,,,,,,,,,,,,,,,,24,,,,,,0,,,,,,,,,,,,,,,,,,,,,,,,,,,,
2013-12-11,PL1311LAG298LH,Hitachi HDS5C4040ALE630,4000787030016,0,,0,,,,,,,,0,,,,,,7401,,,,,,,,,,,,,,,,,,,,,,,,,,,,,,26,,,,,,0,,,,,,,,,,,,,,,,,,,,,,,,,,,,
2013-12-11,WD-WMAWZ0312639,WDC WD30EZRX,3000592982016,0,,0,,,,,,,,0,,,,,,12691,,,,,,,,,,,,,,,,,,,,,,,,,,,,,,25,,,,,,1,,,,,,,,,,,,,,,,,,,,,,,,,,,,
2013-12-11,Z300K9PM,ST4000DM000,4000787030016,0,,123748928,,,,,,,,0,,,,,,2241,,,,,,,,,,,,,,,,,,,,,,,,,,,,,,18,,,,,,0,,,,,,,,,,,,,,,,,,,,,,,,,,,,
2013-12-11,MJ0351YNGA6ZLA,Hitachi HDS5C3030ALA630,3000592982016,0,,0,,,,,,,,0,,,,,,9163,,,,,,,,,,,,,,,,,,,,,,,,,,,,,,30,,,,,,0,,,,,,,,,,,,,,,,,,,,,,,,,,,,
2013-12-11,PL1321LAG3253H,Hitachi HDS5C4040ALE630,4000787030016,0,,0,,,,,,,,0,,,,,,5922,,,,,,,,,,,,,,,,,,,,,,,,,,,,,,19,,,,,,0,,,,,,,,,,,,,,,,,,,,,,,,,,,,
2013-12-11,W1F0SRG1,ST3000DM001,3000592982016,0,,167418648,,,,,,,,0,,,,,,9266,,,,,,,,,,,,,,,,,,,,,,,,,,,,,,27,,,,,,0,,,,,,,,,,,,,,,,,,,,,,,,,,,,
2013-12-11,6XW01QQV,ST31500541AS,1500301910016,0,,96948598,,,,,,,,0,,,,,,35539,,,,,,,,,,,,,,,,,,,,,,,,,,,,,,19,,,,,,0,,,,,,,,,,,,,,,,,,,,,,,,,,,,
2013-12-11,5XW2L5EJ,ST32000542AS,2000398934016,0,,104878711,,,,,,,,0,,,,,,17227,,,,,,,,,,,,,,,,,,,,,,,,,,,,,,25,,,,,,0,,,,,,,,,,,,,,,,,,,,,,,,,,,,
2013-12-11,Z300KYSQ,ST4000DM000,4000787030016,0,,146018416,,,,,,,,0,,,,,,1142,,,,,,,,,,,,,,,,,,,,,,,,,,,,,,28,,,,,,0,,,,,,,,,,,,,,,,,,,,,,,,,,,,
2013-12-11,JK1174YAK8RJDW,Hitachi HDS722020ALA330,2000398934016,0,,1,,,,,,,,0,,,,,,29018,,,,,,,,,,,,,,,,,,,,,,,,,,,,,,26,,,,,,0,,,,,,,,,,,,,,,,,,,,,,,,,,,,
2013-12-11,PL2321LAG9SV3J,Hitachi HDS5C4040ALE630,4000787030016,0,,0,,,,,,,,0,,,,,,5428,,,,,,,,,,,,,,,,,,,,,,,,,,,,,,21,,,,,,0,,,,,,,,,,,,,,,,,,,,,,,,,,,,
2013-12-11,S1F04E1Q,ST3000DM001,3000592982016,0,,68862432,,,,,,,,0,,,,,,13926,,,,,,,,,,,,,,,,,,,,,,,,,,,,,,27,,,,,,0,,,,,,,,,,,,,,,,,,,,,,,,,,,,
2013-12-11,JK1101B8KM2EDZ,Hitachi HDS722020ALA330,2000398934016,0,,131072,,,,,,,,0,,,,,,23097,,,,,,,,,,,,,,,,,,,,,,,,,,,,,,27,,,,,,0,,,,,,,,,,,,,,,,,,,,,,,,,,,,
2013-12-11,JK1105B8JPKUDX,Hitachi HDS722020ALA330,2000398934016,0,,0,,,,,,,,8,,,,,,22298,,,,,,,,,,,,,,,,,,,,,,,,,,,,,,31,,,,,,0,,,,,,,,,,,,,,,,,,,,,,,,,,,,
2013-12-11,JK11A8YBKYWZUF,Hitachi HDS722020ALA330,2000398934016,0,,0,,,,,,,,0,,,,,,27862,,,,,,,,,,,,,,,,,,,,,,,,,,,,,,25,,,,,,0,,,,,,,,,,,,,,,,,,,,,,,,,,,,
2013-12-11,PL1311LAG25WEA,Hitachi HDS5C4040ALE630,4000787030016,0,,0,,,,,,,,0,,,,,,7419,,,,,,,,,,,,,,,,,,,,,,,,,,,,,,21,,,,,,0,,,,,,,,,,,,,,,,,,,,,,,,,,,,
2013-12-11,MJ1311YNG344RA,Hitachi HDS5C3030ALA630,3000592982016,0,,0,,,,,,,,0,,,,,,14289,,,,,,,,,,,,,,,,,,,,,,,,,,,,,,30,,,,,,0,,,,,,,,,,,,,,,,,,,,,,,,,,,,
2013-12-11,PL1311LAG3EB6H,Hitachi HDS5C4040ALE630,4000787030016,0,,0,,,,,,,,0,,,,,,6639,,,,,,,,,,,,,,,,,,,,,,,,,,,,,,26,,,,,,0,,,,,,,,,,,,,,,,,,,,,,,,,,,,
2013-12-11,Z300J7TM,ST4000DM000,4000787030016,0,,207200,,,,,,,,0,,,,,,1112,,,,,,,,,,,,,,,,,,,,,,,,,,,,,,21,,,,,,0,,,,,,,,,,,,,,,,,,,,,,,,,,,,
2013-12-11,PL1311LAG38S9H,Hitachi HDS5C4040ALE630,4000787030016,0,,0,,,,,,,,0,,,,,,5931,,,,,,,,,,,,,,,,,,,,,,,,,,,,,,27,,,,,,0,,,,,,,,,,,,,,,,,,,,,,,,,,,,
2013-12-11,MJ0351YNGA8PYA,Hitachi HDS5C3030ALA630,3000592982016,0,,0,,,,,,,,0,,,,,,8612,,,,,,,,,,,,,,,,,,,,,,,,,,,,,,33,,,,,,0,,,,,,,,,,,,,,,,,,,,,,,,,,,,
2013-12-11,Z300WQR9,ST4000DM000,4000787030016,0,,98516232,,,,,,,,0,,,,,,772,,,,,,,,,,,,,,,,,,,,,,,,,,,,,,19,,,,,,0,,,,,,,,,,,,,,,,,,,,,,,,,,,,
2013-12-11,W300CSPC,ST4000DM000,4000787030016,0,,83468112,,,,,,,,0,,,,,,2244,,,,,,,,,,,,,,,,,,,,,,,,,,,,,,22,,,,,,0,,,,,,,,,,,,,,,,,,,,,,,,,,,,
2013-12-11,JK1101B9GBUWJF,Hitachi HDS722020ALA330,2000398934016,0,,0,,,,,,,,0,,,,,,27734,,,,,,,,,,,,,,,,,,,,,,,,,,,,,,24,,,,,,0,,,,,,,,,,,,,,,,,,,,,,,,,,,,
2013-12-11,W3004XGA,ST4000DM000,4000787030016,0,,105261480,,,,,,,,0,,,,,,2874,,,,,,,,,,,,,,,,,,,,,,,,,,,,,,22,,,,,,0,,,,,,,,,,,,,,,,,,,,,,,,,,,,
2013-12-11,MJ0351YNGA8ZMA,Hitachi HDS5C3030ALA630,3000592982016,0,,0,,,,,,,,0,,,,,,8618,,,,,,,,,,,,,,,,,,,,,,,,,,,,,,28,,,,,,0,,,,,,,,,,,,,,,,,,,,,,,,,,,,
2013-12-11,JK1105B8GA66UX,Hitachi HDS722020ALA330,2000398934016,0,,1048589,,,,,,,,0,,,,,,27169,,,,,,,,,,,,,,,,,,,,,,,,,,,,,,28,,,,,,0,,,,,,,,,,,,,,,,,,,,,,,,,,,,
2013-12-11,W3004XGN,ST4000DM000,4000787030016,0,,183691864,,,,,,,,0,,,,,,2874,,,,,,,,,,,,,,,,,,,,,,,,,,,,,,19,,,,,,0,,,,,,,,,,,,,,,,,,,,,,,,,,,,
2013-12-11,MJ1311YNG5Y94A,Hitachi HDS5C3030ALA630,3000592982016,0,,0,,,,,,,,0,,,,,,14600,,,,,,,,,,,,,,,,,,,,,,,,,,,,,,21,,,,,,0,,,,,,,,,,,,,,,,,,,,,,,,,,,,
2013-12-11,WD-WCAWZ1044468,WDC WD30EZRX,3000592982016,0,,0,,,,,,,,0,,,,,,16128,,,,,,,,,,,,,,,,,,,,,,,,,,,,,,19,,,,,,0,,,,,,,,,,,,,,,,,,,,,,,,,,,,
2013-12-11,W1F08CYJ,ST3000DM001,3000592982016,0,,94589208,,,,,,,,0,,,,,,13347,,,,,,,,,,,,,,,,,,,,,,,,,,,,,,27,,,,,,0,,,,,,,,,,,,,,,,,,,,,,,,,,,,
2013-12-11,Z300K0NG,ST4000DM000,4000787030016,0,,56532496,,,,,,,,0,,,,,,1871,,,,,,,,,,,,,,,,,,,,,,,,,,,,,,21,,,,,,0,,,,,,,,,,,,,,,,,,,,,,,,,,,,
2013-12-11,S1F0XMNV,ST3000DM001,3000592982016,0,,202444680,,,,,,,,0,,,,,,7989,,,,,,,,,,,,,,,,,,,,,,,,,,,,,,26,,,,,,0,,,,,,,,,,,,,,,,,,,,,,,,,,,,
2013-12-11,MJ1323YNG194JC,Hitachi HDS5C3030ALA630,3000592982016,0,,0,,,,,,,,0,,,,,,20509,,,,,,,,,,,,,,,,,,,,,,,,,,,,,,25,,,,,,0,,,,,,,,,,,,,,,,,,,,,,,,,,,,
2013-12-11,9VS1Q08P,ST31500341AS,1500301910016,0,,227170092,,,,,,,,7,,,,,,39098,,,,,,,,,,,,,,,,,,,,,,,,,,,,,,29,,,,,,0,,,,,,,,,,,,,,,,,,,,,,,,,,,,
2013-12-11,JK1101B9JP19MR,Hitachi HDS722020ALA330,2000398934016,0,,0,,,,,,,,1,,,,,,23587,,,,,,,,,,,,,,,,,,,,,,,,,,,,,,28,,,,,,0,,,,,,,,,,,,,,,,,,,,,,,,,,,,
2013-12-11,MJ0351YNG9VJMA,Hitachi HDS5C3030ALA630,3000592982016,0,,0,,,,,,,,0,,,,,,9972,,,,,,,,,,,,,,,,,,,,,,,,,,,,,,27,,,,,,0,,,,,,,,,,,,,,,,,,,,,,,,,,,,
2013-12-11,PL1311LAG24TMA,Hitachi HDS5C4040ALE630,4000787030016,0,,0,,,,,,,,0,,,,,,7402,,,,,,,,,,,,,,,,,,,,,,,,,,,,,,24,,,,,,0,,,,,,,,,,,,,,,,,,,,,,,,,,,,
2013-12-11,W300H5GA,ST4000DM000,4000787030016,0,,199400256,,,,,,,,0,,,,,,909,,,,,,,,,,,,,,,,,,,,,,,,,,,,,,20,,,,,,0,,,,,,,,,,,,,,,,,,,,,,,,,,,,
2013-12-11,W300H5GG,ST4000DM000,4000787030016,0,,21369440,,,,,,,,0,,,,,,815,,,,,,,,,,,,,,,,,,,,,,,,,,,,,,17,,,,,,0,,,,,,,,,,,,,,,,,,,,,,,,,,,,
2013-12-11,Z300NS4V,ST4000DM000,4000787030016,0,,80944616,,,,,,,,0,,,,,,1093,,,,,,,,,,,,,,,,,,,,,,,,,,,,,,26,,,,,,0,,,,,,,,,,,,,,,,,,,,,,,,,,,,
2013-12-11,PL1311LAG2NH9H,Hitachi HDS5C4040ALE630,4000787030016,0,,0,,,,,,,,0,,,,,,6654,,,,,,,,,,,,,,,,,,,,,,,,,,,,,,20,,,,,,0,,,,,,,,,,,,,,,,,,,,,,,,,,,,
2013-12-11,PL1311LAG2HW3H,Hitachi HDS5C4040ALE630,4000787030016,0,,0,,,,,,,,0,,,,,,3631,,,,,,,,,,,,,,,,,,,,,,,,,,,,,,26,,,,,,0,,,,,,,,,,,,,,,,,,,,,,,,,,,,
2013-12-11,9XW02763,ST31500541AS,1500301910016,0,,208104385,,,,,,,,0,,,,,,35231,,,,,,,,,,,,,,,,,,,,,,,,,,,,,,19,,,,,,0,,,,,,,,,,,,,,,,,,,,,,,,,,,,
2013-12-11,Z300MJ7A,ST4000DM000,4000787030016,0,,5902616,,,,,,,,0,,,,,,2873,,,,,,,,,,,,,,,,,,,,,,,,,,,,,,20,,,,,,0,,,,,,,,,,,,,,,,,,,,,,,,,,,,
2013-12-11,PL1311LAG3D8BH,Hitachi HDS5C4040ALE630,4000787030016,0,,0,,,,,,,,0,,,,,,5962,,,,,,,,,,,,,,,,,,,,,,,,,,,,,,21,,,,,,0,,,,,,,,,,,,,,,,,,,,,,,,,,,,
2013-12-11,JK1101B9KNG2BF,Hitachi HDS722020ALA330,2000398934016,0,,0,,,,,,,,1,,,,,,23097,,,,,,,,,,,,,,,,,,,,,,,,,,,,,,26,,,,,,0,,,,,,,,,,,,,,,,,,,,,,,,,,,,
2013-12-11,S1F0BD58,ST3000DM001,3000592982016,0,,234259232,,,,,,,,0,,,,,,12363,,,,,,,,,,,,,,,,,,,,,,,,,,,,,,25,,,,,,0,,,,,,,,,,,,,,,,,,,,,,,,,,,,
2013-12-11,6XW01KG2,ST31500541AS,1500301910016,0,,201248012,,,,,,,,0,,,,,,35749,,,,,,,,,,,,,,,,,,,,,,,,,,,,,,20,,,,,,0,,,,,,,,,,,,,,,,,,,,,,,,,,,,
2013-12-11,PL1311LAG2GRRH,Hitachi HDS5C4040ALE630,4000787030016,0,,0,,,,,,,,0,,,,,,5302,,,,,,,,,,,,,,,,,,,,,,,,,,,,,,28,,,,,,0,,,,,,,,,,,,,,,,,,,,,,,,,,,,
2013-12-11,MJ1311YNG785RA,Hitachi HDS5C3030ALA630,3000592982016,0,,0,,,,,,,,0,,,,,,14601,,,,,,,,,,,,,,,,,,,,,,,,,,,,,,24,,,,,,0,,,,,,,,,,,,,,,,,,,,,,,,,,,,
2013-12-11,S1F10BNL,ST3000DM001,3000592982016,0,,237542416,,,,,,,,0,,,,,,8210,,,,,,,,,,,,,,,,,,,,,,,,,,,,,,28,,,,,,0,,,,,,,,,,,,,,,,,,,,,,,,,,,,
2013-12-11,JK1101B9JPHP8F,Hitachi HDS722020ALA330,2000398934016,0,,0,,,,,,,,0,,,,,,24099,,,,,,,,,,,,,,,,,,,,,,,,,,,,,,24,,,,,,0,,,,,,,,,,,,,,,,,,,,,,,,,,,,
2013-12-11,W1F08CY4,ST3000DM001,3000592982016,0,,221797408,,,,,,,,0,,,,,,15193,,,,,,,,,,,,,,,,,,,,,,,,,,,,,,24,,,,,,0,,,,,,,,,,,,,,,,,,,,,,,,,,,,
2013-12-11,PL1321LAG34GJH,Hitachi HDS5C4040ALE630,4000787030016,0,,0,,,,,,,,0,,,,,,6652,,,,,,,,,,,,,,,,,,,,,,,,,,,,,,27,,,,,,0,,,,,,,,,,,,,,,,,,,,,,,,,,,,
2013-12-11,S1F02C2K,ST3000DM001,3000592982016,0,,202003712,,,,,,,,0,,,,,,16151,,,,,,,,,,,,,,,,,,,,,,,,,,,,,,18,,,,,,0,,,,,,,,,,,,,,,,,,,,,,,,,,,,
2013-12-11,6XW00TTF,ST31500541AS,1500301910016,0,,21512566,,,,,,,,0,,,,,,36068,,,,,,,,,,,,,,,,,,,,,,,,,,,,,,19,,,,,,0,,,,,,,,,,,,,,,,,,,,,,,,,,,,
2013-12-11,MJ1323YNG195XC,Hitachi HDS5C3030ALA630,3000592982016,0,,0,,,,,,,,0,,,,,,20509,,,,,,,,,,,,,,,,,,,,,,,,,,,,,,24,,,,,,0,,,,,,,,,,,,,,,,,,,,,,,,,,,,
2013-12-11,JK11A8B9J7AAGF,Hitachi HDS722020ALA330,2000398934016,0,,0,,,,,,,,0,,,,,,25122,,,,,,,,,,,,,,,,,,,,,,,,,,,,,,32,,,,,,0,,,,,,,,,,,,,,,,,,,,,,,,,,,,
2013-12-11,JK1105B8GB6BBX,Hitachi HDS722020ALA330,2000398934016,0,,0,,,,,,,,0,,,,,,26859,,,,,,,,,,,,,,,,,,,,,,,,,,,,,,33,,,,,,0,,,,,,,,,,,,,,,,,,,,,,,,,,,,
2013-12-11,WD-WCAV5H890174,WDC WD10EADS,1000204886016,0,,0,,,,,,,,0,,,,,,26321,,,,,,,,,,,,,,,,,,,,,,,,,,,,,,30,,,,,,0,,,,,,,,,,,,,,,,,,,,,,,,,,,,
2013-12-11,JK1101B9KNRDHF,Hitachi HDS722020ALA330,2000398934016,0,,0,,,,,,,,0,,,,,,22955,,,,,,,,,,,,,,,,,,,,,,,,,,,,,,25,,,,,,0,,,,,,,,,,,,,,,,,,,,,,,,,,,,
2013-12-11,MJ0351YNG9U13A,Hitachi HDS5C3030ALA630,3000592982016,0,,0,,,,,,,,0,,,,,,7610,,,,,,,,,,,,,,,,,,,,,,,,,,,,,,24,,,,,,0,,,,,,,,,,,,,,,,,,,,,,,,,,,,
2013-12-11,MJ1311YNG6VWDA,Hitachi HDS5C3030ALA630,3000592982016,0,,0,,,,,,,,0,,,,,,14598,,,,,,,,,,,,,,,,,,,,,,,,,,,,,,29,,,,,,0,,,,,,,,,,,,,,,,,,,,,,,,,,,,
2013-12-11,JK11A8B9J728XF,Hitachi HDS722020ALA330,2000398934016,0,,0,,,,,,,,0,,,,,,22685,,,,,,,,,,,,,,,,,,,,,,,,,,,,,,26,,,,,,0,,,,,,,,,,,,,,,,,,,,,,,,,,,,
2013-12-11,MJ0351YNG9YMJA,Hitachi HDS5C3030ALA630,3000592982016,0,,0,,,,,,,,0,,,,,,9483,,,,,,,,,,,,,,,,,,,,,,,,,,,,,,30,,,,,,0,,,,,,,,,,,,,,,,,,,,,,,,,,,,
2013-12-11,S1F04LPK,ST3000DM001,3000592982016,0,,136894000,,,,,,,,0,,,,,,13883,,,,,,,,,,,,,,,,,,,,,,,,,,,,,,25,,,,,,0,,,,,,,,,,,,,,,,,,,,,,,,,,,,
2013-12-11,MJ1311YNG3K6PA,Hitachi HDS5C3030ALA630,3000592982016,0,,0,,,,,,,,0,,,,,,19587,,,,,,,,,,,,,,,,,,,,,,,,,,,,,,23,,,,,,0,,,,,,,,,,,,,,,,,,,,,,,,,,,,
2013-12-11,6XW0Y6YJ,ST31500541AS,1500301910016,0,,209873876,,,,,,,,0,,,,,,23714,,,,,,,,,,,,,,,,,,,,,,,,,,,,,,24,,,,,,0,,,,,,,,,,,,,,,,,,,,,,,,,,,,
2013-12-11,W300BQVB,ST4000DM000,4000787030016,0,,221416000,,,,,,,,0,,,,,,3238,,,,,,,,,,,,,,,,,,,,,,,,,,,,,,16,,,,,,0,,,,,,,,,,,,,,,,,,,,,,,,,,,,
2013-12-11,MJ0351YNG9SZYA,Hitachi HDS5C3030ALA630,3000592982016,0,,0,,,,,,,,0,,,,,,9469,,,,,,,,,,,,,,,,,,,,,,,,,,,,,,26,,,,,,0,,,,,,,,,,,,,,,,,,,,,,,,,,,,
2013-12-11,5XW255Q1,ST31500541AS,1500301910016,0,,208504917,,,,,,,,0,,,,,,11757,,,,,,,,,,,,,,,,,,,,,,,,,,,,,,29,,,,,,0,,,,,,,,,,,,,,,,,,,,,,,,,,,,
2013-12-11,MK0311YHGKLJHA,Hitachi HDS723030ALA640,3000592982016,0,,0,,,,,,,,0,,,,,,21458,,,,,,,,,,,,,,,,,,,,,,,,,,,,,,28,,,,,,0,,,,,,,,,,,,,,,,,,,,,,,,,,,,
2013-12-11,WD-WCAU42437760,WDC WD10EACS,1000204886016,0,,4,,,,,,,,0,,,,,,42828,,,,,,,,,,,,,,,,,,,,,,,,,,,,,,20,,,,,,0,,,,,,,,,,,,,,,,,,,,,,,,,,,,
2013-12-11,JK1131YAJE0TUV,Hitachi HDS722020ALA330,2000398934016,0,,0,,,,,,,,0,,,,,,30255,,,,,,,,,,,,,,,,,,,,,,,,,,,,,,27,,,,,,0,,,,,,,,,,,,,,,,,,,,,,,,,,,,
2013-12-11,PK1331PAJ2L8TS,HGST HDS724040ALE640,4000787030016,0,,0,,,,,,,,0,,,,,,2026,,,,,,,,,,,,,,,,,,,,,,,,,,,,,,23,,,,,,0,,,,,,,,,,,,,,,,,,,,,,,,,,,,
2013-12-11,W30065L7,ST4000DM000,4000787030016,0,,174715224,,,,,,,,0,,,,,,2610,,,,,,,,,,,,,,,,,,,,,,,,,,,,,,26,,,,,,0,,,,,,,,,,,,,,,,,,,,,,,,,,,,
2013-12-11,W30065L1,ST4000DM000,4000787030016,0,,164088760,,,,,,,,0,,,,,,2920,,,,,,,,,,,,,,,,,,,,,,,,,,,,,,19,,,,,,0,,,,,,,,,,,,,,,,,,,,,,,,,,,,
2013-12-11,MJ0351YNG9W79A,Hitachi HDS5C3030ALA630,3000592982016,0,,0,,,,,,,,0,,,,,,9989,,,,,,,,,,,,,,,,,,,,,,,,,,,,,,28,,,,,,0,,,,,,,,,,,,,,,,,,,,,,,,,,,,
2013-12-11,JK1105B8GEU6WX,Hitachi HDS722020ALA330,2000398934016,0,,0,,,,,,,,0,,,,,,27160,,,,,,,,,,,,,,,,,,,,,,,,,,,,,,28,,,,,,0,,,,,,,,,,,,,,,,,,,,,,,,,,,,
2013-12-11,MJ1323YNG1N0RC,Hitachi HDS5C3030ALA630,3000592982016,0,,0,,,,,,,,0,,,,,,19745,,,,,,,,,,,,,,,,,,,,,,,,,,,,,,26,,,,,,0,,,,,,,,,,,,,,,,,,,,,,,,,,,,
2013-12-11,PL1311LAG30MLA,Hitachi HDS5C4040ALE630,4000787030016,0,,0,,,,,,,,0,,,,,,5961,,,,,,,,,,,,,,,,,,,,,,,,,,,,,,20,,,,,,0,,,,,,,,,,,,,,,,,,,,,,,,,,,,
2013-12-11,MJ1323YNG0ZE2C,Hitachi HDS5C3030ALA630,3000592982016,0,,0,,,,,,,,0,,,,,,18067,,,,,,,,,,,,,,,,,,,,,,,,,,,,,,27,,,,,,0,,,,,,,,,,,,,,,,,,,,,,,,,,,,
2013-12-11,JK1105B8JS071X,Hitachi HDS722020ALA330,2000398934016,0,,0,,,,,,,,0,,,,,,23576,,,,,,,,,,,,,,,,,,,,,,,,,,,,,,26,,,,,,0,,,,,,,,,,,,,,,,,,,,,,,,,,,,
2013-12-11,JK2171B9J29XZL,Hitachi HDS722020ALA330,2000398934016,0,,0,,,,,,,,0,,,,,,22413,,,,,,,,,,,,,,,,,,,,,,,,,,,,,,27,,,,,,0,,,,,,,,,,,,,,,,,,,,,,,,,,,,
2013-12-11,JK1101B8GNP1TS,Hitachi HDS722020ALA330,2000398934016,0,,0,,,,,,,,0,,,,,,27487,,,,,,,,,,,,,,,,,,,,,,,,,,,,,,27,,,,,,0,,,,,,,,,,,,,,,,,,,,,,,,,,,,
2013-12-11,PL1311LAG1KA0A,Hitachi HDS5C4040ALE630,4000787030016,0,,65536,,,,,,,,79,,,,,,7461,,,,,,,,,,,,,,,,,,,,,,,,,,,,,,27,,,,,,0,,,,,,,,,,,,,,,,,,,,,,,,,,,,
2013-12-11,JK11A8B9J74GEF,Hitachi HDS722020ALA330,2000398934016,0,,0,,,,,,,,0,,,,,,22413,,,,,,,,,,,,,,,,,,,,,,,,,,,,,,26,,,,,,0,,,,,,,,,,,,,,,,,,,,,,,,,,,,
2013-12-11,PL1311LAG1SK3A,Hitachi HDS5C4040ALE630,4000787030016,0,,0,,,,,,,,0,,,,,,7453,,,,,,,,,,,,,,,,,,,,,,,,,,,,,,19,,,,,,0,,,,,,,,,,,,,,,,,,,,,,,,,,,,
2013-12-11,6XW010RM,ST31500541AS,1500301910016,0,,38152743,,,,,,,,0,,,,,,36917,,,,,,,,,,,,,,,,,,,,,,,,,,,,,,19,,,,,,0,,,,,,,,,,,,,,,,,,,,,,,,,,,,
2013-12-11,JK1105B8GED79X,Hitachi HDS722020ALA330,2000398934016,0,,0,,,,,,,,2,,,,,,26767,,,,,,,,,,,,,,,,,,,,,,,,,,,,,,23,,,,,,2,,,,,,,,,,,,,,,,,,,,,,,,,,,,
2013-12-11,PL1311LAG38P0H,Hitachi HDS5C4040ALE630,4000787030016,0,,0,,,,,,,,0,,,,,,6637,,,,,,,,,,,,,,,,,,,,,,,,,,,,,,26,,,,,,0,,,,,,,,,,,,,,,,,,,,,,,,,,,,
2013-12-11,6XW0VC9N,ST31500541AS,1500301910016,0,,184151053,,,,,,,,0,,,,,,19802,,,,,,,,,,,,,,,,,,,,,,,,,,,,,,21,,,,,,0,,,,,,,,,,,,,,,,,,,,,,,,,,,,
2013-12-11,S1F0TPH4,ST3000DM001,3000592982016,0,,199142768,,,,,,,,0,,,,,,8651,,,,,,,,,,,,,,,,,,,,,,,,,,,,,,24,,,,,,0,,,,,,,,,,,,,,,,,,,,,,,,,,,,
2013-12-11,S1F0PL0R,ST3000DM001,3000592982016,0,,70890504,,,,,,,,0,,,,,,11638,,,,,,,,,,,,,,,,,,,,,,,,,,,,,,29,,,,,,0,,,,,,,,,,,,,,,,,,,,,,,,,,,,
2013-12-11,S1F04GZF,ST3000DM001,3000592982016,0,,83871208,,,,,,,,0,,,,,,13841,,,,,,,,,,,,,,,,,,,,,,,,,,,,,,21,,,,,,0,,,,,,,,,,,,,,,,,,,,,,,,,,,,
2013-12-11,MJ1323YNG1063C,Hitachi HDS5C3030ALA630,3000592982016,0,,0,,,,,,,,0,,,,,,20730,,,,,,,,,,,,,,,,,,,,,,,,,,,,,,29,,,,,,0,,,,,,,,,,,,,,,,,,,,,,,,,,,,
2013-12-11,PK1331PAJ2U9WS,HGST HDS724040ALE640,4000787030016,0,,0,,,,,,,,0,,,,,,2027,,,,,,,,,,,,,,,,,,,,,,,,,,,,,,27,,,,,,0,,,,,,,,,,,,,,,,,,,,,,,,,,,,
2013-12-11,S1F0TQJZ,ST3000DM001,3000592982016,0,,226011552,,,,,,,,0,,,,,,10722,,,,,,,,,,,,,,,,,,,,,,,,,,,,,,26,,,,,,0,,,,,,,,,,,,,,,,,,,,,,,,,,,,
2013-12-11,S1F04DXC,ST3000DM001,3000592982016,0,,40622632,,,,,,,,0,,,,,,15266,,,,,,,,,,,,,,,,,,,,,,,,,,,,,,23,,,,,,0,,,,,,,,,,,,,,,,,,,,,,,,,,,,
2013-12-11,6XW04BFA,ST31500541AS,1500301910016,0,,73387727,,,,,,,,0,,,,,,36396,,,,,,,,,,,,,,,,,,,,,,,,,,,,,,18,,,,,,0,,,,,,,,,,,,,,,,,,,,,,,,,,,,
2013-12-11,MJ0351YNGA3HPA,Hitachi HDS5C3030ALA630,3000592982016,0,,0,,,,,,,,0,,,,,,8883,,,,,,,,,,,,,,,,,,,,,,,,,,,,,,31,,,,,,0,,,,,,,,,,,,,,,,,,,,,,,,,,,,
2013-12-11,MJ0351YNG9W42A,Hitachi HDS5C3030ALA630,3000592982016,0,,0,,,,,,,,0,,,,,,9772,,,,,,,,,,,,,,,,,,,,,,,,,,,,,,28,,,,,,0,,,,,,,,,,,,,,,,,,,,,,,,,,,,
2013-12-11,MK0311YHGBMWNA,Hitachi HDS723030ALA640,3000592982016,0,,0,,,,,,,,0,,,,,,16680,,,,,,,,,,,,,,,,,,,,,,,,,,,,,,28,,,,,,0,,,,,,,,,,,,,,,,,,,,,,,,,,,,
2013-12-11,Z1Z03JK8,ST4000DX000,4000787030016,0,,236415870,,,,,,,,0,,,,,,7132,,,,,,,,,,,,,,,,,,,,,,,,,,,,,,33,,,,,,0,,,,,,,,,,,,,,,,,,,,,,,,,,,,
2013-12-11,PL1321LAGAVH2H,Hitachi HDS5C4040ALE630,4000787030016,0,,0,,,,,,,,0,,,,,,5336,,,,,,,,,,,,,,,,,,,,,,,,,,,,,,24,,,,,,0,,,,,,,,,,,,,,,,,,,,,,,,,,,,
2013-12-11,MJ1311YNG56R3A,Hitachi HDS5C3030ALA630,3000592982016,0,,0,,,,,,,,0,,,,,,14620,,,,,,,,,,,,,,,,,,,,,,,,,,,,,,24,,,,,,0,,,,,,,,,,,,,,,,,,,,,,,,,,,,
2013-12-11,W1F15S4D,ST3000DM001,3000592982016,0,,208468024,,,,,,,,0,,,,,,7956,,,,,,,,,,,,,,,,,,,,,,,,,,,,,,21,,,,,,0,,,,,,,,,,,,,,,,,,,,,,,,,,,,
2013-12-11,PL1311LAG2DVPH,Hitachi HDS5C4040ALE630,4000787030016,0,,0,,,,,,,,0,,,,,,6637,,,,,,,,,,,,,,,,,,,,,,,,,,,,,,26,,,,,,0,,,,,,,,,,,,,,,,,,,,,,,,,,,,
2013-12-11,MJ1321YNG0LS1A,Hitachi HDS5C3030ALA630,3000592982016,0,,0,,,,,,,,0,,,,,,20067,,,,,,,,,,,,,,,,,,,,,,,,,,,,,,25,,,,,,0,,,,,,,,,,,,,,,,,,,,,,,,,,,,
2013-12-11,JK1130YAHDEJBT,Hitachi HDS722020ALA330,2000398934016,0,,131073,,,,,,,,0,,,,,,30172,,,,,,,,,,,,,,,,,,,,,,,,,,,,,,30,,,,,,0,,,,,,,,,,,,,,,,,,,,,,,,,,,,
2013-12-11,PL1311LAG1YZBA,Hitachi HDS5C4040ALE630,4000787030016,0,,0,,,,,,,,0,,,,,,6616,,,,,,,,,,,,,,,,,,,,,,,,,,,,,,27,,,,,,0,,,,,,,,,,,,,,,,,,,,,,,,,,,,
2013-12-11,W1F09ZQP,ST3000DM001,3000592982016,0,,119524792,,,,,,,,0,,,,,,14213,,,,,,,,,,,,,,,,,,,,,,,,,,,,,,19,,,,,,0,,,,,,,,,,,,,,,,,,,,,,,,,,,,
2013-12-11,S1F0TQJ4,ST3000DM001,3000592982016,0,,6752408,,,,,,,,0,,,,,,10539,,,,,,,,,,,,,,,,,,,,,,,,,,,,,,22,,,,,,0,,,,,,,,,,,,,,,,,,,,,,,,,,,,
2013-12-11,WD-WCAWZ0972927,WDC WD30EZRX,3000592982016,0,,17,,,,,,,,0,,,,,,16987,,,,,,,,,,,,,,,,,,,,,,,,,,,,,,21,,,,,,4,,,,,,,,,,,,,,,,,,,,,,,,,,,,
2013-12-11,JK11A1YAJH3DJV,Hitachi HDS722020ALA330,2000398934016,0,,0,,,,,,,,0,,,,,,28852,,,,,,,,,,,,,,,,,,,,,,,,,,,,,,30,,,,,,0,,,,,,,,,,,,,,,,,,,,,,,,,,,,
2013-12-11,MJ1311YNG5KYPA,Hitachi HDS5C3030ALA630,3000592982016,0,,0,,,,,,,,0,,,,,,14289,,,,,,,,,,,,,,,,,,,,,,,,,,,,,,30,,,,,,0,,,,,,,,,,,,,,,,,,,,,,,,,,,,
2013-12-11,MK0313YHGBZETC,Hitachi HDS723030ALA640,3000592982016,0,,16449536,,,,,,,,0,,,,,,21458,,,,,,,,,,,,,,,,,,,,,,,,,,,,,,26,,,,,,0,,,,,,,,,,,,,,,,,,,,,,,,,,,,
2013-12-11,W1F09DKH,ST3000DM001,3000592982016,0,,147087400,,,,,,,,1056,,,,,,13373,,,,,,,,,,,,,,,,,,,,,,,,,,,,,,22,,,,,,48,,,,,,,,,,,,,,,,,,,,,,,,,,,,
2013-12-11,S1F09MBP,ST3000DM001,3000592982016,0,,194039744,,,,,,,,0,,,,,,12842,,,,,,,,,,,,,,,,,,,,,,,,,,,,,,27,,,,,,0,,,,,,,,,,,,,,,,,,,,,,,,,,,,
2013-12-11,JK1104B8GE74RW,Hitachi HDS722020ALA330,2000398934016,0,,0,,,,,,,,0,,,,,,26837,,,,,,,,,,,,,,,,,,,,,,,,,,,,,,30,,,,,,0,,,,,,,,,,,,,,,,,,,,,,,,,,,,
2013-12-11,Z300XH4B,ST4000DM000,4000787030016,0,,29652896,,,,,,,,0,,,,,,945,,,,,,,,,,,,,,,,,,,,,,,,,,,,,,24,,,,,,0,,,,,,,,,,,,,,,,,,,,,,,,,,,,
2013-12-11,5XW039HT,ST31500541AS,1500301910016,0,,156407477,,,,,,,,0,,,,,,36374,,,,,,,,,,,,,,,,,,,,,,,,,,,,,,21,,,,,,0,,,,,,,,,,,,,,,,,,,,,,,,,,,,
2013-12-11,MK0303YHGLLJRC,Hitachi HDS723030ALA640,3000592982016,0,,0,,,,,,,,0,,,,,,17036,,,,,,,,,,,,,,,,,,,,,,,,,,,,,,30,,,,,,0,,,,,,,,,,,,,,,,,,,,,,,,,,,,
2013-12-11,W1F0WK1W,ST3000DM001,3000592982016,0,,228418936,,,,,,,,0,,,,,,10538,,,,,,,,,,,,,,,,,,,,,,,,,,,,,,20,,,,,,8,,,,,,,,,,,,,,,,,,,,,,,,,,,,
2013-12-11,Z290YG5M,ST33000651AS,3000592982016,0,,34825466,,,,,,,,0,,,,,,17049,,,,,,,,,,,,,,,,,,,,,,,,,,,,,,27,,,,,,0,,,,,,,,,,,,,,,,,,,,,,,,,,,,
2013-12-11,WD-WCAU45671576,WDC WD10EADS,1000204886016,0,,0,,,,,,,,0,,,,,,41038,,,,,,,,,,,,,,,,,,,,,,,,,,,,,,23,,,,,,0,,,,,,,,,,,,,,,,,,,,,,,,,,,,
2013-12-11,MK0311YHG2YE7A,Hitachi HDS723030ALA640,3000592982016,0,,0,,,,,,,,0,,,,,,22347,,,,,,,,,,,,,,,,,,,,,,,,,,,,,,23,,,,,,0,,,,,,,,,,,,,,,,,,,,,,,,,,,,
2013-12-11,S1F07WV9,ST3000DM001,3000592982016,0,,61581656,,,,,,,,0,,,,,,13868,,,,,,,,,,,,,,,,,,,,,,,,,,,,,,25,,,,,,0,,,,,,,,,,,,,,,,,,,,,,,,,,,,
2013-12-11,MJ0351YNGA288A,Hitachi HDS5C3030ALA630,3000592982016,0,,0,,,,,,,,0,,,,,,9999,,,,,,,,,,,,,,,,,,,,,,,,,,,,,,34,,,,,,0,,,,,,,,,,,,,,,,,,,,,,,,,,,,
2013-12-11,W300BLPN,ST4000DM000,4000787030016,0,,14473128,,,,,,,,0,,,,,,4290,,,,,,,,,,,,,,,,,,,,,,,,,,,,,,24,,,,,,0,,,,,,,,,,,,,,,,,,,,,,,,,,,,
2013-12-11,6XW02E63,ST31500541AS,1500301910016,0,,48771930,,,,,,,,0,,,,,,34171,,,,,,,,,,,,,,,,,,,,,,,,,,,,,,20,,,,,,0,,,,,,,,,,,,,,,,,,,,,,,,,,,,
2013-12-11,6XW1HVN2,ST32000542AS,2000398934016,0,,206513712,,,,,,,,0,,,,,,11072,,,,,,,,,,,,,,,,,,,,,,,,,,,,,,22,,,,,,0,,,,,,,,,,,,,,,,,,,,,,,,,,,,
2013-12-11,MJ1311YNG2718A,Hitachi HDS5C3030ALA630,3000592982016,0,,0,,,,,,,,0,,,,,,18362,,,,,,,,,,,,,,,,,,,,,,,,,,,,,,24,,,,,,0,,,,,,,,,,,,,,,,,,,,,,,,,,,,
2013-12-11,9XW04MBA,ST31500541AS,1500301910016,0,,206122432,,,,,,,,0,,,,,,18745,,,,,,,,,,,,,,,,,,,,,,,,,,,,,,22,,,,,,0,,,,,,,,,,,,,,,,,,,,,,,,,,,,
2013-12-11,S1F0B2LF,ST3000DM001,3000592982016,0,,112040552,,,,,,,,0,,,,,,12875,,,,,,,,,,,,,,,,,,,,,,,,,,,,,,28,,,,,,0,,,,,,,,,,,,,,,,,,,,,,,,,,,,
2013-12-11,WD-WCAU47217365,WDC WD10EADS,1000204886016,0,,0,,,,,,,,0,,,,,,40865,,,,,,,,,,,,,,,,,,,,,,,,,,,,,,32,,,,,,0,,,,,,,,,,,,,,,,,,,,,,,,,,,,
2013-12-11,W1F0KDDQ,ST3000DM001,3000592982016,0,,32875624,,,,,,,,0,,,,,,12172,,,,,,,,,,,,,,,,,,,,,,,,,,,,,,24,,,,,,0,,,,,,,,,,,,,,,,,,,,,,,,,,,,
2013-12-11,W1F0KDDP,ST3000DM001,3000592982016,0,,58259752,,,,,,,,0,,,,,,11026,,,,,,,,,,,,,,,,,,,,,,,,,,,,,,27,,,,,,0,,,,,,,,,,,,,,,,,,,,,,,,,,,,
2013-12-11,JK11A8B9J34JRF,Hitachi HDS722020ALA330,2000398934016,0,,0,,,,,,,,0,,,,,,22415,,,,,,,,,,,,,,,,,,,,,,,,,,,,,,24,,,,,,0,,,,,,,,,,,,,,,,,,,,,,,,,,,,
2013-12-11,MK0311YHGBWV2A,Hitachi HDS723030ALA640,3000592982016,0,,0,,,,,,,,0,,,,,,21453,,,,,,,,,,,,,,,,,,,,,,,,,,,,,,26,,,,,,0,,,,,,,,,,,,,,,,,,,,,,,,,,,,
2013-12-11,Z300E47W,ST4000DM000,4000787030016,0,,115879000,,,,,,,,0,,,,,,2257,,,,,,,,,,,,,,,,,,,,,,,,,,,,,,22,,,,,,0,,,,,,,,,,,,,,,,,,,,,,,,,,,,
2013-12-11,Z300XH49,ST4000DM000,4000787030016,0,,199390768,,,,,,,,0,,,,,,799,,,,,,,,,,,,,,,,,,,,,,,,,,,,,,22,,,,,,0,,,,,,,,,,,,,,,,,,,,,,,,,,,,
2013-12-11,Z300XH48,ST4000DM000,4000787030016,0,,158305360,,,,,,,,0,,,,,,815,,,,,,,,,,,,,,,,,,,,,,,,,,,,,,19,,,,,,0,,,,,,,,,,,,,,,,,,,,,,,,,,,,
2013-12-11,WD-WCAU47205750,WDC WD10EADS,1000204886016,0,,3,,,,,,,,0,,,,,,40509,,,,,,,,,,,,,,,,,,,,,,,,,,,,,,30,,,,,,0,,,,,,,,,,,,,,,,,,,,,,,,,,,,
2013-12-11,JK11A8B9J3DGUF,Hitachi HDS722020ALA330,2000398934016,0,,65536,,,,,,,,0,,,,,,23544,,,,,,,,,,,,,,,,,,,,,,,,,,,,,,39,,,,,,0,,,,,,,,,,,,,,,,,,,,,,,,,,,,
2013-12-11,S1F03TY5,ST3000DM001,3000592982016,0,,18840312,,,,,,,,0,,,,,,13881,,,,,,,,,,,,,,,,,,,,,,,,,,,,,,22,,,,,,0,,,,,,,,,,,,,,,,,,,,,,,,,,,,
2013-12-11,Z300H9MC,ST4000DM000,4000787030016,0,,76082616,,,,,,,,0,,,,,,1298,,,,,,,,,,,,,,,,,,,,,,,,,,,,,,22,,,,,,0,,,,,,,,,,,,,,,,,,,,,,,,,,,,
2013-12-11,Z1F06B4S,ST3000DM001,3000592982016,0,,123553264,,,,,,,,0,,,,,,14733,,,,,,,,,,,,,,,,,,,,,,,,,,,,,,24,,,,,,0,,,,,,,,,,,,,,,,,,,,,,,,,,,,
2013-12-11,MJ0351YNGAD3GA,Hitachi HDS5C3030ALA630,3000592982016,0,,0,,,,,,,,0,,,,,,7976,,,,,,,,,,,,,,,,,,,,,,,,,,,,,,29,,,,,,0,,,,,,,,,,,,,,,,,,,,,,,,,,,,
2013-12-11,JK1105B8GG42AX,Hitachi HDS722020ALA330,2000398934016,0,,65536,,,,,,,,0,,,,,,26859,,,,,,,,,,,,,,,,,,,,,,,,,,,,,,33,,,,,,0,,,,,,,,,,,,,,,,,,,,,,,,,,,,
2013-12-11,W300B6R3,ST4000DM000,4000787030016,0,,211891680,,,,,,,,0,,,,,,3603,,,,,,,,,,,,,,,,,,,,,,,,,,,,,,22,,,,,,0,,,,,,,,,,,,,,,,,,,,,,,,,,,,
2013-12-11,JK11A8B9J3608F,Hitachi HDS722020ALA330,2000398934016,0,,0,,,,,,,,0,,,,,,23710,,,,,,,,,,,,,,,,,,,,,,,,,,,,,,31,,,,,,0,,,,,,,,,,,,,,,,,,,,,,,,,,,,
2013-12-11,5XW2NJK9,ST32000542AS,2000398934016,0,,85413088,,,,,,,,0,,,,,,12609,,,,,,,,,,,,,,,,,,,,,,,,,,,,,,22,,,,,,0,,,,,,,,,,,,,,,,,,,,,,,,,,,,
2013-12-11,Z300V1RR,ST4000DM000,4000787030016,0,,16373496,,,,,,,,0,,,,,,772,,,,,,,,,,,,,,,,,,,,,,,,,,,,,,19,,,,,,0,,,,,,,,,,,,,,,,,,,,,,,,,,,,
2013-12-11,JK11A8B9J3AK0F,Hitachi HDS722020ALA330,2000398934016,0,,2,,,,,,,,0,,,,,,24112,,,,,,,,,,,,,,,,,,,,,,,,,,,,,,27,,,,,,0,,,,,,,,,,,,,,,,,,,,,,,,,,,,
2013-12-11,W1F1CB5E,ST3000DM001,3000592982016,0,,101698528,,,,,,,,0,,,,,,7989,,,,,,,,,,,,,,,,,,,,,,,,,,,,,,18,,,,,,0,,,,,,,,,,,,,,,,,,,,,,,,,,,,
2013-12-11,WD-WCAWZ2341549,WDC WD30EZRX,3000592982016,0,,0,,,,,,,,0,,,,,,10302,,,,,,,,,,,,,,,,,,,,,,,,,,,,,,23,,,,,,0,,,,,,,,,,,,,,,,,,,,,,,,,,,,
2013-12-11,Z1F07V67,ST3000DM001,3000592982016,0,,51194600,,,,,,,,0,,,,,,14734,,,,,,,,,,,,,,,,,,,,,,,,,,,,,,24,,,,,,0,,,,,,,,,,,,,,,,,,,,,,,,,,,,
2013-12-11,W300BFJE,ST4000DM000,4000787030016,0,,32232408,,,,,,,,0,,,,,,4138,,,,,,,,,,,,,,,,,,,,,,,,,,,,,,24,,,,,,0,,,,,,,,,,,,,,,,,,,,,,,,,,,,
2013-12-11,Z300W5BA,ST4000DM000,4000787030016,0,,119297696,,,,,,,,0,,,,,,944,,,,,,,,,,,,,,,,,,,,,,,,,,,,,,25,,,,,,0,,,,,,,,,,,,,,,,,,,,,,,,,,,,
2013-12-11,6XW02CGT,ST31500541AS,1500301910016,0,,106549692,,,,,,,,0,,,,,,36396,,,,,,,,,,,,,,,,,,,,,,,,,,,,,,17,,,,,,0,,,,,,,,,,,,,,,,,,,,,,,,,,,,
2013-12-11,W300BFJH,ST4000DM000,4000787030016,0,,227221400,,,,,,,,0,,,,,,4047,,,,,,,,,,,,,,,,,,,,,,,,,,,,,,23,,,,,,0,,,,,,,,,,,,,,,,,,,,,,,,,,,,
2013-12-11,JK1131YAG3KDRV,Hitachi HDS722020ALA330,2000398934016,0,,131073,,,,,,,,0,,,,,,19659,,,,,,,,,,,,,,,,,,,,,,,,,,,,,,29,,,,,,0,,,,,,,,,,,,,,,,,,,,,,,,,,,,
2013-12-11,WD-WCAWZ0506571,WDC WD30EZRX,3000592982016,0,,0,,,,,,,,0,,,,,,16980,,,,,,,,,,,,,,,,,,,,,,,,,,,,,,22,,,,,,8,,,,,,,,,,,,,,,,,,,,,,,,,,,,
2013-12-11,MJ0351YNGA8PDA,Hitachi HDS5C3030ALA630,3000592982016,0,,0,,,,,,,,0,,,,,,8612,,,,,,,,,,,,,,,,,,,,,,,,,,,,,,32,,,,,,0,,,,,,,,,,,,,,,,,,,,,,,,,,,,
2013-12-11,5XW027F6,ST31500541AS,1500301910016,0,,160843526,,,,,,,,0,,,,,,36450,,,,,,,,,,,,,,,,,,,,,,,,,,,,,,16,,,,,,0,,,,,,,,,,,,,,,,,,,,,,,,,,,,
2013-12-11,JK1101B8JP8HBZ,Hitachi HDS722020ALA330,2000398934016,0,,131072,,,,,,,,53,,,,,,23991,,,,,,,,,,,,,,,,,,,,,,,,,,,,,,36,,,,,,0,,,,,,,,,,,,,,,,,,,,,,,,,,,,
2013-12-11,Z300SE47,ST4000DM000,4000787030016,0,,142208224,,,,,,,,0,,,,,,918,,,,,,,,,,,,,,,,,,,,,,,,,,,,,,21,,,,,,0,,,,,,,,,,,,,,,,,,,,,,,,,,,,
2013-12-11,W1F0A69G,ST3000DM001,3000592982016,0,,146954896,,,,,,,,0,,,,,,14234,,,,,,,,,,,,,,,,,,,,,,,,,,,,,,21,,,,,,0,,,,,,,,,,,,,,,,,,,,,,,,,,,,
2013-12-11,JK1130YAHRW7ST,Hitachi HDS722020ALA330,2000398934016,0,,327734,,,,,,,,0,,,,,,30171,,,,,,,,,,,,,,,,,,,,,,,,,,,,,,28,,,,,,0,,,,,,,,,,,,,,,,,,,,,,,,,,,,
2013-12-11,W1F09MDE,ST3000DM001,3000592982016,0,,204824128,,,,,,,,0,,,,,,13820,,,,,,,,,,,,,,,,,,,,,,,,,,,,,,25,,,,,,8,,,,,,,,,,,,,,,,,,,,,,,,,,,,
2013-12-11,WD-WCAWZ1330692,WDC WD30EZRX,3000592982016,0,,0,,,,,,,,0,,,,,,17610,,,,,,,,,,,,,,,,,,,,,,,,,,,,,,22,,,,,,53,,,,,,,,,,,,,,,,,,,,,,,,,,,,
2013-12-11,MJ0351YNGA368A,Hitachi HDS5C3030ALA630,3000592982016,0,,0,,,,,,,,0,,,,,,9132,,,,,,,,,,,,,,,,,,,,,,,,,,,,,,26,,,,,,0,,,,,,,,,,,,,,,,,,,,,,,,,,,,
2013-12-11,MJ1311YNG347VA,Hitachi HDS5C3030ALA630,3000592982016,0,,1,,,,,,,,0,,,,,,19254,,,,,,,,,,,,,,,,,,,,,,,,,,,,,,27,,,,,,0,,,,,,,,,,,,,,,,,,,,,,,,,,,,
2013-12-11,JK11A8B9J7M68F,Hitachi HDS722020ALA330,2000398934016,0,,0,,,,,,,,1,,,,,,24630,,,,,,,,,,,,,,,,,,,,,,,,,,,,,,29,,,,,,0,,,,,,,,,,,,,,,,,,,,,,,,,,,,
2013-12-11,W300BQV0,ST4000DM000,4000787030016,0,,141050640,,,,,,,,0,,,,,,3585,,,,,,,,,,,,,,,,,,,,,,,,,,,,,,21,,,,,,0,,,,,,,,,,,,,,,,,,,,,,,,,,,,
2013-12-11,Z1F0LVNX,ST3000DM001,3000592982016,0,,16500728,,,,,,,,0,,,,,,12169,,,,,,,,,,,,,,,,,,,,,,,,,,,,,,26,,,,,,0,,,,,,,,,,,,,,,,,,,,,,,,,,,,
2013-12-11,5YD5VML6,ST1500DL003,1500301910016,0,,105405904,,,,,,,,0,,,,,,8744,,,,,,,,,,,,,,,,,,,,,,,,,,,,,,22,,,,,,0,,,,,,,,,,,,,,,,,,,,,,,,,,,,
2013-12-11,Z300X7TZ,ST4000DM000,4000787030016,0,,174209112,,,,,,,,0,,,,,,772,,,,,,,,,,,,,,,,,,,,,,,,,,,,,,20,,,,,,0,,,,,,,,,,,,,,,,,,,,,,,,,,,,
2013-12-11,Z290WKQG,ST33000651AS,3000592982016,0,,92179482,,,,,,,,0,,,,,,17740,,,,,,,,,,,,,,,,,,,,,,,,,,,,,,24,,,,,,0,,,,,,,,,,,,,,,,,,,,,,,,,,,,
2013-12-11,Z300KJTE,ST4000DM000,4000787030016,0,,186411648,,,,,,,,0,,,,,,2220,,,,,,,,,,,,,,,,,,,,,,,,,,,,,,25,,,,,,0,,,,,,,,,,,,,,,,,,,,,,,,,,,,
2013-12-11,JK11A4B8J8NPTW,Hitachi HDS722020ALA330,2000398934016,0,,65536,,,,,,,,0,,,,,,23821,,,,,,,,,,,,,,,,,,,,,,,,,,,,,,36,,,,,,0,,,,,,,,,,,,,,,,,,,,,,,,,,,,
2013-12-11,MJ0351YNG9VJPA,Hitachi HDS5C3030ALA630,3000592982016,0,,0,,,,,,,,0,,,,,,9906,,,,,,,,,,,,,,,,,,,,,,,,,,,,,,23,,,,,,0,,,,,,,,,,,,,,,,,,,,,,,,,,,,
2013-12-11,W1F0X7CP,ST3000DM001,3000592982016,0,,194569896,,,,,,,,0,,,,,,10720,,,,,,,,,,,,,,,,,,,,,,,,,,,,,,26,,,,,,0,,,,,,,,,,,,,,,,,,,,,,,,,,,,
2013-12-11,JK11A8B9J7R29F,Hitachi HDS722020ALA330,2000398934016,0,,0,,,,,,,,0,,,,,,25580,,,,,,,,,,,,,,,,,,,,,,,,,,,,,,25,,,,,,0,,,,,,,,,,,,,,,,,,,,,,,,,,,,
2013-12-11,9VS3HNC4,ST31500341AS,1500301910016,0,,147647617,,,,,,,,1,,,,,,32748,,,,,,,,,,,,,,,,,,,,,,,,,,,,,,21,,,,,,0,,,,,,,,,,,,,,,,,,,,,,,,,,,,
2013-12-11,PL1311LAG248NA,Hitachi HDS5C4040ALE630,4000787030016,0,,0,,,,,,,,0,,,,,,7077,,,,,,,,,,,,,,,,,,,,,,,,,,,,,,32,,,,,,0,,,,,,,,,,,,,,,,,,,,,,,,,,,,
2013-12-11,MJ1311YNG0MJ4A,Hitachi HDS5C3030ALA630,3000592982016,0,,25,,,,,,,,0,,,,,,20480,,,,,,,,,,,,,,,,,,,,,,,,,,,,,,29,,,,,,0,,,,,,,,,,,,,,,,,,,,,,,,,,,,
2013-12-11,5XW04ECS,ST31500541AS,1500301910016,0,,14823985,,,,,,,,70,,,,,,35234,,,,,,,,,,,,,,,,,,,,,,,,,,,,,,21,,,,,,0,,,,,,,,,,,,,,,,,,,,,,,,,,,,
2013-12-11,MJ1321YNG0JT3A,Hitachi HDS5C3030ALA630,3000592982016,0,,0,,,,,,,,0,,,,,,20507,,,,,,,,,,,,,,,,,,,,,,,,,,,,,,26,,,,,,0,,,,,,,,,,,,,,,,,,,,,,,,,,,,
2013-12-11,JK11A8B9GP94UF,Hitachi HDS722020ALA330,2000398934016,0,,0,,,,,,,,55,,,,,,26762,,,,,,,,,,,,,,,,,,,,,,,,,,,,,,26,,,,,,0,,,,,,,,,,,,,,,,,,,,,,,,,,,,
2013-12-11,WD-WCAV5C895994,WDC WD10EADS,1000204886016,0,,0,,,,,,,,0,,,,,,13143,,,,,,,,,,,,,,,,,,,,,,,,,,,,,,26,,,,,,0,,,,,,,,,,,,,,,,,,,,,,,,,,,,
2013-12-11,6XW022F9,ST31500541AS,1500301910016,0,,30486111,,,,,,,,0,,,,,,35542,,,,,,,,,,,,,,,,,,,,,,,,,,,,,,27,,,,,,0,,,,,,,,,,,,,,,,,,,,,,,,,,,,
2013-12-11,Z1F0B3S8,ST3000DM001,3000592982016,0,,84432352,,,,,,,,1752,,,,,,7181,,,,,,,,,,,,,,,,,,,,,,,,,,,,,,23,,,,,,0,,,,,,,,,,,,,,,,,,,,,,,,,,,,
2013-12-11,9XW0AV04,ST320005XXXX,2000398934016,0,,15857369,,,,,,,,3975,,,,,,28039,,,,,,,,,,,,,,,,,,,,,,,,,,,,,,21,,,,,,0,,,,,,,,,,,,,,,,,,,,,,,,,,,,
2013-12-11,W300DBGQ,ST4000DM000,4000787030016,0,,183401624,,,,,,,,0,,,,,,4160,,,,,,,,,,,,,,,,,,,,,,,,,,,,,,24,,,,,,0,,,,,,,,,,,,,,,,,,,,,,,,,,,,
2013-12-11,JK11A5B8J7SRUX,Hitachi HDS722020ALA330,2000398934016,0,,1,,,,,,,,0,,,,,,22698,,,,,,,,,,,,,,,,,,,,,,,,,,,,,,24,,,,,,0,,,,,,,,,,,,,,,,,,,,,,,,,,,,
2013-12-11,5XW0D02F,ST32000542AS,2000398934016,0,,237423416,,,,,,,,0,,,,,,15217,,,,,,,,,,,,,,,,,,,,,,,,,,,,,,22,,,,,,0,,,,,,,,,,,,,,,,,,,,,,,,,,,,
2013-12-11,9VS1JTLR,ST31500341AS,1500301910016,0,,87049775,,,,,,,,4,,,,,,40408,,,,,,,,,,,,,,,,,,,,,,,,,,,,,,26,,,,,,0,,,,,,,,,,,,,,,,,,,,,,,,,,,,
2013-12-11,W1F07J5H,ST3000DM001,3000592982016,0,,171945792,,,,,,,,0,,,,,,7729,,,,,,,,,,,,,,,,,,,,,,,,,,,,,,21,,,,,,0,,,,,,,,,,,,,,,,,,,,,,,,,,,,
2013-12-11,MJ1311YNG3M9ZA,Hitachi HDS5C3030ALA630,3000592982016,0,,0,,,,,,,,0,,,,,,14685,,,,,,,,,,,,,,,,,,,,,,,,,,,,,,17,,,,,,0,,,,,,,,,,,,,,,,,,,,,,,,,,,,
2013-12-11,JK11A8B9J2ZV2F,Hitachi HDS722020ALA330,2000398934016,0,,1,,,,,,,,0,,,,,,23820,,,,,,,,,,,,,,,,,,,,,,,,,,,,,,29,,,,,,0,,,,,,,,,,,,,,,,,,,,,,,,,,,,
2013-12-11,MJ0351YNG9W2YA,Hitachi HDS5C3030ALA630,3000592982016,0,,0,,,,,,,,0,,,,,,9146,,,,,,,,,,,,,,,,,,,,,,,,,,,,,,29,,,,,,0,,,,,,,,,,,,,,,,,,,,,,,,,,,,
2013-12-11,WD-WCC1T1245325,WDC WD30EFRX,3000592982016,0,,0,,,,,,,,0,,,,,,1713,,,,,,,,,,,,,,,,,,,,,,,,,,,,,,27,,,,,,0,,,,,,,,,,,,,,,,,,,,,,,,,,,,
2013-12-11,MK0311YHG0ZKXA,Hitachi HDS723030ALA640,3000592982016,0,,0,,,,,,,,0,,,,,,22347,,,,,,,,,,,,,,,,,,,,,,,,,,,,,,28,,,,,,0,,,,,,,,,,,,,,,,,,,,,,,,,,,,
2013-12-11,JK11A8B9J7NWWF,Hitachi HDS722020ALA330,2000398934016,0,,0,,,,,,,,0,,,,,,25580,,,,,,,,,,,,,,,,,,,,,,,,,,,,,,23,,,,,,0,,,,,,,,,,,,,,,,,,,,,,,,,,,,
2013-12-11,6XW022FR,ST31500541AS,1500301910016,0,,28269927,,,,,,,,0,,,,,,35198,,,,,,,,,,,,,,,,,,,,,,,,,,,,,,23,,,,,,0,,,,,,,,,,,,,,,,,,,,,,,,,,,,
2013-12-11,W1F0976M,ST3000DM001,3000592982016,0,,93292696,,,,,,,,0,,,,,,15364,,,,,,,,,,,,,,,,,,,,,,,,,,,,,,20,,,,,,0,,,,,,,,,,,,,,,,,,,,,,,,,,,,
2013-12-11,JK1101B9GBBZUF,Hitachi HDS722020ALA330,2000398934016,0,,0,,,,,,,,0,,,,,,27542,,,,,,,,,,,,,,,,,,,,,,,,,,,,,,22,,,,,,0,,,,,,,,,,,,,,,,,,,,,,,,,,,,
2013-12-11,6XW038JR,ST31500541AS,1500301910016,0,,96089151,,,,,,,,0,,,,,,35445,,,,,,,,,,,,,,,,,,,,,,,,,,,,,,18,,,,,,0,,,,,,,,,,,,,,,,,,,,,,,,,,,,
2013-12-11,MJ0351YNG9WAAA,Hitachi HDS5C3030ALA630,3000592982016,0,,0,,,,,,,,0,,,,,,9939,,,,,,,,,,,,,,,,,,,,,,,,,,,,,,24,,,,,,0,,,,,,,,,,,,,,,,,,,,,,,,,,,,
2013-12-11,MJ1311YNG7ETXA,Hitachi HDS5C3030ALA630,3000592982016,0,,0,,,,,,,,0,,,,,,14621,,,,,,,,,,,,,,,,,,,,,,,,,,,,,,24,,,,,,0,,,,,,,,,,,,,,,,,,,,,,,,,,,,
2013-12-11,6XW038JE,ST31500541AS,1500301910016,0,,20208767,,,,,,,,0,,,,,,37290,,,,,,,,,,,,,,,,,,,,,,,,,,,,,,21,,,,,,0,,,,,,,,,,,,,,,,,,,,,,,,,,,,
2013-12-11,W1F0X4CV,ST3000DM001,3000592982016,0,,193683320,,,,,,,,592,,,,,,11611,,,,,,,,,,,,,,,,,,,,,,,,,,,,,,27,,,,,,80,,,,,,,,,,,,,,,,,,,,,,,,,,,,
2013-12-11,JK11A8B9J7LT9F,Hitachi HDS722020ALA330,2000398934016,0,,0,,,,,,,,0,,,,,,24544,,,,,,,,,,,,,,,,,,,,,,,,,,,,,,25,,,,,,0,,,,,,,,,,,,,,,,,,,,,,,,,,,,
2013-12-11,JK1101B9J2SR1F,Hitachi HDS722020ALA330,2000398934016,0,,0,,,,,,,,1,,,,,,24213,,,,,,,,,,,,,,,,,,,,,,,,,,,,,,25,,,,,,3,,,,,,,,,,,,,,,,,,,,,,,,,,,,
2013-12-11,JK1171B9J1DDET,Hitachi HDS722020ALA330,2000398934016,0,,2,,,,,,,,0,,,,,,21472,,,,,,,,,,,,,,,,,,,,,,,,,,,,,,28,,,,,,0,,,,,,,,,,,,,,,,,,,,,,,,,,,,
2013-12-11,Z300KMLH,ST4000DM000,4000787030016,0,,121696576,,,,,,,,0,,,,,,2218,,,,,,,,,,,,,,,,,,,,,,,,,,,,,,23,,,,,,0,,,,,,,,,,,,,,,,,,,,,,,,,,,,
2013-12-11,W1F0X4CX,ST3000DM001,3000592982016,0,,89835808,,,,,,,,0,,,,,,11609,,,,,,,,,,,,,,,,,,,,,,,,,,,,,,30,,,,,,0,,,,,,,,,,,,,,,,,,,,,,,,,,,,
2013-12-11,W1F0ADQ1,ST3000DM001,3000592982016,0,,10556088,,,,,,,,0,,,,,,15367,,,,,,,,,,,,,,,,,,,,,,,,,,,,,,21,,,,,,0,,,,,,,,,,,,,,,,,,,,,,,,,,,,
2013-12-11,WD-WCAU45177956,WDC WD10EADS,1000204886016,0,,1,,,,,,,,0,,,,,,41254,,,,,,,,,,,,,,,,,,,,,,,,,,,,,,25,,,,,,0,,,,,,,,,,,,,,,,,,,,,,,,,,,,
2013-12-11,JK11A8B9J09MZF,Hitachi HDS722020ALA330,2000398934016,0,,0,,,,,,,,0,,,,,,26328,,,,,,,,,,,,,,,,,,,,,,,,,,,,,,26,,,,,,0,,,,,,,,,,,,,,,,,,,,,,,,,,,,
2013-12-11,Z1F0NLQX,ST3000DM001,3000592982016,0,,30132000,,,,,,,,0,,,,,,12616,,,,,,,,,,,,,,,,,,,,,,,,,,,,,,27,,,,,,0,,,,,,,,,,,,,,,,,,,,,,,,,,,,
2013-12-11,JK11A8B9J074RF,Hitachi HDS722020ALA330,2000398934016,0,,0,,,,,,,,0,,,,,,23946,,,,,,,,,,,,,,,,,,,,,,,,,,,,,,26,,,,,,0,,,,,,,,,,,,,,,,,,,,,,,,,,,,
2013-12-11,W1F0T9Q4,ST3000DM001,3000592982016,0,,37833592,,,,,,,,0,,,,,,11021,,,,,,,,,,,,,,,,,,,,,,,,,,,,,,23,,,,,,0,,,,,,,,,,,,,,,,,,,,,,,,,,,,
2013-12-11,JK11A8B9J388ZF,Hitachi HDS722020ALA330,2000398934016,0,,0,,,,,,,,0,,,,,,24213,,,,,,,,,,,,,,,,,,,,,,,,,,,,,,28,,,,,,0,,,,,,,,,,,,,,,,,,,,,,,,,,,,
2013-12-11,Z290XPEN,ST33000651AS,3000592982016,0,,56202573,,,,,,,,0,,,,,,15916,,,,,,,,,,,,,,,,,,,,,,,,,,,,,,27,,,,,,0,,,,,,,,,,,,,,,,,,,,,,,,,,,,
2013-12-11,Z300KE3Z,ST4000DM000,4000787030016,0,,114333384,,,,,,,,0,,,,,,105,,,,,,,,,,,,,,,,,,,,,,,,,,,,,,22,,,,,,0,,,,,,,,,,,,,,,,,,,,,,,,,,,,
2013-12-11,Z1F0WPTF,ST3000DM001,3000592982016,0,,175689008,,,,,,,,0,,,,,,8208,,,,,,,,,,,,,,,,,,,,,,,,,,,,,,20,,,,,,0,,,,,,,,,,,,,,,,,,,,,,,,,,,,
2013-12-11,PL1321LAG34P4H,Hitachi HDS5C4040ALE630,4000787030016,0,,0,,,,,,,,0,,,,,,6654,,,,,,,,,,,,,,,,,,,,,,,,,,,,,,18,,,,,,0,,,,,,,,,,,,,,,,,,,,,,,,,,,,
2013-12-11,PL1331LAG40AJH,HGST HMS5C4040ALE640,4000787030016,0,,0,,,,,,,,0,,,,,,9402,,,,,,,,,,,,,,,,,,,,,,,,,,,,,,30,,,,,,0,,,,,,,,,,,,,,,,,,,,,,,,,,,,
2013-12-11,JK11A8B9J7197F,Hitachi HDS722020ALA330,2000398934016,0,,0,,,,,,,,0,,,,,,24544,,,,,,,,,,,,,,,,,,,,,,,,,,,,,,28,,,,,,0,,,,,,,,,,,,,,,,,,,,,,,,,,,,
2013-12-11,MJ1311YNG3G00A,Hitachi HDS5C3030ALA630,3000592982016,0,,0,,,,,,,,0,,,,,,18928,,,,,,,,,,,,,,,,,,,,,,,,,,,,,,28,,,,,,0,,,,,,,,,,,,,,,,,,,,,,,,,,,,
2013-12-11,W1F0918M,ST3000DM001,3000592982016,0,,49065448,,,,,,,,0,,,,,,14731,,,,,,,,,,,,,,,,,,,,,,,,,,,,,,25,,,,,,0,,,,,,,,,,,,,,,,,,,,,,,,,,,,
2013-12-11,Z300CM47,ST4000DM000,4000787030016,0,,87781120,,,,,,,,0,,,,,,2224,,,,,,,,,,,,,,,,,,,,,,,,,,,,,,20,,,,,,0,,,,,,,,,,,,,,,,,,,,,,,,,,,,
2013-12-11,PL1321LAG342VH,Hitachi HDS5C4040ALE630,4000787030016,0,,0,,,,,,,,0,,,,,,6652,,,,,,,,,,,,,,,,,,,,,,,,,,,,,,26,,,,,,0,,,,,,,,,,,,,,,,,,,,,,,,,,,,
2013-12-11,PL1311LAG2DZ7H,Hitachi HDS5C4040ALE630,4000787030016,0,,0,,,,,,,,0,,,,,,6616,,,,,,,,,,,,,,,,,,,,,,,,,,,,,,25,,,,,,0,,,,,,,,,,,,,,,,,,,,,,,,,,,,
2013-12-11,W30045MB,ST4000DM000,4000787030016,0,,113547120,,,,,,,,0,,,,,,2244,,,,,,,,,,,,,,,,,,,,,,,,,,,,,,18,,,,,,0,,,,,,,,,,,,,,,,,,,,,,,,,,,,
2013-12-11,JK11A4B8J3HUXW,Hitachi HDS722020ALA330,2000398934016,0,,131072,,,,,,,,0,,,,,,23126,,,,,,,,,,,,,,,,,,,,,,,,,,,,,,28,,,,,,0,,,,,,,,,,,,,,,,,,,,,,,,,,,,
2013-12-11,S1F05QHK,ST3000DM001,3000592982016,0,,200123712,,,,,,,,6024,,,,,,12358,,,,,,,,,,,,,,,,,,,,,,,,,,,,,,25,,,,,,8,,,,,,,,,,,,,,,,,,,,,,,,,,,,
2013-12-11,S1F05BXV,ST3000DM001,3000592982016,0,,116962872,,,,,,,,0,,,,,,13360,,,,,,,,,,,,,,,,,,,,,,,,,,,,,,23,,,,,,40,,,,,,,,,,,,,,,,,,,,,,,,,,,,
2013-12-11,JK11A8B9J7XADF,Hitachi HDS722020ALA330,2000398934016,0,,0,,,,,,,,0,,,,,,24914,,,,,,,,,,,,,,,,,,,,,,,,,,,,,,28,,,,,,0,,,,,,,,,,,,,,,,,,,,,,,,,,,,
2013-12-11,WD-WCAU47760976,WDC WD10EADS,1000204886016,0,,4,,,,,,,,0,,,,,,40530,,,,,,,,,,,,,,,,,,,,,,,,,,,,,,31,,,,,,0,,,,,,,,,,,,,,,,,,,,,,,,,,,,
2013-12-11,W1F0TAQA,ST3000DM001,3000592982016,0,,9757880,,,,,,,,0,,,,,,11021,,,,,,,,,,,,,,,,,,,,,,,,,,,,,,21,,,,,,0,,,,,,,,,,,,,,,,,,,,,,,,,,,,
2013-12-11,W1F04LH8,ST3000DM001,3000592982016,0,,173769448,,,,,,,,0,,,,,,13821,,,,,,,,,,,,,,,,,,,,,,,,,,,,,,24,,,,,,0,,,,,,,,,,,,,,,,,,,,,,,,,,,,
2013-12-11,MJ0351YNG9KRPA,Hitachi HDS5C3030ALA630,3000592982016,0,,0,,,,,,,,0,,,,,,9672,,,,,,,,,,,,,,,,,,,,,,,,,,,,,,27,,,,,,0,,,,,,,,,,,,,,,,,,,,,,,,,,,,
2013-12-11,6XW105GT,ST31500541AS,1500301910016,0,,14191112,,,,,,,,0,,,,,,30053,,,,,,,,,,,,,,,,,,,,,,,,,,,,,,22,,,,,,0,,,,,,,,,,,,,,,,,,,,,,,,,,,,
2013-12-11,Z300PM3F,ST4000DM000,4000787030016,0,,218363136,,,,,,,,0,,,,,,1232,,,,,,,,,,,,,,,,,,,,,,,,,,,,,,20,,,,,,0,,,,,,,,,,,,,,,,,,,,,,,,,,,,
2013-12-11,Z300PM3H,ST4000DM000,4000787030016,0,,20795216,,,,,,,,0,,,,,,1142,,,,,,,,,,,,,,,,,,,,,,,,,,,,,,24,,,,,,0,,,,,,,,,,,,,,,,,,,,,,,,,,,,
2013-12-11,JK1105B8GGALLX,Hitachi HDS722020ALA330,2000398934016,0,,65537,,,,,,,,0,,,,,,27213,,,,,,,,,,,,,,,,,,,,,,,,,,,,,,27,,,,,,0,,,,,,,,,,,,,,,,,,,,,,,,,,,,
2013-12-11,JK1170YBJXTZGD,Hitachi HDS722020ALA330,2000398934016,0,,0,,,,,,,,0,,,,,,28154,,,,,,,,,,,,,,,,,,,,,,,,,,,,,,24,,,,,,0,,,,,,,,,,,,,,,,,,,,,,,,,,,,
2013-12-11,S1F0268T,ST3000DM001,3000592982016,0,,35787968,,,,,,,,256,,,,,,16152,,,,,,,,,,,,,,,,,,,,,,,,,,,,,,18,,,,,,16,,,,,,,,,,,,,,,,,,,,,,,,,,,,
2013-12-11,S1F10QDG,ST3000DM001,3000592982016,0,,111417008,,,,,,,,0,,,,,,8024,,,,,,,,,,,,,,,,,,,,,,,,,,,,,,24,,,,,,0,,,,,,,,,,,,,,,,,,,,,,,,,,,,
2013-12-11,W300BG2F,ST4000DM000,4000787030016,0,,23295624,,,,,,,,0,,,,,,1703,,,,,,,,,,,,,,,,,,,,,,,,,,,,,,22,,,,,,0,,,,,,,,,,,,,,,,,,,,,,,,,,,,
2013-12-11,JK11A8B9J3A49F,Hitachi HDS722020ALA330,2000398934016,0,,65537,,,,,,,,0,,,,,,24401,,,,,,,,,,,,,,,,,,,,,,,,,,,,,,28,,,,,,0,,,,,,,,,,,,,,,,,,,,,,,,,,,,
2013-12-11,MJ1321YNG0ERYA,Hitachi HDS5C3030ALA630,3000592982016,0,,0,,,,,,,,0,,,,,,20479,,,,,,,,,,,,,,,,,,,,,,,,,,,,,,28,,,,,,0,,,,,,,,,,,,,,,,,,,,,,,,,,,,
2013-12-11,W1F0APRH,ST3000DM001,3000592982016,0,,27580096,,,,,,,,0,,,,,,13825,,,,,,,,,,,,,,,,,,,,,,,,,,,,,,23,,,,,,0,,,,,,,,,,,,,,,,,,,,,,,,,,,,
2013-12-11,MJ1311YNG4JAMA,Hitachi HDS5C3030ALA630,3000592982016,0,,0,,,,,,,,0,,,,,,20733,,,,,,,,,,,,,,,,,,,,,,,,,,,,,,25,,,,,,0,,,,,,,,,,,,,,,,,,,,,,,,,,,,
2013-12-11,PL2311LAG1PZ1C,Hitachi HDS5C4040ALE630,4000787030016,0,,0,,,,,,,,0,,,,,,7463,,,,,,,,,,,,,,,,,,,,,,,,,,,,,,24,,,,,,0,,,,,,,,,,,,,,,,,,,,,,,,,,,,
2013-12-11,PL1321LAG343VH,Hitachi HDS5C4040ALE630,4000787030016,0,,0,,,,,,,,0,,,,,,5070,,,,,,,,,,,,,,,,,,,,,,,,,,,,,,29,,,,,,0,,,,,,,,,,,,,,,,,,,,,,,,,,,,
2013-12-11,PL1321LAG34BKH,Hitachi HDS5C4040ALE630,4000787030016,0,,0,,,,,,,,0,,,,,,5058,,,,,,,,,,,,,,,,,,,,,,,,,,,,,,29,,,,,,0,,,,,,,,,,,,,,,,,,,,,,,,,,,,
2013-12-11,MJ0351YNG9Z1PA,Hitachi HDS5C3030ALA630,3000592982016,0,,0,,,,,,,,0,,,,,,9999,,,,,,,,,,,,,,,,,,,,,,,,,,,,,,32,,,,,,0,,,,,,,,,,,,,,,,,,,,,,,,,,,,
2013-12-11,W300AZEP,ST4000DM000,4000787030016,0,,75580856,,,,,,,,0,,,,,,4289,,,,,,,,,,,,,,,,,,,,,,,,,,,,,,24,,,,,,0,,,,,,,,,,,,,,,,,,,,,,,,,,,,
2013-12-11,Z300GYKP,ST4000DM000,4000787030016,0,,21784552,,,,,,,,0,,,,,,3580,,,,,,,,,,,,,,,,,,,,,,,,,,,,,,22,,,,,,0,,,,,,,,,,,,,,,,,,,,,,,,,,,,
2013-12-11,Z300GYKQ,ST4000DM000,4000787030016,0,,93177888,,,,,,,,0,,,,,,3580,,,,,,,,,,,,,,,,,,,,,,,,,,,,,,19,,,,,,0,,,,,,,,,,,,,,,,,,,,,,,,,,,,
2013-12-11,JK11A8B9J4Z3DF,Hitachi HDS722020ALA330,2000398934016,0,,3,,,,,,,,0,,,,,,24983,,,,,,,,,,,,,,,,,,,,,,,,,,,,,,29,,,,,,0,,,,,,,,,,,,,,,,,,,,,,,,,,,,
2013-12-11,Z300GYKV,ST4000DM000,4000787030016,0,,124153464,,,,,,,,0,,,,,,3584,,,,,,,,,,,,,,,,,,,,,,,,,,,,,,24,,,,,,0,,,,,,,,,,,,,,,,,,,,,,,,,,,,
2013-12-11,Z300GYKX,ST4000DM000,4000787030016,0,,128687704,,,,,,,,0,,,,,,3583,,,,,,,,,,,,,,,,,,,,,,,,,,,,,,22,,,,,,0,,,,,,,,,,,,,,,,,,,,,,,,,,,,
2013-12-11,Z300GYKY,ST4000DM000,4000787030016,0,,160863816,,,,,,,,0,,,,,,3582,,,,,,,,,,,,,,,,,,,,,,,,,,,,,,25,,,,,,0,,,,,,,,,,,,,,,,,,,,,,,,,,,,
2013-12-11,Z300GYKZ,ST4000DM000,4000787030016,0,,53565888,,,,,,,,0,,,,,,3580,,,,,,,,,,,,,,,,,,,,,,,,,,,,,,20,,,,,,0,,,,,,,,,,,,,,,,,,,,,,,,,,,,
2013-12-11,JK11A8B9J08G9F,Hitachi HDS722020ALA330,2000398934016,0,,0,,,,,,,,0,,,,,,24912,,,,,,,,,,,,,,,,,,,,,,,,,,,,,,31,,,,,,0,,,,,,,,,,,,,,,,,,,,,,,,,,,,
2013-12-11,W300H38P,ST4000DM000,4000787030016,0,,101940800,,,,,,,,0,,,,,,948,,,,,,,,,,,,,,,,,,,,,,,,,,,,,,19,,,,,,0,,,,,,,,,,,,,,,,,,,,,,,,,,,,
2013-12-11,MK0301YHGL20GA,Hitachi HDS723030ALA640,3000592982016,0,,0,,,,,,,,0,,,,,,17012,,,,,,,,,,,,,,,,,,,,,,,,,,,,,,31,,,,,,0,,,,,,,,,,,,,,,,,,,,,,,,,,,,
2013-12-11,Z300GYKL,ST4000DM000,4000787030016,0,,116705800,,,,,,,,0,,,,,,3584,,,,,,,,,,,,,,,,,,,,,,,,,,,,,,24,,,,,,0,,,,,,,,,,,,,,,,,,,,,,,,,,,,
2013-12-11,6XW1P1VG,ST31500541AS,1500301910016,0,,94908822,,,,,,,,0,,,,,,10076,,,,,,,,,,,,,,,,,,,,,,,,,,,,,,19,,,,,,1,,,,,,,,,,,,,,,,,,,,,,,,,,,,
2013-12-11,PL1311LAG2NG0H,Hitachi HDS5C4040ALE630,4000787030016,0,,0,,,,,,,,0,,,,,,5933,,,,,,,,,,,,,,,,,,,,,,,,,,,,,,25,,,,,,0,,,,,,,,,,,,,,,,,,,,,,,,,,,,
2013-12-11,JK1101B9JP3H6F,Hitachi HDS722020ALA330,2000398934016,0,,0,,,,,,,,0,,,,,,24112,,,,,,,,,,,,,,,,,,,,,,,,,,,,,,27,,,,,,0,,,,,,,,,,,,,,,,,,,,,,,,,,,,
2013-12-11,6XW00X2R,ST31500541AS,1500301910016,0,,11616985,,,,,,,,0,,,,,,37443,,,,,,,,,,,,,,,,,,,,,,,,,,,,,,22,,,,,,0,,,,,,,,,,,,,,,,,,,,,,,,,,,,
2013-12-11,JK11A8B9GNGKWF,Hitachi HDS722020ALA330,2000398934016,0,,0,,,,,,,,3,,,,,,26480,,,,,,,,,,,,,,,,,,,,,,,,,,,,,,27,,,,,,0,,,,,,,,,,,,,,,,,,,,,,,,,,,,
2013-12-11,S1F01RLB,ST3000DM001,3000592982016,0,,144954808,,,,,,,,0,,,,,,13913,,,,,,,,,,,,,,,,,,,,,,,,,,,,,,21,,,,,,8,,,,,,,,,,,,,,,,,,,,,,,,,,,,
2013-12-11,W300H388,ST4000DM000,4000787030016,0,,43782728,,,,,,,,0,,,,,,919,,,,,,,,,,,,,,,,,,,,,,,,,,,,,,21,,,,,,0,,,,,,,,,,,,,,,,,,,,,,,,,,,,
2013-12-11,Z300MGFD,ST4000DM000,4000787030016,0,,187923688,,,,,,,,0,,,,,,2900,,,,,,,,,,,,,,,,,,,,,,,,,,,,,,23,,,,,,0,,,,,,,,,,,,,,,,,,,,,,,,,,,,
2013-12-11,S1F0T1ML,ST3000DM001,3000592982016,0,,10274504,,,,,,,,0,,,,,,10835,,,,,,,,,,,,,,,,,,,,,,,,,,,,,,33,,,,,,0,,,,,,,,,,,,,,,,,,,,,,,,,,,,
2013-12-11,MJ1311YNG32PDA,Hitachi HDS5C3030ALA630,3000592982016,0,,0,,,,,,,,0,,,,,,18065,,,,,,,,,,,,,,,,,,,,,,,,,,,,,,22,,,,,,0,,,,,,,,,,,,,,,,,,,,,,,,,,,,
2013-12-11,6XW19PKR,ST32000542AS,2000398934016,0,,93152937,,,,,,,,0,,,,,,15217,,,,,,,,,,,,,,,,,,,,,,,,,,,,,,22,,,,,,0,,,,,,,,,,,,,,,,,,,,,,,,,,,,
2013-12-11,JK1131YAJHKWLV,Hitachi HDS722020ALA330,2000398934016,0,,0,,,,,,,,0,,,,,,30255,,,,,,,,,,,,,,,,,,,,,,,,,,,,,,27,,,,,,0,,,,,,,,,,,,,,,,,,,,,,,,,,,,
2013-12-11,Z300MHFA,ST4000DM000,4000787030016,0,,72679016,,,,,,,,0,,,,,,2611,,,,,,,,,,,,,,,,,,,,,,,,,,,,,,23,,,,,,0,,,,,,,,,,,,,,,,,,,,,,,,,,,,
2013-12-11,WD-WCAU46083045,WDC WD10EADS,1000204886016,0,,0,,,,,,,,0,,,,,,41877,,,,,,,,,,,,,,,,,,,,,,,,,,,,,,23,,,,,,0,,,,,,,,,,,,,,,,,,,,,,,,,,,,
2013-12-11,PL1311LAG1831A,Hitachi HDS5C4040ALE630,4000787030016,0,,0,,,,,,,,0,,,,,,7463,,,,,,,,,,,,,,,,,,,,,,,,,,,,,,26,,,,,,0,,,,,,,,,,,,,,,,,,,,,,,,,,,,
2013-12-11,6XW05EPJ,ST31500541AS,1500301910016,0,,211640383,,,,,,,,0,,,,,,36375,,,,,,,,,,,,,,,,,,,,,,,,,,,,,,21,,,,,,0,,,,,,,,,,,,,,,,,,,,,,,,,,,,
2013-12-11,PL1311LAG3E07H,Hitachi HDS5C4040ALE630,4000787030016,0,,0,,,,,,,,0,,,,,,6639,,,,,,,,,,,,,,,,,,,,,,,,,,,,,,28,,,,,,0,,,,,,,,,,,,,,,,,,,,,,,,,,,,
2013-12-11,WD-WMAWZ0284464,WDC WD30EZRX,3000592982016,0,,0,,,,,,,,0,,,,,,12698,,,,,,,,,,,,,,,,,,,,,,,,,,,,,,21,,,,,,0,,,,,,,,,,,,,,,,,,,,,,,,,,,,
2013-12-11,JK11A8B9J7MS5F,Hitachi HDS722020ALA330,2000398934016,0,,0,,,,,,,,0,,,,,,24467,,,,,,,,,,,,,,,,,,,,,,,,,,,,,,28,,,,,,0,,,,,,,,,,,,,,,,,,,,,,,,,,,,
2013-12-11,MJ0351YNG9ZHEA,Hitachi HDS5C3030ALA630,3000592982016,0,,0,,,,,,,,0,,,,,,9773,,,,,,,,,,,,,,,,,,,,,,,,,,,,,,29,,,,,,0,,,,,,,,,,,,,,,,,,,,,,,,,,,,
2013-12-11,9VS26WGR,ST31500341AS,1500301910016,0,,31982966,,,,,,,,3,,,,,,38483,,,,,,,,,,,,,,,,,,,,,,,,,,,,,,25,,,,,,0,,,,,,,,,,,,,,,,,,,,,,,,,,,,
2013-12-11,MJ0351YNG9Z0RA,Hitachi HDS5C3030ALA630,3000592982016,0,,0,,,,,,,,0,,,,,,9974,,,,,,,,,,,,,,,,,,,,,,,,,,,,,,23,,,,,,0,,,,,,,,,,,,,,,,,,,,,,,,,,,,
2013-12-11,Z300PLAZ,ST4000DM000,4000787030016,0,,58832184,,,,,,,,0,,,,,,1229,,,,,,,,,,,,,,,,,,,,,,,,,,,,,,21,,,,,,0,,,,,,,,,,,,,,,,,,,,,,,,,,,,
2013-12-11,W1F0HRYR,ST3000DM001,3000592982016,0,,33891184,,,,,,,,0,,,,,,11021,,,,,,,,,,,,,,,,,,,,,,,,,,,,,,20,,,,,,0,,,,,,,,,,,,,,,,,,,,,,,,,,,,
2013-12-11,S1F02A27,ST3000DM001,3000592982016,0,,182441800,,,,,,,,0,,,,,,15264,,,,,,,,,,,,,,,,,,,,,,,,,,,,,,25,,,,,,0,,,,,,,,,,,,,,,,,,,,,,,,,,,,
2013-12-11,Z300PLAW,ST4000DM000,4000787030016,0,,6928552,,,,,,,,0,,,,,,1232,,,,,,,,,,,,,,,,,,,,,,,,,,,,,,21,,,,,,0,,,,,,,,,,,,,,,,,,,,,,,,,,,,
2013-12-11,W1F08X3X,ST3000DM001,3000592982016,0,,126861256,,,,,,,,0,,,,,,16200,,,,,,,,,,,,,,,,,,,,,,,,,,,,,,26,,,,,,0,,,,,,,,,,,,,,,,,,,,,,,,,,,,
2013-12-11,9XW01R0Q,ST31500541AS,1500301910016,0,,67195859,,,,,,,,0,,,,,,34324,,,,,,,,,,,,,,,,,,,,,,,,,,,,,,19,,,,,,0,,,,,,,,,,,,,,,,,,,,,,,,,,,,
2013-12-11,JK1175YAHU309X,Hitachi HDS722020ALA330,2000398934016,0,,65541,,,,,,,,0,,,,,,30501,,,,,,,,,,,,,,,,,,,,,,,,,,,,,,29,,,,,,0,,,,,,,,,,,,,,,,,,,,,,,,,,,,
2013-12-11,JK1101B9JNEL6R,Hitachi HDS722020ALA330,2000398934016,0,,0,,,,,,,,0,,,,,,22699,,,,,,,,,,,,,,,,,,,,,,,,,,,,,,31,,,,,,0,,,,,,,,,,,,,,,,,,,,,,,,,,,,
2013-12-11,W1F0HRYJ,ST3000DM001,3000592982016,0,,112305568,,,,,,,,0,,,,,,12180,,,,,,,,,,,,,,,,,,,,,,,,,,,,,,36,,,,,,0,,,,,,,,,,,,,,,,,,,,,,,,,,,,
2013-12-11,W1F06WN3,ST3000DM001,3000592982016,0,,138829480,,,,,,,,0,,,,,,10887,,,,,,,,,,,,,,,,,,,,,,,,,,,,,,24,,,,,,0,,,,,,,,,,,,,,,,,,,,,,,,,,,,
2013-12-11,PL1331LAGA4H2H,Hitachi HDS5C4040ALE630,4000787030016,0,,0,,,,,,,,0,,,,,,5074,,,,,,,,,,,,,,,,,,,,,,,,,,,,,,26,,,,,,0,,,,,,,,,,,,,,,,,,,,,,,,,,,,
2013-12-11,MJ1313YNG1ZZ0C,Hitachi HDS5C3030ALA630,3000592982016,0,,0,,,,,,,,0,,,,,,21796,,,,,,,,,,,,,,,,,,,,,,,,,,,,,,24,,,,,,0,,,,,,,,,,,,,,,,,,,,,,,,,,,,
2013-12-11,Z300PLA2,ST4000DM000,4000787030016,0,,150403160,,,,,,,,0,,,,,,1228,,,,,,,,,,,,,,,,,,,,,,,,,,,,,,19,,,,,,0,,,,,,,,,,,,,,,,,,,,,,,,,,,,
2013-12-11,Z300PLA3,ST4000DM000,4000787030016,0,,205452496,,,,,,,,0,,,,,,1445,,,,,,,,,,,,,,,,,,,,,,,,,,,,,,26,,,,,,0,,,,,,,,,,,,,,,,,,,,,,,,,,,,
2013-12-11,Z1F0QKGH,ST3000DM001,3000592982016,0,,145789216,,,,,,,,0,,,,,,9269,,,,,,,,,,,,,,,,,,,,,,,,,,,,,,23,,,,,,0,,,,,,,,,,,,,,,,,,,,,,,,,,,,
2013-12-11,MJ1311YNG358ZA,Hitachi HDS5C3030ALA630,3000592982016,0,,0,,,,,,,,0,,,,,,19253,,,,,,,,,,,,,,,,,,,,,,,,,,,,,,27,,,,,,0,,,,,,,,,,,,,,,,,,,,,,,,,,,,
2013-12-11,MJ1323YNG1SZGC,Hitachi HDS5C3030ALA630,3000592982016,0,,0,,,,,,,,0,,,,,,19731,,,,,,,,,,,,,,,,,,,,,,,,,,,,,,24,,,,,,0,,,,,,,,,,,,,,,,,,,,,,,,,,,,
2013-12-11,W300B67D,ST4000DM000,4000787030016,0,,199076952,,,,,,,,0,,,,,,3603,,,,,,,,,,,,,,,,,,,,,,,,,,,,,,23,,,,,,0,,,,,,,,,,,,,,,,,,,,,,,,,,,,
2013-12-11,JK11A8B9GPBT8F,Hitachi HDS722020ALA330,2000398934016,0,,0,,,,,,,,0,,,,,,26493,,,,,,,,,,,,,,,,,,,,,,,,,,,,,,24,,,,,,0,,,,,,,,,,,,,,,,,,,,,,,,,,,,
2013-12-11,MJ0351YNG9K88A,Hitachi HDS5C3030ALA630,3000592982016,0,,0,,,,,,,,0,,,,,,9986,,,,,,,,,,,,,,,,,,,,,,,,,,,,,,29,,,,,,0,,,,,,,,,,,,,,,,,,,,,,,,,,,,
2013-12-11,MJ1321YNG0DMHA,Hitachi HDS5C3030ALA630,3000592982016,0,,1572864,,,,,,,,0,,,,,,20480,,,,,,,,,,,,,,,,,,,,,,,,,,,,,,28,,,,,,0,,,,,,,,,,,,,,,,,,,,,,,,,,,,
2013-12-11,PL1321LAG2ZSXH,Hitachi HDS5C4040ALE630,4000787030016,0,,0,,,,,,,,0,,,,,,6652,,,,,,,,,,,,,,,,,,,,,,,,,,,,,,25,,,,,,0,,,,,,,,,,,,,,,,,,,,,,,,,,,,
2013-12-11,JK1104B8JP256W,Hitachi HDS722020ALA330,2000398934016,0,,0,,,,,,,,0,,,,,,23991,,,,,,,,,,,,,,,,,,,,,,,,,,,,,,36,,,,,,0,,,,,,,,,,,,,,,,,,,,,,,,,,,,
2013-12-11,JK1170YAJDAG7T,Hitachi HDS722020ALA330,2000398934016,0,,0,,,,,,,,0,,,,,,28684,,,,,,,,,,,,,,,,,,,,,,,,,,,,,,28,,,,,,0,,,,,,,,,,,,,,,,,,,,,,,,,,,,
2013-12-11,6XW1A7TL,ST32000542AS,2000398934016,0,,114176682,,,,,,,,0,,,,,,31470,,,,,,,,,,,,,,,,,,,,,,,,,,,,,,22,,,,,,0,,,,,,,,,,,,,,,,,,,,,,,,,,,,
2013-12-11,6XW1A7TW,ST32000542AS,2000398934016,0,,124357058,,,,,,,,0,,,,,,31705,,,,,,,,,,,,,,,,,,,,,,,,,,,,,,25,,,,,,0,,,,,,,,,,,,,,,,,,,,,,,,,,,,
2013-12-11,MJ1311YNG7KRBA,Hitachi HDS5C3030ALA630,3000592982016,0,,0,,,,,,,,3,,,,,,14291,,,,,,,,,,,,,,,,,,,,,,,,,,,,,,29,,,,,,0,,,,,,,,,,,,,,,,,,,,,,,,,,,,
2013-12-11,MJ0351YNG9ZNWA,Hitachi HDS5C3030ALA630,3000592982016,0,,0,,,,,,,,0,,,,,,10000,,,,,,,,,,,,,,,,,,,,,,,,,,,,,,34,,,,,,0,,,,,,,,,,,,,,,,,,,,,,,,,,,,
2013-12-11,6XW03YQV,ST31500541AS,1500301910016,0,,242353661,,,,,,,,0,,,,,,36069,,,,,,,,,,,,,,,,,,,,,,,,,,,,,,22,,,,,,0,,,,,,,,,,,,,,,,,,,,,,,,,,,,
2013-12-11,JK11A8B9J3B12F,Hitachi HDS722020ALA330,2000398934016,0,,0,,,,,,,,0,,,,,,23819,,,,,,,,,,,,,,,,,,,,,,,,,,,,,,28,,,,,,0,,,,,,,,,,,,,,,,,,,,,,,,,,,,
2013-12-11,MJ1323YNG1RNBC,Hitachi HDS5C3030ALA630,3000592982016,0,,0,,,,,,,,0,,,,,,19769,,,,,,,,,,,,,,,,,,,,,,,,,,,,,,25,,,,,,0,,,,,,,,,,,,,,,,,,,,,,,,,,,,
2013-12-11,PL1311LAG2HWEH,Hitachi HDS5C4040ALE630,4000787030016,0,,0,,,,,,,,0,,,,,,6071,,,,,,,,,,,,,,,,,,,,,,,,,,,,,,21,,,,,,0,,,,,,,,,,,,,,,,,,,,,,,,,,,,
2013-12-11,JK11A8B9J35Y9F,Hitachi HDS722020ALA330,2000398934016,0,,0,,,,,,,,0,,,,,,22702,,,,,,,,,,,,,,,,,,,,,,,,,,,,,,29,,,,,,0,,,,,,,,,,,,,,,,,,,,,,,,,,,,
2013-12-11,JK1101B9G4BE4T,Hitachi HDS722020ALA330,2000398934016,0,,0,,,,,,,,0,,,,,,26838,,,,,,,,,,,,,,,,,,,,,,,,,,,,,,29,,,,,,0,,,,,,,,,,,,,,,,,,,,,,,,,,,,
2013-12-11,WD-WCAU4A649106,WDC WD10EADS,1000204886016,0,,0,,,,,,,,0,,,,,,38054,,,,,,,,,,,,,,,,,,,,,,,,,,,,,,27,,,,,,0,,,,,,,,,,,,,,,,,,,,,,,,,,,,
2013-12-11,MK0313YHGGN87C,Hitachi HDS723030ALA640,3000592982016,0,,131086,,,,,,,,27,,,,,,21455,,,,,,,,,,,,,,,,,,,,,,,,,,,,,,23,,,,,,0,,,,,,,,,,,,,,,,,,,,,,,,,,,,
2013-12-11,WD-WCAU4A649102,WDC WD10EADS,1000204886016,0,,0,,,,,,,,0,,,,,,38006,,,,,,,,,,,,,,,,,,,,,,,,,,,,,,26,,,,,,0,,,,,,,,,,,,,,,,,,,,,,,,,,,,
2013-12-11,6XW05VQE,ST31500541AS,1500301910016,0,,181600564,,,,,,,,0,,,,,,36955,,,,,,,,,,,,,,,,,,,,,,,,,,,,,,22,,,,,,0,,,,,,,,,,,,,,,,,,,,,,,,,,,,
2013-12-11,MJ0351YNGA921A,Hitachi HDS5C3030ALA630,3000592982016,0,,0,,,,,,,,0,,,,,,7976,,,,,,,,,,,,,,,,,,,,,,,,,,,,,,30,,,,,,0,,,,,,,,,,,,,,,,,,,,,,,,,,,,
2013-12-11,MJ0351YNGAD7AA,Hitachi HDS5C3030ALA630,3000592982016,0,,0,,,,,,,,0,,,,,,7973,,,,,,,,,,,,,,,,,,,,,,,,,,,,,,28,,,,,,0,,,,,,,,,,,,,,,,,,,,,,,,,,,,
2013-12-11,MJ1311YNG36UEA,Hitachi HDS5C3030ALA630,3000592982016,0,,0,,,,,,,,0,,,,,,18405,,,,,,,,,,,,,,,,,,,,,,,,,,,,,,24,,,,,,0,,,,,,,,,,,,,,,,,,,,,,,,,,,,
2013-12-11,S1F0B4GW,ST3000DM001,3000592982016,0,,156884248,,,,,,,,0,,,,,,12840,,,,,,,,,,,,,,,,,,,,,,,,,,,,,,28,,,,,,0,,,,,,,,,,,,,,,,,,,,,,,,,,,,
2013-12-11,W300BRC4,ST4000DM000,4000787030016,0,,233985560,,,,,,,,0,,,,,,3586,,,,,,,,,,,,,,,,,,,,,,,,,,,,,,24,,,,,,0,,,,,,,,,,,,,,,,,,,,,,,,,,,,
2013-12-11,WD-WCAV5V407037,WDC WD10EADX,1000204886016,0,,0,,,,,,,,0,,,,,,9434,,,,,,,,,,,,,,,,,,,,,,,,,,,,,,30,,,,,,0,,,,,,,,,,,,,,,,,,,,,,,,,,,,
2013-12-11,W300BRC2,ST4000DM000,4000787030016,0,,43031664,,,,,,,,0,,,,,,4160,,,,,,,,,,,,,,,,,,,,,,,,,,,,,,25,,,,,,0,,,,,,,,,,,,,,,,,,,,,,,,,,,,
2013-12-11,MJ1311YNG3E9VA,Hitachi HDS5C3030ALA630,3000592982016,0,,0,,,,,,,,0,,,,,,19254,,,,,,,,,,,,,,,,,,,,,,,,,,,,,,24,,,,,,0,,,,,,,,,,,,,,,,,,,,,,,,,,,,
2013-12-11,JK1101B9KNKK8F,Hitachi HDS722020ALA330,2000398934016,0,,0,,,,,,,,0,,,,,,23100,,,,,,,,,,,,,,,,,,,,,,,,,,,,,,26,,,,,,0,,,,,,,,,,,,,,,,,,,,,,,,,,,,
2013-12-11,Z300JA90,ST4000DM000,4000787030016,0,,163067128,,,,,,,,0,,,,,,2217,,,,,,,,,,,,,,,,,,,,,,,,,,,,,,21,,,,,,0,,,,,,,,,,,,,,,,,,,,,,,,,,,,
2013-12-11,MJ0351YNG9WJ2A,Hitachi HDS5C3030ALA630,3000592982016,0,,0,,,,,,,,0,,,,,,9553,,,,,,,,,,,,,,,,,,,,,,,,,,,,,,28,,,,,,0,,,,,,,,,,,,,,,,,,,,,,,,,,,,
2013-12-11,W300D7TY,ST4000DM000,4000787030016,0,,7355264,,,,,,,,0,,,,,,4140,,,,,,,,,,,,,,,,,,,,,,,,,,,,,,24,,,,,,0,,,,,,,,,,,,,,,,,,,,,,,,,,,,
2013-12-11,9XW01DMH,ST31500541AS,1500301910016,0,,26686830,,,,,,,,76,,,,,,35446,,,,,,,,,,,,,,,,,,,,,,,,,,,,,,18,,,,,,0,,,,,,,,,,,,,,,,,,,,,,,,,,,,
2013-12-11,6XW224J0,ST31500541AS,1500301910016,0,,133582316,,,,,,,,0,,,,,,10228,,,,,,,,,,,,,,,,,,,,,,,,,,,,,,19,,,,,,0,,,,,,,,,,,,,,,,,,,,,,,,,,,,
2013-12-11,JK11A4YAKBRPTW,Hitachi HDS722020ALA330,2000398934016,0,,0,,,,,,,,0,,,,,,27871,,,,,,,,,,,,,,,,,,,,,,,,,,,,,,23,,,,,,0,,,,,,,,,,,,,,,,,,,,,,,,,,,,
2013-12-11,Z300PA4H,ST4000DM000,4000787030016,0,,42866424,,,,,,,,0,,,,,,1229,,,,,,,,,,,,,,,,,,,,,,,,,,,,,,21,,,,,,0,,,,,,,,,,,,,,,,,,,,,,,,,,,,
2013-12-11,MJ1311YNG25MLA,Hitachi HDS5C3030ALA630,3000592982016,0,,0,,,,,,,,0,,,,,,18363,,,,,,,,,,,,,,,,,,,,,,,,,,,,,,26,,,,,,0,,,,,,,,,,,,,,,,,,,,,,,,,,,,
2013-12-11,Z300PA4B,ST4000DM000,4000787030016,0,,103680760,,,,,,,,0,,,,,,1233,,,,,,,,,,,,,,,,,,,,,,,,,,,,,,22,,,,,,0,,,,,,,,,,,,,,,,,,,,,,,,,,,,
2013-12-11,Z300PA4E,ST4000DM000,4000787030016,0,,44134216,,,,,,,,0,,,,,,1227,,,,,,,,,,,,,,,,,,,,,,,,,,,,,,18,,,,,,0,,,,,,,,,,,,,,,,,,,,,,,,,,,,
2013-12-11,Z300KA18,ST4000DM000,4000787030016,0,,33049464,,,,,,,,0,,,,,,2257,,,,,,,,,,,,,,,,,,,,,,,,,,,,,,23,,,,,,0,,,,,,,,,,,,,,,,,,,,,,,,,,,,
2013-12-11,JK11A8B9J7W3WF,Hitachi HDS722020ALA330,2000398934016,0,,0,,,,,,,,0,,,,,,25125,,,,,,,,,,,,,,,,,,,,,,,,,,,,,,26,,,,,,0,,,,,,,,,,,,,,,,,,,,,,,,,,,,
2013-12-11,Z300KA13,ST4000DM000,4000787030016,0,,68479608,,,,,,,,0,,,,,,2243,,,,,,,,,,,,,,,,,,,,,,,,,,,,,,21,,,,,,0,,,,,,,,,,,,,,,,,,,,,,,,,,,,
2013-12-11,MJ0351YNG9ZS3A,Hitachi HDS5C3030ALA630,3000592982016,0,,0,,,,,,,,0,,,,,,8873,,,,,,,,,,,,,,,,,,,,,,,,,,,,,,26,,,,,,0,,,,,,,,,,,,,,,,,,,,,,,,,,,,
2013-12-11,Z300WDBE,ST4000DM000,4000787030016,0,,219792592,,,,,,,,0,,,,,,918,,,,,,,,,,,,,,,,,,,,,,,,,,,,,,21,,,,,,0,,,,,,,,,,,,,,,,,,,,,,,,,,,,
2013-12-11,W300BSCR,ST4000DM000,4000787030016,0,,105075184,,,,,,,,0,,,,,,4187,,,,,,,,,,,,,,,,,,,,,,,,,,,,,,31,,,,,,0,,,,,,,,,,,,,,,,,,,,,,,,,,,,
2013-12-11,S1F0DFM0,ST3000DM001,3000592982016,0,,163475120,,,,,,,,0,,,,,,4525,,,,,,,,,,,,,,,,,,,,,,,,,,,,,,24,,,,,,0,,,,,,,,,,,,,,,,,,,,,,,,,,,,
2013-12-11,Z3006C14,ST4000DM000,4000787030016,0,,183278040,,,,,,,,0,,,,,,5419,,,,,,,,,,,,,,,,,,,,,,,,,,,,,,20,,,,,,0,,,,,,,,,,,,,,,,,,,,,,,,,,,,
2013-12-11,S1F033M4,ST3000DM001,3000592982016,0,,209451920,,,,,,,,0,,,,,,16198,,,,,,,,,,,,,,,,,,,,,,,,,,,,,,24,,,,,,0,,,,,,,,,,,,,,,,,,,,,,,,,,,,
2013-12-11,MK0331YHGPUNJA,Hitachi HDS723030ALA640,3000592982016,0,,0,,,,,,,,0,,,,,,17356,,,,,,,,,,,,,,,,,,,,,,,,,,,,,,24,,,,,,0,,,,,,,,,,,,,,,,,,,,,,,,,,,,
2013-12-11,Z300GZ11,ST4000DM000,4000787030016,0,,365992,,,,,,,,0,,,,,,3588,,,,,,,,,,,,,,,,,,,,,,,,,,,,,,23,,,,,,0,,,,,,,,,,,,,,,,,,,,,,,,,,,,
2013-12-11,9VS4W5SC,ST31500341AS,1500301910016,0,,182833218,,,,,,,,4,,,,,,12102,,,,,,,,,,,,,,,,,,,,,,,,,,,,,,31,,,,,,0,,,,,,,,,,,,,,,,,,,,,,,,,,,,
2013-12-11,Z300GZ12,ST4000DM000,4000787030016,0,,40906760,,,,,,,,0,,,,,,3583,,,,,,,,,,,,,,,,,,,,,,,,,,,,,,25,,,,,,0,,,,,,,,,,,,,,,,,,,,,,,,,,,,
2013-12-11,Z300GZ1L,ST4000DM000,4000787030016,0,,170056288,,,,,,,,0,,,,,,3625,,,,,,,,,,,,,,,,,,,,,,,,,,,,,,23,,,,,,0,,,,,,,,,,,,,,,,,,,,,,,,,,,,
2013-12-11,PL2311LAG1JABC,Hitachi HDS5C4040ALE630,4000787030016,0,,0,,,,,,,,0,,,,,,7437,,,,,,,,,,,,,,,,,,,,,,,,,,,,,,25,,,,,,0,,,,,,,,,,,,,,,,,,,,,,,,,,,,
2013-12-11,Z300GZ1N,ST4000DM000,4000787030016,0,,185625912,,,,,,,,0,,,,,,3581,,,,,,,,,,,,,,,,,,,,,,,,,,,,,,26,,,,,,0,,,,,,,,,,,,,,,,,,,,,,,,,,,,
2013-12-11,Z300GZ1K,ST4000DM000,4000787030016,0,,139985912,,,,,,,,0,,,,,,3582,,,,,,,,,,,,,,,,,,,,,,,,,,,,,,21,,,,,,0,,,,,,,,,,,,,,,,,,,,,,,,,,,,
2013-12-11,Z300GZ1J,ST4000DM000,4000787030016,0,,211959808,,,,,,,,0,,,,,,3580,,,,,,,,,,,,,,,,,,,,,,,,,,,,,,23,,,,,,0,,,,,,,,,,,,,,,,,,,,,,,,,,,,
2013-12-11,Z300GZ1G,ST4000DM000,4000787030016,0,,140632536,,,,,,,,0,,,,,,3584,,,,,,,,,,,,,,,,,,,,,,,,,,,,,,26,,,,,,0,,,,,,,,,,,,,,,,,,,,,,,,,,,,
2013-12-11,Z300NE7L,ST4000DM000,4000787030016,0,,20799848,,,,,,,,0,,,,,,1233,,,,,,,,,,,,,,,,,,,,,,,,,,,,,,21,,,,,,0,,,,,,,,,,,,,,,,,,,,,,,,,,,,
2013-12-11,Z300GZ1B,ST4000DM000,4000787030016,0,,200831552,,,,,,,,0,,,,,,3586,,,,,,,,,,,,,,,,,,,,,,,,,,,,,,22,,,,,,0,,,,,,,,,,,,,,,,,,,,,,,,,,,,
2013-12-11,S1F09ZXF,ST3000DM001,3000592982016,0,,9244184,,,,,,,,504,,,,,,12368,,,,,,,,,,,,,,,,,,,,,,,,,,,,,,23,,,,,,0,,,,,,,,,,,,,,,,,,,,,,,,,,,,
2013-12-11,Z300GZ1T,ST4000DM000,4000787030016,0,,118719392,,,,,,,,0,,,,,,3580,,,,,,,,,,,,,,,,,,,,,,,,,,,,,,22,,,,,,0,,,,,,,,,,,,,,,,,,,,,,,,,,,,
2013-12-11,Z300GZ1R,ST4000DM000,4000787030016,0,,209810552,,,,,,,,0,,,,,,3584,,,,,,,,,,,,,,,,,,,,,,,,,,,,,,22,,,,,,0,,,,,,,,,,,,,,,,,,,,,,,,,,,,
2013-12-11,Z300KA1F,ST4000DM000,4000787030016,0,,83195520,,,,,,,,0,,,,,,2257,,,,,,,,,,,,,,,,,,,,,,,,,,,,,,24,,,,,,0,,,,,,,,,,,,,,,,,,,,,,,,,,,,
2013-12-11,Z300PA48,ST4000DM000,4000787030016,0,,173823040,,,,,,,,0,,,,,,1227,,,,,,,,,,,,,,,,,,,,,,,,,,,,,,19,,,,,,0,,,,,,,,,,,,,,,,,,,,,,,,,,,,
2013-12-11,JK1175YAHU2YKX,Hitachi HDS722020ALA330,2000398934016,0,,0,,,,,,,,0,,,,,,30501,,,,,,,,,,,,,,,,,,,,,,,,,,,,,,32,,,,,,0,,,,,,,,,,,,,,,,,,,,,,,,,,,,
2013-12-11,JK1101B9KHGUSF,Hitachi HDS722020ALA330,2000398934016,0,,0,,,,,,,,1,,,,,,22955,,,,,,,,,,,,,,,,,,,,,,,,,,,,,,23,,,,,,0,,,,,,,,,,,,,,,,,,,,,,,,,,,,
2013-12-11,W300D2D9,ST4000DM000,4000787030016,0,,213920184,,,,,,,,0,,,,,,4140,,,,,,,,,,,,,,,,,,,,,,,,,,,,,,25,,,,,,0,,,,,,,,,,,,,,,,,,,,,,,,,,,,
2013-12-11,JK1130YAG1B6JT,Hitachi HDS722020ALA330,2000398934016,0,,131072,,,,,,,,0,,,,,,13422,,,,,,,,,,,,,,,,,,,,,,,,,,,,,,27,,,,,,0,,,,,,,,,,,,,,,,,,,,,,,,,,,,
2013-12-11,W1F0A4MZ,ST3000DM001,3000592982016,0,,67365912,,,,,,,,0,,,,,,13796,,,,,,,,,,,,,,,,,,,,,,,,,,,,,,26,,,,,,0,,,,,,,,,,,,,,,,,,,,,,,,,,,,
2013-12-11,MJ1323YNG1SNVC,Hitachi HDS5C3030ALA630,3000592982016,0,,0,,,,,,,,0,,,,,,19748,,,,,,,,,,,,,,,,,,,,,,,,,,,,,,24,,,,,,0,,,,,,,,,,,,,,,,,,,,,,,,,,,,
2013-12-11,MJ0351YNG9W91A,Hitachi HDS5C3030ALA630,3000592982016,0,,0,,,,,,,,0,,,,,,9312,,,,,,,,,,,,,,,,,,,,,,,,,,,,,,28,,,,,,0,,,,,,,,,,,,,,,,,,,,,,,,,,,,
2013-12-11,JK11A8B9J3M6AF,Hitachi HDS722020ALA330,2000398934016,0,,0,,,,,,,,0,,,,,,23319,,,,,,,,,,,,,,,,,,,,,,,,,,,,,,25,,,,,,0,,,,,,,,,,,,,,,,,,,,,,,,,,,,
2013-12-11,MJ0351YNGA5DNA,Hitachi HDS5C3030ALA630,3000592982016,0,,0,,,,,,,,0,,,,,,9132,,,,,,,,,,,,,,,,,,,,,,,,,,,,,,25,,,,,,0,,,,,,,,,,,,,,,,,,,,,,,,,,,,
2013-12-11,S1F0S5CE,ST3000DM001,3000592982016,0,,171612864,,,,,,,,0,,,,,,10726,,,,,,,,,,,,,,,,,,,,,,,,,,,,,,22,,,,,,0,,,,,,,,,,,,,,,,,,,,,,,,,,,,
2013-12-11,Z300KHPK,ST4000DM000,4000787030016,0,,40580088,,,,,,,,0,,,,,,1115,,,,,,,,,,,,,,,,,,,,,,,,,,,,,,29,,,,,,0,,,,,,,,,,,,,,,,,,,,,,,,,,,,
2013-12-11,MJ1311YNG6VW0A,Hitachi HDS5C3030ALA630,3000592982016,0,,0,,,,,,,,0,,,,,,14596,,,,,,,,,,,,,,,,,,,,,,,,,,,,,,26,,,,,,0,,,,,,,,,,,,,,,,,,,,,,,,,,,,
2013-12-11,S1F05XJW,ST3000DM001,3000592982016,0,,112789976,,,,,,,,0,,,,,,14236,,,,,,,,,,,,,,,,,,,,,,,,,,,,,,22,,,,,,0,,,,,,,,,,,,,,,,,,,,,,,,,,,,
2013-12-11,JK1171YBK0DVWF,Hitachi HDS722020ALA330,2000398934016,0,,1,,,,,,,,0,,,,,,29018,,,,,,,,,,,,,,,,,,,,,,,,,,,,,,27,,,,,,0,,,,,,,,,,,,,,,,,,,,,,,,,,,,
2013-12-11,MJ1311YNG7JKUA,Hitachi HDS5C3030ALA630,3000592982016,0,,65536,,,,,,,,0,,,,,,14621,,,,,,,,,,,,,,,,,,,,,,,,,,,,,,21,,,,,,0,,,,,,,,,,,,,,,,,,,,,,,,,,,,
2013-12-11,W300B4ZX,ST4000DM000,4000787030016,0,,87043664,,,,,,,,0,,,,,,2224,,,,,,,,,,,,,,,,,,,,,,,,,,,,,,23,,,,,,0,,,,,,,,,,,,,,,,,,,,,,,,,,,,
2013-12-11,JK1175YAHSD21X,Hitachi HDS722020ALA330,2000398934016,0,,0,,,,,,,,0,,,,,,30500,,,,,,,,,,,,,,,,,,,,,,,,,,,,,,33,,,,,,0,,,,,,,,,,,,,,,,,,,,,,,,,,,,
2013-12-11,W300B4ZR,ST4000DM000,4000787030016,0,,200558352,,,,,,,,0,,,,,,4165,,,,,,,,,,,,,,,,,,,,,,,,,,,,,,22,,,,,,0,,,,,,,,,,,,,,,,,,,,,,,,,,,,
2013-12-11,JK11A5B8J7SLJX,Hitachi HDS722020ALA330,2000398934016,0,,0,,,,,,,,0,,,,,,22697,,,,,,,,,,,,,,,,,,,,,,,,,,,,,,27,,,,,,0,,,,,,,,,,,,,,,,,,,,,,,,,,,,
2013-12-11,W3004ZL2,ST4000DM000,4000787030016,0,,220275152,,,,,,,,0,,,,,,2880,,,,,,,,,,,,,,,,,,,,,,,,,,,,,,20,,,,,,0,,,,,,,,,,,,,,,,,,,,,,,,,,,,
2013-12-11,MJ0351YNGA56BA,Hitachi HDS5C3030ALA630,3000592982016,0,,0,,,,,,,,0,,,,,,8547,,,,,,,,,,,,,,,,,,,,,,,,,,,,,,26,,,,,,0,,,,,,,,,,,,,,,,,,,,,,,,,,,,
2013-12-11,JK11A8B9J3M34F,Hitachi HDS722020ALA330,2000398934016,0,,0,,,,,,,,0,,,,,,23543,,,,,,,,,,,,,,,,,,,,,,,,,,,,,,39,,,,,,0,,,,,,,,,,,,,,,,,,,,,,,,,,,,
2013-12-11,WD-WCAU46997952,WDC WD10EADS,1000204886016,0,,24,,,,,,,,0,,,,,,40857,,,,,,,,,,,,,,,,,,,,,,,,,,,,,,29,,,,,,0,,,,,,,,,,,,,,,,,,,,,,,,,,,,
2013-12-11,6XW0B57X,ST31500541AS,1500301910016,0,,145949383,,,,,,,,0,,,,,,31055,,,,,,,,,,,,,,,,,,,,,,,,,,,,,,19,,,,,,0,,,,,,,,,,,,,,,,,,,,,,,,,,,,
2013-12-11,MJ0351YNG9WLDA,Hitachi HDS5C3030ALA630,3000592982016,0,,0,,,,,,,,0,,,,,,9477,,,,,,,,,,,,,,,,,,,,,,,,,,,,,,28,,,,,,0,,,,,,,,,,,,,,,,,,,,,,,,,,,,
2013-12-11,S1F02CN0,ST3000DM001,3000592982016,0,,160457240,,,,,,,,0,,,,,,14728,,,,,,,,,,,,,,,,,,,,,,,,,,,,,,22,,,,,,0,,,,,,,,,,,,,,,,,,,,,,,,,,,,
2013-12-11,MJ0351YNG9WUPA,Hitachi HDS5C3030ALA630,3000592982016,0,,65536,,,,,,,,0,,,,,,9999,,,,,,,,,,,,,,,,,,,,,,,,,,,,,,35,,,,,,0,,,,,,,,,,,,,,,,,,,,,,,,,,,,
2013-12-11,W300CV9F,ST4000DM000,4000787030016,0,,6292480,,,,,,,,0,,,,,,4146,,,,,,,,,,,,,,,,,,,,,,,,,,,,,,24,,,,,,0,,,,,,,,,,,,,,,,,,,,,,,,,,,,
2013-12-11,6XW038HS,ST31500541AS,1500301910016,0,,215939214,,,,,,,,0,,,,,,36917,,,,,,,,,,,,,,,,,,,,,,,,,,,,,,18,,,,,,0,,,,,,,,,,,,,,,,,,,,,,,,,,,,
2013-12-11,JK11A4B8J3HUEW,Hitachi HDS722020ALA330,2000398934016,0,,0,,,,,,,,0,,,,,,23577,,,,,,,,,,,,,,,,,,,,,,,,,,,,,,28,,,,,,0,,,,,,,,,,,,,,,,,,,,,,,,,,,,
2013-12-11,JK11A5B8J003VX,Hitachi HDS722020ALA330,2000398934016,0,,65536,,,,,,,,0,,,,,,23821,,,,,,,,,,,,,,,,,,,,,,,,,,,,,,28,,,,,,0,,,,,,,,,,,,,,,,,,,,,,,,,,,,
2013-12-11,MJ0351YNG9P33A,Hitachi HDS5C3030ALA630,3000592982016,0,,0,,,,,,,,0,,,,,,9958,,,,,,,,,,,,,,,,,,,,,,,,,,,,,,29,,,,,,0,,,,,,,,,,,,,,,,,,,,,,,,,,,,
2013-12-11,JK11A8B9J30XMF,Hitachi HDS722020ALA330,2000398934016,0,,0,,,,,,,,0,,,,,,24433,,,,,,,,,,,,,,,,,,,,,,,,,,,,,,25,,,,,,0,,,,,,,,,,,,,,,,,,,,,,,,,,,,
2013-12-11,MJ0351YNG9W0EA,Hitachi HDS5C3030ALA630,3000592982016,0,,0,,,,,,,,0,,,,,,8618,,,,,,,,,,,,,,,,,,,,,,,,,,,,,,30,,,,,,0,,,,,,,,,,,,,,,,,,,,,,,,,,,,
2013-12-11,Z1F0BAGR,ST3000DM001,3000592982016,0,,242693312,,,,,,,,0,,,,,,9241,,,,,,,,,,,,,,,,,,,,,,,,,,,,,,26,,,,,,0,,,,,,,,,,,,,,,,,,,,,,,,,,,,
2013-12-11,MJ0351YNG9RG8A,Hitachi HDS5C3030ALA630,3000592982016,0,,0,,,,,,,,0,,,,,,9191,,,,,,,,,,,,,,,,,,,,,,,,,,,,,,27,,,,,,0,,,,,,,,,,,,,,,,,,,,,,,,,,,,
2013-12-11,JK11A8B9J7EYYF,Hitachi HDS722020ALA330,2000398934016,0,,0,,,,,,,,0,,,,,,21478,,,,,,,,,,,,,,,,,,,,,,,,,,,,,,25,,,,,,0,,,,,,,,,,,,,,,,,,,,,,,,,,,,
2013-12-11,MJ1321YNG0SA4A,Hitachi HDS5C3030ALA630,3000592982016,0,,0,,,,,,,,0,,,,,,20512,,,,,,,,,,,,,,,,,,,,,,,,,,,,,,22,,,,,,0,,,,,,,,,,,,,,,,,,,,,,,,,,,,
2013-12-11,9VS3F63J,ST31500341AS,1500301910016,0,,191409327,,,,,,,,8,,,,,,32877,,,,,,,,,,,,,,,,,,,,,,,,,,,,,,21,,,,,,0,,,,,,,,,,,,,,,,,,,,,,,,,,,,
2013-12-11,PL1311LAG3E5HH,Hitachi HDS5C4040ALE630,4000787030016,0,,0,,,,,,,,0,,,,,,5668,,,,,,,,,,,,,,,,,,,,,,,,,,,,,,21,,,,,,0,,,,,,,,,,,,,,,,,,,,,,,,,,,,
2013-12-11,MJ0351YNGABT8A,Hitachi HDS5C3030ALA630,3000592982016,0,,0,,,,,,,,0,,,,,,8547,,,,,,,,,,,,,,,,,,,,,,,,,,,,,,26,,,,,,0,,,,,,,,,,,,,,,,,,,,,,,,,,,,
2013-12-11,Z1F32EZE,ST3000DM001,3000592982016,0,,171944472,,,,,,,,0,,,,,,4876,,,,,,,,,,,,,,,,,,,,,,,,,,,,,,24,,,,,,0,,,,,,,,,,,,,,,,,,,,,,,,,,,,
2013-12-11,JK1105B8GDV3YX,Hitachi HDS722020ALA330,2000398934016,0,,0,,,,,,,,0,,,,,,27170,,,,,,,,,,,,,,,,,,,,,,,,,,,,,,25,,,,,,0,,,,,,,,,,,,,,,,,,,,,,,,,,,,
2013-12-11,MJ0351YNGA6BHA,Hitachi HDS5C3030ALA630,3000592982016,0,,0,,,,,,,,0,,,,,,8640,,,,,,,,,,,,,,,,,,,,,,,,,,,,,,27,,,,,,0,,,,,,,,,,,,,,,,,,,,,,,,,,,,
2013-12-11,W1F0TNM4,ST3000DM001,3000592982016,0,,199608736,,,,,,,,0,,,,,,10836,,,,,,,,,,,,,,,,,,,,,,,,,,,,,,24,,,,,,0,,,,,,,,,,,,,,,,,,,,,,,,,,,,
2013-12-11,6XW01ZEE,ST31500541AS,1500301910016,0,,172469501,,,,,,,,0,,,,,,34738,,,,,,,,,,,,,,,,,,,,,,,,,,,,,,20,,,,,,0,,,,,,,,,,,,,,,,,,,,,,,,,,,,
2013-12-11,JK1105B8GG464X,Hitachi HDS722020ALA330,2000398934016,0,,0,,,,,,,,0,,,,,,26766,,,,,,,,,,,,,,,,,,,,,,,,,,,,,,28,,,,,,0,,,,,,,,,,,,,,,,,,,,,,,,,,,,
2013-12-11,MJ1311YNG6V2WA,Hitachi HDS5C3030ALA630,3000592982016,0,,0,,,,,,,,0,,,,,,14310,,,,,,,,,,,,,,,,,,,,,,,,,,,,,,23,,,,,,0,,,,,,,,,,,,,,,,,,,,,,,,,,,,
2013-12-11,JK11A8B9J7G1EF,Hitachi HDS722020ALA330,2000398934016,0,,0,,,,,,,,0,,,,,,24497,,,,,,,,,,,,,,,,,,,,,,,,,,,,,,25,,,,,,0,,,,,,,,,,,,,,,,,,,,,,,,,,,,
2013-12-11,MJ1311YNG10W7A,Hitachi HDS5C3030ALA630,3000592982016,0,,0,,,,,,,,0,,,,,,20498,,,,,,,,,,,,,,,,,,,,,,,,,,,,,,30,,,,,,0,,,,,,,,,,,,,,,,,,,,,,,,,,,,
2013-12-11,Z1Z02SEZ,ST4000DX000,4000787030016,0,,161195389,,,,,,,,0,,,,,,5078,,,,,,,,,,,,,,,,,,,,,,,,,,,,,,33,,,,,,0,,,,,,,,,,,,,,,,,,,,,,,,,,,,
2013-12-11,JK1101B8JNKNZZ,Hitachi HDS722020ALA330,2000398934016,0,,0,,,,,,,,0,,,,,,23990,,,,,,,,,,,,,,,,,,,,,,,,,,,,,,23,,,,,,0,,,,,,,,,,,,,,,,,,,,,,,,,,,,
2013-12-11,PL1321LAG34EEH,Hitachi HDS5C4040ALE630,4000787030016,0,,0,,,,,,,,0,,,,,,5961,,,,,,,,,,,,,,,,,,,,,,,,,,,,,,20,,,,,,0,,,,,,,,,,,,,,,,,,,,,,,,,,,,
2013-12-11,PL1311LAG3A25H,Hitachi HDS5C4040ALE630,4000787030016,0,,0,,,,,,,,0,,,,,,5056,,,,,,,,,,,,,,,,,,,,,,,,,,,,,,31,,,,,,0,,,,,,,,,,,,,,,,,,,,,,,,,,,,
2013-12-11,MJ1321YNG1XT0A,Hitachi HDS5C3030ALA630,3000592982016,0,,0,,,,,,,,0,,,,,,19798,,,,,,,,,,,,,,,,,,,,,,,,,,,,,,28,,,,,,0,,,,,,,,,,,,,,,,,,,,,,,,,,,,
2013-12-11,9XW0BZ6V,ST32000542AS,2000398934016,0,,186873491,,,,,,,,0,,,,,,30357,,,,,,,,,,,,,,,,,,,,,,,,,,,,,,25,,,,,,0,,,,,,,,,,,,,,,,,,,,,,,,,,,,
2013-12-11,JK1105B8GGAEGX,Hitachi HDS722020ALA330,2000398934016,0,,524295,,,,,,,,104,,,,,,27214,,,,,,,,,,,,,,,,,,,,,,,,,,,,,,24,,,,,,11,,,,,,,,,,,,,,,,,,,,,,,,,,,,
2013-12-11,W30075KG,ST4000DM000,4000787030016,0,,82280120,,,,,,,,0,,,,,,4153,,,,,,,,,,,,,,,,,,,,,,,,,,,,,,21,,,,,,0,,,,,,,,,,,,,,,,,,,,,,,,,,,,
2013-12-11,9XW032ML,ST31500541AS,1500301910016,0,,134070572,,,,,,,,150,,,,,,33329,,,,,,,,,,,,,,,,,,,,,,,,,,,,,,20,,,,,,0,,,,,,,,,,,,,,,,,,,,,,,,,,,,
2013-12-11,Z290VYRV,ST33000651AS,3000592982016,0,,129382992,,,,,,,,0,,,,,,17737,,,,,,,,,,,,,,,,,,,,,,,,,,,,,,25,,,,,,0,,,,,,,,,,,,,,,,,,,,,,,,,,,,
2013-12-11,Z252A34AS,TOSHIBA DT01ACA300,3000592982016,0,,0,,,,,,,,0,,,,,,6615,,,,,,,,,,,,,,,,,,,,,,,,,,,,,,25,,,,,,0,,,,,,,,,,,,,,,,,,,,,,,,,,,,
2013-12-11,MJ0351YNG9YAPA,Hitachi HDS5C3030ALA630,3000592982016,0,,0,,,,,,,,0,,,,,,9722,,,,,,,,,,,,,,,,,,,,,,,,,,,,,,29,,,,,,0,,,,,,,,,,,,,,,,,,,,,,,,,,,,
2013-12-11,MJ0351YNG9VYTA,Hitachi HDS5C3030ALA630,3000592982016,0,,0,,,,,,,,0,,,,,,9989,,,,,,,,,,,,,,,,,,,,,,,,,,,,,,24,,,,,,0,,,,,,,,,,,,,,,,,,,,,,,,,,,,
2013-12-11,PL2311LAG1M4JC,Hitachi HDS5C4040ALE630,4000787030016,0,,0,,,,,,,,0,,,,,,7414,,,,,,,,,,,,,,,,,,,,,,,,,,,,,,21,,,,,,0,,,,,,,,,,,,,,,,,,,,,,,,,,,,
2013-12-11,MJ1311YNG36ERA,Hitachi HDS5C3030ALA630,3000592982016,0,,0,,,,,,,,0,,,,,,18940,,,,,,,,,,,,,,,,,,,,,,,,,,,,,,27,,,,,,0,,,,,,,,,,,,,,,,,,,,,,,,,,,,
2013-12-11,MJ1311YNG30H2A,Hitachi HDS5C3030ALA630,3000592982016,0,,0,,,,,,,,0,,,,,,18202,,,,,,,,,,,,,,,,,,,,,,,,,,,,,,26,,,,,,0,,,,,,,,,,,,,,,,,,,,,,,,,,,,
2013-12-11,6XW03B8Y,ST31500541AS,1500301910016,0,,215382418,,,,,,,,0,,,,,,36643,,,,,,,,,,,,,,,,,,,,,,,,,,,,,,20,,,,,,0,,,,,,,,,,,,,,,,,,,,,,,,,,,,
2013-12-11,JK1101B9JP60TU,Hitachi HDS722020ALA330,2000398934016,0,,0,,,,,,,,147,,,,,,23990,,,,,,,,,,,,,,,,,,,,,,,,,,,,,,27,,,,,,28,,,,,,,,,,,,,,,,,,,,,,,,,,,,
2013-12-11,W1F0A4PA,ST3000DM001,3000592982016,0,,177534616,,,,,,,,0,,,,,,13821,,,,,,,,,,,,,,,,,,,,,,,,,,,,,,26,,,,,,0,,,,,,,,,,,,,,,,,,,,,,,,,,,,
2013-12-11,MK0331YHGNE7DA,Hitachi HDS723030ALA640,3000592982016,0,,0,,,,,,,,0,,,,,,17763,,,,,,,,,,,,,,,,,,,,,,,,,,,,,,24,,,,,,0,,,,,,,,,,,,,,,,,,,,,,,,,,,,
2013-12-11,S1F13589,ST3000DM001,3000592982016,0,,193965264,,,,,,,,0,,,,,,8206,,,,,,,,,,,,,,,,,,,,,,,,,,,,,,26,,,,,,0,,,,,,,,,,,,,,,,,,,,,,,,,,,,
2013-12-11,W1F0W0Z3,ST3000DM001,3000592982016,0,,186644312,,,,,,,,0,,,,,,10539,,,,,,,,,,,,,,,,,,,,,,,,,,,,,,23,,,,,,0,,,,,,,,,,,,,,,,,,,,,,,,,,,,
2013-12-11,Z300XE6B,ST4000DM000,4000787030016,0,,82100976,,,,,,,,0,,,,,,948,,,,,,,,,,,,,,,,,,,,,,,,,,,,,,20,,,,,,0,,,,,,,,,,,,,,,,,,,,,,,,,,,,
2013-12-11,MJ1311YNG76M3A,Hitachi HDS5C3030ALA630,3000592982016,0,,0,,,,,,,,0,,,,,,14597,,,,,,,,,,,,,,,,,,,,,,,,,,,,,,29,,,,,,0,,,,,,,,,,,,,,,,,,,,,,,,,,,,
2013-12-11,Z300GPD8,ST4000DM000,4000787030016,0,,51376392,,,,,,,,0,,,,,,3346,,,,,,,,,,,,,,,,,,,,,,,,,,,,,,18,,,,,,0,,,,,,,,,,,,,,,,,,,,,,,,,,,,
2013-12-11,MJ0351YNGA2AAA,Hitachi HDS5C3030ALA630,3000592982016,0,,0,,,,,,,,0,,,,,,9975,,,,,,,,,,,,,,,,,,,,,,,,,,,,,,26,,,,,,0,,,,,,,,,,,,,,,,,,,,,,,,,,,,
2013-12-11,S1F047BC,ST3000DM001,3000592982016,0,,85264352,,,,,,,,0,,,,,,16197,,,,,,,,,,,,,,,,,,,,,,,,,,,,,,26,,,,,,0,,,,,,,,,,,,,,,,,,,,,,,,,,,,
2013-12-11,S1F047BB,ST3000DM001,3000592982016,0,,240724872,,,,,,,,304,,,,,,16177,,,,,,,,,,,,,,,,,,,,,,,,,,,,,,23,,,,,,16,,,,,,,,,,,,,,,,,,,,,,,,,,,,
2013-12-11,S1F047BA,ST3000DM001,3000592982016,0,,71637344,,,,,,,,0,,,,,,16149,,,,,,,,,,,,,,,,,,,,,,,,,,,,,,21,,,,,,0,,,,,,,,,,,,,,,,,,,,,,,,,,,,
2013-12-11,S1F0CTLB,ST3000DM001,3000592982016,0,,170878024,,,,,,,,0,,,,,,12362,,,,,,,,,,,,,,,,,,,,,,,,,,,,,,27,,,,,,0,,,,,,,,,,,,,,,,,,,,,,,,,,,,
2013-12-11,JK11A8B9J3AGGF,Hitachi HDS722020ALA330,2000398934016,0,,0,,,,,,,,0,,,,,,24213,,,,,,,,,,,,,,,,,,,,,,,,,,,,,,24,,,,,,0,,,,,,,,,,,,,,,,,,,,,,,,,,,,
2013-12-11,MJ0351YNG9YLMA,Hitachi HDS5C3030ALA630,3000592982016,0,,0,,,,,,,,0,,,,,,9483,,,,,,,,,,,,,,,,,,,,,,,,,,,,,,28,,,,,,0,,,,,,,,,,,,,,,,,,,,,,,,,,,,
2013-12-11,MJ1321YNG0KD7A,Hitachi HDS5C3030ALA630,3000592982016,0,,262144,,,,,,,,0,,,,,,20506,,,,,,,,,,,,,,,,,,,,,,,,,,,,,,26,,,,,,0,,,,,,,,,,,,,,,,,,,,,,,,,,,,
2013-12-11,JK11A8B9J3V48F,Hitachi HDS722020ALA330,2000398934016,0,,0,,,,,,,,0,,,,,,23486,,,,,,,,,,,,,,,,,,,,,,,,,,,,,,28,,,,,,0,,,,,,,,,,,,,,,,,,,,,,,,,,,,
2013-12-11,S1F047BQ,ST3000DM001,3000592982016,0,,145042408,,,,,,,,0,,,,,,16197,,,,,,,,,,,,,,,,,,,,,,,,,,,,,,24,,,,,,0,,,,,,,,,,,,,,,,,,,,,,,,,,,,
2013-12-11,9VS27C7J,ST31500341AS,1500301910016,0,,61122752,,,,,,,,10,,,,,,18389,,,,,,,,,,,,,,,,,,,,,,,,,,,,,,21,,,,,,0,,,,,,,,,,,,,,,,,,,,,,,,,,,,
2013-12-11,9VS1YNVS,ST31500341AS,1500301910016,0,,39375124,,,,,,,,38,,,,,,39089,,,,,,,,,,,,,,,,,,,,,,,,,,,,,,28,,,,,,0,,,,,,,,,,,,,,,,,,,,,,,,,,,,
2013-12-11,MK0333YHGBGZWC,Hitachi HDS723030ALA640,3000592982016,0,,1,,,,,,,,0,,,,,,17761,,,,,,,,,,,,,,,,,,,,,,,,,,,,,,26,,,,,,0,,,,,,,,,,,,,,,,,,,,,,,,,,,,
2013-12-11,S1F13635,ST3000DM001,3000592982016,0,,212701576,,,,,,,,0,,,,,,8129,,,,,,,,,,,,,,,,,,,,,,,,,,,,,,26,,,,,,0,,,,,,,,,,,,,,,,,,,,,,,,,,,,
2013-12-11,MK0311YHG6P7DA,Hitachi HDS723030ALA640,3000592982016,0,,0,,,,,,,,0,,,,,,16680,,,,,,,,,,,,,,,,,,,,,,,,,,,,,,29,,,,,,0,,,,,,,,,,,,,,,,,,,,,,,,,,,,
2013-12-11,JK11A8B9J99GHF,Hitachi HDS722020ALA330,2000398934016,0,,0,,,,,,,,0,,,,,,25580,,,,,,,,,,,,,,,,,,,,,,,,,,,,,,28,,,,,,0,,,,,,,,,,,,,,,,,,,,,,,,,,,,
2013-12-11,PL1321LAG347NH,Hitachi HDS5C4040ALE630,4000787030016,0,,0,,,,,,,,0,,,,,,6619,,,,,,,,,,,,,,,,,,,,,,,,,,,,,,28,,,,,,0,,,,,,,,,,,,,,,,,,,,,,,,,,,,
2013-12-11,JK11A8B9J6H1AF,Hitachi HDS722020ALA330,2000398934016,0,,0,,,,,,,,0,,,,,,22698,,,,,,,,,,,,,,,,,,,,,,,,,,,,,,26,,,,,,0,,,,,,,,,,,,,,,,,,,,,,,,,,,,
2013-12-11,MJ0351YNGA0SXA,Hitachi HDS5C3030ALA630,3000592982016,0,,0,,,,,,,,0,,,,,,8547,,,,,,,,,,,,,,,,,,,,,,,,,,,,,,26,,,,,,0,,,,,,,,,,,,,,,,,,,,,,,,,,,,
2013-12-11,MJ0351YNG9NYAA,Hitachi HDS5C3030ALA630,3000592982016,0,,0,,,,,,,,0,,,,,,9773,,,,,,,,,,,,,,,,,,,,,,,,,,,,,,27,,,,,,0,,,,,,,,,,,,,,,,,,,,,,,,,,,,
2013-12-11,JK11A8B9J3UTXF,Hitachi HDS722020ALA330,2000398934016,0,,2,,,,,,,,0,,,,,,23106,,,,,,,,,,,,,,,,,,,,,,,,,,,,,,26,,,,,,0,,,,,,,,,,,,,,,,,,,,,,,,,,,,
2013-12-11,JK1101B9GD6WMF,Hitachi HDS722020ALA330,2000398934016,0,,0,,,,,,,,0,,,,,,27487,,,,,,,,,,,,,,,,,,,,,,,,,,,,,,27,,,,,,0,,,,,,,,,,,,,,,,,,,,,,,,,,,,
2013-12-11,S1F1358N,ST3000DM001,3000592982016,0,,159806296,,,,,,,,0,,,,,,8127,,,,,,,,,,,,,,,,,,,,,,,,,,,,,,27,,,,,,0,,,,,,,,,,,,,,,,,,,,,,,,,,,,
2013-12-11,W1F0W0ZC,ST3000DM001,3000592982016,0,,153041696,,,,,,,,0,,,,,,10772,,,,,,,,,,,,,,,,,,,,,,,,,,,,,,21,,,,,,0,,,,,,,,,,,,,,,,,,,,,,,,,,,,
2013-12-11,MK0313YHGBB8TC,Hitachi HDS723030ALA640,3000592982016,0,,1,,,,,,,,0,,,,,,21462,,,,,,,,,,,,,,,,,,,,,,,,,,,,,,33,,,,,,0,,,,,,,,,,,,,,,,,,,,,,,,,,,,
2013-12-11,MK0311YHGJD50A,Hitachi HDS723030ALA640,3000592982016,0,,0,,,,,,,,0,,,,,,21460,,,,,,,,,,,,,,,,,,,,,,,,,,,,,,22,,,,,,0,,,,,,,,,,,,,,,,,,,,,,,,,,,,
2013-12-11,MJ1311YNG3DLLA,Hitachi HDS5C3030ALA630,3000592982016,0,,0,,,,,,,,0,,,,,,18939,,,,,,,,,,,,,,,,,,,,,,,,,,,,,,28,,,,,,0,,,,,,,,,,,,,,,,,,,,,,,,,,,,
2013-12-11,MJ1323YNG1N1UC,Hitachi HDS5C3030ALA630,3000592982016,0,,0,,,,,,,,0,,,,,,19763,,,,,,,,,,,,,,,,,,,,,,,,,,,,,,29,,,,,,0,,,,,,,,,,,,,,,,,,,,,,,,,,,,
2013-12-11,MJ1311YNG7KRYA,Hitachi HDS5C3030ALA630,3000592982016,0,,0,,,,,,,,0,,,,,,14681,,,,,,,,,,,,,,,,,,,,,,,,,,,,,,29,,,,,,0,,,,,,,,,,,,,,,,,,,,,,,,,,,,
2013-12-11,JK1101B9JN9WAU,Hitachi HDS722020ALA330,2000398934016,0,,0,,,,,,,,0,,,,,,24112,,,,,,,,,,,,,,,,,,,,,,,,,,,,,,26,,,,,,0,,,,,,,,,,,,,,,,,,,,,,,,,,,,
2013-12-11,6XW00Z2E,ST31500541AS,1500301910016,0,,169772124,,,,,,,,0,,,,,,36940,,,,,,,,,,,,,,,,,,,,,,,,,,,,,,21,,,,,,0,,,,,,,,,,,,,,,,,,,,,,,,,,,,
2013-12-11,S1F0H6G4,ST3000DM001,3000592982016,0,,148564464,,,,,,,,0,,,,,,11024,,,,,,,,,,,,,,,,,,,,,,,,,,,,,,30,,,,,,0,,,,,,,,,,,,,,,,,,,,,,,,,,,,
2013-12-11,9VS2BWZS,ST31500341AS,1500301910016,0,,160966379,,,,,,,,14,,,,,,35518,,,,,,,,,,,,,,,,,,,,,,,,,,,,,,27,,,,,,13,,,,,,,,,,,,,,,,,,,,,,,,,,,,
2013-12-11,6XW00Z2L,ST31500541AS,1500301910016,0,,2362835,,,,,,,,0,,,,,,36643,,,,,,,,,,,,,,,,,,,,,,,,,,,,,,22,,,,,,0,,,,,,,,,,,,,,,,,,,,,,,,,,,,
2013-12-11,S1F016Z9,ST3000DM001,3000592982016,0,,141966760,,,,,,,,8416,,,,,,15401,,,,,,,,,,,,,,,,,,,,,,,,,,,,,,22,,,,,,0,,,,,,,,,,,,,,,,,,,,,,,,,,,,
2013-12-11,S1F02R4X,ST3000DM001,3000592982016,0,,130906376,,,,,,,,0,,,,,,13910,,,,,,,,,,,,,,,,,,,,,,,,,,,,,,25,,,,,,0,,,,,,,,,,,,,,,,,,,,,,,,,,,,
2013-12-11,JK1131YAHG66KV,Hitachi HDS722020ALA330,2000398934016,0,,0,,,,,,,,0,,,,,,19803,,,,,,,,,,,,,,,,,,,,,,,,,,,,,,24,,,,,,0,,,,,,,,,,,,,,,,,,,,,,,,,,,,
2013-12-11,MJ1311YNG3EXWA,Hitachi HDS5C3030ALA630,3000592982016,0,,0,,,,,,,,0,,,,,,19324,,,,,,,,,,,,,,,,,,,,,,,,,,,,,,28,,,,,,0,,,,,,,,,,,,,,,,,,,,,,,,,,,,
2013-12-11,6XW05VJG,ST31500541AS,1500301910016,0,,221994395,,,,,,,,935,,,,,,36959,,,,,,,,,,,,,,,,,,,,,,,,,,,,,,22,,,,,,0,,,,,,,,,,,,,,,,,,,,,,,,,,,,
2013-12-11,W1F09XPJ,ST3000DM001,3000592982016,0,,89669024,,,,,,,,0,,,,,,13912,,,,,,,,,,,,,,,,,,,,,,,,,,,,,,24,,,,,,0,,,,,,,,,,,,,,,,,,,,,,,,,,,,
2013-12-11,6XW057AT,ST31500541AS,1500301910016,0,,95042552,,,,,,,,0,,,,,,36402,,,,,,,,,,,,,,,,,,,,,,,,,,,,,,20,,,,,,0,,,,,,,,,,,,,,,,,,,,,,,,,,,,
2013-12-11,Z300NEXX,ST4000DM000,4000787030016,0,,7552360,,,,,,,,0,,,,,,1233,,,,,,,,,,,,,,,,,,,,,,,,,,,,,,22,,,,,,0,,,,,,,,,,,,,,,,,,,,,,,,,,,,
2013-12-11,W1F09M0L,ST3000DM001,3000592982016,0,,149392272,,,,,,,,0,,,,,,13794,,,,,,,,,,,,,,,,,,,,,,,,,,,,,,27,,,,,,0,,,,,,,,,,,,,,,,,,,,,,,,,,,,
2013-12-11,MJ0351YNG9ZPWA,Hitachi HDS5C3030ALA630,3000592982016,0,,0,,,,,,,,0,,,,,,9939,,,,,,,,,,,,,,,,,,,,,,,,,,,,,,22,,,,,,0,,,,,,,,,,,,,,,,,,,,,,,,,,,,
2013-12-11,PL1311LAG3DR4H,Hitachi HDS5C4040ALE630,4000787030016,0,,0,,,,,,,,0,,,,,,6993,,,,,,,,,,,,,,,,,,,,,,,,,,,,,,23,,,,,,0,,,,,,,,,,,,,,,,,,,,,,,,,,,,
2013-12-11,Z300NEXH,ST4000DM000,4000787030016,0,,230674224,,,,,,,,0,,,,,,2902,,,,,,,,,,,,,,,,,,,,,,,,,,,,,,28,,,,,,0,,,,,,,,,,,,,,,,,,,,,,,,,,,,
2013-12-11,MJ1311YNG599PA,Hitachi HDS5C3030ALA630,3000592982016,0,,0,,,,,,,,0,,,,,,14597,,,,,,,,,,,,,,,,,,,,,,,,,,,,,,31,,,,,,0,,,,,,,,,,,,,,,,,,,,,,,,,,,,
2013-12-11,MK0301YHGDNGSA,Hitachi HDS723030ALA640,3000592982016,0,,0,,,,,,,,0,,,,,,17035,,,,,,,,,,,,,,,,,,,,,,,,,,,,,,30,,,,,,0,,,,,,,,,,,,,,,,,,,,,,,,,,,,
2013-12-11,JK1101B9GB2NXF,Hitachi HDS722020ALA330,2000398934016,0,,0,,,,,,,,0,,,,,,27734,,,,,,,,,,,,,,,,,,,,,,,,,,,,,,23,,,,,,0,,,,,,,,,,,,,,,,,,,,,,,,,,,,
2013-12-11,MJ1311YNG3GM9A,Hitachi HDS5C3030ALA630,3000592982016,0,,0,,,,,,,,0,,,,,,19621,,,,,,,,,,,,,,,,,,,,,,,,,,,,,,24,,,,,,0,,,,,,,,,,,,,,,,,,,,,,,,,,,,
2013-12-11,W300BB9P,ST4000DM000,4000787030016,0,,145508456,,,,,,,,0,,,,,,2222,,,,,,,,,,,,,,,,,,,,,,,,,,,,,,25,,,,,,0,,,,,,,,,,,,,,,,,,,,,,,,,,,,
2013-12-11,PL1311LAG2B16H,Hitachi HDS5C4040ALE630,4000787030016,0,,0,,,,,,,,0,,,,,,7385,,,,,,,,,,,,,,,,,,,,,,,,,,,,,,27,,,,,,0,,,,,,,,,,,,,,,,,,,,,,,,,,,,
2013-12-11,MJ1311YNG3GMSA,Hitachi HDS5C3030ALA630,3000592982016,0,,0,,,,,,,,0,,,,,,18201,,,,,,,,,,,,,,,,,,,,,,,,,,,,,,29,,,,,,0,,,,,,,,,,,,,,,,,,,,,,,,,,,,
2013-12-11,JK11A8B9J3MD3F,Hitachi HDS722020ALA330,2000398934016,0,,0,,,,,,,,0,,,,,,23822,,,,,,,,,,,,,,,,,,,,,,,,,,,,,,26,,,,,,0,,,,,,,,,,,,,,,,,,,,,,,,,,,,
2013-12-11,JK11A8B9GPGJ5F,Hitachi HDS722020ALA330,2000398934016,0,,0,,,,,,,,0,,,,,,26480,,,,,,,,,,,,,,,,,,,,,,,,,,,,,,27,,,,,,0,,,,,,,,,,,,,,,,,,,,,,,,,,,,
2013-12-11,W1F0JG86,ST3000DM001,3000592982016,0,,194422480,,,,,,,,0,,,,,,10807,,,,,,,,,,,,,,,,,,,,,,,,,,,,,,26,,,,,,0,,,,,,,,,,,,,,,,,,,,,,,,,,,,
2013-12-11,W300CGGR,ST4000DM000,4000787030016,0,,143349768,,,,,,,,0,,,,,,4140,,,,,,,,,,,,,,,,,,,,,,,,,,,,,,22,,,,,,0,,,,,,,,,,,,,,,,,,,,,,,,,,,,
2013-12-11,MJ1311YNG1AUYA,Hitachi HDS5C3030ALA630,3000592982016,0,,0,,,,,,,,0,,,,,,20498,,,,,,,,,,,,,,,,,,,,,,,,,,,,,,32,,,,,,0,,,,,,,,,,,,,,,,,,,,,,,,,,,,
2013-12-11,6XW046WR,ST31500541AS,1500301910016,0,,132457274,,,,,,,,0,,,,,,36420,,,,,,,,,,,,,,,,,,,,,,,,,,,,,,21,,,,,,0,,,,,,,,,,,,,,,,,,,,,,,,,,,,
2013-12-11,JK1105B8GG4KZX,Hitachi HDS722020ALA330,2000398934016,0,,65537,,,,,,,,0,,,,,,27169,,,,,,,,,,,,,,,,,,,,,,,,,,,,,,28,,,,,,0,,,,,,,,,,,,,,,,,,,,,,,,,,,,
2013-12-11,JK1130YAHD8DPT,Hitachi HDS722020ALA330,2000398934016,0,,131084,,,,,,,,0,,,,,,30171,,,,,,,,,,,,,,,,,,,,,,,,,,,,,,28,,,,,,0,,,,,,,,,,,,,,,,,,,,,,,,,,,,
2013-12-11,W300CGGG,ST4000DM000,4000787030016,0,,172137144,,,,,,,,0,,,,,,4353,,,,,,,,,,,,,,,,,,,,,,,,,,,,,,26,,,,,,0,,,,,,,,,,,,,,,,,,,,,,,,,,,,
2013-12-11,W1F0B2D7,ST3000DM001,3000592982016,0,,227064648,,,,,,,,0,,,,,,13358,,,,,,,,,,,,,,,,,,,,,,,,,,,,,,23,,,,,,0,,,,,,,,,,,,,,,,,,,,,,,,,,,,
2013-12-11,MK0301YHGNSV8D,Hitachi HDS723030ALA640,3000592982016,0,,0,,,,,,,,1,,,,,,18088,,,,,,,,,,,,,,,,,,,,,,,,,,,,,,32,,,,,,0,,,,,,,,,,,,,,,,,,,,,,,,,,,,
2013-12-11,PL1311LAG1808A,Hitachi HDS5C4040ALE630,4000787030016,0,,0,,,,,,,,0,,,,,,3629,,,,,,,,,,,,,,,,,,,,,,,,,,,,,,28,,,,,,0,,,,,,,,,,,,,,,,,,,,,,,,,,,,
2013-12-11,MJ1311YNG359LA,Hitachi HDS5C3030ALA630,3000592982016,0,,0,,,,,,,,0,,,,,,18948,,,,,,,,,,,,,,,,,,,,,,,,,,,,,,24,,,,,,0,,,,,,,,,,,,,,,,,,,,,,,,,,,,
2013-12-11,S1F06X2Y,ST3000DM001,3000592982016,0,,102330912,,,,,,,,0,,,,,,13878,,,,,,,,,,,,,,,,,,,,,,,,,,,,,,22,,,,,,0,,,,,,,,,,,,,,,,,,,,,,,,,,,,
2013-12-11,PL2311LAG1P3RC,Hitachi HDS5C4040ALE630,4000787030016,0,,0,,,,,,,,0,,,,,,7414,,,,,,,,,,,,,,,,,,,,,,,,,,,,,,21,,,,,,0,,,,,,,,,,,,,,,,,,,,,,,,,,,,
2013-12-11,JK11A4B8JR549W,Hitachi HDS722020ALA330,2000398934016,0,,1,,,,,,,,4,,,,,,23823,,,,,,,,,,,,,,,,,,,,,,,,,,,,,,24,,,,,,0,,,,,,,,,,,,,,,,,,,,,,,,,,,,
2013-12-11,JK11A8B9J7NZJF,Hitachi HDS722020ALA330,2000398934016,0,,10879095,,,,,,,,0,,,,,,25580,,,,,,,,,,,,,,,,,,,,,,,,,,,,,,26,,,,,,0,,,,,,,,,,,,,,,,,,,,,,,,,,,,
2013-12-11,WD-WMC4N1050442,WDC WD30EFRX,3000592982016,0,,0,,,,,,,,0,,,,,,154,,,,,,,,,,,,,,,,,,,,,,,,,,,,,,29,,,,,,0,,,,,,,,,,,,,,,,,,,,,,,,,,,,
2013-12-11,JK1101B9KNP1SF,Hitachi HDS722020ALA330,2000398934016,0,,0,,,,,,,,9,,,,,,23125,,,,,,,,,,,,,,,,,,,,,,,,,,,,,,35,,,,,,0,,,,,,,,,,,,,,,,,,,,,,,,,,,,
2013-12-11,JK1101B9JP7J0R,Hitachi HDS722020ALA330,2000398934016,0,,0,,,,,,,,0,,,,,,23991,,,,,,,,,,,,,,,,,,,,,,,,,,,,,,34,,,,,,0,,,,,,,,,,,,,,,,,,,,,,,,,,,,
2013-12-11,Z300P87J,ST4000DM000,4000787030016,0,,241129912,,,,,,,,0,,,,,,1231,,,,,,,,,,,,,,,,,,,,,,,,,,,,,,20,,,,,,0,,,,,,,,,,,,,,,,,,,,,,,,,,,,
2013-12-11,S1F0QZXV,ST3000DM001,3000592982016,0,,53066192,,,,,,,,0,,,,,,11640,,,,,,,,,,,,,,,,,,,,,,,,,,,,,,27,,,,,,0,,,,,,,,,,,,,,,,,,,,,,,,,,,,
2013-12-11,JK1101B9J3L75F,Hitachi HDS722020ALA330,2000398934016,0,,0,,,,,,,,0,,,,,,23108,,,,,,,,,,,,,,,,,,,,,,,,,,,,,,25,,,,,,0,,,,,,,,,,,,,,,,,,,,,,,,,,,,
2013-12-11,MK0331YHGL2PYA,Hitachi HDS723030ALA640,3000592982016,0,,0,,,,,,,,0,,,,,,15700,,,,,,,,,,,,,,,,,,,,,,,,,,,,,,28,,,,,,0,,,,,,,,,,,,,,,,,,,,,,,,,,,,
2013-12-11,9VS3HQLE,ST31500341AS,1500301910016,0,,100199840,,,,,,,,5,,,,,,32908,,,,,,,,,,,,,,,,,,,,,,,,,,,,,,22,,,,,,0,,,,,,,,,,,,,,,,,,,,,,,,,,,,
2013-12-11,JK1170B9JJVGZD,Hitachi HDS722020ALA330,2000398934016,0,,0,,,,,,,,0,,,,,,22686,,,,,,,,,,,,,,,,,,,,,,,,,,,,,,24,,,,,,0,,,,,,,,,,,,,,,,,,,,,,,,,,,,
2013-12-11,JK1104B8GE7BVW,Hitachi HDS722020ALA330,2000398934016,0,,0,,,,,,,,14,,,,,,27487,,,,,,,,,,,,,,,,,,,,,,,,,,,,,,27,,,,,,0,,,,,,,,,,,,,,,,,,,,,,,,,,,,
2013-12-11,W300L044,ST4000DM000,4000787030016,0,,146097536,,,,,,,,0,,,,,,919,,,,,,,,,,,,,,,,,,,,,,,,,,,,,,22,,,,,,0,,,,,,,,,,,,,,,,,,,,,,,,,,,,
2013-12-11,W1F09PXR,ST3000DM001,3000592982016,0,,84895552,,,,,,,,0,,,,,,13371,,,,,,,,,,,,,,,,,,,,,,,,,,,,,,19,,,,,,8,,,,,,,,,,,,,,,,,,,,,,,,,,,,
2013-12-11,MJ0351YNG9XPUA,Hitachi HDS5C3030ALA630,3000592982016,0,,0,,,,,,,,0,,,,,,9191,,,,,,,,,,,,,,,,,,,,,,,,,,,,,,30,,,,,,0,,,,,,,,,,,,,,,,,,,,,,,,,,,,
2013-12-11,5XW031SZ,ST31500541AS,1500301910016,0,,176513990,,,,,,,,0,,,,,,36432,,,,,,,,,,,,,,,,,,,,,,,,,,,,,,17,,,,,,0,,,,,,,,,,,,,,,,,,,,,,,,,,,,
2013-12-11,JK1101B9GN66MF,Hitachi HDS722020ALA330,2000398934016,0,,393218,,,,,,,,0,,,,,,26480,,,,,,,,,,,,,,,,,,,,,,,,,,,,,,25,,,,,,0,,,,,,,,,,,,,,,,,,,,,,,,,,,,
2013-12-11,JK1171YAK218HN,Hitachi HDS722020ALA330,2000398934016,0,,1,,,,,,,,0,,,,,,29668,,,,,,,,,,,,,,,,,,,,,,,,,,,,,,27,,,,,,0,,,,,,,,,,,,,,,,,,,,,,,,,,,,
2013-12-11,JK11A5B8J36DHX,Hitachi HDS722020ALA330,2000398934016,0,,2,,,,,,,,0,,,,,,23820,,,,,,,,,,,,,,,,,,,,,,,,,,,,,,25,,,,,,0,,,,,,,,,,,,,,,,,,,,,,,,,,,,
2013-12-11,S1F0R025,ST3000DM001,3000592982016,0,,36116272,,,,,,,,0,,,,,,11688,,,,,,,,,,,,,,,,,,,,,,,,,,,,,,23,,,,,,8,,,,,,,,,,,,,,,,,,,,,,,,,,,,
2013-12-11,Z300KHMR,ST4000DM000,4000787030016,0,,175751464,,,,,,,,0,,,,,,1225,,,,,,,,,,,,,,,,,,,,,,,,,,,,,,24,,,,,,0,,,,,,,,,,,,,,,,,,,,,,,,,,,,
2013-12-11,JK11A8B9J76ZKF,Hitachi HDS722020ALA330,2000398934016,0,,0,,,,,,,,0,,,,,,22687,,,,,,,,,,,,,,,,,,,,,,,,,,,,,,25,,,,,,0,,,,,,,,,,,,,,,,,,,,,,,,,,,,
2013-12-11,W300L04V,ST4000DM000,4000787030016,0,,63553304,,,,,,,,0,,,,,,772,,,,,,,,,,,,,,,,,,,,,,,,,,,,,,22,,,,,,0,,,,,,,,,,,,,,,,,,,,,,,,,,,,
2013-12-11,MJ0351YNG9ZVEA,Hitachi HDS5C3030ALA630,3000592982016,0,,0,,,,,,,,0,,,,,,8619,,,,,,,,,,,,,,,,,,,,,,,,,,,,,,30,,,,,,0,,,,,,,,,,,,,,,,,,,,,,,,,,,,
2013-12-11,MK0311YHGEJNJA,Hitachi HDS723030ALA640,3000592982016,0,,0,,,,,,,,0,,,,,,16078,,,,,,,,,,,,,,,,,,,,,,,,,,,,,,31,,,,,,0,,,,,,,,,,,,,,,,,,,,,,,,,,,,
2013-12-11,Z300NCNR,ST4000DM000,4000787030016,0,,51918048,,,,,,,,0,,,,,,1228,,,,,,,,,,,,,,,,,,,,,,,,,,,,,,18,,,,,,0,,,,,,,,,,,,,,,,,,,,,,,,,,,,
2013-12-11,MJ0351YNG9TS1A,Hitachi HDS5C3030ALA630,3000592982016,0,,0,,,,,,,,0,,,,,,8883,,,,,,,,,,,,,,,,,,,,,,,,,,,,,,31,,,,,,0,,,,,,,,,,,,,,,,,,,,,,,,,,,,
2013-12-11,W300L04J,ST4000DM000,4000787030016,0,,137177864,,,,,,,,0,,,,,,957,,,,,,,,,,,,,,,,,,,,,,,,,,,,,,21,,,,,,0,,,,,,,,,,,,,,,,,,,,,,,,,,,,
2013-12-11,MJ0351YNG9ST6A,Hitachi HDS5C3030ALA630,3000592982016,0,,0,,,,,,,,0,,,,,,9191,,,,,,,,,,,,,,,,,,,,,,,,,,,,,,30,,,,,,0,,,,,,,,,,,,,,,,,,,,,,,,,,,,
2013-12-11,9XW0305L,ST31500541AS,1500301910016,0,,19627384,,,,,,,,777,,,,,,33301,,,,,,,,,,,,,,,,,,,,,,,,,,,,,,21,,,,,,0,,,,,,,,,,,,,,,,,,,,,,,,,,,,
2013-12-11,6XW01R6N,ST31500541AS,1500301910016,0,,142997789,,,,,,,,0,,,,,,35948,,,,,,,,,,,,,,,,,,,,,,,,,,,,,,21,,,,,,0,,,,,,,,,,,,,,,,,,,,,,,,,,,,
2013-12-11,PL2311LAG1P0PC,Hitachi HDS5C4040ALE630,4000787030016,0,,0,,,,,,,,0,,,,,,7461,,,,,,,,,,,,,,,,,,,,,,,,,,,,,,25,,,,,,0,,,,,,,,,,,,,,,,,,,,,,,,,,,,
2013-12-11,9XK04JWX,ST33000651AS,3000592982016,0,,240586969,,,,,,,,22,,,,,,16714,,,,,,,,,,,,,,,,,,,,,,,,,,,,,,28,,,,,,0,,,,,,,,,,,,,,,,,,,,,,,,,,,,
2013-12-11,Z300W5Y1,ST4000DM000,4000787030016,0,,242793568,,,,,,,,0,,,,,,919,,,,,,,,,,,,,,,,,,,,,,,,,,,,,,22,,,,,,0,,,,,,,,,,,,,,,,,,,,,,,,,,,,
2013-12-11,MK0331YHGS90MA,Hitachi HDS723030ALA640,3000592982016,0,,0,,,,,,,,0,,,,,,17033,,,,,,,,,,,,,,,,,,,,,,,,,,,,,,30,,,,,,0,,,,,,,,,,,,,,,,,,,,,,,,,,,,
2013-12-11,WD-WMC1T1611317,WDC WD30EFRX,3000592982016,0,,0,,,,,,,,0,,,,,,7709,,,,,,,,,,,,,,,,,,,,,,,,,,,,,,26,,,,,,0,,,,,,,,,,,,,,,,,,,,,,,,,,,,
2013-12-11,WD-WMC1T1611319,WDC WD30EFRX,3000592982016,0,,0,,,,,,,,0,,,,,,7390,,,,,,,,,,,,,,,,,,,,,,,,,,,,,,25,,,,,,0,,,,,,,,,,,,,,,,,,,,,,,,,,,,
2013-12-11,Z1Z03YKP,ST4000DX000,4000787030016,0,,183916764,,,,,,,,0,,,,,,5078,,,,,,,,,,,,,,,,,,,,,,,,,,,,,,29,,,,,,0,,,,,,,,,,,,,,,,,,,,,,,,,,,,
2013-12-11,W1F0JB0Y,ST3000DM001,3000592982016,0,,233325776,,,,,,,,0,,,,,,12171,,,,,,,,,,,,,,,,,,,,,,,,,,,,,,24,,,,,,0,,,,,,,,,,,,,,,,,,,,,,,,,,,,
2013-12-11,MJ0351YNG9YDJA,Hitachi HDS5C3030ALA630,3000592982016,0,,0,,,,,,,,0,,,,,,9271,,,,,,,,,,,,,,,,,,,,,,,,,,,,,,27,,,,,,0,,,,,,,,,,,,,,,,,,,,,,,,,,,,
2013-12-11,9XW01SRG,ST31500541AS,1500301910016,0,,44889180,,,,,,,,0,,,,,,35758,,,,,,,,,,,,,,,,,,,,,,,,,,,,,,22,,,,,,0,,,,,,,,,,,,,,,,,,,,,,,,,,,,
2013-12-11,Z1F0L5KJ,ST3000DM001,3000592982016,0,,172238488,,,,,,,,0,,,,,,12180,,,,,,,,,,,,,,,,,,,,,,,,,,,,,,34,,,,,,0,,,,,,,,,,,,,,,,,,,,,,,,,,,,
2013-12-11,WD-WCAU45384260,WDC WD10EADS,1000204886016,0,,2,,,,,,,,0,,,,,,41240,,,,,,,,,,,,,,,,,,,,,,,,,,,,,,22,,,,,,0,,,,,,,,,,,,,,,,,,,,,,,,,,,,
2013-12-11,MJ1311YNG7D67A,Hitachi HDS5C3030ALA630,3000592982016,0,,0,,,,,,,,0,,,,,,14624,,,,,,,,,,,,,,,,,,,,,,,,,,,,,,25,,,,,,0,,,,,,,,,,,,,,,,,,,,,,,,,,,,
2013-12-11,Z1F0L5KS,ST3000DM001,3000592982016,0,,194119576,,,,,,,,0,,,,,,12181,,,,,,,,,,,,,,,,,,,,,,,,,,,,,,30,,,,,,0,,,,,,,,,,,,,,,,,,,,,,,,,,,,
2013-12-11,WD-WMC1T1854617,WDC WD30EFRX,3000592982016,0,,0,,,,,,,,0,,,,,,7392,,,,,,,,,,,,,,,,,,,,,,,,,,,,,,25,,,,,,0,,,,,,,,,,,,,,,,,,,,,,,,,,,,
2013-12-11,W300BN6M,ST4000DM000,4000787030016,0,,121901832,,,,,,,,0,,,,,,3586,,,,,,,,,,,,,,,,,,,,,,,,,,,,,,22,,,,,,0,,,,,,,,,,,,,,,,,,,,,,,,,,,,
2013-12-11,MJ0351YNGA5ZEA,Hitachi HDS5C3030ALA630,3000592982016,0,,0,,,,,,,,0,,,,,,7938,,,,,,,,,,,,,,,,,,,,,,,,,,,,,,23,,,,,,0,,,,,,,,,,,,,,,,,,,,,,,,,,,,
2013-12-11,JK11A8YBKZ03DF,Hitachi HDS722020ALA330,2000398934016,0,,0,,,,,,,,0,,,,,,27845,,,,,,,,,,,,,,,,,,,,,,,,,,,,,,27,,,,,,0,,,,,,,,,,,,,,,,,,,,,,,,,,,,
2013-12-11,6XW03FVZ,ST31500541AS,1500301910016,0,,39024513,,,,,,,,0,,,,,,35439,,,,,,,,,,,,,,,,,,,,,,,,,,,,,,21,,,,,,0,,,,,,,,,,,,,,,,,,,,,,,,,,,,
2013-12-11,MK0301YHGGM42A,Hitachi HDS723030ALA640,3000592982016,0,,0,,,,,,,,0,,,,,,16682,,,,,,,,,,,,,,,,,,,,,,,,,,,,,,29,,,,,,0,,,,,,,,,,,,,,,,,,,,,,,,,,,,
2013-12-11,MJ1311YNG3AN2A,Hitachi HDS5C3030ALA630,3000592982016,0,,0,,,,,,,,0,,,,,,18928,,,,,,,,,,,,,,,,,,,,,,,,,,,,,,29,,,,,,0,,,,,,,,,,,,,,,,,,,,,,,,,,,,
2013-12-11,MK0311YHGKPSUA,Hitachi HDS723030ALA640,3000592982016,0,,892,,,,,,,,0,,,,,,21462,,,,,,,,,,,,,,,,,,,,,,,,,,,,,,33,,,,,,0,,,,,,,,,,,,,,,,,,,,,,,,,,,,
2013-12-11,W1F0QQ23,ST3000DM001,3000592982016,0,,194670632,,,,,,,,0,,,,,,12617,,,,,,,,,,,,,,,,,,,,,,,,,,,,,,21,,,,,,0,,,,,,,,,,,,,,,,,,,,,,,,,,,,
2013-12-11,6XW02ALP,ST31500541AS,1500301910016,0,,243504621,,,,,,,,0,,,,,,36915,,,,,,,,,,,,,,,,,,,,,,,,,,,,,,19,,,,,,0,,,,,,,,,,,,,,,,,,,,,,,,,,,,
2013-12-11,W1F0QQ2F,ST3000DM001,3000592982016,0,,79282848,,,,,,,,0,,,,,,12617,,,,,,,,,,,,,,,,,,,,,,,,,,,,,,25,,,,,,8,,,,,,,,,,,,,,,,,,,,,,,,,,,,
2013-12-11,JK1101B9GEJGGF,Hitachi HDS722020ALA330,2000398934016,0,,0,,,,,,,,0,,,,,,26927,,,,,,,,,,,,,,,,,,,,,,,,,,,,,,25,,,,,,0,,,,,,,,,,,,,,,,,,,,,,,,,,,,
2013-12-11,W300BN68,ST4000DM000,4000787030016,0,,111153592,,,,,,,,0,,,,,,4160,,,,,,,,,,,,,,,,,,,,,,,,,,,,,,23,,,,,,0,,,,,,,,,,,,,,,,,,,,,,,,,,,,
2013-12-11,S1F06M6F,ST3000DM001,3000592982016,0,,144341800,,,,,,,,0,,,,,,14213,,,,,,,,,,,,,,,,,,,,,,,,,,,,,,20,,,,,,8,,,,,,,,,,,,,,,,,,,,,,,,,,,,
2013-12-11,W1F08Z6W,ST3000DM001,3000592982016,0,,173507760,,,,,,,,0,,,,,,14733,,,,,,,,,,,,,,,,,,,,,,,,,,,,,,27,,,,,,0,,,,,,,,,,,,,,,,,,,,,,,,,,,,
2013-12-11,Z300KGM4,ST4000DM000,4000787030016,0,,170934312,,,,,,,,0,,,,,,152,,,,,,,,,,,,,,,,,,,,,,,,,,,,,,22,,,,,,0,,,,,,,,,,,,,,,,,,,,,,,,,,,,
2013-12-11,Z300JCMJ,ST4000DM000,4000787030016,0,,190488424,,,,,,,,0,,,,,,2874,,,,,,,,,,,,,,,,,,,,,,,,,,,,,,20,,,,,,0,,,,,,,,,,,,,,,,,,,,,,,,,,,,
2013-12-11,JK1101B8KNHM0S,Hitachi HDS722020ALA330,2000398934016,0,,1,,,,,,,,0,,,,,,23100,,,,,,,,,,,,,,,,,,,,,,,,,,,,,,27,,,,,,0,,,,,,,,,,,,,,,,,,,,,,,,,,,,
2013-12-11,JK11A8B9J3H8VF,Hitachi HDS722020ALA330,2000398934016,0,,0,,,,,,,,0,,,,,,23125,,,,,,,,,,,,,,,,,,,,,,,,,,,,,,31,,,,,,0,,,,,,,,,,,,,,,,,,,,,,,,,,,,
2013-12-11,PL1321LAG2872H,Hitachi HDS5C4040ALE630,4000787030016,0,,0,,,,,,,,0,,,,,,5961,,,,,,,,,,,,,,,,,,,,,,,,,,,,,,20,,,,,,0,,,,,,,,,,,,,,,,,,,,,,,,,,,,
2013-12-11,JK1101B9GE4U0F,Hitachi HDS722020ALA330,2000398934016,0,,65536,,,,,,,,0,,,,,,27487,,,,,,,,,,,,,,,,,,,,,,,,,,,,,,26,,,,,,0,,,,,,,,,,,,,,,,,,,,,,,,,,,,
2013-12-11,MJ1311YNG7AL8A,Hitachi HDS5C3030ALA630,3000592982016,0,,0,,,,,,,,0,,,,,,14290,,,,,,,,,,,,,,,,,,,,,,,,,,,,,,31,,,,,,0,,,,,,,,,,,,,,,,,,,,,,,,,,,,
2013-12-11,MJ0351YNGA6BSA,Hitachi HDS5C3030ALA630,3000592982016,0,,0,,,,,,,,0,,,,,,8545,,,,,,,,,,,,,,,,,,,,,,,,,,,,,,28,,,,,,0,,,,,,,,,,,,,,,,,,,,,,,,,,,,
2013-12-11,Z1F0L5K0,ST3000DM001,3000592982016,0,,107241560,,,,,,,,0,,,,,,12248,,,,,,,,,,,,,,,,,,,,,,,,,,,,,,28,,,,,,0,,,,,,,,,,,,,,,,,,,,,,,,,,,,
2013-12-11,9XW01SR6,ST31500541AS,1500301910016,0,,179098276,,,,,,,,0,,,,,,35446,,,,,,,,,,,,,,,,,,,,,,,,,,,,,,16,,,,,,0,,,,,,,,,,,,,,,,,,,,,,,,,,,,
2013-12-11,JK11A8B9J24P4F,Hitachi HDS722020ALA330,2000398934016,0,,0,,,,,,,,0,,,,,,23543,,,,,,,,,,,,,,,,,,,,,,,,,,,,,,36,,,,,,0,,,,,,,,,,,,,,,,,,,,,,,,,,,,
2013-12-11,JK1101B9JNS1BU,Hitachi HDS722020ALA330,2000398934016,0,,0,,,,,,,,0,,,,,,24099,,,,,,,,,,,,,,,,,,,,,,,,,,,,,,27,,,,,,0,,,,,,,,,,,,,,,,,,,,,,,,,,,,
2013-12-11,JK11A8B9J73NRF,Hitachi HDS722020ALA330,2000398934016,0,,131072,,,,,,,,5,,,,,,25541,,,,,,,,,,,,,,,,,,,,,,,,,,,,,,24,,,,,,0,,,,,,,,,,,,,,,,,,,,,,,,,,,,
2013-12-11,JK1105B8GAPVXX,Hitachi HDS722020ALA330,2000398934016,0,,1,,,,,,,,0,,,,,,27222,,,,,,,,,,,,,,,,,,,,,,,,,,,,,,29,,,,,,0,,,,,,,,,,,,,,,,,,,,,,,,,,,,
2013-12-11,WD-WMAWZ0313551,WDC WD30EZRX,3000592982016,0,,0,,,,,,,,0,,,,,,12705,,,,,,,,,,,,,,,,,,,,,,,,,,,,,,24,,,,,,0,,,,,,,,,,,,,,,,,,,,,,,,,,,,
2013-12-11,9XK0PTP0,ST33000651AS,3000592982016,0,,77091130,,,,,,,,0,,,,,,17740,,,,,,,,,,,,,,,,,,,,,,,,,,,,,,24,,,,,,0,,,,,,,,,,,,,,,,,,,,,,,,,,,,
2013-12-11,MJ1321YNG144BA,Hitachi HDS5C3030ALA630,3000592982016,0,,0,,,,,,,,0,,,,,,19373,,,,,,,,,,,,,,,,,,,,,,,,,,,,,,27,,,,,,0,,,,,,,,,,,,,,,,,,,,,,,,,,,,
2013-12-11,W3006146,ST4000DM000,4000787030016,0,,73651672,,,,,,,,0,,,,,,2889,,,,,,,,,,,,,,,,,,,,,,,,,,,,,,26,,,,,,0,,,,,,,,,,,,,,,,,,,,,,,,,,,,
2013-12-11,PL1311LAG2DWZH,Hitachi HDS5C4040ALE630,4000787030016,0,,0,,,,,,,,0,,,,,,6650,,,,,,,,,,,,,,,,,,,,,,,,,,,,,,20,,,,,,0,,,,,,,,,,,,,,,,,,,,,,,,,,,,
2013-12-11,PL1311LAG1AJTA,Hitachi HDS5C4040ALE630,4000787030016,0,,0,,,,,,,,0,,,,,,7415,,,,,,,,,,,,,,,,,,,,,,,,,,,,,,22,,,,,,0,,,,,,,,,,,,,,,,,,,,,,,,,,,,
2013-12-11,MJ0351YNGAAJDA,Hitachi HDS5C3030ALA630,3000592982016,0,,0,,,,,,,,0,,,,,,8615,,,,,,,,,,,,,,,,,,,,,,,,,,,,,,32,,,,,,0,,,,,,,,,,,,,,,,,,,,,,,,,,,,
2013-12-11,JK11A1YAJGTB0V,Hitachi HDS722020ALA330,2000398934016,0,,1,,,,,,,,0,,,,,,28914,,,,,,,,,,,,,,,,,,,,,,,,,,,,,,25,,,,,,0,,,,,,,,,,,,,,,,,,,,,,,,,,,,
2013-12-11,9XW09KAD,ST32000542AS,2000398934016,0,,43701388,,,,,,,,22,,,,,,30820,,,,,,,,,,,,,,,,,,,,,,,,,,,,,,25,,,,,,0,,,,,,,,,,,,,,,,,,,,,,,,,,,,
2013-12-11,S1F031H8,ST3000DM001,3000592982016,0,,39240512,,,,,,,,1992,,,,,,15192,,,,,,,,,,,,,,,,,,,,,,,,,,,,,,24,,,,,,16,,,,,,,,,,,,,,,,,,,,,,,,,,,,
2013-12-11,W300BH8A,ST4000DM000,4000787030016,0,,106494664,,,,,,,,0,,,,,,4189,,,,,,,,,,,,,,,,,,,,,,,,,,,,,,24,,,,,,0,,,,,,,,,,,,,,,,,,,,,,,,,,,,
2013-12-11,Z300XFPX,ST4000DM000,4000787030016,0,,224608736,,,,,,,,0,,,,,,815,,,,,,,,,,,,,,,,,,,,,,,,,,,,,,21,,,,,,0,,,,,,,,,,,,,,,,,,,,,,,,,,,,
2013-12-11,W300BH8D,ST4000DM000,4000787030016,0,,162296752,,,,,,,,0,,,,,,3611,,,,,,,,,,,,,,,,,,,,,,,,,,,,,,20,,,,,,0,,,,,,,,,,,,,,,,,,,,,,,,,,,,
2013-12-11,S1F031HV,ST3000DM001,3000592982016,0,,190152832,,,,,,,,0,,,,,,15190,,,,,,,,,,,,,,,,,,,,,,,,,,,,,,24,,,,,,0,,,,,,,,,,,,,,,,,,,,,,,,,,,,
2013-12-11,MJ0351YNGA0PEA,Hitachi HDS5C3030ALA630,3000592982016,0,,0,,,,,,,,0,,,,,,8497,,,,,,,,,,,,,,,,,,,,,,,,,,,,,,26,,,,,,0,,,,,,,,,,,,,,,,,,,,,,,,,,,,
2013-12-11,MJ1323YNG18ARC,Hitachi HDS5C3030ALA630,3000592982016,0,,0,,,,,,,,0,,,,,,20509,,,,,,,,,,,,,,,,,,,,,,,,,,,,,,24,,,,,,0,,,,,,,,,,,,,,,,,,,,,,,,,,,,
2013-12-11,PL1321LAG361UH,Hitachi HDS5C4040ALE630,4000787030016,0,,0,,,,,,,,0,,,,,,5058,,,,,,,,,,,,,,,,,,,,,,,,,,,,,,30,,,,,,0,,,,,,,,,,,,,,,,,,,,,,,,,,,,
2013-12-11,9XK0QQVG,ST33000651AS,3000592982016,0,,58882303,,,,,,,,0,,,,,,15916,,,,,,,,,,,,,,,,,,,,,,,,,,,,,,28,,,,,,0,,,,,,,,,,,,,,,,,,,,,,,,,,,,
2013-12-11,Z300PBZD,ST4000DM000,4000787030016,0,,66491640,,,,,,,,0,,,,,,1093,,,,,,,,,,,,,,,,,,,,,,,,,,,,,,24,,,,,,0,,,,,,,,,,,,,,,,,,,,,,,,,,,,
2013-12-11,JK1105B8J19EWX,Hitachi HDS722020ALA330,2000398934016,0,,131074,,,,,,,,0,,,,,,22695,,,,,,,,,,,,,,,,,,,,,,,,,,,,,,27,,,,,,0,,,,,,,,,,,,,,,,,,,,,,,,,,,,
2013-12-11,JK11A8B9J8H9RF,Hitachi HDS722020ALA330,2000398934016,0,,0,,,,,,,,0,,,,,,25539,,,,,,,,,,,,,,,,,,,,,,,,,,,,,,25,,,,,,0,,,,,,,,,,,,,,,,,,,,,,,,,,,,
2013-12-11,6XW01SVC,ST31500541AS,1500301910016,0,,221194241,,,,,,,,0,,,,,,37061,,,,,,,,,,,,,,,,,,,,,,,,,,,,,,19,,,,,,0,,,,,,,,,,,,,,,,,,,,,,,,,,,,
2013-12-11,JK11A1YAJH55ZV,Hitachi HDS722020ALA330,2000398934016,0,,65536,,,,,,,,0,,,,,,28851,,,,,,,,,,,,,,,,,,,,,,,,,,,,,,31,,,,,,0,,,,,,,,,,,,,,,,,,,,,,,,,,,,
2013-12-11,S1F02QSD,ST3000DM001,3000592982016,0,,241777720,,,,,,,,0,,,,,,15224,,,,,,,,,,,,,,,,,,,,,,,,,,,,,,23,,,,,,0,,,,,,,,,,,,,,,,,,,,,,,,,,,,
2013-12-11,JK1101B9J30YKF,Hitachi HDS722020ALA330,2000398934016,0,,0,,,,,,,,0,,,,,,23823,,,,,,,,,,,,,,,,,,,,,,,,,,,,,,23,,,,,,0,,,,,,,,,,,,,,,,,,,,,,,,,,,,
2013-12-11,W1F1BFSY,ST3000DM001,3000592982016,0,,161942376,,,,,,,,56,,,,,,8174,,,,,,,,,,,,,,,,,,,,,,,,,,,,,,23,,,,,,16,,,,,,,,,,,,,,,,,,,,,,,,,,,,
2013-12-11,Z1F06LPJ,ST3000DM001,3000592982016,0,,98154048,,,,,,,,0,,,,,,15917,,,,,,,,,,,,,,,,,,,,,,,,,,,,,,28,,,,,,0,,,,,,,,,,,,,,,,,,,,,,,,,,,,
2013-12-11,MK0301YHGHUHDA,Hitachi HDS723030ALA640,3000592982016,0,,21,,,,,,,,0,,,,,,21460,,,,,,,,,,,,,,,,,,,,,,,,,,,,,,27,,,,,,0,,,,,,,,,,,,,,,,,,,,,,,,,,,,
2013-12-11,MJ1311YNG2S88A,Hitachi HDS5C3030ALA630,3000592982016,0,,0,,,,,,,,0,,,,,,19323,,,,,,,,,,,,,,,,,,,,,,,,,,,,,,27,,,,,,0,,,,,,,,,,,,,,,,,,,,,,,,,,,,
2013-12-11,JK11A5B8J7SMXX,Hitachi HDS722020ALA330,2000398934016,0,,65537,,,,,,,,1,,,,,,22698,,,,,,,,,,,,,,,,,,,,,,,,,,,,,,24,,,,,,0,,,,,,,,,,,,,,,,,,,,,,,,,,,,
2013-12-11,S1F04TTY,ST3000DM001,3000592982016,0,,214401448,,,,,,,,0,,,,,,12878,,,,,,,,,,,,,,,,,,,,,,,,,,,,,,24,,,,,,0,,,,,,,,,,,,,,,,,,,,,,,,,,,,
2013-12-11,W300KQDN,ST4000DM000,4000787030016,0,,62926408,,,,,,,,0,,,,,,815,,,,,,,,,,,,,,,,,,,,,,,,,,,,,,21,,,,,,0,,,,,,,,,,,,,,,,,,,,,,,,,,,,
2013-12-11,PL1321LAG36K3H,Hitachi HDS5C4040ALE630,4000787030016,0,,0,,,,,,,,0,,,,,,5948,,,,,,,,,,,,,,,,,,,,,,,,,,,,,,23,,,,,,0,,,,,,,,,,,,,,,,,,,,,,,,,,,,
2013-12-11,MK0301YHGLWXKA,Hitachi HDS723030ALA640,3000592982016,0,,1,,,,,,,,0,,,,,,17012,,,,,,,,,,,,,,,,,,,,,,,,,,,,,,28,,,,,,0,,,,,,,,,,,,,,,,,,,,,,,,,,,,
2013-12-11,W3004X3A,ST4000DM000,4000787030016,0,,162507216,,,,,,,,0,,,,,,2873,,,,,,,,,,,,,,,,,,,,,,,,,,,,,,21,,,,,,0,,,,,,,,,,,,,,,,,,,,,,,,,,,,
2013-12-11,JK1101B9GEG03F,Hitachi HDS722020ALA330,2000398934016,0,,0,,,,,,,,0,,,,,,27160,,,,,,,,,,,,,,,,,,,,,,,,,,,,,,25,,,,,,0,,,,,,,,,,,,,,,,,,,,,,,,,,,,
2013-12-11,MK0311YHG4YKJA,Hitachi HDS723030ALA640,3000592982016,0,,99,,,,,,,,0,,,,,,21457,,,,,,,,,,,,,,,,,,,,,,,,,,,,,,27,,,,,,0,,,,,,,,,,,,,,,,,,,,,,,,,,,,
2013-12-11,S1F0W22E,ST3000DM001,3000592982016,0,,38354008,,,,,,,,0,,,,,,3991,,,,,,,,,,,,,,,,,,,,,,,,,,,,,,22,,,,,,0,,,,,,,,,,,,,,,,,,,,,,,,,,,,
2013-12-11,W1F0VZNK,ST3000DM001,3000592982016,0,,42306816,,,,,,,,0,,,,,,10721,,,,,,,,,,,,,,,,,,,,,,,,,,,,,,24,,,,,,0,,,,,,,,,,,,,,,,,,,,,,,,,,,,
2013-12-11,MJ0351YNG9W4KA,Hitachi HDS5C3030ALA630,3000592982016,0,,0,,,,,,,,0,,,,,,9986,,,,,,,,,,,,,,,,,,,,,,,,,,,,,,29,,,,,,0,,,,,,,,,,,,,,,,,,,,,,,,,,,,
2013-12-11,W1F0A2QF,ST3000DM001,3000592982016,0,,172008624,,,,,,,,0,,,,,,13838,,,,,,,,,,,,,,,,,,,,,,,,,,,,,,24,,,,,,0,,,,,,,,,,,,,,,,,,,,,,,,,,,,
2013-12-11,MJ0351YNG9VR9A,Hitachi HDS5C3030ALA630,3000592982016,0,,0,,,,,,,,0,,,,,,9914,,,,,,,,,,,,,,,,,,,,,,,,,,,,,,33,,,,,,0,,,,,,,,,,,,,,,,,,,,,,,,,,,,
2013-12-11,JK1130YAHRVKYT,Hitachi HDS722020ALA330,2000398934016,0,,196613,,,,,,,,0,,,,,,30171,,,,,,,,,,,,,,,,,,,,,,,,,,,,,,31,,,,,,0,,,,,,,,,,,,,,,,,,,,,,,,,,,,
2013-12-11,PL1321LAGAB8JH,Hitachi HDS5C4040ALE630,4000787030016,0,,0,,,,,,,,0,,,,,,5074,,,,,,,,,,,,,,,,,,,,,,,,,,,,,,25,,,,,,0,,,,,,,,,,,,,,,,,,,,,,,,,,,,
2013-12-11,MJ1323YNG1J2MC,Hitachi HDS5C3030ALA630,3000592982016,0,,0,,,,,,,,0,,,,,,19764,,,,,,,,,,,,,,,,,,,,,,,,,,,,,,29,,,,,,0,,,,,,,,,,,,,,,,,,,,,,,,,,,,
2013-12-11,W300KFD9,ST4000DM000,4000787030016,0,,12361312,,,,,,,,0,,,,,,772,,,,,,,,,,,,,,,,,,,,,,,,,,,,,,23,,,,,,0,,,,,,,,,,,,,,,,,,,,,,,,,,,,
2013-12-11,PL1311LAG3B9NH,Hitachi HDS5C4040ALE630,4000787030016,0,,0,,,,,,,,0,,,,,,5304,,,,,,,,,,,,,,,,,,,,,,,,,,,,,,24,,,,,,0,,,,,,,,,,,,,,,,,,,,,,,,,,,,
2013-12-11,JK11A8B9J23EAF,Hitachi HDS722020ALA330,2000398934016,0,,0,,,,,,,,0,,,,,,24432,,,,,,,,,,,,,,,,,,,,,,,,,,,,,,23,,,,,,0,,,,,,,,,,,,,,,,,,,,,,,,,,,,
2013-12-11,MJ1321YNG0W6XA,Hitachi HDS5C3030ALA630,3000592982016,0,,0,,,,,,,,0,,,,,,20067,,,,,,,,,,,,,,,,,,,,,,,,,,,,,,25,,,,,,0,,,,,,,,,,,,,,,,,,,,,,,,,,,,
2013-12-11,W1F0266Z,ST3000DM001,3000592982016,0,,224745592,,,,,,,,0,,,,,,12608,,,,,,,,,,,,,,,,,,,,,,,,,,,,,,25,,,,,,0,,,,,,,,,,,,,,,,,,,,,,,,,,,,
2013-12-11,PL1321LAGAXRKH,Hitachi HDS5C4040ALE630,4000787030016,0,,0,,,,,,,,0,,,,,,5075,,,,,,,,,,,,,,,,,,,,,,,,,,,,,,27,,,,,,0,,,,,,,,,,,,,,,,,,,,,,,,,,,,
2013-12-11,JK1104B8GZST5W,Hitachi HDS722020ALA330,2000398934016,0,,0,,,,,,,,0,,,,,,26901,,,,,,,,,,,,,,,,,,,,,,,,,,,,,,23,,,,,,0,,,,,,,,,,,,,,,,,,,,,,,,,,,,
2013-12-11,MJ0351YNGA02NA,Hitachi HDS5C3030ALA630,3000592982016,0,,0,,,,,,,,0,,,,,,9271,,,,,,,,,,,,,,,,,,,,,,,,,,,,,,28,,,,,,0,,,,,,,,,,,,,,,,,,,,,,,,,,,,
2013-12-11,S1F053KA,ST3000DM001,3000592982016,0,,105308432,,,,,,,,0,,,,,,13865,,,,,,,,,,,,,,,,,,,,,,,,,,,,,,25,,,,,,0,,,,,,,,,,,,,,,,,,,,,,,,,,,,
2013-12-11,6XW04QTF,ST31500541AS,1500301910016,0,,13529165,,,,,,,,0,,,,,,32640,,,,,,,,,,,,,,,,,,,,,,,,,,,,,,20,,,,,,0,,,,,,,,,,,,,,,,,,,,,,,,,,,,
2013-12-11,JK11A8B9J3VZ7F,Hitachi HDS722020ALA330,2000398934016,0,,0,,,,,,,,0,,,,,,23488,,,,,,,,,,,,,,,,,,,,,,,,,,,,,,28,,,,,,0,,,,,,,,,,,,,,,,,,,,,,,,,,,,
2013-12-11,W300FG6K,ST4000DM000,4000787030016,0,,79931776,,,,,,,,0,,,,,,2240,,,,,,,,,,,,,,,,,,,,,,,,,,,,,,20,,,,,,0,,,,,,,,,,,,,,,,,,,,,,,,,,,,
2013-12-11,6XW0VNWF,ST31500541AS,1500301910016,0,,21712965,,,,,,,,0,,,,,,33854,,,,,,,,,,,,,,,,,,,,,,,,,,,,,,18,,,,,,0,,,,,,,,,,,,,,,,,,,,,,,,,,,,
2013-12-11,Z300CX1G,ST4000DM000,4000787030016,0,,190503552,,,,,,,,0,,,,,,2243,,,,,,,,,,,,,,,,,,,,,,,,,,,,,,20,,,,,,0,,,,,,,,,,,,,,,,,,,,,,,,,,,,
2013-12-11,Z290V9Y2,ST33000651AS,3000592982016,0,,198787426,,,,,,,,0,,,,,,15885,,,,,,,,,,,,,,,,,,,,,,,,,,,,,,27,,,,,,0,,,,,,,,,,,,,,,,,,,,,,,,,,,,
2013-12-11,MJ0351YNGABYZA,Hitachi HDS5C3030ALA630,3000592982016,0,,0,,,,,,,,0,,,,,,7985,,,,,,,,,,,,,,,,,,,,,,,,,,,,,,29,,,,,,0,,,,,,,,,,,,,,,,,,,,,,,,,,,,
2013-12-11,MJ1323YNG1U44C,Hitachi HDS5C3030ALA630,3000592982016,0,,5832806,,,,,,,,0,,,,,,19629,,,,,,,,,,,,,,,,,,,,,,,,,,,,,,24,,,,,,22,,,,,,,,,,,,,,,,,,,,,,,,,,,,
2013-12-11,9XW01YPH,ST31500541AS,1500301910016,0,,226278380,,,,,,,,0,,,,,,35043,,,,,,,,,,,,,,,,,,,,,,,,,,,,,,16,,,,,,0,,,,,,,,,,,,,,,,,,,,,,,,,,,,
2013-12-11,PL1311LAG21N3A,Hitachi HDS5C4040ALE630,4000787030016,0,,0,,,,,,,,0,,,,,,7414,,,,,,,,,,,,,,,,,,,,,,,,,,,,,,21,,,,,,0,,,,,,,,,,,,,,,,,,,,,,,,,,,,
2013-12-11,JK11A8B9J4SUYF,Hitachi HDS722020ALA330,2000398934016,0,,0,,,,,,,,0,,,,,,25583,,,,,,,,,,,,,,,,,,,,,,,,,,,,,,28,,,,,,0,,,,,,,,,,,,,,,,,,,,,,,,,,,,
2013-12-11,JK1171YBK1BMNF,Hitachi HDS722020ALA330,2000398934016,0,,0,,,,,,,,0,,,,,,29018,,,,,,,,,,,,,,,,,,,,,,,,,,,,,,28,,,,,,0,,,,,,,,,,,,,,,,,,,,,,,,,,,,
2013-12-11,PL1311LAG23HSA,Hitachi HDS5C4040ALE630,4000787030016,0,,0,,,,,,,,0,,,,,,7462,,,,,,,,,,,,,,,,,,,,,,,,,,,,,,23,,,,,,0,,,,,,,,,,,,,,,,,,,,,,,,,,,,
2013-12-11,JK1171YAK1Y50N,Hitachi HDS722020ALA330,2000398934016,0,,0,,,,,,,,0,,,,,,29210,,,,,,,,,,,,,,,,,,,,,,,,,,,,,,31,,,,,,0,,,,,,,,,,,,,,,,,,,,,,,,,,,,
2013-12-11,MJ0351YNG9XPZA,Hitachi HDS5C3030ALA630,3000592982016,0,,0,,,,,,,,0,,,,,,9191,,,,,,,,,,,,,,,,,,,,,,,,,,,,,,28,,,,,,0,,,,,,,,,,,,,,,,,,,,,,,,,,,,
2013-12-11,6XW00AHS,ST31500541AS,1500301910016,0,,242952452,,,,,,,,0,,,,,,35778,,,,,,,,,,,,,,,,,,,,,,,,,,,,,,22,,,,,,0,,,,,,,,,,,,,,,,,,,,,,,,,,,,
2013-12-11,Z300CX14,ST4000DM000,4000787030016,0,,183503344,,,,,,,,0,,,,,,2219,,,,,,,,,,,,,,,,,,,,,,,,,,,,,,23,,,,,,0,,,,,,,,,,,,,,,,,,,,,,,,,,,,
2013-12-11,WD-WCAV5K245831,WDC WD10EADS,1000204886016,0,,0,,,,,,,,0,,,,,,5159,,,,,,,,,,,,,,,,,,,,,,,,,,,,,,30,,,,,,0,,,,,,,,,,,,,,,,,,,,,,,,,,,,
2013-12-11,Z1F056BH,ST3000DM001,3000592982016,0,,161159800,,,,,,,,0,,,,,,17062,,,,,,,,,,,,,,,,,,,,,,,,,,,,,,29,,,,,,0,,,,,,,,,,,,,,,,,,,,,,,,,,,,
2013-12-11,Z300CX18,ST4000DM000,4000787030016,0,,71008256,,,,,,,,0,,,,,,2225,,,,,,,,,,,,,,,,,,,,,,,,,,,,,,22,,,,,,0,,,,,,,,,,,,,,,,,,,,,,,,,,,,
2013-12-11,6XW18FJY,ST32000542AS,2000398934016,0,,157409720,,,,,,,,0,,,,,,13014,,,,,,,,,,,,,,,,,,,,,,,,,,,,,,23,,,,,,0,,,,,,,,,,,,,,,,,,,,,,,,,,,,
2013-12-11,PL1321LAG34LAH,Hitachi HDS5C4040ALE630,4000787030016,0,,0,,,,,,,,0,,,,,,6650,,,,,,,,,,,,,,,,,,,,,,,,,,,,,,25,,,,,,0,,,,,,,,,,,,,,,,,,,,,,,,,,,,
2013-12-11,W1F0A5EF,ST3000DM001,3000592982016,0,,71021096,,,,,,,,0,,,,,,13342,,,,,,,,,,,,,,,,,,,,,,,,,,,,,,30,,,,,,0,,,,,,,,,,,,,,,,,,,,,,,,,,,,
2013-12-11,W1F0T36Z,ST3000DM001,3000592982016,0,,189698864,,,,,,,,0,,,,,,11045,,,,,,,,,,,,,,,,,,,,,,,,,,,,,,24,,,,,,0,,,,,,,,,,,,,,,,,,,,,,,,,,,,
2013-12-11,PL2311LAG1MM5C,Hitachi HDS5C4040ALE630,4000787030016,0,,0,,,,,,,,0,,,,,,7461,,,,,,,,,,,,,,,,,,,,,,,,,,,,,,26,,,,,,0,,,,,,,,,,,,,,,,,,,,,,,,,,,,
2013-12-11,JK1161YAGS4BXV,Hitachi HDS722020ALA330,2000398934016,0,,0,,,,,,,,0,,,,,,20259,,,,,,,,,,,,,,,,,,,,,,,,,,,,,,29,,,,,,0,,,,,,,,,,,,,,,,,,,,,,,,,,,,
2013-12-11,MJ0351YNGA27SA,Hitachi HDS5C3030ALA630,3000592982016,0,,0,,,,,,,,0,,,,,,9941,,,,,,,,,,,,,,,,,,,,,,,,,,,,,,26,,,,,,0,,,,,,,,,,,,,,,,,,,,,,,,,,,,
2013-12-11,PL1321LAGAXKHH,Hitachi HDS5C4040ALE630,4000787030016,0,,0,,,,,,,,0,,,,,,5052,,,,,,,,,,,,,,,,,,,,,,,,,,,,,,28,,,,,,0,,,,,,,,,,,,,,,,,,,,,,,,,,,,
2013-12-11,Z300GQ7M,ST4000DM000,4000787030016,0,,75145416,,,,,,,,0,,,,,,3581,,,,,,,,,,,,,,,,,,,,,,,,,,,,,,23,,,,,,0,,,,,,,,,,,,,,,,,,,,,,,,,,,,
2013-12-11,Z300GQ7F,ST4000DM000,4000787030016,0,,80781064,,,,,,,,0,,,,,,3345,,,,,,,,,,,,,,,,,,,,,,,,,,,,,,22,,,,,,0,,,,,,,,,,,,,,,,,,,,,,,,,,,,
2013-12-11,Z300GQ7B,ST4000DM000,4000787030016,0,,200016360,,,,,,,,0,,,,,,3588,,,,,,,,,,,,,,,,,,,,,,,,,,,,,,22,,,,,,0,,,,,,,,,,,,,,,,,,,,,,,,,,,,
2013-12-11,PL1311LAG2AZ1H,Hitachi HDS5C4040ALE630,4000787030016,0,,0,,,,,,,,0,,,,,,7411,,,,,,,,,,,,,,,,,,,,,,,,,,,,,,22,,,,,,0,,,,,,,,,,,,,,,,,,,,,,,,,,,,
2013-12-11,Z300GQ7X,ST4000DM000,4000787030016,0,,190738696,,,,,,,,0,,,,,,3580,,,,,,,,,,,,,,,,,,,,,,,,,,,,,,23,,,,,,0,,,,,,,,,,,,,,,,,,,,,,,,,,,,
2013-12-11,Z300GQ7Z,ST4000DM000,4000787030016,0,,136771544,,,,,,,,0,,,,,,3652,,,,,,,,,,,,,,,,,,,,,,,,,,,,,,26,,,,,,0,,,,,,,,,,,,,,,,,,,,,,,,,,,,
2013-12-11,JK1171B9HKUZ3T,Hitachi HDS722020ALA330,2000398934016,0,,0,,,,,,,,6,,,,,,25667,,,,,,,,,,,,,,,,,,,,,,,,,,,,,,24,,,,,,1,,,,,,,,,,,,,,,,,,,,,,,,,,,,
2013-12-11,Z300GQ7V,ST4000DM000,4000787030016,0,,116728024,,,,,,,,0,,,,,,3582,,,,,,,,,,,,,,,,,,,,,,,,,,,,,,23,,,,,,0,,,,,,,,,,,,,,,,,,,,,,,,,,,,
2013-12-11,Z300GQ7W,ST4000DM000,4000787030016,0,,200020336,,,,,,,,0,,,,,,2856,,,,,,,,,,,,,,,,,,,,,,,,,,,,,,22,,,,,,0,,,,,,,,,,,,,,,,,,,,,,,,,,,,
2013-12-11,Z300GQ7P,ST4000DM000,4000787030016,0,,192581608,,,,,,,,0,,,,,,3583,,,,,,,,,,,,,,,,,,,,,,,,,,,,,,22,,,,,,0,,,,,,,,,,,,,,,,,,,,,,,,,,,,
2013-12-11,6XW13JLG,ST32000542AS,2000398934016,0,,47809623,,,,,,,,0,,,,,,29070,,,,,,,,,,,,,,,,,,,,,,,,,,,,,,28,,,,,,0,,,,,,,,,,,,,,,,,,,,,,,,,,,,
2013-12-11,Z300GQ7S,ST4000DM000,4000787030016,0,,99037448,,,,,,,,0,,,,,,3583,,,,,,,,,,,,,,,,,,,,,,,,,,,,,,23,,,,,,0,,,,,,,,,,,,,,,,,,,,,,,,,,,,
2013-12-11,MJ0351YNG9WA2A,Hitachi HDS5C3030ALA630,3000592982016,0,,0,,,,,,,,0,,,,,,9958,,,,,,,,,,,,,,,,,,,,,,,,,,,,,,26,,,,,,0,,,,,,,,,,,,,,,,,,,,,,,,,,,,
2013-12-11,PL1311LAG3D51H,Hitachi HDS5C4040ALE630,4000787030016,0,,0,,,,,,,,0,,,,,,5962,,,,,,,,,,,,,,,,,,,,,,,,,,,,,,17,,,,,,0,,,,,,,,,,,,,,,,,,,,,,,,,,,,
2013-12-11,Z300GQ75,ST4000DM000,4000787030016,0,,153687512,,,,,,,,0,,,,,,3582,,,,,,,,,,,,,,,,,,,,,,,,,,,,,,23,,,,,,0,,,,,,,,,,,,,,,,,,,,,,,,,,,,
2013-12-11,Z300GQ76,ST4000DM000,4000787030016,0,,205558576,,,,,,,,0,,,,,,3625,,,,,,,,,,,,,,,,,,,,,,,,,,,,,,23,,,,,,0,,,,,,,,,,,,,,,,,,,,,,,,,,,,
2013-12-11,Z300GQ77,ST4000DM000,4000787030016,0,,81475552,,,,,,,,0,,,,,,3652,,,,,,,,,,,,,,,,,,,,,,,,,,,,,,26,,,,,,0,,,,,,,,,,,,,,,,,,,,,,,,,,,,
2013-12-11,Z300GQ71,ST4000DM000,4000787030016,0,,127761152,,,,,,,,0,,,,,,3581,,,,,,,,,,,,,,,,,,,,,,,,,,,,,,22,,,,,,0,,,,,,,,,,,,,,,,,,,,,,,,,,,,
2013-12-11,6XW05AK2,ST31500541AS,1500301910016,0,,176505960,,,,,,,,0,,,,,,36955,,,,,,,,,,,,,,,,,,,,,,,,,,,,,,24,,,,,,0,,,,,,,,,,,,,,,,,,,,,,,,,,,,
2013-12-11,MJ1311YNG37BTA,Hitachi HDS5C3030ALA630,3000592982016,0,,0,,,,,,,,0,,,,,,18065,,,,,,,,,,,,,,,,,,,,,,,,,,,,,,22,,,,,,0,,,,,,,,,,,,,,,,,,,,,,,,,,,,
2013-12-11,MJ1311YNG361SA,Hitachi HDS5C3030ALA630,3000592982016,0,,0,,,,,,,,0,,,,,,18066,,,,,,,,,,,,,,,,,,,,,,,,,,,,,,23,,,,,,0,,,,,,,,,,,,,,,,,,,,,,,,,,,,
2013-12-11,6XW04NAE,ST31500541AS,1500301910016,0,,123645886,,,,,,,,0,,,,,,36955,,,,,,,,,,,,,,,,,,,,,,,,,,,,,,20,,,,,,0,,,,,,,,,,,,,,,,,,,,,,,,,,,,
2013-12-11,PL1311LAG20L3A,Hitachi HDS5C4040ALE630,4000787030016,0,,0,,,,,,,,0,,,,,,7757,,,,,,,,,,,,,,,,,,,,,,,,,,,,,,25,,,,,,0,,,,,,,,,,,,,,,,,,,,,,,,,,,,
2013-12-11,Z1F0ZY56,ST3000DM001,3000592982016,0,,85120728,,,,,,,,0,,,,,,5647,,,,,,,,,,,,,,,,,,,,,,,,,,,,,,25,,,,,,0,,,,,,,,,,,,,,,,,,,,,,,,,,,,
2013-12-11,PL1311LAG27X0H,Hitachi HDS5C4040ALE630,4000787030016,0,,0,,,,,,,,0,,,,,,6655,,,,,,,,,,,,,,,,,,,,,,,,,,,,,,19,,,,,,0,,,,,,,,,,,,,,,,,,,,,,,,,,,,
2013-12-11,5XW0A1WR,ST31500541AS,1500301910016,0,,221288228,,,,,,,,0,,,,,,27510,,,,,,,,,,,,,,,,,,,,,,,,,,,,,,21,,,,,,0,,,,,,,,,,,,,,,,,,,,,,,,,,,,
2013-12-11,S1F0CVX1,ST3000DM001,3000592982016,0,,105671616,,,,,,,,0,,,,,,12839,,,,,,,,,,,,,,,,,,,,,,,,,,,,,,28,,,,,,0,,,,,,,,,,,,,,,,,,,,,,,,,,,,
2013-12-11,W300J6D8,ST4000DM000,4000787030016,0,,232930848,,,,,,,,0,,,,,,2238,,,,,,,,,,,,,,,,,,,,,,,,,,,,,,22,,,,,,0,,,,,,,,,,,,,,,,,,,,,,,,,,,,
2013-12-11,W1F0VHR2,ST3000DM001,3000592982016,0,,129184592,,,,,,,,0,,,,,,11576,,,,,,,,,,,,,,,,,,,,,,,,,,,,,,25,,,,,,0,,,,,,,,,,,,,,,,,,,,,,,,,,,,
2013-12-11,PL1311LAG38R5H,Hitachi HDS5C4040ALE630,4000787030016,0,,0,,,,,,,,0,,,,,,5036,,,,,,,,,,,,,,,,,,,,,,,,,,,,,,28,,,,,,0,,,,,,,,,,,,,,,,,,,,,,,,,,,,
2013-12-11,6XW02G5T,ST31500541AS,1500301910016,0,,34911519,,,,,,,,0,,,,,,36070,,,,,,,,,,,,,,,,,,,,,,,,,,,,,,20,,,,,,0,,,,,,,,,,,,,,,,,,,,,,,,,,,,
2013-12-11,JK11A8B9J3VAAF,Hitachi HDS722020ALA330,2000398934016,0,,0,,,,,,,,0,,,,,,23822,,,,,,,,,,,,,,,,,,,,,,,,,,,,,,26,,,,,,0,,,,,,,,,,,,,,,,,,,,,,,,,,,,
2013-12-11,PK1331PAJ31VNS,HGST HDS724040ALE640,4000787030016,0,,0,,,,,,,,0,,,,,,2026,,,,,,,,,,,,,,,,,,,,,,,,,,,,,,24,,,,,,0,,,,,,,,,,,,,,,,,,,,,,,,,,,,
2013-12-11,PK1331PAJ31JJS,HGST HDS724040ALE640,4000787030016,0,,0,,,,,,,,0,,,,,,2026,,,,,,,,,,,,,,,,,,,,,,,,,,,,,,28,,,,,,0,,,,,,,,,,,,,,,,,,,,,,,,,,,,
2013-12-11,JK11A8B9GPD84F,Hitachi HDS722020ALA330,2000398934016,0,,0,,,,,,,,0,,,,,,26328,,,,,,,,,,,,,,,,,,,,,,,,,,,,,,26,,,,,,0,,,,,,,,,,,,,,,,,,,,,,,,,,,,
2013-12-11,6XW01E1R,ST31500541AS,1500301910016,0,,138154744,,,,,,,,0,,,,,,36917,,,,,,,,,,,,,,,,,,,,,,,,,,,,,,21,,,,,,0,,,,,,,,,,,,,,,,,,,,,,,,,,,,
2013-12-11,MJ0351YNG9SGMA,Hitachi HDS5C3030ALA630,3000592982016,0,,0,,,,,,,,0,,,,,,9553,,,,,,,,,,,,,,,,,,,,,,,,,,,,,,31,,,,,,0,,,,,,,,,,,,,,,,,,,,,,,,,,,,
2013-12-11,MJ0351YNG9UTSA,Hitachi HDS5C3030ALA630,3000592982016,0,,0,,,,,,,,0,,,,,,9552,,,,,,,,,,,,,,,,,,,,,,,,,,,,,,28,,,,,,0,,,,,,,,,,,,,,,,,,,,,,,,,,,,
2013-12-11,MJ1321YNG0K8GA,Hitachi HDS5C3030ALA630,3000592982016,0,,2,,,,,,,,0,,,,,,20512,,,,,,,,,,,,,,,,,,,,,,,,,,,,,,22,,,,,,0,,,,,,,,,,,,,,,,,,,,,,,,,,,,
2013-12-11,PL1311LAG3G0AH,Hitachi HDS5C4040ALE630,4000787030016,0,,0,,,,,,,,0,,,,,,5962,,,,,,,,,,,,,,,,,,,,,,,,,,,,,,21,,,,,,0,,,,,,,,,,,,,,,,,,,,,,,,,,,,
2013-12-11,PL1321LAG2Z86H,Hitachi HDS5C4040ALE630,4000787030016,0,,0,,,,,,,,0,,,,,,5923,,,,,,,,,,,,,,,,,,,,,,,,,,,,,,20,,,,,,0,,,,,,,,,,,,,,,,,,,,,,,,,,,,
2013-12-11,6XW04MAS,ST31500541AS,1500301910016,0,,145846127,,,,,,,,0,,,,,,37142,,,,,,,,,,,,,,,,,,,,,,,,,,,,,,19,,,,,,0,,,,,,,,,,,,,,,,,,,,,,,,,,,,
2013-12-11,W1F0VHRE,ST3000DM001,3000592982016,0,,83626632,,,,,,,,0,,,,,,11671,,,,,,,,,,,,,,,,,,,,,,,,,,,,,,26,,,,,,0,,,,,,,,,,,,,,,,,,,,,,,,,,,,
2013-12-11,S1F0CVXH,ST3000DM001,3000592982016,0,,126192016,,,,,,,,0,,,,,,12344,,,,,,,,,,,,,,,,,,,,,,,,,,,,,,23,,,,,,0,,,,,,,,,,,,,,,,,,,,,,,,,,,,
2013-12-11,W300J6DA,ST4000DM000,4000787030016,0,,40958352,,,,,,,,0,,,,,,1703,,,,,,,,,,,,,,,,,,,,,,,,,,,,,,24,,,,,,0,,,,,,,,,,,,,,,,,,,,,,,,,,,,
2013-12-11,W300J6DF,ST4000DM000,4000787030016,0,,111040584,,,,,,,,0,,,,,,2248,,,,,,,,,,,,,,,,,,,,,,,,,,,,,,22,,,,,,0,,,,,,,,,,,,,,,,,,,,,,,,,,,,
2013-12-11,W300J6DD,ST4000DM000,4000787030016,0,,195227984,,,,,,,,0,,,,,,2248,,,,,,,,,,,,,,,,,,,,,,,,,,,,,,19,,,,,,0,,,,,,,,,,,,,,,,,,,,,,,,,,,,
2013-12-11,S1F0CVXN,ST3000DM001,3000592982016,0,,181011032,,,,,,,,0,,,,,,12356,,,,,,,,,,,,,,,,,,,,,,,,,,,,,,23,,,,,,0,,,,,,,,,,,,,,,,,,,,,,,,,,,,
2013-12-11,MJ1311YNG366SA,Hitachi HDS5C3030ALA630,3000592982016,0,,0,,,,,,,,0,,,,,,18315,,,,,,,,,,,,,,,,,,,,,,,,,,,,,,23,,,,,,0,,,,,,,,,,,,,,,,,,,,,,,,,,,,
2013-12-11,W300BNKZ,ST4000DM000,4000787030016,0,,48958872,,,,,,,,0,,,,,,4163,,,,,,,,,,,,,,,,,,,,,,,,,,,,,,24,,,,,,0,,,,,,,,,,,,,,,,,,,,,,,,,,,,
2013-12-11,MJ1311YNG7H03A,Hitachi HDS5C3030ALA630,3000592982016,0,,0,,,,,,,,0,,,,,,14621,,,,,,,,,,,,,,,,,,,,,,,,,,,,,,21,,,,,,0,,,,,,,,,,,,,,,,,,,,,,,,,,,,
2013-12-11,PL1311LAG1JJ2A,Hitachi HDS5C4040ALE630,4000787030016,0,,0,,,,,,,,0,,,,,,7453,,,,,,,,,,,,,,,,,,,,,,,,,,,,,,23,,,,,,0,,,,,,,,,,,,,,,,,,,,,,,,,,,,
2013-12-11,Z300PMB7,ST4000DM000,4000787030016,0,,218956784,,,,,,,,0,,,,,,1094,,,,,,,,,,,,,,,,,,,,,,,,,,,,,,22,,,,,,0,,,,,,,,,,,,,,,,,,,,,,,,,,,,
2013-12-11,W300BNKP,ST4000DM000,4000787030016,0,,8518152,,,,,,,,0,,,,,,4048,,,,,,,,,,,,,,,,,,,,,,,,,,,,,,24,,,,,,0,,,,,,,,,,,,,,,,,,,,,,,,,,,,
2013-12-11,W300BNKV,ST4000DM000,4000787030016,0,,79301176,,,,,,,,0,,,,,,4161,,,,,,,,,,,,,,,,,,,,,,,,,,,,,,23,,,,,,0,,,,,,,,,,,,,,,,,,,,,,,,,,,,
2013-12-11,MK0311YHGLP3GA,Hitachi HDS723030ALA640,3000592982016,0,,0,,,,,,,,0,,,,,,16682,,,,,,,,,,,,,,,,,,,,,,,,,,,,,,28,,,,,,0,,,,,,,,,,,,,,,,,,,,,,,,,,,,
2013-12-11,W300BNKB,ST4000DM000,4000787030016,0,,176668888,,,,,,,,0,,,,,,3610,,,,,,,,,,,,,,,,,,,,,,,,,,,,,,23,,,,,,0,,,,,,,,,,,,,,,,,,,,,,,,,,,,
2013-12-11,JK1180YAHWRJJT,Hitachi HDS722020ALA330,2000398934016,0,,315953079,,,,,,,,161,,,,,,27168,,,,,,,,,,,,,,,,,,,,,,,,,,,,,,29,,,,,,5,,,,,,,,,,,,,,,,,,,,,,,,,,,,
2013-12-11,WD-WCAU47263566,WDC WD10EADS,1000204886016,0,,0,,,,,,,,0,,,,,,40518,,,,,,,,,,,,,,,,,,,,,,,,,,,,,,22,,,,,,0,,,,,,,,,,,,,,,,,,,,,,,,,,,,
2013-12-11,9XW01YRX,ST31500541AS,1500301910016,0,,129674606,,,,,,,,71,,,,,,34743,,,,,,,,,,,,,,,,,,,,,,,,,,,,,,18,,,,,,0,,,,,,,,,,,,,,,,,,,,,,,,,,,,
2013-12-11,PL1311LAG1SA9A,Hitachi HDS5C4040ALE630,4000787030016,0,,0,,,,,,,,0,,,,,,7452,,,,,,,,,,,,,,,,,,,,,,,,,,,,,,21,,,,,,0,,,,,,,,,,,,,,,,,,,,,,,,,,,,
2013-12-11,JK11A8B9J9KV4F,Hitachi HDS722020ALA330,2000398934016,0,,0,,,,,,,,0,,,,,,24970,,,,,,,,,,,,,,,,,,,,,,,,,,,,,,31,,,,,,0,,,,,,,,,,,,,,,,,,,,,,,,,,,,
2013-12-11,PL1321LAG2HHSH,Hitachi HDS5C4040ALE630,4000787030016,0,,0,,,,,,,,0,,,,,,5961,,,,,,,,,,,,,,,,,,,,,,,,,,,,,,20,,,,,,0,,,,,,,,,,,,,,,,,,,,,,,,,,,,
2013-12-11,MJ0351YNG9ZSDA,Hitachi HDS5C3030ALA630,3000592982016,0,,0,,,,,,,,0,,,,,,8873,,,,,,,,,,,,,,,,,,,,,,,,,,,,,,27,,,,,,0,,,,,,,,,,,,,,,,,,,,,,,,,,,,
2013-12-11,9XW01YRN,ST31500541AS,1500301910016,0,,226469690,,,,,,,,0,,,,,,35083,,,,,,,,,,,,,,,,,,,,,,,,,,,,,,23,,,,,,0,,,,,,,,,,,,,,,,,,,,,,,,,,,,
2013-12-11,W300J315,ST4000DM000,4000787030016,0,,152382728,,,,,,,,0,,,,,,815,,,,,,,,,,,,,,,,,,,,,,,,,,,,,,21,,,,,,0,,,,,,,,,,,,,,,,,,,,,,,,,,,,
2013-12-11,W300J317,ST4000DM000,4000787030016,0,,129083496,,,,,,,,0,,,,,,919,,,,,,,,,,,,,,,,,,,,,,,,,,,,,,18,,,,,,0,,,,,,,,,,,,,,,,,,,,,,,,,,,,
2013-12-11,W300CKED,ST4000DM000,4000787030016,0,,224250256,,,,,,,,0,,,,,,2177,,,,,,,,,,,,,,,,,,,,,,,,,,,,,,21,,,,,,0,,,,,,,,,,,,,,,,,,,,,,,,,,,,
2013-12-11,W300J31D,ST4000DM000,4000787030016,0,,114597152,,,,,,,,0,,,,,,815,,,,,,,,,,,,,,,,,,,,,,,,,,,,,,18,,,,,,0,,,,,,,,,,,,,,,,,,,,,,,,,,,,
2013-12-11,S1F02P0A,ST3000DM001,3000592982016,0,,54125216,,,,,,,,0,,,,,,13361,,,,,,,,,,,,,,,,,,,,,,,,,,,,,,20,,,,,,0,,,,,,,,,,,,,,,,,,,,,,,,,,,,
2013-12-11,JK1104B8GGBJBW,Hitachi HDS722020ALA330,2000398934016,0,,0,,,,,,,,0,,,,,,26763,,,,,,,,,,,,,,,,,,,,,,,,,,,,,,29,,,,,,0,,,,,,,,,,,,,,,,,,,,,,,,,,,,
2013-12-11,WD-WMAWZ0313617,WDC WD30EZRX,3000592982016,0,,35,,,,,,,,0,,,,,,12704,,,,,,,,,,,,,,,,,,,,,,,,,,,,,,23,,,,,,2,,,,,,,,,,,,,,,,,,,,,,,,,,,,
2013-12-11,MJ0351YNG9TMTA,Hitachi HDS5C3030ALA630,3000592982016,0,,0,,,,,,,,0,,,,,,9315,,,,,,,,,,,,,,,,,,,,,,,,,,,,,,28,,,,,,0,,,,,,,,,,,,,,,,,,,,,,,,,,,,
2013-12-11,Z1Z03EM1,ST4000DX000,4000787030016,0,,221054469,,,,,,,,0,,,,,,7132,,,,,,,,,,,,,,,,,,,,,,,,,,,,,,34,,,,,,0,,,,,,,,,,,,,,,,,,,,,,,,,,,,
2013-12-11,W300BWTL,ST4000DM000,4000787030016,0,,108029472,,,,,,,,0,,,,,,4353,,,,,,,,,,,,,,,,,,,,,,,,,,,,,,25,,,,,,0,,,,,,,,,,,,,,,,,,,,,,,,,,,,
2013-12-11,PL1311LAG2ZBJA,Hitachi HDS5C4040ALE630,4000787030016,0,,0,,,,,,,,0,,,,,,6571,,,,,,,,,,,,,,,,,,,,,,,,,,,,,,27,,,,,,0,,,,,,,,,,,,,,,,,,,,,,,,,,,,
2013-12-11,Z300PMBM,ST4000DM000,4000787030016,0,,71740264,,,,,,,,0,,,,,,1227,,,,,,,,,,,,,,,,,,,,,,,,,,,,,,18,,,,,,0,,,,,,,,,,,,,,,,,,,,,,,,,,,,
2013-12-11,W3005RYL,ST4000DM000,4000787030016,0,,195859264,,,,,,,,0,,,,,,2893,,,,,,,,,,,,,,,,,,,,,,,,,,,,,,24,,,,,,0,,,,,,,,,,,,,,,,,,,,,,,,,,,,
2013-12-11,WD-WCAV59032947,WDC WD10EADS,1000204886016,0,,0,,,,,,,,0,,,,,,19026,,,,,,,,,,,,,,,,,,,,,,,,,,,,,,30,,,,,,0,,,,,,,,,,,,,,,,,,,,,,,,,,,,
2013-12-11,Z300P8SP,ST4000DM000,4000787030016,0,,37941352,,,,,,,,0,,,,,,1450,,,,,,,,,,,,,,,,,,,,,,,,,,,,,,24,,,,,,0,,,,,,,,,,,,,,,,,,,,,,,,,,,,
2013-12-11,S1F0T255,ST3000DM001,3000592982016,0,,211974152,,,,,,,,0,,,,,,10836,,,,,,,,,,,,,,,,,,,,,,,,,,,,,,34,,,,,,0,,,,,,,,,,,,,,,,,,,,,,,,,,,,
2013-12-11,Z300P8SH,ST4000DM000,4000787030016,0,,69847232,,,,,,,,0,,,,,,1094,,,,,,,,,,,,,,,,,,,,,,,,,,,,,,23,,,,,,0,,,,,,,,,,,,,,,,,,,,,,,,,,,,
2013-12-11,MJ1311YNG3BY6A,Hitachi HDS5C3030ALA630,3000592982016,0,,0,,,,,,,,0,,,,,,18947,,,,,,,,,,,,,,,,,,,,,,,,,,,,,,26,,,,,,0,,,,,,,,,,,,,,,,,,,,,,,,,,,,
2013-12-11,6XW1FL05,ST32000542AS,2000398934016,0,,91140010,,,,,,,,0,,,,,,27212,,,,,,,,,,,,,,,,,,,,,,,,,,,,,,29,,,,,,0,,,,,,,,,,,,,,,,,,,,,,,,,,,,
2013-12-11,MK0301YHGMKXXD,Hitachi HDS723030ALA640,3000592982016,0,,0,,,,,,,,0,,,,,,16682,,,,,,,,,,,,,,,,,,,,,,,,,,,,,,30,,,,,,0,,,,,,,,,,,,,,,,,,,,,,,,,,,,
2013-12-11,MJ0351YNGAAJ9A,Hitachi HDS5C3030ALA630,3000592982016,0,,0,,,,,,,,0,,,,,,8614,,,,,,,,,,,,,,,,,,,,,,,,,,,,,,32,,,,,,0,,,,,,,,,,,,,,,,,,,,,,,,,,,,
2013-12-11,PL1321LAG3248H,Hitachi HDS5C4040ALE630,4000787030016,0,,0,,,,,,,,0,,,,,,5958,,,,,,,,,,,,,,,,,,,,,,,,,,,,,,26,,,,,,0,,,,,,,,,,,,,,,,,,,,,,,,,,,,
2013-12-11,JK1101B9JPLL9F,Hitachi HDS722020ALA330,2000398934016,0,,2,,,,,,,,0,,,,,,23990,,,,,,,,,,,,,,,,,,,,,,,,,,,,,,26,,,,,,0,,,,,,,,,,,,,,,,,,,,,,,,,,,,
2013-12-11,JK11A1YAJH98JV,Hitachi HDS722020ALA330,2000398934016,0,,196608,,,,,,,,5,,,,,,28849,,,,,,,,,,,,,,,,,,,,,,,,,,,,,,26,,,,,,1,,,,,,,,,,,,,,,,,,,,,,,,,,,,
2013-12-11,JK11A8B9HWL4MF,Hitachi HDS722020ALA330,2000398934016,0,,0,,,,,,,,0,,,,,,26144,,,,,,,,,,,,,,,,,,,,,,,,,,,,,,29,,,,,,0,,,,,,,,,,,,,,,,,,,,,,,,,,,,
2013-12-11,W1F0A24F,ST3000DM001,3000592982016,0,,219255680,,,,,,,,0,,,,,,14732,,,,,,,,,,,,,,,,,,,,,,,,,,,,,,27,,,,,,0,,,,,,,,,,,,,,,,,,,,,,,,,,,,
2013-12-11,PL1321LAGAY3TH,Hitachi HDS5C4040ALE630,4000787030016,0,,0,,,,,,,,0,,,,,,5074,,,,,,,,,,,,,,,,,,,,,,,,,,,,,,26,,,,,,0,,,,,,,,,,,,,,,,,,,,,,,,,,,,
2013-12-11,JK11A8B9J7BJDF,Hitachi HDS722020ALA330,2000398934016,0,,2,,,,,,,,0,,,,,,25539,,,,,,,,,,,,,,,,,,,,,,,,,,,,,,29,,,,,,0,,,,,,,,,,,,,,,,,,,,,,,,,,,,
2013-12-11,6XW039EC,ST31500541AS,1500301910016,0,,95282706,,,,,,,,0,,,,,,36941,,,,,,,,,,,,,,,,,,,,,,,,,,,,,,20,,,,,,0,,,,,,,,,,,,,,,,,,,,,,,,,,,,
2013-12-11,6XW039ED,ST31500541AS,1500301910016,0,,199828145,,,,,,,,0,,,,,,36062,,,,,,,,,,,,,,,,,,,,,,,,,,,,,,20,,,,,,0,,,,,,,,,,,,,,,,,,,,,,,,,,,,
2013-12-11,MJ1311YNG3D7GA,Hitachi HDS5C3030ALA630,3000592982016,0,,0,,,,,,,,0,,,,,,19588,,,,,,,,,,,,,,,,,,,,,,,,,,,,,,30,,,,,,0,,,,,,,,,,,,,,,,,,,,,,,,,,,,
2013-12-11,JK11A8B9JR1EYF,Hitachi HDS722020ALA330,2000398934016,0,,0,,,,,,,,3,,,,,,23718,,,,,,,,,,,,,,,,,,,,,,,,,,,,,,29,,,,,,0,,,,,,,,,,,,,,,,,,,,,,,,,,,,
2013-12-11,W1F0A248,ST3000DM001,3000592982016,0,,123347760,,,,,,,,0,,,,,,13373,,,,,,,,,,,,,,,,,,,,,,,,,,,,,,23,,,,,,0,,,,,,,,,,,,,,,,,,,,,,,,,,,,
2013-12-11,WD-WCAU45640646,WDC WD10EADS,1000204886016,0,,4,,,,,,,,0,,,,,,40485,,,,,,,,,,,,,,,,,,,,,,,,,,,,,,26,,,,,,0,,,,,,,,,,,,,,,,,,,,,,,,,,,,
2013-12-11,S1F0M6C1,ST3000DM001,3000592982016,0,,193667280,,,,,,,,0,,,,,,11724,,,,,,,,,,,,,,,,,,,,,,,,,,,,,,26,,,,,,30,,,,,,,,,,,,,,,,,,,,,,,,,,,,
2013-12-11,6XW039EW,ST31500541AS,1500301910016,0,,122988480,,,,,,,,0,,,,,,37060,,,,,,,,,,,,,,,,,,,,,,,,,,,,,,21,,,,,,0,,,,,,,,,,,,,,,,,,,,,,,,,,,,
2013-12-11,MJ0351YNGA6K8A,Hitachi HDS5C3030ALA630,3000592982016,0,,0,,,,,,,,0,,,,,,9312,,,,,,,,,,,,,,,,,,,,,,,,,,,,,,30,,,,,,0,,,,,,,,,,,,,,,,,,,,,,,,,,,,
2013-12-11,PL1311LAG24U9A,Hitachi HDS5C4040ALE630,4000787030016,0,,0,,,,,,,,0,,,,,,7402,,,,,,,,,,,,,,,,,,,,,,,,,,,,,,26,,,,,,0,,,,,,,,,,,,,,,,,,,,,,,,,,,,
2013-12-11,W300B2WJ,ST4000DM000,4000787030016,0,,243842272,,,,,,,,0,,,,,,3587,,,,,,,,,,,,,,,,,,,,,,,,,,,,,,21,,,,,,0,,,,,,,,,,,,,,,,,,,,,,,,,,,,
2013-12-11,MK0333YHGPEK2C,Hitachi HDS723030ALA640,3000592982016,0,,0,,,,,,,,0,,,,,,17356,,,,,,,,,,,,,,,,,,,,,,,,,,,,,,26,,,,,,0,,,,,,,,,,,,,,,,,,,,,,,,,,,,
2013-12-11,W1F08WBX,ST3000DM001,3000592982016,0,,117780176,,,,,,,,0,,,,,,16150,,,,,,,,,,,,,,,,,,,,,,,,,,,,,,22,,,,,,0,,,,,,,,,,,,,,,,,,,,,,,,,,,,
2013-12-11,6XW060GK,ST31500541AS,1500301910016,0,,158303855,,,,,,,,0,,,,,,37162,,,,,,,,,,,,,,,,,,,,,,,,,,,,,,23,,,,,,0,,,,,,,,,,,,,,,,,,,,,,,,,,,,
2013-12-11,6XW01WDH,ST31500541AS,1500301910016,0,,223456596,,,,,,,,0,,,,,,35544,,,,,,,,,,,,,,,,,,,,,,,,,,,,,,27,,,,,,0,,,,,,,,,,,,,,,,,,,,,,,,,,,,
2013-12-11,6XW0VK3Y,ST32000542AS,2000398934016,0,,233285358,,,,,,,,0,,,,,,8005,,,,,,,,,,,,,,,,,,,,,,,,,,,,,,21,,,,,,0,,,,,,,,,,,,,,,,,,,,,,,,,,,,
2013-12-11,PL1321LAG352GH,Hitachi HDS5C4040ALE630,4000787030016,0,,0,,,,,,,,0,,,,,,6650,,,,,,,,,,,,,,,,,,,,,,,,,,,,,,18,,,,,,0,,,,,,,,,,,,,,,,,,,,,,,,,,,,
2013-12-11,9VS253ZQ,ST31500341AS,1500301910016,0,,187678029,,,,,,,,2,,,,,,24030,,,,,,,,,,,,,,,,,,,,,,,,,,,,,,31,,,,,,0,,,,,,,,,,,,,,,,,,,,,,,,,,,,
2013-12-11,S1F02AYW,ST3000DM001,3000592982016,0,,78348120,,,,,,,,0,,,,,,15621,,,,,,,,,,,,,,,,,,,,,,,,,,,,,,25,,,,,,32,,,,,,,,,,,,,,,,,,,,,,,,,,,,
2013-12-11,PL2311LAG1USNC,Hitachi HDS5C4040ALE630,4000787030016,0,,0,,,,,,,,0,,,,,,7461,,,,,,,,,,,,,,,,,,,,,,,,,,,,,,26,,,,,,0,,,,,,,,,,,,,,,,,,,,,,,,,,,,
2013-12-11,MK0301YHGNLU7D,Hitachi HDS723030ALA640,3000592982016,0,,0,,,,,,,,28,,,,,,18088,,,,,,,,,,,,,,,,,,,,,,,,,,,,,,31,,,,,,0,,,,,,,,,,,,,,,,,,,,,,,,,,,,
2013-12-11,JK11A8B9HZJAUF,Hitachi HDS722020ALA330,2000398934016,0,,0,,,,,,,,0,,,,,,24501,,,,,,,,,,,,,,,,,,,,,,,,,,,,,,33,,,,,,0,,,,,,,,,,,,,,,,,,,,,,,,,,,,
2013-12-11,MJ0351YNGAAGLA,Hitachi HDS5C3030ALA630,3000592982016,0,,0,,,,,,,,0,,,,,,8612,,,,,,,,,,,,,,,,,,,,,,,,,,,,,,33,,,,,,0,,,,,,,,,,,,,,,,,,,,,,,,,,,,
2013-12-11,WD-WCAWZ1330248,WDC WD30EZRX,3000592982016,0,,0,,,,,,,,0,,,,,,16071,,,,,,,,,,,,,,,,,,,,,,,,,,,,,,21,,,,,,0,,,,,,,,,,,,,,,,,,,,,,,,,,,,
2013-12-11,9VS3HB18,ST31500341AS,1500301910016,0,,208285973,,,,,,,,37,,,,,,32747,,,,,,,,,,,,,,,,,,,,,,,,,,,,,,31,,,,,,0,,,,,,,,,,,,,,,,,,,,,,,,,,,,
2013-12-11,JK1105B8GH0AJX,Hitachi HDS722020ALA330,2000398934016,0,,65536,,,,,,,,0,,,,,,27214,,,,,,,,,,,,,,,,,,,,,,,,,,,,,,25,,,,,,0,,,,,,,,,,,,,,,,,,,,,,,,,,,,
2013-12-11,W3008L6X,ST4000DM000,4000787030016,0,,63444392,,,,,,,,0,,,,,,4291,,,,,,,,,,,,,,,,,,,,,,,,,,,,,,23,,,,,,0,,,,,,,,,,,,,,,,,,,,,,,,,,,,
2013-12-11,JK11A1YAJHEJJV,Hitachi HDS722020ALA330,2000398934016,0,,0,,,,,,,,0,,,,,,28913,,,,,,,,,,,,,,,,,,,,,,,,,,,,,,25,,,,,,0,,,,,,,,,,,,,,,,,,,,,,,,,,,,
2013-12-11,Z300GPTH,ST4000DM000,4000787030016,0,,220388424,,,,,,,,0,,,,,,3580,,,,,,,,,,,,,,,,,,,,,,,,,,,,,,27,,,,,,0,,,,,,,,,,,,,,,,,,,,,,,,,,,,
2013-12-11,W1F0REBR,ST3000DM001,3000592982016,0,,202777896,,,,,,,,0,,,,,,12615,,,,,,,,,,,,,,,,,,,,,,,,,,,,,,23,,,,,,0,,,,,,,,,,,,,,,,,,,,,,,,,,,,
2013-12-11,W1F01N8P,ST3000DM001,3000592982016,0,,120170984,,,,,,,,0,,,,,,12616,,,,,,,,,,,,,,,,,,,,,,,,,,,,,,22,,,,,,0,,,,,,,,,,,,,,,,,,,,,,,,,,,,
2013-12-11,MJ1321YNG0H4PA,Hitachi HDS5C3030ALA630,3000592982016,0,,0,,,,,,,,0,,,,,,20504,,,,,,,,,,,,,,,,,,,,,,,,,,,,,,24,,,,,,0,,,,,,,,,,,,,,,,,,,,,,,,,,,,
2013-12-11,Z300MYD3,ST4000DM000,4000787030016,0,,164867360,,,,,,,,0,,,,,,2880,,,,,,,,,,,,,,,,,,,,,,,,,,,,,,21,,,,,,0,,,,,,,,,,,,,,,,,,,,,,,,,,,,
2013-12-11,Z300GPTX,ST4000DM000,4000787030016,0,,136407104,,,,,,,,0,,,,,,2900,,,,,,,,,,,,,,,,,,,,,,,,,,,,,,27,,,,,,0,,,,,,,,,,,,,,,,,,,,,,,,,,,,
2013-12-11,5XW1S9LD,ST31500541AS,1500301910016,0,,70011990,,,,,,,,0,,,,,,8753,,,,,,,,,,,,,,,,,,,,,,,,,,,,,,19,,,,,,0,,,,,,,,,,,,,,,,,,,,,,,,,,,,
2013-12-11,JK1105B8JS15RX,Hitachi HDS722020ALA330,2000398934016,0,,0,,,,,,,,0,,,,,,23512,,,,,,,,,,,,,,,,,,,,,,,,,,,,,,24,,,,,,0,,,,,,,,,,,,,,,,,,,,,,,,,,,,
2013-12-11,MK0333YHGRRB7C,Hitachi HDS723030ALA640,3000592982016,0,,0,,,,,,,,0,,,,,,17017,,,,,,,,,,,,,,,,,,,,,,,,,,,,,,29,,,,,,0,,,,,,,,,,,,,,,,,,,,,,,,,,,,
2013-12-11,MK0311YHGJNM2A,Hitachi HDS723030ALA640,3000592982016,0,,0,,,,,,,,0,,,,,,14732,,,,,,,,,,,,,,,,,,,,,,,,,,,,,,30,,,,,,0,,,,,,,,,,,,,,,,,,,,,,,,,,,,
2013-12-11,S1F0R2S6,ST3000DM001,3000592982016,0,,163781200,,,,,,,,0,,,,,,11613,,,,,,,,,,,,,,,,,,,,,,,,,,,,,,28,,,,,,0,,,,,,,,,,,,,,,,,,,,,,,,,,,,
2013-12-11,JK11A8B9J3KRNF,Hitachi HDS722020ALA330,2000398934016,0,,0,,,,,,,,0,,,,,,23636,,,,,,,,,,,,,,,,,,,,,,,,,,,,,,30,,,,,,0,,,,,,,,,,,,,,,,,,,,,,,,,,,,
2013-12-11,6XW1RV0Z,ST32000542AS,2000398934016,0,,67954877,,,,,,,,0,,,,,,7819,,,,,,,,,,,,,,,,,,,,,,,,,,,,,,17,,,,,,0,,,,,,,,,,,,,,,,,,,,,,,,,,,,
2013-12-11,MJ1323YNG1R9DC,Hitachi HDS5C3030ALA630,3000592982016,0,,18,,,,,,,,0,,,,,,19760,,,,,,,,,,,,,,,,,,,,,,,,,,,,,,27,,,,,,0,,,,,,,,,,,,,,,,,,,,,,,,,,,,
2013-12-11,PL2311LAG1L8KC,Hitachi HDS5C4040ALE630,4000787030016,0,,0,,,,,,,,0,,,,,,7419,,,,,,,,,,,,,,,,,,,,,,,,,,,,,,18,,,,,,0,,,,,,,,,,,,,,,,,,,,,,,,,,,,
2013-12-11,6XW0MYAE,ST31500541AS,1500301910016,0,,95597852,,,,,,,,0,,,,,,31589,,,,,,,,,,,,,,,,,,,,,,,,,,,,,,18,,,,,,0,,,,,,,,,,,,,,,,,,,,,,,,,,,,
2013-12-11,S1F0RSEK,ST3000DM001,3000592982016,0,,155557696,,,,,,,,0,,,,,,10471,,,,,,,,,,,,,,,,,,,,,,,,,,,,,,28,,,,,,0,,,,,,,,,,,,,,,,,,,,,,,,,,,,
2013-12-11,JK11A8B9J30ZVF,Hitachi HDS722020ALA330,2000398934016,0,,0,,,,,,,,0,,,,,,23991,,,,,,,,,,,,,,,,,,,,,,,,,,,,,,28,,,,,,0,,,,,,,,,,,,,,,,,,,,,,,,,,,,
2013-12-11,S1F00P9G,ST3000DM001,3000592982016,0,,173062592,,,,,,,,0,,,,,,13363,,,,,,,,,,,,,,,,,,,,,,,,,,,,,,19,,,,,,0,,,,,,,,,,,,,,,,,,,,,,,,,,,,
2013-12-11,MK0331YHGK9D3A,Hitachi HDS723030ALA640,3000592982016,0,,131072,,,,,,,,0,,,,,,16735,,,,,,,,,,,,,,,,,,,,,,,,,,,,,,26,,,,,,0,,,,,,,,,,,,,,,,,,,,,,,,,,,,
2013-12-11,S1F0R2SV,ST3000DM001,3000592982016,0,,8676448,,,,,,,,0,,,,,,11639,,,,,,,,,,,,,,,,,,,,,,,,,,,,,,27,,,,,,0,,,,,,,,,,,,,,,,,,,,,,,,,,,,
2013-12-11,W300K1BA,ST4000DM000,4000787030016,0,,39545752,,,,,,,,0,,,,,,948,,,,,,,,,,,,,,,,,,,,,,,,,,,,,,18,,,,,,0,,,,,,,,,,,,,,,,,,,,,,,,,,,,
2013-12-11,WD-WMC1T1275778,WDC WD30EFRX,3000592982016,0,,0,,,,,,,,0,,,,,,7709,,,,,,,,,,,,,,,,,,,,,,,,,,,,,,28,,,,,,0,,,,,,,,,,,,,,,,,,,,,,,,,,,,
2013-12-11,WD-WMC1T1275779,WDC WD30EFRX,3000592982016,0,,0,,,,,,,,0,,,,,,7709,,,,,,,,,,,,,,,,,,,,,,,,,,,,,,28,,,,,,0,,,,,,,,,,,,,,,,,,,,,,,,,,,,
2013-12-11,MK0333YHGPKZYC,Hitachi HDS723030ALA640,3000592982016,0,,131072,,,,,,,,0,,,,,,10667,,,,,,,,,,,,,,,,,,,,,,,,,,,,,,28,,,,,,0,,,,,,,,,,,,,,,,,,,,,,,,,,,,
2013-12-11,S1F0RSER,ST3000DM001,3000592982016,0,,61402688,,,,,,,,0,,,,,,10726,,,,,,,,,,,,,,,,,,,,,,,,,,,,,,23,,,,,,0,,,,,,,,,,,,,,,,,,,,,,,,,,,,
2013-12-11,PL2311LAG1TT8C,Hitachi HDS5C4040ALE630,4000787030016,0,,0,,,,,,,,0,,,,,,7402,,,,,,,,,,,,,,,,,,,,,,,,,,,,,,26,,,,,,0,,,,,,,,,,,,,,,,,,,,,,,,,,,,
2013-12-11,S1F00P9P,ST3000DM001,3000592982016,0,,72332392,,,,,,,,0,,,,,,13363,,,,,,,,,,,,,,,,,,,,,,,,,,,,,,19,,,,,,0,,,,,,,,,,,,,,,,,,,,,,,,,,,,
2013-12-11,W300BR2Q,ST4000DM000,4000787030016,0,,141042048,,,,,,,,0,,,,,,3604,,,,,,,,,,,,,,,,,,,,,,,,,,,,,,23,,,,,,0,,,,,,,,,,,,,,,,,,,,,,,,,,,,
2013-12-11,W3005WS0,ST4000DM000,4000787030016,0,,179509096,,,,,,,,0,,,,,,2876,,,,,,,,,,,,,,,,,,,,,,,,,,,,,,24,,,,,,0,,,,,,,,,,,,,,,,,,,,,,,,,,,,
2013-12-11,W1F0Z636,ST3000DM001,3000592982016,0,,164795520,,,,,,,,0,,,,,,10720,,,,,,,,,,,,,,,,,,,,,,,,,,,,,,23,,,,,,0,,,,,,,,,,,,,,,,,,,,,,,,,,,,
2013-12-11,JK1171YBKASWKF,Hitachi HDS722020ALA330,2000398934016,0,,1,,,,,,,,0,,,,,,28153,,,,,,,,,,,,,,,,,,,,,,,,,,,,,,26,,,,,,0,,,,,,,,,,,,,,,,,,,,,,,,,,,,
2013-12-11,W300BR2E,ST4000DM000,4000787030016,0,,178040520,,,,,,,,0,,,,,,3588,,,,,,,,,,,,,,,,,,,,,,,,,,,,,,25,,,,,,0,,,,,,,,,,,,,,,,,,,,,,,,,,,,
2013-12-11,PL1311LAG3D6MH,Hitachi HDS5C4040ALE630,4000787030016,0,,0,,,,,,,,0,,,,,,5049,,,,,,,,,,,,,,,,,,,,,,,,,,,,,,29,,,,,,0,,,,,,,,,,,,,,,,,,,,,,,,,,,,
2013-12-11,6XW00FTM,ST32000542AS,2000398934016,0,,180358372,,,,,,,,0,,,,,,31263,,,,,,,,,,,,,,,,,,,,,,,,,,,,,,24,,,,,,0,,,,,,,,,,,,,,,,,,,,,,,,,,,,
2013-12-11,PL1311LAG38N4H,Hitachi HDS5C4040ALE630,4000787030016,0,,0,,,,,,,,0,,,,,,5056,,,,,,,,,,,,,,,,,,,,,,,,,,,,,,33,,,,,,0,,,,,,,,,,,,,,,,,,,,,,,,,,,,
2013-12-11,W300BR2C,ST4000DM000,4000787030016,0,,142632608,,,,,,,,0,,,,,,3603,,,,,,,,,,,,,,,,,,,,,,,,,,,,,,20,,,,,,0,,,,,,,,,,,,,,,,,,,,,,,,,,,,
2013-12-11,Z300GPT4,ST4000DM000,4000787030016,0,,243412144,,,,,,,,0,,,,,,3583,,,,,,,,,,,,,,,,,,,,,,,,,,,,,,24,,,,,,0,,,,,,,,,,,,,,,,,,,,,,,,,,,,
2013-12-11,Z300GPT7,ST4000DM000,4000787030016,0,,114179776,,,,,,,,0,,,,,,3582,,,,,,,,,,,,,,,,,,,,,,,,,,,,,,26,,,,,,0,,,,,,,,,,,,,,,,,,,,,,,,,,,,
2013-12-11,Z300GQJZ,ST4000DM000,4000787030016,0,,168203104,,,,,,,,0,,,,,,3583,,,,,,,,,,,,,,,,,,,,,,,,,,,,,,21,,,,,,0,,,,,,,,,,,,,,,,,,,,,,,,,,,,
2013-12-11,JK11A1YAJHGKVV,Hitachi HDS722020ALA330,2000398934016,0,,1,,,,,,,,1,,,,,,28741,,,,,,,,,,,,,,,,,,,,,,,,,,,,,,23,,,,,,0,,,,,,,,,,,,,,,,,,,,,,,,,,,,
2013-12-11,JK11A8B9J8ZVNF,Hitachi HDS722020ALA330,2000398934016,0,,0,,,,,,,,0,,,,,,24497,,,,,,,,,,,,,,,,,,,,,,,,,,,,,,29,,,,,,0,,,,,,,,,,,,,,,,,,,,,,,,,,,,
2013-12-11,S1F087HP,ST3000DM001,3000592982016,0,,38157984,,,,,,,,0,,,,,,12875,,,,,,,,,,,,,,,,,,,,,,,,,,,,,,27,,,,,,0,,,,,,,,,,,,,,,,,,,,,,,,,,,,
2013-12-11,JK1105B8GEK5LX,Hitachi HDS722020ALA330,2000398934016,0,,1966081,,,,,,,,0,,,,,,27160,,,,,,,,,,,,,,,,,,,,,,,,,,,,,,29,,,,,,0,,,,,,,,,,,,,,,,,,,,,,,,,,,,
2013-12-11,Z300GQJM,ST4000DM000,4000787030016,0,,218818632,,,,,,,,0,,,,,,3582,,,,,,,,,,,,,,,,,,,,,,,,,,,,,,20,,,,,,0,,,,,,,,,,,,,,,,,,,,,,,,,,,,
2013-12-11,S1F01GPZ,ST3000DM001,3000592982016,0,,143575168,,,,,,,,0,,,,,,15400,,,,,,,,,,,,,,,,,,,,,,,,,,,,,,20,,,,,,0,,,,,,,,,,,,,,,,,,,,,,,,,,,,
2013-12-11,6XW05A6B,ST31500541AS,1500301910016,0,,217324062,,,,,,,,223,,,,,,36444,,,,,,,,,,,,,,,,,,,,,,,,,,,,,,20,,,,,,0,,,,,,,,,,,,,,,,,,,,,,,,,,,,
2013-12-11,Z300GQJF,ST4000DM000,4000787030016,0,,78513712,,,,,,,,0,,,,,,3580,,,,,,,,,,,,,,,,,,,,,,,,,,,,,,27,,,,,,0,,,,,,,,,,,,,,,,,,,,,,,,,,,,
2013-12-11,Z300GQJE,ST4000DM000,4000787030016,0,,119617736,,,,,,,,0,,,,,,3627,,,,,,,,,,,,,,,,,,,,,,,,,,,,,,21,,,,,,0,,,,,,,,,,,,,,,,,,,,,,,,,,,,
2013-12-11,MJ1321YNG121RA,Hitachi HDS5C3030ALA630,3000592982016,0,,0,,,,,,,,0,,,,,,19801,,,,,,,,,,,,,,,,,,,,,,,,,,,,,,26,,,,,,0,,,,,,,,,,,,,,,,,,,,,,,,,,,,
2013-12-11,PL1311LAG2AZTH,Hitachi HDS5C4040ALE630,4000787030016,0,,0,,,,,,,,0,,,,,,7414,,,,,,,,,,,,,,,,,,,,,,,,,,,,,,22,,,,,,0,,,,,,,,,,,,,,,,,,,,,,,,,,,,
2013-12-11,MK0311YHG53JKA,Hitachi HDS723030ALA640,3000592982016,0,,0,,,,,,,,0,,,,,,15216,,,,,,,,,,,,,,,,,,,,,,,,,,,,,,25,,,,,,0,,,,,,,,,,,,,,,,,,,,,,,,,,,,
2013-12-11,MJ1311YNG30PYA,Hitachi HDS5C3030ALA630,3000592982016,0,,0,,,,,,,,0,,,,,,18067,,,,,,,,,,,,,,,,,,,,,,,,,,,,,,25,,,,,,0,,,,,,,,,,,,,,,,,,,,,,,,,,,,
2013-12-11,MK0331YHGT1SRA,Hitachi HDS723030ALA640,3000592982016,0,,0,,,,,,,,0,,,,,,17036,,,,,,,,,,,,,,,,,,,,,,,,,,,,,,26,,,,,,0,,,,,,,,,,,,,,,,,,,,,,,,,,,,
2013-12-11,JK11A8B9J7DGPF,Hitachi HDS722020ALA330,2000398934016,0,,0,,,,,,,,0,,,,,,25119,,,,,,,,,,,,,,,,,,,,,,,,,,,,,,30,,,,,,0,,,,,,,,,,,,,,,,,,,,,,,,,,,,
2013-12-11,W30091F0,ST4000DM000,4000787030016,0,,130567824,,,,,,,,0,,,,,,4140,,,,,,,,,,,,,,,,,,,,,,,,,,,,,,21,,,,,,0,,,,,,,,,,,,,,,,,,,,,,,,,,,,
2013-12-11,Z1F0R484,ST3000DM001,3000592982016,0,,17186136,,,,,,,,0,,,,,,7565,,,,,,,,,,,,,,,,,,,,,,,,,,,,,,25,,,,,,0,,,,,,,,,,,,,,,,,,,,,,,,,,,,
2013-12-11,MJ0351YNG9XYAA,Hitachi HDS5C3030ALA630,3000592982016,0,,0,,,,,,,,0,,,,,,9524,,,,,,,,,,,,,,,,,,,,,,,,,,,,,,34,,,,,,0,,,,,,,,,,,,,,,,,,,,,,,,,,,,
2013-12-11,MJ1311YNG5EWJA,Hitachi HDS5C3030ALA630,3000592982016,0,,0,,,,,,,,0,,,,,,14330,,,,,,,,,,,,,,,,,,,,,,,,,,,,,,33,,,,,,0,,,,,,,,,,,,,,,,,,,,,,,,,,,,
2013-12-11,Z300E5MG,ST4000DM000,4000787030016,0,,91188256,,,,,,,,0,,,,,,2261,,,,,,,,,,,,,,,,,,,,,,,,,,,,,,20,,,,,,0,,,,,,,,,,,,,,,,,,,,,,,,,,,,
2013-12-11,WD-WMC1T1444808,WDC WD30EFRX,3000592982016,0,,0,,,,,,,,0,,,,,,7390,,,,,,,,,,,,,,,,,,,,,,,,,,,,,,24,,,,,,0,,,,,,,,,,,,,,,,,,,,,,,,,,,,
2013-12-11,MK0311YHGESJGA,Hitachi HDS723030ALA640,3000592982016,0,,0,,,,,,,,0,,,,,,21461,,,,,,,,,,,,,,,,,,,,,,,,,,,,,,34,,,,,,0,,,,,,,,,,,,,,,,,,,,,,,,,,,,
2013-12-11,WD-WCAWZ1283087,WDC WD30EZRX,3000592982016,0,,1,,,,,,,,0,,,,,,17980,,,,,,,,,,,,,,,,,,,,,,,,,,,,,,25,,,,,,5,,,,,,,,,,,,,,,,,,,,,,,,,,,,
2013-12-11,5XW2RTB8,ST32000542AS,2000398934016,0,,78811783,,,,,,,,0,,,,,,7816,,,,,,,,,,,,,,,,,,,,,,,,,,,,,,18,,,,,,0,,,,,,,,,,,,,,,,,,,,,,,,,,,,
2013-12-11,Z290SVJ7,ST33000651AS,3000592982016,0,,30715943,,,,,,,,0,,,,,,17737,,,,,,,,,,,,,,,,,,,,,,,,,,,,,,27,,,,,,0,,,,,,,,,,,,,,,,,,,,,,,,,,,,
2013-12-11,Z300GQJ1,ST4000DM000,4000787030016,0,,102035728,,,,,,,,0,,,,,,3584,,,,,,,,,,,,,,,,,,,,,,,,,,,,,,25,,,,,,0,,,,,,,,,,,,,,,,,,,,,,,,,,,,
2013-12-11,JK1101B9JRLDKF,Hitachi HDS722020ALA330,2000398934016,0,,0,,,,,,,,0,,,,,,22696,,,,,,,,,,,,,,,,,,,,,,,,,,,,,,27,,,,,,0,,,,,,,,,,,,,,,,,,,,,,,,,,,,
2013-12-11,MK0311YHG9Z7EA,Hitachi HDS723030ALA640,3000592982016,0,,0,,,,,,,,0,,,,,,16680,,,,,,,,,,,,,,,,,,,,,,,,,,,,,,27,,,,,,0,,,,,,,,,,,,,,,,,,,,,,,,,,,,
2013-12-11,13H89U2GS,TOSHIBA DT01ACA300,3000592982016,0,,0,,,,,,,,0,,,,,,2718,,,,,,,,,,,,,,,,,,,,,,,,,,,,,,25,,,,,,0,,,,,,,,,,,,,,,,,,,,,,,,,,,,
2013-12-11,WD-WMC1T1019789,WDC WD30EFRX,3000592982016,0,,18,,,,,,,,0,,,,,,8661,,,,,,,,,,,,,,,,,,,,,,,,,,,,,,28,,,,,,0,,,,,,,,,,,,,,,,,,,,,,,,,,,,
2013-12-11,S1F04QL9,ST3000DM001,3000592982016,0,,131358616,,,,,,,,0,,,,,,13879,,,,,,,,,,,,,,,,,,,,,,,,,,,,,,22,,,,,,0,,,,,,,,,,,,,,,,,,,,,,,,,,,,
2013-12-11,Z300GQGB,ST4000DM000,4000787030016,0,,168206448,,,,,,,,0,,,,,,3346,,,,,,,,,,,,,,,,,,,,,,,,,,,,,,21,,,,,,0,,,,,,,,,,,,,,,,,,,,,,,,,,,,
2013-12-11,MK0311YHGKG34A,Hitachi HDS723030ALA640,3000592982016,0,,0,,,,,,,,0,,,,,,16683,,,,,,,,,,,,,,,,,,,,,,,,,,,,,,23,,,,,,0,,,,,,,,,,,,,,,,,,,,,,,,,,,,
2013-12-11,W30090H9,ST4000DM000,4000787030016,0,,81319568,,,,,,,,0,,,,,,4165,,,,,,,,,,,,,,,,,,,,,,,,,,,,,,24,,,,,,0,,,,,,,,,,,,,,,,,,,,,,,,,,,,
2013-12-11,MJ1311YNG36P4A,Hitachi HDS5C3030ALA630,3000592982016,0,,0,,,,,,,,0,,,,,,18066,,,,,,,,,,,,,,,,,,,,,,,,,,,,,,24,,,,,,0,,,,,,,,,,,,,,,,,,,,,,,,,,,,
2013-12-11,6XW042DX,ST31500541AS,1500301910016,0,,189528614,,,,,,,,0,,,,,,37069,,,,,,,,,,,,,,,,,,,,,,,,,,,,,,24,,,,,,0,,,,,,,,,,,,,,,,,,,,,,,,,,,,
2013-12-11,JK11A8B9GPHPYF,Hitachi HDS722020ALA330,2000398934016,0,,0,,,,,,,,1,,,,,,26493,,,,,,,,,,,,,,,,,,,,,,,,,,,,,,22,,,,,,0,,,,,,,,,,,,,,,,,,,,,,,,,,,,
2013-12-11,Z262JG9AS,TOSHIBA DT01ACA300,3000592982016,0,,0,,,,,,,,0,,,,,,6615,,,,,,,,,,,,,,,,,,,,,,,,,,,,,,23,,,,,,0,,,,,,,,,,,,,,,,,,,,,,,,,,,,
2013-12-11,Z3010377,ST4000DM000,4000787030016,0,,178143552,,,,,,,,0,,,,,,108,,,,,,,,,,,,,,,,,,,,,,,,,,,,,,20,,,,,,0,,,,,,,,,,,,,,,,,,,,,,,,,,,,
2013-12-11,6XW00X4X,ST31500541AS,1500301910016,0,,114313572,,,,,,,,85,,,,,,37442,,,,,,,,,,,,,,,,,,,,,,,,,,,,,,23,,,,,,0,,,,,,,,,,,,,,,,,,,,,,,,,,,,
2013-12-11,MK0311YHG3252A,Hitachi HDS723030ALA640,3000592982016,0,,28114981,,,,,,,,0,,,,,,22347,,,,,,,,,,,,,,,,,,,,,,,,,,,,,,23,,,,,,0,,,,,,,,,,,,,,,,,,,,,,,,,,,,
2013-12-11,6XW053ZL,ST31500541AS,1500301910016,0,,142307171,,,,,,,,0,,,,,,37289,,,,,,,,,,,,,,,,,,,,,,,,,,,,,,24,,,,,,0,,,,,,,,,,,,,,,,,,,,,,,,,,,,
2013-12-11,W300C664,ST4000DM000,4000787030016,0,,63612104,,,,,,,,0,,,,,,4140,,,,,,,,,,,,,,,,,,,,,,,,,,,,,,26,,,,,,0,,,,,,,,,,,,,,,,,,,,,,,,,,,,
2013-12-11,Z290RT9J,ST33000651AS,3000592982016,0,,140651983,,,,,,,,0,,,,,,17050,,,,,,,,,,,,,,,,,,,,,,,,,,,,,,23,,,,,,0,,,,,,,,,,,,,,,,,,,,,,,,,,,,
2013-12-11,JK1105B8GEKBJX,Hitachi HDS722020ALA330,2000398934016,0,,0,,,,,,,,2,,,,,,26767,,,,,,,,,,,,,,,,,,,,,,,,,,,,,,28,,,,,,0,,,,,,,,,,,,,,,,,,,,,,,,,,,,
2013-12-11,S1F014M7,ST3000DM001,3000592982016,0,,129376960,,,,,,,,0,,,,,,15417,,,,,,,,,,,,,,,,,,,,,,,,,,,,,,26,,,,,,0,,,,,,,,,,,,,,,,,,,,,,,,,,,,
2013-12-11,WD-WCAWZ0505828,WDC WD30EZRX,3000592982016,0,,0,,,,,,,,0,,,,,,16126,,,,,,,,,,,,,,,,,,,,,,,,,,,,,,19,,,,,,0,,,,,,,,,,,,,,,,,,,,,,,,,,,,
2013-12-11,MJ0351YNGABXPA,Hitachi HDS5C3030ALA630,3000592982016,0,,0,,,,,,,,0,,,,,,8141,,,,,,,,,,,,,,,,,,,,,,,,,,,,,,30,,,,,,0,,,,,,,,,,,,,,,,,,,,,,,,,,,,
2013-12-11,9VS2AD0R,ST31500341AS,1500301910016,0,,146133225,,,,,,,,1,,,,,,38107,,,,,,,,,,,,,,,,,,,,,,,,,,,,,,18,,,,,,0,,,,,,,,,,,,,,,,,,,,,,,,,,,,
2013-12-11,W3008STH,ST4000DM000,4000787030016,0,,226086080,,,,,,,,0,,,,,,4168,,,,,,,,,,,,,,,,,,,,,,,,,,,,,,29,,,,,,0,,,,,,,,,,,,,,,,,,,,,,,,,,,,
2013-12-11,9VS3J0MD,ST31500341AS,1500301910016,0,,168547760,,,,,,,,2,,,,,,32927,,,,,,,,,,,,,,,,,,,,,,,,,,,,,,22,,,,,,0,,,,,,,,,,,,,,,,,,,,,,,,,,,,
2013-12-11,S1F04QLP,ST3000DM001,3000592982016,0,,99428248,,,,,,,,448,,,,,,13866,,,,,,,,,,,,,,,,,,,,,,,,,,,,,,25,,,,,,16,,,,,,,,,,,,,,,,,,,,,,,,,,,,
2013-12-11,JK11A4B8J7RZVW,Hitachi HDS722020ALA330,2000398934016,0,,0,,,,,,,,0,,,,,,26028,,,,,,,,,,,,,,,,,,,,,,,,,,,,,,24,,,,,,0,,,,,,,,,,,,,,,,,,,,,,,,,,,,
2013-12-11,5XW23LS8,ST32000542AS,2000398934016,0,,162209508,,,,,,,,0,,,,,,6991,,,,,,,,,,,,,,,,,,,,,,,,,,,,,,26,,,,,,0,,,,,,,,,,,,,,,,,,,,,,,,,,,,
2013-12-11,S1F0S58D,ST3000DM001,3000592982016,0,,114712176,,,,,,,,0,,,,,,8651,,,,,,,,,,,,,,,,,,,,,,,,,,,,,,27,,,,,,0,,,,,,,,,,,,,,,,,,,,,,,,,,,,
2013-12-11,MJ0351YNGA8R8A,Hitachi HDS5C3030ALA630,3000592982016,0,,0,,,,,,,,0,,,,,,7935,,,,,,,,,,,,,,,,,,,,,,,,,,,,,,29,,,,,,0,,,,,,,,,,,,,,,,,,,,,,,,,,,,
2013-12-11,S1F0S58Q,ST3000DM001,3000592982016,0,,117260216,,,,,,,,0,,,,,,10772,,,,,,,,,,,,,,,,,,,,,,,,,,,,,,26,,,,,,0,,,,,,,,,,,,,,,,,,,,,,,,,,,,
2013-12-11,Z300HQDD,ST4000DM000,4000787030016,0,,39301984,,,,,,,,0,,,,,,2920,,,,,,,,,,,,,,,,,,,,,,,,,,,,,,19,,,,,,0,,,,,,,,,,,,,,,,,,,,,,,,,,,,
2013-12-11,PL2311LAG1R80C,Hitachi HDS5C4040ALE630,4000787030016,0,,0,,,,,,,,0,,,,,,7759,,,,,,,,,,,,,,,,,,,,,,,,,,,,,,22,,,,,,0,,,,,,,,,,,,,,,,,,,,,,,,,,,,
2013-12-11,S1F017EQ,ST3000DM001,3000592982016,0,,101327656,,,,,,,,0,,,,,,16200,,,,,,,,,,,,,,,,,,,,,,,,,,,,,,26,,,,,,0,,,,,,,,,,,,,,,,,,,,,,,,,,,,
2013-12-11,MJ1311YNG30HAA,Hitachi HDS5C3030ALA630,3000592982016,0,,0,,,,,,,,0,,,,,,18200,,,,,,,,,,,,,,,,,,,,,,,,,,,,,,29,,,,,,0,,,,,,,,,,,,,,,,,,,,,,,,,,,,
2013-12-11,W300K19F,ST4000DM000,4000787030016,0,,172920816,,,,,,,,0,,,,,,919,,,,,,,,,,,,,,,,,,,,,,,,,,,,,,21,,,,,,0,,,,,,,,,,,,,,,,,,,,,,,,,,,,
2013-12-11,JK11A8B9J9KYBF,Hitachi HDS722020ALA330,2000398934016,0,,0,,,,,,,,0,,,,,,24983,,,,,,,,,,,,,,,,,,,,,,,,,,,,,,29,,,,,,0,,,,,,,,,,,,,,,,,,,,,,,,,,,,
2013-12-11,JK11A8B9J7272F,Hitachi HDS722020ALA330,2000398934016,0,,0,,,,,,,,0,,,,,,22702,,,,,,,,,,,,,,,,,,,,,,,,,,,,,,30,,,,,,0,,,,,,,,,,,,,,,,,,,,,,,,,,,,
2013-12-11,W300E1C6,ST4000DM000,4000787030016,0,,93563584,,,,,,,,0,,,,,,4047,,,,,,,,,,,,,,,,,,,,,,,,,,,,,,22,,,,,,0,,,,,,,,,,,,,,,,,,,,,,,,,,,,
2013-12-11,WD-WCC1T1247380,WDC WD30EFRX,3000592982016,0,,0,,,,,,,,0,,,,,,1297,,,,,,,,,,,,,,,,,,,,,,,,,,,,,,18,,,,,,0,,,,,,,,,,,,,,,,,,,,,,,,,,,,
2013-12-11,JK11A8B9G3E86F,Hitachi HDS722020ALA330,2000398934016,0,,0,,,,,,,,0,,,,,,10760,,,,,,,,,,,,,,,,,,,,,,,,,,,,,,27,,,,,,0,,,,,,,,,,,,,,,,,,,,,,,,,,,,
2013-12-11,Z300CPC0,ST4000DM000,4000787030016,0,,25509552,,,,,,,,0,,,,,,2241,,,,,,,,,,,,,,,,,,,,,,,,,,,,,,21,,,,,,0,,,,,,,,,,,,,,,,,,,,,,,,,,,,
2013-12-11,MK0331YHGK9WBA,Hitachi HDS723030ALA640,3000592982016,0,,0,,,,,,,,0,,,,,,17354,,,,,,,,,,,,,,,,,,,,,,,,,,,,,,25,,,,,,0,,,,,,,,,,,,,,,,,,,,,,,,,,,,
2013-12-11,Z300P8NZ,ST4000DM000,4000787030016,0,,227533624,,,,,,,,0,,,,,,1233,,,,,,,,,,,,,,,,,,,,,,,,,,,,,,21,,,,,,0,,,,,,,,,,,,,,,,,,,,,,,,,,,,
2013-12-11,JK11A8B9J7VSEF,Hitachi HDS722020ALA330,2000398934016,0,,0,,,,,,,,0,,,,,,26025,,,,,,,,,,,,,,,,,,,,,,,,,,,,,,28,,,,,,0,,,,,,,,,,,,,,,,,,,,,,,,,,,,
2013-12-11,WD-WMC4N1102597,WDC WD30EFRX,3000592982016,0,,0,,,,,,,,0,,,,,,157,,,,,,,,,,,,,,,,,,,,,,,,,,,,,,20,,,,,,0,,,,,,,,,,,,,,,,,,,,,,,,,,,,
2013-12-11,MK0301YHGM3GDA,Hitachi HDS723030ALA640,3000592982016,0,,0,,,,,,,,0,,,,,,16660,,,,,,,,,,,,,,,,,,,,,,,,,,,,,,29,,,,,,0,,,,,,,,,,,,,,,,,,,,,,,,,,,,
2013-12-11,PL1331LAGAHDDH,Hitachi HDS5C4040ALE630,4000787030016,0,,0,,,,,,,,0,,,,,,5076,,,,,,,,,,,,,,,,,,,,,,,,,,,,,,25,,,,,,0,,,,,,,,,,,,,,,,,,,,,,,,,,,,
2013-12-11,MJ1311YNG72N4A,Hitachi HDS5C3030ALA630,3000592982016,0,,0,,,,,,,,0,,,,,,14595,,,,,,,,,,,,,,,,,,,,,,,,,,,,,,27,,,,,,0,,,,,,,,,,,,,,,,,,,,,,,,,,,,
2013-12-11,6XW0W9EE,ST31500541AS,1500301910016,0,,213936468,,,,,,,,0,,,,,,33841,,,,,,,,,,,,,,,,,,,,,,,,,,,,,,21,,,,,,0,,,,,,,,,,,,,,,,,,,,,,,,,,,,
2013-12-11,JK1101B9GNJJWF,Hitachi HDS722020ALA330,2000398934016,0,,0,,,,,,,,0,,,,,,26493,,,,,,,,,,,,,,,,,,,,,,,,,,,,,,23,,,,,,0,,,,,,,,,,,,,,,,,,,,,,,,,,,,
2013-12-11,PL1311LAG1RU4A,Hitachi HDS5C4040ALE630,4000787030016,0,,0,,,,,,,,0,,,,,,7437,,,,,,,,,,,,,,,,,,,,,,,,,,,,,,27,,,,,,0,,,,,,,,,,,,,,,,,,,,,,,,,,,,
2013-12-11,6XW0W9EQ,ST31500541AS,1500301910016,0,,58285078,,,,,,,,809,,,,,,33855,,,,,,,,,,,,,,,,,,,,,,,,,,,,,,22,,,,,,0,,,,,,,,,,,,,,,,,,,,,,,,,,,,
2013-12-11,Z1F0LME8,ST3000DM001,3000592982016,0,,19310592,,,,,,,,0,,,,,,12172,,,,,,,,,,,,,,,,,,,,,,,,,,,,,,23,,,,,,16,,,,,,,,,,,,,,,,,,,,,,,,,,,,
2013-12-11,JK11A8B9J9HM6F,Hitachi HDS722020ALA330,2000398934016,0,,0,,,,,,,,0,,,,,,24983,,,,,,,,,,,,,,,,,,,,,,,,,,,,,,29,,,,,,0,,,,,,,,,,,,,,,,,,,,,,,,,,,,
2013-12-11,MJ1311YNG3DAVA,Hitachi HDS5C3030ALA630,3000592982016,0,,0,,,,,,,,0,,,,,,19587,,,,,,,,,,,,,,,,,,,,,,,,,,,,,,26,,,,,,0,,,,,,,,,,,,,,,,,,,,,,,,,,,,
2013-12-11,PL2311LAG1J63C,Hitachi HDS5C4040ALE630,4000787030016,0,,0,,,,,,,,0,,,,,,7415,,,,,,,,,,,,,,,,,,,,,,,,,,,,,,24,,,,,,0,,,,,,,,,,,,,,,,,,,,,,,,,,,,
2013-12-11,Z300P8N0,ST4000DM000,4000787030016,0,,137182680,,,,,,,,0,,,,,,1094,,,,,,,,,,,,,,,,,,,,,,,,,,,,,,21,,,,,,0,,,,,,,,,,,,,,,,,,,,,,,,,,,,
2013-12-11,WD-WCAU42475130,WDC WD10EACS,1000204886016,0,,0,,,,,,,,0,,,,,,42781,,,,,,,,,,,,,,,,,,,,,,,,,,,,,,26,,,,,,0,,,,,,,,,,,,,,,,,,,,,,,,,,,,
2013-12-11,MJ1321YNG05M9A,Hitachi HDS5C3030ALA630,3000592982016,0,,0,,,,,,,,0,,,,,,18596,,,,,,,,,,,,,,,,,,,,,,,,,,,,,,25,,,,,,0,,,,,,,,,,,,,,,,,,,,,,,,,,,,
2013-12-11,S1F0S4DQ,ST3000DM001,3000592982016,0,,50447800,,,,,,,,0,,,,,,10836,,,,,,,,,,,,,,,,,,,,,,,,,,,,,,34,,,,,,24,,,,,,,,,,,,,,,,,,,,,,,,,,,,
2013-12-11,PL1321LAG2ASBH,Hitachi HDS5C4040ALE630,4000787030016,0,,0,,,,,,,,0,,,,,,6649,,,,,,,,,,,,,,,,,,,,,,,,,,,,,,22,,,,,,0,,,,,,,,,,,,,,,,,,,,,,,,,,,,
2013-12-11,JK11A8B9J4RDEF,Hitachi HDS722020ALA330,2000398934016,0,,0,,,,,,,,0,,,,,,25123,,,,,,,,,,,,,,,,,,,,,,,,,,,,,,27,,,,,,0,,,,,,,,,,,,,,,,,,,,,,,,,,,,
2013-12-11,JK11A8B9J81XRF,Hitachi HDS722020ALA330,2000398934016,0,,0,,,,,,,,0,,,,,,25125,,,,,,,,,,,,,,,,,,,,,,,,,,,,,,30,,,,,,0,,,,,,,,,,,,,,,,,,,,,,,,,,,,
2013-12-11,9XW03LXT,ST31500541AS,1500301910016,0,,38700583,,,,,,,,164,,,,,,33175,,,,,,,,,,,,,,,,,,,,,,,,,,,,,,19,,,,,,0,,,,,,,,,,,,,,,,,,,,,,,,,,,,
2013-12-11,PL1311LAG15TYA,Hitachi HDS5C4040ALE630,4000787030016,0,,0,,,,,,,,0,,,,,,6568,,,,,,,,,,,,,,,,,,,,,,,,,,,,,,30,,,,,,0,,,,,,,,,,,,,,,,,,,,,,,,,,,,
2013-12-11,JK11A1YAJD621V,Hitachi HDS722020ALA330,2000398934016,0,,65536,,,,,,,,0,,,,,,28840,,,,,,,,,,,,,,,,,,,,,,,,,,,,,,30,,,,,,0,,,,,,,,,,,,,,,,,,,,,,,,,,,,
2013-12-11,9XW01QWB,ST31500541AS,1500301910016,0,,12031567,,,,,,,,0,,,,,,34201,,,,,,,,,,,,,,,,,,,,,,,,,,,,,,19,,,,,,0,,,,,,,,,,,,,,,,,,,,,,,,,,,,
2013-12-11,Z300E4RY,ST4000DM000,4000787030016,0,,112811104,,,,,,,,0,,,,,,2261,,,,,,,,,,,,,,,,,,,,,,,,,,,,,,19,,,,,,0,,,,,,,,,,,,,,,,,,,,,,,,,,,,
2013-12-11,PL1310LAG0NBXA,Hitachi HDS5C4040ALE630,4000787030016,0,,0,,,,,,,,0,,,,,,12997,,,,,,,,,,,,,,,,,,,,,,,,,,,,,,28,,,,,,0,,,,,,,,,,,,,,,,,,,,,,,,,,,,
2013-12-11,6XW03BA0,ST31500541AS,1500301910016,0,,15829415,,,,,,,,0,,,,,,37442,,,,,,,,,,,,,,,,,,,,,,,,,,,,,,20,,,,,,0,,,,,,,,,,,,,,,,,,,,,,,,,,,,
2013-12-11,9XW01QW1,ST31500541AS,1500301910016,0,,117690330,,,,,,,,0,,,,,,35227,,,,,,,,,,,,,,,,,,,,,,,,,,,,,,21,,,,,,0,,,,,,,,,,,,,,,,,,,,,,,,,,,,
2013-12-11,MK0311YHG9491A,Hitachi HDS723030ALA640,3000592982016,0,,0,,,,,,,,0,,,,,,21460,,,,,,,,,,,,,,,,,,,,,,,,,,,,,,23,,,,,,0,,,,,,,,,,,,,,,,,,,,,,,,,,,,
2013-12-11,Z300KCNF,ST4000DM000,4000787030016,0,,161044128,,,,,,,,0,,,,,,2241,,,,,,,,,,,,,,,,,,,,,,,,,,,,,,21,,,,,,0,,,,,,,,,,,,,,,,,,,,,,,,,,,,
2013-12-11,Z300KCNN,ST4000DM000,4000787030016,0,,135586752,,,,,,,,0,,,,,,2241,,,,,,,,,,,,,,,,,,,,,,,,,,,,,,23,,,,,,0,,,,,,,,,,,,,,,,,,,,,,,,,,,,
2013-12-11,JK11A4B8JR762W,Hitachi HDS722020ALA330,2000398934016,0,,1,,,,,,,,0,,,,,,23821,,,,,,,,,,,,,,,,,,,,,,,,,,,,,,36,,,,,,0,,,,,,,,,,,,,,,,,,,,,,,,,,,,
2013-12-11,MK0311YHG2JS5A,Hitachi HDS723030ALA640,3000592982016,0,,0,,,,,,,,0,,,,,,22347,,,,,,,,,,,,,,,,,,,,,,,,,,,,,,26,,,,,,0,,,,,,,,,,,,,,,,,,,,,,,,,,,,
2013-12-11,JK11A8B9J72AWF,Hitachi HDS722020ALA330,2000398934016,0,,0,,,,,,,,1,,,,,,23577,,,,,,,,,,,,,,,,,,,,,,,,,,,,,,26,,,,,,0,,,,,,,,,,,,,,,,,,,,,,,,,,,,
2013-12-11,Z300WFYG,ST4000DM000,4000787030016,0,,164736056,,,,,,,,0,,,,,,613,,,,,,,,,,,,,,,,,,,,,,,,,,,,,,23,,,,,,0,,,,,,,,,,,,,,,,,,,,,,,,,,,,
2013-12-11,Z300PC7X,ST4000DM000,4000787030016,0,,150959864,,,,,,,,0,,,,,,1228,,,,,,,,,,,,,,,,,,,,,,,,,,,,,,22,,,,,,0,,,,,,,,,,,,,,,,,,,,,,,,,,,,
2013-12-11,PL1311LAG3A2NH,Hitachi HDS5C4040ALE630,4000787030016,0,,0,,,,,,,,0,,,,,,5052,,,,,,,,,,,,,,,,,,,,,,,,,,,,,,26,,,,,,0,,,,,,,,,,,,,,,,,,,,,,,,,,,,
2013-12-11,6XW03Z6J,ST31500541AS,1500301910016,0,,34738184,,,,,,,,0,,,,,,35758,,,,,,,,,,,,,,,,,,,,,,,,,,,,,,17,,,,,,0,,,,,,,,,,,,,,,,,,,,,,,,,,,,
2013-12-11,JK11A8B9J70ZVF,Hitachi HDS722020ALA330,2000398934016,0,,0,,,,,,,,0,,,,,,25583,,,,,,,,,,,,,,,,,,,,,,,,,,,,,,27,,,,,,0,,,,,,,,,,,,,,,,,,,,,,,,,,,,
2013-12-11,MJ1321YNG09T2A,Hitachi HDS5C3030ALA630,3000592982016,0,,0,,,,,,,,0,,,,,,20507,,,,,,,,,,,,,,,,,,,,,,,,,,,,,,23,,,,,,0,,,,,,,,,,,,,,,,,,,,,,,,,,,,
2013-12-11,PL1311LAG3DREH,Hitachi HDS5C4040ALE630,4000787030016,0,,0,,,,,,,,0,,,,,,5125,,,,,,,,,,,,,,,,,,,,,,,,,,,,,,26,,,,,,0,,,,,,,,,,,,,,,,,,,,,,,,,,,,
2013-12-11,MJ0351YNGA8Z5A,Hitachi HDS5C3030ALA630,3000592982016,0,,0,,,,,,,,0,,,,,,8505,,,,,,,,,,,,,,,,,,,,,,,,,,,,,,24,,,,,,0,,,,,,,,,,,,,,,,,,,,,,,,,,,,
2013-12-11,JK1101B9JS5ABR,Hitachi HDS722020ALA330,2000398934016,0,,65537,,,,,,,,0,,,,,,22685,,,,,,,,,,,,,,,,,,,,,,,,,,,,,,25,,,,,,0,,,,,,,,,,,,,,,,,,,,,,,,,,,,
2013-12-11,9VS3G2EH,ST31500341AS,1500301910016,0,,176036039,,,,,,,,54,,,,,,30545,,,,,,,,,,,,,,,,,,,,,,,,,,,,,,31,,,,,,0,,,,,,,,,,,,,,,,,,,,,,,,,,,,
2013-12-11,MJ0351YNGA6EDA,Hitachi HDS5C3030ALA630,3000592982016,0,,0,,,,,,,,0,,,,,,9129,,,,,,,,,,,,,,,,,,,,,,,,,,,,,,28,,,,,,0,,,,,,,,,,,,,,,,,,,,,,,,,,,,
2013-12-11,6XW01QYH,ST31500541AS,1500301910016,0,,37206210,,,,,,,,0,,,,,,35749,,,,,,,,,,,,,,,,,,,,,,,,,,,,,,19,,,,,,0,,,,,,,,,,,,,,,,,,,,,,,,,,,,
2013-12-11,MJ1311YNG7BHKA,Hitachi HDS5C3030ALA630,3000592982016,0,,0,,,,,,,,0,,,,,,14291,,,,,,,,,,,,,,,,,,,,,,,,,,,,,,28,,,,,,0,,,,,,,,,,,,,,,,,,,,,,,,,,,,
2013-12-11,JK1101B9KP3X2R,Hitachi HDS722020ALA330,2000398934016,0,,0,,,,,,,,8,,,,,,23099,,,,,,,,,,,,,,,,,,,,,,,,,,,,,,28,,,,,,0,,,,,,,,,,,,,,,,,,,,,,,,,,,,
2013-12-11,Z300K9HE,ST4000DM000,4000787030016,0,,29602152,,,,,,,,0,,,,,,2258,,,,,,,,,,,,,,,,,,,,,,,,,,,,,,22,,,,,,0,,,,,,,,,,,,,,,,,,,,,,,,,,,,
2013-12-11,W3005MVA,ST4000DM000,4000787030016,0,,206024720,,,,,,,,0,,,,,,2893,,,,,,,,,,,,,,,,,,,,,,,,,,,,,,23,,,,,,0,,,,,,,,,,,,,,,,,,,,,,,,,,,,
2013-12-11,Z300BX4G,ST4000DM000,4000787030016,0,,98669728,,,,,,,,0,,,,,,1331,,,,,,,,,,,,,,,,,,,,,,,,,,,,,,22,,,,,,0,,,,,,,,,,,,,,,,,,,,,,,,,,,,
2013-12-11,PL1321LAGAW7JH,Hitachi HDS5C4040ALE630,4000787030016,0,,0,,,,,,,,0,,,,,,5066,,,,,,,,,,,,,,,,,,,,,,,,,,,,,,31,,,,,,0,,,,,,,,,,,,,,,,,,,,,,,,,,,,
2013-12-11,MJ1311YNG5XDSA,Hitachi HDS5C3030ALA630,3000592982016,0,,0,,,,,,,,0,,,,,,14682,,,,,,,,,,,,,,,,,,,,,,,,,,,,,,19,,,,,,0,,,,,,,,,,,,,,,,,,,,,,,,,,,,
2013-12-11,S1F0LBV2,ST3000DM001,3000592982016,0,,224074784,,,,,,,,0,,,,,,12319,,,,,,,,,,,,,,,,,,,,,,,,,,,,,,29,,,,,,0,,,,,,,,,,,,,,,,,,,,,,,,,,,,
2013-12-11,PL2311LAG1LYPC,Hitachi HDS5C4040ALE630,4000787030016,0,,0,,,,,,,,0,,,,,,7459,,,,,,,,,,,,,,,,,,,,,,,,,,,,,,23,,,,,,0,,,,,,,,,,,,,,,,,,,,,,,,,,,,
2013-12-11,6XW0REE9,ST31500541AS,1500301910016,0,,106844820,,,,,,,,483,,,,,,33863,,,,,,,,,,,,,,,,,,,,,,,,,,,,,,20,,,,,,7,,,,,,,,,,,,,,,,,,,,,,,,,,,,
2013-12-11,PL1311LAG3DLDH,Hitachi HDS5C4040ALE630,4000787030016,0,,0,,,,,,,,0,,,,,,5036,,,,,,,,,,,,,,,,,,,,,,,,,,,,,,29,,,,,,0,,,,,,,,,,,,,,,,,,,,,,,,,,,,
2013-12-11,PL1311LAG1ZA1A,Hitachi HDS5C4040ALE630,4000787030016,0,,0,,,,,,,,0,,,,,,6619,,,,,,,,,,,,,,,,,,,,,,,,,,,,,,26,,,,,,0,,,,,,,,,,,,,,,,,,,,,,,,,,,,
2013-12-11,S1F02HB8,ST3000DM001,3000592982016,0,,52790504,,,,,,,,0,,,,,,15239,,,,,,,,,,,,,,,,,,,,,,,,,,,,,,18,,,,,,0,,,,,,,,,,,,,,,,,,,,,,,,,,,,
2013-12-11,PL1311LAG3D6PH,Hitachi HDS5C4040ALE630,4000787030016,0,,0,,,,,,,,0,,,,,,3630,,,,,,,,,,,,,,,,,,,,,,,,,,,,,,30,,,,,,0,,,,,,,,,,,,,,,,,,,,,,,,,,,,
2013-12-11,PL1311LAG2BAXH,Hitachi HDS5C4040ALE630,4000787030016,0,,0,,,,,,,,0,,,,,,7402,,,,,,,,,,,,,,,,,,,,,,,,,,,,,,25,,,,,,0,,,,,,,,,,,,,,,,,,,,,,,,,,,,
2013-12-11,W300CSXJ,ST4000DM000,4000787030016,0,,215906080,,,,,,,,0,,,,,,2248,,,,,,,,,,,,,,,,,,,,,,,,,,,,,,22,,,,,,0,,,,,,,,,,,,,,,,,,,,,,,,,,,,
2013-12-11,PL1311LAG38S1H,Hitachi HDS5C4040ALE630,4000787030016,0,,0,,,,,,,,0,,,,,,6637,,,,,,,,,,,,,,,,,,,,,,,,,,,,,,26,,,,,,0,,,,,,,,,,,,,,,,,,,,,,,,,,,,
2013-12-11,JK2171B9J02THL,Hitachi HDS722020ALA330,2000398934016,0,,0,,,,,,,,0,,,,,,26010,,,,,,,,,,,,,,,,,,,,,,,,,,,,,,29,,,,,,0,,,,,,,,,,,,,,,,,,,,,,,,,,,,
2013-12-11,JK11A8B9J30KVF,Hitachi HDS722020ALA330,2000398934016,0,,0,,,,,,,,0,,,,,,24341,,,,,,,,,,,,,,,,,,,,,,,,,,,,,,23,,,,,,0,,,,,,,,,,,,,,,,,,,,,,,,,,,,
2013-12-11,W3005ZL2,ST4000DM000,4000787030016,0,,142479576,,,,,,,,0,,,,,,2845,,,,,,,,,,,,,,,,,,,,,,,,,,,,,,27,,,,,,0,,,,,,,,,,,,,,,,,,,,,,,,,,,,
2013-12-11,W1F0TVM8,ST3000DM001,3000592982016,0,,46450368,,,,,,,,15128,,,,,,10737,,,,,,,,,,,,,,,,,,,,,,,,,,,,,,24,,,,,,0,,,,,,,,,,,,,,,,,,,,,,,,,,,,
2013-12-11,PL1321LAG363TH,Hitachi HDS5C4040ALE630,4000787030016,0,,0,,,,,,,,0,,,,,,5670,,,,,,,,,,,,,,,,,,,,,,,,,,,,,,17,,,,,,0,,,,,,,,,,,,,,,,,,,,,,,,,,,,
2013-12-11,JK11A8B9J8559F,Hitachi HDS722020ALA330,2000398934016,0,,0,,,,,,,,0,,,,,,25119,,,,,,,,,,,,,,,,,,,,,,,,,,,,,,33,,,,,,0,,,,,,,,,,,,,,,,,,,,,,,,,,,,
2013-12-11,S1F0BG2K,ST3000DM001,3000592982016,0,,25641640,,,,,,,,0,,,,,,12418,,,,,,,,,,,,,,,,,,,,,,,,,,,,,,30,,,,,,0,,,,,,,,,,,,,,,,,,,,,,,,,,,,
2013-12-11,S1F0BG2J,ST3000DM001,3000592982016,0,,58527848,,,,,,,,0,,,,,,12359,,,,,,,,,,,,,,,,,,,,,,,,,,,,,,25,,,,,,0,,,,,,,,,,,,,,,,,,,,,,,,,,,,
2013-12-11,W1F0T3L8,ST3000DM001,3000592982016,0,,58061896,,,,,,,,0,,,,,,11015,,,,,,,,,,,,,,,,,,,,,,,,,,,,,,27,,,,,,8,,,,,,,,,,,,,,,,,,,,,,,,,,,,
2013-12-11,JK1101B9KJXJPF,Hitachi HDS722020ALA330,2000398934016,0,,0,,,,,,,,0,,,,,,22861,,,,,,,,,,,,,,,,,,,,,,,,,,,,,,27,,,,,,0,,,,,,,,,,,,,,,,,,,,,,,,,,,,
2013-12-11,MJ1313YNG2460C,Hitachi HDS5C3030ALA630,3000592982016,0,,0,,,,,,,,0,,,,,,21796,,,,,,,,,,,,,,,,,,,,,,,,,,,,,,27,,,,,,0,,,,,,,,,,,,,,,,,,,,,,,,,,,,
2013-12-11,JK11A8B9J39GGF,Hitachi HDS722020ALA330,2000398934016,0,,1,,,,,,,,0,,,,,,24428,,,,,,,,,,,,,,,,,,,,,,,,,,,,,,29,,,,,,0,,,,,,,,,,,,,,,,,,,,,,,,,,,,
2013-12-11,Z300TWV6,ST4000DM000,4000787030016,0,,110965208,,,,,,,,0,,,,,,957,,,,,,,,,,,,,,,,,,,,,,,,,,,,,,22,,,,,,0,,,,,,,,,,,,,,,,,,,,,,,,,,,,
2013-12-11,PL1311LAG1YT6A,Hitachi HDS5C4040ALE630,4000787030016,0,,0,,,,,,,,0,,,,,,7760,,,,,,,,,,,,,,,,,,,,,,,,,,,,,,18,,,,,,0,,,,,,,,,,,,,,,,,,,,,,,,,,,,
2013-12-11,JK1101B9JNMTUF,Hitachi HDS722020ALA330,2000398934016,0,,1245234,,,,,,,,19,,,,,,23577,,,,,,,,,,,,,,,,,,,,,,,,,,,,,,24,,,,,,1,,,,,,,,,,,,,,,,,,,,,,,,,,,,
2013-12-11,MJ0351YNGABU6A,Hitachi HDS5C3030ALA630,3000592982016,0,,0,,,,,,,,0,,,,,,8212,,,,,,,,,,,,,,,,,,,,,,,,,,,,,,33,,,,,,1,,,,,,,,,,,,,,,,,,,,,,,,,,,,
2013-12-11,S1F03644,ST3000DM001,3000592982016,0,,100647008,,,,,,,,0,,,,,,15620,,,,,,,,,,,,,,,,,,,,,,,,,,,,,,24,,,,,,8,,,,,,,,,,,,,,,,,,,,,,,,,,,,
2013-12-11,W1F15NRT,ST3000DM001,3000592982016,0,,99377040,,,,,,,,0,,,,,,7993,,,,,,,,,,,,,,,,,,,,,,,,,,,,,,29,,,,,,0,,,,,,,,,,,,,,,,,,,,,,,,,,,,
2013-12-11,W1F0VA0G,ST3000DM001,3000592982016,0,,215954120,,,,,,,,0,,,,,,11687,,,,,,,,,,,,,,,,,,,,,,,,,,,,,,27,,,,,,0,,,,,,,,,,,,,,,,,,,,,,,,,,,,
2013-12-11,MJ1321YNG0H8JA,Hitachi HDS5C3030ALA630,3000592982016,0,,524288,,,,,,,,0,,,,,,20479,,,,,,,,,,,,,,,,,,,,,,,,,,,,,,28,,,,,,0,,,,,,,,,,,,,,,,,,,,,,,,,,,,
2013-12-11,9VS2AES9,ST31500341AS,1500301910016,0,,82456321,,,,,,,,180,,,,,,38654,,,,,,,,,,,,,,,,,,,,,,,,,,,,,,23,,,,,,0,,,,,,,,,,,,,,,,,,,,,,,,,,,,
2013-12-11,JK1101YAK8T3AV,Hitachi HDS722020ALA330,2000398934016,0,,1,,,,,,,,0,,,,,,29653,,,,,,,,,,,,,,,,,,,,,,,,,,,,,,27,,,,,,0,,,,,,,,,,,,,,,,,,,,,,,,,,,,
2013-12-11,JK11A8B9J8E9XF,Hitachi HDS722020ALA330,2000398934016,0,,1,,,,,,,,5,,,,,,24971,,,,,,,,,,,,,,,,,,,,,,,,,,,,,,27,,,,,,0,,,,,,,,,,,,,,,,,,,,,,,,,,,,
2013-12-11,6XW1EFJ2,ST32000542AS,2000398934016,0,,196954954,,,,,,,,0,,,,,,13014,,,,,,,,,,,,,,,,,,,,,,,,,,,,,,24,,,,,,0,,,,,,,,,,,,,,,,,,,,,,,,,,,,
2013-12-11,S1F0364P,ST3000DM001,3000592982016,0,,50491432,,,,,,,,0,,,,,,16200,,,,,,,,,,,,,,,,,,,,,,,,,,,,,,23,,,,,,0,,,,,,,,,,,,,,,,,,,,,,,,,,,,
2013-12-11,JK11A8B9J3KKJF,Hitachi HDS722020ALA330,2000398934016,0,,0,,,,,,,,0,,,,,,23636,,,,,,,,,,,,,,,,,,,,,,,,,,,,,,31,,,,,,0,,,,,,,,,,,,,,,,,,,,,,,,,,,,
2013-12-11,5XW0MK12,ST32000542AS,2000398934016,0,,215706289,,,,,,,,0,,,,,,6484,,,,,,,,,,,,,,,,,,,,,,,,,,,,,,24,,,,,,0,,,,,,,,,,,,,,,,,,,,,,,,,,,,
2013-12-11,S1F0R4JP,ST3000DM001,3000592982016,0,,18459272,,,,,,,,0,,,,,,11683,,,,,,,,,,,,,,,,,,,,,,,,,,,,,,30,,,,,,0,,,,,,,,,,,,,,,,,,,,,,,,,,,,
2013-12-11,JK11A8B9J2UREF,Hitachi HDS722020ALA330,2000398934016,0,,0,,,,,,,,0,,,,,,23710,,,,,,,,,,,,,,,,,,,,,,,,,,,,,,24,,,,,,0,,,,,,,,,,,,,,,,,,,,,,,,,,,,
2013-12-11,JK1101B9JPB5ZR,Hitachi HDS722020ALA330,2000398934016,0,,0,,,,,,,,0,,,,,,23990,,,,,,,,,,,,,,,,,,,,,,,,,,,,,,28,,,,,,0,,,,,,,,,,,,,,,,,,,,,,,,,,,,
2013-12-11,PL1311LAG2NH1H,Hitachi HDS5C4040ALE630,4000787030016,0,,0,,,,,,,,0,,,,,,5125,,,,,,,,,,,,,,,,,,,,,,,,,,,,,,29,,,,,,0,,,,,,,,,,,,,,,,,,,,,,,,,,,,
2013-12-11,S1F0R4JY,ST3000DM001,3000592982016,0,,49118680,,,,,,,,0,,,,,,10759,,,,,,,,,,,,,,,,,,,,,,,,,,,,,,24,,,,,,0,,,,,,,,,,,,,,,,,,,,,,,,,,,,
2013-12-11,W1F0A0PQ,ST3000DM001,3000592982016,0,,25385384,,,,,,,,0,,,,,,15366,,,,,,,,,,,,,,,,,,,,,,,,,,,,,,22,,,,,,0,,,,,,,,,,,,,,,,,,,,,,,,,,,,
2013-12-11,9VS24R0K,ST31500341AS,1500301910016,0,,24622953,,,,,,,,13,,,,,,33983,,,,,,,,,,,,,,,,,,,,,,,,,,,,,,31,,,,,,0,,,,,,,,,,,,,,,,,,,,,,,,,,,,
2013-12-11,W1F120F3,ST3000DM001,3000592982016,0,,54239272,,,,,,,,0,,,,,,10209,,,,,,,,,,,,,,,,,,,,,,,,,,,,,,23,,,,,,0,,,,,,,,,,,,,,,,,,,,,,,,,,,,
2013-12-11,MJ1311YNG6UV4A,Hitachi HDS5C3030ALA630,3000592982016,0,,0,,,,,,,,0,,,,,,14288,,,,,,,,,,,,,,,,,,,,,,,,,,,,,,32,,,,,,0,,,,,,,,,,,,,,,,,,,,,,,,,,,,
2013-12-11,W1F0T3LK,ST3000DM001,3000592982016,0,,231484376,,,,,,,,0,,,,,,9266,,,,,,,,,,,,,,,,,,,,,,,,,,,,,,20,,,,,,0,,,,,,,,,,,,,,,,,,,,,,,,,,,,
2013-12-11,Z262A0TAS,TOSHIBA DT01ACA300,3000592982016,0,,0,,,,,,,,0,,,,,,6612,,,,,,,,,,,,,,,,,,,,,,,,,,,,,,26,,,,,,0,,,,,,,,,,,,,,,,,,,,,,,,,,,,
2013-12-11,W1F06QVP,ST3000DM001,3000592982016,0,,49450712,,,,,,,,0,,,,,,4183,,,,,,,,,,,,,,,,,,,,,,,,,,,,,,18,,,,,,0,,,,,,,,,,,,,,,,,,,,,,,,,,,,
2013-12-11,Z290SYWL,ST33000651AS,3000592982016,0,,192661064,,,,,,,,0,,,,,,17740,,,,,,,,,,,,,,,,,,,,,,,,,,,,,,23,,,,,,0,,,,,,,,,,,,,,,,,,,,,,,,,,,,
2013-12-11,MK0333YHGP5B6C,Hitachi HDS723030ALA640,3000592982016,0,,0,,,,,,,,0,,,,,,18088,,,,,,,,,,,,,,,,,,,,,,,,,,,,,,31,,,,,,1,,,,,,,,,,,,,,,,,,,,,,,,,,,,
2013-12-11,MJ0351YNG9RWAA,Hitachi HDS5C3030ALA630,3000592982016,0,,0,,,,,,,,0,,,,,,8870,,,,,,,,,,,,,,,,,,,,,,,,,,,,,,29,,,,,,0,,,,,,,,,,,,,,,,,,,,,,,,,,,,
2013-12-11,PL1311LAG36G8H,Hitachi HDS5C4040ALE630,4000787030016,0,,0,,,,,,,,0,,,,,,6641,,,,,,,,,,,,,,,,,,,,,,,,,,,,,,26,,,,,,0,,,,,,,,,,,,,,,,,,,,,,,,,,,,
2013-12-11,JK11A8B9J7X3JF,Hitachi HDS722020ALA330,2000398934016,0,,0,,,,,,,,0,,,,,,26003,,,,,,,,,,,,,,,,,,,,,,,,,,,,,,28,,,,,,0,,,,,,,,,,,,,,,,,,,,,,,,,,,,
2013-12-11,Z300KM1Z,ST4000DM000,4000787030016,0,,211285320,,,,,,,,0,,,,,,2245,,,,,,,,,,,,,,,,,,,,,,,,,,,,,,21,,,,,,0,,,,,,,,,,,,,,,,,,,,,,,,,,,,
2013-12-11,JK1131YAGBYPEV,Hitachi HDS722020ALA330,2000398934016,0,,0,,,,,,,,0,,,,,,18603,,,,,,,,,,,,,,,,,,,,,,,,,,,,,,27,,,,,,0,,,,,,,,,,,,,,,,,,,,,,,,,,,,
2013-12-11,MJ0351YNGA0DTA,Hitachi HDS5C3030ALA630,3000592982016,0,,0,,,,,,,,0,,,,,,9315,,,,,,,,,,,,,,,,,,,,,,,,,,,,,,29,,,,,,0,,,,,,,,,,,,,,,,,,,,,,,,,,,,
2013-12-11,PL1321LAG34JNH,Hitachi HDS5C4040ALE630,4000787030016,0,,0,,,,,,,,0,,,,,,6650,,,,,,,,,,,,,,,,,,,,,,,,,,,,,,22,,,,,,0,,,,,,,,,,,,,,,,,,,,,,,,,,,,
2013-12-11,PL1311LAG3D49H,Hitachi HDS5C4040ALE630,4000787030016,0,,0,,,,,,,,0,,,,,,6641,,,,,,,,,,,,,,,,,,,,,,,,,,,,,,28,,,,,,0,,,,,,,,,,,,,,,,,,,,,,,,,,,,
2013-12-11,Z300KM1G,ST4000DM000,4000787030016,0,,90306192,,,,,,,,0,,,,,,2244,,,,,,,,,,,,,,,,,,,,,,,,,,,,,,22,,,,,,0,,,,,,,,,,,,,,,,,,,,,,,,,,,,
2013-12-11,S1F050ND,ST3000DM001,3000592982016,0,,218280040,,,,,,,,0,,,,,,13358,,,,,,,,,,,,,,,,,,,,,,,,,,,,,,26,,,,,,0,,,,,,,,,,,,,,,,,,,,,,,,,,,,
2013-12-11,MJ0351YNG9YZWA,Hitachi HDS5C3030ALA630,3000592982016,0,,0,,,,,,,,0,,,,,,9972,,,,,,,,,,,,,,,,,,,,,,,,,,,,,,27,,,,,,0,,,,,,,,,,,,,,,,,,,,,,,,,,,,
2013-12-11,W30090SL,ST4000DM000,4000787030016,0,,233249080,,,,,,,,0,,,,,,4140,,,,,,,,,,,,,,,,,,,,,,,,,,,,,,23,,,,,,0,,,,,,,,,,,,,,,,,,,,,,,,,,,,
2013-12-11,JK11A8B9J3972F,Hitachi HDS722020ALA330,2000398934016,0,,0,,,,,,,,0,,,,,,24425,,,,,,,,,,,,,,,,,,,,,,,,,,,,,,30,,,,,,0,,,,,,,,,,,,,,,,,,,,,,,,,,,,
2013-12-11,MJ1321YNG05EDA,Hitachi HDS5C3030ALA630,3000592982016,0,,0,,,,,,,,0,,,,,,18595,,,,,,,,,,,,,,,,,,,,,,,,,,,,,,24,,,,,,0,,,,,,,,,,,,,,,,,,,,,,,,,,,,
2013-12-11,PL1321LAG34PWH,Hitachi HDS5C4040ALE630,4000787030016,0,,0,,,,,,,,0,,,,,,6654,,,,,,,,,,,,,,,,,,,,,,,,,,,,,,20,,,,,,0,,,,,,,,,,,,,,,,,,,,,,,,,,,,
2013-12-11,JK1101B9JP8ARR,Hitachi HDS722020ALA330,2000398934016,0,,0,,,,,,,,0,,,,,,23991,,,,,,,,,,,,,,,,,,,,,,,,,,,,,,35,,,,,,0,,,,,,,,,,,,,,,,,,,,,,,,,,,,
2013-12-11,JK1171B8GNPDZS,Hitachi HDS722020ALA330,2000398934016,0,,0,,,,,,,,0,,,,,,26837,,,,,,,,,,,,,,,,,,,,,,,,,,,,,,27,,,,,,0,,,,,,,,,,,,,,,,,,,,,,,,,,,,
2013-12-11,W300E1XK,ST4000DM000,4000787030016,0,,15570168,,,,,,,,0,,,,,,4140,,,,,,,,,,,,,,,,,,,,,,,,,,,,,,25,,,,,,0,,,,,,,,,,,,,,,,,,,,,,,,,,,,
2013-12-11,WD-WCAWZ0258256,WDC WD30EZRS,3000592982016,0,,0,,,,,,,,0,,,,,,10569,,,,,,,,,,,,,,,,,,,,,,,,,,,,,,24,,,,,,0,,,,,,,,,,,,,,,,,,,,,,,,,,,,
2013-12-11,JK11A8B9J3B63F,Hitachi HDS722020ALA330,2000398934016,0,,0,,,,,,,,0,,,,,,22695,,,,,,,,,,,,,,,,,,,,,,,,,,,,,,28,,,,,,0,,,,,,,,,,,,,,,,,,,,,,,,,,,,
2013-12-11,W3008ZRK,ST4000DM000,4000787030016,0,,149144664,,,,,,,,0,,,,,,3238,,,,,,,,,,,,,,,,,,,,,,,,,,,,,,17,,,,,,0,,,,,,,,,,,,,,,,,,,,,,,,,,,,
2013-12-11,5XW0CC66,ST32000542AS,2000398934016,0,,175125815,,,,,,,,0,,,,,,7816,,,,,,,,,,,,,,,,,,,,,,,,,,,,,,19,,,,,,0,,,,,,,,,,,,,,,,,,,,,,,,,,,,
2013-12-11,9VS3JCYW,ST31500341AS,1500301910016,0,,55600470,,,,,,,,59,,,,,,32919,,,,,,,,,,,,,,,,,,,,,,,,,,,,,,20,,,,,,0,,,,,,,,,,,,,,,,,,,,,,,,,,,,
2013-12-11,MK0331YHGLGK6A,Hitachi HDS723030ALA640,3000592982016,0,,0,,,,,,,,0,,,,,,17358,,,,,,,,,,,,,,,,,,,,,,,,,,,,,,23,,,,,,0,,,,,,,,,,,,,,,,,,,,,,,,,,,,
2013-12-11,W300JQ3A,ST4000DM000,4000787030016,0,,160433552,,,,,,,,0,,,,,,2239,,,,,,,,,,,,,,,,,,,,,,,,,,,,,,18,,,,,,0,,,,,,,,,,,,,,,,,,,,,,,,,,,,
2013-12-11,W300H3QA,ST4000DM000,4000787030016,0,,47834320,,,,,,,,0,,,,,,815,,,,,,,,,,,,,,,,,,,,,,,,,,,,,,21,,,,,,0,,,,,,,,,,,,,,,,,,,,,,,,,,,,
2013-12-11,PL1321LAG346DH,Hitachi HDS5C4040ALE630,4000787030016,0,,0,,,,,,,,0,,,,,,6649,,,,,,,,,,,,,,,,,,,,,,,,,,,,,,23,,,,,,0,,,,,,,,,,,,,,,,,,,,,,,,,,,,
2013-12-11,W300J9XY,ST4000DM000,4000787030016,0,,10394368,,,,,,,,0,,,,,,2239,,,,,,,,,,,,,,,,,,,,,,,,,,,,,,21,,,,,,0,,,,,,,,,,,,,,,,,,,,,,,,,,,,
2013-12-11,MJ0351YNG9MU2A,Hitachi HDS5C3030ALA630,3000592982016,0,,0,,,,,,,,0,,,,,,9772,,,,,,,,,,,,,,,,,,,,,,,,,,,,,,30,,,,,,0,,,,,,,,,,,,,,,,,,,,,,,,,,,,
2013-12-11,WD-WCAWZ1147005,WDC WD30EZRX,3000592982016,0,,0,,,,,,,,0,,,,,,17624,,,,,,,,,,,,,,,,,,,,,,,,,,,,,,24,,,,,,0,,,,,,,,,,,,,,,,,,,,,,,,,,,,
2013-12-11,9XW01V2Z,ST31500541AS,1500301910016,0,,177225555,,,,,,,,0,,,,,,35040,,,,,,,,,,,,,,,,,,,,,,,,,,,,,,20,,,,,,0,,,,,,,,,,,,,,,,,,,,,,,,,,,,
2013-12-11,JK1105B8G76WAX,Hitachi HDS722020ALA330,2000398934016,0,,1,,,,,,,,0,,,,,,26766,,,,,,,,,,,,,,,,,,,,,,,,,,,,,,28,,,,,,0,,,,,,,,,,,,,,,,,,,,,,,,,,,,
2013-12-11,WD-WMC1T0810328,WDC WD30EFRX,3000592982016,0,,0,,,,,,,,0,,,,,,8840,,,,,,,,,,,,,,,,,,,,,,,,,,,,,,27,,,,,,0,,,,,,,,,,,,,,,,,,,,,,,,,,,,
2013-12-11,5XW0620T,ST31500541AS,1500301910016,0,,144962793,,,,,,,,0,,,,,,32883,,,,,,,,,,,,,,,,,,,,,,,,,,,,,,22,,,,,,0,,,,,,,,,,,,,,,,,,,,,,,,,,,,
2013-12-11,JK1105B8GEUA3X,Hitachi HDS722020ALA330,2000398934016,0,,0,,,,,,,,0,,,,,,27222,,,,,,,,,,,,,,,,,,,,,,,,,,,,,,31,,,,,,0,,,,,,,,,,,,,,,,,,,,,,,,,,,,
2013-12-11,JK11A8B9J7H06F,Hitachi HDS722020ALA330,2000398934016,0,,0,,,,,,,,0,,,,,,25580,,,,,,,,,,,,,,,,,,,,,,,,,,,,,,26,,,,,,0,,,,,,,,,,,,,,,,,,,,,,,,,,,,
2013-12-11,9XW01V2K,ST31500541AS,1500301910016,0,,24934910,,,,,,,,0,,,,,,35046,,,,,,,,,,,,,,,,,,,,,,,,,,,,,,16,,,,,,0,,,,,,,,,,,,,,,,,,,,,,,,,,,,
2013-12-11,MJ0351YNGA6L8A,Hitachi HDS5C3030ALA630,3000592982016,0,,0,,,,,,,,0,,,,,,9315,,,,,,,,,,,,,,,,,,,,,,,,,,,,,,32,,,,,,0,,,,,,,,,,,,,,,,,,,,,,,,,,,,
2013-12-11,W1F0VDH2,ST3000DM001,3000592982016,0,,143410184,,,,,,,,0,,,,,,9265,,,,,,,,,,,,,,,,,,,,,,,,,,,,,,29,,,,,,0,,,,,,,,,,,,,,,,,,,,,,,,,,,,
2013-12-11,5XW2LJ13,ST32000542AS,2000398934016,0,,93377742,,,,,,,,0,,,,,,9288,,,,,,,,,,,,,,,,,,,,,,,,,,,,,,23,,,,,,0,,,,,,,,,,,,,,,,,,,,,,,,,,,,
2013-12-11,PL1311LAG204JA,Hitachi HDS5C4040ALE630,4000787030016,0,,0,,,,,,,,0,,,,,,7437,,,,,,,,,,,,,,,,,,,,,,,,,,,,,,25,,,,,,0,,,,,,,,,,,,,,,,,,,,,,,,,,,,
2013-12-11,PL1311LAG1BD8A,Hitachi HDS5C4040ALE630,4000787030016,0,,0,,,,,,,,0,,,,,,7453,,,,,,,,,,,,,,,,,,,,,,,,,,,,,,23,,,,,,0,,,,,,,,,,,,,,,,,,,,,,,,,,,,
2013-12-11,Z1F0FAZJ,ST3000DM001,3000592982016,0,,80237352,,,,,,,,0,,,,,,10567,,,,,,,,,,,,,,,,,,,,,,,,,,,,,,20,,,,,,0,,,,,,,,,,,,,,,,,,,,,,,,,,,,
2013-12-11,Z300D38V,ST4000DM000,4000787030016,0,,8114448,,,,,,,,0,,,,,,2257,,,,,,,,,,,,,,,,,,,,,,,,,,,,,,20,,,,,,0,,,,,,,,,,,,,,,,,,,,,,,,,,,,
2013-12-11,JK1175YAK92BJX,Hitachi HDS722020ALA330,2000398934016,0,,131075,,,,,,,,0,,,,,,29653,,,,,,,,,,,,,,,,,,,,,,,,,,,,,,28,,,,,,0,,,,,,,,,,,,,,,,,,,,,,,,,,,,
2013-12-11,MJ0351YNG9W71A,Hitachi HDS5C3030ALA630,3000592982016,0,,0,,,,,,,,0,,,,,,9901,,,,,,,,,,,,,,,,,,,,,,,,,,,,,,26,,,,,,0,,,,,,,,,,,,,,,,,,,,,,,,,,,,
2013-12-11,S1F04SP0,ST3000DM001,3000592982016,0,,40323248,,,,,,,,0,,,,,,13342,,,,,,,,,,,,,,,,,,,,,,,,,,,,,,29,,,,,,0,,,,,,,,,,,,,,,,,,,,,,,,,,,,
2013-12-11,JK11A8B9GPAUMF,Hitachi HDS722020ALA330,2000398934016,0,,0,,,,,,,,0,,,,,,26763,,,,,,,,,,,,,,,,,,,,,,,,,,,,,,28,,,,,,0,,,,,,,,,,,,,,,,,,,,,,,,,,,,
2013-12-11,S1F06GVM,ST3000DM001,3000592982016,0,,211925432,,,,,,,,0,,,,,,12397,,,,,,,,,,,,,,,,,,,,,,,,,,,,,,22,,,,,,0,,,,,,,,,,,,,,,,,,,,,,,,,,,,
2013-12-11,S1F04DP4,ST3000DM001,3000592982016,0,,18942952,,,,,,,,0,,,,,,15402,,,,,,,,,,,,,,,,,,,,,,,,,,,,,,22,,,,,,0,,,,,,,,,,,,,,,,,,,,,,,,,,,,
2013-12-11,6XW1A1XK,ST32000542AS,2000398934016,0,,35670276,,,,,,,,0,,,,,,31706,,,,,,,,,,,,,,,,,,,,,,,,,,,,,,25,,,,,,1,,,,,,,,,,,,,,,,,,,,,,,,,,,,
2013-12-11,MK0311YHG2K34A,Hitachi HDS723030ALA640,3000592982016,0,,0,,,,,,,,0,,,,,,22347,,,,,,,,,,,,,,,,,,,,,,,,,,,,,,25,,,,,,0,,,,,,,,,,,,,,,,,,,,,,,,,,,,
2013-12-11,6XW04BN8,ST31500541AS,1500301910016,0,,67378152,,,,,,,,0,,,,,,35750,,,,,,,,,,,,,,,,,,,,,,,,,,,,,,23,,,,,,0,,,,,,,,,,,,,,,,,,,,,,,,,,,,
2013-12-11,PL2311LAG1H6GC,Hitachi HDS5C4040ALE630,4000787030016,0,,0,,,,,,,,0,,,,,,7759,,,,,,,,,,,,,,,,,,,,,,,,,,,,,,21,,,,,,0,,,,,,,,,,,,,,,,,,,,,,,,,,,,
2013-12-11,MJ1311YNG5XT9A,Hitachi HDS5C3030ALA630,3000592982016,0,,0,,,,,,,,0,,,,,,14681,,,,,,,,,,,,,,,,,,,,,,,,,,,,,,28,,,,,,0,,,,,,,,,,,,,,,,,,,,,,,,,,,,
2013-12-11,MK0301YHGDG7NA,Hitachi HDS723030ALA640,3000592982016,0,,575,,,,,,,,0,,,,,,21460,,,,,,,,,,,,,,,,,,,,,,,,,,,,,,25,,,,,,0,,,,,,,,,,,,,,,,,,,,,,,,,,,,
2013-12-11,MJ0351YNG9UWVA,Hitachi HDS5C3030ALA630,3000592982016,0,,0,,,,,,,,0,,,,,,8603,,,,,,,,,,,,,,,,,,,,,,,,,,,,,,31,,,,,,0,,,,,,,,,,,,,,,,,,,,,,,,,,,,
2013-12-11,W300C0F1,ST4000DM000,4000787030016,0,,209757712,,,,,,,,0,,,,,,4139,,,,,,,,,,,,,,,,,,,,,,,,,,,,,,23,,,,,,0,,,,,,,,,,,,,,,,,,,,,,,,,,,,
2013-12-11,JK1130YAGV2MLT,Hitachi HDS722020ALA330,2000398934016,0,,65539,,,,,,,,0,,,,,,25991,,,,,,,,,,,,,,,,,,,,,,,,,,,,,,29,,,,,,0,,,,,,,,,,,,,,,,,,,,,,,,,,,,
2013-12-11,Z1F1473X,ST3000DM001,3000592982016,0,,2163824,,,,,,,,0,,,,,,8165,,,,,,,,,,,,,,,,,,,,,,,,,,,,,,29,,,,,,0,,,,,,,,,,,,,,,,,,,,,,,,,,,,
2013-12-11,WD-WCAWZ1292243,WDC WD30EZRX,3000592982016,0,,0,,,,,,,,0,,,,,,15835,,,,,,,,,,,,,,,,,,,,,,,,,,,,,,22,,,,,,0,,,,,,,,,,,,,,,,,,,,,,,,,,,,
2013-12-11,MK0301YHGLAXHA,Hitachi HDS723030ALA640,3000592982016,0,,0,,,,,,,,0,,,,,,17017,,,,,,,,,,,,,,,,,,,,,,,,,,,,,,28,,,,,,0,,,,,,,,,,,,,,,,,,,,,,,,,,,,
2013-12-11,JK1105B8GGAU0X,Hitachi HDS722020ALA330,2000398934016,0,,1,,,,,,,,3,,,,,,26858,,,,,,,,,,,,,,,,,,,,,,,,,,,,,,31,,,,,,0,,,,,,,,,,,,,,,,,,,,,,,,,,,,
2013-12-11,MJ1321YNG10TPA,Hitachi HDS5C3030ALA630,3000592982016,0,,65536,,,,,,,,0,,,,,,20480,,,,,,,,,,,,,,,,,,,,,,,,,,,,,,29,,,,,,0,,,,,,,,,,,,,,,,,,,,,,,,,,,,
2013-12-11,Z1F1901P,ST3000DM001,3000592982016,0,,128512072,,,,,,,,0,,,,,,8023,,,,,,,,,,,,,,,,,,,,,,,,,,,,,,26,,,,,,0,,,,,,,,,,,,,,,,,,,,,,,,,,,,
2013-12-11,JK11A8B9JPUHMF,Hitachi HDS722020ALA330,2000398934016,0,,65538,,,,,,,,1,,,,,,23719,,,,,,,,,,,,,,,,,,,,,,,,,,,,,,28,,,,,,0,,,,,,,,,,,,,,,,,,,,,,,,,,,,
2013-12-11,WD-WCAWZ0852965,WDC WD30EZRX,3000592982016,0,,3,,,,,,,,0,,,,,,16069,,,,,,,,,,,,,,,,,,,,,,,,,,,,,,20,,,,,,1,,,,,,,,,,,,,,,,,,,,,,,,,,,,
2013-12-11,MJ0351YNGA6U7A,Hitachi HDS5C3030ALA630,3000592982016,0,,0,,,,,,,,0,,,,,,8883,,,,,,,,,,,,,,,,,,,,,,,,,,,,,,31,,,,,,0,,,,,,,,,,,,,,,,,,,,,,,,,,,,
2013-12-11,S1F013GR,ST3000DM001,3000592982016,0,,97079672,,,,,,,,0,,,,,,12877,,,,,,,,,,,,,,,,,,,,,,,,,,,,,,22,,,,,,0,,,,,,,,,,,,,,,,,,,,,,,,,,,,
2013-12-11,S1F0CV1F,ST3000DM001,3000592982016,0,,26884424,,,,,,,,0,,,,,,12420,,,,,,,,,,,,,,,,,,,,,,,,,,,,,,34,,,,,,0,,,,,,,,,,,,,,,,,,,,,,,,,,,,
2013-12-11,W300D3RR,ST4000DM000,4000787030016,0,,200265848,,,,,,,,0,,,,,,4160,,,,,,,,,,,,,,,,,,,,,,,,,,,,,,23,,,,,,0,,,,,,,,,,,,,,,,,,,,,,,,,,,,
2013-12-11,JK1101B9KNE7UF,Hitachi HDS722020ALA330,2000398934016,0,,0,,,,,,,,0,,,,,,23125,,,,,,,,,,,,,,,,,,,,,,,,,,,,,,37,,,,,,0,,,,,,,,,,,,,,,,,,,,,,,,,,,,
2013-12-11,6XW10CKW,ST31500541AS,1500301910016,0,,129782194,,,,,,,,3,,,,,,32204,,,,,,,,,,,,,,,,,,,,,,,,,,,,,,30,,,,,,0,,,,,,,,,,,,,,,,,,,,,,,,,,,,
2013-12-11,W300KF5R,ST4000DM000,4000787030016,0,,80977856,,,,,,,,0,,,,,,919,,,,,,,,,,,,,,,,,,,,,,,,,,,,,,20,,,,,,0,,,,,,,,,,,,,,,,,,,,,,,,,,,,
2013-12-11,JK11A8B9J806YF,Hitachi HDS722020ALA330,2000398934016,0,,0,,,,,,,,0,,,,,,25125,,,,,,,,,,,,,,,,,,,,,,,,,,,,,,30,,,,,,0,,,,,,,,,,,,,,,,,,,,,,,,,,,,
2013-12-11,W300C9NJ,ST4000DM000,4000787030016,0,,23258912,,,,,,,,0,,,,,,3328,,,,,,,,,,,,,,,,,,,,,,,,,,,,,,20,,,,,,0,,,,,,,,,,,,,,,,,,,,,,,,,,,,
2013-12-11,PL2311LAG1LS6C,Hitachi HDS5C4040ALE630,4000787030016,0,,0,,,,,,,,0,,,,,,6653,,,,,,,,,,,,,,,,,,,,,,,,,,,,,,25,,,,,,0,,,,,,,,,,,,,,,,,,,,,,,,,,,,
2013-12-11,Z300CQVJ,ST4000DM000,4000787030016,0,,129675648,,,,,,,,0,,,,,,2243,,,,,,,,,,,,,,,,,,,,,,,,,,,,,,19,,,,,,8,,,,,,,,,,,,,,,,,,,,,,,,,,,,
2013-12-11,S1F06KPH,ST3000DM001,3000592982016,0,,188480904,,,,,,,,0,,,,,,13821,,,,,,,,,,,,,,,,,,,,,,,,,,,,,,25,,,,,,0,,,,,,,,,,,,,,,,,,,,,,,,,,,,
2013-12-11,JK11A8B9GP3T6F,Hitachi HDS722020ALA330,2000398934016,0,,0,,,,,,,,0,,,,,,26764,,,,,,,,,,,,,,,,,,,,,,,,,,,,,,26,,,,,,0,,,,,,,,,,,,,,,,,,,,,,,,,,,,
2013-12-11,MJ0351YNG9WGSA,Hitachi HDS5C3030ALA630,3000592982016,0,,0,,,,,,,,0,,,,,,7609,,,,,,,,,,,,,,,,,,,,,,,,,,,,,,23,,,,,,0,,,,,,,,,,,,,,,,,,,,,,,,,,,,
2013-12-11,JK11A8B9JR1BDF,Hitachi HDS722020ALA330,2000398934016,0,,0,,,,,,,,0,,,,,,24112,,,,,,,,,,,,,,,,,,,,,,,,,,,,,,29,,,,,,0,,,,,,,,,,,,,,,,,,,,,,,,,,,,
2013-12-11,MJ1311YNG2YDYA,Hitachi HDS5C3030ALA630,3000592982016,0,,0,,,,,,,,0,,,,,,20731,,,,,,,,,,,,,,,,,,,,,,,,,,,,,,29,,,,,,0,,,,,,,,,,,,,,,,,,,,,,,,,,,,
2013-12-11,PL1321LAGAZA0H,Hitachi HDS5C4040ALE630,4000787030016,0,,0,,,,,,,,0,,,,,,5428,,,,,,,,,,,,,,,,,,,,,,,,,,,,,,24,,,,,,0,,,,,,,,,,,,,,,,,,,,,,,,,,,,
2013-12-11,MJ1321YNG0M6AA,Hitachi HDS5C3030ALA630,3000592982016,0,,0,,,,,,,,464,,,,,,20512,,,,,,,,,,,,,,,,,,,,,,,,,,,,,,25,,,,,,0,,,,,,,,,,,,,,,,,,,,,,,,,,,,
2013-12-11,W1F08SWP,ST3000DM001,3000592982016,0,,98679856,,,,,,,,0,,,,,,12840,,,,,,,,,,,,,,,,,,,,,,,,,,,,,,25,,,,,,0,,,,,,,,,,,,,,,,,,,,,,,,,,,,
2013-12-11,PL1301LAG2X26A,Hitachi HDS5C4040ALE630,4000787030016,0,,0,,,,,,,,0,,,,,,5668,,,,,,,,,,,,,,,,,,,,,,,,,,,,,,21,,,,,,0,,,,,,,,,,,,,,,,,,,,,,,,,,,,
2013-12-11,WD-WCAWZ0639859,WDC WD30EZRX,3000592982016,0,,0,,,,,,,,0,,,,,,10260,,,,,,,,,,,,,,,,,,,,,,,,,,,,,,20,,,,,,0,,,,,,,,,,,,,,,,,,,,,,,,,,,,
2013-12-11,9VS1JA21,ST31500341AS,1500301910016,0,,148860622,,,,,,,,6,,,,,,40363,,,,,,,,,,,,,,,,,,,,,,,,,,,,,,31,,,,,,0,,,,,,,,,,,,,,,,,,,,,,,,,,,,
2013-12-11,S1F03EXX,ST3000DM001,3000592982016,0,,228024608,,,,,,,,0,,,,,,14730,,,,,,,,,,,,,,,,,,,,,,,,,,,,,,24,,,,,,0,,,,,,,,,,,,,,,,,,,,,,,,,,,,
2013-12-11,W1F08HMP,ST3000DM001,3000592982016,0,,45051816,,,,,,,,0,,,,,,15223,,,,,,,,,,,,,,,,,,,,,,,,,,,,,,20,,,,,,0,,,,,,,,,,,,,,,,,,,,,,,,,,,,
2013-12-11,W1F08HMJ,ST3000DM001,3000592982016,0,,81136960,,,,,,,,0,,,,,,13358,,,,,,,,,,,,,,,,,,,,,,,,,,,,,,27,,,,,,0,,,,,,,,,,,,,,,,,,,,,,,,,,,,
2013-12-11,PK1331PAJ31L8S,HGST HDS724040ALE640,4000787030016,0,,0,,,,,,,,0,,,,,,2026,,,,,,,,,,,,,,,,,,,,,,,,,,,,,,27,,,,,,0,,,,,,,,,,,,,,,,,,,,,,,,,,,,
2013-12-11,S1F030WE,ST3000DM001,3000592982016,0,,126062560,,,,,,,,0,,,,,,15401,,,,,,,,,,,,,,,,,,,,,,,,,,,,,,23,,,,,,0,,,,,,,,,,,,,,,,,,,,,,,,,,,,
2013-12-11,PL1311LAG3DXAH,Hitachi HDS5C4040ALE630,4000787030016,0,,0,,,,,,,,0,,,,,,5036,,,,,,,,,,,,,,,,,,,,,,,,,,,,,,29,,,,,,0,,,,,,,,,,,,,,,,,,,,,,,,,,,,
2013-12-11,PL2311LAG1HS3C,Hitachi HDS5C4040ALE630,4000787030016,0,,0,,,,,,,,0,,,,,,7415,,,,,,,,,,,,,,,,,,,,,,,,,,,,,,23,,,,,,0,,,,,,,,,,,,,,,,,,,,,,,,,,,,
2013-12-11,W1F08HMB,ST3000DM001,3000592982016,0,,147883128,,,,,,,,0,,,,,,14729,,,,,,,,,,,,,,,,,,,,,,,,,,,,,,26,,,,,,8,,,,,,,,,,,,,,,,,,,,,,,,,,,,
2013-12-11,JK1100B9GA4TEE,Hitachi HDS722020ALA330,2000398934016,0,,0,,,,,,,,0,,,,,,26839,,,,,,,,,,,,,,,,,,,,,,,,,,,,,,28,,,,,,0,,,,,,,,,,,,,,,,,,,,,,,,,,,,
2013-12-11,6XW0XD1N,ST31500541AS,1500301910016,0,,115649005,,,,,,,,0,,,,,,27914,,,,,,,,,,,,,,,,,,,,,,,,,,,,,,19,,,,,,0,,,,,,,,,,,,,,,,,,,,,,,,,,,,
2013-12-11,W300BLXC,ST4000DM000,4000787030016,0,,114868720,,,,,,,,0,,,,,,4289,,,,,,,,,,,,,,,,,,,,,,,,,,,,,,21,,,,,,0,,,,,,,,,,,,,,,,,,,,,,,,,,,,
2013-12-11,W1F17CWZ,ST3000DM001,3000592982016,0,,172945872,,,,,,,,3752,,,,,,7990,,,,,,,,,,,,,,,,,,,,,,,,,,,,,,18,,,,,,0,,,,,,,,,,,,,,,,,,,,,,,,,,,,
2013-12-11,MJ1311YNG2ZDKA,Hitachi HDS5C3030ALA630,3000592982016,0,,0,,,,,,,,0,,,,,,19588,,,,,,,,,,,,,,,,,,,,,,,,,,,,,,27,,,,,,0,,,,,,,,,,,,,,,,,,,,,,,,,,,,
2013-12-11,W300BLXP,ST4000DM000,4000787030016,0,,226255032,,,,,,,,0,,,,,,4290,,,,,,,,,,,,,,,,,,,,,,,,,,,,,,25,,,,,,0,,,,,,,,,,,,,,,,,,,,,,,,,,,,
2013-12-11,MJ0351YNGA360A,Hitachi HDS5C3030ALA630,3000592982016,0,,0,,,,,,,,0,,,,,,8615,,,,,,,,,,,,,,,,,,,,,,,,,,,,,,29,,,,,,0,,,,,,,,,,,,,,,,,,,,,,,,,,,,
2013-12-11,S1F0RS18,ST3000DM001,3000592982016,0,,6665464,,,,,,,,0,,,,,,10470,,,,,,,,,,,,,,,,,,,,,,,,,,,,,,24,,,,,,0,,,,,,,,,,,,,,,,,,,,,,,,,,,,
2013-12-11,6XW03ZSS,ST31500541AS,1500301910016,0,,178542926,,,,,,,,0,,,,,,36427,,,,,,,,,,,,,,,,,,,,,,,,,,,,,,19,,,,,,0,,,,,,,,,,,,,,,,,,,,,,,,,,,,
2013-12-11,9VS3J20X,ST31500341AS,1500301910016,0,,84698409,,,,,,,,8,,,,,,32908,,,,,,,,,,,,,,,,,,,,,,,,,,,,,,22,,,,,,0,,,,,,,,,,,,,,,,,,,,,,,,,,,,
2013-12-11,6XW03ZSN,ST31500541AS,1500301910016,0,,167247152,,,,,,,,0,,,,,,35777,,,,,,,,,,,,,,,,,,,,,,,,,,,,,,21,,,,,,0,,,,,,,,,,,,,,,,,,,,,,,,,,,,
2013-12-11,MK0301YHGLR1XA,Hitachi HDS723030ALA640,3000592982016,0,,65538,,,,,,,,174,,,,,,16680,,,,,,,,,,,,,,,,,,,,,,,,,,,,,,27,,,,,,0,,,,,,,,,,,,,,,,,,,,,,,,,,,,
2013-12-11,W300D4QA,ST4000DM000,4000787030016,0,,65208504,,,,,,,,0,,,,,,4042,,,,,,,,,,,,,,,,,,,,,,,,,,,,,,23,,,,,,0,,,,,,,,,,,,,,,,,,,,,,,,,,,,
2013-12-11,JK1101YAK8T9JV,Hitachi HDS722020ALA330,2000398934016,0,,0,,,,,,,,0,,,,,,29653,,,,,,,,,,,,,,,,,,,,,,,,,,,,,,29,,,,,,0,,,,,,,,,,,,,,,,,,,,,,,,,,,,
2013-12-11,Z300KXFY,ST4000DM000,4000787030016,0,,223062128,,,,,,,,0,,,,,,152,,,,,,,,,,,,,,,,,,,,,,,,,,,,,,22,,,,,,0,,,,,,,,,,,,,,,,,,,,,,,,,,,,
2013-12-11,MJ1321YNG17YEA,Hitachi HDS5C3030ALA630,3000592982016,0,,0,,,,,,,,0,,,,,,19728,,,,,,,,,,,,,,,,,,,,,,,,,,,,,,23,,,,,,0,,,,,,,,,,,,,,,,,,,,,,,,,,,,
2013-12-11,PL1311LAG2BBBH,Hitachi HDS5C4040ALE630,4000787030016,0,,0,,,,,,,,0,,,,,,7404,,,,,,,,,,,,,,,,,,,,,,,,,,,,,,23,,,,,,0,,,,,,,,,,,,,,,,,,,,,,,,,,,,
2013-12-11,Z300W5J7,ST4000DM000,4000787030016,0,,32217136,,,,,,,,0,,,,,,886,,,,,,,,,,,,,,,,,,,,,,,,,,,,,,23,,,,,,0,,,,,,,,,,,,,,,,,,,,,,,,,,,,
2013-12-11,MJ1311YNG5NHNA,Hitachi HDS5C3030ALA630,3000592982016,0,,0,,,,,,,,0,,,,,,14600,,,,,,,,,,,,,,,,,,,,,,,,,,,,,,24,,,,,,0,,,,,,,,,,,,,,,,,,,,,,,,,,,,
2013-12-11,MJ1311YNG4D3SA,Hitachi HDS5C3030ALA630,3000592982016,0,,0,,,,,,,,0,,,,,,8523,,,,,,,,,,,,,,,,,,,,,,,,,,,,,,34,,,,,,0,,,,,,,,,,,,,,,,,,,,,,,,,,,,
2013-12-11,W300BFR7,ST4000DM000,4000787030016,0,,176219216,,,,,,,,0,,,,,,1703,,,,,,,,,,,,,,,,,,,,,,,,,,,,,,22,,,,,,0,,,,,,,,,,,,,,,,,,,,,,,,,,,,
2013-12-11,MJ1311YNG331DA,Hitachi HDS5C3030ALA630,3000592982016,0,,0,,,,,,,,0,,,,,,18203,,,,,,,,,,,,,,,,,,,,,,,,,,,,,,26,,,,,,0,,,,,,,,,,,,,,,,,,,,,,,,,,,,
2013-12-11,JK11A8B9J6R3ZF,Hitachi HDS722020ALA330,2000398934016,0,,0,,,,,,,,0,,,,,,22698,,,,,,,,,,,,,,,,,,,,,,,,,,,,,,31,,,,,,0,,,,,,,,,,,,,,,,,,,,,,,,,,,,
2013-12-11,WD-WCAWZ1211227,WDC WD30EZRX,3000592982016,0,,0,,,,,,,,0,,,,,,15836,,,,,,,,,,,,,,,,,,,,,,,,,,,,,,23,,,,,,0,,,,,,,,,,,,,,,,,,,,,,,,,,,,
2013-12-11,JK1105B8GGR22X,Hitachi HDS722020ALA330,2000398934016,0,,0,,,,,,,,0,,,,,,27167,,,,,,,,,,,,,,,,,,,,,,,,,,,,,,30,,,,,,0,,,,,,,,,,,,,,,,,,,,,,,,,,,,
2013-12-11,Z300JZHG,ST4000DM000,4000787030016,0,,188962616,,,,,,,,0,,,,,,2216,,,,,,,,,,,,,,,,,,,,,,,,,,,,,,21,,,,,,0,,,,,,,,,,,,,,,,,,,,,,,,,,,,
2013-12-11,JK1101B9KNKNZF,Hitachi HDS722020ALA330,2000398934016,0,,0,,,,,,,,0,,,,,,22954,,,,,,,,,,,,,,,,,,,,,,,,,,,,,,26,,,,,,0,,,,,,,,,,,,,,,,,,,,,,,,,,,,
2013-12-11,9VS2HGE2,ST31500341AS,1500301910016,0,,112566252,,,,,,,,1,,,,,,15742,,,,,,,,,,,,,,,,,,,,,,,,,,,,,,22,,,,,,0,,,,,,,,,,,,,,,,,,,,,,,,,,,,
2013-12-11,JK1170YAJDAGZT,Hitachi HDS722020ALA330,2000398934016,0,,131072,,,,,,,,0,,,,,,27872,,,,,,,,,,,,,,,,,,,,,,,,,,,,,,27,,,,,,0,,,,,,,,,,,,,,,,,,,,,,,,,,,,
2013-12-11,JK11A8B9J747RF,Hitachi HDS722020ALA330,2000398934016,0,,0,,,,,,,,0,,,,,,21478,,,,,,,,,,,,,,,,,,,,,,,,,,,,,,27,,,,,,0,,,,,,,,,,,,,,,,,,,,,,,,,,,,
2013-12-11,Z300K0S1,ST4000DM000,4000787030016,0,,197459384,,,,,,,,0,,,,,,2216,,,,,,,,,,,,,,,,,,,,,,,,,,,,,,22,,,,,,0,,,,,,,,,,,,,,,,,,,,,,,,,,,,
2013-12-11,MJ1311YNG7LPNA,Hitachi HDS5C3030ALA630,3000592982016,0,,0,,,,,,,,0,,,,,,14289,,,,,,,,,,,,,,,,,,,,,,,,,,,,,,29,,,,,,0,,,,,,,,,,,,,,,,,,,,,,,,,,,,
2013-12-11,Z300K0S2,ST4000DM000,4000787030016,0,,167776288,,,,,,,,0,,,,,,2217,,,,,,,,,,,,,,,,,,,,,,,,,,,,,,23,,,,,,0,,,,,,,,,,,,,,,,,,,,,,,,,,,,
2013-12-11,JK1171YAK1VPDN,Hitachi HDS722020ALA330,2000398934016,0,,0,,,,,,,,0,,,,,,29668,,,,,,,,,,,,,,,,,,,,,,,,,,,,,,30,,,,,,0,,,,,,,,,,,,,,,,,,,,,,,,,,,,
2013-12-11,W3004YT7,ST4000DM000,4000787030016,0,,106162736,,,,,,,,0,,,,,,3238,,,,,,,,,,,,,,,,,,,,,,,,,,,,,,18,,,,,,0,,,,,,,,,,,,,,,,,,,,,,,,,,,,
2013-12-11,PL1321LAG35DKH,Hitachi HDS5C4040ALE630,4000787030016,0,,0,,,,,,,,0,,,,,,5959,,,,,,,,,,,,,,,,,,,,,,,,,,,,,,19,,,,,,0,,,,,,,,,,,,,,,,,,,,,,,,,,,,
2013-12-11,W300BJ3Z,ST4000DM000,4000787030016,0,,3560728,,,,,,,,0,,,,,,3238,,,,,,,,,,,,,,,,,,,,,,,,,,,,,,16,,,,,,0,,,,,,,,,,,,,,,,,,,,,,,,,,,,
2013-12-11,JK11A8B9J30WMF,Hitachi HDS722020ALA330,2000398934016,0,,0,,,,,,,,0,,,,,,24432,,,,,,,,,,,,,,,,,,,,,,,,,,,,,,27,,,,,,0,,,,,,,,,,,,,,,,,,,,,,,,,,,,
2013-12-11,JK1101B9HE913F,Hitachi HDS722020ALA330,2000398934016,0,,0,,,,,,,,0,,,,,,23579,,,,,,,,,,,,,,,,,,,,,,,,,,,,,,28,,,,,,0,,,,,,,,,,,,,,,,,,,,,,,,,,,,
2013-12-11,JK1105B8GGA8BX,Hitachi HDS722020ALA330,2000398934016,0,,65536,,,,,,,,0,,,,,,26859,,,,,,,,,,,,,,,,,,,,,,,,,,,,,,36,,,,,,0,,,,,,,,,,,,,,,,,,,,,,,,,,,,
2013-12-11,JK11A8B9J2ULUF,Hitachi HDS722020ALA330,2000398934016,0,,0,,,,,,,,0,,,,,,22415,,,,,,,,,,,,,,,,,,,,,,,,,,,,,,23,,,,,,0,,,,,,,,,,,,,,,,,,,,,,,,,,,,
2013-12-11,JK11A8B9J7BK6F,Hitachi HDS722020ALA330,2000398934016,0,,589824,,,,,,,,0,,,,,,22698,,,,,,,,,,,,,,,,,,,,,,,,,,,,,,32,,,,,,0,,,,,,,,,,,,,,,,,,,,,,,,,,,,
2013-12-11,MJ1311YNG5MJXA,Hitachi HDS5C3030ALA630,3000592982016,0,,0,,,,,,,,0,,,,,,14288,,,,,,,,,,,,,,,,,,,,,,,,,,,,,,32,,,,,,0,,,,,,,,,,,,,,,,,,,,,,,,,,,,
2013-12-11,Z300KMTN,ST4000DM000,4000787030016,0,,163470408,,,,,,,,0,,,,,,2245,,,,,,,,,,,,,,,,,,,,,,,,,,,,,,20,,,,,,0,,,,,,,,,,,,,,,,,,,,,,,,,,,,
2013-12-11,MJ0351YNG9Z24A,Hitachi HDS5C3030ALA630,3000592982016,0,,0,,,,,,,,0,,,,,,9939,,,,,,,,,,,,,,,,,,,,,,,,,,,,,,26,,,,,,0,,,,,,,,,,,,,,,,,,,,,,,,,,,,
2013-12-11,JK11A8B9J9KY4F,Hitachi HDS722020ALA330,2000398934016,0,,0,,,,,,,,0,,,,,,24493,,,,,,,,,,,,,,,,,,,,,,,,,,,,,,32,,,,,,0,,,,,,,,,,,,,,,,,,,,,,,,,,,,
2013-12-11,S1F0RVKV,ST3000DM001,3000592982016,0,,123302448,,,,,,,,0,,,,,,10720,,,,,,,,,,,,,,,,,,,,,,,,,,,,,,24,,,,,,0,,,,,,,,,,,,,,,,,,,,,,,,,,,,
2013-12-11,MJ1323YNG1NR7C,Hitachi HDS5C3030ALA630,3000592982016,0,,262144,,,,,,,,0,,,,,,19728,,,,,,,,,,,,,,,,,,,,,,,,,,,,,,24,,,,,,0,,,,,,,,,,,,,,,,,,,,,,,,,,,,
2013-12-11,W1F0WMPM,ST3000DM001,3000592982016,0,,183160040,,,,,,,,0,,,,,,11640,,,,,,,,,,,,,,,,,,,,,,,,,,,,,,25,,,,,,0,,,,,,,,,,,,,,,,,,,,,,,,,,,,
2013-12-11,MJ0351YNG9XX9A,Hitachi HDS5C3030ALA630,3000592982016,0,,0,,,,,,,,0,,,,,,9477,,,,,,,,,,,,,,,,,,,,,,,,,,,,,,27,,,,,,0,,,,,,,,,,,,,,,,,,,,,,,,,,,,
2013-12-11,WD-WCAWZ1149342,WDC WD30EZRX,3000592982016,0,,1,,,,,,,,0,,,,,,17606,,,,,,,,,,,,,,,,,,,,,,,,,,,,,,25,,,,,,0,,,,,,,,,,,,,,,,,,,,,,,,,,,,
2013-12-11,PL1331LAG5GTDH,HGST HMS5C4040ALE640,4000787030016,0,,0,,,,,,,,0,,,,,,9401,,,,,,,,,,,,,,,,,,,,,,,,,,,,,,30,,,,,,0,,,,,,,,,,,,,,,,,,,,,,,,,,,,
2013-12-11,MJ1311YNG7K52A,Hitachi HDS5C3030ALA630,3000592982016,0,,0,,,,,,,,0,,,,,,14682,,,,,,,,,,,,,,,,,,,,,,,,,,,,,,21,,,,,,0,,,,,,,,,,,,,,,,,,,,,,,,,,,,
2013-12-11,W1F0ANB2,ST3000DM001,3000592982016,0,,228553936,,,,,,,,0,,,,,,13867,,,,,,,,,,,,,,,,,,,,,,,,,,,,,,22,,,,,,0,,,,,,,,,,,,,,,,,,,,,,,,,,,,
2013-12-11,MK0331YHGLHZ5A,Hitachi HDS723030ALA640,3000592982016,0,,0,,,,,,,,0,,,,,,17355,,,,,,,,,,,,,,,,,,,,,,,,,,,,,,26,,,,,,0,,,,,,,,,,,,,,,,,,,,,,,,,,,,
2013-12-11,S1F0A4CN,ST3000DM001,3000592982016,0,,60751568,,,,,,,,0,,,,,,12840,,,,,,,,,,,,,,,,,,,,,,,,,,,,,,29,,,,,,0,,,,,,,,,,,,,,,,,,,,,,,,,,,,
2013-12-11,Z300GPRR,ST4000DM000,4000787030016,0,,52650456,,,,,,,,0,,,,,,3345,,,,,,,,,,,,,,,,,,,,,,,,,,,,,,18,,,,,,0,,,,,,,,,,,,,,,,,,,,,,,,,,,,
2013-12-11,WD-WCAU47207348,WDC WD10EADS,1000204886016,0,,0,,,,,,,,0,,,,,,40802,,,,,,,,,,,,,,,,,,,,,,,,,,,,,,31,,,,,,0,,,,,,,,,,,,,,,,,,,,,,,,,,,,
2013-12-11,6XW010RN,ST31500541AS,1500301910016,0,,229747822,,,,,,,,0,,,,,,35750,,,,,,,,,,,,,,,,,,,,,,,,,,,,,,19,,,,,,0,,,,,,,,,,,,,,,,,,,,,,,,,,,,
2013-12-11,MJ0351YNG9YMYA,Hitachi HDS5C3030ALA630,3000592982016,0,,0,,,,,,,,0,,,,,,9899,,,,,,,,,,,,,,,,,,,,,,,,,,,,,,30,,,,,,0,,,,,,,,,,,,,,,,,,,,,,,,,,,,
2013-12-11,MJ0351YNG9KVKA,Hitachi HDS5C3030ALA630,3000592982016,0,,0,,,,,,,,0,,,,,,8214,,,,,,,,,,,,,,,,,,,,,,,,,,,,,,29,,,,,,0,,,,,,,,,,,,,,,,,,,,,,,,,,,,
2013-12-11,W1F09103,ST3000DM001,3000592982016,0,,175309864,,,,,,,,0,,,,,,15222,,,,,,,,,,,,,,,,,,,,,,,,,,,,,,21,,,,,,0,,,,,,,,,,,,,,,,,,,,,,,,,,,,
2013-12-11,W1F0APM5,ST3000DM001,3000592982016,0,,194987392,,,,,,,,0,,,,,,14235,,,,,,,,,,,,,,,,,,,,,,,,,,,,,,23,,,,,,8,,,,,,,,,,,,,,,,,,,,,,,,,,,,
2013-12-11,JK1105B8GEV04X,Hitachi HDS722020ALA330,2000398934016,0,,0,,,,,,,,0,,,,,,26858,,,,,,,,,,,,,,,,,,,,,,,,,,,,,,24,,,,,,0,,,,,,,,,,,,,,,,,,,,,,,,,,,,
2013-12-11,Z1F1A0LM,ST3000DM001,3000592982016,0,,181137128,,,,,,,,0,,,,,,8025,,,,,,,,,,,,,,,,,,,,,,,,,,,,,,26,,,,,,0,,,,,,,,,,,,,,,,,,,,,,,,,,,,
2013-12-11,6XW010RR,ST31500541AS,1500301910016,0,,147241332,,,,,,,,0,,,,,,36430,,,,,,,,,,,,,,,,,,,,,,,,,,,,,,16,,,,,,0,,,,,,,,,,,,,,,,,,,,,,,,,,,,
2013-12-11,PL1321LAGAB74H,Hitachi HDS5C4040ALE630,4000787030016,0,,0,,,,,,,,0,,,,,,5064,,,,,,,,,,,,,,,,,,,,,,,,,,,,,,30,,,,,,0,,,,,,,,,,,,,,,,,,,,,,,,,,,,
2013-12-11,Z300GPRX,ST4000DM000,4000787030016,0,,14329464,,,,,,,,0,,,,,,3581,,,,,,,,,,,,,,,,,,,,,,,,,,,,,,26,,,,,,0,,,,,,,,,,,,,,,,,,,,,,,,,,,,
2013-12-11,MJ1311YNG27JYA,Hitachi HDS5C3030ALA630,3000592982016,0,,0,,,,,,,,0,,,,,,18361,,,,,,,,,,,,,,,,,,,,,,,,,,,,,,25,,,,,,0,,,,,,,,,,,,,,,,,,,,,,,,,,,,
2013-12-11,W3006HL0,ST4000DM000,4000787030016,0,,210057848,,,,,,,,0,,,,,,2902,,,,,,,,,,,,,,,,,,,,,,,,,,,,,,28,,,,,,0,,,,,,,,,,,,,,,,,,,,,,,,,,,,
2013-12-11,W3006HL3,ST4000DM000,4000787030016,0,,112951576,,,,,,,,0,,,,,,2901,,,,,,,,,,,,,,,,,,,,,,,,,,,,,,30,,,,,,0,,,,,,,,,,,,,,,,,,,,,,,,,,,,
2013-12-11,W3006HL6,ST4000DM000,4000787030016,0,,158710888,,,,,,,,0,,,,,,2878,,,,,,,,,,,,,,,,,,,,,,,,,,,,,,19,,,,,,0,,,,,,,,,,,,,,,,,,,,,,,,,,,,
2013-12-11,PL1321LAG35WWH,Hitachi HDS5C4040ALE630,4000787030016,0,,0,,,,,,,,0,,,,,,5049,,,,,,,,,,,,,,,,,,,,,,,,,,,,,,28,,,,,,0,,,,,,,,,,,,,,,,,,,,,,,,,,,,
2013-12-11,6XW0PSYW,ST31500541AS,1500301910016,0,,185387098,,,,,,,,0,,,,,,17688,,,,,,,,,,,,,,,,,,,,,,,,,,,,,,20,,,,,,0,,,,,,,,,,,,,,,,,,,,,,,,,,,,
2013-12-11,W300CA6M,ST4000DM000,4000787030016,0,,112266192,,,,,,,,0,,,,,,4290,,,,,,,,,,,,,,,,,,,,,,,,,,,,,,21,,,,,,0,,,,,,,,,,,,,,,,,,,,,,,,,,,,
2013-12-11,JK1130YAG1JZWT,Hitachi HDS722020ALA330,2000398934016,0,,0,,,,,,,,0,,,,,,19440,,,,,,,,,,,,,,,,,,,,,,,,,,,,,,32,,,,,,0,,,,,,,,,,,,,,,,,,,,,,,,,,,,
2013-12-11,5XW02G00,ST31500541AS,1500301910016,0,,44942210,,,,,,,,0,,,,,,34756,,,,,,,,,,,,,,,,,,,,,,,,,,,,,,19,,,,,,0,,,,,,,,,,,,,,,,,,,,,,,,,,,,
2013-12-11,S1F10QL8,ST3000DM001,3000592982016,0,,128091160,,,,,,,,0,,,,,,7955,,,,,,,,,,,,,,,,,,,,,,,,,,,,,,18,,,,,,0,,,,,,,,,,,,,,,,,,,,,,,,,,,,
2013-12-11,JK1105B8GG3T5X,Hitachi HDS722020ALA330,2000398934016,0,,0,,,,,,,,0,,,,,,26766,,,,,,,,,,,,,,,,,,,,,,,,,,,,,,26,,,,,,0,,,,,,,,,,,,,,,,,,,,,,,,,,,,
2013-12-11,PL1321LAG36DYH,Hitachi HDS5C4040ALE630,4000787030016,0,,0,,,,,,,,0,,,,,,6648,,,,,,,,,,,,,,,,,,,,,,,,,,,,,,22,,,,,,0,,,,,,,,,,,,,,,,,,,,,,,,,,,,
2013-12-11,JK1101B9JJTW2F,Hitachi HDS722020ALA330,2000398934016,0,,196609,,,,,,,,0,,,,,,24099,,,,,,,,,,,,,,,,,,,,,,,,,,,,,,28,,,,,,0,,,,,,,,,,,,,,,,,,,,,,,,,,,,
2013-12-11,MJ1323YNG1MAJC,Hitachi HDS5C3030ALA630,3000592982016,0,,0,,,,,,,,0,,,,,,19310,,,,,,,,,,,,,,,,,,,,,,,,,,,,,,30,,,,,,0,,,,,,,,,,,,,,,,,,,,,,,,,,,,
2013-12-11,JK11A5B8J006VX,Hitachi HDS722020ALA330,2000398934016,0,,0,,,,,,,,0,,,,,,23821,,,,,,,,,,,,,,,,,,,,,,,,,,,,,,25,,,,,,0,,,,,,,,,,,,,,,,,,,,,,,,,,,,
2013-12-11,W3006HLA,ST4000DM000,4000787030016,0,,1087624,,,,,,,,0,,,,,,2902,,,,,,,,,,,,,,,,,,,,,,,,,,,,,,28,,,,,,0,,,,,,,,,,,,,,,,,,,,,,,,,,,,
2013-12-11,MK0311YHGMS09A,Hitachi HDS723030ALA640,3000592982016,0,,0,,,,,,,,0,,,,,,17018,,,,,,,,,,,,,,,,,,,,,,,,,,,,,,28,,,,,,0,,,,,,,,,,,,,,,,,,,,,,,,,,,,
2013-12-11,MJ1311YNG13DZA,Hitachi HDS5C3030ALA630,3000592982016,0,,65536,,,,,,,,0,,,,,,18406,,,,,,,,,,,,,,,,,,,,,,,,,,,,,,25,,,,,,0,,,,,,,,,,,,,,,,,,,,,,,,,,,,
2013-12-11,W1F03R4D,ST3000DM001,3000592982016,0,,207866352,,,,,,,,0,,,,,,17065,,,,,,,,,,,,,,,,,,,,,,,,,,,,,,29,,,,,,0,,,,,,,,,,,,,,,,,,,,,,,,,,,,
2013-12-11,S1F04DMF,ST3000DM001,3000592982016,0,,168893248,,,,,,,,0,,,,,,14728,,,,,,,,,,,,,,,,,,,,,,,,,,,,,,24,,,,,,0,,,,,,,,,,,,,,,,,,,,,,,,,,,,
2013-12-11,Z300MGNF,ST4000DM000,4000787030016,0,,207026608,,,,,,,,0,,,,,,2893,,,,,,,,,,,,,,,,,,,,,,,,,,,,,,25,,,,,,0,,,,,,,,,,,,,,,,,,,,,,,,,,,,
2013-12-11,Z300MGNZ,ST4000DM000,4000787030016,0,,24843480,,,,,,,,0,,,,,,2901,,,,,,,,,,,,,,,,,,,,,,,,,,,,,,26,,,,,,0,,,,,,,,,,,,,,,,,,,,,,,,,,,,
2013-12-11,WD-WCAWZ2330526,WDC WD30EZRX,3000592982016,0,,0,,,,,,,,0,,,,,,8534,,,,,,,,,,,,,,,,,,,,,,,,,,,,,,23,,,,,,1,,,,,,,,,,,,,,,,,,,,,,,,,,,,
2013-12-11,Z1F0QZJB,ST3000DM001,3000592982016,0,,36919480,,,,,,,,0,,,,,,11694,,,,,,,,,,,,,,,,,,,,,,,,,,,,,,26,,,,,,0,,,,,,,,,,,,,,,,,,,,,,,,,,,,
2013-12-11,MJ1323YNG16VGC,Hitachi HDS5C3030ALA630,3000592982016,0,,0,,,,,,,,0,,,,,,20510,,,,,,,,,,,,,,,,,,,,,,,,,,,,,,23,,,,,,0,,,,,,,,,,,,,,,,,,,,,,,,,,,,
2013-12-11,S1F01BYV,ST3000DM001,3000592982016,0,,115649432,,,,,,,,0,,,,,,15248,,,,,,,,,,,,,,,,,,,,,,,,,,,,,,23,,,,,,0,,,,,,,,,,,,,,,,,,,,,,,,,,,,
2013-12-11,6XW0W99L,ST31500541AS,1500301910016,0,,14108892,,,,,,,,0,,,,,,33255,,,,,,,,,,,,,,,,,,,,,,,,,,,,,,22,,,,,,0,,,,,,,,,,,,,,,,,,,,,,,,,,,,
2013-12-11,S1F01BYZ,ST3000DM001,3000592982016,0,,202127600,,,,,,,,0,,,,,,13914,,,,,,,,,,,,,,,,,,,,,,,,,,,,,,22,,,,,,0,,,,,,,,,,,,,,,,,,,,,,,,,,,,
2013-12-11,JK11A8B9J38EDF,Hitachi HDS722020ALA330,2000398934016,0,,65536,,,,,,,,0,,,,,,23711,,,,,,,,,,,,,,,,,,,,,,,,,,,,,,30,,,,,,0,,,,,,,,,,,,,,,,,,,,,,,,,,,,
2013-12-11,JK11A8B9J8622F,Hitachi HDS722020ALA330,2000398934016,0,,0,,,,,,,,0,,,,,,25119,,,,,,,,,,,,,,,,,,,,,,,,,,,,,,27,,,,,,0,,,,,,,,,,,,,,,,,,,,,,,,,,,,
2013-12-11,6XW0W99V,ST31500541AS,1500301910016,0,,197277578,,,,,,,,0,,,,,,33863,,,,,,,,,,,,,,,,,,,,,,,,,,,,,,23,,,,,,0,,,,,,,,,,,,,,,,,,,,,,,,,,,,
2013-12-11,W3009R4R,ST4000DM000,4000787030016,0,,141729376,,,,,,,,0,,,,,,4167,,,,,,,,,,,,,,,,,,,,,,,,,,,,,,31,,,,,,0,,,,,,,,,,,,,,,,,,,,,,,,,,,,
2013-12-11,W300D358,ST4000DM000,4000787030016,0,,179433776,,,,,,,,0,,,,,,2177,,,,,,,,,,,,,,,,,,,,,,,,,,,,,,22,,,,,,0,,,,,,,,,,,,,,,,,,,,,,,,,,,,
2013-12-11,JK1105B8GDVGLX,Hitachi HDS722020ALA330,2000398934016,0,,0,,,,,,,,0,,,,,,27169,,,,,,,,,,,,,,,,,,,,,,,,,,,,,,25,,,,,,0,,,,,,,,,,,,,,,,,,,,,,,,,,,,
2013-12-11,9VS3J9EM,ST31500341AS,1500301910016,0,,64695208,,,,,,,,98,,,,,,32921,,,,,,,,,,,,,,,,,,,,,,,,,,,,,,18,,,,,,0,,,,,,,,,,,,,,,,,,,,,,,,,,,,
2013-12-11,JK1101B9KNK94F,Hitachi HDS722020ALA330,2000398934016,0,,0,,,,,,,,0,,,,,,23100,,,,,,,,,,,,,,,,,,,,,,,,,,,,,,23,,,,,,0,,,,,,,,,,,,,,,,,,,,,,,,,,,,
2013-12-11,W1F0RP5L,ST3000DM001,3000592982016,0,,40539296,,,,,,,,0,,,,,,6845,,,,,,,,,,,,,,,,,,,,,,,,,,,,,,28,,,,,,0,,,,,,,,,,,,,,,,,,,,,,,,,,,,
2013-12-11,JK1101B9KNMUYF,Hitachi HDS722020ALA330,2000398934016,0,,0,,,,,,,,0,,,,,,23075,,,,,,,,,,,,,,,,,,,,,,,,,,,,,,33,,,,,,0,,,,,,,,,,,,,,,,,,,,,,,,,,,,
2013-12-11,WD-WCC070197767,WDC WD30EZRX,3000592982016,0,,0,,,,,,,,0,,,,,,8611,,,,,,,,,,,,,,,,,,,,,,,,,,,,,,25,,,,,,0,,,,,,,,,,,,,,,,,,,,,,,,,,,,
2013-12-11,Z300MGN4,ST4000DM000,4000787030016,0,,157748544,,,,,,,,0,,,,,,2899,,,,,,,,,,,,,,,,,,,,,,,,,,,,,,22,,,,,,0,,,,,,,,,,,,,,,,,,,,,,,,,,,,
2013-12-11,S1F0171J,ST3000DM001,3000592982016,0,,235714840,,,,,,,,0,,,,,,16178,,,,,,,,,,,,,,,,,,,,,,,,,,,,,,24,,,,,,0,,,,,,,,,,,,,,,,,,,,,,,,,,,,
2013-12-11,JK1171B9HKVDWT,Hitachi HDS722020ALA330,2000398934016,0,,4390972,,,,,,,,198,,,,,,25667,,,,,,,,,,,,,,,,,,,,,,,,,,,,,,25,,,,,,0,,,,,,,,,,,,,,,,,,,,,,,,,,,,
2013-12-11,W300KKP0,ST4000DM000,4000787030016,0,,52936864,,,,,,,,0,,,,,,919,,,,,,,,,,,,,,,,,,,,,,,,,,,,,,22,,,,,,0,,,,,,,,,,,,,,,,,,,,,,,,,,,,
2013-12-11,MJ1311YNG5LM5A,Hitachi HDS5C3030ALA630,3000592982016,0,,0,,,,,,,,0,,,,,,14310,,,,,,,,,,,,,,,,,,,,,,,,,,,,,,27,,,,,,0,,,,,,,,,,,,,,,,,,,,,,,,,,,,
2013-12-11,Z300HMFR,ST4000DM000,4000787030016,0,,178574152,,,,,,,,0,,,,,,2899,,,,,,,,,,,,,,,,,,,,,,,,,,,,,,25,,,,,,0,,,,,,,,,,,,,,,,,,,,,,,,,,,,
2013-12-11,6XW10B1W,ST31500541AS,1500301910016,0,,226041465,,,,,,,,57,,,,,,31045,,,,,,,,,,,,,,,,,,,,,,,,,,,,,,25,,,,,,0,,,,,,,,,,,,,,,,,,,,,,,,,,,,
2013-12-11,PL1321LAGANM5H,Hitachi HDS5C4040ALE630,4000787030016,0,,0,,,,,,,,0,,,,,,5064,,,,,,,,,,,,,,,,,,,,,,,,,,,,,,26,,,,,,0,,,,,,,,,,,,,,,,,,,,,,,,,,,,
2013-12-11,9VS1QD88,ST31500341AS,1500301910016,0,,95459168,,,,,,,,4,,,,,,40233,,,,,,,,,,,,,,,,,,,,,,,,,,,,,,28,,,,,,0,,,,,,,,,,,,,,,,,,,,,,,,,,,,
2013-12-11,W300BXQS,ST4000DM000,4000787030016,0,,116325752,,,,,,,,0,,,,,,4136,,,,,,,,,,,,,,,,,,,,,,,,,,,,,,22,,,,,,0,,,,,,,,,,,,,,,,,,,,,,,,,,,,
2013-12-11,Z300GYS9,ST4000DM000,4000787030016,0,,119000672,,,,,,,,0,,,,,,3584,,,,,,,,,,,,,,,,,,,,,,,,,,,,,,25,,,,,,0,,,,,,,,,,,,,,,,,,,,,,,,,,,,
2013-12-11,PL1311LAG20KGA,Hitachi HDS5C4040ALE630,4000787030016,0,,0,,,,,,,,0,,,,,,7437,,,,,,,,,,,,,,,,,,,,,,,,,,,,,,26,,,,,,0,,,,,,,,,,,,,,,,,,,,,,,,,,,,
2013-12-11,WD-WMAWZ0322169,WDC WD30EZRX,3000592982016,0,,0,,,,,,,,0,,,,,,12701,,,,,,,,,,,,,,,,,,,,,,,,,,,,,,21,,,,,,0,,,,,,,,,,,,,,,,,,,,,,,,,,,,
2013-12-11,Z300GYS1,ST4000DM000,4000787030016,0,,97221968,,,,,,,,0,,,,,,3580,,,,,,,,,,,,,,,,,,,,,,,,,,,,,,25,,,,,,0,,,,,,,,,,,,,,,,,,,,,,,,,,,,
2013-12-11,Z300GYS2,ST4000DM000,4000787030016,0,,42613416,,,,,,,,0,,,,,,3581,,,,,,,,,,,,,,,,,,,,,,,,,,,,,,26,,,,,,0,,,,,,,,,,,,,,,,,,,,,,,,,,,,
2013-12-11,MJ1311YNG7K0AA,Hitachi HDS5C3030ALA630,3000592982016,0,,0,,,,,,,,0,,,,,,14310,,,,,,,,,,,,,,,,,,,,,,,,,,,,,,24,,,,,,0,,,,,,,,,,,,,,,,,,,,,,,,,,,,
2013-12-11,Z300GYS7,ST4000DM000,4000787030016,0,,18120792,,,,,,,,0,,,,,,3588,,,,,,,,,,,,,,,,,,,,,,,,,,,,,,24,,,,,,0,,,,,,,,,,,,,,,,,,,,,,,,,,,,
2013-12-11,MJ0351YNGABYWA,Hitachi HDS5C3030ALA630,3000592982016,0,,0,,,,,,,,0,,,,,,8141,,,,,,,,,,,,,,,,,,,,,,,,,,,,,,30,,,,,,0,,,,,,,,,,,,,,,,,,,,,,,,,,,,
2013-12-11,MJ0351YNG9VH0A,Hitachi HDS5C3030ALA630,3000592982016,0,,0,,,,,,,,0,,,,,,9272,,,,,,,,,,,,,,,,,,,,,,,,,,,,,,27,,,,,,0,,,,,,,,,,,,,,,,,,,,,,,,,,,,
2013-12-11,MJ1311YNG36BHA,Hitachi HDS5C3030ALA630,3000592982016,0,,0,,,,,,,,0,,,,,,18405,,,,,,,,,,,,,,,,,,,,,,,,,,,,,,24,,,,,,0,,,,,,,,,,,,,,,,,,,,,,,,,,,,
2013-12-11,Z300GYSY,ST4000DM000,4000787030016,0,,181027968,,,,,,,,0,,,,,,3588,,,,,,,,,,,,,,,,,,,,,,,,,,,,,,23,,,,,,0,,,,,,,,,,,,,,,,,,,,,,,,,,,,
2013-12-11,JK11A8B9HZ1MSF,Hitachi HDS722020ALA330,2000398934016,0,,0,,,,,,,,0,,,,,,26010,,,,,,,,,,,,,,,,,,,,,,,,,,,,,,27,,,,,,0,,,,,,,,,,,,,,,,,,,,,,,,,,,,
2013-12-11,MJ1311YNG33M2A,Hitachi HDS5C3030ALA630,3000592982016,0,,0,,,,,,,,0,,,,,,19324,,,,,,,,,,,,,,,,,,,,,,,,,,,,,,23,,,,,,0,,,,,,,,,,,,,,,,,,,,,,,,,,,,
2013-12-11,Z300GYSH,ST4000DM000,4000787030016,0,,100990008,,,,,,,,0,,,,,,3582,,,,,,,,,,,,,,,,,,,,,,,,,,,,,,23,,,,,,0,,,,,,,,,,,,,,,,,,,,,,,,,,,,
2013-12-11,MJ1323YNG1S6NC,Hitachi HDS5C3030ALA630,3000592982016,0,,0,,,,,,,,0,,,,,,20080,,,,,,,,,,,,,,,,,,,,,,,,,,,,,,35,,,,,,0,,,,,,,,,,,,,,,,,,,,,,,,,,,,
2013-12-11,JK11A4B8HY0WMW,Hitachi HDS722020ALA330,2000398934016,0,,0,,,,,,,,0,,,,,,23486,,,,,,,,,,,,,,,,,,,,,,,,,,,,,,26,,,,,,0,,,,,,,,,,,,,,,,,,,,,,,,,,,,
2013-12-11,Z300GYSM,ST4000DM000,4000787030016,0,,144021792,,,,,,,,0,,,,,,3588,,,,,,,,,,,,,,,,,,,,,,,,,,,,,,25,,,,,,0,,,,,,,,,,,,,,,,,,,,,,,,,,,,
2013-12-11,Z300GYSN,ST4000DM000,4000787030016,0,,62971048,,,,,,,,0,,,,,,3627,,,,,,,,,,,,,,,,,,,,,,,,,,,,,,22,,,,,,0,,,,,,,,,,,,,,,,,,,,,,,,,,,,
2013-12-11,W1F0R33G,ST3000DM001,3000592982016,0,,102259856,,,,,,,,0,,,,,,12617,,,,,,,,,,,,,,,,,,,,,,,,,,,,,,23,,,,,,0,,,,,,,,,,,,,,,,,,,,,,,,,,,,
2013-12-11,Z300GYSB,ST4000DM000,4000787030016,0,,199467408,,,,,,,,0,,,,,,3584,,,,,,,,,,,,,,,,,,,,,,,,,,,,,,24,,,,,,0,,,,,,,,,,,,,,,,,,,,,,,,,,,,
2013-12-11,Z300GYSD,ST4000DM000,4000787030016,0,,201833672,,,,,,,,0,,,,,,3625,,,,,,,,,,,,,,,,,,,,,,,,,,,,,,23,,,,,,0,,,,,,,,,,,,,,,,,,,,,,,,,,,,
2013-12-11,JK11A8B9GPATTF,Hitachi HDS722020ALA330,2000398934016,0,,1,,,,,,,,0,,,,,,26329,,,,,,,,,,,,,,,,,,,,,,,,,,,,,,26,,,,,,0,,,,,,,,,,,,,,,,,,,,,,,,,,,,
2013-12-11,W300KKPZ,ST4000DM000,4000787030016,0,,179174232,,,,,,,,0,,,,,,799,,,,,,,,,,,,,,,,,,,,,,,,,,,,,,18,,,,,,0,,,,,,,,,,,,,,,,,,,,,,,,,,,,
2013-12-11,MJ1323YNG15S7C,Hitachi HDS5C3030ALA630,3000592982016,0,,0,,,,,,,,0,,,,,,6360,,,,,,,,,,,,,,,,,,,,,,,,,,,,,,29,,,,,,0,,,,,,,,,,,,,,,,,,,,,,,,,,,,
2013-12-11,Z300NLJ6,ST4000DM000,4000787030016,0,,223521968,,,,,,,,0,,,,,,1234,,,,,,,,,,,,,,,,,,,,,,,,,,,,,,21,,,,,,0,,,,,,,,,,,,,,,,,,,,,,,,,,,,
2013-12-11,S1F0B2YD,ST3000DM001,3000592982016,0,,173277176,,,,,,,,0,,,,,,12840,,,,,,,,,,,,,,,,,,,,,,,,,,,,,,27,,,,,,0,,,,,,,,,,,,,,,,,,,,,,,,,,,,
2013-12-11,JK11A8B9J7568F,Hitachi HDS722020ALA330,2000398934016,0,,0,,,,,,,,0,,,,,,24544,,,,,,,,,,,,,,,,,,,,,,,,,,,,,,29,,,,,,0,,,,,,,,,,,,,,,,,,,,,,,,,,,,
2013-12-11,W300KKPD,ST4000DM000,4000787030016,0,,84526904,,,,,,,,0,,,,,,799,,,,,,,,,,,,,,,,,,,,,,,,,,,,,,19,,,,,,0,,,,,,,,,,,,,,,,,,,,,,,,,,,,
2013-12-11,PL2311LAG1US6C,Hitachi HDS5C4040ALE630,4000787030016,0,,0,,,,,,,,0,,,,,,7451,,,,,,,,,,,,,,,,,,,,,,,,,,,,,,23,,,,,,0,,,,,,,,,,,,,,,,,,,,,,,,,,,,
2013-12-11,W300KKPF,ST4000DM000,4000787030016,0,,235197456,,,,,,,,0,,,,,,948,,,,,,,,,,,,,,,,,,,,,,,,,,,,,,20,,,,,,0,,,,,,,,,,,,,,,,,,,,,,,,,,,,
2013-12-11,PL1311LAG1VGRA,Hitachi HDS5C4040ALE630,4000787030016,0,,0,,,,,,,,0,,,,,,6653,,,,,,,,,,,,,,,,,,,,,,,,,,,,,,29,,,,,,0,,,,,,,,,,,,,,,,,,,,,,,,,,,,
2013-12-11,Z300W140,ST4000DM000,4000787030016,0,,147758192,,,,,,,,0,,,,,,109,,,,,,,,,,,,,,,,,,,,,,,,,,,,,,23,,,,,,0,,,,,,,,,,,,,,,,,,,,,,,,,,,,
2013-12-11,MJ1311YNG2SJZA,Hitachi HDS5C3030ALA630,3000592982016,0,,0,,,,,,,,0,,,,,,18594,,,,,,,,,,,,,,,,,,,,,,,,,,,,,,24,,,,,,0,,,,,,,,,,,,,,,,,,,,,,,,,,,,
2013-12-11,W1F09NHS,ST3000DM001,3000592982016,0,,224522408,,,,,,,,0,,,,,,14231,,,,,,,,,,,,,,,,,,,,,,,,,,,,,,22,,,,,,0,,,,,,,,,,,,,,,,,,,,,,,,,,,,
2013-12-11,W300B01L,ST4000DM000,4000787030016,0,,113653568,,,,,,,,0,,,,,,2225,,,,,,,,,,,,,,,,,,,,,,,,,,,,,,23,,,,,,0,,,,,,,,,,,,,,,,,,,,,,,,,,,,
2013-12-11,PL1321LAG2HMNH,Hitachi HDS5C4040ALE630,4000787030016,0,,0,,,,,,,,0,,,,,,5668,,,,,,,,,,,,,,,,,,,,,,,,,,,,,,21,,,,,,0,,,,,,,,,,,,,,,,,,,,,,,,,,,,
2013-12-11,9XK0P41Q,ST33000651AS,3000592982016,0,,225742515,,,,,,,,0,,,,,,17050,,,,,,,,,,,,,,,,,,,,,,,,,,,,,,25,,,,,,0,,,,,,,,,,,,,,,,,,,,,,,,,,,,
2013-12-11,W1F1K4VY,ST3000DM001,3000592982016,0,,164712008,,,,,,,,0,,,,,,1479,,,,,,,,,,,,,,,,,,,,,,,,,,,,,,25,,,,,,0,,,,,,,,,,,,,,,,,,,,,,,,,,,,
2013-12-11,5XW03PQN,ST31500541AS,1500301910016,0,,105266288,,,,,,,,0,,,,,,36452,,,,,,,,,,,,,,,,,,,,,,,,,,,,,,16,,,,,,0,,,,,,,,,,,,,,,,,,,,,,,,,,,,
2013-12-11,MJ0351YNG9UXLA,Hitachi HDS5C3030ALA630,3000592982016,0,,0,,,,,,,,0,,,,,,9905,,,,,,,,,,,,,,,,,,,,,,,,,,,,,,26,,,,,,0,,,,,,,,,,,,,,,,,,,,,,,,,,,,
2013-12-11,WD-WMC4N1102411,WDC WD30EFRX,3000592982016,0,,0,,,,,,,,0,,,,,,325,,,,,,,,,,,,,,,,,,,,,,,,,,,,,,19,,,,,,0,,,,,,,,,,,,,,,,,,,,,,,,,,,,
2013-12-11,MK0311YHG1M5MA,Hitachi HDS723030ALA640,3000592982016,0,,0,,,,,,,,0,,,,,,22347,,,,,,,,,,,,,,,,,,,,,,,,,,,,,,26,,,,,,0,,,,,,,,,,,,,,,,,,,,,,,,,,,,
2013-12-11,MJ1311YNG6E5WA,Hitachi HDS5C3030ALA630,3000592982016,0,,0,,,,,,,,0,,,,,,14621,,,,,,,,,,,,,,,,,,,,,,,,,,,,,,25,,,,,,0,,,,,,,,,,,,,,,,,,,,,,,,,,,,
2013-12-11,PL1311LAG266EA,Hitachi HDS5C4040ALE630,4000787030016,0,,0,,,,,,,,0,,,,,,5191,,,,,,,,,,,,,,,,,,,,,,,,,,,,,,27,,,,,,0,,,,,,,,,,,,,,,,,,,,,,,,,,,,
2013-12-11,Z1F0LLHL,ST3000DM001,3000592982016,0,,202295536,,,,,,,,0,,,,,,12180,,,,,,,,,,,,,,,,,,,,,,,,,,,,,,33,,,,,,0,,,,,,,,,,,,,,,,,,,,,,,,,,,,
2013-12-11,PL1311LAG3AU3H,Hitachi HDS5C4040ALE630,4000787030016,0,,0,,,,,,,,0,,,,,,6993,,,,,,,,,,,,,,,,,,,,,,,,,,,,,,24,,,,,,0,,,,,,,,,,,,,,,,,,,,,,,,,,,,
2013-12-11,JK11A8B9J2XD2F,Hitachi HDS722020ALA330,2000398934016,0,,0,,,,,,,,0,,,,,,24426,,,,,,,,,,,,,,,,,,,,,,,,,,,,,,30,,,,,,0,,,,,,,,,,,,,,,,,,,,,,,,,,,,
2013-12-11,JK11A1YAJH338V,Hitachi HDS722020ALA330,2000398934016,0,,65536,,,,,,,,0,,,,,,28851,,,,,,,,,,,,,,,,,,,,,,,,,,,,,,32,,,,,,0,,,,,,,,,,,,,,,,,,,,,,,,,,,,
2013-12-11,Z300HLX2,ST4000DM000,4000787030016,0,,180866856,,,,,,,,0,,,,,,2893,,,,,,,,,,,,,,,,,,,,,,,,,,,,,,26,,,,,,0,,,,,,,,,,,,,,,,,,,,,,,,,,,,
2013-12-11,MJ0351YNGA6Z2A,Hitachi HDS5C3030ALA630,3000592982016,0,,0,,,,,,,,0,,,,,,9142,,,,,,,,,,,,,,,,,,,,,,,,,,,,,,30,,,,,,0,,,,,,,,,,,,,,,,,,,,,,,,,,,,
2013-12-11,MJ1311YNG2SGNA,Hitachi HDS5C3030ALA630,3000592982016,0,,0,,,,,,,,0,,,,,,19588,,,,,,,,,,,,,,,,,,,,,,,,,,,,,,25,,,,,,0,,,,,,,,,,,,,,,,,,,,,,,,,,,,
2013-12-11,JK1101B9J38YGF,Hitachi HDS722020ALA330,2000398934016,0,,0,,,,,,,,0,,,,,,23638,,,,,,,,,,,,,,,,,,,,,,,,,,,,,,28,,,,,,0,,,,,,,,,,,,,,,,,,,,,,,,,,,,
2013-12-11,S1F0RX75,ST3000DM001,3000592982016,0,,148776744,,,,,,,,0,,,,,,10500,,,,,,,,,,,,,,,,,,,,,,,,,,,,,,24,,,,,,0,,,,,,,,,,,,,,,,,,,,,,,,,,,,
2013-12-11,Z300K1KS,ST4000DM000,4000787030016,0,,73017624,,,,,,,,0,,,,,,2241,,,,,,,,,,,,,,,,,,,,,,,,,,,,,,19,,,,,,0,,,,,,,,,,,,,,,,,,,,,,,,,,,,
2013-12-11,MJ0351YNGAD24A,Hitachi HDS5C3030ALA630,3000592982016,0,,0,,,,,,,,0,,,,,,8141,,,,,,,,,,,,,,,,,,,,,,,,,,,,,,30,,,,,,0,,,,,,,,,,,,,,,,,,,,,,,,,,,,
2013-12-11,5XW0B62Y,ST31500541AS,1500301910016,0,,44979014,,,,,,,,0,,,,,,33854,,,,,,,,,,,,,,,,,,,,,,,,,,,,,,19,,,,,,0,,,,,,,,,,,,,,,,,,,,,,,,,,,,
2013-12-11,S1F0QWZ7,ST3000DM001,3000592982016,0,,153350208,,,,,,,,0,,,,,,10727,,,,,,,,,,,,,,,,,,,,,,,,,,,,,,21,,,,,,0,,,,,,,,,,,,,,,,,,,,,,,,,,,,
2013-12-11,JK1130YAHRVYWT,Hitachi HDS722020ALA330,2000398934016,0,,196608,,,,,,,,3,,,,,,30171,,,,,,,,,,,,,,,,,,,,,,,,,,,,,,31,,,,,,0,,,,,,,,,,,,,,,,,,,,,,,,,,,,
2013-12-11,MJ1311YNG2U0SA,Hitachi HDS5C3030ALA630,3000592982016,0,,0,,,,,,,,0,,,,,,18405,,,,,,,,,,,,,,,,,,,,,,,,,,,,,,24,,,,,,0,,,,,,,,,,,,,,,,,,,,,,,,,,,,
2013-12-11,S1F033E9,ST3000DM001,3000592982016,0,,114695992,,,,,,,,0,,,,,,15532,,,,,,,,,,,,,,,,,,,,,,,,,,,,,,19,,,,,,0,,,,,,,,,,,,,,,,,,,,,,,,,,,,
2013-12-11,MJ0351YNG9WT4A,Hitachi HDS5C3030ALA630,3000592982016,0,,0,,,,,,,,0,,,,,,9142,,,,,,,,,,,,,,,,,,,,,,,,,,,,,,27,,,,,,0,,,,,,,,,,,,,,,,,,,,,,,,,,,,
2013-12-11,Z300GZ95,ST4000DM000,4000787030016,0,,160934864,,,,,,,,0,,,,,,3621,,,,,,,,,,,,,,,,,,,,,,,,,,,,,,21,,,,,,0,,,,,,,,,,,,,,,,,,,,,,,,,,,,
2013-12-11,W300DB47,ST4000DM000,4000787030016,0,,40244376,,,,,,,,0,,,,,,4140,,,,,,,,,,,,,,,,,,,,,,,,,,,,,,23,,,,,,0,,,,,,,,,,,,,,,,,,,,,,,,,,,,
2013-12-11,Z300GZ91,ST4000DM000,4000787030016,0,,16946656,,,,,,,,0,,,,,,2899,,,,,,,,,,,,,,,,,,,,,,,,,,,,,,25,,,,,,0,,,,,,,,,,,,,,,,,,,,,,,,,,,,
2013-12-11,Z300GZ90,ST4000DM000,4000787030016,0,,140551368,,,,,,,,0,,,,,,3586,,,,,,,,,,,,,,,,,,,,,,,,,,,,,,22,,,,,,0,,,,,,,,,,,,,,,,,,,,,,,,,,,,
2013-12-11,Z300GZ93,ST4000DM000,4000787030016,0,,88357528,,,,,,,,0,,,,,,3580,,,,,,,,,,,,,,,,,,,,,,,,,,,,,,24,,,,,,0,,,,,,,,,,,,,,,,,,,,,,,,,,,,
2013-12-11,Z300GZ92,ST4000DM000,4000787030016,0,,206753952,,,,,,,,0,,,,,,3588,,,,,,,,,,,,,,,,,,,,,,,,,,,,,,25,,,,,,0,,,,,,,,,,,,,,,,,,,,,,,,,,,,
2013-12-11,5XW03M1A,ST31500541AS,1500301910016,0,,205406111,,,,,,,,0,,,,,,36959,,,,,,,,,,,,,,,,,,,,,,,,,,,,,,22,,,,,,0,,,,,,,,,,,,,,,,,,,,,,,,,,,,
2013-12-11,JK1171YBK1M7UF,Hitachi HDS722020ALA330,2000398934016,0,,65537,,,,,,,,0,,,,,,29912,,,,,,,,,,,,,,,,,,,,,,,,,,,,,,27,,,,,,1,,,,,,,,,,,,,,,,,,,,,,,,,,,,
2013-12-11,Z300GZ99,ST4000DM000,4000787030016,0,,52580288,,,,,,,,0,,,,,,3586,,,,,,,,,,,,,,,,,,,,,,,,,,,,,,23,,,,,,0,,,,,,,,,,,,,,,,,,,,,,,,,,,,
2013-12-11,MJ0351YNGA8YZA,Hitachi HDS5C3030ALA630,3000592982016,0,,0,,,,,,,,359,,,,,,7989,,,,,,,,,,,,,,,,,,,,,,,,,,,,,,28,,,,,,0,,,,,,,,,,,,,,,,,,,,,,,,,,,,
2013-12-11,PL2311LAG1AW1C,Hitachi HDS5C4040ALE630,4000787030016,0,,0,,,,,,,,0,,,,,,7415,,,,,,,,,,,,,,,,,,,,,,,,,,,,,,23,,,,,,0,,,,,,,,,,,,,,,,,,,,,,,,,,,,
2013-12-11,MJ1311YNG7K5WA,Hitachi HDS5C3030ALA630,3000592982016,0,,0,,,,,,,,0,,,,,,14621,,,,,,,,,,,,,,,,,,,,,,,,,,,,,,23,,,,,,0,,,,,,,,,,,,,,,,,,,,,,,,,,,,
2013-12-11,MJ1311YNG3LXEA,Hitachi HDS5C3030ALA630,3000592982016,0,,0,,,,,,,,0,,,,,,18947,,,,,,,,,,,,,,,,,,,,,,,,,,,,,,27,,,,,,0,,,,,,,,,,,,,,,,,,,,,,,,,,,,
2013-12-11,S1F0PXZL,ST3000DM001,3000592982016,0,,4231528,,,,,,,,0,,,,,,10759,,,,,,,,,,,,,,,,,,,,,,,,,,,,,,25,,,,,,0,,,,,,,,,,,,,,,,,,,,,,,,,,,,
2013-12-11,W1F0K94W,ST3000DM001,3000592982016,0,,118505064,,,,,,,,0,,,,,,11049,,,,,,,,,,,,,,,,,,,,,,,,,,,,,,23,,,,,,0,,,,,,,,,,,,,,,,,,,,,,,,,,,,
2013-12-11,JK11H1B9GLXHLR,Hitachi HDS722020ALA330,2000398934016,0,,0,,,,,,,,0,,,,,,27487,,,,,,,,,,,,,,,,,,,,,,,,,,,,,,26,,,,,,0,,,,,,,,,,,,,,,,,,,,,,,,,,,,
2013-12-11,Z300GZ9S,ST4000DM000,4000787030016,0,,42321160,,,,,,,,0,,,,,,3582,,,,,,,,,,,,,,,,,,,,,,,,,,,,,,19,,,,,,0,,,,,,,,,,,,,,,,,,,,,,,,,,,,
2013-12-11,Z300GZ9R,ST4000DM000,4000787030016,0,,190324640,,,,,,,,0,,,,,,3627,,,,,,,,,,,,,,,,,,,,,,,,,,,,,,22,,,,,,0,,,,,,,,,,,,,,,,,,,,,,,,,,,,
2013-12-11,PL1311LAG1SJSA,Hitachi HDS5C4040ALE630,4000787030016,0,,0,,,,,,,,0,,,,,,7404,,,,,,,,,,,,,,,,,,,,,,,,,,,,,,25,,,,,,0,,,,,,,,,,,,,,,,,,,,,,,,,,,,
2013-12-11,Z300GZ9X,ST4000DM000,4000787030016,0,,148996512,,,,,,,,0,,,,,,3582,,,,,,,,,,,,,,,,,,,,,,,,,,,,,,24,,,,,,0,,,,,,,,,,,,,,,,,,,,,,,,,,,,
2013-12-11,WD-WCAU42451771,WDC WD10EACS,1000204886016,0,,0,,,,,,,,0,,,,,,42814,,,,,,,,,,,,,,,,,,,,,,,,,,,,,,17,,,,,,0,,,,,,,,,,,,,,,,,,,,,,,,,,,,
2013-12-11,Z300GZ9M,ST4000DM000,4000787030016,0,,21288104,,,,,,,,0,,,,,,3583,,,,,,,,,,,,,,,,,,,,,,,,,,,,,,26,,,,,,0,,,,,,,,,,,,,,,,,,,,,,,,,,,,
2013-12-11,Z300GZ9L,ST4000DM000,4000787030016,0,,227055168,,,,,,,,0,,,,,,3586,,,,,,,,,,,,,,,,,,,,,,,,,,,,,,21,,,,,,0,,,,,,,,,,,,,,,,,,,,,,,,,,,,
2013-12-11,MK0311YHGKE46A,Hitachi HDS723030ALA640,3000592982016,0,,131072,,,,,,,,0,,,,,,14733,,,,,,,,,,,,,,,,,,,,,,,,,,,,,,27,,,,,,0,,,,,,,,,,,,,,,,,,,,,,,,,,,,
2013-12-11,Z300GZ9H,ST4000DM000,4000787030016,0,,182527424,,,,,,,,0,,,,,,3627,,,,,,,,,,,,,,,,,,,,,,,,,,,,,,20,,,,,,0,,,,,,,,,,,,,,,,,,,,,,,,,,,,
2013-12-11,JK1101B9GD8Z4F,Hitachi HDS722020ALA330,2000398934016,0,,131072,,,,,,,,0,,,,,,23666,,,,,,,,,,,,,,,,,,,,,,,,,,,,,,27,,,,,,0,,,,,,,,,,,,,,,,,,,,,,,,,,,,
2013-12-11,S1F0QWZP,ST3000DM001,3000592982016,0,,65966144,,,,,,,,0,,,,,,11638,,,,,,,,,,,,,,,,,,,,,,,,,,,,,,27,,,,,,0,,,,,,,,,,,,,,,,,,,,,,,,,,,,
2013-12-11,6XW0319Z,ST31500541AS,1500301910016,0,,223173978,,,,,,,,0,,,,,,37050,,,,,,,,,,,,,,,,,,,,,,,,,,,,,,24,,,,,,0,,,,,,,,,,,,,,,,,,,,,,,,,,,,
2013-12-11,MJ0351YNG9ZP0A,Hitachi HDS5C3030ALA630,3000592982016,0,,0,,,,,,,,0,,,,,,9672,,,,,,,,,,,,,,,,,,,,,,,,,,,,,,27,,,,,,0,,,,,,,,,,,,,,,,,,,,,,,,,,,,
2013-12-11,JK11A8B9GNGKGF,Hitachi HDS722020ALA330,2000398934016,0,,0,,,,,,,,0,,,,,,26493,,,,,,,,,,,,,,,,,,,,,,,,,,,,,,26,,,,,,0,,,,,,,,,,,,,,,,,,,,,,,,,,,,
2013-12-11,Z300XAJV,ST4000DM000,4000787030016,0,,226188296,,,,,,,,0,,,,,,612,,,,,,,,,,,,,,,,,,,,,,,,,,,,,,20,,,,,,0,,,,,,,,,,,,,,,,,,,,,,,,,,,,
2013-12-11,WD-WCAWZ1969572,WDC WD30EZRX,3000592982016,0,,0,,,,,,,,0,,,,,,9293,,,,,,,,,,,,,,,,,,,,,,,,,,,,,,25,,,,,,0,,,,,,,,,,,,,,,,,,,,,,,,,,,,
2013-12-11,6XW0592Z,ST31500541AS,1500301910016,0,,225329265,,,,,,,,0,,,,,,36940,,,,,,,,,,,,,,,,,,,,,,,,,,,,,,18,,,,,,0,,,,,,,,,,,,,,,,,,,,,,,,,,,,
2013-12-11,JK1101B9G90XVF,Hitachi HDS722020ALA330,2000398934016,0,,0,,,,,,,,0,,,,,,26926,,,,,,,,,,,,,,,,,,,,,,,,,,,,,,26,,,,,,0,,,,,,,,,,,,,,,,,,,,,,,,,,,,
2013-12-11,MK0311YHGHB0NA,Hitachi HDS723030ALA640,3000592982016,0,,0,,,,,,,,0,,,,,,16805,,,,,,,,,,,,,,,,,,,,,,,,,,,,,,30,,,,,,0,,,,,,,,,,,,,,,,,,,,,,,,,,,,
2013-12-11,PL1311LAG3DH1H,Hitachi HDS5C4040ALE630,4000787030016,0,,0,,,,,,,,0,,,,,,6639,,,,,,,,,,,,,,,,,,,,,,,,,,,,,,28,,,,,,0,,,,,,,,,,,,,,,,,,,,,,,,,,,,
2013-12-11,W1F0P2WX,ST3000DM001,3000592982016,0,,143609440,,,,,,,,48240,,,,,,11022,,,,,,,,,,,,,,,,,,,,,,,,,,,,,,21,,,,,,0,,,,,,,,,,,,,,,,,,,,,,,,,,,,
2013-12-11,JK1101B9GE8X3F,Hitachi HDS722020ALA330,2000398934016,0,,0,,,,,,,,0,,,,,,26928,,,,,,,,,,,,,,,,,,,,,,,,,,,,,,25,,,,,,0,,,,,,,,,,,,,,,,,,,,,,,,,,,,
2013-12-11,PL2311LAG1MGJC,Hitachi HDS5C4040ALE630,4000787030016,0,,0,,,,,,,,0,,,,,,7460,,,,,,,,,,,,,,,,,,,,,,,,,,,,,,27,,,,,,0,,,,,,,,,,,,,,,,,,,,,,,,,,,,
2013-12-11,MJ1311YNG7H4PA,Hitachi HDS5C3030ALA630,3000592982016,0,,0,,,,,,,,0,,,,,,14574,,,,,,,,,,,,,,,,,,,,,,,,,,,,,,21,,,,,,0,,,,,,,,,,,,,,,,,,,,,,,,,,,,
2013-12-11,JK1170YAJDAE8T,Hitachi HDS722020ALA330,2000398934016,0,,0,,,,,,,,0,,,,,,28154,,,,,,,,,,,,,,,,,,,,,,,,,,,,,,23,,,,,,0,,,,,,,,,,,,,,,,,,,,,,,,,,,,
2013-12-11,JK1105B8GEUR4X,Hitachi HDS722020ALA330,2000398934016,0,,0,,,,,,,,8,,,,,,27213,,,,,,,,,,,,,,,,,,,,,,,,,,,,,,27,,,,,,0,,,,,,,,,,,,,,,,,,,,,,,,,,,,
2013-12-11,Z1F0G55J,ST3000DM001,3000592982016,0,,168346808,,,,,,,,0,,,,,,9336,,,,,,,,,,,,,,,,,,,,,,,,,,,,,,30,,,,,,0,,,,,,,,,,,,,,,,,,,,,,,,,,,,
2013-12-11,MJ0351YNG9T94A,Hitachi HDS5C3030ALA630,3000592982016,0,,0,,,,,,,,0,,,,,,9939,,,,,,,,,,,,,,,,,,,,,,,,,,,,,,25,,,,,,0,,,,,,,,,,,,,,,,,,,,,,,,,,,,
2013-12-11,W1F0ANYM,ST3000DM001,3000592982016,0,,87146448,,,,,,,,0,,,,,,13361,,,,,,,,,,,,,,,,,,,,,,,,,,,,,,24,,,,,,0,,,,,,,,,,,,,,,,,,,,,,,,,,,,
2013-12-11,W1F1CM93,ST3000DM001,3000592982016,0,,38593344,,,,,,,,0,,,,,,8208,,,,,,,,,,,,,,,,,,,,,,,,,,,,,,24,,,,,,0,,,,,,,,,,,,,,,,,,,,,,,,,,,,
2013-12-11,JK11A8B9J03A4F,Hitachi HDS722020ALA330,2000398934016,0,,0,,,,,,,,0,,,,,,23488,,,,,,,,,,,,,,,,,,,,,,,,,,,,,,25,,,,,,0,,,,,,,,,,,,,,,,,,,,,,,,,,,,
2013-12-11,W1F0ANYP,ST3000DM001,3000592982016,0,,208074672,,,,,,,,0,,,,,,13824,,,,,,,,,,,,,,,,,,,,,,,,,,,,,,24,,,,,,0,,,,,,,,,,,,,,,,,,,,,,,,,,,,
2013-12-11,JK11A1YAJHDJ6V,Hitachi HDS722020ALA330,2000398934016,0,,1,,,,,,,,0,,,,,,28851,,,,,,,,,,,,,,,,,,,,,,,,,,,,,,32,,,,,,0,,,,,,,,,,,,,,,,,,,,,,,,,,,,
2013-12-11,W1F0X4TV,ST3000DM001,3000592982016,0,,27212976,,,,,,,,0,,,,,,10771,,,,,,,,,,,,,,,,,,,,,,,,,,,,,,21,,,,,,0,,,,,,,,,,,,,,,,,,,,,,,,,,,,
2013-12-11,Z290VRHY,ST33000651AS,3000592982016,0,,101930768,,,,,,,,0,,,,,,15604,,,,,,,,,,,,,,,,,,,,,,,,,,,,,,24,,,,,,0,,,,,,,,,,,,,,,,,,,,,,,,,,,,
2013-12-11,JK2171B9HZDPYL,Hitachi HDS722020ALA330,2000398934016,0,,0,,,,,,,,0,,,,,,22703,,,,,,,,,,,,,,,,,,,,,,,,,,,,,,29,,,,,,0,,,,,,,,,,,,,,,,,,,,,,,,,,,,
2013-12-11,PL1311LAG28WXH,Hitachi HDS5C4040ALE630,4000787030016,0,,0,,,,,,,,0,,,,,,7402,,,,,,,,,,,,,,,,,,,,,,,,,,,,,,22,,,,,,0,,,,,,,,,,,,,,,,,,,,,,,,,,,,
2013-12-11,MJ1311YNG383WA,Hitachi HDS5C3030ALA630,3000592982016,0,,0,,,,,,,,0,,,,,,18928,,,,,,,,,,,,,,,,,,,,,,,,,,,,,,29,,,,,,0,,,,,,,,,,,,,,,,,,,,,,,,,,,,
2013-12-11,MJ1311YNG60H0A,Hitachi HDS5C3030ALA630,3000592982016,0,,0,,,,,,,,1,,,,,,16613,,,,,,,,,,,,,,,,,,,,,,,,,,,,,,24,,,,,,0,,,,,,,,,,,,,,,,,,,,,,,,,,,,
2013-12-11,W1F1CM9M,ST3000DM001,3000592982016,0,,170904400,,,,,,,,0,,,,,,8176,,,,,,,,,,,,,,,,,,,,,,,,,,,,,,19,,,,,,0,,,,,,,,,,,,,,,,,,,,,,,,,,,,
2013-12-11,JK11A4B8J7SH2W,Hitachi HDS722020ALA330,2000398934016,0,,0,,,,,,,,0,,,,,,26011,,,,,,,,,,,,,,,,,,,,,,,,,,,,,,28,,,,,,0,,,,,,,,,,,,,,,,,,,,,,,,,,,,
2013-12-11,W1F0ANY8,ST3000DM001,3000592982016,0,,235218864,,,,,,,,0,,,,,,13340,,,,,,,,,,,,,,,,,,,,,,,,,,,,,,29,,,,,,0,,,,,,,,,,,,,,,,,,,,,,,,,,,,
2013-12-11,PL1321LAG33XVH,Hitachi HDS5C4040ALE630,4000787030016,0,,0,,,,,,,,0,,,,,,6653,,,,,,,,,,,,,,,,,,,,,,,,,,,,,,20,,,,,,0,,,,,,,,,,,,,,,,,,,,,,,,,,,,
2013-12-11,W1F092D2,ST3000DM001,3000592982016,0,,167333768,,,,,,,,0,,,,,,13347,,,,,,,,,,,,,,,,,,,,,,,,,,,,,,25,,,,,,0,,,,,,,,,,,,,,,,,,,,,,,,,,,,
2013-12-11,JK1120YAG44JSP,Hitachi HDS722020ALA330,2000398934016,0,,0,,,,,,,,0,,,,,,21167,,,,,,,,,,,,,,,,,,,,,,,,,,,,,,33,,,,,,0,,,,,,,,,,,,,,,,,,,,,,,,,,,,
2013-12-11,PL1311LAG28NGH,Hitachi HDS5C4040ALE630,4000787030016,0,,0,,,,,,,,0,,,,,,7415,,,,,,,,,,,,,,,,,,,,,,,,,,,,,,23,,,,,,0,,,,,,,,,,,,,,,,,,,,,,,,,,,,
2013-12-11,JK1130YAHPAPLT,Hitachi HDS722020ALA330,2000398934016,0,,720907,,,,,,,,1,,,,,,30171,,,,,,,,,,,,,,,,,,,,,,,,,,,,,,28,,,,,,0,,,,,,,,,,,,,,,,,,,,,,,,,,,,
2013-12-11,Z290R1KL,ST33000651AS,3000592982016,0,,76393370,,,,,,,,0,,,,,,18074,,,,,,,,,,,,,,,,,,,,,,,,,,,,,,29,,,,,,0,,,,,,,,,,,,,,,,,,,,,,,,,,,,
2013-12-11,MJ1311YNG0X68A,Hitachi HDS5C3030ALA630,3000592982016,0,,0,,,,,,,,0,,,,,,20732,,,,,,,,,,,,,,,,,,,,,,,,,,,,,,23,,,,,,0,,,,,,,,,,,,,,,,,,,,,,,,,,,,
2013-12-11,W300CV1Q,ST4000DM000,4000787030016,0,,37372880,,,,,,,,0,,,,,,4353,,,,,,,,,,,,,,,,,,,,,,,,,,,,,,26,,,,,,0,,,,,,,,,,,,,,,,,,,,,,,,,,,,
2013-12-11,W30045PM,ST4000DM000,4000787030016,0,,181348408,,,,,,,,0,,,,,,2243,,,,,,,,,,,,,,,,,,,,,,,,,,,,,,20,,,,,,0,,,,,,,,,,,,,,,,,,,,,,,,,,,,
2013-12-11,MJ1311YNG3KEXA,Hitachi HDS5C3030ALA630,3000592982016,0,,0,,,,,,,,0,,,,,,19253,,,,,,,,,,,,,,,,,,,,,,,,,,,,,,27,,,,,,0,,,,,,,,,,,,,,,,,,,,,,,,,,,,
2013-12-11,JK1105B8JS1NDX,Hitachi HDS722020ALA330,2000398934016,0,,0,,,,,,,,0,,,,,,22863,,,,,,,,,,,,,,,,,,,,,,,,,,,,,,24,,,,,,0,,,,,,,,,,,,,,,,,,,,,,,,,,,,
2013-12-11,6XW0XQAD,ST31500541AS,1500301910016,0,,154062988,,,,,,,,0,,,,,,33862,,,,,,,,,,,,,,,,,,,,,,,,,,,,,,17,,,,,,0,,,,,,,,,,,,,,,,,,,,,,,,,,,,
2013-12-11,PL1311LAG3DMGH,Hitachi HDS5C4040ALE630,4000787030016,0,,0,,,,,,,,0,,,,,,6993,,,,,,,,,,,,,,,,,,,,,,,,,,,,,,22,,,,,,0,,,,,,,,,,,,,,,,,,,,,,,,,,,,
2013-12-11,S1F0LDS2,ST3000DM001,3000592982016,0,,19559752,,,,,,,,8968,,,,,,12167,,,,,,,,,,,,,,,,,,,,,,,,,,,,,,25,,,,,,0,,,,,,,,,,,,,,,,,,,,,,,,,,,,
2013-12-11,6XW0XQAH,ST31500541AS,1500301910016,0,,16095020,,,,,,,,0,,,,,,34172,,,,,,,,,,,,,,,,,,,,,,,,,,,,,,24,,,,,,0,,,,,,,,,,,,,,,,,,,,,,,,,,,,
2013-12-11,S1F026MP,ST3000DM001,3000592982016,0,,102915088,,,,,,,,0,,,,,,14731,,,,,,,,,,,,,,,,,,,,,,,,,,,,,,24,,,,,,0,,,,,,,,,,,,,,,,,,,,,,,,,,,,
2013-12-11,MJ1311YNG6XKUA,Hitachi HDS5C3030ALA630,3000592982016,0,,0,,,,,,,,0,,,,,,14601,,,,,,,,,,,,,,,,,,,,,,,,,,,,,,20,,,,,,0,,,,,,,,,,,,,,,,,,,,,,,,,,,,
2013-12-11,S1F0S5K4,ST3000DM001,3000592982016,0,,78556416,,,,,,,,0,,,,,,8652,,,,,,,,,,,,,,,,,,,,,,,,,,,,,,26,,,,,,0,,,,,,,,,,,,,,,,,,,,,,,,,,,,
2013-12-11,6XW00GLE,ST31500541AS,1500301910016,0,,27063980,,,,,,,,0,,,,,,35777,,,,,,,,,,,,,,,,,,,,,,,,,,,,,,20,,,,,,0,,,,,,,,,,,,,,,,,,,,,,,,,,,,
2013-12-11,MJ0351YNG9XRRA,Hitachi HDS5C3030ALA630,3000592982016,0,,0,,,,,,,,0,,,,,,9525,,,,,,,,,,,,,,,,,,,,,,,,,,,,,,31,,,,,,0,,,,,,,,,,,,,,,,,,,,,,,,,,,,
2013-12-11,JK1130YAHDGDET,Hitachi HDS722020ALA330,2000398934016,0,,2359332,,,,,,,,0,,,,,,30172,,,,,,,,,,,,,,,,,,,,,,,,,,,,,,32,,,,,,0,,,,,,,,,,,,,,,,,,,,,,,,,,,,
2013-12-11,S1F0L1XN,ST3000DM001,3000592982016,0,,41395008,,,,,,,,0,,,,,,10943,,,,,,,,,,,,,,,,,,,,,,,,,,,,,,25,,,,,,0,,,,,,,,,,,,,,,,,,,,,,,,,,,,
2013-12-11,6XW00YEM,ST31500541AS,1500301910016,0,,58567137,,,,,,,,0,,,,,,37152,,,,,,,,,,,,,,,,,,,,,,,,,,,,,,21,,,,,,0,,,,,,,,,,,,,,,,,,,,,,,,,,,,
2013-12-11,MJ1311YNG3KKUA,Hitachi HDS5C3030ALA630,3000592982016,0,,0,,,,,,,,0,,,,,,18066,,,,,,,,,,,,,,,,,,,,,,,,,,,,,,23,,,,,,0,,,,,,,,,,,,,,,,,,,,,,,,,,,,
2013-12-11,WD-WCAU45177261,WDC WD10EADS,1000204886016,0,,0,,,,,,,,0,,,,,,35908,,,,,,,,,,,,,,,,,,,,,,,,,,,,,,21,,,,,,0,,,,,,,,,,,,,,,,,,,,,,,,,,,,
2013-12-11,MJ1313YNG1ZU9C,Hitachi HDS5C3030ALA630,3000592982016,0,,0,,,,,,,,0,,,,,,21796,,,,,,,,,,,,,,,,,,,,,,,,,,,,,,23,,,,,,0,,,,,,,,,,,,,,,,,,,,,,,,,,,,
2013-12-11,Z1F0M0TV,ST3000DM001,3000592982016,0,,87523344,,,,,,,,0,,,,,,11751,,,,,,,,,,,,,,,,,,,,,,,,,,,,,,27,,,,,,0,,,,,,,,,,,,,,,,,,,,,,,,,,,,
2013-12-11,JK11A8B9J3LYBF,Hitachi HDS722020ALA330,2000398934016,0,,0,,,,,,,,0,,,,,,23125,,,,,,,,,,,,,,,,,,,,,,,,,,,,,,38,,,,,,0,,,,,,,,,,,,,,,,,,,,,,,,,,,,
2013-12-11,Z300NR64,ST4000DM000,4000787030016,0,,129381568,,,,,,,,0,,,,,,1142,,,,,,,,,,,,,,,,,,,,,,,,,,,,,,29,,,,,,0,,,,,,,,,,,,,,,,,,,,,,,,,,,,
2013-12-11,MJ0351YNG9PVLA,Hitachi HDS5C3030ALA630,3000592982016,0,,0,,,,,,,,0,,,,,,8141,,,,,,,,,,,,,,,,,,,,,,,,,,,,,,30,,,,,,0,,,,,,,,,,,,,,,,,,,,,,,,,,,,
2013-12-11,MJ0351YNGAA1MA,Hitachi HDS5C3030ALA630,3000592982016,0,,0,,,,,,,,0,,,,,,8214,,,,,,,,,,,,,,,,,,,,,,,,,,,,,,29,,,,,,0,,,,,,,,,,,,,,,,,,,,,,,,,,,,
2013-12-11,MJ1311YNG32S1A,Hitachi HDS5C3030ALA630,3000592982016,0,,0,,,,,,,,0,,,,,,18065,,,,,,,,,,,,,,,,,,,,,,,,,,,,,,25,,,,,,0,,,,,,,,,,,,,,,,,,,,,,,,,,,,
2013-12-11,6XW0XLC4,ST31500541AS,1500301910016,0,,30525684,,,,,,,,0,,,,,,27527,,,,,,,,,,,,,,,,,,,,,,,,,,,,,,19,,,,,,0,,,,,,,,,,,,,,,,,,,,,,,,,,,,
2013-12-11,6XW01YE4,ST31500541AS,1500301910016,0,,209299677,,,,,,,,0,,,,,,35784,,,,,,,,,,,,,,,,,,,,,,,,,,,,,,21,,,,,,0,,,,,,,,,,,,,,,,,,,,,,,,,,,,
2013-12-11,JK1180YAH1RPET,Hitachi HDS722020ALA330,2000398934016,0,,65536,,,,,,,,0,,,,,,21099,,,,,,,,,,,,,,,,,,,,,,,,,,,,,,32,,,,,,0,,,,,,,,,,,,,,,,,,,,,,,,,,,,
2013-12-11,Z1F0MRPJ,ST3000DM001,3000592982016,0,,99625848,,,,,,,,0,,,,,,12154,,,,,,,,,,,,,,,,,,,,,,,,,,,,,,24,,,,,,0,,,,,,,,,,,,,,,,,,,,,,,,,,,,
2013-12-11,W30045P9,ST4000DM000,4000787030016,0,,64023304,,,,,,,,0,,,,,,2243,,,,,,,,,,,,,,,,,,,,,,,,,,,,,,19,,,,,,0,,,,,,,,,,,,,,,,,,,,,,,,,,,,
2013-12-11,JK1105B8JS2JSX,Hitachi HDS722020ALA330,2000398934016,0,,65537,,,,,,,,0,,,,,,22298,,,,,,,,,,,,,,,,,,,,,,,,,,,,,,32,,,,,,0,,,,,,,,,,,,,,,,,,,,,,,,,,,,
2013-12-11,9VS2ABVT,ST31500341AS,1500301910016,0,,34972754,,,,,,,,1,,,,,,38654,,,,,,,,,,,,,,,,,,,,,,,,,,,,,,23,,,,,,0,,,,,,,,,,,,,,,,,,,,,,,,,,,,
2013-12-11,6XW03B0J,ST31500541AS,1500301910016,0,,143609873,,,,,,,,43,,,,,,36909,,,,,,,,,,,,,,,,,,,,,,,,,,,,,,20,,,,,,0,,,,,,,,,,,,,,,,,,,,,,,,,,,,
2013-12-11,MJ0351YNGAAG8A,Hitachi HDS5C3030ALA630,3000592982016,0,,0,,,,,,,,0,,,,,,8641,,,,,,,,,,,,,,,,,,,,,,,,,,,,,,27,,,,,,0,,,,,,,,,,,,,,,,,,,,,,,,,,,,
2013-12-11,13H87YWAS,TOSHIBA DT01ACA300,3000592982016,0,,0,,,,,,,,0,,,,,,5072,,,,,,,,,,,,,,,,,,,,,,,,,,,,,,25,,,,,,0,,,,,,,,,,,,,,,,,,,,,,,,,,,,
2013-12-11,6XW0XPEB,ST31500541AS,1500301910016,0,,127986287,,,,,,,,0,,,,,,33532,,,,,,,,,,,,,,,,,,,,,,,,,,,,,,22,,,,,,0,,,,,,,,,,,,,,,,,,,,,,,,,,,,
2013-12-11,6XW00XA7,ST31500541AS,1500301910016,0,,1524344,,,,,,,,0,,,,,,37443,,,,,,,,,,,,,,,,,,,,,,,,,,,,,,20,,,,,,0,,,,,,,,,,,,,,,,,,,,,,,,,,,,
2013-12-11,Z1F097LB,ST3000DM001,3000592982016,0,,220951488,,,,,,,,0,,,,,,6653,,,,,,,,,,,,,,,,,,,,,,,,,,,,,,20,,,,,,0,,,,,,,,,,,,,,,,,,,,,,,,,,,,
2013-12-11,W3005R54,ST4000DM000,4000787030016,0,,179063432,,,,,,,,0,,,,,,2856,,,,,,,,,,,,,,,,,,,,,,,,,,,,,,21,,,,,,0,,,,,,,,,,,,,,,,,,,,,,,,,,,,
2013-12-11,W3009NB8,ST4000DM000,4000787030016,0,,128141784,,,,,,,,0,,,,,,4160,,,,,,,,,,,,,,,,,,,,,,,,,,,,,,25,,,,,,0,,,,,,,,,,,,,,,,,,,,,,,,,,,,
2013-12-11,PL1311LAG3DZRH,Hitachi HDS5C4040ALE630,4000787030016,0,,0,,,,,,,,0,,,,,,5921,,,,,,,,,,,,,,,,,,,,,,,,,,,,,,20,,,,,,0,,,,,,,,,,,,,,,,,,,,,,,,,,,,
2013-12-11,W1F0A1S5,ST3000DM001,3000592982016,0,,113501752,,,,,,,,3360,,,,,,14213,,,,,,,,,,,,,,,,,,,,,,,,,,,,,,22,,,,,,0,,,,,,,,,,,,,,,,,,,,,,,,,,,,
2013-12-11,W1F08EPF,ST3000DM001,3000592982016,0,,193056792,,,,,,,,0,,,,,,13345,,,,,,,,,,,,,,,,,,,,,,,,,,,,,,28,,,,,,0,,,,,,,,,,,,,,,,,,,,,,,,,,,,
2013-12-11,JK11A5B8KK8Z2X,Hitachi HDS722020ALA330,2000398934016,0,,852000,,,,,,,,3,,,,,,2050,,,,,,,,,,,,,,,,,,,,,,,,,,,,,,31,,,,,,2,,,,,,,,,,,,,,,,,,,,,,,,,,,,
2013-12-11,9VS3PRBF,ST31500341AS,1500301910016,0,,11638831,,,,,,,,9,,,,,,18384,,,,,,,,,,,,,,,,,,,,,,,,,,,,,,26,,,,,,0,,,,,,,,,,,,,,,,,,,,,,,,,,,,
2013-12-11,MK0311YHGJ5LMA,Hitachi HDS723030ALA640,3000592982016,0,,0,,,,,,,,0,,,,,,14732,,,,,,,,,,,,,,,,,,,,,,,,,,,,,,25,,,,,,0,,,,,,,,,,,,,,,,,,,,,,,,,,,,
2013-12-11,W1F0T474,ST3000DM001,3000592982016,0,,144749960,,,,,,,,0,,,,,,10726,,,,,,,,,,,,,,,,,,,,,,,,,,,,,,22,,,,,,0,,,,,,,,,,,,,,,,,,,,,,,,,,,,
2013-12-11,W3009NBY,ST4000DM000,4000787030016,0,,130255784,,,,,,,,0,,,,,,2385,,,,,,,,,,,,,,,,,,,,,,,,,,,,,,25,,,,,,0,,,,,,,,,,,,,,,,,,,,,,,,,,,,
2013-12-11,MJ0351YNG9SX3A,Hitachi HDS5C3030ALA630,3000592982016,0,,0,,,,,,,,0,,,,,,9475,,,,,,,,,,,,,,,,,,,,,,,,,,,,,,27,,,,,,0,,,,,,,,,,,,,,,,,,,,,,,,,,,,
2013-12-11,W300H7RC,ST4000DM000,4000787030016,0,,158236632,,,,,,,,0,,,,,,909,,,,,,,,,,,,,,,,,,,,,,,,,,,,,,23,,,,,,0,,,,,,,,,,,,,,,,,,,,,,,,,,,,
2013-12-11,PL1311LAG28RPH,Hitachi HDS5C4040ALE630,4000787030016,0,,0,,,,,,,,0,,,,,,5186,,,,,,,,,,,,,,,,,,,,,,,,,,,,,,24,,,,,,0,,,,,,,,,,,,,,,,,,,,,,,,,,,,
2013-12-11,W30061Q7,ST4000DM000,4000787030016,0,,47067872,,,,,,,,0,,,,,,2902,,,,,,,,,,,,,,,,,,,,,,,,,,,,,,28,,,,,,0,,,,,,,,,,,,,,,,,,,,,,,,,,,,
2013-12-11,6XW03B02,ST31500541AS,1500301910016,0,,24745865,,,,,,,,0,,,,,,36936,,,,,,,,,,,,,,,,,,,,,,,,,,,,,,24,,,,,,0,,,,,,,,,,,,,,,,,,,,,,,,,,,,
2013-12-11,MJ1311YNG7HVHA,Hitachi HDS5C3030ALA630,3000592982016,0,,0,,,,,,,,0,,,,,,14310,,,,,,,,,,,,,,,,,,,,,,,,,,,,,,22,,,,,,0,,,,,,,,,,,,,,,,,,,,,,,,,,,,
2013-12-11,PL2311LAG1M9NC,Hitachi HDS5C4040ALE630,4000787030016,0,,0,,,,,,,,0,,,,,,7462,,,,,,,,,,,,,,,,,,,,,,,,,,,,,,25,,,,,,0,,,,,,,,,,,,,,,,,,,,,,,,,,,,
2013-12-11,JK11A8B9J8ZBAF,Hitachi HDS722020ALA330,2000398934016,0,,0,,,,,,,,0,,,,,,26004,,,,,,,,,,,,,,,,,,,,,,,,,,,,,,24,,,,,,0,,,,,,,,,,,,,,,,,,,,,,,,,,,,
2013-12-11,JK11A4B8J5867W,Hitachi HDS722020ALA330,2000398934016,0,,0,,,,,,,,0,,,,,,25120,,,,,,,,,,,,,,,,,,,,,,,,,,,,,,27,,,,,,0,,,,,,,,,,,,,,,,,,,,,,,,,,,,
2013-12-11,MJ0351YNG9YUZA,Hitachi HDS5C3030ALA630,3000592982016,0,,0,,,,,,,,0,,,,,,9773,,,,,,,,,,,,,,,,,,,,,,,,,,,,,,28,,,,,,0,,,,,,,,,,,,,,,,,,,,,,,,,,,,
2013-12-11,JK1101B8KNGUVS,Hitachi HDS722020ALA330,2000398934016,0,,0,,,,,,,,0,,,,,,23097,,,,,,,,,,,,,,,,,,,,,,,,,,,,,,30,,,,,,0,,,,,,,,,,,,,,,,,,,,,,,,,,,,
2013-12-11,MJ0351YNG9YRNA,Hitachi HDS5C3030ALA630,3000592982016,0,,0,,,,,,,,0,,,,,,9469,,,,,,,,,,,,,,,,,,,,,,,,,,,,,,24,,,,,,0,,,,,,,,,,,,,,,,,,,,,,,,,,,,
2013-12-11,S1F0BAL8,ST3000DM001,3000592982016,0,,113567656,,,,,,,,0,,,,,,12418,,,,,,,,,,,,,,,,,,,,,,,,,,,,,,27,,,,,,0,,,,,,,,,,,,,,,,,,,,,,,,,,,,
2013-12-11,JK1101B9GE5DGF,Hitachi HDS722020ALA330,2000398934016,0,,0,,,,,,,,0,,,,,,27737,,,,,,,,,,,,,,,,,,,,,,,,,,,,,,25,,,,,,0,,,,,,,,,,,,,,,,,,,,,,,,,,,,
2013-12-11,PL1321LAG33TRH,Hitachi HDS5C4040ALE630,4000787030016,0,,0,,,,,,,,0,,,,,,6650,,,,,,,,,,,,,,,,,,,,,,,,,,,,,,20,,,,,,0,,,,,,,,,,,,,,,,,,,,,,,,,,,,
2013-12-11,JK11A8B9GPHWNF,Hitachi HDS722020ALA330,2000398934016,0,,0,,,,,,,,0,,,,,,26493,,,,,,,,,,,,,,,,,,,,,,,,,,,,,,27,,,,,,0,,,,,,,,,,,,,,,,,,,,,,,,,,,,
2013-12-11,9VS2AKTZ,ST31500341AS,1500301910016,0,,73592614,,,,,,,,423,,,,,,38665,,,,,,,,,,,,,,,,,,,,,,,,,,,,,,24,,,,,,0,,,,,,,,,,,,,,,,,,,,,,,,,,,,
2013-12-11,PL1321LAG344MH,Hitachi HDS5C4040ALE630,4000787030016,0,,0,,,,,,,,0,,,,,,6650,,,,,,,,,,,,,,,,,,,,,,,,,,,,,,21,,,,,,0,,,,,,,,,,,,,,,,,,,,,,,,,,,,
2013-12-11,Z300MY0N,ST4000DM000,4000787030016,0,,47153784,,,,,,,,0,,,,,,2899,,,,,,,,,,,,,,,,,,,,,,,,,,,,,,22,,,,,,0,,,,,,,,,,,,,,,,,,,,,,,,,,,,
2013-12-11,Z300MY0L,ST4000DM000,4000787030016,0,,200932896,,,,,,,,0,,,,,,2880,,,,,,,,,,,,,,,,,,,,,,,,,,,,,,21,,,,,,0,,,,,,,,,,,,,,,,,,,,,,,,,,,,
2013-12-11,Z1F06R7J,ST3000DM001,3000592982016,0,,151064320,,,,,,,,0,,,,,,14734,,,,,,,,,,,,,,,,,,,,,,,,,,,,,,24,,,,,,0,,,,,,,,,,,,,,,,,,,,,,,,,,,,
2013-12-11,MJ1311YNG5PJRA,Hitachi HDS5C3030ALA630,3000592982016,0,,0,,,,,,,,0,,,,,,14574,,,,,,,,,,,,,,,,,,,,,,,,,,,,,,24,,,,,,0,,,,,,,,,,,,,,,,,,,,,,,,,,,,
2013-12-11,MK0333YHGNY1XC,Hitachi HDS723030ALA640,3000592982016,0,,0,,,,,,,,0,,,,,,17030,,,,,,,,,,,,,,,,,,,,,,,,,,,,,,29,,,,,,0,,,,,,,,,,,,,,,,,,,,,,,,,,,,
2013-12-11,Z1F06R7E,ST3000DM001,3000592982016,0,,210363048,,,,,,,,0,,,,,,14734,,,,,,,,,,,,,,,,,,,,,,,,,,,,,,24,,,,,,0,,,,,,,,,,,,,,,,,,,,,,,,,,,,
2013-12-11,MJ0351YNG9Z73A,Hitachi HDS5C3030ALA630,3000592982016,0,,0,,,,,,,,0,,,,,,9975,,,,,,,,,,,,,,,,,,,,,,,,,,,,,,29,,,,,,0,,,,,,,,,,,,,,,,,,,,,,,,,,,,
2013-12-11,JK11A8B9J9L36F,Hitachi HDS722020ALA330,2000398934016,0,,0,,,,,,,,0,,,,,,24468,,,,,,,,,,,,,,,,,,,,,,,,,,,,,,25,,,,,,0,,,,,,,,,,,,,,,,,,,,,,,,,,,,
2013-12-11,MJ1323YNG18V4C,Hitachi HDS5C3030ALA630,3000592982016,0,,0,,,,,,,,0,,,,,,20503,,,,,,,,,,,,,,,,,,,,,,,,,,,,,,28,,,,,,0,,,,,,,,,,,,,,,,,,,,,,,,,,,,
2013-12-11,PL1321LAGAXW1H,Hitachi HDS5C4040ALE630,4000787030016,0,,0,,,,,,,,0,,,,,,5052,,,,,,,,,,,,,,,,,,,,,,,,,,,,,,30,,,,,,0,,,,,,,,,,,,,,,,,,,,,,,,,,,,
2013-12-11,JK11A8B9J8TEUF,Hitachi HDS722020ALA330,2000398934016,0,,0,,,,,,,,0,,,,,,25580,,,,,,,,,,,,,,,,,,,,,,,,,,,,,,26,,,,,,0,,,,,,,,,,,,,,,,,,,,,,,,,,,,
2013-12-11,S1F019TW,ST3000DM001,3000592982016,0,,150217008,,,,,,,,0,,,,,,15265,,,,,,,,,,,,,,,,,,,,,,,,,,,,,,23,,,,,,0,,,,,,,,,,,,,,,,,,,,,,,,,,,,
2013-12-11,W3006CP6,ST4000DM000,4000787030016,0,,144123976,,,,,,,,0,,,,,,2845,,,,,,,,,,,,,,,,,,,,,,,,,,,,,,25,,,,,,0,,,,,,,,,,,,,,,,,,,,,,,,,,,,
2013-12-11,MJ1311YNG2XH5A,Hitachi HDS5C3030ALA630,3000592982016,0,,65537,,,,,,,,0,,,,,,18316,,,,,,,,,,,,,,,,,,,,,,,,,,,,,,22,,,,,,0,,,,,,,,,,,,,,,,,,,,,,,,,,,,
2013-12-11,Z300GPY8,ST4000DM000,4000787030016,0,,197164120,,,,,,,,0,,,,,,3345,,,,,,,,,,,,,,,,,,,,,,,,,,,,,,18,,,,,,0,,,,,,,,,,,,,,,,,,,,,,,,,,,,
2013-12-11,MJ0351YNG9W50A,Hitachi HDS5C3030ALA630,3000592982016,0,,0,,,,,,,,0,,,,,,9772,,,,,,,,,,,,,,,,,,,,,,,,,,,,,,28,,,,,,0,,,,,,,,,,,,,,,,,,,,,,,,,,,,
2013-12-11,W1F0HMC5,ST3000DM001,3000592982016,0,,36247640,,,,,,,,0,,,,,,12170,,,,,,,,,,,,,,,,,,,,,,,,,,,,,,28,,,,,,0,,,,,,,,,,,,,,,,,,,,,,,,,,,,
2013-12-11,JK1175YAK92JNX,Hitachi HDS722020ALA330,2000398934016,0,,131073,,,,,,,,0,,,,,,29653,,,,,,,,,,,,,,,,,,,,,,,,,,,,,,24,,,,,,0,,,,,,,,,,,,,,,,,,,,,,,,,,,,
2013-12-11,W300KKH5,ST4000DM000,4000787030016,0,,59219984,,,,,,,,0,,,,,,909,,,,,,,,,,,,,,,,,,,,,,,,,,,,,,23,,,,,,0,,,,,,,,,,,,,,,,,,,,,,,,,,,,
2013-12-11,MJ0351YNG9YSPA,Hitachi HDS5C3030ALA630,3000592982016,0,,0,,,,,,,,0,,,,,,9147,,,,,,,,,,,,,,,,,,,,,,,,,,,,,,27,,,,,,0,,,,,,,,,,,,,,,,,,,,,,,,,,,,
2013-12-11,S1F11AK8,ST3000DM001,3000592982016,0,,217910152,,,,,,,,0,,,,,,8188,,,,,,,,,,,,,,,,,,,,,,,,,,,,,,23,,,,,,0,,,,,,,,,,,,,,,,,,,,,,,,,,,,
2013-12-11,9VS4JQ0N,ST31500341AS,1500301910016,0,,135751378,,,,,,,,149,,,,,,18389,,,,,,,,,,,,,,,,,,,,,,,,,,,,,,22,,,,,,0,,,,,,,,,,,,,,,,,,,,,,,,,,,,
2013-12-11,S1F018RS,ST3000DM001,3000592982016,0,,57556488,,,,,,,,0,,,,,,15461,,,,,,,,,,,,,,,,,,,,,,,,,,,,,,20,,,,,,0,,,,,,,,,,,,,,,,,,,,,,,,,,,,
2013-12-11,Z300WZ9Z,ST4000DM000,4000787030016,0,,144387640,,,,,,,,0,,,,,,923,,,,,,,,,,,,,,,,,,,,,,,,,,,,,,26,,,,,,0,,,,,,,,,,,,,,,,,,,,,,,,,,,,
2013-12-11,S1F046G3,ST3000DM001,3000592982016,0,,104826848,,,,,,,,0,,,,,,13820,,,,,,,,,,,,,,,,,,,,,,,,,,,,,,26,,,,,,0,,,,,,,,,,,,,,,,,,,,,,,,,,,,
2013-12-11,MJ0351YNG9ZNBA,Hitachi HDS5C3030ALA630,3000592982016,0,,0,,,,,,,,0,,,,,,9469,,,,,,,,,,,,,,,,,,,,,,,,,,,,,,27,,,,,,0,,,,,,,,,,,,,,,,,,,,,,,,,,,,
2013-12-11,MJ1321YNG0U98A,Hitachi HDS5C3030ALA630,3000592982016,0,,0,,,,,,,,0,,,,,,19801,,,,,,,,,,,,,,,,,,,,,,,,,,,,,,25,,,,,,0,,,,,,,,,,,,,,,,,,,,,,,,,,,,
2013-12-11,JK1175YAK92GBX,Hitachi HDS722020ALA330,2000398934016,0,,196609,,,,,,,,0,,,,,,29653,,,,,,,,,,,,,,,,,,,,,,,,,,,,,,28,,,,,,0,,,,,,,,,,,,,,,,,,,,,,,,,,,,
2013-12-11,S1F04CD9,ST3000DM001,3000592982016,0,,15627952,,,,,,,,0,,,,,,16152,,,,,,,,,,,,,,,,,,,,,,,,,,,,,,21,,,,,,0,,,,,,,,,,,,,,,,,,,,,,,,,,,,
2013-12-11,Z1F118C9,ST3000DM001,3000592982016,0,,53492072,,,,,,,,0,,,,,,8166,,,,,,,,,,,,,,,,,,,,,,,,,,,,,,27,,,,,,0,,,,,,,,,,,,,,,,,,,,,,,,,,,,
2013-12-11,JK2171B9J0JMZL,Hitachi HDS722020ALA330,2000398934016,0,,0,,,,,,,,0,,,,,,26010,,,,,,,,,,,,,,,,,,,,,,,,,,,,,,28,,,,,,0,,,,,,,,,,,,,,,,,,,,,,,,,,,,
2013-12-11,5YD94S4S,ST1500DL003,1500301910016,0,,38021624,,,,,,,,0,,,,,,8382,,,,,,,,,,,,,,,,,,,,,,,,,,,,,,24,,,,,,0,,,,,,,,,,,,,,,,,,,,,,,,,,,,
2013-12-11,S1F0CTDN,ST3000DM001,3000592982016,0,,138763856,,,,,,,,0,,,,,,12314,,,,,,,,,,,,,,,,,,,,,,,,,,,,,,30,,,,,,0,,,,,,,,,,,,,,,,,,,,,,,,,,,,
2013-12-11,MJ1311YNG3383A,Hitachi HDS5C3030ALA630,3000592982016,0,,262144,,,,,,,,0,,,,,,18200,,,,,,,,,,,,,,,,,,,,,,,,,,,,,,28,,,,,,0,,,,,,,,,,,,,,,,,,,,,,,,,,,,
2013-12-11,MJ1311YNG37RJA,Hitachi HDS5C3030ALA630,3000592982016,0,,0,,,,,,,,669,,,,,,18315,,,,,,,,,,,,,,,,,,,,,,,,,,,,,,23,,,,,,0,,,,,,,,,,,,,,,,,,,,,,,,,,,,
2013-12-11,6XW109VY,ST31500541AS,1500301910016,0,,24489765,,,,,,,,0,,,,,,30399,,,,,,,,,,,,,,,,,,,,,,,,,,,,,,20,,,,,,0,,,,,,,,,,,,,,,,,,,,,,,,,,,,
2013-12-11,S1F0CTDB,ST3000DM001,3000592982016,0,,164636416,,,,,,,,0,,,,,,12359,,,,,,,,,,,,,,,,,,,,,,,,,,,,,,24,,,,,,0,,,,,,,,,,,,,,,,,,,,,,,,,,,,
2013-12-11,9VS2BWR1,ST31500341AS,1500301910016,0,,125199010,,,,,,,,1,,,,,,35518,,,,,,,,,,,,,,,,,,,,,,,,,,,,,,31,,,,,,0,,,,,,,,,,,,,,,,,,,,,,,,,,,,
2013-12-11,S1F0CTDY,ST3000DM001,3000592982016,0,,223215248,,,,,,,,0,,,,,,12365,,,,,,,,,,,,,,,,,,,,,,,,,,,,,,24,,,,,,0,,,,,,,,,,,,,,,,,,,,,,,,,,,,
2013-12-11,MJ1311YNG7ES4A,Hitachi HDS5C3030ALA630,3000592982016,0,,0,,,,,,,,0,,,,,,14574,,,,,,,,,,,,,,,,,,,,,,,,,,,,,,23,,,,,,0,,,,,,,,,,,,,,,,,,,,,,,,,,,,
2013-12-11,MJ0351YNGA915A,Hitachi HDS5C3030ALA630,3000592982016,0,,0,,,,,,,,0,,,,,,8210,,,,,,,,,,,,,,,,,,,,,,,,,,,,,,37,,,,,,0,,,,,,,,,,,,,,,,,,,,,,,,,,,,
2013-12-11,MK0311YHGGS8DA,Hitachi HDS723030ALA640,3000592982016,0,,0,,,,,,,,0,,,,,,16734,,,,,,,,,,,,,,,,,,,,,,,,,,,,,,30,,,,,,0,,,,,,,,,,,,,,,,,,,,,,,,,,,,
2013-12-11,MJ0351YNG9T1AA,Hitachi HDS5C3030ALA630,3000592982016,0,,0,,,,,,,,0,,,,,,9477,,,,,,,,,,,,,,,,,,,,,,,,,,,,,,24,,,,,,0,,,,,,,,,,,,,,,,,,,,,,,,,,,,
2013-12-11,S13PJDWS343397,SAMSUNG HD103UJ,1000204886016,0,,0,,,,,,,,0,,,,,,40574,,,,,,,,,,,,,,,,,,,,,,,,,,,,,,22,,,,,,0,,,,,,,,,,,,,,,,,,,,,,,,,,,,
2013-12-11,S13PJDWS343395,SAMSUNG HD103UJ,1000204886016,0,,0,,,,,,,,0,,,,,,40571,,,,,,,,,,,,,,,,,,,,,,,,,,,,,,22,,,,,,0,,,,,,,,,,,,,,,,,,,,,,,,,,,,
2013-12-11,S13PJDWS343399,SAMSUNG HD103UJ,1000204886016,0,,0,,,,,,,,0,,,,,,40572,,,,,,,,,,,,,,,,,,,,,,,,,,,,,,22,,,,,,0,,,,,,,,,,,,,,,,,,,,,,,,,,,,
2013-12-11,S13PJDWS343398,SAMSUNG HD103UJ,1000204886016,0,,0,,,,,,,,0,,,,,,40572,,,,,,,,,,,,,,,,,,,,,,,,,,,,,,22,,,,,,0,,,,,,,,,,,,,,,,,,,,,,,,,,,,
2013-12-11,JK1101B8KNBASS,Hitachi HDS722020ALA330,2000398934016,0,,0,,,,,,,,0,,,,,,23099,,,,,,,,,,,,,,,,,,,,,,,,,,,,,,25,,,,,,0,,,,,,,,,,,,,,,,,,,,,,,,,,,,
2013-12-11,MJ0351YNG9T0EA,Hitachi HDS5C3030ALA630,3000592982016,0,,0,,,,,,,,0,,,,,,9552,,,,,,,,,,,,,,,,,,,,,,,,,,,,,,31,,,,,,0,,,,,,,,,,,,,,,,,,,,,,,,,,,,
2013-12-11,WD-WCC1T1257982,WDC WD30EFRX,3000592982016,0,,0,,,,,,,,0,,,,,,824,,,,,,,,,,,,,,,,,,,,,,,,,,,,,,20,,,,,,0,,,,,,,,,,,,,,,,,,,,,,,,,,,,
2013-12-11,JK11A8B9J82UTF,Hitachi HDS722020ALA330,2000398934016,0,,0,,,,,,,,0,,,,,,26011,,,,,,,,,,,,,,,,,,,,,,,,,,,,,,28,,,,,,0,,,,,,,,,,,,,,,,,,,,,,,,,,,,
2013-12-11,Z300PAYP,ST4000DM000,4000787030016,0,,28847824,,,,,,,,31936,,,,,,1445,,,,,,,,,,,,,,,,,,,,,,,,,,,,,,28,,,,,,144,,,,,,,,,,,,,,,,,,,,,,,,,,,,
2013-12-11,MJ1311YNG7K5LA,Hitachi HDS5C3030ALA630,3000592982016,0,,0,,,,,,,,0,,,,,,14621,,,,,,,,,,,,,,,,,,,,,,,,,,,,,,22,,,,,,0,,,,,,,,,,,,,,,,,,,,,,,,,,,,
2013-12-11,MJ0351YNG9SW5A,Hitachi HDS5C3030ALA630,3000592982016,0,,0,,,,,,,,0,,,,,,9274,,,,,,,,,,,,,,,,,,,,,,,,,,,,,,27,,,,,,0,,,,,,,,,,,,,,,,,,,,,,,,,,,,
2013-12-11,JK11A8B9J7WUDF,Hitachi HDS722020ALA330,2000398934016,0,,65537,,,,,,,,0,,,,,,26010,,,,,,,,,,,,,,,,,,,,,,,,,,,,,,27,,,,,,0,,,,,,,,,,,,,,,,,,,,,,,,,,,,
2013-12-11,MK0333YHGNWJYC,Hitachi HDS723030ALA640,3000592982016,0,,0,,,,,,,,0,,,,,,17033,,,,,,,,,,,,,,,,,,,,,,,,,,,,,,27,,,,,,0,,,,,,,,,,,,,,,,,,,,,,,,,,,,
2013-12-11,MJ1311YNG3J7ZA,Hitachi HDS5C3030ALA630,3000592982016,0,,0,,,,,,,,0,,,,,,19325,,,,,,,,,,,,,,,,,,,,,,,,,,,,,,24,,,,,,0,,,,,,,,,,,,,,,,,,,,,,,,,,,,
2013-12-11,W300JMZ1,ST4000DM000,4000787030016,0,,54658048,,,,,,,,0,,,,,,2876,,,,,,,,,,,,,,,,,,,,,,,,,,,,,,25,,,,,,0,,,,,,,,,,,,,,,,,,,,,,,,,,,,
2013-12-11,WD-WCC1T1260289,WDC WD30EFRX,3000592982016,0,,0,,,,,,,,0,,,,,,1327,,,,,,,,,,,,,,,,,,,,,,,,,,,,,,22,,,,,,0,,,,,,,,,,,,,,,,,,,,,,,,,,,,
2013-12-11,MJ0351YNG9Z6KA,Hitachi HDS5C3030ALA630,3000592982016,0,,0,,,,,,,,0,,,,,,9483,,,,,,,,,,,,,,,,,,,,,,,,,,,,,,30,,,,,,0,,,,,,,,,,,,,,,,,,,,,,,,,,,,
2013-12-11,S1F06FQ1,ST3000DM001,3000592982016,0,,197133280,,,,,,,,0,,,,,,12345,,,,,,,,,,,,,,,,,,,,,,,,,,,,,,26,,,,,,0,,,,,,,,,,,,,,,,,,,,,,,,,,,,
2013-12-11,W300960V,ST4000DM000,4000787030016,0,,186135048,,,,,,,,0,,,,,,4183,,,,,,,,,,,,,,,,,,,,,,,,,,,,,,25,,,,,,0,,,,,,,,,,,,,,,,,,,,,,,,,,,,
2013-12-11,W1F0M3H9,ST3000DM001,3000592982016,0,,27494512,,,,,,,,0,,,,,,2724,,,,,,,,,,,,,,,,,,,,,,,,,,,,,,24,,,,,,0,,,,,,,,,,,,,,,,,,,,,,,,,,,,
2013-12-11,PL2311LAG1TWYC,Hitachi HDS5C4040ALE630,4000787030016,0,,0,,,,,,,,0,,,,,,7411,,,,,,,,,,,,,,,,,,,,,,,,,,,,,,21,,,,,,0,,,,,,,,,,,,,,,,,,,,,,,,,,,,
2013-12-11,MJ0351YNGA722A,Hitachi HDS5C3030ALA630,3000592982016,0,,0,,,,,,,,0,,,,,,9142,,,,,,,,,,,,,,,,,,,,,,,,,,,,,,30,,,,,,0,,,,,,,,,,,,,,,,,,,,,,,,,,,,
2013-12-11,JK11A8B9J7G48F,Hitachi HDS722020ALA330,2000398934016,0,,0,,,,,,,,0,,,,,,24493,,,,,,,,,,,,,,,,,,,,,,,,,,,,,,29,,,,,,0,,,,,,,,,,,,,,,,,,,,,,,,,,,,
2013-12-11,MJ1311YNG7327A,Hitachi HDS5C3030ALA630,3000592982016,0,,0,,,,,,,,0,,,,,,14291,,,,,,,,,,,,,,,,,,,,,,,,,,,,,,27,,,,,,0,,,,,,,,,,,,,,,,,,,,,,,,,,,,
2013-12-11,Z300J9FA,ST4000DM000,4000787030016,0,,214052120,,,,,,,,0,,,,,,2221,,,,,,,,,,,,,,,,,,,,,,,,,,,,,,26,,,,,,0,,,,,,,,,,,,,,,,,,,,,,,,,,,,
2013-12-11,JK1130YAHRVS8T,Hitachi HDS722020ALA330,2000398934016,0,,3,,,,,,,,0,,,,,,30171,,,,,,,,,,,,,,,,,,,,,,,,,,,,,,32,,,,,,0,,,,,,,,,,,,,,,,,,,,,,,,,,,,
2013-12-11,Z300J9FV,ST4000DM000,4000787030016,0,,45302216,,,,,,,,0,,,,,,2219,,,,,,,,,,,,,,,,,,,,,,,,,,,,,,22,,,,,,0,,,,,,,,,,,,,,,,,,,,,,,,,,,,
2013-12-11,WD-WCAWZ0504875,WDC WD30EZRX,3000592982016,0,,0,,,,,,,,0,,,,,,16977,,,,,,,,,,,,,,,,,,,,,,,,,,,,,,22,,,,,,5,,,,,,,,,,,,,,,,,,,,,,,,,,,,
2013-12-11,PL1311LAG3D7MH,Hitachi HDS5C4040ALE630,4000787030016,0,,0,,,,,,,,0,,,,,,6650,,,,,,,,,,,,,,,,,,,,,,,,,,,,,,19,,,,,,0,,,,,,,,,,,,,,,,,,,,,,,,,,,,
2013-12-11,PL1311LAG3ANYH,Hitachi HDS5C4040ALE630,4000787030016,0,,0,,,,,,,,0,,,,,,6654,,,,,,,,,,,,,,,,,,,,,,,,,,,,,,22,,,,,,0,,,,,,,,,,,,,,,,,,,,,,,,,,,,
2013-12-11,W300C8R1,ST4000DM000,4000787030016,0,,27378944,,,,,,,,0,,,,,,2845,,,,,,,,,,,,,,,,,,,,,,,,,,,,,,28,,,,,,0,,,,,,,,,,,,,,,,,,,,,,,,,,,,
2013-12-11,6XW033WS,ST31500541AS,1500301910016,0,,24250079,,,,,,,,0,,,,,,36960,,,,,,,,,,,,,,,,,,,,,,,,,,,,,,22,,,,,,0,,,,,,,,,,,,,,,,,,,,,,,,,,,,
2013-12-11,Z300KHET,ST4000DM000,4000787030016,0,,235471368,,,,,,,,0,,,,,,1226,,,,,,,,,,,,,,,,,,,,,,,,,,,,,,25,,,,,,0,,,,,,,,,,,,,,,,,,,,,,,,,,,,
2013-12-11,W1F09BN4,ST3000DM001,3000592982016,0,,32259256,,,,,,,,0,,,,,,13363,,,,,,,,,,,,,,,,,,,,,,,,,,,,,,21,,,,,,0,,,,,,,,,,,,,,,,,,,,,,,,,,,,
2013-12-11,W1F0LSE8,ST3000DM001,3000592982016,0,,11601704,,,,,,,,0,,,,,,12319,,,,,,,,,,,,,,,,,,,,,,,,,,,,,,30,,,,,,0,,,,,,,,,,,,,,,,,,,,,,,,,,,,
2013-12-11,JK1101B9GE4B9F,Hitachi HDS722020ALA330,2000398934016,0,,0,,,,,,,,0,,,,,,27144,,,,,,,,,,,,,,,,,,,,,,,,,,,,,,22,,,,,,0,,,,,,,,,,,,,,,,,,,,,,,,,,,,
2013-12-11,JK11A8B9J7HHAF,Hitachi HDS722020ALA330,2000398934016,0,,0,,,,,,,,0,,,,,,25583,,,,,,,,,,,,,,,,,,,,,,,,,,,,,,28,,,,,,0,,,,,,,,,,,,,,,,,,,,,,,,,,,,
2013-12-11,Z1Z03CX9,ST4000DX000,4000787030016,0,,192980739,,,,,,,,0,,,,,,7130,,,,,,,,,,,,,,,,,,,,,,,,,,,,,,37,,,,,,0,,,,,,,,,,,,,,,,,,,,,,,,,,,,
2013-12-11,Z1F04XYK,ST3000DM001,3000592982016,0,,131453336,,,,,,,,0,,,,,,14616,,,,,,,,,,,,,,,,,,,,,,,,,,,,,,24,,,,,,0,,,,,,,,,,,,,,,,,,,,,,,,,,,,
2013-12-11,MJ0351YNGAD1DA,Hitachi HDS5C3030ALA630,3000592982016,0,,0,,,,,,,,0,,,,,,8210,,,,,,,,,,,,,,,,,,,,,,,,,,,,,,35,,,,,,0,,,,,,,,,,,,,,,,,,,,,,,,,,,,
2013-12-11,WD-WMC1T1611398,WDC WD30EFRX,3000592982016,0,,0,,,,,,,,0,,,,,,7392,,,,,,,,,,,,,,,,,,,,,,,,,,,,,,21,,,,,,0,,,,,,,,,,,,,,,,,,,,,,,,,,,,
2013-12-11,WD-WCC070165051,WDC WD30EZRX,3000592982016,0,,0,,,,,,,,0,,,,,,8611,,,,,,,,,,,,,,,,,,,,,,,,,,,,,,26,,,,,,0,,,,,,,,,,,,,,,,,,,,,,,,,,,,
2013-12-11,JK1101B9KDLBEF,Hitachi HDS722020ALA330,2000398934016,0,,131075,,,,,,,,0,,,,,,22861,,,,,,,,,,,,,,,,,,,,,,,,,,,,,,28,,,,,,0,,,,,,,,,,,,,,,,,,,,,,,,,,,,
2013-12-11,Z1F15MFA,ST3000DM001,3000592982016,0,,10085136,,,,,,,,0,,,,,,7227,,,,,,,,,,,,,,,,,,,,,,,,,,,,,,24,,,,,,0,,,,,,,,,,,,,,,,,,,,,,,,,,,,
2013-12-11,Z300NNZC,ST4000DM000,4000787030016,0,,192744328,,,,,,,,0,,,,,,1093,,,,,,,,,,,,,,,,,,,,,,,,,,,,,,24,,,,,,0,,,,,,,,,,,,,,,,,,,,,,,,,,,,
2013-12-11,JK11A8B9J9L2AF,Hitachi HDS722020ALA330,2000398934016,0,,0,,,,,,,,0,,,,,,24492,,,,,,,,,,,,,,,,,,,,,,,,,,,,,,31,,,,,,0,,,,,,,,,,,,,,,,,,,,,,,,,,,,
2013-12-11,MJ1311YNG7H45A,Hitachi HDS5C3030ALA630,3000592982016,0,,0,,,,,,,,0,,,,,,14682,,,,,,,,,,,,,,,,,,,,,,,,,,,,,,18,,,,,,0,,,,,,,,,,,,,,,,,,,,,,,,,,,,
2013-12-11,Z1F0LBT6,ST3000DM001,3000592982016,0,,135402736,,,,,,,,0,,,,,,12171,,,,,,,,,,,,,,,,,,,,,,,,,,,,,,20,,,,,,0,,,,,,,,,,,,,,,,,,,,,,,,,,,,
2013-12-11,JK1105B8JS0N3X,Hitachi HDS722020ALA330,2000398934016,0,,0,,,,,,,,0,,,,,,23577,,,,,,,,,,,,,,,,,,,,,,,,,,,,,,27,,,,,,0,,,,,,,,,,,,,,,,,,,,,,,,,,,,
2013-12-11,JK11A8B9J773TF,Hitachi HDS722020ALA330,2000398934016,0,,0,,,,,,,,0,,,,,,22702,,,,,,,,,,,,,,,,,,,,,,,,,,,,,,29,,,,,,0,,,,,,,,,,,,,,,,,,,,,,,,,,,,
2013-12-11,Z252JSPAS,TOSHIBA DT01ACA300,3000592982016,0,,0,,,,,,,,0,,,,,,6609,,,,,,,,,,,,,,,,,,,,,,,,,,,,,,26,,,,,,0,,,,,,,,,,,,,,,,,,,,,,,,,,,,
2013-12-11,5XW04WA0,ST31500541AS,1500301910016,0,,71571441,,,,,,,,0,,,,,,33142,,,,,,,,,,,,,,,,,,,,,,,,,,,,,,18,,,,,,0,,,,,,,,,,,,,,,,,,,,,,,,,,,,
2013-12-11,MJ0351YNG9W0RA,Hitachi HDS5C3030ALA630,3000592982016,0,,0,,,,,,,,0,,,,,,8141,,,,,,,,,,,,,,,,,,,,,,,,,,,,,,30,,,,,,0,,,,,,,,,,,,,,,,,,,,,,,,,,,,
2013-12-11,MJ1311YNG2ZELA,Hitachi HDS5C3030ALA630,3000592982016,0,,17694720,,,,,,,,0,,,,,,18386,,,,,,,,,,,,,,,,,,,,,,,,,,,,,,23,,,,,,0,,,,,,,,,,,,,,,,,,,,,,,,,,,,
2013-12-11,JK1100YAJDM1HT,Hitachi HDS722020ALA330,2000398934016,0,,0,,,,,,,,41,,,,,,29401,,,,,,,,,,,,,,,,,,,,,,,,,,,,,,27,,,,,,2,,,,,,,,,,,,,,,,,,,,,,,,,,,,
2013-12-11,MJ1311YNG5ZWNA,Hitachi HDS5C3030ALA630,3000592982016,0,,0,,,,,,,,0,,,,,,14290,,,,,,,,,,,,,,,,,,,,,,,,,,,,,,30,,,,,,0,,,,,,,,,,,,,,,,,,,,,,,,,,,,
2013-12-11,JK11A8B9J7HYNF,Hitachi HDS722020ALA330,2000398934016,0,,131072,,,,,,,,0,,,,,,24970,,,,,,,,,,,,,,,,,,,,,,,,,,,,,,33,,,,,,0,,,,,,,,,,,,,,,,,,,,,,,,,,,,
2013-12-11,6XW03AJS,ST31500541AS,1500301910016,0,,50845191,,,,,,,,0,,,,,,36422,,,,,,,,,,,,,,,,,,,,,,,,,,,,,,20,,,,,,0,,,,,,,,,,,,,,,,,,,,,,,,,,,,
2013-12-11,W1F0A373,ST3000DM001,3000592982016,0,,186394464,,,,,,,,0,,,,,,13887,,,,,,,,,,,,,,,,,,,,,,,,,,,,,,26,,,,,,0,,,,,,,,,,,,,,,,,,,,,,,,,,,,
2013-12-11,W3004ML0,ST4000DM000,4000787030016,0,,175166792,,,,,,,,0,,,,,,2611,,,,,,,,,,,,,,,,,,,,,,,,,,,,,,25,,,,,,0,,,,,,,,,,,,,,,,,,,,,,,,,,,,
2013-12-11,6XW00WHY,ST31500541AS,1500301910016,0,,54515640,,,,,,,,0,,,,,,36071,,,,,,,,,,,,,,,,,,,,,,,,,,,,,,17,,,,,,0,,,,,,,,,,,,,,,,,,,,,,,,,,,,
2013-12-11,MJ1311YNG3DUVA,Hitachi HDS5C3030ALA630,3000592982016,0,,0,,,,,,,,0,,,,,,19252,,,,,,,,,,,,,,,,,,,,,,,,,,,,,,23,,,,,,0,,,,,,,,,,,,,,,,,,,,,,,,,,,,
2013-12-11,PL1311LAG16ESA,Hitachi HDS5C4040ALE630,4000787030016,0,,0,,,,,,,,0,,,,,,6649,,,,,,,,,,,,,,,,,,,,,,,,,,,,,,19,,,,,,0,,,,,,,,,,,,,,,,,,,,,,,,,,,,
2013-12-11,MJ0351YNGA5ZMA,Hitachi HDS5C3030ALA630,3000592982016,0,,0,,,,,,,,0,,,,,,9129,,,,,,,,,,,,,,,,,,,,,,,,,,,,,,27,,,,,,0,,,,,,,,,,,,,,,,,,,,,,,,,,,,
2013-12-11,S1F05RKK,ST3000DM001,3000592982016,0,,25948544,,,,,,,,0,,,,,,12365,,,,,,,,,,,,,,,,,,,,,,,,,,,,,,25,,,,,,0,,,,,,,,,,,,,,,,,,,,,,,,,,,,
2013-12-11,Z300XGZJ,ST4000DM000,4000787030016,0,,42085680,,,,,,,,0,,,,,,799,,,,,,,,,,,,,,,,,,,,,,,,,,,,,,22,,,,,,0,,,,,,,,,,,,,,,,,,,,,,,,,,,,
2013-12-11,S1F02ZBW,ST3000DM001,3000592982016,0,,217707696,,,,,,,,0,,,,,,15456,,,,,,,,,,,,,,,,,,,,,,,,,,,,,,20,,,,,,0,,,,,,,,,,,,,,,,,,,,,,,,,,,,
2013-12-11,PL2310LAG0M6RC,Hitachi HDS5C4040ALE630,4000787030016,0,,0,,,,,,,,0,,,,,,12997,,,,,,,,,,,,,,,,,,,,,,,,,,,,,,27,,,,,,0,,,,,,,,,,,,,,,,,,,,,,,,,,,,
2013-12-11,W1F09XD2,ST3000DM001,3000592982016,0,,12370304,,,,,,,,0,,,,,,15223,,,,,,,,,,,,,,,,,,,,,,,,,,,,,,22,,,,,,0,,,,,,,,,,,,,,,,,,,,,,,,,,,,
2013-12-11,MJ0351YNGAALJA,Hitachi HDS5C3030ALA630,3000592982016,0,,0,,,,,,,,0,,,,,,8214,,,,,,,,,,,,,,,,,,,,,,,,,,,,,,28,,,,,,0,,,,,,,,,,,,,,,,,,,,,,,,,,,,
2013-12-11,W300DYGL,ST4000DM000,4000787030016,0,,119393176,,,,,,,,0,,,,,,4140,,,,,,,,,,,,,,,,,,,,,,,,,,,,,,24,,,,,,0,,,,,,,,,,,,,,,,,,,,,,,,,,,,
2013-12-11,Z300XGZ0,ST4000DM000,4000787030016,0,,152948560,,,,,,,,0,,,,,,945,,,,,,,,,,,,,,,,,,,,,,,,,,,,,,22,,,,,,0,,,,,,,,,,,,,,,,,,,,,,,,,,,,
2013-12-11,W1F0X3PH,ST3000DM001,3000592982016,0,,84858072,,,,,,,,0,,,,,,11612,,,,,,,,,,,,,,,,,,,,,,,,,,,,,,29,,,,,,0,,,,,,,,,,,,,,,,,,,,,,,,,,,,
2013-12-11,W1F0SENA,ST3000DM001,3000592982016,0,,65715552,,,,,,,,0,,,,,,11025,,,,,,,,,,,,,,,,,,,,,,,,,,,,,,27,,,,,,0,,,,,,,,,,,,,,,,,,,,,,,,,,,,
2013-12-11,W1F0X3PR,ST3000DM001,3000592982016,0,,5016352,,,,,,,,0,,,,,,11639,,,,,,,,,,,,,,,,,,,,,,,,,,,,,,26,,,,,,0,,,,,,,,,,,,,,,,,,,,,,,,,,,,
2013-12-11,MJ1313YNG1Y6PC,Hitachi HDS5C3030ALA630,3000592982016,0,,0,,,,,,,,0,,,,,,21796,,,,,,,,,,,,,,,,,,,,,,,,,,,,,,24,,,,,,0,,,,,,,,,,,,,,,,,,,,,,,,,,,,
2013-12-11,Z300KWHB,ST4000DM000,4000787030016,0,,119184544,,,,,,,,0,,,,,,105,,,,,,,,,,,,,,,,,,,,,,,,,,,,,,22,,,,,,0,,,,,,,,,,,,,,,,,,,,,,,,,,,,
2013-12-11,JK11A8B9JPZ7TF,Hitachi HDS722020ALA330,2000398934016,0,,0,,,,,,,,0,,,,,,24112,,,,,,,,,,,,,,,,,,,,,,,,,,,,,,28,,,,,,0,,,,,,,,,,,,,,,,,,,,,,,,,,,,
2013-12-11,JK1101B9GETTRF,Hitachi HDS722020ALA330,2000398934016,0,,0,,,,,,,,0,,,,,,27738,,,,,,,,,,,,,,,,,,,,,,,,,,,,,,23,,,,,,0,,,,,,,,,,,,,,,,,,,,,,,,,,,,
2013-12-11,6XW020Q0,ST31500541AS,1500301910016,0,,204024985,,,,,,,,0,,,,,,35951,,,,,,,,,,,,,,,,,,,,,,,,,,,,,,20,,,,,,0,,,,,,,,,,,,,,,,,,,,,,,,,,,,
2013-12-11,W300KW5V,ST4000DM000,4000787030016,0,,20360664,,,,,,,,0,,,,,,772,,,,,,,,,,,,,,,,,,,,,,,,,,,,,,22,,,,,,0,,,,,,,,,,,,,,,,,,,,,,,,,,,,
2013-12-11,S1F06W88,ST3000DM001,3000592982016,0,,160421256,,,,,,,,0,,,,,,13747,,,,,,,,,,,,,,,,,,,,,,,,,,,,,,20,,,,,,0,,,,,,,,,,,,,,,,,,,,,,,,,,,,
2013-12-11,MJ1311YNG7LXUA,Hitachi HDS5C3030ALA630,3000592982016,0,,0,,,,,,,,0,,,,,,14620,,,,,,,,,,,,,,,,,,,,,,,,,,,,,,25,,,,,,0,,,,,,,,,,,,,,,,,,,,,,,,,,,,
2013-12-11,MK0311YHGKUSMA,Hitachi HDS723030ALA640,3000592982016,0,,0,,,,,,,,0,,,,,,17036,,,,,,,,,,,,,,,,,,,,,,,,,,,,,,26,,,,,,0,,,,,,,,,,,,,,,,,,,,,,,,,,,,
2013-12-11,MJ1311YNG3K4BA,Hitachi HDS5C3030ALA630,3000592982016,0,,0,,,,,,,,0,,,,,,19252,,,,,,,,,,,,,,,,,,,,,,,,,,,,,,22,,,,,,0,,,,,,,,,,,,,,,,,,,,,,,,,,,,
2013-12-11,MJ0351YNG9W1TA,Hitachi HDS5C3030ALA630,3000592982016,0,,0,,,,,,,,0,,,,,,9312,,,,,,,,,,,,,,,,,,,,,,,,,,,,,,28,,,,,,0,,,,,,,,,,,,,,,,,,,,,,,,,,,,
2013-12-11,JK11A8B9J73DBF,Hitachi HDS722020ALA330,2000398934016,0,,0,,,,,,,,0,,,,,,26004,,,,,,,,,,,,,,,,,,,,,,,,,,,,,,24,,,,,,0,,,,,,,,,,,,,,,,,,,,,,,,,,,,
2013-12-11,WD-WCAWZ1906094,WDC WD30EZRX,3000592982016,0,,0,,,,,,,,0,,,,,,9524,,,,,,,,,,,,,,,,,,,,,,,,,,,,,,24,,,,,,1,,,,,,,,,,,,,,,,,,,,,,,,,,,,
2013-12-11,MJ1323YNG1PHAC,Hitachi HDS5C3030ALA630,3000592982016,0,,1,,,,,,,,0,,,,,,19760,,,,,,,,,,,,,,,,,,,,,,,,,,,,,,28,,,,,,0,,,,,,,,,,,,,,,,,,,,,,,,,,,,
2013-12-11,MS79215X099G0A,Hitachi HDS723030BLE640,3000592982016,0,,0,,,,,,,,0,,,,,,2691,,,,,,,,,,,,,,,,,,,,,,,,,,,,,,27,,,,,,0,,,,,,,,,,,,,,,,,,,,,,,,,,,,
2013-12-11,MJ1311YNG34BNA,Hitachi HDS5C3030ALA630,3000592982016,0,,0,,,,,,,,0,,,,,,5313,,,,,,,,,,,,,,,,,,,,,,,,,,,,,,23,,,,,,0,,,,,,,,,,,,,,,,,,,,,,,,,,,,
2013-12-11,S1F06W8V,ST3000DM001,3000592982016,0,,202725752,,,,,,,,0,,,,,,14235,,,,,,,,,,,,,,,,,,,,,,,,,,,,,,24,,,,,,0,,,,,,,,,,,,,,,,,,,,,,,,,,,,
2013-12-11,9XW03CNR,ST31500541AS,1500301910016,0,,229837779,,,,,,,,0,,,,,,33340,,,,,,,,,,,,,,,,,,,,,,,,,,,,,,21,,,,,,0,,,,,,,,,,,,,,,,,,,,,,,,,,,,
2013-12-11,9XW03CNQ,ST31500541AS,1500301910016,0,,230266685,,,,,,,,0,,,,,,32917,,,,,,,,,,,,,,,,,,,,,,,,,,,,,,19,,,,,,0,,,,,,,,,,,,,,,,,,,,,,,,,,,,
2013-12-11,S1F02QKD,ST3000DM001,3000592982016,0,,183297520,,,,,,,,0,,,,,,15223,,,,,,,,,,,,,,,,,,,,,,,,,,,,,,23,,,,,,0,,,,,,,,,,,,,,,,,,,,,,,,,,,,
2013-12-11,Z1F08XDD,ST3000DM001,3000592982016,0,,168296280,,,,,,,,0,,,,,,6172,,,,,,,,,,,,,,,,,,,,,,,,,,,,,,27,,,,,,0,,,,,,,,,,,,,,,,,,,,,,,,,,,,
2013-12-11,JK11A8B9JNVHUF,Hitachi HDS722020ALA330,2000398934016,0,,0,,,,,,,,0,,,,,,24112,,,,,,,,,,,,,,,,,,,,,,,,,,,,,,25,,,,,,0,,,,,,,,,,,,,,,,,,,,,,,,,,,,
2013-12-11,PL1311LAG0YH5H,Hitachi HDS5C4040ALE630,4000787030016,0,,0,,,,,,,,0,,,,,,4237,,,,,,,,,,,,,,,,,,,,,,,,,,,,,,26,,,,,,0,,,,,,,,,,,,,,,,,,,,,,,,,,,,
2013-12-11,MK0331YHGPB12A,Hitachi HDS723030ALA640,3000592982016,0,,11403781,,,,,,,,0,,,,,,17754,,,,,,,,,,,,,,,,,,,,,,,,,,,,,,25,,,,,,0,,,,,,,,,,,,,,,,,,,,,,,,,,,,
2013-12-11,MJ1321YNG1770A,Hitachi HDS5C3030ALA630,3000592982016,0,,0,,,,,,,,0,,,,,,20733,,,,,,,,,,,,,,,,,,,,,,,,,,,,,,23,,,,,,0,,,,,,,,,,,,,,,,,,,,,,,,,,,,
2013-12-11,MJ0351YNGA2ARA,Hitachi HDS5C3030ALA630,3000592982016,0,,0,,,,,,,,0,,,,,,9975,,,,,,,,,,,,,,,,,,,,,,,,,,,,,,26,,,,,,0,,,,,,,,,,,,,,,,,,,,,,,,,,,,
2013-12-11,W300AMNV,ST4000DM000,4000787030016,0,,90056280,,,,,,,,0,,,,,,2225,,,,,,,,,,,,,,,,,,,,,,,,,,,,,,23,,,,,,0,,,,,,,,,,,,,,,,,,,,,,,,,,,,
2013-12-11,MJ0351YNGA18BA,Hitachi HDS5C3030ALA630,3000592982016,0,,0,,,,,,,,0,,,,,,8093,,,,,,,,,,,,,,,,,,,,,,,,,,,,,,24,,,,,,0,,,,,,,,,,,,,,,,,,,,,,,,,,,,
2013-12-11,Z300PL7H,ST4000DM000,4000787030016,0,,46388864,,,,,,,,0,,,,,,1228,,,,,,,,,,,,,,,,,,,,,,,,,,,,,,22,,,,,,0,,,,,,,,,,,,,,,,,,,,,,,,,,,,
2013-12-11,PL1321LAG33JHH,Hitachi HDS5C4040ALE630,4000787030016,0,,0,,,,,,,,0,,,,,,2981,,,,,,,,,,,,,,,,,,,,,,,,,,,,,,24,,,,,,0,,,,,,,,,,,,,,,,,,,,,,,,,,,,
2013-12-11,JK1101B9J2ZELF,Hitachi HDS722020ALA330,2000398934016,0,,0,,,,,,,,0,,,,,,23823,,,,,,,,,,,,,,,,,,,,,,,,,,,,,,27,,,,,,0,,,,,,,,,,,,,,,,,,,,,,,,,,,,
2013-12-11,JK1101B9J3VDVF,Hitachi HDS722020ALA330,2000398934016,0,,0,,,,,,,,0,,,,,,23108,,,,,,,,,,,,,,,,,,,,,,,,,,,,,,23,,,,,,0,,,,,,,,,,,,,,,,,,,,,,,,,,,,
2013-12-11,W300BH09,ST4000DM000,4000787030016,0,,136256496,,,,,,,,0,,,,,,3603,,,,,,,,,,,,,,,,,,,,,,,,,,,,,,20,,,,,,0,,,,,,,,,,,,,,,,,,,,,,,,,,,,
2013-12-11,MJ1311YNG1AW9A,Hitachi HDS5C3030ALA630,3000592982016,0,,0,,,,,,,,0,,,,,,20731,,,,,,,,,,,,,,,,,,,,,,,,,,,,,,30,,,,,,0,,,,,,,,,,,,,,,,,,,,,,,,,,,,
2013-12-11,9VS5AM9K,ST31500341AS,1500301910016,0,,193163060,,,,,,,,0,,,,,,12873,,,,,,,,,,,,,,,,,,,,,,,,,,,,,,33,,,,,,0,,,,,,,,,,,,,,,,,,,,,,,,,,,,
2013-12-11,MJ1311YNG6VVWA,Hitachi HDS5C3030ALA630,3000592982016,0,,0,,,,,,,,0,,,,,,14310,,,,,,,,,,,,,,,,,,,,,,,,,,,,,,23,,,,,,0,,,,,,,,,,,,,,,,,,,,,,,,,,,,
2013-12-11,JK1101B9GENTVF,Hitachi HDS722020ALA330,2000398934016,0,,0,,,,,,,,0,,,,,,27737,,,,,,,,,,,,,,,,,,,,,,,,,,,,,,25,,,,,,0,,,,,,,,,,,,,,,,,,,,,,,,,,,,
2013-12-11,PL2311LAG1TM3C,Hitachi HDS5C4040ALE630,4000787030016,0,,0,,,,,,,,0,,,,,,1666,,,,,,,,,,,,,,,,,,,,,,,,,,,,,,28,,,,,,0,,,,,,,,,,,,,,,,,,,,,,,,,,,,
2013-12-11,MJ0351YNG9VR1A,Hitachi HDS5C3030ALA630,3000592982016,0,,0,,,,,,,,0,,,,,,9913,,,,,,,,,,,,,,,,,,,,,,,,,,,,,,31,,,,,,0,,,,,,,,,,,,,,,,,,,,,,,,,,,,
2013-12-11,MK0333YHGPDKRC,Hitachi HDS723030ALA640,3000592982016,0,,65536,,,,,,,,0,,,,,,17762,,,,,,,,,,,,,,,,,,,,,,,,,,,,,,24,,,,,,0,,,,,,,,,,,,,,,,,,,,,,,,,,,,
2013-12-11,6XW0SRNG,ST31500541AS,1500301910016,0,,238674149,,,,,,,,0,,,,,,33844,,,,,,,,,,,,,,,,,,,,,,,,,,,,,,19,,,,,,0,,,,,,,,,,,,,,,,,,,,,,,,,,,,
2013-12-11,PL1311LAG25G6A,Hitachi HDS5C4040ALE630,4000787030016,0,,0,,,,,,,,0,,,,,,7459,,,,,,,,,,,,,,,,,,,,,,,,,,,,,,26,,,,,,0,,,,,,,,,,,,,,,,,,,,,,,,,,,,
2013-12-11,S1F135WP,ST3000DM001,3000592982016,0,,26995240,,,,,,,,0,,,,,,7990,,,,,,,,,,,,,,,,,,,,,,,,,,,,,,20,,,,,,0,,,,,,,,,,,,,,,,,,,,,,,,,,,,
2013-12-11,Z290TZBG,ST33000651AS,3000592982016,0,,224238890,,,,,,,,0,,,,,,17739,,,,,,,,,,,,,,,,,,,,,,,,,,,,,,23,,,,,,0,,,,,,,,,,,,,,,,,,,,,,,,,,,,
2013-12-11,S1F02FW2,ST3000DM001,3000592982016,0,,76529016,,,,,,,,0,,,,,,15400,,,,,,,,,,,,,,,,,,,,,,,,,,,,,,22,,,,,,0,,,,,,,,,,,,,,,,,,,,,,,,,,,,
2013-12-11,MJ1311YNG3EP7A,Hitachi HDS5C3030ALA630,3000592982016,0,,0,,,,,,,,0,,,,,,19310,,,,,,,,,,,,,,,,,,,,,,,,,,,,,,27,,,,,,0,,,,,,,,,,,,,,,,,,,,,,,,,,,,
2013-12-11,JK1101YAK8S58V,Hitachi HDS722020ALA330,2000398934016,0,,131074,,,,,,,,0,,,,,,29212,,,,,,,,,,,,,,,,,,,,,,,,,,,,,,27,,,,,,0,,,,,,,,,,,,,,,,,,,,,,,,,,,,
2013-12-11,W1F0X6HZ,ST3000DM001,3000592982016,0,,103410400,,,,,,,,0,,,,,,11611,,,,,,,,,,,,,,,,,,,,,,,,,,,,,,25,,,,,,0,,,,,,,,,,,,,,,,,,,,,,,,,,,,
2013-12-11,JK1101B9JRLJBF,Hitachi HDS722020ALA330,2000398934016,0,,0,,,,,,,,0,,,,,,22687,,,,,,,,,,,,,,,,,,,,,,,,,,,,,,26,,,,,,0,,,,,,,,,,,,,,,,,,,,,,,,,,,,
2013-12-11,MJ0351YNGA168A,Hitachi HDS5C3030ALA630,3000592982016,0,,0,,,,,,,,0,,,,,,8093,,,,,,,,,,,,,,,,,,,,,,,,,,,,,,24,,,,,,0,,,,,,,,,,,,,,,,,,,,,,,,,,,,
2013-12-11,W1F0VZF4,ST3000DM001,3000592982016,0,,11992048,,,,,,,,0,,,,,,10743,,,,,,,,,,,,,,,,,,,,,,,,,,,,,,22,,,,,,0,,,,,,,,,,,,,,,,,,,,,,,,,,,,
2013-12-11,W1F0VZF1,ST3000DM001,3000592982016,0,,101135928,,,,,,,,0,,,,,,10772,,,,,,,,,,,,,,,,,,,,,,,,,,,,,,24,,,,,,0,,,,,,,,,,,,,,,,,,,,,,,,,,,,
2013-12-11,JK1105B8GGPY8X,Hitachi HDS722020ALA330,2000398934016,0,,65536,,,,,,,,0,,,,,,27169,,,,,,,,,,,,,,,,,,,,,,,,,,,,,,25,,,,,,0,,,,,,,,,,,,,,,,,,,,,,,,,,,,
2013-12-11,MK0331YHGM0HKA,Hitachi HDS723030ALA640,3000592982016,0,,0,,,,,,,,0,,,,,,17032,,,,,,,,,,,,,,,,,,,,,,,,,,,,,,25,,,,,,0,,,,,,,,,,,,,,,,,,,,,,,,,,,,
2013-12-11,MJ1323YNG1LYKC,Hitachi HDS5C3030ALA630,3000592982016,0,,0,,,,,,,,0,,,,,,19770,,,,,,,,,,,,,,,,,,,,,,,,,,,,,,24,,,,,,0,,,,,,,,,,,,,,,,,,,,,,,,,,,,
2013-12-11,JK1105B8GGA3XX,Hitachi HDS722020ALA330,2000398934016,0,,0,,,,,,,,0,,,,,,26858,,,,,,,,,,,,,,,,,,,,,,,,,,,,,,30,,,,,,0,,,,,,,,,,,,,,,,,,,,,,,,,,,,
2013-12-11,W300KFLJ,ST4000DM000,4000787030016,0,,123768840,,,,,,,,0,,,,,,815,,,,,,,,,,,,,,,,,,,,,,,,,,,,,,19,,,,,,0,,,,,,,,,,,,,,,,,,,,,,,,,,,,
2013-12-11,W1F1BQNS,ST3000DM001,3000592982016,0,,144895776,,,,,,,,0,,,,,,8163,,,,,,,,,,,,,,,,,,,,,,,,,,,,,,26,,,,,,0,,,,,,,,,,,,,,,,,,,,,,,,,,,,
2013-12-11,MS79215X099PHA,Hitachi HDS723030BLE640,3000592982016,0,,0,,,,,,,,0,,,,,,6615,,,,,,,,,,,,,,,,,,,,,,,,,,,,,,26,,,,,,0,,,,,,,,,,,,,,,,,,,,,,,,,,,,
2013-12-11,W1F0VZFH,ST3000DM001,3000592982016,0,,19278144,,,,,,,,0,,,,,,10759,,,,,,,,,,,,,,,,,,,,,,,,,,,,,,25,,,,,,0,,,,,,,,,,,,,,,,,,,,,,,,,,,,
2013-12-11,WD-WCAWZ1219146,WDC WD30EZRX,3000592982016,0,,0,,,,,,,,0,,,,,,17617,,,,,,,,,,,,,,,,,,,,,,,,,,,,,,22,,,,,,0,,,,,,,,,,,,,,,,,,,,,,,,,,,,
2013-12-11,W300KFLT,ST4000DM000,4000787030016,0,,227102560,,,,,,,,0,,,,,,958,,,,,,,,,,,,,,,,,,,,,,,,,,,,,,19,,,,,,0,,,,,,,,,,,,,,,,,,,,,,,,,,,,
2013-12-11,6XW10E3A,ST31500541AS,1500301910016,0,,13850835,,,,,,,,0,,,,,,30785,,,,,,,,,,,,,,,,,,,,,,,,,,,,,,22,,,,,,0,,,,,,,,,,,,,,,,,,,,,,,,,,,,
2013-12-11,MK0301YHGLGP5A,Hitachi HDS723030ALA640,3000592982016,0,,0,,,,,,,,0,,,,,,17017,,,,,,,,,,,,,,,,,,,,,,,,,,,,,,29,,,,,,0,,,,,,,,,,,,,,,,,,,,,,,,,,,,
2013-12-11,S1F0CSRZ,ST3000DM001,3000592982016,0,,207336072,,,,,,,,0,,,,,,12366,,,,,,,,,,,,,,,,,,,,,,,,,,,,,,25,,,,,,0,,,,,,,,,,,,,,,,,,,,,,,,,,,,
2013-12-11,PL1321LAG2ZS3H,Hitachi HDS5C4040ALE630,4000787030016,0,,0,,,,,,,,0,,,,,,6650,,,,,,,,,,,,,,,,,,,,,,,,,,,,,,23,,,,,,0,,,,,,,,,,,,,,,,,,,,,,,,,,,,
2013-12-11,JK11A8BFGJWX5F,Hitachi HDS722020ALA330,2000398934016,0,,0,,,,,,,,0,,,,,,1308,,,,,,,,,,,,,,,,,,,,,,,,,,,,,,38,,,,,,0,,,,,,,,,,,,,,,,,,,,,,,,,,,,
2013-12-11,W300D3M6,ST4000DM000,4000787030016,0,,176585272,,,,,,,,0,,,,,,4290,,,,,,,,,,,,,,,,,,,,,,,,,,,,,,25,,,,,,0,,,,,,,,,,,,,,,,,,,,,,,,,,,,
2013-12-11,PL1311LAG2203A,Hitachi HDS5C4040ALE630,4000787030016,0,,0,,,,,,,,0,,,,,,6075,,,,,,,,,,,,,,,,,,,,,,,,,,,,,,20,,,,,,0,,,,,,,,,,,,,,,,,,,,,,,,,,,,
2013-12-11,JK11A8B9HYJLSF,Hitachi HDS722020ALA330,2000398934016,0,,0,,,,,,,,0,,,,,,24462,,,,,,,,,,,,,,,,,,,,,,,,,,,,,,24,,,,,,0,,,,,,,,,,,,,,,,,,,,,,,,,,,,
2013-12-11,MJ0351YNG9WTHA,Hitachi HDS5C3030ALA630,3000592982016,0,,1,,,,,,,,0,,,,,,9191,,,,,,,,,,,,,,,,,,,,,,,,,,,,,,27,,,,,,0,,,,,,,,,,,,,,,,,,,,,,,,,,,,
2013-12-11,MK0311YHGGUVVA,Hitachi HDS723030ALA640,3000592982016,0,,0,,,,,,,,0,,,,,,16680,,,,,,,,,,,,,,,,,,,,,,,,,,,,,,25,,,,,,0,,,,,,,,,,,,,,,,,,,,,,,,,,,,
2013-12-11,5XW0GDWA,ST31500541AS,1500301910016,0,,101259813,,,,,,,,0,,,,,,21025,,,,,,,,,,,,,,,,,,,,,,,,,,,,,,23,,,,,,0,,,,,,,,,,,,,,,,,,,,,,,,,,,,
2013-12-11,Z300CNJ6,ST4000DM000,4000787030016,0,,202704672,,,,,,,,0,,,,,,2261,,,,,,,,,,,,,,,,,,,,,,,,,,,,,,19,,,,,,0,,,,,,,,,,,,,,,,,,,,,,,,,,,,
2013-12-11,5XW015QG,ST31500541AS,1500301910016,0,,67969685,,,,,,,,0,,,,,,33415,,,,,,,,,,,,,,,,,,,,,,,,,,,,,,21,,,,,,0,,,,,,,,,,,,,,,,,,,,,,,,,,,,
2013-12-11,MJ0351YNG9NBAA,Hitachi HDS5C3030ALA630,3000592982016,0,,0,,,,,,,,0,,,,,,9191,,,,,,,,,,,,,,,,,,,,,,,,,,,,,,27,,,,,,0,,,,,,,,,,,,,,,,,,,,,,,,,,,,
2013-12-11,MJ0351YNG9SHTA,Hitachi HDS5C3030ALA630,3000592982016,0,,0,,,,,,,,0,,,,,,8830,,,,,,,,,,,,,,,,,,,,,,,,,,,,,,28,,,,,,0,,,,,,,,,,,,,,,,,,,,,,,,,,,,
2013-12-11,Z1F0QGY5,ST3000DM001,3000592982016,0,,239739864,,,,,,,,0,,,,,,11018,,,,,,,,,,,,,,,,,,,,,,,,,,,,,,23,,,,,,0,,,,,,,,,,,,,,,,,,,,,,,,,,,,
2013-12-11,S1F0S61G,ST3000DM001,3000592982016,0,,31063400,,,,,,,,0,,,,,,10835,,,,,,,,,,,,,,,,,,,,,,,,,,,,,,36,,,,,,0,,,,,,,,,,,,,,,,,,,,,,,,,,,,
2013-12-11,WD-WMC1T0748389,WDC WD30EFRX,3000592982016,0,,0,,,,,,,,0,,,,,,8840,,,,,,,,,,,,,,,,,,,,,,,,,,,,,,28,,,,,,0,,,,,,,,,,,,,,,,,,,,,,,,,,,,
2013-12-11,MJ1321YNG0B88A,Hitachi HDS5C3030ALA630,3000592982016,0,,0,,,,,,,,0,,,,,,20507,,,,,,,,,,,,,,,,,,,,,,,,,,,,,,26,,,,,,0,,,,,,,,,,,,,,,,,,,,,,,,,,,,
2013-12-11,S1F0S61B,ST3000DM001,3000592982016,0,,179004376,,,,,,,,0,,,,,,10539,,,,,,,,,,,,,,,,,,,,,,,,,,,,,,24,,,,,,0,,,,,,,,,,,,,,,,,,,,,,,,,,,,
2013-12-11,W1F09Q3N,ST3000DM001,3000592982016,0,,83987832,,,,,,,,0,,,,,,13746,,,,,,,,,,,,,,,,,,,,,,,,,,,,,,24,,,,,,0,,,,,,,,,,,,,,,,,,,,,,,,,,,,
2013-12-11,PL1321LAG36B2H,Hitachi HDS5C4040ALE630,4000787030016,0,,0,,,,,,,,0,,,,,,6648,,,,,,,,,,,,,,,,,,,,,,,,,,,,,,21,,,,,,0,,,,,,,,,,,,,,,,,,,,,,,,,,,,
2013-12-11,9XW022KD,ST31500541AS,1500301910016,0,,66279509,,,,,,,,0,,,,,,35044,,,,,,,,,,,,,,,,,,,,,,,,,,,,,,20,,,,,,0,,,,,,,,,,,,,,,,,,,,,,,,,,,,
2013-12-11,Z300CX9G,ST4000DM000,4000787030016,0,,156680416,,,,,,,,0,,,,,,2218,,,,,,,,,,,,,,,,,,,,,,,,,,,,,,23,,,,,,0,,,,,,,,,,,,,,,,,,,,,,,,,,,,
2013-12-11,JK1105B8GHWDWX,Hitachi HDS722020ALA330,2000398934016,0,,65536,,,,,,,,0,,,,,,27213,,,,,,,,,,,,,,,,,,,,,,,,,,,,,,26,,,,,,0,,,,,,,,,,,,,,,,,,,,,,,,,,,,
2013-12-11,6XW04WR6,ST31500541AS,1500301910016,0,,239644385,,,,,,,,0,,,,,,37289,,,,,,,,,,,,,,,,,,,,,,,,,,,,,,24,,,,,,0,,,,,,,,,,,,,,,,,,,,,,,,,,,,
2013-12-11,MJ1311YNG3L33A,Hitachi HDS5C3030ALA630,3000592982016,0,,0,,,,,,,,0,,,,,,19253,,,,,,,,,,,,,,,,,,,,,,,,,,,,,,21,,,,,,0,,,,,,,,,,,,,,,,,,,,,,,,,,,,
2013-12-11,6XW1GYK7,ST31500541AS,1500301910016,0,,238602733,,,,,,,,0,,,,,,17995,,,,,,,,,,,,,,,,,,,,,,,,,,,,,,19,,,,,,0,,,,,,,,,,,,,,,,,,,,,,,,,,,,
2013-12-11,S1F0S613,ST3000DM001,3000592982016,0,,151417416,,,,,,,,0,,,,,,10741,,,,,,,,,,,,,,,,,,,,,,,,,,,,,,27,,,,,,0,,,,,,,,,,,,,,,,,,,,,,,,,,,,
2013-12-11,W300CTT5,ST4000DM000,4000787030016,0,,171557352,,,,,,,,0,,,,,,4147,,,,,,,,,,,,,,,,,,,,,,,,,,,,,,22,,,,,,0,,,,,,,,,,,,,,,,,,,,,,,,,,,,
2013-12-11,W300B73W,ST4000DM000,4000787030016,0,,192007816,,,,,,,,0,,,,,,4042,,,,,,,,,,,,,,,,,,,,,,,,,,,,,,23,,,,,,0,,,,,,,,,,,,,,,,,,,,,,,,,,,,
2013-12-11,MJ1321YNG0J55A,Hitachi HDS5C3030ALA630,3000592982016,0,,0,,,,,,,,0,,,,,,20067,,,,,,,,,,,,,,,,,,,,,,,,,,,,,,23,,,,,,0,,,,,,,,,,,,,,,,,,,,,,,,,,,,
2013-12-11,W300B73L,ST4000DM000,4000787030016,0,,180756976,,,,,,,,0,,,,,,4140,,,,,,,,,,,,,,,,,,,,,,,,,,,,,,25,,,,,,0,,,,,,,,,,,,,,,,,,,,,,,,,,,,
2013-12-11,Z300MPZX,ST4000DM000,4000787030016,0,,203800344,,,,,,,,0,,,,,,2921,,,,,,,,,,,,,,,,,,,,,,,,,,,,,,22,,,,,,0,,,,,,,,,,,,,,,,,,,,,,,,,,,,
2013-12-11,6XW10C9G,ST31500541AS,1500301910016,0,,6725253,,,,,,,,9,,,,,,31201,,,,,,,,,,,,,,,,,,,,,,,,,,,,,,26,,,,,,0,,,,,,,,,,,,,,,,,,,,,,,,,,,,
2013-12-11,MJ0351YNGA8L4A,Hitachi HDS5C3030ALA630,3000592982016,0,,0,,,,,,,,0,,,,,,8615,,,,,,,,,,,,,,,,,,,,,,,,,,,,,,30,,,,,,0,,,,,,,,,,,,,,,,,,,,,,,,,,,,
2013-12-11,W1F08Z8M,ST3000DM001,3000592982016,0,,9686776,,,,,,,,0,,,,,,14234,,,,,,,,,,,,,,,,,,,,,,,,,,,,,,23,,,,,,0,,,,,,,,,,,,,,,,,,,,,,,,,,,,
2013-12-11,JK11A8B9J3813F,Hitachi HDS722020ALA330,2000398934016,0,,65536,,,,,,,,0,,,,,,23828,,,,,,,,,,,,,,,,,,,,,,,,,,,,,,29,,,,,,0,,,,,,,,,,,,,,,,,,,,,,,,,,,,
2013-12-11,MJ0351YNGA487A,Hitachi HDS5C3030ALA630,3000592982016,0,,0,,,,,,,,0,,,,,,8873,,,,,,,,,,,,,,,,,,,,,,,,,,,,,,29,,,,,,0,,,,,,,,,,,,,,,,,,,,,,,,,,,,
2013-12-11,JK11A8B9J3V1XF,Hitachi HDS722020ALA330,2000398934016,0,,0,,,,,,,,0,,,,,,22297,,,,,,,,,,,,,,,,,,,,,,,,,,,,,,32,,,,,,0,,,,,,,,,,,,,,,,,,,,,,,,,,,,
2013-12-11,PL1311LAG38AKH,Hitachi HDS5C4040ALE630,4000787030016,0,,0,,,,,,,,0,,,,,,2981,,,,,,,,,,,,,,,,,,,,,,,,,,,,,,25,,,,,,0,,,,,,,,,,,,,,,,,,,,,,,,,,,,
2013-12-11,MJ1321YNG0JPKA,Hitachi HDS5C3030ALA630,3000592982016,0,,786432,,,,,,,,0,,,,,,20479,,,,,,,,,,,,,,,,,,,,,,,,,,,,,,28,,,,,,0,,,,,,,,,,,,,,,,,,,,,,,,,,,,
2013-12-11,MK0311YHG547DA,Hitachi HDS723030ALA640,3000592982016,0,,0,,,,,,,,0,,,,,,21793,,,,,,,,,,,,,,,,,,,,,,,,,,,,,,28,,,,,,0,,,,,,,,,,,,,,,,,,,,,,,,,,,,
2013-12-11,6XW04VT4,ST31500541AS,1500301910016,0,,195083998,,,,,,,,0,,,,,,36403,,,,,,,,,,,,,,,,,,,,,,,,,,,,,,21,,,,,,0,,,,,,,,,,,,,,,,,,,,,,,,,,,,
2013-12-11,JK1104B8JRNR5W,Hitachi HDS722020ALA330,2000398934016,0,,0,,,,,,,,0,,,,,,23512,,,,,,,,,,,,,,,,,,,,,,,,,,,,,,27,,,,,,0,,,,,,,,,,,,,,,,,,,,,,,,,,,,
2013-12-11,MJ0351YNGA38GA,Hitachi HDS5C3030ALA630,3000592982016,0,,0,,,,,,,,0,,,,,,9142,,,,,,,,,,,,,,,,,,,,,,,,,,,,,,31,,,,,,0,,,,,,,,,,,,,,,,,,,,,,,,,,,,
2013-12-11,MJ1311YNG7G9EA,Hitachi HDS5C3030ALA630,3000592982016,0,,0,,,,,,,,0,,,,,,14685,,,,,,,,,,,,,,,,,,,,,,,,,,,,,,17,,,,,,0,,,,,,,,,,,,,,,,,,,,,,,,,,,,
2013-12-11,PL1310LAG0NUTA,Hitachi HDS5C4040ALE630,4000787030016,0,,0,,,,,,,,0,,,,,,12998,,,,,,,,,,,,,,,,,,,,,,,,,,,,,,24,,,,,,0,,,,,,,,,,,,,,,,,,,,,,,,,,,,
2013-12-11,Z1F01Z18,ST3000DM001,3000592982016,0,,214585320,,,,,,,,0,,,,,,17081,,,,,,,,,,,,,,,,,,,,,,,,,,,,,,28,,,,,,0,,,,,,,,,,,,,,,,,,,,,,,,,,,,
2013-12-11,JK11A5B8J0RW7X,Hitachi HDS722020ALA330,2000398934016,0,,0,,,,,,,,0,,,,,,23636,,,,,,,,,,,,,,,,,,,,,,,,,,,,,,30,,,,,,0,,,,,,,,,,,,,,,,,,,,,,,,,,,,
2013-12-11,MJ1311YNG7ERLA,Hitachi HDS5C3030ALA630,3000592982016,0,,0,,,,,,,,0,,,,,,14574,,,,,,,,,,,,,,,,,,,,,,,,,,,,,,23,,,,,,0,,,,,,,,,,,,,,,,,,,,,,,,,,,,
2013-12-11,PL2311LAG1TJPC,Hitachi HDS5C4040ALE630,4000787030016,0,,0,,,,,,,,0,,,,,,7412,,,,,,,,,,,,,,,,,,,,,,,,,,,,,,21,,,,,,0,,,,,,,,,,,,,,,,,,,,,,,,,,,,
2013-12-11,JK11A8B9J77GBF,Hitachi HDS722020ALA330,2000398934016,0,,0,,,,,,,,0,,,,,,22687,,,,,,,,,,,,,,,,,,,,,,,,,,,,,,24,,,,,,0,,,,,,,,,,,,,,,,,,,,,,,,,,,,
2013-12-11,S1F038FY,ST3000DM001,3000592982016,0,,235209656,,,,,,,,0,,,,,,12840,,,,,,,,,,,,,,,,,,,,,,,,,,,,,,27,,,,,,0,,,,,,,,,,,,,,,,,,,,,,,,,,,,
2013-12-11,Z300PMJE,ST4000DM000,4000787030016,0,,67977984,,,,,,,,0,,,,,,1233,,,,,,,,,,,,,,,,,,,,,,,,,,,,,,22,,,,,,0,,,,,,,,,,,,,,,,,,,,,,,,,,,,
2013-12-11,Z300PMJB,ST4000DM000,4000787030016,0,,40899056,,,,,,,,0,,,,,,1233,,,,,,,,,,,,,,,,,,,,,,,,,,,,,,22,,,,,,0,,,,,,,,,,,,,,,,,,,,,,,,,,,,
2013-12-11,PL1311LAG182VA,Hitachi HDS5C4040ALE630,4000787030016,0,,0,,,,,,,,0,,,,,,6653,,,,,,,,,,,,,,,,,,,,,,,,,,,,,,28,,,,,,0,,,,,,,,,,,,,,,,,,,,,,,,,,,,
2013-12-11,Z300PMJL,ST4000DM000,4000787030016,0,,45422328,,,,,,,,0,,,,,,1233,,,,,,,,,,,,,,,,,,,,,,,,,,,,,,22,,,,,,0,,,,,,,,,,,,,,,,,,,,,,,,,,,,
2013-12-11,Z300PMJM,ST4000DM000,4000787030016,0,,18071536,,,,,,,,0,,,,,,1114,,,,,,,,,,,,,,,,,,,,,,,,,,,,,,27,,,,,,0,,,,,,,,,,,,,,,,,,,,,,,,,,,,
2013-12-11,W300DZ53,ST4000DM000,4000787030016,0,,234828272,,,,,,,,0,,,,,,4140,,,,,,,,,,,,,,,,,,,,,,,,,,,,,,22,,,,,,0,,,,,,,,,,,,,,,,,,,,,,,,,,,,
2013-12-11,9XW07SCD,ST32000542AS,2000398934016,0,,46273178,,,,,,,,0,,,,,,17231,,,,,,,,,,,,,,,,,,,,,,,,,,,,,,22,,,,,,6,,,,,,,,,,,,,,,,,,,,,,,,,,,,
2013-12-11,JK11A4B8HZR54W,Hitachi HDS722020ALA330,2000398934016,0,,0,,,,,,,,425,,,,,,23511,,,,,,,,,,,,,,,,,,,,,,,,,,,,,,28,,,,,,2,,,,,,,,,,,,,,,,,,,,,,,,,,,,
2013-12-11,Z300PMJV,ST4000DM000,4000787030016,0,,44333456,,,,,,,,0,,,,,,1093,,,,,,,,,,,,,,,,,,,,,,,,,,,,,,26,,,,,,0,,,,,,,,,,,,,,,,,,,,,,,,,,,,
2013-12-11,S1F035BC,ST3000DM001,3000592982016,0,,148998496,,,,,,,,1304,,,,,,15223,,,,,,,,,,,,,,,,,,,,,,,,,,,,,,19,,,,,,16,,,,,,,,,,,,,,,,,,,,,,,,,,,,
2013-12-11,W300BNCB,ST4000DM000,4000787030016,0,,42626760,,,,,,,,0,,,,,,3611,,,,,,,,,,,,,,,,,,,,,,,,,,,,,,21,,,,,,0,,,,,,,,,,,,,,,,,,,,,,,,,,,,
2013-12-11,JK1101B9G820KF,Hitachi HDS722020ALA330,2000398934016,0,,0,,,,,,,,1,,,,,,27541,,,,,,,,,,,,,,,,,,,,,,,,,,,,,,25,,,,,,0,,,,,,,,,,,,,,,,,,,,,,,,,,,,
2013-12-11,5XW02WBK,ST31500541AS,1500301910016,0,,2239589,,,,,,,,0,,,,,,36068,,,,,,,,,,,,,,,,,,,,,,,,,,,,,,17,,,,,,0,,,,,,,,,,,,,,,,,,,,,,,,,,,,
2013-12-11,6XW03AQM,ST31500541AS,1500301910016,0,,127925350,,,,,,,,0,,,,,,36918,,,,,,,,,,,,,,,,,,,,,,,,,,,,,,22,,,,,,0,,,,,,,,,,,,,,,,,,,,,,,,,,,,
2013-12-11,Z300KG8R,ST4000DM000,4000787030016,0,,196384704,,,,,,,,0,,,,,,152,,,,,,,,,,,,,,,,,,,,,,,,,,,,,,27,,,,,,0,,,,,,,,,,,,,,,,,,,,,,,,,,,,
2013-12-11,W300BNCT,ST4000DM000,4000787030016,0,,26231272,,,,,,,,0,,,,,,4047,,,,,,,,,,,,,,,,,,,,,,,,,,,,,,22,,,,,,0,,,,,,,,,,,,,,,,,,,,,,,,,,,,
2013-12-11,JK11A8B9J7A89F,Hitachi HDS722020ALA330,2000398934016,0,,0,,,,,,,,0,,,,,,24632,,,,,,,,,,,,,,,,,,,,,,,,,,,,,,26,,,,,,0,,,,,,,,,,,,,,,,,,,,,,,,,,,,
2013-12-11,Z1Z046W2,ST4000DX000,4000787030016,0,,34026117,,,,,,,,0,,,,,,5077,,,,,,,,,,,,,,,,,,,,,,,,,,,,,,34,,,,,,0,,,,,,,,,,,,,,,,,,,,,,,,,,,,
2013-12-11,6XW0Z1X2,ST31500541AS,1500301910016,0,,235748672,,,,,,,,0,,,,,,30039,,,,,,,,,,,,,,,,,,,,,,,,,,,,,,22,,,,,,0,,,,,,,,,,,,,,,,,,,,,,,,,,,,
2013-12-11,Z1F0MY6K,ST3000DM001,3000592982016,0,,9188296,,,,,,,,0,,,,,,11019,,,,,,,,,,,,,,,,,,,,,,,,,,,,,,25,,,,,,0,,,,,,,,,,,,,,,,,,,,,,,,,,,,
2013-12-11,W300BNC1,ST4000DM000,4000787030016,0,,65447088,,,,,,,,0,,,,,,4044,,,,,,,,,,,,,,,,,,,,,,,,,,,,,,20,,,,,,0,,,,,,,,,,,,,,,,,,,,,,,,,,,,
2013-12-11,W300J39D,ST4000DM000,4000787030016,0,,60318608,,,,,,,,0,,,,,,815,,,,,,,,,,,,,,,,,,,,,,,,,,,,,,21,,,,,,0,,,,,,,,,,,,,,,,,,,,,,,,,,,,
2013-12-11,Z300XGG1,ST4000DM000,4000787030016,0,,213401112,,,,,,,,0,,,,,,612,,,,,,,,,,,,,,,,,,,,,,,,,,,,,,19,,,,,,0,,,,,,,,,,,,,,,,,,,,,,,,,,,,
2013-12-11,Z300ND3A,ST4000DM000,4000787030016,0,,225898792,,,,,,,,0,,,,,,1233,,,,,,,,,,,,,,,,,,,,,,,,,,,,,,21,,,,,,0,,,,,,,,,,,,,,,,,,,,,,,,,,,,
2013-12-11,5XW02PV6,ST31500541AS,1500301910016,0,,47462660,,,,,,,,0,,,,,,35195,,,,,,,,,,,,,,,,,,,,,,,,,,,,,,19,,,,,,0,,,,,,,,,,,,,,,,,,,,,,,,,,,,
2013-12-11,Z300P9S5,ST4000DM000,4000787030016,0,,236035576,,,,,,,,0,,,,,,1233,,,,,,,,,,,,,,,,,,,,,,,,,,,,,,19,,,,,,0,,,,,,,,,,,,,,,,,,,,,,,,,,,,
2013-12-11,Z300X201,ST4000DM000,4000787030016,0,,48482008,,,,,,,,0,,,,,,613,,,,,,,,,,,,,,,,,,,,,,,,,,,,,,24,,,,,,0,,,,,,,,,,,,,,,,,,,,,,,,,,,,
2013-12-11,JK11A8B9J3AYDF,Hitachi HDS722020ALA330,2000398934016,0,,65536,,,,,,,,0,,,,,,24462,,,,,,,,,,,,,,,,,,,,,,,,,,,,,,28,,,,,,0,,,,,,,,,,,,,,,,,,,,,,,,,,,,
2013-12-11,Z300JC2A,ST4000DM000,4000787030016,0,,211119648,,,,,,,,0,,,,,,2873,,,,,,,,,,,,,,,,,,,,,,,,,,,,,,18,,,,,,0,,,,,,,,,,,,,,,,,,,,,,,,,,,,
2013-12-11,Z300PMJ6,ST4000DM000,4000787030016,0,,10776440,,,,,,,,0,,,,,,1094,,,,,,,,,,,,,,,,,,,,,,,,,,,,,,18,,,,,,0,,,,,,,,,,,,,,,,,,,,,,,,,,,,
2013-12-11,Z300PMJ5,ST4000DM000,4000787030016,0,,107744296,,,,,,,,0,,,,,,1225,,,,,,,,,,,,,,,,,,,,,,,,,,,,,,20,,,,,,0,,,,,,,,,,,,,,,,,,,,,,,,,,,,
2013-12-11,W300BPHD,ST4000DM000,4000787030016,0,,187837456,,,,,,,,0,,,,,,4163,,,,,,,,,,,,,,,,,,,,,,,,,,,,,,22,,,,,,0,,,,,,,,,,,,,,,,,,,,,,,,,,,,
2013-12-11,PL1311LAG2ZBBA,Hitachi HDS5C4040ALE630,4000787030016,0,,0,,,,,,,,0,,,,,,5670,,,,,,,,,,,,,,,,,,,,,,,,,,,,,,16,,,,,,0,,,,,,,,,,,,,,,,,,,,,,,,,,,,
2013-12-11,W300BPHF,ST4000DM000,4000787030016,0,,227768600,,,,,,,,0,,,,,,4139,,,,,,,,,,,,,,,,,,,,,,,,,,,,,,23,,,,,,0,,,,,,,,,,,,,,,,,,,,,,,,,,,,
2013-12-11,JK11A8B9J2Y9KF,Hitachi HDS722020ALA330,2000398934016,0,,0,,,,,,,,0,,,,,,23543,,,,,,,,,,,,,,,,,,,,,,,,,,,,,,35,,,,,,0,,,,,,,,,,,,,,,,,,,,,,,,,,,,
2013-12-11,MJ1311YNG36MEA,Hitachi HDS5C3030ALA630,3000592982016,0,,0,,,,,,,,0,,,,,,18406,,,,,,,,,,,,,,,,,,,,,,,,,,,,,,21,,,,,,0,,,,,,,,,,,,,,,,,,,,,,,,,,,,
2013-12-11,6XW0PT6T,ST31500541AS,1500301910016,0,,33810005,,,,,,,,0,,,,,,15473,,,,,,,,,,,,,,,,,,,,,,,,,,,,,,20,,,,,,0,,,,,,,,,,,,,,,,,,,,,,,,,,,,
2013-12-11,Z300JECZ,ST4000DM000,4000787030016,0,,55753424,,,,,,,,0,,,,,,2873,,,,,,,,,,,,,,,,,,,,,,,,,,,,,,19,,,,,,0,,,,,,,,,,,,,,,,,,,,,,,,,,,,
2013-12-11,Z290V7NW,ST33000651AS,3000592982016,0,,189270452,,,,,,,,0,,,,,,15915,,,,,,,,,,,,,,,,,,,,,,,,,,,,,,28,,,,,,0,,,,,,,,,,,,,,,,,,,,,,,,,,,,
2013-12-11,JK1105B8GGA15X,Hitachi HDS722020ALA330,2000398934016,0,,0,,,,,,,,0,,,,,,27169,,,,,,,,,,,,,,,,,,,,,,,,,,,,,,28,,,,,,0,,,,,,,,,,,,,,,,,,,,,,,,,,,,
2013-12-11,MJ1313YNG191ZC,Hitachi HDS5C3030ALA630,3000592982016,0,,720900,,,,,,,,0,,,,,,21797,,,,,,,,,,,,,,,,,,,,,,,,,,,,,,25,,,,,,0,,,,,,,,,,,,,,,,,,,,,,,,,,,,
2013-12-11,9VS3KXQA,ST31500341AS,1500301910016,0,,146723619,,,,,,,,6,,,,,,18371,,,,,,,,,,,,,,,,,,,,,,,,,,,,,,26,,,,,,0,,,,,,,,,,,,,,,,,,,,,,,,,,,,
2013-12-11,Z1F0L8MH,ST3000DM001,3000592982016,0,,122538656,,,,,,,,0,,,,,,12247,,,,,,,,,,,,,,,,,,,,,,,,,,,,,,25,,,,,,0,,,,,,,,,,,,,,,,,,,,,,,,,,,,
2013-12-11,JK11A8B9J922XF,Hitachi HDS722020ALA330,2000398934016,0,,0,,,,,,,,0,,,,,,25541,,,,,,,,,,,,,,,,,,,,,,,,,,,,,,28,,,,,,0,,,,,,,,,,,,,,,,,,,,,,,,,,,,
2013-12-11,MK0331YHGEV15A,Hitachi HDS723030ALA640,3000592982016,0,,65536,,,,,,,,0,,,,,,16659,,,,,,,,,,,,,,,,,,,,,,,,,,,,,,25,,,,,,0,,,,,,,,,,,,,,,,,,,,,,,,,,,,
2013-12-11,PL1311LAG3DWGH,Hitachi HDS5C4040ALE630,4000787030016,0,,0,,,,,,,,0,,,,,,5052,,,,,,,,,,,,,,,,,,,,,,,,,,,,,,25,,,,,,0,,,,,,,,,,,,,,,,,,,,,,,,,,,,
2013-12-11,PL1321LAG35B8H,Hitachi HDS5C4040ALE630,4000787030016,0,,0,,,,,,,,0,,,,,,5959,,,,,,,,,,,,,,,,,,,,,,,,,,,,,,20,,,,,,0,,,,,,,,,,,,,,,,,,,,,,,,,,,,
2013-12-11,Z300K1XC,ST4000DM000,4000787030016,0,,95034536,,,,,,,,0,,,,,,2241,,,,,,,,,,,,,,,,,,,,,,,,,,,,,,21,,,,,,0,,,,,,,,,,,,,,,,,,,,,,,,,,,,
2013-12-11,W1F09Y61,ST3000DM001,3000592982016,0,,36219640,,,,,,,,0,,,,,,14709,,,,,,,,,,,,,,,,,,,,,,,,,,,,,,24,,,,,,0,,,,,,,,,,,,,,,,,,,,,,,,,,,,
2013-12-11,W300H3GX,ST4000DM000,4000787030016,0,,38455592,,,,,,,,0,,,,,,919,,,,,,,,,,,,,,,,,,,,,,,,,,,,,,22,,,,,,0,,,,,,,,,,,,,,,,,,,,,,,,,,,,
2013-12-11,W1F08QZS,ST3000DM001,3000592982016,0,,109831664,,,,,,,,0,,,,,,15263,,,,,,,,,,,,,,,,,,,,,,,,,,,,,,21,,,,,,0,,,,,,,,,,,,,,,,,,,,,,,,,,,,
2013-12-11,W300H3GP,ST4000DM000,4000787030016,0,,178436352,,,,,,,,0,,,,,,948,,,,,,,,,,,,,,,,,,,,,,,,,,,,,,18,,,,,,0,,,,,,,,,,,,,,,,,,,,,,,,,,,,
2013-12-11,Z1F0CC9R,ST3000DM001,3000592982016,0,,211039224,,,,,,,,0,,,,,,10593,,,,,,,,,,,,,,,,,,,,,,,,,,,,,,35,,,,,,24,,,,,,,,,,,,,,,,,,,,,,,,,,,,
2013-12-11,JK1101B9JJ6G3F,Hitachi HDS722020ALA330,2000398934016,0,,0,,,,,,,,0,,,,,,23990,,,,,,,,,,,,,,,,,,,,,,,,,,,,,,27,,,,,,0,,,,,,,,,,,,,,,,,,,,,,,,,,,,
2013-12-11,PL1311LAG28YBH,Hitachi HDS5C4040ALE630,4000787030016,0,,0,,,,,,,,0,,,,,,7414,,,,,,,,,,,,,,,,,,,,,,,,,,,,,,21,,,,,,0,,,,,,,,,,,,,,,,,,,,,,,,,,,,
2013-12-11,PL1321LAG36ENH,Hitachi HDS5C4040ALE630,4000787030016,0,,0,,,,,,,,0,,,,,,6654,,,,,,,,,,,,,,,,,,,,,,,,,,,,,,20,,,,,,0,,,,,,,,,,,,,,,,,,,,,,,,,,,,
2013-12-11,Z1F0N2WV,ST3000DM001,3000592982016,0,,34324576,,,,,,,,0,,,,,,11753,,,,,,,,,,,,,,,,,,,,,,,,,,,,,,28,,,,,,0,,,,,,,,,,,,,,,,,,,,,,,,,,,,
2013-12-11,9VS3HB9E,ST31500341AS,1500301910016,0,,156099972,,,,,,,,32,,,,,,30974,,,,,,,,,,,,,,,,,,,,,,,,,,,,,,31,,,,,,0,,,,,,,,,,,,,,,,,,,,,,,,,,,,
2013-12-11,W300KQ9B,ST4000DM000,4000787030016,0,,97136584,,,,,,,,0,,,,,,909,,,,,,,,,,,,,,,,,,,,,,,,,,,,,,20,,,,,,0,,,,,,,,,,,,,,,,,,,,,,,,,,,,
2013-12-11,MK0311YHG6P78A,Hitachi HDS723030ALA640,3000592982016,0,,0,,,,,,,,0,,,,,,16735,,,,,,,,,,,,,,,,,,,,,,,,,,,,,,26,,,,,,0,,,,,,,,,,,,,,,,,,,,,,,,,,,,
2013-12-11,S1F0RRA7,ST3000DM001,3000592982016,0,,237398384,,,,,,,,0,,,,,,10539,,,,,,,,,,,,,,,,,,,,,,,,,,,,,,22,,,,,,0,,,,,,,,,,,,,,,,,,,,,,,,,,,,
2013-12-11,PL1321LAG3476H,Hitachi HDS5C4040ALE630,4000787030016,0,,0,,,,,,,,0,,,,,,6617,,,,,,,,,,,,,,,,,,,,,,,,,,,,,,28,,,,,,0,,,,,,,,,,,,,,,,,,,,,,,,,,,,
2013-12-11,9VS21LZA,ST31500341AS,1500301910016,0,,17519617,,,,,,,,0,,,,,,38100,,,,,,,,,,,,,,,,,,,,,,,,,,,,,,21,,,,,,0,,,,,,,,,,,,,,,,,,,,,,,,,,,,
2013-12-11,W1F0A2LG,ST3000DM001,3000592982016,0,,193248936,,,,,,,,0,,,,,,15221,,,,,,,,,,,,,,,,,,,,,,,,,,,,,,19,,,,,,0,,,,,,,,,,,,,,,,,,,,,,,,,,,,
2013-12-11,Z300HM5P,ST4000DM000,4000787030016,0,,97506912,,,,,,,,0,,,,,,2845,,,,,,,,,,,,,,,,,,,,,,,,,,,,,,27,,,,,,0,,,,,,,,,,,,,,,,,,,,,,,,,,,,
2013-12-11,W300DKFM,ST4000DM000,4000787030016,0,,2183544,,,,,,,,0,,,,,,4353,,,,,,,,,,,,,,,,,,,,,,,,,,,,,,23,,,,,,0,,,,,,,,,,,,,,,,,,,,,,,,,,,,
2013-12-11,Z1F05092,ST3000DM001,3000592982016,0,,213780192,,,,,,,,0,,,,,,17064,,,,,,,,,,,,,,,,,,,,,,,,,,,,,,24,,,,,,0,,,,,,,,,,,,,,,,,,,,,,,,,,,,
2013-12-11,MJ1321YNG06PUA,Hitachi HDS5C3030ALA630,3000592982016,0,,0,,,,,,,,0,,,,,,19310,,,,,,,,,,,,,,,,,,,,,,,,,,,,,,27,,,,,,0,,,,,,,,,,,,,,,,,,,,,,,,,,,,
2013-12-11,9VS3HB99,ST31500341AS,1500301910016,0,,11850338,,,,,,,,3,,,,,,32872,,,,,,,,,,,,,,,,,,,,,,,,,,,,,,19,,,,,,0,,,,,,,,,,,,,,,,,,,,,,,,,,,,
2013-12-11,MJ1311YNG60Z9A,Hitachi HDS5C3030ALA630,3000592982016,0,,0,,,,,,,,0,,,,,,14310,,,,,,,,,,,,,,,,,,,,,,,,,,,,,,26,,,,,,0,,,,,,,,,,,,,,,,,,,,,,,,,,,,
2013-12-11,W1F07NZD,ST3000DM001,3000592982016,0,,129076960,,,,,,,,0,,,,,,12841,,,,,,,,,,,,,,,,,,,,,,,,,,,,,,28,,,,,,0,,,,,,,,,,,,,,,,,,,,,,,,,,,,
2013-12-11,Z300GPLT,ST4000DM000,4000787030016,0,,155372272,,,,,,,,0,,,,,,3584,,,,,,,,,,,,,,,,,,,,,,,,,,,,,,26,,,,,,0,,,,,,,,,,,,,,,,,,,,,,,,,,,,
2013-12-11,MJ0351YNGA6UHA,Hitachi HDS5C3030ALA630,3000592982016,0,,0,,,,,,,,0,,,,,,8665,,,,,,,,,,,,,,,,,,,,,,,,,,,,,,26,,,,,,0,,,,,,,,,,,,,,,,,,,,,,,,,,,,
2013-12-11,JK11A8B9J3M76F,Hitachi HDS722020ALA330,2000398934016,0,,0,,,,,,,,0,,,,,,23125,,,,,,,,,,,,,,,,,,,,,,,,,,,,,,38,,,,,,0,,,,,,,,,,,,,,,,,,,,,,,,,,,,
2013-12-11,Z300GPLY,ST4000DM000,4000787030016,0,,1754744,,,,,,,,0,,,,,,3580,,,,,,,,,,,,,,,,,,,,,,,,,,,,,,25,,,,,,0,,,,,,,,,,,,,,,,,,,,,,,,,,,,
2013-12-11,Z300GPLZ,ST4000DM000,4000787030016,0,,235461912,,,,,,,,0,,,,,,3588,,,,,,,,,,,,,,,,,,,,,,,,,,,,,,24,,,,,,0,,,,,,,,,,,,,,,,,,,,,,,,,,,,
2013-12-11,Z300GPLD,ST4000DM000,4000787030016,0,,676160,,,,,,,,0,,,,,,3588,,,,,,,,,,,,,,,,,,,,,,,,,,,,,,27,,,,,,0,,,,,,,,,,,,,,,,,,,,,,,,,,,,
2013-12-11,Z300GPLE,ST4000DM000,4000787030016,0,,44918016,,,,,,,,0,,,,,,3583,,,,,,,,,,,,,,,,,,,,,,,,,,,,,,20,,,,,,0,,,,,,,,,,,,,,,,,,,,,,,,,,,,
2013-12-11,Z300GPLF,ST4000DM000,4000787030016,0,,75102616,,,,,,,,0,,,,,,2900,,,,,,,,,,,,,,,,,,,,,,,,,,,,,,26,,,,,,0,,,,,,,,,,,,,,,,,,,,,,,,,,,,
2013-12-11,Z300GPLB,ST4000DM000,4000787030016,0,,160301680,,,,,,,,0,,,,,,2900,,,,,,,,,,,,,,,,,,,,,,,,,,,,,,26,,,,,,0,,,,,,,,,,,,,,,,,,,,,,,,,,,,
2013-12-11,WD-WCAU47264681,WDC WD10EADS,1000204886016,0,,32,,,,,,,,0,,,,,,40609,,,,,,,,,,,,,,,,,,,,,,,,,,,,,,20,,,,,,0,,,,,,,,,,,,,,,,,,,,,,,,,,,,
2013-12-11,Z1F0KSLS,ST3000DM001,3000592982016,0,,158264976,,,,,,,,0,,,,,,11721,,,,,,,,,,,,,,,,,,,,,,,,,,,,,,22,,,,,,0,,,,,,,,,,,,,,,,,,,,,,,,,,,,
2013-12-11,Z300GPLK,ST4000DM000,4000787030016,0,,100488256,,,,,,,,0,,,,,,2899,,,,,,,,,,,,,,,,,,,,,,,,,,,,,,26,,,,,,0,,,,,,,,,,,,,,,,,,,,,,,,,,,,
2013-12-11,MK0333YHGPKPTC,Hitachi HDS723030ALA640,3000592982016,0,,131075,,,,,,,,0,,,,,,18088,,,,,,,,,,,,,,,,,,,,,,,,,,,,,,34,,,,,,11,,,,,,,,,,,,,,,,,,,,,,,,,,,,
2013-12-11,JK1171B9H8WTGT,Hitachi HDS722020ALA330,2000398934016,0,,0,,,,,,,,0,,,,,,24306,,,,,,,,,,,,,,,,,,,,,,,,,,,,,,29,,,,,,0,,,,,,,,,,,,,,,,,,,,,,,,,,,,
2013-12-11,PL1321LAG33LEH,Hitachi HDS5C4040ALE630,4000787030016,0,,0,,,,,,,,0,,,,,,6568,,,,,,,,,,,,,,,,,,,,,,,,,,,,,,31,,,,,,0,,,,,,,,,,,,,,,,,,,,,,,,,,,,
2013-12-11,W300KLAM,ST4000DM000,4000787030016,0,,207159576,,,,,,,,0,,,,,,772,,,,,,,,,,,,,,,,,,,,,,,,,,,,,,23,,,,,,0,,,,,,,,,,,,,,,,,,,,,,,,,,,,
2013-12-11,Z290NPXR,ST33000651AS,3000592982016,0,,173290697,,,,,,,,0,,,,,,15915,,,,,,,,,,,,,,,,,,,,,,,,,,,,,,26,,,,,,0,,,,,,,,,,,,,,,,,,,,,,,,,,,,
2013-12-11,S1F0GJL9,ST3000DM001,3000592982016,0,,111191776,,,,,,,,0,,,,,,11723,,,,,,,,,,,,,,,,,,,,,,,,,,,,,,24,,,,,,0,,,,,,,,,,,,,,,,,,,,,,,,,,,,
2013-12-11,S1F0RSMR,ST3000DM001,3000592982016,0,,173778328,,,,,,,,0,,,,,,10539,,,,,,,,,,,,,,,,,,,,,,,,,,,,,,22,,,,,,0,,,,,,,,,,,,,,,,,,,,,,,,,,,,
2013-12-11,MJ0351YNGA5VVA,Hitachi HDS5C3030ALA630,3000592982016,0,,0,,,,,,,,0,,,,,,9315,,,,,,,,,,,,,,,,,,,,,,,,,,,,,,31,,,,,,0,,,,,,,,,,,,,,,,,,,,,,,,,,,,
2013-12-11,Z290Q35T,ST33000651AS,3000592982016,0,,169951735,,,,,,,,0,,,,,,15603,,,,,,,,,,,,,,,,,,,,,,,,,,,,,,27,,,,,,0,,,,,,,,,,,,,,,,,,,,,,,,,,,,
2013-12-11,JK1171B9HYG2GT,Hitachi HDS722020ALA330,2000398934016,0,,0,,,,,,,,0,,,,,,22702,,,,,,,,,,,,,,,,,,,,,,,,,,,,,,30,,,,,,0,,,,,,,,,,,,,,,,,,,,,,,,,,,,
2013-12-11,W3004L64,ST4000DM000,4000787030016,0,,13667608,,,,,,,,0,,,,,,2902,,,,,,,,,,,,,,,,,,,,,,,,,,,,,,25,,,,,,0,,,,,,,,,,,,,,,,,,,,,,,,,,,,
2013-12-11,S1F0RSML,ST3000DM001,3000592982016,0,,58817472,,,,,,,,0,,,,,,10760,,,,,,,,,,,,,,,,,,,,,,,,,,,,,,27,,,,,,0,,,,,,,,,,,,,,,,,,,,,,,,,,,,
2013-12-11,Z300GPL4,ST4000DM000,4000787030016,0,,15758592,,,,,,,,0,,,,,,2899,,,,,,,,,,,,,,,,,,,,,,,,,,,,,,26,,,,,,0,,,,,,,,,,,,,,,,,,,,,,,,,,,,
2013-12-11,Z300GPL7,ST4000DM000,4000787030016,0,,6061384,,,,,,,,0,,,,,,3586,,,,,,,,,,,,,,,,,,,,,,,,,,,,,,21,,,,,,0,,,,,,,,,,,,,,,,,,,,,,,,,,,,
2013-12-11,Z300GPL0,ST4000DM000,4000787030016,0,,213455888,,,,,,,,0,,,,,,3580,,,,,,,,,,,,,,,,,,,,,,,,,,,,,,26,,,,,,0,,,,,,,,,,,,,,,,,,,,,,,,,,,,
2013-12-11,W300H9Q1,ST4000DM000,4000787030016,0,,203537960,,,,,,,,0,,,,,,2224,,,,,,,,,,,,,,,,,,,,,,,,,,,,,,26,,,,,,0,,,,,,,,,,,,,,,,,,,,,,,,,,,,
2013-12-11,MJ0351YNGA61EA,Hitachi HDS5C3030ALA630,3000592982016,0,,0,,,,,,,,0,,,,,,9163,,,,,,,,,,,,,,,,,,,,,,,,,,,,,,28,,,,,,0,,,,,,,,,,,,,,,,,,,,,,,,,,,,
2013-12-11,Z300GPL3,ST4000DM000,4000787030016,0,,123646256,,,,,,,,0,,,,,,3584,,,,,,,,,,,,,,,,,,,,,,,,,,,,,,27,,,,,,0,,,,,,,,,,,,,,,,,,,,,,,,,,,,
2013-12-11,MJ1311YNG27KVA,Hitachi HDS5C3030ALA630,3000592982016,0,,0,,,,,,,,0,,,,,,18361,,,,,,,,,,,,,,,,,,,,,,,,,,,,,,25,,,,,,0,,,,,,,,,,,,,,,,,,,,,,,,,,,,
2013-12-11,JK11A1YAJHGENV,Hitachi HDS722020ALA330,2000398934016,0,,0,,,,,,,,0,,,,,,28841,,,,,,,,,,,,,,,,,,,,,,,,,,,,,,28,,,,,,0,,,,,,,,,,,,,,,,,,,,,,,,,,,,
2013-12-11,MJ0351YNG9WL3A,Hitachi HDS5C3030ALA630,3000592982016,0,,0,,,,,,,,0,,,,,,7610,,,,,,,,,,,,,,,,,,,,,,,,,,,,,,24,,,,,,0,,,,,,,,,,,,,,,,,,,,,,,,,,,,
2013-12-11,JK1105B8GGR48X,Hitachi HDS722020ALA330,2000398934016,0,,0,,,,,,,,0,,,,,,27221,,,,,,,,,,,,,,,,,,,,,,,,,,,,,,32,,,,,,0,,,,,,,,,,,,,,,,,,,,,,,,,,,,
2013-12-11,JK11A8B9J8T6MF,Hitachi HDS722020ALA330,2000398934016,0,,0,,,,,,,,0,,,,,,24982,,,,,,,,,,,,,,,,,,,,,,,,,,,,,,29,,,,,,0,,,,,,,,,,,,,,,,,,,,,,,,,,,,
2013-12-11,JK11A8B9J5HSGF,Hitachi HDS722020ALA330,2000398934016,0,,0,,,,,,,,0,,,,,,24970,,,,,,,,,,,,,,,,,,,,,,,,,,,,,,31,,,,,,0,,,,,,,,,,,,,,,,,,,,,,,,,,,,
2013-12-11,MJ1311YNG3AZ4A,Hitachi HDS5C3030ALA630,3000592982016,0,,0,,,,,,,,0,,,,,,18928,,,,,,,,,,,,,,,,,,,,,,,,,,,,,,25,,,,,,0,,,,,,,,,,,,,,,,,,,,,,,,,,,,
2013-12-11,PL1311LAG25Y6A,Hitachi HDS5C4040ALE630,4000787030016,0,,0,,,,,,,,0,,,,,,7415,,,,,,,,,,,,,,,,,,,,,,,,,,,,,,23,,,,,,0,,,,,,,,,,,,,,,,,,,,,,,,,,,,
2013-12-11,Z300GQBA,ST4000DM000,4000787030016,0,,225996424,,,,,,,,0,,,,,,2899,,,,,,,,,,,,,,,,,,,,,,,,,,,,,,27,,,,,,0,,,,,,,,,,,,,,,,,,,,,,,,,,,,
2013-12-11,WD-WCAV5M766222,WDC WD10EADS,1000204886016,0,,0,,,,,,,,0,,,,,,23903,,,,,,,,,,,,,,,,,,,,,,,,,,,,,,23,,,,,,0,,,,,,,,,,,,,,,,,,,,,,,,,,,,
2013-12-11,6XW0SNG0,ST31500541AS,1500301910016,0,,200724161,,,,,,,,146,,,,,,34298,,,,,,,,,,,,,,,,,,,,,,,,,,,,,,24,,,,,,0,,,,,,,,,,,,,,,,,,,,,,,,,,,,
2013-12-11,MJ0351YNG9XY5A,Hitachi HDS5C3030ALA630,3000592982016,0,,0,,,,,,,,0,,,,,,9525,,,,,,,,,,,,,,,,,,,,,,,,,,,,,,31,,,,,,0,,,,,,,,,,,,,,,,,,,,,,,,,,,,
2013-12-11,6XW0V2QN,ST31500541AS,1500301910016,0,,144865750,,,,,,,,0,,,,,,33854,,,,,,,,,,,,,,,,,,,,,,,,,,,,,,18,,,,,,0,,,,,,,,,,,,,,,,,,,,,,,,,,,,
2013-12-11,Z300GQBH,ST4000DM000,4000787030016,0,,132519664,,,,,,,,0,,,,,,3630,,,,,,,,,,,,,,,,,,,,,,,,,,,,,,23,,,,,,0,,,,,,,,,,,,,,,,,,,,,,,,,,,,
2013-12-11,Z300GQBN,ST4000DM000,4000787030016,0,,150047984,,,,,,,,0,,,,,,3584,,,,,,,,,,,,,,,,,,,,,,,,,,,,,,24,,,,,,0,,,,,,,,,,,,,,,,,,,,,,,,,,,,
2013-12-11,W3009EJ4,ST4000DM000,4000787030016,0,,31562512,,,,,,,,0,,,,,,4160,,,,,,,,,,,,,,,,,,,,,,,,,,,,,,25,,,,,,0,,,,,,,,,,,,,,,,,,,,,,,,,,,,
2013-12-11,MJ0351YNG9YWEA,Hitachi HDS5C3030ALA630,3000592982016,0,,0,,,,,,,,1,,,,,,9899,,,,,,,,,,,,,,,,,,,,,,,,,,,,,,29,,,,,,0,,,,,,,,,,,,,,,,,,,,,,,,,,,,
2013-12-11,MJ1321YNG0YPZA,Hitachi HDS5C3030ALA630,3000592982016,0,,0,,,,,,,,0,,,,,,20480,,,,,,,,,,,,,,,,,,,,,,,,,,,,,,27,,,,,,0,,,,,,,,,,,,,,,,,,,,,,,,,,,,
2013-12-11,JK2171B9J0G26L,Hitachi HDS722020ALA330,2000398934016,0,,0,,,,,,,,0,,,,,,26010,,,,,,,,,,,,,,,,,,,,,,,,,,,,,,28,,,,,,0,,,,,,,,,,,,,,,,,,,,,,,,,,,,
2013-12-11,PL1311LAG1YJ9A,Hitachi HDS5C4040ALE630,4000787030016,0,,0,,,,,,,,0,,,,,,6075,,,,,,,,,,,,,,,,,,,,,,,,,,,,,,19,,,,,,0,,,,,,,,,,,,,,,,,,,,,,,,,,,,
2013-12-11,MJ1321YNG0TJBA,Hitachi HDS5C3030ALA630,3000592982016,0,,131072,,,,,,,,466,,,,,,19372,,,,,,,,,,,,,,,,,,,,,,,,,,,,,,24,,,,,,0,,,,,,,,,,,,,,,,,,,,,,,,,,,,
2013-12-11,JK1170YBJXTHBD,Hitachi HDS722020ALA330,2000398934016,0,,2,,,,,,,,0,,,,,,28154,,,,,,,,,,,,,,,,,,,,,,,,,,,,,,26,,,,,,0,,,,,,,,,,,,,,,,,,,,,,,,,,,,
2013-12-11,JK11A8B9J27HTF,Hitachi HDS722020ALA330,2000398934016,0,,0,,,,,,,,0,,,,,,23709,,,,,,,,,,,,,,,,,,,,,,,,,,,,,,31,,,,,,0,,,,,,,,,,,,,,,,,,,,,,,,,,,,
2013-12-11,W300K1CD,ST4000DM000,4000787030016,0,,16227984,,,,,,,,0,,,,,,815,,,,,,,,,,,,,,,,,,,,,,,,,,,,,,21,,,,,,0,,,,,,,,,,,,,,,,,,,,,,,,,,,,
2013-12-11,PL1321LAGAZT6H,Hitachi HDS5C4040ALE630,4000787030016,0,,0,,,,,,,,0,,,,,,5066,,,,,,,,,,,,,,,,,,,,,,,,,,,,,,28,,,,,,0,,,,,,,,,,,,,,,,,,,,,,,,,,,,
2013-12-11,Z300GQB1,ST4000DM000,4000787030016,0,,209629736,,,,,,,,0,,,,,,3582,,,,,,,,,,,,,,,,,,,,,,,,,,,,,,21,,,,,,0,,,,,,,,,,,,,,,,,,,,,,,,,,,,
2013-12-11,Z300GQB6,ST4000DM000,4000787030016,0,,224305176,,,,,,,,0,,,,,,3580,,,,,,,,,,,,,,,,,,,,,,,,,,,,,,23,,,,,,0,,,,,,,,,,,,,,,,,,,,,,,,,,,,
2013-12-11,MJ1323YNG1M3GC,Hitachi HDS5C3030ALA630,3000592982016,0,,0,,,,,,,,0,,,,,,19770,,,,,,,,,,,,,,,,,,,,,,,,,,,,,,24,,,,,,0,,,,,,,,,,,,,,,,,,,,,,,,,,,,
2013-12-11,JK1100YAH6M54T,Hitachi HDS722020ALA330,2000398934016,0,,0,,,,,,,,0,,,,,,28556,,,,,,,,,,,,,,,,,,,,,,,,,,,,,,26,,,,,,0,,,,,,,,,,,,,,,,,,,,,,,,,,,,
2013-12-11,WD-WCC070199644,WDC WD30EZRX,3000592982016,0,,0,,,,,,,,0,,,,,,8611,,,,,,,,,,,,,,,,,,,,,,,,,,,,,,23,,,,,,42,,,,,,,,,,,,,,,,,,,,,,,,,,,,
2013-12-11,MK0331YHGGARPA,Hitachi HDS723030ALA640,3000592982016,0,,0,,,,,,,,0,,,,,,17017,,,,,,,,,,,,,,,,,,,,,,,,,,,,,,27,,,,,,0,,,,,,,,,,,,,,,,,,,,,,,,,,,,
2013-12-11,S1F04KZT,ST3000DM001,3000592982016,0,,29569768,,,,,,,,0,,,,,,13881,,,,,,,,,,,,,,,,,,,,,,,,,,,,,,24,,,,,,0,,,,,,,,,,,,,,,,,,,,,,,,,,,,
2013-12-11,MJ1323YNG1RVEC,Hitachi HDS5C3030ALA630,3000592982016,0,,0,,,,,,,,0,,,,,,19731,,,,,,,,,,,,,,,,,,,,,,,,,,,,,,23,,,,,,0,,,,,,,,,,,,,,,,,,,,,,,,,,,,
2013-12-11,9VS3JGGH,ST31500341AS,1500301910016,0,,207369602,,,,,,,,81,,,,,,32429,,,,,,,,,,,,,,,,,,,,,,,,,,,,,,20,,,,,,0,,,,,,,,,,,,,,,,,,,,,,,,,,,,
2013-12-11,S1F0CVK5,ST3000DM001,3000592982016,0,,232733952,,,,,,,,0,,,,,,12420,,,,,,,,,,,,,,,,,,,,,,,,,,,,,,34,,,,,,0,,,,,,,,,,,,,,,,,,,,,,,,,,,,
2013-12-11,JK11A8B9J38T7F,Hitachi HDS722020ALA330,2000398934016,0,,65537,,,,,,,,0,,,,,,23511,,,,,,,,,,,,,,,,,,,,,,,,,,,,,,28,,,,,,0,,,,,,,,,,,,,,,,,,,,,,,,,,,,
2013-12-11,MJ1313YNG1Y4SC,Hitachi HDS5C3030ALA630,3000592982016,0,,0,,,,,,,,0,,,,,,21796,,,,,,,,,,,,,,,,,,,,,,,,,,,,,,23,,,,,,0,,,,,,,,,,,,,,,,,,,,,,,,,,,,
2013-12-11,W1F09L2S,ST3000DM001,3000592982016,0,,230437752,,,,,,,,0,,,,,,13362,,,,,,,,,,,,,,,,,,,,,,,,,,,,,,22,,,,,,0,,,,,,,,,,,,,,,,,,,,,,,,,,,,
2013-12-11,S1F014EP,ST3000DM001,3000592982016,0,,195453544,,,,,,,,0,,,,,,15246,,,,,,,,,,,,,,,,,,,,,,,,,,,,,,20,,,,,,0,,,,,,,,,,,,,,,,,,,,,,,,,,,,
2013-12-11,JK1100YBJ97K2D,Hitachi HDS722020ALA330,2000398934016,0,,0,,,,,,,,1,,,,,,30254,,,,,,,,,,,,,,,,,,,,,,,,,,,,,,27,,,,,,0,,,,,,,,,,,,,,,,,,,,,,,,,,,,
2013-12-11,JK1171YBKAS85F,Hitachi HDS722020ALA330,2000398934016,0,,0,,,,,,,,0,,,,,,28154,,,,,,,,,,,,,,,,,,,,,,,,,,,,,,27,,,,,,0,,,,,,,,,,,,,,,,,,,,,,,,,,,,
2013-12-11,JK1101B9GNHBHF,Hitachi HDS722020ALA330,2000398934016,0,,0,,,,,,,,0,,,,,,26838,,,,,,,,,,,,,,,,,,,,,,,,,,,,,,30,,,,,,0,,,,,,,,,,,,,,,,,,,,,,,,,,,,
2013-12-11,JK11A8B9J2Z2MF,Hitachi HDS722020ALA330,2000398934016,0,,0,,,,,,,,0,,,,,,23712,,,,,,,,,,,,,,,,,,,,,,,,,,,,,,27,,,,,,0,,,,,,,,,,,,,,,,,,,,,,,,,,,,
2013-12-11,Z300BZD0,ST4000DM000,4000787030016,0,,16893416,,,,,,,,0,,,,,,2857,,,,,,,,,,,,,,,,,,,,,,,,,,,,,,23,,,,,,0,,,,,,,,,,,,,,,,,,,,,,,,,,,,
2013-12-11,Z300CM4L,ST4000DM000,4000787030016,0,,230048504,,,,,,,,0,,,,,,2243,,,,,,,,,,,,,,,,,,,,,,,,,,,,,,20,,,,,,0,,,,,,,,,,,,,,,,,,,,,,,,,,,,
2013-12-11,MJ0351YNG9V06A,Hitachi HDS5C3030ALA630,3000592982016,0,,0,,,,,,,,0,,,,,,9671,,,,,,,,,,,,,,,,,,,,,,,,,,,,,,27,,,,,,0,,,,,,,,,,,,,,,,,,,,,,,,,,,,
2013-12-11,S1F014E6,ST3000DM001,3000592982016,0,,158196416,,,,,,,,0,,,,,,15264,,,,,,,,,,,,,,,,,,,,,,,,,,,,,,24,,,,,,0,,,,,,,,,,,,,,,,,,,,,,,,,,,,
2013-12-11,Z300CM4P,ST4000DM000,4000787030016,0,,184222288,,,,,,,,0,,,,,,2272,,,,,,,,,,,,,,,,,,,,,,,,,,,,,,24,,,,,,0,,,,,,,,,,,,,,,,,,,,,,,,,,,,
2013-12-11,Z1F1206R,ST3000DM001,3000592982016,0,,231289208,,,,,,,,0,,,,,,7563,,,,,,,,,,,,,,,,,,,,,,,,,,,,,,21,,,,,,0,,,,,,,,,,,,,,,,,,,,,,,,,,,,
2013-12-11,W3006LQA,ST4000DM000,4000787030016,0,,77358248,,,,,,,,0,,,,,,2610,,,,,,,,,,,,,,,,,,,,,,,,,,,,,,25,,,,,,0,,,,,,,,,,,,,,,,,,,,,,,,,,,,
2013-12-11,PL1311LAG1RNDA,Hitachi HDS5C4040ALE630,4000787030016,0,,0,,,,,,,,0,,,,,,7457,,,,,,,,,,,,,,,,,,,,,,,,,,,,,,26,,,,,,0,,,,,,,,,,,,,,,,,,,,,,,,,,,,
2013-12-11,MJ0351YNG9YNNA,Hitachi HDS5C3030ALA630,3000592982016,0,,1310778,,,,,,,,135,,,,,,9469,,,,,,,,,,,,,,,,,,,,,,,,,,,,,,26,,,,,,0,,,,,,,,,,,,,,,,,,,,,,,,,,,,
2013-12-11,MJ1311YNG30GDA,Hitachi HDS5C3030ALA630,3000592982016,0,,0,,,,,,,,0,,,,,,18405,,,,,,,,,,,,,,,,,,,,,,,,,,,,,,24,,,,,,0,,,,,,,,,,,,,,,,,,,,,,,,,,,,
2013-12-11,WD-WCAU47265643,WDC WD10EADS,1000204886016,0,,19,,,,,,,,0,,,,,,40864,,,,,,,,,,,,,,,,,,,,,,,,,,,,,,30,,,,,,0,,,,,,,,,,,,,,,,,,,,,,,,,,,,
2013-12-11,PL1331LAG5GY8H,HGST HMS5C4040ALE640,4000787030016,0,,0,,,,,,,,0,,,,,,9402,,,,,,,,,,,,,,,,,,,,,,,,,,,,,,27,,,,,,0,,,,,,,,,,,,,,,,,,,,,,,,,,,,
2013-12-11,MK0311YHGLA2UA,Hitachi HDS723030ALA640,3000592982016,0,,720929,,,,,,,,0,,,,,,21460,,,,,,,,,,,,,,,,,,,,,,,,,,,,,,27,,,,,,0,,,,,,,,,,,,,,,,,,,,,,,,,,,,
2013-12-11,WD-WCC070198112,WDC WD30EZRX,3000592982016,0,,0,,,,,,,,0,,,,,,8609,,,,,,,,,,,,,,,,,,,,,,,,,,,,,,26,,,,,,0,,,,,,,,,,,,,,,,,,,,,,,,,,,,
2013-12-11,MJ0351YNGAA0RA,Hitachi HDS5C3030ALA630,3000592982016,0,,0,,,,,,,,0,,,,,,8212,,,,,,,,,,,,,,,,,,,,,,,,,,,,,,35,,,,,,0,,,,,,,,,,,,,,,,,,,,,,,,,,,,
2013-12-11,6XW02X9N,ST31500541AS,1500301910016,0,,66651441,,,,,,,,0,,,,,,36961,,,,,,,,,,,,,,,,,,,,,,,,,,,,,,20,,,,,,0,,,,,,,,,,,,,,,,,,,,,,,,,,,,
2013-12-11,W300J6Q7,ST4000DM000,4000787030016,0,,108886280,,,,,,,,0,,,,,,1703,,,,,,,,,,,,,,,,,,,,,,,,,,,,,,24,,,,,,0,,,,,,,,,,,,,,,,,,,,,,,,,,,,
2013-12-11,PL1311LAG2E0UH,Hitachi HDS5C4040ALE630,4000787030016,0,,0,,,,,,,,0,,,,,,5186,,,,,,,,,,,,,,,,,,,,,,,,,,,,,,25,,,,,,0,,,,,,,,,,,,,,,,,,,,,,,,,,,,
2013-12-11,MJ0351YNG9ZRZA,Hitachi HDS5C3030ALA630,3000592982016,0,,0,,,,,,,,0,,,,,,8871,,,,,,,,,,,,,,,,,,,,,,,,,,,,,,29,,,,,,0,,,,,,,,,,,,,,,,,,,,,,,,,,,,
2013-12-11,MJ1311YNG37ZSA,Hitachi HDS5C3030ALA630,3000592982016,0,,0,,,,,,,,0,,,,,,18405,,,,,,,,,,,,,,,,,,,,,,,,,,,,,,24,,,,,,0,,,,,,,,,,,,,,,,,,,,,,,,,,,,
2013-12-11,MK0311YHGKK4LA,Hitachi HDS723030ALA640,3000592982016,0,,0,,,,,,,,0,,,,,,14732,,,,,,,,,,,,,,,,,,,,,,,,,,,,,,24,,,,,,0,,,,,,,,,,,,,,,,,,,,,,,,,,,,
2013-12-11,MJ1313YNG1VPRC,Hitachi HDS5C3030ALA630,3000592982016,0,,0,,,,,,,,0,,,,,,21796,,,,,,,,,,,,,,,,,,,,,,,,,,,,,,25,,,,,,0,,,,,,,,,,,,,,,,,,,,,,,,,,,,
2013-12-11,Z1Z03EXL,ST4000DX000,4000787030016,0,,127004433,,,,,,,,0,,,,,,7132,,,,,,,,,,,,,,,,,,,,,,,,,,,,,,34,,,,,,0,,,,,,,,,,,,,,,,,,,,,,,,,,,,
2013-12-11,W300BZHM,ST4000DM000,4000787030016,0,,81496136,,,,,,,,0,,,,,,2222,,,,,,,,,,,,,,,,,,,,,,,,,,,,,,24,,,,,,0,,,,,,,,,,,,,,,,,,,,,,,,,,,,
2013-12-11,JK1104B8GDTDYW,Hitachi HDS722020ALA330,2000398934016,0,,0,,,,,,,,0,,,,,,26837,,,,,,,,,,,,,,,,,,,,,,,,,,,,,,26,,,,,,0,,,,,,,,,,,,,,,,,,,,,,,,,,,,
2013-12-11,W300B53J,ST4000DM000,4000787030016,0,,156317896,,,,,,,,0,,,,,,4042,,,,,,,,,,,,,,,,,,,,,,,,,,,,,,23,,,,,,0,,,,,,,,,,,,,,,,,,,,,,,,,,,,
2013-12-11,MJ0351YNGA8R0A,Hitachi HDS5C3030ALA630,3000592982016,0,,0,,,,,,,,0,,,,,,8210,,,,,,,,,,,,,,,,,,,,,,,,,,,,,,35,,,,,,0,,,,,,,,,,,,,,,,,,,,,,,,,,,,
2013-12-11,JK11A8B9GNGK3F,Hitachi HDS722020ALA330,2000398934016,0,,0,,,,,,,,0,,,,,,26493,,,,,,,,,,,,,,,,,,,,,,,,,,,,,,23,,,,,,0,,,,,,,,,,,,,,,,,,,,,,,,,,,,
2013-12-11,9VS2540Y,ST31500341AS,1500301910016,0,,130080367,,,,,,,,0,,,,,,33983,,,,,,,,,,,,,,,,,,,,,,,,,,,,,,30,,,,,,0,,,,,,,,,,,,,,,,,,,,,,,,,,,,
2013-12-11,MJ0351YNGA0D9A,Hitachi HDS5C3030ALA630,3000592982016,0,,0,,,,,,,,0,,,,,,9312,,,,,,,,,,,,,,,,,,,,,,,,,,,,,,29,,,,,,0,,,,,,,,,,,,,,,,,,,,,,,,,,,,
2013-12-11,S1F0QYMX,ST3000DM001,3000592982016,0,,23664840,,,,,,,,0,,,,,,11690,,,,,,,,,,,,,,,,,,,,,,,,,,,,,,24,,,,,,0,,,,,,,,,,,,,,,,,,,,,,,,,,,,
2013-12-11,MJ1311YNG7K4VA,Hitachi HDS5C3030ALA630,3000592982016,0,,0,,,,,,,,0,,,,,,14682,,,,,,,,,,,,,,,,,,,,,,,,,,,,,,16,,,,,,0,,,,,,,,,,,,,,,,,,,,,,,,,,,,
2013-12-11,PL1321LAG3002H,Hitachi HDS5C4040ALE630,4000787030016,0,,0,,,,,,,,1,,,,,,5668,,,,,,,,,,,,,,,,,,,,,,,,,,,,,,19,,,,,,0,,,,,,,,,,,,,,,,,,,,,,,,,,,,
2013-12-11,Z1F02NBQ,ST3000DM001,3000592982016,0,,185643160,,,,,,,,0,,,,,,11195,,,,,,,,,,,,,,,,,,,,,,,,,,,,,,23,,,,,,0,,,,,,,,,,,,,,,,,,,,,,,,,,,,
2013-12-11,S1F04HVD,ST3000DM001,3000592982016,0,,170299944,,,,,,,,0,,,,,,13869,,,,,,,,,,,,,,,,,,,,,,,,,,,,,,21,,,,,,0,,,,,,,,,,,,,,,,,,,,,,,,,,,,
2013-12-11,Z300P8FR,ST4000DM000,4000787030016,0,,88287576,,,,,,,,0,,,,,,1234,,,,,,,,,,,,,,,,,,,,,,,,,,,,,,20,,,,,,0,,,,,,,,,,,,,,,,,,,,,,,,,,,,
2013-12-11,W1F0X44B,ST3000DM001,3000592982016,0,,132335600,,,,,,,,0,,,,,,11639,,,,,,,,,,,,,,,,,,,,,,,,,,,,,,24,,,,,,0,,,,,,,,,,,,,,,,,,,,,,,,,,,,
2013-12-11,Z300P8FW,ST4000DM000,4000787030016,0,,38490304,,,,,,,,0,,,,,,1114,,,,,,,,,,,,,,,,,,,,,,,,,,,,,,28,,,,,,0,,,,,,,,,,,,,,,,,,,,,,,,,,,,
2013-12-11,MJ1323YNG1M11C,Hitachi HDS5C3030ALA630,3000592982016,0,,0,,,,,,,,0,,,,,,19633,,,,,,,,,,,,,,,,,,,,,,,,,,,,,,23,,,,,,0,,,,,,,,,,,,,,,,,,,,,,,,,,,,
2013-12-11,MJ0351YNG9V2SA,Hitachi HDS5C3030ALA630,3000592982016,0,,0,,,,,,,,0,,,,,,9719,,,,,,,,,,,,,,,,,,,,,,,,,,,,,,31,,,,,,0,,,,,,,,,,,,,,,,,,,,,,,,,,,,
2013-12-11,W300BHJL,ST4000DM000,4000787030016,0,,136542928,,,,,,,,0,,,,,,4189,,,,,,,,,,,,,,,,,,,,,,,,,,,,,,23,,,,,,0,,,,,,,,,,,,,,,,,,,,,,,,,,,,
2013-12-11,PL1311LAG3DRBH,Hitachi HDS5C4040ALE630,4000787030016,0,,0,,,,,,,,0,,,,,,5959,,,,,,,,,,,,,,,,,,,,,,,,,,,,,,20,,,,,,0,,,,,,,,,,,,,,,,,,,,,,,,,,,,
2013-12-11,WD-WCAWZ1287795,WDC WD30EZRX,3000592982016,0,,0,,,,,,,,0,,,,,,17615,,,,,,,,,,,,,,,,,,,,,,,,,,,,,,24,,,,,,1,,,,,,,,,,,,,,,,,,,,,,,,,,,,
2013-12-11,MJ0351YNG9VGUA,Hitachi HDS5C3030ALA630,3000592982016,0,,0,,,,,,,,0,,,,,,9271,,,,,,,,,,,,,,,,,,,,,,,,,,,,,,28,,,,,,0,,,,,,,,,,,,,,,,,,,,,,,,,,,,
2013-12-11,JK1101B9GAUZBF,Hitachi HDS722020ALA330,2000398934016,0,,0,,,,,,,,0,,,,,,26764,,,,,,,,,,,,,,,,,,,,,,,,,,,,,,25,,,,,,0,,,,,,,,,,,,,,,,,,,,,,,,,,,,
2013-12-11,MJ1311YNG354LA,Hitachi HDS5C3030ALA630,3000592982016,0,,0,,,,,,,,0,,,,,,18202,,,,,,,,,,,,,,,,,,,,,,,,,,,,,,28,,,,,,0,,,,,,,,,,,,,,,,,,,,,,,,,,,,
2013-12-11,6XW0ZWKB,ST31500541AS,1500301910016,0,,100548577,,,,,,,,0,,,,,,30195,,,,,,,,,,,,,,,,,,,,,,,,,,,,,,20,,,,,,0,,,,,,,,,,,,,,,,,,,,,,,,,,,,
2013-12-11,W300BHJX,ST4000DM000,4000787030016,0,,39880336,,,,,,,,0,,,,,,4189,,,,,,,,,,,,,,,,,,,,,,,,,,,,,,25,,,,,,0,,,,,,,,,,,,,,,,,,,,,,,,,,,,
2013-12-11,9XW01YGD,ST31500541AS,1500301910016,0,,94939934,,,,,,,,0,,,,,,28611,,,,,,,,,,,,,,,,,,,,,,,,,,,,,,22,,,,,,0,,,,,,,,,,,,,,,,,,,,,,,,,,,,
2013-12-11,MK0311YHG3WVAA,Hitachi HDS723030ALA640,3000592982016,0,,0,,,,,,,,0,,,,,,21792,,,,,,,,,,,,,,,,,,,,,,,,,,,,,,25,,,,,,0,,,,,,,,,,,,,,,,,,,,,,,,,,,,
2013-12-11,Z3001G79,ST4000DM000,4000787030016,0,,223642568,,,,,,,,0,,,,,,5417,,,,,,,,,,,,,,,,,,,,,,,,,,,,,,24,,,,,,0,,,,,,,,,,,,,,,,,,,,,,,,,,,,
2013-12-11,MJ1321YNG0R3ZA,Hitachi HDS5C3030ALA630,3000592982016,0,,0,,,,,,,,0,,,,,,20480,,,,,,,,,,,,,,,,,,,,,,,,,,,,,,28,,,,,,0,,,,,,,,,,,,,,,,,,,,,,,,,,,,
2013-12-11,MJ1323YNG1UBDC,Hitachi HDS5C3030ALA630,3000592982016,0,,0,,,,,,,,0,,,,,,19770,,,,,,,,,,,,,,,,,,,,,,,,,,,,,,25,,,,,,0,,,,,,,,,,,,,,,,,,,,,,,,,,,,
2013-12-11,Z290RZ5Z,ST33000651AS,3000592982016,0,,177144109,,,,,,,,0,,,,,,18073,,,,,,,,,,,,,,,,,,,,,,,,,,,,,,28,,,,,,0,,,,,,,,,,,,,,,,,,,,,,,,,,,,
2013-12-11,JK11A8B9J2V2UF,Hitachi HDS722020ALA330,2000398934016,0,,0,,,,,,,,0,,,,,,23543,,,,,,,,,,,,,,,,,,,,,,,,,,,,,,40,,,,,,0,,,,,,,,,,,,,,,,,,,,,,,,,,,,
2013-12-11,PL1311LAG3GHMH,Hitachi HDS5C4040ALE630,4000787030016,0,,0,,,,,,,,0,,,,,,5670,,,,,,,,,,,,,,,,,,,,,,,,,,,,,,17,,,,,,0,,,,,,,,,,,,,,,,,,,,,,,,,,,,
2013-12-11,WD-WCAU45409776,WDC WD10EADS,1000204886016,0,,5,,,,,,,,0,,,,,,40226,,,,,,,,,,,,,,,,,,,,,,,,,,,,,,22,,,,,,0,,,,,,,,,,,,,,,,,,,,,,,,,,,,
2013-12-11,JK1105B8GDMMLX,Hitachi HDS722020ALA330,2000398934016,0,,0,,,,,,,,1,,,,,,26859,,,,,,,,,,,,,,,,,,,,,,,,,,,,,,34,,,,,,0,,,,,,,,,,,,,,,,,,,,,,,,,,,,
2013-12-11,PL1311LAG34BMH,Hitachi HDS5C4040ALE630,4000787030016,0,,0,,,,,,,,0,,,,,,6993,,,,,,,,,,,,,,,,,,,,,,,,,,,,,,23,,,,,,0,,,,,,,,,,,,,,,,,,,,,,,,,,,,
2013-12-11,W1F09TEF,ST3000DM001,3000592982016,0,,232299752,,,,,,,,0,,,,,,15222,,,,,,,,,,,,,,,,,,,,,,,,,,,,,,20,,,,,,0,,,,,,,,,,,,,,,,,,,,,,,,,,,,
2013-12-11,JK11A8B9J71MKF,Hitachi HDS722020ALA330,2000398934016,0,,65536,,,,,,,,0,,,,,,24666,,,,,,,,,,,,,,,,,,,,,,,,,,,,,,28,,,,,,0,,,,,,,,,,,,,,,,,,,,,,,,,,,,
2013-12-11,W300D5ES,ST4000DM000,4000787030016,0,,63417824,,,,,,,,0,,,,,,3238,,,,,,,,,,,,,,,,,,,,,,,,,,,,,,18,,,,,,0,,,,,,,,,,,,,,,,,,,,,,,,,,,,
2013-12-11,5XW00S80,ST31500541AS,1500301910016,0,,182191834,,,,,,,,93,,,,,,34759,,,,,,,,,,,,,,,,,,,,,,,,,,,,,,18,,,,,,0,,,,,,,,,,,,,,,,,,,,,,,,,,,,
2013-12-11,S1F0RWS5,ST3000DM001,3000592982016,0,,175982056,,,,,,,,0,,,,,,10771,,,,,,,,,,,,,,,,,,,,,,,,,,,,,,26,,,,,,0,,,,,,,,,,,,,,,,,,,,,,,,,,,,
2013-12-11,Z300XE8V,ST4000DM000,4000787030016,0,,49165968,,,,,,,,0,,,,,,948,,,,,,,,,,,,,,,,,,,,,,,,,,,,,,21,,,,,,0,,,,,,,,,,,,,,,,,,,,,,,,,,,,
2013-12-11,WD-WCAWZ0856003,WDC WD30EZRX,3000592982016,0,,0,,,,,,,,0,,,,,,8112,,,,,,,,,,,,,,,,,,,,,,,,,,,,,,25,,,,,,0,,,,,,,,,,,,,,,,,,,,,,,,,,,,
2013-12-11,WD-WCAU45402788,WDC WD10EADS,1000204886016,0,,9,,,,,,,,0,,,,,,41393,,,,,,,,,,,,,,,,,,,,,,,,,,,,,,23,,,,,,0,,,,,,,,,,,,,,,,,,,,,,,,,,,,
2013-12-11,JK11A8B9HU0XWF,Hitachi HDS722020ALA330,2000398934016,0,,0,,,,,,,,0,,,,,,22213,,,,,,,,,,,,,,,,,,,,,,,,,,,,,,31,,,,,,0,,,,,,,,,,,,,,,,,,,,,,,,,,,,
2013-12-11,JK1171YBK1MEXF,Hitachi HDS722020ALA330,2000398934016,0,,0,,,,,,,,0,,,,,,29668,,,,,,,,,,,,,,,,,,,,,,,,,,,,,,26,,,,,,0,,,,,,,,,,,,,,,,,,,,,,,,,,,,
2013-12-11,JK11A8B9J3V91F,Hitachi HDS722020ALA330,2000398934016,0,,0,,,,,,,,0,,,,,,23709,,,,,,,,,,,,,,,,,,,,,,,,,,,,,,28,,,,,,0,,,,,,,,,,,,,,,,,,,,,,,,,,,,
2013-12-11,Z290PW53,ST33000651AS,3000592982016,0,,198632667,,,,,,,,0,,,,,,17738,,,,,,,,,,,,,,,,,,,,,,,,,,,,,,27,,,,,,0,,,,,,,,,,,,,,,,,,,,,,,,,,,,
2013-12-11,Z2908MFP,ST33000651AS,3000592982016,0,,55662907,,,,,,,,0,,,,,,17050,,,,,,,,,,,,,,,,,,,,,,,,,,,,,,26,,,,,,0,,,,,,,,,,,,,,,,,,,,,,,,,,,,
2013-12-11,Z300K8FE,ST4000DM000,4000787030016,0,,44741664,,,,,,,,0,,,,,,2245,,,,,,,,,,,,,,,,,,,,,,,,,,,,,,21,,,,,,0,,,,,,,,,,,,,,,,,,,,,,,,,,,,
2013-12-11,PL1311LAG28YAH,Hitachi HDS5C4040ALE630,4000787030016,0,,0,,,,,,,,0,,,,,,7414,,,,,,,,,,,,,,,,,,,,,,,,,,,,,,22,,,,,,0,,,,,,,,,,,,,,,,,,,,,,,,,,,,
2013-12-11,MJ0351YNG9UHUA,Hitachi HDS5C3030ALA630,3000592982016,0,,0,,,,,,,,0,,,,,,9721,,,,,,,,,,,,,,,,,,,,,,,,,,,,,,30,,,,,,0,,,,,,,,,,,,,,,,,,,,,,,,,,,,
2013-12-11,W1F02X7F,ST3000DM001,3000592982016,0,,145864384,,,,,,,,35912,,,,,,17109,,,,,,,,,,,,,,,,,,,,,,,,,,,,,,26,,,,,,0,,,,,,,,,,,,,,,,,,,,,,,,,,,,
2013-12-11,Z300K8FJ,ST4000DM000,4000787030016,0,,115498288,,,,,,,,0,,,,,,2216,,,,,,,,,,,,,,,,,,,,,,,,,,,,,,22,,,,,,0,,,,,,,,,,,,,,,,,,,,,,,,,,,,
2013-12-11,JK1175YAK92JKX,Hitachi HDS722020ALA330,2000398934016,0,,65536,,,,,,,,2,,,,,,29653,,,,,,,,,,,,,,,,,,,,,,,,,,,,,,28,,,,,,0,,,,,,,,,,,,,,,,,,,,,,,,,,,,
2013-12-11,PL1321LAG34R8H,Hitachi HDS5C4040ALE630,4000787030016,0,,0,,,,,,,,0,,,,,,5139,,,,,,,,,,,,,,,,,,,,,,,,,,,,,,28,,,,,,0,,,,,,,,,,,,,,,,,,,,,,,,,,,,
2013-12-11,S1F0ACYV,ST3000DM001,3000592982016,0,,56175432,,,,,,,,0,,,,,,12839,,,,,,,,,,,,,,,,,,,,,,,,,,,,,,27,,,,,,0,,,,,,,,,,,,,,,,,,,,,,,,,,,,
2013-12-11,6XW1NWQL,ST32000542AS,2000398934016,0,,339353,,,,,,,,0,,,,,,26330,,,,,,,,,,,,,,,,,,,,,,,,,,,,,,17,,,,,,0,,,,,,,,,,,,,,,,,,,,,,,,,,,,
2013-12-11,MJ1311YNG385DA,Hitachi HDS5C3030ALA630,3000592982016,0,,0,,,,,,,,0,,,,,,19372,,,,,,,,,,,,,,,,,,,,,,,,,,,,,,25,,,,,,0,,,,,,,,,,,,,,,,,,,,,,,,,,,,
2013-12-11,W1F08F4Q,ST3000DM001,3000592982016,0,,205758536,,,,,,,,0,,,,,,13346,,,,,,,,,,,,,,,,,,,,,,,,,,,,,,25,,,,,,0,,,,,,,,,,,,,,,,,,,,,,,,,,,,
2013-12-11,S1F0CW4V,ST3000DM001,3000592982016,0,,68571816,,,,,,,,128,,,,,,12365,,,,,,,,,,,,,,,,,,,,,,,,,,,,,,25,,,,,,16,,,,,,,,,,,,,,,,,,,,,,,,,,,,
2013-12-11,PL1311LAG3BU8H,Hitachi HDS5C4040ALE630,4000787030016,0,,0,,,,,,,,0,,,,,,5670,,,,,,,,,,,,,,,,,,,,,,,,,,,,,,19,,,,,,0,,,,,,,,,,,,,,,,,,,,,,,,,,,,
2013-12-11,Z300K8F7,ST4000DM000,4000787030016,0,,183671656,,,,,,,,0,,,,,,1871,,,,,,,,,,,,,,,,,,,,,,,,,,,,,,25,,,,,,0,,,,,,,,,,,,,,,,,,,,,,,,,,,,
2013-12-11,Z1F0LSDP,ST3000DM001,3000592982016,0,,198767664,,,,,,,,0,,,,,,12179,,,,,,,,,,,,,,,,,,,,,,,,,,,,,,34,,,,,,0,,,,,,,,,,,,,,,,,,,,,,,,,,,,
2013-12-11,Z300KCFM,ST4000DM000,4000787030016,0,,17172216,,,,,,,,0,,,,,,2241,,,,,,,,,,,,,,,,,,,,,,,,,,,,,,18,,,,,,0,,,,,,,,,,,,,,,,,,,,,,,,,,,,
2013-12-11,MJ0351YNG9URJA,Hitachi HDS5C3030ALA630,3000592982016,0,,0,,,,,,,,0,,,,,,8830,,,,,,,,,,,,,,,,,,,,,,,,,,,,,,31,,,,,,0,,,,,,,,,,,,,,,,,,,,,,,,,,,,
2013-12-11,JK1104B8JEM9BW,Hitachi HDS722020ALA330,2000398934016,0,,0,,,,,,,,1,,,,,,23577,,,,,,,,,,,,,,,,,,,,,,,,,,,,,,23,,,,,,0,,,,,,,,,,,,,,,,,,,,,,,,,,,,
2013-12-11,MJ0351YNG9ZH9A,Hitachi HDS5C3030ALA630,3000592982016,0,,0,,,,,,,,0,,,,,,9974,,,,,,,,,,,,,,,,,,,,,,,,,,,,,,26,,,,,,0,,,,,,,,,,,,,,,,,,,,,,,,,,,,
2013-12-11,9VS3HYQL,ST31500341AS,1500301910016,0,,181452094,,,,,,,,17,,,,,,32875,,,,,,,,,,,,,,,,,,,,,,,,,,,,,,22,,,,,,0,,,,,,,,,,,,,,,,,,,,,,,,,,,,
2013-12-11,Z290QV0X,ST33000651AS,3000592982016,0,,136080656,,,,,,,,0,,,,,,17740,,,,,,,,,,,,,,,,,,,,,,,,,,,,,,23,,,,,,0,,,,,,,,,,,,,,,,,,,,,,,,,,,,
2013-12-11,6XW04X0K,ST31500541AS,1500301910016,0,,45319435,,,,,,,,0,,,,,,37287,,,,,,,,,,,,,,,,,,,,,,,,,,,,,,23,,,,,,0,,,,,,,,,,,,,,,,,,,,,,,,,,,,
2013-12-11,JK1101B9JP6UUU,Hitachi HDS722020ALA330,2000398934016,0,,0,,,,,,,,0,,,,,,24462,,,,,,,,,,,,,,,,,,,,,,,,,,,,,,25,,,,,,0,,,,,,,,,,,,,,,,,,,,,,,,,,,,
2013-12-11,9VS2BC7B,ST31500341AS,1500301910016,0,,198360262,,,,,,,,7,,,,,,35518,,,,,,,,,,,,,,,,,,,,,,,,,,,,,,31,,,,,,0,,,,,,,,,,,,,,,,,,,,,,,,,,,,
2013-12-11,PL1321LAGA319H,Hitachi HDS5C4040ALE630,4000787030016,0,,0,,,,,,,,0,,,,,,5358,,,,,,,,,,,,,,,,,,,,,,,,,,,,,,24,,,,,,0,,,,,,,,,,,,,,,,,,,,,,,,,,,,
2013-12-11,WD-WMAWZ0317524,WDC WD30EZRX,3000592982016,0,,0,,,,,,,,0,,,,,,12701,,,,,,,,,,,,,,,,,,,,,,,,,,,,,,23,,,,,,0,,,,,,,,,,,,,,,,,,,,,,,,,,,,
2013-12-11,MJ1311YNG3G17A,Hitachi HDS5C3030ALA630,3000592982016,0,,0,,,,,,,,0,,,,,,18949,,,,,,,,,,,,,,,,,,,,,,,,,,,,,,23,,,,,,0,,,,,,,,,,,,,,,,,,,,,,,,,,,,
2013-12-11,MJ0351YNGA0VDA,Hitachi HDS5C3030ALA630,3000592982016,0,,0,,,,,,,,0,,,,,,9899,,,,,,,,,,,,,,,,,,,,,,,,,,,,,,32,,,,,,0,,,,,,,,,,,,,,,,,,,,,,,,,,,,
2013-12-11,S1F0SBHA,ST3000DM001,3000592982016,0,,24975984,,,,,,,,0,,,,,,11688,,,,,,,,,,,,,,,,,,,,,,,,,,,,,,27,,,,,,0,,,,,,,,,,,,,,,,,,,,,,,,,,,,
2013-12-11,MJ0351YNGA6NXA,Hitachi HDS5C3030ALA630,3000592982016,0,,0,,,,,,,,0,,,,,,8657,,,,,,,,,,,,,,,,,,,,,,,,,,,,,,30,,,,,,0,,,,,,,,,,,,,,,,,,,,,,,,,,,,
2013-12-11,PL1311LAG3A3PH,Hitachi HDS5C4040ALE630,4000787030016,0,,0,,,,,,,,0,,,,,,5932,,,,,,,,,,,,,,,,,,,,,,,,,,,,,,26,,,,,,0,,,,,,,,,,,,,,,,,,,,,,,,,,,,
2013-12-11,Z1F0LLQ9,ST3000DM001,3000592982016,0,,153887648,,,,,,,,0,,,,,,12248,,,,,,,,,,,,,,,,,,,,,,,,,,,,,,26,,,,,,0,,,,,,,,,,,,,,,,,,,,,,,,,,,,
2013-12-11,JK11A8B9J3KYJF,Hitachi HDS722020ALA330,2000398934016,0,,0,,,,,,,,0,,,,,,23711,,,,,,,,,,,,,,,,,,,,,,,,,,,,,,32,,,,,,0,,,,,,,,,,,,,,,,,,,,,,,,,,,,
2013-12-11,Z290X81A,ST33000651AS,3000592982016,0,,211533565,,,,,,,,0,,,,,,18074,,,,,,,,,,,,,,,,,,,,,,,,,,,,,,30,,,,,,0,,,,,,,,,,,,,,,,,,,,,,,,,,,,
2013-12-11,6XW0ZKCJ,ST31500541AS,1500301910016,0,,58381299,,,,,,,,0,,,,,,23761,,,,,,,,,,,,,,,,,,,,,,,,,,,,,,19,,,,,,0,,,,,,,,,,,,,,,,,,,,,,,,,,,,
2013-12-11,S1F02XGX,ST3000DM001,3000592982016,0,,120932112,,,,,,,,4360,,,,,,15191,,,,,,,,,,,,,,,,,,,,,,,,,,,,,,18,,,,,,0,,,,,,,,,,,,,,,,,,,,,,,,,,,,
2013-12-11,W3005WD9,ST4000DM000,4000787030016,0,,219913152,,,,,,,,0,,,,,,2680,,,,,,,,,,,,,,,,,,,,,,,,,,,,,,26,,,,,,0,,,,,,,,,,,,,,,,,,,,,,,,,,,,
2013-12-11,W1F08MC3,ST3000DM001,3000592982016,0,,78806616,,,,,,,,0,,,,,,13912,,,,,,,,,,,,,,,,,,,,,,,,,,,,,,23,,,,,,0,,,,,,,,,,,,,,,,,,,,,,,,,,,,
2013-12-11,S1F02XGN,ST3000DM001,3000592982016,0,,75664616,,,,,,,,0,,,,,,15246,,,,,,,,,,,,,,,,,,,,,,,,,,,,,,23,,,,,,0,,,,,,,,,,,,,,,,,,,,,,,,,,,,
2013-12-11,S1F00JVK,ST3000DM001,3000592982016,0,,231632808,,,,,,,,0,,,,,,15402,,,,,,,,,,,,,,,,,,,,,,,,,,,,,,20,,,,,,0,,,,,,,,,,,,,,,,,,,,,,,,,,,,
2013-12-11,6XW00FGV,ST31500541AS,1500301910016,0,,225322798,,,,,,,,0,,,,,,34172,,,,,,,,,,,,,,,,,,,,,,,,,,,,,,21,,,,,,0,,,,,,,,,,,,,,,,,,,,,,,,,,,,
2013-12-11,WD-WMC4N0961322,WDC WD30EFRX,3000592982016,0,,0,,,,,,,,0,,,,,,325,,,,,,,,,,,,,,,,,,,,,,,,,,,,,,18,,,,,,0,,,,,,,,,,,,,,,,,,,,,,,,,,,,
2013-12-11,6XW0BX95,ST32000542AS,2000398934016,0,,372407,,,,,,,,0,,,,,,17228,,,,,,,,,,,,,,,,,,,,,,,,,,,,,,23,,,,,,0,,,,,,,,,,,,,,,,,,,,,,,,,,,,
2013-12-11,JK1105B8GGAUSX,Hitachi HDS722020ALA330,2000398934016,0,,3,,,,,,,,0,,,,,,26766,,,,,,,,,,,,,,,,,,,,,,,,,,,,,,27,,,,,,0,,,,,,,,,,,,,,,,,,,,,,,,,,,,
2013-12-11,Z300KCL4,ST4000DM000,4000787030016,0,,163208000,,,,,,,,0,,,,,,2241,,,,,,,,,,,,,,,,,,,,,,,,,,,,,,19,,,,,,0,,,,,,,,,,,,,,,,,,,,,,,,,,,,
2013-12-11,S1F0GRB1,ST3000DM001,3000592982016,0,,169402256,,,,,,,,0,,,,,,11723,,,,,,,,,,,,,,,,,,,,,,,,,,,,,,23,,,,,,0,,,,,,,,,,,,,,,,,,,,,,,,,,,,
2013-12-11,PL1321LAG326TH,Hitachi HDS5C4040ALE630,4000787030016,0,,0,,,,,,,,0,,,,,,6570,,,,,,,,,,,,,,,,,,,,,,,,,,,,,,30,,,,,,0,,,,,,,,,,,,,,,,,,,,,,,,,,,,
2013-12-11,W1F0A0XW,ST3000DM001,3000592982016,0,,29127416,,,,,,,,0,,,,,,15217,,,,,,,,,,,,,,,,,,,,,,,,,,,,,,25,,,,,,0,,,,,,,,,,,,,,,,,,,,,,,,,,,,
2013-12-11,MJ0351YNG9YY4A,Hitachi HDS5C3030ALA630,3000592982016,0,,0,,,,,,,,0,,,,,,9672,,,,,,,,,,,,,,,,,,,,,,,,,,,,,,28,,,,,,0,,,,,,,,,,,,,,,,,,,,,,,,,,,,
2013-12-11,S1F0R3F0,ST3000DM001,3000592982016,0,,29089144,,,,,,,,0,,,,,,11026,,,,,,,,,,,,,,,,,,,,,,,,,,,,,,28,,,,,,0,,,,,,,,,,,,,,,,,,,,,,,,,,,,
2013-12-11,PL1311LAG168XA,Hitachi HDS5C4040ALE630,4000787030016,0,,0,,,,,,,,0,,,,,,6653,,,,,,,,,,,,,,,,,,,,,,,,,,,,,,28,,,,,,0,,,,,,,,,,,,,,,,,,,,,,,,,,,,
2013-12-11,JK11A1YAJHGH6V,Hitachi HDS722020ALA330,2000398934016,0,,131073,,,,,,,,0,,,,,,28971,,,,,,,,,,,,,,,,,,,,,,,,,,,,,,30,,,,,,0,,,,,,,,,,,,,,,,,,,,,,,,,,,,
2013-12-11,6XW03BGN,ST31500541AS,1500301910016,0,,51010776,,,,,,,,0,,,,,,36954,,,,,,,,,,,,,,,,,,,,,,,,,,,,,,23,,,,,,0,,,,,,,,,,,,,,,,,,,,,,,,,,,,
2013-12-11,PL1311LAG3DAYH,Hitachi HDS5C4040ALE630,4000787030016,0,,0,,,,,,,,0,,,,,,6655,,,,,,,,,,,,,,,,,,,,,,,,,,,,,,23,,,,,,0,,,,,,,,,,,,,,,,,,,,,,,,,,,,
2013-12-11,JK11A8B9J7HR0F,Hitachi HDS722020ALA330,2000398934016,0,,1,,,,,,,,0,,,,,,25580,,,,,,,,,,,,,,,,,,,,,,,,,,,,,,23,,,,,,0,,,,,,,,,,,,,,,,,,,,,,,,,,,,
2013-12-11,MJ1323YNG194ZC,Hitachi HDS5C3030ALA630,3000592982016,0,,0,,,,,,,,0,,,,,,20503,,,,,,,,,,,,,,,,,,,,,,,,,,,,,,27,,,,,,0,,,,,,,,,,,,,,,,,,,,,,,,,,,,
2013-12-11,MJ1323YNG19AUC,Hitachi HDS5C3030ALA630,3000592982016,0,,0,,,,,,,,0,,,,,,20733,,,,,,,,,,,,,,,,,,,,,,,,,,,,,,26,,,,,,0,,,,,,,,,,,,,,,,,,,,,,,,,,,,
2013-12-11,MJ0351YNGA0BNA,Hitachi HDS5C3030ALA630,3000592982016,0,,0,,,,,,,,0,,,,,,9315,,,,,,,,,,,,,,,,,,,,,,,,,,,,,,31,,,,,,0,,,,,,,,,,,,,,,,,,,,,,,,,,,,
2013-12-11,MJ1311YNG3G4NA,Hitachi HDS5C3030ALA630,3000592982016,0,,0,,,,,,,,0,,,,,,20732,,,,,,,,,,,,,,,,,,,,,,,,,,,,,,27,,,,,,0,,,,,,,,,,,,,,,,,,,,,,,,,,,,
2013-12-11,MJ1311YNG0DL6A,Hitachi HDS5C3030ALA630,3000592982016,0,,0,,,,,,,,0,,,,,,19310,,,,,,,,,,,,,,,,,,,,,,,,,,,,,,29,,,,,,0,,,,,,,,,,,,,,,,,,,,,,,,,,,,
2013-12-11,MK0331YHGLXVYA,Hitachi HDS723030ALA640,3000592982016,0,,0,,,,,,,,0,,,,,,17355,,,,,,,,,,,,,,,,,,,,,,,,,,,,,,26,,,,,,0,,,,,,,,,,,,,,,,,,,,,,,,,,,,
2013-12-11,MJ0351YNG9XY6A,Hitachi HDS5C3030ALA630,3000592982016,0,,0,,,,,,,,0,,,,,,9475,,,,,,,,,,,,,,,,,,,,,,,,,,,,,,26,,,,,,0,,,,,,,,,,,,,,,,,,,,,,,,,,,,
2013-12-11,6XW06PDW,ST31500541AS,1500301910016,0,,174359092,,,,,,,,0,,,,,,28919,,,,,,,,,,,,,,,,,,,,,,,,,,,,,,22,,,,,,0,,,,,,,,,,,,,,,,,,,,,,,,,,,,
2013-12-11,JK1160YAHP25BT,Hitachi HDS722020ALA330,2000398934016,0,,0,,,,,,,,0,,,,,,24220,,,,,,,,,,,,,,,,,,,,,,,,,,,,,,27,,,,,,0,,,,,,,,,,,,,,,,,,,,,,,,,,,,
2013-12-11,MK0311YHGHG31A,Hitachi HDS723030ALA640,3000592982016,0,,0,,,,,,,,0,,,,,,16805,,,,,,,,,,,,,,,,,,,,,,,,,,,,,,25,,,,,,0,,,,,,,,,,,,,,,,,,,,,,,,,,,,
2013-12-11,S1F0R3FB,ST3000DM001,3000592982016,0,,128834792,,,,,,,,0,,,,,,11639,,,,,,,,,,,,,,,,,,,,,,,,,,,,,,23,,,,,,0,,,,,,,,,,,,,,,,,,,,,,,,,,,,
2013-12-11,6XW04R2X,ST31500541AS,1500301910016,0,,44570976,,,,,,,,0,,,,,,31585,,,,,,,,,,,,,,,,,,,,,,,,,,,,,,24,,,,,,0,,,,,,,,,,,,,,,,,,,,,,,,,,,,
2013-12-11,5XW2VPWJ,ST32000542AS,2000398934016,0,,101278864,,,,,,,,0,,,,,,7816,,,,,,,,,,,,,,,,,,,,,,,,,,,,,,20,,,,,,0,,,,,,,,,,,,,,,,,,,,,,,,,,,,
2013-12-11,S1F0L14J,ST3000DM001,3000592982016,0,,118417744,,,,,,,,0,,,,,,11024,,,,,,,,,,,,,,,,,,,,,,,,,,,,,,29,,,,,,0,,,,,,,,,,,,,,,,,,,,,,,,,,,,
2013-12-11,S1F05MRG,ST3000DM001,3000592982016,0,,50931048,,,,,,,,0,,,,,,12363,,,,,,,,,,,,,,,,,,,,,,,,,,,,,,27,,,,,,0,,,,,,,,,,,,,,,,,,,,,,,,,,,,
2013-12-11,S1F02SY2,ST3000DM001,3000592982016,0,,225528880,,,,,,,,0,,,,,,13747,,,,,,,,,,,,,,,,,,,,,,,,,,,,,,23,,,,,,0,,,,,,,,,,,,,,,,,,,,,,,,,,,,
2013-12-11,WD-WCAWZ1218912,WDC WD30EZRX,3000592982016,0,,0,,,,,,,,0,,,,,,15830,,,,,,,,,,,,,,,,,,,,,,,,,,,,,,25,,,,,,0,,,,,,,,,,,,,,,,,,,,,,,,,,,,
2013-12-11,Z1F0LSNM,ST3000DM001,3000592982016,0,,14885144,,,,,,,,0,,,,,,12170,,,,,,,,,,,,,,,,,,,,,,,,,,,,,,21,,,,,,0,,,,,,,,,,,,,,,,,,,,,,,,,,,,
2013-12-11,MJ0351YNG9SYYA,Hitachi HDS5C3030ALA630,3000592982016,0,,0,,,,,,,,0,,,,,,9142,,,,,,,,,,,,,,,,,,,,,,,,,,,,,,28,,,,,,0,,,,,,,,,,,,,,,,,,,,,,,,,,,,
2013-12-11,Z300NN1M,ST4000DM000,4000787030016,0,,99389144,,,,,,,,0,,,,,,2901,,,,,,,,,,,,,,,,,,,,,,,,,,,,,,25,,,,,,0,,,,,,,,,,,,,,,,,,,,,,,,,,,,
2013-12-11,WD-WCAV5V405178,WDC WD10EADX,1000204886016,0,,0,,,,,,,,0,,,,,,12122,,,,,,,,,,,,,,,,,,,,,,,,,,,,,,27,,,,,,0,,,,,,,,,,,,,,,,,,,,,,,,,,,,
2013-12-11,JK1105B8GBL7BX,Hitachi HDS722020ALA330,2000398934016,0,,65536,,,,,,,,0,,,,,,26859,,,,,,,,,,,,,,,,,,,,,,,,,,,,,,29,,,,,,0,,,,,,,,,,,,,,,,,,,,,,,,,,,,
2013-12-11,WD-WCC1T1239903,WDC WD30EFRX,3000592982016,0,,0,,,,,,,,0,,,,,,873,,,,,,,,,,,,,,,,,,,,,,,,,,,,,,23,,,,,,0,,,,,,,,,,,,,,,,,,,,,,,,,,,,
2013-12-11,MJ0351YNG9VESA,Hitachi HDS5C3030ALA630,3000592982016,0,,0,,,,,,,,0,,,,,,9271,,,,,,,,,,,,,,,,,,,,,,,,,,,,,,28,,,,,,0,,,,,,,,,,,,,,,,,,,,,,,,,,,,
2013-12-11,MJ0351YNGA3Z4A,Hitachi HDS5C3030ALA630,3000592982016,0,,0,,,,,,,,0,,,,,,8884,,,,,,,,,,,,,,,,,,,,,,,,,,,,,,28,,,,,,0,,,,,,,,,,,,,,,,,,,,,,,,,,,,
2013-12-11,6XW01RA3,ST31500541AS,1500301910016,0,,9757429,,,,,,,,0,,,,,,37169,,,,,,,,,,,,,,,,,,,,,,,,,,,,,,20,,,,,,0,,,,,,,,,,,,,,,,,,,,,,,,,,,,
2013-12-11,JK11A8B9J3MY0F,Hitachi HDS722020ALA330,2000398934016,0,,0,,,,,,,,0,,,,,,23946,,,,,,,,,,,,,,,,,,,,,,,,,,,,,,29,,,,,,0,,,,,,,,,,,,,,,,,,,,,,,,,,,,
2013-12-11,S1F02DLK,ST3000DM001,3000592982016,0,,137759480,,,,,,,,0,,,,,,16150,,,,,,,,,,,,,,,,,,,,,,,,,,,,,,20,,,,,,0,,,,,,,,,,,,,,,,,,,,,,,,,,,,
2013-12-11,MJ1311YNG38A5A,Hitachi HDS5C3030ALA630,3000592982016,0,,0,,,,,,,,0,,,,,,14620,,,,,,,,,,,,,,,,,,,,,,,,,,,,,,24,,,,,,0,,,,,,,,,,,,,,,,,,,,,,,,,,,,
2013-12-11,Z290EN4A,ST33000651AS,3000592982016,0,,223303572,,,,,,,,0,,,,,,17740,,,,,,,,,,,,,,,,,,,,,,,,,,,,,,23,,,,,,0,,,,,,,,,,,,,,,,,,,,,,,,,,,,
2013-12-11,Z300MVVF,ST4000DM000,4000787030016,0,,210971568,,,,,,,,0,,,,,,152,,,,,,,,,,,,,,,,,,,,,,,,,,,,,,23,,,,,,0,,,,,,,,,,,,,,,,,,,,,,,,,,,,
2013-12-11,PL1321LAG33HWH,Hitachi HDS5C4040ALE630,4000787030016,0,,0,,,,,,,,0,,,,,,5125,,,,,,,,,,,,,,,,,,,,,,,,,,,,,,30,,,,,,0,,,,,,,,,,,,,,,,,,,,,,,,,,,,
2013-12-11,PL1321LAG345VH,Hitachi HDS5C4040ALE630,4000787030016,0,,0,,,,,,,,0,,,,,,5959,,,,,,,,,,,,,,,,,,,,,,,,,,,,,,21,,,,,,0,,,,,,,,,,,,,,,,,,,,,,,,,,,,
2013-12-11,MJ0351YNG9UJ4A,Hitachi HDS5C3030ALA630,3000592982016,0,,393221,,,,,,,,0,,,,,,9191,,,,,,,,,,,,,,,,,,,,,,,,,,,,,,27,,,,,,0,,,,,,,,,,,,,,,,,,,,,,,,,,,,
2013-12-11,MJ0351YNG9Y14A,Hitachi HDS5C3030ALA630,3000592982016,0,,0,,,,,,,,0,,,,,,8093,,,,,,,,,,,,,,,,,,,,,,,,,,,,,,22,,,,,,0,,,,,,,,,,,,,,,,,,,,,,,,,,,,
2013-12-11,5XW00YFC,ST32000542AS,2000398934016,0,,61820389,,,,,,,,0,,,,,,13014,,,,,,,,,,,,,,,,,,,,,,,,,,,,,,24,,,,,,0,,,,,,,,,,,,,,,,,,,,,,,,,,,,
2013-12-11,Z300W65G,ST4000DM000,4000787030016,0,,47949080,,,,,,,,0,,,,,,918,,,,,,,,,,,,,,,,,,,,,,,,,,,,,,18,,,,,,0,,,,,,,,,,,,,,,,,,,,,,,,,,,,
2013-12-11,S1F01FKP,ST3000DM001,3000592982016,0,,110099336,,,,,,,,0,,,,,,15621,,,,,,,,,,,,,,,,,,,,,,,,,,,,,,22,,,,,,0,,,,,,,,,,,,,,,,,,,,,,,,,,,,
2013-12-11,Z300W65N,ST4000DM000,4000787030016,0,,49226384,,,,,,,,0,,,,,,772,,,,,,,,,,,,,,,,,,,,,,,,,,,,,,19,,,,,,0,,,,,,,,,,,,,,,,,,,,,,,,,,,,
2013-12-11,WD-WCAU47308729,WDC WD10EADS,1000204886016,0,,6,,,,,,,,0,,,,,,40599,,,,,,,,,,,,,,,,,,,,,,,,,,,,,,23,,,,,,0,,,,,,,,,,,,,,,,,,,,,,,,,,,,
2013-12-11,6XW0VYF2,ST31500541AS,1500301910016,0,,39655899,,,,,,,,0,,,,,,34039,,,,,,,,,,,,,,,,,,,,,,,,,,,,,,29,,,,,,0,,,,,,,,,,,,,,,,,,,,,,,,,,,,
2013-12-11,MJ1311YNG35K1A,Hitachi HDS5C3030ALA630,3000592982016,0,,0,,,,,,,,2,,,,,,19253,,,,,,,,,,,,,,,,,,,,,,,,,,,,,,27,,,,,,0,,,,,,,,,,,,,,,,,,,,,,,,,,,,
2013-12-11,MJ1321YNG0PNGA,Hitachi HDS5C3030ALA630,3000592982016,0,,0,,,,,,,,0,,,,,,20479,,,,,,,,,,,,,,,,,,,,,,,,,,,,,,28,,,,,,0,,,,,,,,,,,,,,,,,,,,,,,,,,,,
2013-12-11,MJ1323YNG1SLJC,Hitachi HDS5C3030ALA630,3000592982016,0,,0,,,,,,,,0,,,,,,20083,,,,,,,,,,,,,,,,,,,,,,,,,,,,,,34,,,,,,0,,,,,,,,,,,,,,,,,,,,,,,,,,,,
2013-12-11,Z290MZ55,ST33000651AS,3000592982016,0,,173593845,,,,,,,,0,,,,,,15916,,,,,,,,,,,,,,,,,,,,,,,,,,,,,,28,,,,,,0,,,,,,,,,,,,,,,,,,,,,,,,,,,,
2013-12-11,JK1101B9KNM2VF,Hitachi HDS722020ALA330,2000398934016,0,,0,,,,,,,,0,,,,,,22955,,,,,,,,,,,,,,,,,,,,,,,,,,,,,,26,,,,,,0,,,,,,,,,,,,,,,,,,,,,,,,,,,,
2013-12-11,JK1101B9GEEJST,Hitachi HDS722020ALA330,2000398934016,0,,0,,,,,,,,0,,,,,,27542,,,,,,,,,,,,,,,,,,,,,,,,,,,,,,22,,,,,,0,,,,,,,,,,,,,,,,,,,,,,,,,,,,
2013-12-11,WD-WCAU46083136,WDC WD10EADS,1000204886016,0,,1,,,,,,,,0,,,,,,41868,,,,,,,,,,,,,,,,,,,,,,,,,,,,,,30,,,,,,0,,,,,,,,,,,,,,,,,,,,,,,,,,,,
2013-12-11,PL2311LAG1WGSC,Hitachi HDS5C4040ALE630,4000787030016,0,,2687062,,,,,,,,0,,,,,,7386,,,,,,,,,,,,,,,,,,,,,,,,,,,,,,24,,,,,,0,,,,,,,,,,,,,,,,,,,,,,,,,,,,
2013-12-11,5XW1HP2Y,ST32000542AS,2000398934016,0,,235800180,,,,,,,,0,,,,,,7245,,,,,,,,,,,,,,,,,,,,,,,,,,,,,,25,,,,,,0,,,,,,,,,,,,,,,,,,,,,,,,,,,,
2013-12-11,JK1105B8GHJBGX,Hitachi HDS722020ALA330,2000398934016,0,,0,,,,,,,,0,,,,,,27169,,,,,,,,,,,,,,,,,,,,,,,,,,,,,,28,,,,,,0,,,,,,,,,,,,,,,,,,,,,,,,,,,,
2013-12-11,PL1311LAG275DA,Hitachi HDS5C4040ALE630,4000787030016,0,,0,,,,,,,,0,,,,,,7436,,,,,,,,,,,,,,,,,,,,,,,,,,,,,,25,,,,,,0,,,,,,,,,,,,,,,,,,,,,,,,,,,,
2013-12-11,Z300PADR,ST4000DM000,4000787030016,0,,189321296,,,,,,,,0,,,,,,1114,,,,,,,,,,,,,,,,,,,,,,,,,,,,,,29,,,,,,0,,,,,,,,,,,,,,,,,,,,,,,,,,,,
2013-12-11,JK1171B9HE5HWT,Hitachi HDS722020ALA330,2000398934016,0,,0,,,,,,,,0,,,,,,24306,,,,,,,,,,,,,,,,,,,,,,,,,,,,,,28,,,,,,0,,,,,,,,,,,,,,,,,,,,,,,,,,,,
2013-12-11,MJ1311YNG3KVTA,Hitachi HDS5C3030ALA630,3000592982016,0,,0,,,,,,,,0,,,,,,19325,,,,,,,,,,,,,,,,,,,,,,,,,,,,,,25,,,,,,0,,,,,,,,,,,,,,,,,,,,,,,,,,,,
2013-12-11,S1F0TPX0,ST3000DM001,3000592982016,0,,146007376,,,,,,,,0,,,,,,10742,,,,,,,,,,,,,,,,,,,,,,,,,,,,,,27,,,,,,0,,,,,,,,,,,,,,,,,,,,,,,,,,,,
2013-12-11,JK11A8B9J7T83F,Hitachi HDS722020ALA330,2000398934016,0,,0,,,,,,,,0,,,,,,24912,,,,,,,,,,,,,,,,,,,,,,,,,,,,,,30,,,,,,0,,,,,,,,,,,,,,,,,,,,,,,,,,,,
2013-12-11,WD-WCAU45241783,WDC WD10EADS,1000204886016,0,,2,,,,,,,,0,,,,,,40496,,,,,,,,,,,,,,,,,,,,,,,,,,,,,,30,,,,,,0,,,,,,,,,,,,,,,,,,,,,,,,,,,,
2013-12-11,JK11A8YBKY39ZF,Hitachi HDS722020ALA330,2000398934016,0,,0,,,,,,,,0,,,,,,27861,,,,,,,,,,,,,,,,,,,,,,,,,,,,,,26,,,,,,0,,,,,,,,,,,,,,,,,,,,,,,,,,,,
2013-12-11,Z300W657,ST4000DM000,4000787030016,0,,178180768,,,,,,,,0,,,,,,918,,,,,,,,,,,,,,,,,,,,,,,,,,,,,,19,,,,,,0,,,,,,,,,,,,,,,,,,,,,,,,,,,,
2013-12-11,PL2311LAG1R6LC,Hitachi HDS5C4040ALE630,4000787030016,0,,0,,,,,,,,0,,,,,,7414,,,,,,,,,,,,,,,,,,,,,,,,,,,,,,20,,,,,,0,,,,,,,,,,,,,,,,,,,,,,,,,,,,
2013-12-11,JK1130YAHDELHT,Hitachi HDS722020ALA330,2000398934016,0,,262158,,,,,,,,1,,,,,,30171,,,,,,,,,,,,,,,,,,,,,,,,,,,,,,26,,,,,,0,,,,,,,,,,,,,,,,,,,,,,,,,,,,
2013-12-11,JK1101B9GBYX3F,Hitachi HDS722020ALA330,2000398934016,0,,0,,,,,,,,0,,,,,,27540,,,,,,,,,,,,,,,,,,,,,,,,,,,,,,25,,,,,,1,,,,,,,,,,,,,,,,,,,,,,,,,,,,
2013-12-11,MJ1311YNG35TWA,Hitachi HDS5C3030ALA630,3000592982016,0,,0,,,,,,,,0,,,,,,18040,,,,,,,,,,,,,,,,,,,,,,,,,,,,,,25,,,,,,0,,,,,,,,,,,,,,,,,,,,,,,,,,,,
2013-12-11,JK1105B8GBL13X,Hitachi HDS722020ALA330,2000398934016,0,,0,,,,,,,,0,,,,,,27221,,,,,,,,,,,,,,,,,,,,,,,,,,,,,,30,,,,,,0,,,,,,,,,,,,,,,,,,,,,,,,,,,,
2013-12-11,MJ1311YNG36NJA,Hitachi HDS5C3030ALA630,3000592982016,0,,0,,,,,,,,0,,,,,,18315,,,,,,,,,,,,,,,,,,,,,,,,,,,,,,23,,,,,,0,,,,,,,,,,,,,,,,,,,,,,,,,,,,
2013-12-11,JK11A8B9J37X2F,Hitachi HDS722020ALA330,2000398934016,0,,1,,,,,,,,0,,,,,,24428,,,,,,,,,,,,,,,,,,,,,,,,,,,,,,30,,,,,,0,,,,,,,,,,,,,,,,,,,,,,,,,,,,
2013-12-11,Z300NKGR,ST4000DM000,4000787030016,0,,86676168,,,,,,,,0,,,,,,1093,,,,,,,,,,,,,,,,,,,,,,,,,,,,,,28,,,,,,0,,,,,,,,,,,,,,,,,,,,,,,,,,,,
2013-12-11,Z300NKGX,ST4000DM000,4000787030016,0,,18698280,,,,,,,,0,,,,,,1142,,,,,,,,,,,,,,,,,,,,,,,,,,,,,,28,,,,,,0,,,,,,,,,,,,,,,,,,,,,,,,,,,,
2013-12-11,6XW04BVT,ST31500541AS,1500301910016,0,,64486318,,,,,,,,11,,,,,,36448,,,,,,,,,,,,,,,,,,,,,,,,,,,,,,16,,,,,,0,,,,,,,,,,,,,,,,,,,,,,,,,,,,
2013-12-11,Z300NKGG,ST4000DM000,4000787030016,0,,48510912,,,,,,,,0,,,,,,1142,,,,,,,,,,,,,,,,,,,,,,,,,,,,,,28,,,,,,0,,,,,,,,,,,,,,,,,,,,,,,,,,,,
2013-12-11,W1F0B3K3,ST3000DM001,3000592982016,0,,6965040,,,,,,,,0,,,,,,13372,,,,,,,,,,,,,,,,,,,,,,,,,,,,,,20,,,,,,8,,,,,,,,,,,,,,,,,,,,,,,,,,,,
2013-12-11,JK1170YBJ069TD,Hitachi HDS722020ALA330,2000398934016,0,,0,,,,,,,,0,,,,,,19974,,,,,,,,,,,,,,,,,,,,,,,,,,,,,,28,,,,,,0,,,,,,,,,,,,,,,,,,,,,,,,,,,,
2013-12-11,Z300NKGK,ST4000DM000,4000787030016,0,,86481208,,,,,,,,0,,,,,,1093,,,,,,,,,,,,,,,,,,,,,,,,,,,,,,28,,,,,,0,,,,,,,,,,,,,,,,,,,,,,,,,,,,
2013-12-11,W1F0AS0N,ST3000DM001,3000592982016,0,,64274256,,,,,,,,0,,,,,,13358,,,,,,,,,,,,,,,,,,,,,,,,,,,,,,25,,,,,,0,,,,,,,,,,,,,,,,,,,,,,,,,,,,
2013-12-11,PL1311LAG380ZH,Hitachi HDS5C4040ALE630,4000787030016,0,,0,,,,,,,,0,,,,,,5052,,,,,,,,,,,,,,,,,,,,,,,,,,,,,,29,,,,,,0,,,,,,,,,,,,,,,,,,,,,,,,,,,,
2013-12-11,MJ1323YNG1TL1C,Hitachi HDS5C3030ALA630,3000592982016,0,,0,,,,,,,,0,,,,,,19310,,,,,,,,,,,,,,,,,,,,,,,,,,,,,,30,,,,,,0,,,,,,,,,,,,,,,,,,,,,,,,,,,,
2013-12-11,MK0311YHG4YZ4A,Hitachi HDS723030ALA640,3000592982016,0,,0,,,,,,,,0,,,,,,21792,,,,,,,,,,,,,,,,,,,,,,,,,,,,,,27,,,,,,0,,,,,,,,,,,,,,,,,,,,,,,,,,,,
2013-12-11,PL1311LAG2DZBH,Hitachi HDS5C4040ALE630,4000787030016,0,,0,,,,,,,,0,,,,,,7402,,,,,,,,,,,,,,,,,,,,,,,,,,,,,,26,,,,,,0,,,,,,,,,,,,,,,,,,,,,,,,,,,,
2013-12-11,W1F0AS0V,ST3000DM001,3000592982016,0,,200524000,,,,,,,,0,,,,,,12937,,,,,,,,,,,,,,,,,,,,,,,,,,,,,,24,,,,,,0,,,,,,,,,,,,,,,,,,,,,,,,,,,,
2013-12-11,JK11A8YBKYTE9F,Hitachi HDS722020ALA330,2000398934016,0,,0,,,,,,,,1,,,,,,27846,,,,,,,,,,,,,,,,,,,,,,,,,,,,,,29,,,,,,0,,,,,,,,,,,,,,,,,,,,,,,,,,,,
2013-12-11,WD-WCAV5V405164,WDC WD10EADX,1000204886016,0,,0,,,,,,,,0,,,,,,9420,,,,,,,,,,,,,,,,,,,,,,,,,,,,,,30,,,,,,0,,,,,,,,,,,,,,,,,,,,,,,,,,,,
2013-12-11,Z1F021LX,ST3000DM001,3000592982016,0,,118694240,,,,,,,,0,,,,,,17251,,,,,,,,,,,,,,,,,,,,,,,,,,,,,,27,,,,,,0,,,,,,,,,,,,,,,,,,,,,,,,,,,,
2013-12-11,S1F06GNA,ST3000DM001,3000592982016,0,,169356480,,,,,,,,0,,,,,,13342,,,,,,,,,,,,,,,,,,,,,,,,,,,,,,25,,,,,,0,,,,,,,,,,,,,,,,,,,,,,,,,,,,
2013-12-11,MJ1311YNG7AK8A,Hitachi HDS5C3030ALA630,3000592982016,0,,0,,,,,,,,0,,,,,,14291,,,,,,,,,,,,,,,,,,,,,,,,,,,,,,32,,,,,,0,,,,,,,,,,,,,,,,,,,,,,,,,,,,
2013-12-11,MJ1311YNG6V23A,Hitachi HDS5C3030ALA630,3000592982016,0,,0,,,,,,,,0,,,,,,2145,,,,,,,,,,,,,,,,,,,,,,,,,,,,,,22,,,,,,0,,,,,,,,,,,,,,,,,,,,,,,,,,,,
2013-12-11,W1F094ZG,ST3000DM001,3000592982016,0,,152054536,,,,,,,,192,,,,,,13371,,,,,,,,,,,,,,,,,,,,,,,,,,,,,,22,,,,,,0,,,,,,,,,,,,,,,,,,,,,,,,,,,,
2013-12-11,STF605MH1MRD9W,Hitachi HDT721010SLA360,1000204886016,0,,36438527,,,,,,,,0,,,,,,40580,,,,,,,,,,,,,,,,,,,,,,,,,,,,,,30,,,,,,0,,,,,,,,,,,,,,,,,,,,,,,,,,,,
2013-12-11,MJ0351YNG9UWNA,Hitachi HDS5C3030ALA630,3000592982016,0,,0,,,,,,,,0,,,,,,9975,,,,,,,,,,,,,,,,,,,,,,,,,,,,,,29,,,,,,0,,,,,,,,,,,,,,,,,,,,,,,,,,,,
2013-12-11,MJ1311YNG7KVLA,Hitachi HDS5C3030ALA630,3000592982016,0,,1,,,,,,,,0,,,,,,14601,,,,,,,,,,,,,,,,,,,,,,,,,,,,,,22,,,,,,0,,,,,,,,,,,,,,,,,,,,,,,,,,,,
2013-12-11,MK0331YHGPULBA,Hitachi HDS723030ALA640,3000592982016,0,,0,,,,,,,,0,,,,,,17356,,,,,,,,,,,,,,,,,,,,,,,,,,,,,,24,,,,,,0,,,,,,,,,,,,,,,,,,,,,,,,,,,,
2013-12-11,MJ1311YNG3R40A,Hitachi HDS5C3030ALA630,3000592982016,0,,65536,,,,,,,,0,,,,,,18066,,,,,,,,,,,,,,,,,,,,,,,,,,,,,,29,,,,,,0,,,,,,,,,,,,,,,,,,,,,,,,,,,,
2013-12-11,WD-WCAWZ0495295,WDC WD30EZRX,3000592982016,0,,1,,,,,,,,0,,,,,,16128,,,,,,,,,,,,,,,,,,,,,,,,,,,,,,18,,,,,,0,,,,,,,,,,,,,,,,,,,,,,,,,,,,
2013-12-11,JK11A8B9J70JXF,Hitachi HDS722020ALA330,2000398934016,0,,0,,,,,,,,1,,,,,,22686,,,,,,,,,,,,,,,,,,,,,,,,,,,,,,20,,,,,,0,,,,,,,,,,,,,,,,,,,,,,,,,,,,
2013-12-11,Z300WWWM,ST4000DM000,4000787030016,0,,214394872,,,,,,,,0,,,,,,919,,,,,,,,,,,,,,,,,,,,,,,,,,,,,,21,,,,,,0,,,,,,,,,,,,,,,,,,,,,,,,,,,,
2013-12-11,JK1105B8GG4A3X,Hitachi HDS722020ALA330,2000398934016,0,,131075,,,,,,,,0,,,,,,26858,,,,,,,,,,,,,,,,,,,,,,,,,,,,,,36,,,,,,0,,,,,,,,,,,,,,,,,,,,,,,,,,,,
2013-12-11,JK1101B9KNNW0F,Hitachi HDS722020ALA330,2000398934016,0,,65536,,,,,,,,0,,,,,,23100,,,,,,,,,,,,,,,,,,,,,,,,,,,,,,24,,,,,,0,,,,,,,,,,,,,,,,,,,,,,,,,,,,
2013-12-11,6XW03WRK,ST31500541AS,1500301910016,0,,231285656,,,,,,,,0,,,,,,36451,,,,,,,,,,,,,,,,,,,,,,,,,,,,,,16,,,,,,0,,,,,,,,,,,,,,,,,,,,,,,,,,,,
2013-12-11,W300D3ZT,ST4000DM000,4000787030016,0,,52705176,,,,,,,,0,,,,,,4140,,,,,,,,,,,,,,,,,,,,,,,,,,,,,,26,,,,,,0,,,,,,,,,,,,,,,,,,,,,,,,,,,,
2013-12-11,JK1130YAG17UZT,Hitachi HDS722020ALA330,2000398934016,0,,0,,,,,,,,0,,,,,,18603,,,,,,,,,,,,,,,,,,,,,,,,,,,,,,29,,,,,,0,,,,,,,,,,,,,,,,,,,,,,,,,,,,
2013-12-11,MJ1311YNG31S9A,Hitachi HDS5C3030ALA630,3000592982016,0,,0,,,,,,,,0,,,,,,18316,,,,,,,,,,,,,,,,,,,,,,,,,,,,,,25,,,,,,0,,,,,,,,,,,,,,,,,,,,,,,,,,,,
2013-12-11,WD-WMC1T0809450,WDC WD30EFRX,3000592982016,0,,0,,,,,,,,0,,,,,,8840,,,,,,,,,,,,,,,,,,,,,,,,,,,,,,29,,,,,,0,,,,,,,,,,,,,,,,,,,,,,,,,,,,
2013-12-11,PL2311LAG1WP9C,Hitachi HDS5C4040ALE630,4000787030016,0,,0,,,,,,,,0,,,,,,7463,,,,,,,,,,,,,,,,,,,,,,,,,,,,,,25,,,,,,0,,,,,,,,,,,,,,,,,,,,,,,,,,,,
2013-12-11,W1F0B4KH,ST3000DM001,3000592982016,0,,143765320,,,,,,,,0,,,,,,14213,,,,,,,,,,,,,,,,,,,,,,,,,,,,,,23,,,,,,0,,,,,,,,,,,,,,,,,,,,,,,,,,,,
2013-12-11,S1F0S4S6,ST3000DM001,3000592982016,0,,227859648,,,,,,,,0,,,,,,10771,,,,,,,,,,,,,,,,,,,,,,,,,,,,,,26,,,,,,0,,,,,,,,,,,,,,,,,,,,,,,,,,,,
2013-12-11,W1F08ECF,ST3000DM001,3000592982016,0,,231556992,,,,,,,,0,,,,,,15222,,,,,,,,,,,,,,,,,,,,,,,,,,,,,,24,,,,,,32,,,,,,,,,,,,,,,,,,,,,,,,,,,,
2013-12-11,W1F0P3GL,ST3000DM001,3000592982016,0,,34696952,,,,,,,,0,,,,,,11755,,,,,,,,,,,,,,,,,,,,,,,,,,,,,,24,,,,,,0,,,,,,,,,,,,,,,,,,,,,,,,,,,,
2013-12-11,PL1311LAG2EDGH,Hitachi HDS5C4040ALE630,4000787030016,0,,0,,,,,,,,0,,,,,,7402,,,,,,,,,,,,,,,,,,,,,,,,,,,,,,29,,,,,,0,,,,,,,,,,,,,,,,,,,,,,,,,,,,
2013-12-11,MJ1321YNG0DNDA,Hitachi HDS5C3030ALA630,3000592982016,0,,0,,,,,,,,0,,,,,,20730,,,,,,,,,,,,,,,,,,,,,,,,,,,,,,31,,,,,,0,,,,,,,,,,,,,,,,,,,,,,,,,,,,
2013-12-11,W1F09JZE,ST3000DM001,3000592982016,0,,133362952,,,,,,,,0,,,,,,13371,,,,,,,,,,,,,,,,,,,,,,,,,,,,,,22,,,,,,0,,,,,,,,,,,,,,,,,,,,,,,,,,,,
2013-12-11,PL1311LAG1H65A,Hitachi HDS5C4040ALE630,4000787030016,0,,0,,,,,,,,0,,,,,,5069,,,,,,,,,,,,,,,,,,,,,,,,,,,,,,28,,,,,,0,,,,,,,,,,,,,,,,,,,,,,,,,,,,
2013-12-11,MJ1321YNG1GU7A,Hitachi HDS5C3030ALA630,3000592982016,0,,0,,,,,,,,0,,,,,,19801,,,,,,,,,,,,,,,,,,,,,,,,,,,,,,26,,,,,,0,,,,,,,,,,,,,,,,,,,,,,,,,,,,
2013-12-11,JK11A8B9J3VNLF,Hitachi HDS722020ALA330,2000398934016,0,,0,,,,,,,,0,,,,,,23822,,,,,,,,,,,,,,,,,,,,,,,,,,,,,,26,,,,,,0,,,,,,,,,,,,,,,,,,,,,,,,,,,,
2013-12-11,PL1321LAG363GH,Hitachi HDS5C4040ALE630,4000787030016,0,,0,,,,,,,,0,,,,,,6652,,,,,,,,,,,,,,,,,,,,,,,,,,,,,,21,,,,,,0,,,,,,,,,,,,,,,,,,,,,,,,,,,,
2013-12-11,MJ0351YNGA8ZXA,Hitachi HDS5C3030ALA630,3000592982016,0,,0,,,,,,,,0,,,,,,8212,,,,,,,,,,,,,,,,,,,,,,,,,,,,,,35,,,,,,0,,,,,,,,,,,,,,,,,,,,,,,,,,,,
2013-12-11,5XW1VK5H,ST32000542AS,2000398934016,0,,190555929,,,,,,,,0,,,,,,7228,,,,,,,,,,,,,,,,,,,,,,,,,,,,,,26,,,,,,0,,,,,,,,,,,,,,,,,,,,,,,,,,,,
2013-12-11,WD-WCAU47216368,WDC WD10EADS,1000204886016,0,,0,,,,,,,,0,,,,,,40822,,,,,,,,,,,,,,,,,,,,,,,,,,,,,,30,,,,,,0,,,,,,,,,,,,,,,,,,,,,,,,,,,,
2013-12-11,PL1311LAG391VH,Hitachi HDS5C4040ALE630,4000787030016,0,,0,,,,,,,,0,,,,,,5037,,,,,,,,,,,,,,,,,,,,,,,,,,,,,,25,,,,,,0,,,,,,,,,,,,,,,,,,,,,,,,,,,,
2013-12-11,JK1181YAJ49MZV,Hitachi HDS722020ALA330,2000398934016,0,,0,,,,,,,,1,,,,,,30255,,,,,,,,,,,,,,,,,,,,,,,,,,,,,,24,,,,,,0,,,,,,,,,,,,,,,,,,,,,,,,,,,,
2013-12-11,5XW02L6V,ST31500541AS,1500301910016,0,,163507127,,,,,,,,0,,,,,,37288,,,,,,,,,,,,,,,,,,,,,,,,,,,,,,29,,,,,,0,,,,,,,,,,,,,,,,,,,,,,,,,,,,
2013-12-11,MJ0351YNGAAK9A,Hitachi HDS5C3030ALA630,3000592982016,0,,0,,,,,,,,0,,,,,,8212,,,,,,,,,,,,,,,,,,,,,,,,,,,,,,35,,,,,,0,,,,,,,,,,,,,,,,,,,,,,,,,,,,
2013-12-11,JK1101B9GNJRGF,Hitachi HDS722020ALA330,2000398934016,0,,0,,,,,,,,0,,,,,,17669,,,,,,,,,,,,,,,,,,,,,,,,,,,,,,27,,,,,,0,,,,,,,,,,,,,,,,,,,,,,,,,,,,
2013-12-11,Z300D6MX,ST4000DM000,4000787030016,0,,222378104,,,,,,,,0,,,,,,2258,,,,,,,,,,,,,,,,,,,,,,,,,,,,,,22,,,,,,0,,,,,,,,,,,,,,,,,,,,,,,,,,,,
2013-12-11,MJ0351YNGA6ZWA,Hitachi HDS5C3030ALA630,3000592982016,0,,0,,,,,,,,0,,,,,,8093,,,,,,,,,,,,,,,,,,,,,,,,,,,,,,23,,,,,,0,,,,,,,,,,,,,,,,,,,,,,,,,,,,
2013-12-11,MJ1311YNG7JNYA,Hitachi HDS5C3030ALA630,3000592982016,0,,0,,,,,,,,0,,,,,,14599,,,,,,,,,,,,,,,,,,,,,,,,,,,,,,26,,,,,,0,,,,,,,,,,,,,,,,,,,,,,,,,,,,
2013-12-11,W1F0A52C,ST3000DM001,3000592982016,0,,38579680,,,,,,,,0,,,,,,15366,,,,,,,,,,,,,,,,,,,,,,,,,,,,,,22,,,,,,0,,,,,,,,,,,,,,,,,,,,,,,,,,,,
2013-12-11,MJ0351YNG9VXNA,Hitachi HDS5C3030ALA630,3000592982016,0,,0,,,,,,,,0,,,,,,9721,,,,,,,,,,,,,,,,,,,,,,,,,,,,,,29,,,,,,0,,,,,,,,,,,,,,,,,,,,,,,,,,,,
2013-12-11,W300B0TJ,ST4000DM000,4000787030016,0,,119124568,,,,,,,,0,,,,,,4183,,,,,,,,,,,,,,,,,,,,,,,,,,,,,,24,,,,,,0,,,,,,,,,,,,,,,,,,,,,,,,,,,,
2013-12-11,W1F0A529,ST3000DM001,3000592982016,0,,144299096,,,,,,,,0,,,,,,15216,,,,,,,,,,,,,,,,,,,,,,,,,,,,,,24,,,,,,0,,,,,,,,,,,,,,,,,,,,,,,,,,,,
2013-12-11,S1F0RS92,ST3000DM001,3000592982016,0,,111625448,,,,,,,,0,,,,,,10728,,,,,,,,,,,,,,,,,,,,,,,,,,,,,,25,,,,,,0,,,,,,,,,,,,,,,,,,,,,,,,,,,,
2013-12-11,Z1F0QL3N,ST3000DM001,3000592982016,0,,214368888,,,,,,,,0,,,,,,12153,,,,,,,,,,,,,,,,,,,,,,,,,,,,,,26,,,,,,0,,,,,,,,,,,,,,,,,,,,,,,,,,,,
2013-12-11,JK1105B8G343KX,Hitachi HDS722020ALA330,2000398934016,0,,0,,,,,,,,0,,,,,,26858,,,,,,,,,,,,,,,,,,,,,,,,,,,,,,25,,,,,,0,,,,,,,,,,,,,,,,,,,,,,,,,,,,
2013-12-11,JK11A8YBKYXR9F,Hitachi HDS722020ALA330,2000398934016,0,,0,,,,,,,,0,,,,,,27740,,,,,,,,,,,,,,,,,,,,,,,,,,,,,,21,,,,,,0,,,,,,,,,,,,,,,,,,,,,,,,,,,,
2013-12-11,Z300XQXX,ST4000DM000,4000787030016,0,,77980048,,,,,,,,0,,,,,,923,,,,,,,,,,,,,,,,,,,,,,,,,,,,,,25,,,,,,0,,,,,,,,,,,,,,,,,,,,,,,,,,,,
2013-12-11,PL1310LAG099JA,Hitachi HDS5C4040ALE630,4000787030016,0,,0,,,,,,,,0,,,,,,12998,,,,,,,,,,,,,,,,,,,,,,,,,,,,,,27,,,,,,0,,,,,,,,,,,,,,,,,,,,,,,,,,,,
2013-12-11,Z300CXH0,ST4000DM000,4000787030016,0,,17010424,,,,,,,,0,,,,,,2241,,,,,,,,,,,,,,,,,,,,,,,,,,,,,,23,,,,,,0,,,,,,,,,,,,,,,,,,,,,,,,,,,,
2013-12-11,6XW036D9,ST31500541AS,1500301910016,0,,133109486,,,,,,,,0,,,,,,35774,,,,,,,,,,,,,,,,,,,,,,,,,,,,,,22,,,,,,0,,,,,,,,,,,,,,,,,,,,,,,,,,,,
2013-12-11,JK1171YAGW7B1N,Hitachi HDS722020ALA330,2000398934016,0,,0,,,,,,,,0,,,,,,21003,,,,,,,,,,,,,,,,,,,,,,,,,,,,,,28,,,,,,0,,,,,,,,,,,,,,,,,,,,,,,,,,,,
2013-12-11,MJ1321YNG0B9UA,Hitachi HDS5C3030ALA630,3000592982016,0,,14,,,,,,,,0,,,,,,19728,,,,,,,,,,,,,,,,,,,,,,,,,,,,,,24,,,,,,0,,,,,,,,,,,,,,,,,,,,,,,,,,,,
2013-12-11,JK1105B8GDMAGX,Hitachi HDS722020ALA330,2000398934016,0,,196612,,,,,,,,2,,,,,,27167,,,,,,,,,,,,,,,,,,,,,,,,,,,,,,32,,,,,,0,,,,,,,,,,,,,,,,,,,,,,,,,,,,
2013-12-11,Z300XEMN,ST4000DM000,4000787030016,0,,20437936,,,,,,,,0,,,,,,919,,,,,,,,,,,,,,,,,,,,,,,,,,,,,,21,,,,,,0,,,,,,,,,,,,,,,,,,,,,,,,,,,,
2013-12-11,Z2902KX5,ST33000651AS,3000592982016,0,,196526177,,,,,,,,0,,,,,,15604,,,,,,,,,,,,,,,,,,,,,,,,,,,,,,24,,,,,,0,,,,,,,,,,,,,,,,,,,,,,,,,,,,
2013-12-11,5XW2RZJE,ST31500541AS,1500301910016,0,,126107524,,,,,,,,0,,,,,,10075,,,,,,,,,,,,,,,,,,,,,,,,,,,,,,30,,,,,,0,,,,,,,,,,,,,,,,,,,,,,,,,,,,
2013-12-11,JK11A8B9J6GXZF,Hitachi HDS722020ALA330,2000398934016,0,,0,,,,,,,,0,,,,,,21472,,,,,,,,,,,,,,,,,,,,,,,,,,,,,,28,,,,,,0,,,,,,,,,,,,,,,,,,,,,,,,,,,,
2013-12-11,JK11A8B9J7HRUF,Hitachi HDS722020ALA330,2000398934016,0,,0,,,,,,,,0,,,,,,25539,,,,,,,,,,,,,,,,,,,,,,,,,,,,,,29,,,,,,0,,,,,,,,,,,,,,,,,,,,,,,,,,,,
2013-12-11,JK11A8B9J6LTPF,Hitachi HDS722020ALA330,2000398934016,0,,0,,,,,,,,0,,,,,,22702,,,,,,,,,,,,,,,,,,,,,,,,,,,,,,30,,,,,,0,,,,,,,,,,,,,,,,,,,,,,,,,,,,
2013-12-11,MJ0351YNGA0BUA,Hitachi HDS5C3030ALA630,3000592982016,0,,0,,,,,,,,0,,,,,,9311,,,,,,,,,,,,,,,,,,,,,,,,,,,,,,31,,,,,,0,,,,,,,,,,,,,,,,,,,,,,,,,,,,
2013-12-11,S1F01Y5C,ST3000DM001,3000592982016,0,,149665184,,,,,,,,0,,,,,,13870,,,,,,,,,,,,,,,,,,,,,,,,,,,,,,21,,,,,,0,,,,,,,,,,,,,,,,,,,,,,,,,,,,
2013-12-11,Z300KLZW,ST4000DM000,4000787030016,0,,161751784,,,,,,,,0,,,,,,2241,,,,,,,,,,,,,,,,,,,,,,,,,,,,,,20,,,,,,0,,,,,,,,,,,,,,,,,,,,,,,,,,,,
2013-12-11,MK0333YHGR2AUC,Hitachi HDS723030ALA640,3000592982016,0,,65536,,,,,,,,0,,,,,,17357,,,,,,,,,,,,,,,,,,,,,,,,,,,,,,21,,,,,,0,,,,,,,,,,,,,,,,,,,,,,,,,,,,
2013-12-11,W300D4YD,ST4000DM000,4000787030016,0,,61815744,,,,,,,,0,,,,,,4160,,,,,,,,,,,,,,,,,,,,,,,,,,,,,,22,,,,,,0,,,,,,,,,,,,,,,,,,,,,,,,,,,,
2013-12-11,MJ1311YNG31M5A,Hitachi HDS5C3030ALA630,3000592982016,0,,0,,,,,,,,0,,,,,,18592,,,,,,,,,,,,,,,,,,,,,,,,,,,,,,26,,,,,,0,,,,,,,,,,,,,,,,,,,,,,,,,,,,
2013-12-11,MJ1323YNG1ELYC,Hitachi HDS5C3030ALA630,3000592982016,0,,262186,,,,,,,,0,,,,,,19731,,,,,,,,,,,,,,,,,,,,,,,,,,,,,,24,,,,,,0,,,,,,,,,,,,,,,,,,,,,,,,,,,,
2013-12-11,Z300KLZ0,ST4000DM000,4000787030016,0,,233367944,,,,,,,,0,,,,,,2245,,,,,,,,,,,,,,,,,,,,,,,,,,,,,,20,,,,,,0,,,,,,,,,,,,,,,,,,,,,,,,,,,,
2013-12-11,6XW0LWM5,ST31500541AS,1500301910016,0,,16291662,,,,,,,,0,,,,,,27410,,,,,,,,,,,,,,,,,,,,,,,,,,,,,,19,,,,,,0,,,,,,,,,,,,,,,,,,,,,,,,,,,,
2013-12-11,6XW037J8,ST31500541AS,1500301910016,0,,6385684,,,,,,,,0,,,,,,36639,,,,,,,,,,,,,,,,,,,,,,,,,,,,,,22,,,,,,0,,,,,,,,,,,,,,,,,,,,,,,,,,,,
2013-12-11,JK1171YAGPNKWS,Hitachi HDS722020ALA330,2000398934016,0,,327683,,,,,,,,0,,,,,,1839,,,,,,,,,,,,,,,,,,,,,,,,,,,,,,30,,,,,,0,,,,,,,,,,,,,,,,,,,,,,,,,,,,
2013-12-11,WD-WCAWZ1330524,WDC WD30EZRX,3000592982016,0,,0,,,,,,,,0,,,,,,17991,,,,,,,,,,,,,,,,,,,,,,,,,,,,,,23,,,,,,0,,,,,,,,,,,,,,,,,,,,,,,,,,,,
2013-12-11,S1F0S0RK,ST3000DM001,3000592982016,0,,142335632,,,,,,,,0,,,,,,10472,,,,,,,,,,,,,,,,,,,,,,,,,,,,,,23,,,,,,0,,,,,,,,,,,,,,,,,,,,,,,,,,,,
2013-12-11,MJ1311YNG6UW4A,Hitachi HDS5C3030ALA630,3000592982016,0,,0,,,,,,,,0,,,,,,1020,,,,,,,,,,,,,,,,,,,,,,,,,,,,,,24,,,,,,0,,,,,,,,,,,,,,,,,,,,,,,,,,,,
2013-12-11,JK11A8B9J2W1LF,Hitachi HDS722020ALA330,2000398934016,0,,0,,,,,,,,0,,,,,,23709,,,,,,,,,,,,,,,,,,,,,,,,,,,,,,29,,,,,,0,,,,,,,,,,,,,,,,,,,,,,,,,,,,
2013-12-11,S1F0S0RT,ST3000DM001,3000592982016,0,,237344176,,,,,,,,0,,,,,,10836,,,,,,,,,,,,,,,,,,,,,,,,,,,,,,34,,,,,,0,,,,,,,,,,,,,,,,,,,,,,,,,,,,
2013-12-11,W300DBW6,ST4000DM000,4000787030016,0,,122667112,,,,,,,,0,,,,,,4140,,,,,,,,,,,,,,,,,,,,,,,,,,,,,,25,,,,,,0,,,,,,,,,,,,,,,,,,,,,,,,,,,,
2013-12-11,JK11A8YBKYRP1F,Hitachi HDS722020ALA330,2000398934016,0,,0,,,,,,,,0,,,,,,27861,,,,,,,,,,,,,,,,,,,,,,,,,,,,,,27,,,,,,0,,,,,,,,,,,,,,,,,,,,,,,,,,,,
2013-12-11,JK1105B8GGA8ZX,Hitachi HDS722020ALA330,2000398934016,0,,1,,,,,,,,0,,,,,,27221,,,,,,,,,,,,,,,,,,,,,,,,,,,,,,26,,,,,,0,,,,,,,,,,,,,,,,,,,,,,,,,,,,
2013-12-11,JK1101B9JPB8TR,Hitachi HDS722020ALA330,2000398934016,0,,0,,,,,,,,0,,,,,,24112,,,,,,,,,,,,,,,,,,,,,,,,,,,,,,29,,,,,,0,,,,,,,,,,,,,,,,,,,,,,,,,,,,
2013-12-11,WD-WCAU45478472,WDC WD10EADS,1000204886016,0,,3,,,,,,,,0,,,,,,41313,,,,,,,,,,,,,,,,,,,,,,,,,,,,,,26,,,,,,0,,,,,,,,,,,,,,,,,,,,,,,,,,,,
2013-12-11,MJ0351YNGA0DGA,Hitachi HDS5C3030ALA630,3000592982016,0,,0,,,,,,,,0,,,,,,9147,,,,,,,,,,,,,,,,,,,,,,,,,,,,,,30,,,,,,0,,,,,,,,,,,,,,,,,,,,,,,,,,,,
2013-12-11,PL2311LAG1TPYC,Hitachi HDS5C4040ALE630,4000787030016,0,,0,,,,,,,,0,,,,,,7759,,,,,,,,,,,,,,,,,,,,,,,,,,,,,,23,,,,,,0,,,,,,,,,,,,,,,,,,,,,,,,,,,,
2013-12-11,S1F050YQ,ST3000DM001,3000592982016,0,,211134368,,,,,,,,0,,,,,,14221,,,,,,,,,,,,,,,,,,,,,,,,,,,,,,20,,,,,,0,,,,,,,,,,,,,,,,,,,,,,,,,,,,
2013-12-11,PL1311LAG21M0A,Hitachi HDS5C4040ALE630,4000787030016,0,,0,,,,,,,,0,,,,,,7462,,,,,,,,,,,,,,,,,,,,,,,,,,,,,,24,,,,,,0,,,,,,,,,,,,,,,,,,,,,,,,,,,,
2013-12-11,MJ0351YNGA6WYA,Hitachi HDS5C3030ALA630,3000592982016,0,,0,,,,,,,,0,,,,,,9142,,,,,,,,,,,,,,,,,,,,,,,,,,,,,,30,,,,,,0,,,,,,,,,,,,,,,,,,,,,,,,,,,,
2013-12-11,JK11A8B9J995MF,Hitachi HDS722020ALA330,2000398934016,0,,0,,,,,,,,0,,,,,,26004,,,,,,,,,,,,,,,,,,,,,,,,,,,,,,26,,,,,,0,,,,,,,,,,,,,,,,,,,,,,,,,,,,
2013-12-11,W1F1D9H1,ST3000DM001,3000592982016,0,,159096192,,,,,,,,0,,,,,,8174,,,,,,,,,,,,,,,,,,,,,,,,,,,,,,24,,,,,,0,,,,,,,,,,,,,,,,,,,,,,,,,,,,
2013-12-11,MK0331YHGRSMPA,Hitachi HDS723030ALA640,3000592982016,0,,0,,,,,,,,0,,,,,,17355,,,,,,,,,,,,,,,,,,,,,,,,,,,,,,24,,,,,,0,,,,,,,,,,,,,,,,,,,,,,,,,,,,
2013-12-11,9XW01G8C,ST31500541AS,1500301910016,0,,179049797,,,,,,,,0,,,,,,33531,,,,,,,,,,,,,,,,,,,,,,,,,,,,,,24,,,,,,0,,,,,,,,,,,,,,,,,,,,,,,,,,,,
2013-12-11,PL1311LAG3B1GH,Hitachi HDS5C4040ALE630,4000787030016,0,,0,,,,,,,,0,,,,,,6641,,,,,,,,,,,,,,,,,,,,,,,,,,,,,,25,,,,,,0,,,,,,,,,,,,,,,,,,,,,,,,,,,,
2013-12-11,WD-WCAWZ0953035,WDC WD30EZRX,3000592982016,0,,93,,,,,,,,0,,,,,,16983,,,,,,,,,,,,,,,,,,,,,,,,,,,,,,21,,,,,,278,,,,,,,,,,,,,,,,,,,,,,,,,,,,
2013-12-11,MK0311YHGG5Z1A,Hitachi HDS723030ALA640,3000592982016,0,,0,,,,,,,,0,,,,,,17017,,,,,,,,,,,,,,,,,,,,,,,,,,,,,,24,,,,,,0,,,,,,,,,,,,,,,,,,,,,,,,,,,,
2013-12-11,Z1F19ENW,ST3000DM001,3000592982016,0,,233065200,,,,,,,,0,,,,,,7992,,,,,,,,,,,,,,,,,,,,,,,,,,,,,,18,,,,,,0,,,,,,,,,,,,,,,,,,,,,,,,,,,,
2013-12-11,PL1331LAG5GMJH,HGST HMS5C4040ALE640,4000787030016,0,,0,,,,,,,,0,,,,,,9401,,,,,,,,,,,,,,,,,,,,,,,,,,,,,,30,,,,,,0,,,,,,,,,,,,,,,,,,,,,,,,,,,,
2013-12-11,MJ1321YNG0WVDA,Hitachi HDS5C3030ALA630,3000592982016,0,,0,,,,,,,,0,,,,,,20503,,,,,,,,,,,,,,,,,,,,,,,,,,,,,,25,,,,,,0,,,,,,,,,,,,,,,,,,,,,,,,,,,,
2013-12-11,6XW009VX,ST31500541AS,1500301910016,0,,148800478,,,,,,,,0,,,,,,36425,,,,,,,,,,,,,,,,,,,,,,,,,,,,,,20,,,,,,0,,,,,,,,,,,,,,,,,,,,,,,,,,,,
2013-12-11,Z300WN9M,ST4000DM000,4000787030016,0,,86304144,,,,,,,,0,,,,,,918,,,,,,,,,,,,,,,,,,,,,,,,,,,,,,17,,,,,,0,,,,,,,,,,,,,,,,,,,,,,,,,,,,
2013-12-11,MK0311YHG6P8GA,Hitachi HDS723030ALA640,3000592982016,0,,0,,,,,,,,0,,,,,,16682,,,,,,,,,,,,,,,,,,,,,,,,,,,,,,26,,,,,,0,,,,,,,,,,,,,,,,,,,,,,,,,,,,
2013-12-11,Z300E1F2,ST4000DM000,4000787030016,0,,215865104,,,,,,,,0,,,,,,1331,,,,,,,,,,,,,,,,,,,,,,,,,,,,,,22,,,,,,0,,,,,,,,,,,,,,,,,,,,,,,,,,,,
2013-12-11,MK0313YHGD89JC,Hitachi HDS723030ALA640,3000592982016,0,,196610,,,,,,,,0,,,,,,21455,,,,,,,,,,,,,,,,,,,,,,,,,,,,,,23,,,,,,0,,,,,,,,,,,,,,,,,,,,,,,,,,,,
2013-12-11,MJ1311YNG72ZLA,Hitachi HDS5C3030ALA630,3000592982016,0,,0,,,,,,,,0,,,,,,14595,,,,,,,,,,,,,,,,,,,,,,,,,,,,,,27,,,,,,0,,,,,,,,,,,,,,,,,,,,,,,,,,,,
2013-12-11,PL2321LAGASYBJ,Hitachi HDS5C4040ALE630,4000787030016,0,,65537,,,,,,,,0,,,,,,5055,,,,,,,,,,,,,,,,,,,,,,,,,,,,,,24,,,,,,0,,,,,,,,,,,,,,,,,,,,,,,,,,,,
2013-12-11,JK1101B9KLJ7MF,Hitachi HDS722020ALA330,2000398934016,0,,0,,,,,,,,0,,,,,,23075,,,,,,,,,,,,,,,,,,,,,,,,,,,,,,30,,,,,,0,,,,,,,,,,,,,,,,,,,,,,,,,,,,
2013-12-11,6XW021PB,ST31500541AS,1500301910016,0,,201659005,,,,,,,,0,,,,,,36644,,,,,,,,,,,,,,,,,,,,,,,,,,,,,,19,,,,,,0,,,,,,,,,,,,,,,,,,,,,,,,,,,,
2013-12-11,MJ1311YNG3AY6A,Hitachi HDS5C3030ALA630,3000592982016,0,,0,,,,,,,,0,,,,,,19588,,,,,,,,,,,,,,,,,,,,,,,,,,,,,,30,,,,,,0,,,,,,,,,,,,,,,,,,,,,,,,,,,,
2013-12-11,6XW1DJK8,ST32000542AS,2000398934016,0,,178286491,,,,,,,,0,,,,,,15216,,,,,,,,,,,,,,,,,,,,,,,,,,,,,,24,,,,,,0,,,,,,,,,,,,,,,,,,,,,,,,,,,,
2013-12-11,W1F14H9S,ST3000DM001,3000592982016,0,,181519272,,,,,,,,0,,,,,,8178,,,,,,,,,,,,,,,,,,,,,,,,,,,,,,24,,,,,,0,,,,,,,,,,,,,,,,,,,,,,,,,,,,
2013-12-11,PL1311LAG275YA,Hitachi HDS5C4040ALE630,4000787030016,0,,0,,,,,,,,0,,,,,,6074,,,,,,,,,,,,,,,,,,,,,,,,,,,,,,20,,,,,,0,,,,,,,,,,,,,,,,,,,,,,,,,,,,
2013-12-11,JK11A8B9J3V64F,Hitachi HDS722020ALA330,2000398934016,0,,0,,,,,,,,0,,,,,,23319,,,,,,,,,,,,,,,,,,,,,,,,,,,,,,34,,,,,,0,,,,,,,,,,,,,,,,,,,,,,,,,,,,
2013-12-11,Z300CN6A,ST4000DM000,4000787030016,0,,118416664,,,,,,,,0,,,,,,2241,,,,,,,,,,,,,,,,,,,,,,,,,,,,,,21,,,,,,0,,,,,,,,,,,,,,,,,,,,,,,,,,,,
2013-12-11,PL1311LAG35BUH,Hitachi HDS5C4040ALE630,4000787030016,0,,0,,,,,,,,0,,,,,,5056,,,,,,,,,,,,,,,,,,,,,,,,,,,,,,32,,,,,,0,,,,,,,,,,,,,,,,,,,,,,,,,,,,
2013-12-11,9VS3JYWY,ST31500341AS,1500301910016,0,,195763893,,,,,,,,94,,,,,,32918,,,,,,,,,,,,,,,,,,,,,,,,,,,,,,24,,,,,,0,,,,,,,,,,,,,,,,,,,,,,,,,,,,
2013-12-11,9VS2BA7S,ST31500341AS,1500301910016,0,,120842217,,,,,,,,5,,,,,,33612,,,,,,,,,,,,,,,,,,,,,,,,,,,,,,28,,,,,,0,,,,,,,,,,,,,,,,,,,,,,,,,,,,
2013-12-11,9VS2A1WN,ST31500341AS,1500301910016,0,,239499984,,,,,,,,3,,,,,,38662,,,,,,,,,,,,,,,,,,,,,,,,,,,,,,20,,,,,,0,,,,,,,,,,,,,,,,,,,,,,,,,,,,
2013-12-11,PL1311LAG25X8A,Hitachi HDS5C4040ALE630,4000787030016,0,,0,,,,,,,,0,,,,,,7459,,,,,,,,,,,,,,,,,,,,,,,,,,,,,,27,,,,,,0,,,,,,,,,,,,,,,,,,,,,,,,,,,,
2013-12-11,MJ1311YNG7LN6A,Hitachi HDS5C3030ALA630,3000592982016,0,,0,,,,,,,,0,,,,,,14291,,,,,,,,,,,,,,,,,,,,,,,,,,,,,,26,,,,,,0,,,,,,,,,,,,,,,,,,,,,,,,,,,,
2013-12-11,MJ1311YNG3L1YA,Hitachi HDS5C3030ALA630,3000592982016,0,,0,,,,,,,,0,,,,,,19310,,,,,,,,,,,,,,,,,,,,,,,,,,,,,,24,,,,,,0,,,,,,,,,,,,,,,,,,,,,,,,,,,,
2013-12-11,W300657K,ST4000DM000,4000787030016,0,,185075696,,,,,,,,0,,,,,,2856,,,,,,,,,,,,,,,,,,,,,,,,,,,,,,21,,,,,,0,,,,,,,,,,,,,,,,,,,,,,,,,,,,
2013-12-11,JK11A4B8J7RTBW,Hitachi HDS722020ALA330,2000398934016,0,,65536,,,,,,,,0,,,,,,25125,,,,,,,,,,,,,,,,,,,,,,,,,,,,,,29,,,,,,0,,,,,,,,,,,,,,,,,,,,,,,,,,,,
2013-12-11,MK0311YHGEZB3A,Hitachi HDS723030ALA640,3000592982016,0,,0,,,,,,,,0,,,,,,17018,,,,,,,,,,,,,,,,,,,,,,,,,,,,,,27,,,,,,0,,,,,,,,,,,,,,,,,,,,,,,,,,,,
2013-12-11,W300KMF7,ST4000DM000,4000787030016,0,,42658696,,,,,,,,0,,,,,,815,,,,,,,,,,,,,,,,,,,,,,,,,,,,,,21,,,,,,0,,,,,,,,,,,,,,,,,,,,,,,,,,,,
2013-12-11,W1F0QV6V,ST3000DM001,3000592982016,0,,147580144,,,,,,,,0,,,,,,12617,,,,,,,,,,,,,,,,,,,,,,,,,,,,,,24,,,,,,0,,,,,,,,,,,,,,,,,,,,,,,,,,,,
2013-12-11,W1F1CZLY,ST3000DM001,3000592982016,0,,186657056,,,,,,,,0,,,,,,8651,,,,,,,,,,,,,,,,,,,,,,,,,,,,,,27,,,,,,0,,,,,,,,,,,,,,,,,,,,,,,,,,,,
2013-12-11,Z300MHVJ,ST4000DM000,4000787030016,0,,212400400,,,,,,,,0,,,,,,2899,,,,,,,,,,,,,,,,,,,,,,,,,,,,,,22,,,,,,0,,,,,,,,,,,,,,,,,,,,,,,,,,,,
2013-12-11,WD-WCAU47266413,WDC WD10EADS,1000204886016,0,,8,,,,,,,,0,,,,,,40910,,,,,,,,,,,,,,,,,,,,,,,,,,,,,,29,,,,,,0,,,,,,,,,,,,,,,,,,,,,,,,,,,,
2013-12-11,W1F0W2BX,ST3000DM001,3000592982016,0,,166235120,,,,,,,,0,,,,,,11639,,,,,,,,,,,,,,,,,,,,,,,,,,,,,,21,,,,,,0,,,,,,,,,,,,,,,,,,,,,,,,,,,,
2013-12-11,MJ0351YNGA0G5A,Hitachi HDS5C3030ALA630,3000592982016,0,,0,,,,,,,,0,,,,,,8615,,,,,,,,,,,,,,,,,,,,,,,,,,,,,,29,,,,,,0,,,,,,,,,,,,,,,,,,,,,,,,,,,,
2013-12-11,W300CGAV,ST4000DM000,4000787030016,0,,88084864,,,,,,,,0,,,,,,2243,,,,,,,,,,,,,,,,,,,,,,,,,,,,,,25,,,,,,0,,,,,,,,,,,,,,,,,,,,,,,,,,,,
2013-12-11,JK11A8B9J3ATSF,Hitachi HDS722020ALA330,2000398934016,0,,0,,,,,,,,0,,,,,,22415,,,,,,,,,,,,,,,,,,,,,,,,,,,,,,27,,,,,,0,,,,,,,,,,,,,,,,,,,,,,,,,,,,
2013-12-11,JK1104B8JRVG6W,Hitachi HDS722020ALA330,2000398934016,0,,0,,,,,,,,0,,,,,,23126,,,,,,,,,,,,,,,,,,,,,,,,,,,,,,26,,,,,,0,,,,,,,,,,,,,,,,,,,,,,,,,,,,
2013-12-11,JK11A8B9J7LJGF,Hitachi HDS722020ALA330,2000398934016,0,,0,,,,,,,,0,,,,,,23319,,,,,,,,,,,,,,,,,,,,,,,,,,,,,,37,,,,,,0,,,,,,,,,,,,,,,,,,,,,,,,,,,,
2013-12-11,W300ASC6,ST4000DM000,4000787030016,0,,176134712,,,,,,,,0,,,,,,4167,,,,,,,,,,,,,,,,,,,,,,,,,,,,,,30,,,,,,0,,,,,,,,,,,,,,,,,,,,,,,,,,,,
2013-12-11,MJ0351YNG9RWHA,Hitachi HDS5C3030ALA630,3000592982016,0,,0,,,,,,,,0,,,,,,8618,,,,,,,,,,,,,,,,,,,,,,,,,,,,,,34,,,,,,0,,,,,,,,,,,,,,,,,,,,,,,,,,,,
2013-12-11,Z3001J37,ST4000DM000,4000787030016,0,,174541064,,,,,,,,0,,,,,,5417,,,,,,,,,,,,,,,,,,,,,,,,,,,,,,25,,,,,,0,,,,,,,,,,,,,,,,,,,,,,,,,,,,
2013-12-11,W300D602,ST4000DM000,4000787030016,0,,16592424,,,,,,,,0,,,,,,4167,,,,,,,,,,,,,,,,,,,,,,,,,,,,,,30,,,,,,0,,,,,,,,,,,,,,,,,,,,,,,,,,,,
2013-12-11,6XW044GL,ST31500541AS,1500301910016,0,,21880300,,,,,,,,0,,,,,,36450,,,,,,,,,,,,,,,,,,,,,,,,,,,,,,16,,,,,,0,,,,,,,,,,,,,,,,,,,,,,,,,,,,
2013-12-11,W300KKXL,ST4000DM000,4000787030016,0,,9173112,,,,,,,,0,,,,,,919,,,,,,,,,,,,,,,,,,,,,,,,,,,,,,21,,,,,,0,,,,,,,,,,,,,,,,,,,,,,,,,,,,
2013-12-11,Z1F0QK7Z,ST3000DM001,3000592982016,0,,200796688,,,,,,,,0,,,,,,11753,,,,,,,,,,,,,,,,,,,,,,,,,,,,,,29,,,,,,0,,,,,,,,,,,,,,,,,,,,,,,,,,,,
2013-12-11,WD-WCAWZ1346588,WDC WD30EZRX,3000592982016,0,,0,,,,,,,,0,,,,,,18012,,,,,,,,,,,,,,,,,,,,,,,,,,,,,,22,,,,,,7,,,,,,,,,,,,,,,,,,,,,,,,,,,,
2013-12-11,W300KKXX,ST4000DM000,4000787030016,0,,93412912,,,,,,,,0,,,,,,919,,,,,,,,,,,,,,,,,,,,,,,,,,,,,,18,,,,,,0,,,,,,,,,,,,,,,,,,,,,,,,,,,,
2013-12-11,6XW044GQ,ST31500541AS,1500301910016,0,,65312750,,,,,,,,0,,,,,,36936,,,,,,,,,,,,,,,,,,,,,,,,,,,,,,22,,,,,,0,,,,,,,,,,,,,,,,,,,,,,,,,,,,
2013-12-11,W1F0KD36,ST3000DM001,3000592982016,0,,66189320,,,,,,,,0,,,,,,11611,,,,,,,,,,,,,,,,,,,,,,,,,,,,,,31,,,,,,0,,,,,,,,,,,,,,,,,,,,,,,,,,,,
2013-12-11,JK11A8B9GP57KF,Hitachi HDS722020ALA330,2000398934016,0,,0,,,,,,,,6,,,,,,23719,,,,,,,,,,,,,,,,,,,,,,,,,,,,,,25,,,,,,0,,,,,,,,,,,,,,,,,,,,,,,,,,,,
2013-12-11,MJ1311YNG2NDKA,Hitachi HDS5C3030ALA630,3000592982016,0,,0,,,,,,,,0,,,,,,18405,,,,,,,,,,,,,,,,,,,,,,,,,,,,,,23,,,,,,0,,,,,,,,,,,,,,,,,,,,,,,,,,,,
2013-12-11,JK11A8B9J9L45F,Hitachi HDS722020ALA330,2000398934016,0,,65536,,,,,,,,0,,,,,,25661,,,,,,,,,,,,,,,,,,,,,,,,,,,,,,27,,,,,,0,,,,,,,,,,,,,,,,,,,,,,,,,,,,
2013-12-11,S1F0CWHW,ST3000DM001,3000592982016,0,,11268160,,,,,,,,0,,,,,,12365,,,,,,,,,,,,,,,,,,,,,,,,,,,,,,26,,,,,,0,,,,,,,,,,,,,,,,,,,,,,,,,,,,
2013-12-11,9VS27PL9,ST31500341AS,1500301910016,0,,75629190,,,,,,,,0,,,,,,38494,,,,,,,,,,,,,,,,,,,,,,,,,,,,,,23,,,,,,0,,,,,,,,,,,,,,,,,,,,,,,,,,,,
2013-12-11,S1F0CWHC,ST3000DM001,3000592982016,0,,69498488,,,,,,,,0,,,,,,12344,,,,,,,,,,,,,,,,,,,,,,,,,,,,,,23,,,,,,0,,,,,,,,,,,,,,,,,,,,,,,,,,,,
2013-12-11,6XW0H6LC,ST31500541AS,1500301910016,0,,115199219,,,,,,,,0,,,,,,15750,,,,,,,,,,,,,,,,,,,,,,,,,,,,,,27,,,,,,0,,,,,,,,,,,,,,,,,,,,,,,,,,,,
2013-12-11,W1F0B4P9,ST3000DM001,3000592982016,0,,153157440,,,,,,,,0,,,,,,13794,,,,,,,,,,,,,,,,,,,,,,,,,,,,,,25,,,,,,0,,,,,,,,,,,,,,,,,,,,,,,,,,,,
2013-12-11,6XW01Z8D,ST31500541AS,1500301910016,0,,201695625,,,,,,,,22,,,,,,35437,,,,,,,,,,,,,,,,,,,,,,,,,,,,,,20,,,,,,0,,,,,,,,,,,,,,,,,,,,,,,,,,,,
2013-12-11,JK1101B9GE4Y8F,Hitachi HDS722020ALA330,2000398934016,0,,0,,,,,,,,0,,,,,,26929,,,,,,,,,,,,,,,,,,,,,,,,,,,,,,25,,,,,,0,,,,,,,,,,,,,,,,,,,,,,,,,,,,
2013-12-11,JK11A8B9J72A7F,Hitachi HDS722020ALA330,2000398934016,0,,0,,,,,,,,0,,,,,,22696,,,,,,,,,,,,,,,,,,,,,,,,,,,,,,23,,,,,,0,,,,,,,,,,,,,,,,,,,,,,,,,,,,
2013-12-11,Z1F17Z3N,ST3000DM001,3000592982016,0,,42785352,,,,,,,,0,,,,,,8498,,,,,,,,,,,,,,,,,,,,,,,,,,,,,,21,,,,,,0,,,,,,,,,,,,,,,,,,,,,,,,,,,,
2013-12-11,JK11A8B9J7HVKF,Hitachi HDS722020ALA330,2000398934016,0,,0,,,,,,,,0,,,,,,23486,,,,,,,,,,,,,,,,,,,,,,,,,,,,,,26,,,,,,0,,,,,,,,,,,,,,,,,,,,,,,,,,,,
2013-12-11,W1F0KD3Y,ST3000DM001,3000592982016,0,,16318296,,,,,,,,0,,,,,,12319,,,,,,,,,,,,,,,,,,,,,,,,,,,,,,29,,,,,,0,,,,,,,,,,,,,,,,,,,,,,,,,,,,
2013-12-11,Z300C7VS,ST4000DM000,4000787030016,0,,113927440,,,,,,,,0,,,,,,2257,,,,,,,,,,,,,,,,,,,,,,,,,,,,,,22,,,,,,0,,,,,,,,,,,,,,,,,,,,,,,,,,,,
2013-12-11,W300KKX9,ST4000DM000,4000787030016,0,,227264808,,,,,,,,0,,,,,,919,,,,,,,,,,,,,,,,,,,,,,,,,,,,,,19,,,,,,0,,,,,,,,,,,,,,,,,,,,,,,,,,,,
2013-12-11,5XW02XG3,ST31500541AS,1500301910016,0,,209425046,,,,,,,,0,,,,,,35748,,,,,,,,,,,,,,,,,,,,,,,,,,,,,,22,,,,,,0,,,,,,,,,,,,,,,,,,,,,,,,,,,,
2013-12-11,JK11A8B9J1ZMUF,Hitachi HDS722020ALA330,2000398934016,0,,0,,,,,,,,0,,,,,,23709,,,,,,,,,,,,,,,,,,,,,,,,,,,,,,31,,,,,,0,,,,,,,,,,,,,,,,,,,,,,,,,,,,
2013-12-11,PL1311LAG26MDA,Hitachi HDS5C4040ALE630,4000787030016,0,,0,,,,,,,,0,,,,,,7002,,,,,,,,,,,,,,,,,,,,,,,,,,,,,,20,,,,,,0,,,,,,,,,,,,,,,,,,,,,,,,,,,,
2013-12-11,Z1F0LVEM,ST3000DM001,3000592982016,0,,101129016,,,,,,,,0,,,,,,11653,,,,,,,,,,,,,,,,,,,,,,,,,,,,,,27,,,,,,0,,,,,,,,,,,,,,,,,,,,,,,,,,,,
2013-12-11,PL1311LAG15UWA,Hitachi HDS5C4040ALE630,4000787030016,0,,0,,,,,,,,0,,,,,,7452,,,,,,,,,,,,,,,,,,,,,,,,,,,,,,21,,,,,,0,,,,,,,,,,,,,,,,,,,,,,,,,,,,
2013-12-11,PL1311LAG1VGZA,Hitachi HDS5C4040ALE630,4000787030016,0,,0,,,,,,,,0,,,,,,6568,,,,,,,,,,,,,,,,,,,,,,,,,,,,,,30,,,,,,0,,,,,,,,,,,,,,,,,,,,,,,,,,,,
2013-12-11,Z300KGVE,ST4000DM000,4000787030016,0,,124072664,,,,,,,,0,,,,,,152,,,,,,,,,,,,,,,,,,,,,,,,,,,,,,27,,,,,,0,,,,,,,,,,,,,,,,,,,,,,,,,,,,
2013-12-11,MJ1321YNG0DYJA,Hitachi HDS5C3030ALA630,3000592982016,0,,0,,,,,,,,0,,,,,,20731,,,,,,,,,,,,,,,,,,,,,,,,,,,,,,32,,,,,,0,,,,,,,,,,,,,,,,,,,,,,,,,,,,
2013-12-11,JK1105B8G7TUTX,Hitachi HDS722020ALA330,2000398934016,0,,0,,,,,,,,0,,,,,,27221,,,,,,,,,,,,,,,,,,,,,,,,,,,,,,32,,,,,,0,,,,,,,,,,,,,,,,,,,,,,,,,,,,
2013-12-11,Z300HLPG,ST4000DM000,4000787030016,0,,8390472,,,,,,,,0,,,,,,2899,,,,,,,,,,,,,,,,,,,,,,,,,,,,,,24,,,,,,0,,,,,,,,,,,,,,,,,,,,,,,,,,,,
2013-12-11,JK1101B8KNB3JS,Hitachi HDS722020ALA330,2000398934016,0,,1,,,,,,,,0,,,,,,23099,,,,,,,,,,,,,,,,,,,,,,,,,,,,,,25,,,,,,0,,,,,,,,,,,,,,,,,,,,,,,,,,,,
2013-12-11,5XW03DM4,ST31500541AS,1500301910016,0,,36678394,,,,,,,,0,,,,,,37155,,,,,,,,,,,,,,,,,,,,,,,,,,,,,,23,,,,,,0,,,,,,,,,,,,,,,,,,,,,,,,,,,,
2013-12-11,MJ1311YNG4M6UA,Hitachi HDS5C3030ALA630,3000592982016,0,,0,,,,,,,,0,,,,,,20732,,,,,,,,,,,,,,,,,,,,,,,,,,,,,,24,,,,,,0,,,,,,,,,,,,,,,,,,,,,,,,,,,,
2013-12-11,JK1104B8GDU16W,Hitachi HDS722020ALA330,2000398934016,0,,0,,,,,,,,0,,,,,,27158,,,,,,,,,,,,,,,,,,,,,,,,,,,,,,21,,,,,,0,,,,,,,,,,,,,,,,,,,,,,,,,,,,
2013-12-11,JK1101B9J3M53F,Hitachi HDS722020ALA330,2000398934016,0,,0,,,,,,,,4,,,,,,21473,,,,,,,,,,,,,,,,,,,,,,,,,,,,,,29,,,,,,0,,,,,,,,,,,,,,,,,,,,,,,,,,,,
2013-12-11,Z1F0E71G,ST3000DM001,3000592982016,0,,70063256,,,,,,,,0,,,,,,6653,,,,,,,,,,,,,,,,,,,,,,,,,,,,,,21,,,,,,0,,,,,,,,,,,,,,,,,,,,,,,,,,,,
2013-12-11,Z300K27T,ST4000DM000,4000787030016,0,,143288680,,,,,,,,0,,,,,,2215,,,,,,,,,,,,,,,,,,,,,,,,,,,,,,22,,,,,,0,,,,,,,,,,,,,,,,,,,,,,,,,,,,
2013-12-11,MJ0351YNG9NYEA,Hitachi HDS5C3030ALA630,3000592982016,0,,0,,,,,,,,0,,,,,,9958,,,,,,,,,,,,,,,,,,,,,,,,,,,,,,28,,,,,,0,,,,,,,,,,,,,,,,,,,,,,,,,,,,
2013-12-11,Z300K27P,ST4000DM000,4000787030016,0,,10695520,,,,,,,,0,,,,,,2217,,,,,,,,,,,,,,,,,,,,,,,,,,,,,,24,,,,,,0,,,,,,,,,,,,,,,,,,,,,,,,,,,,
2013-12-11,W1F0A64B,ST3000DM001,3000592982016,0,,177649264,,,,,,,,0,,,,,,15365,,,,,,,,,,,,,,,,,,,,,,,,,,,,,,20,,,,,,8,,,,,,,,,,,,,,,,,,,,,,,,,,,,
2013-12-11,W300K120,ST4000DM000,4000787030016,0,,189665376,,,,,,,,0,,,,,,920,,,,,,,,,,,,,,,,,,,,,,,,,,,,,,18,,,,,,0,,,,,,,,,,,,,,,,,,,,,,,,,,,,
2013-12-11,S1F015FL,ST3000DM001,3000592982016,0,,178148152,,,,,,,,0,,,,,,15391,,,,,,,,,,,,,,,,,,,,,,,,,,,,,,27,,,,,,0,,,,,,,,,,,,,,,,,,,,,,,,,,,,
2013-12-11,MJ0351YNG9YV8A,Hitachi HDS5C3030ALA630,3000592982016,0,,0,,,,,,,,0,,,,,,9986,,,,,,,,,,,,,,,,,,,,,,,,,,,,,,28,,,,,,0,,,,,,,,,,,,,,,,,,,,,,,,,,,,
2013-12-11,MK0311YHG33N4A,Hitachi HDS723030ALA640,3000592982016,0,,0,,,,,,,,0,,,,,,22348,,,,,,,,,,,,,,,,,,,,,,,,,,,,,,26,,,,,,0,,,,,,,,,,,,,,,,,,,,,,,,,,,,
2013-12-11,W1F0A64S,ST3000DM001,3000592982016,0,,209119904,,,,,,,,0,,,,,,15365,,,,,,,,,,,,,,,,,,,,,,,,,,,,,,20,,,,,,272,,,,,,,,,,,,,,,,,,,,,,,,,,,,
2013-12-11,S1F01NSZ,ST3000DM001,3000592982016,0,,106528456,,,,,,,,1176,,,,,,15415,,,,,,,,,,,,,,,,,,,,,,,,,,,,,,24,,,,,,0,,,,,,,,,,,,,,,,,,,,,,,,,,,,
2013-12-11,JK11A8B9J3V5KF,Hitachi HDS722020ALA330,2000398934016,0,,0,,,,,,,,0,,,,,,23512,,,,,,,,,,,,,,,,,,,,,,,,,,,,,,24,,,,,,0,,,,,,,,,,,,,,,,,,,,,,,,,,,,
2013-12-11,MJ1321YNG0MHMA,Hitachi HDS5C3030ALA630,3000592982016,0,,0,,,,,,,,0,,,,,,20512,,,,,,,,,,,,,,,,,,,,,,,,,,,,,,26,,,,,,0,,,,,,,,,,,,,,,,,,,,,,,,,,,,
2013-12-11,PL1311LAG3A9PH,Hitachi HDS5C4040ALE630,4000787030016,0,,0,,,,,,,,0,,,,,,3629,,,,,,,,,,,,,,,,,,,,,,,,,,,,,,29,,,,,,0,,,,,,,,,,,,,,,,,,,,,,,,,,,,
2013-12-11,JK1101B9KNXGYF,Hitachi HDS722020ALA330,2000398934016,0,,0,,,,,,,,0,,,,,,23075,,,,,,,,,,,,,,,,,,,,,,,,,,,,,,33,,,,,,0,,,,,,,,,,,,,,,,,,,,,,,,,,,,
2013-12-11,S1F0QWRL,ST3000DM001,3000592982016,0,,12578128,,,,,,,,0,,,,,,11620,,,,,,,,,,,,,,,,,,,,,,,,,,,,,,22,,,,,,0,,,,,,,,,,,,,,,,,,,,,,,,,,,,
2013-12-11,MJ1311YNG7G99A,Hitachi HDS5C3030ALA630,3000592982016,0,,0,,,,,,,,0,,,,,,14290,,,,,,,,,,,,,,,,,,,,,,,,,,,,,,26,,,,,,0,,,,,,,,,,,,,,,,,,,,,,,,,,,,
2013-12-11,JK1105B8JS0PVX,Hitachi HDS722020ALA330,2000398934016,0,,0,,,,,,,,0,,,,,,23488,,,,,,,,,,,,,,,,,,,,,,,,,,,,,,25,,,,,,0,,,,,,,,,,,,,,,,,,,,,,,,,,,,
2013-12-11,9VS2Q2A6,ST31500341AS,1500301910016,0,,138774189,,,,,,,,2,,,,,,31278,,,,,,,,,,,,,,,,,,,,,,,,,,,,,,21,,,,,,0,,,,,,,,,,,,,,,,,,,,,,,,,,,,
2013-12-11,JK11A8B9J85ZYF,Hitachi HDS722020ALA330,2000398934016,0,,0,,,,,,,,40,,,,,,25661,,,,,,,,,,,,,,,,,,,,,,,,,,,,,,28,,,,,,0,,,,,,,,,,,,,,,,,,,,,,,,,,,,
2013-12-11,MK0311YHGJ14TA,Hitachi HDS723030ALA640,3000592982016,0,,0,,,,,,,,0,,,,,,21460,,,,,,,,,,,,,,,,,,,,,,,,,,,,,,22,,,,,,0,,,,,,,,,,,,,,,,,,,,,,,,,,,,
2013-12-11,MJ1311YNG35R8A,Hitachi HDS5C3030ALA630,3000592982016,0,,0,,,,,,,,0,,,,,,18065,,,,,,,,,,,,,,,,,,,,,,,,,,,,,,24,,,,,,0,,,,,,,,,,,,,,,,,,,,,,,,,,,,
2013-12-11,Z300CRGY,ST4000DM000,4000787030016,0,,7736760,,,,,,,,0,,,,,,2216,,,,,,,,,,,,,,,,,,,,,,,,,,,,,,20,,,,,,0,,,,,,,,,,,,,,,,,,,,,,,,,,,,
2013-12-11,Z300XA85,ST4000DM000,4000787030016,0,,195277808,,,,,,,,0,,,,,,887,,,,,,,,,,,,,,,,,,,,,,,,,,,,,,23,,,,,,0,,,,,,,,,,,,,,,,,,,,,,,,,,,,
2013-12-11,Z1F0LQMH,ST3000DM001,3000592982016,0,,183049752,,,,,,,,0,,,,,,12171,,,,,,,,,,,,,,,,,,,,,,,,,,,,,,21,,,,,,0,,,,,,,,,,,,,,,,,,,,,,,,,,,,
2013-12-11,W300D4BE,ST4000DM000,4000787030016,0,,229603136,,,,,,,,0,,,,,,4140,,,,,,,,,,,,,,,,,,,,,,,,,,,,,,22,,,,,,0,,,,,,,,,,,,,,,,,,,,,,,,,,,,
2013-12-11,PL1311LAG3B84H,Hitachi HDS5C4040ALE630,4000787030016,0,,0,,,,,,,,0,,,,,,5959,,,,,,,,,,,,,,,,,,,,,,,,,,,,,,17,,,,,,0,,,,,,,,,,,,,,,,,,,,,,,,,,,,
2013-12-11,S1F03EM0,ST3000DM001,3000592982016,0,,16264072,,,,,,,,0,,,,,,5044,,,,,,,,,,,,,,,,,,,,,,,,,,,,,,24,,,,,,0,,,,,,,,,,,,,,,,,,,,,,,,,,,,
2013-12-11,PL1321LAG36G4H,Hitachi HDS5C4040ALE630,4000787030016,0,,0,,,,,,,,0,,,,,,5037,,,,,,,,,,,,,,,,,,,,,,,,,,,,,,28,,,,,,0,,,,,,,,,,,,,,,,,,,,,,,,,,,,
2013-12-11,WD-WCAWZ0685534,WDC WD30EZRX,3000592982016,0,,0,,,,,,,,0,,,,,,12362,,,,,,,,,,,,,,,,,,,,,,,,,,,,,,19,,,,,,0,,,,,,,,,,,,,,,,,,,,,,,,,,,,
2013-12-11,MJ1311YNG38WNA,Hitachi HDS5C3030ALA630,3000592982016,0,,0,,,,,,,,0,,,,,,19310,,,,,,,,,,,,,,,,,,,,,,,,,,,,,,28,,,,,,0,,,,,,,,,,,,,,,,,,,,,,,,,,,,
2013-12-11,Z300WMDY,ST4000DM000,4000787030016,0,,134431040,,,,,,,,0,,,,,,918,,,,,,,,,,,,,,,,,,,,,,,,,,,,,,18,,,,,,0,,,,,,,,,,,,,,,,,,,,,,,,,,,,
2013-12-11,S1F031WS,ST3000DM001,3000592982016,0,,97012232,,,,,,,,0,,,,,,16198,,,,,,,,,,,,,,,,,,,,,,,,,,,,,,25,,,,,,0,,,,,,,,,,,,,,,,,,,,,,,,,,,,
2013-12-11,Z300PB3R,ST4000DM000,4000787030016,0,,224900728,,,,,,,,0,,,,,,1114,,,,,,,,,,,,,,,,,,,,,,,,,,,,,,30,,,,,,0,,,,,,,,,,,,,,,,,,,,,,,,,,,,
2013-12-11,Z300PB3S,ST4000DM000,4000787030016,0,,163291384,,,,,,,,0,,,,,,1093,,,,,,,,,,,,,,,,,,,,,,,,,,,,,,27,,,,,,0,,,,,,,,,,,,,,,,,,,,,,,,,,,,
2013-12-11,Z300PB3X,ST4000DM000,4000787030016,0,,101702440,,,,,,,,0,,,,,,1093,,,,,,,,,,,,,,,,,,,,,,,,,,,,,,27,,,,,,0,,,,,,,,,,,,,,,,,,,,,,,,,,,,
2013-12-11,9VS3HTHR,ST31500341AS,1500301910016,0,,170511386,,,,,,,,4,,,,,,32917,,,,,,,,,,,,,,,,,,,,,,,,,,,,,,21,,,,,,0,,,,,,,,,,,,,,,,,,,,,,,,,,,,
2013-12-11,W300DCBH,ST4000DM000,4000787030016,0,,81007400,,,,,,,,0,,,,,,4138,,,,,,,,,,,,,,,,,,,,,,,,,,,,,,24,,,,,,0,,,,,,,,,,,,,,,,,,,,,,,,,,,,
2013-12-11,Z1F0LAP3,ST3000DM001,3000592982016,0,,57795424,,,,,,,,0,,,,,,12167,,,,,,,,,,,,,,,,,,,,,,,,,,,,,,26,,,,,,0,,,,,,,,,,,,,,,,,,,,,,,,,,,,
2013-12-11,JK11A4B8J8427W,Hitachi HDS722020ALA330,2000398934016,0,,1,,,,,,,,0,,,,,,26024,,,,,,,,,,,,,,,,,,,,,,,,,,,,,,28,,,,,,0,,,,,,,,,,,,,,,,,,,,,,,,,,,,
2013-12-11,JK11A8B9J3D9HF,Hitachi HDS722020ALA330,2000398934016,0,,0,,,,,,,,8,,,,,,23320,,,,,,,,,,,,,,,,,,,,,,,,,,,,,,25,,,,,,0,,,,,,,,,,,,,,,,,,,,,,,,,,,,
2013-12-11,JK11A8B9J1SDDF,Hitachi HDS722020ALA330,2000398934016,0,,0,,,,,,,,0,,,,,,24432,,,,,,,,,,,,,,,,,,,,,,,,,,,,,,28,,,,,,0,,,,,,,,,,,,,,,,,,,,,,,,,,,,
2013-12-11,S1F05NEC,ST3000DM001,3000592982016,0,,90358200,,,,,,,,0,,,,,,12364,,,,,,,,,,,,,,,,,,,,,,,,,,,,,,28,,,,,,0,,,,,,,,,,,,,,,,,,,,,,,,,,,,
2013-12-11,Z300J7QG,ST4000DM000,4000787030016,0,,231638640,,,,,,,,0,,,,,,1113,,,,,,,,,,,,,,,,,,,,,,,,,,,,,,22,,,,,,0,,,,,,,,,,,,,,,,,,,,,,,,,,,,
2013-12-11,Z300KMGF,ST4000DM000,4000787030016,0,,214485624,,,,,,,,0,,,,,,2245,,,,,,,,,,,,,,,,,,,,,,,,,,,,,,20,,,,,,0,,,,,,,,,,,,,,,,,,,,,,,,,,,,
2013-12-11,MJ1311YNG5ANTA,Hitachi HDS5C3030ALA630,3000592982016,0,,0,,,,,,,,0,,,,,,14331,,,,,,,,,,,,,,,,,,,,,,,,,,,,,,35,,,,,,0,,,,,,,,,,,,,,,,,,,,,,,,,,,,
2013-12-11,W300DZYW,ST4000DM000,4000787030016,0,,14497064,,,,,,,,0,,,,,,1478,,,,,,,,,,,,,,,,,,,,,,,,,,,,,,23,,,,,,0,,,,,,,,,,,,,,,,,,,,,,,,,,,,
2013-12-11,S1F025ME,ST3000DM001,3000592982016,0,,79819552,,,,,,,,0,,,,,,14728,,,,,,,,,,,,,,,,,,,,,,,,,,,,,,22,,,,,,24,,,,,,,,,,,,,,,,,,,,,,,,,,,,
2013-12-11,JK1170YAJDAE0T,Hitachi HDS722020ALA330,2000398934016,0,,0,,,,,,,,0,,,,,,28684,,,,,,,,,,,,,,,,,,,,,,,,,,,,,,27,,,,,,0,,,,,,,,,,,,,,,,,,,,,,,,,,,,
2013-12-11,W1F0B2BL,ST3000DM001,3000592982016,0,,64828376,,,,,,,,472,,,,,,13820,,,,,,,,,,,,,,,,,,,,,,,,,,,,,,24,,,,,,0,,,,,,,,,,,,,,,,,,,,,,,,,,,,
2013-12-11,MJ1313YNG1Y2VC,Hitachi HDS5C3030ALA630,3000592982016,0,,0,,,,,,,,0,,,,,,21796,,,,,,,,,,,,,,,,,,,,,,,,,,,,,,24,,,,,,0,,,,,,,,,,,,,,,,,,,,,,,,,,,,
2013-12-11,MJ1311YNG3E9ZA,Hitachi HDS5C3030ALA630,3000592982016,0,,0,,,,,,,,0,,,,,,19252,,,,,,,,,,,,,,,,,,,,,,,,,,,,,,26,,,,,,0,,,,,,,,,,,,,,,,,,,,,,,,,,,,
2013-12-11,PL1311LAG3BRTH,Hitachi HDS5C4040ALE630,4000787030016,0,,0,,,,,,,,0,,,,,,5959,,,,,,,,,,,,,,,,,,,,,,,,,,,,,,16,,,,,,0,,,,,,,,,,,,,,,,,,,,,,,,,,,,
2013-12-11,JK11A8B9J7NG7F,Hitachi HDS722020ALA330,2000398934016,0,,0,,,,,,,,0,,,,,,24914,,,,,,,,,,,,,,,,,,,,,,,,,,,,,,28,,,,,,0,,,,,,,,,,,,,,,,,,,,,,,,,,,,
2013-12-11,Z300KMG3,ST4000DM000,4000787030016,0,,213717072,,,,,,,,0,,,,,,2245,,,,,,,,,,,,,,,,,,,,,,,,,,,,,,20,,,,,,0,,,,,,,,,,,,,,,,,,,,,,,,,,,,
2013-12-11,PL2311LAG1KMVC,Hitachi HDS5C4040ALE630,4000787030016,0,,0,,,,,,,,0,,,,,,7412,,,,,,,,,,,,,,,,,,,,,,,,,,,,,,25,,,,,,0,,,,,,,,,,,,,,,,,,,,,,,,,,,,
2013-12-11,MJ1311YNG38XXA,Hitachi HDS5C3030ALA630,3000592982016,0,,21430595,,,,,,,,0,,,,,,19586,,,,,,,,,,,,,,,,,,,,,,,,,,,,,,21,,,,,,0,,,,,,,,,,,,,,,,,,,,,,,,,,,,
2013-12-11,S1F0GG2D,ST3000DM001,3000592982016,0,,28763568,,,,,,,,0,,,,,,12173,,,,,,,,,,,,,,,,,,,,,,,,,,,,,,34,,,,,,0,,,,,,,,,,,,,,,,,,,,,,,,,,,,
2013-12-11,JK11A8B9J73LBF,Hitachi HDS722020ALA330,2000398934016,0,,0,,,,,,,,0,,,,,,22300,,,,,,,,,,,,,,,,,,,,,,,,,,,,,,29,,,,,,0,,,,,,,,,,,,,,,,,,,,,,,,,,,,
2013-12-11,JK1101B9J21DKF,Hitachi HDS722020ALA330,2000398934016,0,,0,,,,,,,,0,,,,,,24213,,,,,,,,,,,,,,,,,,,,,,,,,,,,,,28,,,,,,0,,,,,,,,,,,,,,,,,,,,,,,,,,,,
2013-12-11,MK0331YHGRVHXA,Hitachi HDS723030ALA640,3000592982016,0,,0,,,,,,,,0,,,,,,17357,,,,,,,,,,,,,,,,,,,,,,,,,,,,,,22,,,,,,0,,,,,,,,,,,,,,,,,,,,,,,,,,,,
2013-12-11,W1F09E3M,ST3000DM001,3000592982016,0,,105632352,,,,,,,,0,,,,,,15216,,,,,,,,,,,,,,,,,,,,,,,,,,,,,,23,,,,,,0,,,,,,,,,,,,,,,,,,,,,,,,,,,,
2013-12-11,W1F1AN6A,ST3000DM001,3000592982016,0,,190812928,,,,,,,,0,,,,,,8208,,,,,,,,,,,,,,,,,,,,,,,,,,,,,,23,,,,,,0,,,,,,,,,,,,,,,,,,,,,,,,,,,,
2013-12-11,JK11A4B8J7RS2W,Hitachi HDS722020ALA330,2000398934016,0,,262147,,,,,,,,0,,,,,,25125,,,,,,,,,,,,,,,,,,,,,,,,,,,,,,29,,,,,,0,,,,,,,,,,,,,,,,,,,,,,,,,,,,
2013-12-11,9XW01Y6H,ST31500541AS,1500301910016,0,,208236848,,,,,,,,0,,,,,,34323,,,,,,,,,,,,,,,,,,,,,,,,,,,,,,16,,,,,,0,,,,,,,,,,,,,,,,,,,,,,,,,,,,
2013-12-11,PL1311LAG2XVNH,Hitachi HDS5C4040ALE630,4000787030016,0,,0,,,,,,,,0,,,,,,6654,,,,,,,,,,,,,,,,,,,,,,,,,,,,,,21,,,,,,0,,,,,,,,,,,,,,,,,,,,,,,,,,,,
2013-12-11,MJ0351YNGA58TA,Hitachi HDS5C3030ALA630,3000592982016,0,,0,,,,,,,,0,,,,,,8611,,,,,,,,,,,,,,,,,,,,,,,,,,,,,,31,,,,,,0,,,,,,,,,,,,,,,,,,,,,,,,,,,,
2013-12-11,MJ1323YNG1TJ7C,Hitachi HDS5C3030ALA630,3000592982016,0,,0,,,,,,,,0,,,,,,19373,,,,,,,,,,,,,,,,,,,,,,,,,,,,,,22,,,,,,0,,,,,,,,,,,,,,,,,,,,,,,,,,,,
2013-12-11,9XW01Y6Y,ST31500541AS,1500301910016,0,,76185569,,,,,,,,0,,,,,,34308,,,,,,,,,,,,,,,,,,,,,,,,,,,,,,19,,,,,,0,,,,,,,,,,,,,,,,,,,,,,,,,,,,
2013-12-11,W30045XN,ST4000DM000,4000787030016,0,,175375536,,,,,,,,0,,,,,,2243,,,,,,,,,,,,,,,,,,,,,,,,,,,,,,20,,,,,,0,,,,,,,,,,,,,,,,,,,,,,,,,,,,
2013-12-11,Z300KC5L,ST4000DM000,4000787030016,0,,108764168,,,,,,,,0,,,,,,2241,,,,,,,,,,,,,,,,,,,,,,,,,,,,,,18,,,,,,0,,,,,,,,,,,,,,,,,,,,,,,,,,,,
2013-12-11,JK11A8B9J3S3TF,Hitachi HDS722020ALA330,2000398934016,0,,0,,,,,,,,0,,,,,,23319,,,,,,,,,,,,,,,,,,,,,,,,,,,,,,28,,,,,,0,,,,,,,,,,,,,,,,,,,,,,,,,,,,
2013-12-11,JK11A8B9J7XAKF,Hitachi HDS722020ALA330,2000398934016,0,,0,,,,,,,,0,,,,,,24912,,,,,,,,,,,,,,,,,,,,,,,,,,,,,,31,,,,,,0,,,,,,,,,,,,,,,,,,,,,,,,,,,,
2013-12-11,5XW02J68,ST31500541AS,1500301910016,0,,178836451,,,,,,,,0,,,,,,36443,,,,,,,,,,,,,,,,,,,,,,,,,,,,,,19,,,,,,0,,,,,,,,,,,,,,,,,,,,,,,,,,,,
2013-12-11,Z290VD9X,ST33000651AS,3000592982016,0,,212670765,,,,,,,,0,,,,,,18073,,,,,,,,,,,,,,,,,,,,,,,,,,,,,,30,,,,,,0,,,,,,,,,,,,,,,,,,,,,,,,,,,,
2013-12-11,9VS2AYQQ,ST31500341AS,1500301910016,0,,38717099,,,,,,,,5,,,,,,38665,,,,,,,,,,,,,,,,,,,,,,,,,,,,,,19,,,,,,0,,,,,,,,,,,,,,,,,,,,,,,,,,,,
2013-12-11,JK1105B8J36J4X,Hitachi HDS722020ALA330,2000398934016,0,,65536,,,,,,,,0,,,,,,22703,,,,,,,,,,,,,,,,,,,,,,,,,,,,,,29,,,,,,0,,,,,,,,,,,,,,,,,,,,,,,,,,,,
2013-12-11,W1F08DZZ,ST3000DM001,3000592982016,0,,138379512,,,,,,,,0,,,,,,15248,,,,,,,,,,,,,,,,,,,,,,,,,,,,,,20,,,,,,0,,,,,,,,,,,,,,,,,,,,,,,,,,,,
2013-12-11,JK11A8YBKX76JF,Hitachi HDS722020ALA330,2000398934016,0,,0,,,,,,,,0,,,,,,27862,,,,,,,,,,,,,,,,,,,,,,,,,,,,,,28,,,,,,0,,,,,,,,,,,,,,,,,,,,,,,,,,,,
2013-12-11,W1F0L22X,ST3000DM001,3000592982016,0,,167313848,,,,,,,,0,,,,,,12617,,,,,,,,,,,,,,,,,,,,,,,,,,,,,,23,,,,,,0,,,,,,,,,,,,,,,,,,,,,,,,,,,,
2013-12-11,W1F0ASF2,ST3000DM001,3000592982016,0,,234556408,,,,,,,,0,,,,,,13794,,,,,,,,,,,,,,,,,,,,,,,,,,,,,,27,,,,,,0,,,,,,,,,,,,,,,,,,,,,,,,,,,,
2013-12-11,JK11A8B9J7EVYF,Hitachi HDS722020ALA330,2000398934016,0,,0,,,,,,,,0,,,,,,22695,,,,,,,,,,,,,,,,,,,,,,,,,,,,,,28,,,,,,0,,,,,,,,,,,,,,,,,,,,,,,,,,,,
2013-12-11,W30045X2,ST4000DM000,4000787030016,0,,187267280,,,,,,,,0,,,,,,2243,,,,,,,,,,,,,,,,,,,,,,,,,,,,,,19,,,,,,0,,,,,,,,,,,,,,,,,,,,,,,,,,,,
2013-12-11,MJ0351YNG9ZY9A,Hitachi HDS5C3030ALA630,3000592982016,0,,0,,,,,,,,0,,,,,,9939,,,,,,,,,,,,,,,,,,,,,,,,,,,,,,23,,,,,,0,,,,,,,,,,,,,,,,,,,,,,,,,,,,
2013-12-11,W30045X0,ST4000DM000,4000787030016,0,,62347624,,,,,,,,0,,,,,,2243,,,,,,,,,,,,,,,,,,,,,,,,,,,,,,20,,,,,,0,,,,,,,,,,,,,,,,,,,,,,,,,,,,
2013-12-11,PL2311LAG1LAPC,Hitachi HDS5C4040ALE630,4000787030016,0,,0,,,,,,,,0,,,,,,7459,,,,,,,,,,,,,,,,,,,,,,,,,,,,,,25,,,,,,0,,,,,,,,,,,,,,,,,,,,,,,,,,,,
2013-12-11,MJ1321YNG0N81A,Hitachi HDS5C3030ALA630,3000592982016,0,,0,,,,,,,,0,,,,,,20512,,,,,,,,,,,,,,,,,,,,,,,,,,,,,,21,,,,,,0,,,,,,,,,,,,,,,,,,,,,,,,,,,,
2013-12-11,9VS1L8YF,ST31500341AS,1500301910016,0,,51485336,,,,,,,,3,,,,,,39095,,,,,,,,,,,,,,,,,,,,,,,,,,,,,,24,,,,,,0,,,,,,,,,,,,,,,,,,,,,,,,,,,,
2013-12-11,PL1321LAG355EH,Hitachi HDS5C4040ALE630,4000787030016,0,,0,,,,,,,,0,,,,,,6652,,,,,,,,,,,,,,,,,,,,,,,,,,,,,,23,,,,,,0,,,,,,,,,,,,,,,,,,,,,,,,,,,,
2013-12-11,S1F10VP8,ST3000DM001,3000592982016,0,,97751736,,,,,,,,0,,,,,,8128,,,,,,,,,,,,,,,,,,,,,,,,,,,,,,26,,,,,,0,,,,,,,,,,,,,,,,,,,,,,,,,,,,
2013-12-11,S1F10JL3,ST3000DM001,3000592982016,0,,140418712,,,,,,,,0,,,,,,8128,,,,,,,,,,,,,,,,,,,,,,,,,,,,,,27,,,,,,0,,,,,,,,,,,,,,,,,,,,,,,,,,,,
2013-12-11,5XW04856,ST31500541AS,1500301910016,0,,93270096,,,,,,,,0,,,,,,35200,,,,,,,,,,,,,,,,,,,,,,,,,,,,,,22,,,,,,0,,,,,,,,,,,,,,,,,,,,,,,,,,,,
2013-12-11,9XW01Y64,ST31500541AS,1500301910016,0,,107675531,,,,,,,,0,,,,,,34325,,,,,,,,,,,,,,,,,,,,,,,,,,,,,,15,,,,,,0,,,,,,,,,,,,,,,,,,,,,,,,,,,,
2013-12-11,9XK0PSZT,ST33000651AS,3000592982016,0,,220579402,,,,,,,,0,,,,,,14047,,,,,,,,,,,,,,,,,,,,,,,,,,,,,,27,,,,,,0,,,,,,,,,,,,,,,,,,,,,,,,,,,,
2013-12-11,MJ1323YNG1NMWC,Hitachi HDS5C3030ALA630,3000592982016,0,,0,,,,,,,,0,,,,,,19310,,,,,,,,,,,,,,,,,,,,,,,,,,,,,,26,,,,,,1,,,,,,,,,,,,,,,,,,,,,,,,,,,,
2013-12-11,JK1101B9GE2LYF,Hitachi HDS722020ALA330,2000398934016,0,,131073,,,,,,,,0,,,,,,27487,,,,,,,,,,,,,,,,,,,,,,,,,,,,,,24,,,,,,0,,,,,,,,,,,,,,,,,,,,,,,,,,,,
2013-12-11,9VS1L8YT,ST31500341AS,1500301910016,0,,17066852,,,,,,,,252,,,,,,39485,,,,,,,,,,,,,,,,,,,,,,,,,,,,,,26,,,,,,0,,,,,,,,,,,,,,,,,,,,,,,,,,,,
2013-12-11,W1F0AML5,ST3000DM001,3000592982016,0,,157179024,,,,,,,,0,,,,,,13362,,,,,,,,,,,,,,,,,,,,,,,,,,,,,,25,,,,,,0,,,,,,,,,,,,,,,,,,,,,,,,,,,,
2013-12-11,W1F0RG7P,ST3000DM001,3000592982016,0,,135096344,,,,,,,,0,,,,,,5028,,,,,,,,,,,,,,,,,,,,,,,,,,,,,,25,,,,,,8,,,,,,,,,,,,,,,,,,,,,,,,,,,,
2013-12-11,9XW01S28,ST31500541AS,1500301910016,0,,198093098,,,,,,,,0,,,,,,35745,,,,,,,,,,,,,,,,,,,,,,,,,,,,,,22,,,,,,0,,,,,,,,,,,,,,,,,,,,,,,,,,,,
2013-12-11,S1F04XZB,ST3000DM001,3000592982016,0,,213840680,,,,,,,,0,,,,,,16200,,,,,,,,,,,,,,,,,,,,,,,,,,,,,,23,,,,,,0,,,,,,,,,,,,,,,,,,,,,,,,,,,,
2013-12-11,MJ1311YNG36SEA,Hitachi HDS5C3030ALA630,3000592982016,0,,0,,,,,,,,0,,,,,,18593,,,,,,,,,,,,,,,,,,,,,,,,,,,,,,24,,,,,,0,,,,,,,,,,,,,,,,,,,,,,,,,,,,
2013-12-11,S1F13B41,ST3000DM001,3000592982016,0,,96443944,,,,,,,,0,,,,,,8178,,,,,,,,,,,,,,,,,,,,,,,,,,,,,,26,,,,,,0,,,,,,,,,,,,,,,,,,,,,,,,,,,,
2013-12-11,Z1F128GK,ST3000DM001,3000592982016,0,,106312288,,,,,,,,0,,,,,,4204,,,,,,,,,,,,,,,,,,,,,,,,,,,,,,24,,,,,,0,,,,,,,,,,,,,,,,,,,,,,,,,,,,
2013-12-11,JK1130YAG19R0T,Hitachi HDS722020ALA330,2000398934016,0,,0,,,,,,,,55,,,,,,9891,,,,,,,,,,,,,,,,,,,,,,,,,,,,,,28,,,,,,3,,,,,,,,,,,,,,,,,,,,,,,,,,,,
2013-12-11,JK11A8B9J411TF,Hitachi HDS722020ALA330,2000398934016,0,,0,,,,,,,,0,,,,,,24912,,,,,,,,,,,,,,,,,,,,,,,,,,,,,,29,,,,,,0,,,,,,,,,,,,,,,,,,,,,,,,,,,,
2013-12-11,Z290VN7J,ST33000651AS,3000592982016,0,,215946289,,,,,,,,0,,,,,,17740,,,,,,,,,,,,,,,,,,,,,,,,,,,,,,23,,,,,,0,,,,,,,,,,,,,,,,,,,,,,,,,,,,
2013-12-11,JK11A8B9GPMXXF,Hitachi HDS722020ALA330,2000398934016,0,,0,,,,,,,,0,,,,,,23586,,,,,,,,,,,,,,,,,,,,,,,,,,,,,,27,,,,,,0,,,,,,,,,,,,,,,,,,,,,,,,,,,,
2013-12-11,MJ0351YNG9XRZA,Hitachi HDS5C3030ALA630,3000592982016,0,,0,,,,,,,,0,,,,,,9469,,,,,,,,,,,,,,,,,,,,,,,,,,,,,,27,,,,,,0,,,,,,,,,,,,,,,,,,,,,,,,,,,,
2013-12-11,S1F0G0JZ,ST3000DM001,3000592982016,0,,213467936,,,,,,,,0,,,,,,12174,,,,,,,,,,,,,,,,,,,,,,,,,,,,,,30,,,,,,0,,,,,,,,,,,,,,,,,,,,,,,,,,,,
2013-12-11,W1F08V8T,ST3000DM001,3000592982016,0,,149936336,,,,,,,,0,,,,,,13371,,,,,,,,,,,,,,,,,,,,,,,,,,,,,,20,,,,,,0,,,,,,,,,,,,,,,,,,,,,,,,,,,,
2013-12-11,JK1105B8GGALGX,Hitachi HDS722020ALA330,2000398934016,0,,0,,,,,,,,0,,,,,,27213,,,,,,,,,,,,,,,,,,,,,,,,,,,,,,28,,,,,,0,,,,,,,,,,,,,,,,,,,,,,,,,,,,
2013-12-11,JK1104B8GGGZXW,Hitachi HDS722020ALA330,2000398934016,0,,0,,,,,,,,0,,,,,,27540,,,,,,,,,,,,,,,,,,,,,,,,,,,,,,26,,,,,,0,,,,,,,,,,,,,,,,,,,,,,,,,,,,
2013-12-11,JK1101B9KLUAUT,Hitachi HDS722020ALA330,2000398934016,0,,1,,,,,,,,0,,,,,,23075,,,,,,,,,,,,,,,,,,,,,,,,,,,,,,34,,,,,,0,,,,,,,,,,,,,,,,,,,,,,,,,,,,
2013-12-11,JK11A8B9J3DL3F,Hitachi HDS722020ALA330,2000398934016,0,,0,,,,,,,,0,,,,,,23543,,,,,,,,,,,,,,,,,,,,,,,,,,,,,,41,,,,,,0,,,,,,,,,,,,,,,,,,,,,,,,,,,,
2013-12-11,PL1311LAG2562A,Hitachi HDS5C4040ALE630,4000787030016,0,,0,,,,,,,,0,,,,,,5191,,,,,,,,,,,,,,,,,,,,,,,,,,,,,,26,,,,,,0,,,,,,,,,,,,,,,,,,,,,,,,,,,,
2013-12-11,MJ0351YNGABW3A,Hitachi HDS5C3030ALA630,3000592982016,0,,0,,,,,,,,0,,,,,,7975,,,,,,,,,,,,,,,,,,,,,,,,,,,,,,28,,,,,,0,,,,,,,,,,,,,,,,,,,,,,,,,,,,
2013-12-11,Z1F1FCH5,ST3000DM001,3000592982016,0,,228669144,,,,,,,,0,,,,,,9571,,,,,,,,,,,,,,,,,,,,,,,,,,,,,,22,,,,,,0,,,,,,,,,,,,,,,,,,,,,,,,,,,,
2013-12-11,PL1311LAG347KH,Hitachi HDS5C4040ALE630,4000787030016,0,,0,,,,,,,,0,,,,,,6993,,,,,,,,,,,,,,,,,,,,,,,,,,,,,,21,,,,,,0,,,,,,,,,,,,,,,,,,,,,,,,,,,,
2013-12-11,6XW05CKF,ST31500541AS,1500301910016,0,,222363024,,,,,,,,0,,,,,,36451,,,,,,,,,,,,,,,,,,,,,,,,,,,,,,20,,,,,,0,,,,,,,,,,,,,,,,,,,,,,,,,,,,
2013-12-11,9VS1QAPQ,ST31500341AS,1500301910016,0,,140609128,,,,,,,,3,,,,,,40074,,,,,,,,,,,,,,,,,,,,,,,,,,,,,,29,,,,,,0,,,,,,,,,,,,,,,,,,,,,,,,,,,,
2013-12-11,W3006NXV,ST4000DM000,4000787030016,0,,88479056,,,,,,,,0,,,,,,2875,,,,,,,,,,,,,,,,,,,,,,,,,,,,,,21,,,,,,0,,,,,,,,,,,,,,,,,,,,,,,,,,,,
2013-12-11,JK1170YAJDAM2T,Hitachi HDS722020ALA330,2000398934016,0,,0,,,,,,,,0,,,,,,28154,,,,,,,,,,,,,,,,,,,,,,,,,,,,,,27,,,,,,0,,,,,,,,,,,,,,,,,,,,,,,,,,,,
2013-12-11,MJ0351YNG9YRVA,Hitachi HDS5C3030ALA630,3000592982016,0,,0,,,,,,,,0,,,,,,8870,,,,,,,,,,,,,,,,,,,,,,,,,,,,,,29,,,,,,0,,,,,,,,,,,,,,,,,,,,,,,,,,,,
2013-12-11,MJ1311YNG7EP3A,Hitachi HDS5C3030ALA630,3000592982016,0,,0,,,,,,,,0,,,,,,14330,,,,,,,,,,,,,,,,,,,,,,,,,,,,,,32,,,,,,0,,,,,,,,,,,,,,,,,,,,,,,,,,,,
2013-12-11,MJ1311YNG3M48A,Hitachi HDS5C3030ALA630,3000592982016,0,,0,,,,,,,,0,,,,,,19325,,,,,,,,,,,,,,,,,,,,,,,,,,,,,,25,,,,,,0,,,,,,,,,,,,,,,,,,,,,,,,,,,,
2013-12-11,WD-WCAU47769420,WDC WD10EADS,1000204886016,0,,0,,,,,,,,0,,,,,,40512,,,,,,,,,,,,,,,,,,,,,,,,,,,,,,32,,,,,,5,,,,,,,,,,,,,,,,,,,,,,,,,,,,
2013-12-11,JK1101B9KMXX9F,Hitachi HDS722020ALA330,2000398934016,0,,0,,,,,,,,0,,,,,,23098,,,,,,,,,,,,,,,,,,,,,,,,,,,,,,27,,,,,,0,,,,,,,,,,,,,,,,,,,,,,,,,,,,
2013-12-11,WD-WCC1T0118915,WDC WD30EZRX,3000592982016,0,,0,,,,,,,,0,,,,,,4635,,,,,,,,,,,,,,,,,,,,,,,,,,,,,,20,,,,,,0,,,,,,,,,,,,,,,,,,,,,,,,,,,,
2013-12-11,PL1311LAG3GG8H,Hitachi HDS5C4040ALE630,4000787030016,0,,0,,,,,,,,0,,,,,,6071,,,,,,,,,,,,,,,,,,,,,,,,,,,,,,18,,,,,,0,,,,,,,,,,,,,,,,,,,,,,,,,,,,
2013-12-11,W300H33R,ST4000DM000,4000787030016,0,,96439848,,,,,,,,0,,,,,,948,,,,,,,,,,,,,,,,,,,,,,,,,,,,,,21,,,,,,0,,,,,,,,,,,,,,,,,,,,,,,,,,,,
2013-12-11,JK1171YBK1N3SF,Hitachi HDS722020ALA330,2000398934016,0,,65536,,,,,,,,0,,,,,,29913,,,,,,,,,,,,,,,,,,,,,,,,,,,,,,28,,,,,,0,,,,,,,,,,,,,,,,,,,,,,,,,,,,
2013-12-11,MK0311YHGG1BMA,Hitachi HDS723030ALA640,3000592982016,0,,0,,,,,,,,0,,,,,,10084,,,,,,,,,,,,,,,,,,,,,,,,,,,,,,28,,,,,,0,,,,,,,,,,,,,,,,,,,,,,,,,,,,
2013-12-11,MJ1323YNG1RYNC,Hitachi HDS5C3030ALA630,3000592982016,0,,0,,,,,,,,0,,,,,,19798,,,,,,,,,,,,,,,,,,,,,,,,,,,,,,29,,,,,,0,,,,,,,,,,,,,,,,,,,,,,,,,,,,
2013-12-11,W3009QLZ,ST4000DM000,4000787030016,0,,139435848,,,,,,,,0,,,,,,4140,,,,,,,,,,,,,,,,,,,,,,,,,,,,,,25,,,,,,0,,,,,,,,,,,,,,,,,,,,,,,,,,,,
2013-12-11,JK1105B8JS1ESX,Hitachi HDS722020ALA330,2000398934016,0,,0,,,,,,,,0,,,,,,23512,,,,,,,,,,,,,,,,,,,,,,,,,,,,,,24,,,,,,0,,,,,,,,,,,,,,,,,,,,,,,,,,,,
2013-12-11,PL1311LAG2999H,Hitachi HDS5C4040ALE630,4000787030016,0,,0,,,,,,,,0,,,,,,7414,,,,,,,,,,,,,,,,,,,,,,,,,,,,,,22,,,,,,0,,,,,,,,,,,,,,,,,,,,,,,,,,,,
2013-12-11,MJ1311YNG7KV6A,Hitachi HDS5C3030ALA630,3000592982016,0,,0,,,,,,,,0,,,,,,14291,,,,,,,,,,,,,,,,,,,,,,,,,,,,,,28,,,,,,0,,,,,,,,,,,,,,,,,,,,,,,,,,,,
2013-12-11,MJ1313YNG1SPPC,Hitachi HDS5C3030ALA630,3000592982016,0,,0,,,,,,,,0,,,,,,21796,,,,,,,,,,,,,,,,,,,,,,,,,,,,,,22,,,,,,0,,,,,,,,,,,,,,,,,,,,,,,,,,,,
2013-12-11,9XW01Q0S,ST31500541AS,1500301910016,0,,180554772,,,,,,,,0,,,,,,35439,,,,,,,,,,,,,,,,,,,,,,,,,,,,,,20,,,,,,0,,,,,,,,,,,,,,,,,,,,,,,,,,,,
2013-12-11,PL1321LAG3585H,Hitachi HDS5C4040ALE630,4000787030016,0,,0,,,,,,,,0,,,,,,6652,,,,,,,,,,,,,,,,,,,,,,,,,,,,,,25,,,,,,0,,,,,,,,,,,,,,,,,,,,,,,,,,,,
2013-12-11,PL1321LAG2HPUH,Hitachi HDS5C4040ALE630,4000787030016,0,,0,,,,,,,,0,,,,,,5670,,,,,,,,,,,,,,,,,,,,,,,,,,,,,,18,,,,,,0,,,,,,,,,,,,,,,,,,,,,,,,,,,,
2013-12-11,JK1131YAG3LLGV,Hitachi HDS722020ALA330,2000398934016,0,,65536,,,,,,,,0,,,,,,19804,,,,,,,,,,,,,,,,,,,,,,,,,,,,,,35,,,,,,0,,,,,,,,,,,,,,,,,,,,,,,,,,,,
2013-12-11,MJ1311YNG7BH2A,Hitachi HDS5C3030ALA630,3000592982016,0,,0,,,,,,,,0,,,,,,14601,,,,,,,,,,,,,,,,,,,,,,,,,,,,,,21,,,,,,0,,,,,,,,,,,,,,,,,,,,,,,,,,,,
2013-12-11,S1F016JG,ST3000DM001,3000592982016,0,,31062192,,,,,,,,0,,,,,,16153,,,,,,,,,,,,,,,,,,,,,,,,,,,,,,19,,,,,,0,,,,,,,,,,,,,,,,,,,,,,,,,,,,
2013-12-11,MJ0351YNGA3TVA,Hitachi HDS5C3030ALA630,3000592982016,0,,0,,,,,,,,0,,,,,,8641,,,,,,,,,,,,,,,,,,,,,,,,,,,,,,29,,,,,,0,,,,,,,,,,,,,,,,,,,,,,,,,,,,
2013-12-11,PL1311LAG21WYA,Hitachi HDS5C4040ALE630,4000787030016,0,,0,,,,,,,,0,,,,,,7402,,,,,,,,,,,,,,,,,,,,,,,,,,,,,,28,,,,,,0,,,,,,,,,,,,,,,,,,,,,,,,,,,,
2013-12-11,W1F0KR9H,ST3000DM001,3000592982016,0,,38612688,,,,,,,,0,,,,,,12180,,,,,,,,,,,,,,,,,,,,,,,,,,,,,,35,,,,,,0,,,,,,,,,,,,,,,,,,,,,,,,,,,,
2013-12-11,JK11A4B8J25E3W,Hitachi HDS722020ALA330,2000398934016,0,,0,,,,,,,,0,,,,,,26027,,,,,,,,,,,,,,,,,,,,,,,,,,,,,,24,,,,,,0,,,,,,,,,,,,,,,,,,,,,,,,,,,,
2013-12-11,MJ0351YNG9ZGRA,Hitachi HDS5C3030ALA630,3000592982016,0,,0,,,,,,,,0,,,,,,9483,,,,,,,,,,,,,,,,,,,,,,,,,,,,,,30,,,,,,0,,,,,,,,,,,,,,,,,,,,,,,,,,,,
2013-12-11,WD-WCAWZ1290691,WDC WD30EZRX,3000592982016,0,,0,,,,,,,,0,,,,,,16127,,,,,,,,,,,,,,,,,,,,,,,,,,,,,,22,,,,,,72,,,,,,,,,,,,,,,,,,,,,,,,,,,,
2013-12-11,MJ0351YNG9ZNJA,Hitachi HDS5C3030ALA630,3000592982016,0,,0,,,,,,,,0,,,,,,9469,,,,,,,,,,,,,,,,,,,,,,,,,,,,,,27,,,,,,0,,,,,,,,,,,,,,,,,,,,,,,,,,,,
2013-12-11,PL1321LAG34XVH,Hitachi HDS5C4040ALE630,4000787030016,0,,0,,,,,,,,0,,,,,,5958,,,,,,,,,,,,,,,,,,,,,,,,,,,,,,24,,,,,,0,,,,,,,,,,,,,,,,,,,,,,,,,,,,
2013-12-11,Z1Z03HH1,ST4000DX000,4000787030016,0,,137938759,,,,,,,,0,,,,,,7131,,,,,,,,,,,,,,,,,,,,,,,,,,,,,,37,,,,,,0,,,,,,,,,,,,,,,,,,,,,,,,,,,,
2013-12-11,W300ARP5,ST4000DM000,4000787030016,0,,112465992,,,,,,,,0,,,,,,1703,,,,,,,,,,,,,,,,,,,,,,,,,,,,,,21,,,,,,0,,,,,,,,,,,,,,,,,,,,,,,,,,,,
2013-12-11,JK11A8YBKMN7AF,Hitachi HDS722020ALA330,2000398934016,0,,0,,,,,,,,0,,,,,,27845,,,,,,,,,,,,,,,,,,,,,,,,,,,,,,27,,,,,,0,,,,,,,,,,,,,,,,,,,,,,,,,,,,
2013-12-11,6XW00F8Y,ST31500541AS,1500301910016,0,,44425470,,,,,,,,0,,,,,,34167,,,,,,,,,,,,,,,,,,,,,,,,,,,,,,21,,,,,,0,,,,,,,,,,,,,,,,,,,,,,,,,,,,
2013-12-11,Z300PLTH,ST4000DM000,4000787030016,0,,201199400,,,,,,,,0,,,,,,1232,,,,,,,,,,,,,,,,,,,,,,,,,,,,,,18,,,,,,0,,,,,,,,,,,,,,,,,,,,,,,,,,,,
2013-12-11,Z300NQJE,ST4000DM000,4000787030016,0,,105123192,,,,,,,,0,,,,,,105,,,,,,,,,,,,,,,,,,,,,,,,,,,,,,21,,,,,,0,,,,,,,,,,,,,,,,,,,,,,,,,,,,
2013-12-11,6XW0HQXW,ST31500541AS,1500301910016,0,,22471417,,,,,,,,1393,,,,,,21859,,,,,,,,,,,,,,,,,,,,,,,,,,,,,,16,,,,,,0,,,,,,,,,,,,,,,,,,,,,,,,,,,,
2013-12-11,Z1Z03FEP,ST4000DX000,4000787030016,0,,121402415,,,,,,,,0,,,,,,7130,,,,,,,,,,,,,,,,,,,,,,,,,,,,,,38,,,,,,0,,,,,,,,,,,,,,,,,,,,,,,,,,,,
2013-12-11,PL1311LAG2204A,Hitachi HDS5C4040ALE630,4000787030016,0,,0,,,,,,,,0,,,,,,7457,,,,,,,,,,,,,,,,,,,,,,,,,,,,,,27,,,,,,0,,,,,,,,,,,,,,,,,,,,,,,,,,,,
2013-12-11,MK0311YHGB035A,Hitachi HDS723030ALA640,3000592982016,0,,0,,,,,,,,0,,,,,,16802,,,,,,,,,,,,,,,,,,,,,,,,,,,,,,28,,,,,,0,,,,,,,,,,,,,,,,,,,,,,,,,,,,
2013-12-11,PL1311LAG3A87H,Hitachi HDS5C4040ALE630,4000787030016,0,,0,,,,,,,,0,,,,,,5036,,,,,,,,,,,,,,,,,,,,,,,,,,,,,,29,,,,,,0,,,,,,,,,,,,,,,,,,,,,,,,,,,,
2013-12-11,JK1101B8KND4SS,Hitachi HDS722020ALA330,2000398934016,0,,0,,,,,,,,0,,,,,,23097,,,,,,,,,,,,,,,,,,,,,,,,,,,,,,30,,,,,,0,,,,,,,,,,,,,,,,,,,,,,,,,,,,
2013-12-11,MJ1311YNG6WEYA,Hitachi HDS5C3030ALA630,3000592982016,0,,0,,,,,,,,0,,,,,,14289,,,,,,,,,,,,,,,,,,,,,,,,,,,,,,28,,,,,,0,,,,,,,,,,,,,,,,,,,,,,,,,,,,
2013-12-11,MJ1311YNG60YYA,Hitachi HDS5C3030ALA630,3000592982016,0,,0,,,,,,,,0,,,,,,14621,,,,,,,,,,,,,,,,,,,,,,,,,,,,,,24,,,,,,0,,,,,,,,,,,,,,,,,,,,,,,,,,,,
2013-12-11,PL1310LAG0N8SA,Hitachi HDS5C4040ALE630,4000787030016,0,,0,,,,,,,,0,,,,,,12998,,,,,,,,,,,,,,,,,,,,,,,,,,,,,,28,,,,,,0,,,,,,,,,,,,,,,,,,,,,,,,,,,,
2013-12-11,MJ1323YNG1SEHC,Hitachi HDS5C3030ALA630,3000592982016,0,,0,,,,,,,,0,,,,,,19798,,,,,,,,,,,,,,,,,,,,,,,,,,,,,,29,,,,,,0,,,,,,,,,,,,,,,,,,,,,,,,,,,,
2013-12-11,MJ1321YNG0PG3A,Hitachi HDS5C3030ALA630,3000592982016,0,,655360,,,,,,,,0,,,,,,20507,,,,,,,,,,,,,,,,,,,,,,,,,,,,,,26,,,,,,0,,,,,,,,,,,,,,,,,,,,,,,,,,,,
2013-12-11,Z300CMXD,ST4000DM000,4000787030016,0,,210661952,,,,,,,,0,,,,,,2246,,,,,,,,,,,,,,,,,,,,,,,,,,,,,,22,,,,,,0,,,,,,,,,,,,,,,,,,,,,,,,,,,,
2013-12-11,PL1311LAG2B74H,Hitachi HDS5C4040ALE630,4000787030016,0,,0,,,,,,,,0,,,,,,7415,,,,,,,,,,,,,,,,,,,,,,,,,,,,,,21,,,,,,0,,,,,,,,,,,,,,,,,,,,,,,,,,,,
2013-12-11,MJ0351YNGA8LYA,Hitachi HDS5C3030ALA630,3000592982016,0,,0,,,,,,,,0,,,,,,8141,,,,,,,,,,,,,,,,,,,,,,,,,,,,,,31,,,,,,0,,,,,,,,,,,,,,,,,,,,,,,,,,,,
2013-12-11,Z300PAAB,ST4000DM000,4000787030016,0,,231271800,,,,,,,,0,,,,,,1094,,,,,,,,,,,,,,,,,,,,,,,,,,,,,,19,,,,,,0,,,,,,,,,,,,,,,,,,,,,,,,,,,,
2013-12-11,MJ1311YNG7863A,Hitachi HDS5C3030ALA630,3000592982016,0,,0,,,,,,,,0,,,,,,14310,,,,,,,,,,,,,,,,,,,,,,,,,,,,,,24,,,,,,0,,,,,,,,,,,,,,,,,,,,,,,,,,,,
2013-12-11,MJ0351YNGA32GA,Hitachi HDS5C3030ALA630,3000592982016,0,,0,,,,,,,,0,,,,,,8612,,,,,,,,,,,,,,,,,,,,,,,,,,,,,,32,,,,,,0,,,,,,,,,,,,,,,,,,,,,,,,,,,,
2013-12-11,9VS3HKNQ,ST31500341AS,1500301910016,0,,185575291,,,,,,,,52,,,,,,32916,,,,,,,,,,,,,,,,,,,,,,,,,,,,,,25,,,,,,0,,,,,,,,,,,,,,,,,,,,,,,,,,,,
2013-12-11,Z300DFT5,ST4000DM000,4000787030016,0,,103682688,,,,,,,,0,,,,,,1331,,,,,,,,,,,,,,,,,,,,,,,,,,,,,,18,,,,,,0,,,,,,,,,,,,,,,,,,,,,,,,,,,,
2013-12-11,MJ0351YNGA755A,Hitachi HDS5C3030ALA630,3000592982016,0,,0,,,,,,,,0,,,,,,7801,,,,,,,,,,,,,,,,,,,,,,,,,,,,,,26,,,,,,0,,,,,,,,,,,,,,,,,,,,,,,,,,,,
2013-12-11,9VS3HKN3,ST31500341AS,1500301910016,0,,32572351,,,,,,,,22,,,,,,30714,,,,,,,,,,,,,,,,,,,,,,,,,,,,,,27,,,,,,0,,,,,,,,,,,,,,,,,,,,,,,,,,,,
2013-12-11,PL1311LAG3EE5H,Hitachi HDS5C4040ALE630,4000787030016,0,,0,,,,,,,,0,,,,,,5125,,,,,,,,,,,,,,,,,,,,,,,,,,,,,,28,,,,,,0,,,,,,,,,,,,,,,,,,,,,,,,,,,,
2013-12-11,MJ0351YNG9XJYA,Hitachi HDS5C3030ALA630,3000592982016,0,,0,,,,,,,,0,,,,,,9190,,,,,,,,,,,,,,,,,,,,,,,,,,,,,,29,,,,,,0,,,,,,,,,,,,,,,,,,,,,,,,,,,,
2013-12-11,PL1311LAG18B9A,Hitachi HDS5C4040ALE630,4000787030016,0,,0,,,,,,,,0,,,,,,7461,,,,,,,,,,,,,,,,,,,,,,,,,,,,,,26,,,,,,0,,,,,,,,,,,,,,,,,,,,,,,,,,,,
2013-12-11,MK0333YHGPXETC,Hitachi HDS723030ALA640,3000592982016,0,,131072,,,,,,,,0,,,,,,17356,,,,,,,,,,,,,,,,,,,,,,,,,,,,,,20,,,,,,0,,,,,,,,,,,,,,,,,,,,,,,,,,,,
2013-12-11,S1F0CSVV,ST3000DM001,3000592982016,0,,226160544,,,,,,,,0,,,,,,12345,,,,,,,,,,,,,,,,,,,,,,,,,,,,,,22,,,,,,0,,,,,,,,,,,,,,,,,,,,,,,,,,,,
2013-12-11,JK1101B9JPHWKF,Hitachi HDS722020ALA330,2000398934016,0,,0,,,,,,,,0,,,,,,23881,,,,,,,,,,,,,,,,,,,,,,,,,,,,,,23,,,,,,0,,,,,,,,,,,,,,,,,,,,,,,,,,,,
2013-12-11,WD-WMC1T1229009,WDC WD30EFRX,3000592982016,0,,67,,,,,,,,0,,,,,,7708,,,,,,,,,,,,,,,,,,,,,,,,,,,,,,28,,,,,,0,,,,,,,,,,,,,,,,,,,,,,,,,,,,
2013-12-11,S1F0CSVQ,ST3000DM001,3000592982016,0,,4393984,,,,,,,,0,,,,,,12358,,,,,,,,,,,,,,,,,,,,,,,,,,,,,,22,,,,,,0,,,,,,,,,,,,,,,,,,,,,,,,,,,,
2013-12-11,Z300CMX8,ST4000DM000,4000787030016,0,,98723464,,,,,,,,0,,,,,,2245,,,,,,,,,,,,,,,,,,,,,,,,,,,,,,23,,,,,,0,,,,,,,,,,,,,,,,,,,,,,,,,,,,
2013-12-11,JK1101B9GE1YGF,Hitachi HDS722020ALA330,2000398934016,0,,0,,,,,,,,0,,,,,,27540,,,,,,,,,,,,,,,,,,,,,,,,,,,,,,26,,,,,,0,,,,,,,,,,,,,,,,,,,,,,,,,,,,
2013-12-11,JK11A8B9J38H8F,Hitachi HDS722020ALA330,2000398934016,0,,0,,,,,,,,0,,,,,,22297,,,,,,,,,,,,,,,,,,,,,,,,,,,,,,31,,,,,,0,,,,,,,,,,,,,,,,,,,,,,,,,,,,
2013-12-11,MJ1313YNG1ZSYC,Hitachi HDS5C3030ALA630,3000592982016,0,,0,,,,,,,,0,,,,,,21796,,,,,,,,,,,,,,,,,,,,,,,,,,,,,,26,,,,,,0,,,,,,,,,,,,,,,,,,,,,,,,,,,,
2013-12-11,S1F032TH,ST3000DM001,3000592982016,0,,197547664,,,,,,,,0,,,,,,15191,,,,,,,,,,,,,,,,,,,,,,,,,,,,,,20,,,,,,0,,,,,,,,,,,,,,,,,,,,,,,,,,,,
2013-12-11,Z1Z053VH,ST4000DX000,4000787030016,0,,103762873,,,,,,,,0,,,,,,5040,,,,,,,,,,,,,,,,,,,,,,,,,,,,,,33,,,,,,0,,,,,,,,,,,,,,,,,,,,,,,,,,,,
2013-12-11,6XW08JRM,ST31500541AS,1500301910016,0,,54751556,,,,,,,,0,,,,,,33143,,,,,,,,,,,,,,,,,,,,,,,,,,,,,,16,,,,,,0,,,,,,,,,,,,,,,,,,,,,,,,,,,,
2013-12-11,W300BJAB,ST4000DM000,4000787030016,0,,9471048,,,,,,,,0,,,,,,4044,,,,,,,,,,,,,,,,,,,,,,,,,,,,,,21,,,,,,0,,,,,,,,,,,,,,,,,,,,,,,,,,,,
2013-12-11,S1F032TD,ST3000DM001,3000592982016,0,,173933080,,,,,,,,0,,,,,,15246,,,,,,,,,,,,,,,,,,,,,,,,,,,,,,24,,,,,,0,,,,,,,,,,,,,,,,,,,,,,,,,,,,
2013-12-11,W1F1ARYY,ST3000DM001,3000592982016,0,,209306256,,,,,,,,0,,,,,,8159,,,,,,,,,,,,,,,,,,,,,,,,,,,,,,27,,,,,,0,,,,,,,,,,,,,,,,,,,,,,,,,,,,
2013-12-11,W300B4G8,ST4000DM000,4000787030016,0,,14642664,,,,,,,,0,,,,,,4353,,,,,,,,,,,,,,,,,,,,,,,,,,,,,,23,,,,,,0,,,,,,,,,,,,,,,,,,,,,,,,,,,,
2013-12-11,JK1101B9JJ2UXU,Hitachi HDS722020ALA330,2000398934016,0,,1,,,,,,,,0,,,,,,24306,,,,,,,,,,,,,,,,,,,,,,,,,,,,,,24,,,,,,0,,,,,,,,,,,,,,,,,,,,,,,,,,,,
2013-12-11,WD-WCAWZ1367869,WDC WD30EZRX,3000592982016,0,,0,,,,,,,,0,,,,,,17600,,,,,,,,,,,,,,,,,,,,,,,,,,,,,,21,,,,,,0,,,,,,,,,,,,,,,,,,,,,,,,,,,,
2013-12-11,Z1Z053VV,ST4000DX000,4000787030016,0,,241147176,,,,,,,,0,,,,,,5078,,,,,,,,,,,,,,,,,,,,,,,,,,,,,,33,,,,,,0,,,,,,,,,,,,,,,,,,,,,,,,,,,,
2013-12-11,PL1310LAG0NJ3A,Hitachi HDS5C4040ALE630,4000787030016,0,,0,,,,,,,,0,,,,,,12998,,,,,,,,,,,,,,,,,,,,,,,,,,,,,,25,,,,,,0,,,,,,,,,,,,,,,,,,,,,,,,,,,,
2013-12-11,Z300X8CZ,ST4000DM000,4000787030016,0,,178050864,,,,,,,,0,,,,,,919,,,,,,,,,,,,,,,,,,,,,,,,,,,,,,21,,,,,,0,,,,,,,,,,,,,,,,,,,,,,,,,,,,
2013-12-11,JK11A4B8J32GXW,Hitachi HDS722020ALA330,2000398934016,0,,0,,,,,,,,0,,,,,,23512,,,,,,,,,,,,,,,,,,,,,,,,,,,,,,24,,,,,,0,,,,,,,,,,,,,,,,,,,,,,,,,,,,
2013-12-11,MK0311YHGDRD9A,Hitachi HDS723030ALA640,3000592982016,0,,0,,,,,,,,0,,,,,,21460,,,,,,,,,,,,,,,,,,,,,,,,,,,,,,23,,,,,,0,,,,,,,,,,,,,,,,,,,,,,,,,,,,
2013-12-11,9XW01ZHE,ST31500541AS,1500301910016,0,,1550426,,,,,,,,0,,,,,,35231,,,,,,,,,,,,,,,,,,,,,,,,,,,,,,19,,,,,,0,,,,,,,,,,,,,,,,,,,,,,,,,,,,
2013-12-11,MJ1311YNG3EZ6A,Hitachi HDS5C3030ALA630,3000592982016,0,,0,,,,,,,,0,,,,,,18928,,,,,,,,,,,,,,,,,,,,,,,,,,,,,,29,,,,,,0,,,,,,,,,,,,,,,,,,,,,,,,,,,,
2013-12-11,9XW01ZH9,ST31500541AS,1500301910016,0,,1258638,,,,,,,,0,,,,,,35300,,,,,,,,,,,,,,,,,,,,,,,,,,,,,,18,,,,,,0,,,,,,,,,,,,,,,,,,,,,,,,,,,,
2013-12-11,MJ0351YNG9UJKA,Hitachi HDS5C3030ALA630,3000592982016,0,,0,,,,,,,,0,,,,,,8830,,,,,,,,,,,,,,,,,,,,,,,,,,,,,,31,,,,,,0,,,,,,,,,,,,,,,,,,,,,,,,,,,,
2013-12-11,S1F0S6VR,ST3000DM001,3000592982016,0,,21959448,,,,,,,,0,,,,,,10727,,,,,,,,,,,,,,,,,,,,,,,,,,,,,,27,,,,,,0,,,,,,,,,,,,,,,,,,,,,,,,,,,,
2013-12-11,W1F0A485,ST3000DM001,3000592982016,0,,40478592,,,,,,,,0,,,,,,14235,,,,,,,,,,,,,,,,,,,,,,,,,,,,,,25,,,,,,0,,,,,,,,,,,,,,,,,,,,,,,,,,,,
2013-12-11,W1F09VBK,ST3000DM001,3000592982016,0,,231288280,,,,,,,,0,,,,,,13819,,,,,,,,,,,,,,,,,,,,,,,,,,,,,,25,,,,,,0,,,,,,,,,,,,,,,,,,,,,,,,,,,,
2013-12-11,5XW2JWWQ,ST32000542AS,2000398934016,0,,219799296,,,,,,,,0,,,,,,13013,,,,,,,,,,,,,,,,,,,,,,,,,,,,,,26,,,,,,0,,,,,,,,,,,,,,,,,,,,,,,,,,,,
2013-12-11,JK1101B9KMS3AF,Hitachi HDS722020ALA330,2000398934016,0,,0,,,,,,,,0,,,,,,23099,,,,,,,,,,,,,,,,,,,,,,,,,,,,,,25,,,,,,0,,,,,,,,,,,,,,,,,,,,,,,,,,,,
2013-12-11,PL1311LAG3DT6H,Hitachi HDS5C4040ALE630,4000787030016,0,,0,,,,,,,,0,,,,,,6639,,,,,,,,,,,,,,,,,,,,,,,,,,,,,,27,,,,,,0,,,,,,,,,,,,,,,,,,,,,,,,,,,,
2013-12-11,PL1311LAG3978H,Hitachi HDS5C4040ALE630,4000787030016,0,,0,,,,,,,,0,,,,,,5920,,,,,,,,,,,,,,,,,,,,,,,,,,,,,,21,,,,,,0,,,,,,,,,,,,,,,,,,,,,,,,,,,,
2013-12-11,Z1Z053V7,ST4000DX000,4000787030016,0,,161827313,,,,,,,,0,,,,,,5078,,,,,,,,,,,,,,,,,,,,,,,,,,,,,,30,,,,,,0,,,,,,,,,,,,,,,,,,,,,,,,,,,,
2013-12-11,W1F08JN1,ST3000DM001,3000592982016,0,,203174159,,,,,,,,224,,,,,,13373,,,,,,,,,,,,,,,,,,,,,,,,,,,,,,23,,,,,,16,,,,,,,,,,,,,,,,,,,,,,,,,,,,
2013-12-11,JK1105B8JS1N9X,Hitachi HDS722020ALA330,2000398934016,0,,0,,,,,,,,0,,,,,,23319,,,,,,,,,,,,,,,,,,,,,,,,,,,,,,29,,,,,,0,,,,,,,,,,,,,,,,,,,,,,,,,,,,
2013-12-11,PL1321LAGAYRVH,Hitachi HDS5C4040ALE630,4000787030016,0,,0,,,,,,,,0,,,,,,5071,,,,,,,,,,,,,,,,,,,,,,,,,,,,,,30,,,,,,0,,,,,,,,,,,,,,,,,,,,,,,,,,,,
2013-12-11,6XW01L0X,ST31500541AS,1500301910016,0,,162945121,,,,,,,,0,,,,,,34751,,,,,,,,,,,,,,,,,,,,,,,,,,,,,,20,,,,,,0,,,,,,,,,,,,,,,,,,,,,,,,,,,,
2013-12-11,S1F13KF6,ST3000DM001,3000592982016,0,,87776992,,,,,,,,0,,,,,,8651,,,,,,,,,,,,,,,,,,,,,,,,,,,,,,28,,,,,,0,,,,,,,,,,,,,,,,,,,,,,,,,,,,
2013-12-11,MJ1323YNG0ZGEC,Hitachi HDS5C3030ALA630,3000592982016,0,,0,,,,,,,,0,,,,,,20733,,,,,,,,,,,,,,,,,,,,,,,,,,,,,,24,,,,,,0,,,,,,,,,,,,,,,,,,,,,,,,,,,,
2013-12-11,WD-WCAU45694338,WDC WD10EADS,1000204886016,0,,0,,,,,,,,0,,,,,,41757,,,,,,,,,,,,,,,,,,,,,,,,,,,,,,25,,,,,,0,,,,,,,,,,,,,,,,,,,,,,,,,,,,
2013-12-11,W1F0X3H8,ST3000DM001,3000592982016,0,,76098344,,,,,,,,0,,,,,,11689,,,,,,,,,,,,,,,,,,,,,,,,,,,,,,25,,,,,,0,,,,,,,,,,,,,,,,,,,,,,,,,,,,
2013-12-11,JK11A8B9J77B3F,Hitachi HDS722020ALA330,2000398934016,0,,262146,,,,,,,,0,,,,,,22698,,,,,,,,,,,,,,,,,,,,,,,,,,,,,,29,,,,,,0,,,,,,,,,,,,,,,,,,,,,,,,,,,,
2013-12-11,MJ0351YNGA2B6A,Hitachi HDS5C3030ALA630,3000592982016,0,,0,,,,,,,,0,,,,,,9975,,,,,,,,,,,,,,,,,,,,,,,,,,,,,,27,,,,,,0,,,,,,,,,,,,,,,,,,,,,,,,,,,,
2013-12-11,Z300E2EF,ST4000DM000,4000787030016,0,,15416496,,,,,,,,0,,,,,,2262,,,,,,,,,,,,,,,,,,,,,,,,,,,,,,22,,,,,,0,,,,,,,,,,,,,,,,,,,,,,,,,,,,
2013-12-11,MJ1311YNG7AEWA,Hitachi HDS5C3030ALA630,3000592982016,0,,0,,,,,,,,0,,,,,,14291,,,,,,,,,,,,,,,,,,,,,,,,,,,,,,30,,,,,,0,,,,,,,,,,,,,,,,,,,,,,,,,,,,
2013-12-11,W300BW9T,ST4000DM000,4000787030016,0,,188106912,,,,,,,,0,,,,,,4290,,,,,,,,,,,,,,,,,,,,,,,,,,,,,,23,,,,,,8,,,,,,,,,,,,,,,,,,,,,,,,,,,,
2013-12-11,JK11A8B9J7AK4F,Hitachi HDS722020ALA330,2000398934016,0,,0,,,,,,,,0,,,,,,21478,,,,,,,,,,,,,,,,,,,,,,,,,,,,,,28,,,,,,0,,,,,,,,,,,,,,,,,,,,,,,,,,,,
2013-12-11,JK1105B8GEU1AX,Hitachi HDS722020ALA330,2000398934016,0,,0,,,,,,,,0,,,,,,26764,,,,,,,,,,,,,,,,,,,,,,,,,,,,,,29,,,,,,0,,,,,,,,,,,,,,,,,,,,,,,,,,,,
2013-12-11,Z1F0DT7T,ST3000DM001,3000592982016,0,,7000712,,,,,,,,0,,,,,,10353,,,,,,,,,,,,,,,,,,,,,,,,,,,,,,24,,,,,,0,,,,,,,,,,,,,,,,,,,,,,,,,,,,
2013-12-11,PL1310LAG0BLHA,Hitachi HDS5C4040ALE630,4000787030016,0,,262144,,,,,,,,609,,,,,,12998,,,,,,,,,,,,,,,,,,,,,,,,,,,,,,27,,,,,,0,,,,,,,,,,,,,,,,,,,,,,,,,,,,
2013-12-11,W300BZ4S,ST4000DM000,4000787030016,0,,135282208,,,,,,,,0,,,,,,2243,,,,,,,,,,,,,,,,,,,,,,,,,,,,,,23,,,,,,0,,,,,,,,,,,,,,,,,,,,,,,,,,,,
2013-12-11,JK11A8B9J3669F,Hitachi HDS722020ALA330,2000398934016,0,,196611,,,,,,,,0,,,,,,23709,,,,,,,,,,,,,,,,,,,,,,,,,,,,,,32,,,,,,0,,,,,,,,,,,,,,,,,,,,,,,,,,,,
2013-12-11,MJ1321YNG0M9HA,Hitachi HDS5C3030ALA630,3000592982016,0,,0,,,,,,,,0,,,,,,20480,,,,,,,,,,,,,,,,,,,,,,,,,,,,,,25,,,,,,0,,,,,,,,,,,,,,,,,,,,,,,,,,,,
2013-12-11,MJ1311YNG2WMYA,Hitachi HDS5C3030ALA630,3000592982016,0,,0,,,,,,,,0,,,,,,18040,,,,,,,,,,,,,,,,,,,,,,,,,,,,,,25,,,,,,0,,,,,,,,,,,,,,,,,,,,,,,,,,,,
2013-12-11,PL1311LAG2ANPH,Hitachi HDS5C4040ALE630,4000787030016,0,,0,,,,,,,,0,,,,,,4033,,,,,,,,,,,,,,,,,,,,,,,,,,,,,,22,,,,,,0,,,,,,,,,,,,,,,,,,,,,,,,,,,,
2013-12-11,PL1321LAGADYWH,Hitachi HDS5C4040ALE630,4000787030016,0,,0,,,,,,,,0,,,,,,5075,,,,,,,,,,,,,,,,,,,,,,,,,,,,,,28,,,,,,0,,,,,,,,,,,,,,,,,,,,,,,,,,,,
2013-12-11,MK0311YHG354WA,Hitachi HDS723030ALA640,3000592982016,0,,0,,,,,,,,0,,,,,,22347,,,,,,,,,,,,,,,,,,,,,,,,,,,,,,29,,,,,,0,,,,,,,,,,,,,,,,,,,,,,,,,,,,
2013-12-11,PL1311LAG3GH4H,Hitachi HDS5C4040ALE630,4000787030016,0,,0,,,,,,,,0,,,,,,6071,,,,,,,,,,,,,,,,,,,,,,,,,,,,,,19,,,,,,0,,,,,,,,,,,,,,,,,,,,,,,,,,,,
2013-12-11,PL2311LAG1PWUC,Hitachi HDS5C4040ALE630,4000787030016,0,,0,,,,,,,,0,,,,,,7462,,,,,,,,,,,,,,,,,,,,,,,,,,,,,,25,,,,,,0,,,,,,,,,,,,,,,,,,,,,,,,,,,,
2013-12-11,PL1311LAG2AYJH,Hitachi HDS5C4040ALE630,4000787030016,0,,917505,,,,,,,,0,,,,,,5506,,,,,,,,,,,,,,,,,,,,,,,,,,,,,,28,,,,,,0,,,,,,,,,,,,,,,,,,,,,,,,,,,,
2013-12-11,JK11A8B9J7BJ3F,Hitachi HDS722020ALA330,2000398934016,0,,2752540,,,,,,,,0,,,,,,25541,,,,,,,,,,,,,,,,,,,,,,,,,,,,,,27,,,,,,0,,,,,,,,,,,,,,,,,,,,,,,,,,,,
2013-12-11,W300CJ6Y,ST4000DM000,4000787030016,0,,196277856,,,,,,,,0,,,,,,4139,,,,,,,,,,,,,,,,,,,,,,,,,,,,,,22,,,,,,0,,,,,,,,,,,,,,,,,,,,,,,,,,,,
2013-12-11,S1F031XN,ST3000DM001,3000592982016,0,,82882656,,,,,,,,0,,,,,,15190,,,,,,,,,,,,,,,,,,,,,,,,,,,,,,25,,,,,,0,,,,,,,,,,,,,,,,,,,,,,,,,,,,
2013-12-11,JK11A8B9J7560F,Hitachi HDS722020ALA330,2000398934016,0,,0,,,,,,,,0,,,,,,24545,,,,,,,,,,,,,,,,,,,,,,,,,,,,,,26,,,,,,0,,,,,,,,,,,,,,,,,,,,,,,,,,,,
2013-12-11,PL2311LAG1D3RC,Hitachi HDS5C4040ALE630,4000787030016,0,,0,,,,,,,,0,,,,,,7757,,,,,,,,,,,,,,,,,,,,,,,,,,,,,,26,,,,,,0,,,,,,,,,,,,,,,,,,,,,,,,,,,,
2013-12-11,PL1321LAG3430H,Hitachi HDS5C4040ALE630,4000787030016,0,,0,,,,,,,,0,,,,,,6654,,,,,,,,,,,,,,,,,,,,,,,,,,,,,,21,,,,,,0,,,,,,,,,,,,,,,,,,,,,,,,,,,,
2013-12-11,Z300XC5K,ST4000DM000,4000787030016,0,,97050848,,,,,,,,0,,,,,,772,,,,,,,,,,,,,,,,,,,,,,,,,,,,,,19,,,,,,0,,,,,,,,,,,,,,,,,,,,,,,,,,,,
2013-12-11,MJ1321YNG1AYSA,Hitachi HDS5C3030ALA630,3000592982016,0,,0,,,,,,,,0,,,,,,19801,,,,,,,,,,,,,,,,,,,,,,,,,,,,,,26,,,,,,0,,,,,,,,,,,,,,,,,,,,,,,,,,,,
2013-12-11,MJ0351YNGA6LAA,Hitachi HDS5C3030ALA630,3000592982016,0,,0,,,,,,,,0,,,,,,9315,,,,,,,,,,,,,,,,,,,,,,,,,,,,,,28,,,,,,0,,,,,,,,,,,,,,,,,,,,,,,,,,,,
2013-12-11,JK1171B8GNPB3S,Hitachi HDS722020ALA330,2000398934016,0,,0,,,,,,,,0,,,,,,27542,,,,,,,,,,,,,,,,,,,,,,,,,,,,,,23,,,,,,0,,,,,,,,,,,,,,,,,,,,,,,,,,,,
2013-12-11,MJ0351YNGA6KSA,Hitachi HDS5C3030ALA630,3000592982016,0,,1,,,,,,,,0,,,,,,8497,,,,,,,,,,,,,,,,,,,,,,,,,,,,,,27,,,,,,0,,,,,,,,,,,,,,,,,,,,,,,,,,,,
2013-12-11,W3003657,ST4000DM000,4000787030016,0,,109408648,,,,,,,,0,,,,,,2244,,,,,,,,,,,,,,,,,,,,,,,,,,,,,,18,,,,,,0,,,,,,,,,,,,,,,,,,,,,,,,,,,,
2013-12-11,MJ0351YNGA5UDA,Hitachi HDS5C3030ALA630,3000592982016,0,,0,,,,,,,,0,,,,,,8211,,,,,,,,,,,,,,,,,,,,,,,,,,,,,,35,,,,,,0,,,,,,,,,,,,,,,,,,,,,,,,,,,,
2013-12-11,6XW03A23,ST31500541AS,1500301910016,0,,73220836,,,,,,,,0,,,,,,35446,,,,,,,,,,,,,,,,,,,,,,,,,,,,,,18,,,,,,0,,,,,,,,,,,,,,,,,,,,,,,,,,,,
2013-12-11,Z1F0AANF,ST3000DM001,3000592982016,0,,13185920,,,,,,,,0,,,,,,10353,,,,,,,,,,,,,,,,,,,,,,,,,,,,,,22,,,,,,0,,,,,,,,,,,,,,,,,,,,,,,,,,,,
2013-12-11,Z2926ALH,ST33000651AS,3000592982016,0,,94797962,,,,,,,,0,,,,,,10081,,,,,,,,,,,,,,,,,,,,,,,,,,,,,,23,,,,,,0,,,,,,,,,,,,,,,,,,,,,,,,,,,,
2013-12-11,JK1175YAHU32TX,Hitachi HDS722020ALA330,2000398934016,0,,0,,,,,,,,0,,,,,,30501,,,,,,,,,,,,,,,,,,,,,,,,,,,,,,32,,,,,,0,,,,,,,,,,,,,,,,,,,,,,,,,,,,
2013-12-11,PL1311LAG3DZAH,Hitachi HDS5C4040ALE630,4000787030016,0,,0,,,,,,,,0,,,,,,2981,,,,,,,,,,,,,,,,,,,,,,,,,,,,,,25,,,,,,0,,,,,,,,,,,,,,,,,,,,,,,,,,,,
2013-12-11,W300BQ33,ST4000DM000,4000787030016,0,,75381912,,,,,,,,0,,,,,,4167,,,,,,,,,,,,,,,,,,,,,,,,,,,,,,29,,,,,,0,,,,,,,,,,,,,,,,,,,,,,,,,,,,
2013-12-11,JK11A8B9J37X3F,Hitachi HDS722020ALA330,2000398934016,0,,0,,,,,,,,0,,,,,,22702,,,,,,,,,,,,,,,,,,,,,,,,,,,,,,28,,,,,,0,,,,,,,,,,,,,,,,,,,,,,,,,,,,
2013-12-11,JK11A8B9J7EYNF,Hitachi HDS722020ALA330,2000398934016,0,,0,,,,,,,,0,,,,,,22697,,,,,,,,,,,,,,,,,,,,,,,,,,,,,,28,,,,,,0,,,,,,,,,,,,,,,,,,,,,,,,,,,,
2013-12-11,MJ0351YNGA5ZUA,Hitachi HDS5C3030ALA630,3000592982016,0,,0,,,,,,,,0,,,,,,9129,,,,,,,,,,,,,,,,,,,,,,,,,,,,,,27,,,,,,0,,,,,,,,,,,,,,,,,,,,,,,,,,,,
2013-12-11,9VS1JELD,ST31500341AS,1500301910016,0,,230297306,,,,,,,,200,,,,,,40410,,,,,,,,,,,,,,,,,,,,,,,,,,,,,,27,,,,,,0,,,,,,,,,,,,,,,,,,,,,,,,,,,,
2013-12-11,PL1321LAGAV17H,Hitachi HDS5C4040ALE630,4000787030016,0,,0,,,,,,,,0,,,,,,2981,,,,,,,,,,,,,,,,,,,,,,,,,,,,,,23,,,,,,0,,,,,,,,,,,,,,,,,,,,,,,,,,,,
2013-12-11,Z1F0DLB4,ST3000DM001,3000592982016,0,,199778048,,,,,,,,0,,,,,,10929,,,,,,,,,,,,,,,,,,,,,,,,,,,,,,24,,,,,,0,,,,,,,,,,,,,,,,,,,,,,,,,,,,
2013-12-11,JK11A8B9J3AU6F,Hitachi HDS722020ALA330,2000398934016,0,,0,,,,,,,,0,,,,,,24501,,,,,,,,,,,,,,,,,,,,,,,,,,,,,,31,,,,,,0,,,,,,,,,,,,,,,,,,,,,,,,,,,,
2013-12-11,PL1311LAG28REH,Hitachi HDS5C4040ALE630,4000787030016,0,,0,,,,,,,,0,,,,,,7415,,,,,,,,,,,,,,,,,,,,,,,,,,,,,,23,,,,,,0,,,,,,,,,,,,,,,,,,,,,,,,,,,,
2013-12-11,MJ1323YNG1PHYC,Hitachi HDS5C3030ALA630,3000592982016,0,,0,,,,,,,,0,,,,,,19745,,,,,,,,,,,,,,,,,,,,,,,,,,,,,,26,,,,,,0,,,,,,,,,,,,,,,,,,,,,,,,,,,,
2013-12-11,5YD58QR4,ST1500DL003,1500301910016,0,,157374040,,,,,,,,0,,,,,,5890,,,,,,,,,,,,,,,,,,,,,,,,,,,,,,21,,,,,,0,,,,,,,,,,,,,,,,,,,,,,,,,,,,
2013-12-11,MK0311YHGJP6VA,Hitachi HDS723030ALA640,3000592982016,0,,0,,,,,,,,0,,,,,,14732,,,,,,,,,,,,,,,,,,,,,,,,,,,,,,29,,,,,,0,,,,,,,,,,,,,,,,,,,,,,,,,,,,
2013-12-11,JK11A4B8J7RRAW,Hitachi HDS722020ALA330,2000398934016,0,,65536,,,,,,,,0,,,,,,26028,,,,,,,,,,,,,,,,,,,,,,,,,,,,,,26,,,,,,0,,,,,,,,,,,,,,,,,,,,,,,,,,,,
2013-12-11,JK1101B9JPJ6WF,Hitachi HDS722020ALA330,2000398934016,0,,0,,,,,,,,0,,,,,,24384,,,,,,,,,,,,,,,,,,,,,,,,,,,,,,29,,,,,,0,,,,,,,,,,,,,,,,,,,,,,,,,,,,
2013-12-11,W300E052,ST4000DM000,4000787030016,0,,241164744,,,,,,,,0,,,,,,4188,,,,,,,,,,,,,,,,,,,,,,,,,,,,,,29,,,,,,0,,,,,,,,,,,,,,,,,,,,,,,,,,,,
2013-12-11,JK1175YAK92K5X,Hitachi HDS722020ALA330,2000398934016,0,,196613,,,,,,,,0,,,,,,29653,,,,,,,,,,,,,,,,,,,,,,,,,,,,,,28,,,,,,0,,,,,,,,,,,,,,,,,,,,,,,,,,,,
2013-12-11,PL1321LAGAY83H,Hitachi HDS5C4040ALE630,4000787030016,0,,0,,,,,,,,0,,,,,,5077,,,,,,,,,,,,,,,,,,,,,,,,,,,,,,23,,,,,,0,,,,,,,,,,,,,,,,,,,,,,,,,,,,
2013-12-11,JK1101YAK6BBLV,Hitachi HDS722020ALA330,2000398934016,0,,0,,,,,,,,0,,,,,,29211,,,,,,,,,,,,,,,,,,,,,,,,,,,,,,29,,,,,,0,,,,,,,,,,,,,,,,,,,,,,,,,,,,
2013-12-11,W1F0X60X,ST3000DM001,3000592982016,0,,10905744,,,,,,,,0,,,,,,10501,,,,,,,,,,,,,,,,,,,,,,,,,,,,,,23,,,,,,0,,,,,,,,,,,,,,,,,,,,,,,,,,,,
2013-12-11,PL1311LAG3BS2H,Hitachi HDS5C4040ALE630,4000787030016,0,,0,,,,,,,,0,,,,,,5304,,,,,,,,,,,,,,,,,,,,,,,,,,,,,,25,,,,,,0,,,,,,,,,,,,,,,,,,,,,,,,,,,,
2013-12-11,W1F0X60T,ST3000DM001,3000592982016,0,,130524352,,,,,,,,0,,,,,,11685,,,,,,,,,,,,,,,,,,,,,,,,,,,,,,32,,,,,,0,,,,,,,,,,,,,,,,,,,,,,,,,,,,
2013-12-11,MJ1323YNG1KHWC,Hitachi HDS5C3030ALA630,3000592982016,0,,0,,,,,,,,0,,,,,,19764,,,,,,,,,,,,,,,,,,,,,,,,,,,,,,29,,,,,,0,,,,,,,,,,,,,,,,,,,,,,,,,,,,
2013-12-11,9VS28GDX,ST31500341AS,1500301910016,0,,72699028,,,,,,,,107,,,,,,38494,,,,,,,,,,,,,,,,,,,,,,,,,,,,,,20,,,,,,0,,,,,,,,,,,,,,,,,,,,,,,,,,,,
2013-12-11,Z300NKFC,ST4000DM000,4000787030016,0,,169697864,,,,,,,,0,,,,,,105,,,,,,,,,,,,,,,,,,,,,,,,,,,,,,21,,,,,,0,,,,,,,,,,,,,,,,,,,,,,,,,,,,
2013-12-11,MJ1311YNG379PA,Hitachi HDS5C3030ALA630,3000592982016,0,,0,,,,,,,,0,,,,,,19323,,,,,,,,,,,,,,,,,,,,,,,,,,,,,,26,,,,,,0,,,,,,,,,,,,,,,,,,,,,,,,,,,,
2013-12-11,PL1311LAG3EDRH,Hitachi HDS5C4040ALE630,4000787030016,0,,0,,,,,,,,0,,,,,,5670,,,,,,,,,,,,,,,,,,,,,,,,,,,,,,17,,,,,,0,,,,,,,,,,,,,,,,,,,,,,,,,,,,
2013-12-11,PL1311LAG25Z7A,Hitachi HDS5C4040ALE630,4000787030016,0,,0,,,,,,,,0,,,,,,7415,,,,,,,,,,,,,,,,,,,,,,,,,,,,,,19,,,,,,0,,,,,,,,,,,,,,,,,,,,,,,,,,,,
2013-12-11,JK1171YAH0UXBN,Hitachi HDS722020ALA330,2000398934016,0,,0,,,,,,,,0,,,,,,4542,,,,,,,,,,,,,,,,,,,,,,,,,,,,,,32,,,,,,0,,,,,,,,,,,,,,,,,,,,,,,,,,,,
2013-12-11,W1F0RWGQ,ST3000DM001,3000592982016,0,,51257048,,,,,,,,0,,,,,,11021,,,,,,,,,,,,,,,,,,,,,,,,,,,,,,24,,,,,,0,,,,,,,,,,,,,,,,,,,,,,,,,,,,
2013-12-11,MJ0351YNG9W1LA,Hitachi HDS5C3030ALA630,3000592982016,0,,0,,,,,,,,0,,,,,,9312,,,,,,,,,,,,,,,,,,,,,,,,,,,,,,28,,,,,,0,,,,,,,,,,,,,,,,,,,,,,,,,,,,
2013-12-11,JK11A4B8J840GW,Hitachi HDS722020ALA330,2000398934016,0,,0,,,,,,,,0,,,,,,26027,,,,,,,,,,,,,,,,,,,,,,,,,,,,,,27,,,,,,0,,,,,,,,,,,,,,,,,,,,,,,,,,,,
2013-12-11,PL1321LAG35MZH,Hitachi HDS5C4040ALE630,4000787030016,0,,0,,,,,,,,0,,,,,,6652,,,,,,,,,,,,,,,,,,,,,,,,,,,,,,24,,,,,,0,,,,,,,,,,,,,,,,,,,,,,,,,,,,
2013-12-11,JK11A8B9HRPJ8F,Hitachi HDS722020ALA330,2000398934016,0,,0,,,,,,,,0,,,,,,23709,,,,,,,,,,,,,,,,,,,,,,,,,,,,,,30,,,,,,0,,,,,,,,,,,,,,,,,,,,,,,,,,,,
2013-12-11,JK11A8B9J0DDXF,Hitachi HDS722020ALA330,2000398934016,0,,0,,,,,,,,0,,,,,,26329,,,,,,,,,,,,,,,,,,,,,,,,,,,,,,26,,,,,,0,,,,,,,,,,,,,,,,,,,,,,,,,,,,
2013-12-11,PL1311LAG3A68H,Hitachi HDS5C4040ALE630,4000787030016,0,,0,,,,,,,,0,,,,,,5962,,,,,,,,,,,,,,,,,,,,,,,,,,,,,,18,,,,,,0,,,,,,,,,,,,,,,,,,,,,,,,,,,,
2013-12-11,JK11A8B9J8T81F,Hitachi HDS722020ALA330,2000398934016,0,,0,,,,,,,,0,,,,,,25584,,,,,,,,,,,,,,,,,,,,,,,,,,,,,,26,,,,,,0,,,,,,,,,,,,,,,,,,,,,,,,,,,,
2013-12-11,W300E05Q,ST4000DM000,4000787030016,0,,168105576,,,,,,,,0,,,,,,4353,,,,,,,,,,,,,,,,,,,,,,,,,,,,,,26,,,,,,0,,,,,,,,,,,,,,,,,,,,,,,,,,,,
2013-12-11,JK1101B9GHMD5F,Hitachi HDS722020ALA330,2000398934016,0,,0,,,,,,,,0,,,,,,26763,,,,,,,,,,,,,,,,,,,,,,,,,,,,,,25,,,,,,0,,,,,,,,,,,,,,,,,,,,,,,,,,,,
2013-12-11,S1F0LE89,ST3000DM001,3000592982016,0,,167193944,,,,,,,,0,,,,,,12175,,,,,,,,,,,,,,,,,,,,,,,,,,,,,,29,,,,,,0,,,,,,,,,,,,,,,,,,,,,,,,,,,,
2013-12-11,JK1105B8GDM7WX,Hitachi HDS722020ALA330,2000398934016,0,,0,,,,,,,,0,,,,,,26858,,,,,,,,,,,,,,,,,,,,,,,,,,,,,,34,,,,,,0,,,,,,,,,,,,,,,,,,,,,,,,,,,,
2013-12-11,W1F0B117,ST3000DM001,3000592982016,0,,159617448,,,,,,,,0,,,,,,13862,,,,,,,,,,,,,,,,,,,,,,,,,,,,,,24,,,,,,0,,,,,,,,,,,,,,,,,,,,,,,,,,,,
2013-12-11,6XW03ALM,ST31500541AS,1500301910016,0,,151193409,,,,,,,,0,,,,,,34745,,,,,,,,,,,,,,,,,,,,,,,,,,,,,,21,,,,,,0,,,,,,,,,,,,,,,,,,,,,,,,,,,,
2013-12-11,W1F08H4N,ST3000DM001,3000592982016,0,,147868944,,,,,,,,0,,,,,,14236,,,,,,,,,,,,,,,,,,,,,,,,,,,,,,25,,,,,,0,,,,,,,,,,,,,,,,,,,,,,,,,,,,
2013-12-11,W3008G7Z,ST4000DM000,4000787030016,0,,173886880,,,,,,,,0,,,,,,4163,,,,,,,,,,,,,,,,,,,,,,,,,,,,,,23,,,,,,0,,,,,,,,,,,,,,,,,,,,,,,,,,,,
2013-12-11,W1F0B3AJ,ST3000DM001,3000592982016,0,,151948800,,,,,,,,0,,,,,,13885,,,,,,,,,,,,,,,,,,,,,,,,,,,,,,26,,,,,,8,,,,,,,,,,,,,,,,,,,,,,,,,,,,
2013-12-11,PL1311LAG3EEPH,Hitachi HDS5C4040ALE630,4000787030016,0,,0,,,,,,,,0,,,,,,5933,,,,,,,,,,,,,,,,,,,,,,,,,,,,,,26,,,,,,0,,,,,,,,,,,,,,,,,,,,,,,,,,,,
2013-12-11,W300KQT5,ST4000DM000,4000787030016,0,,13744352,,,,,,,,0,,,,,,815,,,,,,,,,,,,,,,,,,,,,,,,,,,,,,21,,,,,,0,,,,,,,,,,,,,,,,,,,,,,,,,,,,
2013-12-11,JK11A8YBKYDXMF,Hitachi HDS722020ALA330,2000398934016,0,,0,,,,,,,,3,,,,,,2717,,,,,,,,,,,,,,,,,,,,,,,,,,,,,,24,,,,,,0,,,,,,,,,,,,,,,,,,,,,,,,,,,,
2013-12-11,PL1311LAG28P4H,Hitachi HDS5C4040ALE630,4000787030016,0,,0,,,,,,,,0,,,,,,7417,,,,,,,,,,,,,,,,,,,,,,,,,,,,,,21,,,,,,0,,,,,,,,,,,,,,,,,,,,,,,,,,,,
2013-12-11,6XW0VAWK,ST31500541AS,1500301910016,0,,23490966,,,,,,,,0,,,,,,17017,,,,,,,,,,,,,,,,,,,,,,,,,,,,,,22,,,,,,0,,,,,,,,,,,,,,,,,,,,,,,,,,,,
2013-12-11,6XW1GEFY,ST32000542AS,2000398934016,0,,122059524,,,,,,,,0,,,,,,14613,,,,,,,,,,,,,,,,,,,,,,,,,,,,,,15,,,,,,0,,,,,,,,,,,,,,,,,,,,,,,,,,,,
2013-12-11,S1F04TDA,ST3000DM001,3000592982016,0,,130405144,,,,,,,,0,,,,,,16199,,,,,,,,,,,,,,,,,,,,,,,,,,,,,,28,,,,,,0,,,,,,,,,,,,,,,,,,,,,,,,,,,,
2013-12-11,MJ0351YNG9YLVA,Hitachi HDS5C3030ALA630,3000592982016,0,,0,,,,,,,,0,,,,,,9146,,,,,,,,,,,,,,,,,,,,,,,,,,,,,,29,,,,,,0,,,,,,,,,,,,,,,,,,,,,,,,,,,,
2013-12-11,MJ1311YNG5PJGA,Hitachi HDS5C3030ALA630,3000592982016,0,,327687,,,,,,,,0,,,,,,14288,,,,,,,,,,,,,,,,,,,,,,,,,,,,,,33,,,,,,0,,,,,,,,,,,,,,,,,,,,,,,,,,,,
2013-12-11,6XW016W8,ST31500541AS,1500301910016,0,,22420303,,,,,,,,0,,,,,,37287,,,,,,,,,,,,,,,,,,,,,,,,,,,,,,26,,,,,,0,,,,,,,,,,,,,,,,,,,,,,,,,,,,
2013-12-11,JK1101B9KLN1UF,Hitachi HDS722020ALA330,2000398934016,0,,0,,,,,,,,0,,,,,,23100,,,,,,,,,,,,,,,,,,,,,,,,,,,,,,24,,,,,,0,,,,,,,,,,,,,,,,,,,,,,,,,,,,
2013-12-11,Z1Z06H25,ST4000DX000,4000787030016,0,,212190813,,,,,,,,0,,,,,,5039,,,,,,,,,,,,,,,,,,,,,,,,,,,,,,34,,,,,,0,,,,,,,,,,,,,,,,,,,,,,,,,,,,
2013-12-11,Z290KKVE,ST33000651AS,3000592982016,0,,44266305,,,,,,,,0,,,,,,17739,,,,,,,,,,,,,,,,,,,,,,,,,,,,,,25,,,,,,0,,,,,,,,,,,,,,,,,,,,,,,,,,,,
2013-12-11,S1F016Q8,ST3000DM001,3000592982016,0,,190150296,,,,,,,,7208,,,,,,14726,,,,,,,,,,,,,,,,,,,,,,,,,,,,,,27,,,,,,112,,,,,,,,,,,,,,,,,,,,,,,,,,,,
2013-12-11,Z290VL73,ST33000651AS,3000592982016,0,,113565802,,,,,,,,0,,,,,,15916,,,,,,,,,,,,,,,,,,,,,,,,,,,,,,27,,,,,,0,,,,,,,,,,,,,,,,,,,,,,,,,,,,
2013-12-11,JK11A8B9GPJ2ZF,Hitachi HDS722020ALA330,2000398934016,0,,65536,,,,,,,,0,,,,,,26764,,,,,,,,,,,,,,,,,,,,,,,,,,,,,,25,,,,,,0,,,,,,,,,,,,,,,,,,,,,,,,,,,,
2013-12-11,JK11A8B9J2U9YF,Hitachi HDS722020ALA330,2000398934016,0,,0,,,,,,,,0,,,,,,24462,,,,,,,,,,,,,,,,,,,,,,,,,,,,,,29,,,,,,0,,,,,,,,,,,,,,,,,,,,,,,,,,,,
2013-12-11,MK0331YHGLGJKA,Hitachi HDS723030ALA640,3000592982016,0,,0,,,,,,,,0,,,,,,17762,,,,,,,,,,,,,,,,,,,,,,,,,,,,,,25,,,,,,0,,,,,,,,,,,,,,,,,,,,,,,,,,,,
2013-12-11,PL1321LAG33U1H,Hitachi HDS5C4040ALE630,4000787030016,0,,0,,,,,,,,0,,,,,,5932,,,,,,,,,,,,,,,,,,,,,,,,,,,,,,27,,,,,,0,,,,,,,,,,,,,,,,,,,,,,,,,,,,
2013-12-11,S1F01JDL,ST3000DM001,3000592982016,0,,11857208,,,,,,,,8520,,,,,,15402,,,,,,,,,,,,,,,,,,,,,,,,,,,,,,19,,,,,,0,,,,,,,,,,,,,,,,,,,,,,,,,,,,
2013-12-11,JK1105B8GDVB5X,Hitachi HDS722020ALA330,2000398934016,0,,0,,,,,,,,0,,,,,,27221,,,,,,,,,,,,,,,,,,,,,,,,,,,,,,30,,,,,,0,,,,,,,,,,,,,,,,,,,,,,,,,,,,
2013-12-11,W1F0BMDT,ST3000DM001,3000592982016,0,,2332352,,,,,,,,0,,,,,,12839,,,,,,,,,,,,,,,,,,,,,,,,,,,,,,26,,,,,,0,,,,,,,,,,,,,,,,,,,,,,,,,,,,
2013-12-11,MJ0351YNGAAKWA,Hitachi HDS5C3030ALA630,3000592982016,0,,0,,,,,,,,0,,,,,,8210,,,,,,,,,,,,,,,,,,,,,,,,,,,,,,36,,,,,,0,,,,,,,,,,,,,,,,,,,,,,,,,,,,
2013-12-11,S1F04ZR9,ST3000DM001,3000592982016,0,,64752672,,,,,,,,0,,,,,,12877,,,,,,,,,,,,,,,,,,,,,,,,,,,,,,22,,,,,,0,,,,,,,,,,,,,,,,,,,,,,,,,,,,
2013-12-11,W1F0M35B,ST3000DM001,3000592982016,0,,161380256,,,,,,,,0,,,,,,12014,,,,,,,,,,,,,,,,,,,,,,,,,,,,,,29,,,,,,0,,,,,,,,,,,,,,,,,,,,,,,,,,,,
2013-12-11,PL1311LAG1YWYA,Hitachi HDS5C4040ALE630,4000787030016,0,,0,,,,,,,,0,,,,,,7428,,,,,,,,,,,,,,,,,,,,,,,,,,,,,,27,,,,,,0,,,,,,,,,,,,,,,,,,,,,,,,,,,,
2013-12-11,Z300MJS8,ST4000DM000,4000787030016,0,,151011672,,,,,,,,0,,,,,,2873,,,,,,,,,,,,,,,,,,,,,,,,,,,,,,22,,,,,,0,,,,,,,,,,,,,,,,,,,,,,,,,,,,
2013-12-11,PL1311LAG26M0A,Hitachi HDS5C4040ALE630,4000787030016,0,,0,,,,,,,,0,,,,,,7417,,,,,,,,,,,,,,,,,,,,,,,,,,,,,,22,,,,,,0,,,,,,,,,,,,,,,,,,,,,,,,,,,,
2013-12-11,MJ1311YNG4J5HA,Hitachi HDS5C3030ALA630,3000592982016,0,,0,,,,,,,,0,,,,,,20731,,,,,,,,,,,,,,,,,,,,,,,,,,,,,,21,,,,,,0,,,,,,,,,,,,,,,,,,,,,,,,,,,,
2013-12-11,MK0311YHG2TMKA,Hitachi HDS723030ALA640,3000592982016,0,,1,,,,,,,,0,,,,,,21792,,,,,,,,,,,,,,,,,,,,,,,,,,,,,,29,,,,,,0,,,,,,,,,,,,,,,,,,,,,,,,,,,,
2013-12-11,MJ0351YNG9YJXA,Hitachi HDS5C3030ALA630,3000592982016,0,,0,,,,,,,,0,,,,,,9999,,,,,,,,,,,,,,,,,,,,,,,,,,,,,,34,,,,,,0,,,,,,,,,,,,,,,,,,,,,,,,,,,,
2013-12-11,S1F0S34Q,ST3000DM001,3000592982016,0,,46591272,,,,,,,,0,,,,,,10728,,,,,,,,,,,,,,,,,,,,,,,,,,,,,,26,,,,,,0,,,,,,,,,,,,,,,,,,,,,,,,,,,,
2013-12-11,MJ1311YNG788KA,Hitachi HDS5C3030ALA630,3000592982016,0,,0,,,,,,,,0,,,,,,14600,,,,,,,,,,,,,,,,,,,,,,,,,,,,,,24,,,,,,0,,,,,,,,,,,,,,,,,,,,,,,,,,,,
2013-12-11,W300AF58,ST4000DM000,4000787030016,0,,179849592,,,,,,,,0,,,,,,4136,,,,,,,,,,,,,,,,,,,,,,,,,,,,,,22,,,,,,0,,,,,,,,,,,,,,,,,,,,,,,,,,,,
2013-12-11,6XW04NQ0,ST31500541AS,1500301910016,0,,199695229,,,,,,,,0,,,,,,36402,,,,,,,,,,,,,,,,,,,,,,,,,,,,,,17,,,,,,0,,,,,,,,,,,,,,,,,,,,,,,,,,,,
2013-12-11,MJ0351YNG9Z3AA,Hitachi HDS5C3030ALA630,3000592982016,0,,0,,,,,,,,0,,,,,,9913,,,,,,,,,,,,,,,,,,,,,,,,,,,,,,34,,,,,,0,,,,,,,,,,,,,,,,,,,,,,,,,,,,
2013-12-11,S1F0S34C,ST3000DM001,3000592982016,0,,12498928,,,,,,,,0,,,,,,10539,,,,,,,,,,,,,,,,,,,,,,,,,,,,,,24,,,,,,0,,,,,,,,,,,,,,,,,,,,,,,,,,,,
2013-12-11,WD-WMAWZ0244365,WDC WD30EZRX,3000592982016,0,,0,,,,,,,,0,,,,,,12946,,,,,,,,,,,,,,,,,,,,,,,,,,,,,,23,,,,,,1,,,,,,,,,,,,,,,,,,,,,,,,,,,,
2013-12-11,PL1311LAG202HA,Hitachi HDS5C4040ALE630,4000787030016,0,,0,,,,,,,,0,,,,,,7436,,,,,,,,,,,,,,,,,,,,,,,,,,,,,,26,,,,,,0,,,,,,,,,,,,,,,,,,,,,,,,,,,,
2013-12-11,MJ0351YNG9Z2MA,Hitachi HDS5C3030ALA630,3000592982016,0,,0,,,,,,,,0,,,,,,9956,,,,,,,,,,,,,,,,,,,,,,,,,,,,,,29,,,,,,0,,,,,,,,,,,,,,,,,,,,,,,,,,,,
2013-12-11,JK1101B9JP5HDU,Hitachi HDS722020ALA330,2000398934016,0,,0,,,,,,,,0,,,,,,24112,,,,,,,,,,,,,,,,,,,,,,,,,,,,,,27,,,,,,0,,,,,,,,,,,,,,,,,,,,,,,,,,,,
2013-12-11,MJ0351YNG9WK4A,Hitachi HDS5C3030ALA630,3000592982016,0,,0,,,,,,,,0,,,,,,9941,,,,,,,,,,,,,,,,,,,,,,,,,,,,,,26,,,,,,0,,,,,,,,,,,,,,,,,,,,,,,,,,,,
2013-12-11,MJ1311YNG66WGA,Hitachi HDS5C3030ALA630,3000592982016,0,,0,,,,,,,,0,,,,,,14310,,,,,,,,,,,,,,,,,,,,,,,,,,,,,,24,,,,,,0,,,,,,,,,,,,,,,,,,,,,,,,,,,,
2013-12-11,MJ1321YNG09PKA,Hitachi HDS5C3030ALA630,3000592982016,0,,0,,,,,,,,0,,,,,,20511,,,,,,,,,,,,,,,,,,,,,,,,,,,,,,25,,,,,,0,,,,,,,,,,,,,,,,,,,,,,,,,,,,
2013-12-11,JK1101B9JPGE4F,Hitachi HDS722020ALA330,2000398934016,0,,0,,,,,,,,0,,,,,,24099,,,,,,,,,,,,,,,,,,,,,,,,,,,,,,24,,,,,,0,,,,,,,,,,,,,,,,,,,,,,,,,,,,
2013-12-11,S1F01V2Y,ST3000DM001,3000592982016,0,,72939632,,,,,,,,0,,,,,,13869,,,,,,,,,,,,,,,,,,,,,,,,,,,,,,22,,,,,,0,,,,,,,,,,,,,,,,,,,,,,,,,,,,
2013-12-11,6XW04S1Z,ST31500541AS,1500301910016,0,,188642610,,,,,,,,0,,,,,,36955,,,,,,,,,,,,,,,,,,,,,,,,,,,,,,21,,,,,,0,,,,,,,,,,,,,,,,,,,,,,,,,,,,
2013-12-11,W1F1FZ8B,ST3000DM001,3000592982016,0,,128238104,,,,,,,,0,,,,,,8207,,,,,,,,,,,,,,,,,,,,,,,,,,,,,,20,,,,,,0,,,,,,,,,,,,,,,,,,,,,,,,,,,,
2013-12-11,MJ1321YNG0J6EA,Hitachi HDS5C3030ALA630,3000592982016,0,,2,,,,,,,,0,,,,,,20480,,,,,,,,,,,,,,,,,,,,,,,,,,,,,,26,,,,,,0,,,,,,,,,,,,,,,,,,,,,,,,,,,,
2013-12-11,S1F0QZWB,ST3000DM001,3000592982016,0,,9591648,,,,,,,,0,,,,,,11023,,,,,,,,,,,,,,,,,,,,,,,,,,,,,,29,,,,,,0,,,,,,,,,,,,,,,,,,,,,,,,,,,,
2013-12-11,W1F09VY9,ST3000DM001,3000592982016,0,,130146696,,,,,,,,0,,,,,,13347,,,,,,,,,,,,,,,,,,,,,,,,,,,,,,25,,,,,,8,,,,,,,,,,,,,,,,,,,,,,,,,,,,
2013-12-11,JK1105B8J369EX,Hitachi HDS722020ALA330,2000398934016,0,,0,,,,,,,,0,,,,,,22695,,,,,,,,,,,,,,,,,,,,,,,,,,,,,,28,,,,,,0,,,,,,,,,,,,,,,,,,,,,,,,,,,,
2013-12-11,Z300V5RQ,ST4000DM000,4000787030016,0,,59705472,,,,,,,,0,,,,,,948,,,,,,,,,,,,,,,,,,,,,,,,,,,,,,22,,,,,,0,,,,,,,,,,,,,,,,,,,,,,,,,,,,
2013-12-11,MK0311YHGKA5NA,Hitachi HDS723030ALA640,3000592982016,0,,0,,,,,,,,0,,,,,,16075,,,,,,,,,,,,,,,,,,,,,,,,,,,,,,29,,,,,,0,,,,,,,,,,,,,,,,,,,,,,,,,,,,
2013-12-11,JK11A8B9J3NPHF,Hitachi HDS722020ALA330,2000398934016,0,,0,,,,,,,,0,,,,,,23106,,,,,,,,,,,,,,,,,,,,,,,,,,,,,,25,,,,,,0,,,,,,,,,,,,,,,,,,,,,,,,,,,,
2013-12-11,W300BMK1,ST4000DM000,4000787030016,0,,80390264,,,,,,,,0,,,,,,2177,,,,,,,,,,,,,,,,,,,,,,,,,,,,,,21,,,,,,0,,,,,,,,,,,,,,,,,,,,,,,,,,,,
2013-12-11,W300J643,ST4000DM000,4000787030016,0,,205084112,,,,,,,,0,,,,,,1703,,,,,,,,,,,,,,,,,,,,,,,,,,,,,,24,,,,,,0,,,,,,,,,,,,,,,,,,,,,,,,,,,,
2013-12-11,JK1105B8GEU48X,Hitachi HDS722020ALA330,2000398934016,0,,65541,,,,,,,,2,,,,,,27160,,,,,,,,,,,,,,,,,,,,,,,,,,,,,,24,,,,,,0,,,,,,,,,,,,,,,,,,,,,,,,,,,,
2013-12-11,W1F09VYS,ST3000DM001,3000592982016,0,,106432048,,,,,,,,0,,,,,,14713,,,,,,,,,,,,,,,,,,,,,,,,,,,,,,26,,,,,,0,,,,,,,,,,,,,,,,,,,,,,,,,,,,
2013-12-11,MJ1321YNG0EXPA,Hitachi HDS5C3030ALA630,3000592982016,0,,0,,,,,,,,0,,,,,,20732,,,,,,,,,,,,,,,,,,,,,,,,,,,,,,22,,,,,,0,,,,,,,,,,,,,,,,,,,,,,,,,,,,
2013-12-11,S1F03APL,ST3000DM001,3000592982016,0,,144808984,,,,,,,,2936,,,,,,13911,,,,,,,,,,,,,,,,,,,,,,,,,,,,,,26,,,,,,24,,,,,,,,,,,,,,,,,,,,,,,,,,,,
2013-12-11,PL1321LAG31Y1H,Hitachi HDS5C4040ALE630,4000787030016,0,,0,,,,,,,,0,,,,,,5668,,,,,,,,,,,,,,,,,,,,,,,,,,,,,,20,,,,,,0,,,,,,,,,,,,,,,,,,,,,,,,,,,,
2013-12-11,MJ0351YNG9VX8A,Hitachi HDS5C3030ALA630,3000592982016,0,,0,,,,,,,,0,,,,,,9941,,,,,,,,,,,,,,,,,,,,,,,,,,,,,,28,,,,,,0,,,,,,,,,,,,,,,,,,,,,,,,,,,,
2013-12-11,W300JTFS,ST4000DM000,4000787030016,0,,106050608,,,,,,,,0,,,,,,1704,,,,,,,,,,,,,,,,,,,,,,,,,,,,,,22,,,,,,0,,,,,,,,,,,,,,,,,,,,,,,,,,,,
2013-12-11,MJ1311YNG6KX4A,Hitachi HDS5C3030ALA630,3000592982016,0,,65536,,,,,,,,0,,,,,,14682,,,,,,,,,,,,,,,,,,,,,,,,,,,,,,17,,,,,,0,,,,,,,,,,,,,,,,,,,,,,,,,,,,
2013-12-11,WD-WMC1T0870370,WDC WD30EFRX,3000592982016,0,,0,,,,,,,,0,,,,,,8839,,,,,,,,,,,,,,,,,,,,,,,,,,,,,,28,,,,,,0,,,,,,,,,,,,,,,,,,,,,,,,,,,,
2013-12-11,JK11A8B9J773AF,Hitachi HDS722020ALA330,2000398934016,0,,0,,,,,,,,0,,,,,,22695,,,,,,,,,,,,,,,,,,,,,,,,,,,,,,26,,,,,,0,,,,,,,,,,,,,,,,,,,,,,,,,,,,
2013-12-11,6YD0X4AP,ST1500DL003,1500301910016,0,,13016104,,,,,,,,0,,,,,,3717,,,,,,,,,,,,,,,,,,,,,,,,,,,,,,17,,,,,,0,,,,,,,,,,,,,,,,,,,,,,,,,,,,
2013-12-11,S1F0FZ8F,ST3000DM001,3000592982016,0,,167134016,,,,,,,,0,,,,,,12155,,,,,,,,,,,,,,,,,,,,,,,,,,,,,,25,,,,,,0,,,,,,,,,,,,,,,,,,,,,,,,,,,,
2013-12-11,MJ0351YNG9U2JA,Hitachi HDS5C3030ALA630,3000592982016,0,,0,,,,,,,,0,,,,,,9142,,,,,,,,,,,,,,,,,,,,,,,,,,,,,,29,,,,,,0,,,,,,,,,,,,,,,,,,,,,,,,,,,,
2013-12-11,MJ1311YNG7G81A,Hitachi HDS5C3030ALA630,3000592982016,0,,0,,,,,,,,0,,,,,,14330,,,,,,,,,,,,,,,,,,,,,,,,,,,,,,31,,,,,,0,,,,,,,,,,,,,,,,,,,,,,,,,,,,
2013-12-11,WD-WCAU47196658,WDC WD10EADS,1000204886016,0,,22,,,,,,,,0,,,,,,40970,,,,,,,,,,,,,,,,,,,,,,,,,,,,,,31,,,,,,0,,,,,,,,,,,,,,,,,,,,,,,,,,,,
2013-12-11,6XW1KQRC,ST31500541AS,1500301910016,0,,242309800,,,,,,,,0,,,,,,15265,,,,,,,,,,,,,,,,,,,,,,,,,,,,,,20,,,,,,0,,,,,,,,,,,,,,,,,,,,,,,,,,,,
2013-12-11,JK1174YAJ48W5W,Hitachi HDS722020ALA330,2000398934016,0,,0,,,,,,,,0,,,,,,25991,,,,,,,,,,,,,,,,,,,,,,,,,,,,,,31,,,,,,0,,,,,,,,,,,,,,,,,,,,,,,,,,,,
2013-12-11,PL1321LAG36D6H,Hitachi HDS5C4040ALE630,4000787030016,0,,0,,,,,,,,0,,,,,,6648,,,,,,,,,,,,,,,,,,,,,,,,,,,,,,22,,,,,,0,,,,,,,,,,,,,,,,,,,,,,,,,,,,
2013-12-11,9XW0BYVZ,ST32000542AS,2000398934016,0,,44263397,,,,,,,,178,,,,,,31491,,,,,,,,,,,,,,,,,,,,,,,,,,,,,,20,,,,,,0,,,,,,,,,,,,,,,,,,,,,,,,,,,,
2013-12-11,MJ0351YNG9V4JA,Hitachi HDS5C3030ALA630,3000592982016,0,,0,,,,,,,,0,,,,,,8210,,,,,,,,,,,,,,,,,,,,,,,,,,,,,,36,,,,,,0,,,,,,,,,,,,,,,,,,,,,,,,,,,,
2013-12-11,Z1F0LT5M,ST3000DM001,3000592982016,0,,22874776,,,,,,,,0,,,,,,12248,,,,,,,,,,,,,,,,,,,,,,,,,,,,,,27,,,,,,0,,,,,,,,,,,,,,,,,,,,,,,,,,,,
2013-12-11,JK1101B9KNLUYF,Hitachi HDS722020ALA330,2000398934016,0,,0,,,,,,,,0,,,,,,23099,,,,,,,,,,,,,,,,,,,,,,,,,,,,,,26,,,,,,0,,,,,,,,,,,,,,,,,,,,,,,,,,,,
2013-12-11,S1F035J5,ST3000DM001,3000592982016,0,,50391968,,,,,,,,0,,,,,,14214,,,,,,,,,,,,,,,,,,,,,,,,,,,,,,24,,,,,,0,,,,,,,,,,,,,,,,,,,,,,,,,,,,
2013-12-11,MJ1311YNG35BYA,Hitachi HDS5C3030ALA630,3000592982016,0,,0,,,,,,,,0,,,,,,18316,,,,,,,,,,,,,,,,,,,,,,,,,,,,,,21,,,,,,0,,,,,,,,,,,,,,,,,,,,,,,,,,,,
2013-12-11,Z300H1QN,ST4000DM000,4000787030016,0,,29085176,,,,,,,,0,,,,,,1331,,,,,,,,,,,,,,,,,,,,,,,,,,,,,,22,,,,,,0,,,,,,,,,,,,,,,,,,,,,,,,,,,,
2013-12-11,MJ0351YNG9YK4A,Hitachi HDS5C3030ALA630,3000592982016,0,,0,,,,,,,,0,,,,,,10000,,,,,,,,,,,,,,,,,,,,,,,,,,,,,,33,,,,,,0,,,,,,,,,,,,,,,,,,,,,,,,,,,,
2013-12-11,W1F0HS8J,ST3000DM001,3000592982016,0,,127993816,,,,,,,,0,,,,,,12168,,,,,,,,,,,,,,,,,,,,,,,,,,,,,,26,,,,,,0,,,,,,,,,,,,,,,,,,,,,,,,,,,,
2013-12-11,PL1311LAG25HNA,Hitachi HDS5C4040ALE630,4000787030016,0,,0,,,,,,,,0,,,,,,7419,,,,,,,,,,,,,,,,,,,,,,,,,,,,,,20,,,,,,0,,,,,,,,,,,,,,,,,,,,,,,,,,,,
2013-12-11,9VS1R1W7,ST31500341AS,1500301910016,0,,130898314,,,,,,,,11,,,,,,40235,,,,,,,,,,,,,,,,,,,,,,,,,,,,,,28,,,,,,0,,,,,,,,,,,,,,,,,,,,,,,,,,,,
2013-12-11,JK11A8B9J7723F,Hitachi HDS722020ALA330,2000398934016,0,,65536,,,,,,,,0,,,,,,26023,,,,,,,,,,,,,,,,,,,,,,,,,,,,,,27,,,,,,0,,,,,,,,,,,,,,,,,,,,,,,,,,,,
2013-12-11,WD-WMC1T3159095,WDC WD30EFRX,3000592982016,0,,0,,,,,,,,0,,,,,,1844,,,,,,,,,,,,,,,,,,,,,,,,,,,,,,22,,,,,,0,,,,,,,,,,,,,,,,,,,,,,,,,,,,
2013-12-11,JK11A8B9J6RWTF,Hitachi HDS722020ALA330,2000398934016,0,,0,,,,,,,,0,,,,,,24545,,,,,,,,,,,,,,,,,,,,,,,,,,,,,,29,,,,,,0,,,,,,,,,,,,,,,,,,,,,,,,,,,,
2013-12-11,5XW02N56,ST31500541AS,1500301910016,0,,136981545,,,,,,,,0,,,,,,37436,,,,,,,,,,,,,,,,,,,,,,,,,,,,,,22,,,,,,0,,,,,,,,,,,,,,,,,,,,,,,,,,,,
2013-12-11,MJ1311YNG7LUNA,Hitachi HDS5C3030ALA630,3000592982016,0,,0,,,,,,,,0,,,,,,14291,,,,,,,,,,,,,,,,,,,,,,,,,,,,,,28,,,,,,0,,,,,,,,,,,,,,,,,,,,,,,,,,,,
2013-12-11,Z1F0L8E3,ST3000DM001,3000592982016,0,,3176264,,,,,,,,0,,,,,,10739,,,,,,,,,,,,,,,,,,,,,,,,,,,,,,27,,,,,,0,,,,,,,,,,,,,,,,,,,,,,,,,,,,
2013-12-11,W300BQVA,ST4000DM000,4000787030016,0,,216507416,,,,,,,,0,,,,,,3603,,,,,,,,,,,,,,,,,,,,,,,,,,,,,,20,,,,,,0,,,,,,,,,,,,,,,,,,,,,,,,,,,,
2013-12-11,PL1331LAGB7LDH,Hitachi HDS5C4040ALE630,4000787030016,0,,0,,,,,,,,0,,,,,,5428,,,,,,,,,,,,,,,,,,,,,,,,,,,,,,20,,,,,,0,,,,,,,,,,,,,,,,,,,,,,,,,,,,
2013-12-11,W300BQVN,ST4000DM000,4000787030016,0,,152707784,,,,,,,,0,,,,,,3588,,,,,,,,,,,,,,,,,,,,,,,,,,,,,,23,,,,,,0,,,,,,,,,,,,,,,,,,,,,,,,,,,,
2013-12-11,W1F0AMV1,ST3000DM001,3000592982016,0,,51053288,,,,,,,,0,,,,,,13870,,,,,,,,,,,,,,,,,,,,,,,,,,,,,,23,,,,,,0,,,,,,,,,,,,,,,,,,,,,,,,,,,,
2013-12-11,PL1311LAG1BNJA,Hitachi HDS5C4040ALE630,4000787030016,0,,0,,,,,,,,0,,,,,,7459,,,,,,,,,,,,,,,,,,,,,,,,,,,,,,25,,,,,,0,,,,,,,,,,,,,,,,,,,,,,,,,,,,
2013-12-11,MJ0351YNGA0ZEA,Hitachi HDS5C3030ALA630,3000592982016,0,,0,,,,,,,,0,,,,,,8615,,,,,,,,,,,,,,,,,,,,,,,,,,,,,,30,,,,,,0,,,,,,,,,,,,,,,,,,,,,,,,,,,,
2013-12-11,MJ1311YNG7LXBA,Hitachi HDS5C3030ALA630,3000592982016,0,,0,,,,,,,,0,,,,,,14620,,,,,,,,,,,,,,,,,,,,,,,,,,,,,,24,,,,,,0,,,,,,,,,,,,,,,,,,,,,,,,,,,,
2013-12-11,9VS20FAX,ST31500341AS,1500301910016,0,,75513310,,,,,,,,32,,,,,,39091,,,,,,,,,,,,,,,,,,,,,,,,,,,,,,28,,,,,,0,,,,,,,,,,,,,,,,,,,,,,,,,,,,
2013-12-11,WD-WCAU45461038,WDC WD10EADS,1000204886016,0,,0,,,,,,,,0,,,,,,41244,,,,,,,,,,,,,,,,,,,,,,,,,,,,,,22,,,,,,3,,,,,,,,,,,,,,,,,,,,,,,,,,,,
2013-12-11,6XW03AY9,ST31500541AS,1500301910016,0,,76002369,,,,,,,,0,,,,,,36916,,,,,,,,,,,,,,,,,,,,,,,,,,,,,,23,,,,,,0,,,,,,,,,,,,,,,,,,,,,,,,,,,,
2013-12-11,MJ1321YNG144YA,Hitachi HDS5C3030ALA630,3000592982016,0,,0,,,,,,,,0,,,,,,19373,,,,,,,,,,,,,,,,,,,,,,,,,,,,,,24,,,,,,0,,,,,,,,,,,,,,,,,,,,,,,,,,,,
2013-12-11,S1F06J66,ST3000DM001,3000592982016,0,,66709424,,,,,,,,0,,,,,,12345,,,,,,,,,,,,,,,,,,,,,,,,,,,,,,22,,,,,,0,,,,,,,,,,,,,,,,,,,,,,,,,,,,
2013-12-11,S1F0PJJW,ST3000DM001,3000592982016,0,,10032240,,,,,,,,0,,,,,,11689,,,,,,,,,,,,,,,,,,,,,,,,,,,,,,26,,,,,,0,,,,,,,,,,,,,,,,,,,,,,,,,,,,
2013-12-11,9VS2JAVJ,ST31500341AS,1500301910016,0,,119263836,,,,,,,,152,,,,,,17477,,,,,,,,,,,,,,,,,,,,,,,,,,,,,,31,,,,,,0,,,,,,,,,,,,,,,,,,,,,,,,,,,,
2013-12-11,W1F08VL6,ST3000DM001,3000592982016,0,,22840520,,,,,,,,0,,,,,,16199,,,,,,,,,,,,,,,,,,,,,,,,,,,,,,24,,,,,,0,,,,,,,,,,,,,,,,,,,,,,,,,,,,
2013-12-11,MJ0351YNG9WRMA,Hitachi HDS5C3030ALA630,3000592982016,0,,0,,,,,,,,0,,,,,,8612,,,,,,,,,,,,,,,,,,,,,,,,,,,,,,31,,,,,,0,,,,,,,,,,,,,,,,,,,,,,,,,,,,
2013-12-11,JK11A8B9J7LP9F,Hitachi HDS722020ALA330,2000398934016,0,,0,,,,,,,,2,,,,,,24544,,,,,,,,,,,,,,,,,,,,,,,,,,,,,,29,,,,,,0,,,,,,,,,,,,,,,,,,,,,,,,,,,,
2013-12-11,MK0311YHGK894A,Hitachi HDS723030ALA640,3000592982016,0,,0,,,,,,,,0,,,,,,21458,,,,,,,,,,,,,,,,,,,,,,,,,,,,,,26,,,,,,0,,,,,,,,,,,,,,,,,,,,,,,,,,,,
2013-12-11,W300D6GB,ST4000DM000,4000787030016,0,,184292344,,,,,,,,0,,,,,,4139,,,,,,,,,,,,,,,,,,,,,,,,,,,,,,22,,,,,,0,,,,,,,,,,,,,,,,,,,,,,,,,,,,
2013-12-11,6XW03FKT,ST31500541AS,1500301910016,0,,67853932,,,,,,,,0,,,,,,37287,,,,,,,,,,,,,,,,,,,,,,,,,,,,,,26,,,,,,0,,,,,,,,,,,,,,,,,,,,,,,,,,,,
2013-12-11,MJ1311YNG3XX8A,Hitachi HDS5C3030ALA630,3000592982016,0,,0,,,,,,,,12,,,,,,20512,,,,,,,,,,,,,,,,,,,,,,,,,,,,,,25,,,,,,8,,,,,,,,,,,,,,,,,,,,,,,,,,,,
2013-12-11,Z1F0L8EF,ST3000DM001,3000592982016,0,,130955240,,,,,,,,0,,,,,,12248,,,,,,,,,,,,,,,,,,,,,,,,,,,,,,24,,,,,,0,,,,,,,,,,,,,,,,,,,,,,,,,,,,
2013-12-11,JK11A8YBKYUSVF,Hitachi HDS722020ALA330,2000398934016,0,,0,,,,,,,,0,,,,,,27861,,,,,,,,,,,,,,,,,,,,,,,,,,,,,,28,,,,,,0,,,,,,,,,,,,,,,,,,,,,,,,,,,,
2013-12-11,W1F09SD2,ST3000DM001,3000592982016,0,,174213112,,,,,,,,0,,,,,,14724,,,,,,,,,,,,,,,,,,,,,,,,,,,,,,25,,,,,,0,,,,,,,,,,,,,,,,,,,,,,,,,,,,
2013-12-11,PL1311LAG2623A,Hitachi HDS5C4040ALE630,4000787030016,0,,0,,,,,,,,0,,,,,,6993,,,,,,,,,,,,,,,,,,,,,,,,,,,,,,22,,,,,,0,,,,,,,,,,,,,,,,,,,,,,,,,,,,
2013-12-11,MK0311YHG6S6XA,Hitachi HDS723030ALA640,3000592982016,0,,0,,,,,,,,0,,,,,,16804,,,,,,,,,,,,,,,,,,,,,,,,,,,,,,25,,,,,,0,,,,,,,,,,,,,,,,,,,,,,,,,,,,
2013-12-11,Z300WYAC,ST4000DM000,4000787030016,0,,40410800,,,,,,,,0,,,,,,918,,,,,,,,,,,,,,,,,,,,,,,,,,,,,,21,,,,,,0,,,,,,,,,,,,,,,,,,,,,,,,,,,,
2013-12-11,Z1F0L8EX,ST3000DM001,3000592982016,0,,141990728,,,,,,,,0,,,,,,12169,,,,,,,,,,,,,,,,,,,,,,,,,,,,,,25,,,,,,0,,,,,,,,,,,,,,,,,,,,,,,,,,,,
2013-12-11,9VS2BFRK,ST31500341AS,1500301910016,0,,18414407,,,,,,,,4,,,,,,35517,,,,,,,,,,,,,,,,,,,,,,,,,,,,,,26,,,,,,0,,,,,,,,,,,,,,,,,,,,,,,,,,,,
2013-12-11,9XK0L95Y,ST33000651AS,3000592982016,0,,7169047,,,,,,,,0,,,,,,17739,,,,,,,,,,,,,,,,,,,,,,,,,,,,,,23,,,,,,0,,,,,,,,,,,,,,,,,,,,,,,,,,,,
2013-12-11,W1F09D72,ST3000DM001,3000592982016,0,,93556496,,,,,,,,0,,,,,,14729,,,,,,,,,,,,,,,,,,,,,,,,,,,,,,21,,,,,,0,,,,,,,,,,,,,,,,,,,,,,,,,,,,
2013-12-11,W1F09D73,ST3000DM001,3000592982016,0,,150943008,,,,,,,,0,,,,,,14734,,,,,,,,,,,,,,,,,,,,,,,,,,,,,,22,,,,,,0,,,,,,,,,,,,,,,,,,,,,,,,,,,,
2013-12-11,9VS3GBPX,ST31500341AS,1500301910016,0,,19892009,,,,,,,,6,,,,,,18315,,,,,,,,,,,,,,,,,,,,,,,,,,,,,,24,,,,,,0,,,,,,,,,,,,,,,,,,,,,,,,,,,,
2013-12-11,13H3012AS,TOSHIBA DT01ACA300,3000592982016,0,,0,,,,,,,,0,,,,,,2624,,,,,,,,,,,,,,,,,,,,,,,,,,,,,,25,,,,,,0,,,,,,,,,,,,,,,,,,,,,,,,,,,,
2013-12-11,9VS3HY4L,ST31500341AS,1500301910016,0,,146544289,,,,,,,,70,,,,,,31541,,,,,,,,,,,,,,,,,,,,,,,,,,,,,,25,,,,,,0,,,,,,,,,,,,,,,,,,,,,,,,,,,,
2013-12-11,WD-WCAU45409609,WDC WD10EADS,1000204886016,0,,4,,,,,,,,0,,,,,,41125,,,,,,,,,,,,,,,,,,,,,,,,,,,,,,23,,,,,,0,,,,,,,,,,,,,,,,,,,,,,,,,,,,
2013-12-11,W1F0TAQB,ST3000DM001,3000592982016,0,,146277648,,,,,,,,0,,,,,,11048,,,,,,,,,,,,,,,,,,,,,,,,,,,,,,24,,,,,,0,,,,,,,,,,,,,,,,,,,,,,,,,,,,
2013-12-11,S1F135BR,ST3000DM001,3000592982016,0,,169486160,,,,,,,,0,,,,,,8207,,,,,,,,,,,,,,,,,,,,,,,,,,,,,,28,,,,,,0,,,,,,,,,,,,,,,,,,,,,,,,,,,,
2013-12-11,JK1175YAHHBAJX,Hitachi HDS722020ALA330,2000398934016,0,,1,,,,,,,,0,,,,,,20766,,,,,,,,,,,,,,,,,,,,,,,,,,,,,,27,,,,,,0,,,,,,,,,,,,,,,,,,,,,,,,,,,,
2013-12-11,Z300NQ0H,ST4000DM000,4000787030016,0,,59105864,,,,,,,,0,,,,,,1114,,,,,,,,,,,,,,,,,,,,,,,,,,,,,,30,,,,,,0,,,,,,,,,,,,,,,,,,,,,,,,,,,,
2013-12-11,W1F17GR6,ST3000DM001,3000592982016,0,,39195624,,,,,,,,4248,,,,,,8186,,,,,,,,,,,,,,,,,,,,,,,,,,,,,,24,,,,,,0,,,,,,,,,,,,,,,,,,,,,,,,,,,,
2013-12-11,6XW0W9AD,ST31500541AS,1500301910016,0,,152208026,,,,,,,,0,,,,,,33841,,,,,,,,,,,,,,,,,,,,,,,,,,,,,,21,,,,,,0,,,,,,,,,,,,,,,,,,,,,,,,,,,,
2013-12-11,MJ1323YNG1EHZC,Hitachi HDS5C3030ALA630,3000592982016,0,,0,,,,,,,,0,,,,,,19766,,,,,,,,,,,,,,,,,,,,,,,,,,,,,,27,,,,,,0,,,,,,,,,,,,,,,,,,,,,,,,,,,,
2013-12-11,S1F03487,ST3000DM001,3000592982016,0,,158014824,,,,,,,,0,,,,,,15621,,,,,,,,,,,,,,,,,,,,,,,,,,,,,,26,,,,,,0,,,,,,,,,,,,,,,,,,,,,,,,,,,,
2013-12-11,MJ1311YNG6VVJA,Hitachi HDS5C3030ALA630,3000592982016,0,,0,,,,,,,,0,,,,,,14680,,,,,,,,,,,,,,,,,,,,,,,,,,,,,,28,,,,,,0,,,,,,,,,,,,,,,,,,,,,,,,,,,,
2013-12-11,PL1311LAG24LRA,Hitachi HDS5C4040ALE630,4000787030016,0,,0,,,,,,,,0,,,,,,7401,,,,,,,,,,,,,,,,,,,,,,,,,,,,,,25,,,,,,0,,,,,,,,,,,,,,,,,,,,,,,,,,,,
2013-12-11,JK1101B9JPUXNF,Hitachi HDS722020ALA330,2000398934016,0,,0,,,,,,,,0,,,,,,23881,,,,,,,,,,,,,,,,,,,,,,,,,,,,,,23,,,,,,0,,,,,,,,,,,,,,,,,,,,,,,,,,,,
2013-12-11,MJ1311YNG7KTJA,Hitachi HDS5C3030ALA630,3000592982016,0,,0,,,,,,,,0,,,,,,14624,,,,,,,,,,,,,,,,,,,,,,,,,,,,,,26,,,,,,0,,,,,,,,,,,,,,,,,,,,,,,,,,,,
2013-12-11,W300CW6K,ST4000DM000,4000787030016,0,,47731664,,,,,,,,0,,,,,,909,,,,,,,,,,,,,,,,,,,,,,,,,,,,,,22,,,,,,0,,,,,,,,,,,,,,,,,,,,,,,,,,,,
2013-12-11,WD-WCAU45694130,WDC WD10EADS,1000204886016,0,,0,,,,,,,,0,,,,,,41735,,,,,,,,,,,,,,,,,,,,,,,,,,,,,,23,,,,,,0,,,,,,,,,,,,,,,,,,,,,,,,,,,,
2013-12-11,PL1311LAG2B6RH,Hitachi HDS5C4040ALE630,4000787030016,0,,0,,,,,,,,0,,,,,,7415,,,,,,,,,,,,,,,,,,,,,,,,,,,,,,24,,,,,,0,,,,,,,,,,,,,,,,,,,,,,,,,,,,
2013-12-11,MK0311YHG4LGLA,Hitachi HDS723030ALA640,3000592982016,0,,0,,,,,,,,0,,,,,,21793,,,,,,,,,,,,,,,,,,,,,,,,,,,,,,24,,,,,,0,,,,,,,,,,,,,,,,,,,,,,,,,,,,
2013-12-11,JK11A8B9J3D1DF,Hitachi HDS722020ALA330,2000398934016,0,,0,,,,,,,,0,,,,,,22702,,,,,,,,,,,,,,,,,,,,,,,,,,,,,,28,,,,,,0,,,,,,,,,,,,,,,,,,,,,,,,,,,,
2013-12-11,MJ1311YNG7LR5A,Hitachi HDS5C3030ALA630,3000592982016,0,,0,,,,,,,,0,,,,,,14310,,,,,,,,,,,,,,,,,,,,,,,,,,,,,,23,,,,,,0,,,,,,,,,,,,,,,,,,,,,,,,,,,,
2013-12-11,MJ1311YNG6ZX3A,Hitachi HDS5C3030ALA630,3000592982016,0,,0,,,,,,,,0,,,,,,14310,,,,,,,,,,,,,,,,,,,,,,,,,,,,,,25,,,,,,0,,,,,,,,,,,,,,,,,,,,,,,,,,,,
2013-12-11,WD-WMAWZ0262788,WDC WD30EZRX,3000592982016,0,,0,,,,,,,,0,,,,,,12938,,,,,,,,,,,,,,,,,,,,,,,,,,,,,,22,,,,,,0,,,,,,,,,,,,,,,,,,,,,,,,,,,,
2013-12-11,MK0311YHGGM5VA,Hitachi HDS723030ALA640,3000592982016,0,,0,,,,,,,,0,,,,,,16682,,,,,,,,,,,,,,,,,,,,,,,,,,,,,,26,,,,,,0,,,,,,,,,,,,,,,,,,,,,,,,,,,,
2013-12-11,6XW0397S,ST31500541AS,1500301910016,0,,56335082,,,,,,,,0,,,,,,36642,,,,,,,,,,,,,,,,,,,,,,,,,,,,,,19,,,,,,0,,,,,,,,,,,,,,,,,,,,,,,,,,,,
2013-12-11,6XW03C2S,ST31500541AS,1500301910016,0,,68659564,,,,,,,,0,,,,,,36642,,,,,,,,,,,,,,,,,,,,,,,,,,,,,,21,,,,,,0,,,,,,,,,,,,,,,,,,,,,,,,,,,,
2013-12-11,JK1105B8GDM72X,Hitachi HDS722020ALA330,2000398934016,0,,131072,,,,,,,,0,,,,,,26859,,,,,,,,,,,,,,,,,,,,,,,,,,,,,,35,,,,,,0,,,,,,,,,,,,,,,,,,,,,,,,,,,,
2013-12-11,S1F02M2E,ST3000DM001,3000592982016,0,,144695224,,,,,,,,0,,,,,,15344,,,,,,,,,,,,,,,,,,,,,,,,,,,,,,23,,,,,,0,,,,,,,,,,,,,,,,,,,,,,,,,,,,
2013-12-11,JK11A8B9J7MDZF,Hitachi HDS722020ALA330,2000398934016,0,,0,,,,,,,,0,,,,,,21478,,,,,,,,,,,,,,,,,,,,,,,,,,,,,,28,,,,,,0,,,,,,,,,,,,,,,,,,,,,,,,,,,,
2013-12-11,MJ0351YNGA2G1A,Hitachi HDS5C3030ALA630,3000592982016,0,,0,,,,,,,,0,,,,,,9938,,,,,,,,,,,,,,,,,,,,,,,,,,,,,,27,,,,,,0,,,,,,,,,,,,,,,,,,,,,,,,,,,,
2013-12-11,W300H0GX,ST4000DM000,4000787030016,0,,102129552,,,,,,,,0,,,,,,2875,,,,,,,,,,,,,,,,,,,,,,,,,,,,,,24,,,,,,0,,,,,,,,,,,,,,,,,,,,,,,,,,,,
2013-12-11,Z300GPDT,ST4000DM000,4000787030016,0,,161117360,,,,,,,,0,,,,,,3582,,,,,,,,,,,,,,,,,,,,,,,,,,,,,,21,,,,,,0,,,,,,,,,,,,,,,,,,,,,,,,,,,,
2013-12-11,Z300GPDW,ST4000DM000,4000787030016,0,,195928408,,,,,,,,0,,,,,,3586,,,,,,,,,,,,,,,,,,,,,,,,,,,,,,23,,,,,,0,,,,,,,,,,,,,,,,,,,,,,,,,,,,
2013-12-11,MJ0351YNGABY4A,Hitachi HDS5C3030ALA630,3000592982016,0,,0,,,,,,,,0,,,,,,8617,,,,,,,,,,,,,,,,,,,,,,,,,,,,,,29,,,,,,0,,,,,,,,,,,,,,,,,,,,,,,,,,,,
2013-12-11,Z300GPDS,ST4000DM000,4000787030016,0,,79184608,,,,,,,,0,,,,,,3583,,,,,,,,,,,,,,,,,,,,,,,,,,,,,,25,,,,,,0,,,,,,,,,,,,,,,,,,,,,,,,,,,,
2013-12-11,JK11A8B9J3LXUF,Hitachi HDS722020ALA330,2000398934016,0,,0,,,,,,,,0,,,,,,23822,,,,,,,,,,,,,,,,,,,,,,,,,,,,,,33,,,,,,0,,,,,,,,,,,,,,,,,,,,,,,,,,,,
2013-12-11,Z300GPDC,ST4000DM000,4000787030016,0,,115330584,,,,,,,,0,,,,,,3580,,,,,,,,,,,,,,,,,,,,,,,,,,,,,,24,,,,,,0,,,,,,,,,,,,,,,,,,,,,,,,,,,,
2013-12-11,WD-WCAU47261537,WDC WD10EADS,1000204886016,0,,12,,,,,,,,0,,,,,,40621,,,,,,,,,,,,,,,,,,,,,,,,,,,,,,21,,,,,,0,,,,,,,,,,,,,,,,,,,,,,,,,,,,
2013-12-11,JK1181YAJ49SRV,Hitachi HDS722020ALA330,2000398934016,0,,2555931,,,,,,,,412,,,,,,30255,,,,,,,,,,,,,,,,,,,,,,,,,,,,,,24,,,,,,1,,,,,,,,,,,,,,,,,,,,,,,,,,,,
2013-12-11,JK11A8B9J7X2ZF,Hitachi HDS722020ALA330,2000398934016,0,,0,,,,,,,,0,,,,,,24666,,,,,,,,,,,,,,,,,,,,,,,,,,,,,,27,,,,,,0,,,,,,,,,,,,,,,,,,,,,,,,,,,,
2013-12-11,Z300GPD0,ST4000DM000,4000787030016,0,,3275360,,,,,,,,0,,,,,,3581,,,,,,,,,,,,,,,,,,,,,,,,,,,,,,23,,,,,,0,,,,,,,,,,,,,,,,,,,,,,,,,,,,
2013-12-11,MK0311YHG4HUHA,Hitachi HDS723030ALA640,3000592982016,0,,0,,,,,,,,0,,,,,,21792,,,,,,,,,,,,,,,,,,,,,,,,,,,,,,28,,,,,,0,,,,,,,,,,,,,,,,,,,,,,,,,,,,
2013-12-11,JK1101B9J2WDDF,Hitachi HDS722020ALA330,2000398934016,0,,0,,,,,,,,0,,,,,,23821,,,,,,,,,,,,,,,,,,,,,,,,,,,,,,36,,,,,,0,,,,,,,,,,,,,,,,,,,,,,,,,,,,
2013-12-11,W1F1BTB2,ST3000DM001,3000592982016,0,,4245968,,,,,,,,0,,,,,,8206,,,,,,,,,,,,,,,,,,,,,,,,,,,,,,26,,,,,,0,,,,,,,,,,,,,,,,,,,,,,,,,,,,
2013-12-11,JK11A8B9J90WMF,Hitachi HDS722020ALA330,2000398934016,0,,0,,,,,,,,53,,,,,,24983,,,,,,,,,,,,,,,,,,,,,,,,,,,,,,29,,,,,,0,,,,,,,,,,,,,,,,,,,,,,,,,,,,
2013-12-11,9VS1L0B4,ST31500341AS,1500301910016,0,,228481333,,,,,,,,401,,,,,,39482,,,,,,,,,,,,,,,,,,,,,,,,,,,,,,26,,,,,,0,,,,,,,,,,,,,,,,,,,,,,,,,,,,
2013-12-11,PL2321LAGAS6DJ,Hitachi HDS5C4040ALE630,4000787030016,0,,0,,,,,,,,0,,,,,,2981,,,,,,,,,,,,,,,,,,,,,,,,,,,,,,23,,,,,,0,,,,,,,,,,,,,,,,,,,,,,,,,,,,
2013-12-11,MJ0351YNG9T13A,Hitachi HDS5C3030ALA630,3000592982016,0,,0,,,,,,,,0,,,,,,9191,,,,,,,,,,,,,,,,,,,,,,,,,,,,,,27,,,,,,0,,,,,,,,,,,,,,,,,,,,,,,,,,,,
2013-12-11,MJ0351YNG9XPEA,Hitachi HDS5C3030ALA630,3000592982016,0,,0,,,,,,,,0,,,,,,7612,,,,,,,,,,,,,,,,,,,,,,,,,,,,,,21,,,,,,0,,,,,,,,,,,,,,,,,,,,,,,,,,,,
2013-12-11,MJ0351YNG9W5NA,Hitachi HDS5C3030ALA630,3000592982016,0,,0,,,,,,,,0,,,,,,9901,,,,,,,,,,,,,,,,,,,,,,,,,,,,,,27,,,,,,0,,,,,,,,,,,,,,,,,,,,,,,,,,,,
2013-12-11,MJ0351YNG9XGGA,Hitachi HDS5C3030ALA630,3000592982016,0,,0,,,,,,,,0,,,,,,9191,,,,,,,,,,,,,,,,,,,,,,,,,,,,,,30,,,,,,0,,,,,,,,,,,,,,,,,,,,,,,,,,,,
2013-12-11,W300J5YC,ST4000DM000,4000787030016,0,,40815312,,,,,,,,0,,,,,,2240,,,,,,,,,,,,,,,,,,,,,,,,,,,,,,20,,,,,,0,,,,,,,,,,,,,,,,,,,,,,,,,,,,
2013-12-11,MJ0351YNG9RKKA,Hitachi HDS5C3030ALA630,3000592982016,0,,0,,,,,,,,0,,,,,,9274,,,,,,,,,,,,,,,,,,,,,,,,,,,,,,26,,,,,,0,,,,,,,,,,,,,,,,,,,,,,,,,,,,
2013-12-11,MJ1321YNG1462A,Hitachi HDS5C3030ALA630,3000592982016,0,,0,,,,,,,,0,,,,,,19802,,,,,,,,,,,,,,,,,,,,,,,,,,,,,,26,,,,,,0,,,,,,,,,,,,,,,,,,,,,,,,,,,,
2013-12-11,WD-WMC1T1610867,WDC WD30EFRX,3000592982016,0,,0,,,,,,,,0,,,,,,7390,,,,,,,,,,,,,,,,,,,,,,,,,,,,,,24,,,,,,0,,,,,,,,,,,,,,,,,,,,,,,,,,,,
2013-12-11,W300J5YM,ST4000DM000,4000787030016,0,,127600152,,,,,,,,0,,,,,,2239,,,,,,,,,,,,,,,,,,,,,,,,,,,,,,21,,,,,,0,,,,,,,,,,,,,,,,,,,,,,,,,,,,
2013-12-11,JK1171YBJ0JV0F,Hitachi HDS722020ALA330,2000398934016,0,,0,,,,,,,,0,,,,,,23188,,,,,,,,,,,,,,,,,,,,,,,,,,,,,,29,,,,,,0,,,,,,,,,,,,,,,,,,,,,,,,,,,,
2013-12-11,S1F0AA9N,ST3000DM001,3000592982016,0,,155658880,,,,,,,,0,,,,,,12842,,,,,,,,,,,,,,,,,,,,,,,,,,,,,,28,,,,,,0,,,,,,,,,,,,,,,,,,,,,,,,,,,,
2013-12-11,JK11A8B9J3UMNF,Hitachi HDS722020ALA330,2000398934016,0,,1,,,,,,,,0,,,,,,23828,,,,,,,,,,,,,,,,,,,,,,,,,,,,,,27,,,,,,0,,,,,,,,,,,,,,,,,,,,,,,,,,,,
2013-12-11,MJ1323YNG1SK3C,Hitachi HDS5C3030ALA630,3000592982016,0,,0,,,,,,,,0,,,,,,20079,,,,,,,,,,,,,,,,,,,,,,,,,,,,,,34,,,,,,0,,,,,,,,,,,,,,,,,,,,,,,,,,,,
2013-12-11,PL1311LAG1YW4A,Hitachi HDS5C4040ALE630,4000787030016,0,,0,,,,,,,,0,,,,,,7457,,,,,,,,,,,,,,,,,,,,,,,,,,,,,,27,,,,,,0,,,,,,,,,,,,,,,,,,,,,,,,,,,,
2013-12-11,Z300PBZX,ST4000DM000,4000787030016,0,,171769160,,,,,,,,0,,,,,,1232,,,,,,,,,,,,,,,,,,,,,,,,,,,,,,21,,,,,,0,,,,,,,,,,,,,,,,,,,,,,,,,,,,
2013-12-11,MJ0351YNG9NW4A,Hitachi HDS5C3030ALA630,3000592982016,0,,0,,,,,,,,0,,,,,,9958,,,,,,,,,,,,,,,,,,,,,,,,,,,,,,28,,,,,,0,,,,,,,,,,,,,,,,,,,,,,,,,,,,
2013-12-11,W1F0DQ8N,ST3000DM001,3000592982016,0,,22865224,,,,,,,,0,,,,,,12840,,,,,,,,,,,,,,,,,,,,,,,,,,,,,,29,,,,,,40,,,,,,,,,,,,,,,,,,,,,,,,,,,,
2013-12-11,W1F1N6V6,ST3000DM001,3000592982016,0,,143569544,,,,,,,,0,,,,,,8020,,,,,,,,,,,,,,,,,,,,,,,,,,,,,,25,,,,,,0,,,,,,,,,,,,,,,,,,,,,,,,,,,,
2013-12-11,9VS3JZHF,ST31500341AS,1500301910016,0,,159100292,,,,,,,,19,,,,,,32927,,,,,,,,,,,,,,,,,,,,,,,,,,,,,,22,,,,,,0,,,,,,,,,,,,,,,,,,,,,,,,,,,,
2013-12-11,MJ1311YNG6Y6YA,Hitachi HDS5C3030ALA630,3000592982016,0,,0,,,,,,,,0,,,,,,14575,,,,,,,,,,,,,,,,,,,,,,,,,,,,,,21,,,,,,0,,,,,,,,,,,,,,,,,,,,,,,,,,,,
2013-12-11,JK11A8B9J7MHXF,Hitachi HDS722020ALA330,2000398934016,0,,0,,,,,,,,4,,,,,,23577,,,,,,,,,,,,,,,,,,,,,,,,,,,,,,26,,,,,,0,,,,,,,,,,,,,,,,,,,,,,,,,,,,
2013-12-11,6XW1A0V1,ST32000542AS,2000398934016,0,,201375231,,,,,,,,0,,,,,,31704,,,,,,,,,,,,,,,,,,,,,,,,,,,,,,25,,,,,,0,,,,,,,,,,,,,,,,,,,,,,,,,,,,
2013-12-11,MJ0351YNGAA0JA,Hitachi HDS5C3030ALA630,3000592982016,0,,0,,,,,,,,0,,,,,,8617,,,,,,,,,,,,,,,,,,,,,,,,,,,,,,30,,,,,,0,,,,,,,,,,,,,,,,,,,,,,,,,,,,
2013-12-11,S1F0A1VP,ST3000DM001,3000592982016,0,,55532360,,,,,,,,0,,,,,,12367,,,,,,,,,,,,,,,,,,,,,,,,,,,,,,24,,,,,,0,,,,,,,,,,,,,,,,,,,,,,,,,,,,
2013-12-11,9XW022TK,ST31500541AS,1500301910016,0,,128578263,,,,,,,,0,,,,,,35659,,,,,,,,,,,,,,,,,,,,,,,,,,,,,,16,,,,,,0,,,,,,,,,,,,,,,,,,,,,,,,,,,,
2013-12-11,PL1321LAGAXT5H,Hitachi HDS5C4040ALE630,4000787030016,0,,0,,,,,,,,0,,,,,,5428,,,,,,,,,,,,,,,,,,,,,,,,,,,,,,21,,,,,,0,,,,,,,,,,,,,,,,,,,,,,,,,,,,
2013-12-11,W300J5Y6,ST4000DM000,4000787030016,0,,90705760,,,,,,,,0,,,,,,2240,,,,,,,,,,,,,,,,,,,,,,,,,,,,,,22,,,,,,0,,,,,,,,,,,,,,,,,,,,,,,,,,,,
2013-12-11,MJ1311YNG0MPTA,Hitachi HDS5C3030ALA630,3000592982016,0,,0,,,,,,,,0,,,,,,18571,,,,,,,,,,,,,,,,,,,,,,,,,,,,,,22,,,,,,0,,,,,,,,,,,,,,,,,,,,,,,,,,,,
2013-12-11,JK1101B9GDZLBF,Hitachi HDS722020ALA330,2000398934016,0,,0,,,,,,,,6,,,,,,26837,,,,,,,,,,,,,,,,,,,,,,,,,,,,,,25,,,,,,0,,,,,,,,,,,,,,,,,,,,,,,,,,,,
2013-12-11,JK11A8B9J8VJNF,Hitachi HDS722020ALA330,2000398934016,0,,0,,,,,,,,0,,,,,,24467,,,,,,,,,,,,,,,,,,,,,,,,,,,,,,27,,,,,,0,,,,,,,,,,,,,,,,,,,,,,,,,,,,
2013-12-11,MJ0351YNG9YN6A,Hitachi HDS5C3030ALA630,3000592982016,0,,0,,,,,,,,0,,,,,,9524,,,,,,,,,,,,,,,,,,,,,,,,,,,,,,32,,,,,,0,,,,,,,,,,,,,,,,,,,,,,,,,,,,
2013-12-11,S1F0CVSG,ST3000DM001,3000592982016,0,,224378976,,,,,,,,0,,,,,,12395,,,,,,,,,,,,,,,,,,,,,,,,,,,,,,23,,,,,,0,,,,,,,,,,,,,,,,,,,,,,,,,,,,
2013-12-11,MJ1311YNG787SA,Hitachi HDS5C3030ALA630,3000592982016,0,,0,,,,,,,,0,,,,,,14310,,,,,,,,,,,,,,,,,,,,,,,,,,,,,,26,,,,,,0,,,,,,,,,,,,,,,,,,,,,,,,,,,,
2013-12-11,PL1311LAG3E64H,Hitachi HDS5C4040ALE630,4000787030016,0,,0,,,,,,,,0,,,,,,6616,,,,,,,,,,,,,,,,,,,,,,,,,,,,,,24,,,,,,0,,,,,,,,,,,,,,,,,,,,,,,,,,,,
2013-12-11,JK1101B9JPG9YF,Hitachi HDS722020ALA330,2000398934016,0,,0,,,,,,,,0,,,,,,23990,,,,,,,,,,,,,,,,,,,,,,,,,,,,,,26,,,,,,0,,,,,,,,,,,,,,,,,,,,,,,,,,,,
2013-12-11,JK11A4B8J5RUTW,Hitachi HDS722020ALA330,2000398934016,0,,131095,,,,,,,,0,,,,,,25661,,,,,,,,,,,,,,,,,,,,,,,,,,,,,,27,,,,,,0,,,,,,,,,,,,,,,,,,,,,,,,,,,,
2013-12-11,S1F0QZ2A,ST3000DM001,3000592982016,0,,242571192,,,,,,,,0,,,,,,11673,,,,,,,,,,,,,,,,,,,,,,,,,,,,,,23,,,,,,24,,,,,,,,,,,,,,,,,,,,,,,,,,,,
2013-12-11,MJ0351YNG9T4JA,Hitachi HDS5C3030ALA630,3000592982016,0,,0,,,,,,,,0,,,,,,9958,,,,,,,,,,,,,,,,,,,,,,,,,,,,,,26,,,,,,0,,,,,,,,,,,,,,,,,,,,,,,,,,,,
2013-12-11,MK0331YHGSSZ8A,Hitachi HDS723030ALA640,3000592982016,0,,0,,,,,,,,0,,,,,,14732,,,,,,,,,,,,,,,,,,,,,,,,,,,,,,25,,,,,,0,,,,,,,,,,,,,,,,,,,,,,,,,,,,
2013-12-11,W300BMVP,ST4000DM000,4000787030016,0,,95779224,,,,,,,,0,,,,,,3604,,,,,,,,,,,,,,,,,,,,,,,,,,,,,,23,,,,,,0,,,,,,,,,,,,,,,,,,,,,,,,,,,,
2013-12-11,W300DY92,ST4000DM000,4000787030016,0,,210458000,,,,,,,,0,,,,,,4139,,,,,,,,,,,,,,,,,,,,,,,,,,,,,,23,,,,,,0,,,,,,,,,,,,,,,,,,,,,,,,,,,,
2013-12-11,6XW05AFH,ST31500541AS,1500301910016,0,,57850150,,,,,,,,94,,,,,,37060,,,,,,,,,,,,,,,,,,,,,,,,,,,,,,20,,,,,,0,,,,,,,,,,,,,,,,,,,,,,,,,,,,
2013-12-11,JK11A8B9J82W4F,Hitachi HDS722020ALA330,2000398934016,0,,0,,,,,,,,0,,,,,,26010,,,,,,,,,,,,,,,,,,,,,,,,,,,,,,29,,,,,,0,,,,,,,,,,,,,,,,,,,,,,,,,,,,
2013-12-11,Z300JBWY,ST4000DM000,4000787030016,0,,214835736,,,,,,,,0,,,,,,2241,,,,,,,,,,,,,,,,,,,,,,,,,,,,,,22,,,,,,0,,,,,,,,,,,,,,,,,,,,,,,,,,,,
2013-12-11,MJ1321YNG0H5BA,Hitachi HDS5C3030ALA630,3000592982016,0,,0,,,,,,,,0,,,,,,19311,,,,,,,,,,,,,,,,,,,,,,,,,,,,,,27,,,,,,0,,,,,,,,,,,,,,,,,,,,,,,,,,,,
2013-12-11,MJ0351YNGA2ZYA,Hitachi HDS5C3030ALA630,3000592982016,0,,0,,,,,,,,0,,,,,,9163,,,,,,,,,,,,,,,,,,,,,,,,,,,,,,29,,,,,,0,,,,,,,,,,,,,,,,,,,,,,,,,,,,
2013-12-11,JK1174YAK8RN2W,Hitachi HDS722020ALA330,2000398934016,0,,196608,,,,,,,,0,,,,,,29019,,,,,,,,,,,,,,,,,,,,,,,,,,,,,,24,,,,,,0,,,,,,,,,,,,,,,,,,,,,,,,,,,,
2013-12-11,MJ1311YNG3EJWA,Hitachi HDS5C3030ALA630,3000592982016,0,,0,,,,,,,,0,,,,,,19586,,,,,,,,,,,,,,,,,,,,,,,,,,,,,,20,,,,,,0,,,,,,,,,,,,,,,,,,,,,,,,,,,,
2013-12-11,PL1311LAG30NBA,Hitachi HDS5C4040ALE630,4000787030016,0,,0,,,,,,,,0,,,,,,6655,,,,,,,,,,,,,,,,,,,,,,,,,,,,,,18,,,,,,0,,,,,,,,,,,,,,,,,,,,,,,,,,,,
2013-12-11,WD-WCC1T1257577,WDC WD30EFRX,3000592982016,0,,0,,,,,,,,0,,,,,,1685,,,,,,,,,,,,,,,,,,,,,,,,,,,,,,27,,,,,,0,,,,,,,,,,,,,,,,,,,,,,,,,,,,
2013-12-11,MK0311YHGGVVGA,Hitachi HDS723030ALA640,3000592982016,0,,0,,,,,,,,0,,,,,,17017,,,,,,,,,,,,,,,,,,,,,,,,,,,,,,28,,,,,,0,,,,,,,,,,,,,,,,,,,,,,,,,,,,
2013-12-11,WD-WCAU42453953,WDC WD10EACS,1000204886016,0,,1,,,,,,,,0,,,,,,42810,,,,,,,,,,,,,,,,,,,,,,,,,,,,,,19,,,,,,0,,,,,,,,,,,,,,,,,,,,,,,,,,,,
2013-12-11,MK0311YHGKKHZA,Hitachi HDS723030ALA640,3000592982016,0,,0,,,,,,,,0,,,,,,16078,,,,,,,,,,,,,,,,,,,,,,,,,,,,,,31,,,,,,0,,,,,,,,,,,,,,,,,,,,,,,,,,,,
2013-12-11,JK11A8B9JPY75F,Hitachi HDS722020ALA330,2000398934016,0,,0,,,,,,,,0,,,,,,23560,,,,,,,,,,,,,,,,,,,,,,,,,,,,,,29,,,,,,0,,,,,,,,,,,,,,,,,,,,,,,,,,,,
2013-12-11,PL1311LAG3G0NH,Hitachi HDS5C4040ALE630,4000787030016,0,,0,,,,,,,,0,,,,,,5962,,,,,,,,,,,,,,,,,,,,,,,,,,,,,,21,,,,,,0,,,,,,,,,,,,,,,,,,,,,,,,,,,,
2013-12-11,Z290M6N5,ST33000651AS,3000592982016,0,,94105915,,,,,,,,0,,,,,,12863,,,,,,,,,,,,,,,,,,,,,,,,,,,,,,22,,,,,,0,,,,,,,,,,,,,,,,,,,,,,,,,,,,
2013-12-11,MK0311YHGK3ULA,Hitachi HDS723030ALA640,3000592982016,0,,0,,,,,,,,0,,,,,,16075,,,,,,,,,,,,,,,,,,,,,,,,,,,,,,28,,,,,,0,,,,,,,,,,,,,,,,,,,,,,,,,,,,
2013-12-11,MJ1323YNG1NY9C,Hitachi HDS5C3030ALA630,3000592982016,0,,0,,,,,,,,0,,,,,,20082,,,,,,,,,,,,,,,,,,,,,,,,,,,,,,31,,,,,,0,,,,,,,,,,,,,,,,,,,,,,,,,,,,
2013-12-11,MJ0351YNGAD2WA,Hitachi HDS5C3030ALA630,3000592982016,0,,0,,,,,,,,0,,,,,,8142,,,,,,,,,,,,,,,,,,,,,,,,,,,,,,28,,,,,,0,,,,,,,,,,,,,,,,,,,,,,,,,,,,
2013-12-11,JK1101B9GE63JF,Hitachi HDS722020ALA330,2000398934016,0,,65536,,,,,,,,0,,,,,,27486,,,,,,,,,,,,,,,,,,,,,,,,,,,,,,26,,,,,,0,,,,,,,,,,,,,,,,,,,,,,,,,,,,
2013-12-11,5XW03RC7,ST31500541AS,1500301910016,0,,5605155,,,,,,,,0,,,,,,37161,,,,,,,,,,,,,,,,,,,,,,,,,,,,,,24,,,,,,0,,,,,,,,,,,,,,,,,,,,,,,,,,,,
2013-12-11,PL1311LAG1RV3A,Hitachi HDS5C4040ALE630,4000787030016,0,,0,,,,,,,,0,,,,,,7757,,,,,,,,,,,,,,,,,,,,,,,,,,,,,,28,,,,,,0,,,,,,,,,,,,,,,,,,,,,,,,,,,,
2013-12-11,MJ0351YNGAAL8A,Hitachi HDS5C3030ALA630,3000592982016,0,,0,,,,,,,,0,,,,,,7962,,,,,,,,,,,,,,,,,,,,,,,,,,,,,,29,,,,,,0,,,,,,,,,,,,,,,,,,,,,,,,,,,,
2013-12-11,JK11A1YAJHB52V,Hitachi HDS722020ALA330,2000398934016,0,,1,,,,,,,,0,,,,,,28914,,,,,,,,,,,,,,,,,,,,,,,,,,,,,,29,,,,,,0,,,,,,,,,,,,,,,,,,,,,,,,,,,,
2013-12-11,MJ0351YNGA37BA,Hitachi HDS5C3030ALA630,3000592982016,0,,0,,,,,,,,0,,,,,,9142,,,,,,,,,,,,,,,,,,,,,,,,,,,,,,29,,,,,,0,,,,,,,,,,,,,,,,,,,,,,,,,,,,
2013-12-11,MJ1311YNG5X1XA,Hitachi HDS5C3030ALA630,3000592982016,0,,0,,,,,,,,0,,,,,,14574,,,,,,,,,,,,,,,,,,,,,,,,,,,,,,24,,,,,,0,,,,,,,,,,,,,,,,,,,,,,,,,,,,
2013-12-11,6XW04VGE,ST31500541AS,1500301910016,0,,85795457,,,,,,,,0,,,,,,37278,,,,,,,,,,,,,,,,,,,,,,,,,,,,,,24,,,,,,0,,,,,,,,,,,,,,,,,,,,,,,,,,,,
2013-12-11,S1F06CXE,ST3000DM001,3000592982016,0,,154484936,,,,,,,,0,,,,,,13914,,,,,,,,,,,,,,,,,,,,,,,,,,,,,,23,,,,,,8,,,,,,,,,,,,,,,,,,,,,,,,,,,,
2013-12-11,S1F035W4,ST3000DM001,3000592982016,0,,3130808,,,,,,,,0,,,,,,13880,,,,,,,,,,,,,,,,,,,,,,,,,,,,,,26,,,,,,184,,,,,,,,,,,,,,,,,,,,,,,,,,,,
2013-12-11,MJ1311YNG4HRRA,Hitachi HDS5C3030ALA630,3000592982016,0,,0,,,,,,,,0,,,,,,20732,,,,,,,,,,,,,,,,,,,,,,,,,,,,,,25,,,,,,0,,,,,,,,,,,,,,,,,,,,,,,,,,,,
2013-12-11,6XW055P8,ST31500541AS,1500301910016,0,,182603594,,,,,,,,171,,,,,,35749,,,,,,,,,,,,,,,,,,,,,,,,,,,,,,24,,,,,,1,,,,,,,,,,,,,,,,,,,,,,,,,,,,
2013-12-11,MJ1311YNG7KPXA,Hitachi HDS5C3030ALA630,3000592982016,0,,0,,,,,,,,0,,,,,,14624,,,,,,,,,,,,,,,,,,,,,,,,,,,,,,24,,,,,,0,,,,,,,,,,,,,,,,,,,,,,,,,,,,
2013-12-11,JK11A8B9J3M87F,Hitachi HDS722020ALA330,2000398934016,0,,0,,,,,,,,0,,,,,,23106,,,,,,,,,,,,,,,,,,,,,,,,,,,,,,24,,,,,,0,,,,,,,,,,,,,,,,,,,,,,,,,,,,
2013-12-11,Z300MQ1X,ST4000DM000,4000787030016,0,,32427688,,,,,,,,0,,,,,,2921,,,,,,,,,,,,,,,,,,,,,,,,,,,,,,22,,,,,,0,,,,,,,,,,,,,,,,,,,,,,,,,,,,
2013-12-11,MJ0351YNGA8BWA,Hitachi HDS5C3030ALA630,3000592982016,0,,0,,,,,,,,0,,,,,,7975,,,,,,,,,,,,,,,,,,,,,,,,,,,,,,26,,,,,,0,,,,,,,,,,,,,,,,,,,,,,,,,,,,
2013-12-11,MJ1311YNG3JWAA,Hitachi HDS5C3030ALA630,3000592982016,0,,0,,,,,,,,0,,,,,,19252,,,,,,,,,,,,,,,,,,,,,,,,,,,,,,22,,,,,,0,,,,,,,,,,,,,,,,,,,,,,,,,,,,
2013-12-11,MJ1323YNG1U3GC,Hitachi HDS5C3030ALA630,3000592982016,0,,0,,,,,,,,0,,,,,,19310,,,,,,,,,,,,,,,,,,,,,,,,,,,,,,30,,,,,,0,,,,,,,,,,,,,,,,,,,,,,,,,,,,
2013-12-11,S1F06VHT,ST3000DM001,3000592982016,0,,119516760,,,,,,,,0,,,,,,14234,,,,,,,,,,,,,,,,,,,,,,,,,,,,,,24,,,,,,0,,,,,,,,,,,,,,,,,,,,,,,,,,,,
2013-12-11,JK11A8B9GGMP3F,Hitachi HDS722020ALA330,2000398934016,0,,65536,,,,,,,,0,,,,,,26764,,,,,,,,,,,,,,,,,,,,,,,,,,,,,,27,,,,,,0,,,,,,,,,,,,,,,,,,,,,,,,,,,,
2013-12-11,WD-WCAWZ1005658,WDC WD30EZRX,3000592982016,0,,475,,,,,,,,0,,,,,,17613,,,,,,,,,,,,,,,,,,,,,,,,,,,,,,21,,,,,,5,,,,,,,,,,,,,,,,,,,,,,,,,,,,
2013-12-11,JK11A1YAJH5KUV,Hitachi HDS722020ALA330,2000398934016,0,,0,,,,,,,,0,,,,,,28851,,,,,,,,,,,,,,,,,,,,,,,,,,,,,,32,,,,,,0,,,,,,,,,,,,,,,,,,,,,,,,,,,,
2013-12-11,W1F090H2,ST3000DM001,3000592982016,0,,9397536,,,,,,,,0,,,,,,13359,,,,,,,,,,,,,,,,,,,,,,,,,,,,,,25,,,,,,0,,,,,,,,,,,,,,,,,,,,,,,,,,,,
2013-12-11,JK11A8B9J79S0F,Hitachi HDS722020ALA330,2000398934016,0,,131072,,,,,,,,0,,,,,,24632,,,,,,,,,,,,,,,,,,,,,,,,,,,,,,30,,,,,,0,,,,,,,,,,,,,,,,,,,,,,,,,,,,
2013-12-11,W1F08VQG,ST3000DM001,3000592982016,0,,51272608,,,,,,,,0,,,,,,15264,,,,,,,,,,,,,,,,,,,,,,,,,,,,,,24,,,,,,0,,,,,,,,,,,,,,,,,,,,,,,,,,,,
2013-12-11,MJ1311YNG3KZEA,Hitachi HDS5C3030ALA630,3000592982016,0,,0,,,,,,,,0,,,,,,18949,,,,,,,,,,,,,,,,,,,,,,,,,,,,,,25,,,,,,0,,,,,,,,,,,,,,,,,,,,,,,,,,,,
2013-12-11,JK1101B9JMSWBF,Hitachi HDS722020ALA330,2000398934016,0,,0,,,,,,,,0,,,,,,23512,,,,,,,,,,,,,,,,,,,,,,,,,,,,,,27,,,,,,0,,,,,,,,,,,,,,,,,,,,,,,,,,,,
2013-12-11,JK1105B8JS0SSX,Hitachi HDS722020ALA330,2000398934016,0,,0,,,,,,,,0,,,,,,23125,,,,,,,,,,,,,,,,,,,,,,,,,,,,,,27,,,,,,0,,,,,,,,,,,,,,,,,,,,,,,,,,,,
2013-12-11,MJ1321YNG0DRNA,Hitachi HDS5C3030ALA630,3000592982016,0,,0,,,,,,,,0,,,,,,20733,,,,,,,,,,,,,,,,,,,,,,,,,,,,,,23,,,,,,0,,,,,,,,,,,,,,,,,,,,,,,,,,,,
2013-12-11,WD-WMC1T1611297,WDC WD30EFRX,3000592982016,0,,0,,,,,,,,0,,,,,,7709,,,,,,,,,,,,,,,,,,,,,,,,,,,,,,28,,,,,,0,,,,,,,,,,,,,,,,,,,,,,,,,,,,
2013-12-11,S1F0B309,ST3000DM001,3000592982016,0,,71583832,,,,,,,,0,,,,,,12368,,,,,,,,,,,,,,,,,,,,,,,,,,,,,,24,,,,,,8,,,,,,,,,,,,,,,,,,,,,,,,,,,,
2013-12-11,JK11A8B9J6Z0UF,Hitachi HDS722020ALA330,2000398934016,0,,0,,,,,,,,0,,,,,,22696,,,,,,,,,,,,,,,,,,,,,,,,,,,,,,23,,,,,,0,,,,,,,,,,,,,,,,,,,,,,,,,,,,
2013-12-11,W1F08VQ7,ST3000DM001,3000592982016,0,,94958688,,,,,,,,0,,,,,,15459,,,,,,,,,,,,,,,,,,,,,,,,,,,,,,19,,,,,,0,,,,,,,,,,,,,,,,,,,,,,,,,,,,
2013-12-11,MJ1321YNG0JZRA,Hitachi HDS5C3030ALA630,3000592982016,0,,0,,,,,,,,0,,,,,,20512,,,,,,,,,,,,,,,,,,,,,,,,,,,,,,26,,,,,,0,,,,,,,,,,,,,,,,,,,,,,,,,,,,
2013-12-11,Z300HQTA,ST4000DM000,4000787030016,0,,238531744,,,,,,,,0,,,,,,2611,,,,,,,,,,,,,,,,,,,,,,,,,,,,,,25,,,,,,0,,,,,,,,,,,,,,,,,,,,,,,,,,,,
2013-12-11,6XW039PK,ST31500541AS,1500301910016,0,,114993761,,,,,,,,0,,,,,,36060,,,,,,,,,,,,,,,,,,,,,,,,,,,,,,22,,,,,,0,,,,,,,,,,,,,,,,,,,,,,,,,,,,
2013-12-11,JK11A8B9J31LHF,Hitachi HDS722020ALA330,2000398934016,0,,196609,,,,,,,,0,,,,,,23579,,,,,,,,,,,,,,,,,,,,,,,,,,,,,,25,,,,,,0,,,,,,,,,,,,,,,,,,,,,,,,,,,,
2013-12-11,MK0331YHGL094A,Hitachi HDS723030ALA640,3000592982016,0,,0,,,,,,,,0,,,,,,17762,,,,,,,,,,,,,,,,,,,,,,,,,,,,,,27,,,,,,0,,,,,,,,,,,,,,,,,,,,,,,,,,,,
2013-12-11,S1F06DZP,ST3000DM001,3000592982016,0,,172213384,,,,,,,,0,,,,,,13342,,,,,,,,,,,,,,,,,,,,,,,,,,,,,,29,,,,,,0,,,,,,,,,,,,,,,,,,,,,,,,,,,,
2013-12-11,MJ1311YNG7KSNA,Hitachi HDS5C3030ALA630,3000592982016,0,,0,,,,,,,,121,,,,,,14683,,,,,,,,,,,,,,,,,,,,,,,,,,,,,,18,,,,,,0,,,,,,,,,,,,,,,,,,,,,,,,,,,,
2013-12-11,JK11A8B9J7W6GF,Hitachi HDS722020ALA330,2000398934016,0,,0,,,,,,,,0,,,,,,24911,,,,,,,,,,,,,,,,,,,,,,,,,,,,,,30,,,,,,0,,,,,,,,,,,,,,,,,,,,,,,,,,,,
2013-12-11,MK0301YHGG611A,Hitachi HDS723030ALA640,3000592982016,0,,0,,,,,,,,0,,,,,,16078,,,,,,,,,,,,,,,,,,,,,,,,,,,,,,26,,,,,,0,,,,,,,,,,,,,,,,,,,,,,,,,,,,
2013-12-11,JK11A8B9J7N04F,Hitachi HDS722020ALA330,2000398934016,0,,0,,,,,,,,0,,,,,,24665,,,,,,,,,,,,,,,,,,,,,,,,,,,,,,26,,,,,,0,,,,,,,,,,,,,,,,,,,,,,,,,,,,
2013-12-11,W1F0X5KX,ST3000DM001,3000592982016,0,,185661224,,,,,,,,0,,,,,,11611,,,,,,,,,,,,,,,,,,,,,,,,,,,,,,26,,,,,,0,,,,,,,,,,,,,,,,,,,,,,,,,,,,
2013-12-11,MJ0351YNGA6VMA,Hitachi HDS5C3030ALA630,3000592982016,0,,0,,,,,,,,0,,,,,,8665,,,,,,,,,,,,,,,,,,,,,,,,,,,,,,27,,,,,,0,,,,,,,,,,,,,,,,,,,,,,,,,,,,
2013-12-11,W1F0X5KT,ST3000DM001,3000592982016,0,,184080200,,,,,,,,0,,,,,,11609,,,,,,,,,,,,,,,,,,,,,,,,,,,,,,29,,,,,,0,,,,,,,,,,,,,,,,,,,,,,,,,,,,
2013-12-11,Z300KEVC,ST4000DM000,4000787030016,0,,211113088,,,,,,,,0,,,,,,1445,,,,,,,,,,,,,,,,,,,,,,,,,,,,,,25,,,,,,0,,,,,,,,,,,,,,,,,,,,,,,,,,,,
2013-12-11,JK11A8B9J3LN0F,Hitachi HDS722020ALA330,2000398934016,0,,0,,,,,,,,0,,,,,,23823,,,,,,,,,,,,,,,,,,,,,,,,,,,,,,26,,,,,,0,,,,,,,,,,,,,,,,,,,,,,,,,,,,
2013-12-11,MJ0351YNGA6ZPA,Hitachi HDS5C3030ALA630,3000592982016,0,,0,,,,,,,,0,,,,,,8659,,,,,,,,,,,,,,,,,,,,,,,,,,,,,,30,,,,,,0,,,,,,,,,,,,,,,,,,,,,,,,,,,,
2013-12-11,W1F0X5KA,ST3000DM001,3000592982016,0,,142341528,,,,,,,,0,,,,,,11639,,,,,,,,,,,,,,,,,,,,,,,,,,,,,,26,,,,,,0,,,,,,,,,,,,,,,,,,,,,,,,,,,,
2013-12-11,S1F130JB,ST3000DM001,3000592982016,0,,185944728,,,,,,,,0,,,,,,7991,,,,,,,,,,,,,,,,,,,,,,,,,,,,,,19,,,,,,0,,,,,,,,,,,,,,,,,,,,,,,,,,,,
2013-12-11,MJ1323YNG1BKHC,Hitachi HDS5C3030ALA630,3000592982016,0,,0,,,,,,,,0,,,,,,19633,,,,,,,,,,,,,,,,,,,,,,,,,,,,,,23,,,,,,0,,,,,,,,,,,,,,,,,,,,,,,,,,,,
2013-12-11,MJ1321YNG09RHA,Hitachi HDS5C3030ALA630,3000592982016,0,,0,,,,,,,,655,,,,,,20508,,,,,,,,,,,,,,,,,,,,,,,,,,,,,,25,,,,,,0,,,,,,,,,,,,,,,,,,,,,,,,,,,,
2013-12-11,6XW029B3,ST31500541AS,1500301910016,0,,97587089,,,,,,,,0,,,,,,35784,,,,,,,,,,,,,,,,,,,,,,,,,,,,,,22,,,,,,0,,,,,,,,,,,,,,,,,,,,,,,,,,,,
2013-12-11,W1F0FVS9,ST3000DM001,3000592982016,0,,114963056,,,,,,,,0,,,,,,12225,,,,,,,,,,,,,,,,,,,,,,,,,,,,,,23,,,,,,0,,,,,,,,,,,,,,,,,,,,,,,,,,,,
2013-12-11,MJ0351YNG9V1KA,Hitachi HDS5C3030ALA630,3000592982016,0,,65536,,,,,,,,0,,,,,,9475,,,,,,,,,,,,,,,,,,,,,,,,,,,,,,26,,,,,,0,,,,,,,,,,,,,,,,,,,,,,,,,,,,
2013-12-11,9VS3HBLJ,ST31500341AS,1500301910016,0,,146007876,,,,,,,,16,,,,,,29996,,,,,,,,,,,,,,,,,,,,,,,,,,,,,,32,,,,,,0,,,,,,,,,,,,,,,,,,,,,,,,,,,,
2013-12-11,PL1321LAG35X6H,Hitachi HDS5C4040ALE630,4000787030016,0,,0,,,,,,,,0,,,,,,5052,,,,,,,,,,,,,,,,,,,,,,,,,,,,,,26,,,,,,0,,,,,,,,,,,,,,,,,,,,,,,,,,,,
2013-12-11,PL1311LAG38BJH,Hitachi HDS5C4040ALE630,4000787030016,0,,0,,,,,,,,0,,,,,,6641,,,,,,,,,,,,,,,,,,,,,,,,,,,,,,26,,,,,,0,,,,,,,,,,,,,,,,,,,,,,,,,,,,
2013-12-11,S1F0B950,ST3000DM001,3000592982016,0,,203872168,,,,,,,,0,,,,,,12840,,,,,,,,,,,,,,,,,,,,,,,,,,,,,,26,,,,,,0,,,,,,,,,,,,,,,,,,,,,,,,,,,,
2013-12-11,JK1101B9JJZ6VF,Hitachi HDS722020ALA330,2000398934016,0,,2,,,,,,,,0,,,,,,24112,,,,,,,,,,,,,,,,,,,,,,,,,,,,,,30,,,,,,0,,,,,,,,,,,,,,,,,,,,,,,,,,,,
2013-12-11,JK11A8B9J2L5BF,Hitachi HDS722020ALA330,2000398934016,0,,0,,,,,,,,0,,,,,,24428,,,,,,,,,,,,,,,,,,,,,,,,,,,,,,28,,,,,,0,,,,,,,,,,,,,,,,,,,,,,,,,,,,
2013-12-11,S1F0RR2E,ST3000DM001,3000592982016,0,,28659672,,,,,,,,0,,,,,,10539,,,,,,,,,,,,,,,,,,,,,,,,,,,,,,25,,,,,,0,,,,,,,,,,,,,,,,,,,,,,,,,,,,
2013-12-11,MJ1311YNG7LRNA,Hitachi HDS5C3030ALA630,3000592982016,0,,0,,,,,,,,0,,,,,,14310,,,,,,,,,,,,,,,,,,,,,,,,,,,,,,23,,,,,,0,,,,,,,,,,,,,,,,,,,,,,,,,,,,
2013-12-11,PL1301LAG2VL0A,Hitachi HDS5C4040ALE630,4000787030016,0,,0,,,,,,,,0,,,,,,5670,,,,,,,,,,,,,,,,,,,,,,,,,,,,,,20,,,,,,0,,,,,,,,,,,,,,,,,,,,,,,,,,,,
2013-12-11,JK11A8B9J30TUF,Hitachi HDS722020ALA330,2000398934016,0,,0,,,,,,,,0,,,,,,23991,,,,,,,,,,,,,,,,,,,,,,,,,,,,,,25,,,,,,0,,,,,,,,,,,,,,,,,,,,,,,,,,,,
2013-12-11,9XW01XWM,ST31500541AS,1500301910016,0,,68392943,,,,,,,,0,,,,,,34326,,,,,,,,,,,,,,,,,,,,,,,,,,,,,,18,,,,,,0,,,,,,,,,,,,,,,,,,,,,,,,,,,,
2013-12-11,5XW1BT6J,ST32000542AS,2000398934016,0,,74394579,,,,,,,,0,,,,,,17231,,,,,,,,,,,,,,,,,,,,,,,,,,,,,,21,,,,,,0,,,,,,,,,,,,,,,,,,,,,,,,,,,,
2013-12-11,9VS3HRQJ,ST31500341AS,1500301910016,0,,241338966,,,,,,,,7,,,,,,30928,,,,,,,,,,,,,,,,,,,,,,,,,,,,,,28,,,,,,0,,,,,,,,,,,,,,,,,,,,,,,,,,,,
2013-12-11,6XW0L8QY,ST31500541AS,1500301910016,0,,203561227,,,,,,,,0,,,,,,26064,,,,,,,,,,,,,,,,,,,,,,,,,,,,,,19,,,,,,0,,,,,,,,,,,,,,,,,,,,,,,,,,,,
2013-12-11,W1F0W6QD,ST3000DM001,3000592982016,0,,19252136,,,,,,,,0,,,,,,10742,,,,,,,,,,,,,,,,,,,,,,,,,,,,,,25,,,,,,0,,,,,,,,,,,,,,,,,,,,,,,,,,,,
2013-12-11,JK1101B9KP2L4F,Hitachi HDS722020ALA330,2000398934016,0,,0,,,,,,,,0,,,,,,23097,,,,,,,,,,,,,,,,,,,,,,,,,,,,,,28,,,,,,0,,,,,,,,,,,,,,,,,,,,,,,,,,,,
2013-12-11,JK11A8B9J7MDEF,Hitachi HDS722020ALA330,2000398934016,0,,0,,,,,,,,0,,,,,,21478,,,,,,,,,,,,,,,,,,,,,,,,,,,,,,24,,,,,,0,,,,,,,,,,,,,,,,,,,,,,,,,,,,
2013-12-11,JK1101B9HSJKDF,Hitachi HDS722020ALA330,2000398934016,0,,0,,,,,,,,0,,,,,,26010,,,,,,,,,,,,,,,,,,,,,,,,,,,,,,24,,,,,,0,,,,,,,,,,,,,,,,,,,,,,,,,,,,
2013-12-11,W1F14N6K,ST3000DM001,3000592982016,0,,228007560,,,,,,,,0,,,,,,8210,,,,,,,,,,,,,,,,,,,,,,,,,,,,,,29,,,,,,0,,,,,,,,,,,,,,,,,,,,,,,,,,,,
2013-12-11,PL1311LAG2BAHH,Hitachi HDS5C4040ALE630,4000787030016,0,,0,,,,,,,,0,,,,,,7414,,,,,,,,,,,,,,,,,,,,,,,,,,,,,,22,,,,,,0,,,,,,,,,,,,,,,,,,,,,,,,,,,,
2013-12-11,JK11A8B9J3GPMF,Hitachi HDS722020ALA330,2000398934016,0,,0,,,,,,,,0,,,,,,23106,,,,,,,,,,,,,,,,,,,,,,,,,,,,,,24,,,,,,0,,,,,,,,,,,,,,,,,,,,,,,,,,,,
2013-12-11,JK11A1YAJHEJGV,Hitachi HDS722020ALA330,2000398934016,0,,5,,,,,,,,0,,,,,,28849,,,,,,,,,,,,,,,,,,,,,,,,,,,,,,27,,,,,,0,,,,,,,,,,,,,,,,,,,,,,,,,,,,
2013-12-11,Z1F0LV93,ST3000DM001,3000592982016,0,,157401152,,,,,,,,0,,,,,,12321,,,,,,,,,,,,,,,,,,,,,,,,,,,,,,26,,,,,,0,,,,,,,,,,,,,,,,,,,,,,,,,,,,
2013-12-11,Z300GPYL,ST4000DM000,4000787030016,0,,121944712,,,,,,,,0,,,,,,3582,,,,,,,,,,,,,,,,,,,,,,,,,,,,,,20,,,,,,0,,,,,,,,,,,,,,,,,,,,,,,,,,,,
2013-12-11,Z300GPYA,ST4000DM000,4000787030016,0,,146472984,,,,,,,,0,,,,,,3583,,,,,,,,,,,,,,,,,,,,,,,,,,,,,,20,,,,,,0,,,,,,,,,,,,,,,,,,,,,,,,,,,,
2013-12-11,Z300GPYF,ST4000DM000,4000787030016,0,,75949296,,,,,,,,0,,,,,,3630,,,,,,,,,,,,,,,,,,,,,,,,,,,,,,24,,,,,,0,,,,,,,,,,,,,,,,,,,,,,,,,,,,
2013-12-11,Z1F1VMZB,ST3000DM001,3000592982016,0,,2399888,,,,,,,,0,,,,,,7846,,,,,,,,,,,,,,,,,,,,,,,,,,,,,,17,,,,,,0,,,,,,,,,,,,,,,,,,,,,,,,,,,,
2013-12-11,Z300GPYY,ST4000DM000,4000787030016,0,,183045840,,,,,,,,0,,,,,,3580,,,,,,,,,,,,,,,,,,,,,,,,,,,,,,20,,,,,,0,,,,,,,,,,,,,,,,,,,,,,,,,,,,
2013-12-11,JK11A4YAKDWKSW,Hitachi HDS722020ALA330,2000398934016,0,,0,,,,,,,,0,,,,,,27872,,,,,,,,,,,,,,,,,,,,,,,,,,,,,,24,,,,,,0,,,,,,,,,,,,,,,,,,,,,,,,,,,,
2013-12-11,Z1F06BA3,ST3000DM001,3000592982016,0,,163186560,,,,,,,,0,,,,,,14733,,,,,,,,,,,,,,,,,,,,,,,,,,,,,,23,,,,,,0,,,,,,,,,,,,,,,,,,,,,,,,,,,,
2013-12-11,Z300GPYQ,ST4000DM000,4000787030016,0,,132240864,,,,,,,,0,,,,,,3627,,,,,,,,,,,,,,,,,,,,,,,,,,,,,,23,,,,,,0,,,,,,,,,,,,,,,,,,,,,,,,,,,,
2013-12-11,5XW04Q80,ST31500541AS,1500301910016,0,,132309998,,,,,,,,0,,,,,,35226,,,,,,,,,,,,,,,,,,,,,,,,,,,,,,22,,,,,,0,,,,,,,,,,,,,,,,,,,,,,,,,,,,
2013-12-11,Z300GPYT,ST4000DM000,4000787030016,0,,113019488,,,,,,,,0,,,,,,3584,,,,,,,,,,,,,,,,,,,,,,,,,,,,,,25,,,,,,0,,,,,,,,,,,,,,,,,,,,,,,,,,,,
2013-12-11,6XW01JQE,ST31500541AS,1500301910016,0,,242377541,,,,,,,,0,,,,,,32965,,,,,,,,,,,,,,,,,,,,,,,,,,,,,,21,,,,,,0,,,,,,,,,,,,,,,,,,,,,,,,,,,,
2013-12-11,WD-WCC1T1267379,WDC WD30EFRX,3000592982016,0,,0,,,,,,,,0,,,,,,803,,,,,,,,,,,,,,,,,,,,,,,,,,,,,,27,,,,,,0,,,,,,,,,,,,,,,,,,,,,,,,,,,,
2013-12-11,6XW01JQB,ST31500541AS,1500301910016,0,,175932080,,,,,,,,68,,,,,,35757,,,,,,,,,,,,,,,,,,,,,,,,,,,,,,20,,,,,,2,,,,,,,,,,,,,,,,,,,,,,,,,,,,
2013-12-11,Z1F0LV9X,ST3000DM001,3000592982016,0,,197395176,,,,,,,,0,,,,,,12175,,,,,,,,,,,,,,,,,,,,,,,,,,,,,,29,,,,,,0,,,,,,,,,,,,,,,,,,,,,,,,,,,,
2013-12-11,Z300H98W,ST4000DM000,4000787030016,0,,73982024,,,,,,,,0,,,,,,1298,,,,,,,,,,,,,,,,,,,,,,,,,,,,,,20,,,,,,0,,,,,,,,,,,,,,,,,,,,,,,,,,,,
2013-12-11,Z300GPY9,ST4000DM000,4000787030016,0,,146935752,,,,,,,,0,,,,,,3621,,,,,,,,,,,,,,,,,,,,,,,,,,,,,,20,,,,,,0,,,,,,,,,,,,,,,,,,,,,,,,,,,,
2013-12-11,5XW0M55L,ST32000542AS,2000398934016,0,,212555150,,,,,,,,16,,,,,,15217,,,,,,,,,,,,,,,,,,,,,,,,,,,,,,18,,,,,,0,,,,,,,,,,,,,,,,,,,,,,,,,,,,
2013-12-11,PL1321LAG352JH,Hitachi HDS5C4040ALE630,4000787030016,0,,0,,,,,,,,0,,,,,,5037,,,,,,,,,,,,,,,,,,,,,,,,,,,,,,27,,,,,,0,,,,,,,,,,,,,,,,,,,,,,,,,,,,
2013-12-11,MJ0351YNGAD32A,Hitachi HDS5C3030ALA630,3000592982016,0,,0,,,,,,,,0,,,,,,8214,,,,,,,,,,,,,,,,,,,,,,,,,,,,,,27,,,,,,0,,,,,,,,,,,,,,,,,,,,,,,,,,,,
2013-12-11,6XW01JQZ,ST31500541AS,1500301910016,0,,91339148,,,,,,,,0,,,,,,30260,,,,,,,,,,,,,,,,,,,,,,,,,,,,,,27,,,,,,0,,,,,,,,,,,,,,,,,,,,,,,,,,,,
2013-12-11,PL1311LAG1BWPA,Hitachi HDS5C4040ALE630,4000787030016,0,,0,,,,,,,,0,,,,,,4367,,,,,,,,,,,,,,,,,,,,,,,,,,,,,,29,,,,,,0,,,,,,,,,,,,,,,,,,,,,,,,,,,,
2013-12-11,JK1131YAJGTBSV,Hitachi HDS722020ALA330,2000398934016,0,,0,,,,,,,,0,,,,,,30256,,,,,,,,,,,,,,,,,,,,,,,,,,,,,,27,,,,,,0,,,,,,,,,,,,,,,,,,,,,,,,,,,,
2013-12-11,S1F0R2DT,ST3000DM001,3000592982016,0,,242094552,,,,,,,,0,,,,,,11685,,,,,,,,,,,,,,,,,,,,,,,,,,,,,,30,,,,,,0,,,,,,,,,,,,,,,,,,,,,,,,,,,,
2013-12-11,MJ0351YNGA5HNA,Hitachi HDS5C3030ALA630,3000592982016,0,,0,,,,,,,,0,,,,,,9131,,,,,,,,,,,,,,,,,,,,,,,,,,,,,,25,,,,,,0,,,,,,,,,,,,,,,,,,,,,,,,,,,,
2013-12-11,S1F0GSD9,ST3000DM001,3000592982016,0,,127745760,,,,,,,,0,,,,,,12154,,,,,,,,,,,,,,,,,,,,,,,,,,,,,,26,,,,,,0,,,,,,,,,,,,,,,,,,,,,,,,,,,,
2013-12-11,JK1101YAGZXW0V,Hitachi HDS722020ALA330,2000398934016,0,,0,,,,,,,,0,,,,,,21603,,,,,,,,,,,,,,,,,,,,,,,,,,,,,,33,,,,,,0,,,,,,,,,,,,,,,,,,,,,,,,,,,,
2013-12-11,JK1101B9J301EF,Hitachi HDS722020ALA330,2000398934016,0,,0,,,,,,,,10,,,,,,22703,,,,,,,,,,,,,,,,,,,,,,,,,,,,,,25,,,,,,1,,,,,,,,,,,,,,,,,,,,,,,,,,,,
2013-12-11,PL1321LAG35UGH,Hitachi HDS5C4040ALE630,4000787030016,0,,0,,,,,,,,0,,,,,,6070,,,,,,,,,,,,,,,,,,,,,,,,,,,,,,20,,,,,,0,,,,,,,,,,,,,,,,,,,,,,,,,,,,
2013-12-11,S1F0TN98,ST3000DM001,3000592982016,0,,20525872,,,,,,,,0,,,,,,10470,,,,,,,,,,,,,,,,,,,,,,,,,,,,,,23,,,,,,0,,,,,,,,,,,,,,,,,,,,,,,,,,,,
2013-12-11,Z300GZCG,ST4000DM000,4000787030016,0,,211721696,,,,,,,,0,,,,,,3624,,,,,,,,,,,,,,,,,,,,,,,,,,,,,,21,,,,,,0,,,,,,,,,,,,,,,,,,,,,,,,,,,,
2013-12-11,Z300GZCE,ST4000DM000,4000787030016,0,,138755128,,,,,,,,0,,,,,,3584,,,,,,,,,,,,,,,,,,,,,,,,,,,,,,25,,,,,,0,,,,,,,,,,,,,,,,,,,,,,,,,,,,
2013-12-11,JK11A8B9J3A56F,Hitachi HDS722020ALA330,2000398934016,0,,0,,,,,,,,0,,,,,,22703,,,,,,,,,,,,,,,,,,,,,,,,,,,,,,29,,,,,,0,,,,,,,,,,,,,,,,,,,,,,,,,,,,
2013-12-11,MJ0351YNGAD81A,Hitachi HDS5C3030ALA630,3000592982016,0,,0,,,,,,,,0,,,,,,8617,,,,,,,,,,,,,,,,,,,,,,,,,,,,,,30,,,,,,0,,,,,,,,,,,,,,,,,,,,,,,,,,,,
2013-12-11,Z300GZCL,ST4000DM000,4000787030016,0,,86502072,,,,,,,,0,,,,,,3583,,,,,,,,,,,,,,,,,,,,,,,,,,,,,,23,,,,,,0,,,,,,,,,,,,,,,,,,,,,,,,,,,,
2013-12-11,Z300GZCH,ST4000DM000,4000787030016,0,,187523808,,,,,,,,0,,,,,,3583,,,,,,,,,,,,,,,,,,,,,,,,,,,,,,25,,,,,,0,,,,,,,,,,,,,,,,,,,,,,,,,,,,
2013-12-11,Z300GZCV,ST4000DM000,4000787030016,0,,48429560,,,,,,,,0,,,,,,3582,,,,,,,,,,,,,,,,,,,,,,,,,,,,,,20,,,,,,0,,,,,,,,,,,,,,,,,,,,,,,,,,,,
2013-12-11,Z300G2LL,ST4000DM000,4000787030016,0,,198497016,,,,,,,,0,,,,,,3583,,,,,,,,,,,,,,,,,,,,,,,,,,,,,,22,,,,,,0,,,,,,,,,,,,,,,,,,,,,,,,,,,,
2013-12-11,WD-WMAWZ0331898,WDC WD30EZRX,3000592982016,0,,0,,,,,,,,0,,,,,,12700,,,,,,,,,,,,,,,,,,,,,,,,,,,,,,21,,,,,,0,,,,,,,,,,,,,,,,,,,,,,,,,,,,
2013-12-11,6XW063P4,ST31500541AS,1500301910016,0,,111029362,,,,,,,,0,,,,,,13440,,,,,,,,,,,,,,,,,,,,,,,,,,,,,,16,,,,,,0,,,,,,,,,,,,,,,,,,,,,,,,,,,,
2013-12-11,Z300GZCZ,ST4000DM000,4000787030016,0,,35988240,,,,,,,,0,,,,,,3584,,,,,,,,,,,,,,,,,,,,,,,,,,,,,,22,,,,,,0,,,,,,,,,,,,,,,,,,,,,,,,,,,,
2013-12-11,Z300JDXJ,ST4000DM000,4000787030016,0,,165399864,,,,,,,,0,,,,,,2874,,,,,,,,,,,,,,,,,,,,,,,,,,,,,,22,,,,,,0,,,,,,,,,,,,,,,,,,,,,,,,,,,,
2013-12-11,JK1101B9GEJ3YF,Hitachi HDS722020ALA330,2000398934016,0,,0,,,,,,,,0,,,,,,27737,,,,,,,,,,,,,,,,,,,,,,,,,,,,,,23,,,,,,0,,,,,,,,,,,,,,,,,,,,,,,,,,,,
2013-12-11,JK1101YAK7MYLV,Hitachi HDS722020ALA330,2000398934016,0,,0,,,,,,,,0,,,,,,29211,,,,,,,,,,,,,,,,,,,,,,,,,,,,,,28,,,,,,0,,,,,,,,,,,,,,,,,,,,,,,,,,,,
2013-12-11,Z300GZC3,ST4000DM000,4000787030016,0,,117023240,,,,,,,,0,,,,,,3584,,,,,,,,,,,,,,,,,,,,,,,,,,,,,,25,,,,,,0,,,,,,,,,,,,,,,,,,,,,,,,,,,,
2013-12-11,PL1331LAG5AY7H,HGST HMS5C4040ALE640,4000787030016,0,,0,,,,,,,,0,,,,,,9403,,,,,,,,,,,,,,,,,,,,,,,,,,,,,,28,,,,,,0,,,,,,,,,,,,,,,,,,,,,,,,,,,,
2013-12-11,Z300C8HG,ST4000DM000,4000787030016,0,,155820776,,,,,,,,0,,,,,,2218,,,,,,,,,,,,,,,,,,,,,,,,,,,,,,24,,,,,,0,,,,,,,,,,,,,,,,,,,,,,,,,,,,
2013-12-11,W3005LQA,ST4000DM000,4000787030016,0,,10780648,,,,,,,,0,,,,,,2610,,,,,,,,,,,,,,,,,,,,,,,,,,,,,,25,,,,,,0,,,,,,,,,,,,,,,,,,,,,,,,,,,,
2013-12-11,W300BF92,ST4000DM000,4000787030016,0,,30852984,,,,,,,,0,,,,,,4353,,,,,,,,,,,,,,,,,,,,,,,,,,,,,,25,,,,,,0,,,,,,,,,,,,,,,,,,,,,,,,,,,,
2013-12-11,Z290VQ3E,ST33000651AS,3000592982016,0,,140450554,,,,,,,,1870,,,,,,18073,,,,,,,,,,,,,,,,,,,,,,,,,,,,,,29,,,,,,0,,,,,,,,,,,,,,,,,,,,,,,,,,,,
2013-12-11,S1F0R3N9,ST3000DM001,3000592982016,0,,95519968,,,,,,,,0,,,,,,11685,,,,,,,,,,,,,,,,,,,,,,,,,,,,,,29,,,,,,0,,,,,,,,,,,,,,,,,,,,,,,,,,,,
2013-12-11,6YD1M7WX,ST1500DL003,1500301910016,0,,1544048,,,,,,,,0,,,,,,5531,,,,,,,,,,,,,,,,,,,,,,,,,,,,,,20,,,,,,0,,,,,,,,,,,,,,,,,,,,,,,,,,,,
2013-12-11,6XW0AS0F,ST31500541AS,1500301910016,0,,122712665,,,,,,,,0,,,,,,30860,,,,,,,,,,,,,,,,,,,,,,,,,,,,,,24,,,,,,0,,,,,,,,,,,,,,,,,,,,,,,,,,,,
2013-12-11,PL1321LAG348RH,Hitachi HDS5C4040ALE630,4000787030016,0,,0,,,,,,,,0,,,,,,5134,,,,,,,,,,,,,,,,,,,,,,,,,,,,,,32,,,,,,0,,,,,,,,,,,,,,,,,,,,,,,,,,,,
2013-12-11,W1F0AZYZ,ST3000DM001,3000592982016,0,,231785112,,,,,,,,0,,,,,,13822,,,,,,,,,,,,,,,,,,,,,,,,,,,,,,21,,,,,,0,,,,,,,,,,,,,,,,,,,,,,,,,,,,
2013-12-11,MJ0351YNG9WHEA,Hitachi HDS5C3030ALA630,3000592982016,0,,0,,,,,,,,0,,,,,,9986,,,,,,,,,,,,,,,,,,,,,,,,,,,,,,31,,,,,,0,,,,,,,,,,,,,,,,,,,,,,,,,,,,
2013-12-11,MJ0351YNG9VPHA,Hitachi HDS5C3030ALA630,3000592982016,0,,0,,,,,,,,0,,,,,,9904,,,,,,,,,,,,,,,,,,,,,,,,,,,,,,25,,,,,,0,,,,,,,,,,,,,,,,,,,,,,,,,,,,
2013-12-11,6XW07WTT,ST31500541AS,1500301910016,0,,233366083,,,,,,,,0,,,,,,33136,,,,,,,,,,,,,,,,,,,,,,,,,,,,,,20,,,,,,0,,,,,,,,,,,,,,,,,,,,,,,,,,,,
2013-12-11,JK11A8B9J37YRF,Hitachi HDS722020ALA330,2000398934016,0,,0,,,,,,,,0,,,,,,23991,,,,,,,,,,,,,,,,,,,,,,,,,,,,,,24,,,,,,0,,,,,,,,,,,,,,,,,,,,,,,,,,,,
2013-12-11,MJ1311YNG7AUSA,Hitachi HDS5C3030ALA630,3000592982016,0,,0,,,,,,,,0,,,,,,14621,,,,,,,,,,,,,,,,,,,,,,,,,,,,,,22,,,,,,0,,,,,,,,,,,,,,,,,,,,,,,,,,,,
2013-12-11,Z1F00HYL,ST3000DM001,3000592982016,0,,154334848,,,,,,,,0,,,,,,11247,,,,,,,,,,,,,,,,,,,,,,,,,,,,,,23,,,,,,0,,,,,,,,,,,,,,,,,,,,,,,,,,,,
2013-12-11,MJ0351YNG9VZ2A,Hitachi HDS5C3030ALA630,3000592982016,0,,0,,,,,,,,0,,,,,,9906,,,,,,,,,,,,,,,,,,,,,,,,,,,,,,24,,,,,,0,,,,,,,,,,,,,,,,,,,,,,,,,,,,
2013-12-11,PL1311LAG3DYSH,Hitachi HDS5C4040ALE630,4000787030016,0,,0,,,,,,,,0,,,,,,6654,,,,,,,,,,,,,,,,,,,,,,,,,,,,,,21,,,,,,0,,,,,,,,,,,,,,,,,,,,,,,,,,,,
2013-12-11,MJ1311YNG5LG4A,Hitachi HDS5C3030ALA630,3000592982016,0,,0,,,,,,,,0,,,,,,14620,,,,,,,,,,,,,,,,,,,,,,,,,,,,,,25,,,,,,0,,,,,,,,,,,,,,,,,,,,,,,,,,,,
2013-12-11,MJ0351YNGAD2MA,Hitachi HDS5C3030ALA630,3000592982016,0,,0,,,,,,,,0,,,,,,8214,,,,,,,,,,,,,,,,,,,,,,,,,,,,,,27,,,,,,0,,,,,,,,,,,,,,,,,,,,,,,,,,,,
2013-12-11,JK1101B9GEDSJT,Hitachi HDS722020ALA330,2000398934016,0,,0,,,,,,,,0,,,,,,26837,,,,,,,,,,,,,,,,,,,,,,,,,,,,,,28,,,,,,0,,,,,,,,,,,,,,,,,,,,,,,,,,,,
2013-12-11,MK0331YHGLUBPA,Hitachi HDS723030ALA640,3000592982016,0,,0,,,,,,,,0,,,,,,17755,,,,,,,,,,,,,,,,,,,,,,,,,,,,,,21,,,,,,0,,,,,,,,,,,,,,,,,,,,,,,,,,,,
2013-12-11,MJ0351YNG9YZGA,Hitachi HDS5C3030ALA630,3000592982016,0,,0,,,,,,,,0,,,,,,9906,,,,,,,,,,,,,,,,,,,,,,,,,,,,,,22,,,,,,0,,,,,,,,,,,,,,,,,,,,,,,,,,,,
2013-12-11,W1F0AZY3,ST3000DM001,3000592982016,0,,22994744,,,,,,,,0,,,,,,13868,,,,,,,,,,,,,,,,,,,,,,,,,,,,,,22,,,,,,0,,,,,,,,,,,,,,,,,,,,,,,,,,,,
2013-12-11,W300KTK3,ST4000DM000,4000787030016,0,,165355312,,,,,,,,0,,,,,,918,,,,,,,,,,,,,,,,,,,,,,,,,,,,,,20,,,,,,0,,,,,,,,,,,,,,,,,,,,,,,,,,,,
2013-12-11,MK0301YHGG2GHA,Hitachi HDS723030ALA640,3000592982016,0,,0,,,,,,,,0,,,,,,17017,,,,,,,,,,,,,,,,,,,,,,,,,,,,,,27,,,,,,0,,,,,,,,,,,,,,,,,,,,,,,,,,,,
2013-12-11,JK1171YBK1GJPF,Hitachi HDS722020ALA330,2000398934016,0,,0,,,,,,,,1,,,,,,29018,,,,,,,,,,,,,,,,,,,,,,,,,,,,,,27,,,,,,0,,,,,,,,,,,,,,,,,,,,,,,,,,,,
2013-12-11,5XW113P9,ST31500541AS,1500301910016,0,,112306109,,,,,,,,408,,,,,,15131,,,,,,,,,,,,,,,,,,,,,,,,,,,,,,26,,,,,,0,,,,,,,,,,,,,,,,,,,,,,,,,,,,
2013-12-11,JK11A8B9J3A3GF,Hitachi HDS722020ALA330,2000398934016,0,,0,,,,,,,,0,,,,,,22414,,,,,,,,,,,,,,,,,,,,,,,,,,,,,,26,,,,,,0,,,,,,,,,,,,,,,,,,,,,,,,,,,,
2013-12-11,6XW1A8NV,ST32000542AS,2000398934016,0,,242577441,,,,,,,,0,,,,,,31470,,,,,,,,,,,,,,,,,,,,,,,,,,,,,,21,,,,,,0,,,,,,,,,,,,,,,,,,,,,,,,,,,,
2013-12-11,Z300NRRY,ST4000DM000,4000787030016,0,,55844952,,,,,,,,0,,,,,,1092,,,,,,,,,,,,,,,,,,,,,,,,,,,,,,25,,,,,,0,,,,,,,,,,,,,,,,,,,,,,,,,,,,
2013-12-11,JK11A5B8KK8SVX,Hitachi HDS722020ALA330,2000398934016,0,,0,,,,,,,,0,,,,,,14955,,,,,,,,,,,,,,,,,,,,,,,,,,,,,,22,,,,,,0,,,,,,,,,,,,,,,,,,,,,,,,,,,,
2013-12-11,PL1321LAG349TH,Hitachi HDS5C4040ALE630,4000787030016,0,,0,,,,,,,,0,,,,,,5961,,,,,,,,,,,,,,,,,,,,,,,,,,,,,,19,,,,,,0,,,,,,,,,,,,,,,,,,,,,,,,,,,,
2013-12-11,W300E1HR,ST4000DM000,4000787030016,0,,13702056,,,,,,,,0,,,,,,4160,,,,,,,,,,,,,,,,,,,,,,,,,,,,,,22,,,,,,0,,,,,,,,,,,,,,,,,,,,,,,,,,,,
2013-12-11,MK0331YHGY6BZA,Hitachi HDS723030ALA640,3000592982016,0,,0,,,,,,,,0,,,,,,6843,,,,,,,,,,,,,,,,,,,,,,,,,,,,,,26,,,,,,0,,,,,,,,,,,,,,,,,,,,,,,,,,,,
2013-12-11,MJ1321YNG0EGPA,Hitachi HDS5C3030ALA630,3000592982016,0,,0,,,,,,,,0,,,,,,20480,,,,,,,,,,,,,,,,,,,,,,,,,,,,,,28,,,,,,0,,,,,,,,,,,,,,,,,,,,,,,,,,,,
2013-12-11,Z1F13W0M,ST3000DM001,3000592982016,0,,98814384,,,,,,,,0,,,,,,8503,,,,,,,,,,,,,,,,,,,,,,,,,,,,,,20,,,,,,0,,,,,,,,,,,,,,,,,,,,,,,,,,,,
2013-12-11,S1F0S550,ST3000DM001,3000592982016,0,,138209520,,,,,,,,568,,,,,,10771,,,,,,,,,,,,,,,,,,,,,,,,,,,,,,25,,,,,,0,,,,,,,,,,,,,,,,,,,,,,,,,,,,
2013-12-11,S1F0S555,ST3000DM001,3000592982016,0,,27833368,,,,,,,,0,,,,,,10836,,,,,,,,,,,,,,,,,,,,,,,,,,,,,,29,,,,,,0,,,,,,,,,,,,,,,,,,,,,,,,,,,,
2013-12-11,WD-WMC4N1100041,WDC WD30EFRX,3000592982016,0,,0,,,,,,,,0,,,,,,518,,,,,,,,,,,,,,,,,,,,,,,,,,,,,,21,,,,,,0,,,,,,,,,,,,,,,,,,,,,,,,,,,,
2013-12-11,W1F0W1VL,ST3000DM001,3000592982016,0,,9944248,,,,,,,,0,,,,,,11611,,,,,,,,,,,,,,,,,,,,,,,,,,,,,,28,,,,,,0,,,,,,,,,,,,,,,,,,,,,,,,,,,,
2013-12-11,JK1101B9KN5T6F,Hitachi HDS722020ALA330,2000398934016,0,,0,,,,,,,,0,,,,,,23097,,,,,,,,,,,,,,,,,,,,,,,,,,,,,,30,,,,,,0,,,,,,,,,,,,,,,,,,,,,,,,,,,,
2013-12-11,MJ0351YNGA03YA,Hitachi HDS5C3030ALA630,3000592982016,0,,0,,,,,,,,0,,,,,,9906,,,,,,,,,,,,,,,,,,,,,,,,,,,,,,23,,,,,,0,,,,,,,,,,,,,,,,,,,,,,,,,,,,
2013-12-11,6XW05DFW,ST31500541AS,1500301910016,0,,222587516,,,,,,,,0,,,,,,36940,,,,,,,,,,,,,,,,,,,,,,,,,,,,,,20,,,,,,0,,,,,,,,,,,,,,,,,,,,,,,,,,,,
2013-12-11,JK11A8B9J33S1F,Hitachi HDS722020ALA330,2000398934016,0,,0,,,,,,,,0,,,,,,24426,,,,,,,,,,,,,,,,,,,,,,,,,,,,,,29,,,,,,0,,,,,,,,,,,,,,,,,,,,,,,,,,,,
2013-12-11,6XW0WSG4,ST31500541AS,1500301910016,0,,10297397,,,,,,,,0,,,,,,31098,,,,,,,,,,,,,,,,,,,,,,,,,,,,,,19,,,,,,0,,,,,,,,,,,,,,,,,,,,,,,,,,,,
2013-12-11,PL1310LAG0ASPA,Hitachi HDS5C4040ALE630,4000787030016,0,,0,,,,,,,,0,,,,,,12997,,,,,,,,,,,,,,,,,,,,,,,,,,,,,,28,,,,,,0,,,,,,,,,,,,,,,,,,,,,,,,,,,,
2013-12-11,MJ1311YNG3EYEA,Hitachi HDS5C3030ALA630,3000592982016,0,,0,,,,,,,,0,,,,,,19253,,,,,,,,,,,,,,,,,,,,,,,,,,,,,,25,,,,,,0,,,,,,,,,,,,,,,,,,,,,,,,,,,,
2013-12-11,MJ1311YNG1UR7A,Hitachi HDS5C3030ALA630,3000592982016,0,,0,,,,,,,,0,,,,,,19323,,,,,,,,,,,,,,,,,,,,,,,,,,,,,,26,,,,,,0,,,,,,,,,,,,,,,,,,,,,,,,,,,,
2013-12-11,JK11A8B9J3AM1F,Hitachi HDS722020ALA330,2000398934016,0,,0,,,,,,,,0,,,,,,24305,,,,,,,,,,,,,,,,,,,,,,,,,,,,,,24,,,,,,0,,,,,,,,,,,,,,,,,,,,,,,,,,,,
2013-12-11,W1F095DW,ST3000DM001,3000592982016,0,,168201080,,,,,,,,0,,,,,,13356,,,,,,,,,,,,,,,,,,,,,,,,,,,,,,24,,,,,,0,,,,,,,,,,,,,,,,,,,,,,,,,,,,
2013-12-11,JK11A4B8J7S18W,Hitachi HDS722020ALA330,2000398934016,0,,65536,,,,,,,,0,,,,,,25123,,,,,,,,,,,,,,,,,,,,,,,,,,,,,,28,,,,,,0,,,,,,,,,,,,,,,,,,,,,,,,,,,,
2013-12-11,MJ1321YNG0LSYA,Hitachi HDS5C3030ALA630,3000592982016,0,,0,,,,,,,,0,,,,,,19132,,,,,,,,,,,,,,,,,,,,,,,,,,,,,,27,,,,,,0,,,,,,,,,,,,,,,,,,,,,,,,,,,,
2013-12-11,WD-WCAU47588759,WDC WD10EADS,1000204886016,0,,4,,,,,,,,0,,,,,,40498,,,,,,,,,,,,,,,,,,,,,,,,,,,,,,26,,,,,,0,,,,,,,,,,,,,,,,,,,,,,,,,,,,
2013-12-11,JK11A8B9J2Z9SF,Hitachi HDS722020ALA330,2000398934016,0,,1,,,,,,,,0,,,,,,23319,,,,,,,,,,,,,,,,,,,,,,,,,,,,,,36,,,,,,0,,,,,,,,,,,,,,,,,,,,,,,,,,,,
2013-12-11,JK1105B8GG3Z7X,Hitachi HDS722020ALA330,2000398934016,0,,0,,,,,,,,0,,,,,,26858,,,,,,,,,,,,,,,,,,,,,,,,,,,,,,30,,,,,,0,,,,,,,,,,,,,,,,,,,,,,,,,,,,
2013-12-11,JK1104B8GE69LW,Hitachi HDS722020ALA330,2000398934016,0,,0,,,,,,,,0,,,,,,26838,,,,,,,,,,,,,,,,,,,,,,,,,,,,,,30,,,,,,0,,,,,,,,,,,,,,,,,,,,,,,,,,,,
2013-12-11,S1F0TPPF,ST3000DM001,3000592982016,0,,65220240,,,,,,,,0,,,,,,10720,,,,,,,,,,,,,,,,,,,,,,,,,,,,,,26,,,,,,0,,,,,,,,,,,,,,,,,,,,,,,,,,,,
2013-12-11,MJ0351YNG9SUGA,Hitachi HDS5C3030ALA630,3000592982016,0,,0,,,,,,,,0,,,,,,9315,,,,,,,,,,,,,,,,,,,,,,,,,,,,,,32,,,,,,0,,,,,,,,,,,,,,,,,,,,,,,,,,,,
2013-12-11,W1F0AS8J,ST3000DM001,3000592982016,0,,220377704,,,,,,,,0,,,,,,13886,,,,,,,,,,,,,,,,,,,,,,,,,,,,,,26,,,,,,0,,,,,,,,,,,,,,,,,,,,,,,,,,,,
2013-12-11,S1F01Y4T,ST3000DM001,3000592982016,0,,58045928,,,,,,,,0,,,,,,15462,,,,,,,,,,,,,,,,,,,,,,,,,,,,,,20,,,,,,0,,,,,,,,,,,,,,,,,,,,,,,,,,,,
2013-12-11,6XW0200Y,ST31500541AS,1500301910016,0,,225847826,,,,,,,,0,,,,,,35743,,,,,,,,,,,,,,,,,,,,,,,,,,,,,,24,,,,,,0,,,,,,,,,,,,,,,,,,,,,,,,,,,,
2013-12-11,JK11A8B9J8708F,Hitachi HDS722020ALA330,2000398934016,0,,0,,,,,,,,0,,,,,,25122,,,,,,,,,,,,,,,,,,,,,,,,,,,,,,34,,,,,,0,,,,,,,,,,,,,,,,,,,,,,,,,,,,
2013-12-11,W300CVKN,ST4000DM000,4000787030016,0,,34204064,,,,,,,,0,,,,,,4183,,,,,,,,,,,,,,,,,,,,,,,,,,,,,,21,,,,,,0,,,,,,,,,,,,,,,,,,,,,,,,,,,,
2013-12-11,MJ0351YNGA29DA,Hitachi HDS5C3030ALA630,3000592982016,0,,0,,,,,,,,0,,,,,,8212,,,,,,,,,,,,,,,,,,,,,,,,,,,,,,34,,,,,,0,,,,,,,,,,,,,,,,,,,,,,,,,,,,
2013-12-11,JK11A8B9HZJNRF,Hitachi HDS722020ALA330,2000398934016,0,,0,,,,,,,,0,,,,,,23318,,,,,,,,,,,,,,,,,,,,,,,,,,,,,,34,,,,,,0,,,,,,,,,,,,,,,,,,,,,,,,,,,,
2013-12-11,MJ1323YNG1U1JC,Hitachi HDS5C3030ALA630,3000592982016,0,,0,,,,,,,,0,,,,,,19747,,,,,,,,,,,,,,,,,,,,,,,,,,,,,,25,,,,,,0,,,,,,,,,,,,,,,,,,,,,,,,,,,,
2013-12-11,Z1F0LSQC,ST3000DM001,3000592982016,0,,153282944,,,,,,,,0,,,,,,12168,,,,,,,,,,,,,,,,,,,,,,,,,,,,,,26,,,,,,0,,,,,,,,,,,,,,,,,,,,,,,,,,,,
2013-12-11,W300D3B0,ST4000DM000,4000787030016,0,,152897816,,,,,,,,0,,,,,,4165,,,,,,,,,,,,,,,,,,,,,,,,,,,,,,23,,,,,,0,,,,,,,,,,,,,,,,,,,,,,,,,,,,
2013-12-11,Z300PC8A,ST4000DM000,4000787030016,0,,211493784,,,,,,,,0,,,,,,1233,,,,,,,,,,,,,,,,,,,,,,,,,,,,,,18,,,,,,0,,,,,,,,,,,,,,,,,,,,,,,,,,,,
2013-12-11,Z300KC52,ST4000DM000,4000787030016,0,,194087984,,,,,,,,0,,,,,,2239,,,,,,,,,,,,,,,,,,,,,,,,,,,,,,19,,,,,,0,,,,,,,,,,,,,,,,,,,,,,,,,,,,
2013-12-11,Z300PC8T,ST4000DM000,4000787030016,0,,123922488,,,,,,,,0,,,,,,1233,,,,,,,,,,,,,,,,,,,,,,,,,,,,,,18,,,,,,0,,,,,,,,,,,,,,,,,,,,,,,,,,,,
2013-12-11,6XW03BN3,ST31500541AS,1500301910016,0,,61675433,,,,,,,,0,,,,,,36939,,,,,,,,,,,,,,,,,,,,,,,,,,,,,,22,,,,,,0,,,,,,,,,,,,,,,,,,,,,,,,,,,,
2013-12-11,5XW02TY5,ST31500541AS,1500301910016,0,,85354934,,,,,,,,0,,,,,,34755,,,,,,,,,,,,,,,,,,,,,,,,,,,,,,17,,,,,,0,,,,,,,,,,,,,,,,,,,,,,,,,,,,
2013-12-11,S1F03116,ST3000DM001,3000592982016,0,,181504240,,,,,,,,0,,,,,,15246,,,,,,,,,,,,,,,,,,,,,,,,,,,,,,22,,,,,,0,,,,,,,,,,,,,,,,,,,,,,,,,,,,
2013-12-11,S1F0TQR9,ST3000DM001,3000592982016,0,,40704880,,,,,,,,0,,,,,,10741,,,,,,,,,,,,,,,,,,,,,,,,,,,,,,25,,,,,,0,,,,,,,,,,,,,,,,,,,,,,,,,,,,
2013-12-11,S1F0S4KF,ST3000DM001,3000592982016,0,,7779176,,,,,,,,13056,,,,,,10742,,,,,,,,,,,,,,,,,,,,,,,,,,,,,,28,,,,,,96,,,,,,,,,,,,,,,,,,,,,,,,,,,,
2013-12-11,W300BBE1,ST4000DM000,4000787030016,0,,171240176,,,,,,,,0,,,,,,2177,,,,,,,,,,,,,,,,,,,,,,,,,,,,,,21,,,,,,0,,,,,,,,,,,,,,,,,,,,,,,,,,,,
2013-12-11,JK1105B8GHK02X,Hitachi HDS722020ALA330,2000398934016,0,,131073,,,,,,,,0,,,,,,27169,,,,,,,,,,,,,,,,,,,,,,,,,,,,,,24,,,,,,0,,,,,,,,,,,,,,,,,,,,,,,,,,,,
2013-12-11,S1F0J5JH,ST3000DM001,3000592982016,0,,90218608,,,,,,,,0,,,,,,12155,,,,,,,,,,,,,,,,,,,,,,,,,,,,,,26,,,,,,0,,,,,,,,,,,,,,,,,,,,,,,,,,,,
2013-12-11,S1F01ASY,ST3000DM001,3000592982016,0,,27316592,,,,,,,,0,,,,,,15402,,,,,,,,,,,,,,,,,,,,,,,,,,,,,,23,,,,,,0,,,,,,,,,,,,,,,,,,,,,,,,,,,,
2013-12-11,JK11A8B9J8Z51F,Hitachi HDS722020ALA330,2000398934016,0,,0,,,,,,,,0,,,,,,25539,,,,,,,,,,,,,,,,,,,,,,,,,,,,,,28,,,,,,0,,,,,,,,,,,,,,,,,,,,,,,,,,,,
2013-12-11,9VS3G5P2,ST31500341AS,1500301910016,0,,104600101,,,,,,,,115,,,,,,32895,,,,,,,,,,,,,,,,,,,,,,,,,,,,,,23,,,,,,0,,,,,,,,,,,,,,,,,,,,,,,,,,,,
2013-12-11,Z300KC5A,ST4000DM000,4000787030016,0,,152975880,,,,,,,,0,,,,,,2239,,,,,,,,,,,,,,,,,,,,,,,,,,,,,,22,,,,,,0,,,,,,,,,,,,,,,,,,,,,,,,,,,,
2013-12-11,MJ1311YNG60W9A,Hitachi HDS5C3030ALA630,3000592982016,0,,196608,,,,,,,,0,,,,,,14601,,,,,,,,,,,,,,,,,,,,,,,,,,,,,,20,,,,,,1,,,,,,,,,,,,,,,,,,,,,,,,,,,,
2013-12-11,Z1F14K40,ST3000DM001,3000592982016,0,,19863488,,,,,,,,0,,,,,,4877,,,,,,,,,,,,,,,,,,,,,,,,,,,,,,21,,,,,,0,,,,,,,,,,,,,,,,,,,,,,,,,,,,
2013-12-11,6XW03BNB,ST31500541AS,1500301910016,0,,143486632,,,,,,,,0,,,,,,36431,,,,,,,,,,,,,,,,,,,,,,,,,,,,,,17,,,,,,0,,,,,,,,,,,,,,,,,,,,,,,,,,,,
2013-12-11,W300D3BT,ST4000DM000,4000787030016,0,,24256344,,,,,,,,0,,,,,,4167,,,,,,,,,,,,,,,,,,,,,,,,,,,,,,29,,,,,,0,,,,,,,,,,,,,,,,,,,,,,,,,,,,
2013-12-11,JK11A8B9J8995F,Hitachi HDS722020ALA330,2000398934016,0,,0,,,,,,,,0,,,,,,25125,,,,,,,,,,,,,,,,,,,,,,,,,,,,,,27,,,,,,0,,,,,,,,,,,,,,,,,,,,,,,,,,,,
2013-12-11,Z300KC5Z,ST4000DM000,4000787030016,0,,21636024,,,,,,,,0,,,,,,2241,,,,,,,,,,,,,,,,,,,,,,,,,,,,,,22,,,,,,0,,,,,,,,,,,,,,,,,,,,,,,,,,,,
2013-12-11,Z1F0LSQ2,ST3000DM001,3000592982016,0,,22075288,,,,,,,,0,,,,,,12171,,,,,,,,,,,,,,,,,,,,,,,,,,,,,,25,,,,,,0,,,,,,,,,,,,,,,,,,,,,,,,,,,,
2013-12-11,Z1F0LSQ4,ST3000DM001,3000592982016,0,,42218760,,,,,,,,0,,,,,,12016,,,,,,,,,,,,,,,,,,,,,,,,,,,,,,27,,,,,,0,,,,,,,,,,,,,,,,,,,,,,,,,,,,
2013-12-11,Z1F0LTA6,ST3000DM001,3000592982016,0,,130122248,,,,,,,,0,,,,,,12170,,,,,,,,,,,,,,,,,,,,,,,,,,,,,,25,,,,,,0,,,,,,,,,,,,,,,,,,,,,,,,,,,,
2013-12-11,Z1F0L4PZ,ST3000DM001,3000592982016,0,,174457688,,,,,,,,0,,,,,,12248,,,,,,,,,,,,,,,,,,,,,,,,,,,,,,27,,,,,,0,,,,,,,,,,,,,,,,,,,,,,,,,,,,
2013-12-11,JK11A8B9J7J0PF,Hitachi HDS722020ALA330,2000398934016,0,,0,,,,,,,,0,,,,,,24912,,,,,,,,,,,,,,,,,,,,,,,,,,,,,,32,,,,,,0,,,,,,,,,,,,,,,,,,,,,,,,,,,,
2013-12-11,JK1105B8GH0RVX,Hitachi HDS722020ALA330,2000398934016,0,,0,,,,,,,,2,,,,,,26859,,,,,,,,,,,,,,,,,,,,,,,,,,,,,,29,,,,,,0,,,,,,,,,,,,,,,,,,,,,,,,,,,,
2013-12-11,PL1311LAG25WBA,Hitachi HDS5C4040ALE630,4000787030016,0,,0,,,,,,,,0,,,,,,7435,,,,,,,,,,,,,,,,,,,,,,,,,,,,,,27,,,,,,0,,,,,,,,,,,,,,,,,,,,,,,,,,,,
2013-12-11,6XW00WYP,ST31500541AS,1500301910016,0,,169155163,,,,,,,,0,,,,,,36912,,,,,,,,,,,,,,,,,,,,,,,,,,,,,,18,,,,,,0,,,,,,,,,,,,,,,,,,,,,,,,,,,,
2013-12-11,WD-WCAWZ0495476,WDC WD30EZRX,3000592982016,0,,0,,,,,,,,0,,,,,,16986,,,,,,,,,,,,,,,,,,,,,,,,,,,,,,23,,,,,,12,,,,,,,,,,,,,,,,,,,,,,,,,,,,
2013-12-11,MJ1311YNG3PRHA,Hitachi HDS5C3030ALA630,3000592982016,0,,0,,,,,,,,0,,,,,,18067,,,,,,,,,,,,,,,,,,,,,,,,,,,,,,23,,,,,,0,,,,,,,,,,,,,,,,,,,,,,,,,,,,
2013-12-11,PL1311LAG2BU3H,Hitachi HDS5C4040ALE630,4000787030016,0,,0,,,,,,,,0,,,,,,7401,,,,,,,,,,,,,,,,,,,,,,,,,,,,,,25,,,,,,0,,,,,,,,,,,,,,,,,,,,,,,,,,,,
2013-12-11,Z300XGKV,ST4000DM000,4000787030016,0,,201458728,,,,,,,,0,,,,,,109,,,,,,,,,,,,,,,,,,,,,,,,,,,,,,22,,,,,,0,,,,,,,,,,,,,,,,,,,,,,,,,,,,
2013-12-11,W300CSMW,ST4000DM000,4000787030016,0,,183311928,,,,,,,,0,,,,,,1848,,,,,,,,,,,,,,,,,,,,,,,,,,,,,,24,,,,,,0,,,,,,,,,,,,,,,,,,,,,,,,,,,,
2013-12-11,W300927Y,ST4000DM000,4000787030016,0,,9399072,,,,,,,,0,,,,,,3238,,,,,,,,,,,,,,,,,,,,,,,,,,,,,,20,,,,,,0,,,,,,,,,,,,,,,,,,,,,,,,,,,,
2013-12-11,W1F09X4B,ST3000DM001,3000592982016,0,,148154936,,,,,,,,0,,,,,,14235,,,,,,,,,,,,,,,,,,,,,,,,,,,,,,23,,,,,,0,,,,,,,,,,,,,,,,,,,,,,,,,,,,
2013-12-11,JK1101B9JPHJ1F,Hitachi HDS722020ALA330,2000398934016,0,,0,,,,,,,,0,,,,,,23989,,,,,,,,,,,,,,,,,,,,,,,,,,,,,,27,,,,,,0,,,,,,,,,,,,,,,,,,,,,,,,,,,,
2013-12-11,WD-WCAWZ1029337,WDC WD30EZRX,3000592982016,0,,28,,,,,,,,0,,,,,,17994,,,,,,,,,,,,,,,,,,,,,,,,,,,,,,25,,,,,,1,,,,,,,,,,,,,,,,,,,,,,,,,,,,
2013-12-11,6XW00L3Y,ST31500541AS,1500301910016,0,,184772283,,,,,,,,0,,,,,,35749,,,,,,,,,,,,,,,,,,,,,,,,,,,,,,19,,,,,,0,,,,,,,,,,,,,,,,,,,,,,,,,,,,
2013-12-11,PL1331LAG4013H,HGST HMS5C4040ALE640,4000787030016,0,,0,,,,,,,,0,,,,,,9402,,,,,,,,,,,,,,,,,,,,,,,,,,,,,,31,,,,,,0,,,,,,,,,,,,,,,,,,,,,,,,,,,,
2013-12-11,W300B6J0,ST4000DM000,4000787030016,0,,28811736,,,,,,,,0,,,,,,3587,,,,,,,,,,,,,,,,,,,,,,,,,,,,,,21,,,,,,0,,,,,,,,,,,,,,,,,,,,,,,,,,,,
2013-12-11,JK11A8B9J91AAF,Hitachi HDS722020ALA330,2000398934016,0,,0,,,,,,,,0,,,,,,24497,,,,,,,,,,,,,,,,,,,,,,,,,,,,,,29,,,,,,0,,,,,,,,,,,,,,,,,,,,,,,,,,,,
2013-12-11,Z1F0KMWC,ST3000DM001,3000592982016,0,,235992232,,,,,,,,0,,,,,,12169,,,,,,,,,,,,,,,,,,,,,,,,,,,,,,25,,,,,,0,,,,,,,,,,,,,,,,,,,,,,,,,,,,
2013-12-11,W300B6J7,ST4000DM000,4000787030016,0,,227821056,,,,,,,,0,,,,,,4047,,,,,,,,,,,,,,,,,,,,,,,,,,,,,,22,,,,,,0,,,,,,,,,,,,,,,,,,,,,,,,,,,,
2013-12-11,PL1311LAG2B1DH,Hitachi HDS5C4040ALE630,4000787030016,0,,0,,,,,,,,0,,,,,,7078,,,,,,,,,,,,,,,,,,,,,,,,,,,,,,21,,,,,,0,,,,,,,,,,,,,,,,,,,,,,,,,,,,
2013-12-11,W300B6JA,ST4000DM000,4000787030016,0,,12173328,,,,,,,,0,,,,,,3586,,,,,,,,,,,,,,,,,,,,,,,,,,,,,,24,,,,,,0,,,,,,,,,,,,,,,,,,,,,,,,,,,,
2013-12-11,JK1101B9KNEXWF,Hitachi HDS722020ALA330,2000398934016,0,,65536,,,,,,,,0,,,,,,22862,,,,,,,,,,,,,,,,,,,,,,,,,,,,,,28,,,,,,0,,,,,,,,,,,,,,,,,,,,,,,,,,,,
2013-12-11,W1F0PNLY,ST3000DM001,3000592982016,0,,167066136,,,,,,,,0,,,,,,11025,,,,,,,,,,,,,,,,,,,,,,,,,,,,,,25,,,,,,0,,,,,,,,,,,,,,,,,,,,,,,,,,,,
2013-12-11,PL1310LAG0NBWA,Hitachi HDS5C4040ALE630,4000787030016,0,,0,,,,,,,,0,,,,,,12998,,,,,,,,,,,,,,,,,,,,,,,,,,,,,,24,,,,,,0,,,,,,,,,,,,,,,,,,,,,,,,,,,,
2013-12-11,JK11A8B9JPYDMF,Hitachi HDS722020ALA330,2000398934016,0,,0,,,,,,,,0,,,,,,23719,,,,,,,,,,,,,,,,,,,,,,,,,,,,,,29,,,,,,0,,,,,,,,,,,,,,,,,,,,,,,,,,,,
2013-12-11,S1F136A5,ST3000DM001,3000592982016,0,,20377464,,,,,,,,0,,,,,,7990,,,,,,,,,,,,,,,,,,,,,,,,,,,,,,17,,,,,,0,,,,,,,,,,,,,,,,,,,,,,,,,,,,
2013-12-11,Z290VGAW,ST33000651AS,3000592982016,0,,165863811,,,,,,,,0,,,,,,17050,,,,,,,,,,,,,,,,,,,,,,,,,,,,,,26,,,,,,0,,,,,,,,,,,,,,,,,,,,,,,,,,,,
2013-12-11,MJ0351YNG9WMJA,Hitachi HDS5C3030ALA630,3000592982016,0,,0,,,,,,,,0,,,,,,9719,,,,,,,,,,,,,,,,,,,,,,,,,,,,,,31,,,,,,0,,,,,,,,,,,,,,,,,,,,,,,,,,,,
2013-12-11,JK1171B9HU652T,Hitachi HDS722020ALA330,2000398934016,0,,0,,,,,,,,0,,,,,,22703,,,,,,,,,,,,,,,,,,,,,,,,,,,,,,29,,,,,,0,,,,,,,,,,,,,,,,,,,,,,,,,,,,
2013-12-11,JK1101B9JRA0PF,Hitachi HDS722020ALA330,2000398934016,0,,0,,,,,,,,0,,,,,,23577,,,,,,,,,,,,,,,,,,,,,,,,,,,,,,24,,,,,,0,,,,,,,,,,,,,,,,,,,,,,,,,,,,
2013-12-11,S1F06WQY,ST3000DM001,3000592982016,0,,235460200,,,,,,,,0,,,,,,13915,,,,,,,,,,,,,,,,,,,,,,,,,,,,,,21,,,,,,0,,,,,,,,,,,,,,,,,,,,,,,,,,,,
2013-12-11,JK11A8B9GNGS9F,Hitachi HDS722020ALA330,2000398934016,0,,0,,,,,,,,0,,,,,,26492,,,,,,,,,,,,,,,,,,,,,,,,,,,,,,27,,,,,,0,,,,,,,,,,,,,,,,,,,,,,,,,,,,
2013-12-11,JK1101B9KNLZ0F,Hitachi HDS722020ALA330,2000398934016,0,,0,,,,,,,,0,,,,,,23099,,,,,,,,,,,,,,,,,,,,,,,,,,,,,,24,,,,,,0,,,,,,,,,,,,,,,,,,,,,,,,,,,,
2013-12-11,JK1101YAKSNMPZ,Hitachi HDS722020ALA330,2000398934016,0,,0,,,,,,,,0,,,,,,14954,,,,,,,,,,,,,,,,,,,,,,,,,,,,,,23,,,,,,0,,,,,,,,,,,,,,,,,,,,,,,,,,,,
2013-12-11,WD-WCAWZ1151683,WDC WD30EZRX,3000592982016,0,,0,,,,,,,,0,,,,,,17620,,,,,,,,,,,,,,,,,,,,,,,,,,,,,,22,,,,,,2,,,,,,,,,,,,,,,,,,,,,,,,,,,,
2013-12-11,PL2321LAGASEGJ,Hitachi HDS5C4040ALE630,4000787030016,0,,0,,,,,,,,0,,,,,,5428,,,,,,,,,,,,,,,,,,,,,,,,,,,,,,23,,,,,,0,,,,,,,,,,,,,,,,,,,,,,,,,,,,
2013-12-11,Z2908WQ0,ST33000651AS,3000592982016,0,,84952405,,,,,,,,0,,,,,,15915,,,,,,,,,,,,,,,,,,,,,,,,,,,,,,27,,,,,,0,,,,,,,,,,,,,,,,,,,,,,,,,,,,
2013-12-11,JK11A8B9J39GHF,Hitachi HDS722020ALA330,2000398934016,0,,0,,,,,,,,0,,,,,,24431,,,,,,,,,,,,,,,,,,,,,,,,,,,,,,27,,,,,,0,,,,,,,,,,,,,,,,,,,,,,,,,,,,
2013-12-11,MJ0351YNG9SM2A,Hitachi HDS5C3030ALA630,3000592982016,0,,0,,,,,,,,0,,,,,,9721,,,,,,,,,,,,,,,,,,,,,,,,,,,,,,32,,,,,,0,,,,,,,,,,,,,,,,,,,,,,,,,,,,
2013-12-11,Z300WMS6,ST4000DM000,4000787030016,0,,135888712,,,,,,,,0,,,,,,799,,,,,,,,,,,,,,,,,,,,,,,,,,,,,,22,,,,,,0,,,,,,,,,,,,,,,,,,,,,,,,,,,,
2013-12-11,PL2310LAG0MBVC,Hitachi HDS5C4040ALE630,4000787030016,0,,0,,,,,,,,0,,,,,,12998,,,,,,,,,,,,,,,,,,,,,,,,,,,,,,27,,,,,,0,,,,,,,,,,,,,,,,,,,,,,,,,,,,
2013-12-11,MJ1311YNG7LSEA,Hitachi HDS5C3030ALA630,3000592982016,0,,0,,,,,,,,0,,,,,,14290,,,,,,,,,,,,,,,,,,,,,,,,,,,,,,29,,,,,,0,,,,,,,,,,,,,,,,,,,,,,,,,,,,
2013-12-11,Z300K9SH,ST4000DM000,4000787030016,0,,51417288,,,,,,,,0,,,,,,2245,,,,,,,,,,,,,,,,,,,,,,,,,,,,,,20,,,,,,0,,,,,,,,,,,,,,,,,,,,,,,,,,,,
2013-12-11,S1F0LLKM,ST3000DM001,3000592982016,0,,33074808,,,,,,,,0,,,,,,11684,,,,,,,,,,,,,,,,,,,,,,,,,,,,,,31,,,,,,0,,,,,,,,,,,,,,,,,,,,,,,,,,,,
2013-12-11,MJ1321YNG17ESA,Hitachi HDS5C3030ALA630,3000592982016,0,,0,,,,,,,,0,,,,,,18596,,,,,,,,,,,,,,,,,,,,,,,,,,,,,,22,,,,,,0,,,,,,,,,,,,,,,,,,,,,,,,,,,,
2013-12-11,PL1311LAG34M7H,Hitachi HDS5C4040ALE630,4000787030016,0,,0,,,,,,,,0,,,,,,5932,,,,,,,,,,,,,,,,,,,,,,,,,,,,,,25,,,,,,0,,,,,,,,,,,,,,,,,,,,,,,,,,,,
2013-12-11,JK11A8B9JKYZ7F,Hitachi HDS722020ALA330,2000398934016,0,,0,,,,,,,,0,,,,,,23948,,,,,,,,,,,,,,,,,,,,,,,,,,,,,,23,,,,,,0,,,,,,,,,,,,,,,,,,,,,,,,,,,,
2013-12-11,MJ0351YNGA49PA,Hitachi HDS5C3030ALA630,3000592982016,0,,0,,,,,,,,0,,,,,,8053,,,,,,,,,,,,,,,,,,,,,,,,,,,,,,26,,,,,,0,,,,,,,,,,,,,,,,,,,,,,,,,,,,
2013-12-11,W3005PXJ,ST4000DM000,4000787030016,0,,1813584,,,,,,,,0,,,,,,2680,,,,,,,,,,,,,,,,,,,,,,,,,,,,,,26,,,,,,0,,,,,,,,,,,,,,,,,,,,,,,,,,,,
2013-12-11,S1F02YRN,ST3000DM001,3000592982016,0,,106591056,,,,,,,,0,,,,,,14727,,,,,,,,,,,,,,,,,,,,,,,,,,,,,,24,,,,,,0,,,,,,,,,,,,,,,,,,,,,,,,,,,,
2013-12-11,PL1321LAGAWE0H,Hitachi HDS5C4040ALE630,4000787030016,0,,0,,,,,,,,0,,,,,,5050,,,,,,,,,,,,,,,,,,,,,,,,,,,,,,30,,,,,,0,,,,,,,,,,,,,,,,,,,,,,,,,,,,
2013-12-11,PL1311LAG2HW6H,Hitachi HDS5C4040ALE630,4000787030016,0,,0,,,,,,,,0,,,,,,5131,,,,,,,,,,,,,,,,,,,,,,,,,,,,,,31,,,,,,0,,,,,,,,,,,,,,,,,,,,,,,,,,,,
2013-12-11,MJ1323YNG1SB1C,Hitachi HDS5C3030ALA630,3000592982016,0,,0,,,,,,,,0,,,,,,20079,,,,,,,,,,,,,,,,,,,,,,,,,,,,,,33,,,,,,0,,,,,,,,,,,,,,,,,,,,,,,,,,,,
2013-12-11,MK0311YHG9ZABA,Hitachi HDS723030ALA640,3000592982016,0,,0,,,,,,,,0,,,,,,16680,,,,,,,,,,,,,,,,,,,,,,,,,,,,,,24,,,,,,0,,,,,,,,,,,,,,,,,,,,,,,,,,,,
2013-12-11,JK11A8B9J3M68F,Hitachi HDS722020ALA330,2000398934016,0,,0,,,,,,,,0,,,,,,23126,,,,,,,,,,,,,,,,,,,,,,,,,,,,,,27,,,,,,0,,,,,,,,,,,,,,,,,,,,,,,,,,,,
2013-12-11,JK1101B9J31L2F,Hitachi HDS722020ALA330,2000398934016,0,,0,,,,,,,,0,,,,,,23821,,,,,,,,,,,,,,,,,,,,,,,,,,,,,,28,,,,,,0,,,,,,,,,,,,,,,,,,,,,,,,,,,,
2013-12-11,Z290XME6,ST33000651AS,3000592982016,0,,28508192,,,,,,,,0,,,,,,15916,,,,,,,,,,,,,,,,,,,,,,,,,,,,,,24,,,,,,0,,,,,,,,,,,,,,,,,,,,,,,,,,,,
2013-12-11,MJ0351YNG9XVLA,Hitachi HDS5C3030ALA630,3000592982016,0,,0,,,,,,,,0,,,,,,8830,,,,,,,,,,,,,,,,,,,,,,,,,,,,,,30,,,,,,0,,,,,,,,,,,,,,,,,,,,,,,,,,,,
2013-12-11,MJ0351YNG9W3EA,Hitachi HDS5C3030ALA630,3000592982016,0,,0,,,,,,,,0,,,,,,8873,,,,,,,,,,,,,,,,,,,,,,,,,,,,,,26,,,,,,0,,,,,,,,,,,,,,,,,,,,,,,,,,,,
2013-12-11,JK11A8B9HWU61F,Hitachi HDS722020ALA330,2000398934016,0,,0,,,,,,,,0,,,,,,24427,,,,,,,,,,,,,,,,,,,,,,,,,,,,,,25,,,,,,0,,,,,,,,,,,,,,,,,,,,,,,,,,,,
2013-12-11,W1F0VF0M,ST3000DM001,3000592982016,0,,86741136,,,,,,,,0,,,,,,11751,,,,,,,,,,,,,,,,,,,,,,,,,,,,,,27,,,,,,0,,,,,,,,,,,,,,,,,,,,,,,,,,,,
2013-12-11,WD-WMC1T1844051,WDC WD30EFRX,3000592982016,0,,0,,,,,,,,0,,,,,,7390,,,,,,,,,,,,,,,,,,,,,,,,,,,,,,25,,,,,,0,,,,,,,,,,,,,,,,,,,,,,,,,,,,
2013-12-11,PL1311LAG21M8A,Hitachi HDS5C4040ALE630,4000787030016,0,,0,,,,,,,,0,,,,,,6654,,,,,,,,,,,,,,,,,,,,,,,,,,,,,,20,,,,,,0,,,,,,,,,,,,,,,,,,,,,,,,,,,,
2013-12-11,W1F0A3KY,ST3000DM001,3000592982016,0,,117801576,,,,,,,,0,,,,,,14734,,,,,,,,,,,,,,,,,,,,,,,,,,,,,,26,,,,,,0,,,,,,,,,,,,,,,,,,,,,,,,,,,,
2013-12-11,MJ0351YNGA6YGA,Hitachi HDS5C3030ALA630,3000592982016,0,,0,,,,,,,,0,,,,,,8661,,,,,,,,,,,,,,,,,,,,,,,,,,,,,,28,,,,,,0,,,,,,,,,,,,,,,,,,,,,,,,,,,,
2013-12-11,6XW01KBL,ST31500541AS,1500301910016,0,,125063211,,,,,,,,395,,,,,,34740,,,,,,,,,,,,,,,,,,,,,,,,,,,,,,20,,,,,,0,,,,,,,,,,,,,,,,,,,,,,,,,,,,
2013-12-11,MJ1321YNG0L46A,Hitachi HDS5C3030ALA630,3000592982016,0,,0,,,,,,,,0,,,,,,17811,,,,,,,,,,,,,,,,,,,,,,,,,,,,,,24,,,,,,0,,,,,,,,,,,,,,,,,,,,,,,,,,,,
2013-12-11,W1F0A3K3,ST3000DM001,3000592982016,0,,171441080,,,,,,,,0,,,,,,14709,,,,,,,,,,,,,,,,,,,,,,,,,,,,,,26,,,,,,0,,,,,,,,,,,,,,,,,,,,,,,,,,,,
2013-12-11,6XW01RRZ,ST31500541AS,1500301910016,0,,144496115,,,,,,,,0,,,,,,35230,,,,,,,,,,,,,,,,,,,,,,,,,,,,,,22,,,,,,0,,,,,,,,,,,,,,,,,,,,,,,,,,,,
2013-12-11,JK11A8B9J77G9F,Hitachi HDS722020ALA330,2000398934016,0,,0,,,,,,,,0,,,,,,21477,,,,,,,,,,,,,,,,,,,,,,,,,,,,,,29,,,,,,0,,,,,,,,,,,,,,,,,,,,,,,,,,,,
2013-12-11,Z290XZCB,ST33000651AS,3000592982016,0,,168952127,,,,,,,,0,,,,,,18074,,,,,,,,,,,,,,,,,,,,,,,,,,,,,,28,,,,,,0,,,,,,,,,,,,,,,,,,,,,,,,,,,,
2013-12-11,W1F0P114,ST3000DM001,3000592982016,0,,55421848,,,,,,,,0,,,,,,9269,,,,,,,,,,,,,,,,,,,,,,,,,,,,,,29,,,,,,0,,,,,,,,,,,,,,,,,,,,,,,,,,,,
2013-12-11,MJ1311YNG5KKZA,Hitachi HDS5C3030ALA630,3000592982016,0,,0,,,,,,,,0,,,,,,14601,,,,,,,,,,,,,,,,,,,,,,,,,,,,,,21,,,,,,0,,,,,,,,,,,,,,,,,,,,,,,,,,,,
2013-12-11,Z3003S7D,ST4000DM000,4000787030016,0,,25670160,,,,,,,,0,,,,,,5417,,,,,,,,,,,,,,,,,,,,,,,,,,,,,,22,,,,,,0,,,,,,,,,,,,,,,,,,,,,,,,,,,,
2013-12-11,WD-WCAV5C290871,WDC WD10EADS,1000204886016,0,,0,,,,,,,,0,,,,,,19050,,,,,,,,,,,,,,,,,,,,,,,,,,,,,,27,,,,,,0,,,,,,,,,,,,,,,,,,,,,,,,,,,,
2013-12-11,Z1F1AGN5,ST3000DM001,3000592982016,0,,80455280,,,,,,,,0,,,,,,8162,,,,,,,,,,,,,,,,,,,,,,,,,,,,,,26,,,,,,0,,,,,,,,,,,,,,,,,,,,,,,,,,,,
2013-12-11,MJ1311YNG6116A,Hitachi HDS5C3030ALA630,3000592982016,0,,0,,,,,,,,0,,,,,,14621,,,,,,,,,,,,,,,,,,,,,,,,,,,,,,20,,,,,,0,,,,,,,,,,,,,,,,,,,,,,,,,,,,
2013-12-11,W1F1DP2G,ST3000DM001,3000592982016,0,,15409656,,,,,,,,0,,,,,,8179,,,,,,,,,,,,,,,,,,,,,,,,,,,,,,25,,,,,,0,,,,,,,,,,,,,,,,,,,,,,,,,,,,
2013-12-11,WD-WCAU45565920,WDC WD10EACS,1000204886016,0,,1,,,,,,,,0,,,,,,42383,,,,,,,,,,,,,,,,,,,,,,,,,,,,,,25,,,,,,0,,,,,,,,,,,,,,,,,,,,,,,,,,,,
2013-12-11,9VS1KZS2,ST31500341AS,1500301910016,0,,135954840,,,,,,,,173,,,,,,40242,,,,,,,,,,,,,,,,,,,,,,,,,,,,,,24,,,,,,0,,,,,,,,,,,,,,,,,,,,,,,,,,,,
2013-12-11,PL1321LAG34ZNH,Hitachi HDS5C4040ALE630,4000787030016,0,,0,,,,,,,,0,,,,,,6616,,,,,,,,,,,,,,,,,,,,,,,,,,,,,,28,,,,,,0,,,,,,,,,,,,,,,,,,,,,,,,,,,,
2013-12-11,MJ0351YNG9YKSA,Hitachi HDS5C3030ALA630,3000592982016,0,,0,,,,,,,,0,,,,,,9999,,,,,,,,,,,,,,,,,,,,,,,,,,,,,,34,,,,,,0,,,,,,,,,,,,,,,,,,,,,,,,,,,,
2013-12-11,MK0333YHGNDX8C,Hitachi HDS723030ALA640,3000592982016,0,,0,,,,,,,,0,,,,,,17761,,,,,,,,,,,,,,,,,,,,,,,,,,,,,,25,,,,,,0,,,,,,,,,,,,,,,,,,,,,,,,,,,,
2013-12-11,MJ1311YNG2ZJ9A,Hitachi HDS5C3030ALA630,3000592982016,0,,0,,,,,,,,0,,,,,,18315,,,,,,,,,,,,,,,,,,,,,,,,,,,,,,23,,,,,,0,,,,,,,,,,,,,,,,,,,,,,,,,,,,
2013-12-11,JK1101B9KMMKAU,Hitachi HDS722020ALA330,2000398934016,0,,0,,,,,,,,0,,,,,,22861,,,,,,,,,,,,,,,,,,,,,,,,,,,,,,27,,,,,,0,,,,,,,,,,,,,,,,,,,,,,,,,,,,
2013-12-11,S1F0TP5E,ST3000DM001,3000592982016,0,,106806576,,,,,,,,0,,,,,,10727,,,,,,,,,,,,,,,,,,,,,,,,,,,,,,24,,,,,,0,,,,,,,,,,,,,,,,,,,,,,,,,,,,
2013-12-11,JK1130YAG52KGT,Hitachi HDS722020ALA330,2000398934016,0,,0,,,,,,,,0,,,,,,15222,,,,,,,,,,,,,,,,,,,,,,,,,,,,,,27,,,,,,0,,,,,,,,,,,,,,,,,,,,,,,,,,,,
2013-12-11,S1F0CRHC,ST3000DM001,3000592982016,0,,165829512,,,,,,,,0,,,,,,12359,,,,,,,,,,,,,,,,,,,,,,,,,,,,,,24,,,,,,0,,,,,,,,,,,,,,,,,,,,,,,,,,,,
2013-12-11,MJ0351YNGA6B7A,Hitachi HDS5C3030ALA630,3000592982016,0,,0,,,,,,,,0,,,,,,8545,,,,,,,,,,,,,,,,,,,,,,,,,,,,,,29,,,,,,0,,,,,,,,,,,,,,,,,,,,,,,,,,,,
2013-12-11,S1F13432,ST3000DM001,3000592982016,0,,192084680,,,,,,,,0,,,,,,8021,,,,,,,,,,,,,,,,,,,,,,,,,,,,,,20,,,,,,0,,,,,,,,,,,,,,,,,,,,,,,,,,,,
2013-12-11,JK1101B9JRPHDF,Hitachi HDS722020ALA330,2000398934016,0,,0,,,,,,,,0,,,,,,22698,,,,,,,,,,,,,,,,,,,,,,,,,,,,,,31,,,,,,0,,,,,,,,,,,,,,,,,,,,,,,,,,,,
2013-12-11,9VS5BGPS,ST31500341AS,1500301910016,0,,17225666,,,,,,,,2,,,,,,11604,,,,,,,,,,,,,,,,,,,,,,,,,,,,,,26,,,,,,0,,,,,,,,,,,,,,,,,,,,,,,,,,,,
2013-12-11,MJ0351YNG9U29A,Hitachi HDS5C3030ALA630,3000592982016,0,,0,,,,,,,,0,,,,,,7609,,,,,,,,,,,,,,,,,,,,,,,,,,,,,,23,,,,,,0,,,,,,,,,,,,,,,,,,,,,,,,,,,,
2013-12-11,PL1311LAG2B5WH,Hitachi HDS5C4040ALE630,4000787030016,0,,0,,,,,,,,0,,,,,,7411,,,,,,,,,,,,,,,,,,,,,,,,,,,,,,22,,,,,,0,,,,,,,,,,,,,,,,,,,,,,,,,,,,
2013-12-11,MJ1311YNG3KVKA,Hitachi HDS5C3030ALA630,3000592982016,0,,0,,,,,,,,0,,,,,,18594,,,,,,,,,,,,,,,,,,,,,,,,,,,,,,23,,,,,,0,,,,,,,,,,,,,,,,,,,,,,,,,,,,
2013-12-11,MK0331YHGRYD0A,Hitachi HDS723030ALA640,3000592982016,0,,393218,,,,,,,,0,,,,,,17036,,,,,,,,,,,,,,,,,,,,,,,,,,,,,,29,,,,,,0,,,,,,,,,,,,,,,,,,,,,,,,,,,,
2013-12-11,Z290XYCR,ST33000651AS,3000592982016,0,,18893701,,,,,,,,173,,,,,,17737,,,,,,,,,,,,,,,,,,,,,,,,,,,,,,28,,,,,,0,,,,,,,,,,,,,,,,,,,,,,,,,,,,
2013-12-11,W1F1CLJG,ST3000DM001,3000592982016,0,,66672072,,,,,,,,0,,,,,,8023,,,,,,,,,,,,,,,,,,,,,,,,,,,,,,20,,,,,,0,,,,,,,,,,,,,,,,,,,,,,,,,,,,
2013-12-11,WD-WCAU4C272647,WDC WD10EADS,1000204886016,0,,2,,,,,,,,0,,,,,,36531,,,,,,,,,,,,,,,,,,,,,,,,,,,,,,28,,,,,,0,,,,,,,,,,,,,,,,,,,,,,,,,,,,
2013-12-11,JK1105B8GED29X,Hitachi HDS722020ALA330,2000398934016,0,,65538,,,,,,,,0,,,,,,27167,,,,,,,,,,,,,,,,,,,,,,,,,,,,,,34,,,,,,0,,,,,,,,,,,,,,,,,,,,,,,,,,,,
2013-12-11,MJ1311YNG04BXA,Hitachi HDS5C3030ALA630,3000592982016,0,,0,,,,,,,,0,,,,,,14310,,,,,,,,,,,,,,,,,,,,,,,,,,,,,,24,,,,,,0,,,,,,,,,,,,,,,,,,,,,,,,,,,,
2013-12-11,Z1F0QK05,ST3000DM001,3000592982016,0,,232833064,,,,,,,,0,,,,,,12154,,,,,,,,,,,,,,,,,,,,,,,,,,,,,,23,,,,,,0,,,,,,,,,,,,,,,,,,,,,,,,,,,,
2013-12-11,PL1311LAG2B05H,Hitachi HDS5C4040ALE630,4000787030016,0,,0,,,,,,,,0,,,,,,7437,,,,,,,,,,,,,,,,,,,,,,,,,,,,,,27,,,,,,0,,,,,,,,,,,,,,,,,,,,,,,,,,,,
2013-12-11,JK11A8B9J77APF,Hitachi HDS722020ALA330,2000398934016,0,,0,,,,,,,,0,,,,,,25583,,,,,,,,,,,,,,,,,,,,,,,,,,,,,,26,,,,,,0,,,,,,,,,,,,,,,,,,,,,,,,,,,,
2013-12-11,W1F0QKJP,ST3000DM001,3000592982016,0,,146238248,,,,,,,,0,,,,,,7994,,,,,,,,,,,,,,,,,,,,,,,,,,,,,,16,,,,,,0,,,,,,,,,,,,,,,,,,,,,,,,,,,,
2013-12-11,JK1101B9JPL91F,Hitachi HDS722020ALA330,2000398934016,0,,0,,,,,,,,0,,,,,,24430,,,,,,,,,,,,,,,,,,,,,,,,,,,,,,26,,,,,,0,,,,,,,,,,,,,,,,,,,,,,,,,,,,
2013-12-11,MK0333YHGNWMYC,Hitachi HDS723030ALA640,3000592982016,0,,0,,,,,,,,0,,,,,,17030,,,,,,,,,,,,,,,,,,,,,,,,,,,,,,30,,,,,,0,,,,,,,,,,,,,,,,,,,,,,,,,,,,
2013-12-11,MJ0351YNG9W47A,Hitachi HDS5C3030ALA630,3000592982016,0,,0,,,,,,,,0,,,,,,9901,,,,,,,,,,,,,,,,,,,,,,,,,,,,,,26,,,,,,0,,,,,,,,,,,,,,,,,,,,,,,,,,,,
2013-12-11,W1F0TCBJ,ST3000DM001,3000592982016,0,,24611184,,,,,,,,0,,,,,,10837,,,,,,,,,,,,,,,,,,,,,,,,,,,,,,31,,,,,,0,,,,,,,,,,,,,,,,,,,,,,,,,,,,
2013-12-11,MJ1311YNG59XEA,Hitachi HDS5C3030ALA630,3000592982016,0,,0,,,,,,,,0,,,,,,14310,,,,,,,,,,,,,,,,,,,,,,,,,,,,,,26,,,,,,0,,,,,,,,,,,,,,,,,,,,,,,,,,,,
2013-12-11,JK11A8B9JPZE1F,Hitachi HDS722020ALA330,2000398934016,0,,0,,,,,,,,0,,,,,,24112,,,,,,,,,,,,,,,,,,,,,,,,,,,,,,30,,,,,,0,,,,,,,,,,,,,,,,,,,,,,,,,,,,
2013-12-11,PL1321LAG34ASH,Hitachi HDS5C4040ALE630,4000787030016,0,,0,,,,,,,,0,,,,,,6652,,,,,,,,,,,,,,,,,,,,,,,,,,,,,,21,,,,,,0,,,,,,,,,,,,,,,,,,,,,,,,,,,,
2013-12-11,MJ0351YNG9SZZA,Hitachi HDS5C3030ALA630,3000592982016,0,,0,,,,,,,,0,,,,,,9191,,,,,,,,,,,,,,,,,,,,,,,,,,,,,,27,,,,,,0,,,,,,,,,,,,,,,,,,,,,,,,,,,,
2013-12-11,W1F1DQ9C,ST3000DM001,3000592982016,0,,77378704,,,,,,,,0,,,,,,7989,,,,,,,,,,,,,,,,,,,,,,,,,,,,,,18,,,,,,0,,,,,,,,,,,,,,,,,,,,,,,,,,,,
2013-12-11,JK1105B8GEUHWX,Hitachi HDS722020ALA330,2000398934016,0,,65536,,,,,,,,0,,,,,,27160,,,,,,,,,,,,,,,,,,,,,,,,,,,,,,31,,,,,,0,,,,,,,,,,,,,,,,,,,,,,,,,,,,
2013-12-11,MK0301YHGN2W8D,Hitachi HDS723030ALA640,3000592982016,0,,0,,,,,,,,0,,,,,,18088,,,,,,,,,,,,,,,,,,,,,,,,,,,,,,32,,,,,,0,,,,,,,,,,,,,,,,,,,,,,,,,,,,
2013-12-11,MJ1311YNG5YZ8A,Hitachi HDS5C3030ALA630,3000592982016,0,,0,,,,,,,,0,,,,,,14290,,,,,,,,,,,,,,,,,,,,,,,,,,,,,,28,,,,,,0,,,,,,,,,,,,,,,,,,,,,,,,,,,,
2013-12-11,MJ0351YNG9XNKA,Hitachi HDS5C3030ALA630,3000592982016,0,,0,,,,,,,,0,,,,,,9475,,,,,,,,,,,,,,,,,,,,,,,,,,,,,,28,,,,,,0,,,,,,,,,,,,,,,,,,,,,,,,,,,,
2013-12-11,PL1311LAG2EE0H,Hitachi HDS5C4040ALE630,4000787030016,0,,0,,,,,,,,0,,,,,,7462,,,,,,,,,,,,,,,,,,,,,,,,,,,,,,22,,,,,,0,,,,,,,,,,,,,,,,,,,,,,,,,,,,
2013-12-11,MK0331YHGJDHKA,Hitachi HDS723030ALA640,3000592982016,0,,65536,,,,,,,,0,,,,,,17356,,,,,,,,,,,,,,,,,,,,,,,,,,,,,,24,,,,,,0,,,,,,,,,,,,,,,,,,,,,,,,,,,,
2013-12-11,WD-WCAU45665556,WDC WD10EADS,1000204886016,0,,1,,,,,,,,0,,,,,,41759,,,,,,,,,,,,,,,,,,,,,,,,,,,,,,28,,,,,,0,,,,,,,,,,,,,,,,,,,,,,,,,,,,
2013-12-11,MK0311YHGLXXTA,Hitachi HDS723030ALA640,3000592982016,0,,0,,,,,,,,0,,,,,,17036,,,,,,,,,,,,,,,,,,,,,,,,,,,,,,30,,,,,,0,,,,,,,,,,,,,,,,,,,,,,,,,,,,
2013-12-11,Z300S4Z3,ST4000DM000,4000787030016,0,,131629264,,,,,,,,0,,,,,,446,,,,,,,,,,,,,,,,,,,,,,,,,,,,,,18,,,,,,0,,,,,,,,,,,,,,,,,,,,,,,,,,,,
2013-12-11,6XW16L8B,ST32000542AS,2000398934016,0,,213078384,,,,,,,,14,,,,,,31706,,,,,,,,,,,,,,,,,,,,,,,,,,,,,,25,,,,,,0,,,,,,,,,,,,,,,,,,,,,,,,,,,,
2013-12-11,MK0311YHGHP3NA,Hitachi HDS723030ALA640,3000592982016,0,,0,,,,,,,,0,,,,,,14732,,,,,,,,,,,,,,,,,,,,,,,,,,,,,,25,,,,,,0,,,,,,,,,,,,,,,,,,,,,,,,,,,,
2013-12-11,JK1101B9KMKSSF,Hitachi HDS722020ALA330,2000398934016,0,,0,,,,,,,,0,,,,,,23075,,,,,,,,,,,,,,,,,,,,,,,,,,,,,,29,,,,,,0,,,,,,,,,,,,,,,,,,,,,,,,,,,,
2013-12-11,WD-WCC070196768,WDC WD30EZRX,3000592982016,0,,0,,,,,,,,0,,,,,,8611,,,,,,,,,,,,,,,,,,,,,,,,,,,,,,26,,,,,,0,,,,,,,,,,,,,,,,,,,,,,,,,,,,
2013-12-11,Z290K5FR,ST33000651AS,3000592982016,0,,156294092,,,,,,,,0,,,,,,17050,,,,,,,,,,,,,,,,,,,,,,,,,,,,,,26,,,,,,0,,,,,,,,,,,,,,,,,,,,,,,,,,,,
2013-12-11,MJ0351YNG9TVBA,Hitachi HDS5C3030ALA630,3000592982016,0,,0,,,,,,,,0,,,,,,9999,,,,,,,,,,,,,,,,,,,,,,,,,,,,,,32,,,,,,0,,,,,,,,,,,,,,,,,,,,,,,,,,,,
2013-12-11,JK1101B9GBHE8F,Hitachi HDS722020ALA330,2000398934016,0,,1,,,,,,,,0,,,,,,27737,,,,,,,,,,,,,,,,,,,,,,,,,,,,,,24,,,,,,0,,,,,,,,,,,,,,,,,,,,,,,,,,,,
2013-12-11,MJ0351YNG9ZKLA,Hitachi HDS5C3030ALA630,3000592982016,0,,0,,,,,,,,0,,,,,,7609,,,,,,,,,,,,,,,,,,,,,,,,,,,,,,24,,,,,,0,,,,,,,,,,,,,,,,,,,,,,,,,,,,
2013-12-11,W3006P11,ST4000DM000,4000787030016,0,,215089664,,,,,,,,0,,,,,,2857,,,,,,,,,,,,,,,,,,,,,,,,,,,,,,22,,,,,,0,,,,,,,,,,,,,,,,,,,,,,,,,,,,
2013-12-11,MK0311YHG1GAUA,Hitachi HDS723030ALA640,3000592982016,0,,983084,,,,,,,,0,,,,,,22347,,,,,,,,,,,,,,,,,,,,,,,,,,,,,,28,,,,,,0,,,,,,,,,,,,,,,,,,,,,,,,,,,,
2013-12-11,Z300NKT3,ST4000DM000,4000787030016,0,,156200816,,,,,,,,0,,,,,,105,,,,,,,,,,,,,,,,,,,,,,,,,,,,,,23,,,,,,0,,,,,,,,,,,,,,,,,,,,,,,,,,,,
2013-12-11,Z300NKTL,ST4000DM000,4000787030016,0,,198489560,,,,,,,,0,,,,,,1232,,,,,,,,,,,,,,,,,,,,,,,,,,,,,,17,,,,,,0,,,,,,,,,,,,,,,,,,,,,,,,,,,,
2013-12-11,S13PJDWS343088,SAMSUNG HD103UJ,1000204886016,0,,0,,,,,,,,0,,,,,,35632,,,,,,,,,,,,,,,,,,,,,,,,,,,,,,22,,,,,,0,,,,,,,,,,,,,,,,,,,,,,,,,,,,
2013-12-11,JK1171YAK20GNN,Hitachi HDS722020ALA330,2000398934016,0,,131074,,,,,,,,0,,,,,,29668,,,,,,,,,,,,,,,,,,,,,,,,,,,,,,32,,,,,,0,,,,,,,,,,,,,,,,,,,,,,,,,,,,
2013-12-11,PL1311LAG20UUA,Hitachi HDS5C4040ALE630,4000787030016,0,,0,,,,,,,,0,,,,,,7759,,,,,,,,,,,,,,,,,,,,,,,,,,,,,,21,,,,,,0,,,,,,,,,,,,,,,,,,,,,,,,,,,,
2013-12-11,MJ1311YNG60WBA,Hitachi HDS5C3030ALA630,3000592982016,0,,0,,,,,,,,0,,,,,,14621,,,,,,,,,,,,,,,,,,,,,,,,,,,,,,24,,,,,,0,,,,,,,,,,,,,,,,,,,,,,,,,,,,
2013-12-11,9VS35DXX,ST31500341AS,1500301910016,0,,138435374,,,,,,,,1,,,,,,32444,,,,,,,,,,,,,,,,,,,,,,,,,,,,,,29,,,,,,0,,,,,,,,,,,,,,,,,,,,,,,,,,,,
2013-12-11,5XW2E3L3,ST32000542AS,2000398934016,0,,217180827,,,,,,,,0,,,,,,7829,,,,,,,,,,,,,,,,,,,,,,,,,,,,,,27,,,,,,0,,,,,,,,,,,,,,,,,,,,,,,,,,,,
2013-12-11,W1F0B4XM,ST3000DM001,3000592982016,0,,155123080,,,,,,,,0,,,,,,13360,,,,,,,,,,,,,,,,,,,,,,,,,,,,,,22,,,,,,0,,,,,,,,,,,,,,,,,,,,,,,,,,,,
2013-12-11,W1F03773,ST3000DM001,3000592982016,0,,159570440,,,,,,,,0,,,,,,17064,,,,,,,,,,,,,,,,,,,,,,,,,,,,,,28,,,,,,0,,,,,,,,,,,,,,,,,,,,,,,,,,,,
2013-12-11,PL1311LAG3G8BH,Hitachi HDS5C4040ALE630,4000787030016,0,,0,,,,,,,,0,,,,,,5962,,,,,,,,,,,,,,,,,,,,,,,,,,,,,,21,,,,,,0,,,,,,,,,,,,,,,,,,,,,,,,,,,,
2013-12-11,WD-WCC1T1278164,WDC WD30EFRX,3000592982016,0,,0,,,,,,,,0,,,,,,1185,,,,,,,,,,,,,,,,,,,,,,,,,,,,,,31,,,,,,0,,,,,,,,,,,,,,,,,,,,,,,,,,,,
2013-12-11,MJ1311YNG0DJEA,Hitachi HDS5C3030ALA630,3000592982016,0,,0,,,,,,,,0,,,,,,18049,,,,,,,,,,,,,,,,,,,,,,,,,,,,,,27,,,,,,0,,,,,,,,,,,,,,,,,,,,,,,,,,,,
2013-12-11,W1F0B4XZ,ST3000DM001,3000592982016,0,,55445496,,,,,,,,0,,,,,,13885,,,,,,,,,,,,,,,,,,,,,,,,,,,,,,25,,,,,,32,,,,,,,,,,,,,,,,,,,,,,,,,,,,
2013-12-11,PL2311LAG1NGKC,Hitachi HDS5C4040ALE630,4000787030016,0,,0,,,,,,,,0,,,,,,7760,,,,,,,,,,,,,,,,,,,,,,,,,,,,,,19,,,,,,0,,,,,,,,,,,,,,,,,,,,,,,,,,,,
2013-12-11,MJ1311YNG0GWSA,Hitachi HDS5C3030ALA630,3000592982016,0,,0,,,,,,,,0,,,,,,20480,,,,,,,,,,,,,,,,,,,,,,,,,,,,,,28,,,,,,0,,,,,,,,,,,,,,,,,,,,,,,,,,,,
2013-12-11,Z1F0LGVM,ST3000DM001,3000592982016,0,,109875640,,,,,,,,0,,,,,,12248,,,,,,,,,,,,,,,,,,,,,,,,,,,,,,27,,,,,,0,,,,,,,,,,,,,,,,,,,,,,,,,,,,
2013-12-11,Z1F0L4KJ,ST3000DM001,3000592982016,0,,134366680,,,,,,,,0,,,,,,12170,,,,,,,,,,,,,,,,,,,,,,,,,,,,,,28,,,,,,0,,,,,,,,,,,,,,,,,,,,,,,,,,,,
2013-12-11,S1F12XGM,ST3000DM001,3000592982016,0,,240190512,,,,,,,,0,,,,,,8022,,,,,,,,,,,,,,,,,,,,,,,,,,,,,,21,,,,,,0,,,,,,,,,,,,,,,,,,,,,,,,,,,,
2013-12-11,PL1321LAG2HNEH,Hitachi HDS5C4040ALE630,4000787030016,0,,0,,,,,,,,0,,,,,,6652,,,,,,,,,,,,,,,,,,,,,,,,,,,,,,21,,,,,,0,,,,,,,,,,,,,,,,,,,,,,,,,,,,
2013-12-11,Z1F0L4KC,ST3000DM001,3000592982016,0,,116347560,,,,,,,,0,,,,,,12180,,,,,,,,,,,,,,,,,,,,,,,,,,,,,,36,,,,,,0,,,,,,,,,,,,,,,,,,,,,,,,,,,,
2013-12-11,JK11A8B9J7WHEF,Hitachi HDS722020ALA330,2000398934016,0,,0,,,,,,,,0,,,,,,24912,,,,,,,,,,,,,,,,,,,,,,,,,,,,,,26,,,,,,0,,,,,,,,,,,,,,,,,,,,,,,,,,,,
2013-12-11,W300B368,ST4000DM000,4000787030016,0,,103793872,,,,,,,,0,,,,,,3585,,,,,,,,,,,,,,,,,,,,,,,,,,,,,,22,,,,,,0,,,,,,,,,,,,,,,,,,,,,,,,,,,,
2013-12-11,MJ0351YNGA8PGA,Hitachi HDS5C3030ALA630,3000592982016,0,,0,,,,,,,,0,,,,,,8212,,,,,,,,,,,,,,,,,,,,,,,,,,,,,,33,,,,,,0,,,,,,,,,,,,,,,,,,,,,,,,,,,,
2013-12-11,JK1101B8KNH8VS,Hitachi HDS722020ALA330,2000398934016,0,,0,,,,,,,,0,,,,,,23097,,,,,,,,,,,,,,,,,,,,,,,,,,,,,,30,,,,,,0,,,,,,,,,,,,,,,,,,,,,,,,,,,,
2013-12-11,W300L6H8,ST4000DM000,4000787030016,0,,171425744,,,,,,,,0,,,,,,799,,,,,,,,,,,,,,,,,,,,,,,,,,,,,,19,,,,,,0,,,,,,,,,,,,,,,,,,,,,,,,,,,,
2013-12-11,W300BXA6,ST4000DM000,4000787030016,0,,110062272,,,,,,,,0,,,,,,909,,,,,,,,,,,,,,,,,,,,,,,,,,,,,,22,,,,,,0,,,,,,,,,,,,,,,,,,,,,,,,,,,,
2013-12-11,MJ0351YNG9YV0A,Hitachi HDS5C3030ALA630,3000592982016,0,,0,,,,,,,,0,,,,,,9773,,,,,,,,,,,,,,,,,,,,,,,,,,,,,,30,,,,,,0,,,,,,,,,,,,,,,,,,,,,,,,,,,,
2013-12-11,9XW01TTX,ST31500541AS,1500301910016,0,,166526732,,,,,,,,458,,,,,,35747,,,,,,,,,,,,,,,,,,,,,,,,,,,,,,21,,,,,,1,,,,,,,,,,,,,,,,,,,,,,,,,,,,
2013-12-11,MJ0351YNG9WRPA,Hitachi HDS5C3030ALA630,3000592982016,0,,0,,,,,,,,65,,,,,,8870,,,,,,,,,,,,,,,,,,,,,,,,,,,,,,27,,,,,,0,,,,,,,,,,,,,,,,,,,,,,,,,,,,
2013-12-11,JK1171B9HKUSDT,Hitachi HDS722020ALA330,2000398934016,0,,0,,,,,,,,0,,,,,,25667,,,,,,,,,,,,,,,,,,,,,,,,,,,,,,24,,,,,,0,,,,,,,,,,,,,,,,,,,,,,,,,,,,
2013-12-11,MK0311YHGAPEBA,Hitachi HDS723030ALA640,3000592982016,0,,0,,,,,,,,0,,,,,,17018,,,,,,,,,,,,,,,,,,,,,,,,,,,,,,27,,,,,,0,,,,,,,,,,,,,,,,,,,,,,,,,,,,
2013-12-11,JK1105B8GA231X,Hitachi HDS722020ALA330,2000398934016,0,,0,,,,,,,,0,,,,,,26859,,,,,,,,,,,,,,,,,,,,,,,,,,,,,,35,,,,,,0,,,,,,,,,,,,,,,,,,,,,,,,,,,,
2013-12-11,WD-WCAWZ0674027,WDC WD30EZRX,3000592982016,0,,0,,,,,,,,0,,,,,,17611,,,,,,,,,,,,,,,,,,,,,,,,,,,,,,21,,,,,,1,,,,,,,,,,,,,,,,,,,,,,,,,,,,
2013-12-11,MK0303YHGLLJWC,Hitachi HDS723030ALA640,3000592982016,0,,0,,,,,,,,0,,,,,,17036,,,,,,,,,,,,,,,,,,,,,,,,,,,,,,25,,,,,,0,,,,,,,,,,,,,,,,,,,,,,,,,,,,
2013-12-11,MJ1321YNG0K6TA,Hitachi HDS5C3030ALA630,3000592982016,0,,196635,,,,,,,,0,,,,,,20507,,,,,,,,,,,,,,,,,,,,,,,,,,,,,,23,,,,,,0,,,,,,,,,,,,,,,,,,,,,,,,,,,,
2013-12-11,MJ0351YNG9TU5A,Hitachi HDS5C3030ALA630,3000592982016,0,,0,,,,,,,,0,,,,,,9974,,,,,,,,,,,,,,,,,,,,,,,,,,,,,,26,,,,,,0,,,,,,,,,,,,,,,,,,,,,,,,,,,,
2013-12-11,PL1311LAG27YRH,Hitachi HDS5C4040ALE630,4000787030016,0,,0,,,,,,,,0,,,,,,6074,,,,,,,,,,,,,,,,,,,,,,,,,,,,,,17,,,,,,0,,,,,,,,,,,,,,,,,,,,,,,,,,,,
2013-12-11,JK11A4B8J1HK2W,Hitachi HDS722020ALA330,2000398934016,0,,0,,,,,,,,0,,,,,,26011,,,,,,,,,,,,,,,,,,,,,,,,,,,,,,29,,,,,,0,,,,,,,,,,,,,,,,,,,,,,,,,,,,
2013-12-11,Z290VGZE,ST33000651AS,3000592982016,0,,203484170,,,,,,,,0,,,,,,17740,,,,,,,,,,,,,,,,,,,,,,,,,,,,,,25,,,,,,0,,,,,,,,,,,,,,,,,,,,,,,,,,,,
2013-12-11,MJ1321YNG08E5A,Hitachi HDS5C3030ALA630,3000592982016,0,,0,,,,,,,,0,,,,,,18596,,,,,,,,,,,,,,,,,,,,,,,,,,,,,,24,,,,,,0,,,,,,,,,,,,,,,,,,,,,,,,,,,,
2013-12-11,JK11A8B9J7NVHF,Hitachi HDS722020ALA330,2000398934016,0,,1,,,,,,,,5,,,,,,25541,,,,,,,,,,,,,,,,,,,,,,,,,,,,,,29,,,,,,0,,,,,,,,,,,,,,,,,,,,,,,,,,,,
2013-12-11,PL1321LAG33Y6H,Hitachi HDS5C4040ALE630,4000787030016,0,,0,,,,,,,,0,,,,,,2981,,,,,,,,,,,,,,,,,,,,,,,,,,,,,,25,,,,,,0,,,,,,,,,,,,,,,,,,,,,,,,,,,,
2013-12-11,PL1311LAG38ZAH,Hitachi HDS5C4040ALE630,4000787030016,0,,0,,,,,,,,0,,,,,,5931,,,,,,,,,,,,,,,,,,,,,,,,,,,,,,27,,,,,,0,,,,,,,,,,,,,,,,,,,,,,,,,,,,
2013-12-11,W1F0973Z,ST3000DM001,3000592982016,0,,12751200,,,,,,,,0,,,,,,13857,,,,,,,,,,,,,,,,,,,,,,,,,,,,,,27,,,,,,0,,,,,,,,,,,,,,,,,,,,,,,,,,,,
2013-12-11,Z300K9VY,ST4000DM000,4000787030016,0,,72513416,,,,,,,,0,,,,,,2218,,,,,,,,,,,,,,,,,,,,,,,,,,,,,,23,,,,,,0,,,,,,,,,,,,,,,,,,,,,,,,,,,,
2013-12-11,Z300JAA2,ST4000DM000,4000787030016,0,,154038024,,,,,,,,0,,,,,,2241,,,,,,,,,,,,,,,,,,,,,,,,,,,,,,21,,,,,,0,,,,,,,,,,,,,,,,,,,,,,,,,,,,
2013-12-11,MK0311YHGK10XA,Hitachi HDS723030ALA640,3000592982016,0,,0,,,,,,,,0,,,,,,16734,,,,,,,,,,,,,,,,,,,,,,,,,,,,,,29,,,,,,0,,,,,,,,,,,,,,,,,,,,,,,,,,,,
2013-12-11,6XW038WM,ST31500541AS,1500301910016,0,,11658232,,,,,,,,0,,,,,,35784,,,,,,,,,,,,,,,,,,,,,,,,,,,,,,18,,,,,,0,,,,,,,,,,,,,,,,,,,,,,,,,,,,
2013-12-11,Z1F1AD0M,ST3000DM001,3000592982016,0,,163499928,,,,,,,,0,,,,,,7215,,,,,,,,,,,,,,,,,,,,,,,,,,,,,,26,,,,,,0,,,,,,,,,,,,,,,,,,,,,,,,,,,,
2013-12-11,Z300KLGV,ST4000DM000,4000787030016,0,,181306584,,,,,,,,0,,,,,,2218,,,,,,,,,,,,,,,,,,,,,,,,,,,,,,23,,,,,,0,,,,,,,,,,,,,,,,,,,,,,,,,,,,
2013-12-11,JK11A8B9J7HRBF,Hitachi HDS722020ALA330,2000398934016,0,,0,,,,,,,,0,,,,,,23576,,,,,,,,,,,,,,,,,,,,,,,,,,,,,,27,,,,,,0,,,,,,,,,,,,,,,,,,,,,,,,,,,,
2013-12-11,W300D4JB,ST4000DM000,4000787030016,0,,147160832,,,,,,,,0,,,,,,4136,,,,,,,,,,,,,,,,,,,,,,,,,,,,,,22,,,,,,0,,,,,,,,,,,,,,,,,,,,,,,,,,,,
2013-12-11,W300D4JG,ST4000DM000,4000787030016,0,,129761792,,,,,,,,0,,,,,,4163,,,,,,,,,,,,,,,,,,,,,,,,,,,,,,23,,,,,,0,,,,,,,,,,,,,,,,,,,,,,,,,,,,
2013-12-11,MJ0351YNGA6P4A,Hitachi HDS5C3030ALA630,3000592982016,0,,0,,,,,,,,0,,,,,,9129,,,,,,,,,,,,,,,,,,,,,,,,,,,,,,28,,,,,,0,,,,,,,,,,,,,,,,,,,,,,,,,,,,
2013-12-11,MJ0351YNG9WALA,Hitachi HDS5C3030ALA630,3000592982016,0,,0,,,,,,,,0,,,,,,9939,,,,,,,,,,,,,,,,,,,,,,,,,,,,,,24,,,,,,0,,,,,,,,,,,,,,,,,,,,,,,,,,,,
2013-12-11,MJ1323YNG1SE5C,Hitachi HDS5C3030ALA630,3000592982016,0,,0,,,,,,,,0,,,,,,20082,,,,,,,,,,,,,,,,,,,,,,,,,,,,,,35,,,,,,0,,,,,,,,,,,,,,,,,,,,,,,,,,,,
2013-12-11,6XW038WQ,ST31500541AS,1500301910016,0,,107025685,,,,,,,,0,,,,,,34171,,,,,,,,,,,,,,,,,,,,,,,,,,,,,,19,,,,,,0,,,,,,,,,,,,,,,,,,,,,,,,,,,,
2013-12-11,MK0301YHGN67ZD,Hitachi HDS723030ALA640,3000592982016,0,,0,,,,,,,,0,,,,,,16680,,,,,,,,,,,,,,,,,,,,,,,,,,,,,,23,,,,,,0,,,,,,,,,,,,,,,,,,,,,,,,,,,,
2013-12-11,S1F135F3,ST3000DM001,3000592982016,0,,179848736,,,,,,,,0,,,,,,8210,,,,,,,,,,,,,,,,,,,,,,,,,,,,,,26,,,,,,0,,,,,,,,,,,,,,,,,,,,,,,,,,,,
2013-12-11,MJ1323YNG108LC,Hitachi HDS5C3030ALA630,3000592982016,0,,0,,,,,,,,0,,,,,,19767,,,,,,,,,,,,,,,,,,,,,,,,,,,,,,25,,,,,,0,,,,,,,,,,,,,,,,,,,,,,,,,,,,
2013-12-11,MJ1311YNG02TGA,Hitachi HDS5C3030ALA630,3000592982016,0,,0,,,,,,,,0,,,,,,14600,,,,,,,,,,,,,,,,,,,,,,,,,,,,,,23,,,,,,0,,,,,,,,,,,,,,,,,,,,,,,,,,,,
2013-12-11,JK11A8B9GP3M2F,Hitachi HDS722020ALA330,2000398934016,0,,0,,,,,,,,0,,,,,,26763,,,,,,,,,,,,,,,,,,,,,,,,,,,,,,24,,,,,,0,,,,,,,,,,,,,,,,,,,,,,,,,,,,
2013-12-11,MJ0351YNG92ERA,Hitachi HDS5C3030ALA630,3000592982016,0,,0,,,,,,,,0,,,,,,9941,,,,,,,,,,,,,,,,,,,,,,,,,,,,,,24,,,,,,0,,,,,,,,,,,,,,,,,,,,,,,,,,,,
2013-12-11,6XW038W8,ST31500541AS,1500301910016,0,,181950505,,,,,,,,0,,,,,,36623,,,,,,,,,,,,,,,,,,,,,,,,,,,,,,26,,,,,,0,,,,,,,,,,,,,,,,,,,,,,,,,,,,
2013-12-11,6XW038W7,ST31500541AS,1500301910016,0,,142178405,,,,,,,,0,,,,,,35784,,,,,,,,,,,,,,,,,,,,,,,,,,,,,,22,,,,,,0,,,,,,,,,,,,,,,,,,,,,,,,,,,,
2013-12-11,MJ1321YNG0DY2A,Hitachi HDS5C3030ALA630,3000592982016,0,,0,,,,,,,,0,,,,,,20503,,,,,,,,,,,,,,,,,,,,,,,,,,,,,,24,,,,,,0,,,,,,,,,,,,,,,,,,,,,,,,,,,,
2013-12-11,W1F09731,ST3000DM001,3000592982016,0,,117061208,,,,,,,,0,,,,,,13371,,,,,,,,,,,,,,,,,,,,,,,,,,,,,,23,,,,,,8,,,,,,,,,,,,,,,,,,,,,,,,,,,,
2013-12-11,MJ0351YNG9VAJA,Hitachi HDS5C3030ALA630,3000592982016,0,,0,,,,,,,,0,,,,,,9941,,,,,,,,,,,,,,,,,,,,,,,,,,,,,,27,,,,,,0,,,,,,,,,,,,,,,,,,,,,,,,,,,,
2013-12-11,Z300W5EY,ST4000DM000,4000787030016,0,,20867008,,,,,,,,0,,,,,,918,,,,,,,,,,,,,,,,,,,,,,,,,,,,,,18,,,,,,0,,,,,,,,,,,,,,,,,,,,,,,,,,,,
2013-12-11,Z300W5ET,ST4000DM000,4000787030016,0,,54302888,,,,,,,,0,,,,,,945,,,,,,,,,,,,,,,,,,,,,,,,,,,,,,24,,,,,,0,,,,,,,,,,,,,,,,,,,,,,,,,,,,
2013-12-11,PL1311LAG26N7A,Hitachi HDS5C4040ALE630,4000787030016,0,,0,,,,,,,,0,,,,,,6074,,,,,,,,,,,,,,,,,,,,,,,,,,,,,,17,,,,,,0,,,,,,,,,,,,,,,,,,,,,,,,,,,,
2013-12-11,S1F0CS10,ST3000DM001,3000592982016,0,,153514456,,,,,,,,0,,,,,,12398,,,,,,,,,,,,,,,,,,,,,,,,,,,,,,26,,,,,,0,,,,,,,,,,,,,,,,,,,,,,,,,,,,
2013-12-11,JK1170YAJDALYT,Hitachi HDS722020ALA330,2000398934016,0,,0,,,,,,,,0,,,,,,27872,,,,,,,,,,,,,,,,,,,,,,,,,,,,,,26,,,,,,0,,,,,,,,,,,,,,,,,,,,,,,,,,,,
2013-12-11,PL1321LAG2Y75H,Hitachi HDS5C4040ALE630,4000787030016,0,,0,,,,,,,,0,,,,,,6652,,,,,,,,,,,,,,,,,,,,,,,,,,,,,,22,,,,,,0,,,,,,,,,,,,,,,,,,,,,,,,,,,,
2013-12-11,Z300GQ56,ST4000DM000,4000787030016,0,,159167848,,,,,,,,0,,,,,,3346,,,,,,,,,,,,,,,,,,,,,,,,,,,,,,17,,,,,,0,,,,,,,,,,,,,,,,,,,,,,,,,,,,
2013-12-11,PL1311LAG38HGH,Hitachi HDS5C4040ALE630,4000787030016,0,,0,,,,,,,,0,,,,,,6637,,,,,,,,,,,,,,,,,,,,,,,,,,,,,,27,,,,,,0,,,,,,,,,,,,,,,,,,,,,,,,,,,,
2013-12-11,JK11A8B9J3B1ZF,Hitachi HDS722020ALA330,2000398934016,0,,0,,,,,,,,0,,,,,,23819,,,,,,,,,,,,,,,,,,,,,,,,,,,,,,29,,,,,,0,,,,,,,,,,,,,,,,,,,,,,,,,,,,
2013-12-11,Z300JAAV,ST4000DM000,4000787030016,0,,220342120,,,,,,,,0,,,,,,2221,,,,,,,,,,,,,,,,,,,,,,,,,,,,,,25,,,,,,0,,,,,,,,,,,,,,,,,,,,,,,,,,,,
2013-12-11,MJ1311YNG5ZSPA,Hitachi HDS5C3030ALA630,3000592982016,0,,0,,,,,,,,0,,,,,,14681,,,,,,,,,,,,,,,,,,,,,,,,,,,,,,29,,,,,,0,,,,,,,,,,,,,,,,,,,,,,,,,,,,
2013-12-11,JK11A5B8J7SLRX,Hitachi HDS722020ALA330,2000398934016,0,,0,,,,,,,,0,,,,,,22698,,,,,,,,,,,,,,,,,,,,,,,,,,,,,,25,,,,,,0,,,,,,,,,,,,,,,,,,,,,,,,,,,,
2013-12-11,Z300GQ55,ST4000DM000,4000787030016,0,,20081024,,,,,,,,0,,,,,,3346,,,,,,,,,,,,,,,,,,,,,,,,,,,,,,20,,,,,,0,,,,,,,,,,,,,,,,,,,,,,,,,,,,
2013-12-11,PL1311LAG38RYH,Hitachi HDS5C4040ALE630,4000787030016,0,,0,,,,,,,,0,,,,,,5058,,,,,,,,,,,,,,,,,,,,,,,,,,,,,,29,,,,,,0,,,,,,,,,,,,,,,,,,,,,,,,,,,,
2013-12-11,MJ1311YNG3X0ZA,Hitachi HDS5C3030ALA630,3000592982016,0,,0,,,,,,,,0,,,,,,20730,,,,,,,,,,,,,,,,,,,,,,,,,,,,,,32,,,,,,0,,,,,,,,,,,,,,,,,,,,,,,,,,,,
2013-12-11,MJ1311YNG3G03A,Hitachi HDS5C3030ALA630,3000592982016,0,,0,,,,,,,,0,,,,,,18201,,,,,,,,,,,,,,,,,,,,,,,,,,,,,,29,,,,,,0,,,,,,,,,,,,,,,,,,,,,,,,,,,,
2013-12-11,S1F03DQ5,ST3000DM001,3000592982016,0,,18949904,,,,,,,,0,,,,,,15454,,,,,,,,,,,,,,,,,,,,,,,,,,,,,,20,,,,,,0,,,,,,,,,,,,,,,,,,,,,,,,,,,,
2013-12-11,W3004YKJ,ST4000DM000,4000787030016,0,,39616392,,,,,,,,0,,,,,,2844,,,,,,,,,,,,,,,,,,,,,,,,,,,,,,23,,,,,,0,,,,,,,,,,,,,,,,,,,,,,,,,,,,
2013-12-11,MJ1323YNG1N96C,Hitachi HDS5C3030ALA630,3000592982016,0,,0,,,,,,,,0,,,,,,19748,,,,,,,,,,,,,,,,,,,,,,,,,,,,,,23,,,,,,0,,,,,,,,,,,,,,,,,,,,,,,,,,,,
2013-12-11,JK11A8B9J84B7F,Hitachi HDS722020ALA330,2000398934016,0,,0,,,,,,,,0,,,,,,25125,,,,,,,,,,,,,,,,,,,,,,,,,,,,,,29,,,,,,0,,,,,,,,,,,,,,,,,,,,,,,,,,,,
2013-12-11,6XW00SBP,ST31500541AS,1500301910016,0,,33410784,,,,,,,,0,,,,,,37053,,,,,,,,,,,,,,,,,,,,,,,,,,,,,,23,,,,,,0,,,,,,,,,,,,,,,,,,,,,,,,,,,,
2013-12-11,W1F0JA9T,ST3000DM001,3000592982016,0,,160158816,,,,,,,,0,,,,,,11612,,,,,,,,,,,,,,,,,,,,,,,,,,,,,,27,,,,,,0,,,,,,,,,,,,,,,,,,,,,,,,,,,,
2013-12-11,JK1101B9JNT58U,Hitachi HDS722020ALA330,2000398934016,0,,0,,,,,,,,0,,,,,,24305,,,,,,,,,,,,,,,,,,,,,,,,,,,,,,26,,,,,,0,,,,,,,,,,,,,,,,,,,,,,,,,,,,
2013-12-11,JK11A8B9J30LYF,Hitachi HDS722020ALA330,2000398934016,0,,65537,,,,,,,,0,,,,,,24462,,,,,,,,,,,,,,,,,,,,,,,,,,,,,,27,,,,,,0,,,,,,,,,,,,,,,,,,,,,,,,,,,,
2013-12-11,W3005YCR,ST4000DM000,4000787030016,0,,45170392,,,,,,,,0,,,,,,2893,,,,,,,,,,,,,,,,,,,,,,,,,,,,,,24,,,,,,0,,,,,,,,,,,,,,,,,,,,,,,,,,,,
2013-12-11,JK11A8B9J72GJF,Hitachi HDS722020ALA330,2000398934016,0,,0,,,,,,,,0,,,,,,22686,,,,,,,,,,,,,,,,,,,,,,,,,,,,,,27,,,,,,0,,,,,,,,,,,,,,,,,,,,,,,,,,,,
2013-12-11,Z1F0NVZA,ST3000DM001,3000592982016,0,,122613888,,,,,,,,0,,,,,,7988,,,,,,,,,,,,,,,,,,,,,,,,,,,,,,18,,,,,,0,,,,,,,,,,,,,,,,,,,,,,,,,,,,
2013-12-11,PL1321LAG36GLH,Hitachi HDS5C4040ALE630,4000787030016,0,,0,,,,,,,,0,,,,,,5670,,,,,,,,,,,,,,,,,,,,,,,,,,,,,,19,,,,,,0,,,,,,,,,,,,,,,,,,,,,,,,,,,,
2013-12-11,6XW17LZP,ST32000542AS,2000398934016,0,,30417946,,,,,,,,0,,,,,,17230,,,,,,,,,,,,,,,,,,,,,,,,,,,,,,22,,,,,,0,,,,,,,,,,,,,,,,,,,,,,,,,,,,
2013-12-11,PL1311LAG39UYH,Hitachi HDS5C4040ALE630,4000787030016,0,,0,,,,,,,,0,,,,,,5058,,,,,,,,,,,,,,,,,,,,,,,,,,,,,,31,,,,,,0,,,,,,,,,,,,,,,,,,,,,,,,,,,,
2013-12-11,MJ1321YNG0XK3A,Hitachi HDS5C3030ALA630,3000592982016,0,,0,,,,,,,,0,,,,,,20729,,,,,,,,,,,,,,,,,,,,,,,,,,,,,,30,,,,,,0,,,,,,,,,,,,,,,,,,,,,,,,,,,,
2013-12-11,W1F0ADT1,ST3000DM001,3000592982016,0,,126592896,,,,,,,,0,,,,,,15365,,,,,,,,,,,,,,,,,,,,,,,,,,,,,,21,,,,,,0,,,,,,,,,,,,,,,,,,,,,,,,,,,,
2013-12-11,MJ1311YNG27G3A,Hitachi HDS5C3030ALA630,3000592982016,0,,0,,,,,,,,0,,,,,,18067,,,,,,,,,,,,,,,,,,,,,,,,,,,,,,29,,,,,,0,,,,,,,,,,,,,,,,,,,,,,,,,,,,
2013-12-11,PL1311LAG3BRLH,Hitachi HDS5C4040ALE630,4000787030016,0,,0,,,,,,,,0,,,,,,5962,,,,,,,,,,,,,,,,,,,,,,,,,,,,,,21,,,,,,0,,,,,,,,,,,,,,,,,,,,,,,,,,,,
2013-12-11,WD-WCAWZ0806533,WDC WD30EZRX,3000592982016,0,,0,,,,,,,,0,,,,,,16978,,,,,,,,,,,,,,,,,,,,,,,,,,,,,,20,,,,,,1,,,,,,,,,,,,,,,,,,,,,,,,,,,,
2013-12-11,Z300CW6C,ST4000DM000,4000787030016,0,,133886600,,,,,,,,0,,,,,,2225,,,,,,,,,,,,,,,,,,,,,,,,,,,,,,24,,,,,,0,,,,,,,,,,,,,,,,,,,,,,,,,,,,
2013-12-11,S1F04A26,ST3000DM001,3000592982016,0,,131737360,,,,,,,,0,,,,,,15191,,,,,,,,,,,,,,,,,,,,,,,,,,,,,,21,,,,,,8,,,,,,,,,,,,,,,,,,,,,,,,,,,,
2013-12-11,S1F089PE,ST3000DM001,3000592982016,0,,76515544,,,,,,,,0,,,,,,12398,,,,,,,,,,,,,,,,,,,,,,,,,,,,,,24,,,,,,0,,,,,,,,,,,,,,,,,,,,,,,,,,,,
2013-12-11,W3005SST,ST4000DM000,4000787030016,0,,123140592,,,,,,,,0,,,,,,2680,,,,,,,,,,,,,,,,,,,,,,,,,,,,,,26,,,,,,0,,,,,,,,,,,,,,,,,,,,,,,,,,,,
2013-12-11,MJ0351YNG9T41A,Hitachi HDS5C3030ALA630,3000592982016,0,,0,,,,,,,,0,,,,,,8142,,,,,,,,,,,,,,,,,,,,,,,,,,,,,,29,,,,,,0,,,,,,,,,,,,,,,,,,,,,,,,,,,,
2013-12-11,S1F0LDCY,ST3000DM001,3000592982016,0,,74809784,,,,,,,,0,,,,,,10941,,,,,,,,,,,,,,,,,,,,,,,,,,,,,,27,,,,,,0,,,,,,,,,,,,,,,,,,,,,,,,,,,,
2013-12-11,WD-WCAU45243180,WDC WD10EADS,1000204886016,0,,27,,,,,,,,0,,,,,,41572,,,,,,,,,,,,,,,,,,,,,,,,,,,,,,21,,,,,,0,,,,,,,,,,,,,,,,,,,,,,,,,,,,
2013-12-11,W30021HV,ST4000DM000,4000787030016,0,,158455880,,,,,,,,0,,,,,,2857,,,,,,,,,,,,,,,,,,,,,,,,,,,,,,23,,,,,,0,,,,,,,,,,,,,,,,,,,,,,,,,,,,
2013-12-11,JK11A8YBKYZZZF,Hitachi HDS722020ALA330,2000398934016,0,,0,,,,,,,,0,,,,,,27845,,,,,,,,,,,,,,,,,,,,,,,,,,,,,,28,,,,,,0,,,,,,,,,,,,,,,,,,,,,,,,,,,,
2013-12-11,PL1311LAG2DZ0H,Hitachi HDS5C4040ALE630,4000787030016,0,,0,,,,,,,,0,,,,,,7412,,,,,,,,,,,,,,,,,,,,,,,,,,,,,,23,,,,,,0,,,,,,,,,,,,,,,,,,,,,,,,,,,,
2013-12-11,9VS2ACLY,ST31500341AS,1500301910016,0,,204483824,,,,,,,,9,,,,,,38481,,,,,,,,,,,,,,,,,,,,,,,,,,,,,,23,,,,,,0,,,,,,,,,,,,,,,,,,,,,,,,,,,,
2013-12-11,MJ1311YNG2PT3A,Hitachi HDS5C3030ALA630,3000592982016,0,,0,,,,,,,,0,,,,,,19324,,,,,,,,,,,,,,,,,,,,,,,,,,,,,,26,,,,,,0,,,,,,,,,,,,,,,,,,,,,,,,,,,,
2013-12-11,WD-WCAV5D694797,WDC WD10EADS,1000204886016,0,,0,,,,,,,,0,,,,,,19974,,,,,,,,,,,,,,,,,,,,,,,,,,,,,,31,,,,,,0,,,,,,,,,,,,,,,,,,,,,,,,,,,,
2013-12-11,S1F0X4RC,ST3000DM001,3000592982016,0,,33380760,,,,,,,,0,,,,,,7990,,,,,,,,,,,,,,,,,,,,,,,,,,,,,,18,,,,,,0,,,,,,,,,,,,,,,,,,,,,,,,,,,,
2013-12-11,JK11A8B9J2ZA0F,Hitachi HDS722020ALA330,2000398934016,0,,0,,,,,,,,0,,,,,,24501,,,,,,,,,,,,,,,,,,,,,,,,,,,,,,31,,,,,,0,,,,,,,,,,,,,,,,,,,,,,,,,,,,
2013-12-11,WD-WCAU45665052,WDC WD10EADS,1000204886016,0,,0,,,,,,,,0,,,,,,38951,,,,,,,,,,,,,,,,,,,,,,,,,,,,,,26,,,,,,0,,,,,,,,,,,,,,,,,,,,,,,,,,,,
2013-12-11,PL1321LAG34LJH,Hitachi HDS5C4040ALE630,4000787030016,0,,0,,,,,,,,0,,,,,,6619,,,,,,,,,,,,,,,,,,,,,,,,,,,,,,28,,,,,,0,,,,,,,,,,,,,,,,,,,,,,,,,,,,
2013-12-11,WD-WMC1T0872679,WDC WD30EFRX,3000592982016,0,,0,,,,,,,,0,,,,,,3486,,,,,,,,,,,,,,,,,,,,,,,,,,,,,,25,,,,,,0,,,,,,,,,,,,,,,,,,,,,,,,,,,,
2013-12-11,JK11A8B9J8X5EF,Hitachi HDS722020ALA330,2000398934016,0,,0,,,,,,,,0,,,,,,24493,,,,,,,,,,,,,,,,,,,,,,,,,,,,,,26,,,,,,0,,,,,,,,,,,,,,,,,,,,,,,,,,,,
2013-12-11,JK1101B9JN56LT,Hitachi HDS722020ALA330,2000398934016,0,,0,,,,,,,,0,,,,,,23990,,,,,,,,,,,,,,,,,,,,,,,,,,,,,,28,,,,,,0,,,,,,,,,,,,,,,,,,,,,,,,,,,,
2013-12-11,W3002G61,ST4000DM000,4000787030016,0,,24141832,,,,,,,,0,,,,,,2243,,,,,,,,,,,,,,,,,,,,,,,,,,,,,,19,,,,,,0,,,,,,,,,,,,,,,,,,,,,,,,,,,,
2013-12-11,MJ1323YNG16JWC,Hitachi HDS5C3030ALA630,3000592982016,0,,0,,,,,,,,0,,,,,,20729,,,,,,,,,,,,,,,,,,,,,,,,,,,,,,31,,,,,,0,,,,,,,,,,,,,,,,,,,,,,,,,,,,
2013-12-11,WD-WMC1T1114280,WDC WD30EFRX,3000592982016,0,,0,,,,,,,,0,,,,,,8840,,,,,,,,,,,,,,,,,,,,,,,,,,,,,,28,,,,,,0,,,,,,,,,,,,,,,,,,,,,,,,,,,,
2013-12-11,Z29050WY,ST33000651AS,3000592982016,0,,68628286,,,,,,,,0,,,,,,17050,,,,,,,,,,,,,,,,,,,,,,,,,,,,,,26,,,,,,0,,,,,,,,,,,,,,,,,,,,,,,,,,,,
2013-12-11,Z1F0KKGN,ST3000DM001,3000592982016,0,,199913288,,,,,,,,0,,,,,,12174,,,,,,,,,,,,,,,,,,,,,,,,,,,,,,32,,,,,,8,,,,,,,,,,,,,,,,,,,,,,,,,,,,
2013-12-11,PL1311LAG2NG3H,Hitachi HDS5C4040ALE630,4000787030016,0,,0,,,,,,,,0,,,,,,3631,,,,,,,,,,,,,,,,,,,,,,,,,,,,,,26,,,,,,0,,,,,,,,,,,,,,,,,,,,,,,,,,,,
2013-12-11,JK11A8B9J7R0UF,Hitachi HDS722020ALA330,2000398934016,0,,0,,,,,,,,0,,,,,,25584,,,,,,,,,,,,,,,,,,,,,,,,,,,,,,25,,,,,,0,,,,,,,,,,,,,,,,,,,,,,,,,,,,
2013-12-11,S1F101SP,ST3000DM001,3000592982016,0,,109767144,,,,,,,,0,,,,,,8651,,,,,,,,,,,,,,,,,,,,,,,,,,,,,,29,,,,,,0,,,,,,,,,,,,,,,,,,,,,,,,,,,,
2013-12-11,9XW02EPN,ST31500541AS,1500301910016,0,,193910302,,,,,,,,0,,,,,,28185,,,,,,,,,,,,,,,,,,,,,,,,,,,,,,23,,,,,,0,,,,,,,,,,,,,,,,,,,,,,,,,,,,
2013-12-11,Z300PM08,ST4000DM000,4000787030016,0,,164693976,,,,,,,,0,,,,,,1233,,,,,,,,,,,,,,,,,,,,,,,,,,,,,,22,,,,,,0,,,,,,,,,,,,,,,,,,,,,,,,,,,,
2013-12-11,Z300MHCJ,ST4000DM000,4000787030016,0,,111103648,,,,,,,,0,,,,,,2844,,,,,,,,,,,,,,,,,,,,,,,,,,,,,,27,,,,,,0,,,,,,,,,,,,,,,,,,,,,,,,,,,,
2013-12-11,Z300PM07,ST4000DM000,4000787030016,0,,5018488,,,,,,,,0,,,,,,1142,,,,,,,,,,,,,,,,,,,,,,,,,,,,,,26,,,,,,0,,,,,,,,,,,,,,,,,,,,,,,,,,,,
2013-12-11,MJ1311YNG14L3A,Hitachi HDS5C3030ALA630,3000592982016,0,,0,,,,,,,,0,,,,,,20733,,,,,,,,,,,,,,,,,,,,,,,,,,,,,,25,,,,,,0,,,,,,,,,,,,,,,,,,,,,,,,,,,,
2013-12-11,W300C55V,ST4000DM000,4000787030016,0,,216416704,,,,,,,,0,,,,,,4136,,,,,,,,,,,,,,,,,,,,,,,,,,,,,,20,,,,,,0,,,,,,,,,,,,,,,,,,,,,,,,,,,,
2013-12-11,S1F06D3P,ST3000DM001,3000592982016,0,,201892288,,,,,,,,0,,,,,,13747,,,,,,,,,,,,,,,,,,,,,,,,,,,,,,23,,,,,,0,,,,,,,,,,,,,,,,,,,,,,,,,,,,
2013-12-11,PL1321LAG31XEH,Hitachi HDS5C4040ALE630,4000787030016,0,,0,,,,,,,,0,,,,,,6652,,,,,,,,,,,,,,,,,,,,,,,,,,,,,,22,,,,,,0,,,,,,,,,,,,,,,,,,,,,,,,,,,,
2013-12-11,PL1321LAG2XPLH,Hitachi HDS5C4040ALE630,4000787030016,0,,0,,,,,,,,0,,,,,,6650,,,,,,,,,,,,,,,,,,,,,,,,,,,,,,22,,,,,,0,,,,,,,,,,,,,,,,,,,,,,,,,,,,
2013-12-11,6XW0VV3S,ST31500541AS,1500301910016,0,,220489223,,,,,,,,0,,,,,,33843,,,,,,,,,,,,,,,,,,,,,,,,,,,,,,21,,,,,,0,,,,,,,,,,,,,,,,,,,,,,,,,,,,
2013-12-11,MJ1311YNG3LJ0A,Hitachi HDS5C3030ALA630,3000592982016,0,,0,,,,,,,,13,,,,,,14683,,,,,,,,,,,,,,,,,,,,,,,,,,,,,,16,,,,,,0,,,,,,,,,,,,,,,,,,,,,,,,,,,,
2013-12-11,Z300DM26,ST4000DM000,4000787030016,0,,114108744,,,,,,,,0,,,,,,2261,,,,,,,,,,,,,,,,,,,,,,,,,,,,,,22,,,,,,0,,,,,,,,,,,,,,,,,,,,,,,,,,,,
2013-12-11,Z3008NL2,ST4000DM000,4000787030016,0,,243879032,,,,,,,,0,,,,,,2257,,,,,,,,,,,,,,,,,,,,,,,,,,,,,,25,,,,,,0,,,,,,,,,,,,,,,,,,,,,,,,,,,,
2013-12-11,W300D522,ST4000DM000,4000787030016,0,,227633104,,,,,,,,0,,,,,,4136,,,,,,,,,,,,,,,,,,,,,,,,,,,,,,23,,,,,,0,,,,,,,,,,,,,,,,,,,,,,,,,,,,
2013-12-11,JK1171B8GNNRZS,Hitachi HDS722020ALA330,2000398934016,0,,0,,,,,,,,0,,,,,,26480,,,,,,,,,,,,,,,,,,,,,,,,,,,,,,25,,,,,,0,,,,,,,,,,,,,,,,,,,,,,,,,,,,
2013-12-11,JK1130YAHDGDUT,Hitachi HDS722020ALA330,2000398934016,0,,524298,,,,,,,,0,,,,,,30171,,,,,,,,,,,,,,,,,,,,,,,,,,,,,,28,,,,,,0,,,,,,,,,,,,,,,,,,,,,,,,,,,,
2013-12-11,PL1321LAGAVP8H,Hitachi HDS5C4040ALE630,4000787030016,0,,0,,,,,,,,0,,,,,,5066,,,,,,,,,,,,,,,,,,,,,,,,,,,,,,28,,,,,,0,,,,,,,,,,,,,,,,,,,,,,,,,,,,
2013-12-11,JK11A8B9J3A33F,Hitachi HDS722020ALA330,2000398934016,0,,0,,,,,,,,0,,,,,,22415,,,,,,,,,,,,,,,,,,,,,,,,,,,,,,23,,,,,,0,,,,,,,,,,,,,,,,,,,,,,,,,,,,
2013-12-11,W300D52W,ST4000DM000,4000787030016,0,,68590080,,,,,,,,0,,,,,,3238,,,,,,,,,,,,,,,,,,,,,,,,,,,,,,17,,,,,,0,,,,,,,,,,,,,,,,,,,,,,,,,,,,
2013-12-11,Z300PM0K,ST4000DM000,4000787030016,0,,195231032,,,,,,,,0,,,,,,1229,,,,,,,,,,,,,,,,,,,,,,,,,,,,,,21,,,,,,0,,,,,,,,,,,,,,,,,,,,,,,,,,,,
2013-12-11,PL2311LAG1R4NC,Hitachi HDS5C4040ALE630,4000787030016,0,,0,,,,,,,,0,,,,,,7757,,,,,,,,,,,,,,,,,,,,,,,,,,,,,,27,,,,,,0,,,,,,,,,,,,,,,,,,,,,,,,,,,,
2013-12-11,Z300PM0A,ST4000DM000,4000787030016,0,,240382840,,,,,,,,0,,,,,,1228,,,,,,,,,,,,,,,,,,,,,,,,,,,,,,19,,,,,,0,,,,,,,,,,,,,,,,,,,,,,,,,,,,
2013-12-11,6XW00X13,ST31500541AS,1500301910016,0,,227339593,,,,,,,,0,,,,,,36935,,,,,,,,,,,,,,,,,,,,,,,,,,,,,,22,,,,,,0,,,,,,,,,,,,,,,,,,,,,,,,,,,,
2013-12-11,Z300PM0T,ST4000DM000,4000787030016,0,,178020040,,,,,,,,0,,,,,,1094,,,,,,,,,,,,,,,,,,,,,,,,,,,,,,22,,,,,,0,,,,,,,,,,,,,,,,,,,,,,,,,,,,
2013-12-11,Z300PM0W,ST4000DM000,4000787030016,0,,41152048,,,,,,,,0,,,,,,1231,,,,,,,,,,,,,,,,,,,,,,,,,,,,,,18,,,,,,0,,,,,,,,,,,,,,,,,,,,,,,,,,,,
2013-12-11,Z300TM0E,ST4000DM000,4000787030016,0,,186190720,,,,,,,,0,,,,,,918,,,,,,,,,,,,,,,,,,,,,,,,,,,,,,21,,,,,,0,,,,,,,,,,,,,,,,,,,,,,,,,,,,
2013-12-11,MJ1311YNG3JJ0A,Hitachi HDS5C3030ALA630,3000592982016,0,,0,,,,,,,,0,,,,,,19252,,,,,,,,,,,,,,,,,,,,,,,,,,,,,,26,,,,,,0,,,,,,,,,,,,,,,,,,,,,,,,,,,,
2013-12-11,JK11A8B9GL8ZXF,Hitachi HDS722020ALA330,2000398934016,0,,1,,,,,,,,0,,,,,,26493,,,,,,,,,,,,,,,,,,,,,,,,,,,,,,28,,,,,,0,,,,,,,,,,,,,,,,,,,,,,,,,,,,
2013-12-11,W3008BYE,ST4000DM000,4000787030016,0,,21948120,,,,,,,,0,,,,,,4140,,,,,,,,,,,,,,,,,,,,,,,,,,,,,,23,,,,,,0,,,,,,,,,,,,,,,,,,,,,,,,,,,,
2013-12-11,MJ1311YNG3KYUA,Hitachi HDS5C3030ALA630,3000592982016,0,,0,,,,,,,,0,,,,,,19310,,,,,,,,,,,,,,,,,,,,,,,,,,,,,,25,,,,,,0,,,,,,,,,,,,,,,,,,,,,,,,,,,,
2013-12-11,6XW04LM1,ST31500541AS,1500301910016,0,,158409004,,,,,,,,0,,,,,,37067,,,,,,,,,,,,,,,,,,,,,,,,,,,,,,27,,,,,,0,,,,,,,,,,,,,,,,,,,,,,,,,,,,
2013-12-11,JK11A8B9HZTN8R,Hitachi HDS722020ALA330,2000398934016,0,,0,,,,,,,,0,,,,,,26328,,,,,,,,,,,,,,,,,,,,,,,,,,,,,,27,,,,,,0,,,,,,,,,,,,,,,,,,,,,,,,,,,,
2013-12-11,JK11A8B9J7M1TF,Hitachi HDS722020ALA330,2000398934016,0,,65536,,,,,,,,0,,,,,,24914,,,,,,,,,,,,,,,,,,,,,,,,,,,,,,25,,,,,,0,,,,,,,,,,,,,,,,,,,,,,,,,,,,
2013-12-11,S1F01TYA,ST3000DM001,3000592982016,0,,51290296,,,,,,,,0,,,,,,15456,,,,,,,,,,,,,,,,,,,,,,,,,,,,,,19,,,,,,0,,,,,,,,,,,,,,,,,,,,,,,,,,,,
2013-12-11,W300B60J,ST4000DM000,4000787030016,0,,37074856,,,,,,,,0,,,,,,3585,,,,,,,,,,,,,,,,,,,,,,,,,,,,,,22,,,,,,0,,,,,,,,,,,,,,,,,,,,,,,,,,,,
2013-12-11,MJ0351YNGA8M3A,Hitachi HDS5C3030ALA630,3000592982016,0,,0,,,,,,,,0,,,,,,8612,,,,,,,,,,,,,,,,,,,,,,,,,,,,,,32,,,,,,0,,,,,,,,,,,,,,,,,,,,,,,,,,,,
2013-12-11,5XW15Q0Y,ST32000542AS,2000398934016,0,,87835264,,,,,,,,0,,,,,,6987,,,,,,,,,,,,,,,,,,,,,,,,,,,,,,24,,,,,,0,,,,,,,,,,,,,,,,,,,,,,,,,,,,
2013-12-11,MJ0351YNG9YUJA,Hitachi HDS5C3030ALA630,3000592982016,0,,0,,,,,,,,0,,,,,,9975,,,,,,,,,,,,,,,,,,,,,,,,,,,,,,25,,,,,,0,,,,,,,,,,,,,,,,,,,,,,,,,,,,
2013-12-11,9VS1H4XR,ST31500341AS,1500301910016,0,,233454782,,,,,,,,814,,,,,,40409,,,,,,,,,,,,,,,,,,,,,,,,,,,,,,32,,,,,,0,,,,,,,,,,,,,,,,,,,,,,,,,,,,
2013-12-11,JK1101B9JRAA1F,Hitachi HDS722020ALA330,2000398934016,0,,0,,,,,,,,0,,,,,,23488,,,,,,,,,,,,,,,,,,,,,,,,,,,,,,25,,,,,,0,,,,,,,,,,,,,,,,,,,,,,,,,,,,
2013-12-11,6XW0EFBN,ST31500541AS,1500301910016,0,,170802541,,,,,,,,0,,,,,,29421,,,,,,,,,,,,,,,,,,,,,,,,,,,,,,19,,,,,,0,,,,,,,,,,,,,,,,,,,,,,,,,,,,
2013-12-11,6XW1252S,ST32000542AS,2000398934016,0,,208571289,,,,,,,,0,,,,,,1349,,,,,,,,,,,,,,,,,,,,,,,,,,,,,,19,,,,,,34,,,,,,,,,,,,,,,,,,,,,,,,,,,,
2013-12-11,W300JK8L,ST4000DM000,4000787030016,0,,196483080,,,,,,,,0,,,,,,2224,,,,,,,,,,,,,,,,,,,,,,,,,,,,,,27,,,,,,0,,,,,,,,,,,,,,,,,,,,,,,,,,,,
2013-12-11,W300B606,ST4000DM000,4000787030016,0,,221119208,,,,,,,,0,,,,,,3588,,,,,,,,,,,,,,,,,,,,,,,,,,,,,,23,,,,,,0,,,,,,,,,,,,,,,,,,,,,,,,,,,,
2013-12-11,Z300T45C,ST4000DM000,4000787030016,0,,155275096,,,,,,,,0,,,,,,657,,,,,,,,,,,,,,,,,,,,,,,,,,,,,,24,,,,,,0,,,,,,,,,,,,,,,,,,,,,,,,,,,,
2013-12-11,PL2311LAG1T8MC,Hitachi HDS5C4040ALE630,4000787030016,0,,0,,,,,,,,0,,,,,,7415,,,,,,,,,,,,,,,,,,,,,,,,,,,,,,22,,,,,,0,,,,,,,,,,,,,,,,,,,,,,,,,,,,
2013-12-11,JK11A4B8J7S1DW,Hitachi HDS722020ALA330,2000398934016,0,,0,,,,,,,,0,,,,,,26024,,,,,,,,,,,,,,,,,,,,,,,,,,,,,,23,,,,,,0,,,,,,,,,,,,,,,,,,,,,,,,,,,,
2013-12-11,JK1101B9JPJ5YF,Hitachi HDS722020ALA330,2000398934016,0,,65537,,,,,,,,1,,,,,,22698,,,,,,,,,,,,,,,,,,,,,,,,,,,,,,30,,,,,,0,,,,,,,,,,,,,,,,,,,,,,,,,,,,
2013-12-11,JK1175YAHTZXWX,Hitachi HDS722020ALA330,2000398934016,0,,0,,,,,,,,0,,,,,,30501,,,,,,,,,,,,,,,,,,,,,,,,,,,,,,32,,,,,,0,,,,,,,,,,,,,,,,,,,,,,,,,,,,
2013-12-11,JK11A8B9J1NN2F,Hitachi HDS722020ALA330,2000398934016,0,,0,,,,,,,,0,,,,,,23992,,,,,,,,,,,,,,,,,,,,,,,,,,,,,,24,,,,,,0,,,,,,,,,,,,,,,,,,,,,,,,,,,,
2013-12-11,9VS2ARS9,ST31500341AS,1500301910016,0,,9547320,,,,,,,,0,,,,,,38655,,,,,,,,,,,,,,,,,,,,,,,,,,,,,,23,,,,,,0,,,,,,,,,,,,,,,,,,,,,,,,,,,,
2013-12-11,W1F0AQ9B,ST3000DM001,3000592982016,0,,27130008,,,,,,,,0,,,,,,13885,,,,,,,,,,,,,,,,,,,,,,,,,,,,,,25,,,,,,0,,,,,,,,,,,,,,,,,,,,,,,,,,,,
2013-12-11,JK11A8B9J2UA1F,Hitachi HDS722020ALA330,2000398934016,0,,0,,,,,,,,0,,,,,,24431,,,,,,,,,,,,,,,,,,,,,,,,,,,,,,25,,,,,,0,,,,,,,,,,,,,,,,,,,,,,,,,,,,
2013-12-11,W1F0AQ9Q,ST3000DM001,3000592982016,0,,201241064,,,,,,,,0,,,,,,13357,,,,,,,,,,,,,,,,,,,,,,,,,,,,,,26,,,,,,0,,,,,,,,,,,,,,,,,,,,,,,,,,,,
2013-12-11,MJ1311YNG2RPSA,Hitachi HDS5C3030ALA630,3000592982016,0,,0,,,,,,,,0,,,,,,18386,,,,,,,,,,,,,,,,,,,,,,,,,,,,,,22,,,,,,0,,,,,,,,,,,,,,,,,,,,,,,,,,,,
2013-12-11,MJ1311YNG30NHA,Hitachi HDS5C3030ALA630,3000592982016,0,,0,,,,,,,,1,,,,,,18066,,,,,,,,,,,,,,,,,,,,,,,,,,,,,,25,,,,,,0,,,,,,,,,,,,,,,,,,,,,,,,,,,,
2013-12-11,6XW0WTR8,ST31500541AS,1500301910016,0,,62067385,,,,,,,,0,,,,,,31541,,,,,,,,,,,,,,,,,,,,,,,,,,,,,,19,,,,,,0,,,,,,,,,,,,,,,,,,,,,,,,,,,,
2013-12-11,PL1331LAG5AYDH,HGST HMS5C4040ALE640,4000787030016,0,,0,,,,,,,,0,,,,,,9402,,,,,,,,,,,,,,,,,,,,,,,,,,,,,,31,,,,,,0,,,,,,,,,,,,,,,,,,,,,,,,,,,,
2013-12-11,Z1F0LVPW,ST3000DM001,3000592982016,0,,21856696,,,,,,,,0,,,,,,12016,,,,,,,,,,,,,,,,,,,,,,,,,,,,,,27,,,,,,0,,,,,,,,,,,,,,,,,,,,,,,,,,,,
2013-12-11,9XW01Q89,ST31500541AS,1500301910016,0,,196680254,,,,,,,,555,,,,,,35658,,,,,,,,,,,,,,,,,,,,,,,,,,,,,,17,,,,,,0,,,,,,,,,,,,,,,,,,,,,,,,,,,,
2013-12-11,W1F09NG6,ST3000DM001,3000592982016,0,,61383128,,,,,,,,0,,,,,,13362,,,,,,,,,,,,,,,,,,,,,,,,,,,,,,25,,,,,,0,,,,,,,,,,,,,,,,,,,,,,,,,,,,
2013-12-11,JK11A8B9J5GD7F,Hitachi HDS722020ALA330,2000398934016,0,,0,,,,,,,,0,,,,,,25123,,,,,,,,,,,,,,,,,,,,,,,,,,,,,,29,,,,,,0,,,,,,,,,,,,,,,,,,,,,,,,,,,,
2013-12-11,PL1311LAG1ZL0A,Hitachi HDS5C4040ALE630,4000787030016,0,,0,,,,,,,,0,,,,,,5191,,,,,,,,,,,,,,,,,,,,,,,,,,,,,,27,,,,,,0,,,,,,,,,,,,,,,,,,,,,,,,,,,,
2013-12-11,W1F09NG0,ST3000DM001,3000592982016,0,,38373056,,,,,,,,0,,,,,,14231,,,,,,,,,,,,,,,,,,,,,,,,,,,,,,21,,,,,,0,,,,,,,,,,,,,,,,,,,,,,,,,,,,
2013-12-11,JK1101B9JPPAEF,Hitachi HDS722020ALA330,2000398934016,0,,0,,,,,,,,86,,,,,,23990,,,,,,,,,,,,,,,,,,,,,,,,,,,,,,27,,,,,,0,,,,,,,,,,,,,,,,,,,,,,,,,,,,
2013-12-11,Z290WF18,ST33000651AS,3000592982016,0,,50494209,,,,,,,,0,,,,,,17738,,,,,,,,,,,,,,,,,,,,,,,,,,,,,,27,,,,,,0,,,,,,,,,,,,,,,,,,,,,,,,,,,,
2013-12-11,JK11A8B9J2D6KF,Hitachi HDS722020ALA330,2000398934016,0,,65536,,,,,,,,0,,,,,,22413,,,,,,,,,,,,,,,,,,,,,,,,,,,,,,27,,,,,,0,,,,,,,,,,,,,,,,,,,,,,,,,,,,
2013-12-11,JK1105B8GGB1RX,Hitachi HDS722020ALA330,2000398934016,0,,65536,,,,,,,,0,,,,,,27214,,,,,,,,,,,,,,,,,,,,,,,,,,,,,,24,,,,,,0,,,,,,,,,,,,,,,,,,,,,,,,,,,,
2013-12-11,6XW0NX73,ST31500541AS,1500301910016,0,,150207915,,,,,,,,0,,,,,,28534,,,,,,,,,,,,,,,,,,,,,,,,,,,,,,18,,,,,,0,,,,,,,,,,,,,,,,,,,,,,,,,,,,
2013-12-11,MJ1323YNG1M6RC,Hitachi HDS5C3030ALA630,3000592982016,0,,0,,,,,,,,0,,,,,,19310,,,,,,,,,,,,,,,,,,,,,,,,,,,,,,26,,,,,,0,,,,,,,,,,,,,,,,,,,,,,,,,,,,
2013-12-11,W1F0AQ98,ST3000DM001,3000592982016,0,,177664760,,,,,,,,0,,,,,,13795,,,,,,,,,,,,,,,,,,,,,,,,,,,,,,28,,,,,,0,,,,,,,,,,,,,,,,,,,,,,,,,,,,
2013-12-11,Z300GZ26,ST4000DM000,4000787030016,0,,230847648,,,,,,,,0,,,,,,3583,,,,,,,,,,,,,,,,,,,,,,,,,,,,,,21,,,,,,0,,,,,,,,,,,,,,,,,,,,,,,,,,,,
2013-12-11,W1F0R240,ST3000DM001,3000592982016,0,,107608232,,,,,,,,0,,,,,,12616,,,,,,,,,,,,,,,,,,,,,,,,,,,,,,20,,,,,,0,,,,,,,,,,,,,,,,,,,,,,,,,,,,
2013-12-11,Z300GZ23,ST4000DM000,4000787030016,0,,213844976,,,,,,,,0,,,,,,3588,,,,,,,,,,,,,,,,,,,,,,,,,,,,,,24,,,,,,0,,,,,,,,,,,,,,,,,,,,,,,,,,,,
2013-12-11,Z300GZ29,ST4000DM000,4000787030016,0,,170373760,,,,,,,,0,,,,,,3580,,,,,,,,,,,,,,,,,,,,,,,,,,,,,,23,,,,,,0,,,,,,,,,,,,,,,,,,,,,,,,,,,,
2013-12-11,S1F0QWGA,ST3000DM001,3000592982016,0,,34998656,,,,,,,,0,,,,,,11641,,,,,,,,,,,,,,,,,,,,,,,,,,,,,,23,,,,,,0,,,,,,,,,,,,,,,,,,,,,,,,,,,,
2013-12-11,MJ1311YNG56P8A,Hitachi HDS5C3030ALA630,3000592982016,0,,0,,,,,,,,0,,,,,,14625,,,,,,,,,,,,,,,,,,,,,,,,,,,,,,22,,,,,,0,,,,,,,,,,,,,,,,,,,,,,,,,,,,
2013-12-11,S1F0QWGE,ST3000DM001,3000592982016,0,,57151992,,,,,,,,0,,,,,,11620,,,,,,,,,,,,,,,,,,,,,,,,,,,,,,22,,,,,,0,,,,,,,,,,,,,,,,,,,,,,,,,,,,
2013-12-11,S1F0QWGD,ST3000DM001,3000592982016,0,,62720992,,,,,,,,0,,,,,,11684,,,,,,,,,,,,,,,,,,,,,,,,,,,,,,30,,,,,,0,,,,,,,,,,,,,,,,,,,,,,,,,,,,
2013-12-11,Z300JD3D,ST4000DM000,4000787030016,0,,147985448,,,,,,,,0,,,,,,2218,,,,,,,,,,,,,,,,,,,,,,,,,,,,,,22,,,,,,0,,,,,,,,,,,,,,,,,,,,,,,,,,,,
2013-12-11,MJ1311YNG3AV7A,Hitachi HDS5C3030ALA630,3000592982016,0,,0,,,,,,,,0,,,,,,19254,,,,,,,,,,,,,,,,,,,,,,,,,,,,,,27,,,,,,0,,,,,,,,,,,,,,,,,,,,,,,,,,,,
2013-12-11,S1F06XJH,ST3000DM001,3000592982016,0,,184204464,,,,,,,,0,,,,,,13915,,,,,,,,,,,,,,,,,,,,,,,,,,,,,,20,,,,,,0,,,,,,,,,,,,,,,,,,,,,,,,,,,,
2013-12-11,MK0311YHGJLURA,Hitachi HDS723030ALA640,3000592982016,0,,0,,,,,,,,0,,,,,,14732,,,,,,,,,,,,,,,,,,,,,,,,,,,,,,27,,,,,,0,,,,,,,,,,,,,,,,,,,,,,,,,,,,
2013-12-11,JK1101B9KNNERF,Hitachi HDS722020ALA330,2000398934016,0,,0,,,,,,,,0,,,,,,23099,,,,,,,,,,,,,,,,,,,,,,,,,,,,,,24,,,,,,0,,,,,,,,,,,,,,,,,,,,,,,,,,,,
2013-12-11,PL1311LAG1RN8A,Hitachi HDS5C4040ALE630,4000787030016,0,,0,,,,,,,,0,,,,,,7452,,,,,,,,,,,,,,,,,,,,,,,,,,,,,,22,,,,,,0,,,,,,,,,,,,,,,,,,,,,,,,,,,,
2013-12-11,Z300CMPC,ST4000DM000,4000787030016,0,,103912320,,,,,,,,0,,,,,,1298,,,,,,,,,,,,,,,,,,,,,,,,,,,,,,20,,,,,,0,,,,,,,,,,,,,,,,,,,,,,,,,,,,
2013-12-11,Z300CMPE,ST4000DM000,4000787030016,0,,241630424,,,,,,,,0,,,,,,1331,,,,,,,,,,,,,,,,,,,,,,,,,,,,,,19,,,,,,0,,,,,,,,,,,,,,,,,,,,,,,,,,,,
2013-12-11,Z300CMPX,ST4000DM000,4000787030016,0,,83783416,,,,,,,,0,,,,,,2219,,,,,,,,,,,,,,,,,,,,,,,,,,,,,,22,,,,,,0,,,,,,,,,,,,,,,,,,,,,,,,,,,,
2013-12-11,JK11A8B9J80GNF,Hitachi HDS722020ALA330,2000398934016,0,,0,,,,,,,,0,,,,,,24913,,,,,,,,,,,,,,,,,,,,,,,,,,,,,,30,,,,,,0,,,,,,,,,,,,,,,,,,,,,,,,,,,,
2013-12-11,JK1105B8G7S9XX,Hitachi HDS722020ALA330,2000398934016,0,,131075,,,,,,,,0,,,,,,26766,,,,,,,,,,,,,,,,,,,,,,,,,,,,,,28,,,,,,0,,,,,,,,,,,,,,,,,,,,,,,,,,,,
2013-12-11,JK11A4B8J7SJRW,Hitachi HDS722020ALA330,2000398934016,0,,1,,,,,,,,0,,,,,,26024,,,,,,,,,,,,,,,,,,,,,,,,,,,,,,24,,,,,,0,,,,,,,,,,,,,,,,,,,,,,,,,,,,
2013-12-11,JK1170YAJDAG0T,Hitachi HDS722020ALA330,2000398934016,0,,0,,,,,,,,0,,,,,,28681,,,,,,,,,,,,,,,,,,,,,,,,,,,,,,26,,,,,,0,,,,,,,,,,,,,,,,,,,,,,,,,,,,
2013-12-11,MJ1311YNG7KRAA,Hitachi HDS5C3030ALA630,3000592982016,0,,0,,,,,,,,0,,,,,,14625,,,,,,,,,,,,,,,,,,,,,,,,,,,,,,26,,,,,,0,,,,,,,,,,,,,,,,,,,,,,,,,,,,
2013-12-11,Z290R39G,ST33000651AS,3000592982016,0,,242592711,,,,,,,,0,,,,,,17050,,,,,,,,,,,,,,,,,,,,,,,,,,,,,,21,,,,,,0,,,,,,,,,,,,,,,,,,,,,,,,,,,,
2013-12-11,S1F06XJ7,ST3000DM001,3000592982016,0,,171450880,,,,,,,,0,,,,,,13914,,,,,,,,,,,,,,,,,,,,,,,,,,,,,,25,,,,,,0,,,,,,,,,,,,,,,,,,,,,,,,,,,,
2013-12-11,Z300GZ2V,ST4000DM000,4000787030016,0,,138229512,,,,,,,,0,,,,,,2900,,,,,,,,,,,,,,,,,,,,,,,,,,,,,,27,,,,,,0,,,,,,,,,,,,,,,,,,,,,,,,,,,,
2013-12-11,PL1311LAG2VSZA,Hitachi HDS5C4040ALE630,4000787030016,0,,0,,,,,,,,0,,,,,,6993,,,,,,,,,,,,,,,,,,,,,,,,,,,,,,21,,,,,,0,,,,,,,,,,,,,,,,,,,,,,,,,,,,
2013-12-11,Z300GZ2Y,ST4000DM000,4000787030016,0,,134398816,,,,,,,,0,,,,,,3582,,,,,,,,,,,,,,,,,,,,,,,,,,,,,,22,,,,,,0,,,,,,,,,,,,,,,,,,,,,,,,,,,,
2013-12-11,MJ0351YNGA6U2A,Hitachi HDS5C3030ALA630,3000592982016,0,,0,,,,,,,,0,,,,,,8883,,,,,,,,,,,,,,,,,,,,,,,,,,,,,,31,,,,,,0,,,,,,,,,,,,,,,,,,,,,,,,,,,,
2013-12-11,Z300GZ2E,ST4000DM000,4000787030016,0,,13544600,,,,,,,,0,,,,,,3582,,,,,,,,,,,,,,,,,,,,,,,,,,,,,,21,,,,,,0,,,,,,,,,,,,,,,,,,,,,,,,,,,,
2013-12-11,W1F0R24B,ST3000DM001,3000592982016,0,,11284152,,,,,,,,0,,,,,,12616,,,,,,,,,,,,,,,,,,,,,,,,,,,,,,25,,,,,,0,,,,,,,,,,,,,,,,,,,,,,,,,,,,
2013-12-11,Z300GZ2A,ST4000DM000,4000787030016,0,,5992112,,,,,,,,0,,,,,,2610,,,,,,,,,,,,,,,,,,,,,,,,,,,,,,22,,,,,,0,,,,,,,,,,,,,,,,,,,,,,,,,,,,
2013-12-11,Z300GZ2B,ST4000DM000,4000787030016,0,,3760512,,,,,,,,0,,,,,,3652,,,,,,,,,,,,,,,,,,,,,,,,,,,,,,26,,,,,,0,,,,,,,,,,,,,,,,,,,,,,,,,,,,
2013-12-11,Z300GZ2H,ST4000DM000,4000787030016,0,,137353344,,,,,,,,0,,,,,,3581,,,,,,,,,,,,,,,,,,,,,,,,,,,,,,23,,,,,,0,,,,,,,,,,,,,,,,,,,,,,,,,,,,
2013-12-11,Z300GZ2J,ST4000DM000,4000787030016,0,,185848056,,,,,,,,0,,,,,,3586,,,,,,,,,,,,,,,,,,,,,,,,,,,,,,22,,,,,,0,,,,,,,,,,,,,,,,,,,,,,,,,,,,
2013-12-11,PL1311LAG28NHH,Hitachi HDS5C4040ALE630,4000787030016,0,,0,,,,,,,,0,,,,,,7404,,,,,,,,,,,,,,,,,,,,,,,,,,,,,,24,,,,,,0,,,,,,,,,,,,,,,,,,,,,,,,,,,,
2013-12-11,Z1Z058JM,ST4000DX000,4000787030016,0,,45042592,,,,,,,,0,,,,,,5078,,,,,,,,,,,,,,,,,,,,,,,,,,,,,,30,,,,,,0,,,,,,,,,,,,,,,,,,,,,,,,,,,,
2013-12-11,Z300CWM6,ST4000DM000,4000787030016,0,,171324760,,,,,,,,0,,,,,,2219,,,,,,,,,,,,,,,,,,,,,,,,,,,,,,23,,,,,,0,,,,,,,,,,,,,,,,,,,,,,,,,,,,
2013-12-11,PL1301LAG2WTKA,Hitachi HDS5C4040ALE630,4000787030016,0,,0,,,,,,,,0,,,,,,5958,,,,,,,,,,,,,,,,,,,,,,,,,,,,,,22,,,,,,0,,,,,,,,,,,,,,,,,,,,,,,,,,,,
2013-12-11,MJ1311YNG36GPA,Hitachi HDS5C3030ALA630,3000592982016,0,,1572864,,,,,,,,1,,,,,,18386,,,,,,,,,,,,,,,,,,,,,,,,,,,,,,24,,,,,,0,,,,,,,,,,,,,,,,,,,,,,,,,,,,
2013-12-11,S1F0QY1C,ST3000DM001,3000592982016,0,,40485248,,,,,,,,0,,,,,,11689,,,,,,,,,,,,,,,,,,,,,,,,,,,,,,26,,,,,,0,,,,,,,,,,,,,,,,,,,,,,,,,,,,
2013-12-11,W300D2AL,ST4000DM000,4000787030016,0,,28669744,,,,,,,,0,,,,,,4136,,,,,,,,,,,,,,,,,,,,,,,,,,,,,,22,,,,,,0,,,,,,,,,,,,,,,,,,,,,,,,,,,,
2013-12-11,5XW03PRL,ST31500541AS,1500301910016,0,,122136258,,,,,,,,0,,,,,,36394,,,,,,,,,,,,,,,,,,,,,,,,,,,,,,21,,,,,,0,,,,,,,,,,,,,,,,,,,,,,,,,,,,
2013-12-11,Z300CWMV,ST4000DM000,4000787030016,0,,112151248,,,,,,,,0,,,,,,2218,,,,,,,,,,,,,,,,,,,,,,,,,,,,,,23,,,,,,0,,,,,,,,,,,,,,,,,,,,,,,,,,,,
2013-12-11,JK1101B9GKRG3F,Hitachi HDS722020ALA330,2000398934016,0,,0,,,,,,,,3,,,,,,27733,,,,,,,,,,,,,,,,,,,,,,,,,,,,,,24,,,,,,0,,,,,,,,,,,,,,,,,,,,,,,,,,,,
2013-12-11,PL1311LAG3A4DH,Hitachi HDS5C4040ALE630,4000787030016,0,,0,,,,,,,,0,,,,,,5958,,,,,,,,,,,,,,,,,,,,,,,,,,,,,,25,,,,,,0,,,,,,,,,,,,,,,,,,,,,,,,,,,,
2013-12-11,MJ0351YNGA8YGA,Hitachi HDS5C3030ALA630,3000592982016,0,,0,,,,,,,,0,,,,,,8214,,,,,,,,,,,,,,,,,,,,,,,,,,,,,,30,,,,,,0,,,,,,,,,,,,,,,,,,,,,,,,,,,,
2013-12-11,Z300CWME,ST4000DM000,4000787030016,0,,224667288,,,,,,,,0,,,,,,2218,,,,,,,,,,,,,,,,,,,,,,,,,,,,,,21,,,,,,0,,,,,,,,,,,,,,,,,,,,,,,,,,,,
2013-12-11,MK0331YHGSL8ZA,Hitachi HDS723030ALA640,3000592982016,0,,0,,,,,,,,0,,,,,,17035,,,,,,,,,,,,,,,,,,,,,,,,,,,,,,30,,,,,,0,,,,,,,,,,,,,,,,,,,,,,,,,,,,
2013-12-11,S1F0QY11,ST3000DM001,3000592982016,0,,54674920,,,,,,,,0,,,,,,11638,,,,,,,,,,,,,,,,,,,,,,,,,,,,,,27,,,,,,0,,,,,,,,,,,,,,,,,,,,,,,,,,,,
2013-12-11,WD-WCAV5F457445,WDC WD10EADS,1000204886016,0,,0,,,,,,,,0,,,,,,20663,,,,,,,,,,,,,,,,,,,,,,,,,,,,,,22,,,,,,0,,,,,,,,,,,,,,,,,,,,,,,,,,,,
2013-12-11,Z1Z058J5,ST4000DX000,4000787030016,0,,136183271,,,,,,,,0,,,,,,5039,,,,,,,,,,,,,,,,,,,,,,,,,,,,,,29,,,,,,0,,,,,,,,,,,,,,,,,,,,,,,,,,,,
2013-12-11,WD-WCAV5S081147,WDC WD10EADS,1000204886016,0,,0,,,,,,,,0,,,,,,14616,,,,,,,,,,,,,,,,,,,,,,,,,,,,,,32,,,,,,0,,,,,,,,,,,,,,,,,,,,,,,,,,,,
2013-12-11,STF605MH1MMTGW,Hitachi HDT721010SLA360,1000204886016,0,,25297284,,,,,,,,1,,,,,,40583,,,,,,,,,,,,,,,,,,,,,,,,,,,,,,29,,,,,,5,,,,,,,,,,,,,,,,,,,,,,,,,,,,
2013-12-11,JK11A8B9JPXAPF,Hitachi HDS722020ALA330,2000398934016,0,,1,,,,,,,,0,,,,,,23711,,,,,,,,,,,,,,,,,,,,,,,,,,,,,,27,,,,,,0,,,,,,,,,,,,,,,,,,,,,,,,,,,,
2013-12-11,MJ1311YNG5ZS7A,Hitachi HDS5C3030ALA630,3000592982016,0,,0,,,,,,,,0,,,,,,14680,,,,,,,,,,,,,,,,,,,,,,,,,,,,,,29,,,,,,0,,,,,,,,,,,,,,,,,,,,,,,,,,,,
2013-12-11,W1F16RA7,ST3000DM001,3000592982016,0,,33732024,,,,,,,,0,,,,,,7990,,,,,,,,,,,,,,,,,,,,,,,,,,,,,,18,,,,,,0,,,,,,,,,,,,,,,,,,,,,,,,,,,,
2013-12-11,MJ0351YNGAD1TA,Hitachi HDS5C3030ALA630,3000592982016,0,,0,,,,,,,,0,,,,,,7989,,,,,,,,,,,,,,,,,,,,,,,,,,,,,,28,,,,,,0,,,,,,,,,,,,,,,,,,,,,,,,,,,,
2013-12-11,W1F0BJ6E,ST3000DM001,3000592982016,0,,1397200,,,,,,,,0,,,,,,12365,,,,,,,,,,,,,,,,,,,,,,,,,,,,,,23,,,,,,0,,,,,,,,,,,,,,,,,,,,,,,,,,,,
2013-12-11,PK1331PAJ2NU0S,HGST HDS724040ALE640,4000787030016,0,,0,,,,,,,,0,,,,,,2027,,,,,,,,,,,,,,,,,,,,,,,,,,,,,,27,,,,,,0,,,,,,,,,,,,,,,,,,,,,,,,,,,,
2013-12-11,W300B5WD,ST4000DM000,4000787030016,0,,53017480,,,,,,,,0,,,,,,4163,,,,,,,,,,,,,,,,,,,,,,,,,,,,,,23,,,,,,0,,,,,,,,,,,,,,,,,,,,,,,,,,,,
2013-12-11,5YD6PRD7,ST1500DL001,1500301910016,0,,29187624,,,,,,,,0,,,,,,6056,,,,,,,,,,,,,,,,,,,,,,,,,,,,,,19,,,,,,0,,,,,,,,,,,,,,,,,,,,,,,,,,,,
2013-12-11,S1F0S5D1,ST3000DM001,3000592982016,0,,225836008,,,,,,,,0,,,,,,10835,,,,,,,,,,,,,,,,,,,,,,,,,,,,,,35,,,,,,0,,,,,,,,,,,,,,,,,,,,,,,,,,,,
2013-12-11,9XW01SWX,ST31500541AS,1500301910016,0,,37305906,,,,,,,,0,,,,,,34836,,,,,,,,,,,,,,,,,,,,,,,,,,,,,,23,,,,,,0,,,,,,,,,,,,,,,,,,,,,,,,,,,,
2013-12-11,S1F06SY3,ST3000DM001,3000592982016,0,,126197536,,,,,,,,0,,,,,,13886,,,,,,,,,,,,,,,,,,,,,,,,,,,,,,22,,,,,,0,,,,,,,,,,,,,,,,,,,,,,,,,,,,
2013-12-11,S1F13KNV,ST3000DM001,3000592982016,0,,43947328,,,,,,,,0,,,,,,8651,,,,,,,,,,,,,,,,,,,,,,,,,,,,,,27,,,,,,0,,,,,,,,,,,,,,,,,,,,,,,,,,,,
2013-12-11,W300B5WX,ST4000DM000,4000787030016,0,,88702648,,,,,,,,0,,,,,,4160,,,,,,,,,,,,,,,,,,,,,,,,,,,,,,21,,,,,,0,,,,,,,,,,,,,,,,,,,,,,,,,,,,
2013-12-11,MJ0351YNGA57GA,Hitachi HDS5C3030ALA630,3000592982016,0,,65536,,,,,,,,0,,,,,,8547,,,,,,,,,,,,,,,,,,,,,,,,,,,,,,26,,,,,,0,,,,,,,,,,,,,,,,,,,,,,,,,,,,
2013-12-11,MJ0351YNGA6BKA,Hitachi HDS5C3030ALA630,3000592982016,0,,0,,,,,,,,0,,,,,,8547,,,,,,,,,,,,,,,,,,,,,,,,,,,,,,28,,,,,,0,,,,,,,,,,,,,,,,,,,,,,,,,,,,
2013-12-11,MJ0351YNGA2EVA,Hitachi HDS5C3030ALA630,3000592982016,0,,0,,,,,,,,0,,,,,,8883,,,,,,,,,,,,,,,,,,,,,,,,,,,,,,31,,,,,,0,,,,,,,,,,,,,,,,,,,,,,,,,,,,
2013-12-11,Z1Z059HA,ST4000DX000,4000787030016,0,,167696785,,,,,,,,0,,,,,,5077,,,,,,,,,,,,,,,,,,,,,,,,,,,,,,32,,,,,,0,,,,,,,,,,,,,,,,,,,,,,,,,,,,
2013-12-11,6XW059RT,ST31500541AS,1500301910016,0,,180591240,,,,,,,,0,,,,,,36959,,,,,,,,,,,,,,,,,,,,,,,,,,,,,,23,,,,,,0,,,,,,,,,,,,,,,,,,,,,,,,,,,,
2013-12-11,JK11A8B9J3MSKF,Hitachi HDS722020ALA330,2000398934016,0,,0,,,,,,,,0,,,,,,23709,,,,,,,,,,,,,,,,,,,,,,,,,,,,,,30,,,,,,0,,,,,,,,,,,,,,,,,,,,,,,,,,,,
2013-12-11,WD-WCAWZ1079117,WDC WD30EZRX,3000592982016,0,,0,,,,,,,,0,,,,,,17616,,,,,,,,,,,,,,,,,,,,,,,,,,,,,,25,,,,,,0,,,,,,,,,,,,,,,,,,,,,,,,,,,,
2013-12-11,9XW01Z0G,ST31500541AS,1500301910016,0,,194780429,,,,,,,,73,,,,,,35651,,,,,,,,,,,,,,,,,,,,,,,,,,,,,,20,,,,,,0,,,,,,,,,,,,,,,,,,,,,,,,,,,,
2013-12-11,S1F025XH,ST3000DM001,3000592982016,0,,76511416,,,,,,,,0,,,,,,16151,,,,,,,,,,,,,,,,,,,,,,,,,,,,,,22,,,,,,16,,,,,,,,,,,,,,,,,,,,,,,,,,,,
2013-12-11,5XW1PD94,ST31500541AS,1500301910016,0,,11538381,,,,,,,,0,,,,,,11604,,,,,,,,,,,,,,,,,,,,,,,,,,,,,,20,,,,,,0,,,,,,,,,,,,,,,,,,,,,,,,,,,,
2013-12-11,JK11A8B9J83X8F,Hitachi HDS722020ALA330,2000398934016,0,,0,,,,,,,,0,,,,,,25123,,,,,,,,,,,,,,,,,,,,,,,,,,,,,,26,,,,,,0,,,,,,,,,,,,,,,,,,,,,,,,,,,,
2013-12-11,PL2311LAG1MNPC,Hitachi HDS5C4040ALE630,4000787030016,0,,0,,,,,,,,0,,,,,,7461,,,,,,,,,,,,,,,,,,,,,,,,,,,,,,26,,,,,,0,,,,,,,,,,,,,,,,,,,,,,,,,,,,
2013-12-11,W300D8TB,ST4000DM000,4000787030016,0,,19623496,,,,,,,,0,,,,,,4140,,,,,,,,,,,,,,,,,,,,,,,,,,,,,,25,,,,,,0,,,,,,,,,,,,,,,,,,,,,,,,,,,,
2013-12-11,PL1321LAG34D4H,Hitachi HDS5C4040ALE630,4000787030016,0,,0,,,,,,,,0,,,,,,6648,,,,,,,,,,,,,,,,,,,,,,,,,,,,,,19,,,,,,0,,,,,,,,,,,,,,,,,,,,,,,,,,,,
2013-12-11,MK0313YHG9S15C,Hitachi HDS723030ALA640,3000592982016,0,,0,,,,,,,,0,,,,,,16802,,,,,,,,,,,,,,,,,,,,,,,,,,,,,,28,,,,,,0,,,,,,,,,,,,,,,,,,,,,,,,,,,,
2013-12-11,9XW0336R,ST31500541AS,1500301910016,0,,55850796,,,,,,,,0,,,,,,33326,,,,,,,,,,,,,,,,,,,,,,,,,,,,,,21,,,,,,0,,,,,,,,,,,,,,,,,,,,,,,,,,,,
2013-12-11,MK0301YHGMA84D,Hitachi HDS723030ALA640,3000592982016,0,,65536,,,,,,,,0,,,,,,17011,,,,,,,,,,,,,,,,,,,,,,,,,,,,,,31,,,,,,0,,,,,,,,,,,,,,,,,,,,,,,,,,,,
2013-12-11,PL1311LAG2B6EH,Hitachi HDS5C4040ALE630,4000787030016,0,,0,,,,,,,,0,,,,,,7404,,,,,,,,,,,,,,,,,,,,,,,,,,,,,,24,,,,,,0,,,,,,,,,,,,,,,,,,,,,,,,,,,,
2013-12-11,S1F0S5DC,ST3000DM001,3000592982016,0,,169810384,,,,,,,,0,,,,,,10837,,,,,,,,,,,,,,,,,,,,,,,,,,,,,,31,,,,,,0,,,,,,,,,,,,,,,,,,,,,,,,,,,,
2013-12-11,MJ1311YNG6T8XA,Hitachi HDS5C3030ALA630,3000592982016,0,,0,,,,,,,,0,,,,,,14598,,,,,,,,,,,,,,,,,,,,,,,,,,,,,,26,,,,,,0,,,,,,,,,,,,,,,,,,,,,,,,,,,,
2013-12-11,JK1101B9GEDX0T,Hitachi HDS722020ALA330,2000398934016,0,,0,,,,,,,,0,,,,,,26838,,,,,,,,,,,,,,,,,,,,,,,,,,,,,,29,,,,,,1,,,,,,,,,,,,,,,,,,,,,,,,,,,,
2013-12-11,JK11A1YAJA9GMV,Hitachi HDS722020ALA330,2000398934016,0,,0,,,,,,,,0,,,,,,28914,,,,,,,,,,,,,,,,,,,,,,,,,,,,,,29,,,,,,0,,,,,,,,,,,,,,,,,,,,,,,,,,,,
2013-12-11,PL2310LAG0MNKC,Hitachi HDS5C4040ALE630,4000787030016,0,,0,,,,,,,,0,,,,,,12998,,,,,,,,,,,,,,,,,,,,,,,,,,,,,,24,,,,,,0,,,,,,,,,,,,,,,,,,,,,,,,,,,,
2013-12-11,S1F08SFV,ST3000DM001,3000592982016,0,,217754688,,,,,,,,0,,,,,,12422,,,,,,,,,,,,,,,,,,,,,,,,,,,,,,29,,,,,,0,,,,,,,,,,,,,,,,,,,,,,,,,,,,
2013-12-11,Z1F1HSWK,ST3000DM001,3000592982016,0,,99668688,,,,,,,,0,,,,,,1476,,,,,,,,,,,,,,,,,,,,,,,,,,,,,,24,,,,,,0,,,,,,,,,,,,,,,,,,,,,,,,,,,,
2013-12-11,PL1311LAG3DY2H,Hitachi HDS5C4040ALE630,4000787030016,0,,0,,,,,,,,0,,,,,,6614,,,,,,,,,,,,,,,,,,,,,,,,,,,,,,26,,,,,,0,,,,,,,,,,,,,,,,,,,,,,,,,,,,
2013-12-11,PL1311LAG2VABA,Hitachi HDS5C4040ALE630,4000787030016,0,,0,,,,,,,,0,,,,,,6568,,,,,,,,,,,,,,,,,,,,,,,,,,,,,,26,,,,,,0,,,,,,,,,,,,,,,,,,,,,,,,,,,,
2013-12-11,MJ1321YNG14ADA,Hitachi HDS5C3030ALA630,3000592982016,0,,0,,,,,,,,0,,,,,,20067,,,,,,,,,,,,,,,,,,,,,,,,,,,,,,25,,,,,,0,,,,,,,,,,,,,,,,,,,,,,,,,,,,
2013-12-11,JK1171B9HYEHRT,Hitachi HDS722020ALA330,2000398934016,0,,65537,,,,,,,,0,,,,,,22704,,,,,,,,,,,,,,,,,,,,,,,,,,,,,,30,,,,,,0,,,,,,,,,,,,,,,,,,,,,,,,,,,,
2013-12-11,MJ1313YNG1VJDC,Hitachi HDS5C3030ALA630,3000592982016,0,,0,,,,,,,,0,,,,,,21796,,,,,,,,,,,,,,,,,,,,,,,,,,,,,,24,,,,,,0,,,,,,,,,,,,,,,,,,,,,,,,,,,,
2013-12-11,6XW038WX,ST31500541AS,1500301910016,0,,196024155,,,,,,,,0,,,,,,36651,,,,,,,,,,,,,,,,,,,,,,,,,,,,,,23,,,,,,0,,,,,,,,,,,,,,,,,,,,,,,,,,,,
2013-12-11,W1F0WZ1B,ST3000DM001,3000592982016,0,,25596928,,,,,,,,0,,,,,,10502,,,,,,,,,,,,,,,,,,,,,,,,,,,,,,24,,,,,,0,,,,,,,,,,,,,,,,,,,,,,,,,,,,
2013-12-11,MJ0351YNGA0NHA,Hitachi HDS5C3030ALA630,3000592982016,0,,0,,,,,,,,0,,,,,,8618,,,,,,,,,,,,,,,,,,,,,,,,,,,,,,29,,,,,,0,,,,,,,,,,,,,,,,,,,,,,,,,,,,
2013-12-11,JK1105B8JPKMMX,Hitachi HDS722020ALA330,2000398934016,0,,196614,,,,,,,,0,,,,,,22698,,,,,,,,,,,,,,,,,,,,,,,,,,,,,,30,,,,,,0,,,,,,,,,,,,,,,,,,,,,,,,,,,,
2013-12-11,PL1321LAG362LH,Hitachi HDS5C4040ALE630,4000787030016,0,,0,,,,,,,,0,,,,,,5056,,,,,,,,,,,,,,,,,,,,,,,,,,,,,,31,,,,,,0,,,,,,,,,,,,,,,,,,,,,,,,,,,,
2013-12-11,6XW00XTE,ST31500541AS,1500301910016,0,,139014743,,,,,,,,0,,,,,,37058,,,,,,,,,,,,,,,,,,,,,,,,,,,,,,19,,,,,,0,,,,,,,,,,,,,,,,,,,,,,,,,,,,
2013-12-11,JK11A1YAJH3W7V,Hitachi HDS722020ALA330,2000398934016,0,,65536,,,,,,,,0,,,,,,28851,,,,,,,,,,,,,,,,,,,,,,,,,,,,,,31,,,,,,0,,,,,,,,,,,,,,,,,,,,,,,,,,,,
2013-12-11,JK1101B9JN4GVU,Hitachi HDS722020ALA330,2000398934016,0,,2,,,,,,,,1,,,,,,23486,,,,,,,,,,,,,,,,,,,,,,,,,,,,,,27,,,,,,0,,,,,,,,,,,,,,,,,,,,,,,,,,,,
2013-12-11,JK1105B8GAHM9X,Hitachi HDS722020ALA330,2000398934016,0,,0,,,,,,,,0,,,,,,26859,,,,,,,,,,,,,,,,,,,,,,,,,,,,,,28,,,,,,0,,,,,,,,,,,,,,,,,,,,,,,,,,,,
2013-12-11,WD-WCAU45897914,WDC WD10EACS,1000204886016,0,,17,,,,,,,,0,,,,,,42366,,,,,,,,,,,,,,,,,,,,,,,,,,,,,,22,,,,,,5,,,,,,,,,,,,,,,,,,,,,,,,,,,,
2013-12-11,6XW00XTQ,ST31500541AS,1500301910016,0,,82723099,,,,,,,,0,,,,,,36067,,,,,,,,,,,,,,,,,,,,,,,,,,,,,,19,,,,,,0,,,,,,,,,,,,,,,,,,,,,,,,,,,,
2013-12-11,JK11A8B9GK7W3F,Hitachi HDS722020ALA330,2000398934016,0,,0,,,,,,,,0,,,,,,26763,,,,,,,,,,,,,,,,,,,,,,,,,,,,,,26,,,,,,0,,,,,,,,,,,,,,,,,,,,,,,,,,,,
2013-12-11,S1F0GQWX,ST3000DM001,3000592982016,0,,242995360,,,,,,,,0,,,,,,12173,,,,,,,,,,,,,,,,,,,,,,,,,,,,,,34,,,,,,0,,,,,,,,,,,,,,,,,,,,,,,,,,,,
2013-12-11,JK11A1YAJHHY2V,Hitachi HDS722020ALA330,2000398934016,0,,65536,,,,,,,,1,,,,,,28849,,,,,,,,,,,,,,,,,,,,,,,,,,,,,,27,,,,,,0,,,,,,,,,,,,,,,,,,,,,,,,,,,,
2013-12-11,Z1F11RAE,ST3000DM001,3000592982016,0,,138204248,,,,,,,,0,,,,,,8163,,,,,,,,,,,,,,,,,,,,,,,,,,,,,,25,,,,,,0,,,,,,,,,,,,,,,,,,,,,,,,,,,,
2013-12-11,9XW02JC8,ST31500541AS,1500301910016,0,,37092299,,,,,,,,0,,,,,,35237,,,,,,,,,,,,,,,,,,,,,,,,,,,,,,20,,,,,,0,,,,,,,,,,,,,,,,,,,,,,,,,,,,
2013-12-11,PL1311LAG3B2ZH,Hitachi HDS5C4040ALE630,4000787030016,0,,0,,,,,,,,0,,,,,,5142,,,,,,,,,,,,,,,,,,,,,,,,,,,,,,25,,,,,,0,,,,,,,,,,,,,,,,,,,,,,,,,,,,
2013-12-11,JK11A8YBKYVU0F,Hitachi HDS722020ALA330,2000398934016,0,,0,,,,,,,,0,,,,,,27861,,,,,,,,,,,,,,,,,,,,,,,,,,,,,,23,,,,,,0,,,,,,,,,,,,,,,,,,,,,,,,,,,,
2013-12-11,JK11A8B9GNSW8F,Hitachi HDS722020ALA330,2000398934016,0,,0,,,,,,,,0,,,,,,26762,,,,,,,,,,,,,,,,,,,,,,,,,,,,,,27,,,,,,0,,,,,,,,,,,,,,,,,,,,,,,,,,,,
2013-12-11,W30093NN,ST4000DM000,4000787030016,0,,166064880,,,,,,,,0,,,,,,4289,,,,,,,,,,,,,,,,,,,,,,,,,,,,,,23,,,,,,0,,,,,,,,,,,,,,,,,,,,,,,,,,,,
2013-12-11,MJ1311YNG3K4RA,Hitachi HDS5C3030ALA630,3000592982016,0,,0,,,,,,,,0,,,,,,19586,,,,,,,,,,,,,,,,,,,,,,,,,,,,,,23,,,,,,0,,,,,,,,,,,,,,,,,,,,,,,,,,,,
2013-12-11,W1F0A1HE,ST3000DM001,3000592982016,0,,226538664,,,,,,,,0,,,,,,15222,,,,,,,,,,,,,,,,,,,,,,,,,,,,,,20,,,,,,0,,,,,,,,,,,,,,,,,,,,,,,,,,,,
2013-12-11,Z290YM24,ST33000651AS,3000592982016,0,,108698476,,,,,,,,0,,,,,,16135,,,,,,,,,,,,,,,,,,,,,,,,,,,,,,25,,,,,,0,,,,,,,,,,,,,,,,,,,,,,,,,,,,
2013-12-11,W1F1BFP5,ST3000DM001,3000592982016,0,,185982768,,,,,,,,0,,,,,,8649,,,,,,,,,,,,,,,,,,,,,,,,,,,,,,28,,,,,,0,,,,,,,,,,,,,,,,,,,,,,,,,,,,
2013-12-11,JK11A8B9J2WJTF,Hitachi HDS722020ALA330,2000398934016,0,,0,,,,,,,,0,,,,,,24501,,,,,,,,,,,,,,,,,,,,,,,,,,,,,,32,,,,,,0,,,,,,,,,,,,,,,,,,,,,,,,,,,,
2013-12-11,PL1321LAG35KJH,Hitachi HDS5C4040ALE630,4000787030016,0,,0,,,,,,,,0,,,,,,6614,,,,,,,,,,,,,,,,,,,,,,,,,,,,,,27,,,,,,0,,,,,,,,,,,,,,,,,,,,,,,,,,,,
2013-12-11,PL1311LAG20AJA,Hitachi HDS5C4040ALE630,4000787030016,0,,0,,,,,,,,0,,,,,,5186,,,,,,,,,,,,,,,,,,,,,,,,,,,,,,25,,,,,,0,,,,,,,,,,,,,,,,,,,,,,,,,,,,
2013-12-11,PL1331LAGB5BYH,Hitachi HDS5C4040ALE630,4000787030016,0,,0,,,,,,,,0,,,,,,5076,,,,,,,,,,,,,,,,,,,,,,,,,,,,,,26,,,,,,0,,,,,,,,,,,,,,,,,,,,,,,,,,,,
2013-12-11,PL1321LAG34EXH,Hitachi HDS5C4040ALE630,4000787030016,0,,0,,,,,,,,0,,,,,,5668,,,,,,,,,,,,,,,,,,,,,,,,,,,,,,21,,,,,,0,,,,,,,,,,,,,,,,,,,,,,,,,,,,
2013-12-11,JK11A8B9J72A3F,Hitachi HDS722020ALA330,2000398934016,0,,0,,,,,,,,0,,,,,,21478,,,,,,,,,,,,,,,,,,,,,,,,,,,,,,24,,,,,,0,,,,,,,,,,,,,,,,,,,,,,,,,,,,
2013-12-11,MJ1311YNG7EU7A,Hitachi HDS5C3030ALA630,3000592982016,0,,0,,,,,,,,0,,,,,,14621,,,,,,,,,,,,,,,,,,,,,,,,,,,,,,24,,,,,,0,,,,,,,,,,,,,,,,,,,,,,,,,,,,
2013-12-11,S1F0EGSH,ST3000DM001,3000592982016,0,,128023680,,,,,,,,0,,,,,,11690,,,,,,,,,,,,,,,,,,,,,,,,,,,,,,27,,,,,,0,,,,,,,,,,,,,,,,,,,,,,,,,,,,
2013-12-11,JK11A8B9J97ZEF,Hitachi HDS722020ALA330,2000398934016,0,,0,,,,,,,,0,,,,,,24496,,,,,,,,,,,,,,,,,,,,,,,,,,,,,,28,,,,,,0,,,,,,,,,,,,,,,,,,,,,,,,,,,,
2013-12-11,WD-WCAU45664522,WDC WD10EADS,1000204886016,0,,9,,,,,,,,0,,,,,,41696,,,,,,,,,,,,,,,,,,,,,,,,,,,,,,29,,,,,,0,,,,,,,,,,,,,,,,,,,,,,,,,,,,
2013-12-11,WD-WMC1T1417460,WDC WD30EFRX,3000592982016,0,,0,,,,,,,,0,,,,,,7709,,,,,,,,,,,,,,,,,,,,,,,,,,,,,,28,,,,,,0,,,,,,,,,,,,,,,,,,,,,,,,,,,,
2013-12-11,PL1321LAG34HXH,Hitachi HDS5C4040ALE630,4000787030016,0,,0,,,,,,,,0,,,,,,6648,,,,,,,,,,,,,,,,,,,,,,,,,,,,,,20,,,,,,0,,,,,,,,,,,,,,,,,,,,,,,,,,,,
2013-12-11,9VS1J556,ST31500341AS,1500301910016,0,,116874629,,,,,,,,5,,,,,,40244,,,,,,,,,,,,,,,,,,,,,,,,,,,,,,24,,,,,,0,,,,,,,,,,,,,,,,,,,,,,,,,,,,
2013-12-11,PL1311LAG2B15H,Hitachi HDS5C4040ALE630,4000787030016,0,,0,,,,,,,,0,,,,,,7413,,,,,,,,,,,,,,,,,,,,,,,,,,,,,,21,,,,,,0,,,,,,,,,,,,,,,,,,,,,,,,,,,,
2013-12-11,MJ0351YNGA312A,Hitachi HDS5C3030ALA630,3000592982016,0,,0,,,,,,,,0,,,,,,9315,,,,,,,,,,,,,,,,,,,,,,,,,,,,,,31,,,,,,0,,,,,,,,,,,,,,,,,,,,,,,,,,,,
2013-12-11,MJ0351YNG9VX7A,Hitachi HDS5C3030ALA630,3000592982016,0,,0,,,,,,,,0,,,,,,9941,,,,,,,,,,,,,,,,,,,,,,,,,,,,,,23,,,,,,0,,,,,,,,,,,,,,,,,,,,,,,,,,,,
2013-12-11,WD-WCAWZ0952139,WDC WD30EZRX,3000592982016,0,,0,,,,,,,,0,,,,,,17320,,,,,,,,,,,,,,,,,,,,,,,,,,,,,,21,,,,,,0,,,,,,,,,,,,,,,,,,,,,,,,,,,,
2013-12-11,W300D72R,ST4000DM000,4000787030016,0,,243215520,,,,,,,,0,,,,,,909,,,,,,,,,,,,,,,,,,,,,,,,,,,,,,22,,,,,,0,,,,,,,,,,,,,,,,,,,,,,,,,,,,
2013-12-11,JK11A8B9J8DPYF,Hitachi HDS722020ALA330,2000398934016,0,,65536,,,,,,,,0,,,,,,25125,,,,,,,,,,,,,,,,,,,,,,,,,,,,,,27,,,,,,0,,,,,,,,,,,,,,,,,,,,,,,,,,,,
2013-12-11,MJ0351YNG9ZA7A,Hitachi HDS5C3030ALA630,3000592982016,0,,0,,,,,,,,0,,,,,,9913,,,,,,,,,,,,,,,,,,,,,,,,,,,,,,32,,,,,,0,,,,,,,,,,,,,,,,,,,,,,,,,,,,
2013-12-11,S1F02R1H,ST3000DM001,3000592982016,0,,178607520,,,,,,,,0,,,,,,15240,,,,,,,,,,,,,,,,,,,,,,,,,,,,,,21,,,,,,0,,,,,,,,,,,,,,,,,,,,,,,,,,,,
2013-12-11,MJ1311YNG31W4A,Hitachi HDS5C3030ALA630,3000592982016,0,,0,,,,,,,,0,,,,,,18041,,,,,,,,,,,,,,,,,,,,,,,,,,,,,,23,,,,,,0,,,,,,,,,,,,,,,,,,,,,,,,,,,,
2013-12-11,W3006NM5,ST4000DM000,4000787030016,0,,79385264,,,,,,,,0,,,,,,2505,,,,,,,,,,,,,,,,,,,,,,,,,,,,,,19,,,,,,0,,,,,,,,,,,,,,,,,,,,,,,,,,,,
2013-12-11,JK1130YAHAUVXT,Hitachi HDS722020ALA330,2000398934016,0,,0,,,,,,,,27,,,,,,19977,,,,,,,,,,,,,,,,,,,,,,,,,,,,,,26,,,,,,0,,,,,,,,,,,,,,,,,,,,,,,,,,,,
2013-12-11,JK1170YAJAXEST,Hitachi HDS722020ALA330,2000398934016,0,,1,,,,,,,,0,,,,,,28683,,,,,,,,,,,,,,,,,,,,,,,,,,,,,,27,,,,,,0,,,,,,,,,,,,,,,,,,,,,,,,,,,,
2013-12-11,JK1174YAK4N9TW,Hitachi HDS722020ALA330,2000398934016,0,,65539,,,,,,,,0,,,,,,28154,,,,,,,,,,,,,,,,,,,,,,,,,,,,,,27,,,,,,0,,,,,,,,,,,,,,,,,,,,,,,,,,,,
2013-12-11,S1F0AF0B,ST3000DM001,3000592982016,0,,108010464,,,,,,,,0,,,,,,12314,,,,,,,,,,,,,,,,,,,,,,,,,,,,,,31,,,,,,0,,,,,,,,,,,,,,,,,,,,,,,,,,,,
2013-12-11,6XW107Z2,ST31500541AS,1500301910016,0,,141685613,,,,,,,,0,,,,,,31048,,,,,,,,,,,,,,,,,,,,,,,,,,,,,,22,,,,,,0,,,,,,,,,,,,,,,,,,,,,,,,,,,,
2013-12-11,6XW107Z0,ST31500541AS,1500301910016,0,,163631424,,,,,,,,0,,,,,,31469,,,,,,,,,,,,,,,,,,,,,,,,,,,,,,30,,,,,,0,,,,,,,,,,,,,,,,,,,,,,,,,,,,
2013-12-11,6XW0T9S8,ST31500541AS,1500301910016,0,,175645124,,,,,,,,0,,,,,,31153,,,,,,,,,,,,,,,,,,,,,,,,,,,,,,19,,,,,,0,,,,,,,,,,,,,,,,,,,,,,,,,,,,
2013-12-11,MJ0351YNG9YEVA,Hitachi HDS5C3030ALA630,3000592982016,0,,0,,,,,,,,3,,,,,,9477,,,,,,,,,,,,,,,,,,,,,,,,,,,,,,27,,,,,,3,,,,,,,,,,,,,,,,,,,,,,,,,,,,
2013-12-11,6XW0WD6H,ST31500541AS,1500301910016,0,,67477563,,,,,,,,0,,,,,,34193,,,,,,,,,,,,,,,,,,,,,,,,,,,,,,23,,,,,,0,,,,,,,,,,,,,,,,,,,,,,,,,,,,
2013-12-11,MJ0351YNG9Z78A,Hitachi HDS5C3030ALA630,3000592982016,0,,0,,,,,,,,0,,,,,,9552,,,,,,,,,,,,,,,,,,,,,,,,,,,,,,32,,,,,,0,,,,,,,,,,,,,,,,,,,,,,,,,,,,
2013-12-11,PL1321LAG33J8H,Hitachi HDS5C4040ALE630,4000787030016,0,,0,,,,,,,,0,,,,,,2981,,,,,,,,,,,,,,,,,,,,,,,,,,,,,,23,,,,,,0,,,,,,,,,,,,,,,,,,,,,,,,,,,,
2013-12-11,MJ1311YNG5MUDA,Hitachi HDS5C3030ALA630,3000592982016,0,,0,,,,,,,,0,,,,,,14330,,,,,,,,,,,,,,,,,,,,,,,,,,,,,,33,,,,,,0,,,,,,,,,,,,,,,,,,,,,,,,,,,,
2013-12-11,6XW03CH4,ST31500541AS,1500301910016,0,,168107738,,,,,,,,0,,,,,,36070,,,,,,,,,,,,,,,,,,,,,,,,,,,,,,19,,,,,,0,,,,,,,,,,,,,,,,,,,,,,,,,,,,
2013-12-11,S1F1360P,ST3000DM001,3000592982016,0,,22726504,,,,,,,,0,,,,,,8188,,,,,,,,,,,,,,,,,,,,,,,,,,,,,,24,,,,,,0,,,,,,,,,,,,,,,,,,,,,,,,,,,,
2013-12-11,Z300NFME,ST4000DM000,4000787030016,0,,56086200,,,,,,,,0,,,,,,2901,,,,,,,,,,,,,,,,,,,,,,,,,,,,,,26,,,,,,0,,,,,,,,,,,,,,,,,,,,,,,,,,,,
2013-12-11,S1F1360W,ST3000DM001,3000592982016,0,,70161088,,,,,,,,0,,,,,,7993,,,,,,,,,,,,,,,,,,,,,,,,,,,,,,26,,,,,,0,,,,,,,,,,,,,,,,,,,,,,,,,,,,
2013-12-11,JK1105B8GA6D4X,Hitachi HDS722020ALA330,2000398934016,0,,196613,,,,,,,,0,,,,,,27213,,,,,,,,,,,,,,,,,,,,,,,,,,,,,,27,,,,,,0,,,,,,,,,,,,,,,,,,,,,,,,,,,,
2013-12-11,S1F00Z1Z,ST3000DM001,3000592982016,0,,65253712,,,,,,,,0,,,,,,14211,,,,,,,,,,,,,,,,,,,,,,,,,,,,,,22,,,,,,0,,,,,,,,,,,,,,,,,,,,,,,,,,,,
2013-12-11,MJ1311YNG60YEA,Hitachi HDS5C3030ALA630,3000592982016,0,,0,,,,,,,,0,,,,,,14310,,,,,,,,,,,,,,,,,,,,,,,,,,,,,,24,,,,,,0,,,,,,,,,,,,,,,,,,,,,,,,,,,,
2013-12-11,S1F0CTKQ,ST3000DM001,3000592982016,0,,192606448,,,,,,,,0,,,,,,12419,,,,,,,,,,,,,,,,,,,,,,,,,,,,,,34,,,,,,0,,,,,,,,,,,,,,,,,,,,,,,,,,,,
2013-12-11,PL2311LAG1TYJC,Hitachi HDS5C4040ALE630,4000787030016,0,,0,,,,,,,,0,,,,,,7461,,,,,,,,,,,,,,,,,,,,,,,,,,,,,,29,,,,,,0,,,,,,,,,,,,,,,,,,,,,,,,,,,,
2013-12-11,JK1101B9JRN0RF,Hitachi HDS722020ALA330,2000398934016,0,,1,,,,,,,,0,,,,,,23126,,,,,,,,,,,,,,,,,,,,,,,,,,,,,,26,,,,,,0,,,,,,,,,,,,,,,,,,,,,,,,,,,,
2013-12-11,S1F03RR9,ST3000DM001,3000592982016,0,,153788856,,,,,,,,0,,,,,,12396,,,,,,,,,,,,,,,,,,,,,,,,,,,,,,24,,,,,,0,,,,,,,,,,,,,,,,,,,,,,,,,,,,
2013-12-11,MJ1311YNG3E8NA,Hitachi HDS5C3030ALA630,3000592982016,0,,0,,,,,,,,0,,,,,,19254,,,,,,,,,,,,,,,,,,,,,,,,,,,,,,22,,,,,,0,,,,,,,,,,,,,,,,,,,,,,,,,,,,
2013-12-11,S1F0CSK7,ST3000DM001,3000592982016,0,,216735544,,,,,,,,0,,,,,,12418,,,,,,,,,,,,,,,,,,,,,,,,,,,,,,28,,,,,,0,,,,,,,,,,,,,,,,,,,,,,,,,,,,
2013-12-11,JK1101B9GHEHVF,Hitachi HDS722020ALA330,2000398934016,0,,0,,,,,,,,0,,,,,,26763,,,,,,,,,,,,,,,,,,,,,,,,,,,,,,24,,,,,,0,,,,,,,,,,,,,,,,,,,,,,,,,,,,
2013-12-11,Z300NPW0,ST4000DM000,4000787030016,0,,198544432,,,,,,,,0,,,,,,1233,,,,,,,,,,,,,,,,,,,,,,,,,,,,,,20,,,,,,0,,,,,,,,,,,,,,,,,,,,,,,,,,,,
2013-12-11,MK0311YHG4YM8A,Hitachi HDS723030ALA640,3000592982016,0,,0,,,,,,,,0,,,,,,21793,,,,,,,,,,,,,,,,,,,,,,,,,,,,,,26,,,,,,0,,,,,,,,,,,,,,,,,,,,,,,,,,,,
2013-12-11,Z300JAAY,ST4000DM000,4000787030016,0,,132513792,,,,,,,,0,,,,,,2241,,,,,,,,,,,,,,,,,,,,,,,,,,,,,,20,,,,,,0,,,,,,,,,,,,,,,,,,,,,,,,,,,,
2013-12-11,MJ1321YNG0J5EA,Hitachi HDS5C3030ALA630,3000592982016,0,,0,,,,,,,,0,,,,,,20067,,,,,,,,,,,,,,,,,,,,,,,,,,,,,,22,,,,,,0,,,,,,,,,,,,,,,,,,,,,,,,,,,,
2013-12-11,JK11A8B9J762KF,Hitachi HDS722020ALA330,2000398934016,0,,0,,,,,,,,0,,,,,,21478,,,,,,,,,,,,,,,,,,,,,,,,,,,,,,28,,,,,,0,,,,,,,,,,,,,,,,,,,,,,,,,,,,
2013-12-11,MJ0351YNG9T0XA,Hitachi HDS5C3030ALA630,3000592982016,0,,0,,,,,,,,0,,,,,,9475,,,,,,,,,,,,,,,,,,,,,,,,,,,,,,27,,,,,,0,,,,,,,,,,,,,,,,,,,,,,,,,,,,
2013-12-11,JK1105B8GG4RHX,Hitachi HDS722020ALA330,2000398934016,0,,0,,,,,,,,0,,,,,,26766,,,,,,,,,,,,,,,,,,,,,,,,,,,,,,25,,,,,,0,,,,,,,,,,,,,,,,,,,,,,,,,,,,
2013-12-11,WD-WCAWZ0808584,WDC WD30EZRX,3000592982016,0,,0,,,,,,,,0,,,,,,16127,,,,,,,,,,,,,,,,,,,,,,,,,,,,,,22,,,,,,0,,,,,,,,,,,,,,,,,,,,,,,,,,,,
2013-12-11,MJ1311YNG5VB4A,Hitachi HDS5C3030ALA630,3000592982016,0,,0,,,,,,,,0,,,,,,14310,,,,,,,,,,,,,,,,,,,,,,,,,,,,,,24,,,,,,0,,,,,,,,,,,,,,,,,,,,,,,,,,,,
2013-12-11,JK11A8B9HDETVF,Hitachi HDS722020ALA330,2000398934016,0,,0,,,,,,,,0,,,,,,7707,,,,,,,,,,,,,,,,,,,,,,,,,,,,,,27,,,,,,0,,,,,,,,,,,,,,,,,,,,,,,,,,,,
2013-12-11,MK0311YHG0K82A,Hitachi HDS723030ALA640,3000592982016,0,,0,,,,,,,,0,,,,,,16660,,,,,,,,,,,,,,,,,,,,,,,,,,,,,,23,,,,,,0,,,,,,,,,,,,,,,,,,,,,,,,,,,,
2013-12-11,W1F1N4CT,ST3000DM001,3000592982016,0,,68261504,,,,,,,,0,,,,,,8160,,,,,,,,,,,,,,,,,,,,,,,,,,,,,,24,,,,,,0,,,,,,,,,,,,,,,,,,,,,,,,,,,,
2013-12-11,W1F09XSD,ST3000DM001,3000592982016,0,,196965608,,,,,,,,0,,,,,,13822,,,,,,,,,,,,,,,,,,,,,,,,,,,,,,21,,,,,,24,,,,,,,,,,,,,,,,,,,,,,,,,,,,
2013-12-11,JK1130YAGS19NT,Hitachi HDS722020ALA330,2000398934016,0,,0,,,,,,,,0,,,,,,11384,,,,,,,,,,,,,,,,,,,,,,,,,,,,,,34,,,,,,0,,,,,,,,,,,,,,,,,,,,,,,,,,,,
2013-12-11,WD-WCAWZ1295096,WDC WD30EZRX,3000592982016,0,,0,,,,,,,,0,,,,,,17601,,,,,,,,,,,,,,,,,,,,,,,,,,,,,,22,,,,,,0,,,,,,,,,,,,,,,,,,,,,,,,,,,,
2013-12-11,W1F09M5P,ST3000DM001,3000592982016,0,,197436352,,,,,,,,0,,,,,,13372,,,,,,,,,,,,,,,,,,,,,,,,,,,,,,23,,,,,,48,,,,,,,,,,,,,,,,,,,,,,,,,,,,
2013-12-11,MJ0351YNG9ZWNA,Hitachi HDS5C3030ALA630,3000592982016,0,,0,,,,,,,,0,,,,,,9974,,,,,,,,,,,,,,,,,,,,,,,,,,,,,,23,,,,,,0,,,,,,,,,,,,,,,,,,,,,,,,,,,,
2013-12-11,JK1171YAK1ZL6N,Hitachi HDS722020ALA330,2000398934016,0,,0,,,,,,,,0,,,,,,29211,,,,,,,,,,,,,,,,,,,,,,,,,,,,,,32,,,,,,0,,,,,,,,,,,,,,,,,,,,,,,,,,,,
2013-12-11,PL1311LAG1RR5A,Hitachi HDS5C4040ALE630,4000787030016,0,,0,,,,,,,,0,,,,,,7437,,,,,,,,,,,,,,,,,,,,,,,,,,,,,,24,,,,,,0,,,,,,,,,,,,,,,,,,,,,,,,,,,,
2013-12-11,MJ1311YNG3NBBA,Hitachi HDS5C3030ALA630,3000592982016,0,,0,,,,,,,,0,,,,,,18203,,,,,,,,,,,,,,,,,,,,,,,,,,,,,,27,,,,,,0,,,,,,,,,,,,,,,,,,,,,,,,,,,,
2013-12-11,W300JTNH,ST4000DM000,4000787030016,0,,136195096,,,,,,,,0,,,,,,2220,,,,,,,,,,,,,,,,,,,,,,,,,,,,,,22,,,,,,0,,,,,,,,,,,,,,,,,,,,,,,,,,,,
2013-12-11,JK1100YAHDKJST,Hitachi HDS722020ALA330,2000398934016,0,,0,,,,,,,,0,,,,,,3010,,,,,,,,,,,,,,,,,,,,,,,,,,,,,,25,,,,,,0,,,,,,,,,,,,,,,,,,,,,,,,,,,,
2013-12-11,MJ0351YNG9SGUA,Hitachi HDS5C3030ALA630,3000592982016,0,,0,,,,,,,,0,,,,,,9477,,,,,,,,,,,,,,,,,,,,,,,,,,,,,,27,,,,,,0,,,,,,,,,,,,,,,,,,,,,,,,,,,,
2013-12-11,Z300ND5R,ST4000DM000,4000787030016,0,,240656400,,,,,,,,0,,,,,,1232,,,,,,,,,,,,,,,,,,,,,,,,,,,,,,18,,,,,,0,,,,,,,,,,,,,,,,,,,,,,,,,,,,
2013-12-11,W300E2CY,ST4000DM000,4000787030016,0,,172527016,,,,,,,,0,,,,,,4289,,,,,,,,,,,,,,,,,,,,,,,,,,,,,,20,,,,,,0,,,,,,,,,,,,,,,,,,,,,,,,,,,,
2013-12-11,WD-WCAWZ0430639,WDC WD30EZRS,3000592982016,0,,1,,,,,,,,0,,,,,,12883,,,,,,,,,,,,,,,,,,,,,,,,,,,,,,22,,,,,,0,,,,,,,,,,,,,,,,,,,,,,,,,,,,
2013-12-11,W1F0QRDZ,ST3000DM001,3000592982016,0,,197143608,,,,,,,,0,,,,,,12548,,,,,,,,,,,,,,,,,,,,,,,,,,,,,,25,,,,,,8,,,,,,,,,,,,,,,,,,,,,,,,,,,,
2013-12-11,PL2311LAG1P0UC,Hitachi HDS5C4040ALE630,4000787030016,0,,0,,,,,,,,0,,,,,,7463,,,,,,,,,,,,,,,,,,,,,,,,,,,,,,26,,,,,,0,,,,,,,,,,,,,,,,,,,,,,,,,,,,
2013-12-11,MK0301YHGKXG3A,Hitachi HDS723030ALA640,3000592982016,0,,1,,,,,,,,0,,,,,,16077,,,,,,,,,,,,,,,,,,,,,,,,,,,,,,30,,,,,,0,,,,,,,,,,,,,,,,,,,,,,,,,,,,
2013-12-11,W1F03DRQ,ST3000DM001,3000592982016,0,,51485792,,,,,,,,0,,,,,,14215,,,,,,,,,,,,,,,,,,,,,,,,,,,,,,20,,,,,,0,,,,,,,,,,,,,,,,,,,,,,,,,,,,
2013-12-11,WD-WMC1T3171220,WDC WD30EFRX,3000592982016,0,,0,,,,,,,,0,,,,,,2302,,,,,,,,,,,,,,,,,,,,,,,,,,,,,,20,,,,,,0,,,,,,,,,,,,,,,,,,,,,,,,,,,,
2013-12-11,W300E2C6,ST4000DM000,4000787030016,0,,1494688,,,,,,,,0,,,,,,4188,,,,,,,,,,,,,,,,,,,,,,,,,,,,,,31,,,,,,0,,,,,,,,,,,,,,,,,,,,,,,,,,,,
2013-12-11,W300B195,ST4000DM000,4000787030016,0,,155133336,,,,,,,,0,,,,,,4183,,,,,,,,,,,,,,,,,,,,,,,,,,,,,,26,,,,,,0,,,,,,,,,,,,,,,,,,,,,,,,,,,,
2013-12-11,Z1F0LBC5,ST3000DM001,3000592982016,0,,192670192,,,,,,,,0,,,,,,12180,,,,,,,,,,,,,,,,,,,,,,,,,,,,,,33,,,,,,0,,,,,,,,,,,,,,,,,,,,,,,,,,,,
2013-12-11,MK0311YHGKA59A,Hitachi HDS723030ALA640,3000592982016,0,,0,,,,,,,,0,,,,,,16659,,,,,,,,,,,,,,,,,,,,,,,,,,,,,,23,,,,,,0,,,,,,,,,,,,,,,,,,,,,,,,,,,,
2013-12-11,5XW03HVZ,ST31500541AS,1500301910016,0,,93330601,,,,,,,,0,,,,,,37154,,,,,,,,,,,,,,,,,,,,,,,,,,,,,,23,,,,,,0,,,,,,,,,,,,,,,,,,,,,,,,,,,,
2013-12-11,WD-WCAU4C153285,WDC WD10EADS,1000204886016,0,,0,,,,,,,,0,,,,,,20412,,,,,,,,,,,,,,,,,,,,,,,,,,,,,,26,,,,,,0,,,,,,,,,,,,,,,,,,,,,,,,,,,,
2013-12-11,JK11A4B8J57RLW,Hitachi HDS722020ALA330,2000398934016,0,,0,,,,,,,,0,,,,,,25122,,,,,,,,,,,,,,,,,,,,,,,,,,,,,,31,,,,,,0,,,,,,,,,,,,,,,,,,,,,,,,,,,,
2013-12-11,JK11A8B9J7J15F,Hitachi HDS722020ALA330,2000398934016,0,,0,,,,,,,,0,,,,,,26004,,,,,,,,,,,,,,,,,,,,,,,,,,,,,,27,,,,,,0,,,,,,,,,,,,,,,,,,,,,,,,,,,,
2013-12-11,MJ1311YNG3DDZA,Hitachi HDS5C3030ALA630,3000592982016,0,,0,,,,,,,,0,,,,,,18947,,,,,,,,,,,,,,,,,,,,,,,,,,,,,,25,,,,,,0,,,,,,,,,,,,,,,,,,,,,,,,,,,,
2013-12-11,MJ1311YNG6353A,Hitachi HDS5C3030ALA630,3000592982016,0,,0,,,,,,,,0,,,,,,14620,,,,,,,,,,,,,,,,,,,,,,,,,,,,,,22,,,,,,0,,,,,,,,,,,,,,,,,,,,,,,,,,,,
2013-12-11,Z300NCK1,ST4000DM000,4000787030016,0,,111667440,,,,,,,,0,,,,,,1228,,,,,,,,,,,,,,,,,,,,,,,,,,,,,,19,,,,,,0,,,,,,,,,,,,,,,,,,,,,,,,,,,,
2013-12-11,MJ1311YNG3EGLA,Hitachi HDS5C3030ALA630,3000592982016,0,,0,,,,,,,,0,,,,,,19310,,,,,,,,,,,,,,,,,,,,,,,,,,,,,,28,,,,,,0,,,,,,,,,,,,,,,,,,,,,,,,,,,,
2013-12-11,MJ0351YNGA38WA,Hitachi HDS5C3030ALA630,3000592982016,0,,0,,,,,,,,0,,,,,,9129,,,,,,,,,,,,,,,,,,,,,,,,,,,,,,29,,,,,,0,,,,,,,,,,,,,,,,,,,,,,,,,,,,
2013-12-11,9VS21JD2,ST31500341AS,1500301910016,0,,136602825,,,,,,,,9,,,,,,35528,,,,,,,,,,,,,,,,,,,,,,,,,,,,,,26,,,,,,0,,,,,,,,,,,,,,,,,,,,,,,,,,,,
2013-12-11,Z300JCBX,ST4000DM000,4000787030016,0,,127406680,,,,,,,,0,,,,,,2874,,,,,,,,,,,,,,,,,,,,,,,,,,,,,,21,,,,,,0,,,,,,,,,,,,,,,,,,,,,,,,,,,,
2013-12-11,JK11A8B9GNL2NF,Hitachi HDS722020ALA330,2000398934016,0,,0,,,,,,,,0,,,,,,26493,,,,,,,,,,,,,,,,,,,,,,,,,,,,,,26,,,,,,0,,,,,,,,,,,,,,,,,,,,,,,,,,,,
2013-12-11,5XW02XF3,ST31500541AS,1500301910016,0,,75580787,,,,,,,,0,,,,,,37436,,,,,,,,,,,,,,,,,,,,,,,,,,,,,,24,,,,,,0,,,,,,,,,,,,,,,,,,,,,,,,,,,,
2013-12-11,Z300JCBQ,ST4000DM000,4000787030016,0,,204021920,,,,,,,,0,,,,,,2217,,,,,,,,,,,,,,,,,,,,,,,,,,,,,,21,,,,,,0,,,,,,,,,,,,,,,,,,,,,,,,,,,,
2013-12-11,Z300JCBJ,ST4000DM000,4000787030016,0,,92326344,,,,,,,,0,,,,,,1447,,,,,,,,,,,,,,,,,,,,,,,,,,,,,,27,,,,,,0,,,,,,,,,,,,,,,,,,,,,,,,,,,,
2013-12-11,S1F03GNT,ST3000DM001,3000592982016,0,,42730728,,,,,,,,0,,,,,,13820,,,,,,,,,,,,,,,,,,,,,,,,,,,,,,24,,,,,,0,,,,,,,,,,,,,,,,,,,,,,,,,,,,
2013-12-11,MK0311YHGGK2DA,Hitachi HDS723030ALA640,3000592982016,0,,0,,,,,,,,0,,,,,,16679,,,,,,,,,,,,,,,,,,,,,,,,,,,,,,26,,,,,,0,,,,,,,,,,,,,,,,,,,,,,,,,,,,
2013-12-11,9VS1QDCM,ST31500341AS,1500301910016,0,,106729571,,,,,,,,294,,,,,,40245,,,,,,,,,,,,,,,,,,,,,,,,,,,,,,28,,,,,,0,,,,,,,,,,,,,,,,,,,,,,,,,,,,
2013-12-11,JK11A8B9J1NWNF,Hitachi HDS722020ALA330,2000398934016,0,,0,,,,,,,,0,,,,,,23992,,,,,,,,,,,,,,,,,,,,,,,,,,,,,,29,,,,,,0,,,,,,,,,,,,,,,,,,,,,,,,,,,,
2013-12-11,S1F0LX7C,ST3000DM001,3000592982016,0,,3865760,,,,,,,,0,,,,,,7516,,,,,,,,,,,,,,,,,,,,,,,,,,,,,,22,,,,,,0,,,,,,,,,,,,,,,,,,,,,,,,,,,,
2013-12-11,MJ1323YNG1029C,Hitachi HDS5C3030ALA630,3000592982016,0,,0,,,,,,,,0,,,,,,19372,,,,,,,,,,,,,,,,,,,,,,,,,,,,,,26,,,,,,0,,,,,,,,,,,,,,,,,,,,,,,,,,,,
2013-12-11,PL2311LAG1KRHC,Hitachi HDS5C4040ALE630,4000787030016,0,,0,,,,,,,,0,,,,,,7757,,,,,,,,,,,,,,,,,,,,,,,,,,,,,,25,,,,,,0,,,,,,,,,,,,,,,,,,,,,,,,,,,,
2013-12-11,W300BPXR,ST4000DM000,4000787030016,0,,219426624,,,,,,,,0,,,,,,3238,,,,,,,,,,,,,,,,,,,,,,,,,,,,,,20,,,,,,0,,,,,,,,,,,,,,,,,,,,,,,,,,,,
2013-12-11,Z290VDWP,ST33000651AS,3000592982016,0,,48496554,,,,,,,,0,,,,,,17738,,,,,,,,,,,,,,,,,,,,,,,,,,,,,,27,,,,,,0,,,,,,,,,,,,,,,,,,,,,,,,,,,,
2013-12-11,MJ1323YNG1H1NC,Hitachi HDS5C3030ALA630,3000592982016,0,,0,,,,,,,,2,,,,,,20509,,,,,,,,,,,,,,,,,,,,,,,,,,,,,,22,,,,,,0,,,,,,,,,,,,,,,,,,,,,,,,,,,,
2013-12-11,MK0313YHGBAZAC,Hitachi HDS723030ALA640,3000592982016,0,,0,,,,,,,,0,,,,,,21455,,,,,,,,,,,,,,,,,,,,,,,,,,,,,,23,,,,,,0,,,,,,,,,,,,,,,,,,,,,,,,,,,,
2013-12-11,WD-WCAU45241958,WDC WD10EADS,1000204886016,0,,11,,,,,,,,0,,,,,,41360,,,,,,,,,,,,,,,,,,,,,,,,,,,,,,23,,,,,,0,,,,,,,,,,,,,,,,,,,,,,,,,,,,
2013-12-11,JK1101B9GHGPPF,Hitachi HDS722020ALA330,2000398934016,0,,0,,,,,,,,0,,,,,,26764,,,,,,,,,,,,,,,,,,,,,,,,,,,,,,28,,,,,,0,,,,,,,,,,,,,,,,,,,,,,,,,,,,
2013-12-11,JK1101B9KNP6PF,Hitachi HDS722020ALA330,2000398934016,0,,1,,,,,,,,0,,,,,,23125,,,,,,,,,,,,,,,,,,,,,,,,,,,,,,35,,,,,,0,,,,,,,,,,,,,,,,,,,,,,,,,,,,
2013-12-11,W1F0P1XY,ST3000DM001,3000592982016,0,,163575664,,,,,,,,0,,,,,,11050,,,,,,,,,,,,,,,,,,,,,,,,,,,,,,24,,,,,,0,,,,,,,,,,,,,,,,,,,,,,,,,,,,
2013-12-11,Z300PB4X,ST4000DM000,4000787030016,0,,206402880,,,,,,,,0,,,,,,1093,,,,,,,,,,,,,,,,,,,,,,,,,,,,,,26,,,,,,0,,,,,,,,,,,,,,,,,,,,,,,,,,,,
2013-12-11,WD-WCAU4A647462,WDC WD10EADS,1000204886016,0,,0,,,,,,,,0,,,,,,38083,,,,,,,,,,,,,,,,,,,,,,,,,,,,,,26,,,,,,0,,,,,,,,,,,,,,,,,,,,,,,,,,,,
2013-12-11,PL1321LAGAM0VH,Hitachi HDS5C4040ALE630,4000787030016,0,,0,,,,,,,,0,,,,,,5028,,,,,,,,,,,,,,,,,,,,,,,,,,,,,,29,,,,,,0,,,,,,,,,,,,,,,,,,,,,,,,,,,,
2013-12-11,W300DYZK,ST4000DM000,4000787030016,0,,118938816,,,,,,,,0,,,,,,4047,,,,,,,,,,,,,,,,,,,,,,,,,,,,,,23,,,,,,0,,,,,,,,,,,,,,,,,,,,,,,,,,,,
2013-12-11,MJ0351YNG9U7UA,Hitachi HDS5C3030ALA630,3000592982016,0,,0,,,,,,,,0,,,,,,7612,,,,,,,,,,,,,,,,,,,,,,,,,,,,,,21,,,,,,0,,,,,,,,,,,,,,,,,,,,,,,,,,,,
2013-12-11,JK11A8B9J366JF,Hitachi HDS722020ALA330,2000398934016,0,,0,,,,,,,,0,,,,,,23126,,,,,,,,,,,,,,,,,,,,,,,,,,,,,,24,,,,,,0,,,,,,,,,,,,,,,,,,,,,,,,,,,,
2013-12-11,JK11A8B9JR8RJF,Hitachi HDS722020ALA330,2000398934016,0,,0,,,,,,,,0,,,,,,23719,,,,,,,,,,,,,,,,,,,,,,,,,,,,,,26,,,,,,0,,,,,,,,,,,,,,,,,,,,,,,,,,,,
2013-12-11,S1F031EY,ST3000DM001,3000592982016,0,,116231312,,,,,,,,328,,,,,,15342,,,,,,,,,,,,,,,,,,,,,,,,,,,,,,27,,,,,,0,,,,,,,,,,,,,,,,,,,,,,,,,,,,
2013-12-11,Z300K1HR,ST4000DM000,4000787030016,0,,13459864,,,,,,,,0,,,,,,2216,,,,,,,,,,,,,,,,,,,,,,,,,,,,,,22,,,,,,0,,,,,,,,,,,,,,,,,,,,,,,,,,,,
2013-12-11,JK2171B9HZDLBL,Hitachi HDS722020ALA330,2000398934016,0,,11796730,,,,,,,,5,,,,,,22702,,,,,,,,,,,,,,,,,,,,,,,,,,,,,,29,,,,,,0,,,,,,,,,,,,,,,,,,,,,,,,,,,,
2013-12-11,W3009X9F,ST4000DM000,4000787030016,0,,63757088,,,,,,,,0,,,,,,3238,,,,,,,,,,,,,,,,,,,,,,,,,,,,,,17,,,,,,0,,,,,,,,,,,,,,,,,,,,,,,,,,,,
2013-12-11,JK11A8B9J7EZJF,Hitachi HDS722020ALA330,2000398934016,0,,0,,,,,,,,1,,,,,,24497,,,,,,,,,,,,,,,,,,,,,,,,,,,,,,26,,,,,,0,,,,,,,,,,,,,,,,,,,,,,,,,,,,
2013-12-11,S1F031EF,ST3000DM001,3000592982016,0,,12274888,,,,,,,,0,,,,,,15238,,,,,,,,,,,,,,,,,,,,,,,,,,,,,,21,,,,,,0,,,,,,,,,,,,,,,,,,,,,,,,,,,,
2013-12-11,W300KKWW,ST4000DM000,4000787030016,0,,58099248,,,,,,,,0,,,,,,948,,,,,,,,,,,,,,,,,,,,,,,,,,,,,,18,,,,,,0,,,,,,,,,,,,,,,,,,,,,,,,,,,,
2013-12-11,Z300K1HK,ST4000DM000,4000787030016,0,,12592688,,,,,,,,0,,,,,,1848,,,,,,,,,,,,,,,,,,,,,,,,,,,,,,22,,,,,,0,,,,,,,,,,,,,,,,,,,,,,,,,,,,
2013-12-11,WD-WCC1T1273948,WDC WD30EFRX,3000592982016,0,,0,,,,,,,,0,,,,,,803,,,,,,,,,,,,,,,,,,,,,,,,,,,,,,24,,,,,,0,,,,,,,,,,,,,,,,,,,,,,,,,,,,
2013-12-11,W300BN39,ST4000DM000,4000787030016,0,,226698304,,,,,,,,0,,,,,,4044,,,,,,,,,,,,,,,,,,,,,,,,,,,,,,23,,,,,,0,,,,,,,,,,,,,,,,,,,,,,,,,,,,
2013-12-11,6XW01FWW,ST31500541AS,1500301910016,0,,208827638,,,,,,,,0,,,,,,37287,,,,,,,,,,,,,,,,,,,,,,,,,,,,,,24,,,,,,0,,,,,,,,,,,,,,,,,,,,,,,,,,,,
2013-12-11,MJ1311YNG5U38A,Hitachi HDS5C3030ALA630,3000592982016,0,,0,,,,,,,,0,,,,,,14620,,,,,,,,,,,,,,,,,,,,,,,,,,,,,,24,,,,,,0,,,,,,,,,,,,,,,,,,,,,,,,,,,,
2013-12-11,JK1101B9JRM31F,Hitachi HDS722020ALA330,2000398934016,0,,0,,,,,,,,0,,,,,,23512,,,,,,,,,,,,,,,,,,,,,,,,,,,,,,28,,,,,,0,,,,,,,,,,,,,,,,,,,,,,,,,,,,
2013-12-11,JK1101B9KGNNKT,Hitachi HDS722020ALA330,2000398934016,0,,0,,,,,,,,0,,,,,,23100,,,,,,,,,,,,,,,,,,,,,,,,,,,,,,24,,,,,,0,,,,,,,,,,,,,,,,,,,,,,,,,,,,
2013-12-11,6XW01FWY,ST31500541AS,1500301910016,0,,26075504,,,,,,,,0,,,,,,35783,,,,,,,,,,,,,,,,,,,,,,,,,,,,,,18,,,,,,0,,,,,,,,,,,,,,,,,,,,,,,,,,,,
2013-12-11,MJ0351YNG9V4BA,Hitachi HDS5C3030ALA630,3000592982016,0,,0,,,,,,,,0,,,,,,10000,,,,,,,,,,,,,,,,,,,,,,,,,,,,,,35,,,,,,0,,,,,,,,,,,,,,,,,,,,,,,,,,,,
2013-12-11,W300BN3T,ST4000DM000,4000787030016,0,,31991440,,,,,,,,0,,,,,,4042,,,,,,,,,,,,,,,,,,,,,,,,,,,,,,22,,,,,,0,,,,,,,,,,,,,,,,,,,,,,,,,,,,
2013-12-11,6XW03AAY,ST31500541AS,1500301910016,0,,144989654,,,,,,,,0,,,,,,35780,,,,,,,,,,,,,,,,,,,,,,,,,,,,,,18,,,,,,0,,,,,,,,,,,,,,,,,,,,,,,,,,,,
2013-12-11,Z300XGWT,ST4000DM000,4000787030016,0,,73910024,,,,,,,,0,,,,,,613,,,,,,,,,,,,,,,,,,,,,,,,,,,,,,22,,,,,,0,,,,,,,,,,,,,,,,,,,,,,,,,,,,
2013-12-11,W300J6MT,ST4000DM000,4000787030016,0,,1594000,,,,,,,,0,,,,,,1703,,,,,,,,,,,,,,,,,,,,,,,,,,,,,,24,,,,,,0,,,,,,,,,,,,,,,,,,,,,,,,,,,,
2013-12-11,JK1105B8JS0VUX,Hitachi HDS722020ALA330,2000398934016,0,,0,,,,,,,,0,,,,,,23122,,,,,,,,,,,,,,,,,,,,,,,,,,,,,,23,,,,,,0,,,,,,,,,,,,,,,,,,,,,,,,,,,,
2013-12-11,Z1F0L5HS,ST3000DM001,3000592982016,0,,42832392,,,,,,,,0,,,,,,12179,,,,,,,,,,,,,,,,,,,,,,,,,,,,,,32,,,,,,0,,,,,,,,,,,,,,,,,,,,,,,,,,,,
2013-12-11,JK11B1B9GRVZ5F,Hitachi HDS722020ALA330,2000398934016,0,,0,,,,,,,,0,,,,,,8018,,,,,,,,,,,,,,,,,,,,,,,,,,,,,,28,,,,,,0,,,,,,,,,,,,,,,,,,,,,,,,,,,,
2013-12-11,Z300K1H0,ST4000DM000,4000787030016,0,,142754112,,,,,,,,0,,,,,,1848,,,,,,,,,,,,,,,,,,,,,,,,,,,,,,22,,,,,,0,,,,,,,,,,,,,,,,,,,,,,,,,,,,
2013-12-11,Z1F0YSR5,ST3000DM001,3000592982016,0,,3059592,,,,,,,,0,,,,,,3992,,,,,,,,,,,,,,,,,,,,,,,,,,,,,,22,,,,,,0,,,,,,,,,,,,,,,,,,,,,,,,,,,,
2013-12-11,JK1171B9HAK99T,Hitachi HDS722020ALA330,2000398934016,0,,65536,,,,,,,,0,,,,,,24305,,,,,,,,,,,,,,,,,,,,,,,,,,,,,,27,,,,,,0,,,,,,,,,,,,,,,,,,,,,,,,,,,,
2013-12-11,6XW01837,ST31500541AS,1500301910016,0,,57478688,,,,,,,,0,,,,,,36426,,,,,,,,,,,,,,,,,,,,,,,,,,,,,,18,,,,,,0,,,,,,,,,,,,,,,,,,,,,,,,,,,,
2013-12-11,S1F0QX41,ST3000DM001,3000592982016,0,,199288096,,,,,,,,0,,,,,,11684,,,,,,,,,,,,,,,,,,,,,,,,,,,,,,33,,,,,,0,,,,,,,,,,,,,,,,,,,,,,,,,,,,
2013-12-11,Z300JE37,ST4000DM000,4000787030016,0,,209772624,,,,,,,,0,,,,,,2220,,,,,,,,,,,,,,,,,,,,,,,,,,,,,,25,,,,,,0,,,,,,,,,,,,,,,,,,,,,,,,,,,,
2013-12-11,W1F0B41F,ST3000DM001,3000592982016,0,,125956952,,,,,,,,0,,,,,,13911,,,,,,,,,,,,,,,,,,,,,,,,,,,,,,27,,,,,,0,,,,,,,,,,,,,,,,,,,,,,,,,,,,
2013-12-11,PL1321LAGAXRHH,Hitachi HDS5C4040ALE630,4000787030016,0,,0,,,,,,,,0,,,,,,5359,,,,,,,,,,,,,,,,,,,,,,,,,,,,,,23,,,,,,0,,,,,,,,,,,,,,,,,,,,,,,,,,,,
2013-12-11,S1F03400,ST3000DM001,3000592982016,0,,139636912,,,,,,,,0,,,,,,15593,,,,,,,,,,,,,,,,,,,,,,,,,,,,,,21,,,,,,0,,,,,,,,,,,,,,,,,,,,,,,,,,,,
2013-12-11,PL1321LAG34B8H,Hitachi HDS5C4040ALE630,4000787030016,0,,0,,,,,,,,0,,,,,,5668,,,,,,,,,,,,,,,,,,,,,,,,,,,,,,18,,,,,,0,,,,,,,,,,,,,,,,,,,,,,,,,,,,
2013-12-11,PK1331PAJ38XES,HGST HDS724040ALE640,4000787030016,0,,0,,,,,,,,0,,,,,,2026,,,,,,,,,,,,,,,,,,,,,,,,,,,,,,28,,,,,,0,,,,,,,,,,,,,,,,,,,,,,,,,,,,
2013-12-11,PL2321LAGARXWJ,Hitachi HDS5C4040ALE630,4000787030016,0,,0,,,,,,,,0,,,,,,5064,,,,,,,,,,,,,,,,,,,,,,,,,,,,,,30,,,,,,0,,,,,,,,,,,,,,,,,,,,,,,,,,,,
2013-12-11,PL1321LAG357VH,Hitachi HDS5C4040ALE630,4000787030016,0,,0,,,,,,,,0,,,,,,6654,,,,,,,,,,,,,,,,,,,,,,,,,,,,,,21,,,,,,0,,,,,,,,,,,,,,,,,,,,,,,,,,,,
2013-12-11,JK1101YAK8T5EV,Hitachi HDS722020ALA330,2000398934016,0,,458759,,,,,,,,0,,,,,,29653,,,,,,,,,,,,,,,,,,,,,,,,,,,,,,27,,,,,,0,,,,,,,,,,,,,,,,,,,,,,,,,,,,
2013-12-11,JK11A8B9J8E7TF,Hitachi HDS722020ALA330,2000398934016,0,,0,,,,,,,,256,,,,,,25580,,,,,,,,,,,,,,,,,,,,,,,,,,,,,,27,,,,,,0,,,,,,,,,,,,,,,,,,,,,,,,,,,,
2013-12-11,WD-WCAU47301903,WDC WD10EADS,1000204886016,0,,0,,,,,,,,0,,,,,,40650,,,,,,,,,,,,,,,,,,,,,,,,,,,,,,22,,,,,,0,,,,,,,,,,,,,,,,,,,,,,,,,,,,
2013-12-11,JK1101B9KMAZHF,Hitachi HDS722020ALA330,2000398934016,0,,65536,,,,,,,,0,,,,,,22862,,,,,,,,,,,,,,,,,,,,,,,,,,,,,,28,,,,,,0,,,,,,,,,,,,,,,,,,,,,,,,,,,,
2013-12-11,WD-WCAU4A611492,WDC WD10EADS,1000204886016,0,,10,,,,,,,,0,,,,,,38051,,,,,,,,,,,,,,,,,,,,,,,,,,,,,,25,,,,,,0,,,,,,,,,,,,,,,,,,,,,,,,,,,,
2013-12-11,Z1F06RM3,ST3000DM001,3000592982016,0,,26349128,,,,,,,,0,,,,,,13275,,,,,,,,,,,,,,,,,,,,,,,,,,,,,,20,,,,,,0,,,,,,,,,,,,,,,,,,,,,,,,,,,,
2013-12-11,9VS0ES03,ST31500341AS,1500301910016,0,,239123448,,,,,,,,10,,,,,,18389,,,,,,,,,,,,,,,,,,,,,,,,,,,,,,25,,,,,,0,,,,,,,,,,,,,,,,,,,,,,,,,,,,
2013-12-11,PL1321LAG35MGH,Hitachi HDS5C4040ALE630,4000787030016,0,,0,,,,,,,,0,,,,,,6570,,,,,,,,,,,,,,,,,,,,,,,,,,,,,,30,,,,,,0,,,,,,,,,,,,,,,,,,,,,,,,,,,,
2013-12-11,MK0331YHGSLL4A,Hitachi HDS723030ALA640,3000592982016,0,,0,,,,,,,,0,,,,,,17036,,,,,,,,,,,,,,,,,,,,,,,,,,,,,,30,,,,,,0,,,,,,,,,,,,,,,,,,,,,,,,,,,,
2013-12-11,9VS21R0G,ST31500341AS,1500301910016,0,,51394829,,,,,,,,1,,,,,,35524,,,,,,,,,,,,,,,,,,,,,,,,,,,,,,31,,,,,,0,,,,,,,,,,,,,,,,,,,,,,,,,,,,
2013-12-11,JK11A8B9JPVP3F,Hitachi HDS722020ALA330,2000398934016,0,,0,,,,,,,,0,,,,,,23717,,,,,,,,,,,,,,,,,,,,,,,,,,,,,,29,,,,,,0,,,,,,,,,,,,,,,,,,,,,,,,,,,,
2013-12-11,WD-WMAWZ0285646,WDC WD30EZRX,3000592982016,0,,0,,,,,,,,0,,,,,,12707,,,,,,,,,,,,,,,,,,,,,,,,,,,,,,23,,,,,,1,,,,,,,,,,,,,,,,,,,,,,,,,,,,
2013-12-11,WD-WMAWZ0285640,WDC WD30EZRX,3000592982016,0,,0,,,,,,,,0,,,,,,12697,,,,,,,,,,,,,,,,,,,,,,,,,,,,,,24,,,,,,0,,,,,,,,,,,,,,,,,,,,,,,,,,,,
2013-12-11,MJ1311YNG7EUXA,Hitachi HDS5C3030ALA630,3000592982016,0,,0,,,,,,,,0,,,,,,14680,,,,,,,,,,,,,,,,,,,,,,,,,,,,,,27,,,,,,0,,,,,,,,,,,,,,,,,,,,,,,,,,,,
2013-12-11,S1F05ADB,ST3000DM001,3000592982016,0,,51111112,,,,,,,,0,,,,,,13747,,,,,,,,,,,,,,,,,,,,,,,,,,,,,,20,,,,,,0,,,,,,,,,,,,,,,,,,,,,,,,,,,,
2013-12-11,MJ1311YNG6VVBA,Hitachi HDS5C3030ALA630,3000592982016,0,,0,,,,,,,,0,,,,,,14597,,,,,,,,,,,,,,,,,,,,,,,,,,,,,,29,,,,,,0,,,,,,,,,,,,,,,,,,,,,,,,,,,,
2013-12-11,6XW1XWQ7,ST32000542AS,2000398934016,0,,104930500,,,,,,,,0,,,,,,7829,,,,,,,,,,,,,,,,,,,,,,,,,,,,,,27,,,,,,0,,,,,,,,,,,,,,,,,,,,,,,,,,,,
2013-12-11,JK11A8B9J3LMXF,Hitachi HDS722020ALA330,2000398934016,0,,0,,,,,,,,0,,,,,,23823,,,,,,,,,,,,,,,,,,,,,,,,,,,,,,34,,,,,,0,,,,,,,,,,,,,,,,,,,,,,,,,,,,
2013-12-11,9XK0LD1H,ST33000651AS,3000592982016,0,,60542279,,,,,,,,0,,,,,,18073,,,,,,,,,,,,,,,,,,,,,,,,,,,,,,26,,,,,,0,,,,,,,,,,,,,,,,,,,,,,,,,,,,
2013-12-11,JK11A8B9J3LAZF,Hitachi HDS722020ALA330,2000398934016,0,,0,,,,,,,,0,,,,,,22892,,,,,,,,,,,,,,,,,,,,,,,,,,,,,,22,,,,,,0,,,,,,,,,,,,,,,,,,,,,,,,,,,,
2013-12-11,Z290RXMT,ST33000651AS,3000592982016,0,,46662836,,,,,,,,0,,,,,,17742,,,,,,,,,,,,,,,,,,,,,,,,,,,,,,23,,,,,,0,,,,,,,,,,,,,,,,,,,,,,,,,,,,
2013-12-11,MJ0351YNGA61UA,Hitachi HDS5C3030ALA630,3000592982016,0,,0,,,,,,,,0,,,,,,9163,,,,,,,,,,,,,,,,,,,,,,,,,,,,,,29,,,,,,0,,,,,,,,,,,,,,,,,,,,,,,,,,,,
2013-12-11,W1F0AQC8,ST3000DM001,3000592982016,0,,242073224,,,,,,,,0,,,,,,13362,,,,,,,,,,,,,,,,,,,,,,,,,,,,,,21,,,,,,0,,,,,,,,,,,,,,,,,,,,,,,,,,,,
2013-12-11,MJ0351YNGA0X0A,Hitachi HDS5C3030ALA630,3000592982016,0,,0,,,,,,,,0,,,,,,9899,,,,,,,,,,,,,,,,,,,,,,,,,,,,,,30,,,,,,0,,,,,,,,,,,,,,,,,,,,,,,,,,,,
2013-12-11,MJ0351YNG9W5VA,Hitachi HDS5C3030ALA630,3000592982016,0,,0,,,,,,,,0,,,,,,9986,,,,,,,,,,,,,,,,,,,,,,,,,,,,,,27,,,,,,0,,,,,,,,,,,,,,,,,,,,,,,,,,,,
2013-12-11,JK1105B8GH0D3X,Hitachi HDS722020ALA330,2000398934016,0,,0,,,,,,,,1,,,,,,27168,,,,,,,,,,,,,,,,,,,,,,,,,,,,,,27,,,,,,0,,,,,,,,,,,,,,,,,,,,,,,,,,,,
2013-12-11,Z1F0NM3H,ST3000DM001,3000592982016,0,,32192976,,,,,,,,0,,,,,,12616,,,,,,,,,,,,,,,,,,,,,,,,,,,,,,27,,,,,,0,,,,,,,,,,,,,,,,,,,,,,,,,,,,
2013-12-11,MJ0351YNG9SVWA,Hitachi HDS5C3030ALA630,3000592982016,0,,0,,,,,,,,0,,,,,,9469,,,,,,,,,,,,,,,,,,,,,,,,,,,,,,27,,,,,,0,,,,,,,,,,,,,,,,,,,,,,,,,,,,
2013-12-11,MJ1311YNG5DBSA,Hitachi HDS5C3030ALA630,3000592982016,0,,0,,,,,,,,0,,,,,,14288,,,,,,,,,,,,,,,,,,,,,,,,,,,,,,33,,,,,,0,,,,,,,,,,,,,,,,,,,,,,,,,,,,
2013-12-11,Z1F011RR,ST3000DM001,3000592982016,0,,11185560,,,,,,,,0,,,,,,17064,,,,,,,,,,,,,,,,,,,,,,,,,,,,,,28,,,,,,0,,,,,,,,,,,,,,,,,,,,,,,,,,,,
2013-12-11,WD-WCAWZ1718483,WDC WD30EZRX,3000592982016,0,,0,,,,,,,,0,,,,,,17613,,,,,,,,,,,,,,,,,,,,,,,,,,,,,,21,,,,,,0,,,,,,,,,,,,,,,,,,,,,,,,,,,,
2013-12-11,S1F052FL,ST3000DM001,3000592982016,0,,168010304,,,,,,,,0,,,,,,13885,,,,,,,,,,,,,,,,,,,,,,,,,,,,,,25,,,,,,0,,,,,,,,,,,,,,,,,,,,,,,,,,,,
2013-12-11,Z300NQ88,ST4000DM000,4000787030016,0,,1133624,,,,,,,,0,,,,,,1451,,,,,,,,,,,,,,,,,,,,,,,,,,,,,,25,,,,,,0,,,,,,,,,,,,,,,,,,,,,,,,,,,,
2013-12-11,S1F0CVW4,ST3000DM001,3000592982016,0,,48181504,,,,,,,,0,,,,,,12356,,,,,,,,,,,,,,,,,,,,,,,,,,,,,,25,,,,,,0,,,,,,,,,,,,,,,,,,,,,,,,,,,,
2013-12-11,JK1101B9JNXGVU,Hitachi HDS722020ALA330,2000398934016,0,,0,,,,,,,,0,,,,,,24112,,,,,,,,,,,,,,,,,,,,,,,,,,,,,,28,,,,,,0,,,,,,,,,,,,,,,,,,,,,,,,,,,,
2013-12-11,MJ0351YNG9REGA,Hitachi HDS5C3030ALA630,3000592982016,0,,0,,,,,,,,0,,,,,,7612,,,,,,,,,,,,,,,,,,,,,,,,,,,,,,21,,,,,,0,,,,,,,,,,,,,,,,,,,,,,,,,,,,
2013-12-11,PL1311LAG2BUGH,Hitachi HDS5C4040ALE630,4000787030016,0,,0,,,,,,,,0,,,,,,5209,,,,,,,,,,,,,,,,,,,,,,,,,,,,,,21,,,,,,0,,,,,,,,,,,,,,,,,,,,,,,,,,,,
2013-12-11,JK1101B9JMTRBF,Hitachi HDS722020ALA330,2000398934016,0,,0,,,,,,,,0,,,,,,23320,,,,,,,,,,,,,,,,,,,,,,,,,,,,,,30,,,,,,0,,,,,,,,,,,,,,,,,,,,,,,,,,,,
2013-12-11,WD-WCAWZ0968910,WDC WD30EZRX,3000592982016,0,,52,,,,,,,,0,,,,,,15778,,,,,,,,,,,,,,,,,,,,,,,,,,,,,,21,,,,,,1,,,,,,,,,,,,,,,,,,,,,,,,,,,,
2013-12-11,JK11A8B9J9HYYF,Hitachi HDS722020ALA330,2000398934016,0,,0,,,,,,,,0,,,,,,25541,,,,,,,,,,,,,,,,,,,,,,,,,,,,,,28,,,,,,0,,,,,,,,,,,,,,,,,,,,,,,,,,,,
2013-12-11,6XW0BH9F,ST31500541AS,1500301910016,0,,47259189,,,,,,,,0,,,,,,30719,,,,,,,,,,,,,,,,,,,,,,,,,,,,,,25,,,,,,0,,,,,,,,,,,,,,,,,,,,,,,,,,,,
2013-12-11,W1F0A5V0,ST3000DM001,3000592982016,0,,105648312,,,,,,,,0,,,,,,15365,,,,,,,,,,,,,,,,,,,,,,,,,,,,,,23,,,,,,0,,,,,,,,,,,,,,,,,,,,,,,,,,,,
2013-12-11,WD-WCAWZ1181447,WDC WD30EZRX,3000592982016,0,,0,,,,,,,,0,,,,,,15834,,,,,,,,,,,,,,,,,,,,,,,,,,,,,,26,,,,,,0,,,,,,,,,,,,,,,,,,,,,,,,,,,,
2013-12-11,JK11A8B9J74J1F,Hitachi HDS722020ALA330,2000398934016,0,,0,,,,,,,,0,,,,,,25541,,,,,,,,,,,,,,,,,,,,,,,,,,,,,,25,,,,,,0,,,,,,,,,,,,,,,,,,,,,,,,,,,,
2013-12-11,MJ1311YNG72XWA,Hitachi HDS5C3030ALA630,3000592982016,0,,0,,,,,,,,0,,,,,,14310,,,,,,,,,,,,,,,,,,,,,,,,,,,,,,23,,,,,,0,,,,,,,,,,,,,,,,,,,,,,,,,,,,
2013-12-11,W300K1S3,ST4000DM000,4000787030016,0,,123409312,,,,,,,,0,,,,,,919,,,,,,,,,,,,,,,,,,,,,,,,,,,,,,18,,,,,,0,,,,,,,,,,,,,,,,,,,,,,,,,,,,
2013-12-11,W300H56M,ST4000DM000,4000787030016,0,,68461168,,,,,,,,0,,,,,,815,,,,,,,,,,,,,,,,,,,,,,,,,,,,,,21,,,,,,0,,,,,,,,,,,,,,,,,,,,,,,,,,,,
2013-12-11,MJ1323YNG1M3WC,Hitachi HDS5C3030ALA630,3000592982016,0,,0,,,,,,,,0,,,,,,19763,,,,,,,,,,,,,,,,,,,,,,,,,,,,,,29,,,,,,0,,,,,,,,,,,,,,,,,,,,,,,,,,,,
2013-12-11,6XW0271Z,ST31500541AS,1500301910016,0,,16788122,,,,,,,,0,,,,,,37159,,,,,,,,,,,,,,,,,,,,,,,,,,,,,,23,,,,,,0,,,,,,,,,,,,,,,,,,,,,,,,,,,,
2013-12-11,MJ1321YNG0J58A,Hitachi HDS5C3030ALA630,3000592982016,0,,0,,,,,,,,0,,,,,,20067,,,,,,,,,,,,,,,,,,,,,,,,,,,,,,22,,,,,,0,,,,,,,,,,,,,,,,,,,,,,,,,,,,
2013-12-11,JK1171B9H683ZT,Hitachi HDS722020ALA330,2000398934016,0,,0,,,,,,,,0,,,,,,24305,,,,,,,,,,,,,,,,,,,,,,,,,,,,,,29,,,,,,0,,,,,,,,,,,,,,,,,,,,,,,,,,,,
2013-12-11,JK1104B8JM2S0W,Hitachi HDS722020ALA330,2000398934016,0,,0,,,,,,,,0,,,,,,23319,,,,,,,,,,,,,,,,,,,,,,,,,,,,,,29,,,,,,0,,,,,,,,,,,,,,,,,,,,,,,,,,,,
2013-12-11,S1F089PH,ST3000DM001,3000592982016,0,,92310400,,,,,,,,40,,,,,,12396,,,,,,,,,,,,,,,,,,,,,,,,,,,,,,25,,,,,,0,,,,,,,,,,,,,,,,,,,,,,,,,,,,
2013-12-11,MJ0351YNGA27PA,Hitachi HDS5C3030ALA630,3000592982016,0,,0,,,,,,,,0,,,,,,9939,,,,,,,,,,,,,,,,,,,,,,,,,,,,,,25,,,,,,0,,,,,,,,,,,,,,,,,,,,,,,,,,,,
2013-12-11,W1E1STAH,ST2000DM001,2000398934016,0,,62273904,,,,,,,,0,,,,,,7682,,,,,,,,,,,,,,,,,,,,,,,,,,,,,,27,,,,,,0,,,,,,,,,,,,,,,,,,,,,,,,,,,,
2013-12-11,MJ1311YNG60VEA,Hitachi HDS5C3030ALA630,3000592982016,0,,0,,,,,,,,0,,,,,,14621,,,,,,,,,,,,,,,,,,,,,,,,,,,,,,25,,,,,,0,,,,,,,,,,,,,,,,,,,,,,,,,,,,
2013-12-11,W1F09W6L,ST3000DM001,3000592982016,0,,81646936,,,,,,,,0,,,,,,15215,,,,,,,,,,,,,,,,,,,,,,,,,,,,,,24,,,,,,0,,,,,,,,,,,,,,,,,,,,,,,,,,,,
2013-12-11,JK11A8YBKYUM3F,Hitachi HDS722020ALA330,2000398934016,0,,3,,,,,,,,0,,,,,,27846,,,,,,,,,,,,,,,,,,,,,,,,,,,,,,27,,,,,,0,,,,,,,,,,,,,,,,,,,,,,,,,,,,
2013-12-11,JK11A8B9J3L76F,Hitachi HDS722020ALA330,2000398934016,0,,65536,,,,,,,,314,,,,,,23829,,,,,,,,,,,,,,,,,,,,,,,,,,,,,,28,,,,,,3,,,,,,,,,,,,,,,,,,,,,,,,,,,,
2013-12-11,JK11A8B9HWU0WF,Hitachi HDS722020ALA330,2000398934016,0,,0,,,,,,,,0,,,,,,23319,,,,,,,,,,,,,,,,,,,,,,,,,,,,,,26,,,,,,0,,,,,,,,,,,,,,,,,,,,,,,,,,,,
2013-12-11,S1F04KJ3,ST3000DM001,3000592982016,0,,127466192,,,,,,,,0,,,,,,13883,,,,,,,,,,,,,,,,,,,,,,,,,,,,,,26,,,,,,0,,,,,,,,,,,,,,,,,,,,,,,,,,,,
2013-12-11,6XW039GW,ST31500541AS,1500301910016,0,,106018779,,,,,,,,0,,,,,,36912,,,,,,,,,,,,,,,,,,,,,,,,,,,,,,24,,,,,,0,,,,,,,,,,,,,,,,,,,,,,,,,,,,
2013-12-11,MJ1311YNG7JDHA,Hitachi HDS5C3030ALA630,3000592982016,0,,0,,,,,,,,0,,,,,,14598,,,,,,,,,,,,,,,,,,,,,,,,,,,,,,30,,,,,,0,,,,,,,,,,,,,,,,,,,,,,,,,,,,
2013-12-11,6XW01E4X,ST32000542AS,2000398934016,0,,57165430,,,,,,,,0,,,,,,13014,,,,,,,,,,,,,,,,,,,,,,,,,,,,,,23,,,,,,0,,,,,,,,,,,,,,,,,,,,,,,,,,,,
2013-12-11,JK11A8B9GPHY5F,Hitachi HDS722020ALA330,2000398934016,0,,0,,,,,,,,0,,,,,,26480,,,,,,,,,,,,,,,,,,,,,,,,,,,,,,28,,,,,,0,,,,,,,,,,,,,,,,,,,,,,,,,,,,
2013-12-11,WD-WCAU45485655,WDC WD10EADS,1000204886016,0,,63,,,,,,,,0,,,,,,40433,,,,,,,,,,,,,,,,,,,,,,,,,,,,,,26,,,,,,0,,,,,,,,,,,,,,,,,,,,,,,,,,,,
2013-12-11,S1F0499N,ST3000DM001,3000592982016,0,,6781504,,,,,,,,0,,,,,,16152,,,,,,,,,,,,,,,,,,,,,,,,,,,,,,22,,,,,,0,,,,,,,,,,,,,,,,,,,,,,,,,,,,
2013-12-11,Z300GQ27,ST4000DM000,4000787030016,0,,206273656,,,,,,,,0,,,,,,3583,,,,,,,,,,,,,,,,,,,,,,,,,,,,,,24,,,,,,0,,,,,,,,,,,,,,,,,,,,,,,,,,,,
2013-12-11,Z300GQ25,ST4000DM000,4000787030016,0,,55917672,,,,,,,,0,,,,,,2899,,,,,,,,,,,,,,,,,,,,,,,,,,,,,,28,,,,,,0,,,,,,,,,,,,,,,,,,,,,,,,,,,,
2013-12-11,Z300X81S,ST4000DM000,4000787030016,0,,210344040,,,,,,,,0,,,,,,919,,,,,,,,,,,,,,,,,,,,,,,,,,,,,,21,,,,,,0,,,,,,,,,,,,,,,,,,,,,,,,,,,,
2013-12-11,Z300GQ29,ST4000DM000,4000787030016,0,,128209752,,,,,,,,0,,,,,,3581,,,,,,,,,,,,,,,,,,,,,,,,,,,,,,21,,,,,,0,,,,,,,,,,,,,,,,,,,,,,,,,,,,
2013-12-11,9VS1GS50,ST31500341AS,1500301910016,0,,197733931,,,,,,,,1,,,,,,40409,,,,,,,,,,,,,,,,,,,,,,,,,,,,,,26,,,,,,0,,,,,,,,,,,,,,,,,,,,,,,,,,,,
2013-12-11,WD-WCAU45645053,WDC WD10EADS,1000204886016,0,,0,,,,,,,,0,,,,,,41286,,,,,,,,,,,,,,,,,,,,,,,,,,,,,,28,,,,,,0,,,,,,,,,,,,,,,,,,,,,,,,,,,,
2013-12-11,MJ1321YNG0Y4SA,Hitachi HDS5C3030ALA630,3000592982016,0,,0,,,,,,,,0,,,,,,20732,,,,,,,,,,,,,,,,,,,,,,,,,,,,,,27,,,,,,0,,,,,,,,,,,,,,,,,,,,,,,,,,,,
2013-12-11,W300J6AA,ST4000DM000,4000787030016,0,,78921920,,,,,,,,0,,,,,,2239,,,,,,,,,,,,,,,,,,,,,,,,,,,,,,23,,,,,,0,,,,,,,,,,,,,,,,,,,,,,,,,,,,
2013-12-11,MK0313YHGGNVUC,Hitachi HDS723030ALA640,3000592982016,0,,3,,,,,,,,0,,,,,,21453,,,,,,,,,,,,,,,,,,,,,,,,,,,,,,26,,,,,,0,,,,,,,,,,,,,,,,,,,,,,,,,,,,
2013-12-11,WD-WMC1T1621509,WDC WD30EFRX,3000592982016,0,,0,,,,,,,,0,,,,,,7709,,,,,,,,,,,,,,,,,,,,,,,,,,,,,,27,,,,,,0,,,,,,,,,,,,,,,,,,,,,,,,,,,,
2013-12-11,MJ1311YNG6VW5A,Hitachi HDS5C3030ALA630,3000592982016,0,,0,,,,,,,,0,,,,,,14680,,,,,,,,,,,,,,,,,,,,,,,,,,,,,,27,,,,,,0,,,,,,,,,,,,,,,,,,,,,,,,,,,,
2013-12-11,W300J6A0,ST4000DM000,4000787030016,0,,70725344,,,,,,,,0,,,,,,2240,,,,,,,,,,,,,,,,,,,,,,,,,,,,,,21,,,,,,0,,,,,,,,,,,,,,,,,,,,,,,,,,,,
2013-12-11,Z300GQ2Y,ST4000DM000,4000787030016,0,,84947080,,,,,,,,0,,,,,,2900,,,,,,,,,,,,,,,,,,,,,,,,,,,,,,27,,,,,,0,,,,,,,,,,,,,,,,,,,,,,,,,,,,
2013-12-11,W300J6A2,ST4000DM000,4000787030016,0,,2352520,,,,,,,,0,,,,,,2240,,,,,,,,,,,,,,,,,,,,,,,,,,,,,,20,,,,,,0,,,,,,,,,,,,,,,,,,,,,,,,,,,,
2013-12-11,Z300GQ2A,ST4000DM000,4000787030016,0,,60526736,,,,,,,,0,,,,,,3652,,,,,,,,,,,,,,,,,,,,,,,,,,,,,,26,,,,,,0,,,,,,,,,,,,,,,,,,,,,,,,,,,,
2013-12-11,MJ0351YNG9YM5A,Hitachi HDS5C3030ALA630,3000592982016,0,,0,,,,,,,,0,,,,,,9483,,,,,,,,,,,,,,,,,,,,,,,,,,,,,,29,,,,,,0,,,,,,,,,,,,,,,,,,,,,,,,,,,,
2013-12-11,MK0331YHGRP9EA,Hitachi HDS723030ALA640,3000592982016,0,,0,,,,,,,,0,,,,,,17763,,,,,,,,,,,,,,,,,,,,,,,,,,,,,,22,,,,,,0,,,,,,,,,,,,,,,,,,,,,,,,,,,,
2013-12-11,JK11A8B9J2PWBF,Hitachi HDS722020ALA330,2000398934016,0,,0,,,,,,,,0,,,,,,24501,,,,,,,,,,,,,,,,,,,,,,,,,,,,,,30,,,,,,0,,,,,,,,,,,,,,,,,,,,,,,,,,,,
2013-12-11,MK0333YHGPEZHC,Hitachi HDS723030ALA640,3000592982016,0,,65536,,,,,,,,0,,,,,,18088,,,,,,,,,,,,,,,,,,,,,,,,,,,,,,31,,,,,,0,,,,,,,,,,,,,,,,,,,,,,,,,,,,
2013-12-11,Z300KX4Y,ST4000DM000,4000787030016,0,,10604336,,,,,,,,0,,,,,,1445,,,,,,,,,,,,,,,,,,,,,,,,,,,,,,27,,,,,,0,,,,,,,,,,,,,,,,,,,,,,,,,,,,
2013-12-11,MJ1311YNG739LA,Hitachi HDS5C3030ALA630,3000592982016,0,,0,,,,,,,,0,,,,,,14598,,,,,,,,,,,,,,,,,,,,,,,,,,,,,,27,,,,,,0,,,,,,,,,,,,,,,,,,,,,,,,,,,,
2013-12-11,JK11A8B9J34KTF,Hitachi HDS722020ALA330,2000398934016,0,,0,,,,,,,,0,,,,,,22702,,,,,,,,,,,,,,,,,,,,,,,,,,,,,,26,,,,,,0,,,,,,,,,,,,,,,,,,,,,,,,,,,,
2013-12-11,WD-WCAU47376265,WDC WD10EADS,1000204886016,0,,1,,,,,,,,0,,,,,,40834,,,,,,,,,,,,,,,,,,,,,,,,,,,,,,28,,,,,,0,,,,,,,,,,,,,,,,,,,,,,,,,,,,
2013-12-11,MJ1311YNG1ARYA,Hitachi HDS5C3030ALA630,3000592982016,0,,0,,,,,,,,0,,,,,,20498,,,,,,,,,,,,,,,,,,,,,,,,,,,,,,32,,,,,,0,,,,,,,,,,,,,,,,,,,,,,,,,,,,
2013-12-11,Z300P8Q9,ST4000DM000,4000787030016,0,,152915744,,,,,,,,0,,,,,,1094,,,,,,,,,,,,,,,,,,,,,,,,,,,,,,22,,,,,,0,,,,,,,,,,,,,,,,,,,,,,,,,,,,
2013-12-11,W300BDYL,ST4000DM000,4000787030016,0,,191027376,,,,,,,,0,,,,,,4153,,,,,,,,,,,,,,,,,,,,,,,,,,,,,,24,,,,,,0,,,,,,,,,,,,,,,,,,,,,,,,,,,,
2013-12-11,PL2311LAG1AS1C,Hitachi HDS5C4040ALE630,4000787030016,0,,0,,,,,,,,0,,,,,,7419,,,,,,,,,,,,,,,,,,,,,,,,,,,,,,19,,,,,,0,,,,,,,,,,,,,,,,,,,,,,,,,,,,
2013-12-11,MJ1311YNG37MVA,Hitachi HDS5C3030ALA630,3000592982016,0,,0,,,,,,,,0,,,,,,9774,,,,,,,,,,,,,,,,,,,,,,,,,,,,,,29,,,,,,0,,,,,,,,,,,,,,,,,,,,,,,,,,,,
2013-12-11,W300BDYS,ST4000DM000,4000787030016,0,,146679952,,,,,,,,0,,,,,,1703,,,,,,,,,,,,,,,,,,,,,,,,,,,,,,23,,,,,,0,,,,,,,,,,,,,,,,,,,,,,,,,,,,
2013-12-11,MJ0351YNGAD5GA,Hitachi HDS5C3030ALA630,3000592982016,0,,0,,,,,,,,0,,,,,,8210,,,,,,,,,,,,,,,,,,,,,,,,,,,,,,35,,,,,,0,,,,,,,,,,,,,,,,,,,,,,,,,,,,
2013-12-11,Z3002Y7B,ST4000DM000,4000787030016,0,,18199208,,,,,,,,0,,,,,,5418,,,,,,,,,,,,,,,,,,,,,,,,,,,,,,22,,,,,,0,,,,,,,,,,,,,,,,,,,,,,,,,,,,
2013-12-11,Z1Z0541W,ST4000DX000,4000787030016,0,,62870121,,,,,,,,0,,,,,,5039,,,,,,,,,,,,,,,,,,,,,,,,,,,,,,30,,,,,,0,,,,,,,,,,,,,,,,,,,,,,,,,,,,
2013-12-11,5XW03KPN,ST31500541AS,1500301910016,0,,65030608,,,,,,,,0,,,,,,35233,,,,,,,,,,,,,,,,,,,,,,,,,,,,,,21,,,,,,0,,,,,,,,,,,,,,,,,,,,,,,,,,,,
2013-12-11,WD-WCAU4C273497,WDC WD10EADS,1000204886016,0,,1,,,,,,,,0,,,,,,20316,,,,,,,,,,,,,,,,,,,,,,,,,,,,,,26,,,,,,0,,,,,,,,,,,,,,,,,,,,,,,,,,,,
2013-12-11,WD-WMAWZ0252439,WDC WD30EZRX,3000592982016,0,,0,,,,,,,,0,,,,,,12935,,,,,,,,,,,,,,,,,,,,,,,,,,,,,,25,,,,,,0,,,,,,,,,,,,,,,,,,,,,,,,,,,,
2013-12-11,JK11A8B9H4ZB4F,Hitachi HDS722020ALA330,2000398934016,0,,0,,,,,,,,0,,,,,,10255,,,,,,,,,,,,,,,,,,,,,,,,,,,,,,30,,,,,,0,,,,,,,,,,,,,,,,,,,,,,,,,,,,
2013-12-11,JK1101B9KLSDZT,Hitachi HDS722020ALA330,2000398934016,0,,65536,,,,,,,,0,,,,,,23075,,,,,,,,,,,,,,,,,,,,,,,,,,,,,,32,,,,,,0,,,,,,,,,,,,,,,,,,,,,,,,,,,,
2013-12-11,WD-WCAV54116270,WDC WD10EADS,1000204886016,0,,0,,,,,,,,0,,,,,,3670,,,,,,,,,,,,,,,,,,,,,,,,,,,,,,26,,,,,,0,,,,,,,,,,,,,,,,,,,,,,,,,,,,
2013-12-11,W300D1ZQ,ST4000DM000,4000787030016,0,,136810992,,,,,,,,0,,,,,,4353,,,,,,,,,,,,,,,,,,,,,,,,,,,,,,26,,,,,,0,,,,,,,,,,,,,,,,,,,,,,,,,,,,
2013-12-11,Z300SQ4M,ST4000DM000,4000787030016,0,,37479968,,,,,,,,0,,,,,,957,,,,,,,,,,,,,,,,,,,,,,,,,,,,,,22,,,,,,0,,,,,,,,,,,,,,,,,,,,,,,,,,,,
2013-12-11,WD-WCAWZ2133456,WDC WD30EZRX,3000592982016,0,,0,,,,,,,,0,,,,,,10572,,,,,,,,,,,,,,,,,,,,,,,,,,,,,,25,,,,,,0,,,,,,,,,,,,,,,,,,,,,,,,,,,,
2013-12-11,MK0331YHGLJ45A,Hitachi HDS723030ALA640,3000592982016,0,,0,,,,,,,,0,,,,,,17357,,,,,,,,,,,,,,,,,,,,,,,,,,,,,,27,,,,,,0,,,,,,,,,,,,,,,,,,,,,,,,,,,,
2013-12-11,5XW0JR2W,ST31500541AS,1500301910016,0,,226615026,,,,,,,,307,,,,,,18502,,,,,,,,,,,,,,,,,,,,,,,,,,,,,,28,,,,,,0,,,,,,,,,,,,,,,,,,,,,,,,,,,,
2013-12-11,W1F096ZZ,ST3000DM001,3000592982016,0,,130360320,,,,,,,,0,,,,,,15224,,,,,,,,,,,,,,,,,,,,,,,,,,,,,,22,,,,,,0,,,,,,,,,,,,,,,,,,,,,,,,,,,,
2013-12-11,MJ0351YNGA8UZA,Hitachi HDS5C3030ALA630,3000592982016,0,,0,,,,,,,,0,,,,,,8142,,,,,,,,,,,,,,,,,,,,,,,,,,,,,,31,,,,,,0,,,,,,,,,,,,,,,,,,,,,,,,,,,,
2013-12-11,WD-WCC1T1276696,WDC WD30EFRX,3000592982016,0,,0,,,,,,,,0,,,,,,683,,,,,,,,,,,,,,,,,,,,,,,,,,,,,,21,,,,,,0,,,,,,,,,,,,,,,,,,,,,,,,,,,,
2013-12-11,MJ1311YNG6HMLA,Hitachi HDS5C3030ALA630,3000592982016,0,,0,,,,,,,,0,,,,,,11905,,,,,,,,,,,,,,,,,,,,,,,,,,,,,,26,,,,,,0,,,,,,,,,,,,,,,,,,,,,,,,,,,,
2013-12-11,PL1311LAG386EH,Hitachi HDS5C4040ALE630,4000787030016,0,,0,,,,,,,,0,,,,,,6641,,,,,,,,,,,,,,,,,,,,,,,,,,,,,,25,,,,,,0,,,,,,,,,,,,,,,,,,,,,,,,,,,,
2013-12-11,6XW039H7,ST31500541AS,1500301910016,0,,21598715,,,,,,,,0,,,,,,36642,,,,,,,,,,,,,,,,,,,,,,,,,,,,,,21,,,,,,0,,,,,,,,,,,,,,,,,,,,,,,,,,,,
2013-12-11,MK0331YHGLHM6A,Hitachi HDS723030ALA640,3000592982016,0,,0,,,,,,,,0,,,,,,17755,,,,,,,,,,,,,,,,,,,,,,,,,,,,,,20,,,,,,1,,,,,,,,,,,,,,,,,,,,,,,,,,,,
2013-12-11,9VS3HMC1,ST31500341AS,1500301910016,0,,180977697,,,,,,,,25,,,,,,32917,,,,,,,,,,,,,,,,,,,,,,,,,,,,,,23,,,,,,0,,,,,,,,,,,,,,,,,,,,,,,,,,,,
2013-12-11,9XW01YW7,ST31500541AS,1500301910016,0,,229754915,,,,,,,,0,,,,,,35745,,,,,,,,,,,,,,,,,,,,,,,,,,,,,,21,,,,,,1,,,,,,,,,,,,,,,,,,,,,,,,,,,,
2013-12-11,9VS3FCYV,ST31500341AS,1500301910016,0,,170804227,,,,,,,,24,,,,,,32917,,,,,,,,,,,,,,,,,,,,,,,,,,,,,,23,,,,,,0,,,,,,,,,,,,,,,,,,,,,,,,,,,,
2013-12-11,MK0333YHGPWM9C,Hitachi HDS723030ALA640,3000592982016,0,,0,,,,,,,,0,,,,,,17355,,,,,,,,,,,,,,,,,,,,,,,,,,,,,,27,,,,,,0,,,,,,,,,,,,,,,,,,,,,,,,,,,,
2013-12-11,MJ1311YNG43Y3A,Hitachi HDS5C3030ALA630,3000592982016,0,,0,,,,,,,,0,,,,,,14310,,,,,,,,,,,,,,,,,,,,,,,,,,,,,,23,,,,,,0,,,,,,,,,,,,,,,,,,,,,,,,,,,,
2013-12-11,JK1105B8GAJM2X,Hitachi HDS722020ALA330,2000398934016,0,,262144,,,,,,,,0,,,,,,26767,,,,,,,,,,,,,,,,,,,,,,,,,,,,,,24,,,,,,0,,,,,,,,,,,,,,,,,,,,,,,,,,,,
2013-12-11,W300B2HH,ST4000DM000,4000787030016,0,,152860968,,,,,,,,0,,,,,,3588,,,,,,,,,,,,,,,,,,,,,,,,,,,,,,25,,,,,,0,,,,,,,,,,,,,,,,,,,,,,,,,,,,
2013-12-11,JK11A8B9J3EYNF,Hitachi HDS722020ALA330,2000398934016,0,,0,,,,,,,,0,,,,,,23544,,,,,,,,,,,,,,,,,,,,,,,,,,,,,,40,,,,,,0,,,,,,,,,,,,,,,,,,,,,,,,,,,,
2013-12-11,JK1104B8JPN3DW,Hitachi HDS722020ALA330,2000398934016,0,,0,,,,,,,,0,,,,,,23991,,,,,,,,,,,,,,,,,,,,,,,,,,,,,,34,,,,,,0,,,,,,,,,,,,,,,,,,,,,,,,,,,,
2013-12-11,W300B2HQ,ST4000DM000,4000787030016,0,,8475744,,,,,,,,0,,,,,,3585,,,,,,,,,,,,,,,,,,,,,,,,,,,,,,19,,,,,,0,,,,,,,,,,,,,,,,,,,,,,,,,,,,
2013-12-11,W300B2HW,ST4000DM000,4000787030016,0,,128160624,,,,,,,,0,,,,,,4189,,,,,,,,,,,,,,,,,,,,,,,,,,,,,,24,,,,,,0,,,,,,,,,,,,,,,,,,,,,,,,,,,,
2013-12-11,W300BNT9,ST4000DM000,4000787030016,0,,164866968,,,,,,,,0,,,,,,3585,,,,,,,,,,,,,,,,,,,,,,,,,,,,,,20,,,,,,0,,,,,,,,,,,,,,,,,,,,,,,,,,,,
2013-12-11,W1F09YKD,ST3000DM001,3000592982016,0,,205482656,,,,,,,,568,,,,,,13362,,,,,,,,,,,,,,,,,,,,,,,,,,,,,,23,,,,,,0,,,,,,,,,,,,,,,,,,,,,,,,,,,,
2013-12-11,W300BNTF,ST4000DM000,4000787030016,0,,50772888,,,,,,,,0,,,,,,4044,,,,,,,,,,,,,,,,,,,,,,,,,,,,,,22,,,,,,0,,,,,,,,,,,,,,,,,,,,,,,,,,,,
2013-12-11,MJ1321YNG111KA,Hitachi HDS5C3030ALA630,3000592982016,0,,0,,,,,,,,0,,,,,,12267,,,,,,,,,,,,,,,,,,,,,,,,,,,,,,20,,,,,,0,,,,,,,,,,,,,,,,,,,,,,,,,,,,
2013-12-11,PL1321LAG3499H,Hitachi HDS5C4040ALE630,4000787030016,0,,0,,,,,,,,0,,,,,,6652,,,,,,,,,,,,,,,,,,,,,,,,,,,,,,19,,,,,,0,,,,,,,,,,,,,,,,,,,,,,,,,,,,
2013-12-11,JK1101B9J3BWTF,Hitachi HDS722020ALA330,2000398934016,0,,65536,,,,,,,,0,,,,,,22703,,,,,,,,,,,,,,,,,,,,,,,,,,,,,,29,,,,,,0,,,,,,,,,,,,,,,,,,,,,,,,,,,,
2013-12-11,Z1Z03J8E,ST4000DX000,4000787030016,0,,31926301,,,,,,,,0,,,,,,7132,,,,,,,,,,,,,,,,,,,,,,,,,,,,,,38,,,,,,0,,,,,,,,,,,,,,,,,,,,,,,,,,,,
2013-12-11,S1F05R5X,ST3000DM001,3000592982016,0,,28768544,,,,,,,,0,,,,,,12362,,,,,,,,,,,,,,,,,,,,,,,,,,,,,,26,,,,,,0,,,,,,,,,,,,,,,,,,,,,,,,,,,,
2013-12-11,MJ1311YNG3E7RA,Hitachi HDS5C3030ALA630,3000592982016,0,,0,,,,,,,,0,,,,,,18947,,,,,,,,,,,,,,,,,,,,,,,,,,,,,,27,,,,,,0,,,,,,,,,,,,,,,,,,,,,,,,,,,,
2013-12-11,W300B2H9,ST4000DM000,4000787030016,0,,64943328,,,,,,,,0,,,,,,3586,,,,,,,,,,,,,,,,,,,,,,,,,,,,,,21,,,,,,0,,,,,,,,,,,,,,,,,,,,,,,,,,,,
2013-12-11,Z300MW35,ST4000DM000,4000787030016,0,,57042728,,,,,,,,0,,,,,,2845,,,,,,,,,,,,,,,,,,,,,,,,,,,,,,28,,,,,,0,,,,,,,,,,,,,,,,,,,,,,,,,,,,
2013-12-11,WD-WCC070191865,WDC WD30EZRX,3000592982016,0,,0,,,,,,,,0,,,,,,8604,,,,,,,,,,,,,,,,,,,,,,,,,,,,,,23,,,,,,1,,,,,,,,,,,,,,,,,,,,,,,,,,,,
2013-12-11,MJ1321YNG14K5A,Hitachi HDS5C3030ALA630,3000592982016,0,,0,,,,,,,,0,,,,,,8005,,,,,,,,,,,,,,,,,,,,,,,,,,,,,,24,,,,,,0,,,,,,,,,,,,,,,,,,,,,,,,,,,,
2013-12-11,Z1F0BA45,ST3000DM001,3000592982016,0,,137154872,,,,,,,,0,,,,,,3298,,,,,,,,,,,,,,,,,,,,,,,,,,,,,,25,,,,,,0,,,,,,,,,,,,,,,,,,,,,,,,,,,,
2013-12-11,9XW01YWB,ST31500541AS,1500301910016,0,,183656281,,,,,,,,0,,,,,,35028,,,,,,,,,,,,,,,,,,,,,,,,,,,,,,22,,,,,,0,,,,,,,,,,,,,,,,,,,,,,,,,,,,
2013-12-11,PL1311LAG3DW0H,Hitachi HDS5C4040ALE630,4000787030016,0,,0,,,,,,,,0,,,,,,5959,,,,,,,,,,,,,,,,,,,,,,,,,,,,,,17,,,,,,0,,,,,,,,,,,,,,,,,,,,,,,,,,,,
2013-12-11,MJ1321YNG0GVBA,Hitachi HDS5C3030ALA630,3000592982016,0,,0,,,,,,,,0,,,,,,20498,,,,,,,,,,,,,,,,,,,,,,,,,,,,,,30,,,,,,0,,,,,,,,,,,,,,,,,,,,,,,,,,,,
2013-12-11,6XW00H5V,ST31500541AS,1500301910016,0,,47001159,,,,,,,,0,,,,,,35784,,,,,,,,,,,,,,,,,,,,,,,,,,,,,,21,,,,,,0,,,,,,,,,,,,,,,,,,,,,,,,,,,,
2013-12-11,PL1321LAG2YS4H,Hitachi HDS5C4040ALE630,4000787030016,0,,0,,,,,,,,0,,,,,,5668,,,,,,,,,,,,,,,,,,,,,,,,,,,,,,18,,,,,,0,,,,,,,,,,,,,,,,,,,,,,,,,,,,
2013-12-11,MK0311YHGB04GA,Hitachi HDS723030ALA640,3000592982016,0,,0,,,,,,,,0,,,,,,17011,,,,,,,,,,,,,,,,,,,,,,,,,,,,,,28,,,,,,0,,,,,,,,,,,,,,,,,,,,,,,,,,,,
2013-12-11,MJ1323YNG1SG2C,Hitachi HDS5C3030ALA630,3000592982016,0,,0,,,,,,,,0,,,,,,20082,,,,,,,,,,,,,,,,,,,,,,,,,,,,,,32,,,,,,0,,,,,,,,,,,,,,,,,,,,,,,,,,,,
2013-12-11,PL1321LAG3478H,Hitachi HDS5C4040ALE630,4000787030016,0,,0,,,,,,,,0,,,,,,6650,,,,,,,,,,,,,,,,,,,,,,,,,,,,,,20,,,,,,0,,,,,,,,,,,,,,,,,,,,,,,,,,,,
2013-12-11,JK1171YAH6NLXZ,Hitachi HDS722020ALA330,2000398934016,0,,1835038,,,,,,,,48,,,,,,26043,,,,,,,,,,,,,,,,,,,,,,,,,,,,,,30,,,,,,0,,,,,,,,,,,,,,,,,,,,,,,,,,,,
2013-12-11,MJ1311YNG38PLA,Hitachi HDS5C3030ALA630,3000592982016,0,,0,,,,,,,,0,,,,,,18593,,,,,,,,,,,,,,,,,,,,,,,,,,,,,,24,,,,,,0,,,,,,,,,,,,,,,,,,,,,,,,,,,,
2013-12-11,W300BNP3,ST4000DM000,4000787030016,0,,14135408,,,,,,,,0,,,,,,3611,,,,,,,,,,,,,,,,,,,,,,,,,,,,,,20,,,,,,0,,,,,,,,,,,,,,,,,,,,,,,,,,,,
2013-12-11,Z1F11SYE,ST3000DM001,3000592982016,0,,160722200,,,,,,,,0,,,,,,8023,,,,,,,,,,,,,,,,,,,,,,,,,,,,,,26,,,,,,0,,,,,,,,,,,,,,,,,,,,,,,,,,,,
2013-12-11,MJ0351YNG9VHTA,Hitachi HDS5C3030ALA630,3000592982016,0,,0,,,,,,,,0,,,,,,9721,,,,,,,,,,,,,,,,,,,,,,,,,,,,,,31,,,,,,0,,,,,,,,,,,,,,,,,,,,,,,,,,,,
2013-12-11,Z1F0LS4N,ST3000DM001,3000592982016,0,,109682640,,,,,,,,0,,,,,,12181,,,,,,,,,,,,,,,,,,,,,,,,,,,,,,32,,,,,,0,,,,,,,,,,,,,,,,,,,,,,,,,,,,
2013-12-11,JK11A8B9JPY8AF,Hitachi HDS722020ALA330,2000398934016,0,,0,,,,,,,,0,,,,,,24112,,,,,,,,,,,,,,,,,,,,,,,,,,,,,,28,,,,,,0,,,,,,,,,,,,,,,,,,,,,,,,,,,,
2013-12-11,W300H3RH,ST4000DM000,4000787030016,0,,229924648,,,,,,,,0,,,,,,799,,,,,,,,,,,,,,,,,,,,,,,,,,,,,,20,,,,,,0,,,,,,,,,,,,,,,,,,,,,,,,,,,,
2013-12-11,W1F0T4LZ,ST3000DM001,3000592982016,0,,34695800,,,,,,,,0,,,,,,11046,,,,,,,,,,,,,,,,,,,,,,,,,,,,,,24,,,,,,0,,,,,,,,,,,,,,,,,,,,,,,,,,,,
2013-12-11,MK0311YHG4U9WA,Hitachi HDS723030ALA640,3000592982016,0,,0,,,,,,,,0,,,,,,19442,,,,,,,,,,,,,,,,,,,,,,,,,,,,,,22,,,,,,0,,,,,,,,,,,,,,,,,,,,,,,,,,,,
2013-12-11,Z300P8V5,ST4000DM000,4000787030016,0,,159481016,,,,,,,,0,,,,,,1233,,,,,,,,,,,,,,,,,,,,,,,,,,,,,,22,,,,,,0,,,,,,,,,,,,,,,,,,,,,,,,,,,,
2013-12-11,Z300P8V4,ST4000DM000,4000787030016,0,,211503952,,,,,,,,0,,,,,,1450,,,,,,,,,,,,,,,,,,,,,,,,,,,,,,23,,,,,,0,,,,,,,,,,,,,,,,,,,,,,,,,,,,
2013-12-11,Z300P8V9,ST4000DM000,4000787030016,0,,89483592,,,,,,,,0,,,,,,1233,,,,,,,,,,,,,,,,,,,,,,,,,,,,,,22,,,,,,0,,,,,,,,,,,,,,,,,,,,,,,,,,,,
2013-12-11,Z300P8V8,ST4000DM000,4000787030016,0,,90507296,,,,,,,,0,,,,,,1092,,,,,,,,,,,,,,,,,,,,,,,,,,,,,,28,,,,,,0,,,,,,,,,,,,,,,,,,,,,,,,,,,,
2013-12-11,JK11A8B9J3LN8F,Hitachi HDS722020ALA330,2000398934016,0,,0,,,,,,,,0,,,,,,23823,,,,,,,,,,,,,,,,,,,,,,,,,,,,,,33,,,,,,0,,,,,,,,,,,,,,,,,,,,,,,,,,,,
2013-12-11,Z300W0VV,ST4000DM000,4000787030016,0,,155322400,,,,,,,,0,,,,,,886,,,,,,,,,,,,,,,,,,,,,,,,,,,,,,24,,,,,,0,,,,,,,,,,,,,,,,,,,,,,,,,,,,
2013-12-11,Z300P8VK,ST4000DM000,4000787030016,0,,56096648,,,,,,,,0,,,,,,1232,,,,,,,,,,,,,,,,,,,,,,,,,,,,,,21,,,,,,0,,,,,,,,,,,,,,,,,,,,,,,,,,,,
2013-12-11,Z300P8VJ,ST4000DM000,4000787030016,0,,201629368,,,,,,,,0,,,,,,1094,,,,,,,,,,,,,,,,,,,,,,,,,,,,,,22,,,,,,0,,,,,,,,,,,,,,,,,,,,,,,,,,,,
2013-12-11,MJ1323YNG0ZWNC,Hitachi HDS5C3030ALA630,3000592982016,0,,0,,,,,,,,0,,,,,,20509,,,,,,,,,,,,,,,,,,,,,,,,,,,,,,22,,,,,,0,,,,,,,,,,,,,,,,,,,,,,,,,,,,
2013-12-11,JK1130YAHDHM4T,Hitachi HDS722020ALA330,2000398934016,0,,131076,,,,,,,,0,,,,,,30172,,,,,,,,,,,,,,,,,,,,,,,,,,,,,,30,,,,,,0,,,,,,,,,,,,,,,,,,,,,,,,,,,,
2013-12-11,JK11A8B9J7NBJF,Hitachi HDS722020ALA330,2000398934016,0,,0,,,,,,,,0,,,,,,24666,,,,,,,,,,,,,,,,,,,,,,,,,,,,,,25,,,,,,0,,,,,,,,,,,,,,,,,,,,,,,,,,,,
2013-12-11,W1F0NBYN,ST3000DM001,3000592982016,0,,198404080,,,,,,,,0,,,,,,11639,,,,,,,,,,,,,,,,,,,,,,,,,,,,,,25,,,,,,0,,,,,,,,,,,,,,,,,,,,,,,,,,,,
2013-12-11,JK11A8B9J70PNF,Hitachi HDS722020ALA330,2000398934016,0,,0,,,,,,,,0,,,,,,26028,,,,,,,,,,,,,,,,,,,,,,,,,,,,,,24,,,,,,0,,,,,,,,,,,,,,,,,,,,,,,,,,,,
2013-12-11,MJ1311YNG7ELSA,Hitachi HDS5C3030ALA630,3000592982016,0,,0,,,,,,,,0,,,,,,14683,,,,,,,,,,,,,,,,,,,,,,,,,,,,,,15,,,,,,0,,,,,,,,,,,,,,,,,,,,,,,,,,,,
2013-12-11,WD-WCC1T1192758,WDC WD30EFRX,3000592982016,0,,0,,,,,,,,0,,,,,,843,,,,,,,,,,,,,,,,,,,,,,,,,,,,,,22,,,,,,0,,,,,,,,,,,,,,,,,,,,,,,,,,,,
2013-12-11,W300BHZD,ST4000DM000,4000787030016,0,,90625136,,,,,,,,0,,,,,,4161,,,,,,,,,,,,,,,,,,,,,,,,,,,,,,21,,,,,,0,,,,,,,,,,,,,,,,,,,,,,,,,,,,
2013-12-11,6XW0Z561,ST31500541AS,1500301910016,0,,97160014,,,,,,,,0,,,,,,22702,,,,,,,,,,,,,,,,,,,,,,,,,,,,,,22,,,,,,0,,,,,,,,,,,,,,,,,,,,,,,,,,,,
2013-12-11,JK1101B9KNG0YF,Hitachi HDS722020ALA330,2000398934016,0,,2,,,,,,,,340,,,,,,22955,,,,,,,,,,,,,,,,,,,,,,,,,,,,,,24,,,,,,3,,,,,,,,,,,,,,,,,,,,,,,,,,,,
2013-12-11,MJ0351YNGA8MBA,Hitachi HDS5C3030ALA630,3000592982016,0,,0,,,,,,,,0,,,,,,8617,,,,,,,,,,,,,,,,,,,,,,,,,,,,,,28,,,,,,0,,,,,,,,,,,,,,,,,,,,,,,,,,,,
2013-12-11,PL1311LAG281AH,Hitachi HDS5C4040ALE630,4000787030016,0,,0,,,,,,,,0,,,,,,6655,,,,,,,,,,,,,,,,,,,,,,,,,,,,,,19,,,,,,0,,,,,,,,,,,,,,,,,,,,,,,,,,,,
2013-12-11,PL2311LAG1UHEC,Hitachi HDS5C4040ALE630,4000787030016,0,,0,,,,,,,,0,,,,,,7404,,,,,,,,,,,,,,,,,,,,,,,,,,,,,,23,,,,,,0,,,,,,,,,,,,,,,,,,,,,,,,,,,,
2013-12-11,S1F029E7,ST3000DM001,3000592982016,0,,121529536,,,,,,,,0,,,,,,15401,,,,,,,,,,,,,,,,,,,,,,,,,,,,,,20,,,,,,0,,,,,,,,,,,,,,,,,,,,,,,,,,,,
2013-12-11,JK1101YAK8UAXV,Hitachi HDS722020ALA330,2000398934016,0,,0,,,,,,,,0,,,,,,29653,,,,,,,,,,,,,,,,,,,,,,,,,,,,,,29,,,,,,0,,,,,,,,,,,,,,,,,,,,,,,,,,,,
2013-12-11,MJ1311YNG5NAHA,Hitachi HDS5C3030ALA630,3000592982016,0,,0,,,,,,,,0,,,,,,14331,,,,,,,,,,,,,,,,,,,,,,,,,,,,,,34,,,,,,0,,,,,,,,,,,,,,,,,,,,,,,,,,,,
2013-12-11,MJ1321YNG0HY8A,Hitachi HDS5C3030ALA630,3000592982016,0,,0,,,,,,,,0,,,,,,20733,,,,,,,,,,,,,,,,,,,,,,,,,,,,,,23,,,,,,0,,,,,,,,,,,,,,,,,,,,,,,,,,,,
2013-12-11,PL1321LAG2DEWH,Hitachi HDS5C4040ALE630,4000787030016,0,,0,,,,,,,,0,,,,,,6571,,,,,,,,,,,,,,,,,,,,,,,,,,,,,,29,,,,,,0,,,,,,,,,,,,,,,,,,,,,,,,,,,,
2013-12-11,Z300GPQY,ST4000DM000,4000787030016,0,,125310976,,,,,,,,0,,,,,,3621,,,,,,,,,,,,,,,,,,,,,,,,,,,,,,19,,,,,,0,,,,,,,,,,,,,,,,,,,,,,,,,,,,
2013-12-11,W300892V,ST4000DM000,4000787030016,0,,160349760,,,,,,,,0,,,,,,4138,,,,,,,,,,,,,,,,,,,,,,,,,,,,,,24,,,,,,0,,,,,,,,,,,,,,,,,,,,,,,,,,,,
2013-12-11,PL1311LAG3EBVH,Hitachi HDS5C4040ALE630,4000787030016,0,,0,,,,,,,,0,,,,,,5131,,,,,,,,,,,,,,,,,,,,,,,,,,,,,,31,,,,,,0,,,,,,,,,,,,,,,,,,,,,,,,,,,,
2013-12-11,Z300GYM0,ST4000DM000,4000787030016,0,,219656416,,,,,,,,0,,,,,,3346,,,,,,,,,,,,,,,,,,,,,,,,,,,,,,22,,,,,,0,,,,,,,,,,,,,,,,,,,,,,,,,,,,
2013-12-11,JK11A8B9J3P3NF,Hitachi HDS722020ALA330,2000398934016,0,,0,,,,,,,,0,,,,,,23106,,,,,,,,,,,,,,,,,,,,,,,,,,,,,,25,,,,,,0,,,,,,,,,,,,,,,,,,,,,,,,,,,,
2013-12-11,9XW01K6A,ST31500541AS,1500301910016,0,,35678696,,,,,,,,2097,,,,,,35296,,,,,,,,,,,,,,,,,,,,,,,,,,,,,,20,,,,,,0,,,,,,,,,,,,,,,,,,,,,,,,,,,,
2013-12-11,Z300GPQD,ST4000DM000,4000787030016,0,,95293576,,,,,,,,0,,,,,,2899,,,,,,,,,,,,,,,,,,,,,,,,,,,,,,26,,,,,,0,,,,,,,,,,,,,,,,,,,,,,,,,,,,
2013-12-11,9VS4E37Q,ST31500341AS,1500301910016,0,,234960703,,,,,,,,3,,,,,,17481,,,,,,,,,,,,,,,,,,,,,,,,,,,,,,28,,,,,,0,,,,,,,,,,,,,,,,,,,,,,,,,,,,
2013-12-11,Z300GPQH,ST4000DM000,4000787030016,0,,225945760,,,,,,,,0,,,,,,3345,,,,,,,,,,,,,,,,,,,,,,,,,,,,,,18,,,,,,0,,,,,,,,,,,,,,,,,,,,,,,,,,,,
2013-12-11,Z300GPQL,ST4000DM000,4000787030016,0,,210996840,,,,,,,,0,,,,,,3584,,,,,,,,,,,,,,,,,,,,,,,,,,,,,,22,,,,,,0,,,,,,,,,,,,,,,,,,,,,,,,,,,,
2013-12-11,JK11A8B9J2ASZF,Hitachi HDS722020ALA330,2000398934016,0,,20,,,,,,,,0,,,,,,23710,,,,,,,,,,,,,,,,,,,,,,,,,,,,,,28,,,,,,0,,,,,,,,,,,,,,,,,,,,,,,,,,,,
2013-12-11,Z300GPQ4,ST4000DM000,4000787030016,0,,178193112,,,,,,,,0,,,,,,3584,,,,,,,,,,,,,,,,,,,,,,,,,,,,,,22,,,,,,0,,,,,,,,,,,,,,,,,,,,,,,,,,,,
2013-12-11,Z1F0502N,ST3000DM001,3000592982016,0,,60159160,,,,,,,,0,,,,,,15915,,,,,,,,,,,,,,,,,,,,,,,,,,,,,,21,,,,,,0,,,,,,,,,,,,,,,,,,,,,,,,,,,,
2013-12-11,MK0331YHGPUKHA,Hitachi HDS723030ALA640,3000592982016,0,,0,,,,,,,,0,,,,,,17354,,,,,,,,,,,,,,,,,,,,,,,,,,,,,,24,,,,,,0,,,,,,,,,,,,,,,,,,,,,,,,,,,,
2013-12-11,MJ0351YNG9WSNA,Hitachi HDS5C3030ALA630,3000592982016,0,,0,,,,,,,,0,,,,,,9722,,,,,,,,,,,,,,,,,,,,,,,,,,,,,,29,,,,,,0,,,,,,,,,,,,,,,,,,,,,,,,,,,,
2013-12-11,JK11A4B8J7SDXW,Hitachi HDS722020ALA330,2000398934016,0,,0,,,,,,,,0,,,,,,24970,,,,,,,,,,,,,,,,,,,,,,,,,,,,,,32,,,,,,0,,,,,,,,,,,,,,,,,,,,,,,,,,,,
2013-12-11,JK11A8B9J90WXF,Hitachi HDS722020ALA330,2000398934016,0,,0,,,,,,,,0,,,,,,24496,,,,,,,,,,,,,,,,,,,,,,,,,,,,,,30,,,,,,0,,,,,,,,,,,,,,,,,,,,,,,,,,,,
2013-12-11,PL1311LAG3B4VH,Hitachi HDS5C4040ALE630,4000787030016,0,,0,,,,,,,,0,,,,,,6616,,,,,,,,,,,,,,,,,,,,,,,,,,,,,,26,,,,,,0,,,,,,,,,,,,,,,,,,,,,,,,,,,,
2013-12-11,MJ0351YNGA8Y6A,Hitachi HDS5C3030ALA630,3000592982016,0,,0,,,,,,,,0,,,,,,8214,,,,,,,,,,,,,,,,,,,,,,,,,,,,,,29,,,,,,0,,,,,,,,,,,,,,,,,,,,,,,,,,,,
2013-12-11,MJ1311YNG5EKKA,Hitachi HDS5C3030ALA630,3000592982016,0,,1,,,,,,,,0,,,,,,14600,,,,,,,,,,,,,,,,,,,,,,,,,,,,,,21,,,,,,0,,,,,,,,,,,,,,,,,,,,,,,,,,,,
2013-12-11,MK0311YHGDX1RA,Hitachi HDS723030ALA640,3000592982016,0,,0,,,,,,,,0,,,,,,21455,,,,,,,,,,,,,,,,,,,,,,,,,,,,,,26,,,,,,0,,,,,,,,,,,,,,,,,,,,,,,,,,,,
2013-12-11,9VS1QX82,ST31500341AS,1500301910016,0,,78543359,,,,,,,,871,,,,,,40074,,,,,,,,,,,,,,,,,,,,,,,,,,,,,,31,,,,,,0,,,,,,,,,,,,,,,,,,,,,,,,,,,,
2013-12-11,S1F023SG,ST3000DM001,3000592982016,0,,147150920,,,,,,,,0,,,,,,15239,,,,,,,,,,,,,,,,,,,,,,,,,,,,,,22,,,,,,0,,,,,,,,,,,,,,,,,,,,,,,,,,,,
2013-12-11,W1F0X72D,ST3000DM001,3000592982016,0,,196168640,,,,,,,,0,,,,,,10472,,,,,,,,,,,,,,,,,,,,,,,,,,,,,,22,,,,,,0,,,,,,,,,,,,,,,,,,,,,,,,,,,,
2013-12-11,JK11A5B8HVVDPX,Hitachi HDS722020ALA330,2000398934016,0,,65537,,,,,,,,0,,,,,,23820,,,,,,,,,,,,,,,,,,,,,,,,,,,,,,24,,,,,,0,,,,,,,,,,,,,,,,,,,,,,,,,,,,
2013-12-11,Z1F0PYVK,ST3000DM001,3000592982016,0,,140042880,,,,,,,,0,,,,,,11050,,,,,,,,,,,,,,,,,,,,,,,,,,,,,,26,,,,,,0,,,,,,,,,,,,,,,,,,,,,,,,,,,,
2013-12-11,5XW0T7ZE,ST32000542AS,2000398934016,0,,10626984,,,,,,,,0,,,,,,13014,,,,,,,,,,,,,,,,,,,,,,,,,,,,,,20,,,,,,0,,,,,,,,,,,,,,,,,,,,,,,,,,,,
2013-12-11,MJ0351YNGAD89A,Hitachi HDS5C3030ALA630,3000592982016,0,,0,,,,,,,,0,,,,,,8214,,,,,,,,,,,,,,,,,,,,,,,,,,,,,,28,,,,,,0,,,,,,,,,,,,,,,,,,,,,,,,,,,,
2013-12-11,JK1101B9JRLPJF,Hitachi HDS722020ALA330,2000398934016,0,,0,,,,,,,,0,,,,,,22698,,,,,,,,,,,,,,,,,,,,,,,,,,,,,,31,,,,,,0,,,,,,,,,,,,,,,,,,,,,,,,,,,,
2013-12-11,S1F02WFT,ST3000DM001,3000592982016,0,,243590432,,,,,,,,0,,,,,,15264,,,,,,,,,,,,,,,,,,,,,,,,,,,,,,24,,,,,,0,,,,,,,,,,,,,,,,,,,,,,,,,,,,
2013-12-11,JK1180YAHWRL1T,Hitachi HDS722020ALA330,2000398934016,0,,1,,,,,,,,0,,,,,,27221,,,,,,,,,,,,,,,,,,,,,,,,,,,,,,30,,,,,,0,,,,,,,,,,,,,,,,,,,,,,,,,,,,
2013-12-11,S1F0SBXC,ST3000DM001,3000592982016,0,,74712888,,,,,,,,0,,,,,,11682,,,,,,,,,,,,,,,,,,,,,,,,,,,,,,31,,,,,,0,,,,,,,,,,,,,,,,,,,,,,,,,,,,
2013-12-11,MJ0351YNGA6NHA,Hitachi HDS5C3030ALA630,3000592982016,0,,0,,,,,,,,0,,,,,,9132,,,,,,,,,,,,,,,,,,,,,,,,,,,,,,25,,,,,,0,,,,,,,,,,,,,,,,,,,,,,,,,,,,
2013-12-11,PL1311LAG3874H,Hitachi HDS5C4040ALE630,4000787030016,0,,0,,,,,,,,0,,,,,,6639,,,,,,,,,,,,,,,,,,,,,,,,,,,,,,27,,,,,,0,,,,,,,,,,,,,,,,,,,,,,,,,,,,
2013-12-11,S1F0FVBE,ST3000DM001,3000592982016,0,,178104832,,,,,,,,0,,,,,,11693,,,,,,,,,,,,,,,,,,,,,,,,,,,,,,26,,,,,,0,,,,,,,,,,,,,,,,,,,,,,,,,,,,
2013-12-11,9VS1KTF2,ST31500341AS,1500301910016,0,,26515555,,,,,,,,5,,,,,,40408,,,,,,,,,,,,,,,,,,,,,,,,,,,,,,31,,,,,,0,,,,,,,,,,,,,,,,,,,,,,,,,,,,
2013-12-11,MJ1323YNG1TH5C,Hitachi HDS5C3030ALA630,3000592982016,0,,75,,,,,,,,0,,,,,,19727,,,,,,,,,,,,,,,,,,,,,,,,,,,,,,24,,,,,,0,,,,,,,,,,,,,,,,,,,,,,,,,,,,
2013-12-11,Z300E5HE,ST4000DM000,4000787030016,0,,173424656,,,,,,,,0,,,,,,1297,,,,,,,,,,,,,,,,,,,,,,,,,,,,,,19,,,,,,0,,,,,,,,,,,,,,,,,,,,,,,,,,,,
2013-12-11,PK1331PAJ2A5YS,HGST HDS724040ALE640,4000787030016,0,,0,,,,,,,,0,,,,,,2027,,,,,,,,,,,,,,,,,,,,,,,,,,,,,,27,,,,,,0,,,,,,,,,,,,,,,,,,,,,,,,,,,,
2013-12-11,9VS1YCHT,ST31500341AS,1500301910016,0,,171829546,,,,,,,,7,,,,,,38947,,,,,,,,,,,,,,,,,,,,,,,,,,,,,,28,,,,,,0,,,,,,,,,,,,,,,,,,,,,,,,,,,,
2013-12-11,MJ0351YNGA10GA,Hitachi HDS5C3030ALA630,3000592982016,0,,0,,,,,,,,0,,,,,,8665,,,,,,,,,,,,,,,,,,,,,,,,,,,,,,29,,,,,,0,,,,,,,,,,,,,,,,,,,,,,,,,,,,
2013-12-11,9XK0DL40,ST33000651AS,3000592982016,0,,194959953,,,,,,,,0,,,,,,16811,,,,,,,,,,,,,,,,,,,,,,,,,,,,,,27,,,,,,0,,,,,,,,,,,,,,,,,,,,,,,,,,,,
2013-12-11,JK1105B8GBL2UX,Hitachi HDS722020ALA330,2000398934016,0,,65536,,,,,,,,0,,,,,,26858,,,,,,,,,,,,,,,,,,,,,,,,,,,,,,27,,,,,,0,,,,,,,,,,,,,,,,,,,,,,,,,,,,
2013-12-11,S1F0LRQ1,ST3000DM001,3000592982016,0,,223240336,,,,,,,,0,,,,,,7873,,,,,,,,,,,,,,,,,,,,,,,,,,,,,,24,,,,,,0,,,,,,,,,,,,,,,,,,,,,,,,,,,,
2013-12-11,JK11A8YBKXE71F,Hitachi HDS722020ALA330,2000398934016,0,,0,,,,,,,,0,,,,,,27845,,,,,,,,,,,,,,,,,,,,,,,,,,,,,,27,,,,,,0,,,,,,,,,,,,,,,,,,,,,,,,,,,,
2013-12-11,JK11A8YBKYWV4F,Hitachi HDS722020ALA330,2000398934016,0,,0,,,,,,,,0,,,,,,27861,,,,,,,,,,,,,,,,,,,,,,,,,,,,,,24,,,,,,0,,,,,,,,,,,,,,,,,,,,,,,,,,,,
2013-12-11,6XW00H8E,ST31500541AS,1500301910016,0,,72754113,,,,,,,,0,,,,,,37052,,,,,,,,,,,,,,,,,,,,,,,,,,,,,,22,,,,,,0,,,,,,,,,,,,,,,,,,,,,,,,,,,,
2013-12-11,6XW0VJHG,ST31500541AS,1500301910016,0,,228415061,,,,,,,,6,,,,,,33841,,,,,,,,,,,,,,,,,,,,,,,,,,,,,,19,,,,,,0,,,,,,,,,,,,,,,,,,,,,,,,,,,,
2013-12-11,MJ1323YNG1R8MC,Hitachi HDS5C3030ALA630,3000592982016,0,,0,,,,,,,,0,,,,,,19731,,,,,,,,,,,,,,,,,,,,,,,,,,,,,,22,,,,,,0,,,,,,,,,,,,,,,,,,,,,,,,,,,,
2013-12-11,JK11A5B8J10D9X,Hitachi HDS722020ALA330,2000398934016,0,,2,,,,,,,,0,,,,,,23636,,,,,,,,,,,,,,,,,,,,,,,,,,,,,,26,,,,,,0,,,,,,,,,,,,,,,,,,,,,,,,,,,,
2013-12-11,JK11A5B8J6YAXX,Hitachi HDS722020ALA330,2000398934016,0,,0,,,,,,,,0,,,,,,22695,,,,,,,,,,,,,,,,,,,,,,,,,,,,,,27,,,,,,0,,,,,,,,,,,,,,,,,,,,,,,,,,,,
2013-12-11,JK11A8B9J7BBKF,Hitachi HDS722020ALA330,2000398934016,0,,0,,,,,,,,0,,,,,,22698,,,,,,,,,,,,,,,,,,,,,,,,,,,,,,32,,,,,,0,,,,,,,,,,,,,,,,,,,,,,,,,,,,
2013-12-11,PL1321LAG359SH,Hitachi HDS5C4040ALE630,4000787030016,0,,0,,,,,,,,0,,,,,,6619,,,,,,,,,,,,,,,,,,,,,,,,,,,,,,24,,,,,,0,,,,,,,,,,,,,,,,,,,,,,,,,,,,
2013-12-11,Z300P95C,ST4000DM000,4000787030016,0,,197164720,,,,,,,,0,,,,,,1233,,,,,,,,,,,,,,,,,,,,,,,,,,,,,,21,,,,,,0,,,,,,,,,,,,,,,,,,,,,,,,,,,,
2013-12-11,Z300P95B,ST4000DM000,4000787030016,0,,89577064,,,,,,,,0,,,,,,1231,,,,,,,,,,,,,,,,,,,,,,,,,,,,,,22,,,,,,0,,,,,,,,,,,,,,,,,,,,,,,,,,,,
2013-12-11,Z300P95A,ST4000DM000,4000787030016,0,,230264712,,,,,,,,0,,,,,,1113,,,,,,,,,,,,,,,,,,,,,,,,,,,,,,22,,,,,,0,,,,,,,,,,,,,,,,,,,,,,,,,,,,
2013-12-11,6XW0W5KQ,ST31500541AS,1500301910016,0,,91622653,,,,,,,,0,,,,,,33264,,,,,,,,,,,,,,,,,,,,,,,,,,,,,,19,,,,,,0,,,,,,,,,,,,,,,,,,,,,,,,,,,,
2013-12-11,JK1105B8GAHMJX,Hitachi HDS722020ALA330,2000398934016,0,,262147,,,,,,,,0,,,,,,27221,,,,,,,,,,,,,,,,,,,,,,,,,,,,,,34,,,,,,0,,,,,,,,,,,,,,,,,,,,,,,,,,,,
2013-12-11,Z300P95K,ST4000DM000,4000787030016,0,,98660544,,,,,,,,0,,,,,,1114,,,,,,,,,,,,,,,,,,,,,,,,,,,,,,29,,,,,,0,,,,,,,,,,,,,,,,,,,,,,,,,,,,
2013-12-11,MJ0351YNG9ZRUA,Hitachi HDS5C3030ALA630,3000592982016,0,,0,,,,,,,,0,,,,,,9958,,,,,,,,,,,,,,,,,,,,,,,,,,,,,,25,,,,,,0,,,,,,,,,,,,,,,,,,,,,,,,,,,,
2013-12-11,MK0331YHGSEDNA,Hitachi HDS723030ALA640,3000592982016,0,,0,,,,,,,,0,,,,,,17018,,,,,,,,,,,,,,,,,,,,,,,,,,,,,,26,,,,,,0,,,,,,,,,,,,,,,,,,,,,,,,,,,,
2013-12-11,MJ1311YNG370JA,Hitachi HDS5C3030ALA630,3000592982016,0,,0,,,,,,,,0,,,,,,19309,,,,,,,,,,,,,,,,,,,,,,,,,,,,,,27,,,,,,0,,,,,,,,,,,,,,,,,,,,,,,,,,,,
2013-12-11,JK11A5B8KJV8DX,Hitachi HDS722020ALA330,2000398934016,0,,0,,,,,,,,0,,,,,,14116,,,,,,,,,,,,,,,,,,,,,,,,,,,,,,23,,,,,,0,,,,,,,,,,,,,,,,,,,,,,,,,,,,
2013-12-11,JK1105B8GHK8BX,Hitachi HDS722020ALA330,2000398934016,0,,0,,,,,,,,0,,,,,,26766,,,,,,,,,,,,,,,,,,,,,,,,,,,,,,27,,,,,,0,,,,,,,,,,,,,,,,,,,,,,,,,,,,
2013-12-11,WD-WCC1T1212437,WDC WD30EFRX,3000592982016,0,,0,,,,,,,,0,,,,,,682,,,,,,,,,,,,,,,,,,,,,,,,,,,,,,18,,,,,,0,,,,,,,,,,,,,,,,,,,,,,,,,,,,
2013-12-11,PL1311LAG3BA1H,Hitachi HDS5C4040ALE630,4000787030016,0,,0,,,,,,,,0,,,,,,2981,,,,,,,,,,,,,,,,,,,,,,,,,,,,,,25,,,,,,0,,,,,,,,,,,,,,,,,,,,,,,,,,,,
2013-12-11,JK11A8B9J3DKMF,Hitachi HDS722020ALA330,2000398934016,0,,0,,,,,,,,1,,,,,,24914,,,,,,,,,,,,,,,,,,,,,,,,,,,,,,29,,,,,,0,,,,,,,,,,,,,,,,,,,,,,,,,,,,
2013-12-11,MJ1323YNG1U3RC,Hitachi HDS5C3030ALA630,3000592982016,0,,131073,,,,,,,,0,,,,,,19747,,,,,,,,,,,,,,,,,,,,,,,,,,,,,,25,,,,,,0,,,,,,,,,,,,,,,,,,,,,,,,,,,,
2013-12-11,S1F0QXTJ,ST3000DM001,3000592982016,0,,77038800,,,,,,,,0,,,,,,11684,,,,,,,,,,,,,,,,,,,,,,,,,,,,,,33,,,,,,0,,,,,,,,,,,,,,,,,,,,,,,,,,,,
2013-12-11,WD-WCAU47761777,WDC WD10EADS,1000204886016,0,,23,,,,,,,,0,,,,,,40535,,,,,,,,,,,,,,,,,,,,,,,,,,,,,,30,,,,,,0,,,,,,,,,,,,,,,,,,,,,,,,,,,,
2013-12-11,9VS1QWVV,ST31500341AS,1500301910016,0,,191043774,,,,,,,,11,,,,,,40235,,,,,,,,,,,,,,,,,,,,,,,,,,,,,,26,,,,,,0,,,,,,,,,,,,,,,,,,,,,,,,,,,,
2013-12-11,MK0313YHGNAMNC,Hitachi HDS723030ALA640,3000592982016,0,,2621645,,,,,,,,0,,,,,,17036,,,,,,,,,,,,,,,,,,,,,,,,,,,,,,28,,,,,,1,,,,,,,,,,,,,,,,,,,,,,,,,,,,
2013-12-11,PL1331LAG5AWEH,HGST HMS5C4040ALE640,4000787030016,0,,0,,,,,,,,0,,,,,,9402,,,,,,,,,,,,,,,,,,,,,,,,,,,,,,28,,,,,,0,,,,,,,,,,,,,,,,,,,,,,,,,,,,
2013-12-11,PL1311LAG1YXPA,Hitachi HDS5C4040ALE630,4000787030016,0,,0,,,,,,,,0,,,,,,5186,,,,,,,,,,,,,,,,,,,,,,,,,,,,,,27,,,,,,0,,,,,,,,,,,,,,,,,,,,,,,,,,,,
2013-12-11,PL1321LAGAY4SH,Hitachi HDS5C4040ALE630,4000787030016,0,,0,,,,,,,,0,,,,,,5066,,,,,,,,,,,,,,,,,,,,,,,,,,,,,,27,,,,,,0,,,,,,,,,,,,,,,,,,,,,,,,,,,,
2013-12-11,6XW04CX9,ST31500541AS,1500301910016,0,,112069995,,,,,,,,0,,,,,,37280,,,,,,,,,,,,,,,,,,,,,,,,,,,,,,23,,,,,,0,,,,,,,,,,,,,,,,,,,,,,,,,,,,
2013-12-11,WD-WCC070196302,WDC WD30EZRX,3000592982016,0,,0,,,,,,,,0,,,,,,8610,,,,,,,,,,,,,,,,,,,,,,,,,,,,,,25,,,,,,33,,,,,,,,,,,,,,,,,,,,,,,,,,,,
2013-12-11,W1F09YPG,ST3000DM001,3000592982016,0,,60482520,,,,,,,,4448,,,,,,13886,,,,,,,,,,,,,,,,,,,,,,,,,,,,,,23,,,,,,0,,,,,,,,,,,,,,,,,,,,,,,,,,,,
2013-12-11,W1F095LS,ST3000DM001,3000592982016,0,,20916888,,,,,,,,10032,,,,,,13361,,,,,,,,,,,,,,,,,,,,,,,,,,,,,,25,,,,,,8,,,,,,,,,,,,,,,,,,,,,,,,,,,,
2013-12-11,Z1Z02S9B,ST4000DX000,4000787030016,0,,100271574,,,,,,,,0,,,,,,7133,,,,,,,,,,,,,,,,,,,,,,,,,,,,,,35,,,,,,0,,,,,,,,,,,,,,,,,,,,,,,,,,,,
2013-12-11,PL1311LAG21ZHA,Hitachi HDS5C4040ALE630,4000787030016,0,,0,,,,,,,,0,,,,,,5125,,,,,,,,,,,,,,,,,,,,,,,,,,,,,,26,,,,,,0,,,,,,,,,,,,,,,,,,,,,,,,,,,,
2013-12-11,MJ0351YNG9Z5VA,Hitachi HDS5C3030ALA630,3000592982016,0,,0,,,,,,,,0,,,,,,9552,,,,,,,,,,,,,,,,,,,,,,,,,,,,,,30,,,,,,0,,,,,,,,,,,,,,,,,,,,,,,,,,,,
2013-12-11,JK1101B9KNK03F,Hitachi HDS722020ALA330,2000398934016,0,,0,,,,,,,,0,,,,,,23074,,,,,,,,,,,,,,,,,,,,,,,,,,,,,,33,,,,,,0,,,,,,,,,,,,,,,,,,,,,,,,,,,,
2013-12-11,W300H76N,ST4000DM000,4000787030016,0,,6695736,,,,,,,,0,,,,,,2224,,,,,,,,,,,,,,,,,,,,,,,,,,,,,,26,,,,,,0,,,,,,,,,,,,,,,,,,,,,,,,,,,,
2013-12-11,JK11A8B9J7ANVF,Hitachi HDS722020ALA330,2000398934016,0,,0,,,,,,,,0,,,,,,25541,,,,,,,,,,,,,,,,,,,,,,,,,,,,,,28,,,,,,0,,,,,,,,,,,,,,,,,,,,,,,,,,,,
2013-12-11,W1F0Z61A,ST3000DM001,3000592982016,0,,235730752,,,,,,,,0,,,,,,10758,,,,,,,,,,,,,,,,,,,,,,,,,,,,,,26,,,,,,32,,,,,,,,,,,,,,,,,,,,,,,,,,,,
2013-12-11,S1F068FR,ST3000DM001,3000592982016,0,,88600248,,,,,,,,0,,,,,,13908,,,,,,,,,,,,,,,,,,,,,,,,,,,,,,26,,,,,,24,,,,,,,,,,,,,,,,,,,,,,,,,,,,
2013-12-11,6XW18AWY,ST32000542AS,2000398934016,0,,132554782,,,,,,,,0,,,,,,31707,,,,,,,,,,,,,,,,,,,,,,,,,,,,,,24,,,,,,0,,,,,,,,,,,,,,,,,,,,,,,,,,,,
2013-12-11,MJ0351YNG9S2TA,Hitachi HDS5C3030ALA630,3000592982016,0,,0,,,,,,,,0,,,,,,9163,,,,,,,,,,,,,,,,,,,,,,,,,,,,,,30,,,,,,0,,,,,,,,,,,,,,,,,,,,,,,,,,,,
2013-12-11,PL1311LAG220NA,Hitachi HDS5C4040ALE630,4000787030016,0,,0,,,,,,,,0,,,,,,6616,,,,,,,,,,,,,,,,,,,,,,,,,,,,,,24,,,,,,0,,,,,,,,,,,,,,,,,,,,,,,,,,,,
2013-12-11,MJ1311YNG2KRAA,Hitachi HDS5C3030ALA630,3000592982016,0,,0,,,,,,,,0,,,,,,18065,,,,,,,,,,,,,,,,,,,,,,,,,,,,,,24,,,,,,0,,,,,,,,,,,,,,,,,,,,,,,,,,,,
2013-12-11,JK1105B8GDELLX,Hitachi HDS722020ALA330,2000398934016,0,,0,,,,,,,,0,,,,,,27212,,,,,,,,,,,,,,,,,,,,,,,,,,,,,,26,,,,,,0,,,,,,,,,,,,,,,,,,,,,,,,,,,,
2013-12-11,Z300PC0W,ST4000DM000,4000787030016,0,,148078472,,,,,,,,0,,,,,,1093,,,,,,,,,,,,,,,,,,,,,,,,,,,,,,24,,,,,,0,,,,,,,,,,,,,,,,,,,,,,,,,,,,
2013-12-11,MK0313YHGBGGZC,Hitachi HDS723030ALA640,3000592982016,0,,917516,,,,,,,,0,,,,,,21458,,,,,,,,,,,,,,,,,,,,,,,,,,,,,,29,,,,,,0,,,,,,,,,,,,,,,,,,,,,,,,,,,,
2013-12-11,Z300KCMM,ST4000DM000,4000787030016,0,,165230984,,,,,,,,0,,,,,,2257,,,,,,,,,,,,,,,,,,,,,,,,,,,,,,22,,,,,,0,,,,,,,,,,,,,,,,,,,,,,,,,,,,
2013-12-11,MJ0351YNG9URGA,Hitachi HDS5C3030ALA630,3000592982016,0,,0,,,,,,,,0,,,,,,9483,,,,,,,,,,,,,,,,,,,,,,,,,,,,,,30,,,,,,0,,,,,,,,,,,,,,,,,,,,,,,,,,,,
2013-12-11,WD-WCAWZ1149664,WDC WD30EZRX,3000592982016,0,,0,,,,,,,,0,,,,,,16071,,,,,,,,,,,,,,,,,,,,,,,,,,,,,,19,,,,,,0,,,,,,,,,,,,,,,,,,,,,,,,,,,,
2013-12-11,PL1311LAG294PH,Hitachi HDS5C4040ALE630,4000787030016,0,,0,,,,,,,,0,,,,,,4746,,,,,,,,,,,,,,,,,,,,,,,,,,,,,,26,,,,,,0,,,,,,,,,,,,,,,,,,,,,,,,,,,,
2013-12-11,S1F0DYC1,ST3000DM001,3000592982016,0,,8447264,,,,,,,,0,,,,,,11048,,,,,,,,,,,,,,,,,,,,,,,,,,,,,,20,,,,,,0,,,,,,,,,,,,,,,,,,,,,,,,,,,,
2013-12-11,WD-WCAU45409452,WDC WD10EADS,1000204886016,0,,0,,,,,,,,0,,,,,,259954,,,,,,,,,,,,,,,,,,,,,,,,,,,,,,28,,,,,,0,,,,,,,,,,,,,,,,,,,,,,,,,,,,
2013-12-11,W300D6XG,ST4000DM000,4000787030016,0,,122583416,,,,,,,,0,,,,,,4140,,,,,,,,,,,,,,,,,,,,,,,,,,,,,,24,,,,,,0,,,,,,,,,,,,,,,,,,,,,,,,,,,,
2013-12-11,9XW01VJ1,ST31500541AS,1500301910016,0,,175177171,,,,,,,,44,,,,,,35043,,,,,,,,,,,,,,,,,,,,,,,,,,,,,,19,,,,,,0,,,,,,,,,,,,,,,,,,,,,,,,,,,,
2013-12-11,MJ0351YNG9WV8A,Hitachi HDS5C3030ALA630,3000592982016,0,,0,,,,,,,,0,,,,,,9142,,,,,,,,,,,,,,,,,,,,,,,,,,,,,,29,,,,,,0,,,,,,,,,,,,,,,,,,,,,,,,,,,,
2013-12-11,PL1311LAG2EDWH,Hitachi HDS5C4040ALE630,4000787030016,0,,0,,,,,,,,0,,,,,,7400,,,,,,,,,,,,,,,,,,,,,,,,,,,,,,28,,,,,,0,,,,,,,,,,,,,,,,,,,,,,,,,,,,
2013-12-11,JK1101B8KN9XAS,Hitachi HDS722020ALA330,2000398934016,0,,0,,,,,,,,0,,,,,,23099,,,,,,,,,,,,,,,,,,,,,,,,,,,,,,25,,,,,,0,,,,,,,,,,,,,,,,,,,,,,,,,,,,
2013-12-11,MJ1313YNG1DMGC,Hitachi HDS5C3030ALA630,3000592982016,0,,0,,,,,,,,0,,,,,,21796,,,,,,,,,,,,,,,,,,,,,,,,,,,,,,25,,,,,,0,,,,,,,,,,,,,,,,,,,,,,,,,,,,
2013-12-11,MJ1311YNG391AA,Hitachi HDS5C3030ALA630,3000592982016,0,,0,,,,,,,,0,,,,,,19254,,,,,,,,,,,,,,,,,,,,,,,,,,,,,,26,,,,,,0,,,,,,,,,,,,,,,,,,,,,,,,,,,,
2013-12-11,S1F0CT8H,ST3000DM001,3000592982016,0,,77198928,,,,,,,,0,,,,,,12417,,,,,,,,,,,,,,,,,,,,,,,,,,,,,,30,,,,,,0,,,,,,,,,,,,,,,,,,,,,,,,,,,,
2013-12-11,Z300CMV1,ST4000DM000,4000787030016,0,,111085224,,,,,,,,0,,,,,,2272,,,,,,,,,,,,,,,,,,,,,,,,,,,,,,24,,,,,,0,,,,,,,,,,,,,,,,,,,,,,,,,,,,
2013-12-11,MJ1311YNG77GRA,Hitachi HDS5C3030ALA630,3000592982016,0,,0,,,,,,,,0,,,,,,14620,,,,,,,,,,,,,,,,,,,,,,,,,,,,,,20,,,,,,0,,,,,,,,,,,,,,,,,,,,,,,,,,,,
2013-12-11,Z300WFZF,ST4000DM000,4000787030016,0,,208235816,,,,,,,,0,,,,,,108,,,,,,,,,,,,,,,,,,,,,,,,,,,,,,22,,,,,,0,,,,,,,,,,,,,,,,,,,,,,,,,,,,
2013-12-11,S1F0CT8D,ST3000DM001,3000592982016,0,,182313968,,,,,,,,0,,,,,,12418,,,,,,,,,,,,,,,,,,,,,,,,,,,,,,29,,,,,,0,,,,,,,,,,,,,,,,,,,,,,,,,,,,
2013-12-11,JK11A5B8KK93BX,Hitachi HDS722020ALA330,2000398934016,0,,0,,,,,,,,0,,,,,,7394,,,,,,,,,,,,,,,,,,,,,,,,,,,,,,25,,,,,,0,,,,,,,,,,,,,,,,,,,,,,,,,,,,
2013-12-11,MK0311YHG13UGA,Hitachi HDS723030ALA640,3000592982016,0,,0,,,,,,,,0,,,,,,16800,,,,,,,,,,,,,,,,,,,,,,,,,,,,,,28,,,,,,0,,,,,,,,,,,,,,,,,,,,,,,,,,,,
2013-12-11,Z300VJX2,ST4000DM000,4000787030016,0,,3447488,,,,,,,,0,,,,,,815,,,,,,,,,,,,,,,,,,,,,,,,,,,,,,18,,,,,,0,,,,,,,,,,,,,,,,,,,,,,,,,,,,
2013-12-11,S1F0CT84,ST3000DM001,3000592982016,0,,236483240,,,,,,,,0,,,,,,12363,,,,,,,,,,,,,,,,,,,,,,,,,,,,,,24,,,,,,0,,,,,,,,,,,,,,,,,,,,,,,,,,,,
2013-12-11,9XW01XJB,ST31500541AS,1500301910016,0,,143955791,,,,,,,,0,,,,,,34326,,,,,,,,,,,,,,,,,,,,,,,,,,,,,,20,,,,,,0,,,,,,,,,,,,,,,,,,,,,,,,,,,,
2013-12-11,W1F0FMY8,ST3000DM001,3000592982016,0,,51468392,,,,,,,,0,,,,,,11576,,,,,,,,,,,,,,,,,,,,,,,,,,,,,,25,,,,,,0,,,,,,,,,,,,,,,,,,,,,,,,,,,,
2013-12-11,S1F0319H,ST3000DM001,3000592982016,0,,90104544,,,,,,,,0,,,,,,15479,,,,,,,,,,,,,,,,,,,,,,,,,,,,,,24,,,,,,0,,,,,,,,,,,,,,,,,,,,,,,,,,,,
2013-12-11,Z300JB8G,ST4000DM000,4000787030016,0,,109914864,,,,,,,,0,,,,,,2221,,,,,,,,,,,,,,,,,,,,,,,,,,,,,,24,,,,,,0,,,,,,,,,,,,,,,,,,,,,,,,,,,,
2013-12-11,Z290Y08G,ST33000651AS,3000592982016,0,,152754900,,,,,,,,0,,,,,,15915,,,,,,,,,,,,,,,,,,,,,,,,,,,,,,23,,,,,,0,,,,,,,,,,,,,,,,,,,,,,,,,,,,
2013-12-11,JK11A8B9J3BUHF,Hitachi HDS722020ALA330,2000398934016,0,,131072,,,,,,,,0,,,,,,23512,,,,,,,,,,,,,,,,,,,,,,,,,,,,,,25,,,,,,0,,,,,,,,,,,,,,,,,,,,,,,,,,,,
2013-12-11,9XW01XJQ,ST31500541AS,1500301910016,0,,193127504,,,,,,,,0,,,,,,35756,,,,,,,,,,,,,,,,,,,,,,,,,,,,,,21,,,,,,0,,,,,,,,,,,,,,,,,,,,,,,,,,,,
2013-12-11,JK1101B9JPHAJF,Hitachi HDS722020ALA330,2000398934016,0,,0,,,,,,,,0,,,,,,24431,,,,,,,,,,,,,,,,,,,,,,,,,,,,,,28,,,,,,0,,,,,,,,,,,,,,,,,,,,,,,,,,,,
2013-12-11,MJ0351YNG9YR2A,Hitachi HDS5C3030ALA630,3000592982016,0,,0,,,,,,,,0,,,,,,9672,,,,,,,,,,,,,,,,,,,,,,,,,,,,,,29,,,,,,0,,,,,,,,,,,,,,,,,,,,,,,,,,,,
2013-12-11,PL1311LAG27LMH,Hitachi HDS5C4040ALE630,4000787030016,0,,0,,,,,,,,0,,,,,,6074,,,,,,,,,,,,,,,,,,,,,,,,,,,,,,20,,,,,,0,,,,,,,,,,,,,,,,,,,,,,,,,,,,
2013-12-11,MJ1311YNG3K38A,Hitachi HDS5C3030ALA630,3000592982016,0,,0,,,,,,,,0,,,,,,19587,,,,,,,,,,,,,,,,,,,,,,,,,,,,,,23,,,,,,0,,,,,,,,,,,,,,,,,,,,,,,,,,,,
2013-12-11,Z300NK7Z,ST4000DM000,4000787030016,0,,67552712,,,,,,,,0,,,,,,1093,,,,,,,,,,,,,,,,,,,,,,,,,,,,,,28,,,,,,0,,,,,,,,,,,,,,,,,,,,,,,,,,,,
2013-12-11,9VS1JAJW,ST31500341AS,1500301910016,0,,28900193,,,,,,,,0,,,,,,40407,,,,,,,,,,,,,,,,,,,,,,,,,,,,,,25,,,,,,0,,,,,,,,,,,,,,,,,,,,,,,,,,,,
2013-12-11,PL1311LAG3DLGH,Hitachi HDS5C4040ALE630,4000787030016,0,,0,,,,,,,,0,,,,,,6993,,,,,,,,,,,,,,,,,,,,,,,,,,,,,,21,,,,,,0,,,,,,,,,,,,,,,,,,,,,,,,,,,,
2013-12-11,WD-WCAU42451607,WDC WD10EACS,1000204886016,0,,0,,,,,,,,0,,,,,,43140,,,,,,,,,,,,,,,,,,,,,,,,,,,,,,17,,,,,,0,,,,,,,,,,,,,,,,,,,,,,,,,,,,
2013-12-11,Z1F19VCF,ST3000DM001,3000592982016,0,,114394696,,,,,,,,0,,,,,,8136,,,,,,,,,,,,,,,,,,,,,,,,,,,,,,27,,,,,,0,,,,,,,,,,,,,,,,,,,,,,,,,,,,
2013-12-11,MJ1311YNG3H4HA,Hitachi HDS5C3030ALA630,3000592982016,0,,0,,,,,,,,0,,,,,,18939,,,,,,,,,,,,,,,,,,,,,,,,,,,,,,26,,,,,,0,,,,,,,,,,,,,,,,,,,,,,,,,,,,
2013-12-11,W3005MJ8,ST4000DM000,4000787030016,0,,224997784,,,,,,,,0,,,,,,2857,,,,,,,,,,,,,,,,,,,,,,,,,,,,,,22,,,,,,0,,,,,,,,,,,,,,,,,,,,,,,,,,,,
2013-12-11,Z262EVJAS,TOSHIBA DT01ACA300,3000592982016,0,,0,,,,,,,,0,,,,,,6615,,,,,,,,,,,,,,,,,,,,,,,,,,,,,,23,,,,,,0,,,,,,,,,,,,,,,,,,,,,,,,,,,,
2013-12-11,PL1311LAG334AH,Hitachi HDS5C4040ALE630,4000787030016,0,,0,,,,,,,,0,,,,,,5959,,,,,,,,,,,,,,,,,,,,,,,,,,,,,,19,,,,,,0,,,,,,,,,,,,,,,,,,,,,,,,,,,,
2013-12-11,MJ0351YNG9UX5A,Hitachi HDS5C3030ALA630,3000592982016,0,,0,,,,,,,,0,,,,,,8883,,,,,,,,,,,,,,,,,,,,,,,,,,,,,,31,,,,,,0,,,,,,,,,,,,,,,,,,,,,,,,,,,,
2013-12-11,PL1311LAG34N4H,Hitachi HDS5C4040ALE630,4000787030016,0,,0,,,,,,,,0,,,,,,5670,,,,,,,,,,,,,,,,,,,,,,,,,,,,,,19,,,,,,0,,,,,,,,,,,,,,,,,,,,,,,,,,,,
2013-12-11,Z300E4W7,ST4000DM000,4000787030016,0,,149125792,,,,,,,,0,,,,,,1331,,,,,,,,,,,,,,,,,,,,,,,,,,,,,,18,,,,,,0,,,,,,,,,,,,,,,,,,,,,,,,,,,,
2013-12-11,Z300WGXQ,ST4000DM000,4000787030016,0,,241953480,,,,,,,,0,,,,,,923,,,,,,,,,,,,,,,,,,,,,,,,,,,,,,25,,,,,,0,,,,,,,,,,,,,,,,,,,,,,,,,,,,
2013-12-11,6XW0059P,ST31500541AS,1500301910016,0,,168401655,,,,,,,,0,,,,,,36070,,,,,,,,,,,,,,,,,,,,,,,,,,,,,,17,,,,,,0,,,,,,,,,,,,,,,,,,,,,,,,,,,,
2013-12-11,JK11A8B9J0MBPF,Hitachi HDS722020ALA330,2000398934016,0,,0,,,,,,,,0,,,,,,26328,,,,,,,,,,,,,,,,,,,,,,,,,,,,,,26,,,,,,0,,,,,,,,,,,,,,,,,,,,,,,,,,,,
2013-12-11,Z300WGXN,ST4000DM000,4000787030016,0,,160203792,,,,,,,,0,,,,,,815,,,,,,,,,,,,,,,,,,,,,,,,,,,,,,20,,,,,,0,,,,,,,,,,,,,,,,,,,,,,,,,,,,
2013-12-11,JK11A8B9JP3T9F,Hitachi HDS722020ALA330,2000398934016,0,,0,,,,,,,,0,,,,,,23560,,,,,,,,,,,,,,,,,,,,,,,,,,,,,,29,,,,,,0,,,,,,,,,,,,,,,,,,,,,,,,,,,,
2013-12-11,5XW05C1T,ST31500541AS,1500301910016,0,,529057,,,,,,,,0,,,,,,33222,,,,,,,,,,,,,,,,,,,,,,,,,,,,,,21,,,,,,0,,,,,,,,,,,,,,,,,,,,,,,,,,,,
2013-12-11,JK11A8B9J86PYF,Hitachi HDS722020ALA330,2000398934016,0,,0,,,,,,,,0,,,,,,26010,,,,,,,,,,,,,,,,,,,,,,,,,,,,,,29,,,,,,0,,,,,,,,,,,,,,,,,,,,,,,,,,,,
2013-12-11,S1F0S4CA,ST3000DM001,3000592982016,0,,180367936,,,,,,,,0,,,,,,8652,,,,,,,,,,,,,,,,,,,,,,,,,,,,,,25,,,,,,0,,,,,,,,,,,,,,,,,,,,,,,,,,,,
2013-12-11,Z300K8SN,ST4000DM000,4000787030016,0,,134858184,,,,,,,,0,,,,,,2221,,,,,,,,,,,,,,,,,,,,,,,,,,,,,,26,,,,,,0,,,,,,,,,,,,,,,,,,,,,,,,,,,,
2013-12-11,S1F0S4CH,ST3000DM001,3000592982016,0,,57864728,,,,,,,,0,,,,,,10772,,,,,,,,,,,,,,,,,,,,,,,,,,,,,,25,,,,,,0,,,,,,,,,,,,,,,,,,,,,,,,,,,,
2013-12-11,S1F06K8Y,ST3000DM001,3000592982016,0,,105742760,,,,,,,,3296,,,,,,13341,,,,,,,,,,,,,,,,,,,,,,,,,,,,,,25,,,,,,0,,,,,,,,,,,,,,,,,,,,,,,,,,,,
2013-12-11,W1F0BL1H,ST3000DM001,3000592982016,0,,88875248,,,,,,,,0,,,,,,7852,,,,,,,,,,,,,,,,,,,,,,,,,,,,,,26,,,,,,0,,,,,,,,,,,,,,,,,,,,,,,,,,,,
2013-12-11,JK11A8B9J8E2EF,Hitachi HDS722020ALA330,2000398934016,0,,0,,,,,,,,9,,,,,,25123,,,,,,,,,,,,,,,,,,,,,,,,,,,,,,30,,,,,,0,,,,,,,,,,,,,,,,,,,,,,,,,,,,
2013-12-11,MK0313YHGGGSYC,Hitachi HDS723030ALA640,3000592982016,0,,0,,,,,,,,0,,,,,,21455,,,,,,,,,,,,,,,,,,,,,,,,,,,,,,23,,,,,,0,,,,,,,,,,,,,,,,,,,,,,,,,,,,
2013-12-11,Z1F0LCDA,ST3000DM001,3000592982016,0,,222185976,,,,,,,,0,,,,,,12172,,,,,,,,,,,,,,,,,,,,,,,,,,,,,,20,,,,,,0,,,,,,,,,,,,,,,,,,,,,,,,,,,,
2013-12-11,5YD7VB86,ST1500DL003,1500301910016,0,,12240072,,,,,,,,0,,,,,,3613,,,,,,,,,,,,,,,,,,,,,,,,,,,,,,26,,,,,,0,,,,,,,,,,,,,,,,,,,,,,,,,,,,
2013-12-11,S1F0RSG2,ST3000DM001,3000592982016,0,,1586784,,,,,,,,0,,,,,,10719,,,,,,,,,,,,,,,,,,,,,,,,,,,,,,24,,,,,,0,,,,,,,,,,,,,,,,,,,,,,,,,,,,
2013-12-11,MJ1323YNG1K13C,Hitachi HDS5C3030ALA630,3000592982016,0,,3014656,,,,,,,,0,,,,,,19731,,,,,,,,,,,,,,,,,,,,,,,,,,,,,,24,,,,,,0,,,,,,,,,,,,,,,,,,,,,,,,,,,,
2013-12-11,WD-WCAU45274213,WDC WD10EADS,1000204886016,0,,2,,,,,,,,0,,,,,,41394,,,,,,,,,,,,,,,,,,,,,,,,,,,,,,28,,,,,,0,,,,,,,,,,,,,,,,,,,,,,,,,,,,
2013-12-11,W1F08RGA,ST3000DM001,3000592982016,0,,222365136,,,,,,,,4256,,,,,,13347,,,,,,,,,,,,,,,,,,,,,,,,,,,,,,31,,,,,,0,,,,,,,,,,,,,,,,,,,,,,,,,,,,
2013-12-11,JK11A8B9J7V8KF,Hitachi HDS722020ALA330,2000398934016,0,,0,,,,,,,,0,,,,,,26027,,,,,,,,,,,,,,,,,,,,,,,,,,,,,,28,,,,,,0,,,,,,,,,,,,,,,,,,,,,,,,,,,,
2013-12-11,9XW01QTC,ST31500541AS,1500301910016,0,,181146433,,,,,,,,0,,,,,,35041,,,,,,,,,,,,,,,,,,,,,,,,,,,,,,18,,,,,,0,,,,,,,,,,,,,,,,,,,,,,,,,,,,
2013-12-11,9XW01QTD,ST31500541AS,1500301910016,0,,170076595,,,,,,,,0,,,,,,35046,,,,,,,,,,,,,,,,,,,,,,,,,,,,,,20,,,,,,0,,,,,,,,,,,,,,,,,,,,,,,,,,,,
2013-12-11,9XW01QTE,ST31500541AS,1500301910016,0,,29876410,,,,,,,,0,,,,,,35656,,,,,,,,,,,,,,,,,,,,,,,,,,,,,,20,,,,,,0,,,,,,,,,,,,,,,,,,,,,,,,,,,,
2013-12-11,JK1105B8JS2RMX,Hitachi HDS722020ALA330,2000398934016,0,,4,,,,,,,,0,,,,,,22698,,,,,,,,,,,,,,,,,,,,,,,,,,,,,,27,,,,,,0,,,,,,,,,,,,,,,,,,,,,,,,,,,,
2013-12-11,S1F05SQY,ST3000DM001,3000592982016,0,,203200336,,,,,,,,0,,,,,,12419,,,,,,,,,,,,,,,,,,,,,,,,,,,,,,31,,,,,,0,,,,,,,,,,,,,,,,,,,,,,,,,,,,
2013-12-11,JK11A8B9GGE7NF,Hitachi HDS722020ALA330,2000398934016,0,,0,,,,,,,,0,,,,,,26480,,,,,,,,,,,,,,,,,,,,,,,,,,,,,,25,,,,,,0,,,,,,,,,,,,,,,,,,,,,,,,,,,,
2013-12-11,6XW0GBHA,ST31500541AS,1500301910016,0,,28331491,,,,,,,,653,,,,,,26229,,,,,,,,,,,,,,,,,,,,,,,,,,,,,,19,,,,,,0,,,,,,,,,,,,,,,,,,,,,,,,,,,,
2013-12-11,9VS3HX2G,ST31500341AS,1500301910016,0,,11718452,,,,,,,,277,,,,,,31323,,,,,,,,,,,,,,,,,,,,,,,,,,,,,,24,,,,,,0,,,,,,,,,,,,,,,,,,,,,,,,,,,,
2013-12-11,PL1311LAG25VLA,Hitachi HDS5C4040ALE630,4000787030016,0,,0,,,,,,,,0,,,,,,7437,,,,,,,,,,,,,,,,,,,,,,,,,,,,,,24,,,,,,0,,,,,,,,,,,,,,,,,,,,,,,,,,,,
2013-12-11,MJ1311YNG7LP6A,Hitachi HDS5C3030ALA630,3000592982016,0,,0,,,,,,,,0,,,,,,14289,,,,,,,,,,,,,,,,,,,,,,,,,,,,,,28,,,,,,0,,,,,,,,,,,,,,,,,,,,,,,,,,,,
2013-12-11,JK11A8B9J1GX5F,Hitachi HDS722020ALA330,2000398934016,0,,0,,,,,,,,0,,,,,,24426,,,,,,,,,,,,,,,,,,,,,,,,,,,,,,29,,,,,,0,,,,,,,,,,,,,,,,,,,,,,,,,,,,
2013-12-11,W1F0MG4Q,ST3000DM001,3000592982016,0,,102807584,,,,,,,,0,,,,,,10738,,,,,,,,,,,,,,,,,,,,,,,,,,,,,,23,,,,,,0,,,,,,,,,,,,,,,,,,,,,,,,,,,,
2013-12-11,MK0333YHGPX39C,Hitachi HDS723030ALA640,3000592982016,0,,0,,,,,,,,0,,,,,,17754,,,,,,,,,,,,,,,,,,,,,,,,,,,,,,24,,,,,,1,,,,,,,,,,,,,,,,,,,,,,,,,,,,
2013-12-11,W1F0A0SA,ST3000DM001,3000592982016,0,,76950520,,,,,,,,0,,,,,,14708,,,,,,,,,,,,,,,,,,,,,,,,,,,,,,23,,,,,,0,,,,,,,,,,,,,,,,,,,,,,,,,,,,
2013-12-11,JK11A8B9J2729F,Hitachi HDS722020ALA330,2000398934016,0,,0,,,,,,,,0,,,,,,23991,,,,,,,,,,,,,,,,,,,,,,,,,,,,,,29,,,,,,0,,,,,,,,,,,,,,,,,,,,,,,,,,,,
2013-12-11,MJ0351YNGA6NSA,Hitachi HDS5C3030ALA630,3000592982016,0,,0,,,,,,,,0,,,,,,9129,,,,,,,,,,,,,,,,,,,,,,,,,,,,,,28,,,,,,0,,,,,,,,,,,,,,,,,,,,,,,,,,,,
2013-12-11,JK1101B9J3BUAF,Hitachi HDS722020ALA330,2000398934016,0,,0,,,,,,,,0,,,,,,23105,,,,,,,,,,,,,,,,,,,,,,,,,,,,,,26,,,,,,0,,,,,,,,,,,,,,,,,,,,,,,,,,,,
2013-12-11,MK0311YHGK775A,Hitachi HDS723030ALA640,3000592982016,0,,0,,,,,,,,0,,,,,,14732,,,,,,,,,,,,,,,,,,,,,,,,,,,,,,30,,,,,,0,,,,,,,,,,,,,,,,,,,,,,,,,,,,
2013-12-11,S1F0S3CR,ST3000DM001,3000592982016,0,,166638984,,,,,,,,0,,,,,,10759,,,,,,,,,,,,,,,,,,,,,,,,,,,,,,23,,,,,,0,,,,,,,,,,,,,,,,,,,,,,,,,,,,
2013-12-11,JK1171YAK207DN,Hitachi HDS722020ALA330,2000398934016,0,,0,,,,,,,,0,,,,,,29915,,,,,,,,,,,,,,,,,,,,,,,,,,,,,,25,,,,,,0,,,,,,,,,,,,,,,,,,,,,,,,,,,,
2013-12-11,Z300JDGQ,ST4000DM000,4000787030016,0,,176013672,,,,,,,,0,,,,,,2219,,,,,,,,,,,,,,,,,,,,,,,,,,,,,,25,,,,,,0,,,,,,,,,,,,,,,,,,,,,,,,,,,,
2013-12-11,W1F0A0S5,ST3000DM001,3000592982016,0,,74333088,,,,,,,,0,,,,,,14729,,,,,,,,,,,,,,,,,,,,,,,,,,,,,,23,,,,,,0,,,,,,,,,,,,,,,,,,,,,,,,,,,,
2013-12-11,Z300KF70,ST4000DM000,4000787030016,0,,208445464,,,,,,,,0,,,,,,152,,,,,,,,,,,,,,,,,,,,,,,,,,,,,,24,,,,,,0,,,,,,,,,,,,,,,,,,,,,,,,,,,,
2013-12-11,S1F04E4N,ST3000DM001,3000592982016,0,,105561576,,,,,,,,0,,,,,,15619,,,,,,,,,,,,,,,,,,,,,,,,,,,,,,24,,,,,,0,,,,,,,,,,,,,,,,,,,,,,,,,,,,
2013-12-11,JK11A8B9J2L49F,Hitachi HDS722020ALA330,2000398934016,0,,0,,,,,,,,0,,,,,,23828,,,,,,,,,,,,,,,,,,,,,,,,,,,,,,30,,,,,,0,,,,,,,,,,,,,,,,,,,,,,,,,,,,
2013-12-11,MJ1321YNG0HZXA,Hitachi HDS5C3030ALA630,3000592982016,0,,0,,,,,,,,0,,,,,,20066,,,,,,,,,,,,,,,,,,,,,,,,,,,,,,23,,,,,,0,,,,,,,,,,,,,,,,,,,,,,,,,,,,
2013-12-11,WD-WCAWZ1332647,WDC WD30EZRX,3000592982016,0,,0,,,,,,,,59,,,,,,17603,,,,,,,,,,,,,,,,,,,,,,,,,,,,,,23,,,,,,1122,,,,,,,,,,,,,,,,,,,,,,,,,,,,
2013-12-11,W3005PPF,ST4000DM000,4000787030016,0,,164050824,,,,,,,,0,,,,,,2893,,,,,,,,,,,,,,,,,,,,,,,,,,,,,,23,,,,,,0,,,,,,,,,,,,,,,,,,,,,,,,,,,,
2013-12-11,5XW00F4P,ST31500541AS,1500301910016,0,,127084716,,,,,,,,0,,,,,,35975,,,,,,,,,,,,,,,,,,,,,,,,,,,,,,17,,,,,,0,,,,,,,,,,,,,,,,,,,,,,,,,,,,
2013-12-11,MJ1311YNG6YT4A,Hitachi HDS5C3030ALA630,3000592982016,0,,0,,,,,,,,0,,,,,,14289,,,,,,,,,,,,,,,,,,,,,,,,,,,,,,28,,,,,,0,,,,,,,,,,,,,,,,,,,,,,,,,,,,
2013-12-11,9XW007PQ,ST31500541AS,1500301910016,0,,15519429,,,,,,,,0,,,,,,16095,,,,,,,,,,,,,,,,,,,,,,,,,,,,,,29,,,,,,0,,,,,,,,,,,,,,,,,,,,,,,,,,,,
2013-12-11,MJ0351YNG9RAWA,Hitachi HDS5C3030ALA630,3000592982016,0,,0,,,,,,,,0,,,,,,9469,,,,,,,,,,,,,,,,,,,,,,,,,,,,,,25,,,,,,0,,,,,,,,,,,,,,,,,,,,,,,,,,,,
2013-12-11,Z2907Z05,ST33000651AS,3000592982016,0,,227280985,,,,,,,,0,,,,,,15916,,,,,,,,,,,,,,,,,,,,,,,,,,,,,,24,,,,,,0,,,,,,,,,,,,,,,,,,,,,,,,,,,,
2013-12-11,JK1105B8GEUL4X,Hitachi HDS722020ALA330,2000398934016,0,,0,,,,,,,,0,,,,,,27160,,,,,,,,,,,,,,,,,,,,,,,,,,,,,,31,,,,,,0,,,,,,,,,,,,,,,,,,,,,,,,,,,,
2013-12-11,JK11A8B9J7WJ5F,Hitachi HDS722020ALA330,2000398934016,0,,0,,,,,,,,0,,,,,,24914,,,,,,,,,,,,,,,,,,,,,,,,,,,,,,29,,,,,,0,,,,,,,,,,,,,,,,,,,,,,,,,,,,
2013-12-11,MJ0351YNG9YZTA,Hitachi HDS5C3030ALA630,3000592982016,0,,31326534,,,,,,,,0,,,,,,9999,,,,,,,,,,,,,,,,,,,,,,,,,,,,,,32,,,,,,3,,,,,,,,,,,,,,,,,,,,,,,,,,,,
2013-12-11,9VS0K3PJ,ST31500341AS,1500301910016,0,,55770298,,,,,,,,22,,,,,,5196,,,,,,,,,,,,,,,,,,,,,,,,,,,,,,24,,,,,,0,,,,,,,,,,,,,,,,,,,,,,,,,,,,
2013-12-11,Z300PLKY,ST4000DM000,4000787030016,0,,127449440,,,,,,,,0,,,,,,1450,,,,,,,,,,,,,,,,,,,,,,,,,,,,,,26,,,,,,0,,,,,,,,,,,,,,,,,,,,,,,,,,,,
2013-12-11,PL1311LAG1W1UA,Hitachi HDS5C4040ALE630,4000787030016,0,,0,,,,,,,,0,,,,,,7463,,,,,,,,,,,,,,,,,,,,,,,,,,,,,,24,,,,,,0,,,,,,,,,,,,,,,,,,,,,,,,,,,,
2013-12-11,S1F02STD,ST3000DM001,3000592982016,0,,171398864,,,,,,,,0,,,,,,13346,,,,,,,,,,,,,,,,,,,,,,,,,,,,,,28,,,,,,0,,,,,,,,,,,,,,,,,,,,,,,,,,,,
2013-12-11,Z1F06J1G,ST3000DM001,3000592982016,0,,61447496,,,,,,,,0,,,,,,14734,,,,,,,,,,,,,,,,,,,,,,,,,,,,,,25,,,,,,0,,,,,,,,,,,,,,,,,,,,,,,,,,,,
2013-12-11,MJ1311YNG38PHA,Hitachi HDS5C3030ALA630,3000592982016,0,,0,,,,,,,,0,,,,,,19310,,,,,,,,,,,,,,,,,,,,,,,,,,,,,,28,,,,,,0,,,,,,,,,,,,,,,,,,,,,,,,,,,,
2013-12-11,WD-WCAU45483755,WDC WD10EADS,1000204886016,0,,2,,,,,,,,0,,,,,,41237,,,,,,,,,,,,,,,,,,,,,,,,,,,,,,29,,,,,,0,,,,,,,,,,,,,,,,,,,,,,,,,,,,
2013-12-11,JK11A8B9J8PX5F,Hitachi HDS722020ALA330,2000398934016,0,,0,,,,,,,,0,,,,,,24467,,,,,,,,,,,,,,,,,,,,,,,,,,,,,,28,,,,,,0,,,,,,,,,,,,,,,,,,,,,,,,,,,,
2013-12-11,W1F0A3SN,ST3000DM001,3000592982016,0,,53363576,,,,,,,,0,,,,,,13361,,,,,,,,,,,,,,,,,,,,,,,,,,,,,,20,,,,,,0,,,,,,,,,,,,,,,,,,,,,,,,,,,,
2013-12-11,W1F0A3SL,ST3000DM001,3000592982016,0,,193116880,,,,,,,,0,,,,,,15367,,,,,,,,,,,,,,,,,,,,,,,,,,,,,,19,,,,,,0,,,,,,,,,,,,,,,,,,,,,,,,,,,,
2013-12-11,S1F0LRNJ,ST3000DM001,3000592982016,0,,78013488,,,,,,,,0,,,,,,9916,,,,,,,,,,,,,,,,,,,,,,,,,,,,,,22,,,,,,0,,,,,,,,,,,,,,,,,,,,,,,,,,,,
2013-12-11,PL1331LAG5GWYH,HGST HMS5C4040ALE640,4000787030016,0,,0,,,,,,,,0,,,,,,9402,,,,,,,,,,,,,,,,,,,,,,,,,,,,,,28,,,,,,0,,,,,,,,,,,,,,,,,,,,,,,,,,,,
2013-12-11,MJ1311YNG39Z3A,Hitachi HDS5C3030ALA630,3000592982016,0,,0,,,,,,,,86,,,,,,14685,,,,,,,,,,,,,,,,,,,,,,,,,,,,,,21,,,,,,0,,,,,,,,,,,,,,,,,,,,,,,,,,,,
2013-12-11,S1F0LRNG,ST3000DM001,3000592982016,0,,232943048,,,,,,,,0,,,,,,8027,,,,,,,,,,,,,,,,,,,,,,,,,,,,,,24,,,,,,0,,,,,,,,,,,,,,,,,,,,,,,,,,,,
2013-12-11,S1F051EG,ST3000DM001,3000592982016,0,,36096584,,,,,,,,0,,,,,,12877,,,,,,,,,,,,,,,,,,,,,,,,,,,,,,22,,,,,,0,,,,,,,,,,,,,,,,,,,,,,,,,,,,
2013-12-11,JK1175YAHXJZMX,Hitachi HDS722020ALA330,2000398934016,0,,0,,,,,,,,0,,,,,,11379,,,,,,,,,,,,,,,,,,,,,,,,,,,,,,29,,,,,,0,,,,,,,,,,,,,,,,,,,,,,,,,,,,
2013-12-11,JK11A8B9J7MMYF,Hitachi HDS722020ALA330,2000398934016,0,,0,,,,,,,,0,,,,,,23579,,,,,,,,,,,,,,,,,,,,,,,,,,,,,,29,,,,,,0,,,,,,,,,,,,,,,,,,,,,,,,,,,,
2013-12-11,JK1171YAK204BN,Hitachi HDS722020ALA330,2000398934016,0,,196610,,,,,,,,2,,,,,,29912,,,,,,,,,,,,,,,,,,,,,,,,,,,,,,27,,,,,,0,,,,,,,,,,,,,,,,,,,,,,,,,,,,
2013-12-11,PL1311LAG28ALH,Hitachi HDS5C4040ALE630,4000787030016,0,,0,,,,,,,,0,,,,,,6993,,,,,,,,,,,,,,,,,,,,,,,,,,,,,,24,,,,,,0,,,,,,,,,,,,,,,,,,,,,,,,,,,,
2013-12-11,WD-WCC1T1255185,WDC WD30EFRX,3000592982016,0,,0,,,,,,,,0,,,,,,1354,,,,,,,,,,,,,,,,,,,,,,,,,,,,,,31,,,,,,0,,,,,,,,,,,,,,,,,,,,,,,,,,,,
2013-12-11,PL1311LAG2ZBZA,Hitachi HDS5C4040ALE630,4000787030016,0,,0,,,,,,,,0,,,,,,5958,,,,,,,,,,,,,,,,,,,,,,,,,,,,,,22,,,,,,0,,,,,,,,,,,,,,,,,,,,,,,,,,,,
2013-12-11,Z300NS9A,ST4000DM000,4000787030016,0,,145102008,,,,,,,,0,,,,,,1233,,,,,,,,,,,,,,,,,,,,,,,,,,,,,,19,,,,,,0,,,,,,,,,,,,,,,,,,,,,,,,,,,,
2013-12-11,PL1311LAG12D4A,Hitachi HDS5C4040ALE630,4000787030016,0,,0,,,,,,,,0,,,,,,7386,,,,,,,,,,,,,,,,,,,,,,,,,,,,,,25,,,,,,0,,,,,,,,,,,,,,,,,,,,,,,,,,,,
2013-12-11,JK11A5B8J1Y1NX,Hitachi HDS722020ALA330,2000398934016,0,,2,,,,,,,,0,,,,,,23820,,,,,,,,,,,,,,,,,,,,,,,,,,,,,,24,,,,,,0,,,,,,,,,,,,,,,,,,,,,,,,,,,,
2013-12-11,S1F02C98,ST3000DM001,3000592982016,0,,119716456,,,,,,,,0,,,,,,15571,,,,,,,,,,,,,,,,,,,,,,,,,,,,,,19,,,,,,8,,,,,,,,,,,,,,,,,,,,,,,,,,,,
2013-12-11,WD-WCAU47311362,WDC WD10EADS,1000204886016,0,,6,,,,,,,,0,,,,,,40772,,,,,,,,,,,,,,,,,,,,,,,,,,,,,,26,,,,,,0,,,,,,,,,,,,,,,,,,,,,,,,,,,,
2013-12-11,MJ1321YNG0WU2A,Hitachi HDS5C3030ALA630,3000592982016,0,,1,,,,,,,,0,,,,,,20731,,,,,,,,,,,,,,,,,,,,,,,,,,,,,,28,,,,,,0,,,,,,,,,,,,,,,,,,,,,,,,,,,,
2013-12-11,MJ0351YNG9NV6A,Hitachi HDS5C3030ALA630,3000592982016,0,,0,,,,,,,,0,,,,,,9974,,,,,,,,,,,,,,,,,,,,,,,,,,,,,,28,,,,,,0,,,,,,,,,,,,,,,,,,,,,,,,,,,,
2013-12-11,Z300GPV3,ST4000DM000,4000787030016,0,,56043560,,,,,,,,0,,,,,,3583,,,,,,,,,,,,,,,,,,,,,,,,,,,,,,20,,,,,,0,,,,,,,,,,,,,,,,,,,,,,,,,,,,
2013-12-11,JK11A8B9J1YT5F,Hitachi HDS722020ALA330,2000398934016,0,,851990,,,,,,,,69,,,,,,25539,,,,,,,,,,,,,,,,,,,,,,,,,,,,,,30,,,,,,0,,,,,,,,,,,,,,,,,,,,,,,,,,,,
2013-12-11,WD-WCAU47264477,WDC WD10EADS,1000204886016,0,,22,,,,,,,,0,,,,,,40591,,,,,,,,,,,,,,,,,,,,,,,,,,,,,,23,,,,,,0,,,,,,,,,,,,,,,,,,,,,,,,,,,,
2013-12-11,MJ0351YNGABKXA,Hitachi HDS5C3030ALA630,3000592982016,0,,0,,,,,,,,0,,,,,,7989,,,,,,,,,,,,,,,,,,,,,,,,,,,,,,26,,,,,,0,,,,,,,,,,,,,,,,,,,,,,,,,,,,
2013-12-11,WD-WMC4N1051529,WDC WD30EFRX,3000592982016,0,,0,,,,,,,,0,,,,,,326,,,,,,,,,,,,,,,,,,,,,,,,,,,,,,26,,,,,,0,,,,,,,,,,,,,,,,,,,,,,,,,,,,
2013-12-11,MJ0351YNG9Z53A,Hitachi HDS5C3030ALA630,3000592982016,0,,0,,,,,,,,0,,,,,,8617,,,,,,,,,,,,,,,,,,,,,,,,,,,,,,30,,,,,,0,,,,,,,,,,,,,,,,,,,,,,,,,,,,
2013-12-11,PL1311LAG3EARH,Hitachi HDS5C4040ALE630,4000787030016,0,,0,,,,,,,,0,,,,,,5923,,,,,,,,,,,,,,,,,,,,,,,,,,,,,,21,,,,,,0,,,,,,,,,,,,,,,,,,,,,,,,,,,,
2013-12-11,9XW02CGP,ST31500541AS,1500301910016,0,,188689707,,,,,,,,2,,,,,,30197,,,,,,,,,,,,,,,,,,,,,,,,,,,,,,19,,,,,,0,,,,,,,,,,,,,,,,,,,,,,,,,,,,
2013-12-11,MJ1311YNG75LVA,Hitachi HDS5C3030ALA630,3000592982016,0,,0,,,,,,,,0,,,,,,14624,,,,,,,,,,,,,,,,,,,,,,,,,,,,,,24,,,,,,0,,,,,,,,,,,,,,,,,,,,,,,,,,,,
2013-12-11,MJ0351YNGA63NA,Hitachi HDS5C3030ALA630,3000592982016,0,,0,,,,,,,,0,,,,,,9142,,,,,,,,,,,,,,,,,,,,,,,,,,,,,,30,,,,,,0,,,,,,,,,,,,,,,,,,,,,,,,,,,,
2013-12-11,MJ0351YNG9SYTA,Hitachi HDS5C3030ALA630,3000592982016,0,,0,,,,,,,,0,,,,,,8884,,,,,,,,,,,,,,,,,,,,,,,,,,,,,,30,,,,,,0,,,,,,,,,,,,,,,,,,,,,,,,,,,,
2013-12-11,WD-WCAU45241734,WDC WD10EADS,1000204886016,0,,0,,,,,,,,0,,,,,,41895,,,,,,,,,,,,,,,,,,,,,,,,,,,,,,23,,,,,,0,,,,,,,,,,,,,,,,,,,,,,,,,,,,
2013-12-11,9VS1G5XG,ST31500341AS,1500301910016,0,,162062759,,,,,,,,0,,,,,,40407,,,,,,,,,,,,,,,,,,,,,,,,,,,,,,30,,,,,,0,,,,,,,,,,,,,,,,,,,,,,,,,,,,
2013-12-11,MJ1311YNG7892A,Hitachi HDS5C3030ALA630,3000592982016,0,,0,,,,,,,,0,,,,,,14310,,,,,,,,,,,,,,,,,,,,,,,,,,,,,,26,,,,,,0,,,,,,,,,,,,,,,,,,,,,,,,,,,,
2013-12-11,MK0333YHGPKKVC,Hitachi HDS723030ALA640,3000592982016,0,,0,,,,,,,,0,,,,,,17755,,,,,,,,,,,,,,,,,,,,,,,,,,,,,,21,,,,,,0,,,,,,,,,,,,,,,,,,,,,,,,,,,,
2013-12-11,PL1311LAG3EGBH,Hitachi HDS5C4040ALE630,4000787030016,0,,0,,,,,,,,0,,,,,,5049,,,,,,,,,,,,,,,,,,,,,,,,,,,,,,28,,,,,,0,,,,,,,,,,,,,,,,,,,,,,,,,,,,
2013-12-11,Z300MYFD,ST4000DM000,4000787030016,0,,70663944,,,,,,,,0,,,,,,2844,,,,,,,,,,,,,,,,,,,,,,,,,,,,,,25,,,,,,0,,,,,,,,,,,,,,,,,,,,,,,,,,,,
2013-12-11,PL1321LAG350SH,Hitachi HDS5C4040ALE630,4000787030016,0,,0,,,,,,,,0,,,,,,6568,,,,,,,,,,,,,,,,,,,,,,,,,,,,,,28,,,,,,0,,,,,,,,,,,,,,,,,,,,,,,,,,,,
2013-12-11,PL1311LAG38N6H,Hitachi HDS5C4040ALE630,4000787030016,0,,0,,,,,,,,0,,,,,,6654,,,,,,,,,,,,,,,,,,,,,,,,,,,,,,22,,,,,,0,,,,,,,,,,,,,,,,,,,,,,,,,,,,
2013-12-11,S1F05B88,ST3000DM001,3000592982016,0,,57718856,,,,,,,,0,,,,,,13841,,,,,,,,,,,,,,,,,,,,,,,,,,,,,,25,,,,,,0,,,,,,,,,,,,,,,,,,,,,,,,,,,,
2013-12-11,MJ0351YNGA2HDA,Hitachi HDS5C3030ALA630,3000592982016,0,,0,,,,,,,,0,,,,,,9904,,,,,,,,,,,,,,,,,,,,,,,,,,,,,,25,,,,,,0,,,,,,,,,,,,,,,,,,,,,,,,,,,,
2013-12-11,W1F0Z56F,ST3000DM001,3000592982016,0,,236154128,,,,,,,,0,,,,,,10759,,,,,,,,,,,,,,,,,,,,,,,,,,,,,,26,,,,,,0,,,,,,,,,,,,,,,,,,,,,,,,,,,,
2013-12-11,WD-WCAU4C268350,WDC WD10EADS,1000204886016,0,,1,,,,,,,,0,,,,,,36295,,,,,,,,,,,,,,,,,,,,,,,,,,,,,,25,,,,,,1,,,,,,,,,,,,,,,,,,,,,,,,,,,,
2013-12-11,S1F0TKW7,ST3000DM001,3000592982016,0,,238086768,,,,,,,,0,,,,,,10725,,,,,,,,,,,,,,,,,,,,,,,,,,,,,,23,,,,,,0,,,,,,,,,,,,,,,,,,,,,,,,,,,,
2013-12-11,S1F0TPM5,ST3000DM001,3000592982016,0,,83569216,,,,,,,,0,,,,,,10400,,,,,,,,,,,,,,,,,,,,,,,,,,,,,,27,,,,,,0,,,,,,,,,,,,,,,,,,,,,,,,,,,,
2013-12-11,JK11A8B9J3B1KF,Hitachi HDS722020ALA330,2000398934016,0,,0,,,,,,,,0,,,,,,23819,,,,,,,,,,,,,,,,,,,,,,,,,,,,,,28,,,,,,0,,,,,,,,,,,,,,,,,,,,,,,,,,,,
2013-12-11,Z300T8L9,ST4000DM000,4000787030016,0,,88976696,,,,,,,,0,,,,,,923,,,,,,,,,,,,,,,,,,,,,,,,,,,,,,22,,,,,,0,,,,,,,,,,,,,,,,,,,,,,,,,,,,
2013-12-11,Z300NDZ2,ST4000DM000,4000787030016,0,,170590040,,,,,,,,0,,,,,,105,,,,,,,,,,,,,,,,,,,,,,,,,,,,,,21,,,,,,0,,,,,,,,,,,,,,,,,,,,,,,,,,,,
2013-12-11,JK11A8YBKXJN4F,Hitachi HDS722020ALA330,2000398934016,0,,0,,,,,,,,0,,,,,,27740,,,,,,,,,,,,,,,,,,,,,,,,,,,,,,21,,,,,,0,,,,,,,,,,,,,,,,,,,,,,,,,,,,
2013-12-11,MJ1311YNG72PXA,Hitachi HDS5C3030ALA630,3000592982016,0,,0,,,,,,,,0,,,,,,14601,,,,,,,,,,,,,,,,,,,,,,,,,,,,,,20,,,,,,0,,,,,,,,,,,,,,,,,,,,,,,,,,,,
2013-12-11,JK11A8B9JR06RF,Hitachi HDS722020ALA330,2000398934016,0,,0,,,,,,,,0,,,,,,24112,,,,,,,,,,,,,,,,,,,,,,,,,,,,,,25,,,,,,0,,,,,,,,,,,,,,,,,,,,,,,,,,,,
2013-12-11,WD-WMAWZ0103499,WDC WD30EZRX,3000592982016,0,,0,,,,,,,,0,,,,,,12933,,,,,,,,,,,,,,,,,,,,,,,,,,,,,,23,,,,,,0,,,,,,,,,,,,,,,,,,,,,,,,,,,,
2013-12-11,MK0313YHGKT0XC,Hitachi HDS723030ALA640,3000592982016,0,,8650808,,,,,,,,0,,,,,,21462,,,,,,,,,,,,,,,,,,,,,,,,,,,,,,33,,,,,,0,,,,,,,,,,,,,,,,,,,,,,,,,,,,
2013-12-11,JK11A8B9J3ANMF,Hitachi HDS722020ALA330,2000398934016,0,,0,,,,,,,,0,,,,,,22413,,,,,,,,,,,,,,,,,,,,,,,,,,,,,,26,,,,,,0,,,,,,,,,,,,,,,,,,,,,,,,,,,,
2013-12-11,JK11A1YAJH36EV,Hitachi HDS722020ALA330,2000398934016,0,,0,,,,,,,,0,,,,,,28852,,,,,,,,,,,,,,,,,,,,,,,,,,,,,,29,,,,,,0,,,,,,,,,,,,,,,,,,,,,,,,,,,,
2013-12-11,MK0313YHGLNDHC,Hitachi HDS723030ALA640,3000592982016,0,,0,,,,,,,,0,,,,,,16735,,,,,,,,,,,,,,,,,,,,,,,,,,,,,,26,,,,,,0,,,,,,,,,,,,,,,,,,,,,,,,,,,,
2013-12-11,S1F0TPMF,ST3000DM001,3000592982016,0,,149120944,,,,,,,,0,,,,,,10540,,,,,,,,,,,,,,,,,,,,,,,,,,,,,,20,,,,,,0,,,,,,,,,,,,,,,,,,,,,,,,,,,,
2013-12-11,WD-WCAU47699465,WDC WD10EADS,1000204886016,0,,9,,,,,,,,0,,,,,,40614,,,,,,,,,,,,,,,,,,,,,,,,,,,,,,21,,,,,,0,,,,,,,,,,,,,,,,,,,,,,,,,,,,
2013-12-11,PL1311LAG2957H,Hitachi HDS5C4040ALE630,4000787030016,0,,0,,,,,,,,0,,,,,,1813,,,,,,,,,,,,,,,,,,,,,,,,,,,,,,23,,,,,,0,,,,,,,,,,,,,,,,,,,,,,,,,,,,
2013-12-11,PL1311LAG20J1A,Hitachi HDS5C4040ALE630,4000787030016,0,,0,,,,,,,,0,,,,,,6075,,,,,,,,,,,,,,,,,,,,,,,,,,,,,,18,,,,,,0,,,,,,,,,,,,,,,,,,,,,,,,,,,,
2013-12-11,MJ1321YNG0P1AA,Hitachi HDS5C3030ALA630,3000592982016,0,,0,,,,,,,,0,,,,,,20507,,,,,,,,,,,,,,,,,,,,,,,,,,,,,,26,,,,,,0,,,,,,,,,,,,,,,,,,,,,,,,,,,,
2013-12-11,MJ0351YNGA8YXA,Hitachi HDS5C3030ALA630,3000592982016,0,,0,,,,,,,,0,,,,,,8617,,,,,,,,,,,,,,,,,,,,,,,,,,,,,,29,,,,,,0,,,,,,,,,,,,,,,,,,,,,,,,,,,,
2013-12-11,6XW05GE2,ST31500541AS,1500301910016,0,,165126964,,,,,,,,0,,,,,,37171,,,,,,,,,,,,,,,,,,,,,,,,,,,,,,25,,,,,,0,,,,,,,,,,,,,,,,,,,,,,,,,,,,
2013-12-11,JK11A8B9J8T7ZF,Hitachi HDS722020ALA330,2000398934016,0,,0,,,,,,,,0,,,,,,25583,,,,,,,,,,,,,,,,,,,,,,,,,,,,,,27,,,,,,0,,,,,,,,,,,,,,,,,,,,,,,,,,,,
2013-12-11,JK1101B9KLT1PR,Hitachi HDS722020ALA330,2000398934016,0,,65536,,,,,,,,0,,,,,,23075,,,,,,,,,,,,,,,,,,,,,,,,,,,,,,33,,,,,,0,,,,,,,,,,,,,,,,,,,,,,,,,,,,
2013-12-11,MJ1321YNG0EP4A,Hitachi HDS5C3030ALA630,3000592982016,0,,0,,,,,,,,0,,,,,,20512,,,,,,,,,,,,,,,,,,,,,,,,,,,,,,24,,,,,,0,,,,,,,,,,,,,,,,,,,,,,,,,,,,
2013-12-11,W1F03448,ST3000DM001,3000592982016,0,,98330992,,,,,,,,0,,,,,,13858,,,,,,,,,,,,,,,,,,,,,,,,,,,,,,28,,,,,,0,,,,,,,,,,,,,,,,,,,,,,,,,,,,
2013-12-11,9VS2B8MB,ST31500341AS,1500301910016,0,,9919569,,,,,,,,3,,,,,,35518,,,,,,,,,,,,,,,,,,,,,,,,,,,,,,31,,,,,,0,,,,,,,,,,,,,,,,,,,,,,,,,,,,
2013-12-11,5XW10F02,ST31500541AS,1500301910016,0,,85035994,,,,,,,,3,,,,,,19799,,,,,,,,,,,,,,,,,,,,,,,,,,,,,,17,,,,,,0,,,,,,,,,,,,,,,,,,,,,,,,,,,,
2013-12-11,Z300NMP6,ST4000DM000,4000787030016,0,,204633144,,,,,,,,0,,,,,,1094,,,,,,,,,,,,,,,,,,,,,,,,,,,,,,18,,,,,,0,,,,,,,,,,,,,,,,,,,,,,,,,,,,
2013-12-11,W1F0TB1H,ST3000DM001,3000592982016,0,,93761992,,,,,,,,0,,,,,,11047,,,,,,,,,,,,,,,,,,,,,,,,,,,,,,23,,,,,,0,,,,,,,,,,,,,,,,,,,,,,,,,,,,
2013-12-11,S1F1021H,ST3000DM001,3000592982016,0,,6652256,,,,,,,,0,,,,,,8130,,,,,,,,,,,,,,,,,,,,,,,,,,,,,,25,,,,,,0,,,,,,,,,,,,,,,,,,,,,,,,,,,,
2013-12-11,6XW0E7ME,ST32000542AS,2000398934016,0,,13397227,,,,,,,,0,,,,,,15217,,,,,,,,,,,,,,,,,,,,,,,,,,,,,,22,,,,,,0,,,,,,,,,,,,,,,,,,,,,,,,,,,,
2013-12-11,PL1311LAG1VE7A,Hitachi HDS5C4040ALE630,4000787030016,0,,0,,,,,,,,0,,,,,,7461,,,,,,,,,,,,,,,,,,,,,,,,,,,,,,28,,,,,,0,,,,,,,,,,,,,,,,,,,,,,,,,,,,
2013-12-11,W1F0SNW3,ST3000DM001,3000592982016,0,,130610632,,,,,,,,0,,,,,,11693,,,,,,,,,,,,,,,,,,,,,,,,,,,,,,23,,,,,,0,,,,,,,,,,,,,,,,,,,,,,,,,,,,
2013-12-11,9VS3JELJ,ST31500341AS,1500301910016,0,,197456104,,,,,,,,20,,,,,,32919,,,,,,,,,,,,,,,,,,,,,,,,,,,,,,19,,,,,,0,,,,,,,,,,,,,,,,,,,,,,,,,,,,
2013-12-11,W1F0344D,ST3000DM001,3000592982016,0,,29793768,,,,,,,,1248,,,,,,13796,,,,,,,,,,,,,,,,,,,,,,,,,,,,,,25,,,,,,0,,,,,,,,,,,,,,,,,,,,,,,,,,,,
2013-12-11,W1F0KDC4,ST3000DM001,3000592982016,0,,72662400,,,,,,,,0,,,,,,12249,,,,,,,,,,,,,,,,,,,,,,,,,,,,,,27,,,,,,0,,,,,,,,,,,,,,,,,,,,,,,,,,,,
2013-12-11,JK11A8B9J7A49F,Hitachi HDS722020ALA330,2000398934016,0,,0,,,,,,,,0,,,,,,23511,,,,,,,,,,,,,,,,,,,,,,,,,,,,,,28,,,,,,0,,,,,,,,,,,,,,,,,,,,,,,,,,,,
2013-12-11,5XW0BJPB,ST31500541AS,1500301910016,0,,225521885,,,,,,,,0,,,,,,33634,,,,,,,,,,,,,,,,,,,,,,,,,,,,,,22,,,,,,0,,,,,,,,,,,,,,,,,,,,,,,,,,,,
2013-12-11,W1F1A1TZ,ST3000DM001,3000592982016,0,,215930200,,,,,,,,0,,,,,,4641,,,,,,,,,,,,,,,,,,,,,,,,,,,,,,23,,,,,,0,,,,,,,,,,,,,,,,,,,,,,,,,,,,
2013-12-11,5XW04T90,ST31500541AS,1500301910016,0,,125939370,,,,,,,,0,,,,,,29737,,,,,,,,,,,,,,,,,,,,,,,,,,,,,,20,,,,,,0,,,,,,,,,,,,,,,,,,,,,,,,,,,,
2013-12-11,S1F05P41,ST3000DM001,3000592982016,0,,54446264,,,,,,,,0,,,,,,12839,,,,,,,,,,,,,,,,,,,,,,,,,,,,,,24,,,,,,0,,,,,,,,,,,,,,,,,,,,,,,,,,,,
2013-12-11,JK11A1YAJH4EVV,Hitachi HDS722020ALA330,2000398934016,0,,65537,,,,,,,,0,,,,,,28852,,,,,,,,,,,,,,,,,,,,,,,,,,,,,,29,,,,,,0,,,,,,,,,,,,,,,,,,,,,,,,,,,,
2013-12-11,9XW01RPK,ST31500541AS,1500301910016,0,,131956315,,,,,,,,130,,,,,,35566,,,,,,,,,,,,,,,,,,,,,,,,,,,,,,18,,,,,,0,,,,,,,,,,,,,,,,,,,,,,,,,,,,
2013-12-11,MK0311YHGJ3SBA,Hitachi HDS723030ALA640,3000592982016,0,,0,,,,,,,,0,,,,,,14732,,,,,,,,,,,,,,,,,,,,,,,,,,,,,,28,,,,,,0,,,,,,,,,,,,,,,,,,,,,,,,,,,,
2013-12-11,S1F0CWX6,ST3000DM001,3000592982016,0,,168694104,,,,,,,,0,,,,,,12362,,,,,,,,,,,,,,,,,,,,,,,,,,,,,,24,,,,,,0,,,,,,,,,,,,,,,,,,,,,,,,,,,,
2013-12-11,MK0311YHGDJD3A,Hitachi HDS723030ALA640,3000592982016,0,,0,,,,,,,,0,,,,,,16680,,,,,,,,,,,,,,,,,,,,,,,,,,,,,,26,,,,,,0,,,,,,,,,,,,,,,,,,,,,,,,,,,,
2013-12-11,JK11A8B9J9J2WF,Hitachi HDS722020ALA330,2000398934016,0,,0,,,,,,,,0,,,,,,25668,,,,,,,,,,,,,,,,,,,,,,,,,,,,,,28,,,,,,0,,,,,,,,,,,,,,,,,,,,,,,,,,,,
2013-12-11,6XW03ZPL,ST31500541AS,1500301910016,0,,197711182,,,,,,,,0,,,,,,35757,,,,,,,,,,,,,,,,,,,,,,,,,,,,,,25,,,,,,0,,,,,,,,,,,,,,,,,,,,,,,,,,,,
2013-12-11,MJ0351YNGA8ZWA,Hitachi HDS5C3030ALA630,3000592982016,0,,0,,,,,,,,0,,,,,,7985,,,,,,,,,,,,,,,,,,,,,,,,,,,,,,28,,,,,,0,,,,,,,,,,,,,,,,,,,,,,,,,,,,
2013-12-11,W300BBV8,ST4000DM000,4000787030016,0,,205252544,,,,,,,,0,,,,,,3587,,,,,,,,,,,,,,,,,,,,,,,,,,,,,,20,,,,,,0,,,,,,,,,,,,,,,,,,,,,,,,,,,,
2013-12-11,W1F09SV1,ST3000DM001,3000592982016,0,,147765096,,,,,,,,0,,,,,,15369,,,,,,,,,,,,,,,,,,,,,,,,,,,,,,23,,,,,,0,,,,,,,,,,,,,,,,,,,,,,,,,,,,
2013-12-11,W300B6W3,ST4000DM000,4000787030016,0,,215590416,,,,,,,,0,,,,,,3587,,,,,,,,,,,,,,,,,,,,,,,,,,,,,,23,,,,,,0,,,,,,,,,,,,,,,,,,,,,,,,,,,,
2013-12-11,W300BBV0,ST4000DM000,4000787030016,0,,130108256,,,,,,,,0,,,,,,3588,,,,,,,,,,,,,,,,,,,,,,,,,,,,,,25,,,,,,0,,,,,,,,,,,,,,,,,,,,,,,,,,,,
2013-12-11,Z300CXEB,ST4000DM000,4000787030016,0,,243151472,,,,,,,,0,,,,,,2219,,,,,,,,,,,,,,,,,,,,,,,,,,,,,,23,,,,,,0,,,,,,,,,,,,,,,,,,,,,,,,,,,,
2013-12-11,Z300PB91,ST4000DM000,4000787030016,0,,208814344,,,,,,,,0,,,,,,1142,,,,,,,,,,,,,,,,,,,,,,,,,,,,,,24,,,,,,0,,,,,,,,,,,,,,,,,,,,,,,,,,,,
2013-12-11,PL1311LAG3EA7H,Hitachi HDS5C4040ALE630,4000787030016,0,,0,,,,,,,,0,,,,,,5932,,,,,,,,,,,,,,,,,,,,,,,,,,,,,,28,,,,,,0,,,,,,,,,,,,,,,,,,,,,,,,,,,,
2013-12-11,JK11A8B9J39T8F,Hitachi HDS722020ALA330,2000398934016,0,,0,,,,,,,,0,,,,,,23948,,,,,,,,,,,,,,,,,,,,,,,,,,,,,,27,,,,,,0,,,,,,,,,,,,,,,,,,,,,,,,,,,,
2013-12-11,W300BBVA,ST4000DM000,4000787030016,0,,12334184,,,,,,,,0,,,,,,3587,,,,,,,,,,,,,,,,,,,,,,,,,,,,,,22,,,,,,0,,,,,,,,,,,,,,,,,,,,,,,,,,,,
2013-12-11,Z300CXE6,ST4000DM000,4000787030016,0,,4445160,,,,,,,,0,,,,,,2385,,,,,,,,,,,,,,,,,,,,,,,,,,,,,,25,,,,,,0,,,,,,,,,,,,,,,,,,,,,,,,,,,,
2013-12-11,W1F11JQW,ST3000DM001,3000592982016,0,,148514112,,,,,,,,0,,,,,,7994,,,,,,,,,,,,,,,,,,,,,,,,,,,,,,27,,,,,,0,,,,,,,,,,,,,,,,,,,,,,,,,,,,
2013-12-11,Z300CXE4,ST4000DM000,4000787030016,0,,127746232,,,,,,,,0,,,,,,2246,,,,,,,,,,,,,,,,,,,,,,,,,,,,,,22,,,,,,0,,,,,,,,,,,,,,,,,,,,,,,,,,,,
2013-12-11,JK11A8B9GPHSWF,Hitachi HDS722020ALA330,2000398934016,0,,0,,,,,,,,0,,,,,,26493,,,,,,,,,,,,,,,,,,,,,,,,,,,,,,25,,,,,,0,,,,,,,,,,,,,,,,,,,,,,,,,,,,
2013-12-11,MJ1311YNG1APTA,Hitachi HDS5C3030ALA630,3000592982016,0,,0,,,,,,,,0,,,,,,20067,,,,,,,,,,,,,,,,,,,,,,,,,,,,,,26,,,,,,0,,,,,,,,,,,,,,,,,,,,,,,,,,,,
2013-12-11,5XW039EA,ST31500541AS,1500301910016,0,,158353915,,,,,,,,0,,,,,,37160,,,,,,,,,,,,,,,,,,,,,,,,,,,,,,23,,,,,,0,,,,,,,,,,,,,,,,,,,,,,,,,,,,
2013-12-11,WD-WMC1T1611158,WDC WD30EFRX,3000592982016,0,,0,,,,,,,,0,,,,,,7708,,,,,,,,,,,,,,,,,,,,,,,,,,,,,,28,,,,,,0,,,,,,,,,,,,,,,,,,,,,,,,,,,,
2013-12-11,WD-WMC4N1051956,WDC WD30EFRX,3000592982016,0,,0,,,,,,,,0,,,,,,174,,,,,,,,,,,,,,,,,,,,,,,,,,,,,,22,,,,,,0,,,,,,,,,,,,,,,,,,,,,,,,,,,,
2013-12-11,JK11A8B9J2WMRF,Hitachi HDS722020ALA330,2000398934016,0,,1,,,,,,,,0,,,,,,22415,,,,,,,,,,,,,,,,,,,,,,,,,,,,,,23,,,,,,0,,,,,,,,,,,,,,,,,,,,,,,,,,,,
2013-12-11,S1F0CWXJ,ST3000DM001,3000592982016,0,,8930128,,,,,,,,0,,,,,,12366,,,,,,,,,,,,,,,,,,,,,,,,,,,,,,25,,,,,,0,,,,,,,,,,,,,,,,,,,,,,,,,,,,
2013-12-11,W1F0F04M,ST3000DM001,3000592982016,0,,105664552,,,,,,,,0,,,,,,4640,,,,,,,,,,,,,,,,,,,,,,,,,,,,,,21,,,,,,0,,,,,,,,,,,,,,,,,,,,,,,,,,,,
2013-12-11,WD-WMC4N1051959,WDC WD30EFRX,3000592982016,0,,0,,,,,,,,0,,,,,,324,,,,,,,,,,,,,,,,,,,,,,,,,,,,,,17,,,,,,0,,,,,,,,,,,,,,,,,,,,,,,,,,,,
2013-12-11,9VS21QTW,ST31500341AS,1500301910016,0,,239006297,,,,,,,,6,,,,,,35528,,,,,,,,,,,,,,,,,,,,,,,,,,,,,,30,,,,,,0,,,,,,,,,,,,,,,,,,,,,,,,,,,,
2013-12-11,JK1101B9JP3VKF,Hitachi HDS722020ALA330,2000398934016,0,,0,,,,,,,,2,,,,,,23587,,,,,,,,,,,,,,,,,,,,,,,,,,,,,,28,,,,,,0,,,,,,,,,,,,,,,,,,,,,,,,,,,,
2013-12-11,MJ1311YNG3885A,Hitachi HDS5C3030ALA630,3000592982016,0,,0,,,,,,,,0,,,,,,19253,,,,,,,,,,,,,,,,,,,,,,,,,,,,,,25,,,,,,0,,,,,,,,,,,,,,,,,,,,,,,,,,,,
2013-12-11,MJ1311YNG38Y5A,Hitachi HDS5C3030ALA630,3000592982016,0,,0,,,,,,,,0,,,,,,19254,,,,,,,,,,,,,,,,,,,,,,,,,,,,,,28,,,,,,0,,,,,,,,,,,,,,,,,,,,,,,,,,,,
2013-12-11,MK0311YHGJBDPA,Hitachi HDS723030ALA640,3000592982016,0,,140,,,,,,,,0,,,,,,21458,,,,,,,,,,,,,,,,,,,,,,,,,,,,,,26,,,,,,0,,,,,,,,,,,,,,,,,,,,,,,,,,,,
2013-12-11,Z300W5MD,ST4000DM000,4000787030016,0,,75158568,,,,,,,,0,,,,,,885,,,,,,,,,,,,,,,,,,,,,,,,,,,,,,23,,,,,,0,,,,,,,,,,,,,,,,,,,,,,,,,,,,
2013-12-11,9VS1JTCS,ST31500341AS,1500301910016,0,,101562482,,,,,,,,680,,,,,,40573,,,,,,,,,,,,,,,,,,,,,,,,,,,,,,29,,,,,,0,,,,,,,,,,,,,,,,,,,,,,,,,,,,
2013-12-11,S1F039J0,ST3000DM001,3000592982016,0,,228371224,,,,,,,,1384,,,,,,13744,,,,,,,,,,,,,,,,,,,,,,,,,,,,,,22,,,,,,0,,,,,,,,,,,,,,,,,,,,,,,,,,,,
2013-12-11,MJ1311YNG2XE3A,Hitachi HDS5C3030ALA630,3000592982016,0,,0,,,,,,,,0,,,,,,18386,,,,,,,,,,,,,,,,,,,,,,,,,,,,,,23,,,,,,0,,,,,,,,,,,,,,,,,,,,,,,,,,,,
2013-12-11,W300CT0L,ST4000DM000,4000787030016,0,,215171360,,,,,,,,0,,,,,,2248,,,,,,,,,,,,,,,,,,,,,,,,,,,,,,22,,,,,,0,,,,,,,,,,,,,,,,,,,,,,,,,,,,
2013-12-11,W30045Y6,ST4000DM000,4000787030016,0,,129253512,,,,,,,,0,,,,,,2243,,,,,,,,,,,,,,,,,,,,,,,,,,,,,,19,,,,,,0,,,,,,,,,,,,,,,,,,,,,,,,,,,,
2013-12-11,JK1105B8GB6E0X,Hitachi HDS722020ALA330,2000398934016,0,,0,,,,,,,,0,,,,,,27214,,,,,,,,,,,,,,,,,,,,,,,,,,,,,,27,,,,,,0,,,,,,,,,,,,,,,,,,,,,,,,,,,,
2013-12-11,Z1Z04PQ1,ST4000DX000,4000787030016,0,,9647093,,,,,,,,0,,,,,,5077,,,,,,,,,,,,,,,,,,,,,,,,,,,,,,29,,,,,,0,,,,,,,,,,,,,,,,,,,,,,,,,,,,
2013-12-11,MJ1311YNG5GK1A,Hitachi HDS5C3030ALA630,3000592982016,0,,0,,,,,,,,0,,,,,,14593,,,,,,,,,,,,,,,,,,,,,,,,,,,,,,25,,,,,,0,,,,,,,,,,,,,,,,,,,,,,,,,,,,
2013-12-11,JK11A8B9J875NF,Hitachi HDS722020ALA330,2000398934016,0,,1,,,,,,,,0,,,,,,26010,,,,,,,,,,,,,,,,,,,,,,,,,,,,,,24,,,,,,0,,,,,,,,,,,,,,,,,,,,,,,,,,,,
2013-12-11,W300DBLX,ST4000DM000,4000787030016,0,,202322952,,,,,,,,0,,,,,,4140,,,,,,,,,,,,,,,,,,,,,,,,,,,,,,26,,,,,,0,,,,,,,,,,,,,,,,,,,,,,,,,,,,
2013-12-11,6XW031QB,ST31500541AS,1500301910016,0,,101366202,,,,,,,,0,,,,,,36955,,,,,,,,,,,,,,,,,,,,,,,,,,,,,,24,,,,,,0,,,,,,,,,,,,,,,,,,,,,,,,,,,,
2013-12-11,JK1101YAK5HGUV,Hitachi HDS722020ALA330,2000398934016,0,,0,,,,,,,,0,,,,,,29653,,,,,,,,,,,,,,,,,,,,,,,,,,,,,,28,,,,,,0,,,,,,,,,,,,,,,,,,,,,,,,,,,,
2013-12-11,9VS3HNFN,ST31500341AS,1500301910016,0,,86012007,,,,,,,,22,,,,,,30594,,,,,,,,,,,,,,,,,,,,,,,,,,,,,,31,,,,,,1,,,,,,,,,,,,,,,,,,,,,,,,,,,,
2013-12-11,JK1101B9KMR0GF,Hitachi HDS722020ALA330,2000398934016,0,,0,,,,,,,,0,,,,,,22955,,,,,,,,,,,,,,,,,,,,,,,,,,,,,,22,,,,,,0,,,,,,,,,,,,,,,,,,,,,,,,,,,,
2013-12-11,MK0333YHGPJDRC,Hitachi HDS723030ALA640,3000592982016,0,,131072,,,,,,,,0,,,,,,18088,,,,,,,,,,,,,,,,,,,,,,,,,,,,,,34,,,,,,0,,,,,,,,,,,,,,,,,,,,,,,,,,,,
2013-12-11,W1F09RLS,ST3000DM001,3000592982016,0,,201318208,,,,,,,,0,,,,,,14233,,,,,,,,,,,,,,,,,,,,,,,,,,,,,,22,,,,,,0,,,,,,,,,,,,,,,,,,,,,,,,,,,,
2013-12-11,JK11A8B9J3605F,Hitachi HDS722020ALA330,2000398934016,0,,0,,,,,,,,0,,,,,,23710,,,,,,,,,,,,,,,,,,,,,,,,,,,,,,32,,,,,,0,,,,,,,,,,,,,,,,,,,,,,,,,,,,
2013-12-11,MJ1311YNG3GJEA,Hitachi HDS5C3030ALA630,3000592982016,0,,1,,,,,,,,0,,,,,,19254,,,,,,,,,,,,,,,,,,,,,,,,,,,,,,22,,,,,,0,,,,,,,,,,,,,,,,,,,,,,,,,,,,
2013-12-11,Z300KJYT,ST4000DM000,4000787030016,0,,123080304,,,,,,,,0,,,,,,105,,,,,,,,,,,,,,,,,,,,,,,,,,,,,,22,,,,,,0,,,,,,,,,,,,,,,,,,,,,,,,,,,,
2013-12-11,6XW022M9,ST31500541AS,1500301910016,0,,240319348,,,,,,,,0,,,,,,35757,,,,,,,,,,,,,,,,,,,,,,,,,,,,,,17,,,,,,0,,,,,,,,,,,,,,,,,,,,,,,,,,,,
2013-12-11,MJ1323YNG1ELRC,Hitachi HDS5C3030ALA630,3000592982016,0,,0,,,,,,,,0,,,,,,20080,,,,,,,,,,,,,,,,,,,,,,,,,,,,,,34,,,,,,0,,,,,,,,,,,,,,,,,,,,,,,,,,,,
2013-12-11,WD-WMC1T1201688,WDC WD30EFRX,3000592982016,0,,0,,,,,,,,0,,,,,,7392,,,,,,,,,,,,,,,,,,,,,,,,,,,,,,21,,,,,,0,,,,,,,,,,,,,,,,,,,,,,,,,,,,
2013-12-11,JK1105B8GEDHYX,Hitachi HDS722020ALA330,2000398934016,0,,0,,,,,,,,0,,,,,,27167,,,,,,,,,,,,,,,,,,,,,,,,,,,,,,32,,,,,,0,,,,,,,,,,,,,,,,,,,,,,,,,,,,
2013-12-11,MJ1321YNG0J5TA,Hitachi HDS5C3030ALA630,3000592982016,0,,0,,,,,,,,0,,,,,,20067,,,,,,,,,,,,,,,,,,,,,,,,,,,,,,23,,,,,,0,,,,,,,,,,,,,,,,,,,,,,,,,,,,
2013-12-11,Z300JZKA,ST4000DM000,4000787030016,0,,98551680,,,,,,,,0,,,,,,2239,,,,,,,,,,,,,,,,,,,,,,,,,,,,,,18,,,,,,0,,,,,,,,,,,,,,,,,,,,,,,,,,,,
2013-12-11,PL1311LAG3BT6H,Hitachi HDS5C4040ALE630,4000787030016,0,,0,,,,,,,,0,,,,,,5125,,,,,,,,,,,,,,,,,,,,,,,,,,,,,,29,,,,,,0,,,,,,,,,,,,,,,,,,,,,,,,,,,,
2013-12-11,S1F02GGG,ST3000DM001,3000592982016,0,,236422696,,,,,,,,0,,,,,,15402,,,,,,,,,,,,,,,,,,,,,,,,,,,,,,23,,,,,,56,,,,,,,,,,,,,,,,,,,,,,,,,,,,
2013-12-11,9VS3J2JD,ST31500341AS,1500301910016,0,,131361821,,,,,,,,21,,,,,,32919,,,,,,,,,,,,,,,,,,,,,,,,,,,,,,19,,,,,,0,,,,,,,,,,,,,,,,,,,,,,,,,,,,
2013-12-11,S1F02GGJ,ST3000DM001,3000592982016,0,,63646720,,,,,,,,0,,,,,,16150,,,,,,,,,,,,,,,,,,,,,,,,,,,,,,20,,,,,,0,,,,,,,,,,,,,,,,,,,,,,,,,,,,
2013-12-11,9VS5517F,ST31500341AS,1500301910016,0,,231705829,,,,,,,,1,,,,,,18318,,,,,,,,,,,,,,,,,,,,,,,,,,,,,,30,,,,,,0,,,,,,,,,,,,,,,,,,,,,,,,,,,,
2013-12-11,WD-WCAWZ0800875,WDC WD30EZRX,3000592982016,0,,0,,,,,,,,0,,,,,,15833,,,,,,,,,,,,,,,,,,,,,,,,,,,,,,26,,,,,,16,,,,,,,,,,,,,,,,,,,,,,,,,,,,
2013-12-11,JK1105B8JS1J3X,Hitachi HDS722020ALA330,2000398934016,0,,4,,,,,,,,0,,,,,,23511,,,,,,,,,,,,,,,,,,,,,,,,,,,,,,26,,,,,,0,,,,,,,,,,,,,,,,,,,,,,,,,,,,
2013-12-11,WD-WCAU45661994,WDC WD10EADS,1000204886016,0,,13,,,,,,,,0,,,,,,38900,,,,,,,,,,,,,,,,,,,,,,,,,,,,,,30,,,,,,0,,,,,,,,,,,,,,,,,,,,,,,,,,,,
2013-12-11,W300DCRV,ST4000DM000,4000787030016,0,,71903384,,,,,,,,0,,,,,,4153,,,,,,,,,,,,,,,,,,,,,,,,,,,,,,24,,,,,,0,,,,,,,,,,,,,,,,,,,,,,,,,,,,
2013-12-11,W3004YSB,ST4000DM000,4000787030016,0,,14322760,,,,,,,,0,,,,,,2879,,,,,,,,,,,,,,,,,,,,,,,,,,,,,,19,,,,,,0,,,,,,,,,,,,,,,,,,,,,,,,,,,,
2013-12-11,PL1321LAG35DNH,Hitachi HDS5C4040ALE630,4000787030016,0,,0,,,,,,,,0,,,,,,5961,,,,,,,,,,,,,,,,,,,,,,,,,,,,,,21,,,,,,0,,,,,,,,,,,,,,,,,,,,,,,,,,,,
2013-12-11,Z300GQH1,ST4000DM000,4000787030016,0,,121524984,,,,,,,,0,,,,,,3586,,,,,,,,,,,,,,,,,,,,,,,,,,,,,,22,,,,,,0,,,,,,,,,,,,,,,,,,,,,,,,,,,,
2013-12-11,Z300K0PL,ST4000DM000,4000787030016,0,,3199640,,,,,,,,0,,,,,,1848,,,,,,,,,,,,,,,,,,,,,,,,,,,,,,24,,,,,,0,,,,,,,,,,,,,,,,,,,,,,,,,,,,
2013-12-11,W1F0ADL8,ST3000DM001,3000592982016,0,,34421408,,,,,,,,0,,,,,,12840,,,,,,,,,,,,,,,,,,,,,,,,,,,,,,27,,,,,,0,,,,,,,,,,,,,,,,,,,,,,,,,,,,
2013-12-11,Z300KXKG,ST4000DM000,4000787030016,0,,45606744,,,,,,,,0,,,,,,1450,,,,,,,,,,,,,,,,,,,,,,,,,,,,,,23,,,,,,0,,,,,,,,,,,,,,,,,,,,,,,,,,,,
2013-12-11,JK11A8B9J6SM5F,Hitachi HDS722020ALA330,2000398934016,0,,65536,,,,,,,,0,,,,,,23125,,,,,,,,,,,,,,,,,,,,,,,,,,,,,,27,,,,,,0,,,,,,,,,,,,,,,,,,,,,,,,,,,,
2013-12-11,JK11A8B9HYHBVF,Hitachi HDS722020ALA330,2000398934016,0,,1,,,,,,,,0,,,,,,24501,,,,,,,,,,,,,,,,,,,,,,,,,,,,,,31,,,,,,0,,,,,,,,,,,,,,,,,,,,,,,,,,,,
2013-12-11,MJ1311YNG2BRLA,Hitachi HDS5C3030ALA630,3000592982016,0,,0,,,,,,,,0,,,,,,18361,,,,,,,,,,,,,,,,,,,,,,,,,,,,,,26,,,,,,0,,,,,,,,,,,,,,,,,,,,,,,,,,,,
2013-12-11,W1H1KNCC,ST2000VN000,2000398934016,0,,221413912,,,,,,,,0,,,,,,3034,,,,,,,,,,,,,,,,,,,,,,,,,,,,,,19,,,,,,0,,,,,,,,,,,,,,,,,,,,,,,,,,,,
2013-12-11,Z1F0M7QD,ST3000DM001,3000592982016,0,,242099232,,,,,,,,0,,,,,,11755,,,,,,,,,,,,,,,,,,,,,,,,,,,,,,26,,,,,,0,,,,,,,,,,,,,,,,,,,,,,,,,,,,
2013-12-11,MK0311YHGDYD2A,Hitachi HDS723030ALA640,3000592982016,0,,0,,,,,,,,9,,,,,,21458,,,,,,,,,,,,,,,,,,,,,,,,,,,,,,28,,,,,,0,,,,,,,,,,,,,,,,,,,,,,,,,,,,
2013-12-11,JK1105B8GEDBSX,Hitachi HDS722020ALA330,2000398934016,0,,196609,,,,,,,,0,,,,,,27212,,,,,,,,,,,,,,,,,,,,,,,,,,,,,,27,,,,,,0,,,,,,,,,,,,,,,,,,,,,,,,,,,,
2013-12-11,W1F08ZDP,ST3000DM001,3000592982016,0,,125665568,,,,,,,,0,,,,,,13342,,,,,,,,,,,,,,,,,,,,,,,,,,,,,,27,,,,,,0,,,,,,,,,,,,,,,,,,,,,,,,,,,,
2013-12-11,S1F02NQ6,ST3000DM001,3000592982016,0,,214002688,,,,,,,,0,,,,,,15218,,,,,,,,,,,,,,,,,,,,,,,,,,,,,,22,,,,,,0,,,,,,,,,,,,,,,,,,,,,,,,,,,,
2013-12-11,MJ1311YNG37D2A,Hitachi HDS5C3030ALA630,3000592982016,0,,65536,,,,,,,,0,,,,,,18200,,,,,,,,,,,,,,,,,,,,,,,,,,,,,,30,,,,,,0,,,,,,,,,,,,,,,,,,,,,,,,,,,,
2013-12-11,PL1321LAGAVRAH,Hitachi HDS5C4040ALE630,4000787030016,0,,0,,,,,,,,0,,,,,,5076,,,,,,,,,,,,,,,,,,,,,,,,,,,,,,27,,,,,,0,,,,,,,,,,,,,,,,,,,,,,,,,,,,
2013-12-11,MJ1311YNG331AA,Hitachi HDS5C3030ALA630,3000592982016,0,,0,,,,,,,,0,,,,,,18386,,,,,,,,,,,,,,,,,,,,,,,,,,,,,,24,,,,,,0,,,,,,,,,,,,,,,,,,,,,,,,,,,,
2013-12-11,PL1311LAG281PH,Hitachi HDS5C4040ALE630,4000787030016,0,,0,,,,,,,,0,,,,,,5061,,,,,,,,,,,,,,,,,,,,,,,,,,,,,,29,,,,,,0,,,,,,,,,,,,,,,,,,,,,,,,,,,,
2013-12-11,9VS5AL2C,ST31500341AS,1500301910016,0,,171584808,,,,,,,,1,,,,,,12752,,,,,,,,,,,,,,,,,,,,,,,,,,,,,,23,,,,,,0,,,,,,,,,,,,,,,,,,,,,,,,,,,,
2013-12-11,MJ0351YNG9RKEA,Hitachi HDS5C3030ALA630,3000592982016,0,,0,,,,,,,,0,,,,,,9999,,,,,,,,,,,,,,,,,,,,,,,,,,,,,,35,,,,,,0,,,,,,,,,,,,,,,,,,,,,,,,,,,,
2013-12-11,JK11A8B9GPD2WF,Hitachi HDS722020ALA330,2000398934016,0,,65536,,,,,,,,0,,,,,,26480,,,,,,,,,,,,,,,,,,,,,,,,,,,,,,28,,,,,,0,,,,,,,,,,,,,,,,,,,,,,,,,,,,
2013-12-11,MK0301YHGMN8ZA,Hitachi HDS723030ALA640,3000592982016,0,,0,,,,,,,,0,,,,,,18088,,,,,,,,,,,,,,,,,,,,,,,,,,,,,,32,,,,,,0,,,,,,,,,,,,,,,,,,,,,,,,,,,,
2013-12-11,MK0301YHGLZA4A,Hitachi HDS723030ALA640,3000592982016,0,,0,,,,,,,,0,,,,,,17031,,,,,,,,,,,,,,,,,,,,,,,,,,,,,,29,,,,,,0,,,,,,,,,,,,,,,,,,,,,,,,,,,,
2013-12-11,MJ0351YNG9WR1A,Hitachi HDS5C3030ALA630,3000592982016,0,,0,,,,,,,,0,,,,,,9525,,,,,,,,,,,,,,,,,,,,,,,,,,,,,,31,,,,,,0,,,,,,,,,,,,,,,,,,,,,,,,,,,,
2013-12-11,S1F0LDKY,ST3000DM001,3000592982016,0,,209543560,,,,,,,,0,,,,,,12168,,,,,,,,,,,,,,,,,,,,,,,,,,,,,,22,,,,,,0,,,,,,,,,,,,,,,,,,,,,,,,,,,,
2013-12-11,PL1321LAG353AH,Hitachi HDS5C4040ALE630,4000787030016,0,,0,,,,,,,,0,,,,,,5958,,,,,,,,,,,,,,,,,,,,,,,,,,,,,,26,,,,,,0,,,,,,,,,,,,,,,,,,,,,,,,,,,,
2013-12-11,S1F0LDKM,ST3000DM001,3000592982016,0,,130827584,,,,,,,,0,,,,,,12170,,,,,,,,,,,,,,,,,,,,,,,,,,,,,,23,,,,,,0,,,,,,,,,,,,,,,,,,,,,,,,,,,,
2013-12-11,6XW00SJC,ST31500541AS,1500301910016,0,,181662769,,,,,,,,0,,,,,,35755,,,,,,,,,,,,,,,,,,,,,,,,,,,,,,22,,,,,,0,,,,,,,,,,,,,,,,,,,,,,,,,,,,
2013-12-11,S1F0AQMY,ST3000DM001,3000592982016,0,,24066464,,,,,,,,0,,,,,,12840,,,,,,,,,,,,,,,,,,,,,,,,,,,,,,27,,,,,,0,,,,,,,,,,,,,,,,,,,,,,,,,,,,
2013-12-11,S1F0LDK3,ST3000DM001,3000592982016,0,,106868304,,,,,,,,0,,,,,,12246,,,,,,,,,,,,,,,,,,,,,,,,,,,,,,25,,,,,,0,,,,,,,,,,,,,,,,,,,,,,,,,,,,
2013-12-11,MJ0351YNGAAHXA,Hitachi HDS5C3030ALA630,3000592982016,0,,0,,,,,,,,0,,,,,,7989,,,,,,,,,,,,,,,,,,,,,,,,,,,,,,28,,,,,,0,,,,,,,,,,,,,,,,,,,,,,,,,,,,
2013-12-11,Z300KMWB,ST4000DM000,4000787030016,0,,163114248,,,,,,,,0,,,,,,1878,,,,,,,,,,,,,,,,,,,,,,,,,,,,,,23,,,,,,0,,,,,,,,,,,,,,,,,,,,,,,,,,,,
2013-12-11,JK11A4B8J842GW,Hitachi HDS722020ALA330,2000398934016,0,,0,,,,,,,,0,,,,,,26028,,,,,,,,,,,,,,,,,,,,,,,,,,,,,,25,,,,,,0,,,,,,,,,,,,,,,,,,,,,,,,,,,,
2013-12-11,JK11A8B9JR038F,Hitachi HDS722020ALA330,2000398934016,0,,0,,,,,,,,0,,,,,,23719,,,,,,,,,,,,,,,,,,,,,,,,,,,,,,27,,,,,,0,,,,,,,,,,,,,,,,,,,,,,,,,,,,
2013-12-11,W1F1BZTM,ST3000DM001,3000592982016,0,,185262928,,,,,,,,0,,,,,,8204,,,,,,,,,,,,,,,,,,,,,,,,,,,,,,24,,,,,,0,,,,,,,,,,,,,,,,,,,,,,,,,,,,
2013-12-11,MJ0351YNG9VPMA,Hitachi HDS5C3030ALA630,3000592982016,0,,0,,,,,,,,0,,,,,,9913,,,,,,,,,,,,,,,,,,,,,,,,,,,,,,33,,,,,,0,,,,,,,,,,,,,,,,,,,,,,,,,,,,
2013-12-11,6XW1A68F,ST32000542AS,2000398934016,0,,137295393,,,,,,,,0,,,,,,31470,,,,,,,,,,,,,,,,,,,,,,,,,,,,,,21,,,,,,0,,,,,,,,,,,,,,,,,,,,,,,,,,,,
2013-12-11,MK0311YHGDJYGA,Hitachi HDS723030ALA640,3000592982016,0,,0,,,,,,,,0,,,,,,17017,,,,,,,,,,,,,,,,,,,,,,,,,,,,,,24,,,,,,0,,,,,,,,,,,,,,,,,,,,,,,,,,,,
2013-12-11,6XW105BV,ST31500541AS,1500301910016,0,,15704630,,,,,,,,0,,,,,,29994,,,,,,,,,,,,,,,,,,,,,,,,,,,,,,21,,,,,,0,,,,,,,,,,,,,,,,,,,,,,,,,,,,
2013-12-11,WD-WCAU42423166,WDC WD10EACS,1000204886016,0,,0,,,,,,,,0,,,,,,42782,,,,,,,,,,,,,,,,,,,,,,,,,,,,,,30,,,,,,0,,,,,,,,,,,,,,,,,,,,,,,,,,,,
2013-12-11,MK0331YHGRPB5A,Hitachi HDS723030ALA640,3000592982016,0,,0,,,,,,,,0,,,,,,17354,,,,,,,,,,,,,,,,,,,,,,,,,,,,,,23,,,,,,0,,,,,,,,,,,,,,,,,,,,,,,,,,,,
2013-12-11,MN1221F306RB6D,Hitachi HDS723020BLA642,2000398934016,0,,131080,,,,,,,,0,,,,,,3658,,,,,,,,,,,,,,,,,,,,,,,,,,,,,,28,,,,,,0,,,,,,,,,,,,,,,,,,,,,,,,,,,,
2013-12-11,JK1101B9KNG06F,Hitachi HDS722020ALA330,2000398934016,0,,0,,,,,,,,0,,,,,,23099,,,,,,,,,,,,,,,,,,,,,,,,,,,,,,26,,,,,,0,,,,,,,,,,,,,,,,,,,,,,,,,,,,
2013-12-11,Z300NM5S,ST4000DM000,4000787030016,0,,219515640,,,,,,,,0,,,,,,1142,,,,,,,,,,,,,,,,,,,,,,,,,,,,,,28,,,,,,0,,,,,,,,,,,,,,,,,,,,,,,,,,,,
2013-12-11,6XW05YMW,ST31500541AS,1500301910016,0,,207457753,,,,,,,,0,,,,,,37070,,,,,,,,,,,,,,,,,,,,,,,,,,,,,,25,,,,,,0,,,,,,,,,,,,,,,,,,,,,,,,,,,,
2013-12-11,PL1311LAG1ZXMA,Hitachi HDS5C4040ALE630,4000787030016,0,,0,,,,,,,,0,,,,,,5191,,,,,,,,,,,,,,,,,,,,,,,,,,,,,,26,,,,,,0,,,,,,,,,,,,,,,,,,,,,,,,,,,,
2013-12-11,9VS21N70,ST31500341AS,1500301910016,0,,11044653,,,,,,,,1,,,,,,35526,,,,,,,,,,,,,,,,,,,,,,,,,,,,,,31,,,,,,0,,,,,,,,,,,,,,,,,,,,,,,,,,,,
2013-12-11,JK11A8B9J89HRF,Hitachi HDS722020ALA330,2000398934016,0,,1,,,,,,,,10,,,,,,24493,,,,,,,,,,,,,,,,,,,,,,,,,,,,,,27,,,,,,0,,,,,,,,,,,,,,,,,,,,,,,,,,,,
2013-12-11,JK11A8B9J2MV1F,Hitachi HDS722020ALA330,2000398934016,0,,0,,,,,,,,0,,,,,,23710,,,,,,,,,,,,,,,,,,,,,,,,,,,,,,26,,,,,,0,,,,,,,,,,,,,,,,,,,,,,,,,,,,
2013-12-11,W300BA38,ST4000DM000,4000787030016,0,,7862248,,,,,,,,0,,,,,,4140,,,,,,,,,,,,,,,,,,,,,,,,,,,,,,25,,,,,,0,,,,,,,,,,,,,,,,,,,,,,,,,,,,
2013-12-11,6XW018G0,ST31500541AS,1500301910016,0,,113802973,,,,,,,,0,,,,,,36917,,,,,,,,,,,,,,,,,,,,,,,,,,,,,,21,,,,,,0,,,,,,,,,,,,,,,,,,,,,,,,,,,,
2013-12-11,PL1321LAG35WTH,Hitachi HDS5C4040ALE630,4000787030016,0,,0,,,,,,,,0,,,,,,2982,,,,,,,,,,,,,,,,,,,,,,,,,,,,,,26,,,,,,0,,,,,,,,,,,,,,,,,,,,,,,,,,,,
2013-12-11,JK11A8B9J98UZF,Hitachi HDS722020ALA330,2000398934016,0,,0,,,,,,,,0,,,,,,25539,,,,,,,,,,,,,,,,,,,,,,,,,,,,,,25,,,,,,0,,,,,,,,,,,,,,,,,,,,,,,,,,,,
2013-12-11,9VS1KQMR,ST31500341AS,1500301910016,0,,193718478,,,,,,,,436,,,,,,39497,,,,,,,,,,,,,,,,,,,,,,,,,,,,,,26,,,,,,0,,,,,,,,,,,,,,,,,,,,,,,,,,,,
2013-12-11,W300BA35,ST4000DM000,4000787030016,0,,102247584,,,,,,,,0,,,,,,3238,,,,,,,,,,,,,,,,,,,,,,,,,,,,,,20,,,,,,0,,,,,,,,,,,,,,,,,,,,,,,,,,,,
2013-12-11,Z300PM8S,ST4000DM000,4000787030016,0,,188081152,,,,,,,,0,,,,,,1450,,,,,,,,,,,,,,,,,,,,,,,,,,,,,,23,,,,,,0,,,,,,,,,,,,,,,,,,,,,,,,,,,,
2013-12-11,MJ1311YNG19RLA,Hitachi HDS5C3030ALA630,3000592982016,0,,1,,,,,,,,0,,,,,,20732,,,,,,,,,,,,,,,,,,,,,,,,,,,,,,24,,,,,,0,,,,,,,,,,,,,,,,,,,,,,,,,,,,
2013-12-11,Z300PM8B,ST4000DM000,4000787030016,0,,177496384,,,,,,,,0,,,,,,1142,,,,,,,,,,,,,,,,,,,,,,,,,,,,,,26,,,,,,0,,,,,,,,,,,,,,,,,,,,,,,,,,,,
2013-12-11,Z300PM8H,ST4000DM000,4000787030016,0,,7105920,,,,,,,,0,,,,,,1233,,,,,,,,,,,,,,,,,,,,,,,,,,,,,,22,,,,,,0,,,,,,,,,,,,,,,,,,,,,,,,,,,,
2013-12-11,Z300PM8M,ST4000DM000,4000787030016,0,,107021120,,,,,,,,0,,,,,,1233,,,,,,,,,,,,,,,,,,,,,,,,,,,,,,19,,,,,,0,,,,,,,,,,,,,,,,,,,,,,,,,,,,
2013-12-11,Z300GYNM,ST4000DM000,4000787030016,0,,20259896,,,,,,,,0,,,,,,3582,,,,,,,,,,,,,,,,,,,,,,,,,,,,,,24,,,,,,0,,,,,,,,,,,,,,,,,,,,,,,,,,,,
2013-12-11,5XW0W31A,ST32000542AS,2000398934016,0,,169677851,,,,,,,,0,,,,,,7245,,,,,,,,,,,,,,,,,,,,,,,,,,,,,,23,,,,,,0,,,,,,,,,,,,,,,,,,,,,,,,,,,,
2013-12-11,Z300GYNH,ST4000DM000,4000787030016,0,,226925480,,,,,,,,0,,,,,,3588,,,,,,,,,,,,,,,,,,,,,,,,,,,,,,22,,,,,,0,,,,,,,,,,,,,,,,,,,,,,,,,,,,
2013-12-11,MJ1311YNG01J9A,Hitachi HDS5C3030ALA630,3000592982016,0,,0,,,,,,,,0,,,,,,14574,,,,,,,,,,,,,,,,,,,,,,,,,,,,,,25,,,,,,0,,,,,,,,,,,,,,,,,,,,,,,,,,,,
2013-12-11,Z300GYND,ST4000DM000,4000787030016,0,,99456064,,,,,,,,0,,,,,,3580,,,,,,,,,,,,,,,,,,,,,,,,,,,,,,23,,,,,,0,,,,,,,,,,,,,,,,,,,,,,,,,,,,
2013-12-11,Z300GYNB,ST4000DM000,4000787030016,0,,175596160,,,,,,,,0,,,,,,3627,,,,,,,,,,,,,,,,,,,,,,,,,,,,,,21,,,,,,0,,,,,,,,,,,,,,,,,,,,,,,,,,,,
2013-12-11,PL1311LAG1GHKA,Hitachi HDS5C4040ALE630,4000787030016,0,,0,,,,,,,,0,,,,,,5186,,,,,,,,,,,,,,,,,,,,,,,,,,,,,,24,,,,,,0,,,,,,,,,,,,,,,,,,,,,,,,,,,,
2013-12-11,W300D309,ST4000DM000,4000787030016,0,,45436400,,,,,,,,0,,,,,,2177,,,,,,,,,,,,,,,,,,,,,,,,,,,,,,22,,,,,,0,,,,,,,,,,,,,,,,,,,,,,,,,,,,
2013-12-11,MJ0351YNG9SJXA,Hitachi HDS5C3030ALA630,3000592982016,0,,0,,,,,,,,0,,,,,,9315,,,,,,,,,,,,,,,,,,,,,,,,,,,,,,28,,,,,,0,,,,,,,,,,,,,,,,,,,,,,,,,,,,
2013-12-11,Z300GYNQ,ST4000DM000,4000787030016,0,,55078392,,,,,,,,0,,,,,,3621,,,,,,,,,,,,,,,,,,,,,,,,,,,,,,21,,,,,,0,,,,,,,,,,,,,,,,,,,,,,,,,,,,
2013-12-11,Z300GYNP,ST4000DM000,4000787030016,0,,97017496,,,,,,,,0,,,,,,3362,,,,,,,,,,,,,,,,,,,,,,,,,,,,,,20,,,,,,0,,,,,,,,,,,,,,,,,,,,,,,,,,,,
2013-12-11,MJ1311YNG314WA,Hitachi HDS5C3030ALA630,3000592982016,0,,0,,,,,,,,0,,,,,,19617,,,,,,,,,,,,,,,,,,,,,,,,,,,,,,25,,,,,,0,,,,,,,,,,,,,,,,,,,,,,,,,,,,
2013-12-11,W300AZX3,ST4000DM000,4000787030016,0,,49032120,,,,,,,,0,,,,,,4188,,,,,,,,,,,,,,,,,,,,,,,,,,,,,,28,,,,,,0,,,,,,,,,,,,,,,,,,,,,,,,,,,,
2013-12-11,W300AZX0,ST4000DM000,4000787030016,0,,140246008,,,,,,,,0,,,,,,2261,,,,,,,,,,,,,,,,,,,,,,,,,,,,,,20,,,,,,0,,,,,,,,,,,,,,,,,,,,,,,,,,,,
2013-12-11,JK11A8B9J960TF,Hitachi HDS722020ALA330,2000398934016,0,,0,,,,,,,,0,,,,,,25539,,,,,,,,,,,,,,,,,,,,,,,,,,,,,,29,,,,,,0,,,,,,,,,,,,,,,,,,,,,,,,,,,,
2013-12-11,JK11A8B9J8VHRF,Hitachi HDS722020ALA330,2000398934016,0,,0,,,,,,,,2,,,,,,24970,,,,,,,,,,,,,,,,,,,,,,,,,,,,,,26,,,,,,0,,,,,,,,,,,,,,,,,,,,,,,,,,,,
2013-12-11,9XW01BZE,ST31500541AS,1500301910016,0,,139821882,,,,,,,,0,,,,,,35658,,,,,,,,,,,,,,,,,,,,,,,,,,,,,,16,,,,,,0,,,,,,,,,,,,,,,,,,,,,,,,,,,,
2013-12-11,W300KKMV,ST4000DM000,4000787030016,0,,67723320,,,,,,,,0,,,,,,918,,,,,,,,,,,,,,,,,,,,,,,,,,,,,,21,,,,,,0,,,,,,,,,,,,,,,,,,,,,,,,,,,,
2013-12-11,W300KKMS,ST4000DM000,4000787030016,0,,28670824,,,,,,,,0,,,,,,815,,,,,,,,,,,,,,,,,,,,,,,,,,,,,,20,,,,,,0,,,,,,,,,,,,,,,,,,,,,,,,,,,,
2013-12-11,Z1F1A83K,ST3000DM001,3000592982016,0,,5896328,,,,,,,,0,,,,,,7990,,,,,,,,,,,,,,,,,,,,,,,,,,,,,,24,,,,,,0,,,,,,,,,,,,,,,,,,,,,,,,,,,,
2013-12-11,S1F0BYKM,ST3000DM001,3000592982016,0,,66065000,,,,,,,,0,,,,,,3350,,,,,,,,,,,,,,,,,,,,,,,,,,,,,,28,,,,,,0,,,,,,,,,,,,,,,,,,,,,,,,,,,,
2013-12-11,W300B689,ST4000DM000,4000787030016,0,,240831432,,,,,,,,0,,,,,,3604,,,,,,,,,,,,,,,,,,,,,,,,,,,,,,23,,,,,,0,,,,,,,,,,,,,,,,,,,,,,,,,,,,
2013-12-11,Z300W6WW,ST4000DM000,4000787030016,0,,142421272,,,,,,,,0,,,,,,109,,,,,,,,,,,,,,,,,,,,,,,,,,,,,,22,,,,,,0,,,,,,,,,,,,,,,,,,,,,,,,,,,,
2013-12-11,PL1311LAG27WYH,Hitachi HDS5C4040ALE630,4000787030016,0,,0,,,,,,,,0,,,,,,4318,,,,,,,,,,,,,,,,,,,,,,,,,,,,,,27,,,,,,0,,,,,,,,,,,,,,,,,,,,,,,,,,,,
2013-12-11,WD-WCAWZ1075266,WDC WD30EZRX,3000592982016,0,,0,,,,,,,,0,,,,,,11884,,,,,,,,,,,,,,,,,,,,,,,,,,,,,,23,,,,,,0,,,,,,,,,,,,,,,,,,,,,,,,,,,,
2013-12-11,WD-WCAWZ1067945,WDC WD30EZRX,3000592982016,0,,120,,,,,,,,0,,,,,,18002,,,,,,,,,,,,,,,,,,,,,,,,,,,,,,25,,,,,,4,,,,,,,,,,,,,,,,,,,,,,,,,,,,
2013-12-11,MK0333YHGPH4AC,Hitachi HDS723030ALA640,3000592982016,0,,1,,,,,,,,0,,,,,,17761,,,,,,,,,,,,,,,,,,,,,,,,,,,,,,28,,,,,,0,,,,,,,,,,,,,,,,,,,,,,,,,,,,
2013-12-11,Z300E36W,ST4000DM000,4000787030016,0,,174593960,,,,,,,,0,,,,,,2262,,,,,,,,,,,,,,,,,,,,,,,,,,,,,,22,,,,,,0,,,,,,,,,,,,,,,,,,,,,,,,,,,,
2013-12-11,PL2311LAG1TWJC,Hitachi HDS5C4040ALE630,4000787030016,0,,0,,,,,,,,0,,,,,,7419,,,,,,,,,,,,,,,,,,,,,,,,,,,,,,23,,,,,,0,,,,,,,,,,,,,,,,,,,,,,,,,,,,
2013-12-11,JK11A8B9JR02LF,Hitachi HDS722020ALA330,2000398934016,0,,0,,,,,,,,0,,,,,,23718,,,,,,,,,,,,,,,,,,,,,,,,,,,,,,30,,,,,,0,,,,,,,,,,,,,,,,,,,,,,,,,,,,
2013-12-11,W300D30V,ST4000DM000,4000787030016,0,,107445448,,,,,,,,0,,,,,,4168,,,,,,,,,,,,,,,,,,,,,,,,,,,,,,30,,,,,,0,,,,,,,,,,,,,,,,,,,,,,,,,,,,
2013-12-11,MJ0351YNG9X7TA,Hitachi HDS5C3030ALA630,3000592982016,0,,0,,,,,,,,0,,,,,,9906,,,,,,,,,,,,,,,,,,,,,,,,,,,,,,26,,,,,,0,,,,,,,,,,,,,,,,,,,,,,,,,,,,
2013-12-11,Z300GYN1,ST4000DM000,4000787030016,0,,192937608,,,,,,,,0,,,,,,3586,,,,,,,,,,,,,,,,,,,,,,,,,,,,,,24,,,,,,0,,,,,,,,,,,,,,,,,,,,,,,,,,,,
2013-12-11,Z300PLDG,ST4000DM000,4000787030016,0,,224950664,,,,,,,,0,,,,,,1229,,,,,,,,,,,,,,,,,,,,,,,,,,,,,,20,,,,,,0,,,,,,,,,,,,,,,,,,,,,,,,,,,,
2013-12-11,Z300PLDB,ST4000DM000,4000787030016,0,,94254760,,,,,,,,0,,,,,,1450,,,,,,,,,,,,,,,,,,,,,,,,,,,,,,24,,,,,,0,,,,,,,,,,,,,,,,,,,,,,,,,,,,
2013-12-11,Z300PLDZ,ST4000DM000,4000787030016,0,,204345784,,,,,,,,0,,,,,,1229,,,,,,,,,,,,,,,,,,,,,,,,,,,,,,21,,,,,,0,,,,,,,,,,,,,,,,,,,,,,,,,,,,
2013-12-11,Z300K283,ST4000DM000,4000787030016,0,,136005856,,,,,,,,0,,,,,,2239,,,,,,,,,,,,,,,,,,,,,,,,,,,,,,20,,,,,,0,,,,,,,,,,,,,,,,,,,,,,,,,,,,
2013-12-11,MJ1323YNG1U4EC,Hitachi HDS5C3030ALA630,3000592982016,0,,0,,,,,,,,0,,,,,,19747,,,,,,,,,,,,,,,,,,,,,,,,,,,,,,23,,,,,,0,,,,,,,,,,,,,,,,,,,,,,,,,,,,
2013-12-11,Z300CLVG,ST4000DM000,4000787030016,0,,45004712,,,,,,,,0,,,,,,2218,,,,,,,,,,,,,,,,,,,,,,,,,,,,,,21,,,,,,0,,,,,,,,,,,,,,,,,,,,,,,,,,,,
2013-12-11,Z300GYVZ,ST4000DM000,4000787030016,0,,114991256,,,,,,,,0,,,,,,3584,,,,,,,,,,,,,,,,,,,,,,,,,,,,,,26,,,,,,0,,,,,,,,,,,,,,,,,,,,,,,,,,,,
2013-12-11,MJ0351YNG9SKZA,Hitachi HDS5C3030ALA630,3000592982016,0,,0,,,,,,,,0,,,,,,8603,,,,,,,,,,,,,,,,,,,,,,,,,,,,,,31,,,,,,0,,,,,,,,,,,,,,,,,,,,,,,,,,,,
2013-12-11,S1F0B3XA,ST3000DM001,3000592982016,0,,73218448,,,,,,,,0,,,,,,12368,,,,,,,,,,,,,,,,,,,,,,,,,,,,,,22,,,,,,0,,,,,,,,,,,,,,,,,,,,,,,,,,,,
2013-12-11,S1F0B4LC,ST3000DM001,3000592982016,0,,157608464,,,,,,,,0,,,,,,12359,,,,,,,,,,,,,,,,,,,,,,,,,,,,,,26,,,,,,0,,,,,,,,,,,,,,,,,,,,,,,,,,,,
2013-12-11,S1F0B3XX,ST3000DM001,3000592982016,0,,102396976,,,,,,,,1056,,,,,,12842,,,,,,,,,,,,,,,,,,,,,,,,,,,,,,24,,,,,,0,,,,,,,,,,,,,,,,,,,,,,,,,,,,
2013-12-11,MK0313YHGAXPWC,Hitachi HDS723030ALA640,3000592982016,0,,65536,,,,,,,,0,,,,,,21456,,,,,,,,,,,,,,,,,,,,,,,,,,,,,,23,,,,,,0,,,,,,,,,,,,,,,,,,,,,,,,,,,,
2013-12-11,PL1311LAG2EGTH,Hitachi HDS5C4040ALE630,4000787030016,0,,0,,,,,,,,0,,,,,,5951,,,,,,,,,,,,,,,,,,,,,,,,,,,,,,20,,,,,,0,,,,,,,,,,,,,,,,,,,,,,,,,,,,
2013-12-11,PL1311LAG3D53H,Hitachi HDS5C4040ALE630,4000787030016,0,,0,,,,,,,,0,,,,,,6654,,,,,,,,,,,,,,,,,,,,,,,,,,,,,,22,,,,,,0,,,,,,,,,,,,,,,,,,,,,,,,,,,,
2013-12-11,PL1311LAG38T9H,Hitachi HDS5C4040ALE630,4000787030016,0,,0,,,,,,,,0,,,,,,5056,,,,,,,,,,,,,,,,,,,,,,,,,,,,,,31,,,,,,0,,,,,,,,,,,,,,,,,,,,,,,,,,,,
2013-12-11,9VS1QXK5,ST31500341AS,1500301910016,0,,142453497,,,,,,,,200,,,,,,40073,,,,,,,,,,,,,,,,,,,,,,,,,,,,,,30,,,,,,2,,,,,,,,,,,,,,,,,,,,,,,,,,,,
2013-12-11,W300AHNX,ST4000DM000,4000787030016,0,,142741112,,,,,,,,0,,,,,,4165,,,,,,,,,,,,,,,,,,,,,,,,,,,,,,23,,,,,,0,,,,,,,,,,,,,,,,,,,,,,,,,,,,
2013-12-11,S1F04YHP,ST3000DM001,3000592982016,0,,56650424,,,,,,,,0,,,,,,16200,,,,,,,,,,,,,,,,,,,,,,,,,,,,,,23,,,,,,0,,,,,,,,,,,,,,,,,,,,,,,,,,,,
2013-12-11,Z300CLV2,ST4000DM000,4000787030016,0,,27804768,,,,,,,,0,,,,,,2385,,,,,,,,,,,,,,,,,,,,,,,,,,,,,,25,,,,,,0,,,,,,,,,,,,,,,,,,,,,,,,,,,,
2013-12-11,PL1311LAG2AX5H,Hitachi HDS5C4040ALE630,4000787030016,0,,0,,,,,,,,0,,,,,,6616,,,,,,,,,,,,,,,,,,,,,,,,,,,,,,27,,,,,,0,,,,,,,,,,,,,,,,,,,,,,,,,,,,
2013-12-11,W1F0EDR0,ST3000DM001,3000592982016,0,,148906008,,,,,,,,0,,,,,,12398,,,,,,,,,,,,,,,,,,,,,,,,,,,,,,23,,,,,,0,,,,,,,,,,,,,,,,,,,,,,,,,,,,
2013-12-11,S1F042SX,ST3000DM001,3000592982016,0,,177252736,,,,,,,,2304,,,,,,13886,,,,,,,,,,,,,,,,,,,,,,,,,,,,,,26,,,,,,0,,,,,,,,,,,,,,,,,,,,,,,,,,,,
2013-12-11,JK11A8B9J33Z8F,Hitachi HDS722020ALA330,2000398934016,0,,1,,,,,,,,0,,,,,,24382,,,,,,,,,,,,,,,,,,,,,,,,,,,,,,31,,,,,,0,,,,,,,,,,,,,,,,,,,,,,,,,,,,
2013-12-11,PL1311LAG3E00H,Hitachi HDS5C4040ALE630,4000787030016,0,,0,,,,,,,,0,,,,,,6637,,,,,,,,,,,,,,,,,,,,,,,,,,,,,,26,,,,,,0,,,,,,,,,,,,,,,,,,,,,,,,,,,,
2013-12-11,W3006E4F,ST4000DM000,4000787030016,0,,234594976,,,,,,,,0,,,,,,2902,,,,,,,,,,,,,,,,,,,,,,,,,,,,,,29,,,,,,0,,,,,,,,,,,,,,,,,,,,,,,,,,,,
2013-12-11,WD-WCAWZ1344215,WDC WD30EZRX,3000592982016,0,,1,,,,,,,,0,,,,,,18006,,,,,,,,,,,,,,,,,,,,,,,,,,,,,,23,,,,,,0,,,,,,,,,,,,,,,,,,,,,,,,,,,,
2013-12-11,JK11A4B8JR6ZSW,Hitachi HDS722020ALA330,2000398934016,0,,0,,,,,,,,0,,,,,,23823,,,,,,,,,,,,,,,,,,,,,,,,,,,,,,23,,,,,,0,,,,,,,,,,,,,,,,,,,,,,,,,,,,
2013-12-11,PL2311LAG1THLC,Hitachi HDS5C4040ALE630,4000787030016,0,,0,,,,,,,,0,,,,,,7459,,,,,,,,,,,,,,,,,,,,,,,,,,,,,,27,,,,,,0,,,,,,,,,,,,,,,,,,,,,,,,,,,,
2013-12-11,JK1101B8KN6R1Z,Hitachi HDS722020ALA330,2000398934016,0,,0,,,,,,,,0,,,,,,23099,,,,,,,,,,,,,,,,,,,,,,,,,,,,,,25,,,,,,0,,,,,,,,,,,,,,,,,,,,,,,,,,,,
2013-12-11,MJ0351YNG9NYNA,Hitachi HDS5C3030ALA630,3000592982016,0,,0,,,,,,,,0,,,,,,9773,,,,,,,,,,,,,,,,,,,,,,,,,,,,,,26,,,,,,0,,,,,,,,,,,,,,,,,,,,,,,,,,,,
2013-12-11,WD-WCC1T1273436,WDC WD30EFRX,3000592982016,0,,0,,,,,,,,0,,,,,,824,,,,,,,,,,,,,,,,,,,,,,,,,,,,,,21,,,,,,0,,,,,,,,,,,,,,,,,,,,,,,,,,,,
2013-12-11,6XW022PM,ST31500541AS,1500301910016,0,,219370386,,,,,,,,0,,,,,,35757,,,,,,,,,,,,,,,,,,,,,,,,,,,,,,21,,,,,,0,,,,,,,,,,,,,,,,,,,,,,,,,,,,
2013-12-11,MJ0351YNG9Z6SA,Hitachi HDS5C3030ALA630,3000592982016,0,,0,,,,,,,,0,,,,,,9975,,,,,,,,,,,,,,,,,,,,,,,,,,,,,,28,,,,,,0,,,,,,,,,,,,,,,,,,,,,,,,,,,,
2013-12-11,W300DB1Q,ST4000DM000,4000787030016,0,,94810904,,,,,,,,0,,,,,,4291,,,,,,,,,,,,,,,,,,,,,,,,,,,,,,23,,,,,,0,,,,,,,,,,,,,,,,,,,,,,,,,,,,
2013-12-11,W300BYPF,ST4000DM000,4000787030016,0,,155698544,,,,,,,,0,,,,,,2385,,,,,,,,,,,,,,,,,,,,,,,,,,,,,,25,,,,,,0,,,,,,,,,,,,,,,,,,,,,,,,,,,,
2013-12-11,6XW0595M,ST31500541AS,1500301910016,0,,134543303,,,,,,,,0,,,,,,36381,,,,,,,,,,,,,,,,,,,,,,,,,,,,,,18,,,,,,0,,,,,,,,,,,,,,,,,,,,,,,,,,,,
2013-12-11,W300DB1E,ST4000DM000,4000787030016,0,,142865096,,,,,,,,0,,,,,,4042,,,,,,,,,,,,,,,,,,,,,,,,,,,,,,24,,,,,,0,,,,,,,,,,,,,,,,,,,,,,,,,,,,
2013-12-11,S1F03EF7,ST3000DM001,3000592982016,0,,215006936,,,,,,,,0,,,,,,13347,,,,,,,,,,,,,,,,,,,,,,,,,,,,,,28,,,,,,0,,,,,,,,,,,,,,,,,,,,,,,,,,,,
2013-12-11,JK11A8B9GPAW5F,Hitachi HDS722020ALA330,2000398934016,0,,196612,,,,,,,,0,,,,,,26479,,,,,,,,,,,,,,,,,,,,,,,,,,,,,,29,,,,,,0,,,,,,,,,,,,,,,,,,,,,,,,,,,,
2013-12-11,MJ1321YNG0S4BA,Hitachi HDS5C3030ALA630,3000592982016,0,,0,,,,,,,,0,,,,,,19372,,,,,,,,,,,,,,,,,,,,,,,,,,,,,,24,,,,,,0,,,,,,,,,,,,,,,,,,,,,,,,,,,,
2013-12-11,MK0313YHGJ4Z8C,Hitachi HDS723030ALA640,3000592982016,0,,69719,,,,,,,,0,,,,,,21457,,,,,,,,,,,,,,,,,,,,,,,,,,,,,,26,,,,,,0,,,,,,,,,,,,,,,,,,,,,,,,,,,,
2013-12-11,MJ1311YNG3E5YA,Hitachi HDS5C3030ALA630,3000592982016,0,,0,,,,,,,,0,,,,,,18947,,,,,,,,,,,,,,,,,,,,,,,,,,,,,,26,,,,,,0,,,,,,,,,,,,,,,,,,,,,,,,,,,,
2013-12-11,PL1311LAG2NEMH,Hitachi HDS5C4040ALE630,4000787030016,0,,0,,,,,,,,0,,,,,,3631,,,,,,,,,,,,,,,,,,,,,,,,,,,,,,29,,,,,,0,,,,,,,,,,,,,,,,,,,,,,,,,,,,
2013-12-11,S1F06XRA,ST3000DM001,3000592982016,0,,217144376,,,,,,,,0,,,,,,14232,,,,,,,,,,,,,,,,,,,,,,,,,,,,,,22,,,,,,0,,,,,,,,,,,,,,,,,,,,,,,,,,,,
2013-12-11,JK11A8B9J360RF,Hitachi HDS722020ALA330,2000398934016,0,,65536,,,,,,,,0,,,,,,23712,,,,,,,,,,,,,,,,,,,,,,,,,,,,,,29,,,,,,0,,,,,,,,,,,,,,,,,,,,,,,,,,,,
2013-12-11,Z300H3EK,ST4000DM000,4000787030016,0,,229660928,,,,,,,,0,,,,,,2856,,,,,,,,,,,,,,,,,,,,,,,,,,,,,,23,,,,,,0,,,,,,,,,,,,,,,,,,,,,,,,,,,,
2013-12-11,MJ1323YNG1EY5C,Hitachi HDS5C3030ALA630,3000592982016,0,,0,,,,,,,,0,,,,,,19773,,,,,,,,,,,,,,,,,,,,,,,,,,,,,,22,,,,,,0,,,,,,,,,,,,,,,,,,,,,,,,,,,,
2013-12-11,PL1331LAG5AYLH,HGST HMS5C4040ALE640,4000787030016,0,,0,,,,,,,,0,,,,,,9402,,,,,,,,,,,,,,,,,,,,,,,,,,,,,,28,,,,,,0,,,,,,,,,,,,,,,,,,,,,,,,,,,,
2013-12-11,6XW03DC2,ST31500541AS,1500301910016,0,,208265291,,,,,,,,0,,,,,,36450,,,,,,,,,,,,,,,,,,,,,,,,,,,,,,19,,,,,,0,,,,,,,,,,,,,,,,,,,,,,,,,,,,
2013-12-11,W1F09RST,ST3000DM001,3000592982016,0,,186238336,,,,,,,,0,,,,,,14233,,,,,,,,,,,,,,,,,,,,,,,,,,,,,,23,,,,,,0,,,,,,,,,,,,,,,,,,,,,,,,,,,,
2013-12-11,MJ0351YNG9ZNZA,Hitachi HDS5C3030ALA630,3000592982016,0,,0,,,,,,,,0,,,,,,9975,,,,,,,,,,,,,,,,,,,,,,,,,,,,,,30,,,,,,0,,,,,,,,,,,,,,,,,,,,,,,,,,,,
2013-12-11,MJ1311YNG7K3BA,Hitachi HDS5C3030ALA630,3000592982016,0,,0,,,,,,,,0,,,,,,14682,,,,,,,,,,,,,,,,,,,,,,,,,,,,,,16,,,,,,0,,,,,,,,,,,,,,,,,,,,,,,,,,,,
2013-12-11,MJ1311YNG2TAHA,Hitachi HDS5C3030ALA630,3000592982016,0,,0,,,,,,,,0,,,,,,18928,,,,,,,,,,,,,,,,,,,,,,,,,,,,,,27,,,,,,0,,,,,,,,,,,,,,,,,,,,,,,,,,,,
2013-12-11,MJ0351YNG92EGA,Hitachi HDS5C3030ALA630,3000592982016,0,,0,,,,,,,,0,,,,,,9913,,,,,,,,,,,,,,,,,,,,,,,,,,,,,,34,,,,,,0,,,,,,,,,,,,,,,,,,,,,,,,,,,,
2013-12-11,W3004ZB4,ST4000DM000,4000787030016,0,,56911768,,,,,,,,0,,,,,,2874,,,,,,,,,,,,,,,,,,,,,,,,,,,,,,23,,,,,,0,,,,,,,,,,,,,,,,,,,,,,,,,,,,
2013-12-11,JK11A8B9J0M40F,Hitachi HDS722020ALA330,2000398934016,0,,0,,,,,,,,0,,,,,,26329,,,,,,,,,,,,,,,,,,,,,,,,,,,,,,23,,,,,,0,,,,,,,,,,,,,,,,,,,,,,,,,,,,
2013-12-11,PL1311LAG1SJPA,Hitachi HDS5C4040ALE630,4000787030016,0,,0,,,,,,,,0,,,,,,6074,,,,,,,,,,,,,,,,,,,,,,,,,,,,,,19,,,,,,0,,,,,,,,,,,,,,,,,,,,,,,,,,,,
2013-12-11,6XW022P3,ST31500541AS,1500301910016,0,,222207274,,,,,,,,0,,,,,,36062,,,,,,,,,,,,,,,,,,,,,,,,,,,,,,18,,,,,,0,,,,,,,,,,,,,,,,,,,,,,,,,,,,
2013-12-11,6XW022P0,ST31500541AS,1500301910016,0,,216147564,,,,,,,,0,,,,,,34738,,,,,,,,,,,,,,,,,,,,,,,,,,,,,,20,,,,,,0,,,,,,,,,,,,,,,,,,,,,,,,,,,,
2013-12-11,JK11A8B9J5HS5F,Hitachi HDS722020ALA330,2000398934016,0,,0,,,,,,,,0,,,,,,24468,,,,,,,,,,,,,,,,,,,,,,,,,,,,,,28,,,,,,0,,,,,,,,,,,,,,,,,,,,,,,,,,,,
2013-12-11,Z300KFC2,ST4000DM000,4000787030016,0,,170048888,,,,,,,,0,,,,,,152,,,,,,,,,,,,,,,,,,,,,,,,,,,,,,25,,,,,,0,,,,,,,,,,,,,,,,,,,,,,,,,,,,
2013-12-11,MJ0351YNG9UY5A,Hitachi HDS5C3030ALA630,3000592982016,0,,0,,,,,,,,0,,,,,,9904,,,,,,,,,,,,,,,,,,,,,,,,,,,,,,24,,,,,,0,,,,,,,,,,,,,,,,,,,,,,,,,,,,
2013-12-11,MJ1323YNG1RVTC,Hitachi HDS5C3030ALA630,3000592982016,0,,0,,,,,,,,0,,,,,,19798,,,,,,,,,,,,,,,,,,,,,,,,,,,,,,29,,,,,,108,,,,,,,,,,,,,,,,,,,,,,,,,,,,
2013-12-11,W300B4WE,ST4000DM000,4000787030016,0,,59438000,,,,,,,,0,,,,,,2244,,,,,,,,,,,,,,,,,,,,,,,,,,,,,,23,,,,,,0,,,,,,,,,,,,,,,,,,,,,,,,,,,,
2013-12-11,S1F032DZ,ST3000DM001,3000592982016,0,,52385360,,,,,,,,0,,,,,,15621,,,,,,,,,,,,,,,,,,,,,,,,,,,,,,25,,,,,,0,,,,,,,,,,,,,,,,,,,,,,,,,,,,
2013-12-11,JK1101B9J32YTT,Hitachi HDS722020ALA330,2000398934016,0,,0,,,,,,,,0,,,,,,24216,,,,,,,,,,,,,,,,,,,,,,,,,,,,,,28,,,,,,0,,,,,,,,,,,,,,,,,,,,,,,,,,,,
2013-12-11,W3004Y6F,ST4000DM000,4000787030016,0,,138254504,,,,,,,,0,,,,,,2879,,,,,,,,,,,,,,,,,,,,,,,,,,,,,,22,,,,,,0,,,,,,,,,,,,,,,,,,,,,,,,,,,,
2013-12-11,Z300PA17,ST4000DM000,4000787030016,0,,37618672,,,,,,,,0,,,,,,1232,,,,,,,,,,,,,,,,,,,,,,,,,,,,,,19,,,,,,0,,,,,,,,,,,,,,,,,,,,,,,,,,,,
2013-12-11,Z300PA15,ST4000DM000,4000787030016,0,,70263992,,,,,,,,0,,,,,,1093,,,,,,,,,,,,,,,,,,,,,,,,,,,,,,26,,,,,,0,,,,,,,,,,,,,,,,,,,,,,,,,,,,
2013-12-11,JK1101B9JRA2YF,Hitachi HDS722020ALA330,2000398934016,0,,0,,,,,,,,0,,,,,,23576,,,,,,,,,,,,,,,,,,,,,,,,,,,,,,27,,,,,,0,,,,,,,,,,,,,,,,,,,,,,,,,,,,
2013-12-11,Z300PA13,ST4000DM000,4000787030016,0,,35812896,,,,,,,,0,,,,,,1093,,,,,,,,,,,,,,,,,,,,,,,,,,,,,,25,,,,,,0,,,,,,,,,,,,,,,,,,,,,,,,,,,,
2013-12-11,JK11A8B9J3BTKF,Hitachi HDS722020ALA330,2000398934016,0,,0,,,,,,,,0,,,,,,24431,,,,,,,,,,,,,,,,,,,,,,,,,,,,,,26,,,,,,0,,,,,,,,,,,,,,,,,,,,,,,,,,,,
2013-12-11,W300E821,ST4000DM000,4000787030016,0,,114634928,,,,,,,,0,,,,,,2272,,,,,,,,,,,,,,,,,,,,,,,,,,,,,,23,,,,,,0,,,,,,,,,,,,,,,,,,,,,,,,,,,,
2013-12-11,Z300PA1E,ST4000DM000,4000787030016,0,,202990808,,,,,,,,0,,,,,,1232,,,,,,,,,,,,,,,,,,,,,,,,,,,,,,18,,,,,,0,,,,,,,,,,,,,,,,,,,,,,,,,,,,
2013-12-11,MK0301YHGLXLMA,Hitachi HDS723030ALA640,3000592982016,0,,0,,,,,,,,0,,,,,,17036,,,,,,,,,,,,,,,,,,,,,,,,,,,,,,31,,,,,,0,,,,,,,,,,,,,,,,,,,,,,,,,,,,
2013-12-11,MJ1323YNG1UYPC,Hitachi HDS5C3030ALA630,3000592982016,0,,0,,,,,,,,0,,,,,,19770,,,,,,,,,,,,,,,,,,,,,,,,,,,,,,25,,,,,,0,,,,,,,,,,,,,,,,,,,,,,,,,,,,
2013-12-11,S1F032D1,ST3000DM001,3000592982016,0,,78631256,,,,,,,,0,,,,,,15621,,,,,,,,,,,,,,,,,,,,,,,,,,,,,,27,,,,,,0,,,,,,,,,,,,,,,,,,,,,,,,,,,,
2013-12-11,MJ0351YNGAD23A,Hitachi HDS5C3030ALA630,3000592982016,0,,0,,,,,,,,0,,,,,,7986,,,,,,,,,,,,,,,,,,,,,,,,,,,,,,30,,,,,,0,,,,,,,,,,,,,,,,,,,,,,,,,,,,
2013-12-11,Z300MHJ0,ST4000DM000,4000787030016,0,,209369088,,,,,,,,0,,,,,,2893,,,,,,,,,,,,,,,,,,,,,,,,,,,,,,25,,,,,,0,,,,,,,,,,,,,,,,,,,,,,,,,,,,
2013-12-11,W300E82T,ST4000DM000,4000787030016,0,,213318272,,,,,,,,0,,,,,,2385,,,,,,,,,,,,,,,,,,,,,,,,,,,,,,25,,,,,,0,,,,,,,,,,,,,,,,,,,,,,,,,,,,
2013-12-11,Z1F0SZ64,ST3000DM001,3000592982016,0,,152146656,,,,,,,,0,,,,,,4017,,,,,,,,,,,,,,,,,,,,,,,,,,,,,,28,,,,,,0,,,,,,,,,,,,,,,,,,,,,,,,,,,,
2013-12-11,Z300CWEV,ST4000DM000,4000787030016,0,,41247048,,,,,,,,0,,,,,,2272,,,,,,,,,,,,,,,,,,,,,,,,,,,,,,22,,,,,,0,,,,,,,,,,,,,,,,,,,,,,,,,,,,
2013-12-11,W300CHMW,ST4000DM000,4000787030016,0,,169509296,,,,,,,,0,,,,,,2248,,,,,,,,,,,,,,,,,,,,,,,,,,,,,,24,,,,,,0,,,,,,,,,,,,,,,,,,,,,,,,,,,,
2013-12-11,S1F0S6FZ,ST3000DM001,3000592982016,0,,208466392,,,,,,,,0,,,,,,10538,,,,,,,,,,,,,,,,,,,,,,,,,,,,,,21,,,,,,0,,,,,,,,,,,,,,,,,,,,,,,,,,,,
2013-12-11,MJ1311YNG0LY3A,Hitachi HDS5C3030ALA630,3000592982016,0,,65538,,,,,,,,12,,,,,,20732,,,,,,,,,,,,,,,,,,,,,,,,,,,,,,25,,,,,,0,,,,,,,,,,,,,,,,,,,,,,,,,,,,
2013-12-11,PK1331PAJ35GSS,HGST HDS724040ALE640,4000787030016,0,,0,,,,,,,,0,,,,,,2027,,,,,,,,,,,,,,,,,,,,,,,,,,,,,,27,,,,,,0,,,,,,,,,,,,,,,,,,,,,,,,,,,,
2013-12-11,MJ0351YNG9RT5A,Hitachi HDS5C3030ALA630,3000592982016,0,,0,,,,,,,,0,,,,,,8830,,,,,,,,,,,,,,,,,,,,,,,,,,,,,,29,,,,,,0,,,,,,,,,,,,,,,,,,,,,,,,,,,,
2013-12-11,S1F0S5LB,ST3000DM001,3000592982016,0,,191736472,,,,,,,,0,,,,,,10471,,,,,,,,,,,,,,,,,,,,,,,,,,,,,,27,,,,,,0,,,,,,,,,,,,,,,,,,,,,,,,,,,,
2013-12-11,PL1311LAG28XWH,Hitachi HDS5C4040ALE630,4000787030016,0,,0,,,,,,,,0,,,,,,7402,,,,,,,,,,,,,,,,,,,,,,,,,,,,,,28,,,,,,0,,,,,,,,,,,,,,,,,,,,,,,,,,,,
2013-12-11,W1F0XRSH,ST3000DM001,3000592982016,0,,172401488,,,,,,,,0,,,,,,10501,,,,,,,,,,,,,,,,,,,,,,,,,,,,,,20,,,,,,0,,,,,,,,,,,,,,,,,,,,,,,,,,,,
2013-12-11,S1F10FF0,ST3000DM001,3000592982016,0,,223614848,,,,,,,,0,,,,,,8023,,,,,,,,,,,,,,,,,,,,,,,,,,,,,,22,,,,,,0,,,,,,,,,,,,,,,,,,,,,,,,,,,,
2013-12-11,S1F0S5LP,ST3000DM001,3000592982016,0,,195448640,,,,,,,,0,,,,,,10728,,,,,,,,,,,,,,,,,,,,,,,,,,,,,,25,,,,,,0,,,,,,,,,,,,,,,,,,,,,,,,,,,,
2013-12-11,MJ1311YNG7HZGA,Hitachi HDS5C3030ALA630,3000592982016,0,,0,,,,,,,,47,,,,,,14574,,,,,,,,,,,,,,,,,,,,,,,,,,,,,,23,,,,,,0,,,,,,,,,,,,,,,,,,,,,,,,,,,,
2013-12-11,W30038GV,ST4000DM000,4000787030016,0,,210650544,,,,,,,,0,,,,,,2680,,,,,,,,,,,,,,,,,,,,,,,,,,,,,,26,,,,,,0,,,,,,,,,,,,,,,,,,,,,,,,,,,,
2013-12-11,MK0311YHGKBTNA,Hitachi HDS723030ALA640,3000592982016,0,,2752512,,,,,,,,0,,,,,,21458,,,,,,,,,,,,,,,,,,,,,,,,,,,,,,27,,,,,,0,,,,,,,,,,,,,,,,,,,,,,,,,,,,
2013-12-11,JK11A5B8J7SKAX,Hitachi HDS722020ALA330,2000398934016,0,,0,,,,,,,,0,,,,,,22698,,,,,,,,,,,,,,,,,,,,,,,,,,,,,,31,,,,,,0,,,,,,,,,,,,,,,,,,,,,,,,,,,,
2013-12-11,PL2311LAG1LXPC,Hitachi HDS5C4040ALE630,4000787030016,0,,0,,,,,,,,0,,,,,,7463,,,,,,,,,,,,,,,,,,,,,,,,,,,,,,25,,,,,,0,,,,,,,,,,,,,,,,,,,,,,,,,,,,
2013-12-11,Z1Z05HEW,ST4000DX000,4000787030016,0,,71489133,,,,,,,,0,,,,,,5379,,,,,,,,,,,,,,,,,,,,,,,,,,,,,,23,,,,,,0,,,,,,,,,,,,,,,,,,,,,,,,,,,,
2013-12-11,MJ1311YNG5LD3A,Hitachi HDS5C3030ALA630,3000592982016,0,,0,,,,,,,,0,,,,,,14288,,,,,,,,,,,,,,,,,,,,,,,,,,,,,,31,,,,,,0,,,,,,,,,,,,,,,,,,,,,,,,,,,,
2013-12-11,PL1311LAG2E35H,Hitachi HDS5C4040ALE630,4000787030016,0,,0,,,,,,,,0,,,,,,7415,,,,,,,,,,,,,,,,,,,,,,,,,,,,,,19,,,,,,0,,,,,,,,,,,,,,,,,,,,,,,,,,,,
2013-12-11,MJ0351YNG9RD2A,Hitachi HDS5C3030ALA630,3000592982016,0,,0,,,,,,,,0,,,,,,8830,,,,,,,,,,,,,,,,,,,,,,,,,,,,,,28,,,,,,0,,,,,,,,,,,,,,,,,,,,,,,,,,,,
2013-12-11,JK11A4B8HZRM3W,Hitachi HDS722020ALA330,2000398934016,0,,2,,,,,,,,0,,,,,,23319,,,,,,,,,,,,,,,,,,,,,,,,,,,,,,25,,,,,,0,,,,,,,,,,,,,,,,,,,,,,,,,,,,
2013-12-11,W300CXVM,ST4000DM000,4000787030016,0,,177274872,,,,,,,,0,,,,,,4183,,,,,,,,,,,,,,,,,,,,,,,,,,,,,,24,,,,,,0,,,,,,,,,,,,,,,,,,,,,,,,,,,,
2013-12-11,JK1130YAHRVZPT,Hitachi HDS722020ALA330,2000398934016,0,,0,,,,,,,,0,,,,,,30172,,,,,,,,,,,,,,,,,,,,,,,,,,,,,,32,,,,,,0,,,,,,,,,,,,,,,,,,,,,,,,,,,,
2013-12-11,W1F0P2TN,ST3000DM001,3000592982016,0,,48414448,,,,,,,,0,,,,,,11694,,,,,,,,,,,,,,,,,,,,,,,,,,,,,,26,,,,,,0,,,,,,,,,,,,,,,,,,,,,,,,,,,,
2013-12-11,MJ1311YNG394XA,Hitachi HDS5C3030ALA630,3000592982016,0,,0,,,,,,,,0,,,,,,2866,,,,,,,,,,,,,,,,,,,,,,,,,,,,,,27,,,,,,0,,,,,,,,,,,,,,,,,,,,,,,,,,,,
2013-12-11,JK1101B9HS6GEF,Hitachi HDS722020ALA330,2000398934016,0,,0,,,,,,,,0,,,,,,26144,,,,,,,,,,,,,,,,,,,,,,,,,,,,,,30,,,,,,0,,,,,,,,,,,,,,,,,,,,,,,,,,,,
2013-12-11,MJ1321YNG14BVA,Hitachi HDS5C3030ALA630,3000592982016,0,,0,,,,,,,,0,,,,,,20067,,,,,,,,,,,,,,,,,,,,,,,,,,,,,,24,,,,,,0,,,,,,,,,,,,,,,,,,,,,,,,,,,,
2013-12-11,6XW00YFQ,ST31500541AS,1500301910016,0,,124556041,,,,,,,,0,,,,,,36068,,,,,,,,,,,,,,,,,,,,,,,,,,,,,,21,,,,,,0,,,,,,,,,,,,,,,,,,,,,,,,,,,,
2013-12-11,MJ0351YNG9W94A,Hitachi HDS5C3030ALA630,3000592982016,0,,0,,,,,,,,0,,,,,,9312,,,,,,,,,,,,,,,,,,,,,,,,,,,,,,28,,,,,,0,,,,,,,,,,,,,,,,,,,,,,,,,,,,
2013-12-11,W1F08DWH,ST3000DM001,3000592982016,0,,243116184,,,,,,,,0,,,,,,15469,,,,,,,,,,,,,,,,,,,,,,,,,,,,,,24,,,,,,0,,,,,,,,,,,,,,,,,,,,,,,,,,,,
2013-12-11,9VS1NG1A,ST31500341AS,1500301910016,0,,53375542,,,,,,,,16,,,,,,40082,,,,,,,,,,,,,,,,,,,,,,,,,,,,,,25,,,,,,0,,,,,,,,,,,,,,,,,,,,,,,,,,,,
2013-12-11,MJ0351YNGAAE8A,Hitachi HDS5C3030ALA630,3000592982016,0,,0,,,,,,,,0,,,,,,8615,,,,,,,,,,,,,,,,,,,,,,,,,,,,,,32,,,,,,0,,,,,,,,,,,,,,,,,,,,,,,,,,,,
2013-12-11,S1F10FFZ,ST3000DM001,3000592982016,0,,143371608,,,,,,,,0,,,,,,8163,,,,,,,,,,,,,,,,,,,,,,,,,,,,,,29,,,,,,0,,,,,,,,,,,,,,,,,,,,,,,,,,,,
2013-12-11,S1F0NZ6M,ST3000DM001,3000592982016,0,,99569800,,,,,,,,0,,,,,,11688,,,,,,,,,,,,,,,,,,,,,,,,,,,,,,24,,,,,,0,,,,,,,,,,,,,,,,,,,,,,,,,,,,
2013-12-11,MJ1311YNG38YXA,Hitachi HDS5C3030ALA630,3000592982016,0,,0,,,,,,,,0,,,,,,19323,,,,,,,,,,,,,,,,,,,,,,,,,,,,,,27,,,,,,0,,,,,,,,,,,,,,,,,,,,,,,,,,,,
2013-12-11,MJ1311YNG5NP7A,Hitachi HDS5C3030ALA630,3000592982016,0,,0,,,,,,,,0,,,,,,14621,,,,,,,,,,,,,,,,,,,,,,,,,,,,,,24,,,,,,0,,,,,,,,,,,,,,,,,,,,,,,,,,,,
2013-12-11,JK11A8B9GPD3BF,Hitachi HDS722020ALA330,2000398934016,0,,0,,,,,,,,0,,,,,,26480,,,,,,,,,,,,,,,,,,,,,,,,,,,,,,29,,,,,,3,,,,,,,,,,,,,,,,,,,,,,,,,,,,
2013-12-11,MJ0351YNG9VTSA,Hitachi HDS5C3030ALA630,3000592982016,0,,0,,,,,,,,0,,,,,,9958,,,,,,,,,,,,,,,,,,,,,,,,,,,,,,28,,,,,,0,,,,,,,,,,,,,,,,,,,,,,,,,,,,
2013-12-11,WD-WCAU45178228,WDC WD10EADS,1000204886016,0,,68,,,,,,,,0,,,,,,41321,,,,,,,,,,,,,,,,,,,,,,,,,,,,,,26,,,,,,0,,,,,,,,,,,,,,,,,,,,,,,,,,,,
2013-12-11,5XW0190E,ST31500541AS,1500301910016,0,,167700305,,,,,,,,0,,,,,,36961,,,,,,,,,,,,,,,,,,,,,,,,,,,,,,19,,,,,,0,,,,,,,,,,,,,,,,,,,,,,,,,,,,
2013-12-11,Z300NR10,ST4000DM000,4000787030016,0,,164904016,,,,,,,,0,,,,,,1142,,,,,,,,,,,,,,,,,,,,,,,,,,,,,,28,,,,,,0,,,,,,,,,,,,,,,,,,,,,,,,,,,,
2013-12-11,JK11A8B9J7AN1F,Hitachi HDS722020ALA330,2000398934016,0,,0,,,,,,,,0,,,,,,25541,,,,,,,,,,,,,,,,,,,,,,,,,,,,,,27,,,,,,0,,,,,,,,,,,,,,,,,,,,,,,,,,,,
2013-12-11,9VS3GKE3,ST31500341AS,1500301910016,0,,209854723,,,,,,,,11,,,,,,32876,,,,,,,,,,,,,,,,,,,,,,,,,,,,,,22,,,,,,0,,,,,,,,,,,,,,,,,,,,,,,,,,,,
2013-12-11,PL1321LAG31XXH,Hitachi HDS5C4040ALE630,4000787030016,0,,0,,,,,,,,0,,,,,,5961,,,,,,,,,,,,,,,,,,,,,,,,,,,,,,18,,,,,,0,,,,,,,,,,,,,,,,,,,,,,,,,,,,
2013-12-11,6XW00RW3,ST31500541AS,1500301910016,0,,91468596,,,,,,,,0,,,,,,36069,,,,,,,,,,,,,,,,,,,,,,,,,,,,,,19,,,,,,0,,,,,,,,,,,,,,,,,,,,,,,,,,,,
2013-12-11,WD-WCAWZ1327883,WDC WD30EZRX,3000592982016,0,,5,,,,,,,,0,,,,,,17618,,,,,,,,,,,,,,,,,,,,,,,,,,,,,,24,,,,,,0,,,,,,,,,,,,,,,,,,,,,,,,,,,,
2013-12-11,MJ0351YNG9YTUA,Hitachi HDS5C3030ALA630,3000592982016,0,,0,,,,,,,,0,,,,,,9958,,,,,,,,,,,,,,,,,,,,,,,,,,,,,,27,,,,,,0,,,,,,,,,,,,,,,,,,,,,,,,,,,,
2013-12-11,PL1311LAG3E3UH,Hitachi HDS5C4040ALE630,4000787030016,0,,0,,,,,,,,0,,,,,,6616,,,,,,,,,,,,,,,,,,,,,,,,,,,,,,27,,,,,,0,,,,,,,,,,,,,,,,,,,,,,,,,,,,
2013-12-11,PL1321LAG33NAH,Hitachi HDS5C4040ALE630,4000787030016,0,,0,,,,,,,,0,,,,,,6654,,,,,,,,,,,,,,,,,,,,,,,,,,,,,,21,,,,,,0,,,,,,,,,,,,,,,,,,,,,,,,,,,,
2013-12-11,Z1F0RG10,ST3000DM001,3000592982016,0,,84536768,,,,,,,,0,,,,,,11022,,,,,,,,,,,,,,,,,,,,,,,,,,,,,,29,,,,,,0,,,,,,,,,,,,,,,,,,,,,,,,,,,,
2013-12-11,W1F08KX5,ST3000DM001,3000592982016,0,,84882440,,,,,,,,0,,,,,,13356,,,,,,,,,,,,,,,,,,,,,,,,,,,,,,26,,,,,,0,,,,,,,,,,,,,,,,,,,,,,,,,,,,
2013-12-11,W2F0L4K7,ST2000DM001,2000398934016,0,,20450560,,,,,,,,0,,,,,,7247,,,,,,,,,,,,,,,,,,,,,,,,,,,,,,23,,,,,,0,,,,,,,,,,,,,,,,,,,,,,,,,,,,
2013-12-11,Z1F0LM11,ST3000DM001,3000592982016,0,,106904120,,,,,,,,0,,,,,,12015,,,,,,,,,,,,,,,,,,,,,,,,,,,,,,29,,,,,,0,,,,,,,,,,,,,,,,,,,,,,,,,,,,
2013-12-11,JK11A8B9J7GNHF,Hitachi HDS722020ALA330,2000398934016,0,,0,,,,,,,,0,,,,,,24628,,,,,,,,,,,,,,,,,,,,,,,,,,,,,,30,,,,,,0,,,,,,,,,,,,,,,,,,,,,,,,,,,,
2013-12-11,MJ1311YNG6XKVA,Hitachi HDS5C3030ALA630,3000592982016,0,,0,,,,,,,,0,,,,,,14601,,,,,,,,,,,,,,,,,,,,,,,,,,,,,,20,,,,,,0,,,,,,,,,,,,,,,,,,,,,,,,,,,,
2013-12-11,6XW27Z8H,ST31500541AS,1500301910016,0,,210480099,,,,,,,,0,,,,,,14971,,,,,,,,,,,,,,,,,,,,,,,,,,,,,,22,,,,,,0,,,,,,,,,,,,,,,,,,,,,,,,,,,,
2013-12-11,W3009DLY,ST4000DM000,4000787030016,0,,130643640,,,,,,,,0,,,,,,2843,,,,,,,,,,,,,,,,,,,,,,,,,,,,,,21,,,,,,0,,,,,,,,,,,,,,,,,,,,,,,,,,,,
2013-12-11,PL2311LAG1G4TC,Hitachi HDS5C4040ALE630,4000787030016,0,,0,,,,,,,,0,,,,,,7463,,,,,,,,,,,,,,,,,,,,,,,,,,,,,,24,,,,,,0,,,,,,,,,,,,,,,,,,,,,,,,,,,,
2013-12-11,Z290WJ25,ST33000651AS,3000592982016,0,,48361455,,,,,,,,0,,,,,,17742,,,,,,,,,,,,,,,,,,,,,,,,,,,,,,19,,,,,,0,,,,,,,,,,,,,,,,,,,,,,,,,,,,
2013-12-11,JK11A8B9J7X9BF,Hitachi HDS722020ALA330,2000398934016,0,,65540,,,,,,,,1,,,,,,24914,,,,,,,,,,,,,,,,,,,,,,,,,,,,,,25,,,,,,0,,,,,,,,,,,,,,,,,,,,,,,,,,,,
2013-12-11,PL2321LAGASGJJ,Hitachi HDS5C4040ALE630,4000787030016,0,,0,,,,,,,,0,,,,,,5076,,,,,,,,,,,,,,,,,,,,,,,,,,,,,,24,,,,,,0,,,,,,,,,,,,,,,,,,,,,,,,,,,,
2013-12-11,JK11A8B9J7GDBF,Hitachi HDS722020ALA330,2000398934016,0,,0,,,,,,,,0,,,,,,24665,,,,,,,,,,,,,,,,,,,,,,,,,,,,,,26,,,,,,0,,,,,,,,,,,,,,,,,,,,,,,,,,,,
2013-12-11,MK0333YHGPG8DC,Hitachi HDS723030ALA640,3000592982016,0,,65536,,,,,,,,0,,,,,,17761,,,,,,,,,,,,,,,,,,,,,,,,,,,,,,28,,,,,,0,,,,,,,,,,,,,,,,,,,,,,,,,,,,
2013-12-11,MJ0351YNG9WLBA,Hitachi HDS5C3030ALA630,3000592982016,0,,0,,,,,,,,0,,,,,,9939,,,,,,,,,,,,,,,,,,,,,,,,,,,,,,24,,,,,,0,,,,,,,,,,,,,,,,,,,,,,,,,,,,
2013-12-11,PL1321LAG35K2H,Hitachi HDS5C4040ALE630,4000787030016,0,,0,,,,,,,,0,,,,,,5125,,,,,,,,,,,,,,,,,,,,,,,,,,,,,,30,,,,,,0,,,,,,,,,,,,,,,,,,,,,,,,,,,,
2013-12-11,JK11A8B9J3S7JF,Hitachi HDS722020ALA330,2000398934016,0,,0,,,,,,,,0,,,,,,23823,,,,,,,,,,,,,,,,,,,,,,,,,,,,,,33,,,,,,0,,,,,,,,,,,,,,,,,,,,,,,,,,,,
2013-12-11,W1F0KY79,ST3000DM001,3000592982016,0,,40529024,,,,,,,,0,,,,,,12173,,,,,,,,,,,,,,,,,,,,,,,,,,,,,,23,,,,,,0,,,,,,,,,,,,,,,,,,,,,,,,,,,,
2013-12-11,Z1F1FCCS,ST3000DM001,3000592982016,0,,196841360,,,,,,,,0,,,,,,9729,,,,,,,,,,,,,,,,,,,,,,,,,,,,,,26,,,,,,0,,,,,,,,,,,,,,,,,,,,,,,,,,,,
2013-12-11,6XW0SR6K,ST31500541AS,1500301910016,0,,127983282,,,,,,,,0,,,,,,33846,,,,,,,,,,,,,,,,,,,,,,,,,,,,,,18,,,,,,0,,,,,,,,,,,,,,,,,,,,,,,,,,,,
2013-12-11,JK1101B9J1SB1F,Hitachi HDS722020ALA330,2000398934016,0,,2,,,,,,,,0,,,,,,23823,,,,,,,,,,,,,,,,,,,,,,,,,,,,,,26,,,,,,0,,,,,,,,,,,,,,,,,,,,,,,,,,,,
2013-12-11,W1F1CHZK,ST3000DM001,3000592982016,0,,178424328,,,,,,,,0,,,,,,8163,,,,,,,,,,,,,,,,,,,,,,,,,,,,,,27,,,,,,0,,,,,,,,,,,,,,,,,,,,,,,,,,,,
2013-12-11,MJ1311YNG3KYBA,Hitachi HDS5C3030ALA630,3000592982016,0,,0,,,,,,,,0,,,,,,19310,,,,,,,,,,,,,,,,,,,,,,,,,,,,,,28,,,,,,0,,,,,,,,,,,,,,,,,,,,,,,,,,,,
2013-12-11,6XW03B5J,ST31500541AS,1500301910016,0,,173280447,,,,,,,,0,,,,,,36821,,,,,,,,,,,,,,,,,,,,,,,,,,,,,,22,,,,,,0,,,,,,,,,,,,,,,,,,,,,,,,,,,,
2013-12-11,JK11A8B9J7YVNF,Hitachi HDS722020ALA330,2000398934016,0,,0,,,,,,,,0,,,,,,24914,,,,,,,,,,,,,,,,,,,,,,,,,,,,,,31,,,,,,0,,,,,,,,,,,,,,,,,,,,,,,,,,,,
2013-12-11,W300H348,ST4000DM000,4000787030016,0,,85678584,,,,,,,,0,,,,,,885,,,,,,,,,,,,,,,,,,,,,,,,,,,,,,21,,,,,,0,,,,,,,,,,,,,,,,,,,,,,,,,,,,
2013-12-11,WD-WCAWZ1167776,WDC WD30EZRX,3000592982016,0,,0,,,,,,,,0,,,,,,17606,,,,,,,,,,,,,,,,,,,,,,,,,,,,,,20,,,,,,0,,,,,,,,,,,,,,,,,,,,,,,,,,,,
2013-12-11,JK11A8B9J24DZF,Hitachi HDS722020ALA330,2000398934016,0,,0,,,,,,,,0,,,,,,24112,,,,,,,,,,,,,,,,,,,,,,,,,,,,,,29,,,,,,0,,,,,,,,,,,,,,,,,,,,,,,,,,,,
2013-12-11,JK11A4B8JR5MJW,Hitachi HDS722020ALA330,2000398934016,0,,65536,,,,,,,,0,,,,,,23823,,,,,,,,,,,,,,,,,,,,,,,,,,,,,,23,,,,,,0,,,,,,,,,,,,,,,,,,,,,,,,,,,,
2013-12-11,JK1101YAK91EUV,Hitachi HDS722020ALA330,2000398934016,0,,393219,,,,,,,,2,,,,,,29653,,,,,,,,,,,,,,,,,,,,,,,,,,,,,,28,,,,,,0,,,,,,,,,,,,,,,,,,,,,,,,,,,,
2013-12-11,Z300E3QH,ST4000DM000,4000787030016,0,,146832984,,,,,,,,0,,,,,,2257,,,,,,,,,,,,,,,,,,,,,,,,,,,,,,24,,,,,,0,,,,,,,,,,,,,,,,,,,,,,,,,,,,
2013-12-11,JK1174YAK7JGWW,Hitachi HDS722020ALA330,2000398934016,0,,0,,,,,,,,0,,,,,,28154,,,,,,,,,,,,,,,,,,,,,,,,,,,,,,25,,,,,,0,,,,,,,,,,,,,,,,,,,,,,,,,,,,
2013-12-11,JK11A8B9J2VK4F,Hitachi HDS722020ALA330,2000398934016,0,,0,,,,,,,,0,,,,,,24426,,,,,,,,,,,,,,,,,,,,,,,,,,,,,,25,,,,,,0,,,,,,,,,,,,,,,,,,,,,,,,,,,,
2013-12-11,PL1331LAGA40EH,Hitachi HDS5C4040ALE630,4000787030016,0,,0,,,,,,,,0,,,,,,5077,,,,,,,,,,,,,,,,,,,,,,,,,,,,,,28,,,,,,0,,,,,,,,,,,,,,,,,,,,,,,,,,,,
2013-12-11,S1F00Z96,ST3000DM001,3000592982016,0,,165485400,,,,,,,,0,,,,,,16198,,,,,,,,,,,,,,,,,,,,,,,,,,,,,,24,,,,,,0,,,,,,,,,,,,,,,,,,,,,,,,,,,,
2013-12-11,MJ0351YNG9SXWA,Hitachi HDS5C3030ALA630,3000592982016,0,,0,,,,,,,,0,,,,,,7985,,,,,,,,,,,,,,,,,,,,,,,,,,,,,,28,,,,,,0,,,,,,,,,,,,,,,,,,,,,,,,,,,,
2013-12-11,MJ1311YNG5MRXA,Hitachi HDS5C3030ALA630,3000592982016,0,,0,,,,,,,,0,,,,,,8501,,,,,,,,,,,,,,,,,,,,,,,,,,,,,,20,,,,,,0,,,,,,,,,,,,,,,,,,,,,,,,,,,,
2013-12-11,PL1321LAG2Y4VH,Hitachi HDS5C4040ALE630,4000787030016,0,,0,,,,,,,,0,,,,,,5959,,,,,,,,,,,,,,,,,,,,,,,,,,,,,,19,,,,,,0,,,,,,,,,,,,,,,,,,,,,,,,,,,,
2013-12-11,MJ1323YNG1R47C,Hitachi HDS5C3030ALA630,3000592982016,0,,0,,,,,,,,0,,,,,,19760,,,,,,,,,,,,,,,,,,,,,,,,,,,,,,27,,,,,,0,,,,,,,,,,,,,,,,,,,,,,,,,,,,
2013-12-11,Z300VPS6,ST4000DM000,4000787030016,0,,185274096,,,,,,,,0,,,,,,923,,,,,,,,,,,,,,,,,,,,,,,,,,,,,,24,,,,,,0,,,,,,,,,,,,,,,,,,,,,,,,,,,,
2013-12-11,9VS28Y5K,ST31500341AS,1500301910016,0,,157249186,,,,,,,,10,,,,,,38481,,,,,,,,,,,,,,,,,,,,,,,,,,,,,,23,,,,,,0,,,,,,,,,,,,,,,,,,,,,,,,,,,,
2013-12-11,Z300MY71,ST4000DM000,4000787030016,0,,38585640,,,,,,,,0,,,,,,2890,,,,,,,,,,,,,,,,,,,,,,,,,,,,,,27,,,,,,0,,,,,,,,,,,,,,,,,,,,,,,,,,,,
2013-12-11,WD-WCAU45349168,WDC WD10EADS,1000204886016,0,,2,,,,,,,,0,,,,,,41372,,,,,,,,,,,,,,,,,,,,,,,,,,,,,,29,,,,,,0,,,,,,,,,,,,,,,,,,,,,,,,,,,,
2013-12-11,MK0311YHGH5D8A,Hitachi HDS723030ALA640,3000592982016,0,,0,,,,,,,,0,,,,,,17018,,,,,,,,,,,,,,,,,,,,,,,,,,,,,,30,,,,,,0,,,,,,,,,,,,,,,,,,,,,,,,,,,,
2013-12-11,JK11A8B9HZ1NHF,Hitachi HDS722020ALA330,2000398934016,0,,0,,,,,,,,0,,,,,,26329,,,,,,,,,,,,,,,,,,,,,,,,,,,,,,28,,,,,,0,,,,,,,,,,,,,,,,,,,,,,,,,,,,
2013-12-11,MJ0351YNGAD39A,Hitachi HDS5C3030ALA630,3000592982016,0,,0,,,,,,,,0,,,,,,8617,,,,,,,,,,,,,,,,,,,,,,,,,,,,,,29,,,,,,0,,,,,,,,,,,,,,,,,,,,,,,,,,,,
2013-12-11,MJ0351YNGA046A,Hitachi HDS5C3030ALA630,3000592982016,0,,0,,,,,,,,0,,,,,,9941,,,,,,,,,,,,,,,,,,,,,,,,,,,,,,28,,,,,,0,,,,,,,,,,,,,,,,,,,,,,,,,,,,
2013-12-11,JK1104B8JRGWUW,Hitachi HDS722020ALA330,2000398934016,0,,0,,,,,,,,0,,,,,,23319,,,,,,,,,,,,,,,,,,,,,,,,,,,,,,28,,,,,,0,,,,,,,,,,,,,,,,,,,,,,,,,,,,
2013-12-11,PL2321LAGASTWJ,Hitachi HDS5C4040ALE630,4000787030016,0,,0,,,,,,,,0,,,,,,5428,,,,,,,,,,,,,,,,,,,,,,,,,,,,,,20,,,,,,0,,,,,,,,,,,,,,,,,,,,,,,,,,,,
2013-12-11,S1F01WJ0,ST3000DM001,3000592982016,0,,226073136,,,,,,,,0,,,,,,13818,,,,,,,,,,,,,,,,,,,,,,,,,,,,,,21,,,,,,8,,,,,,,,,,,,,,,,,,,,,,,,,,,,
2013-12-11,Z1F1FZTL,ST3000DM001,3000592982016,0,,73073496,,,,,,,,0,,,,,,9074,,,,,,,,,,,,,,,,,,,,,,,,,,,,,,20,,,,,,0,,,,,,,,,,,,,,,,,,,,,,,,,,,,
2013-12-11,MJ0351YNG9Z70A,Hitachi HDS5C3030ALA630,3000592982016,0,,0,,,,,,,,0,,,,,,9483,,,,,,,,,,,,,,,,,,,,,,,,,,,,,,31,,,,,,0,,,,,,,,,,,,,,,,,,,,,,,,,,,,
2013-12-11,JK1101B9GK7V5F,Hitachi HDS722020ALA330,2000398934016,0,,2,,,,,,,,0,,,,,,26764,,,,,,,,,,,,,,,,,,,,,,,,,,,,,,26,,,,,,0,,,,,,,,,,,,,,,,,,,,,,,,,,,,
2013-12-11,6XW0YL1B,ST31500541AS,1500301910016,0,,117281486,,,,,,,,55,,,,,,30591,,,,,,,,,,,,,,,,,,,,,,,,,,,,,,23,,,,,,0,,,,,,,,,,,,,,,,,,,,,,,,,,,,
2013-12-11,Z1F161QC,ST3000DM001,3000592982016,0,,57636648,,,,,,,,0,,,,,,8162,,,,,,,,,,,,,,,,,,,,,,,,,,,,,,28,,,,,,0,,,,,,,,,,,,,,,,,,,,,,,,,,,,
2013-12-11,MJ0351YNG9ZPRA,Hitachi HDS5C3030ALA630,3000592982016,0,,0,,,,,,,,0,,,,,,9311,,,,,,,,,,,,,,,,,,,,,,,,,,,,,,30,,,,,,0,,,,,,,,,,,,,,,,,,,,,,,,,,,,
2013-12-11,W300JSLZ,ST4000DM000,4000787030016,0,,59140080,,,,,,,,0,,,,,,2224,,,,,,,,,,,,,,,,,,,,,,,,,,,,,,27,,,,,,0,,,,,,,,,,,,,,,,,,,,,,,,,,,,
2013-12-11,W300JSLX,ST4000DM000,4000787030016,0,,152149160,,,,,,,,0,,,,,,2248,,,,,,,,,,,,,,,,,,,,,,,,,,,,,,18,,,,,,0,,,,,,,,,,,,,,,,,,,,,,,,,,,,
2013-12-11,Z300GZ2X,ST4000DM000,4000787030016,0,,38819992,,,,,,,,0,,,,,,3583,,,,,,,,,,,,,,,,,,,,,,,,,,,,,,22,,,,,,0,,,,,,,,,,,,,,,,,,,,,,,,,,,,
2013-12-11,JK1101B9JPHWPF,Hitachi HDS722020ALA330,2000398934016,0,,3,,,,,,,,19,,,,,,22699,,,,,,,,,,,,,,,,,,,,,,,,,,,,,,24,,,,,,0,,,,,,,,,,,,,,,,,,,,,,,,,,,,
2013-12-11,JK11A4B8J7S4AW,Hitachi HDS722020ALA330,2000398934016,0,,65536,,,,,,,,0,,,,,,25122,,,,,,,,,,,,,,,,,,,,,,,,,,,,,,33,,,,,,0,,,,,,,,,,,,,,,,,,,,,,,,,,,,
2013-12-11,MK0331YHGMXZVA,Hitachi HDS723030ALA640,3000592982016,0,,0,,,,,,,,0,,,,,,17355,,,,,,,,,,,,,,,,,,,,,,,,,,,,,,26,,,,,,0,,,,,,,,,,,,,,,,,,,,,,,,,,,,
2013-12-11,9VS2557L,ST31500341AS,1500301910016,0,,178303452,,,,,,,,2,,,,,,38665,,,,,,,,,,,,,,,,,,,,,,,,,,,,,,25,,,,,,0,,,,,,,,,,,,,,,,,,,,,,,,,,,,
2013-12-11,MJ0351YNG9SREA,Hitachi HDS5C3030ALA630,3000592982016,0,,0,,,,,,,,0,,,,,,7937,,,,,,,,,,,,,,,,,,,,,,,,,,,,,,23,,,,,,0,,,,,,,,,,,,,,,,,,,,,,,,,,,,
2013-12-11,PL1311LAG2DYZH,Hitachi HDS5C4040ALE630,4000787030016,0,,0,,,,,,,,0,,,,,,7402,,,,,,,,,,,,,,,,,,,,,,,,,,,,,,28,,,,,,0,,,,,,,,,,,,,,,,,,,,,,,,,,,,
2013-12-11,JK11A8B9HWTVWF,Hitachi HDS722020ALA330,2000398934016,0,,0,,,,,,,,0,,,,,,22702,,,,,,,,,,,,,,,,,,,,,,,,,,,,,,25,,,,,,0,,,,,,,,,,,,,,,,,,,,,,,,,,,,
2013-12-11,MK0313YHGBLWSC,Hitachi HDS723030ALA640,3000592982016,0,,0,,,,,,,,0,,,,,,21458,,,,,,,,,,,,,,,,,,,,,,,,,,,,,,26,,,,,,0,,,,,,,,,,,,,,,,,,,,,,,,,,,,
2013-12-11,JK11A8B9J7EG0F,Hitachi HDS722020ALA330,2000398934016,0,,0,,,,,,,,0,,,,,,22702,,,,,,,,,,,,,,,,,,,,,,,,,,,,,,26,,,,,,0,,,,,,,,,,,,,,,,,,,,,,,,,,,,
2013-12-11,JK11A8B9J30A5F,Hitachi HDS722020ALA330,2000398934016,0,,0,,,,,,,,0,,,,,,24432,,,,,,,,,,,,,,,,,,,,,,,,,,,,,,25,,,,,,0,,,,,,,,,,,,,,,,,,,,,,,,,,,,
2013-12-11,S1F06X7T,ST3000DM001,3000592982016,0,,219519904,,,,,,,,0,,,,,,14235,,,,,,,,,,,,,,,,,,,,,,,,,,,,,,25,,,,,,0,,,,,,,,,,,,,,,,,,,,,,,,,,,,
2013-12-11,WD-WCC1T1256311,WDC WD30EFRX,3000592982016,0,,0,,,,,,,,0,,,,,,683,,,,,,,,,,,,,,,,,,,,,,,,,,,,,,20,,,,,,0,,,,,,,,,,,,,,,,,,,,,,,,,,,,
2013-12-11,9VS22D9S,ST31500341AS,1500301910016,0,,161818558,,,,,,,,1,,,,,,35522,,,,,,,,,,,,,,,,,,,,,,,,,,,,,,31,,,,,,0,,,,,,,,,,,,,,,,,,,,,,,,,,,,
2013-12-11,S1F0BVK1,ST3000DM001,3000592982016,0,,71600480,,,,,,,,0,,,,,,4202,,,,,,,,,,,,,,,,,,,,,,,,,,,,,,26,,,,,,0,,,,,,,,,,,,,,,,,,,,,,,,,,,,
2013-12-11,WD-WMC4N1008169,WDC WD30EFRX,3000592982016,0,,0,,,,,,,,0,,,,,,322,,,,,,,,,,,,,,,,,,,,,,,,,,,,,,18,,,,,,0,,,,,,,,,,,,,,,,,,,,,,,,,,,,
2013-12-11,W3007T4G,ST4000DM000,4000787030016,0,,4264696,,,,,,,,0,,,,,,2225,,,,,,,,,,,,,,,,,,,,,,,,,,,,,,24,,,,,,0,,,,,,,,,,,,,,,,,,,,,,,,,,,,
2013-12-11,WD-WCC070196596,WDC WD30EZRX,3000592982016,0,,0,,,,,,,,0,,,,,,8607,,,,,,,,,,,,,,,,,,,,,,,,,,,,,,23,,,,,,0,,,,,,,,,,,,,,,,,,,,,,,,,,,,
2013-12-11,9XW07QKQ,ST31500541AS,1500301910016,0,,103698151,,,,,,,,71,,,,,,8753,,,,,,,,,,,,,,,,,,,,,,,,,,,,,,29,,,,,,0,,,,,,,,,,,,,,,,,,,,,,,,,,,,
2013-12-11,PL1321LAG2HM5H,Hitachi HDS5C4040ALE630,4000787030016,0,,0,,,,,,,,0,,,,,,5139,,,,,,,,,,,,,,,,,,,,,,,,,,,,,,27,,,,,,0,,,,,,,,,,,,,,,,,,,,,,,,,,,,
2013-12-11,W3006916,ST4000DM000,4000787030016,0,,175282944,,,,,,,,0,,,,,,2681,,,,,,,,,,,,,,,,,,,,,,,,,,,,,,27,,,,,,0,,,,,,,,,,,,,,,,,,,,,,,,,,,,
2013-12-11,Z1Z0512X,ST4000DX000,4000787030016,0,,190264759,,,,,,,,0,,,,,,5378,,,,,,,,,,,,,,,,,,,,,,,,,,,,,,25,,,,,,0,,,,,,,,,,,,,,,,,,,,,,,,,,,,
2013-12-11,MJ0351YNG9YSSA,Hitachi HDS5C3030ALA630,3000592982016,0,,0,,,,,,,,0,,,,,,9146,,,,,,,,,,,,,,,,,,,,,,,,,,,,,,29,,,,,,0,,,,,,,,,,,,,,,,,,,,,,,,,,,,
2013-12-11,9VS0AWCY,ST31500341AS,1500301910016,0,,209109914,,,,,,,,19,,,,,,16299,,,,,,,,,,,,,,,,,,,,,,,,,,,,,,25,,,,,,0,,,,,,,,,,,,,,,,,,,,,,,,,,,,
2013-12-11,JK11A8B9J9KTJF,Hitachi HDS722020ALA330,2000398934016,0,,0,,,,,,,,0,,,,,,24983,,,,,,,,,,,,,,,,,,,,,,,,,,,,,,29,,,,,,0,,,,,,,,,,,,,,,,,,,,,,,,,,,,
2013-12-11,JK11A8B9HD7AGF,Hitachi HDS722020ALA330,2000398934016,0,,0,,,,,,,,1,,,,,,24493,,,,,,,,,,,,,,,,,,,,,,,,,,,,,,30,,,,,,0,,,,,,,,,,,,,,,,,,,,,,,,,,,,
2013-12-11,6XW01A2J,ST31500541AS,1500301910016,0,,200813440,,,,,,,,0,,,,,,36063,,,,,,,,,,,,,,,,,,,,,,,,,,,,,,19,,,,,,0,,,,,,,,,,,,,,,,,,,,,,,,,,,,
2013-12-11,MK0331YHGSLDSA,Hitachi HDS723030ALA640,3000592982016,0,,0,,,,,,,,0,,,,,,16077,,,,,,,,,,,,,,,,,,,,,,,,,,,,,,30,,,,,,0,,,,,,,,,,,,,,,,,,,,,,,,,,,,
2013-12-11,MJ1311YNG7BE6A,Hitachi HDS5C3030ALA630,3000592982016,0,,0,,,,,,,,0,,,,,,14310,,,,,,,,,,,,,,,,,,,,,,,,,,,,,,25,,,,,,0,,,,,,,,,,,,,,,,,,,,,,,,,,,,
2013-12-11,MJ1311YNG6XL4A,Hitachi HDS5C3030ALA630,3000592982016,0,,0,,,,,,,,0,,,,,,14600,,,,,,,,,,,,,,,,,,,,,,,,,,,,,,23,,,,,,0,,,,,,,,,,,,,,,,,,,,,,,,,,,,
2013-12-11,9VS2BCEY,ST31500341AS,1500301910016,0,,139230581,,,,,,,,3,,,,,,35516,,,,,,,,,,,,,,,,,,,,,,,,,,,,,,30,,,,,,0,,,,,,,,,,,,,,,,,,,,,,,,,,,,
2013-12-11,MJ1311YNG3658A,Hitachi HDS5C3030ALA630,3000592982016,0,,0,,,,,,,,0,,,,,,18592,,,,,,,,,,,,,,,,,,,,,,,,,,,,,,25,,,,,,0,,,,,,,,,,,,,,,,,,,,,,,,,,,,
2013-12-11,S1F0P2B4,ST3000DM001,3000592982016,0,,152245520,,,,,,,,0,,,,,,11689,,,,,,,,,,,,,,,,,,,,,,,,,,,,,,23,,,,,,0,,,,,,,,,,,,,,,,,,,,,,,,,,,,
2013-12-11,MJ1323YNG1M75C,Hitachi HDS5C3030ALA630,3000592982016,0,,0,,,,,,,,0,,,,,,19731,,,,,,,,,,,,,,,,,,,,,,,,,,,,,,22,,,,,,0,,,,,,,,,,,,,,,,,,,,,,,,,,,,
2013-12-11,JK11A8B9J9L2BF,Hitachi HDS722020ALA330,2000398934016,0,,0,,,,,,,,0,,,,,,24970,,,,,,,,,,,,,,,,,,,,,,,,,,,,,,26,,,,,,0,,,,,,,,,,,,,,,,,,,,,,,,,,,,
2013-12-11,W1F0WJ44,ST3000DM001,3000592982016,0,,202753472,,,,,,,,0,,,,,,11577,,,,,,,,,,,,,,,,,,,,,,,,,,,,,,23,,,,,,0,,,,,,,,,,,,,,,,,,,,,,,,,,,,
2013-12-11,PL1311LAG1ZW4A,Hitachi HDS5C4040ALE630,4000787030016,0,,2,,,,,,,,0,,,,,,7461,,,,,,,,,,,,,,,,,,,,,,,,,,,,,,28,,,,,,0,,,,,,,,,,,,,,,,,,,,,,,,,,,,
2013-12-11,W1F0F65G,ST3000DM001,3000592982016,0,,243636096,,,,,,,,0,,,,,,11683,,,,,,,,,,,,,,,,,,,,,,,,,,,,,,32,,,,,,0,,,,,,,,,,,,,,,,,,,,,,,,,,,,
2013-12-11,MJ1311YNG364ZA,Hitachi HDS5C3030ALA630,3000592982016,0,,0,,,,,,,,0,,,,,,18316,,,,,,,,,,,,,,,,,,,,,,,,,,,,,,24,,,,,,0,,,,,,,,,,,,,,,,,,,,,,,,,,,,
2013-12-11,JK1101B9G65TLF,Hitachi HDS722020ALA330,2000398934016,0,,0,,,,,,,,0,,,,,,26926,,,,,,,,,,,,,,,,,,,,,,,,,,,,,,26,,,,,,0,,,,,,,,,,,,,,,,,,,,,,,,,,,,
2013-12-11,6XW00S4J,ST31500541AS,1500301910016,0,,183944846,,,,,,,,0,,,,,,36067,,,,,,,,,,,,,,,,,,,,,,,,,,,,,,18,,,,,,0,,,,,,,,,,,,,,,,,,,,,,,,,,,,
2013-12-11,MJ1321YNG14U3A,Hitachi HDS5C3030ALA630,3000592982016,0,,0,,,,,,,,0,,,,,,20732,,,,,,,,,,,,,,,,,,,,,,,,,,,,,,24,,,,,,0,,,,,,,,,,,,,,,,,,,,,,,,,,,,
2013-12-11,MJ1321YNG17J4A,Hitachi HDS5C3030ALA630,3000592982016,0,,0,,,,,,,,0,,,,,,19799,,,,,,,,,,,,,,,,,,,,,,,,,,,,,,30,,,,,,0,,,,,,,,,,,,,,,,,,,,,,,,,,,,
2013-12-11,W300L01X,ST4000DM000,4000787030016,0,,131741312,,,,,,,,0,,,,,,799,,,,,,,,,,,,,,,,,,,,,,,,,,,,,,19,,,,,,0,,,,,,,,,,,,,,,,,,,,,,,,,,,,
2013-12-11,JK11A8B9J3VEBF,Hitachi HDS722020ALA330,2000398934016,0,,0,,,,,,,,0,,,,,,23544,,,,,,,,,,,,,,,,,,,,,,,,,,,,,,36,,,,,,0,,,,,,,,,,,,,,,,,,,,,,,,,,,,
2013-12-11,Z2908LT7,ST33000651AS,3000592982016,0,,103618487,,,,,,,,0,,,,,,17741,,,,,,,,,,,,,,,,,,,,,,,,,,,,,,20,,,,,,0,,,,,,,,,,,,,,,,,,,,,,,,,,,,
2013-12-11,6XW01C2Y,ST31500541AS,1500301910016,0,,96815342,,,,,,,,0,,,,,,36649,,,,,,,,,,,,,,,,,,,,,,,,,,,,,,21,,,,,,0,,,,,,,,,,,,,,,,,,,,,,,,,,,,
2013-12-11,PL1331LAGAZ6SH,Hitachi HDS5C4040ALE630,4000787030016,0,,0,,,,,,,,0,,,,,,5077,,,,,,,,,,,,,,,,,,,,,,,,,,,,,,26,,,,,,0,,,,,,,,,,,,,,,,,,,,,,,,,,,,
2013-12-11,MJ0351YNGA3USA,Hitachi HDS5C3030ALA630,3000592982016,0,,0,,,,,,,,0,,,,,,8497,,,,,,,,,,,,,,,,,,,,,,,,,,,,,,27,,,,,,0,,,,,,,,,,,,,,,,,,,,,,,,,,,,
2013-12-11,S1F0KYCR,ST3000DM001,3000592982016,0,,153466208,,,,,,,,0,,,,,,12154,,,,,,,,,,,,,,,,,,,,,,,,,,,,,,22,,,,,,0,,,,,,,,,,,,,,,,,,,,,,,,,,,,
2013-12-11,Z300CWXA,ST4000DM000,4000787030016,0,,210539776,,,,,,,,0,,,,,,1297,,,,,,,,,,,,,,,,,,,,,,,,,,,,,,18,,,,,,0,,,,,,,,,,,,,,,,,,,,,,,,,,,,
2013-12-11,MJ1311YNG2XZ5A,Hitachi HDS5C3030ALA630,3000592982016,0,,0,,,,,,,,0,,,,,,18939,,,,,,,,,,,,,,,,,,,,,,,,,,,,,,26,,,,,,0,,,,,,,,,,,,,,,,,,,,,,,,,,,,
2013-12-11,JK11A8B9J927HF,Hitachi HDS722020ALA330,2000398934016,0,,0,,,,,,,,0,,,,,,25539,,,,,,,,,,,,,,,,,,,,,,,,,,,,,,29,,,,,,0,,,,,,,,,,,,,,,,,,,,,,,,,,,,
2013-12-11,Z1Z04CFC,ST4000DX000,4000787030016,0,,54257551,,,,,,,,0,,,,,,5379,,,,,,,,,,,,,,,,,,,,,,,,,,,,,,24,,,,,,0,,,,,,,,,,,,,,,,,,,,,,,,,,,,
2013-12-11,JK11A8YBKYTJPF,Hitachi HDS722020ALA330,2000398934016,0,,1,,,,,,,,0,,,,,,27845,,,,,,,,,,,,,,,,,,,,,,,,,,,,,,28,,,,,,0,,,,,,,,,,,,,,,,,,,,,,,,,,,,
2013-12-11,5XW0DZTE,ST32000542AS,2000398934016,0,,208308206,,,,,,,,0,,,,,,13015,,,,,,,,,,,,,,,,,,,,,,,,,,,,,,23,,,,,,0,,,,,,,,,,,,,,,,,,,,,,,,,,,,
2013-12-11,JK11A8B9HTEHGF,Hitachi HDS722020ALA330,2000398934016,0,,0,,,,,,,,0,,,,,,26329,,,,,,,,,,,,,,,,,,,,,,,,,,,,,,27,,,,,,0,,,,,,,,,,,,,,,,,,,,,,,,,,,,
2013-12-11,JK1101B9JPRWPF,Hitachi HDS722020ALA330,2000398934016,0,,0,,,,,,,,0,,,,,,23635,,,,,,,,,,,,,,,,,,,,,,,,,,,,,,31,,,,,,0,,,,,,,,,,,,,,,,,,,,,,,,,,,,
2013-12-11,W1F0X5TL,ST3000DM001,3000592982016,0,,209567704,,,,,,,,0,,,,,,11638,,,,,,,,,,,,,,,,,,,,,,,,,,,,,,26,,,,,,0,,,,,,,,,,,,,,,,,,,,,,,,,,,,
2013-12-11,5XW18W5L,ST32000542AS,2000398934016,0,,166512157,,,,,,,,0,,,,,,13014,,,,,,,,,,,,,,,,,,,,,,,,,,,,,,24,,,,,,0,,,,,,,,,,,,,,,,,,,,,,,,,,,,
2013-12-11,JK1105B8GG408X,Hitachi HDS722020ALA330,2000398934016,0,,0,,,,,,,,0,,,,,,27221,,,,,,,,,,,,,,,,,,,,,,,,,,,,,,26,,,,,,0,,,,,,,,,,,,,,,,,,,,,,,,,,,,
2013-12-11,S1F06M1C,ST3000DM001,3000592982016,0,,178507768,,,,,,,,0,,,,,,14233,,,,,,,,,,,,,,,,,,,,,,,,,,,,,,23,,,,,,0,,,,,,,,,,,,,,,,,,,,,,,,,,,,
2013-12-11,S1F06M1F,ST3000DM001,3000592982016,0,,111319320,,,,,,,,0,,,,,,13885,,,,,,,,,,,,,,,,,,,,,,,,,,,,,,25,,,,,,0,,,,,,,,,,,,,,,,,,,,,,,,,,,,
2013-12-11,S1F02PPK,ST3000DM001,3000592982016,0,,121832024,,,,,,,,0,,,,,,15620,,,,,,,,,,,,,,,,,,,,,,,,,,,,,,21,,,,,,0,,,,,,,,,,,,,,,,,,,,,,,,,,,,
2013-12-11,Z300JCJJ,ST4000DM000,4000787030016,0,,243476512,,,,,,,,0,,,,,,2224,,,,,,,,,,,,,,,,,,,,,,,,,,,,,,21,,,,,,0,,,,,,,,,,,,,,,,,,,,,,,,,,,,
2013-12-11,JK1101B9GD5XMF,Hitachi HDS722020ALA330,2000398934016,0,,0,,,,,,,,0,,,,,,27540,,,,,,,,,,,,,,,,,,,,,,,,,,,,,,26,,,,,,0,,,,,,,,,,,,,,,,,,,,,,,,,,,,
2013-12-11,Z300W3DC,ST4000DM000,4000787030016,0,,82946568,,,,,,,,0,,,,,,945,,,,,,,,,,,,,,,,,,,,,,,,,,,,,,22,,,,,,0,,,,,,,,,,,,,,,,,,,,,,,,,,,,
2013-12-11,MK0311YHGB826A,Hitachi HDS723030ALA640,3000592982016,0,,0,,,,,,,,0,,,,,,16076,,,,,,,,,,,,,,,,,,,,,,,,,,,,,,29,,,,,,0,,,,,,,,,,,,,,,,,,,,,,,,,,,,
2013-12-11,Z300J9C4,ST4000DM000,4000787030016,0,,181989864,,,,,,,,0,,,,,,2221,,,,,,,,,,,,,,,,,,,,,,,,,,,,,,26,,,,,,0,,,,,,,,,,,,,,,,,,,,,,,,,,,,
2013-12-11,Z300W3D4,ST4000DM000,4000787030016,0,,7968952,,,,,,,,0,,,,,,948,,,,,,,,,,,,,,,,,,,,,,,,,,,,,,21,,,,,,0,,,,,,,,,,,,,,,,,,,,,,,,,,,,
2013-12-11,S1F05PC5,ST3000DM001,3000592982016,0,,187804704,,,,,,,,48,,,,,,12419,,,,,,,,,,,,,,,,,,,,,,,,,,,,,,32,,,,,,0,,,,,,,,,,,,,,,,,,,,,,,,,,,,
2013-12-11,S1F06M12,ST3000DM001,3000592982016,0,,158273096,,,,,,,,0,,,,,,13797,,,,,,,,,,,,,,,,,,,,,,,,,,,,,,28,,,,,,0,,,,,,,,,,,,,,,,,,,,,,,,,,,,
2013-12-11,S1F06M15,ST3000DM001,3000592982016,0,,139496400,,,,,,,,0,,,,,,13870,,,,,,,,,,,,,,,,,,,,,,,,,,,,,,22,,,,,,0,,,,,,,,,,,,,,,,,,,,,,,,,,,,
2013-12-11,MJ1311YNG5N9NA,Hitachi HDS5C3030ALA630,3000592982016,0,,0,,,,,,,,0,,,,,,14289,,,,,,,,,,,,,,,,,,,,,,,,,,,,,,28,,,,,,0,,,,,,,,,,,,,,,,,,,,,,,,,,,,
2013-12-11,JK1104B8JPD21W,Hitachi HDS722020ALA330,2000398934016,0,,0,,,,,,,,0,,,,,,23992,,,,,,,,,,,,,,,,,,,,,,,,,,,,,,37,,,,,,0,,,,,,,,,,,,,,,,,,,,,,,,,,,,
2013-12-11,JK1101B9H64VKT,Hitachi HDS722020ALA330,2000398934016,0,,0,,,,,,,,0,,,,,,23104,,,,,,,,,,,,,,,,,,,,,,,,,,,,,,21,,,,,,0,,,,,,,,,,,,,,,,,,,,,,,,,,,,
2013-12-11,MK0301YHGMMHLA,Hitachi HDS723030ALA640,3000592982016,0,,0,,,,,,,,0,,,,,,16682,,,,,,,,,,,,,,,,,,,,,,,,,,,,,,27,,,,,,0,,,,,,,,,,,,,,,,,,,,,,,,,,,,
2013-12-11,Z300KHJP,ST4000DM000,4000787030016,0,,115773424,,,,,,,,0,,,,,,105,,,,,,,,,,,,,,,,,,,,,,,,,,,,,,23,,,,,,0,,,,,,,,,,,,,,,,,,,,,,,,,,,,
2013-12-11,Z300KHJJ,ST4000DM000,4000787030016,0,,196741552,,,,,,,,0,,,,,,152,,,,,,,,,,,,,,,,,,,,,,,,,,,,,,25,,,,,,0,,,,,,,,,,,,,,,,,,,,,,,,,,,,
2013-12-11,JK1101B9KNK79F,Hitachi HDS722020ALA330,2000398934016,0,,0,,,,,,,,0,,,,,,23097,,,,,,,,,,,,,,,,,,,,,,,,,,,,,,31,,,,,,0,,,,,,,,,,,,,,,,,,,,,,,,,,,,
2013-12-11,Z300KHJM,ST4000DM000,4000787030016,0,,185947904,,,,,,,,0,,,,,,152,,,,,,,,,,,,,,,,,,,,,,,,,,,,,,26,,,,,,0,,,,,,,,,,,,,,,,,,,,,,,,,,,,
2013-12-11,9VS3HQAQ,ST31500341AS,1500301910016,0,,213241469,,,,,,,,668,,,,,,32877,,,,,,,,,,,,,,,,,,,,,,,,,,,,,,24,,,,,,0,,,,,,,,,,,,,,,,,,,,,,,,,,,,
2013-12-11,WD-WCAWZ1149298,WDC WD30EZRX,3000592982016,0,,1,,,,,,,,0,,,,,,17602,,,,,,,,,,,,,,,,,,,,,,,,,,,,,,22,,,,,,0,,,,,,,,,,,,,,,,,,,,,,,,,,,,
2013-12-11,S1F0PJZP,ST3000DM001,3000592982016,0,,94212288,,,,,,,,0,,,,,,11688,,,,,,,,,,,,,,,,,,,,,,,,,,,,,,25,,,,,,0,,,,,,,,,,,,,,,,,,,,,,,,,,,,
2013-12-11,JK11A8B9J2YZWF,Hitachi HDS722020ALA330,2000398934016,0,,0,,,,,,,,0,,,,,,23713,,,,,,,,,,,,,,,,,,,,,,,,,,,,,,27,,,,,,0,,,,,,,,,,,,,,,,,,,,,,,,,,,,
2013-12-11,WD-WCAU45802806,WDC WD10EACS,1000204886016,0,,9,,,,,,,,0,,,,,,42391,,,,,,,,,,,,,,,,,,,,,,,,,,,,,,22,,,,,,0,,,,,,,,,,,,,,,,,,,,,,,,,,,,
2013-12-11,MJ1311YNG1UWPA,Hitachi HDS5C3030ALA630,3000592982016,0,,0,,,,,,,,0,,,,,,19588,,,,,,,,,,,,,,,,,,,,,,,,,,,,,,31,,,,,,0,,,,,,,,,,,,,,,,,,,,,,,,,,,,
2013-12-11,PL1311LAG2ARYH,Hitachi HDS5C4040ALE630,4000787030016,0,,0,,,,,,,,0,,,,,,7402,,,,,,,,,,,,,,,,,,,,,,,,,,,,,,29,,,,,,0,,,,,,,,,,,,,,,,,,,,,,,,,,,,
2013-12-11,9VS3HFRB,ST31500341AS,1500301910016,0,,79530996,,,,,,,,499,,,,,,32915,,,,,,,,,,,,,,,,,,,,,,,,,,,,,,24,,,,,,0,,,,,,,,,,,,,,,,,,,,,,,,,,,,
2013-12-11,PL1311LAG2AYGH,Hitachi HDS5C4040ALE630,4000787030016,0,,0,,,,,,,,0,,,,,,7402,,,,,,,,,,,,,,,,,,,,,,,,,,,,,,30,,,,,,0,,,,,,,,,,,,,,,,,,,,,,,,,,,,
2013-12-11,MK0311YHGL8LBA,Hitachi HDS723030ALA640,3000592982016,0,,7995392,,,,,,,,0,,,,,,21460,,,,,,,,,,,,,,,,,,,,,,,,,,,,,,27,,,,,,0,,,,,,,,,,,,,,,,,,,,,,,,,,,,
2013-12-11,PL1311LAG3A1TH,Hitachi HDS5C4040ALE630,4000787030016,0,,0,,,,,,,,0,,,,,,5959,,,,,,,,,,,,,,,,,,,,,,,,,,,,,,18,,,,,,0,,,,,,,,,,,,,,,,,,,,,,,,,,,,
2013-12-11,JK11A8B9JPZ9WF,Hitachi HDS722020ALA330,2000398934016,0,,0,,,,,,,,0,,,,,,24112,,,,,,,,,,,,,,,,,,,,,,,,,,,,,,30,,,,,,0,,,,,,,,,,,,,,,,,,,,,,,,,,,,
2013-12-11,Z300JBTA,ST4000DM000,4000787030016,0,,109554120,,,,,,,,0,,,,,,2217,,,,,,,,,,,,,,,,,,,,,,,,,,,,,,25,,,,,,0,,,,,,,,,,,,,,,,,,,,,,,,,,,,
2013-12-11,JK11A8B9J0BM4F,Hitachi HDS722020ALA330,2000398934016,0,,0,,,,,,,,0,,,,,,22415,,,,,,,,,,,,,,,,,,,,,,,,,,,,,,24,,,,,,0,,,,,,,,,,,,,,,,,,,,,,,,,,,,
2013-12-11,MJ1311YNG36D9A,Hitachi HDS5C3030ALA630,3000592982016,0,,2555904,,,,,,,,0,,,,,,18386,,,,,,,,,,,,,,,,,,,,,,,,,,,,,,25,,,,,,0,,,,,,,,,,,,,,,,,,,,,,,,,,,,
2013-12-11,JK1101B9JEPSVF,Hitachi HDS722020ALA330,2000398934016,0,,0,,,,,,,,0,,,,,,24399,,,,,,,,,,,,,,,,,,,,,,,,,,,,,,31,,,,,,0,,,,,,,,,,,,,,,,,,,,,,,,,,,,
2013-12-11,MJ1311YNG6A5DA,Hitachi HDS5C3030ALA630,3000592982016,0,,0,,,,,,,,0,,,,,,9243,,,,,,,,,,,,,,,,,,,,,,,,,,,,,,28,,,,,,0,,,,,,,,,,,,,,,,,,,,,,,,,,,,
2013-12-11,9XW01QZ3,ST31500541AS,1500301910016,0,,73693258,,,,,,,,0,,,,,,35029,,,,,,,,,,,,,,,,,,,,,,,,,,,,,,21,,,,,,0,,,,,,,,,,,,,,,,,,,,,,,,,,,,
2013-12-11,WD-WCAU45242468,WDC WD10EADS,1000204886016,0,,12,,,,,,,,0,,,,,,41405,,,,,,,,,,,,,,,,,,,,,,,,,,,,,,28,,,,,,0,,,,,,,,,,,,,,,,,,,,,,,,,,,,
2013-12-11,WD-WCAU45686043,WDC WD10EADS,1000204886016,0,,13,,,,,,,,0,,,,,,38989,,,,,,,,,,,,,,,,,,,,,,,,,,,,,,26,,,,,,0,,,,,,,,,,,,,,,,,,,,,,,,,,,,
2013-12-11,6XW08ZXZ,ST31500541AS,1500301910016,0,,132555497,,,,,,,,0,,,,,,23039,,,,,,,,,,,,,,,,,,,,,,,,,,,,,,22,,,,,,0,,,,,,,,,,,,,,,,,,,,,,,,,,,,
2013-12-11,PL1311LAG3DGLH,Hitachi HDS5C4040ALE630,4000787030016,0,,0,,,,,,,,0,,,,,,6653,,,,,,,,,,,,,,,,,,,,,,,,,,,,,,27,,,,,,0,,,,,,,,,,,,,,,,,,,,,,,,,,,,
2013-12-11,6XW0615V,ST31500541AS,1500301910016,0,,144074450,,,,,,,,0,,,,,,37248,,,,,,,,,,,,,,,,,,,,,,,,,,,,,,22,,,,,,0,,,,,,,,,,,,,,,,,,,,,,,,,,,,
2013-12-11,W1F0T0B1,ST3000DM001,3000592982016,0,,234683968,,,,,,,,0,,,,,,12154,,,,,,,,,,,,,,,,,,,,,,,,,,,,,,26,,,,,,0,,,,,,,,,,,,,,,,,,,,,,,,,,,,
2013-12-11,WD-WMC4N0785082,WDC WD30EFRX,3000592982016,0,,0,,,,,,,,0,,,,,,656,,,,,,,,,,,,,,,,,,,,,,,,,,,,,,23,,,,,,0,,,,,,,,,,,,,,,,,,,,,,,,,,,,
2013-12-11,MK0311YHGBWVNA,Hitachi HDS723030ALA640,3000592982016,0,,0,,,,,,,,0,,,,,,21453,,,,,,,,,,,,,,,,,,,,,,,,,,,,,,27,,,,,,0,,,,,,,,,,,,,,,,,,,,,,,,,,,,
2013-12-11,MK0333YHGPGJHC,Hitachi HDS723030ALA640,3000592982016,0,,0,,,,,,,,0,,,,,,17357,,,,,,,,,,,,,,,,,,,,,,,,,,,,,,26,,,,,,0,,,,,,,,,,,,,,,,,,,,,,,,,,,,
2013-12-11,MJ1311YNG7ELEA,Hitachi HDS5C3030ALA630,3000592982016,0,,0,,,,,,,,0,,,,,,14330,,,,,,,,,,,,,,,,,,,,,,,,,,,,,,32,,,,,,0,,,,,,,,,,,,,,,,,,,,,,,,,,,,
2013-12-11,MJ1311YNG35J1A,Hitachi HDS5C3030ALA630,3000592982016,0,,0,,,,,,,,0,,,,,,18048,,,,,,,,,,,,,,,,,,,,,,,,,,,,,,24,,,,,,0,,,,,,,,,,,,,,,,,,,,,,,,,,,,
2013-12-11,JK1101B9JRLARF,Hitachi HDS722020ALA330,2000398934016,0,,0,,,,,,,,0,,,,,,23512,,,,,,,,,,,,,,,,,,,,,,,,,,,,,,27,,,,,,0,,,,,,,,,,,,,,,,,,,,,,,,,,,,
2013-12-11,Z300TYVM,ST4000DM000,4000787030016,0,,107736408,,,,,,,,0,,,,,,918,,,,,,,,,,,,,,,,,,,,,,,,,,,,,,21,,,,,,0,,,,,,,,,,,,,,,,,,,,,,,,,,,,
2013-12-11,MK0311YHGARN4A,Hitachi HDS723030ALA640,3000592982016,0,,0,,,,,,,,0,,,,,,16734,,,,,,,,,,,,,,,,,,,,,,,,,,,,,,29,,,,,,0,,,,,,,,,,,,,,,,,,,,,,,,,,,,
2013-12-11,MJ0351YNG9W4PA,Hitachi HDS5C3030ALA630,3000592982016,0,,0,,,,,,,,0,,,,,,9772,,,,,,,,,,,,,,,,,,,,,,,,,,,,,,29,,,,,,0,,,,,,,,,,,,,,,,,,,,,,,,,,,,
2013-12-11,WD-WCAU45522511,WDC WD10EADS,1000204886016,0,,41,,,,,,,,0,,,,,,41486,,,,,,,,,,,,,,,,,,,,,,,,,,,,,,25,,,,,,0,,,,,,,,,,,,,,,,,,,,,,,,,,,,
2013-12-11,S1F0RRYA,ST3000DM001,3000592982016,0,,173843648,,,,,,,,0,,,,,,10719,,,,,,,,,,,,,,,,,,,,,,,,,,,,,,27,,,,,,0,,,,,,,,,,,,,,,,,,,,,,,,,,,,
2013-12-11,JK1130YAG8B66T,Hitachi HDS722020ALA330,2000398934016,0,,0,,,,,,,,19,,,,,,26063,,,,,,,,,,,,,,,,,,,,,,,,,,,,,,34,,,,,,0,,,,,,,,,,,,,,,,,,,,,,,,,,,,
2013-12-11,PL1311LAG3B9KH,Hitachi HDS5C4040ALE630,4000787030016,0,,0,,,,,,,,0,,,,,,6639,,,,,,,,,,,,,,,,,,,,,,,,,,,,,,24,,,,,,0,,,,,,,,,,,,,,,,,,,,,,,,,,,,
2013-12-11,JK1171YAK1VMXN,Hitachi HDS722020ALA330,2000398934016,0,,0,,,,,,,,0,,,,,,29668,,,,,,,,,,,,,,,,,,,,,,,,,,,,,,33,,,,,,0,,,,,,,,,,,,,,,,,,,,,,,,,,,,
2013-12-11,JK11A8B9J83PXF,Hitachi HDS722020ALA330,2000398934016,0,,1,,,,,,,,0,,,,,,25123,,,,,,,,,,,,,,,,,,,,,,,,,,,,,,27,,,,,,0,,,,,,,,,,,,,,,,,,,,,,,,,,,,
2013-12-11,WD-WCAU47205808,WDC WD10EADS,1000204886016,0,,1,,,,,,,,0,,,,,,40896,,,,,,,,,,,,,,,,,,,,,,,,,,,,,,29,,,,,,0,,,,,,,,,,,,,,,,,,,,,,,,,,,,
2013-12-11,S1F0NEZW,ST3000DM001,3000592982016,0,,227819528,,,,,,,,0,,,,,,11637,,,,,,,,,,,,,,,,,,,,,,,,,,,,,,28,,,,,,8,,,,,,,,,,,,,,,,,,,,,,,,,,,,
2013-12-11,PL1311LAG3BSGH,Hitachi HDS5C4040ALE630,4000787030016,0,,0,,,,,,,,0,,,,,,5052,,,,,,,,,,,,,,,,,,,,,,,,,,,,,,26,,,,,,0,,,,,,,,,,,,,,,,,,,,,,,,,,,,
2013-12-11,PL1321LAG34B0H,Hitachi HDS5C4040ALE630,4000787030016,0,,0,,,,,,,,0,,,,,,5959,,,,,,,,,,,,,,,,,,,,,,,,,,,,,,19,,,,,,0,,,,,,,,,,,,,,,,,,,,,,,,,,,,
2013-12-11,Z1F06LWB,ST3000DM001,3000592982016,0,,167302752,,,,,,,,0,,,,,,14732,,,,,,,,,,,,,,,,,,,,,,,,,,,,,,20,,,,,,0,,,,,,,,,,,,,,,,,,,,,,,,,,,,
2013-12-11,6XW0SELE,ST31500541AS,1500301910016,0,,149771770,,,,,,,,0,,,,,,31645,,,,,,,,,,,,,,,,,,,,,,,,,,,,,,22,,,,,,0,,,,,,,,,,,,,,,,,,,,,,,,,,,,
2013-12-11,S1F0M5BP,ST3000DM001,3000592982016,0,,59578992,,,,,,,,0,,,,,,12176,,,,,,,,,,,,,,,,,,,,,,,,,,,,,,33,,,,,,176,,,,,,,,,,,,,,,,,,,,,,,,,,,,
2013-12-11,MJ0351YNG9VBGA,Hitachi HDS5C3030ALA630,3000592982016,0,,0,,,,,,,,0,,,,,,9312,,,,,,,,,,,,,,,,,,,,,,,,,,,,,,26,,,,,,0,,,,,,,,,,,,,,,,,,,,,,,,,,,,
2013-12-11,W1F0X6RZ,ST3000DM001,3000592982016,0,,112948872,,,,,,,,0,,,,,,11020,,,,,,,,,,,,,,,,,,,,,,,,,,,,,,23,,,,,,0,,,,,,,,,,,,,,,,,,,,,,,,,,,,
2013-12-11,W300FZGG,ST4000DM000,4000787030016,0,,108705760,,,,,,,,0,,,,,,2240,,,,,,,,,,,,,,,,,,,,,,,,,,,,,,21,,,,,,0,,,,,,,,,,,,,,,,,,,,,,,,,,,,
2013-12-11,Z300CWMZ,ST4000DM000,4000787030016,0,,124315528,,,,,,,,0,,,,,,2219,,,,,,,,,,,,,,,,,,,,,,,,,,,,,,25,,,,,,0,,,,,,,,,,,,,,,,,,,,,,,,,,,,
2013-12-11,S1F02F5H,ST3000DM001,3000592982016,0,,25082776,,,,,,,,0,,,,,,16190,,,,,,,,,,,,,,,,,,,,,,,,,,,,,,21,,,,,,0,,,,,,,,,,,,,,,,,,,,,,,,,,,,
2013-12-11,W1F0A2T7,ST3000DM001,3000592982016,0,,145994816,,,,,,,,0,,,,,,14731,,,,,,,,,,,,,,,,,,,,,,,,,,,,,,24,,,,,,0,,,,,,,,,,,,,,,,,,,,,,,,,,,,
2013-12-11,5YD7CMXX,ST1500DL003,1500301910016,0,,1593984,,,,,,,,0,,,,,,9752,,,,,,,,,,,,,,,,,,,,,,,,,,,,,,21,,,,,,0,,,,,,,,,,,,,,,,,,,,,,,,,,,,
2013-12-11,MJ1311YNG3MA6A,Hitachi HDS5C3030ALA630,3000592982016,0,,0,,,,,,,,0,,,,,,14685,,,,,,,,,,,,,,,,,,,,,,,,,,,,,,20,,,,,,0,,,,,,,,,,,,,,,,,,,,,,,,,,,,
2013-12-11,MJ1311YNG6VVZA,Hitachi HDS5C3030ALA630,3000592982016,0,,0,,,,,,,,0,,,,,,14310,,,,,,,,,,,,,,,,,,,,,,,,,,,,,,22,,,,,,0,,,,,,,,,,,,,,,,,,,,,,,,,,,,
2013-12-11,WD-WCAWZ1020924,WDC WD30EZRX,3000592982016,0,,0,,,,,,,,0,,,,,,12363,,,,,,,,,,,,,,,,,,,,,,,,,,,,,,23,,,,,,0,,,,,,,,,,,,,,,,,,,,,,,,,,,,
2013-12-11,JK1101B9JS36LR,Hitachi HDS722020ALA330,2000398934016,0,,0,,,,,,,,0,,,,,,23486,,,,,,,,,,,,,,,,,,,,,,,,,,,,,,27,,,,,,0,,,,,,,,,,,,,,,,,,,,,,,,,,,,
2013-12-11,JK1171YBK1MVSF,Hitachi HDS722020ALA330,2000398934016,0,,0,,,,,,,,0,,,,,,29668,,,,,,,,,,,,,,,,,,,,,,,,,,,,,,30,,,,,,0,,,,,,,,,,,,,,,,,,,,,,,,,,,,
2013-12-11,JK1101B9KNK89F,Hitachi HDS722020ALA330,2000398934016,0,,0,,,,,,,,0,,,,,,23097,,,,,,,,,,,,,,,,,,,,,,,,,,,,,,27,,,,,,0,,,,,,,,,,,,,,,,,,,,,,,,,,,,
2013-12-11,JK1101YAJNL1YV,Hitachi HDS722020ALA330,2000398934016,0,,0,,,,,,,,0,,,,,,18486,,,,,,,,,,,,,,,,,,,,,,,,,,,,,,30,,,,,,0,,,,,,,,,,,,,,,,,,,,,,,,,,,,
2013-12-11,W30068RN,ST4000DM000,4000787030016,0,,162462064,,,,,,,,0,,,,,,2876,,,,,,,,,,,,,,,,,,,,,,,,,,,,,,25,,,,,,0,,,,,,,,,,,,,,,,,,,,,,,,,,,,
2013-12-11,W30068RS,ST4000DM000,4000787030016,0,,93349976,,,,,,,,0,,,,,,2681,,,,,,,,,,,,,,,,,,,,,,,,,,,,,,25,,,,,,0,,,,,,,,,,,,,,,,,,,,,,,,,,,,
2013-12-11,W30068RW,ST4000DM000,4000787030016,0,,178731896,,,,,,,,0,,,,,,178,,,,,,,,,,,,,,,,,,,,,,,,,,,,,,21,,,,,,0,,,,,,,,,,,,,,,,,,,,,,,,,,,,
2013-12-11,W1F0AQKP,ST3000DM001,3000592982016,0,,50279040,,,,,,,,0,,,,,,13885,,,,,,,,,,,,,,,,,,,,,,,,,,,,,,25,,,,,,0,,,,,,,,,,,,,,,,,,,,,,,,,,,,
2013-12-11,6XW0SHYK,ST31500541AS,1500301910016,0,,242365926,,,,,,,,0,,,,,,34158,,,,,,,,,,,,,,,,,,,,,,,,,,,,,,22,,,,,,0,,,,,,,,,,,,,,,,,,,,,,,,,,,,
2013-12-11,JK1101B9JS4NUR,Hitachi HDS722020ALA330,2000398934016,0,,0,,,,,,,,0,,,,,,23579,,,,,,,,,,,,,,,,,,,,,,,,,,,,,,30,,,,,,0,,,,,,,,,,,,,,,,,,,,,,,,,,,,
2013-12-11,5XW21NDN,ST32000542AS,2000398934016,0,,163988458,,,,,,,,0,,,,,,17229,,,,,,,,,,,,,,,,,,,,,,,,,,,,,,23,,,,,,0,,,,,,,,,,,,,,,,,,,,,,,,,,,,
2013-12-11,MJ0351YNG9KSGA,Hitachi HDS5C3030ALA630,3000592982016,0,,0,,,,,,,,0,,,,,,9475,,,,,,,,,,,,,,,,,,,,,,,,,,,,,,26,,,,,,0,,,,,,,,,,,,,,,,,,,,,,,,,,,,
2013-12-11,9VS1KYAJ,ST31500341AS,1500301910016,0,,86438860,,,,,,,,3,,,,,,40406,,,,,,,,,,,,,,,,,,,,,,,,,,,,,,32,,,,,,0,,,,,,,,,,,,,,,,,,,,,,,,,,,,
2013-12-11,S1F04JDQ,ST3000DM001,3000592982016,0,,196736904,,,,,,,,0,,,,,,13824,,,,,,,,,,,,,,,,,,,,,,,,,,,,,,20,,,,,,0,,,,,,,,,,,,,,,,,,,,,,,,,,,,
2013-12-11,WD-WCAWZ0960886,WDC WD30EZRX,3000592982016,0,,0,,,,,,,,0,,,,,,16991,,,,,,,,,,,,,,,,,,,,,,,,,,,,,,22,,,,,,0,,,,,,,,,,,,,,,,,,,,,,,,,,,,
2013-12-11,PL1311LAG1GVNA,Hitachi HDS5C4040ALE630,4000787030016,0,,0,,,,,,,,0,,,,,,7757,,,,,,,,,,,,,,,,,,,,,,,,,,,,,,27,,,,,,0,,,,,,,,,,,,,,,,,,,,,,,,,,,,
2013-12-11,JK11A8B9J38XKF,Hitachi HDS722020ALA330,2000398934016,0,,0,,,,,,,,0,,,,,,23821,,,,,,,,,,,,,,,,,,,,,,,,,,,,,,28,,,,,,0,,,,,,,,,,,,,,,,,,,,,,,,,,,,
2013-12-11,MJ1311YNG3ER4A,Hitachi HDS5C3030ALA630,3000592982016,0,,0,,,,,,,,0,,,,,,18947,,,,,,,,,,,,,,,,,,,,,,,,,,,,,,27,,,,,,0,,,,,,,,,,,,,,,,,,,,,,,,,,,,
2013-12-11,PL1311LAG3EDGH,Hitachi HDS5C4040ALE630,4000787030016,0,,0,,,,,,,,0,,,,,,5962,,,,,,,,,,,,,,,,,,,,,,,,,,,,,,17,,,,,,0,,,,,,,,,,,,,,,,,,,,,,,,,,,,
2013-12-11,Z300WJZ0,ST4000DM000,4000787030016,0,,156103816,,,,,,,,0,,,,,,108,,,,,,,,,,,,,,,,,,,,,,,,,,,,,,20,,,,,,0,,,,,,,,,,,,,,,,,,,,,,,,,,,,
2013-12-11,PL1321LAG34X0H,Hitachi HDS5C4040ALE630,4000787030016,0,,0,,,,,,,,0,,,,,,6654,,,,,,,,,,,,,,,,,,,,,,,,,,,,,,19,,,,,,0,,,,,,,,,,,,,,,,,,,,,,,,,,,,
2013-12-11,S1F02FHZ,ST3000DM001,3000592982016,0,,2676616,,,,,,,,0,,,,,,15224,,,,,,,,,,,,,,,,,,,,,,,,,,,,,,23,,,,,,0,,,,,,,,,,,,,,,,,,,,,,,,,,,,
2013-12-11,PL1311LAG3B7RH,Hitachi HDS5C4040ALE630,4000787030016,0,,0,,,,,,,,0,,,,,,5959,,,,,,,,,,,,,,,,,,,,,,,,,,,,,,20,,,,,,0,,,,,,,,,,,,,,,,,,,,,,,,,,,,
2013-12-11,JK1175YAK92NSX,Hitachi HDS722020ALA330,2000398934016,0,,0,,,,,,,,0,,,,,,29653,,,,,,,,,,,,,,,,,,,,,,,,,,,,,,26,,,,,,0,,,,,,,,,,,,,,,,,,,,,,,,,,,,
2013-12-11,6XW069MC,ST31500541AS,1500301910016,0,,238463939,,,,,,,,0,,,,,,29232,,,,,,,,,,,,,,,,,,,,,,,,,,,,,,19,,,,,,0,,,,,,,,,,,,,,,,,,,,,,,,,,,,
2013-12-11,PL2311LAG1UGKC,Hitachi HDS5C4040ALE630,4000787030016,0,,0,,,,,,,,0,,,,,,7419,,,,,,,,,,,,,,,,,,,,,,,,,,,,,,19,,,,,,0,,,,,,,,,,,,,,,,,,,,,,,,,,,,
2013-12-11,Z300PL2S,ST4000DM000,4000787030016,0,,226543472,,,,,,,,0,,,,,,1228,,,,,,,,,,,,,,,,,,,,,,,,,,,,,,21,,,,,,0,,,,,,,,,,,,,,,,,,,,,,,,,,,,
2013-12-11,PL1311LAG1ZVWA,Hitachi HDS5C4040ALE630,4000787030016,0,,0,,,,,,,,0,,,,,,7461,,,,,,,,,,,,,,,,,,,,,,,,,,,,,,25,,,,,,0,,,,,,,,,,,,,,,,,,,,,,,,,,,,
2013-12-11,W300KQAX,ST4000DM000,4000787030016,0,,66452808,,,,,,,,0,,,,,,919,,,,,,,,,,,,,,,,,,,,,,,,,,,,,,20,,,,,,0,,,,,,,,,,,,,,,,,,,,,,,,,,,,
2013-12-11,WD-WCAU47761246,WDC WD10EADS,1000204886016,0,,5,,,,,,,,0,,,,,,40508,,,,,,,,,,,,,,,,,,,,,,,,,,,,,,31,,,,,,0,,,,,,,,,,,,,,,,,,,,,,,,,,,,
2013-12-11,9VS3J4VC,ST31500341AS,1500301910016,0,,28439827,,,,,,,,9,,,,,,32875,,,,,,,,,,,,,,,,,,,,,,,,,,,,,,23,,,,,,0,,,,,,,,,,,,,,,,,,,,,,,,,,,,
2013-12-11,MJ1311YNG65UDA,Hitachi HDS5C3030ALA630,3000592982016,0,,0,,,,,,,,0,,,,,,14289,,,,,,,,,,,,,,,,,,,,,,,,,,,,,,28,,,,,,0,,,,,,,,,,,,,,,,,,,,,,,,,,,,
2013-12-11,JK1101B9GE492F,Hitachi HDS722020ALA330,2000398934016,0,,65539,,,,,,,,0,,,,,,26764,,,,,,,,,,,,,,,,,,,,,,,,,,,,,,28,,,,,,0,,,,,,,,,,,,,,,,,,,,,,,,,,,,
2013-12-11,W3009P6Q,ST4000DM000,4000787030016,0,,59667072,,,,,,,,0,,,,,,4140,,,,,,,,,,,,,,,,,,,,,,,,,,,,,,20,,,,,,0,,,,,,,,,,,,,,,,,,,,,,,,,,,,
2013-12-11,JK11A1YAJE96KV,Hitachi HDS722020ALA330,2000398934016,0,,0,,,,,,,,0,,,,,,28742,,,,,,,,,,,,,,,,,,,,,,,,,,,,,,28,,,,,,0,,,,,,,,,,,,,,,,,,,,,,,,,,,,
2013-12-11,W1F0QSSB,ST3000DM001,3000592982016,0,,28688824,,,,,,,,0,,,,,,12877,,,,,,,,,,,,,,,,,,,,,,,,,,,,,,27,,,,,,0,,,,,,,,,,,,,,,,,,,,,,,,,,,,
2013-12-11,9VS3JDWR,ST31500341AS,1500301910016,0,,94642787,,,,,,,,19,,,,,,32727,,,,,,,,,,,,,,,,,,,,,,,,,,,,,,22,,,,,,0,,,,,,,,,,,,,,,,,,,,,,,,,,,,
2013-12-11,S1F04PVL,ST3000DM001,3000592982016,0,,229196576,,,,,,,,0,,,,,,14234,,,,,,,,,,,,,,,,,,,,,,,,,,,,,,20,,,,,,8,,,,,,,,,,,,,,,,,,,,,,,,,,,,
2013-12-11,MJ0351YNG9XSMA,Hitachi HDS5C3030ALA630,3000592982016,0,,0,,,,,,,,0,,,,,,9483,,,,,,,,,,,,,,,,,,,,,,,,,,,,,,28,,,,,,0,,,,,,,,,,,,,,,,,,,,,,,,,,,,
2013-12-11,MJ1323YNG1EJ3C,Hitachi HDS5C3030ALA630,3000592982016,0,,0,,,,,,,,0,,,,,,20082,,,,,,,,,,,,,,,,,,,,,,,,,,,,,,31,,,,,,0,,,,,,,,,,,,,,,,,,,,,,,,,,,,
2013-12-11,WD-WCAWZ0800149,WDC WD30EZRX,3000592982016,0,,0,,,,,,,,0,,,,,,16967,,,,,,,,,,,,,,,,,,,,,,,,,,,,,,23,,,,,,1,,,,,,,,,,,,,,,,,,,,,,,,,,,,
2013-12-11,WD-WCAU47261934,WDC WD10EADS,1000204886016,0,,9,,,,,,,,0,,,,,,40876,,,,,,,,,,,,,,,,,,,,,,,,,,,,,,28,,,,,,0,,,,,,,,,,,,,,,,,,,,,,,,,,,,
2013-12-11,JK1105B8GHWJAX,Hitachi HDS722020ALA330,2000398934016,0,,0,,,,,,,,0,,,,,,27221,,,,,,,,,,,,,,,,,,,,,,,,,,,,,,33,,,,,,0,,,,,,,,,,,,,,,,,,,,,,,,,,,,
2013-12-11,S1F0TND9,ST3000DM001,3000592982016,0,,114619552,,,,,,,,0,,,,,,10758,,,,,,,,,,,,,,,,,,,,,,,,,,,,,,22,,,,,,0,,,,,,,,,,,,,,,,,,,,,,,,,,,,
2013-12-11,JK1105YAKEDY2X,Hitachi HDS722020ALA330,2000398934016,0,,65538,,,,,,,,0,,,,,,23666,,,,,,,,,,,,,,,,,,,,,,,,,,,,,,26,,,,,,0,,,,,,,,,,,,,,,,,,,,,,,,,,,,
2013-12-11,PL1321LAG356XH,Hitachi HDS5C4040ALE630,4000787030016,0,,0,,,,,,,,0,,,,,,5931,,,,,,,,,,,,,,,,,,,,,,,,,,,,,,27,,,,,,0,,,,,,,,,,,,,,,,,,,,,,,,,,,,
2013-12-11,W1F08TX9,ST3000DM001,3000592982016,0,,224650592,,,,,,,,0,,,,,,13372,,,,,,,,,,,,,,,,,,,,,,,,,,,,,,20,,,,,,0,,,,,,,,,,,,,,,,,,,,,,,,,,,,
2013-12-11,MK0311YHG0U82A,Hitachi HDS723030ALA640,3000592982016,0,,0,,,,,,,,0,,,,,,17036,,,,,,,,,,,,,,,,,,,,,,,,,,,,,,24,,,,,,0,,,,,,,,,,,,,,,,,,,,,,,,,,,,
2013-12-11,JK1104B8GE6TWW,Hitachi HDS722020ALA330,2000398934016,0,,0,,,,,,,,0,,,,,,27734,,,,,,,,,,,,,,,,,,,,,,,,,,,,,,23,,,,,,0,,,,,,,,,,,,,,,,,,,,,,,,,,,,
2013-12-11,9VS1QE55,ST31500341AS,1500301910016,0,,229461972,,,,,,,,26,,,,,,40075,,,,,,,,,,,,,,,,,,,,,,,,,,,,,,30,,,,,,0,,,,,,,,,,,,,,,,,,,,,,,,,,,,
2013-12-11,MJ1311YNG3HETA,Hitachi HDS5C3030ALA630,3000592982016,0,,0,,,,,,,,0,,,,,,18065,,,,,,,,,,,,,,,,,,,,,,,,,,,,,,31,,,,,,0,,,,,,,,,,,,,,,,,,,,,,,,,,,,
2013-12-11,W300JSS8,ST4000DM000,4000787030016,0,,155025536,,,,,,,,0,,,,,,2220,,,,,,,,,,,,,,,,,,,,,,,,,,,,,,23,,,,,,0,,,,,,,,,,,,,,,,,,,,,,,,,,,,
2013-12-11,W1F08M4N,ST3000DM001,3000592982016,0,,48355904,,,,,,,,0,,,,,,15266,,,,,,,,,,,,,,,,,,,,,,,,,,,,,,26,,,,,,0,,,,,,,,,,,,,,,,,,,,,,,,,,,,
2013-12-11,PL1311LAG2AZ4H,Hitachi HDS5C4040ALE630,4000787030016,0,,0,,,,,,,,0,,,,,,7402,,,,,,,,,,,,,,,,,,,,,,,,,,,,,,23,,,,,,0,,,,,,,,,,,,,,,,,,,,,,,,,,,,
2013-12-11,PL1311LAG3ATZH,Hitachi HDS5C4040ALE630,4000787030016,0,,0,,,,,,,,0,,,,,,5036,,,,,,,,,,,,,,,,,,,,,,,,,,,,,,28,,,,,,0,,,,,,,,,,,,,,,,,,,,,,,,,,,,
2013-12-11,PL1311LAG3E21H,Hitachi HDS5C4040ALE630,4000787030016,0,,0,,,,,,,,0,,,,,,5036,,,,,,,,,,,,,,,,,,,,,,,,,,,,,,28,,,,,,0,,,,,,,,,,,,,,,,,,,,,,,,,,,,
2013-12-11,6XW0384M,ST31500541AS,1500301910016,0,,180111383,,,,,,,,0,,,,,,36623,,,,,,,,,,,,,,,,,,,,,,,,,,,,,,24,,,,,,0,,,,,,,,,,,,,,,,,,,,,,,,,,,,
2013-12-11,W300BCQH,ST4000DM000,4000787030016,0,,184670912,,,,,,,,0,,,,,,4140,,,,,,,,,,,,,,,,,,,,,,,,,,,,,,25,,,,,,0,,,,,,,,,,,,,,,,,,,,,,,,,,,,
2013-12-11,MJ1311YNG7G9BA,Hitachi HDS5C3030ALA630,3000592982016,0,,0,,,,,,,,0,,,,,,14310,,,,,,,,,,,,,,,,,,,,,,,,,,,,,,25,,,,,,0,,,,,,,,,,,,,,,,,,,,,,,,,,,,
2013-12-11,6XW1FACL,ST32000542AS,2000398934016,0,,243854455,,,,,,,,0,,,,,,7816,,,,,,,,,,,,,,,,,,,,,,,,,,,,,,18,,,,,,0,,,,,,,,,,,,,,,,,,,,,,,,,,,,
2013-12-11,MJ1321YNG0KYZA,Hitachi HDS5C3030ALA630,3000592982016,0,,0,,,,,,,,0,,,,,,20512,,,,,,,,,,,,,,,,,,,,,,,,,,,,,,24,,,,,,0,,,,,,,,,,,,,,,,,,,,,,,,,,,,
2013-12-11,MJ1311YNG742KA,Hitachi HDS5C3030ALA630,3000592982016,0,,0,,,,,,,,0,,,,,,14290,,,,,,,,,,,,,,,,,,,,,,,,,,,,,,29,,,,,,0,,,,,,,,,,,,,,,,,,,,,,,,,,,,
2013-12-11,JK11A8B9J3ETZF,Hitachi HDS722020ALA330,2000398934016,0,,0,,,,,,,,0,,,,,,25125,,,,,,,,,,,,,,,,,,,,,,,,,,,,,,26,,,,,,0,,,,,,,,,,,,,,,,,,,,,,,,,,,,
2013-12-11,MJ0351YNG9VJ2A,Hitachi HDS5C3030ALA630,3000592982016,0,,0,,,,,,,,0,,,,,,9941,,,,,,,,,,,,,,,,,,,,,,,,,,,,,,28,,,,,,0,,,,,,,,,,,,,,,,,,,,,,,,,,,,
2013-12-11,MJ0351YNGAD2GA,Hitachi HDS5C3030ALA630,3000592982016,0,,0,,,,,,,,0,,,,,,7989,,,,,,,,,,,,,,,,,,,,,,,,,,,,,,25,,,,,,0,,,,,,,,,,,,,,,,,,,,,,,,,,,,
2013-12-11,MJ1321YNG09PVA,Hitachi HDS5C3030ALA630,3000592982016,0,,10,,,,,,,,0,,,,,,20507,,,,,,,,,,,,,,,,,,,,,,,,,,,,,,22,,,,,,0,,,,,,,,,,,,,,,,,,,,,,,,,,,,
2013-12-11,PL1301LAG30NUA,Hitachi HDS5C4040ALE630,4000787030016,0,,0,,,,,,,,0,,,,,,5958,,,,,,,,,,,,,,,,,,,,,,,,,,,,,,26,,,,,,0,,,,,,,,,,,,,,,,,,,,,,,,,,,,
2013-12-11,JK11A8B9J81L5F,Hitachi HDS722020ALA330,2000398934016,0,,0,,,,,,,,0,,,,,,26003,,,,,,,,,,,,,,,,,,,,,,,,,,,,,,28,,,,,,0,,,,,,,,,,,,,,,,,,,,,,,,,,,,
2013-12-11,PL1311LAG3A42H,Hitachi HDS5C4040ALE630,4000787030016,0,,0,,,,,,,,0,,,,,,5959,,,,,,,,,,,,,,,,,,,,,,,,,,,,,,20,,,,,,0,,,,,,,,,,,,,,,,,,,,,,,,,,,,
2013-12-11,Z1F0LB65,ST3000DM001,3000592982016,0,,11897424,,,,,,,,0,,,,,,10941,,,,,,,,,,,,,,,,,,,,,,,,,,,,,,25,,,,,,0,,,,,,,,,,,,,,,,,,,,,,,,,,,,
2013-12-11,PL1311LAG1YWDA,Hitachi HDS5C4040ALE630,4000787030016,0,,0,,,,,,,,0,,,,,,7437,,,,,,,,,,,,,,,,,,,,,,,,,,,,,,25,,,,,,0,,,,,,,,,,,,,,,,,,,,,,,,,,,,
2013-12-11,JK11A5B8J10GSX,Hitachi HDS722020ALA330,2000398934016,0,,65536,,,,,,,,0,,,,,,23819,,,,,,,,,,,,,,,,,,,,,,,,,,,,,,27,,,,,,0,,,,,,,,,,,,,,,,,,,,,,,,,,,,
2013-12-11,MJ1323YNG1PNKC,Hitachi HDS5C3030ALA630,3000592982016,0,,0,,,,,,,,39,,,,,,19311,,,,,,,,,,,,,,,,,,,,,,,,,,,,,,29,,,,,,0,,,,,,,,,,,,,,,,,,,,,,,,,,,,
2013-12-11,MJ0351YNG9XH8A,Hitachi HDS5C3030ALA630,3000592982016,0,,0,,,,,,,,0,,,,,,9901,,,,,,,,,,,,,,,,,,,,,,,,,,,,,,28,,,,,,0,,,,,,,,,,,,,,,,,,,,,,,,,,,,
2013-12-11,W1F1CMFD,ST3000DM001,3000592982016,0,,10454520,,,,,,,,0,,,,,,7992,,,,,,,,,,,,,,,,,,,,,,,,,,,,,,16,,,,,,0,,,,,,,,,,,,,,,,,,,,,,,,,,,,
2013-12-11,MJ1313YNG1S3MC,Hitachi HDS5C3030ALA630,3000592982016,0,,131072,,,,,,,,0,,,,,,21796,,,,,,,,,,,,,,,,,,,,,,,,,,,,,,25,,,,,,0,,,,,,,,,,,,,,,,,,,,,,,,,,,,
2013-12-11,WD-WCAU45242814,WDC WD10EADS,1000204886016,0,,3,,,,,,,,0,,,,,,41388,,,,,,,,,,,,,,,,,,,,,,,,,,,,,,29,,,,,,0,,,,,,,,,,,,,,,,,,,,,,,,,,,,
2013-12-11,JK1171YAK1X71N,Hitachi HDS722020ALA330,2000398934016,0,,65537,,,,,,,,1,,,,,,29668,,,,,,,,,,,,,,,,,,,,,,,,,,,,,,29,,,,,,0,,,,,,,,,,,,,,,,,,,,,,,,,,,,
2013-12-11,9XW024Z9,ST31500541AS,1500301910016,0,,61907177,,,,,,,,72,,,,,,33301,,,,,,,,,,,,,,,,,,,,,,,,,,,,,,21,,,,,,0,,,,,,,,,,,,,,,,,,,,,,,,,,,,
2013-12-11,W1F035BR,ST3000DM001,3000592982016,0,,216488288,,,,,,,,0,,,,,,13795,,,,,,,,,,,,,,,,,,,,,,,,,,,,,,23,,,,,,0,,,,,,,,,,,,,,,,,,,,,,,,,,,,
2013-12-11,W300J34C,ST4000DM000,4000787030016,0,,15339016,,,,,,,,0,,,,,,815,,,,,,,,,,,,,,,,,,,,,,,,,,,,,,21,,,,,,0,,,,,,,,,,,,,,,,,,,,,,,,,,,,
2013-12-11,JK11A4B8J7S52W,Hitachi HDS722020ALA330,2000398934016,0,,2949164,,,,,,,,0,,,,,,25125,,,,,,,,,,,,,,,,,,,,,,,,,,,,,,32,,,,,,0,,,,,,,,,,,,,,,,,,,,,,,,,,,,
2013-12-11,MJ1311YNG7KPHA,Hitachi HDS5C3030ALA630,3000592982016,0,,0,,,,,,,,0,,,,,,14289,,,,,,,,,,,,,,,,,,,,,,,,,,,,,,27,,,,,,0,,,,,,,,,,,,,,,,,,,,,,,,,,,,
2013-12-11,WD-WCAVY4277934,WDC WD15EARS,1500301910016,0,,0,,,,,,,,0,,,,,,27367,,,,,,,,,,,,,,,,,,,,,,,,,,,,,,31,,,,,,0,,,,,,,,,,,,,,,,,,,,,,,,,,,,
2013-12-11,S1F006KC,ST3000DM001,3000592982016,1,,115312888,,,,,,,,9064,,,,,,15211,,,,,,,,,,,,,,,,,,,,,,,,,,,,,,26,,,,,,8,,,,,,,,,,,,,,,,,,,,,,,,,,,,
2013-12-11,Z300JC7F,ST4000DM000,4000787030016,0,,180162944,,,,,,,,0,,,,,,2241,,,,,,,,,,,,,,,,,,,,,,,,,,,,,,21,,,,,,0,,,,,,,,,,,,,,,,,,,,,,,,,,,,
2013-12-11,JK1171YBK0WG8F,Hitachi HDS722020ALA330,2000398934016,0,,0,,,,,,,,0,,,,,,29018,,,,,,,,,,,,,,,,,,,,,,,,,,,,,,24,,,,,,0,,,,,,,,,,,,,,,,,,,,,,,,,,,,
2013-12-11,JK11A8B9J3H8LF,Hitachi HDS722020ALA330,2000398934016,0,,0,,,,,,,,0,,,,,,22296,,,,,,,,,,,,,,,,,,,,,,,,,,,,,,32,,,,,,0,,,,,,,,,,,,,,,,,,,,,,,,,,,,
2013-12-11,WD-WCAV5V407387,WDC WD10EADX,1000204886016,0,,0,,,,,,,,0,,,,,,8459,,,,,,,,,,,,,,,,,,,,,,,,,,,,,,26,,,,,,0,,,,,,,,,,,,,,,,,,,,,,,,,,,,
2013-12-11,JK11A8B9J6TGZF,Hitachi HDS722020ALA330,2000398934016,0,,1,,,,,,,,0,,,,,,23125,,,,,,,,,,,,,,,,,,,,,,,,,,,,,,27,,,,,,0,,,,,,,,,,,,,,,,,,,,,,,,,,,,
2013-12-11,W300J692,ST4000DM000,4000787030016,0,,35586952,,,,,,,,0,,,,,,2220,,,,,,,,,,,,,,,,,,,,,,,,,,,,,,22,,,,,,0,,,,,,,,,,,,,,,,,,,,,,,,,,,,
2013-12-11,MJ0351YNG9Z8VA,Hitachi HDS5C3030ALA630,3000592982016,0,,0,,,,,,,,0,,,,,,9913,,,,,,,,,,,,,,,,,,,,,,,,,,,,,,34,,,,,,0,,,,,,,,,,,,,,,,,,,,,,,,,,,,
2013-12-11,PL1321LAGATDKH,Hitachi HDS5C4040ALE630,4000787030016,0,,0,,,,,,,,0,,,,,,5429,,,,,,,,,,,,,,,,,,,,,,,,,,,,,,23,,,,,,0,,,,,,,,,,,,,,,,,,,,,,,,,,,,
2013-12-11,W300J69K,ST4000DM000,4000787030016,0,,23802792,,,,,,,,0,,,,,,2239,,,,,,,,,,,,,,,,,,,,,,,,,,,,,,23,,,,,,0,,,,,,,,,,,,,,,,,,,,,,,,,,,,
2013-12-11,MJ1321YNG06NSA,Hitachi HDS5C3030ALA630,3000592982016,0,,786432,,,,,,,,0,,,,,,19727,,,,,,,,,,,,,,,,,,,,,,,,,,,,,,24,,,,,,0,,,,,,,,,,,,,,,,,,,,,,,,,,,,
2013-12-11,6XW29S31,ST32000542AS,2000398934016,0,,218497512,,,,,,,,0,,,,,,15217,,,,,,,,,,,,,,,,,,,,,,,,,,,,,,18,,,,,,0,,,,,,,,,,,,,,,,,,,,,,,,,,,,
2013-12-11,MJ1321YNG0J6NA,Hitachi HDS5C3030ALA630,3000592982016,0,,0,,,,,,,,0,,,,,,20480,,,,,,,,,,,,,,,,,,,,,,,,,,,,,,25,,,,,,0,,,,,,,,,,,,,,,,,,,,,,,,,,,,
2013-12-11,JK1101B9KNLLXF,Hitachi HDS722020ALA330,2000398934016,0,,0,,,,,,,,0,,,,,,23097,,,,,,,,,,,,,,,,,,,,,,,,,,,,,,31,,,,,,0,,,,,,,,,,,,,,,,,,,,,,,,,,,,
2013-12-11,W1F035B5,ST3000DM001,3000592982016,0,,187004400,,,,,,,,0,,,,,,13232,,,,,,,,,,,,,,,,,,,,,,,,,,,,,,22,,,,,,0,,,,,,,,,,,,,,,,,,,,,,,,,,,,
2013-12-11,9VS22H8W,ST31500341AS,1500301910016,0,,68234595,,,,,,,,38,,,,,,35524,,,,,,,,,,,,,,,,,,,,,,,,,,,,,,31,,,,,,0,,,,,,,,,,,,,,,,,,,,,,,,,,,,
2013-12-11,W300J345,ST4000DM000,4000787030016,0,,30899344,,,,,,,,0,,,,,,923,,,,,,,,,,,,,,,,,,,,,,,,,,,,,,24,,,,,,0,,,,,,,,,,,,,,,,,,,,,,,,,,,,
2013-12-11,MJ1321YNG0JPHA,Hitachi HDS5C3030ALA630,3000592982016,0,,0,,,,,,,,0,,,,,,20511,,,,,,,,,,,,,,,,,,,,,,,,,,,,,,25,,,,,,0,,,,,,,,,,,,,,,,,,,,,,,,,,,,
2013-12-11,W1F09LZK,ST3000DM001,3000592982016,0,,105108136,,,,,,,,60112,,,,,,13372,,,,,,,,,,,,,,,,,,,,,,,,,,,,,,19,,,,,,0,,,,,,,,,,,,,,,,,,,,,,,,,,,,
2013-12-11,W1F090XP,ST3000DM001,3000592982016,0,,123292176,,,,,,,,0,,,,,,10353,,,,,,,,,,,,,,,,,,,,,,,,,,,,,,25,,,,,,0,,,,,,,,,,,,,,,,,,,,,,,,,,,,
2013-12-11,9VS29D2Q,ST31500341AS,1500301910016,0,,194821827,,,,,,,,179,,,,,,38662,,,,,,,,,,,,,,,,,,,,,,,,,,,,,,22,,,,,,0,,,,,,,,,,,,,,,,,,,,,,,,,,,,
2013-12-11,MJ1311YNG5PN8A,Hitachi HDS5C3030ALA630,3000592982016,0,,0,,,,,,,,0,,,,,,14288,,,,,,,,,,,,,,,,,,,,,,,,,,,,,,31,,,,,,0,,,,,,,,,,,,,,,,,,,,,,,,,,,,
2013-12-11,WD-WMAWZ0313641,WDC WD30EZRX,3000592982016,0,,0,,,,,,,,0,,,,,,12692,,,,,,,,,,,,,,,,,,,,,,,,,,,,,,25,,,,,,1,,,,,,,,,,,,,,,,,,,,,,,,,,,,
2013-12-11,5XW02PS6,ST31500541AS,1500301910016,0,,207190345,,,,,,,,0,,,,,,35201,,,,,,,,,,,,,,,,,,,,,,,,,,,,,,22,,,,,,0,,,,,,,,,,,,,,,,,,,,,,,,,,,,
2013-12-11,Z300P9P7,ST4000DM000,4000787030016,0,,75904096,,,,,,,,0,,,,,,1094,,,,,,,,,,,,,,,,,,,,,,,,,,,,,,21,,,,,,0,,,,,,,,,,,,,,,,,,,,,,,,,,,,
2013-12-11,MK0301YHGNKPUD,Hitachi HDS723030ALA640,3000592982016,0,,0,,,,,,,,0,,,,,,16076,,,,,,,,,,,,,,,,,,,,,,,,,,,,,,28,,,,,,0,,,,,,,,,,,,,,,,,,,,,,,,,,,,
2013-12-11,MJ0351YNGA8DUA,Hitachi HDS5C3030ALA630,3000592982016,0,,0,,,,,,,,0,,,,,,7973,,,,,,,,,,,,,,,,,,,,,,,,,,,,,,28,,,,,,0,,,,,,,,,,,,,,,,,,,,,,,,,,,,
2013-12-11,MK0311YHG6PD4A,Hitachi HDS723030ALA640,3000592982016,0,,0,,,,,,,,0,,,,,,16682,,,,,,,,,,,,,,,,,,,,,,,,,,,,,,27,,,,,,0,,,,,,,,,,,,,,,,,,,,,,,,,,,,
2013-12-11,JK11A8B9HVX4MF,Hitachi HDS722020ALA330,2000398934016,0,,0,,,,,,,,0,,,,,,25125,,,,,,,,,,,,,,,,,,,,,,,,,,,,,,31,,,,,,0,,,,,,,,,,,,,,,,,,,,,,,,,,,,
2013-12-11,Z300HR3Z,ST4000DM000,4000787030016,0,,87817088,,,,,,,,0,,,,,,2900,,,,,,,,,,,,,,,,,,,,,,,,,,,,,,25,,,,,,0,,,,,,,,,,,,,,,,,,,,,,,,,,,,
2013-12-11,Z300PMGL,ST4000DM000,4000787030016,0,,180179624,,,,,,,,0,,,,,,1233,,,,,,,,,,,,,,,,,,,,,,,,,,,,,,21,,,,,,0,,,,,,,,,,,,,,,,,,,,,,,,,,,,
2013-12-11,Z300PMGN,ST4000DM000,4000787030016,0,,124394968,,,,,,,,0,,,,,,1094,,,,,,,,,,,,,,,,,,,,,,,,,,,,,,22,,,,,,0,,,,,,,,,,,,,,,,,,,,,,,,,,,,
2013-12-11,S1F035GW,ST3000DM001,3000592982016,0,,219156128,,,,,,,,0,,,,,,15192,,,,,,,,,,,,,,,,,,,,,,,,,,,,,,21,,,,,,0,,,,,,,,,,,,,,,,,,,,,,,,,,,,
2013-12-11,S1F035GH,ST3000DM001,3000592982016,0,,239164224,,,,,,,,0,,,,,,15265,,,,,,,,,,,,,,,,,,,,,,,,,,,,,,24,,,,,,8,,,,,,,,,,,,,,,,,,,,,,,,,,,,
2013-12-11,JK1101B9JPHEHF,Hitachi HDS722020ALA330,2000398934016,0,,0,,,,,,,,0,,,,,,23587,,,,,,,,,,,,,,,,,,,,,,,,,,,,,,32,,,,,,0,,,,,,,,,,,,,,,,,,,,,,,,,,,,
2013-12-11,Z300PMGR,ST4000DM000,4000787030016,0,,119710736,,,,,,,,0,,,,,,1233,,,,,,,,,,,,,,,,,,,,,,,,,,,,,,18,,,,,,0,,,,,,,,,,,,,,,,,,,,,,,,,,,,
2013-12-11,6XW03ATK,ST31500541AS,1500301910016,0,,9214144,,,,,,,,0,,,,,,37290,,,,,,,,,,,,,,,,,,,,,,,,,,,,,,24,,,,,,0,,,,,,,,,,,,,,,,,,,,,,,,,,,,
2013-12-11,Z300W9HZ,ST4000DM000,4000787030016,0,,174751304,,,,,,,,0,,,,,,108,,,,,,,,,,,,,,,,,,,,,,,,,,,,,,22,,,,,,0,,,,,,,,,,,,,,,,,,,,,,,,,,,,
2013-12-11,Z1F0C12C,ST3000DM001,3000592982016,0,,4616800,,,,,,,,0,,,,,,9387,,,,,,,,,,,,,,,,,,,,,,,,,,,,,,24,,,,,,0,,,,,,,,,,,,,,,,,,,,,,,,,,,,
2013-12-11,Z300KG7C,ST4000DM000,4000787030016,0,,222575912,,,,,,,,0,,,,,,1445,,,,,,,,,,,,,,,,,,,,,,,,,,,,,,25,,,,,,0,,,,,,,,,,,,,,,,,,,,,,,,,,,,
2013-12-11,Z262JRNAS,TOSHIBA DT01ACA300,3000592982016,0,,0,,,,,,,,0,,,,,,6612,,,,,,,,,,,,,,,,,,,,,,,,,,,,,,26,,,,,,0,,,,,,,,,,,,,,,,,,,,,,,,,,,,
2013-12-11,W1F0SJJ2,ST3000DM001,3000592982016,0,,225670584,,,,,,,,0,,,,,,12153,,,,,,,,,,,,,,,,,,,,,,,,,,,,,,25,,,,,,0,,,,,,,,,,,,,,,,,,,,,,,,,,,,
2013-12-11,JK11A8B9J3D0KF,Hitachi HDS722020ALA330,2000398934016,0,,0,,,,,,,,0,,,,,,23710,,,,,,,,,,,,,,,,,,,,,,,,,,,,,,31,,,,,,0,,,,,,,,,,,,,,,,,,,,,,,,,,,,
2013-12-11,PL1311LAG24P1A,Hitachi HDS5C4040ALE630,4000787030016,0,,0,,,,,,,,0,,,,,,7412,,,,,,,,,,,,,,,,,,,,,,,,,,,,,,19,,,,,,0,,,,,,,,,,,,,,,,,,,,,,,,,,,,
2013-12-11,9VS3G63M,ST31500341AS,1500301910016,0,,172664007,,,,,,,,25,,,,,,32848,,,,,,,,,,,,,,,,,,,,,,,,,,,,,,22,,,,,,0,,,,,,,,,,,,,,,,,,,,,,,,,,,,
2013-12-11,Z1F0L6DJ,ST3000DM001,3000592982016,0,,120023000,,,,,,,,0,,,,,,11725,,,,,,,,,,,,,,,,,,,,,,,,,,,,,,23,,,,,,0,,,,,,,,,,,,,,,,,,,,,,,,,,,,
2013-12-11,W1F093LB,ST3000DM001,3000592982016,0,,102182296,,,,,,,,576,,,,,,15193,,,,,,,,,,,,,,,,,,,,,,,,,,,,,,25,,,,,,0,,,,,,,,,,,,,,,,,,,,,,,,,,,,
2013-12-11,MJ1321YNG0RPYA,Hitachi HDS5C3030ALA630,3000592982016,0,,0,,,,,,,,0,,,,,,20512,,,,,,,,,,,,,,,,,,,,,,,,,,,,,,23,,,,,,0,,,,,,,,,,,,,,,,,,,,,,,,,,,,
2013-12-11,PL1311LAG2876H,Hitachi HDS5C4040ALE630,4000787030016,0,,0,,,,,,,,0,,,,,,7411,,,,,,,,,,,,,,,,,,,,,,,,,,,,,,23,,,,,,0,,,,,,,,,,,,,,,,,,,,,,,,,,,,
2013-12-11,6XW0292P,ST31500541AS,1500301910016,0,,91985003,,,,,,,,0,,,,,,36443,,,,,,,,,,,,,,,,,,,,,,,,,,,,,,19,,,,,,0,,,,,,,,,,,,,,,,,,,,,,,,,,,,
2013-12-11,JK1101B9JPPWJF,Hitachi HDS722020ALA330,2000398934016,0,,0,,,,,,,,0,,,,,,24099,,,,,,,,,,,,,,,,,,,,,,,,,,,,,,30,,,,,,0,,,,,,,,,,,,,,,,,,,,,,,,,,,,
2013-12-11,Z1Z04F4S,ST4000DX000,4000787030016,0,,71311929,,,,,,,,0,,,,,,5037,,,,,,,,,,,,,,,,,,,,,,,,,,,,,,29,,,,,,0,,,,,,,,,,,,,,,,,,,,,,,,,,,,
2013-12-11,S2F0BE6T,ST1500DM003,1500301910016,0,,23915896,,,,,,,,0,,,,,,10261,,,,,,,,,,,,,,,,,,,,,,,,,,,,,,23,,,,,,0,,,,,,,,,,,,,,,,,,,,,,,,,,,,
2013-12-11,MJ1323YNG1N2GC,Hitachi HDS5C3030ALA630,3000592982016,0,,1,,,,,,,,0,,,,,,19372,,,,,,,,,,,,,,,,,,,,,,,,,,,,,,25,,,,,,0,,,,,,,,,,,,,,,,,,,,,,,,,,,,
2013-12-11,WD-WCAWZ0288818,WDC WD30EZRS,3000592982016,0,,0,,,,,,,,0,,,,,,14495,,,,,,,,,,,,,,,,,,,,,,,,,,,,,,21,,,,,,0,,,,,,,,,,,,,,,,,,,,,,,,,,,,
2013-12-11,W300B2P7,ST4000DM000,4000787030016,0,,48728416,,,,,,,,0,,,,,,3603,,,,,,,,,,,,,,,,,,,,,,,,,,,,,,22,,,,,,0,,,,,,,,,,,,,,,,,,,,,,,,,,,,
2013-12-11,S1F0S7E4,ST3000DM001,3000592982016,0,,35785824,,,,,,,,0,,,,,,10742,,,,,,,,,,,,,,,,,,,,,,,,,,,,,,22,,,,,,0,,,,,,,,,,,,,,,,,,,,,,,,,,,,
2013-12-11,MJ1323YNG11DPC,Hitachi HDS5C3030ALA630,3000592982016,0,,0,,,,,,,,0,,,,,,20729,,,,,,,,,,,,,,,,,,,,,,,,,,,,,,30,,,,,,0,,,,,,,,,,,,,,,,,,,,,,,,,,,,
2013-12-11,JK1171YBK1M6JF,Hitachi HDS722020ALA330,2000398934016,0,,0,,,,,,,,0,,,,,,29913,,,,,,,,,,,,,,,,,,,,,,,,,,,,,,28,,,,,,0,,,,,,,,,,,,,,,,,,,,,,,,,,,,
2013-12-11,S1F0T22E,ST3000DM001,3000592982016,0,,219298656,,,,,,,,0,,,,,,10758,,,,,,,,,,,,,,,,,,,,,,,,,,,,,,26,,,,,,0,,,,,,,,,,,,,,,,,,,,,,,,,,,,
2013-12-11,PL1311LAG289GH,Hitachi HDS5C4040ALE630,4000787030016,0,,0,,,,,,,,0,,,,,,6653,,,,,,,,,,,,,,,,,,,,,,,,,,,,,,29,,,,,,0,,,,,,,,,,,,,,,,,,,,,,,,,,,,
2013-12-11,JK1101B9KLR9WT,Hitachi HDS722020ALA330,2000398934016,0,,0,,,,,,,,0,,,,,,23097,,,,,,,,,,,,,,,,,,,,,,,,,,,,,,31,,,,,,0,,,,,,,,,,,,,,,,,,,,,,,,,,,,
2013-12-11,MJ0351YNG9WS8A,Hitachi HDS5C3030ALA630,3000592982016,0,,0,,,,,,,,0,,,,,,9191,,,,,,,,,,,,,,,,,,,,,,,,,,,,,,29,,,,,,0,,,,,,,,,,,,,,,,,,,,,,,,,,,,
2013-12-11,MJ1311YNG6VV5A,Hitachi HDS5C3030ALA630,3000592982016,0,,0,,,,,,,,0,,,,,,14597,,,,,,,,,,,,,,,,,,,,,,,,,,,,,,29,,,,,,0,,,,,,,,,,,,,,,,,,,,,,,,,,,,
2013-12-11,MJ1311YNG6UU0A,Hitachi HDS5C3030ALA630,3000592982016,0,,0,,,,,,,,0,,,,,,14593,,,,,,,,,,,,,,,,,,,,,,,,,,,,,,24,,,,,,0,,,,,,,,,,,,,,,,,,,,,,,,,,,,
2013-12-11,W300BHRL,ST4000DM000,4000787030016,0,,11618920,,,,,,,,0,,,,,,3611,,,,,,,,,,,,,,,,,,,,,,,,,,,,,,25,,,,,,0,,,,,,,,,,,,,,,,,,,,,,,,,,,,
2013-12-11,Z300JEDK,ST4000DM000,4000787030016,0,,20253944,,,,,,,,0,,,,,,2873,,,,,,,,,,,,,,,,,,,,,,,,,,,,,,19,,,,,,0,,,,,,,,,,,,,,,,,,,,,,,,,,,,
2013-12-11,Z300HM26,ST4000DM000,4000787030016,0,,64922200,,,,,,,,0,,,,,,2900,,,,,,,,,,,,,,,,,,,,,,,,,,,,,,26,,,,,,0,,,,,,,,,,,,,,,,,,,,,,,,,,,,
2013-12-11,6XW06KXY,ST31500541AS,1500301910016,0,,228751680,,,,,,,,0,,,,,,31369,,,,,,,,,,,,,,,,,,,,,,,,,,,,,,22,,,,,,0,,,,,,,,,,,,,,,,,,,,,,,,,,,,
2013-12-11,S1F0RRB1,ST3000DM001,3000592982016,0,,126880112,,,,,,,,32648,,,,,,10726,,,,,,,,,,,,,,,,,,,,,,,,,,,,,,22,,,,,,0,,,,,,,,,,,,,,,,,,,,,,,,,,,,
2013-12-11,W3004W1E,ST4000DM000,4000787030016,0,,125330792,,,,,,,,0,,,,,,2876,,,,,,,,,,,,,,,,,,,,,,,,,,,,,,23,,,,,,0,,,,,,,,,,,,,,,,,,,,,,,,,,,,
2013-12-11,PL1321LAG33ZKH,Hitachi HDS5C4040ALE630,4000787030016,0,,0,,,,,,,,0,,,,,,5931,,,,,,,,,,,,,,,,,,,,,,,,,,,,,,27,,,,,,0,,,,,,,,,,,,,,,,,,,,,,,,,,,,
2013-12-11,MK0311YHGDLWUA,Hitachi HDS723030ALA640,3000592982016,0,,65536,,,,,,,,78,,,,,,14732,,,,,,,,,,,,,,,,,,,,,,,,,,,,,,29,,,,,,0,,,,,,,,,,,,,,,,,,,,,,,,,,,,
2013-12-11,W1F08WE7,ST3000DM001,3000592982016,0,,48658560,,,,,,,,0,,,,,,16191,,,,,,,,,,,,,,,,,,,,,,,,,,,,,,23,,,,,,0,,,,,,,,,,,,,,,,,,,,,,,,,,,,
2013-12-11,W1F0A5KC,ST3000DM001,3000592982016,0,,72779744,,,,,,,,456,,,,,,13911,,,,,,,,,,,,,,,,,,,,,,,,,,,,,,25,,,,,,16,,,,,,,,,,,,,,,,,,,,,,,,,,,,
2013-12-11,MJ1323YNG1NTWC,Hitachi HDS5C3030ALA630,3000592982016,0,,0,,,,,,,,0,,,,,,19747,,,,,,,,,,,,,,,,,,,,,,,,,,,,,,27,,,,,,0,,,,,,,,,,,,,,,,,,,,,,,,,,,,
2013-12-11,PL1311LAG3BTBH,Hitachi HDS5C4040ALE630,4000787030016,0,,0,,,,,,,,0,,,,,,5958,,,,,,,,,,,,,,,,,,,,,,,,,,,,,,25,,,,,,0,,,,,,,,,,,,,,,,,,,,,,,,,,,,
2013-12-11,W1F0AFEY,ST3000DM001,3000592982016,0,,22150096,,,,,,,,0,,,,,,14732,,,,,,,,,,,,,,,,,,,,,,,,,,,,,,24,,,,,,0,,,,,,,,,,,,,,,,,,,,,,,,,,,,
2013-12-11,6XW00ZCC,ST31500541AS,1500301910016,0,,32911356,,,,,,,,0,,,,,,36959,,,,,,,,,,,,,,,,,,,,,,,,,,,,,,21,,,,,,0,,,,,,,,,,,,,,,,,,,,,,,,,,,,
2013-12-11,S1F058YB,ST3000DM001,3000592982016,0,,191992544,,,,,,,,0,,,,,,13797,,,,,,,,,,,,,,,,,,,,,,,,,,,,,,29,,,,,,0,,,,,,,,,,,,,,,,,,,,,,,,,,,,
2013-12-11,Z1F14BGY,ST3000DM001,3000592982016,0,,6705616,,,,,,,,0,,,,,,8023,,,,,,,,,,,,,,,,,,,,,,,,,,,,,,26,,,,,,0,,,,,,,,,,,,,,,,,,,,,,,,,,,,
2013-12-11,Z300PAJ4,ST4000DM000,4000787030016,0,,101605176,,,,,,,,0,,,,,,1225,,,,,,,,,,,,,,,,,,,,,,,,,,,,,,21,,,,,,0,,,,,,,,,,,,,,,,,,,,,,,,,,,,
2013-12-11,JK11A8B9J2URZF,Hitachi HDS722020ALA330,2000398934016,0,,0,,,,,,,,0,,,,,,23636,,,,,,,,,,,,,,,,,,,,,,,,,,,,,,32,,,,,,0,,,,,,,,,,,,,,,,,,,,,,,,,,,,
2013-12-11,6XW0E44V,ST31500541AS,1500301910016,0,,91168309,,,,,,,,0,,,,,,9178,,,,,,,,,,,,,,,,,,,,,,,,,,,,,,30,,,,,,2,,,,,,,,,,,,,,,,,,,,,,,,,,,,
2013-12-11,WD-WCC070195630,WDC WD30EZRX,3000592982016,0,,0,,,,,,,,0,,,,,,8604,,,,,,,,,,,,,,,,,,,,,,,,,,,,,,23,,,,,,49,,,,,,,,,,,,,,,,,,,,,,,,,,,,
2013-12-11,JK11A8B9J7B2RF,Hitachi HDS722020ALA330,2000398934016,0,,0,,,,,,,,0,,,,,,24501,,,,,,,,,,,,,,,,,,,,,,,,,,,,,,29,,,,,,0,,,,,,,,,,,,,,,,,,,,,,,,,,,,
2013-12-11,JK1101B9KMWS8F,Hitachi HDS722020ALA330,2000398934016,0,,0,,,,,,,,0,,,,,,23075,,,,,,,,,,,,,,,,,,,,,,,,,,,,,,31,,,,,,0,,,,,,,,,,,,,,,,,,,,,,,,,,,,
2013-12-11,PL1321LAG3475H,Hitachi HDS5C4040ALE630,4000787030016,0,,0,,,,,,,,0,,,,,,6655,,,,,,,,,,,,,,,,,,,,,,,,,,,,,,20,,,,,,0,,,,,,,,,,,,,,,,,,,,,,,,,,,,
2013-12-11,6XW0445K,ST31500541AS,1500301910016,0,,208959060,,,,,,,,0,,,,,,37287,,,,,,,,,,,,,,,,,,,,,,,,,,,,,,23,,,,,,0,,,,,,,,,,,,,,,,,,,,,,,,,,,,
2013-12-11,PL1321LAGB3BPH,Hitachi HDS5C4040ALE630,4000787030016,0,,0,,,,,,,,0,,,,,,5077,,,,,,,,,,,,,,,,,,,,,,,,,,,,,,26,,,,,,0,,,,,,,,,,,,,,,,,,,,,,,,,,,,
2013-12-11,JK11A4B8J6UUHW,Hitachi HDS722020ALA330,2000398934016,0,,0,,,,,,,,0,,,,,,26027,,,,,,,,,,,,,,,,,,,,,,,,,,,,,,24,,,,,,0,,,,,,,,,,,,,,,,,,,,,,,,,,,,
2013-12-11,S1F02B2A,ST3000DM001,3000592982016,0,,188677160,,,,,,,,0,,,,,,15224,,,,,,,,,,,,,,,,,,,,,,,,,,,,,,19,,,,,,0,,,,,,,,,,,,,,,,,,,,,,,,,,,,
2013-12-11,Z300E5PQ,ST4000DM000,4000787030016,0,,218983912,,,,,,,,0,,,,,,2258,,,,,,,,,,,,,,,,,,,,,,,,,,,,,,23,,,,,,0,,,,,,,,,,,,,,,,,,,,,,,,,,,,
2013-12-11,MJ1311YNG32WNA,Hitachi HDS5C3030ALA630,3000592982016,0,,0,,,,,,,,0,,,,,,18040,,,,,,,,,,,,,,,,,,,,,,,,,,,,,,26,,,,,,0,,,,,,,,,,,,,,,,,,,,,,,,,,,,
2013-12-11,MK0333YHGPEV2C,Hitachi HDS723030ALA640,3000592982016,0,,1,,,,,,,,0,,,,,,17763,,,,,,,,,,,,,,,,,,,,,,,,,,,,,,25,,,,,,0,,,,,,,,,,,,,,,,,,,,,,,,,,,,
2013-12-11,PL1311LAG2AE2H,Hitachi HDS5C4040ALE630,4000787030016,0,,0,,,,,,,,0,,,,,,4735,,,,,,,,,,,,,,,,,,,,,,,,,,,,,,26,,,,,,0,,,,,,,,,,,,,,,,,,,,,,,,,,,,
2013-12-11,Z1F0KRYX,ST3000DM001,3000592982016,0,,182257448,,,,,,,,0,,,,,,9266,,,,,,,,,,,,,,,,,,,,,,,,,,,,,,25,,,,,,0,,,,,,,,,,,,,,,,,,,,,,,,,,,,
2013-12-11,W1F1DQQT,ST3000DM001,3000592982016,0,,8401656,,,,,,,,0,,,,,,7987,,,,,,,,,,,,,,,,,,,,,,,,,,,,,,27,,,,,,0,,,,,,,,,,,,,,,,,,,,,,,,,,,,
2013-12-11,JK11A8B9J2D3TF,Hitachi HDS722020ALA330,2000398934016,0,,1,,,,,,,,0,,,,,,24383,,,,,,,,,,,,,,,,,,,,,,,,,,,,,,32,,,,,,0,,,,,,,,,,,,,,,,,,,,,,,,,,,,
2013-12-11,Z300NJZE,ST4000DM000,4000787030016,0,,114278024,,,,,,,,0,,,,,,1092,,,,,,,,,,,,,,,,,,,,,,,,,,,,,,27,,,,,,0,,,,,,,,,,,,,,,,,,,,,,,,,,,,
2013-12-11,JK1105B8JS152X,Hitachi HDS722020ALA330,2000398934016,0,,0,,,,,,,,0,,,,,,22698,,,,,,,,,,,,,,,,,,,,,,,,,,,,,,32,,,,,,0,,,,,,,,,,,,,,,,,,,,,,,,,,,,
2013-12-11,9VS3J1NB,ST31500341AS,1500301910016,0,,135543258,,,,,,,,6,,,,,,32875,,,,,,,,,,,,,,,,,,,,,,,,,,,,,,23,,,,,,0,,,,,,,,,,,,,,,,,,,,,,,,,,,,
2013-12-11,JK11A8B9J7AVPF,Hitachi HDS722020ALA330,2000398934016,0,,0,,,,,,,,0,,,,,,21477,,,,,,,,,,,,,,,,,,,,,,,,,,,,,,27,,,,,,0,,,,,,,,,,,,,,,,,,,,,,,,,,,,
2013-12-11,9VS1JG5J,ST31500341AS,1500301910016,0,,192173622,,,,,,,,3,,,,,,40410,,,,,,,,,,,,,,,,,,,,,,,,,,,,,,33,,,,,,0,,,,,,,,,,,,,,,,,,,,,,,,,,,,
2013-12-11,JK2171B9J29Y9L,Hitachi HDS722020ALA330,2000398934016,0,,1,,,,,,,,0,,,,,,22415,,,,,,,,,,,,,,,,,,,,,,,,,,,,,,27,,,,,,0,,,,,,,,,,,,,,,,,,,,,,,,,,,,
2013-12-11,MJ0351YNGA92EA,Hitachi HDS5C3030ALA630,3000592982016,0,,0,,,,,,,,0,,,,,,7989,,,,,,,,,,,,,,,,,,,,,,,,,,,,,,27,,,,,,0,,,,,,,,,,,,,,,,,,,,,,,,,,,,
2013-12-11,MJ1311YNG2WLJA,Hitachi HDS5C3030ALA630,3000592982016,0,,0,,,,,,,,0,,,,,,18316,,,,,,,,,,,,,,,,,,,,,,,,,,,,,,24,,,,,,0,,,,,,,,,,,,,,,,,,,,,,,,,,,,
2013-12-11,MJ1311YNG37H5A,Hitachi HDS5C3030ALA630,3000592982016,0,,0,,,,,,,,0,,,,,,18066,,,,,,,,,,,,,,,,,,,,,,,,,,,,,,24,,,,,,0,,,,,,,,,,,,,,,,,,,,,,,,,,,,
2013-12-11,S1F048F2,ST3000DM001,3000592982016,0,,167888288,,,,,,,,0,,,,,,12877,,,,,,,,,,,,,,,,,,,,,,,,,,,,,,21,,,,,,8,,,,,,,,,,,,,,,,,,,,,,,,,,,,
2013-12-11,S1F1318D,ST3000DM001,3000592982016,0,,102334736,,,,,,,,1672,,,,,,8208,,,,,,,,,,,,,,,,,,,,,,,,,,,,,,20,,,,,,0,,,,,,,,,,,,,,,,,,,,,,,,,,,,
2013-12-11,W300JS6L,ST4000DM000,4000787030016,0,,121891120,,,,,,,,0,,,,,,2222,,,,,,,,,,,,,,,,,,,,,,,,,,,,,,23,,,,,,0,,,,,,,,,,,,,,,,,,,,,,,,,,,,
2013-12-11,JK1101B9JRA4VF,Hitachi HDS722020ALA330,2000398934016,0,,0,,,,,,,,0,,,,,,22687,,,,,,,,,,,,,,,,,,,,,,,,,,,,,,23,,,,,,0,,,,,,,,,,,,,,,,,,,,,,,,,,,,
2013-12-11,W300KLDN,ST4000DM000,4000787030016,0,,233615752,,,,,,,,0,,,,,,919,,,,,,,,,,,,,,,,,,,,,,,,,,,,,,21,,,,,,0,,,,,,,,,,,,,,,,,,,,,,,,,,,,
2013-12-11,Z1F0QHG2,ST3000DM001,3000592982016,0,,118267496,,,,,,,,0,,,,,,11755,,,,,,,,,,,,,,,,,,,,,,,,,,,,,,30,,,,,,0,,,,,,,,,,,,,,,,,,,,,,,,,,,,
2013-12-11,JK11C1YAKD0DLV,Hitachi HDS722020ALA330,2000398934016,0,,1966101,,,,,,,,0,,,,,,21606,,,,,,,,,,,,,,,,,,,,,,,,,,,,,,31,,,,,,0,,,,,,,,,,,,,,,,,,,,,,,,,,,,
2013-12-11,JK1131YAJHSTBV,Hitachi HDS722020ALA330,2000398934016,0,,0,,,,,,,,0,,,,,,30255,,,,,,,,,,,,,,,,,,,,,,,,,,,,,,28,,,,,,0,,,,,,,,,,,,,,,,,,,,,,,,,,,,
2013-12-11,WD-WCAWZ0501240,WDC WD30EZRX,3000592982016,0,,66,,,,,,,,0,,,,,,15837,,,,,,,,,,,,,,,,,,,,,,,,,,,,,,22,,,,,,253,,,,,,,,,,,,,,,,,,,,,,,,,,,,
2013-12-11,MJ0351YNG9Z91A,Hitachi HDS5C3030ALA630,3000592982016,0,,0,,,,,,,,0,,,,,,9913,,,,,,,,,,,,,,,,,,,,,,,,,,,,,,32,,,,,,0,,,,,,,,,,,,,,,,,,,,,,,,,,,,
2013-12-11,Z300MVNE,ST4000DM000,4000787030016,0,,138698344,,,,,,,,0,,,,,,1093,,,,,,,,,,,,,,,,,,,,,,,,,,,,,,28,,,,,,0,,,,,,,,,,,,,,,,,,,,,,,,,,,,
2013-12-11,MJ1311YNG3GL4A,Hitachi HDS5C3030ALA630,3000592982016,0,,0,,,,,,,,0,,,,,,19251,,,,,,,,,,,,,,,,,,,,,,,,,,,,,,26,,,,,,0,,,,,,,,,,,,,,,,,,,,,,,,,,,,
2013-12-11,6XW05A15,ST31500541AS,1500301910016,0,,80203987,,,,,,,,0,,,,,,36375,,,,,,,,,,,,,,,,,,,,,,,,,,,,,,21,,,,,,0,,,,,,,,,,,,,,,,,,,,,,,,,,,,
2013-12-11,MK0301YHG09Y7A,Hitachi HDS723030ALA640,3000592982016,0,,524289,,,,,,,,0,,,,,,17017,,,,,,,,,,,,,,,,,,,,,,,,,,,,,,25,,,,,,0,,,,,,,,,,,,,,,,,,,,,,,,,,,,
2013-12-11,MJ0351YNG9XXHA,Hitachi HDS5C3030ALA630,3000592982016,0,,0,,,,,,,,0,,,,,,9524,,,,,,,,,,,,,,,,,,,,,,,,,,,,,,35,,,,,,0,,,,,,,,,,,,,,,,,,,,,,,,,,,,
2013-12-11,MK0311YHGGRR4A,Hitachi HDS723030ALA640,3000592982016,0,,0,,,,,,,,0,,,,,,17018,,,,,,,,,,,,,,,,,,,,,,,,,,,,,,29,,,,,,0,,,,,,,,,,,,,,,,,,,,,,,,,,,,
2013-12-11,W1F0Z4AY,ST3000DM001,3000592982016,0,,6083520,,,,,,,,0,,,,,,10744,,,,,,,,,,,,,,,,,,,,,,,,,,,,,,24,,,,,,0,,,,,,,,,,,,,,,,,,,,,,,,,,,,
2013-12-11,S1F02S1S,ST3000DM001,3000592982016,0,,177237896,,,,,,,,0,,,,,,15265,,,,,,,,,,,,,,,,,,,,,,,,,,,,,,23,,,,,,16,,,,,,,,,,,,,,,,,,,,,,,,,,,,
2013-12-11,PL1311LAG3DT7H,Hitachi HDS5C4040ALE630,4000787030016,0,,0,,,,,,,,0,,,,,,6654,,,,,,,,,,,,,,,,,,,,,,,,,,,,,,21,,,,,,0,,,,,,,,,,,,,,,,,,,,,,,,,,,,
2013-12-11,Z290KE2C,ST33000651AS,3000592982016,0,,95170190,,,,,,,,0,,,,,,17742,,,,,,,,,,,,,,,,,,,,,,,,,,,,,,22,,,,,,0,,,,,,,,,,,,,,,,,,,,,,,,,,,,
2013-12-11,W300J6RJ,ST4000DM000,4000787030016,0,,165181296,,,,,,,,0,,,,,,2239,,,,,,,,,,,,,,,,,,,,,,,,,,,,,,21,,,,,,0,,,,,,,,,,,,,,,,,,,,,,,,,,,,
2013-12-11,MJ1311YNG3365A,Hitachi HDS5C3030ALA630,3000592982016,0,,0,,,,,,,,0,,,,,,18045,,,,,,,,,,,,,,,,,,,,,,,,,,,,,,26,,,,,,0,,,,,,,,,,,,,,,,,,,,,,,,,,,,
2013-12-11,W1F0RXNC,ST3000DM001,3000592982016,0,,24393064,,,,,,,,0,,,,,,11026,,,,,,,,,,,,,,,,,,,,,,,,,,,,,,23,,,,,,0,,,,,,,,,,,,,,,,,,,,,,,,,,,,
2013-12-11,Z1F0QQXJ,ST3000DM001,3000592982016,0,,62787288,,,,,,,,0,,,,,,11724,,,,,,,,,,,,,,,,,,,,,,,,,,,,,,26,,,,,,0,,,,,,,,,,,,,,,,,,,,,,,,,,,,
2013-12-11,W300F1Z6,ST4000DM000,4000787030016,0,,91136296,,,,,,,,0,,,,,,4353,,,,,,,,,,,,,,,,,,,,,,,,,,,,,,24,,,,,,0,,,,,,,,,,,,,,,,,,,,,,,,,,,,
2013-12-11,9VS22J80,ST31500341AS,1500301910016,0,,178920301,,,,,,,,9,,,,,,35523,,,,,,,,,,,,,,,,,,,,,,,,,,,,,,26,,,,,,0,,,,,,,,,,,,,,,,,,,,,,,,,,,,
2013-12-11,JK1101B9GETL8F,Hitachi HDS722020ALA330,2000398934016,0,,0,,,,,,,,0,,,,,,27487,,,,,,,,,,,,,,,,,,,,,,,,,,,,,,26,,,,,,0,,,,,,,,,,,,,,,,,,,,,,,,,,,,
2013-12-11,W1F0W5AQ,ST3000DM001,3000592982016,0,,137042176,,,,,,,,0,,,,,,11607,,,,,,,,,,,,,,,,,,,,,,,,,,,,,,29,,,,,,0,,,,,,,,,,,,,,,,,,,,,,,,,,,,
2013-12-11,S1F0CVF8,ST3000DM001,3000592982016,0,,181737760,,,,,,,,128,,,,,,12365,,,,,,,,,,,,,,,,,,,,,,,,,,,,,,24,,,,,,0,,,,,,,,,,,,,,,,,,,,,,,,,,,,
2013-12-11,Z2903J5V,ST33000651AS,3000592982016,0,,214755751,,,,,,,,0,,,,,,15604,,,,,,,,,,,,,,,,,,,,,,,,,,,,,,25,,,,,,0,,,,,,,,,,,,,,,,,,,,,,,,,,,,
2013-12-11,S1F0QYRB,ST3000DM001,3000592982016,0,,125235400,,,,,,,,0,,,,,,11684,,,,,,,,,,,,,,,,,,,,,,,,,,,,,,30,,,,,,0,,,,,,,,,,,,,,,,,,,,,,,,,,,,
2013-12-11,JK1105B8GG49NX,Hitachi HDS722020ALA330,2000398934016,0,,0,,,,,,,,0,,,,,,26859,,,,,,,,,,,,,,,,,,,,,,,,,,,,,,32,,,,,,0,,,,,,,,,,,,,,,,,,,,,,,,,,,,
2013-12-11,S1F0QYRK,ST3000DM001,3000592982016,0,,237668160,,,,,,,,0,,,,,,11025,,,,,,,,,,,,,,,,,,,,,,,,,,,,,,27,,,,,,0,,,,,,,,,,,,,,,,,,,,,,,,,,,,
2013-12-11,MJ0351YNGA0D4A,Hitachi HDS5C3030ALA630,3000592982016,0,,0,,,,,,,,0,,,,,,8884,,,,,,,,,,,,,,,,,,,,,,,,,,,,,,28,,,,,,0,,,,,,,,,,,,,,,,,,,,,,,,,,,,
2013-12-11,S1F0QYRS,ST3000DM001,3000592982016,0,,44998848,,,,,,,,0,,,,,,11684,,,,,,,,,,,,,,,,,,,,,,,,,,,,,,30,,,,,,0,,,,,,,,,,,,,,,,,,,,,,,,,,,,
2013-12-11,Z300H2JC,ST4000DM000,4000787030016,0,,215115336,,,,,,,,0,,,,,,1298,,,,,,,,,,,,,,,,,,,,,,,,,,,,,,23,,,,,,0,,,,,,,,,,,,,,,,,,,,,,,,,,,,
2013-12-11,MJ1311YNG72W0A,Hitachi HDS5C3030ALA630,3000592982016,0,,0,,,,,,,,0,,,,,,14621,,,,,,,,,,,,,,,,,,,,,,,,,,,,,,23,,,,,,0,,,,,,,,,,,,,,,,,,,,,,,,,,,,
2013-12-11,MJ0351YNGA3AYA,Hitachi HDS5C3030ALA630,3000592982016,0,,0,,,,,,,,0,,,,,,9163,,,,,,,,,,,,,,,,,,,,,,,,,,,,,,27,,,,,,0,,,,,,,,,,,,,,,,,,,,,,,,,,,,
2013-12-11,MJ1311YNG5RWEA,Hitachi HDS5C3030ALA630,3000592982016,0,,0,,,,,,,,0,,,,,,14290,,,,,,,,,,,,,,,,,,,,,,,,,,,,,,25,,,,,,0,,,,,,,,,,,,,,,,,,,,,,,,,,,,
2013-12-11,MK0331YHGLGX6A,Hitachi HDS723030ALA640,3000592982016,0,,0,,,,,,,,0,,,,,,17762,,,,,,,,,,,,,,,,,,,,,,,,,,,,,,22,,,,,,0,,,,,,,,,,,,,,,,,,,,,,,,,,,,
2013-12-11,JK1105B8GEK4EX,Hitachi HDS722020ALA330,2000398934016,0,,0,,,,,,,,0,,,,,,27169,,,,,,,,,,,,,,,,,,,,,,,,,,,,,,27,,,,,,0,,,,,,,,,,,,,,,,,,,,,,,,,,,,
2013-12-11,MJ0351YNG9ZYKA,Hitachi HDS5C3030ALA630,3000592982016,0,,0,,,,,,,,0,,,,,,9271,,,,,,,,,,,,,,,,,,,,,,,,,,,,,,29,,,,,,0,,,,,,,,,,,,,,,,,,,,,,,,,,,,
2013-12-11,MJ1311YNG5R20A,Hitachi HDS5C3030ALA630,3000592982016,0,,0,,,,,,,,0,,,,,,14620,,,,,,,,,,,,,,,,,,,,,,,,,,,,,,25,,,,,,0,,,,,,,,,,,,,,,,,,,,,,,,,,,,
2013-12-11,MJ1311YNG1Y0GA,Hitachi HDS5C3030ALA630,3000592982016,0,,0,,,,,,,,0,,,,,,15628,,,,,,,,,,,,,,,,,,,,,,,,,,,,,,25,,,,,,0,,,,,,,,,,,,,,,,,,,,,,,,,,,,
2013-12-11,JK11A8B9J7Z6PF,Hitachi HDS722020ALA330,2000398934016,0,,0,,,,,,,,0,,,,,,26011,,,,,,,,,,,,,,,,,,,,,,,,,,,,,,25,,,,,,0,,,,,,,,,,,,,,,,,,,,,,,,,,,,
2013-12-11,6XW17S7S,ST32000542AS,2000398934016,0,,95204871,,,,,,,,0,,,,,,31707,,,,,,,,,,,,,,,,,,,,,,,,,,,,,,26,,,,,,0,,,,,,,,,,,,,,,,,,,,,,,,,,,,
2013-12-11,5XW03KM7,ST31500541AS,1500301910016,0,,6288691,,,,,,,,0,,,,,,35225,,,,,,,,,,,,,,,,,,,,,,,,,,,,,,20,,,,,,0,,,,,,,,,,,,,,,,,,,,,,,,,,,,
2013-12-11,W1F0XB4S,ST3000DM001,3000592982016,0,,130900000,,,,,,,,0,,,,,,3532,,,,,,,,,,,,,,,,,,,,,,,,,,,,,,26,,,,,,0,,,,,,,,,,,,,,,,,,,,,,,,,,,,
2013-12-11,6XW00Y9Q,ST31500541AS,1500301910016,0,,142393015,,,,,,,,0,,,,,,36951,,,,,,,,,,,,,,,,,,,,,,,,,,,,,,21,,,,,,0,,,,,,,,,,,,,,,,,,,,,,,,,,,,
2013-12-11,JK1101B9JPLBKF,Hitachi HDS722020ALA330,2000398934016,0,,131072,,,,,,,,0,,,,,,23990,,,,,,,,,,,,,,,,,,,,,,,,,,,,,,24,,,,,,0,,,,,,,,,,,,,,,,,,,,,,,,,,,,
2013-12-11,W1F09L5C,ST3000DM001,3000592982016,0,,92402736,,,,,,,,0,,,,,,13363,,,,,,,,,,,,,,,,,,,,,,,,,,,,,,22,,,,,,0,,,,,,,,,,,,,,,,,,,,,,,,,,,,
2013-12-11,W3006MP7,ST4000DM000,4000787030016,0,,203812864,,,,,,,,0,,,,,,2611,,,,,,,,,,,,,,,,,,,,,,,,,,,,,,23,,,,,,0,,,,,,,,,,,,,,,,,,,,,,,,,,,,
2013-12-11,WD-WCAZA8975916,WDC WD10EARS,1000204886016,0,,0,,,,,,,,0,,,,,,20008,,,,,,,,,,,,,,,,,,,,,,,,,,,,,,26,,,,,,0,,,,,,,,,,,,,,,,,,,,,,,,,,,,
2013-12-11,MJ1311YNG00S5A,Hitachi HDS5C3030ALA630,3000592982016,0,,0,,,,,,,,0,,,,,,19310,,,,,,,,,,,,,,,,,,,,,,,,,,,,,,28,,,,,,0,,,,,,,,,,,,,,,,,,,,,,,,,,,,
2013-12-11,W3006BP3,ST4000DM000,4000787030016,0,,26511576,,,,,,,,0,,,,,,2902,,,,,,,,,,,,,,,,,,,,,,,,,,,,,,29,,,,,,0,,,,,,,,,,,,,,,,,,,,,,,,,,,,
2013-12-11,JK1105B8HM47EX,Hitachi HDS722020ALA330,2000398934016,0,,65537,,,,,,,,0,,,,,,22699,,,,,,,,,,,,,,,,,,,,,,,,,,,,,,31,,,,,,0,,,,,,,,,,,,,,,,,,,,,,,,,,,,
2013-12-11,MJ0351YNGAA19A,Hitachi HDS5C3030ALA630,3000592982016,0,,0,,,,,,,,0,,,,,,8212,,,,,,,,,,,,,,,,,,,,,,,,,,,,,,34,,,,,,0,,,,,,,,,,,,,,,,,,,,,,,,,,,,
2013-12-11,JK11A8B9J0L8XF,Hitachi HDS722020ALA330,2000398934016,0,,0,,,,,,,,0,,,,,,26145,,,,,,,,,,,,,,,,,,,,,,,,,,,,,,23,,,,,,0,,,,,,,,,,,,,,,,,,,,,,,,,,,,
2013-12-11,Z300CNEZ,ST4000DM000,4000787030016,0,,221689912,,,,,,,,0,,,,,,2240,,,,,,,,,,,,,,,,,,,,,,,,,,,,,,22,,,,,,0,,,,,,,,,,,,,,,,,,,,,,,,,,,,
2013-12-11,W300C5QD,ST4000DM000,4000787030016,0,,162017208,,,,,,,,0,,,,,,4047,,,,,,,,,,,,,,,,,,,,,,,,,,,,,,21,,,,,,0,,,,,,,,,,,,,,,,,,,,,,,,,,,,
2013-12-11,W300C5QG,ST4000DM000,4000787030016,0,,60830544,,,,,,,,0,,,,,,4146,,,,,,,,,,,,,,,,,,,,,,,,,,,,,,23,,,,,,0,,,,,,,,,,,,,,,,,,,,,,,,,,,,
2013-12-11,W1F0JEB8,ST3000DM001,3000592982016,0,,123427632,,,,,,,,0,,,,,,11695,,,,,,,,,,,,,,,,,,,,,,,,,,,,,,29,,,,,,0,,,,,,,,,,,,,,,,,,,,,,,,,,,,
2013-12-11,W1F111C6,ST3000DM001,3000592982016,0,,125655512,,,,,,,,0,,,,,,7992,,,,,,,,,,,,,,,,,,,,,,,,,,,,,,28,,,,,,0,,,,,,,,,,,,,,,,,,,,,,,,,,,,
2013-12-11,PL1311LAG380BH,Hitachi HDS5C4040ALE630,4000787030016,0,,0,,,,,,,,0,,,,,,5949,,,,,,,,,,,,,,,,,,,,,,,,,,,,,,23,,,,,,0,,,,,,,,,,,,,,,,,,,,,,,,,,,,
2013-12-11,Z300CNEV,ST4000DM000,4000787030016,0,,64441152,,,,,,,,0,,,,,,2241,,,,,,,,,,,,,,,,,,,,,,,,,,,,,,23,,,,,,0,,,,,,,,,,,,,,,,,,,,,,,,,,,,
2013-12-11,MJ1311YNG7KSSA,Hitachi HDS5C3030ALA630,3000592982016,0,,0,,,,,,,,0,,,,,,14624,,,,,,,,,,,,,,,,,,,,,,,,,,,,,,25,,,,,,0,,,,,,,,,,,,,,,,,,,,,,,,,,,,
2013-12-11,PL1311LAG295ZH,Hitachi HDS5C4040ALE630,4000787030016,0,,0,,,,,,,,0,,,,,,7419,,,,,,,,,,,,,,,,,,,,,,,,,,,,,,22,,,,,,0,,,,,,,,,,,,,,,,,,,,,,,,,,,,
2013-12-11,JK11A8B9J76GUF,Hitachi HDS722020ALA330,2000398934016,0,,0,,,,,,,,0,,,,,,22702,,,,,,,,,,,,,,,,,,,,,,,,,,,,,,30,,,,,,0,,,,,,,,,,,,,,,,,,,,,,,,,,,,
2013-12-11,W300JKDM,ST4000DM000,4000787030016,0,,240894392,,,,,,,,0,,,,,,2239,,,,,,,,,,,,,,,,,,,,,,,,,,,,,,22,,,,,,0,,,,,,,,,,,,,,,,,,,,,,,,,,,,
2013-12-11,MJ1311YNG3Z4XA,Hitachi HDS5C3030ALA630,3000592982016,0,,0,,,,,,,,0,,,,,,6048,,,,,,,,,,,,,,,,,,,,,,,,,,,,,,24,,,,,,0,,,,,,,,,,,,,,,,,,,,,,,,,,,,
2013-12-11,WD-WCAU42120985,WDC WD10EACS,1000204886016,0,,0,,,,,,,,0,,,,,,43159,,,,,,,,,,,,,,,,,,,,,,,,,,,,,,17,,,,,,0,,,,,,,,,,,,,,,,,,,,,,,,,,,,
2013-12-11,W300JKDG,ST4000DM000,4000787030016,0,,161514760,,,,,,,,0,,,,,,2240,,,,,,,,,,,,,,,,,,,,,,,,,,,,,,19,,,,,,0,,,,,,,,,,,,,,,,,,,,,,,,,,,,
2013-12-11,Z1Z04RMH,ST4000DX000,4000787030016,0,,233655845,,,,,,,,0,,,,,,5039,,,,,,,,,,,,,,,,,,,,,,,,,,,,,,34,,,,,,0,,,,,,,,,,,,,,,,,,,,,,,,,,,,
2013-12-11,S1F01Q8A,ST3000DM001,3000592982016,0,,109751024,,,,,,,,0,,,,,,16150,,,,,,,,,,,,,,,,,,,,,,,,,,,,,,19,,,,,,0,,,,,,,,,,,,,,,,,,,,,,,,,,,,
2013-12-11,W300JKDY,ST4000DM000,4000787030016,0,,43544592,,,,,,,,0,,,,,,2239,,,,,,,,,,,,,,,,,,,,,,,,,,,,,,21,,,,,,0,,,,,,,,,,,,,,,,,,,,,,,,,,,,
2013-12-11,W300JKDX,ST4000DM000,4000787030016,0,,82051312,,,,,,,,0,,,,,,2239,,,,,,,,,,,,,,,,,,,,,,,,,,,,,,22,,,,,,0,,,,,,,,,,,,,,,,,,,,,,,,,,,,
2013-12-11,Z300P9M4,ST4000DM000,4000787030016,0,,232733872,,,,,,,,0,,,,,,1232,,,,,,,,,,,,,,,,,,,,,,,,,,,,,,21,,,,,,0,,,,,,,,,,,,,,,,,,,,,,,,,,,,
2013-12-11,Z300P9MJ,ST4000DM000,4000787030016,0,,125357672,,,,,,,,0,,,,,,1114,,,,,,,,,,,,,,,,,,,,,,,,,,,,,,29,,,,,,0,,,,,,,,,,,,,,,,,,,,,,,,,,,,
2013-12-11,W1F0KCN8,ST3000DM001,3000592982016,0,,147299632,,,,,,,,0,,,,,,12025,,,,,,,,,,,,,,,,,,,,,,,,,,,,,,31,,,,,,0,,,,,,,,,,,,,,,,,,,,,,,,,,,,
2013-12-11,Z300P9MG,ST4000DM000,4000787030016,0,,203406864,,,,,,,,0,,,,,,1231,,,,,,,,,,,,,,,,,,,,,,,,,,,,,,21,,,,,,0,,,,,,,,,,,,,,,,,,,,,,,,,,,,
2013-12-11,WD-WCAWZ0960606,WDC WD30EZRX,3000592982016,0,,0,,,,,,,,0,,,,,,17005,,,,,,,,,,,,,,,,,,,,,,,,,,,,,,22,,,,,,6,,,,,,,,,,,,,,,,,,,,,,,,,,,,
2013-12-11,W300BZMD,ST4000DM000,4000787030016,0,,196386232,,,,,,,,0,,,,,,2248,,,,,,,,,,,,,,,,,,,,,,,,,,,,,,21,,,,,,0,,,,,,,,,,,,,,,,,,,,,,,,,,,,
2013-12-11,W1F0A770,ST3000DM001,3000592982016,0,,156626552,,,,,,,,0,,,,,,14235,,,,,,,,,,,,,,,,,,,,,,,,,,,,,,21,,,,,,0,,,,,,,,,,,,,,,,,,,,,,,,,,,,
2013-12-11,Z300P9MW,ST4000DM000,4000787030016,0,,182803864,,,,,,,,0,,,,,,1232,,,,,,,,,,,,,,,,,,,,,,,,,,,,,,20,,,,,,0,,,,,,,,,,,,,,,,,,,,,,,,,,,,
2013-12-11,JK1101B9JNRVYR,Hitachi HDS722020ALA330,2000398934016,0,,1,,,,,,,,0,,,,,,23989,,,,,,,,,,,,,,,,,,,,,,,,,,,,,,27,,,,,,0,,,,,,,,,,,,,,,,,,,,,,,,,,,,
2013-12-11,MJ0351YNGA8R7A,Hitachi HDS5C3030ALA630,3000592982016,0,,0,,,,,,,,123,,,,,,8214,,,,,,,,,,,,,,,,,,,,,,,,,,,,,,28,,,,,,0,,,,,,,,,,,,,,,,,,,,,,,,,,,,
2013-12-11,JK1174YAK3YAVW,Hitachi HDS722020ALA330,2000398934016,0,,0,,,,,,,,0,,,,,,28809,,,,,,,,,,,,,,,,,,,,,,,,,,,,,,24,,,,,,0,,,,,,,,,,,,,,,,,,,,,,,,,,,,
2013-12-11,JK1101B9JPHBDF,Hitachi HDS722020ALA330,2000398934016,0,,0,,,,,,,,22,,,,,,23991,,,,,,,,,,,,,,,,,,,,,,,,,,,,,,24,,,,,,0,,,,,,,,,,,,,,,,,,,,,,,,,,,,
2013-12-11,JK11A8B9JR0KNF,Hitachi HDS722020ALA330,2000398934016,0,,65536,,,,,,,,0,,,,,,23710,,,,,,,,,,,,,,,,,,,,,,,,,,,,,,24,,,,,,0,,,,,,,,,,,,,,,,,,,,,,,,,,,,
2013-12-11,JK11A8B9J0UHRF,Hitachi HDS722020ALA330,2000398934016,0,,0,,,,,,,,0,,,,,,26328,,,,,,,,,,,,,,,,,,,,,,,,,,,,,,27,,,,,,0,,,,,,,,,,,,,,,,,,,,,,,,,,,,
2013-12-11,9VS3JH1K,ST31500341AS,1500301910016,0,,29984183,,,,,,,,1,,,,,,32894,,,,,,,,,,,,,,,,,,,,,,,,,,,,,,28,,,,,,0,,,,,,,,,,,,,,,,,,,,,,,,,,,,
2013-12-11,5XW02HEA,ST31500541AS,1500301910016,0,,93468731,,,,,,,,0,,,,,,35227,,,,,,,,,,,,,,,,,,,,,,,,,,,,,,21,,,,,,0,,,,,,,,,,,,,,,,,,,,,,,,,,,,
2013-12-11,MJ0351YNG9WV0A,Hitachi HDS5C3030ALA630,3000592982016,0,,0,,,,,,,,0,,,,,,9913,,,,,,,,,,,,,,,,,,,,,,,,,,,,,,34,,,,,,0,,,,,,,,,,,,,,,,,,,,,,,,,,,,
2013-12-11,MJ1311YNG7KUEA,Hitachi HDS5C3030ALA630,3000592982016,0,,0,,,,,,,,0,,,,,,14305,,,,,,,,,,,,,,,,,,,,,,,,,,,,,,23,,,,,,0,,,,,,,,,,,,,,,,,,,,,,,,,,,,
2013-12-11,MK0331YHGSVJPA,Hitachi HDS723030ALA640,3000592982016,0,,0,,,,,,,,0,,,,,,16660,,,,,,,,,,,,,,,,,,,,,,,,,,,,,,29,,,,,,0,,,,,,,,,,,,,,,,,,,,,,,,,,,,
2013-12-11,WD-WCAWZ1443805,WDC WD30EZRX,3000592982016,0,,0,,,,,,,,0,,,,,,11008,,,,,,,,,,,,,,,,,,,,,,,,,,,,,,22,,,,,,0,,,,,,,,,,,,,,,,,,,,,,,,,,,,
2013-12-11,MJ0351YNG9U9DA,Hitachi HDS5C3030ALA630,3000592982016,0,,327889,,,,,,,,0,,,,,,9142,,,,,,,,,,,,,,,,,,,,,,,,,,,,,,27,,,,,,0,,,,,,,,,,,,,,,,,,,,,,,,,,,,
2013-12-11,WD-WMC1T1611248,WDC WD30EFRX,3000592982016,0,,0,,,,,,,,0,,,,,,7391,,,,,,,,,,,,,,,,,,,,,,,,,,,,,,21,,,,,,0,,,,,,,,,,,,,,,,,,,,,,,,,,,,
2013-12-11,JK1171YAK1YKWN,Hitachi HDS722020ALA330,2000398934016,0,,0,,,,,,,,0,,,,,,29915,,,,,,,,,,,,,,,,,,,,,,,,,,,,,,25,,,,,,0,,,,,,,,,,,,,,,,,,,,,,,,,,,,
2013-12-11,JK1170YAJDANUT,Hitachi HDS722020ALA330,2000398934016,0,,0,,,,,,,,0,,,,,,27871,,,,,,,,,,,,,,,,,,,,,,,,,,,,,,22,,,,,,0,,,,,,,,,,,,,,,,,,,,,,,,,,,,
2013-12-11,JK1105B8G6NP3X,Hitachi HDS722020ALA330,2000398934016,0,,0,,,,,,,,0,,,,,,27160,,,,,,,,,,,,,,,,,,,,,,,,,,,,,,30,,,,,,0,,,,,,,,,,,,,,,,,,,,,,,,,,,,
2013-12-11,MK0311YHGHWXGA,Hitachi HDS723030ALA640,3000592982016,0,,0,,,,,,,,0,,,,,,16802,,,,,,,,,,,,,,,,,,,,,,,,,,,,,,28,,,,,,0,,,,,,,,,,,,,,,,,,,,,,,,,,,,
2013-12-11,MJ1311YNG36NRA,Hitachi HDS5C3030ALA630,3000592982016,0,,0,,,,,,,,0,,,,,,18066,,,,,,,,,,,,,,,,,,,,,,,,,,,,,,24,,,,,,0,,,,,,,,,,,,,,,,,,,,,,,,,,,,
2013-12-11,PL1311LAG38JWH,Hitachi HDS5C4040ALE630,4000787030016,0,,0,,,,,,,,0,,,,,,5959,,,,,,,,,,,,,,,,,,,,,,,,,,,,,,17,,,,,,0,,,,,,,,,,,,,,,,,,,,,,,,,,,,
2013-12-11,MJ1311YNG72N1A,Hitachi HDS5C3030ALA630,3000592982016,0,,0,,,,,,,,0,,,,,,14685,,,,,,,,,,,,,,,,,,,,,,,,,,,,,,21,,,,,,0,,,,,,,,,,,,,,,,,,,,,,,,,,,,
2013-12-11,MK0313YHGJWS1C,Hitachi HDS723030ALA640,3000592982016,0,,0,,,,,,,,0,,,,,,21462,,,,,,,,,,,,,,,,,,,,,,,,,,,,,,30,,,,,,0,,,,,,,,,,,,,,,,,,,,,,,,,,,,
2013-12-11,JK11A8B9J78WUF,Hitachi HDS722020ALA330,2000398934016,0,,0,,,,,,,,0,,,,,,25580,,,,,,,,,,,,,,,,,,,,,,,,,,,,,,26,,,,,,0,,,,,,,,,,,,,,,,,,,,,,,,,,,,
2013-12-11,9VS36KEM,ST31500341AS,1500301910016,0,,178767553,,,,,,,,4,,,,,,18388,,,,,,,,,,,,,,,,,,,,,,,,,,,,,,21,,,,,,0,,,,,,,,,,,,,,,,,,,,,,,,,,,,
2013-12-11,W3005MB7,ST4000DM000,4000787030016,0,,228167040,,,,,,,,0,,,,,,2680,,,,,,,,,,,,,,,,,,,,,,,,,,,,,,25,,,,,,0,,,,,,,,,,,,,,,,,,,,,,,,,,,,
2013-12-11,JK11A8B9J30ZHF,Hitachi HDS722020ALA330,2000398934016,0,,1,,,,,,,,0,,,,,,24112,,,,,,,,,,,,,,,,,,,,,,,,,,,,,,28,,,,,,0,,,,,,,,,,,,,,,,,,,,,,,,,,,,
2013-12-11,JK11A8B9J6AYZF,Hitachi HDS722020ALA330,2000398934016,0,,0,,,,,,,,0,,,,,,21477,,,,,,,,,,,,,,,,,,,,,,,,,,,,,,25,,,,,,0,,,,,,,,,,,,,,,,,,,,,,,,,,,,
2013-12-11,Z1F0LLLT,ST3000DM001,3000592982016,0,,232313512,,,,,,,,0,,,,,,12180,,,,,,,,,,,,,,,,,,,,,,,,,,,,,,34,,,,,,0,,,,,,,,,,,,,,,,,,,,,,,,,,,,
2013-12-11,WD-WCAV5V407414,WDC WD10EADX,1000204886016,0,,0,,,,,,,,0,,,,,,9163,,,,,,,,,,,,,,,,,,,,,,,,,,,,,,30,,,,,,0,,,,,,,,,,,,,,,,,,,,,,,,,,,,
2013-12-11,9VS1W8CP,ST31500341AS,1500301910016,0,,81688548,,,,,,,,14,,,,,,38949,,,,,,,,,,,,,,,,,,,,,,,,,,,,,,27,,,,,,0,,,,,,,,,,,,,,,,,,,,,,,,,,,,
2013-12-11,JK11A8B9J79BRF,Hitachi HDS722020ALA330,2000398934016,0,,65536,,,,,,,,0,,,,,,22686,,,,,,,,,,,,,,,,,,,,,,,,,,,,,,25,,,,,,0,,,,,,,,,,,,,,,,,,,,,,,,,,,,
2013-12-11,S1F0ACZ7,ST3000DM001,3000592982016,0,,49961656,,,,,,,,168,,,,,,12418,,,,,,,,,,,,,,,,,,,,,,,,,,,,,,26,,,,,,0,,,,,,,,,,,,,,,,,,,,,,,,,,,,
2013-12-11,MJ1311YNG62GRA,Hitachi HDS5C3030ALA630,3000592982016,0,,0,,,,,,,,0,,,,,,14620,,,,,,,,,,,,,,,,,,,,,,,,,,,,,,21,,,,,,0,,,,,,,,,,,,,,,,,,,,,,,,,,,,
2013-12-11,WD-WCAU45413293,WDC WD10EADS,1000204886016,0,,15,,,,,,,,0,,,,,,40497,,,,,,,,,,,,,,,,,,,,,,,,,,,,,,30,,,,,,0,,,,,,,,,,,,,,,,,,,,,,,,,,,,
2013-12-11,PL1311LAG29U9H,Hitachi HDS5C4040ALE630,4000787030016,0,,0,,,,,,,,0,,,,,,7417,,,,,,,,,,,,,,,,,,,,,,,,,,,,,,22,,,,,,0,,,,,,,,,,,,,,,,,,,,,,,,,,,,
2013-12-11,JK1171B8GNNZLS,Hitachi HDS722020ALA330,2000398934016,0,,0,,,,,,,,0,,,,,,26479,,,,,,,,,,,,,,,,,,,,,,,,,,,,,,29,,,,,,0,,,,,,,,,,,,,,,,,,,,,,,,,,,,
2013-12-11,Z1F19VKM,ST3000DM001,3000592982016,0,,138473792,,,,,,,,648,,,,,,7993,,,,,,,,,,,,,,,,,,,,,,,,,,,,,,20,,,,,,16,,,,,,,,,,,,,,,,,,,,,,,,,,,,
2013-12-11,JK1105B8GG3SJX,Hitachi HDS722020ALA330,2000398934016,0,,0,,,,,,,,1,,,,,,26859,,,,,,,,,,,,,,,,,,,,,,,,,,,,,,33,,,,,,0,,,,,,,,,,,,,,,,,,,,,,,,,,,,
2013-12-11,JK1101B9G58NSF,Hitachi HDS722020ALA330,2000398934016,0,,0,,,,,,,,0,,,,,,27733,,,,,,,,,,,,,,,,,,,,,,,,,,,,,,22,,,,,,0,,,,,,,,,,,,,,,,,,,,,,,,,,,,
2013-12-11,W1F0A6AM,ST3000DM001,3000592982016,0,,215895952,,,,,,,,0,,,,,,14233,,,,,,,,,,,,,,,,,,,,,,,,,,,,,,21,,,,,,0,,,,,,,,,,,,,,,,,,,,,,,,,,,,
2013-12-11,S1F0CT09,ST3000DM001,3000592982016,0,,3590144,,,,,,,,0,,,,,,12366,,,,,,,,,,,,,,,,,,,,,,,,,,,,,,23,,,,,,0,,,,,,,,,,,,,,,,,,,,,,,,,,,,
2013-12-11,MJ1311YNG6TZSA,Hitachi HDS5C3030ALA630,3000592982016,0,,0,,,,,,,,0,,,,,,14289,,,,,,,,,,,,,,,,,,,,,,,,,,,,,,29,,,,,,0,,,,,,,,,,,,,,,,,,,,,,,,,,,,
2013-12-11,S1F0CT0G,ST3000DM001,3000592982016,0,,207820136,,,,,,,,0,,,,,,12417,,,,,,,,,,,,,,,,,,,,,,,,,,,,,,25,,,,,,0,,,,,,,,,,,,,,,,,,,,,,,,,,,,
2013-12-11,WD-WCAWZ0583228,WDC WD30EZRX,3000592982016,0,,4624,,,,,,,,0,,,,,,16127,,,,,,,,,,,,,,,,,,,,,,,,,,,,,,22,,,,,,23,,,,,,,,,,,,,,,,,,,,,,,,,,,,
2013-12-11,MJ1323YNG1RT0C,Hitachi HDS5C3030ALA630,3000592982016,0,,0,,,,,,,,0,,,,,,20082,,,,,,,,,,,,,,,,,,,,,,,,,,,,,,35,,,,,,0,,,,,,,,,,,,,,,,,,,,,,,,,,,,
2013-12-11,9VS5AMHN,ST31500341AS,1500301910016,0,,236600526,,,,,,,,3,,,,,,11604,,,,,,,,,,,,,,,,,,,,,,,,,,,,,,23,,,,,,0,,,,,,,,,,,,,,,,,,,,,,,,,,,,
2013-12-11,PL1331LAGB5D4H,Hitachi HDS5C4040ALE630,4000787030016,0,,0,,,,,,,,0,,,,,,5075,,,,,,,,,,,,,,,,,,,,,,,,,,,,,,27,,,,,,0,,,,,,,,,,,,,,,,,,,,,,,,,,,,
2013-12-11,WD-WCAU47738829,WDC WD10EADS,1000204886016,0,,10,,,,,,,,0,,,,,,40435,,,,,,,,,,,,,,,,,,,,,,,,,,,,,,29,,,,,,0,,,,,,,,,,,,,,,,,,,,,,,,,,,,
2013-12-11,MJ0351YNG9UW6A,Hitachi HDS5C3030ALA630,3000592982016,0,,0,,,,,,,,0,,,,,,8214,,,,,,,,,,,,,,,,,,,,,,,,,,,,,,28,,,,,,0,,,,,,,,,,,,,,,,,,,,,,,,,,,,
2013-12-11,JK11A1YAJE51KV,Hitachi HDS722020ALA330,2000398934016,0,,0,,,,,,,,0,,,,,,28743,,,,,,,,,,,,,,,,,,,,,,,,,,,,,,26,,,,,,0,,,,,,,,,,,,,,,,,,,,,,,,,,,,
2013-12-11,PL1321LAG351VH,Hitachi HDS5C4040ALE630,4000787030016,0,,0,,,,,,,,0,,,,,,5137,,,,,,,,,,,,,,,,,,,,,,,,,,,,,,25,,,,,,0,,,,,,,,,,,,,,,,,,,,,,,,,,,,
2013-12-11,MK0331YHGSYW5A,Hitachi HDS723030ALA640,3000592982016,0,,0,,,,,,,,0,,,,,,16679,,,,,,,,,,,,,,,,,,,,,,,,,,,,,,27,,,,,,0,,,,,,,,,,,,,,,,,,,,,,,,,,,,
2013-12-11,6XW00XTL,ST31500541AS,1500301910016,0,,35991417,,,,,,,,0,,,,,,36959,,,,,,,,,,,,,,,,,,,,,,,,,,,,,,20,,,,,,0,,,,,,,,,,,,,,,,,,,,,,,,,,,,
2013-12-11,S1F0LBSA,ST3000DM001,3000592982016,0,,177027384,,,,,,,,0,,,,,,12171,,,,,,,,,,,,,,,,,,,,,,,,,,,,,,26,,,,,,0,,,,,,,,,,,,,,,,,,,,,,,,,,,,
2013-12-11,JK11A8B9J7G3XF,Hitachi HDS722020ALA330,2000398934016,0,,0,,,,,,,,0,,,,,,24468,,,,,,,,,,,,,,,,,,,,,,,,,,,,,,25,,,,,,0,,,,,,,,,,,,,,,,,,,,,,,,,,,,
2013-12-11,PL1311LAG1H1XA,Hitachi HDS5C4040ALE630,4000787030016,0,,0,,,,,,,,0,,,,,,5191,,,,,,,,,,,,,,,,,,,,,,,,,,,,,,27,,,,,,0,,,,,,,,,,,,,,,,,,,,,,,,,,,,
2013-12-11,WD-WCAU45242693,WDC WD10EADS,1000204886016,0,,0,,,,,,,,0,,,,,,41254,,,,,,,,,,,,,,,,,,,,,,,,,,,,,,26,,,,,,0,,,,,,,,,,,,,,,,,,,,,,,,,,,,
2013-12-11,S1F0ABX4,ST3000DM001,3000592982016,0,,153470296,,,,,,,,0,,,,,,12397,,,,,,,,,,,,,,,,,,,,,,,,,,,,,,25,,,,,,0,,,,,,,,,,,,,,,,,,,,,,,,,,,,
2013-12-11,JK1101B9KJS5HF,Hitachi HDS722020ALA330,2000398934016,0,,65536,,,,,,,,0,,,,,,23075,,,,,,,,,,,,,,,,,,,,,,,,,,,,,,30,,,,,,0,,,,,,,,,,,,,,,,,,,,,,,,,,,,
2013-12-11,MJ1311YNG7A84A,Hitachi HDS5C3030ALA630,3000592982016,0,,0,,,,,,,,0,,,,,,14621,,,,,,,,,,,,,,,,,,,,,,,,,,,,,,22,,,,,,0,,,,,,,,,,,,,,,,,,,,,,,,,,,,
2013-12-11,MJ1311YNG1AS1A,Hitachi HDS5C3030ALA630,3000592982016,0,,0,,,,,,,,0,,,,,,20498,,,,,,,,,,,,,,,,,,,,,,,,,,,,,,30,,,,,,0,,,,,,,,,,,,,,,,,,,,,,,,,,,,
2013-12-11,PK1331PAHZZM2S,HGST HDS724040ALE640,4000787030016,0,,0,,,,,,,,0,,,,,,2027,,,,,,,,,,,,,,,,,,,,,,,,,,,,,,27,,,,,,0,,,,,,,,,,,,,,,,,,,,,,,,,,,,
2013-12-11,6XW005A2,ST31500541AS,1500301910016,0,,210609256,,,,,,,,0,,,,,,26567,,,,,,,,,,,,,,,,,,,,,,,,,,,,,,24,,,,,,0,,,,,,,,,,,,,,,,,,,,,,,,,,,,
2013-12-11,9VS3JAHM,ST31500341AS,1500301910016,0,,23572538,,,,,,,,142,,,,,,32920,,,,,,,,,,,,,,,,,,,,,,,,,,,,,,21,,,,,,0,,,,,,,,,,,,,,,,,,,,,,,,,,,,
2013-12-11,MJ0351YNGA8Z0A,Hitachi HDS5C3030ALA630,3000592982016,0,,0,,,,,,,,0,,,,,,8212,,,,,,,,,,,,,,,,,,,,,,,,,,,,,,33,,,,,,0,,,,,,,,,,,,,,,,,,,,,,,,,,,,
2013-12-11,S1F0SBKG,ST3000DM001,3000592982016,0,,146394232,,,,,,,,0,,,,,,11577,,,,,,,,,,,,,,,,,,,,,,,,,,,,,,24,,,,,,0,,,,,,,,,,,,,,,,,,,,,,,,,,,,
2013-12-11,Z1F1HEQR,ST3000DM001,3000592982016,0,,60025184,,,,,,,,0,,,,,,1019,,,,,,,,,,,,,,,,,,,,,,,,,,,,,,20,,,,,,0,,,,,,,,,,,,,,,,,,,,,,,,,,,,
2013-12-11,JK11A8B9J2B01F,Hitachi HDS722020ALA330,2000398934016,0,,0,,,,,,,,0,,,,,,24426,,,,,,,,,,,,,,,,,,,,,,,,,,,,,,31,,,,,,0,,,,,,,,,,,,,,,,,,,,,,,,,,,,
2013-12-11,S1F0336D,ST3000DM001,3000592982016,0,,180792832,,,,,,,,56,,,,,,15570,,,,,,,,,,,,,,,,,,,,,,,,,,,,,,25,,,,,,0,,,,,,,,,,,,,,,,,,,,,,,,,,,,
2013-12-11,JK11A8B9J0BP2F,Hitachi HDS722020ALA330,2000398934016,0,,0,,,,,,,,0,,,,,,26010,,,,,,,,,,,,,,,,,,,,,,,,,,,,,,24,,,,,,0,,,,,,,,,,,,,,,,,,,,,,,,,,,,
2013-12-11,JK11A8B9J9D90F,Hitachi HDS722020ALA330,2000398934016,0,,0,,,,,,,,0,,,,,,24497,,,,,,,,,,,,,,,,,,,,,,,,,,,,,,25,,,,,,0,,,,,,,,,,,,,,,,,,,,,,,,,,,,
2013-12-11,JK1105B8JS29PX,Hitachi HDS722020ALA330,2000398934016,0,,1,,,,,,,,0,,,,,,23320,,,,,,,,,,,,,,,,,,,,,,,,,,,,,,25,,,,,,0,,,,,,,,,,,,,,,,,,,,,,,,,,,,
2013-12-11,PL1311LAG369EH,Hitachi HDS5C4040ALE630,4000787030016,0,,0,,,,,,,,0,,,,,,3631,,,,,,,,,,,,,,,,,,,,,,,,,,,,,,29,,,,,,0,,,,,,,,,,,,,,,,,,,,,,,,,,,,
2013-12-11,Z300WJPF,ST4000DM000,4000787030016,0,,1310168,,,,,,,,0,,,,,,957,,,,,,,,,,,,,,,,,,,,,,,,,,,,,,22,,,,,,0,,,,,,,,,,,,,,,,,,,,,,,,,,,,
2013-12-11,MJ0351YNGA91KA,Hitachi HDS5C3030ALA630,3000592982016,0,,65536,,,,,,,,0,,,,,,7974,,,,,,,,,,,,,,,,,,,,,,,,,,,,,,27,,,,,,0,,,,,,,,,,,,,,,,,,,,,,,,,,,,
2013-12-11,JK1101B9KMYA3F,Hitachi HDS722020ALA330,2000398934016,0,,0,,,,,,,,0,,,,,,22954,,,,,,,,,,,,,,,,,,,,,,,,,,,,,,24,,,,,,0,,,,,,,,,,,,,,,,,,,,,,,,,,,,
2013-12-11,5XW25RTQ,ST32000542AS,2000398934016,0,,161286612,,,,,,,,0,,,,,,15216,,,,,,,,,,,,,,,,,,,,,,,,,,,,,,24,,,,,,0,,,,,,,,,,,,,,,,,,,,,,,,,,,,
2013-12-11,MK0311YHGHBE1A,Hitachi HDS723030ALA640,3000592982016,0,,0,,,,,,,,0,,,,,,16734,,,,,,,,,,,,,,,,,,,,,,,,,,,,,,29,,,,,,0,,,,,,,,,,,,,,,,,,,,,,,,,,,,
2013-12-11,JK11A8B9J995UF,Hitachi HDS722020ALA330,2000398934016,0,,0,,,,,,,,0,,,,,,25667,,,,,,,,,,,,,,,,,,,,,,,,,,,,,,24,,,,,,0,,,,,,,,,,,,,,,,,,,,,,,,,,,,
2013-12-11,JK11A8B9J1MNWF,Hitachi HDS722020ALA330,2000398934016,0,,0,,,,,,,,0,,,,,,23709,,,,,,,,,,,,,,,,,,,,,,,,,,,,,,29,,,,,,0,,,,,,,,,,,,,,,,,,,,,,,,,,,,
2013-12-11,W3004Z5N,ST4000DM000,4000787030016,0,,52311296,,,,,,,,0,,,,,,2873,,,,,,,,,,,,,,,,,,,,,,,,,,,,,,21,,,,,,0,,,,,,,,,,,,,,,,,,,,,,,,,,,,
2013-12-11,W3004Z5F,ST4000DM000,4000787030016,0,,229390288,,,,,,,,0,,,,,,2879,,,,,,,,,,,,,,,,,,,,,,,,,,,,,,19,,,,,,0,,,,,,,,,,,,,,,,,,,,,,,,,,,,
2013-12-11,MK0331YHGM4TTA,Hitachi HDS723030ALA640,3000592982016,0,,0,,,,,,,,0,,,,,,17017,,,,,,,,,,,,,,,,,,,,,,,,,,,,,,28,,,,,,0,,,,,,,,,,,,,,,,,,,,,,,,,,,,
2013-12-11,6XW039MY,ST31500541AS,1500301910016,0,,86014164,,,,,,,,0,,,,,,36622,,,,,,,,,,,,,,,,,,,,,,,,,,,,,,22,,,,,,0,,,,,,,,,,,,,,,,,,,,,,,,,,,,
2013-12-11,JK11A8B9J0E1YF,Hitachi HDS722020ALA330,2000398934016,0,,196610,,,,,,,,1,,,,,,24501,,,,,,,,,,,,,,,,,,,,,,,,,,,,,,30,,,,,,0,,,,,,,,,,,,,,,,,,,,,,,,,,,,
2013-12-11,PL1311LAG2A2UA,Hitachi HDS5C4040ALE630,4000787030016,0,,0,,,,,,,,0,,,,,,6993,,,,,,,,,,,,,,,,,,,,,,,,,,,,,,24,,,,,,0,,,,,,,,,,,,,,,,,,,,,,,,,,,,
2013-12-11,9VS1YEK4,ST31500341AS,1500301910016,0,,100867839,,,,,,,,10,,,,,,39481,,,,,,,,,,,,,,,,,,,,,,,,,,,,,,25,,,,,,0,,,,,,,,,,,,,,,,,,,,,,,,,,,,
2013-12-11,PL1311LAG3E5TH,Hitachi HDS5C4040ALE630,4000787030016,0,,0,,,,,,,,0,,,,,,6637,,,,,,,,,,,,,,,,,,,,,,,,,,,,,,27,,,,,,0,,,,,,,,,,,,,,,,,,,,,,,,,,,,
2013-12-11,W300D41D,ST4000DM000,4000787030016,0,,227669848,,,,,,,,0,,,,,,4160,,,,,,,,,,,,,,,,,,,,,,,,,,,,,,22,,,,,,0,,,,,,,,,,,,,,,,,,,,,,,,,,,,
2013-12-11,PL1321LAGABGUH,Hitachi HDS5C4040ALE630,4000787030016,0,,0,,,,,,,,0,,,,,,5428,,,,,,,,,,,,,,,,,,,,,,,,,,,,,,20,,,,,,0,,,,,,,,,,,,,,,,,,,,,,,,,,,,
2013-12-11,MJ0351YNGABU3A,Hitachi HDS5C3030ALA630,3000592982016,0,,0,,,,,,,,0,,,,,,8547,,,,,,,,,,,,,,,,,,,,,,,,,,,,,,29,,,,,,0,,,,,,,,,,,,,,,,,,,,,,,,,,,,
2013-12-11,WD-WCAWZ1094842,WDC WD30EZRX,3000592982016,0,,13,,,,,,,,0,,,,,,17617,,,,,,,,,,,,,,,,,,,,,,,,,,,,,,22,,,,,,0,,,,,,,,,,,,,,,,,,,,,,,,,,,,
2013-12-11,PL1311LAG3EYPH,Hitachi HDS5C4040ALE630,4000787030016,0,,0,,,,,,,,0,,,,,,6003,,,,,,,,,,,,,,,,,,,,,,,,,,,,,,19,,,,,,0,,,,,,,,,,,,,,,,,,,,,,,,,,,,
2013-12-11,MJ0351YNGA6DUA,Hitachi HDS5C3030ALA630,3000592982016,0,,0,,,,,,,,0,,,,,,9315,,,,,,,,,,,,,,,,,,,,,,,,,,,,,,28,,,,,,0,,,,,,,,,,,,,,,,,,,,,,,,,,,,
2013-12-11,WD-WCAU45478169,WDC WD10EADS,1000204886016,0,,2,,,,,,,,0,,,,,,37733,,,,,,,,,,,,,,,,,,,,,,,,,,,,,,32,,,,,,0,,,,,,,,,,,,,,,,,,,,,,,,,,,,
2013-12-11,S1F0501L,ST3000DM001,3000592982016,0,,67429184,,,,,,,,0,,,,,,13839,,,,,,,,,,,,,,,,,,,,,,,,,,,,,,25,,,,,,8,,,,,,,,,,,,,,,,,,,,,,,,,,,,
2013-12-11,Z300H2QA,ST4000DM000,4000787030016,0,,127519576,,,,,,,,0,,,,,,1331,,,,,,,,,,,,,,,,,,,,,,,,,,,,,,23,,,,,,0,,,,,,,,,,,,,,,,,,,,,,,,,,,,
2013-12-11,MK0333YHGNDHSC,Hitachi HDS723030ALA640,3000592982016,0,,0,,,,,,,,0,,,,,,17762,,,,,,,,,,,,,,,,,,,,,,,,,,,,,,23,,,,,,36,,,,,,,,,,,,,,,,,,,,,,,,,,,,
2013-12-11,MJ1311YNG3EW8A,Hitachi HDS5C3030ALA630,3000592982016,0,,0,,,,,,,,0,,,,,,19254,,,,,,,,,,,,,,,,,,,,,,,,,,,,,,25,,,,,,0,,,,,,,,,,,,,,,,,,,,,,,,,,,,
2013-12-11,MJ1311YNG7AE3A,Hitachi HDS5C3030ALA630,3000592982016,0,,0,,,,,,,,0,,,,,,14682,,,,,,,,,,,,,,,,,,,,,,,,,,,,,,20,,,,,,0,,,,,,,,,,,,,,,,,,,,,,,,,,,,
2013-12-11,W1F0DCBY,ST3000DM001,3000592982016,0,,18831320,,,,,,,,0,,,,,,12344,,,,,,,,,,,,,,,,,,,,,,,,,,,,,,25,,,,,,0,,,,,,,,,,,,,,,,,,,,,,,,,,,,
2013-12-11,Z1Z0306R,ST4000DX000,4000787030016,0,,177994938,,,,,,,,0,,,,,,7131,,,,,,,,,,,,,,,,,,,,,,,,,,,,,,37,,,,,,0,,,,,,,,,,,,,,,,,,,,,,,,,,,,
2013-12-11,JK11A5B8HUZ7ZX,Hitachi HDS722020ALA330,2000398934016,0,,131073,,,,,,,,0,,,,,,23636,,,,,,,,,,,,,,,,,,,,,,,,,,,,,,26,,,,,,0,,,,,,,,,,,,,,,,,,,,,,,,,,,,
2013-12-11,W1F09V00,ST3000DM001,3000592982016,0,,212515880,,,,,,,,0,,,,,,13883,,,,,,,,,,,,,,,,,,,,,,,,,,,,,,27,,,,,,0,,,,,,,,,,,,,,,,,,,,,,,,,,,,
2013-12-11,MJ1311YNG3GSDA,Hitachi HDS5C3030ALA630,3000592982016,0,,0,,,,,,,,0,,,,,,18941,,,,,,,,,,,,,,,,,,,,,,,,,,,,,,23,,,,,,0,,,,,,,,,,,,,,,,,,,,,,,,,,,,
2013-12-11,9XW029RF,ST31500541AS,1500301910016,0,,120971155,,,,,,,,0,,,,,,33345,,,,,,,,,,,,,,,,,,,,,,,,,,,,,,21,,,,,,0,,,,,,,,,,,,,,,,,,,,,,,,,,,,
2013-12-11,JK1101B8GNNZAS,Hitachi HDS722020ALA330,2000398934016,0,,0,,,,,,,,0,,,,,,26838,,,,,,,,,,,,,,,,,,,,,,,,,,,,,,30,,,,,,0,,,,,,,,,,,,,,,,,,,,,,,,,,,,
2013-12-11,W3005ST7,ST4000DM000,4000787030016,0,,38946200,,,,,,,,0,,,,,,2611,,,,,,,,,,,,,,,,,,,,,,,,,,,,,,26,,,,,,0,,,,,,,,,,,,,,,,,,,,,,,,,,,,
2013-12-11,JK1101B9GDZ7GF,Hitachi HDS722020ALA330,2000398934016,0,,0,,,,,,,,0,,,,,,27158,,,,,,,,,,,,,,,,,,,,,,,,,,,,,,25,,,,,,0,,,,,,,,,,,,,,,,,,,,,,,,,,,,
2013-12-11,WD-WCAU47308712,WDC WD10EADS,1000204886016,0,,0,,,,,,,,0,,,,,,40532,,,,,,,,,,,,,,,,,,,,,,,,,,,,,,23,,,,,,0,,,,,,,,,,,,,,,,,,,,,,,,,,,,
2013-12-11,JK11A1YAJHGXNV,Hitachi HDS722020ALA330,2000398934016,0,,0,,,,,,,,0,,,,,,28971,,,,,,,,,,,,,,,,,,,,,,,,,,,,,,31,,,,,,0,,,,,,,,,,,,,,,,,,,,,,,,,,,,
2013-12-11,WD-WCAU47308716,WDC WD10EADS,1000204886016,0,,1,,,,,,,,0,,,,,,40557,,,,,,,,,,,,,,,,,,,,,,,,,,,,,,23,,,,,,0,,,,,,,,,,,,,,,,,,,,,,,,,,,,
2013-12-11,MJ0351YNGA3Z1A,Hitachi HDS5C3030ALA630,3000592982016,0,,0,,,,,,,,0,,,,,,9311,,,,,,,,,,,,,,,,,,,,,,,,,,,,,,30,,,,,,0,,,,,,,,,,,,,,,,,,,,,,,,,,,,
2013-12-11,PL1311LAG3E53H,Hitachi HDS5C4040ALE630,4000787030016,0,,0,,,,,,,,0,,,,,,5069,,,,,,,,,,,,,,,,,,,,,,,,,,,,,,25,,,,,,0,,,,,,,,,,,,,,,,,,,,,,,,,,,,
2013-12-11,PL1311LAG29B0H,Hitachi HDS5C4040ALE630,4000787030016,0,,0,,,,,,,,0,,,,,,6616,,,,,,,,,,,,,,,,,,,,,,,,,,,,,,24,,,,,,0,,,,,,,,,,,,,,,,,,,,,,,,,,,,
2013-12-11,JK1174YAK3W7TW,Hitachi HDS722020ALA330,2000398934016,0,,196612,,,,,,,,0,,,,,,28971,,,,,,,,,,,,,,,,,,,,,,,,,,,,,,31,,,,,,0,,,,,,,,,,,,,,,,,,,,,,,,,,,,
2013-12-11,JK11A8B9J7T3NF,Hitachi HDS722020ALA330,2000398934016,0,,0,,,,,,,,0,,,,,,26003,,,,,,,,,,,,,,,,,,,,,,,,,,,,,,27,,,,,,0,,,,,,,,,,,,,,,,,,,,,,,,,,,,
2013-12-11,JK11A4B8J56ZPW,Hitachi HDS722020ALA330,2000398934016,0,,0,,,,,,,,0,,,,,,25125,,,,,,,,,,,,,,,,,,,,,,,,,,,,,,33,,,,,,0,,,,,,,,,,,,,,,,,,,,,,,,,,,,
2013-12-11,JK1105B8GEJZ7X,Hitachi HDS722020ALA330,2000398934016,0,,0,,,,,,,,0,,,,,,26766,,,,,,,,,,,,,,,,,,,,,,,,,,,,,,24,,,,,,0,,,,,,,,,,,,,,,,,,,,,,,,,,,,
2013-12-11,6XW0VG5B,ST31500541AS,1500301910016,0,,43131820,,,,,,,,158,,,,,,33857,,,,,,,,,,,,,,,,,,,,,,,,,,,,,,19,,,,,,0,,,,,,,,,,,,,,,,,,,,,,,,,,,,
2013-12-11,JK11A8BFGUVLBF,Hitachi HDS722020ALA330,2000398934016,0,,0,,,,,,,,0,,,,,,7686,,,,,,,,,,,,,,,,,,,,,,,,,,,,,,28,,,,,,0,,,,,,,,,,,,,,,,,,,,,,,,,,,,
2013-12-11,MJ0351YNGABZ9A,Hitachi HDS5C3030ALA630,3000592982016,0,,0,,,,,,,,0,,,,,,8617,,,,,,,,,,,,,,,,,,,,,,,,,,,,,,30,,,,,,0,,,,,,,,,,,,,,,,,,,,,,,,,,,,
2013-12-11,MJ0351YNG9T3MA,Hitachi HDS5C3030ALA630,3000592982016,0,,0,,,,,,,,0,,,,,,9553,,,,,,,,,,,,,,,,,,,,,,,,,,,,,,30,,,,,,0,,,,,,,,,,,,,,,,,,,,,,,,,,,,
2013-12-11,WD-WCAWZ1855284,WDC WD30EZRX,3000592982016,0,,0,,,,,,,,0,,,,,,154,,,,,,,,,,,,,,,,,,,,,,,,,,,,,,26,,,,,,0,,,,,,,,,,,,,,,,,,,,,,,,,,,,
2013-12-11,9XK0J5QV,ST33000651AS,3000592982016,0,,230439346,,,,,,,,0,,,,,,16746,,,,,,,,,,,,,,,,,,,,,,,,,,,,,,27,,,,,,0,,,,,,,,,,,,,,,,,,,,,,,,,,,,
2013-12-11,MJ0351YNG9UKKA,Hitachi HDS5C3030ALA630,3000592982016,0,,0,,,,,,,,0,,,,,,9973,,,,,,,,,,,,,,,,,,,,,,,,,,,,,,27,,,,,,0,,,,,,,,,,,,,,,,,,,,,,,,,,,,
2013-12-11,MJ1311YNG7K4BA,Hitachi HDS5C3030ALA630,3000592982016,0,,0,,,,,,,,0,,,,,,14682,,,,,,,,,,,,,,,,,,,,,,,,,,,,,,17,,,,,,0,,,,,,,,,,,,,,,,,,,,,,,,,,,,
2013-12-11,MK0311YHGKHT7A,Hitachi HDS723030ALA640,3000592982016,0,,0,,,,,,,,0,,,,,,16805,,,,,,,,,,,,,,,,,,,,,,,,,,,,,,24,,,,,,0,,,,,,,,,,,,,,,,,,,,,,,,,,,,
2013-12-11,9VS31L8Q,ST31500341AS,1500301910016,0,,140319236,,,,,,,,7,,,,,,32431,,,,,,,,,,,,,,,,,,,,,,,,,,,,,,18,,,,,,0,,,,,,,,,,,,,,,,,,,,,,,,,,,,
2013-12-11,PL1321LAG35ENH,Hitachi HDS5C4040ALE630,4000787030016,0,,0,,,,,,,,0,,,,,,5670,,,,,,,,,,,,,,,,,,,,,,,,,,,,,,20,,,,,,0,,,,,,,,,,,,,,,,,,,,,,,,,,,,
2013-12-11,MJ1311YNG3H8HA,Hitachi HDS5C3030ALA630,3000592982016,0,,0,,,,,,,,0,,,,,,19587,,,,,,,,,,,,,,,,,,,,,,,,,,,,,,23,,,,,,0,,,,,,,,,,,,,,,,,,,,,,,,,,,,
2013-12-11,MJ0351YNG9Z5KA,Hitachi HDS5C3030ALA630,3000592982016,0,,0,,,,,,,,0,,,,,,8830,,,,,,,,,,,,,,,,,,,,,,,,,,,,,,30,,,,,,0,,,,,,,,,,,,,,,,,,,,,,,,,,,,
2013-12-11,JK11A8B9J9DBDF,Hitachi HDS722020ALA330,2000398934016,0,,0,,,,,,,,0,,,,,,24495,,,,,,,,,,,,,,,,,,,,,,,,,,,,,,30,,,,,,0,,,,,,,,,,,,,,,,,,,,,,,,,,,,
2013-12-11,MJ1321YNG0PNDA,Hitachi HDS5C3030ALA630,3000592982016,0,,5,,,,,,,,0,,,,,,20507,,,,,,,,,,,,,,,,,,,,,,,,,,,,,,25,,,,,,0,,,,,,,,,,,,,,,,,,,,,,,,,,,,
2013-12-11,PL1311LAG38K8H,Hitachi HDS5C4040ALE630,4000787030016,0,,0,,,,,,,,0,,,,,,5056,,,,,,,,,,,,,,,,,,,,,,,,,,,,,,31,,,,,,0,,,,,,,,,,,,,,,,,,,,,,,,,,,,
2013-12-11,W1F095Q0,ST3000DM001,3000592982016,0,,119696016,,,,,,,,0,,,,,,13796,,,,,,,,,,,,,,,,,,,,,,,,,,,,,,23,,,,,,24,,,,,,,,,,,,,,,,,,,,,,,,,,,,
2013-12-11,MJ1311YNG72ZTA,Hitachi HDS5C3030ALA630,3000592982016,0,,0,,,,,,,,0,,,,,,14595,,,,,,,,,,,,,,,,,,,,,,,,,,,,,,27,,,,,,0,,,,,,,,,,,,,,,,,,,,,,,,,,,,
2013-12-11,Z300NDBH,ST4000DM000,4000787030016,0,,220145672,,,,,,,,0,,,,,,1114,,,,,,,,,,,,,,,,,,,,,,,,,,,,,,27,,,,,,0,,,,,,,,,,,,,,,,,,,,,,,,,,,,
2013-12-11,MJ0351YNG9S2AA,Hitachi HDS5C3030ALA630,3000592982016,0,,0,,,,,,,,0,,,,,,8497,,,,,,,,,,,,,,,,,,,,,,,,,,,,,,26,,,,,,0,,,,,,,,,,,,,,,,,,,,,,,,,,,,
2013-12-11,S1F0CRXJ,ST3000DM001,3000592982016,0,,102995416,,,,,,,,0,,,,,,12360,,,,,,,,,,,,,,,,,,,,,,,,,,,,,,26,,,,,,0,,,,,,,,,,,,,,,,,,,,,,,,,,,,
2013-12-11,PL1321LAG2YUPH,Hitachi HDS5C4040ALE630,4000787030016,0,,0,,,,,,,,0,,,,,,5950,,,,,,,,,,,,,,,,,,,,,,,,,,,,,,23,,,,,,0,,,,,,,,,,,,,,,,,,,,,,,,,,,,
2013-12-11,S1F04RSY,ST3000DM001,3000592982016,0,,57258680,,,,,,,,0,,,,,,13881,,,,,,,,,,,,,,,,,,,,,,,,,,,,,,26,,,,,,0,,,,,,,,,,,,,,,,,,,,,,,,,,,,
2013-12-11,PL1311LAG2AY6H,Hitachi HDS5C4040ALE630,4000787030016,0,,0,,,,,,,,0,,,,,,7385,,,,,,,,,,,,,,,,,,,,,,,,,,,,,,31,,,,,,0,,,,,,,,,,,,,,,,,,,,,,,,,,,,
2013-12-11,MK0311YHG0SENA,Hitachi HDS723030ALA640,3000592982016,0,,0,,,,,,,,0,,,,,,21792,,,,,,,,,,,,,,,,,,,,,,,,,,,,,,24,,,,,,0,,,,,,,,,,,,,,,,,,,,,,,,,,,,
2013-12-11,MJ1323YNG1N24C,Hitachi HDS5C3030ALA630,3000592982016,0,,65536,,,,,,,,0,,,,,,19372,,,,,,,,,,,,,,,,,,,,,,,,,,,,,,21,,,,,,0,,,,,,,,,,,,,,,,,,,,,,,,,,,,
2013-12-11,S1F0TQY1,ST3000DM001,3000592982016,0,,113137904,,,,,,,,0,,,,,,10771,,,,,,,,,,,,,,,,,,,,,,,,,,,,,,25,,,,,,0,,,,,,,,,,,,,,,,,,,,,,,,,,,,
2013-12-11,MJ1323YNG1KN3C,Hitachi HDS5C3030ALA630,3000592982016,0,,0,,,,,,,,0,,,,,,19744,,,,,,,,,,,,,,,,,,,,,,,,,,,,,,26,,,,,,0,,,,,,,,,,,,,,,,,,,,,,,,,,,,
2013-12-11,MK0333YHGPWXWC,Hitachi HDS723030ALA640,3000592982016,0,,0,,,,,,,,0,,,,,,18088,,,,,,,,,,,,,,,,,,,,,,,,,,,,,,32,,,,,,0,,,,,,,,,,,,,,,,,,,,,,,,,,,,
2013-12-11,JK1101B9GLXK8R,Hitachi HDS722020ALA330,2000398934016,0,,0,,,,,,,,0,,,,,,26480,,,,,,,,,,,,,,,,,,,,,,,,,,,,,,24,,,,,,0,,,,,,,,,,,,,,,,,,,,,,,,,,,,
2013-12-11,JK11A8B9HZ1M3F,Hitachi HDS722020ALA330,2000398934016,0,,0,,,,,,,,0,,,,,,26329,,,,,,,,,,,,,,,,,,,,,,,,,,,,,,27,,,,,,0,,,,,,,,,,,,,,,,,,,,,,,,,,,,
2013-12-11,6XW01C78,ST31500541AS,1500301910016,0,,83271964,,,,,,,,0,,,,,,37443,,,,,,,,,,,,,,,,,,,,,,,,,,,,,,19,,,,,,0,,,,,,,,,,,,,,,,,,,,,,,,,,,,
2013-12-11,W1F09JYT,ST3000DM001,3000592982016,0,,170335208,,,,,,,,0,,,,,,13360,,,,,,,,,,,,,,,,,,,,,,,,,,,,,,25,,,,,,0,,,,,,,,,,,,,,,,,,,,,,,,,,,,
2013-12-11,Z300W085,ST4000DM000,4000787030016,0,,15650600,,,,,,,,0,,,,,,919,,,,,,,,,,,,,,,,,,,,,,,,,,,,,,21,,,,,,0,,,,,,,,,,,,,,,,,,,,,,,,,,,,
2013-12-11,6XW1CCN0,ST32000542AS,2000398934016,0,,56594391,,,,,,,,0,,,,,,17230,,,,,,,,,,,,,,,,,,,,,,,,,,,,,,24,,,,,,0,,,,,,,,,,,,,,,,,,,,,,,,,,,,
2013-12-11,JK11A8B9JPTMYF,Hitachi HDS722020ALA330,2000398934016,0,,65536,,,,,,,,0,,,,,,24112,,,,,,,,,,,,,,,,,,,,,,,,,,,,,,31,,,,,,0,,,,,,,,,,,,,,,,,,,,,,,,,,,,
2013-12-11,JK1105B8GEK8LX,Hitachi HDS722020ALA330,2000398934016,0,,1,,,,,,,,0,,,,,,26764,,,,,,,,,,,,,,,,,,,,,,,,,,,,,,28,,,,,,0,,,,,,,,,,,,,,,,,,,,,,,,,,,,
2013-12-11,Z300W08R,ST4000DM000,4000787030016,0,,1988864,,,,,,,,0,,,,,,945,,,,,,,,,,,,,,,,,,,,,,,,,,,,,,24,,,,,,0,,,,,,,,,,,,,,,,,,,,,,,,,,,,
2013-12-11,JK11A8B9J2Z9HF,Hitachi HDS722020ALA330,2000398934016,0,,0,,,,,,,,0,,,,,,24430,,,,,,,,,,,,,,,,,,,,,,,,,,,,,,27,,,,,,0,,,,,,,,,,,,,,,,,,,,,,,,,,,,
2013-12-11,MJ1311YNG3HGVA,Hitachi HDS5C3030ALA630,3000592982016,0,,0,,,,,,,,0,,,,,,18941,,,,,,,,,,,,,,,,,,,,,,,,,,,,,,23,,,,,,0,,,,,,,,,,,,,,,,,,,,,,,,,,,,
2013-12-11,MJ0351YNG9NUTA,Hitachi HDS5C3030ALA630,3000592982016,0,,0,,,,,,,,0,,,,,,9913,,,,,,,,,,,,,,,,,,,,,,,,,,,,,,35,,,,,,0,,,,,,,,,,,,,,,,,,,,,,,,,,,,
2013-12-11,9XW01V9H,ST31500541AS,1500301910016,0,,115864412,,,,,,,,0,,,,,,34326,,,,,,,,,,,,,,,,,,,,,,,,,,,,,,19,,,,,,0,,,,,,,,,,,,,,,,,,,,,,,,,,,,
2013-12-11,MJ0351YNGA6L7A,Hitachi HDS5C3030ALA630,3000592982016,0,,0,,,,,,,,0,,,,,,9146,,,,,,,,,,,,,,,,,,,,,,,,,,,,,,30,,,,,,0,,,,,,,,,,,,,,,,,,,,,,,,,,,,
2013-12-11,S1F0TQYF,ST3000DM001,3000592982016,0,,112168112,,,,,,,,0,,,,,,10837,,,,,,,,,,,,,,,,,,,,,,,,,,,,,,27,,,,,,0,,,,,,,,,,,,,,,,,,,,,,,,,,,,
2013-12-11,PL1311LAG27JTH,Hitachi HDS5C4040ALE630,4000787030016,0,,0,,,,,,,,0,,,,,,6993,,,,,,,,,,,,,,,,,,,,,,,,,,,,,,25,,,,,,0,,,,,,,,,,,,,,,,,,,,,,,,,,,,
2013-12-11,MJ1321YNG06L0A,Hitachi HDS5C3030ALA630,3000592982016,0,,0,,,,,,,,0,,,,,,20729,,,,,,,,,,,,,,,,,,,,,,,,,,,,,,31,,,,,,0,,,,,,,,,,,,,,,,,,,,,,,,,,,,
2013-12-11,S1F02Q5J,ST3000DM001,3000592982016,0,,189089560,,,,,,,,0,,,,,,15419,,,,,,,,,,,,,,,,,,,,,,,,,,,,,,26,,,,,,0,,,,,,,,,,,,,,,,,,,,,,,,,,,,
2013-12-11,5XW02ABD,ST31500541AS,1500301910016,0,,169558017,,,,,,,,0,,,,,,29594,,,,,,,,,,,,,,,,,,,,,,,,,,,,,,20,,,,,,0,,,,,,,,,,,,,,,,,,,,,,,,,,,,
2013-12-11,JK11A1YAJH8ANV,Hitachi HDS722020ALA330,2000398934016,0,,0,,,,,,,,0,,,,,,28849,,,,,,,,,,,,,,,,,,,,,,,,,,,,,,26,,,,,,0,,,,,,,,,,,,,,,,,,,,,,,,,,,,
2013-12-11,JK1131YAJJR1RV,Hitachi HDS722020ALA330,2000398934016,0,,0,,,,,,,,0,,,,,,30254,,,,,,,,,,,,,,,,,,,,,,,,,,,,,,27,,,,,,0,,,,,,,,,,,,,,,,,,,,,,,,,,,,
2013-12-11,W1F0PNA5,ST3000DM001,3000592982016,0,,154057704,,,,,,,,0,,,,,,9269,,,,,,,,,,,,,,,,,,,,,,,,,,,,,,23,,,,,,0,,,,,,,,,,,,,,,,,,,,,,,,,,,,
2013-12-11,Z1Z05PNF,ST4000DX000,4000787030016,0,,29924055,,,,,,,,0,,,,,,5379,,,,,,,,,,,,,,,,,,,,,,,,,,,,,,27,,,,,,0,,,,,,,,,,,,,,,,,,,,,,,,,,,,
2013-12-11,PL1311LAG3DL2H,Hitachi HDS5C4040ALE630,4000787030016,0,,0,,,,,,,,0,,,,,,5049,,,,,,,,,,,,,,,,,,,,,,,,,,,,,,29,,,,,,0,,,,,,,,,,,,,,,,,,,,,,,,,,,,
2013-12-11,PL1311LAG3D9VH,Hitachi HDS5C4040ALE630,4000787030016,0,,0,,,,,,,,0,,,,,,6653,,,,,,,,,,,,,,,,,,,,,,,,,,,,,,27,,,,,,0,,,,,,,,,,,,,,,,,,,,,,,,,,,,
2013-12-11,PL1321LAG3464H,Hitachi HDS5C4040ALE630,4000787030016,0,,0,,,,,,,,0,,,,,,6619,,,,,,,,,,,,,,,,,,,,,,,,,,,,,,26,,,,,,0,,,,,,,,,,,,,,,,,,,,,,,,,,,,
2013-12-11,PL2311LAG1PBPC,Hitachi HDS5C4040ALE630,4000787030016,0,,0,,,,,,,,0,,,,,,7459,,,,,,,,,,,,,,,,,,,,,,,,,,,,,,24,,,,,,0,,,,,,,,,,,,,,,,,,,,,,,,,,,,
2013-12-11,PL1311LAG3EB8H,Hitachi HDS5C4040ALE630,4000787030016,0,,0,,,,,,,,0,,,,,,5921,,,,,,,,,,,,,,,,,,,,,,,,,,,,,,23,,,,,,0,,,,,,,,,,,,,,,,,,,,,,,,,,,,
2013-12-11,PL1311LAG38SGH,Hitachi HDS5C4040ALE630,4000787030016,0,,0,,,,,,,,0,,,,,,6639,,,,,,,,,,,,,,,,,,,,,,,,,,,,,,24,,,,,,0,,,,,,,,,,,,,,,,,,,,,,,,,,,,
2013-12-11,PL1311LAG3AUSH,Hitachi HDS5C4040ALE630,4000787030016,0,,0,,,,,,,,0,,,,,,5303,,,,,,,,,,,,,,,,,,,,,,,,,,,,,,28,,,,,,0,,,,,,,,,,,,,,,,,,,,,,,,,,,,
2013-12-11,JK11A8B9J7HALF,Hitachi HDS722020ALA330,2000398934016,0,,65543,,,,,,,,0,,,,,,22697,,,,,,,,,,,,,,,,,,,,,,,,,,,,,,27,,,,,,0,,,,,,,,,,,,,,,,,,,,,,,,,,,,
2013-12-11,JK11A8B9J7WHUF,Hitachi HDS722020ALA330,2000398934016,0,,0,,,,,,,,1,,,,,,24911,,,,,,,,,,,,,,,,,,,,,,,,,,,,,,29,,,,,,0,,,,,,,,,,,,,,,,,,,,,,,,,,,,
2013-12-11,MK0311YHG2US9A,Hitachi HDS723030ALA640,3000592982016,0,,6750226,,,,,,,,98,,,,,,22347,,,,,,,,,,,,,,,,,,,,,,,,,,,,,,24,,,,,,0,,,,,,,,,,,,,,,,,,,,,,,,,,,,
2013-12-11,WD-WCC1T1283374,WDC WD30EFRX,3000592982016,0,,0,,,,,,,,0,,,,,,1354,,,,,,,,,,,,,,,,,,,,,,,,,,,,,,24,,,,,,0,,,,,,,,,,,,,,,,,,,,,,,,,,,,
2013-12-11,JK11A8B9J0LMLF,Hitachi HDS722020ALA330,2000398934016,0,,0,,,,,,,,0,,,,,,26328,,,,,,,,,,,,,,,,,,,,,,,,,,,,,,27,,,,,,0,,,,,,,,,,,,,,,,,,,,,,,,,,,,
2013-12-11,MK0313YHGBLNWC,Hitachi HDS723030ALA640,3000592982016,0,,2,,,,,,,,0,,,,,,21456,,,,,,,,,,,,,,,,,,,,,,,,,,,,,,24,,,,,,0,,,,,,,,,,,,,,,,,,,,,,,,,,,,
2013-12-11,MJ1311YNG3R45A,Hitachi HDS5C3030ALA630,3000592982016,0,,0,,,,,,,,0,,,,,,18067,,,,,,,,,,,,,,,,,,,,,,,,,,,,,,29,,,,,,0,,,,,,,,,,,,,,,,,,,,,,,,,,,,
2013-12-11,JK11A8B9J2WMJF,Hitachi HDS722020ALA330,2000398934016,0,,0,,,,,,,,8,,,,,,24502,,,,,,,,,,,,,,,,,,,,,,,,,,,,,,31,,,,,,0,,,,,,,,,,,,,,,,,,,,,,,,,,,,
2013-12-11,S1F122HQ,ST3000DM001,3000592982016,0,,243521392,,,,,,,,0,,,,,,7991,,,,,,,,,,,,,,,,,,,,,,,,,,,,,,17,,,,,,0,,,,,,,,,,,,,,,,,,,,,,,,,,,,
2013-12-11,Z300CX9Q,ST4000DM000,4000787030016,0,,64310360,,,,,,,,0,,,,,,2218,,,,,,,,,,,,,,,,,,,,,,,,,,,,,,24,,,,,,0,,,,,,,,,,,,,,,,,,,,,,,,,,,,
2013-12-11,W1F0A573,ST3000DM001,3000592982016,0,,138753808,,,,,,,,0,,,,,,15223,,,,,,,,,,,,,,,,,,,,,,,,,,,,,,21,,,,,,0,,,,,,,,,,,,,,,,,,,,,,,,,,,,
2013-12-11,JK1171YAK1ZHUN,Hitachi HDS722020ALA330,2000398934016,0,,65536,,,,,,,,0,,,,,,29668,,,,,,,,,,,,,,,,,,,,,,,,,,,,,,32,,,,,,0,,,,,,,,,,,,,,,,,,,,,,,,,,,,
2013-12-11,JK1101B9GLBZDR,Hitachi HDS722020ALA330,2000398934016,0,,65538,,,,,,,,0,,,,,,26764,,,,,,,,,,,,,,,,,,,,,,,,,,,,,,27,,,,,,0,,,,,,,,,,,,,,,,,,,,,,,,,,,,
2013-12-11,Z300JAQN,ST4000DM000,4000787030016,0,,240330688,,,,,,,,0,,,,,,2241,,,,,,,,,,,,,,,,,,,,,,,,,,,,,,21,,,,,,0,,,,,,,,,,,,,,,,,,,,,,,,,,,,
2013-12-11,MK0313YHGDDGVC,Hitachi HDS723030ALA640,3000592982016,0,,81949710,,,,,,,,0,,,,,,21459,,,,,,,,,,,,,,,,,,,,,,,,,,,,,,24,,,,,,0,,,,,,,,,,,,,,,,,,,,,,,,,,,,
2013-12-11,MK0331YHGSYYTA,Hitachi HDS723030ALA640,3000592982016,0,,0,,,,,,,,0,,,,,,17016,,,,,,,,,,,,,,,,,,,,,,,,,,,,,,28,,,,,,0,,,,,,,,,,,,,,,,,,,,,,,,,,,,
2013-12-11,MJ1311YNG0GGJA,Hitachi HDS5C3030ALA630,3000592982016,0,,65536,,,,,,,,0,,,,,,20498,,,,,,,,,,,,,,,,,,,,,,,,,,,,,,32,,,,,,0,,,,,,,,,,,,,,,,,,,,,,,,,,,,
2013-12-11,MJ1311YNG0N6UA,Hitachi HDS5C3030ALA630,3000592982016,0,,0,,,,,,,,0,,,,,,20729,,,,,,,,,,,,,,,,,,,,,,,,,,,,,,32,,,,,,0,,,,,,,,,,,,,,,,,,,,,,,,,,,,
2013-12-11,MJ0351YNGA430A,Hitachi HDS5C3030ALA630,3000592982016,0,,0,,,,,,,,0,,,,,,8641,,,,,,,,,,,,,,,,,,,,,,,,,,,,,,26,,,,,,0,,,,,,,,,,,,,,,,,,,,,,,,,,,,
2013-12-11,W300BY5K,ST4000DM000,4000787030016,0,,49062440,,,,,,,,0,,,,,,128,,,,,,,,,,,,,,,,,,,,,,,,,,,,,,22,,,,,,0,,,,,,,,,,,,,,,,,,,,,,,,,,,,
2013-12-11,JK2171B9J29YEL,Hitachi HDS722020ALA330,2000398934016,0,,0,,,,,,,,0,,,,,,22414,,,,,,,,,,,,,,,,,,,,,,,,,,,,,,28,,,,,,0,,,,,,,,,,,,,,,,,,,,,,,,,,,,
2013-12-11,JK1130YAHBL3TT,Hitachi HDS722020ALA330,2000398934016,0,,131074,,,,,,,,0,,,,,,30171,,,,,,,,,,,,,,,,,,,,,,,,,,,,,,32,,,,,,0,,,,,,,,,,,,,,,,,,,,,,,,,,,,
2013-12-11,Z290ZSBC,ST33000651AS,3000592982016,0,,136259747,,,,,,,,0,,,,,,15916,,,,,,,,,,,,,,,,,,,,,,,,,,,,,,27,,,,,,0,,,,,,,,,,,,,,,,,,,,,,,,,,,,
2013-12-11,MJ0351YNGA196A,Hitachi HDS5C3030ALA630,3000592982016,0,,0,,,,,,,,0,,,,,,8093,,,,,,,,,,,,,,,,,,,,,,,,,,,,,,24,,,,,,0,,,,,,,,,,,,,,,,,,,,,,,,,,,,
2013-12-11,JK11A8B9J3M0PF,Hitachi HDS722020ALA330,2000398934016,0,,0,,,,,,,,0,,,,,,23709,,,,,,,,,,,,,,,,,,,,,,,,,,,,,,28,,,,,,0,,,,,,,,,,,,,,,,,,,,,,,,,,,,
2013-12-11,PL1311LAG3A8JH,Hitachi HDS5C4040ALE630,4000787030016,0,,0,,,,,,,,0,,,,,,3629,,,,,,,,,,,,,,,,,,,,,,,,,,,,,,29,,,,,,0,,,,,,,,,,,,,,,,,,,,,,,,,,,,
2013-12-11,Z1Z05QD2,ST4000DX000,4000787030016,0,,89608353,,,,,,,,0,,,,,,5379,,,,,,,,,,,,,,,,,,,,,,,,,,,,,,26,,,,,,0,,,,,,,,,,,,,,,,,,,,,,,,,,,,
2013-12-11,MJ0351YNGA6ZRA,Hitachi HDS5C3030ALA630,3000592982016,0,,0,,,,,,,,0,,,,,,9162,,,,,,,,,,,,,,,,,,,,,,,,,,,,,,30,,,,,,0,,,,,,,,,,,,,,,,,,,,,,,,,,,,
2013-12-11,WD-WCAU45663512,WDC WD10EADS,1000204886016,0,,5,,,,,,,,0,,,,,,38897,,,,,,,,,,,,,,,,,,,,,,,,,,,,,,30,,,,,,0,,,,,,,,,,,,,,,,,,,,,,,,,,,,
2013-12-11,MJ1311YNG5MN1A,Hitachi HDS5C3030ALA630,3000592982016,0,,0,,,,,,,,0,,,,,,14624,,,,,,,,,,,,,,,,,,,,,,,,,,,,,,22,,,,,,0,,,,,,,,,,,,,,,,,,,,,,,,,,,,
2013-12-11,PL1311LAG2B0JH,Hitachi HDS5C4040ALE630,4000787030016,0,,0,,,,,,,,0,,,,,,7461,,,,,,,,,,,,,,,,,,,,,,,,,,,,,,26,,,,,,0,,,,,,,,,,,,,,,,,,,,,,,,,,,,
2013-12-11,WD-WCAU45684108,WDC WD10EADS,1000204886016,0,,9,,,,,,,,0,,,,,,38925,,,,,,,,,,,,,,,,,,,,,,,,,,,,,,26,,,,,,0,,,,,,,,,,,,,,,,,,,,,,,,,,,,
2013-12-11,W1F0A57P,ST3000DM001,3000592982016,0,,194285520,,,,,,,,0,,,,,,14712,,,,,,,,,,,,,,,,,,,,,,,,,,,,,,26,,,,,,0,,,,,,,,,,,,,,,,,,,,,,,,,,,,
2013-12-11,W300915L,ST4000DM000,4000787030016,0,,154289984,,,,,,,,0,,,,,,4166,,,,,,,,,,,,,,,,,,,,,,,,,,,,,,24,,,,,,0,,,,,,,,,,,,,,,,,,,,,,,,,,,,
2013-12-11,W300915J,ST4000DM000,4000787030016,0,,60971800,,,,,,,,0,,,,,,4140,,,,,,,,,,,,,,,,,,,,,,,,,,,,,,24,,,,,,0,,,,,,,,,,,,,,,,,,,,,,,,,,,,
2013-12-11,JK2171B9J02SEL,Hitachi HDS722020ALA330,2000398934016,0,,0,,,,,,,,1,,,,,,26010,,,,,,,,,,,,,,,,,,,,,,,,,,,,,,27,,,,,,0,,,,,,,,,,,,,,,,,,,,,,,,,,,,
2013-12-11,5XW076L8,ST31500541AS,1500301910016,0,,176417170,,,,,,,,0,,,,,,31466,,,,,,,,,,,,,,,,,,,,,,,,,,,,,,22,,,,,,0,,,,,,,,,,,,,,,,,,,,,,,,,,,,
2013-12-11,WD-WCAWZ1079208,WDC WD30EZRX,3000592982016,0,,0,,,,,,,,0,,,,,,16063,,,,,,,,,,,,,,,,,,,,,,,,,,,,,,19,,,,,,0,,,,,,,,,,,,,,,,,,,,,,,,,,,,
2013-12-11,W300CY5Q,ST4000DM000,4000787030016,0,,136482760,,,,,,,,0,,,,,,4136,,,,,,,,,,,,,,,,,,,,,,,,,,,,,,22,,,,,,0,,,,,,,,,,,,,,,,,,,,,,,,,,,,
2013-12-11,W300CY5P,ST4000DM000,4000787030016,0,,178342784,,,,,,,,0,,,,,,4290,,,,,,,,,,,,,,,,,,,,,,,,,,,,,,24,,,,,,0,,,,,,,,,,,,,,,,,,,,,,,,,,,,
2013-12-11,W1F0A57E,ST3000DM001,3000592982016,0,,130898736,,,,,,,,0,,,,,,14732,,,,,,,,,,,,,,,,,,,,,,,,,,,,,,26,,,,,,0,,,,,,,,,,,,,,,,,,,,,,,,,,,,
2013-12-11,W300CY5T,ST4000DM000,4000787030016,0,,16778384,,,,,,,,0,,,,,,4160,,,,,,,,,,,,,,,,,,,,,,,,,,,,,,23,,,,,,0,,,,,,,,,,,,,,,,,,,,,,,,,,,,
2013-12-11,PL1321LAG2STAH,Hitachi HDS5C4040ALE630,4000787030016,0,,0,,,,,,,,0,,,,,,6652,,,,,,,,,,,,,,,,,,,,,,,,,,,,,,21,,,,,,0,,,,,,,,,,,,,,,,,,,,,,,,,,,,
2013-12-11,MJ1323YNG1EJLC,Hitachi HDS5C3030ALA630,3000592982016,0,,0,,,,,,,,0,,,,,,19770,,,,,,,,,,,,,,,,,,,,,,,,,,,,,,25,,,,,,0,,,,,,,,,,,,,,,,,,,,,,,,,,,,
2013-12-11,JK11A8B9J81LDF,Hitachi HDS722020ALA330,2000398934016,0,,0,,,,,,,,0,,,,,,26011,,,,,,,,,,,,,,,,,,,,,,,,,,,,,,24,,,,,,0,,,,,,,,,,,,,,,,,,,,,,,,,,,,
2013-12-11,PL1321LAGAXJAH,Hitachi HDS5C4040ALE630,4000787030016,0,,0,,,,,,,,0,,,,,,5049,,,,,,,,,,,,,,,,,,,,,,,,,,,,,,30,,,,,,0,,,,,,,,,,,,,,,,,,,,,,,,,,,,
2013-12-11,Z1F0CX0D,ST3000DM001,3000592982016,0,,239547432,,,,,,,,0,,,,,,3678,,,,,,,,,,,,,,,,,,,,,,,,,,,,,,27,,,,,,0,,,,,,,,,,,,,,,,,,,,,,,,,,,,
2013-12-11,MK0333YHGPDPAC,Hitachi HDS723030ALA640,3000592982016,0,,0,,,,,,,,0,,,,,,18088,,,,,,,,,,,,,,,,,,,,,,,,,,,,,,28,,,,,,0,,,,,,,,,,,,,,,,,,,,,,,,,,,,
2013-12-11,S1F0GGJD,ST3000DM001,3000592982016,0,,225852192,,,,,,,,0,,,,,,11723,,,,,,,,,,,,,,,,,,,,,,,,,,,,,,24,,,,,,0,,,,,,,,,,,,,,,,,,,,,,,,,,,,
2013-12-11,6XW01HBA,ST31500541AS,1500301910016,0,,152761683,,,,,,,,0,,,,,,35756,,,,,,,,,,,,,,,,,,,,,,,,,,,,,,17,,,,,,0,,,,,,,,,,,,,,,,,,,,,,,,,,,,
2013-12-11,WD-WMC1T1611733,WDC WD30EFRX,3000592982016,0,,7,,,,,,,,0,,,,,,7392,,,,,,,,,,,,,,,,,,,,,,,,,,,,,,22,,,,,,0,,,,,,,,,,,,,,,,,,,,,,,,,,,,
2013-12-11,Z300LWLY,ST4000DM000,4000787030016,0,,114839272,,,,,,,,0,,,,,,1094,,,,,,,,,,,,,,,,,,,,,,,,,,,,,,19,,,,,,0,,,,,,,,,,,,,,,,,,,,,,,,,,,,
2013-12-11,MJ0351YNG9YMTA,Hitachi HDS5C3030ALA630,3000592982016,0,,0,,,,,,,,0,,,,,,8883,,,,,,,,,,,,,,,,,,,,,,,,,,,,,,31,,,,,,0,,,,,,,,,,,,,,,,,,,,,,,,,,,,
2013-12-11,JK1101YAK73MBV,Hitachi HDS722020ALA330,2000398934016,0,,65536,,,,,,,,0,,,,,,29212,,,,,,,,,,,,,,,,,,,,,,,,,,,,,,28,,,,,,0,,,,,,,,,,,,,,,,,,,,,,,,,,,,
2013-12-11,PL1321LAG360HH,Hitachi HDS5C4040ALE630,4000787030016,0,,0,,,,,,,,0,,,,,,6649,,,,,,,,,,,,,,,,,,,,,,,,,,,,,,25,,,,,,0,,,,,,,,,,,,,,,,,,,,,,,,,,,,
2013-12-11,S1F138HL,ST3000DM001,3000592982016,0,,148929296,,,,,,,,0,,,,,,8178,,,,,,,,,,,,,,,,,,,,,,,,,,,,,,24,,,,,,0,,,,,,,,,,,,,,,,,,,,,,,,,,,,
2013-12-11,WD-WCAU4A486072,WDC WD10EADS,1000204886016,0,,1449,,,,,,,,0,,,,,,32257,,,,,,,,,,,,,,,,,,,,,,,,,,,,,,28,,,,,,19,,,,,,,,,,,,,,,,,,,,,,,,,,,,
2013-12-11,WD-WMC1T0038395,WDC WD30EFRX,3000592982016,0,,0,,,,,,,,0,,,,,,8840,,,,,,,,,,,,,,,,,,,,,,,,,,,,,,27,,,,,,0,,,,,,,,,,,,,,,,,,,,,,,,,,,,
2013-12-11,WD-WCAWZ0506367,WDC WD30EZRX,3000592982016,0,,0,,,,,,,,0,,,,,,15833,,,,,,,,,,,,,,,,,,,,,,,,,,,,,,22,,,,,,90,,,,,,,,,,,,,,,,,,,,,,,,,,,,
2013-12-11,MJ1323YNG127TC,Hitachi HDS5C3030ALA630,3000592982016,0,,0,,,,,,,,0,,,,,,20508,,,,,,,,,,,,,,,,,,,,,,,,,,,,,,24,,,,,,0,,,,,,,,,,,,,,,,,,,,,,,,,,,,
2013-12-11,MJ1311YNG38NUA,Hitachi HDS5C3030ALA630,3000592982016,0,,0,,,,,,,,0,,,,,,18067,,,,,,,,,,,,,,,,,,,,,,,,,,,,,,23,,,,,,0,,,,,,,,,,,,,,,,,,,,,,,,,,,,
2013-12-11,JK11A8B9J2UKPF,Hitachi HDS722020ALA330,2000398934016,0,,65536,,,,,,,,0,,,,,,23710,,,,,,,,,,,,,,,,,,,,,,,,,,,,,,31,,,,,,0,,,,,,,,,,,,,,,,,,,,,,,,,,,,
2013-12-11,9VS3FFXA,ST31500341AS,1500301910016,0,,29228290,,,,,,,,364,,,,,,32876,,,,,,,,,,,,,,,,,,,,,,,,,,,,,,23,,,,,,0,,,,,,,,,,,,,,,,,,,,,,,,,,,,
2013-12-11,MJ0351YNGA6YPA,Hitachi HDS5C3030ALA630,3000592982016,0,,0,,,,,,,,0,,,,,,8665,,,,,,,,,,,,,,,,,,,,,,,,,,,,,,27,,,,,,0,,,,,,,,,,,,,,,,,,,,,,,,,,,,
2013-12-11,Z300K0XA,ST4000DM000,4000787030016,0,,185357608,,,,,,,,0,,,,,,2217,,,,,,,,,,,,,,,,,,,,,,,,,,,,,,23,,,,,,0,,,,,,,,,,,,,,,,,,,,,,,,,,,,
2013-12-11,9XW02784,ST31500541AS,1500301910016,0,,214772039,,,,,,,,0,,,,,,35228,,,,,,,,,,,,,,,,,,,,,,,,,,,,,,17,,,,,,0,,,,,,,,,,,,,,,,,,,,,,,,,,,,
2013-12-11,JK11A8B9HVX5NF,Hitachi HDS722020ALA330,2000398934016,0,,0,,,,,,,,0,,,,,,26027,,,,,,,,,,,,,,,,,,,,,,,,,,,,,,29,,,,,,0,,,,,,,,,,,,,,,,,,,,,,,,,,,,
2013-12-11,W1F0X44H,ST3000DM001,3000592982016,0,,235118456,,,,,,,,0,,,,,,10499,,,,,,,,,,,,,,,,,,,,,,,,,,,,,,22,,,,,,0,,,,,,,,,,,,,,,,,,,,,,,,,,,,
2013-12-11,PL1331LAG5AV3H,HGST HMS5C4040ALE640,4000787030016,0,,0,,,,,,,,0,,,,,,9402,,,,,,,,,,,,,,,,,,,,,,,,,,,,,,30,,,,,,0,,,,,,,,,,,,,,,,,,,,,,,,,,,,
2013-12-11,MK0331YHGLRKMA,Hitachi HDS723030ALA640,3000592982016,0,,0,,,,,,,,0,,,,,,17358,,,,,,,,,,,,,,,,,,,,,,,,,,,,,,21,,,,,,0,,,,,,,,,,,,,,,,,,,,,,,,,,,,
2013-12-11,S1F07EXG,ST3000DM001,3000592982016,0,,124619624,,,,,,,,0,,,,,,12345,,,,,,,,,,,,,,,,,,,,,,,,,,,,,,24,,,,,,24,,,,,,,,,,,,,,,,,,,,,,,,,,,,
2013-12-11,JK1130YAHRMTGT,Hitachi HDS722020ALA330,2000398934016,0,,65540,,,,,,,,0,,,,,,30171,,,,,,,,,,,,,,,,,,,,,,,,,,,,,,28,,,,,,0,,,,,,,,,,,,,,,,,,,,,,,,,,,,
2013-12-11,WD-WMC1T1417260,WDC WD30EFRX,3000592982016,0,,0,,,,,,,,0,,,,,,7392,,,,,,,,,,,,,,,,,,,,,,,,,,,,,,24,,,,,,0,,,,,,,,,,,,,,,,,,,,,,,,,,,,
2013-12-11,MK0313YHGK21NC,Hitachi HDS723030ALA640,3000592982016,0,,0,,,,,,,,0,,,,,,16682,,,,,,,,,,,,,,,,,,,,,,,,,,,,,,31,,,,,,0,,,,,,,,,,,,,,,,,,,,,,,,,,,,
2013-12-11,JK11A8B9J38TDF,Hitachi HDS722020ALA330,2000398934016,0,,0,,,,,,,,0,,,,,,23711,,,,,,,,,,,,,,,,,,,,,,,,,,,,,,28,,,,,,0,,,,,,,,,,,,,,,,,,,,,,,,,,,,
2013-12-11,W1F0AYL6,ST3000DM001,3000592982016,0,,228475584,,,,,,,,0,,,,,,14234,,,,,,,,,,,,,,,,,,,,,,,,,,,,,,20,,,,,,0,,,,,,,,,,,,,,,,,,,,,,,,,,,,
2013-12-11,PL1321LAG33VLH,Hitachi HDS5C4040ALE630,4000787030016,0,,0,,,,,,,,0,,,,,,5925,,,,,,,,,,,,,,,,,,,,,,,,,,,,,,18,,,,,,0,,,,,,,,,,,,,,,,,,,,,,,,,,,,
2013-12-11,MJ0351YNGA8ZRA,Hitachi HDS5C3030ALA630,3000592982016,0,,0,,,,,,,,0,,,,,,8505,,,,,,,,,,,,,,,,,,,,,,,,,,,,,,24,,,,,,0,,,,,,,,,,,,,,,,,,,,,,,,,,,,
2013-12-11,JK1175YAHU30BX,Hitachi HDS722020ALA330,2000398934016,0,,0,,,,,,,,11,,,,,,30501,,,,,,,,,,,,,,,,,,,,,,,,,,,,,,33,,,,,,0,,,,,,,,,,,,,,,,,,,,,,,,,,,,
2013-12-11,W300DCZ4,ST4000DM000,4000787030016,0,,86194408,,,,,,,,0,,,,,,4153,,,,,,,,,,,,,,,,,,,,,,,,,,,,,,25,,,,,,0,,,,,,,,,,,,,,,,,,,,,,,,,,,,
2013-12-11,W1F0A3D7,ST3000DM001,3000592982016,0,,28472568,,,,,,,,0,,,,,,13887,,,,,,,,,,,,,,,,,,,,,,,,,,,,,,22,,,,,,0,,,,,,,,,,,,,,,,,,,,,,,,,,,,
2013-12-11,WD-WMAYM0120881,WDC WD10EADS,1000204886016,0,,0,,,,,,,,0,,,,,,5322,,,,,,,,,,,,,,,,,,,,,,,,,,,,,,27,,,,,,0,,,,,,,,,,,,,,,,,,,,,,,,,,,,
2013-12-11,S1F0RLAF,ST3000DM001,3000592982016,0,,158001696,,,,,,,,0,,,,,,11578,,,,,,,,,,,,,,,,,,,,,,,,,,,,,,26,,,,,,0,,,,,,,,,,,,,,,,,,,,,,,,,,,,
2013-12-11,JK11A8B9J78V9F,Hitachi HDS722020ALA330,2000398934016,0,,0,,,,,,,,0,,,,,,25541,,,,,,,,,,,,,,,,,,,,,,,,,,,,,,25,,,,,,0,,,,,,,,,,,,,,,,,,,,,,,,,,,,
2013-12-11,9XW0243X,ST31500541AS,1500301910016,0,,31799538,,,,,,,,0,,,,,,33531,,,,,,,,,,,,,,,,,,,,,,,,,,,,,,19,,,,,,0,,,,,,,,,,,,,,,,,,,,,,,,,,,,
2013-12-11,Z1F1A0CJ,ST3000DM001,3000592982016,0,,139620640,,,,,,,,0,,,,,,8163,,,,,,,,,,,,,,,,,,,,,,,,,,,,,,28,,,,,,0,,,,,,,,,,,,,,,,,,,,,,,,,,,,
2013-12-11,MJ0351YNGA17TA,Hitachi HDS5C3030ALA630,3000592982016,0,,0,,,,,,,,0,,,,,,9132,,,,,,,,,,,,,,,,,,,,,,,,,,,,,,25,,,,,,0,,,,,,,,,,,,,,,,,,,,,,,,,,,,
2013-12-11,W3006521,ST4000DM000,4000787030016,0,,14149568,,,,,,,,0,,,,,,2844,,,,,,,,,,,,,,,,,,,,,,,,,,,,,,24,,,,,,0,,,,,,,,,,,,,,,,,,,,,,,,,,,,
2013-12-11,W3006520,ST4000DM000,4000787030016,0,,141917520,,,,,,,,0,,,,,,2845,,,,,,,,,,,,,,,,,,,,,,,,,,,,,,26,,,,,,0,,,,,,,,,,,,,,,,,,,,,,,,,,,,
2013-12-11,PL1321LAG342KH,Hitachi HDS5C4040ALE630,4000787030016,0,,0,,,,,,,,0,,,,,,5140,,,,,,,,,,,,,,,,,,,,,,,,,,,,,,30,,,,,,0,,,,,,,,,,,,,,,,,,,,,,,,,,,,
2013-12-11,W1F0915A,ST3000DM001,3000592982016,0,,242199720,,,,,,,,0,,,,,,15365,,,,,,,,,,,,,,,,,,,,,,,,,,,,,,23,,,,,,0,,,,,,,,,,,,,,,,,,,,,,,,,,,,
2013-12-11,MJ1311YNG3ERAA,Hitachi HDS5C3030ALA630,3000592982016,0,,0,,,,,,,,0,,,,,,18928,,,,,,,,,,,,,,,,,,,,,,,,,,,,,,28,,,,,,0,,,,,,,,,,,,,,,,,,,,,,,,,,,,
2013-12-11,PL2311LAG1MHZC,Hitachi HDS5C4040ALE630,4000787030016,0,,0,,,,,,,,0,,,,,,7756,,,,,,,,,,,,,,,,,,,,,,,,,,,,,,26,,,,,,0,,,,,,,,,,,,,,,,,,,,,,,,,,,,
2013-12-11,MJ1311YNG5GA3A,Hitachi HDS5C3030ALA630,3000592982016,0,,0,,,,,,,,0,,,,,,14310,,,,,,,,,,,,,,,,,,,,,,,,,,,,,,26,,,,,,0,,,,,,,,,,,,,,,,,,,,,,,,,,,,
2013-12-11,MJ1311YNG7ARHA,Hitachi HDS5C3030ALA630,3000592982016,0,,0,,,,,,,,0,,,,,,14621,,,,,,,,,,,,,,,,,,,,,,,,,,,,,,20,,,,,,0,,,,,,,,,,,,,,,,,,,,,,,,,,,,
2013-12-11,MJ0351YNG9VPUA,Hitachi HDS5C3030ALA630,3000592982016,0,,0,,,,,,,,0,,,,,,9941,,,,,,,,,,,,,,,,,,,,,,,,,,,,,,25,,,,,,0,,,,,,,,,,,,,,,,,,,,,,,,,,,,
2013-12-11,MJ1321YNG0R95A,Hitachi HDS5C3030ALA630,3000592982016,0,,458866,,,,,,,,0,,,,,,20507,,,,,,,,,,,,,,,,,,,,,,,,,,,,,,26,,,,,,0,,,,,,,,,,,,,,,,,,,,,,,,,,,,
2013-12-11,6XW04FKS,ST31500541AS,1500301910016,0,,18923918,,,,,,,,0,,,,,,36380,,,,,,,,,,,,,,,,,,,,,,,,,,,,,,19,,,,,,0,,,,,,,,,,,,,,,,,,,,,,,,,,,,
2013-12-11,Z300MQX1,ST4000DM000,4000787030016,0,,111162344,,,,,,,,0,,,,,,2845,,,,,,,,,,,,,,,,,,,,,,,,,,,,,,28,,,,,,0,,,,,,,,,,,,,,,,,,,,,,,,,,,,
2013-12-11,W3009XE2,ST4000DM000,4000787030016,0,,69111568,,,,,,,,0,,,,,,4153,,,,,,,,,,,,,,,,,,,,,,,,,,,,,,21,,,,,,0,,,,,,,,,,,,,,,,,,,,,,,,,,,,
2013-12-11,MJ0351YNG9YBYA,Hitachi HDS5C3030ALA630,3000592982016,0,,0,,,,,,,,0,,,,,,9989,,,,,,,,,,,,,,,,,,,,,,,,,,,,,,28,,,,,,0,,,,,,,,,,,,,,,,,,,,,,,,,,,,
2013-12-11,JK11A8B9J3V94F,Hitachi HDS722020ALA330,2000398934016,0,,0,,,,,,,,3,,,,,,23587,,,,,,,,,,,,,,,,,,,,,,,,,,,,,,33,,,,,,0,,,,,,,,,,,,,,,,,,,,,,,,,,,,
2013-12-11,WD-WMC1T0334435,WDC WD30EZRX,3000592982016,0,,0,,,,,,,,0,,,,,,156,,,,,,,,,,,,,,,,,,,,,,,,,,,,,,24,,,,,,0,,,,,,,,,,,,,,,,,,,,,,,,,,,,
2013-12-11,PL1311LAG21ARA,Hitachi HDS5C4040ALE630,4000787030016,0,,0,,,,,,,,0,,,,,,6993,,,,,,,,,,,,,,,,,,,,,,,,,,,,,,24,,,,,,0,,,,,,,,,,,,,,,,,,,,,,,,,,,,
2013-12-11,WD-WCAV5R441153,WDC WD10EADS,1000204886016,0,,0,,,,,,,,0,,,,,,19039,,,,,,,,,,,,,,,,,,,,,,,,,,,,,,29,,,,,,0,,,,,,,,,,,,,,,,,,,,,,,,,,,,
2013-12-11,JK11A8B9J2ZJWF,Hitachi HDS722020ALA330,2000398934016,0,,0,,,,,,,,0,,,,,,24501,,,,,,,,,,,,,,,,,,,,,,,,,,,,,,32,,,,,,0,,,,,,,,,,,,,,,,,,,,,,,,,,,,
2013-12-11,W300KMCC,ST4000DM000,4000787030016,0,,101809800,,,,,,,,0,,,,,,948,,,,,,,,,,,,,,,,,,,,,,,,,,,,,,19,,,,,,0,,,,,,,,,,,,,,,,,,,,,,,,,,,,
2013-12-11,Z1F0QJLY,ST3000DM001,3000592982016,0,,5397472,,,,,,,,0,,,,,,12173,,,,,,,,,,,,,,,,,,,,,,,,,,,,,,29,,,,,,0,,,,,,,,,,,,,,,,,,,,,,,,,,,,
2013-12-11,S1F0GKL6,ST3000DM001,3000592982016,0,,81418776,,,,,,,,0,,,,,,11722,,,,,,,,,,,,,,,,,,,,,,,,,,,,,,27,,,,,,0,,,,,,,,,,,,,,,,,,,,,,,,,,,,
2013-12-11,WD-WCAU45645101,WDC WD10EADS,1000204886016,0,,1,,,,,,,,0,,,,,,41166,,,,,,,,,,,,,,,,,,,,,,,,,,,,,,29,,,,,,0,,,,,,,,,,,,,,,,,,,,,,,,,,,,
2013-12-11,WD-WCAU45645102,WDC WD10EADS,1000204886016,0,,1,,,,,,,,0,,,,,,41129,,,,,,,,,,,,,,,,,,,,,,,,,,,,,,30,,,,,,0,,,,,,,,,,,,,,,,,,,,,,,,,,,,
2013-12-11,W300E12C,ST4000DM000,4000787030016,0,,151623976,,,,,,,,0,,,,,,4146,,,,,,,,,,,,,,,,,,,,,,,,,,,,,,24,,,,,,0,,,,,,,,,,,,,,,,,,,,,,,,,,,,
2013-12-11,JK1104B8JRX8AW,Hitachi HDS722020ALA330,2000398934016,0,,65536,,,,,,,,0,,,,,,23319,,,,,,,,,,,,,,,,,,,,,,,,,,,,,,31,,,,,,0,,,,,,,,,,,,,,,,,,,,,,,,,,,,
2013-12-11,PL1311LAG1824A,Hitachi HDS5C4040ALE630,4000787030016,0,,0,,,,,,,,0,,,,,,7463,,,,,,,,,,,,,,,,,,,,,,,,,,,,,,25,,,,,,0,,,,,,,,,,,,,,,,,,,,,,,,,,,,
2013-12-11,MJ1311YNG7SN0A,Hitachi HDS5C3030ALA630,3000592982016,0,,0,,,,,,,,0,,,,,,6699,,,,,,,,,,,,,,,,,,,,,,,,,,,,,,22,,,,,,0,,,,,,,,,,,,,,,,,,,,,,,,,,,,
2013-12-11,W1F1D899,ST3000DM001,3000592982016,0,,238206136,,,,,,,,0,,,,,,7994,,,,,,,,,,,,,,,,,,,,,,,,,,,,,,21,,,,,,0,,,,,,,,,,,,,,,,,,,,,,,,,,,,
2013-12-11,JK11A4B8J6V45W,Hitachi HDS722020ALA330,2000398934016,0,,0,,,,,,,,0,,,,,,26010,,,,,,,,,,,,,,,,,,,,,,,,,,,,,,25,,,,,,0,,,,,,,,,,,,,,,,,,,,,,,,,,,,
2013-12-11,6XW0HR4L,ST31500541AS,1500301910016,0,,181379901,,,,,,,,0,,,,,,30749,,,,,,,,,,,,,,,,,,,,,,,,,,,,,,16,,,,,,0,,,,,,,,,,,,,,,,,,,,,,,,,,,,
2013-12-11,JK1105B8GEUHBX,Hitachi HDS722020ALA330,2000398934016,0,,0,,,,,,,,0,,,,,,27169,,,,,,,,,,,,,,,,,,,,,,,,,,,,,,24,,,,,,0,,,,,,,,,,,,,,,,,,,,,,,,,,,,
2013-12-11,W300CA3X,ST4000DM000,4000787030016,0,,127901944,,,,,,,,0,,,,,,1331,,,,,,,,,,,,,,,,,,,,,,,,,,,,,,21,,,,,,0,,,,,,,,,,,,,,,,,,,,,,,,,,,,
2013-12-11,Z300GYVW,ST4000DM000,4000787030016,0,,237321368,,,,,,,,0,,,,,,3584,,,,,,,,,,,,,,,,,,,,,,,,,,,,,,25,,,,,,0,,,,,,,,,,,,,,,,,,,,,,,,,,,,
2013-12-11,W1F0TA55,ST3000DM001,3000592982016,0,,99145376,,,,,,,,0,,,,,,11025,,,,,,,,,,,,,,,,,,,,,,,,,,,,,,25,,,,,,0,,,,,,,,,,,,,,,,,,,,,,,,,,,,
2013-12-11,JK11A4B8JR448W,Hitachi HDS722020ALA330,2000398934016,0,,0,,,,,,,,0,,,,,,23822,,,,,,,,,,,,,,,,,,,,,,,,,,,,,,25,,,,,,0,,,,,,,,,,,,,,,,,,,,,,,,,,,,
2013-12-11,W1F0KD6Z,ST3000DM001,3000592982016,0,,114049112,,,,,,,,0,,,,,,12248,,,,,,,,,,,,,,,,,,,,,,,,,,,,,,24,,,,,,0,,,,,,,,,,,,,,,,,,,,,,,,,,,,
2013-12-11,W1F0TA59,ST3000DM001,3000592982016,0,,7338728,,,,,,,,0,,,,,,9268,,,,,,,,,,,,,,,,,,,,,,,,,,,,,,27,,,,,,0,,,,,,,,,,,,,,,,,,,,,,,,,,,,
2013-12-11,Z300GYVE,ST4000DM000,4000787030016,0,,218859712,,,,,,,,0,,,,,,3361,,,,,,,,,,,,,,,,,,,,,,,,,,,,,,20,,,,,,0,,,,,,,,,,,,,,,,,,,,,,,,,,,,
2013-12-11,Z300GYVB,ST4000DM000,4000787030016,0,,40075288,,,,,,,,0,,,,,,3581,,,,,,,,,,,,,,,,,,,,,,,,,,,,,,23,,,,,,0,,,,,,,,,,,,,,,,,,,,,,,,,,,,
2013-12-11,MJ1311YNG4J9WA,Hitachi HDS5C3030ALA630,3000592982016,0,,0,,,,,,,,0,,,,,,20732,,,,,,,,,,,,,,,,,,,,,,,,,,,,,,27,,,,,,0,,,,,,,,,,,,,,,,,,,,,,,,,,,,
2013-12-11,Z300GYVN,ST4000DM000,4000787030016,0,,195220248,,,,,,,,0,,,,,,3583,,,,,,,,,,,,,,,,,,,,,,,,,,,,,,26,,,,,,0,,,,,,,,,,,,,,,,,,,,,,,,,,,,
2013-12-11,Z300GYVM,ST4000DM000,4000787030016,0,,26696120,,,,,,,,0,,,,,,3582,,,,,,,,,,,,,,,,,,,,,,,,,,,,,,26,,,,,,0,,,,,,,,,,,,,,,,,,,,,,,,,,,,
2013-12-11,Z300WY34,ST4000DM000,4000787030016,0,,166322560,,,,,,,,0,,,,,,109,,,,,,,,,,,,,,,,,,,,,,,,,,,,,,22,,,,,,0,,,,,,,,,,,,,,,,,,,,,,,,,,,,
2013-12-11,Z300GYVH,ST4000DM000,4000787030016,0,,131498472,,,,,,,,0,,,,,,2900,,,,,,,,,,,,,,,,,,,,,,,,,,,,,,27,,,,,,0,,,,,,,,,,,,,,,,,,,,,,,,,,,,
2013-12-11,6XW044BQ,ST31500541AS,1500301910016,0,,61846719,,,,,,,,0,,,,,,37053,,,,,,,,,,,,,,,,,,,,,,,,,,,,,,22,,,,,,0,,,,,,,,,,,,,,,,,,,,,,,,,,,,
2013-12-11,S1F04DF3,ST3000DM001,3000592982016,0,,207232616,,,,,,,,0,,,,,,15238,,,,,,,,,,,,,,,,,,,,,,,,,,,,,,19,,,,,,0,,,,,,,,,,,,,,,,,,,,,,,,,,,,
2013-12-11,MJ1323YNG1N5DC,Hitachi HDS5C3030ALA630,3000592982016,0,,68385,,,,,,,,0,,,,,,19731,,,,,,,,,,,,,,,,,,,,,,,,,,,,,,23,,,,,,0,,,,,,,,,,,,,,,,,,,,,,,,,,,,
2013-12-11,JK1174YAK4N5ZW,Hitachi HDS722020ALA330,2000398934016,0,,0,,,,,,,,0,,,,,,28808,,,,,,,,,,,,,,,,,,,,,,,,,,,,,,24,,,,,,0,,,,,,,,,,,,,,,,,,,,,,,,,,,,
2013-12-11,PL1311LAG212DA,Hitachi HDS5C4040ALE630,4000787030016,0,,0,,,,,,,,0,,,,,,6650,,,,,,,,,,,,,,,,,,,,,,,,,,,,,,18,,,,,,0,,,,,,,,,,,,,,,,,,,,,,,,,,,,
2013-12-11,S1F02ZEB,ST3000DM001,3000592982016,0,,128926632,,,,,,,,0,,,,,,16178,,,,,,,,,,,,,,,,,,,,,,,,,,,,,,26,,,,,,0,,,,,,,,,,,,,,,,,,,,,,,,,,,,
2013-12-11,Z300MGQR,ST4000DM000,4000787030016,0,,72805632,,,,,,,,0,,,,,,2890,,,,,,,,,,,,,,,,,,,,,,,,,,,,,,27,,,,,,0,,,,,,,,,,,,,,,,,,,,,,,,,,,,
2013-12-11,JK1171B9HLJW9T,Hitachi HDS722020ALA330,2000398934016,0,,0,,,,,,,,0,,,,,,25667,,,,,,,,,,,,,,,,,,,,,,,,,,,,,,23,,,,,,0,,,,,,,,,,,,,,,,,,,,,,,,,,,,
2013-12-11,JK1101B9JNWYRF,Hitachi HDS722020ALA330,2000398934016,0,,0,,,,,,,,0,,,,,,23991,,,,,,,,,,,,,,,,,,,,,,,,,,,,,,35,,,,,,0,,,,,,,,,,,,,,,,,,,,,,,,,,,,
2013-12-11,Z300GYV7,ST4000DM000,4000787030016,0,,13285672,,,,,,,,0,,,,,,3588,,,,,,,,,,,,,,,,,,,,,,,,,,,,,,24,,,,,,0,,,,,,,,,,,,,,,,,,,,,,,,,,,,
2013-12-11,Z300WY3N,ST4000DM000,4000787030016,0,,150317008,,,,,,,,0,,,,,,109,,,,,,,,,,,,,,,,,,,,,,,,,,,,,,23,,,,,,0,,,,,,,,,,,,,,,,,,,,,,,,,,,,
2013-12-11,MJ1311YNG3H58A,Hitachi HDS5C3030ALA630,3000592982016,0,,0,,,,,,,,0,,,,,,19586,,,,,,,,,,,,,,,,,,,,,,,,,,,,,,20,,,,,,0,,,,,,,,,,,,,,,,,,,,,,,,,,,,
2013-12-11,W1F0TA5D,ST3000DM001,3000592982016,0,,150109480,,,,,,,,0,,,,,,11021,,,,,,,,,,,,,,,,,,,,,,,,,,,,,,20,,,,,,0,,,,,,,,,,,,,,,,,,,,,,,,,,,,
2013-12-11,W1F0Z2NV,ST3000DM001,3000592982016,0,,62324744,,,,,,,,0,,,,,,10835,,,,,,,,,,,,,,,,,,,,,,,,,,,,,,35,,,,,,0,,,,,,,,,,,,,,,,,,,,,,,,,,,,
2013-12-11,S1F05V5D,ST3000DM001,3000592982016,0,,59608448,,,,,,,,0,,,,,,13910,,,,,,,,,,,,,,,,,,,,,,,,,,,,,,25,,,,,,0,,,,,,,,,,,,,,,,,,,,,,,,,,,,
2013-12-11,9XW01RGV,ST31500541AS,1500301910016,0,,68089086,,,,,,,,0,,,,,,34754,,,,,,,,,,,,,,,,,,,,,,,,,,,,,,21,,,,,,0,,,,,,,,,,,,,,,,,,,,,,,,,,,,
2013-12-11,MJ0351YNGABYXA,Hitachi HDS5C3030ALA630,3000592982016,0,,0,,,,,,,,0,,,,,,7989,,,,,,,,,,,,,,,,,,,,,,,,,,,,,,25,,,,,,0,,,,,,,,,,,,,,,,,,,,,,,,,,,,
2013-12-11,Z300K204,ST4000DM000,4000787030016,0,,57859480,,,,,,,,0,,,,,,1848,,,,,,,,,,,,,,,,,,,,,,,,,,,,,,22,,,,,,0,,,,,,,,,,,,,,,,,,,,,,,,,,,,
2013-12-11,Z300W4VJ,ST4000DM000,4000787030016,0,,23239472,,,,,,,,0,,,,,,885,,,,,,,,,,,,,,,,,,,,,,,,,,,,,,25,,,,,,0,,,,,,,,,,,,,,,,,,,,,,,,,,,,
2013-12-11,W1F0MKLR,ST3000DM001,3000592982016,0,,85104632,,,,,,,,0,,,,,,12617,,,,,,,,,,,,,,,,,,,,,,,,,,,,,,24,,,,,,0,,,,,,,,,,,,,,,,,,,,,,,,,,,,
2013-12-11,Z1F0E74T,ST3000DM001,3000592982016,0,,237581872,,,,,,,,0,,,,,,3727,,,,,,,,,,,,,,,,,,,,,,,,,,,,,,26,,,,,,0,,,,,,,,,,,,,,,,,,,,,,,,,,,,
2013-12-11,W1F0QPXJ,ST3000DM001,3000592982016,0,,10992976,,,,,,,,0,,,,,,12616,,,,,,,,,,,,,,,,,,,,,,,,,,,,,,24,,,,,,8,,,,,,,,,,,,,,,,,,,,,,,,,,,,
2013-12-11,WD-WCAV5V405221,WDC WD10EADX,1000204886016,0,,0,,,,,,,,0,,,,,,6640,,,,,,,,,,,,,,,,,,,,,,,,,,,,,,30,,,,,,0,,,,,,,,,,,,,,,,,,,,,,,,,,,,
2013-12-11,Z300W4VT,ST4000DM000,4000787030016,0,,191209104,,,,,,,,0,,,,,,772,,,,,,,,,,,,,,,,,,,,,,,,,,,,,,22,,,,,,0,,,,,,,,,,,,,,,,,,,,,,,,,,,,
2013-12-11,S1F050LZ,ST3000DM001,3000592982016,0,,160072256,,,,,,,,0,,,,,,13879,,,,,,,,,,,,,,,,,,,,,,,,,,,,,,27,,,,,,0,,,,,,,,,,,,,,,,,,,,,,,,,,,,
2013-12-11,W1F099BY,ST3000DM001,3000592982016,0,,159370152,,,,,,,,0,,,,,,13346,,,,,,,,,,,,,,,,,,,,,,,,,,,,,,26,,,,,,8,,,,,,,,,,,,,,,,,,,,,,,,,,,,
2013-12-11,JK11A8B9J7WHHF,Hitachi HDS722020ALA330,2000398934016,0,,0,,,,,,,,0,,,,,,24665,,,,,,,,,,,,,,,,,,,,,,,,,,,,,,26,,,,,,0,,,,,,,,,,,,,,,,,,,,,,,,,,,,
2013-12-11,MJ1311YNG5LUKA,Hitachi HDS5C3030ALA630,3000592982016,0,,0,,,,,,,,0,,,,,,14330,,,,,,,,,,,,,,,,,,,,,,,,,,,,,,32,,,,,,0,,,,,,,,,,,,,,,,,,,,,,,,,,,,
2013-12-11,5YD2RADL,ST1500DL003,1500301910016,0,,1399400,,,,,,,,0,,,,,,3995,,,,,,,,,,,,,,,,,,,,,,,,,,,,,,18,,,,,,0,,,,,,,,,,,,,,,,,,,,,,,,,,,,
2013-12-11,S1F0S454,ST3000DM001,3000592982016,0,,109034464,,,,,,,,0,,,,,,10758,,,,,,,,,,,,,,,,,,,,,,,,,,,,,,24,,,,,,0,,,,,,,,,,,,,,,,,,,,,,,,,,,,
2013-12-11,W1F0QTHV,ST3000DM001,3000592982016,0,,83706896,,,,,,,,0,,,,,,10903,,,,,,,,,,,,,,,,,,,,,,,,,,,,,,27,,,,,,0,,,,,,,,,,,,,,,,,,,,,,,,,,,,
2013-12-11,MJ1311YNG3EUWA,Hitachi HDS5C3030ALA630,3000592982016,0,,1,,,,,,,,0,,,,,,19588,,,,,,,,,,,,,,,,,,,,,,,,,,,,,,28,,,,,,0,,,,,,,,,,,,,,,,,,,,,,,,,,,,
2013-12-11,9VS2X39G,ST31500341AS,1500301910016,0,,1130920,,,,,,,,1,,,,,,18792,,,,,,,,,,,,,,,,,,,,,,,,,,,,,,17,,,,,,0,,,,,,,,,,,,,,,,,,,,,,,,,,,,
2013-12-11,S1F02XPD,ST3000DM001,3000592982016,0,,85707768,,,,,,,,0,,,,,,15401,,,,,,,,,,,,,,,,,,,,,,,,,,,,,,22,,,,,,0,,,,,,,,,,,,,,,,,,,,,,,,,,,,
2013-12-11,S1F0S45N,ST3000DM001,3000592982016,0,,15246104,,,,,,,,0,,,,,,10836,,,,,,,,,,,,,,,,,,,,,,,,,,,,,,31,,,,,,0,,,,,,,,,,,,,,,,,,,,,,,,,,,,
2013-12-11,W1F099B9,ST3000DM001,3000592982016,0,,162302888,,,,,,,,0,,,,,,14726,,,,,,,,,,,,,,,,,,,,,,,,,,,,,,24,,,,,,0,,,,,,,,,,,,,,,,,,,,,,,,,,,,
2013-12-11,Z1F0RAAD,ST3000DM001,3000592982016,0,,29530704,,,,,,,,0,,,,,,11048,,,,,,,,,,,,,,,,,,,,,,,,,,,,,,25,,,,,,0,,,,,,,,,,,,,,,,,,,,,,,,,,,,
2013-12-11,MJ1323YNG1NTGC,Hitachi HDS5C3030ALA630,3000592982016,0,,0,,,,,,,,0,,,,,,20082,,,,,,,,,,,,,,,,,,,,,,,,,,,,,,31,,,,,,0,,,,,,,,,,,,,,,,,,,,,,,,,,,,
2013-12-11,JK11A8B9J9DMGF,Hitachi HDS722020ALA330,2000398934016,0,,1,,,,,,,,0,,,,,,24970,,,,,,,,,,,,,,,,,,,,,,,,,,,,,,32,,,,,,0,,,,,,,,,,,,,,,,,,,,,,,,,,,,
2013-12-11,Z300MVP0,ST4000DM000,4000787030016,0,,134534560,,,,,,,,0,,,,,,1114,,,,,,,,,,,,,,,,,,,,,,,,,,,,,,29,,,,,,0,,,,,,,,,,,,,,,,,,,,,,,,,,,,
2013-12-11,JK11A8B9J70L2F,Hitachi HDS722020ALA330,2000398934016,0,,0,,,,,,,,0,,,,,,25580,,,,,,,,,,,,,,,,,,,,,,,,,,,,,,24,,,,,,0,,,,,,,,,,,,,,,,,,,,,,,,,,,,
2013-12-11,S1F0CWEC,ST3000DM001,3000592982016,0,,211270104,,,,,,,,0,,,,,,12359,,,,,,,,,,,,,,,,,,,,,,,,,,,,,,22,,,,,,0,,,,,,,,,,,,,,,,,,,,,,,,,,,,
2013-12-11,S1F0CWEA,ST3000DM001,3000592982016,0,,69602544,,,,,,,,456,,,,,,12357,,,,,,,,,,,,,,,,,,,,,,,,,,,,,,26,,,,,,0,,,,,,,,,,,,,,,,,,,,,,,,,,,,
2013-12-11,MJ1323YNG1PW0C,Hitachi HDS5C3030ALA630,3000592982016,0,,0,,,,,,,,0,,,,,,19766,,,,,,,,,,,,,,,,,,,,,,,,,,,,,,26,,,,,,0,,,,,,,,,,,,,,,,,,,,,,,,,,,,
2013-12-11,JK11A1YAJHB7DV,Hitachi HDS722020ALA330,2000398934016,0,,0,,,,,,,,1,,,,,,28840,,,,,,,,,,,,,,,,,,,,,,,,,,,,,,31,,,,,,0,,,,,,,,,,,,,,,,,,,,,,,,,,,,
2013-12-11,W300JVNG,ST4000DM000,4000787030016,0,,36014600,,,,,,,,0,,,,,,2875,,,,,,,,,,,,,,,,,,,,,,,,,,,,,,23,,,,,,0,,,,,,,,,,,,,,,,,,,,,,,,,,,,
2013-12-11,MJ1321YNG13SAA,Hitachi HDS5C3030ALA630,3000592982016,0,,0,,,,,,,,0,,,,,,20732,,,,,,,,,,,,,,,,,,,,,,,,,,,,,,24,,,,,,0,,,,,,,,,,,,,,,,,,,,,,,,,,,,
2013-12-11,W300JVNB,ST4000DM000,4000787030016,0,,134990152,,,,,,,,0,,,,,,2876,,,,,,,,,,,,,,,,,,,,,,,,,,,,,,21,,,,,,0,,,,,,,,,,,,,,,,,,,,,,,,,,,,
2013-12-11,MJ0351YNG9MXWA,Hitachi HDS5C3030ALA630,3000592982016,0,,0,,,,,,,,0,,,,,,9773,,,,,,,,,,,,,,,,,,,,,,,,,,,,,,27,,,,,,0,,,,,,,,,,,,,,,,,,,,,,,,,,,,
2013-12-11,W1F0H6K2,ST3000DM001,3000592982016,0,,141137520,,,,,,,,0,,,,,,12178,,,,,,,,,,,,,,,,,,,,,,,,,,,,,,34,,,,,,0,,,,,,,,,,,,,,,,,,,,,,,,,,,,
2013-12-11,PL1311LAG2HVJH,Hitachi HDS5C4040ALE630,4000787030016,0,,0,,,,,,,,0,,,,,,5925,,,,,,,,,,,,,,,,,,,,,,,,,,,,,,22,,,,,,0,,,,,,,,,,,,,,,,,,,,,,,,,,,,
2013-12-11,WD-WMC4N1101182,WDC WD30EFRX,3000592982016,0,,0,,,,,,,,0,,,,,,179,,,,,,,,,,,,,,,,,,,,,,,,,,,,,,26,,,,,,0,,,,,,,,,,,,,,,,,,,,,,,,,,,,
2013-12-11,W300BYHV,ST4000DM000,4000787030016,0,,237987032,,,,,,,,0,,,,,,2843,,,,,,,,,,,,,,,,,,,,,,,,,,,,,,20,,,,,,0,,,,,,,,,,,,,,,,,,,,,,,,,,,,
2013-12-11,JK1101B9HEPBDF,Hitachi HDS722020ALA330,2000398934016,0,,0,,,,,,,,1,,,,,,18273,,,,,,,,,,,,,,,,,,,,,,,,,,,,,,30,,,,,,0,,,,,,,,,,,,,,,,,,,,,,,,,,,,
2013-12-11,W300JPPT,ST4000DM000,4000787030016,0,,197975208,,,,,,,,0,,,,,,2875,,,,,,,,,,,,,,,,,,,,,,,,,,,,,,24,,,,,,0,,,,,,,,,,,,,,,,,,,,,,,,,,,,
2013-12-11,W300BYHG,ST4000DM000,4000787030016,0,,65143632,,,,,,,,0,,,,,,2177,,,,,,,,,,,,,,,,,,,,,,,,,,,,,,21,,,,,,0,,,,,,,,,,,,,,,,,,,,,,,,,,,,
2013-12-11,MJ1311YNG7LMXA,Hitachi HDS5C3030ALA630,3000592982016,0,,0,,,,,,,,0,,,,,,14291,,,,,,,,,,,,,,,,,,,,,,,,,,,,,,31,,,,,,0,,,,,,,,,,,,,,,,,,,,,,,,,,,,
2013-12-11,PL1321LAGAJYLH,Hitachi HDS5C4040ALE630,4000787030016,0,,0,,,,,,,,0,,,,,,5075,,,,,,,,,,,,,,,,,,,,,,,,,,,,,,27,,,,,,0,,,,,,,,,,,,,,,,,,,,,,,,,,,,
2013-12-11,Z300W5PB,ST4000DM000,4000787030016,0,,117445440,,,,,,,,0,,,,,,799,,,,,,,,,,,,,,,,,,,,,,,,,,,,,,21,,,,,,0,,,,,,,,,,,,,,,,,,,,,,,,,,,,
2013-12-11,9XW01DX9,ST31500541AS,1500301910016,0,,222423224,,,,,,,,99,,,,,,35657,,,,,,,,,,,,,,,,,,,,,,,,,,,,,,17,,,,,,1,,,,,,,,,,,,,,,,,,,,,,,,,,,,
2013-12-11,Z300PB6C,ST4000DM000,4000787030016,0,,30280080,,,,,,,,0,,,,,,1094,,,,,,,,,,,,,,,,,,,,,,,,,,,,,,19,,,,,,0,,,,,,,,,,,,,,,,,,,,,,,,,,,,
2013-12-11,Z300PB6D,ST4000DM000,4000787030016,0,,202428112,,,,,,,,0,,,,,,1094,,,,,,,,,,,,,,,,,,,,,,,,,,,,,,18,,,,,,0,,,,,,,,,,,,,,,,,,,,,,,,,,,,
2013-12-11,Z300PB6Y,ST4000DM000,4000787030016,0,,228118272,,,,,,,,0,,,,,,1451,,,,,,,,,,,,,,,,,,,,,,,,,,,,,,27,,,,,,0,,,,,,,,,,,,,,,,,,,,,,,,,,,,
2013-12-11,Z300CLN9,ST4000DM000,4000787030016,0,,78514136,,,,,,,,0,,,,,,2224,,,,,,,,,,,,,,,,,,,,,,,,,,,,,,18,,,,,,0,,,,,,,,,,,,,,,,,,,,,,,,,,,,
2013-12-11,JK1101YBKRVJSF,Hitachi HDS722020ALA330,2000398934016,0,,196609,,,,,,,,0,,,,,,22680,,,,,,,,,,,,,,,,,,,,,,,,,,,,,,27,,,,,,0,,,,,,,,,,,,,,,,,,,,,,,,,,,,
2013-12-11,Z300PB6R,ST4000DM000,4000787030016,0,,103058224,,,,,,,,0,,,,,,1232,,,,,,,,,,,,,,,,,,,,,,,,,,,,,,22,,,,,,0,,,,,,,,,,,,,,,,,,,,,,,,,,,,
2013-12-11,PL1311LAG2842H,Hitachi HDS5C4040ALE630,4000787030016,0,,0,,,,,,,,0,,,,,,6614,,,,,,,,,,,,,,,,,,,,,,,,,,,,,,27,,,,,,0,,,,,,,,,,,,,,,,,,,,,,,,,,,,
2013-12-11,JK1100B8G3B7AT,Hitachi HDS722020ALA330,2000398934016,0,,0,,,,,,,,0,,,,,,26839,,,,,,,,,,,,,,,,,,,,,,,,,,,,,,29,,,,,,0,,,,,,,,,,,,,,,,,,,,,,,,,,,,
2013-12-11,W3007K4B,ST4000DM000,4000787030016,0,,71937096,,,,,,,,0,,,,,,4165,,,,,,,,,,,,,,,,,,,,,,,,,,,,,,21,,,,,,0,,,,,,,,,,,,,,,,,,,,,,,,,,,,
2013-12-11,Z300CLNL,ST4000DM000,4000787030016,0,,119227648,,,,,,,,0,,,,,,2243,,,,,,,,,,,,,,,,,,,,,,,,,,,,,,24,,,,,,0,,,,,,,,,,,,,,,,,,,,,,,,,,,,
2013-12-11,MJ0351YNG9UNRA,Hitachi HDS5C3030ALA630,3000592982016,0,,0,,,,,,,,0,,,,,,9974,,,,,,,,,,,,,,,,,,,,,,,,,,,,,,28,,,,,,0,,,,,,,,,,,,,,,,,,,,,,,,,,,,
2013-12-11,MJ1311YNG347XA,Hitachi HDS5C3030ALA630,3000592982016,0,,0,,,,,,,,0,,,,,,19324,,,,,,,,,,,,,,,,,,,,,,,,,,,,,,28,,,,,,0,,,,,,,,,,,,,,,,,,,,,,,,,,,,
2013-12-11,MJ0351YNG9TP3A,Hitachi HDS5C3030ALA630,3000592982016,0,,0,,,,,,,,0,,,,,,9525,,,,,,,,,,,,,,,,,,,,,,,,,,,,,,31,,,,,,0,,,,,,,,,,,,,,,,,,,,,,,,,,,,
2013-12-11,Z300PB69,ST4000DM000,4000787030016,0,,107819168,,,,,,,,0,,,,,,1094,,,,,,,,,,,,,,,,,,,,,,,,,,,,,,19,,,,,,0,,,,,,,,,,,,,,,,,,,,,,,,,,,,
2013-12-11,JK1181YAJ4AYLV,Hitachi HDS722020ALA330,2000398934016,0,,0,,,,,,,,0,,,,,,30255,,,,,,,,,,,,,,,,,,,,,,,,,,,,,,24,,,,,,2,,,,,,,,,,,,,,,,,,,,,,,,,,,,
2013-12-11,PL1311LAG38PAH,Hitachi HDS5C4040ALE630,4000787030016,0,,0,,,,,,,,0,,,,,,6637,,,,,,,,,,,,,,,,,,,,,,,,,,,,,,27,,,,,,0,,,,,,,,,,,,,,,,,,,,,,,,,,,,
2013-12-11,6XW03YDP,ST31500541AS,1500301910016,0,,169009466,,,,,,,,67,,,,,,34739,,,,,,,,,,,,,,,,,,,,,,,,,,,,,,21,,,,,,0,,,,,,,,,,,,,,,,,,,,,,,,,,,,
2013-12-11,MJ1321YNG0D1DA,Hitachi HDS5C3030ALA630,3000592982016,0,,0,,,,,,,,0,,,,,,20067,,,,,,,,,,,,,,,,,,,,,,,,,,,,,,24,,,,,,0,,,,,,,,,,,,,,,,,,,,,,,,,,,,
2013-12-11,9XW0DDEQ,ST31500541AS,1500301910016,0,,163691513,,,,,,,,68,,,,,,11273,,,,,,,,,,,,,,,,,,,,,,,,,,,,,,20,,,,,,0,,,,,,,,,,,,,,,,,,,,,,,,,,,,
2013-12-11,JK1101B9GDSNLF,Hitachi HDS722020ALA330,2000398934016,0,,0,,,,,,,,0,,,,,,27543,,,,,,,,,,,,,,,,,,,,,,,,,,,,,,26,,,,,,0,,,,,,,,,,,,,,,,,,,,,,,,,,,,
2013-12-11,MK0301YHGMJUED,Hitachi HDS723030ALA640,3000592982016,0,,0,,,,,,,,0,,,,,,16680,,,,,,,,,,,,,,,,,,,,,,,,,,,,,,27,,,,,,0,,,,,,,,,,,,,,,,,,,,,,,,,,,,
2013-12-11,MJ1311YNG36Z5A,Hitachi HDS5C3030ALA630,3000592982016,0,,0,,,,,,,,0,,,,,,18200,,,,,,,,,,,,,,,,,,,,,,,,,,,,,,28,,,,,,0,,,,,,,,,,,,,,,,,,,,,,,,,,,,
2013-12-11,S1F06W11,ST3000DM001,3000592982016,0,,62720840,,,,,,,,0,,,,,,13822,,,,,,,,,,,,,,,,,,,,,,,,,,,,,,21,,,,,,0,,,,,,,,,,,,,,,,,,,,,,,,,,,,
2013-12-11,PL1311LAG2HW2H,Hitachi HDS5C4040ALE630,4000787030016,0,,0,,,,,,,,0,,,,,,6570,,,,,,,,,,,,,,,,,,,,,,,,,,,,,,28,,,,,,0,,,,,,,,,,,,,,,,,,,,,,,,,,,,
2013-12-11,Z300PA98,ST4000DM000,4000787030016,0,,91230264,,,,,,,,0,,,,,,1233,,,,,,,,,,,,,,,,,,,,,,,,,,,,,,18,,,,,,0,,,,,,,,,,,,,,,,,,,,,,,,,,,,
2013-12-11,W300BM2Z,ST4000DM000,4000787030016,0,,142862656,,,,,,,,0,,,,,,4140,,,,,,,,,,,,,,,,,,,,,,,,,,,,,,24,,,,,,0,,,,,,,,,,,,,,,,,,,,,,,,,,,,
2013-12-11,W300BM2Y,ST4000DM000,4000787030016,0,,129692816,,,,,,,,0,,,,,,4160,,,,,,,,,,,,,,,,,,,,,,,,,,,,,,24,,,,,,0,,,,,,,,,,,,,,,,,,,,,,,,,,,,
2013-12-11,JK11A8B9J0ZBRF,Hitachi HDS722020ALA330,2000398934016,0,,0,,,,,,,,0,,,,,,26144,,,,,,,,,,,,,,,,,,,,,,,,,,,,,,30,,,,,,0,,,,,,,,,,,,,,,,,,,,,,,,,,,,
2013-12-11,PL1311LAG398PH,Hitachi HDS5C4040ALE630,4000787030016,0,,0,,,,,,,,0,,,,,,5049,,,,,,,,,,,,,,,,,,,,,,,,,,,,,,29,,,,,,0,,,,,,,,,,,,,,,,,,,,,,,,,,,,
2013-12-11,MJ1311YNG12T6A,Hitachi HDS5C3030ALA630,3000592982016,0,,0,,,,,,,,0,,,,,,19252,,,,,,,,,,,,,,,,,,,,,,,,,,,,,,25,,,,,,0,,,,,,,,,,,,,,,,,,,,,,,,,,,,
2013-12-11,MJ1311YNG7J1LA,Hitachi HDS5C3030ALA630,3000592982016,0,,0,,,,,,,,0,,,,,,14595,,,,,,,,,,,,,,,,,,,,,,,,,,,,,,27,,,,,,0,,,,,,,,,,,,,,,,,,,,,,,,,,,,
2013-12-11,9VS1DVZ4,ST31500341AS,1500301910016,0,,116274843,,,,,,,,18,,,,,,40407,,,,,,,,,,,,,,,,,,,,,,,,,,,,,,31,,,,,,0,,,,,,,,,,,,,,,,,,,,,,,,,,,,
2013-12-11,MJ1311YNG788SA,Hitachi HDS5C3030ALA630,3000592982016,0,,0,,,,,,,,0,,,,,,14310,,,,,,,,,,,,,,,,,,,,,,,,,,,,,,23,,,,,,0,,,,,,,,,,,,,,,,,,,,,,,,,,,,
2013-12-11,WD-WCAU47283629,WDC WD10EADS,1000204886016,0,,0,,,,,,,,0,,,,,,40481,,,,,,,,,,,,,,,,,,,,,,,,,,,,,,28,,,,,,0,,,,,,,,,,,,,,,,,,,,,,,,,,,,
2013-12-11,S1F0QWWF,ST3000DM001,3000592982016,0,,185480496,,,,,,,,0,,,,,,11638,,,,,,,,,,,,,,,,,,,,,,,,,,,,,,24,,,,,,0,,,,,,,,,,,,,,,,,,,,,,,,,,,,
2013-12-11,MJ0351YNG9WT1A,Hitachi HDS5C3030ALA630,3000592982016,0,,0,,,,,,,,0,,,,,,9477,,,,,,,,,,,,,,,,,,,,,,,,,,,,,,23,,,,,,0,,,,,,,,,,,,,,,,,,,,,,,,,,,,
2013-12-11,S1F0B5ZP,ST3000DM001,3000592982016,0,,4182416,,,,,,,,0,,,,,,12842,,,,,,,,,,,,,,,,,,,,,,,,,,,,,,29,,,,,,0,,,,,,,,,,,,,,,,,,,,,,,,,,,,
2013-12-11,JK11A8B9J71AKF,Hitachi HDS722020ALA330,2000398934016,0,,0,,,,,,,,0,,,,,,21478,,,,,,,,,,,,,,,,,,,,,,,,,,,,,,25,,,,,,0,,,,,,,,,,,,,,,,,,,,,,,,,,,,
2013-12-11,6XW038XT,ST31500541AS,1500301910016,0,,91527875,,,,,,,,0,,,,,,35758,,,,,,,,,,,,,,,,,,,,,,,,,,,,,,17,,,,,,0,,,,,,,,,,,,,,,,,,,,,,,,,,,,
2013-12-11,MJ0351YNG9UT8A,Hitachi HDS5C3030ALA630,3000592982016,0,,0,,,,,,,,0,,,,,,7611,,,,,,,,,,,,,,,,,,,,,,,,,,,,,,22,,,,,,0,,,,,,,,,,,,,,,,,,,,,,,,,,,,
2013-12-11,JK1171YAK1Y2MN,Hitachi HDS722020ALA330,2000398934016,0,,1048583,,,,,,,,0,,,,,,29915,,,,,,,,,,,,,,,,,,,,,,,,,,,,,,24,,,,,,1,,,,,,,,,,,,,,,,,,,,,,,,,,,,
2013-12-11,Z300PA9H,ST4000DM000,4000787030016,0,,128124936,,,,,,,,0,,,,,,1094,,,,,,,,,,,,,,,,,,,,,,,,,,,,,,21,,,,,,0,,,,,,,,,,,,,,,,,,,,,,,,,,,,
2013-12-11,PL1311LAG3AHGH,Hitachi HDS5C4040ALE630,4000787030016,0,,0,,,,,,,,0,,,,,,6640,,,,,,,,,,,,,,,,,,,,,,,,,,,,,,24,,,,,,0,,,,,,,,,,,,,,,,,,,,,,,,,,,,
2013-12-11,S1F0CV7Y,ST3000DM001,3000592982016,0,,29900488,,,,,,,,168,,,,,,12418,,,,,,,,,,,,,,,,,,,,,,,,,,,,,,30,,,,,,0,,,,,,,,,,,,,,,,,,,,,,,,,,,,
2013-12-11,W300BM23,ST4000DM000,4000787030016,0,,28226904,,,,,,,,0,,,,,,4047,,,,,,,,,,,,,,,,,,,,,,,,,,,,,,20,,,,,,0,,,,,,,,,,,,,,,,,,,,,,,,,,,,
2013-12-11,W1F0X7QX,ST3000DM001,3000592982016,0,,162296264,,,,,,,,0,,,,,,11638,,,,,,,,,,,,,,,,,,,,,,,,,,,,,,26,,,,,,0,,,,,,,,,,,,,,,,,,,,,,,,,,,,
2013-12-11,PL1311LAG2488A,Hitachi HDS5C4040ALE630,4000787030016,0,,0,,,,,,,,0,,,,,,6614,,,,,,,,,,,,,,,,,,,,,,,,,,,,,,28,,,,,,0,,,,,,,,,,,,,,,,,,,,,,,,,,,,
2013-12-11,Z1Z042YF,ST4000DX000,4000787030016,0,,23695857,,,,,,,,0,,,,,,5040,,,,,,,,,,,,,,,,,,,,,,,,,,,,,,34,,,,,,0,,,,,,,,,,,,,,,,,,,,,,,,,,,,
2013-12-11,MJ1311YNG6KWVA,Hitachi HDS5C3030ALA630,3000592982016,0,,0,,,,,,,,0,,,,,,14685,,,,,,,,,,,,,,,,,,,,,,,,,,,,,,19,,,,,,0,,,,,,,,,,,,,,,,,,,,,,,,,,,,
2013-12-11,S1F025H4,ST3000DM001,3000592982016,0,,55908080,,,,,,,,0,,,,,,15346,,,,,,,,,,,,,,,,,,,,,,,,,,,,,,27,,,,,,0,,,,,,,,,,,,,,,,,,,,,,,,,,,,
2013-12-11,W300E245,ST4000DM000,4000787030016,0,,55767648,,,,,,,,0,,,,,,4183,,,,,,,,,,,,,,,,,,,,,,,,,,,,,,22,,,,,,0,,,,,,,,,,,,,,,,,,,,,,,,,,,,
2013-12-11,PL1311LAG2HX4H,Hitachi HDS5C4040ALE630,4000787030016,0,,0,,,,,,,,0,,,,,,5049,,,,,,,,,,,,,,,,,,,,,,,,,,,,,,28,,,,,,0,,,,,,,,,,,,,,,,,,,,,,,,,,,,
2013-12-11,6XW07ZZ9,ST31500541AS,1500301910016,0,,48717641,,,,,,,,0,,,,,,4045,,,,,,,,,,,,,,,,,,,,,,,,,,,,,,20,,,,,,0,,,,,,,,,,,,,,,,,,,,,,,,,,,,
2013-12-11,WD-WMC4N1071565,WDC WD30EFRX,3000592982016,0,,0,,,,,,,,0,,,,,,633,,,,,,,,,,,,,,,,,,,,,,,,,,,,,,18,,,,,,0,,,,,,,,,,,,,,,,,,,,,,,,,,,,
2013-12-11,MJ0351YNGA76SA,Hitachi HDS5C3030ALA630,3000592982016,0,,0,,,,,,,,0,,,,,,9147,,,,,,,,,,,,,,,,,,,,,,,,,,,,,,28,,,,,,0,,,,,,,,,,,,,,,,,,,,,,,,,,,,
2013-12-11,PL1311LAG23U3A,Hitachi HDS5C4040ALE630,4000787030016,0,,0,,,,,,,,0,,,,,,7457,,,,,,,,,,,,,,,,,,,,,,,,,,,,,,28,,,,,,0,,,,,,,,,,,,,,,,,,,,,,,,,,,,
2013-12-11,9XK01JMP,ST33000651AS,3000592982016,0,,21385398,,,,,,,,0,,,,,,16877,,,,,,,,,,,,,,,,,,,,,,,,,,,,,,26,,,,,,0,,,,,,,,,,,,,,,,,,,,,,,,,,,,
2013-12-11,JK11A8B9J77YDF,Hitachi HDS722020ALA330,2000398934016,0,,0,,,,,,,,0,,,,,,24624,,,,,,,,,,,,,,,,,,,,,,,,,,,,,,28,,,,,,0,,,,,,,,,,,,,,,,,,,,,,,,,,,,
2013-12-11,JK11A8B9J3PAWF,Hitachi HDS722020ALA330,2000398934016,0,,0,,,,,,,,0,,,,,,23125,,,,,,,,,,,,,,,,,,,,,,,,,,,,,,34,,,,,,0,,,,,,,,,,,,,,,,,,,,,,,,,,,,
2013-12-11,WD-WCAWZ2710494,WDC WD30EZRX,3000592982016,0,,0,,,,,,,,0,,,,,,485,,,,,,,,,,,,,,,,,,,,,,,,,,,,,,23,,,,,,0,,,,,,,,,,,,,,,,,,,,,,,,,,,,
2013-12-11,PL1311LAG3B5BH,Hitachi HDS5C4040ALE630,4000787030016,0,,0,,,,,,,,0,,,,,,6650,,,,,,,,,,,,,,,,,,,,,,,,,,,,,,18,,,,,,0,,,,,,,,,,,,,,,,,,,,,,,,,,,,
2013-12-11,MJ0351YNGAAHMA,Hitachi HDS5C3030ALA630,3000592982016,0,,0,,,,,,,,0,,,,,,7975,,,,,,,,,,,,,,,,,,,,,,,,,,,,,,26,,,,,,0,,,,,,,,,,,,,,,,,,,,,,,,,,,,
2013-12-11,JK11A8B9JN01NF,Hitachi HDS722020ALA330,2000398934016,0,,131072,,,,,,,,10,,,,,,24112,,,,,,,,,,,,,,,,,,,,,,,,,,,,,,29,,,,,,0,,,,,,,,,,,,,,,,,,,,,,,,,,,,
2013-12-11,JK1101YAK7MWKV,Hitachi HDS722020ALA330,2000398934016,0,,0,,,,,,,,3,,,,,,29211,,,,,,,,,,,,,,,,,,,,,,,,,,,,,,31,,,,,,0,,,,,,,,,,,,,,,,,,,,,,,,,,,,
2013-12-11,PL1321LAG34G3H,Hitachi HDS5C4040ALE630,4000787030016,0,,0,,,,,,,,0,,,,,,5922,,,,,,,,,,,,,,,,,,,,,,,,,,,,,,21,,,,,,0,,,,,,,,,,,,,,,,,,,,,,,,,,,,
2013-12-11,S1F0R0JT,ST3000DM001,3000592982016,0,,198910224,,,,,,,,0,,,,,,11685,,,,,,,,,,,,,,,,,,,,,,,,,,,,,,33,,,,,,0,,,,,,,,,,,,,,,,,,,,,,,,,,,,
2013-12-11,JK1130YAG8S6DT,Hitachi HDS722020ALA330,2000398934016,0,,0,,,,,,,,0,,,,,,17244,,,,,,,,,,,,,,,,,,,,,,,,,,,,,,23,,,,,,0,,,,,,,,,,,,,,,,,,,,,,,,,,,,
2013-12-11,MJ1321YNG1782A,Hitachi HDS5C3030ALA630,3000592982016,0,,0,,,,,,,,0,,,,,,20733,,,,,,,,,,,,,,,,,,,,,,,,,,,,,,23,,,,,,0,,,,,,,,,,,,,,,,,,,,,,,,,,,,
2013-12-11,W300DZFV,ST4000DM000,4000787030016,0,,40471640,,,,,,,,0,,,,,,4183,,,,,,,,,,,,,,,,,,,,,,,,,,,,,,23,,,,,,0,,,,,,,,,,,,,,,,,,,,,,,,,,,,
2013-12-11,W1F0X4QF,ST3000DM001,3000592982016,0,,203523984,,,,,,,,0,,,,,,11685,,,,,,,,,,,,,,,,,,,,,,,,,,,,,,32,,,,,,0,,,,,,,,,,,,,,,,,,,,,,,,,,,,
2013-12-11,S1F0266H,ST3000DM001,3000592982016,0,,223137720,,,,,,,,288,,,,,,15239,,,,,,,,,,,,,,,,,,,,,,,,,,,,,,19,,,,,,0,,,,,,,,,,,,,,,,,,,,,,,,,,,,
2013-12-11,MJ0351YNGA0WLA,Hitachi HDS5C3030ALA630,3000592982016,0,,0,,,,,,,,0,,,,,,9899,,,,,,,,,,,,,,,,,,,,,,,,,,,,,,29,,,,,,0,,,,,,,,,,,,,,,,,,,,,,,,,,,,
2013-12-11,MJ0351YNGA6XRA,Hitachi HDS5C3030ALA630,3000592982016,0,,0,,,,,,,,0,,,,,,8093,,,,,,,,,,,,,,,,,,,,,,,,,,,,,,23,,,,,,0,,,,,,,,,,,,,,,,,,,,,,,,,,,,
2013-12-11,MJ1311YNG762EA,Hitachi HDS5C3030ALA630,3000592982016,0,,65536,,,,,,,,0,,,,,,14289,,,,,,,,,,,,,,,,,,,,,,,,,,,,,,29,,,,,,0,,,,,,,,,,,,,,,,,,,,,,,,,,,,
2013-12-11,W1F03W3X,ST3000DM001,3000592982016,0,,139950656,,,,,,,,0,,,,,,13884,,,,,,,,,,,,,,,,,,,,,,,,,,,,,,26,,,,,,0,,,,,,,,,,,,,,,,,,,,,,,,,,,,
2013-12-11,W1F03W3T,ST3000DM001,3000592982016,0,,180754768,,,,,,,,0,,,,,,13358,,,,,,,,,,,,,,,,,,,,,,,,,,,,,,26,,,,,,0,,,,,,,,,,,,,,,,,,,,,,,,,,,,
2013-12-11,9VS5ARQL,ST31500341AS,1500301910016,0,,134520723,,,,,,,,10,,,,,,12613,,,,,,,,,,,,,,,,,,,,,,,,,,,,,,30,,,,,,0,,,,,,,,,,,,,,,,,,,,,,,,,,,,
2013-12-11,S1F05QZ5,ST3000DM001,3000592982016,0,,231447232,,,,,,,,0,,,,,,12358,,,,,,,,,,,,,,,,,,,,,,,,,,,,,,22,,,,,,0,,,,,,,,,,,,,,,,,,,,,,,,,,,,
2013-12-11,WD-WCAWZ1332075,WDC WD30EZRX,3000592982016,0,,0,,,,,,,,0,,,,,,18012,,,,,,,,,,,,,,,,,,,,,,,,,,,,,,24,,,,,,36,,,,,,,,,,,,,,,,,,,,,,,,,,,,
2013-12-11,PL1311LAG2B0SH,Hitachi HDS5C4040ALE630,4000787030016,0,,0,,,,,,,,0,,,,,,7386,,,,,,,,,,,,,,,,,,,,,,,,,,,,,,22,,,,,,0,,,,,,,,,,,,,,,,,,,,,,,,,,,,
2013-12-11,MJ0351YNGA8K6A,Hitachi HDS5C3030ALA630,3000592982016,0,,0,,,,,,,,0,,,,,,7986,,,,,,,,,,,,,,,,,,,,,,,,,,,,,,28,,,,,,0,,,,,,,,,,,,,,,,,,,,,,,,,,,,
2013-12-11,WD-WCAU47760995,WDC WD10EADS,1000204886016,0,,0,,,,,,,,0,,,,,,40480,,,,,,,,,,,,,,,,,,,,,,,,,,,,,,33,,,,,,0,,,,,,,,,,,,,,,,,,,,,,,,,,,,
2013-12-11,MJ1323YNG1K0BC,Hitachi HDS5C3030ALA630,3000592982016,0,,0,,,,,,,,0,,,,,,19633,,,,,,,,,,,,,,,,,,,,,,,,,,,,,,22,,,,,,0,,,,,,,,,,,,,,,,,,,,,,,,,,,,
2013-12-11,MJ1313YNG1YDDC,Hitachi HDS5C3030ALA630,3000592982016,0,,65536,,,,,,,,0,,,,,,7534,,,,,,,,,,,,,,,,,,,,,,,,,,,,,,25,,,,,,0,,,,,,,,,,,,,,,,,,,,,,,,,,,,
2013-12-11,JK11A4B8J7SH0W,Hitachi HDS722020ALA330,2000398934016,0,,0,,,,,,,,0,,,,,,26025,,,,,,,,,,,,,,,,,,,,,,,,,,,,,,28,,,,,,0,,,,,,,,,,,,,,,,,,,,,,,,,,,,
2013-12-11,MJ0351YNG9RMZA,Hitachi HDS5C3030ALA630,3000592982016,0,,0,,,,,,,,0,,,,,,9913,,,,,,,,,,,,,,,,,,,,,,,,,,,,,,34,,,,,,0,,,,,,,,,,,,,,,,,,,,,,,,,,,,
2013-12-11,MJ1313YNG1ZV7C,Hitachi HDS5C3030ALA630,3000592982016,0,,0,,,,,,,,0,,,,,,21796,,,,,,,,,,,,,,,,,,,,,,,,,,,,,,26,,,,,,0,,,,,,,,,,,,,,,,,,,,,,,,,,,,
2013-12-11,JK11A8B9J3UU9F,Hitachi HDS722020ALA330,2000398934016,0,,0,,,,,,,,0,,,,,,22296,,,,,,,,,,,,,,,,,,,,,,,,,,,,,,32,,,,,,0,,,,,,,,,,,,,,,,,,,,,,,,,,,,
2013-12-11,MJ1311YNG6UZUA,Hitachi HDS5C3030ALA630,3000592982016,0,,0,,,,,,,,0,,,,,,14621,,,,,,,,,,,,,,,,,,,,,,,,,,,,,,24,,,,,,0,,,,,,,,,,,,,,,,,,,,,,,,,,,,
2013-12-11,6XW00XD5,ST31500541AS,1500301910016,0,,206572358,,,,,,,,0,,,,,,37285,,,,,,,,,,,,,,,,,,,,,,,,,,,,,,26,,,,,,0,,,,,,,,,,,,,,,,,,,,,,,,,,,,
2013-12-11,PL2311LAG1L4AC,Hitachi HDS5C4040ALE630,4000787030016,0,,0,,,,,,,,0,,,,,,7760,,,,,,,,,,,,,,,,,,,,,,,,,,,,,,19,,,,,,0,,,,,,,,,,,,,,,,,,,,,,,,,,,,
2013-12-11,PL1321LAG3206H,Hitachi HDS5C4040ALE630,4000787030016,0,,0,,,,,,,,0,,,,,,6568,,,,,,,,,,,,,,,,,,,,,,,,,,,,,,31,,,,,,0,,,,,,,,,,,,,,,,,,,,,,,,,,,,
2013-12-11,MJ1311YNG7DEPA,Hitachi HDS5C3030ALA630,3000592982016,0,,0,,,,,,,,279,,,,,,14682,,,,,,,,,,,,,,,,,,,,,,,,,,,,,,20,,,,,,0,,,,,,,,,,,,,,,,,,,,,,,,,,,,
2013-12-11,JK1101B9GE5B3F,Hitachi HDS722020ALA330,2000398934016,0,,0,,,,,,,,0,,,,,,27159,,,,,,,,,,,,,,,,,,,,,,,,,,,,,,21,,,,,,0,,,,,,,,,,,,,,,,,,,,,,,,,,,,
2013-12-11,W1F0TNBT,ST3000DM001,3000592982016,0,,168220088,,,,,,,,0,,,,,,11683,,,,,,,,,,,,,,,,,,,,,,,,,,,,,,32,,,,,,0,,,,,,,,,,,,,,,,,,,,,,,,,,,,
2013-12-11,Z300MQGV,ST4000DM000,4000787030016,0,,111298304,,,,,,,,0,,,,,,2880,,,,,,,,,,,,,,,,,,,,,,,,,,,,,,21,,,,,,0,,,,,,,,,,,,,,,,,,,,,,,,,,,,
2013-12-11,Z300NR9M,ST4000DM000,4000787030016,0,,118557040,,,,,,,,0,,,,,,105,,,,,,,,,,,,,,,,,,,,,,,,,,,,,,23,,,,,,0,,,,,,,,,,,,,,,,,,,,,,,,,,,,
2013-12-11,MK0331YHGRTLWA,Hitachi HDS723030ALA640,3000592982016,0,,0,,,,,,,,0,,,,,,17032,,,,,,,,,,,,,,,,,,,,,,,,,,,,,,30,,,,,,0,,,,,,,,,,,,,,,,,,,,,,,,,,,,
2013-12-11,JK11A8B9J3AMZF,Hitachi HDS722020ALA330,2000398934016,0,,0,,,,,,,,0,,,,,,24306,,,,,,,,,,,,,,,,,,,,,,,,,,,,,,23,,,,,,0,,,,,,,,,,,,,,,,,,,,,,,,,,,,
2013-12-11,W1F0A1XQ,ST3000DM001,3000592982016,0,,196429016,,,,,,,,0,,,,,,13358,,,,,,,,,,,,,,,,,,,,,,,,,,,,,,27,,,,,,0,,,,,,,,,,,,,,,,,,,,,,,,,,,,
2013-12-11,6XW108YN,ST31500541AS,1500301910016,0,,13592908,,,,,,,,0,,,,,,30234,,,,,,,,,,,,,,,,,,,,,,,,,,,,,,22,,,,,,0,,,,,,,,,,,,,,,,,,,,,,,,,,,,
2013-12-11,W300H36V,ST4000DM000,4000787030016,0,,2588824,,,,,,,,0,,,,,,919,,,,,,,,,,,,,,,,,,,,,,,,,,,,,,21,,,,,,0,,,,,,,,,,,,,,,,,,,,,,,,,,,,
2013-12-11,JK1101B9JR6EDR,Hitachi HDS722020ALA330,2000398934016,0,,65536,,,,,,,,0,,,,,,23319,,,,,,,,,,,,,,,,,,,,,,,,,,,,,,32,,,,,,0,,,,,,,,,,,,,,,,,,,,,,,,,,,,
2013-12-11,MJ0351YNG9XTSA,Hitachi HDS5C3030ALA630,3000592982016,0,,0,,,,,,,,0,,,,,,9475,,,,,,,,,,,,,,,,,,,,,,,,,,,,,,27,,,,,,0,,,,,,,,,,,,,,,,,,,,,,,,,,,,
2013-12-11,MJ1311YNG2RJPA,Hitachi HDS5C3030ALA630,3000592982016,0,,0,,,,,,,,0,,,,,,18040,,,,,,,,,,,,,,,,,,,,,,,,,,,,,,25,,,,,,0,,,,,,,,,,,,,,,,,,,,,,,,,,,,
2013-12-11,PL1321LAG34HHH,Hitachi HDS5C4040ALE630,4000787030016,0,,0,,,,,,,,0,,,,,,5931,,,,,,,,,,,,,,,,,,,,,,,,,,,,,,27,,,,,,0,,,,,,,,,,,,,,,,,,,,,,,,,,,,
2013-12-11,MJ1311YNG7B2UA,Hitachi HDS5C3030ALA630,3000592982016,0,,0,,,,,,,,0,,,,,,14600,,,,,,,,,,,,,,,,,,,,,,,,,,,,,,23,,,,,,0,,,,,,,,,,,,,,,,,,,,,,,,,,,,
2013-12-11,9XK0PPSJ,ST33000651AS,3000592982016,0,,105674962,,,,,,,,0,,,,,,15604,,,,,,,,,,,,,,,,,,,,,,,,,,,,,,21,,,,,,0,,,,,,,,,,,,,,,,,,,,,,,,,,,,
2013-12-11,JK11A8B9J8T8YF,Hitachi HDS722020ALA330,2000398934016,0,,0,,,,,,,,1,,,,,,26004,,,,,,,,,,,,,,,,,,,,,,,,,,,,,,24,,,,,,0,,,,,,,,,,,,,,,,,,,,,,,,,,,,
2013-12-11,PL1321LAG31XPH,Hitachi HDS5C4040ALE630,4000787030016,0,,0,,,,,,,,0,,,,,,6649,,,,,,,,,,,,,,,,,,,,,,,,,,,,,,23,,,,,,0,,,,,,,,,,,,,,,,,,,,,,,,,,,,
2013-12-11,PL1311LAG2AMNH,Hitachi HDS5C4040ALE630,4000787030016,0,,0,,,,,,,,0,,,,,,7386,,,,,,,,,,,,,,,,,,,,,,,,,,,,,,24,,,,,,0,,,,,,,,,,,,,,,,,,,,,,,,,,,,
2013-12-11,JK11A8B9J2WG2F,Hitachi HDS722020ALA330,2000398934016,0,,0,,,,,,,,0,,,,,,24462,,,,,,,,,,,,,,,,,,,,,,,,,,,,,,27,,,,,,0,,,,,,,,,,,,,,,,,,,,,,,,,,,,
2013-12-11,Z1F0LM9W,ST3000DM001,3000592982016,0,,219915080,,,,,,,,0,,,,,,12024,,,,,,,,,,,,,,,,,,,,,,,,,,,,,,29,,,,,,0,,,,,,,,,,,,,,,,,,,,,,,,,,,,
2013-12-11,JK11A8B9G3W6SF,Hitachi HDS722020ALA330,2000398934016,0,,0,,,,,,,,0,,,,,,21167,,,,,,,,,,,,,,,,,,,,,,,,,,,,,,27,,,,,,0,,,,,,,,,,,,,,,,,,,,,,,,,,,,
2013-12-11,PL1311LAG24RXA,Hitachi HDS5C4040ALE630,4000787030016,0,,0,,,,,,,,0,,,,,,7415,,,,,,,,,,,,,,,,,,,,,,,,,,,,,,18,,,,,,0,,,,,,,,,,,,,,,,,,,,,,,,,,,,
2013-12-11,MJ0351YNGAAG3A,Hitachi HDS5C3030ALA630,3000592982016,0,,0,,,,,,,,0,,,,,,8214,,,,,,,,,,,,,,,,,,,,,,,,,,,,,,30,,,,,,0,,,,,,,,,,,,,,,,,,,,,,,,,,,,
2013-12-11,PL2321LAGAS5JJ,Hitachi HDS5C4040ALE630,4000787030016,0,,0,,,,,,,,0,,,,,,5076,,,,,,,,,,,,,,,,,,,,,,,,,,,,,,26,,,,,,0,,,,,,,,,,,,,,,,,,,,,,,,,,,,
2013-12-11,JK11A8B9J6PYDF,Hitachi HDS722020ALA330,2000398934016,0,,0,,,,,,,,0,,,,,,26027,,,,,,,,,,,,,,,,,,,,,,,,,,,,,,28,,,,,,0,,,,,,,,,,,,,,,,,,,,,,,,,,,,
2013-12-11,PL1331LAGB9LDH,Hitachi HDS5C4040ALE630,4000787030016,0,,0,,,,,,,,0,,,,,,5071,,,,,,,,,,,,,,,,,,,,,,,,,,,,,,32,,,,,,0,,,,,,,,,,,,,,,,,,,,,,,,,,,,
2013-12-11,WD-WCAU47304378,WDC WD10EADS,1000204886016,0,,1,,,,,,,,0,,,,,,40644,,,,,,,,,,,,,,,,,,,,,,,,,,,,,,20,,,,,,0,,,,,,,,,,,,,,,,,,,,,,,,,,,,
2013-12-11,5XW06K58,ST31500541AS,1500301910016,0,,5741789,,,,,,,,0,,,,,,22656,,,,,,,,,,,,,,,,,,,,,,,,,,,,,,19,,,,,,0,,,,,,,,,,,,,,,,,,,,,,,,,,,,
2013-12-11,Z300PLWE,ST4000DM000,4000787030016,0,,191270240,,,,,,,,0,,,,,,1225,,,,,,,,,,,,,,,,,,,,,,,,,,,,,,24,,,,,,0,,,,,,,,,,,,,,,,,,,,,,,,,,,,
2013-12-11,Z300WXN9,ST4000DM000,4000787030016,0,,117771328,,,,,,,,0,,,,,,957,,,,,,,,,,,,,,,,,,,,,,,,,,,,,,22,,,,,,0,,,,,,,,,,,,,,,,,,,,,,,,,,,,
2013-12-11,PL1311LAG28ZNH,Hitachi HDS5C4040ALE630,4000787030016,0,,0,,,,,,,,0,,,,,,7463,,,,,,,,,,,,,,,,,,,,,,,,,,,,,,23,,,,,,0,,,,,,,,,,,,,,,,,,,,,,,,,,,,
2013-12-11,Z300PLWB,ST4000DM000,4000787030016,0,,134367248,,,,,,,,0,,,,,,1447,,,,,,,,,,,,,,,,,,,,,,,,,,,,,,28,,,,,,0,,,,,,,,,,,,,,,,,,,,,,,,,,,,
2013-12-11,Z300PLWN,ST4000DM000,4000787030016,0,,11950032,,,,,,,,0,,,,,,1229,,,,,,,,,,,,,,,,,,,,,,,,,,,,,,22,,,,,,0,,,,,,,,,,,,,,,,,,,,,,,,,,,,
2013-12-11,Z300PLWK,ST4000DM000,4000787030016,0,,137791400,,,,,,,,0,,,,,,1229,,,,,,,,,,,,,,,,,,,,,,,,,,,,,,21,,,,,,0,,,,,,,,,,,,,,,,,,,,,,,,,,,,
2013-12-11,Z300PLWP,ST4000DM000,4000787030016,0,,173316152,,,,,,,,0,,,,,,1445,,,,,,,,,,,,,,,,,,,,,,,,,,,,,,28,,,,,,0,,,,,,,,,,,,,,,,,,,,,,,,,,,,
2013-12-11,WD-WMC1T1331303,WDC WD30EFRX,3000592982016,0,,0,,,,,,,,0,,,,,,7708,,,,,,,,,,,,,,,,,,,,,,,,,,,,,,28,,,,,,0,,,,,,,,,,,,,,,,,,,,,,,,,,,,
2013-12-11,MJ1311YNG660AA,Hitachi HDS5C3030ALA630,3000592982016,0,,0,,,,,,,,0,,,,,,14330,,,,,,,,,,,,,,,,,,,,,,,,,,,,,,33,,,,,,0,,,,,,,,,,,,,,,,,,,,,,,,,,,,
2013-12-11,JK11A8B9J3MA7F,Hitachi HDS722020ALA330,2000398934016,0,,1,,,,,,,,0,,,,,,23828,,,,,,,,,,,,,,,,,,,,,,,,,,,,,,27,,,,,,0,,,,,,,,,,,,,,,,,,,,,,,,,,,,
2013-12-11,MJ0351YNGA663A,Hitachi HDS5C3030ALA630,3000592982016,0,,0,,,,,,,,0,,,,,,8210,,,,,,,,,,,,,,,,,,,,,,,,,,,,,,36,,,,,,0,,,,,,,,,,,,,,,,,,,,,,,,,,,,
2013-12-11,6XW0NWYA,ST31500541AS,1500301910016,0,,217524768,,,,,,,,0,,,,,,21550,,,,,,,,,,,,,,,,,,,,,,,,,,,,,,19,,,,,,0,,,,,,,,,,,,,,,,,,,,,,,,,,,,
2013-12-11,MJ0351YNG9T69A,Hitachi HDS5C3030ALA630,3000592982016,0,,0,,,,,,,,0,,,,,,9974,,,,,,,,,,,,,,,,,,,,,,,,,,,,,,29,,,,,,0,,,,,,,,,,,,,,,,,,,,,,,,,,,,
2013-12-11,JK11A8B9J75GMF,Hitachi HDS722020ALA330,2000398934016,0,,524313,,,,,,,,1,,,,,,24912,,,,,,,,,,,,,,,,,,,,,,,,,,,,,,27,,,,,,0,,,,,,,,,,,,,,,,,,,,,,,,,,,,
2013-12-11,WD-WCAU47308500,WDC WD10EADS,1000204886016,0,,1,,,,,,,,0,,,,,,40845,,,,,,,,,,,,,,,,,,,,,,,,,,,,,,26,,,,,,0,,,,,,,,,,,,,,,,,,,,,,,,,,,,
2013-12-11,S1F0TMRF,ST3000DM001,3000592982016,0,,70912320,,,,,,,,0,,,,,,10540,,,,,,,,,,,,,,,,,,,,,,,,,,,,,,24,,,,,,0,,,,,,,,,,,,,,,,,,,,,,,,,,,,
2013-12-11,S1F0B49S,ST3000DM001,3000592982016,0,,178044112,,,,,,,,0,,,,,,12357,,,,,,,,,,,,,,,,,,,,,,,,,,,,,,25,,,,,,8,,,,,,,,,,,,,,,,,,,,,,,,,,,,
2013-12-11,W3000SKG,ST4000DM000,4000787030016,0,,134287760,,,,,,,,0,,,,,,2876,,,,,,,,,,,,,,,,,,,,,,,,,,,,,,23,,,,,,0,,,,,,,,,,,,,,,,,,,,,,,,,,,,
2013-12-11,MJ1311YNG20RDA,Hitachi HDS5C3030ALA630,3000592982016,0,,0,,,,,,,,0,,,,,,18361,,,,,,,,,,,,,,,,,,,,,,,,,,,,,,25,,,,,,0,,,,,,,,,,,,,,,,,,,,,,,,,,,,
2013-12-11,MJ1321YNG10WZA,Hitachi HDS5C3030ALA630,3000592982016,0,,0,,,,,,,,0,,,,,,20067,,,,,,,,,,,,,,,,,,,,,,,,,,,,,,25,,,,,,0,,,,,,,,,,,,,,,,,,,,,,,,,,,,
2013-12-11,WD-WCAU47214238,WDC WD10EADS,1000204886016,0,,0,,,,,,,,0,,,,,,40887,,,,,,,,,,,,,,,,,,,,,,,,,,,,,,31,,,,,,0,,,,,,,,,,,,,,,,,,,,,,,,,,,,
2013-12-11,JK11A8B9J71Z8F,Hitachi HDS722020ALA330,2000398934016,0,,0,,,,,,,,0,,,,,,21478,,,,,,,,,,,,,,,,,,,,,,,,,,,,,,24,,,,,,0,,,,,,,,,,,,,,,,,,,,,,,,,,,,
2013-12-11,MJ1311YNG7AG0A,Hitachi HDS5C3030ALA630,3000592982016,0,,0,,,,,,,,0,,,,,,14621,,,,,,,,,,,,,,,,,,,,,,,,,,,,,,22,,,,,,0,,,,,,,,,,,,,,,,,,,,,,,,,,,,
2013-12-11,W1F063EQ,ST3000DM001,3000592982016,0,,240124848,,,,,,,,0,,,,,,10739,,,,,,,,,,,,,,,,,,,,,,,,,,,,,,23,,,,,,0,,,,,,,,,,,,,,,,,,,,,,,,,,,,
2013-12-11,JK11A8B9J67Z0F,Hitachi HDS722020ALA330,2000398934016,0,,0,,,,,,,,0,,,,,,24983,,,,,,,,,,,,,,,,,,,,,,,,,,,,,,28,,,,,,0,,,,,,,,,,,,,,,,,,,,,,,,,,,,
2013-12-11,JK1170YAJDAM7T,Hitachi HDS722020ALA330,2000398934016,0,,0,,,,,,,,0,,,,,,28682,,,,,,,,,,,,,,,,,,,,,,,,,,,,,,25,,,,,,0,,,,,,,,,,,,,,,,,,,,,,,,,,,,
2013-12-11,MK0301YHGLZYDA,Hitachi HDS723030ALA640,3000592982016,0,,0,,,,,,,,0,,,,,,17018,,,,,,,,,,,,,,,,,,,,,,,,,,,,,,28,,,,,,0,,,,,,,,,,,,,,,,,,,,,,,,,,,,
2013-12-11,MJ0351YNG9Z6NA,Hitachi HDS5C3030ALA630,3000592982016,0,,0,,,,,,,,0,,,,,,9469,,,,,,,,,,,,,,,,,,,,,,,,,,,,,,26,,,,,,0,,,,,,,,,,,,,,,,,,,,,,,,,,,,
2013-12-11,MJ0351YNGAD7WA,Hitachi HDS5C3030ALA630,3000592982016,0,,0,,,,,,,,0,,,,,,8142,,,,,,,,,,,,,,,,,,,,,,,,,,,,,,28,,,,,,0,,,,,,,,,,,,,,,,,,,,,,,,,,,,
2013-12-11,PL1311LAG3AASH,Hitachi HDS5C4040ALE630,4000787030016,0,,0,,,,,,,,0,,,,,,6655,,,,,,,,,,,,,,,,,,,,,,,,,,,,,,18,,,,,,0,,,,,,,,,,,,,,,,,,,,,,,,,,,,
2013-12-11,JK11A8B9JR07YF,Hitachi HDS722020ALA330,2000398934016,0,,0,,,,,,,,0,,,,,,24112,,,,,,,,,,,,,,,,,,,,,,,,,,,,,,28,,,,,,0,,,,,,,,,,,,,,,,,,,,,,,,,,,,
2013-12-11,S1F0S4T6,ST3000DM001,3000592982016,0,,32436496,,,,,,,,0,,,,,,10539,,,,,,,,,,,,,,,,,,,,,,,,,,,,,,23,,,,,,0,,,,,,,,,,,,,,,,,,,,,,,,,,,,
2013-12-11,PL1321LAGATY5H,Hitachi HDS5C4040ALE630,4000787030016,0,,0,,,,,,,,0,,,,,,5075,,,,,,,,,,,,,,,,,,,,,,,,,,,,,,27,,,,,,0,,,,,,,,,,,,,,,,,,,,,,,,,,,,
2013-12-11,MJ1311YNG72UYA,Hitachi HDS5C3030ALA630,3000592982016,0,,0,,,,,,,,0,,,,,,14595,,,,,,,,,,,,,,,,,,,,,,,,,,,,,,28,,,,,,0,,,,,,,,,,,,,,,,,,,,,,,,,,,,
2013-12-11,MJ1311YNG5Y9ZA,Hitachi HDS5C3030ALA630,3000592982016,0,,0,,,,,,,,0,,,,,,14680,,,,,,,,,,,,,,,,,,,,,,,,,,,,,,28,,,,,,0,,,,,,,,,,,,,,,,,,,,,,,,,,,,
2013-12-11,S1F0JD7P,ST3000DM001,3000592982016,0,,36218248,,,,,,,,0,,,,,,11723,,,,,,,,,,,,,,,,,,,,,,,,,,,,,,22,,,,,,0,,,,,,,,,,,,,,,,,,,,,,,,,,,,
2013-12-11,MK0311YHGJA0KA,Hitachi HDS723030ALA640,3000592982016,0,,0,,,,,,,,0,,,,,,16734,,,,,,,,,,,,,,,,,,,,,,,,,,,,,,31,,,,,,0,,,,,,,,,,,,,,,,,,,,,,,,,,,,
2013-12-11,MJ1321YNG0J3GA,Hitachi HDS5C3030ALA630,3000592982016,0,,0,,,,,,,,0,,,,,,20067,,,,,,,,,,,,,,,,,,,,,,,,,,,,,,23,,,,,,0,,,,,,,,,,,,,,,,,,,,,,,,,,,,
2013-12-11,Z290ZW1G,ST33000651AS,3000592982016,0,,229878329,,,,,,,,0,,,,,,15916,,,,,,,,,,,,,,,,,,,,,,,,,,,,,,27,,,,,,0,,,,,,,,,,,,,,,,,,,,,,,,,,,,
2013-12-11,9XW01Q5S,ST31500541AS,1500301910016,0,,166201679,,,,,,,,0,,,,,,35440,,,,,,,,,,,,,,,,,,,,,,,,,,,,,,20,,,,,,0,,,,,,,,,,,,,,,,,,,,,,,,,,,,
2013-12-11,Z300H3VM,ST4000DM000,4000787030016,0,,62060960,,,,,,,,0,,,,,,1297,,,,,,,,,,,,,,,,,,,,,,,,,,,,,,21,,,,,,0,,,,,,,,,,,,,,,,,,,,,,,,,,,,
2013-12-11,WD-WCAU42422013,WDC WD10EACS,1000204886016,0,,0,,,,,,,,0,,,,,,42784,,,,,,,,,,,,,,,,,,,,,,,,,,,,,,28,,,,,,0,,,,,,,,,,,,,,,,,,,,,,,,,,,,
2013-12-11,PL1321LAG3580H,Hitachi HDS5C4040ALE630,4000787030016,0,,0,,,,,,,,0,,,,,,5138,,,,,,,,,,,,,,,,,,,,,,,,,,,,,,29,,,,,,0,,,,,,,,,,,,,,,,,,,,,,,,,,,,
2013-12-11,W1F09NRL,ST3000DM001,3000592982016,0,,11976512,,,,,,,,0,,,,,,14231,,,,,,,,,,,,,,,,,,,,,,,,,,,,,,22,,,,,,0,,,,,,,,,,,,,,,,,,,,,,,,,,,,
2013-12-11,9XW01Q5M,ST31500541AS,1500301910016,0,,168561047,,,,,,,,0,,,,,,35748,,,,,,,,,,,,,,,,,,,,,,,,,,,,,,22,,,,,,0,,,,,,,,,,,,,,,,,,,,,,,,,,,,
2013-12-11,JK1175YAHU2Z7X,Hitachi HDS722020ALA330,2000398934016,0,,393226,,,,,,,,0,,,,,,30500,,,,,,,,,,,,,,,,,,,,,,,,,,,,,,33,,,,,,0,,,,,,,,,,,,,,,,,,,,,,,,,,,,
2013-12-11,JK11A8B9J7ZLBF,Hitachi HDS722020ALA330,2000398934016,0,,0,,,,,,,,0,,,,,,26011,,,,,,,,,,,,,,,,,,,,,,,,,,,,,,27,,,,,,0,,,,,,,,,,,,,,,,,,,,,,,,,,,,
2013-12-11,9XW01Q5D,ST31500541AS,1500301910016,0,,232819067,,,,,,,,29,,,,,,35656,,,,,,,,,,,,,,,,,,,,,,,,,,,,,,15,,,,,,0,,,,,,,,,,,,,,,,,,,,,,,,,,,,
2013-12-11,MJ0351YNG9UXZA,Hitachi HDS5C3030ALA630,3000592982016,0,,0,,,,,,,,0,,,,,,9721,,,,,,,,,,,,,,,,,,,,,,,,,,,,,,30,,,,,,0,,,,,,,,,,,,,,,,,,,,,,,,,,,,
2013-12-11,JK1101B9J24RMF,Hitachi HDS722020ALA330,2000398934016,0,,0,,,,,,,,0,,,,,,24214,,,,,,,,,,,,,,,,,,,,,,,,,,,,,,29,,,,,,0,,,,,,,,,,,,,,,,,,,,,,,,,,,,
2013-12-11,MJ1311YNG36EZA,Hitachi HDS5C3030ALA630,3000592982016,0,,0,,,,,,,,0,,,,,,19588,,,,,,,,,,,,,,,,,,,,,,,,,,,,,,29,,,,,,0,,,,,,,,,,,,,,,,,,,,,,,,,,,,
2013-12-11,Z300DLQA,ST4000DM000,4000787030016,0,,228629432,,,,,,,,0,,,,,,2263,,,,,,,,,,,,,,,,,,,,,,,,,,,,,,22,,,,,,0,,,,,,,,,,,,,,,,,,,,,,,,,,,,
2013-12-11,PL1311LAG1Z51A,Hitachi HDS5C4040ALE630,4000787030016,0,,0,,,,,,,,0,,,,,,5922,,,,,,,,,,,,,,,,,,,,,,,,,,,,,,20,,,,,,0,,,,,,,,,,,,,,,,,,,,,,,,,,,,
2013-12-11,MJ0351YNGA3ETA,Hitachi HDS5C3030ALA630,3000592982016,0,,0,,,,,,,,0,,,,,,9129,,,,,,,,,,,,,,,,,,,,,,,,,,,,,,30,,,,,,0,,,,,,,,,,,,,,,,,,,,,,,,,,,,
2013-12-11,W1F09HH2,ST3000DM001,3000592982016,0,,156245624,,,,,,,,0,,,,,,13360,,,,,,,,,,,,,,,,,,,,,,,,,,,,,,27,,,,,,16,,,,,,,,,,,,,,,,,,,,,,,,,,,,
2013-12-11,S1F032WP,ST3000DM001,3000592982016,0,,195022736,,,,,,,,0,,,,,,15264,,,,,,,,,,,,,,,,,,,,,,,,,,,,,,26,,,,,,0,,,,,,,,,,,,,,,,,,,,,,,,,,,,
2013-12-11,5XW03HFN,ST31500541AS,1500301910016,0,,70268948,,,,,,,,0,,,,,,36936,,,,,,,,,,,,,,,,,,,,,,,,,,,,,,25,,,,,,0,,,,,,,,,,,,,,,,,,,,,,,,,,,,
2013-12-11,JK1170YAJDAKZT,Hitachi HDS722020ALA330,2000398934016,0,,0,,,,,,,,0,,,,,,28684,,,,,,,,,,,,,,,,,,,,,,,,,,,,,,26,,,,,,0,,,,,,,,,,,,,,,,,,,,,,,,,,,,
2013-12-11,5XW03HFF,ST31500541AS,1500301910016,0,,125684463,,,,,,,,0,,,,,,37141,,,,,,,,,,,,,,,,,,,,,,,,,,,,,,22,,,,,,0,,,,,,,,,,,,,,,,,,,,,,,,,,,,
2013-12-11,MJ1311YNG1AVWA,Hitachi HDS5C3030ALA630,3000592982016,0,,0,,,,,,,,0,,,,,,20731,,,,,,,,,,,,,,,,,,,,,,,,,,,,,,25,,,,,,0,,,,,,,,,,,,,,,,,,,,,,,,,,,,
2013-12-11,Z300PAFY,ST4000DM000,4000787030016,0,,4425368,,,,,,,,0,,,,,,1094,,,,,,,,,,,,,,,,,,,,,,,,,,,,,,20,,,,,,0,,,,,,,,,,,,,,,,,,,,,,,,,,,,
2013-12-11,Z300PAFV,ST4000DM000,4000787030016,0,,88514528,,,,,,,,0,,,,,,1232,,,,,,,,,,,,,,,,,,,,,,,,,,,,,,21,,,,,,0,,,,,,,,,,,,,,,,,,,,,,,,,,,,
2013-12-11,MJ1311YNG3E5JA,Hitachi HDS5C3030ALA630,3000592982016,0,,0,,,,,,,,0,,,,,,19325,,,,,,,,,,,,,,,,,,,,,,,,,,,,,,24,,,,,,0,,,,,,,,,,,,,,,,,,,,,,,,,,,,
2013-12-11,WD-WCAV5V407185,WDC WD10EADX,1000204886016,0,,22,,,,,,,,0,,,,,,10456,,,,,,,,,,,,,,,,,,,,,,,,,,,,,,30,,,,,,0,,,,,,,,,,,,,,,,,,,,,,,,,,,,
2013-12-11,W1F09QS0,ST3000DM001,3000592982016,0,,100500816,,,,,,,,4792,,,,,,13757,,,,,,,,,,,,,,,,,,,,,,,,,,,,,,23,,,,,,16,,,,,,,,,,,,,,,,,,,,,,,,,,,,
2013-12-11,W1F0SHRC,ST3000DM001,3000592982016,0,,118634152,,,,,,,,16608,,,,,,11022,,,,,,,,,,,,,,,,,,,,,,,,,,,,,,21,,,,,,0,,,,,,,,,,,,,,,,,,,,,,,,,,,,
2013-12-11,PL1311LAG382GH,Hitachi HDS5C4040ALE630,4000787030016,0,,0,,,,,,,,0,,,,,,6637,,,,,,,,,,,,,,,,,,,,,,,,,,,,,,27,,,,,,0,,,,,,,,,,,,,,,,,,,,,,,,,,,,
2013-12-11,JK1105B8J36KTX,Hitachi HDS722020ALA330,2000398934016,0,,65537,,,,,,,,0,,,,,,22703,,,,,,,,,,,,,,,,,,,,,,,,,,,,,,30,,,,,,0,,,,,,,,,,,,,,,,,,,,,,,,,,,,
2013-12-11,W300E1Z0,ST4000DM000,4000787030016,0,,104971200,,,,,,,,0,,,,,,4146,,,,,,,,,,,,,,,,,,,,,,,,,,,,,,24,,,,,,0,,,,,,,,,,,,,,,,,,,,,,,,,,,,
2013-12-11,MJ0351YNGA3UKA,Hitachi HDS5C3030ALA630,3000592982016,0,,0,,,,,,,,0,,,,,,8055,,,,,,,,,,,,,,,,,,,,,,,,,,,,,,25,,,,,,0,,,,,,,,,,,,,,,,,,,,,,,,,,,,
2013-12-11,MJ1311YNG35KKA,Hitachi HDS5C3030ALA630,3000592982016,0,,0,,,,,,,,0,,,,,,18592,,,,,,,,,,,,,,,,,,,,,,,,,,,,,,25,,,,,,0,,,,,,,,,,,,,,,,,,,,,,,,,,,,
2013-12-11,MJ1311YNG3JB2A,Hitachi HDS5C3030ALA630,3000592982016,0,,0,,,,,,,,0,,,,,,18949,,,,,,,,,,,,,,,,,,,,,,,,,,,,,,24,,,,,,0,,,,,,,,,,,,,,,,,,,,,,,,,,,,
2013-12-11,MJ0351YNG9UPRA,Hitachi HDS5C3030ALA630,3000592982016,0,,65537,,,,,,,,0,,,,,,8873,,,,,,,,,,,,,,,,,,,,,,,,,,,,,,29,,,,,,0,,,,,,,,,,,,,,,,,,,,,,,,,,,,
2013-12-11,W300D8AV,ST4000DM000,4000787030016,0,,109353632,,,,,,,,0,,,,,,4042,,,,,,,,,,,,,,,,,,,,,,,,,,,,,,24,,,,,,0,,,,,,,,,,,,,,,,,,,,,,,,,,,,
2013-12-11,Z300PKT6,ST4000DM000,4000787030016,0,,110525592,,,,,,,,0,,,,,,1114,,,,,,,,,,,,,,,,,,,,,,,,,,,,,,26,,,,,,0,,,,,,,,,,,,,,,,,,,,,,,,,,,,
2013-12-11,W1F03PV0,ST3000DM001,3000592982016,0,,235411464,,,,,,,,0,,,,,,10190,,,,,,,,,,,,,,,,,,,,,,,,,,,,,,28,,,,,,0,,,,,,,,,,,,,,,,,,,,,,,,,,,,
2013-12-11,W300KW2P,ST4000DM000,4000787030016,0,,5158096,,,,,,,,0,,,,,,815,,,,,,,,,,,,,,,,,,,,,,,,,,,,,,21,,,,,,0,,,,,,,,,,,,,,,,,,,,,,,,,,,,
2013-12-11,6XW002VH,ST31500541AS,1500301910016,0,,191233377,,,,,,,,0,,,,,,36063,,,,,,,,,,,,,,,,,,,,,,,,,,,,,,19,,,,,,0,,,,,,,,,,,,,,,,,,,,,,,,,,,,
2013-12-11,PL2311LAG1UVDC,Hitachi HDS5C4040ALE630,4000787030016,0,,0,,,,,,,,0,,,,,,7463,,,,,,,,,,,,,,,,,,,,,,,,,,,,,,24,,,,,,0,,,,,,,,,,,,,,,,,,,,,,,,,,,,
2013-12-11,JK11A8B9JPPJHF,Hitachi HDS722020ALA330,2000398934016,0,,2,,,,,,,,0,,,,,,24112,,,,,,,,,,,,,,,,,,,,,,,,,,,,,,29,,,,,,0,,,,,,,,,,,,,,,,,,,,,,,,,,,,
2013-12-11,MK0331YHGU88BA,Hitachi HDS723030ALA640,3000592982016,0,,0,,,,,,,,0,,,,,,9073,,,,,,,,,,,,,,,,,,,,,,,,,,,,,,24,,,,,,0,,,,,,,,,,,,,,,,,,,,,,,,,,,,
2013-12-11,JK1101B9J2WY7F,Hitachi HDS722020ALA330,2000398934016,0,,0,,,,,,,,0,,,,,,24216,,,,,,,,,,,,,,,,,,,,,,,,,,,,,,27,,,,,,0,,,,,,,,,,,,,,,,,,,,,,,,,,,,
2013-12-11,W300BJB2,ST4000DM000,4000787030016,0,,167374904,,,,,,,,0,,,,,,3603,,,,,,,,,,,,,,,,,,,,,,,,,,,,,,20,,,,,,0,,,,,,,,,,,,,,,,,,,,,,,,,,,,
2013-12-11,MJ0351YNG9NV1A,Hitachi HDS5C3030ALA630,3000592982016,0,,0,,,,,,,,0,,,,,,10000,,,,,,,,,,,,,,,,,,,,,,,,,,,,,,31,,,,,,0,,,,,,,,,,,,,,,,,,,,,,,,,,,,
2013-12-11,6XW026FY,ST31500541AS,1500301910016,0,,129036020,,,,,,,,0,,,,,,36062,,,,,,,,,,,,,,,,,,,,,,,,,,,,,,19,,,,,,0,,,,,,,,,,,,,,,,,,,,,,,,,,,,
2013-12-11,MK0311YHG0X4HA,Hitachi HDS723030ALA640,3000592982016,0,,0,,,,,,,,0,,,,,,16132,,,,,,,,,,,,,,,,,,,,,,,,,,,,,,25,,,,,,0,,,,,,,,,,,,,,,,,,,,,,,,,,,,
2013-12-11,W300KW25,ST4000DM000,4000787030016,0,,85673776,,,,,,,,0,,,,,,909,,,,,,,,,,,,,,,,,,,,,,,,,,,,,,20,,,,,,0,,,,,,,,,,,,,,,,,,,,,,,,,,,,
2013-12-11,JK1170YAJDAERT,Hitachi HDS722020ALA330,2000398934016,0,,6,,,,,,,,0,,,,,,27871,,,,,,,,,,,,,,,,,,,,,,,,,,,,,,27,,,,,,0,,,,,,,,,,,,,,,,,,,,,,,,,,,,
2013-12-11,Z300J9KA,ST4000DM000,4000787030016,0,,190123120,,,,,,,,0,,,,,,2902,,,,,,,,,,,,,,,,,,,,,,,,,,,,,,27,,,,,,0,,,,,,,,,,,,,,,,,,,,,,,,,,,,
2013-12-11,W300D2VN,ST4000DM000,4000787030016,0,,163786384,,,,,,,,0,,,,,,4140,,,,,,,,,,,,,,,,,,,,,,,,,,,,,,24,,,,,,0,,,,,,,,,,,,,,,,,,,,,,,,,,,,
2013-12-11,6XW021RS,ST31500541AS,1500301910016,0,,145187557,,,,,,,,0,,,,,,35750,,,,,,,,,,,,,,,,,,,,,,,,,,,,,,25,,,,,,0,,,,,,,,,,,,,,,,,,,,,,,,,,,,
2013-12-11,W1F0A303,ST3000DM001,3000592982016,0,,38972552,,,,,,,,0,,,,,,14710,,,,,,,,,,,,,,,,,,,,,,,,,,,,,,24,,,,,,0,,,,,,,,,,,,,,,,,,,,,,,,,,,,
2013-12-11,6XW002V8,ST31500541AS,1500301910016,0,,203851909,,,,,,,,0,,,,,,35443,,,,,,,,,,,,,,,,,,,,,,,,,,,,,,21,,,,,,0,,,,,,,,,,,,,,,,,,,,,,,,,,,,
2013-12-11,MJ1321YNG0RGWA,Hitachi HDS5C3030ALA630,3000592982016,0,,0,,,,,,,,0,,,,,,324,,,,,,,,,,,,,,,,,,,,,,,,,,,,,,23,,,,,,0,,,,,,,,,,,,,,,,,,,,,,,,,,,,
2013-12-11,JK11A8B9J763KF,Hitachi HDS722020ALA330,2000398934016,0,,0,,,,,,,,0,,,,,,22412,,,,,,,,,,,,,,,,,,,,,,,,,,,,,,23,,,,,,0,,,,,,,,,,,,,,,,,,,,,,,,,,,,
2013-12-11,MJ0351YNGA6BUA,Hitachi HDS5C3030ALA630,3000592982016,0,,0,,,,,,,,0,,,,,,8640,,,,,,,,,,,,,,,,,,,,,,,,,,,,,,26,,,,,,0,,,,,,,,,,,,,,,,,,,,,,,,,,,,
2013-12-11,W1F08D8H,ST3000DM001,3000592982016,0,,207025780,,,,,,,,0,,,,,,16197,,,,,,,,,,,,,,,,,,,,,,,,,,,,,,25,,,,,,0,,,,,,,,,,,,,,,,,,,,,,,,,,,,
2013-12-11,WD-WMC4N1052021,WDC WD30EFRX,3000592982016,0,,0,,,,,,,,0,,,,,,325,,,,,,,,,,,,,,,,,,,,,,,,,,,,,,21,,,,,,0,,,,,,,,,,,,,,,,,,,,,,,,,,,,
2013-12-11,PL1331LAGA4P3H,Hitachi HDS5C4040ALE630,4000787030016,0,,0,,,,,,,,0,,,,,,2981,,,,,,,,,,,,,,,,,,,,,,,,,,,,,,25,,,,,,0,,,,,,,,,,,,,,,,,,,,,,,,,,,,
2013-12-11,MJ1311YNG3DUYA,Hitachi HDS5C3030ALA630,3000592982016,0,,0,,,,,,,,0,,,,,,18947,,,,,,,,,,,,,,,,,,,,,,,,,,,,,,25,,,,,,0,,,,,,,,,,,,,,,,,,,,,,,,,,,,
2013-12-11,6XW00WEG,ST31500541AS,1500301910016,0,,140518275,,,,,,,,2211,,,,,,36069,,,,,,,,,,,,,,,,,,,,,,,,,,,,,,18,,,,,,0,,,,,,,,,,,,,,,,,,,,,,,,,,,,
2013-12-11,S1F02ZG5,ST3000DM001,3000592982016,0,,35855400,,,,,,,,0,,,,,,16178,,,,,,,,,,,,,,,,,,,,,,,,,,,,,,21,,,,,,0,,,,,,,,,,,,,,,,,,,,,,,,,,,,
2013-12-11,JK1101YAK92RUV,Hitachi HDS722020ALA330,2000398934016,0,,65537,,,,,,,,0,,,,,,29654,,,,,,,,,,,,,,,,,,,,,,,,,,,,,,25,,,,,,0,,,,,,,,,,,,,,,,,,,,,,,,,,,,
2013-12-11,Z300KGXX,ST4000DM000,4000787030016,0,,189449008,,,,,,,,0,,,,,,152,,,,,,,,,,,,,,,,,,,,,,,,,,,,,,27,,,,,,0,,,,,,,,,,,,,,,,,,,,,,,,,,,,
2013-12-11,MK0311YHGBWUHA,Hitachi HDS723030ALA640,3000592982016,0,,0,,,,,,,,0,,,,,,21459,,,,,,,,,,,,,,,,,,,,,,,,,,,,,,27,,,,,,0,,,,,,,,,,,,,,,,,,,,,,,,,,,,
2013-12-11,Z300W3L2,ST4000DM000,4000787030016,0,,195923248,,,,,,,,0,,,,,,815,,,,,,,,,,,,,,,,,,,,,,,,,,,,,,18,,,,,,0,,,,,,,,,,,,,,,,,,,,,,,,,,,,
2013-12-11,JK1101B9JMTEGF,Hitachi HDS722020ALA330,2000398934016,0,,65536,,,,,,,,0,,,,,,22300,,,,,,,,,,,,,,,,,,,,,,,,,,,,,,31,,,,,,0,,,,,,,,,,,,,,,,,,,,,,,,,,,,
2013-12-11,MJ0351YNG9SZ3A,Hitachi HDS5C3030ALA630,3000592982016,0,,0,,,,,,,,0,,,,,,9191,,,,,,,,,,,,,,,,,,,,,,,,,,,,,,28,,,,,,0,,,,,,,,,,,,,,,,,,,,,,,,,,,,
2013-12-11,WD-WMC1T0873745,WDC WD30EFRX,3000592982016,0,,0,,,,,,,,0,,,,,,8840,,,,,,,,,,,,,,,,,,,,,,,,,,,,,,29,,,,,,0,,,,,,,,,,,,,,,,,,,,,,,,,,,,
2013-12-11,PL1311LAG1YB4A,Hitachi HDS5C4040ALE630,4000787030016,0,,0,,,,,,,,0,,,,,,7404,,,,,,,,,,,,,,,,,,,,,,,,,,,,,,26,,,,,,0,,,,,,,,,,,,,,,,,,,,,,,,,,,,
2013-12-11,6XW020TW,ST31500541AS,1500301910016,0,,90601460,,,,,,,,0,,,,,,36063,,,,,,,,,,,,,,,,,,,,,,,,,,,,,,19,,,,,,0,,,,,,,,,,,,,,,,,,,,,,,,,,,,
2013-12-11,Z300W3LZ,ST4000DM000,4000787030016,0,,230295488,,,,,,,,0,,,,,,948,,,,,,,,,,,,,,,,,,,,,,,,,,,,,,22,,,,,,0,,,,,,,,,,,,,,,,,,,,,,,,,,,,
2013-12-11,MJ0351YNGA74UA,Hitachi HDS5C3030ALA630,3000592982016,0,,0,,,,,,,,0,,,,,,8661,,,,,,,,,,,,,,,,,,,,,,,,,,,,,,28,,,,,,0,,,,,,,,,,,,,,,,,,,,,,,,,,,,
2013-12-11,JK11A8B9J3KJDF,Hitachi HDS722020ALA330,2000398934016,0,,0,,,,,,,,0,,,,,,24216,,,,,,,,,,,,,,,,,,,,,,,,,,,,,,27,,,,,,0,,,,,,,,,,,,,,,,,,,,,,,,,,,,
2013-12-11,PL1311LAG1826A,Hitachi HDS5C4040ALE630,4000787030016,0,,0,,,,,,,,0,,,,,,5191,,,,,,,,,,,,,,,,,,,,,,,,,,,,,,27,,,,,,0,,,,,,,,,,,,,,,,,,,,,,,,,,,,
2013-12-11,W300AJ1Z,ST4000DM000,4000787030016,0,,21476536,,,,,,,,0,,,,,,2238,,,,,,,,,,,,,,,,,,,,,,,,,,,,,,24,,,,,,0,,,,,,,,,,,,,,,,,,,,,,,,,,,,
2013-12-11,Z1F0385D,ST3000DM001,3000592982016,0,,232073416,,,,,,,,0,,,,,,10739,,,,,,,,,,,,,,,,,,,,,,,,,,,,,,24,,,,,,0,,,,,,,,,,,,,,,,,,,,,,,,,,,,
2013-12-11,S1F026SJ,ST3000DM001,3000592982016,0,,66975352,,,,,,,,0,,,,,,15223,,,,,,,,,,,,,,,,,,,,,,,,,,,,,,24,,,,,,0,,,,,,,,,,,,,,,,,,,,,,,,,,,,
2013-12-11,S1F02ZGF,ST3000DM001,3000592982016,0,,10133304,,,,,,,,0,,,,,,15263,,,,,,,,,,,,,,,,,,,,,,,,,,,,,,20,,,,,,16,,,,,,,,,,,,,,,,,,,,,,,,,,,,
2013-12-11,WD-WCAU45053088,WDC WD10EADS,1000204886016,0,,0,,,,,,,,0,,,,,,41225,,,,,,,,,,,,,,,,,,,,,,,,,,,,,,22,,,,,,0,,,,,,,,,,,,,,,,,,,,,,,,,,,,
2013-12-11,JK1101B9JPGBVF,Hitachi HDS722020ALA330,2000398934016,0,,0,,,,,,,,0,,,,,,24305,,,,,,,,,,,,,,,,,,,,,,,,,,,,,,25,,,,,,0,,,,,,,,,,,,,,,,,,,,,,,,,,,,
2013-12-11,Z1F0GB8A,ST3000DM001,3000592982016,0,,170436664,,,,,,,,0,,,,,,12154,,,,,,,,,,,,,,,,,,,,,,,,,,,,,,24,,,,,,0,,,,,,,,,,,,,,,,,,,,,,,,,,,,
2013-12-11,W300BH5X,ST4000DM000,4000787030016,0,,71794736,,,,,,,,0,,,,,,4042,,,,,,,,,,,,,,,,,,,,,,,,,,,,,,23,,,,,,0,,,,,,,,,,,,,,,,,,,,,,,,,,,,
2013-12-11,S1F1303B,ST3000DM001,3000592982016,0,,17074200,,,,,,,,0,,,,,,8180,,,,,,,,,,,,,,,,,,,,,,,,,,,,,,20,,,,,,0,,,,,,,,,,,,,,,,,,,,,,,,,,,,
2013-12-11,MK0311YHGKHTHA,Hitachi HDS723030ALA640,3000592982016,0,,0,,,,,,,,0,,,,,,16801,,,,,,,,,,,,,,,,,,,,,,,,,,,,,,29,,,,,,0,,,,,,,,,,,,,,,,,,,,,,,,,,,,
2013-12-11,W300BH5S,ST4000DM000,4000787030016,0,,16010120,,,,,,,,0,,,,,,4190,,,,,,,,,,,,,,,,,,,,,,,,,,,,,,26,,,,,,0,,,,,,,,,,,,,,,,,,,,,,,,,,,,
2013-12-11,MJ1323YNG1RSHC,Hitachi HDS5C3030ALA630,3000592982016,0,,1441792,,,,,,,,0,,,,,,19728,,,,,,,,,,,,,,,,,,,,,,,,,,,,,,24,,,,,,0,,,,,,,,,,,,,,,,,,,,,,,,,,,,
2013-12-11,W300BH5K,ST4000DM000,4000787030016,0,,184173264,,,,,,,,0,,,,,,3611,,,,,,,,,,,,,,,,,,,,,,,,,,,,,,24,,,,,,0,,,,,,,,,,,,,,,,,,,,,,,,,,,,
2013-12-11,MJ1321YNG0DGYA,Hitachi HDS5C3030ALA630,3000592982016,0,,0,,,,,,,,0,,,,,,20479,,,,,,,,,,,,,,,,,,,,,,,,,,,,,,26,,,,,,0,,,,,,,,,,,,,,,,,,,,,,,,,,,,
2013-12-11,6XW00MWE,ST31500541AS,1500301910016,0,,182462558,,,,,,,,0,,,,,,35749,,,,,,,,,,,,,,,,,,,,,,,,,,,,,,20,,,,,,0,,,,,,,,,,,,,,,,,,,,,,,,,,,,
2013-12-11,MJ0351YNG9VR4A,Hitachi HDS5C3030ALA630,3000592982016,0,,0,,,,,,,,0,,,,,,9899,,,,,,,,,,,,,,,,,,,,,,,,,,,,,,31,,,,,,0,,,,,,,,,,,,,,,,,,,,,,,,,,,,
2013-12-11,MJ0351YNG9Z42A,Hitachi HDS5C3030ALA630,3000592982016,0,,0,,,,,,,,0,,,,,,9672,,,,,,,,,,,,,,,,,,,,,,,,,,,,,,29,,,,,,0,,,,,,,,,,,,,,,,,,,,,,,,,,,,
2013-12-11,S1F0MHNX,ST3000DM001,3000592982016,0,,101450824,,,,,,,,0,,,,,,7853,,,,,,,,,,,,,,,,,,,,,,,,,,,,,,25,,,,,,0,,,,,,,,,,,,,,,,,,,,,,,,,,,,
2013-12-11,S1F02ER6,ST3000DM001,3000592982016,0,,56330120,,,,,,,,0,,,,,,16198,,,,,,,,,,,,,,,,,,,,,,,,,,,,,,24,,,,,,0,,,,,,,,,,,,,,,,,,,,,,,,,,,,
2013-12-11,S1F07S39,ST3000DM001,3000592982016,0,,93549752,,,,,,,,0,,,,,,12347,,,,,,,,,,,,,,,,,,,,,,,,,,,,,,22,,,,,,0,,,,,,,,,,,,,,,,,,,,,,,,,,,,
2013-12-11,S1F04D2N,ST3000DM001,3000592982016,0,,120805600,,,,,,,,0,,,,,,16201,,,,,,,,,,,,,,,,,,,,,,,,,,,,,,24,,,,,,0,,,,,,,,,,,,,,,,,,,,,,,,,,,,
2013-12-11,9XW03CK9,ST31500541AS,1500301910016,0,,10003535,,,,,,,,0,,,,,,33335,,,,,,,,,,,,,,,,,,,,,,,,,,,,,,21,,,,,,0,,,,,,,,,,,,,,,,,,,,,,,,,,,,
2013-12-11,W300CJ10,ST4000DM000,4000787030016,0,,226067568,,,,,,,,0,,,,,,2248,,,,,,,,,,,,,,,,,,,,,,,,,,,,,,21,,,,,,0,,,,,,,,,,,,,,,,,,,,,,,,,,,,
2013-12-11,9XW03CK6,ST31500541AS,1500301910016,0,,57704216,,,,,,,,0,,,,,,33323,,,,,,,,,,,,,,,,,,,,,,,,,,,,,,21,,,,,,0,,,,,,,,,,,,,,,,,,,,,,,,,,,,
2013-12-11,JK11A8B9J7A2RF,Hitachi HDS722020ALA330,2000398934016,0,,0,,,,,,,,7,,,,,,22696,,,,,,,,,,,,,,,,,,,,,,,,,,,,,,23,,,,,,0,,,,,,,,,,,,,,,,,,,,,,,,,,,,
2013-12-11,PL1321LAGABHPH,Hitachi HDS5C4040ALE630,4000787030016,0,,0,,,,,,,,0,,,,,,5050,,,,,,,,,,,,,,,,,,,,,,,,,,,,,,31,,,,,,0,,,,,,,,,,,,,,,,,,,,,,,,,,,,
2013-12-11,Z1F06FWK,ST3000DM001,3000592982016,0,,61919872,,,,,,,,0,,,,,,17065,,,,,,,,,,,,,,,,,,,,,,,,,,,,,,26,,,,,,0,,,,,,,,,,,,,,,,,,,,,,,,,,,,
2013-12-11,S1F02QFY,ST3000DM001,3000592982016,0,,162079232,,,,,,,,0,,,,,,15403,,,,,,,,,,,,,,,,,,,,,,,,,,,,,,20,,,,,,0,,,,,,,,,,,,,,,,,,,,,,,,,,,,
2013-12-11,JK11A8B9J3S94F,Hitachi HDS722020ALA330,2000398934016,0,,0,,,,,,,,0,,,,,,23821,,,,,,,,,,,,,,,,,,,,,,,,,,,,,,36,,,,,,0,,,,,,,,,,,,,,,,,,,,,,,,,,,,
2013-12-11,MJ1311YNG6RX0A,Hitachi HDS5C3030ALA630,3000592982016,0,,0,,,,,,,,0,,,,,,17142,,,,,,,,,,,,,,,,,,,,,,,,,,,,,,25,,,,,,0,,,,,,,,,,,,,,,,,,,,,,,,,,,,
2013-12-11,MJ1311YNG3HD8A,Hitachi HDS5C3030ALA630,3000592982016,0,,0,,,,,,,,0,,,,,,18941,,,,,,,,,,,,,,,,,,,,,,,,,,,,,,25,,,,,,0,,,,,,,,,,,,,,,,,,,,,,,,,,,,
2013-12-11,JK11A8B9J9HXVF,Hitachi HDS722020ALA330,2000398934016,0,,0,,,,,,,,0,,,,,,25580,,,,,,,,,,,,,,,,,,,,,,,,,,,,,,27,,,,,,0,,,,,,,,,,,,,,,,,,,,,,,,,,,,
2013-12-11,JK1130YAG470KT,Hitachi HDS722020ALA330,2000398934016,0,,0,,,,,,,,0,,,,,,16293,,,,,,,,,,,,,,,,,,,,,,,,,,,,,,28,,,,,,0,,,,,,,,,,,,,,,,,,,,,,,,,,,,
2013-12-11,MJ1311YNG3K4MA,Hitachi HDS5C3030ALA630,3000592982016,0,,0,,,,,,,,0,,,,,,19254,,,,,,,,,,,,,,,,,,,,,,,,,,,,,,22,,,,,,0,,,,,,,,,,,,,,,,,,,,,,,,,,,,
2013-12-11,PL1321LAG35MWH,Hitachi HDS5C4040ALE630,4000787030016,0,,0,,,,,,,,0,,,,,,5668,,,,,,,,,,,,,,,,,,,,,,,,,,,,,,21,,,,,,0,,,,,,,,,,,,,,,,,,,,,,,,,,,,
2013-12-11,JK11H1B9GJ39HR,Hitachi HDS722020ALA330,2000398934016,0,,6029415,,,,,,,,0,,,,,,27541,,,,,,,,,,,,,,,,,,,,,,,,,,,,,,25,,,,,,0,,,,,,,,,,,,,,,,,,,,,,,,,,,,
2013-12-11,JK1170YBJXTRTD,Hitachi HDS722020ALA330,2000398934016,0,,2,,,,,,,,0,,,,,,28154,,,,,,,,,,,,,,,,,,,,,,,,,,,,,,24,,,,,,0,,,,,,,,,,,,,,,,,,,,,,,,,,,,
2013-12-11,MJ0351YNG9XZLA,Hitachi HDS5C3030ALA630,3000592982016,0,,0,,,,,,,,0,,,,,,9315,,,,,,,,,,,,,,,,,,,,,,,,,,,,,,31,,,,,,0,,,,,,,,,,,,,,,,,,,,,,,,,,,,
2013-12-11,9VS3J5XC,ST31500341AS,1500301910016,0,,101857910,,,,,,,,10,,,,,,32921,,,,,,,,,,,,,,,,,,,,,,,,,,,,,,18,,,,,,0,,,,,,,,,,,,,,,,,,,,,,,,,,,,
2013-12-11,PL1321LAG347VH,Hitachi HDS5C4040ALE630,4000787030016,0,,0,,,,,,,,0,,,,,,5139,,,,,,,,,,,,,,,,,,,,,,,,,,,,,,28,,,,,,0,,,,,,,,,,,,,,,,,,,,,,,,,,,,
2013-12-11,MJ1313YNG1ZH7C,Hitachi HDS5C3030ALA630,3000592982016,0,,0,,,,,,,,0,,,,,,18592,,,,,,,,,,,,,,,,,,,,,,,,,,,,,,24,,,,,,0,,,,,,,,,,,,,,,,,,,,,,,,,,,,
2013-12-11,W1F08HXX,ST3000DM001,3000592982016,0,,221463440,,,,,,,,0,,,,,,13794,,,,,,,,,,,,,,,,,,,,,,,,,,,,,,27,,,,,,0,,,,,,,,,,,,,,,,,,,,,,,,,,,,
2013-12-11,JK11A8B9J3S6GF,Hitachi HDS722020ALA330,2000398934016,0,,0,,,,,,,,2,,,,,,23319,,,,,,,,,,,,,,,,,,,,,,,,,,,,,,36,,,,,,0,,,,,,,,,,,,,,,,,,,,,,,,,,,,
2013-12-11,PL1321LAG2T06H,Hitachi HDS5C4040ALE630,4000787030016,0,,0,,,,,,,,0,,,,,,5925,,,,,,,,,,,,,,,,,,,,,,,,,,,,,,16,,,,,,0,,,,,,,,,,,,,,,,,,,,,,,,,,,,
2013-12-11,9VS1XAPX,ST31500341AS,1500301910016,0,,47789168,,,,,,,,0,,,,,,38949,,,,,,,,,,,,,,,,,,,,,,,,,,,,,,26,,,,,,0,,,,,,,,,,,,,,,,,,,,,,,,,,,,
2013-12-11,JK11A8B9J2HL4F,Hitachi HDS722020ALA330,2000398934016,0,,0,,,,,,,,0,,,,,,25580,,,,,,,,,,,,,,,,,,,,,,,,,,,,,,23,,,,,,0,,,,,,,,,,,,,,,,,,,,,,,,,,,,
2013-12-11,MJ1323YNG1T5RC,Hitachi HDS5C3030ALA630,3000592982016,0,,258901771,,,,,,,,0,,,,,,19762,,,,,,,,,,,,,,,,,,,,,,,,,,,,,,28,,,,,,0,,,,,,,,,,,,,,,,,,,,,,,,,,,,
2013-12-11,Z1F282ZV,ST3000DM001,3000592982016,0,,89778440,,,,,,,,0,,,,,,5886,,,,,,,,,,,,,,,,,,,,,,,,,,,,,,22,,,,,,0,,,,,,,,,,,,,,,,,,,,,,,,,,,,
2013-12-11,W30068JV,ST4000DM000,4000787030016,0,,29931192,,,,,,,,0,,,,,,2857,,,,,,,,,,,,,,,,,,,,,,,,,,,,,,22,,,,,,0,,,,,,,,,,,,,,,,,,,,,,,,,,,,
2013-12-11,JK1101B9JP75MU,Hitachi HDS722020ALA330,2000398934016,0,,1,,,,,,,,0,,,,,,23587,,,,,,,,,,,,,,,,,,,,,,,,,,,,,,32,,,,,,0,,,,,,,,,,,,,,,,,,,,,,,,,,,,
2013-12-11,MJ0351YNGA0SNA,Hitachi HDS5C3030ALA630,3000592982016,0,,0,,,,,,,,0,,,,,,9312,,,,,,,,,,,,,,,,,,,,,,,,,,,,,,27,,,,,,0,,,,,,,,,,,,,,,,,,,,,,,,,,,,
2013-12-11,PL1311LAG2AXGH,Hitachi HDS5C4040ALE630,4000787030016,0,,0,,,,,,,,0,,,,,,6074,,,,,,,,,,,,,,,,,,,,,,,,,,,,,,16,,,,,,0,,,,,,,,,,,,,,,,,,,,,,,,,,,,
2013-12-11,MJ1323YNG19EMC,Hitachi HDS5C3030ALA630,3000592982016,0,,0,,,,,,,,0,,,,,,20503,,,,,,,,,,,,,,,,,,,,,,,,,,,,,,27,,,,,,0,,,,,,,,,,,,,,,,,,,,,,,,,,,,
2013-12-11,Z300WMVP,ST4000DM000,4000787030016,0,,13480904,,,,,,,,0,,,,,,919,,,,,,,,,,,,,,,,,,,,,,,,,,,,,,21,,,,,,0,,,,,,,,,,,,,,,,,,,,,,,,,,,,
2013-12-11,9XK0PJSJ,ST33000651AS,3000592982016,0,,207545004,,,,,,,,0,,,,,,17740,,,,,,,,,,,,,,,,,,,,,,,,,,,,,,23,,,,,,0,,,,,,,,,,,,,,,,,,,,,,,,,,,,
2013-12-11,9VS1QT6N,ST31500341AS,1500301910016,0,,113232739,,,,,,,,9,,,,,,40073,,,,,,,,,,,,,,,,,,,,,,,,,,,,,,28,,,,,,0,,,,,,,,,,,,,,,,,,,,,,,,,,,,
2013-12-11,Z1F17ZBX,ST3000DM001,3000592982016,0,,187723864,,,,,,,,0,,,,,,8550,,,,,,,,,,,,,,,,,,,,,,,,,,,,,,28,,,,,,0,,,,,,,,,,,,,,,,,,,,,,,,,,,,
2013-12-11,PL1321LAG34X8H,Hitachi HDS5C4040ALE630,4000787030016,0,,0,,,,,,,,0,,,,,,6650,,,,,,,,,,,,,,,,,,,,,,,,,,,,,,21,,,,,,0,,,,,,,,,,,,,,,,,,,,,,,,,,,,
2013-12-11,MJ0351YNG9YEMA,Hitachi HDS5C3030ALA630,3000592982016,0,,0,,,,,,,,0,,,,,,9913,,,,,,,,,,,,,,,,,,,,,,,,,,,,,,34,,,,,,0,,,,,,,,,,,,,,,,,,,,,,,,,,,,
2013-12-11,JK1101B9JBWU0R,Hitachi HDS722020ALA330,2000398934016,0,,1,,,,,,,,0,,,,,,24462,,,,,,,,,,,,,,,,,,,,,,,,,,,,,,25,,,,,,0,,,,,,,,,,,,,,,,,,,,,,,,,,,,
2013-12-11,5XW17A84,ST32000542AS,2000398934016,0,,63302888,,,,,,,,0,,,,,,17229,,,,,,,,,,,,,,,,,,,,,,,,,,,,,,24,,,,,,0,,,,,,,,,,,,,,,,,,,,,,,,,,,,
2013-12-11,JK1101B9JPLPLF,Hitachi HDS722020ALA330,2000398934016,0,,0,,,,,,,,0,,,,,,23586,,,,,,,,,,,,,,,,,,,,,,,,,,,,,,32,,,,,,0,,,,,,,,,,,,,,,,,,,,,,,,,,,,
2013-12-11,Z300NPZK,ST4000DM000,4000787030016,0,,66143120,,,,,,,,0,,,,,,1447,,,,,,,,,,,,,,,,,,,,,,,,,,,,,,27,,,,,,0,,,,,,,,,,,,,,,,,,,,,,,,,,,,
2013-12-11,PL2311LAG1EE8C,Hitachi HDS5C4040ALE630,4000787030016,0,,0,,,,,,,,0,,,,,,7756,,,,,,,,,,,,,,,,,,,,,,,,,,,,,,27,,,,,,0,,,,,,,,,,,,,,,,,,,,,,,,,,,,
2013-12-11,PL1311LAG1RSZA,Hitachi HDS5C4040ALE630,4000787030016,0,,0,,,,,,,,0,,,,,,7457,,,,,,,,,,,,,,,,,,,,,,,,,,,,,,28,,,,,,0,,,,,,,,,,,,,,,,,,,,,,,,,,,,
2013-12-11,Z300XE9J,ST4000DM000,4000787030016,0,,169571152,,,,,,,,0,,,,,,920,,,,,,,,,,,,,,,,,,,,,,,,,,,,,,22,,,,,,0,,,,,,,,,,,,,,,,,,,,,,,,,,,,
2013-12-11,S1F04ZWG,ST3000DM001,3000592982016,0,,170385456,,,,,,,,0,,,,,,12876,,,,,,,,,,,,,,,,,,,,,,,,,,,,,,22,,,,,,0,,,,,,,,,,,,,,,,,,,,,,,,,,,,
2013-12-11,JK11A8B9GNXAKF,Hitachi HDS722020ALA330,2000398934016,0,,0,,,,,,,,0,,,,,,26763,,,,,,,,,,,,,,,,,,,,,,,,,,,,,,23,,,,,,0,,,,,,,,,,,,,,,,,,,,,,,,,,,,
2013-12-11,9VS4WP3P,ST31500341AS,1500301910016,0,,199538495,,,,,,,,912,,,,,,24644,,,,,,,,,,,,,,,,,,,,,,,,,,,,,,22,,,,,,0,,,,,,,,,,,,,,,,,,,,,,,,,,,,
2013-12-11,WD-WCC070197674,WDC WD30EZRX,3000592982016,0,,0,,,,,,,,0,,,,,,8605,,,,,,,,,,,,,,,,,,,,,,,,,,,,,,24,,,,,,5,,,,,,,,,,,,,,,,,,,,,,,,,,,,
2013-12-11,S1F0S39R,ST3000DM001,3000592982016,0,,89062208,,,,,,,,0,,,,,,10772,,,,,,,,,,,,,,,,,,,,,,,,,,,,,,22,,,,,,0,,,,,,,,,,,,,,,,,,,,,,,,,,,,
2013-12-11,JK11A8B9J80G4F,Hitachi HDS722020ALA330,2000398934016,0,,0,,,,,,,,0,,,,,,25580,,,,,,,,,,,,,,,,,,,,,,,,,,,,,,26,,,,,,0,,,,,,,,,,,,,,,,,,,,,,,,,,,,
2013-12-11,Z1Z06H17,ST4000DX000,4000787030016,0,,196572521,,,,,,,,0,,,,,,178,,,,,,,,,,,,,,,,,,,,,,,,,,,,,,25,,,,,,0,,,,,,,,,,,,,,,,,,,,,,,,,,,,
2013-12-11,JK1101B9HS7H7T,Hitachi HDS722020ALA330,2000398934016,0,,0,,,,,,,,0,,,,,,26144,,,,,,,,,,,,,,,,,,,,,,,,,,,,,,29,,,,,,0,,,,,,,,,,,,,,,,,,,,,,,,,,,,
2013-12-11,MK0331YHGR0T7A,Hitachi HDS723030ALA640,3000592982016,0,,0,,,,,,,,0,,,,,,17033,,,,,,,,,,,,,,,,,,,,,,,,,,,,,,26,,,,,,0,,,,,,,,,,,,,,,,,,,,,,,,,,,,
2013-12-11,MJ1311YNG2NJZA,Hitachi HDS5C3030ALA630,3000592982016,0,,0,,,,,,,,0,,,,,,19253,,,,,,,,,,,,,,,,,,,,,,,,,,,,,,22,,,,,,0,,,,,,,,,,,,,,,,,,,,,,,,,,,,
2013-12-11,W300L61Q,ST4000DM000,4000787030016,0,,68797296,,,,,,,,0,,,,,,919,,,,,,,,,,,,,,,,,,,,,,,,,,,,,,22,,,,,,0,,,,,,,,,,,,,,,,,,,,,,,,,,,,
2013-12-11,W3005P4A,ST4000DM000,4000787030016,0,,32045160,,,,,,,,0,,,,,,2893,,,,,,,,,,,,,,,,,,,,,,,,,,,,,,23,,,,,,0,,,,,,,,,,,,,,,,,,,,,,,,,,,,
2013-12-11,S1F04ZW8,ST3000DM001,3000592982016,0,,54029576,,,,,,,,0,,,,,,12877,,,,,,,,,,,,,,,,,,,,,,,,,,,,,,22,,,,,,0,,,,,,,,,,,,,,,,,,,,,,,,,,,,
2013-12-11,WD-WCAU47762065,WDC WD10EADS,1000204886016,0,,1,,,,,,,,0,,,,,,40492,,,,,,,,,,,,,,,,,,,,,,,,,,,,,,29,,,,,,0,,,,,,,,,,,,,,,,,,,,,,,,,,,,
2013-12-11,MJ0351YNG9WRRA,Hitachi HDS5C3030ALA630,3000592982016,0,,0,,,,,,,,0,,,,,,9524,,,,,,,,,,,,,,,,,,,,,,,,,,,,,,35,,,,,,0,,,,,,,,,,,,,,,,,,,,,,,,,,,,
2013-12-11,JK11A1YAJHHH8V,Hitachi HDS722020ALA330,2000398934016,0,,0,,,,,,,,0,,,,,,28849,,,,,,,,,,,,,,,,,,,,,,,,,,,,,,27,,,,,,0,,,,,,,,,,,,,,,,,,,,,,,,,,,,
2013-12-11,Z300MJPD,ST4000DM000,4000787030016,0,,81480464,,,,,,,,0,,,,,,2845,,,,,,,,,,,,,,,,,,,,,,,,,,,,,,26,,,,,,0,,,,,,,,,,,,,,,,,,,,,,,,,,,,
2013-12-11,Z300MJPE,ST4000DM000,4000787030016,0,,106257424,,,,,,,,0,,,,,,2845,,,,,,,,,,,,,,,,,,,,,,,,,,,,,,27,,,,,,0,,,,,,,,,,,,,,,,,,,,,,,,,,,,
2013-12-11,PL1311LAG28P1H,Hitachi HDS5C4040ALE630,4000787030016,0,,0,,,,,,,,0,,,,,,7386,,,,,,,,,,,,,,,,,,,,,,,,,,,,,,25,,,,,,0,,,,,,,,,,,,,,,,,,,,,,,,,,,,
2013-12-11,6XW016PH,ST31500541AS,1500301910016,0,,131774040,,,,,,,,0,,,,,,36067,,,,,,,,,,,,,,,,,,,,,,,,,,,,,,18,,,,,,0,,,,,,,,,,,,,,,,,,,,,,,,,,,,
2013-12-11,Z300NPZ6,ST4000DM000,4000787030016,0,,178319896,,,,,,,,0,,,,,,1233,,,,,,,,,,,,,,,,,,,,,,,,,,,,,,19,,,,,,0,,,,,,,,,,,,,,,,,,,,,,,,,,,,
2013-12-11,JK11A8B9J9KTUF,Hitachi HDS722020ALA330,2000398934016,0,,0,,,,,,,,0,,,,,,24467,,,,,,,,,,,,,,,,,,,,,,,,,,,,,,28,,,,,,0,,,,,,,,,,,,,,,,,,,,,,,,,,,,
2013-12-11,Z290WV65,ST33000651AS,3000592982016,0,,6139755,,,,,,,,0,,,,,,15604,,,,,,,,,,,,,,,,,,,,,,,,,,,,,,26,,,,,,0,,,,,,,,,,,,,,,,,,,,,,,,,,,,
2013-12-11,Z300PBB5,ST4000DM000,4000787030016,0,,9016752,,,,,,,,0,,,,,,1094,,,,,,,,,,,,,,,,,,,,,,,,,,,,,,19,,,,,,0,,,,,,,,,,,,,,,,,,,,,,,,,,,,
2013-12-11,S1F0S649,ST3000DM001,3000592982016,0,,205105048,,,,,,,,0,,,,,,10538,,,,,,,,,,,,,,,,,,,,,,,,,,,,,,26,,,,,,0,,,,,,,,,,,,,,,,,,,,,,,,,,,,
2013-12-11,Z300PBB3,ST4000DM000,4000787030016,0,,22301744,,,,,,,,0,,,,,,1232,,,,,,,,,,,,,,,,,,,,,,,,,,,,,,17,,,,,,0,,,,,,,,,,,,,,,,,,,,,,,,,,,,
2013-12-11,MJ1311YNG390UA,Hitachi HDS5C3030ALA630,3000592982016,0,,0,,,,,,,,0,,,,,,18316,,,,,,,,,,,,,,,,,,,,,,,,,,,,,,21,,,,,,0,,,,,,,,,,,,,,,,,,,,,,,,,,,,
2013-12-11,JK1181YAJ4ASWV,Hitachi HDS722020ALA330,2000398934016,0,,0,,,,,,,,3,,,,,,30256,,,,,,,,,,,,,,,,,,,,,,,,,,,,,,25,,,,,,1,,,,,,,,,,,,,,,,,,,,,,,,,,,,
2013-12-11,6XW05LRA,ST31500541AS,1500301910016,0,,242239631,,,,,,,,0,,,,,,13297,,,,,,,,,,,,,,,,,,,,,,,,,,,,,,20,,,,,,0,,,,,,,,,,,,,,,,,,,,,,,,,,,,
2013-12-11,Z300H8YQ,ST4000DM000,4000787030016,0,,223839336,,,,,,,,0,,,,,,1233,,,,,,,,,,,,,,,,,,,,,,,,,,,,,,20,,,,,,0,,,,,,,,,,,,,,,,,,,,,,,,,,,,
2013-12-11,6XW0217Q,ST31500541AS,1500301910016,0,,30698358,,,,,,,,0,,,,,,36959,,,,,,,,,,,,,,,,,,,,,,,,,,,,,,19,,,,,,0,,,,,,,,,,,,,,,,,,,,,,,,,,,,
2013-12-11,MK0331YHGMP8GA,Hitachi HDS723030ALA640,3000592982016,0,,0,,,,,,,,0,,,,,,17762,,,,,,,,,,,,,,,,,,,,,,,,,,,,,,27,,,,,,0,,,,,,,,,,,,,,,,,,,,,,,,,,,,
2013-12-11,S1F06LJX,ST3000DM001,3000592982016,0,,52208632,,,,,,,,0,,,,,,13747,,,,,,,,,,,,,,,,,,,,,,,,,,,,,,19,,,,,,0,,,,,,,,,,,,,,,,,,,,,,,,,,,,
2013-12-11,JK11A8B9J773NF,Hitachi HDS722020ALA330,2000398934016,0,,0,,,,,,,,0,,,,,,22697,,,,,,,,,,,,,,,,,,,,,,,,,,,,,,28,,,,,,0,,,,,,,,,,,,,,,,,,,,,,,,,,,,
2013-12-11,6XW11J3F,ST32000542AS,2000398934016,0,,231660306,,,,,,,,0,,,,,,7816,,,,,,,,,,,,,,,,,,,,,,,,,,,,,,21,,,,,,0,,,,,,,,,,,,,,,,,,,,,,,,,,,,
2013-12-11,MJ0351YNG9T0SA,Hitachi HDS5C3030ALA630,3000592982016,0,,0,,,,,,,,0,,,,,,9469,,,,,,,,,,,,,,,,,,,,,,,,,,,,,,27,,,,,,0,,,,,,,,,,,,,,,,,,,,,,,,,,,,
2013-12-11,S1F027R1,ST3000DM001,3000592982016,0,,61217192,,,,,,,,0,,,,,,14718,,,,,,,,,,,,,,,,,,,,,,,,,,,,,,27,,,,,,0,,,,,,,,,,,,,,,,,,,,,,,,,,,,
2013-12-11,JK11A4YAKDWL7W,Hitachi HDS722020ALA330,2000398934016,0,,0,,,,,,,,0,,,,,,27871,,,,,,,,,,,,,,,,,,,,,,,,,,,,,,27,,,,,,0,,,,,,,,,,,,,,,,,,,,,,,,,,,,
2013-12-11,Z300CR46,ST4000DM000,4000787030016,0,,164129168,,,,,,,,0,,,,,,2261,,,,,,,,,,,,,,,,,,,,,,,,,,,,,,22,,,,,,0,,,,,,,,,,,,,,,,,,,,,,,,,,,,
2013-12-11,Z300CR45,ST4000DM000,4000787030016,0,,127512904,,,,,,,,0,,,,,,2261,,,,,,,,,,,,,,,,,,,,,,,,,,,,,,22,,,,,,0,,,,,,,,,,,,,,,,,,,,,,,,,,,,
2013-12-11,MJ1311YNG7KT1A,Hitachi HDS5C3030ALA630,3000592982016,0,,0,,,,,,,,0,,,,,,14683,,,,,,,,,,,,,,,,,,,,,,,,,,,,,,18,,,,,,0,,,,,,,,,,,,,,,,,,,,,,,,,,,,
2013-12-11,JK1101B9JPM1ZF,Hitachi HDS722020ALA330,2000398934016,0,,0,,,,,,,,0,,,,,,24462,,,,,,,,,,,,,,,,,,,,,,,,,,,,,,26,,,,,,0,,,,,,,,,,,,,,,,,,,,,,,,,,,,
2013-12-11,W300CGQH,ST4000DM000,4000787030016,0,,242800424,,,,,,,,0,,,,,,4160,,,,,,,,,,,,,,,,,,,,,,,,,,,,,,24,,,,,,0,,,,,,,,,,,,,,,,,,,,,,,,,,,,
2013-12-11,MJ1323YNG1U1LC,Hitachi HDS5C3030ALA630,3000592982016,0,,0,,,,,,,,0,,,,,,19747,,,,,,,,,,,,,,,,,,,,,,,,,,,,,,23,,,,,,0,,,,,,,,,,,,,,,,,,,,,,,,,,,,
2013-12-11,JK11A8B9HYZ01F,Hitachi HDS722020ALA330,2000398934016,0,,1,,,,,,,,0,,,,,,24463,,,,,,,,,,,,,,,,,,,,,,,,,,,,,,27,,,,,,0,,,,,,,,,,,,,,,,,,,,,,,,,,,,
2013-12-11,S1F0S64Q,ST3000DM001,3000592982016,0,,214506432,,,,,,,,0,,,,,,10837,,,,,,,,,,,,,,,,,,,,,,,,,,,,,,29,,,,,,0,,,,,,,,,,,,,,,,,,,,,,,,,,,,
2013-12-11,JK1175YAHU336X,Hitachi HDS722020ALA330,2000398934016,0,,3932329,,,,,,,,0,,,,,,30501,,,,,,,,,,,,,,,,,,,,,,,,,,,,,,32,,,,,,0,,,,,,,,,,,,,,,,,,,,,,,,,,,,
2013-12-11,Z300PBBF,ST4000DM000,4000787030016,0,,56050016,,,,,,,,0,,,,,,1234,,,,,,,,,,,,,,,,,,,,,,,,,,,,,,20,,,,,,0,,,,,,,,,,,,,,,,,,,,,,,,,,,,
2013-12-11,9XK0E4Q3,ST33000651AS,3000592982016,0,,205694606,,,,,,,,0,,,,,,17739,,,,,,,,,,,,,,,,,,,,,,,,,,,,,,26,,,,,,0,,,,,,,,,,,,,,,,,,,,,,,,,,,,
2013-12-11,W300DYQM,ST4000DM000,4000787030016,0,,50738944,,,,,,,,0,,,,,,4134,,,,,,,,,,,,,,,,,,,,,,,,,,,,,,22,,,,,,0,,,,,,,,,,,,,,,,,,,,,,,,,,,,
2013-12-11,Z300H1VN,ST4000DM000,4000787030016,0,,114083328,,,,,,,,0,,,,,,1331,,,,,,,,,,,,,,,,,,,,,,,,,,,,,,19,,,,,,0,,,,,,,,,,,,,,,,,,,,,,,,,,,,
2013-12-11,MJ1311YNG399YA,Hitachi HDS5C3030ALA630,3000592982016,0,,655366,,,,,,,,0,,,,,,18947,,,,,,,,,,,,,,,,,,,,,,,,,,,,,,27,,,,,,0,,,,,,,,,,,,,,,,,,,,,,,,,,,,
2013-12-11,W30065CH,ST4000DM000,4000787030016,0,,143074440,,,,,,,,0,,,,,,2875,,,,,,,,,,,,,,,,,,,,,,,,,,,,,,21,,,,,,0,,,,,,,,,,,,,,,,,,,,,,,,,,,,
2013-12-11,W300BMN7,ST4000DM000,4000787030016,0,,236111840,,,,,,,,0,,,,,,3611,,,,,,,,,,,,,,,,,,,,,,,,,,,,,,24,,,,,,0,,,,,,,,,,,,,,,,,,,,,,,,,,,,
2013-12-11,W300BMN6,ST4000DM000,4000787030016,0,,172632528,,,,,,,,0,,,,,,3587,,,,,,,,,,,,,,,,,,,,,,,,,,,,,,21,,,,,,0,,,,,,,,,,,,,,,,,,,,,,,,,,,,
2013-12-11,JK1101B8GNNS9S,Hitachi HDS722020ALA330,2000398934016,0,,131072,,,,,,,,0,,,,,,27487,,,,,,,,,,,,,,,,,,,,,,,,,,,,,,27,,,,,,0,,,,,,,,,,,,,,,,,,,,,,,,,,,,
2013-12-11,W300J610,ST4000DM000,4000787030016,0,,55535168,,,,,,,,0,,,,,,2240,,,,,,,,,,,,,,,,,,,,,,,,,,,,,,21,,,,,,0,,,,,,,,,,,,,,,,,,,,,,,,,,,,
2013-12-11,Z300C8AL,ST4000DM000,4000787030016,0,,224029720,,,,,,,,0,,,,,,2218,,,,,,,,,,,,,,,,,,,,,,,,,,,,,,24,,,,,,0,,,,,,,,,,,,,,,,,,,,,,,,,,,,
2013-12-11,Z2915AHG,ST33000651AS,3000592982016,0,,97904439,,,,,,,,0,,,,,,15604,,,,,,,,,,,,,,,,,,,,,,,,,,,,,,21,,,,,,0,,,,,,,,,,,,,,,,,,,,,,,,,,,,
2013-12-11,S1F0M4S3,ST3000DM001,3000592982016,0,,4282648,,,,,,,,0,,,,,,12172,,,,,,,,,,,,,,,,,,,,,,,,,,,,,,32,,,,,,0,,,,,,,,,,,,,,,,,,,,,,,,,,,,
2013-12-11,MJ1311YNG7G8LA,Hitachi HDS5C3030ALA630,3000592982016,0,,0,,,,,,,,0,,,,,,14595,,,,,,,,,,,,,,,,,,,,,,,,,,,,,,27,,,,,,0,,,,,,,,,,,,,,,,,,,,,,,,,,,,
2013-12-11,W1F095VZ,ST3000DM001,3000592982016,0,,40687992,,,,,,,,0,,,,,,14732,,,,,,,,,,,,,,,,,,,,,,,,,,,,,,24,,,,,,0,,,,,,,,,,,,,,,,,,,,,,,,,,,,
2013-12-11,JK1101B9KNUS9F,Hitachi HDS722020ALA330,2000398934016,0,,0,,,,,,,,0,,,,,,22955,,,,,,,,,,,,,,,,,,,,,,,,,,,,,,25,,,,,,0,,,,,,,,,,,,,,,,,,,,,,,,,,,,
2013-12-11,PL1311LAG26HMA,Hitachi HDS5C4040ALE630,4000787030016,0,,0,,,,,,,,0,,,,,,6652,,,,,,,,,,,,,,,,,,,,,,,,,,,,,,20,,,,,,0,,,,,,,,,,,,,,,,,,,,,,,,,,,,
2013-12-11,WD-WCAWZ0494234,WDC WD30EZRX,3000592982016,0,,0,,,,,,,,0,,,,,,15836,,,,,,,,,,,,,,,,,,,,,,,,,,,,,,26,,,,,,0,,,,,,,,,,,,,,,,,,,,,,,,,,,,
2013-12-11,S1F010QY,ST3000DM001,3000592982016,0,,8080792,,,,,,,,0,,,,,,16191,,,,,,,,,,,,,,,,,,,,,,,,,,,,,,22,,,,,,0,,,,,,,,,,,,,,,,,,,,,,,,,,,,
2013-12-11,MK0311YHGJMY5A,Hitachi HDS723030ALA640,3000592982016,0,,0,,,,,,,,0,,,,,,14732,,,,,,,,,,,,,,,,,,,,,,,,,,,,,,25,,,,,,0,,,,,,,,,,,,,,,,,,,,,,,,,,,,
2013-12-11,JK11A8B9J2ZR1F,Hitachi HDS722020ALA330,2000398934016,0,,65538,,,,,,,,4,,,,,,24431,,,,,,,,,,,,,,,,,,,,,,,,,,,,,,29,,,,,,0,,,,,,,,,,,,,,,,,,,,,,,,,,,,
2013-12-11,S1F07J9P,ST3000DM001,3000592982016,0,,99842640,,,,,,,,0,,,,,,12315,,,,,,,,,,,,,,,,,,,,,,,,,,,,,,30,,,,,,0,,,,,,,,,,,,,,,,,,,,,,,,,,,,
2013-12-11,Z300WKJ9,ST4000DM000,4000787030016,0,,184451640,,,,,,,,0,,,,,,108,,,,,,,,,,,,,,,,,,,,,,,,,,,,,,20,,,,,,0,,,,,,,,,,,,,,,,,,,,,,,,,,,,
2013-12-11,Z300WRPV,ST4000DM000,4000787030016,0,,20200848,,,,,,,,0,,,,,,923,,,,,,,,,,,,,,,,,,,,,,,,,,,,,,25,,,,,,0,,,,,,,,,,,,,,,,,,,,,,,,,,,,
2013-12-11,W300CKR8,ST4000DM000,4000787030016,0,,209100000,,,,,,,,0,,,,,,2843,,,,,,,,,,,,,,,,,,,,,,,,,,,,,,20,,,,,,0,,,,,,,,,,,,,,,,,,,,,,,,,,,,
2013-12-11,PL1311LAG2WSEA,Hitachi HDS5C4040ALE630,4000787030016,0,,0,,,,,,,,0,,,,,,5125,,,,,,,,,,,,,,,,,,,,,,,,,,,,,,27,,,,,,0,,,,,,,,,,,,,,,,,,,,,,,,,,,,
2013-12-11,Z300C8A4,ST4000DM000,4000787030016,0,,209704512,,,,,,,,0,,,,,,2224,,,,,,,,,,,,,,,,,,,,,,,,,,,,,,20,,,,,,0,,,,,,,,,,,,,,,,,,,,,,,,,,,,
2013-12-11,W300J61A,ST4000DM000,4000787030016,0,,179956296,,,,,,,,0,,,,,,1703,,,,,,,,,,,,,,,,,,,,,,,,,,,,,,24,,,,,,0,,,,,,,,,,,,,,,,,,,,,,,,,,,,
2013-12-11,JK11A8B9J5WJ6F,Hitachi HDS722020ALA330,2000398934016,0,,1,,,,,,,,0,,,,,,24970,,,,,,,,,,,,,,,,,,,,,,,,,,,,,,30,,,,,,0,,,,,,,,,,,,,,,,,,,,,,,,,,,,
2013-12-11,W300BMNV,ST4000DM000,4000787030016,0,,37422552,,,,,,,,0,,,,,,3611,,,,,,,,,,,,,,,,,,,,,,,,,,,,,,23,,,,,,0,,,,,,,,,,,,,,,,,,,,,,,,,,,,
2013-12-11,W300BMNX,ST4000DM000,4000787030016,0,,77048016,,,,,,,,0,,,,,,4163,,,,,,,,,,,,,,,,,,,,,,,,,,,,,,22,,,,,,0,,,,,,,,,,,,,,,,,,,,,,,,,,,,
2013-12-11,JK1105B8JKJ0YX,Hitachi HDS722020ALA330,2000398934016,0,,0,,,,,,,,0,,,,,,22685,,,,,,,,,,,,,,,,,,,,,,,,,,,,,,24,,,,,,0,,,,,,,,,,,,,,,,,,,,,,,,,,,,
2013-12-11,W300BND1,ST4000DM000,4000787030016,0,,19101408,,,,,,,,0,,,,,,4044,,,,,,,,,,,,,,,,,,,,,,,,,,,,,,24,,,,,,0,,,,,,,,,,,,,,,,,,,,,,,,,,,,
2013-12-11,JK1101B9KMSBYF,Hitachi HDS722020ALA330,2000398934016,0,,1,,,,,,,,0,,,,,,23099,,,,,,,,,,,,,,,,,,,,,,,,,,,,,,27,,,,,,0,,,,,,,,,,,,,,,,,,,,,,,,,,,,
2013-12-11,W300BGX9,ST4000DM000,4000787030016,0,,173390280,,,,,,,,0,,,,,,3611,,,,,,,,,,,,,,,,,,,,,,,,,,,,,,24,,,,,,0,,,,,,,,,,,,,,,,,,,,,,,,,,,,
2013-12-11,JK11A8B9J6UKXF,Hitachi HDS722020ALA330,2000398934016,0,,0,,,,,,,,0,,,,,,24911,,,,,,,,,,,,,,,,,,,,,,,,,,,,,,25,,,,,,0,,,,,,,,,,,,,,,,,,,,,,,,,,,,
2013-12-11,Z300CQTJ,ST4000DM000,4000787030016,0,,66306856,,,,,,,,0,,,,,,2257,,,,,,,,,,,,,,,,,,,,,,,,,,,,,,24,,,,,,0,,,,,,,,,,,,,,,,,,,,,,,,,,,,
2013-12-11,Z300MR2T,ST4000DM000,4000787030016,0,,51879896,,,,,,,,0,,,,,,2899,,,,,,,,,,,,,,,,,,,,,,,,,,,,,,23,,,,,,0,,,,,,,,,,,,,,,,,,,,,,,,,,,,
2013-12-11,MJ1311YNG398MA,Hitachi HDS5C3030ALA630,3000592982016,0,,0,,,,,,,,0,,,,,,19586,,,,,,,,,,,,,,,,,,,,,,,,,,,,,,19,,,,,,0,,,,,,,,,,,,,,,,,,,,,,,,,,,,
2013-12-11,W1F0GCAZ,ST3000DM001,3000592982016,0,,169264336,,,,,,,,0,,,,,,12156,,,,,,,,,,,,,,,,,,,,,,,,,,,,,,25,,,,,,0,,,,,,,,,,,,,,,,,,,,,,,,,,,,
2013-12-11,PL1321LAG34B7H,Hitachi HDS5C4040ALE630,4000787030016,0,,0,,,,,,,,0,,,,,,6650,,,,,,,,,,,,,,,,,,,,,,,,,,,,,,21,,,,,,0,,,,,,,,,,,,,,,,,,,,,,,,,,,,
2013-12-11,MJ0351YNGA8TLA,Hitachi HDS5C3030ALA630,3000592982016,0,,0,,,,,,,,0,,,,,,7989,,,,,,,,,,,,,,,,,,,,,,,,,,,,,,27,,,,,,0,,,,,,,,,,,,,,,,,,,,,,,,,,,,
2013-12-11,S1F06WRX,ST3000DM001,3000592982016,0,,89868336,,,,,,,,0,,,,,,14233,,,,,,,,,,,,,,,,,,,,,,,,,,,,,,22,,,,,,0,,,,,,,,,,,,,,,,,,,,,,,,,,,,
2013-12-11,Z300K1CE,ST4000DM000,4000787030016,0,,174349760,,,,,,,,0,,,,,,2216,,,,,,,,,,,,,,,,,,,,,,,,,,,,,,23,,,,,,0,,,,,,,,,,,,,,,,,,,,,,,,,,,,
2013-12-11,PL1311LAG29VPH,Hitachi HDS5C4040ALE630,4000787030016,0,,0,,,,,,,,0,,,,,,5125,,,,,,,,,,,,,,,,,,,,,,,,,,,,,,29,,,,,,0,,,,,,,,,,,,,,,,,,,,,,,,,,,,
2013-12-11,JK11A8B9J72P0F,Hitachi HDS722020ALA330,2000398934016,0,,0,,,,,,,,0,,,,,,22695,,,,,,,,,,,,,,,,,,,,,,,,,,,,,,27,,,,,,0,,,,,,,,,,,,,,,,,,,,,,,,,,,,
2013-12-11,PL1311LAG3DYTH,Hitachi HDS5C4040ALE630,4000787030016,0,,0,,,,,,,,0,,,,,,5070,,,,,,,,,,,,,,,,,,,,,,,,,,,,,,28,,,,,,0,,,,,,,,,,,,,,,,,,,,,,,,,,,,
2013-12-11,Z300K1C6,ST4000DM000,4000787030016,0,,217898512,,,,,,,,0,,,,,,2215,,,,,,,,,,,,,,,,,,,,,,,,,,,,,,20,,,,,,0,,,,,,,,,,,,,,,,,,,,,,,,,,,,
2013-12-11,MJ0351YNGAD57A,Hitachi HDS5C3030ALA630,3000592982016,0,,0,,,,,,,,0,,,,,,8547,,,,,,,,,,,,,,,,,,,,,,,,,,,,,,28,,,,,,0,,,,,,,,,,,,,,,,,,,,,,,,,,,,
2013-12-11,WD-WCAU45684446,WDC WD10EADS,1000204886016,0,,16,,,,,,,,0,,,,,,38935,,,,,,,,,,,,,,,,,,,,,,,,,,,,,,30,,,,,,0,,,,,,,,,,,,,,,,,,,,,,,,,,,,
2013-12-11,MJ1311YNG61ZJA,Hitachi HDS5C3030ALA630,3000592982016,0,,0,,,,,,,,0,,,,,,14622,,,,,,,,,,,,,,,,,,,,,,,,,,,,,,23,,,,,,0,,,,,,,,,,,,,,,,,,,,,,,,,,,,
2013-12-11,W1F090P3,ST3000DM001,3000592982016,0,,4332016,,,,,,,,0,,,,,,15367,,,,,,,,,,,,,,,,,,,,,,,,,,,,,,23,,,,,,232,,,,,,,,,,,,,,,,,,,,,,,,,,,,
2013-12-11,MJ1311YNG6U1JA,Hitachi HDS5C3030ALA630,3000592982016,0,,0,,,,,,,,0,,,,,,14290,,,,,,,,,,,,,,,,,,,,,,,,,,,,,,26,,,,,,0,,,,,,,,,,,,,,,,,,,,,,,,,,,,
2013-12-11,JK1105B8GEUE1X,Hitachi HDS722020ALA330,2000398934016,0,,65536,,,,,,,,1,,,,,,26766,,,,,,,,,,,,,,,,,,,,,,,,,,,,,,28,,,,,,1,,,,,,,,,,,,,,,,,,,,,,,,,,,,
2013-12-11,JK11A8B9J7PNVF,Hitachi HDS722020ALA330,2000398934016,0,,0,,,,,,,,0,,,,,,25541,,,,,,,,,,,,,,,,,,,,,,,,,,,,,,27,,,,,,0,,,,,,,,,,,,,,,,,,,,,,,,,,,,
2013-12-11,MJ1311YNG02XRA,Hitachi HDS5C3030ALA630,3000592982016,0,,0,,,,,,,,0,,,,,,14593,,,,,,,,,,,,,,,,,,,,,,,,,,,,,,25,,,,,,0,,,,,,,,,,,,,,,,,,,,,,,,,,,,
2013-12-11,W300BNDS,ST4000DM000,4000787030016,0,,231118624,,,,,,,,0,,,,,,4047,,,,,,,,,,,,,,,,,,,,,,,,,,,,,,21,,,,,,0,,,,,,,,,,,,,,,,,,,,,,,,,,,,
2013-12-11,JK1130YAG19UWT,Hitachi HDS722020ALA330,2000398934016,0,,0,,,,,,,,0,,,,,,16632,,,,,,,,,,,,,,,,,,,,,,,,,,,,,,26,,,,,,0,,,,,,,,,,,,,,,,,,,,,,,,,,,,
2013-12-11,W300BNDY,ST4000DM000,4000787030016,0,,43503944,,,,,,,,0,,,,,,3604,,,,,,,,,,,,,,,,,,,,,,,,,,,,,,22,,,,,,0,,,,,,,,,,,,,,,,,,,,,,,,,,,,
2013-12-11,JK1174YAK8RBYW,Hitachi HDS722020ALA330,2000398934016,0,,0,,,,,,,,0,,,,,,29018,,,,,,,,,,,,,,,,,,,,,,,,,,,,,,25,,,,,,0,,,,,,,,,,,,,,,,,,,,,,,,,,,,
2013-12-11,WD-WMC1T0842843,WDC WD30EFRX,3000592982016,0,,0,,,,,,,,0,,,,,,8840,,,,,,,,,,,,,,,,,,,,,,,,,,,,,,28,,,,,,0,,,,,,,,,,,,,,,,,,,,,,,,,,,,
2013-12-11,WD-WCAWZ1067794,WDC WD30EZRX,3000592982016,0,,0,,,,,,,,0,,,,,,9717,,,,,,,,,,,,,,,,,,,,,,,,,,,,,,25,,,,,,0,,,,,,,,,,,,,,,,,,,,,,,,,,,,
2013-12-11,S1F0RRJY,ST3000DM001,3000592982016,0,,87549568,,,,,,,,0,,,,,,10771,,,,,,,,,,,,,,,,,,,,,,,,,,,,,,21,,,,,,0,,,,,,,,,,,,,,,,,,,,,,,,,,,,
2013-12-11,JK11A8B9J27KSF,Hitachi HDS722020ALA330,2000398934016,0,,65536,,,,,,,,0,,,,,,24463,,,,,,,,,,,,,,,,,,,,,,,,,,,,,,28,,,,,,0,,,,,,,,,,,,,,,,,,,,,,,,,,,,
2013-12-11,6XW00MHW,ST31500541AS,1500301910016,0,,145585627,,,,,,,,0,,,,,,36648,,,,,,,,,,,,,,,,,,,,,,,,,,,,,,23,,,,,,0,,,,,,,,,,,,,,,,,,,,,,,,,,,,
2013-12-11,Z1F0DZAQ,ST3000DM001,3000592982016,0,,199683328,,,,,,,,0,,,,,,11756,,,,,,,,,,,,,,,,,,,,,,,,,,,,,,29,,,,,,0,,,,,,,,,,,,,,,,,,,,,,,,,,,,
2013-12-11,W300B2X6,ST4000DM000,4000787030016,0,,8373568,,,,,,,,0,,,,,,4188,,,,,,,,,,,,,,,,,,,,,,,,,,,,,,27,,,,,,0,,,,,,,,,,,,,,,,,,,,,,,,,,,,
2013-12-11,MK0301YHGMB16D,Hitachi HDS723030ALA640,3000592982016,0,,196609,,,,,,,,7,,,,,,16078,,,,,,,,,,,,,,,,,,,,,,,,,,,,,,29,,,,,,0,,,,,,,,,,,,,,,,,,,,,,,,,,,,
2013-12-11,MJ1311YNG60Z4A,Hitachi HDS5C3030ALA630,3000592982016,0,,0,,,,,,,,0,,,,,,14620,,,,,,,,,,,,,,,,,,,,,,,,,,,,,,25,,,,,,0,,,,,,,,,,,,,,,,,,,,,,,,,,,,
2013-12-11,PL1311LAG3E9MH,Hitachi HDS5C4040ALE630,4000787030016,0,,0,,,,,,,,0,,,,,,6653,,,,,,,,,,,,,,,,,,,,,,,,,,,,,,27,,,,,,0,,,,,,,,,,,,,,,,,,,,,,,,,,,,
2013-12-11,Z300JBG6,ST4000DM000,4000787030016,0,,176036984,,,,,,,,0,,,,,,2217,,,,,,,,,,,,,,,,,,,,,,,,,,,,,,25,,,,,,0,,,,,,,,,,,,,,,,,,,,,,,,,,,,
2013-12-11,JK1105B8GDVJ6X,Hitachi HDS722020ALA330,2000398934016,0,,65537,,,,,,,,0,,,,,,26763,,,,,,,,,,,,,,,,,,,,,,,,,,,,,,27,,,,,,0,,,,,,,,,,,,,,,,,,,,,,,,,,,,
2013-12-11,6XW00L4T,ST31500541AS,1500301910016,0,,215933571,,,,,,,,0,,,,,,35748,,,,,,,,,,,,,,,,,,,,,,,,,,,,,,20,,,,,,0,,,,,,,,,,,,,,,,,,,,,,,,,,,,
2013-12-11,PL1311LAG24UDA,Hitachi HDS5C4040ALE630,4000787030016,0,,0,,,,,,,,0,,,,,,6733,,,,,,,,,,,,,,,,,,,,,,,,,,,,,,20,,,,,,0,,,,,,,,,,,,,,,,,,,,,,,,,,,,
2013-12-11,W300B2XL,ST4000DM000,4000787030016,0,,141864632,,,,,,,,0,,,,,,3588,,,,,,,,,,,,,,,,,,,,,,,,,,,,,,24,,,,,,0,,,,,,,,,,,,,,,,,,,,,,,,,,,,
2013-12-11,S1F0A93S,ST3000DM001,3000592982016,0,,195650280,,,,,,,,0,,,,,,12359,,,,,,,,,,,,,,,,,,,,,,,,,,,,,,25,,,,,,0,,,,,,,,,,,,,,,,,,,,,,,,,,,,
2013-12-11,MJ1311YNG2TL6A,Hitachi HDS5C3030ALA630,3000592982016,0,,0,,,,,,,,0,,,,,,18203,,,,,,,,,,,,,,,,,,,,,,,,,,,,,,28,,,,,,0,,,,,,,,,,,,,,,,,,,,,,,,,,,,
2013-12-11,W300D920,ST4000DM000,4000787030016,0,,78748296,,,,,,,,0,,,,,,4165,,,,,,,,,,,,,,,,,,,,,,,,,,,,,,24,,,,,,0,,,,,,,,,,,,,,,,,,,,,,,,,,,,
2013-12-11,W300KFNZ,ST4000DM000,4000787030016,0,,112950888,,,,,,,,0,,,,,,815,,,,,,,,,,,,,,,,,,,,,,,,,,,,,,22,,,,,,0,,,,,,,,,,,,,,,,,,,,,,,,,,,,
2013-12-11,MJ1311YNG3MNAA,Hitachi HDS5C3030ALA630,3000592982016,0,,0,,,,,,,,0,,,,,,14685,,,,,,,,,,,,,,,,,,,,,,,,,,,,,,17,,,,,,0,,,,,,,,,,,,,,,,,,,,,,,,,,,,
2013-12-11,JK11A8B9J9HXJF,Hitachi HDS722020ALA330,2000398934016,0,,0,,,,,,,,60,,,,,,24502,,,,,,,,,,,,,,,,,,,,,,,,,,,,,,27,,,,,,1,,,,,,,,,,,,,,,,,,,,,,,,,,,,
2013-12-11,WD-WMAWZ0317117,WDC WD30EZRX,3000592982016,0,,0,,,,,,,,0,,,,,,12688,,,,,,,,,,,,,,,,,,,,,,,,,,,,,,23,,,,,,0,,,,,,,,,,,,,,,,,,,,,,,,,,,,
2013-12-11,PL1321LAG347MH,Hitachi HDS5C4040ALE630,4000787030016,0,,0,,,,,,,,0,,,,,,6619,,,,,,,,,,,,,,,,,,,,,,,,,,,,,,25,,,,,,0,,,,,,,,,,,,,,,,,,,,,,,,,,,,
2013-12-11,6XW060Z0,ST31500541AS,1500301910016,0,,20328194,,,,,,,,0,,,,,,37154,,,,,,,,,,,,,,,,,,,,,,,,,,,,,,23,,,,,,0,,,,,,,,,,,,,,,,,,,,,,,,,,,,
2013-12-11,Z300KJ5P,ST4000DM000,4000787030016,0,,157112800,,,,,,,,0,,,,,,1226,,,,,,,,,,,,,,,,,,,,,,,,,,,,,,24,,,,,,0,,,,,,,,,,,,,,,,,,,,,,,,,,,,
2013-12-11,JK11A8B9J90WHF,Hitachi HDS722020ALA330,2000398934016,0,,0,,,,,,,,0,,,,,,24495,,,,,,,,,,,,,,,,,,,,,,,,,,,,,,28,,,,,,0,,,,,,,,,,,,,,,,,,,,,,,,,,,,
2013-12-11,MJ0351YNG9RXRA,Hitachi HDS5C3030ALA630,3000592982016,0,,0,,,,,,,,0,,,,,,8870,,,,,,,,,,,,,,,,,,,,,,,,,,,,,,29,,,,,,0,,,,,,,,,,,,,,,,,,,,,,,,,,,,
2013-12-11,6XW01TZ2,ST31500541AS,1500301910016,0,,116812063,,,,,,,,0,,,,,,36394,,,,,,,,,,,,,,,,,,,,,,,,,,,,,,20,,,,,,0,,,,,,,,,,,,,,,,,,,,,,,,,,,,
2013-12-11,Z1F0LL1T,ST3000DM001,3000592982016,0,,34801144,,,,,,,,0,,,,,,10942,,,,,,,,,,,,,,,,,,,,,,,,,,,,,,25,,,,,,16,,,,,,,,,,,,,,,,,,,,,,,,,,,,
2013-12-11,6XW00TWA,ST31500541AS,1500301910016,0,,167240555,,,,,,,,0,,,,,,36060,,,,,,,,,,,,,,,,,,,,,,,,,,,,,,22,,,,,,0,,,,,,,,,,,,,,,,,,,,,,,,,,,,
2013-12-11,MJ1311YNG7D4RA,Hitachi HDS5C3030ALA630,3000592982016,0,,0,,,,,,,,0,,,,,,14310,,,,,,,,,,,,,,,,,,,,,,,,,,,,,,24,,,,,,0,,,,,,,,,,,,,,,,,,,,,,,,,,,,
2013-12-11,JK1101B9KMGLTU,Hitachi HDS722020ALA330,2000398934016,0,,0,,,,,,,,0,,,,,,23100,,,,,,,,,,,,,,,,,,,,,,,,,,,,,,23,,,,,,0,,,,,,,,,,,,,,,,,,,,,,,,,,,,
2013-12-11,MJ1313YNG1Y3RC,Hitachi HDS5C3030ALA630,3000592982016,0,,0,,,,,,,,0,,,,,,21796,,,,,,,,,,,,,,,,,,,,,,,,,,,,,,24,,,,,,0,,,,,,,,,,,,,,,,,,,,,,,,,,,,
2013-12-11,Z1Z06HT3,ST4000DX000,4000787030016,0,,88785982,,,,,,,,0,,,,,,5379,,,,,,,,,,,,,,,,,,,,,,,,,,,,,,26,,,,,,0,,,,,,,,,,,,,,,,,,,,,,,,,,,,
2013-12-11,MK0301YHGLR4XA,Hitachi HDS723030ALA640,3000592982016,0,,0,,,,,,,,0,,,,,,17017,,,,,,,,,,,,,,,,,,,,,,,,,,,,,,24,,,,,,0,,,,,,,,,,,,,,,,,,,,,,,,,,,,
2013-12-11,S1F0A5ZV,ST3000DM001,3000592982016,0,,96898448,,,,,,,,0,,,,,,12357,,,,,,,,,,,,,,,,,,,,,,,,,,,,,,24,,,,,,0,,,,,,,,,,,,,,,,,,,,,,,,,,,,
2013-12-11,JK11A8B9JPRZNF,Hitachi HDS722020ALA330,2000398934016,0,,0,,,,,,,,0,,,,,,24112,,,,,,,,,,,,,,,,,,,,,,,,,,,,,,25,,,,,,0,,,,,,,,,,,,,,,,,,,,,,,,,,,,
2013-12-11,S1F01633,ST3000DM001,3000592982016,0,,162979824,,,,,,,,0,,,,,,15592,,,,,,,,,,,,,,,,,,,,,,,,,,,,,,21,,,,,,0,,,,,,,,,,,,,,,,,,,,,,,,,,,,
2013-12-11,Z290XKYL,ST33000651AS,3000592982016,0,,194237769,,,,,,,,0,,,,,,15603,,,,,,,,,,,,,,,,,,,,,,,,,,,,,,25,,,,,,0,,,,,,,,,,,,,,,,,,,,,,,,,,,,
2013-12-11,S1F0GJW3,ST3000DM001,3000592982016,0,,67747024,,,,,,,,0,,,,,,12155,,,,,,,,,,,,,,,,,,,,,,,,,,,,,,23,,,,,,0,,,,,,,,,,,,,,,,,,,,,,,,,,,,
2013-12-11,PL1321LAG33YRH,Hitachi HDS5C4040ALE630,4000787030016,0,,0,,,,,,,,0,,,,,,5961,,,,,,,,,,,,,,,,,,,,,,,,,,,,,,18,,,,,,0,,,,,,,,,,,,,,,,,,,,,,,,,,,,
2013-12-11,PL1311LAG3E7JH,Hitachi HDS5C4040ALE630,4000787030016,0,,0,,,,,,,,0,,,,,,5069,,,,,,,,,,,,,,,,,,,,,,,,,,,,,,26,,,,,,0,,,,,,,,,,,,,,,,,,,,,,,,,,,,
2013-12-11,6XW0VR3H,ST32000542AS,2000398934016,0,,238147669,,,,,,,,52,,,,,,7727,,,,,,,,,,,,,,,,,,,,,,,,,,,,,,30,,,,,,0,,,,,,,,,,,,,,,,,,,,,,,,,,,,
2013-12-11,JK11A8B9J7MTHF,Hitachi HDS722020ALA330,2000398934016,0,,0,,,,,,,,0,,,,,,24544,,,,,,,,,,,,,,,,,,,,,,,,,,,,,,28,,,,,,0,,,,,,,,,,,,,,,,,,,,,,,,,,,,
2013-12-11,JK1101B9JNV7DF,Hitachi HDS722020ALA330,2000398934016,0,,0,,,,,,,,0,,,,,,23587,,,,,,,,,,,,,,,,,,,,,,,,,,,,,,29,,,,,,0,,,,,,,,,,,,,,,,,,,,,,,,,,,,
2013-12-11,6XW060ZH,ST31500541AS,1500301910016,0,,216510502,,,,,,,,0,,,,,,37141,,,,,,,,,,,,,,,,,,,,,,,,,,,,,,23,,,,,,0,,,,,,,,,,,,,,,,,,,,,,,,,,,,
2013-12-11,PL1311LAG3E48H,Hitachi HDS5C4040ALE630,4000787030016,0,,0,,,,,,,,0,,,,,,5052,,,,,,,,,,,,,,,,,,,,,,,,,,,,,,25,,,,,,0,,,,,,,,,,,,,,,,,,,,,,,,,,,,
2013-12-11,JK11A8B9GSS3EF,Hitachi HDS722020ALA330,2000398934016,0,,0,,,,,,,,0,,,,,,5026,,,,,,,,,,,,,,,,,,,,,,,,,,,,,,25,,,,,,0,,,,,,,,,,,,,,,,,,,,,,,,,,,,
2013-12-11,MJ1311YNG04AVA,Hitachi HDS5C3030ALA630,3000592982016,0,,0,,,,,,,,0,,,,,,14290,,,,,,,,,,,,,,,,,,,,,,,,,,,,,,31,,,,,,0,,,,,,,,,,,,,,,,,,,,,,,,,,,,
2013-12-11,WD-WCAU47261562,WDC WD10EADS,1000204886016,0,,2,,,,,,,,0,,,,,,40549,,,,,,,,,,,,,,,,,,,,,,,,,,,,,,20,,,,,,0,,,,,,,,,,,,,,,,,,,,,,,,,,,,
2013-12-11,JK11A8B9GPHMNF,Hitachi HDS722020ALA330,2000398934016,0,,0,,,,,,,,0,,,,,,26479,,,,,,,,,,,,,,,,,,,,,,,,,,,,,,31,,,,,,0,,,,,,,,,,,,,,,,,,,,,,,,,,,,
2013-12-11,9VS28TKQ,ST31500341AS,1500301910016,0,,114525042,,,,,,,,1,,,,,,38494,,,,,,,,,,,,,,,,,,,,,,,,,,,,,,21,,,,,,0,,,,,,,,,,,,,,,,,,,,,,,,,,,,
2013-12-11,PL1321LAG35J0H,Hitachi HDS5C4040ALE630,4000787030016,0,,0,,,,,,,,0,,,,,,5137,,,,,,,,,,,,,,,,,,,,,,,,,,,,,,33,,,,,,0,,,,,,,,,,,,,,,,,,,,,,,,,,,,
2013-12-11,Z300GPA3,ST4000DM000,4000787030016,0,,162301024,,,,,,,,0,,,,,,3588,,,,,,,,,,,,,,,,,,,,,,,,,,,,,,25,,,,,,0,,,,,,,,,,,,,,,,,,,,,,,,,,,,
2013-12-11,Z300GPA1,ST4000DM000,4000787030016,0,,13102848,,,,,,,,0,,,,,,3584,,,,,,,,,,,,,,,,,,,,,,,,,,,,,,24,,,,,,0,,,,,,,,,,,,,,,,,,,,,,,,,,,,
2013-12-11,Z300GPA0,ST4000DM000,4000787030016,0,,137054464,,,,,,,,0,,,,,,3588,,,,,,,,,,,,,,,,,,,,,,,,,,,,,,22,,,,,,0,,,,,,,,,,,,,,,,,,,,,,,,,,,,
2013-12-11,6XW019TA,ST31500541AS,1500301910016,0,,160133719,,,,,,,,0,,,,,,37291,,,,,,,,,,,,,,,,,,,,,,,,,,,,,,22,,,,,,0,,,,,,,,,,,,,,,,,,,,,,,,,,,,
2013-12-11,6XW10FN3,ST31500541AS,1500301910016,0,,119163706,,,,,,,,0,,,,,,30787,,,,,,,,,,,,,,,,,,,,,,,,,,,,,,20,,,,,,0,,,,,,,,,,,,,,,,,,,,,,,,,,,,
2013-12-11,Z300GPA5,ST4000DM000,4000787030016,0,,217431336,,,,,,,,0,,,,,,3581,,,,,,,,,,,,,,,,,,,,,,,,,,,,,,19,,,,,,0,,,,,,,,,,,,,,,,,,,,,,,,,,,,
2013-12-11,JK11A8B9J3S5KF,Hitachi HDS722020ALA330,2000398934016,0,,0,,,,,,,,0,,,,,,23487,,,,,,,,,,,,,,,,,,,,,,,,,,,,,,28,,,,,,0,,,,,,,,,,,,,,,,,,,,,,,,,,,,
2013-12-11,W1F0MW4S,ST3000DM001,3000592982016,0,,205450712,,,,,,,,0,,,,,,11613,,,,,,,,,,,,,,,,,,,,,,,,,,,,,,31,,,,,,0,,,,,,,,,,,,,,,,,,,,,,,,,,,,
2013-12-11,JK11A8B9J37TKF,Hitachi HDS722020ALA330,2000398934016,0,,0,,,,,,,,0,,,,,,24425,,,,,,,,,,,,,,,,,,,,,,,,,,,,,,31,,,,,,0,,,,,,,,,,,,,,,,,,,,,,,,,,,,
2013-12-11,JK1101B9HS1YGT,Hitachi HDS722020ALA330,2000398934016,0,,0,,,,,,,,0,,,,,,26010,,,,,,,,,,,,,,,,,,,,,,,,,,,,,,25,,,,,,0,,,,,,,,,,,,,,,,,,,,,,,,,,,,
2013-12-11,JK1101B9GL4VSF,Hitachi HDS722020ALA330,2000398934016,0,,0,,,,,,,,0,,,,,,26764,,,,,,,,,,,,,,,,,,,,,,,,,,,,,,27,,,,,,0,,,,,,,,,,,,,,,,,,,,,,,,,,,,
2013-12-11,JK1101B9J2Z1XF,Hitachi HDS722020ALA330,2000398934016,0,,0,,,,,,,,0,,,,,,23105,,,,,,,,,,,,,,,,,,,,,,,,,,,,,,23,,,,,,0,,,,,,,,,,,,,,,,,,,,,,,,,,,,
2013-12-11,PL1321LAG34LSH,Hitachi HDS5C4040ALE630,4000787030016,0,,0,,,,,,,,0,,,,,,5668,,,,,,,,,,,,,,,,,,,,,,,,,,,,,,19,,,,,,0,,,,,,,,,,,,,,,,,,,,,,,,,,,,
2013-12-11,JK11A8B9J7AVXF,Hitachi HDS722020ALA330,2000398934016,0,,0,,,,,,,,0,,,,,,25542,,,,,,,,,,,,,,,,,,,,,,,,,,,,,,29,,,,,,0,,,,,,,,,,,,,,,,,,,,,,,,,,,,
2013-12-11,MJ0351YNGABY1A,Hitachi HDS5C3030ALA630,3000592982016,0,,0,,,,,,,,0,,,,,,7986,,,,,,,,,,,,,,,,,,,,,,,,,,,,,,30,,,,,,0,,,,,,,,,,,,,,,,,,,,,,,,,,,,
2013-12-11,Z300GPAE,ST4000DM000,4000787030016,0,,9007008,,,,,,,,0,,,,,,3581,,,,,,,,,,,,,,,,,,,,,,,,,,,,,,25,,,,,,0,,,,,,,,,,,,,,,,,,,,,,,,,,,,
2013-12-11,Z300GPAJ,ST4000DM000,4000787030016,0,,151214840,,,,,,,,0,,,,,,3621,,,,,,,,,,,,,,,,,,,,,,,,,,,,,,22,,,,,,0,,,,,,,,,,,,,,,,,,,,,,,,,,,,
2013-12-11,9VS255Y1,ST31500341AS,1500301910016,0,,48940486,,,,,,,,99,,,,,,27503,,,,,,,,,,,,,,,,,,,,,,,,,,,,,,29,,,,,,0,,,,,,,,,,,,,,,,,,,,,,,,,,,,
2013-12-11,PL1331LAGB8K4H,Hitachi HDS5C4040ALE630,4000787030016,0,,0,,,,,,,,0,,,,,,5074,,,,,,,,,,,,,,,,,,,,,,,,,,,,,,25,,,,,,0,,,,,,,,,,,,,,,,,,,,,,,,,,,,
2013-12-11,Z300GPAS,ST4000DM000,4000787030016,0,,187612080,,,,,,,,0,,,,,,3582,,,,,,,,,,,,,,,,,,,,,,,,,,,,,,24,,,,,,0,,,,,,,,,,,,,,,,,,,,,,,,,,,,
2013-12-11,W300KLL1,ST4000DM000,4000787030016,0,,44038408,,,,,,,,0,,,,,,919,,,,,,,,,,,,,,,,,,,,,,,,,,,,,,19,,,,,,0,,,,,,,,,,,,,,,,,,,,,,,,,,,,
2013-12-11,Z300GPAV,ST4000DM000,4000787030016,0,,46756152,,,,,,,,0,,,,,,3580,,,,,,,,,,,,,,,,,,,,,,,,,,,,,,25,,,,,,0,,,,,,,,,,,,,,,,,,,,,,,,,,,,
2013-12-11,Z300GPAT,ST4000DM000,4000787030016,0,,196440120,,,,,,,,0,,,,,,3630,,,,,,,,,,,,,,,,,,,,,,,,,,,,,,23,,,,,,0,,,,,,,,,,,,,,,,,,,,,,,,,,,,
2013-12-11,Z300JC03,ST4000DM000,4000787030016,0,,223507992,,,,,,,,0,,,,,,1445,,,,,,,,,,,,,,,,,,,,,,,,,,,,,,25,,,,,,0,,,,,,,,,,,,,,,,,,,,,,,,,,,,
2013-12-11,Z1F0GE1M,ST3000DM001,3000592982016,0,,139498704,,,,,,,,0,,,,,,12154,,,,,,,,,,,,,,,,,,,,,,,,,,,,,,23,,,,,,0,,,,,,,,,,,,,,,,,,,,,,,,,,,,
2013-12-11,JK1101B9JP7NPR,Hitachi HDS722020ALA330,2000398934016,0,,0,,,,,,,,0,,,,,,23990,,,,,,,,,,,,,,,,,,,,,,,,,,,,,,23,,,,,,0,,,,,,,,,,,,,,,,,,,,,,,,,,,,
2013-12-11,Z262A16AS,TOSHIBA DT01ACA300,3000592982016,0,,0,,,,,,,,0,,,,,,6615,,,,,,,,,,,,,,,,,,,,,,,,,,,,,,23,,,,,,0,,,,,,,,,,,,,,,,,,,,,,,,,,,,
2013-12-11,Z300GQE2,ST4000DM000,4000787030016,0,,111717520,,,,,,,,0,,,,,,3586,,,,,,,,,,,,,,,,,,,,,,,,,,,,,,24,,,,,,0,,,,,,,,,,,,,,,,,,,,,,,,,,,,
2013-12-11,Z300GQE3,ST4000DM000,4000787030016,0,,165508920,,,,,,,,0,,,,,,3583,,,,,,,,,,,,,,,,,,,,,,,,,,,,,,25,,,,,,0,,,,,,,,,,,,,,,,,,,,,,,,,,,,
2013-12-11,JK1101B9JLV68F,Hitachi HDS722020ALA330,2000398934016,0,,0,,,,,,,,0,,,,,,23990,,,,,,,,,,,,,,,,,,,,,,,,,,,,,,23,,,,,,0,,,,,,,,,,,,,,,,,,,,,,,,,,,,
2013-12-11,Z300GQE6,ST4000DM000,4000787030016,0,,161727568,,,,,,,,0,,,,,,3583,,,,,,,,,,,,,,,,,,,,,,,,,,,,,,23,,,,,,0,,,,,,,,,,,,,,,,,,,,,,,,,,,,
2013-12-11,Z300GQE4,ST4000DM000,4000787030016,0,,93422576,,,,,,,,0,,,,,,3580,,,,,,,,,,,,,,,,,,,,,,,,,,,,,,23,,,,,,0,,,,,,,,,,,,,,,,,,,,,,,,,,,,
2013-12-11,Z300GQE5,ST4000DM000,4000787030016,0,,220726272,,,,,,,,0,,,,,,3586,,,,,,,,,,,,,,,,,,,,,,,,,,,,,,24,,,,,,0,,,,,,,,,,,,,,,,,,,,,,,,,,,,
2013-12-11,9XW03N3M,ST31500541AS,1500301910016,0,,225830547,,,,,,,,109,,,,,,33331,,,,,,,,,,,,,,,,,,,,,,,,,,,,,,17,,,,,,0,,,,,,,,,,,,,,,,,,,,,,,,,,,,
2013-12-11,Z300PBY0,ST4000DM000,4000787030016,0,,91816056,,,,,,,,0,,,,,,1093,,,,,,,,,,,,,,,,,,,,,,,,,,,,,,26,,,,,,0,,,,,,,,,,,,,,,,,,,,,,,,,,,,
2013-12-11,W1F0RXV0,ST3000DM001,3000592982016,0,,53899928,,,,,,,,0,,,,,,11755,,,,,,,,,,,,,,,,,,,,,,,,,,,,,,27,,,,,,0,,,,,,,,,,,,,,,,,,,,,,,,,,,,
2013-12-11,6XW02232,ST31500541AS,1500301910016,0,,20442351,,,,,,,,41,,,,,,35758,,,,,,,,,,,,,,,,,,,,,,,,,,,,,,23,,,,,,0,,,,,,,,,,,,,,,,,,,,,,,,,,,,
2013-12-11,Z300NSDY,ST4000DM000,4000787030016,0,,165143680,,,,,,,,0,,,,,,1451,,,,,,,,,,,,,,,,,,,,,,,,,,,,,,25,,,,,,0,,,,,,,,,,,,,,,,,,,,,,,,,,,,
2013-12-11,Z300NSDZ,ST4000DM000,4000787030016,0,,129499592,,,,,,,,0,,,,,,1451,,,,,,,,,,,,,,,,,,,,,,,,,,,,,,25,,,,,,0,,,,,,,,,,,,,,,,,,,,,,,,,,,,
2013-12-11,MJ1311YNG19UJA,Hitachi HDS5C3030ALA630,3000592982016,0,,0,,,,,,,,0,,,,,,20498,,,,,,,,,,,,,,,,,,,,,,,,,,,,,,32,,,,,,0,,,,,,,,,,,,,,,,,,,,,,,,,,,,
2013-12-11,MK0331YHGT329A,Hitachi HDS723030ALA640,3000592982016,0,,0,,,,,,,,0,,,,,,16680,,,,,,,,,,,,,,,,,,,,,,,,,,,,,,23,,,,,,0,,,,,,,,,,,,,,,,,,,,,,,,,,,,
2013-12-11,6XW0VGHD,ST31500541AS,1500301910016,0,,189487277,,,,,,,,0,,,,,,33258,,,,,,,,,,,,,,,,,,,,,,,,,,,,,,21,,,,,,0,,,,,,,,,,,,,,,,,,,,,,,,,,,,
2013-12-11,Z300T4ZM,ST4000DM000,4000787030016,0,,2645896,,,,,,,,0,,,,,,1524,,,,,,,,,,,,,,,,,,,,,,,,,,,,,,20,,,,,,0,,,,,,,,,,,,,,,,,,,,,,,,,,,,
2013-12-11,WD-WCAWZ0972176,WDC WD30EZRX,3000592982016,0,,0,,,,,,,,0,,,,,,17008,,,,,,,,,,,,,,,,,,,,,,,,,,,,,,21,,,,,,4,,,,,,,,,,,,,,,,,,,,,,,,,,,,
2013-12-11,JK11A8B9J64B5F,Hitachi HDS722020ALA330,2000398934016,0,,0,,,,,,,,0,,,,,,24914,,,,,,,,,,,,,,,,,,,,,,,,,,,,,,28,,,,,,0,,,,,,,,,,,,,,,,,,,,,,,,,,,,
2013-12-11,S1F0TNQ4,ST3000DM001,3000592982016,0,,148433056,,,,,,,,0,,,,,,10743,,,,,,,,,,,,,,,,,,,,,,,,,,,,,,26,,,,,,0,,,,,,,,,,,,,,,,,,,,,,,,,,,,
2013-12-11,Z300NSD9,ST4000DM000,4000787030016,0,,92253008,,,,,,,,0,,,,,,1093,,,,,,,,,,,,,,,,,,,,,,,,,,,,,,23,,,,,,0,,,,,,,,,,,,,,,,,,,,,,,,,,,,
2013-12-11,9VS3JDBZ,ST31500341AS,1500301910016,0,,106765953,,,,,,,,10,,,,,,32907,,,,,,,,,,,,,,,,,,,,,,,,,,,,,,23,,,,,,0,,,,,,,,,,,,,,,,,,,,,,,,,,,,
2013-12-11,JK1101B9JNP7RU,Hitachi HDS722020ALA330,2000398934016,0,,65537,,,,,,,,0,,,,,,24463,,,,,,,,,,,,,,,,,,,,,,,,,,,,,,24,,,,,,0,,,,,,,,,,,,,,,,,,,,,,,,,,,,
2013-12-11,Z300GQER,ST4000DM000,4000787030016,0,,125108352,,,,,,,,0,,,,,,2900,,,,,,,,,,,,,,,,,,,,,,,,,,,,,,26,,,,,,0,,,,,,,,,,,,,,,,,,,,,,,,,,,,
2013-12-11,Z300GQES,ST4000DM000,4000787030016,0,,12279744,,,,,,,,0,,,,,,3580,,,,,,,,,,,,,,,,,,,,,,,,,,,,,,23,,,,,,0,,,,,,,,,,,,,,,,,,,,,,,,,,,,
2013-12-11,Z300GQEP,ST4000DM000,4000787030016,0,,149940904,,,,,,,,0,,,,,,3582,,,,,,,,,,,,,,,,,,,,,,,,,,,,,,26,,,,,,0,,,,,,,,,,,,,,,,,,,,,,,,,,,,
2013-12-11,JK11A8B9J7Z1VF,Hitachi HDS722020ALA330,2000398934016,0,,0,,,,,,,,0,,,,,,25120,,,,,,,,,,,,,,,,,,,,,,,,,,,,,,28,,,,,,0,,,,,,,,,,,,,,,,,,,,,,,,,,,,
2013-12-11,PL1311LAG2961H,Hitachi HDS5C4040ALE630,4000787030016,0,,0,,,,,,,,0,,,,,,7414,,,,,,,,,,,,,,,,,,,,,,,,,,,,,,21,,,,,,0,,,,,,,,,,,,,,,,,,,,,,,,,,,,
2013-12-11,Z300GQEY,ST4000DM000,4000787030016,0,,209719496,,,,,,,,0,,,,,,3581,,,,,,,,,,,,,,,,,,,,,,,,,,,,,,27,,,,,,0,,,,,,,,,,,,,,,,,,,,,,,,,,,,
2013-12-11,6XW0223B,ST31500541AS,1500301910016,0,,85989643,,,,,,,,312,,,,,,35748,,,,,,,,,,,,,,,,,,,,,,,,,,,,,,23,,,,,,0,,,,,,,,,,,,,,,,,,,,,,,,,,,,
2013-12-11,9VS1GS8J,ST31500341AS,1500301910016,0,,165062924,,,,,,,,4,,,,,,40404,,,,,,,,,,,,,,,,,,,,,,,,,,,,,,28,,,,,,0,,,,,,,,,,,,,,,,,,,,,,,,,,,,
2013-12-11,PL1331LAG5AZ0H,HGST HMS5C4040ALE640,4000787030016,0,,0,,,,,,,,0,,,,,,9402,,,,,,,,,,,,,,,,,,,,,,,,,,,,,,31,,,,,,0,,,,,,,,,,,,,,,,,,,,,,,,,,,,
2013-12-11,Z300GQEF,ST4000DM000,4000787030016,0,,84241808,,,,,,,,0,,,,,,3584,,,,,,,,,,,,,,,,,,,,,,,,,,,,,,27,,,,,,0,,,,,,,,,,,,,,,,,,,,,,,,,,,,
2013-12-11,JK11A8B9J4AENF,Hitachi HDS722020ALA330,2000398934016,0,,0,,,,,,,,0,,,,,,23488,,,,,,,,,,,,,,,,,,,,,,,,,,,,,,27,,,,,,0,,,,,,,,,,,,,,,,,,,,,,,,,,,,
2013-12-11,Z300GQEE,ST4000DM000,4000787030016,0,,241958456,,,,,,,,0,,,,,,3580,,,,,,,,,,,,,,,,,,,,,,,,,,,,,,25,,,,,,0,,,,,,,,,,,,,,,,,,,,,,,,,,,,
2013-12-11,Z300GQEJ,ST4000DM000,4000787030016,0,,122594000,,,,,,,,0,,,,,,3346,,,,,,,,,,,,,,,,,,,,,,,,,,,,,,18,,,,,,0,,,,,,,,,,,,,,,,,,,,,,,,,,,,
2013-12-11,Z300GQEK,ST4000DM000,4000787030016,0,,227198160,,,,,,,,0,,,,,,2899,,,,,,,,,,,,,,,,,,,,,,,,,,,,,,24,,,,,,0,,,,,,,,,,,,,,,,,,,,,,,,,,,,
2013-12-11,MJ1311YNG5R5SA,Hitachi HDS5C3030ALA630,3000592982016,0,,1,,,,,,,,0,,,,,,14290,,,,,,,,,,,,,,,,,,,,,,,,,,,,,,25,,,,,,0,,,,,,,,,,,,,,,,,,,,,,,,,,,,
2013-12-11,PL1311LAG34ZUH,Hitachi HDS5C4040ALE630,4000787030016,0,,0,,,,,,,,0,,,,,,5925,,,,,,,,,,,,,,,,,,,,,,,,,,,,,,17,,,,,,0,,,,,,,,,,,,,,,,,,,,,,,,,,,,
2013-12-11,WD-WMC1T0914981,WDC WD30EFRX,3000592982016,0,,0,,,,,,,,0,,,,,,8840,,,,,,,,,,,,,,,,,,,,,,,,,,,,,,28,,,,,,0,,,,,,,,,,,,,,,,,,,,,,,,,,,,
2013-12-11,MJ0351YNG9W36A,Hitachi HDS5C3030ALA630,3000592982016,0,,0,,,,,,,,0,,,,,,9311,,,,,,,,,,,,,,,,,,,,,,,,,,,,,,31,,,,,,0,,,,,,,,,,,,,,,,,,,,,,,,,,,,
2013-12-11,JK11A8B9KZAA7F,Hitachi HDS722020ALA330,2000398934016,0,,0,,,,,,,,0,,,,,,7038,,,,,,,,,,,,,,,,,,,,,,,,,,,,,,29,,,,,,0,,,,,,,,,,,,,,,,,,,,,,,,,,,,
2013-12-11,JK1101B9JKSSLF,Hitachi HDS722020ALA330,2000398934016,0,,1,,,,,,,,0,,,,,,24112,,,,,,,,,,,,,,,,,,,,,,,,,,,,,,28,,,,,,0,,,,,,,,,,,,,,,,,,,,,,,,,,,,
2013-12-11,MK0333YHGNWVYC,Hitachi HDS723030ALA640,3000592982016,0,,983089,,,,,,,,66,,,,,,17756,,,,,,,,,,,,,,,,,,,,,,,,,,,,,,21,,,,,,2,,,,,,,,,,,,,,,,,,,,,,,,,,,,
2013-12-11,6XW00Y14,ST31500541AS,1500301910016,0,,139041023,,,,,,,,68,,,,,,36909,,,,,,,,,,,,,,,,,,,,,,,,,,,,,,19,,,,,,0,,,,,,,,,,,,,,,,,,,,,,,,,,,,
2013-12-11,PL1321LAGAYGMH,Hitachi HDS5C4040ALE630,4000787030016,0,,0,,,,,,,,0,,,,,,5071,,,,,,,,,,,,,,,,,,,,,,,,,,,,,,31,,,,,,0,,,,,,,,,,,,,,,,,,,,,,,,,,,,
2013-12-11,W300J6J1,ST4000DM000,4000787030016,0,,181070456,,,,,,,,0,,,,,,1703,,,,,,,,,,,,,,,,,,,,,,,,,,,,,,25,,,,,,0,,,,,,,,,,,,,,,,,,,,,,,,,,,,
2013-12-11,JK11A8B9J7987F,Hitachi HDS722020ALA330,2000398934016,0,,0,,,,,,,,0,,,,,,22698,,,,,,,,,,,,,,,,,,,,,,,,,,,,,,29,,,,,,0,,,,,,,,,,,,,,,,,,,,,,,,,,,,
2013-12-11,S1F0QYJX,ST3000DM001,3000592982016,0,,137731464,,,,,,,,0,,,,,,11690,,,,,,,,,,,,,,,,,,,,,,,,,,,,,,27,,,,,,0,,,,,,,,,,,,,,,,,,,,,,,,,,,,
2013-12-11,JK1101B9JN446U,Hitachi HDS722020ALA330,2000398934016,0,,0,,,,,,,,0,,,,,,23990,,,,,,,,,,,,,,,,,,,,,,,,,,,,,,28,,,,,,0,,,,,,,,,,,,,,,,,,,,,,,,,,,,
2013-12-11,PL1311LAG3EG7H,Hitachi HDS5C4040ALE630,4000787030016,0,,0,,,,,,,,0,,,,,,3631,,,,,,,,,,,,,,,,,,,,,,,,,,,,,,26,,,,,,0,,,,,,,,,,,,,,,,,,,,,,,,,,,,
2013-12-11,JK11A8B9J2AM3F,Hitachi HDS722020ALA330,2000398934016,0,,0,,,,,,,,0,,,,,,24216,,,,,,,,,,,,,,,,,,,,,,,,,,,,,,29,,,,,,0,,,,,,,,,,,,,,,,,,,,,,,,,,,,
2013-12-11,MK0313YHGBW20C,Hitachi HDS723030ALA640,3000592982016,0,,0,,,,,,,,0,,,,,,21462,,,,,,,,,,,,,,,,,,,,,,,,,,,,,,28,,,,,,0,,,,,,,,,,,,,,,,,,,,,,,,,,,,
2013-12-11,PL1321LAG2Y6KH,Hitachi HDS5C4040ALE630,4000787030016,0,,0,,,,,,,,0,,,,,,5958,,,,,,,,,,,,,,,,,,,,,,,,,,,,,,21,,,,,,0,,,,,,,,,,,,,,,,,,,,,,,,,,,,
2013-12-11,S1F0CVNZ,ST3000DM001,3000592982016,0,,203163992,,,,,,,,0,,,,,,12417,,,,,,,,,,,,,,,,,,,,,,,,,,,,,,25,,,,,,0,,,,,,,,,,,,,,,,,,,,,,,,,,,,
2013-12-11,S1F0NGCL,ST3000DM001,3000592982016,0,,54428640,,,,,,,,4560,,,,,,11637,,,,,,,,,,,,,,,,,,,,,,,,,,,,,,27,,,,,,0,,,,,,,,,,,,,,,,,,,,,,,,,,,,
2013-12-11,MJ1311YNG35B7A,Hitachi HDS5C3030ALA630,3000592982016,0,,11403268,,,,,,,,0,,,,,,18386,,,,,,,,,,,,,,,,,,,,,,,,,,,,,,23,,,,,,0,,,,,,,,,,,,,,,,,,,,,,,,,,,,
2013-12-11,WD-WCAU47263879,WDC WD10EADS,1000204886016,0,,0,,,,,,,,0,,,,,,40093,,,,,,,,,,,,,,,,,,,,,,,,,,,,,,21,,,,,,0,,,,,,,,,,,,,,,,,,,,,,,,,,,,
2013-12-11,MJ1321YNG1BG2A,Hitachi HDS5C3030ALA630,3000592982016,0,,0,,,,,,,,0,,,,,,18594,,,,,,,,,,,,,,,,,,,,,,,,,,,,,,23,,,,,,0,,,,,,,,,,,,,,,,,,,,,,,,,,,,
2013-12-11,PL1311LAG1S3XA,Hitachi HDS5C4040ALE630,4000787030016,0,,0,,,,,,,,0,,,,,,4535,,,,,,,,,,,,,,,,,,,,,,,,,,,,,,24,,,,,,0,,,,,,,,,,,,,,,,,,,,,,,,,,,,
2013-12-11,JK11A8B9J8H3EF,Hitachi HDS722020ALA330,2000398934016,0,,0,,,,,,,,0,,,,,,24497,,,,,,,,,,,,,,,,,,,,,,,,,,,,,,26,,,,,,0,,,,,,,,,,,,,,,,,,,,,,,,,,,,
2013-12-11,MJ1311YNG2WR2A,Hitachi HDS5C3030ALA630,3000592982016,0,,196608,,,,,,,,0,,,,,,18386,,,,,,,,,,,,,,,,,,,,,,,,,,,,,,23,,,,,,0,,,,,,,,,,,,,,,,,,,,,,,,,,,,
2013-12-11,PL1311LAG3AJYH,Hitachi HDS5C4040ALE630,4000787030016,0,,0,,,,,,,,0,,,,,,5933,,,,,,,,,,,,,,,,,,,,,,,,,,,,,,27,,,,,,0,,,,,,,,,,,,,,,,,,,,,,,,,,,,
2013-12-11,JK11A8B9J7NXDF,Hitachi HDS722020ALA330,2000398934016,0,,0,,,,,,,,0,,,,,,22297,,,,,,,,,,,,,,,,,,,,,,,,,,,,,,31,,,,,,0,,,,,,,,,,,,,,,,,,,,,,,,,,,,
2013-12-11,JK1104B8JN62PW,Hitachi HDS722020ALA330,2000398934016,0,,65536,,,,,,,,0,,,,,,22297,,,,,,,,,,,,,,,,,,,,,,,,,,,,,,32,,,,,,0,,,,,,,,,,,,,,,,,,,,,,,,,,,,
2013-12-11,JK1101B9KNE3DF,Hitachi HDS722020ALA330,2000398934016,0,,0,,,,,,,,0,,,,,,23074,,,,,,,,,,,,,,,,,,,,,,,,,,,,,,33,,,,,,0,,,,,,,,,,,,,,,,,,,,,,,,,,,,
2013-12-11,MJ0351YNGA87VA,Hitachi HDS5C3030ALA630,3000592982016,0,,0,,,,,,,,0,,,,,,9329,,,,,,,,,,,,,,,,,,,,,,,,,,,,,,22,,,,,,0,,,,,,,,,,,,,,,,,,,,,,,,,,,,
2013-12-11,S1F0QXDY,ST3000DM001,3000592982016,0,,234089824,,,,,,,,0,,,,,,10501,,,,,,,,,,,,,,,,,,,,,,,,,,,,,,20,,,,,,0,,,,,,,,,,,,,,,,,,,,,,,,,,,,
2013-12-11,PL1311LAG38ENH,Hitachi HDS5C4040ALE630,4000787030016,0,,0,,,,,,,,0,,,,,,5932,,,,,,,,,,,,,,,,,,,,,,,,,,,,,,28,,,,,,0,,,,,,,,,,,,,,,,,,,,,,,,,,,,
2013-12-11,5XW03LS2,ST31500541AS,1500301910016,0,,93624471,,,,,,,,0,,,,,,37285,,,,,,,,,,,,,,,,,,,,,,,,,,,,,,24,,,,,,0,,,,,,,,,,,,,,,,,,,,,,,,,,,,
2013-12-11,MJ0351YNG9T8TA,Hitachi HDS5C3030ALA630,3000592982016,0,,0,,,,,,,,0,,,,,,8830,,,,,,,,,,,,,,,,,,,,,,,,,,,,,,29,,,,,,0,,,,,,,,,,,,,,,,,,,,,,,,,,,,
2013-12-11,Z300NRJ4,ST4000DM000,4000787030016,0,,166158968,,,,,,,,0,,,,,,1233,,,,,,,,,,,,,,,,,,,,,,,,,,,,,,21,,,,,,0,,,,,,,,,,,,,,,,,,,,,,,,,,,,
2013-12-11,MJ1311YNG7KSKA,Hitachi HDS5C3030ALA630,3000592982016,0,,0,,,,,,,,0,,,,,,14624,,,,,,,,,,,,,,,,,,,,,,,,,,,,,,24,,,,,,0,,,,,,,,,,,,,,,,,,,,,,,,,,,,
2013-12-11,S1F0QXDD,ST3000DM001,3000592982016,0,,23808832,,,,,,,,0,,,,,,11613,,,,,,,,,,,,,,,,,,,,,,,,,,,,,,29,,,,,,0,,,,,,,,,,,,,,,,,,,,,,,,,,,,
2013-12-11,Z300PMTA,ST4000DM000,4000787030016,0,,177846728,,,,,,,,0,,,,,,1227,,,,,,,,,,,,,,,,,,,,,,,,,,,,,,19,,,,,,0,,,,,,,,,,,,,,,,,,,,,,,,,,,,
2013-12-11,MJ0351YNG9Z8EA,Hitachi HDS5C3030ALA630,3000592982016,0,,0,,,,,,,,0,,,,,,8665,,,,,,,,,,,,,,,,,,,,,,,,,,,,,,29,,,,,,0,,,,,,,,,,,,,,,,,,,,,,,,,,,,
2013-12-11,Z300NRJT,ST4000DM000,4000787030016,0,,115973504,,,,,,,,0,,,,,,1445,,,,,,,,,,,,,,,,,,,,,,,,,,,,,,27,,,,,,0,,,,,,,,,,,,,,,,,,,,,,,,,,,,
2013-12-11,MJ0351YNG9ZREA,Hitachi HDS5C3030ALA630,3000592982016,0,,0,,,,,,,,0,,,,,,9939,,,,,,,,,,,,,,,,,,,,,,,,,,,,,,24,,,,,,0,,,,,,,,,,,,,,,,,,,,,,,,,,,,
2013-12-11,W1F0H9RN,ST3000DM001,3000592982016,0,,118371920,,,,,,,,0,,,,,,12173,,,,,,,,,,,,,,,,,,,,,,,,,,,,,,23,,,,,,0,,,,,,,,,,,,,,,,,,,,,,,,,,,,
2013-12-11,Z300P9EN,ST4000DM000,4000787030016,0,,127232584,,,,,,,,0,,,,,,1233,,,,,,,,,,,,,,,,,,,,,,,,,,,,,,21,,,,,,0,,,,,,,,,,,,,,,,,,,,,,,,,,,,
2013-12-11,JK11A8B9J7N44F,Hitachi HDS722020ALA330,2000398934016,0,,0,,,,,,,,0,,,,,,24625,,,,,,,,,,,,,,,,,,,,,,,,,,,,,,28,,,,,,0,,,,,,,,,,,,,,,,,,,,,,,,,,,,
2013-12-11,S1F0T1QG,ST3000DM001,3000592982016,0,,162932016,,,,,,,,0,,,,,,10837,,,,,,,,,,,,,,,,,,,,,,,,,,,,,,26,,,,,,0,,,,,,,,,,,,,,,,,,,,,,,,,,,,
2013-12-11,W300BZEQ,ST4000DM000,4000787030016,0,,2955496,,,,,,,,0,,,,,,2243,,,,,,,,,,,,,,,,,,,,,,,,,,,,,,24,,,,,,0,,,,,,,,,,,,,,,,,,,,,,,,,,,,
2013-12-11,JK11A8B9J3AY3F,Hitachi HDS722020ALA330,2000398934016,0,,65536,,,,,,,,0,,,,,,24398,,,,,,,,,,,,,,,,,,,,,,,,,,,,,,27,,,,,,0,,,,,,,,,,,,,,,,,,,,,,,,,,,,
2013-12-11,W300BNYK,ST4000DM000,4000787030016,0,,117599152,,,,,,,,0,,,,,,4189,,,,,,,,,,,,,,,,,,,,,,,,,,,,,,26,,,,,,0,,,,,,,,,,,,,,,,,,,,,,,,,,,,
2013-12-11,W300BNYR,ST4000DM000,4000787030016,0,,123649504,,,,,,,,0,,,,,,4160,,,,,,,,,,,,,,,,,,,,,,,,,,,,,,25,,,,,,0,,,,,,,,,,,,,,,,,,,,,,,,,,,,
2013-12-11,WD-WCAU45667470,WDC WD10EADS,1000204886016,0,,3,,,,,,,,0,,,,,,41145,,,,,,,,,,,,,,,,,,,,,,,,,,,,,,27,,,,,,0,,,,,,,,,,,,,,,,,,,,,,,,,,,,
2013-12-11,MK0303YHGN7R4C,Hitachi HDS723030ALA640,3000592982016,0,,0,,,,,,,,0,,,,,,17036,,,,,,,,,,,,,,,,,,,,,,,,,,,,,,30,,,,,,0,,,,,,,,,,,,,,,,,,,,,,,,,,,,
2013-12-11,WD-WCAU45667479,WDC WD10EADS,1000204886016,0,,294,,,,,,,,0,,,,,,41095,,,,,,,,,,,,,,,,,,,,,,,,,,,,,,27,,,,,,0,,,,,,,,,,,,,,,,,,,,,,,,,,,,
2013-12-11,MJ1311YNG35GAA,Hitachi HDS5C3030ALA630,3000592982016,0,,0,,,,,,,,0,,,,,,19587,,,,,,,,,,,,,,,,,,,,,,,,,,,,,,27,,,,,,0,,,,,,,,,,,,,,,,,,,,,,,,,,,,
2013-12-11,W300BN3Q,ST4000DM000,4000787030016,0,,103901360,,,,,,,,0,,,,,,4188,,,,,,,,,,,,,,,,,,,,,,,,,,,,,,30,,,,,,0,,,,,,,,,,,,,,,,,,,,,,,,,,,,
2013-12-11,Z300P8A2,ST4000DM000,4000787030016,0,,221217816,,,,,,,,0,,,,,,1227,,,,,,,,,,,,,,,,,,,,,,,,,,,,,,21,,,,,,0,,,,,,,,,,,,,,,,,,,,,,,,,,,,
2013-12-11,Z300P8A0,ST4000DM000,4000787030016,0,,220794072,,,,,,,,0,,,,,,1233,,,,,,,,,,,,,,,,,,,,,,,,,,,,,,20,,,,,,0,,,,,,,,,,,,,,,,,,,,,,,,,,,,
2013-12-11,Z300P8A6,ST4000DM000,4000787030016,0,,116472872,,,,,,,,0,,,,,,1450,,,,,,,,,,,,,,,,,,,,,,,,,,,,,,25,,,,,,0,,,,,,,,,,,,,,,,,,,,,,,,,,,,
2013-12-11,Z300P8A5,ST4000DM000,4000787030016,0,,123692328,,,,,,,,0,,,,,,1094,,,,,,,,,,,,,,,,,,,,,,,,,,,,,,22,,,,,,0,,,,,,,,,,,,,,,,,,,,,,,,,,,,
2013-12-11,MJ0351YNGAAGZA,Hitachi HDS5C3030ALA630,3000592982016,0,,0,,,,,,,,0,,,,,,8615,,,,,,,,,,,,,,,,,,,,,,,,,,,,,,31,,,,,,0,,,,,,,,,,,,,,,,,,,,,,,,,,,,
2013-12-11,Z300X7ZW,ST4000DM000,4000787030016,0,,105293944,,,,,,,,0,,,,,,612,,,,,,,,,,,,,,,,,,,,,,,,,,,,,,19,,,,,,0,,,,,,,,,,,,,,,,,,,,,,,,,,,,
2013-12-11,6XW035QX,ST31500541AS,1500301910016,0,,30544886,,,,,,,,640,,,,,,35226,,,,,,,,,,,,,,,,,,,,,,,,,,,,,,23,,,,,,0,,,,,,,,,,,,,,,,,,,,,,,,,,,,
2013-12-11,JK1101B9JPGMKF,Hitachi HDS722020ALA330,2000398934016,0,,0,,,,,,,,0,,,,,,24426,,,,,,,,,,,,,,,,,,,,,,,,,,,,,,25,,,,,,0,,,,,,,,,,,,,,,,,,,,,,,,,,,,
2013-12-11,MJ1311YNG3E38A,Hitachi HDS5C3030ALA630,3000592982016,0,,0,,,,,,,,0,,,,,,19310,,,,,,,,,,,,,,,,,,,,,,,,,,,,,,25,,,,,,0,,,,,,,,,,,,,,,,,,,,,,,,,,,,
2013-12-11,W1F0AXZS,ST3000DM001,3000592982016,0,,181154008,,,,,,,,0,,,,,,13910,,,,,,,,,,,,,,,,,,,,,,,,,,,,,,26,,,,,,8,,,,,,,,,,,,,,,,,,,,,,,,,,,,
2013-12-11,MJ0351YNG9TL6A,Hitachi HDS5C3030ALA630,3000592982016,0,,0,,,,,,,,0,,,,,,8883,,,,,,,,,,,,,,,,,,,,,,,,,,,,,,31,,,,,,0,,,,,,,,,,,,,,,,,,,,,,,,,,,,
2013-12-11,Z300KEQH,ST4000DM000,4000787030016,0,,190267400,,,,,,,,0,,,,,,152,,,,,,,,,,,,,,,,,,,,,,,,,,,,,,27,,,,,,0,,,,,,,,,,,,,,,,,,,,,,,,,,,,
2013-12-11,Z300KEQ4,ST4000DM000,4000787030016,0,,191445504,,,,,,,,0,,,,,,152,,,,,,,,,,,,,,,,,,,,,,,,,,,,,,26,,,,,,0,,,,,,,,,,,,,,,,,,,,,,,,,,,,
2013-12-11,6XW056SZ,ST31500541AS,1500301910016,0,,235579152,,,,,,,,0,,,,,,36346,,,,,,,,,,,,,,,,,,,,,,,,,,,,,,21,,,,,,0,,,,,,,,,,,,,,,,,,,,,,,,,,,,
2013-12-11,Z300XCJ1,ST4000DM000,4000787030016,0,,115406704,,,,,,,,0,,,,,,815,,,,,,,,,,,,,,,,,,,,,,,,,,,,,,20,,,,,,0,,,,,,,,,,,,,,,,,,,,,,,,,,,,
2013-12-11,PL1311LAG3DZ0H,Hitachi HDS5C4040ALE630,4000787030016,0,,0,,,,,,,,0,,,,,,5142,,,,,,,,,,,,,,,,,,,,,,,,,,,,,,24,,,,,,0,,,,,,,,,,,,,,,,,,,,,,,,,,,,
2013-12-11,WD-WMC1T1840269,WDC WD30EFRX,3000592982016,0,,0,,,,,,,,0,,,,,,7390,,,,,,,,,,,,,,,,,,,,,,,,,,,,,,25,,,,,,0,,,,,,,,,,,,,,,,,,,,,,,,,,,,
2013-12-11,9XW01ZPS,ST31500541AS,1500301910016,0,,171326296,,,,,,,,18,,,,,,35759,,,,,,,,,,,,,,,,,,,,,,,,,,,,,,19,,,,,,0,,,,,,,,,,,,,,,,,,,,,,,,,,,,
2013-12-11,Z300P8AN,ST4000DM000,4000787030016,0,,143032680,,,,,,,,0,,,,,,1450,,,,,,,,,,,,,,,,,,,,,,,,,,,,,,23,,,,,,0,,,,,,,,,,,,,,,,,,,,,,,,,,,,
2013-12-11,Z300P8AM,ST4000DM000,4000787030016,0,,6688216,,,,,,,,0,,,,,,1094,,,,,,,,,,,,,,,,,,,,,,,,,,,,,,21,,,,,,0,,,,,,,,,,,,,,,,,,,,,,,,,,,,
2013-12-11,W300912F,ST4000DM000,4000787030016,0,,21156760,,,,,,,,0,,,,,,4291,,,,,,,,,,,,,,,,,,,,,,,,,,,,,,23,,,,,,0,,,,,,,,,,,,,,,,,,,,,,,,,,,,
2013-12-11,Z262G13AS,TOSHIBA DT01ACA300,3000592982016,0,,0,,,,,,,,0,,,,,,6609,,,,,,,,,,,,,,,,,,,,,,,,,,,,,,27,,,,,,0,,,,,,,,,,,,,,,,,,,,,,,,,,,,
2013-12-11,JK1104B8JRXN5W,Hitachi HDS722020ALA330,2000398934016,0,,0,,,,,,,,0,,,,,,22863,,,,,,,,,,,,,,,,,,,,,,,,,,,,,,25,,,,,,0,,,,,,,,,,,,,,,,,,,,,,,,,,,,
2013-12-11,6XW01P8K,ST31500541AS,1500301910016,0,,215128162,,,,,,,,0,,,,,,35756,,,,,,,,,,,,,,,,,,,,,,,,,,,,,,19,,,,,,0,,,,,,,,,,,,,,,,,,,,,,,,,,,,
2013-12-11,6XW01P8M,ST31500541AS,1500301910016,0,,50149336,,,,,,,,0,,,,,,34740,,,,,,,,,,,,,,,,,,,,,,,,,,,,,,21,,,,,,0,,,,,,,,,,,,,,,,,,,,,,,,,,,,
2013-12-11,MJ0351YNG9WJSA,Hitachi HDS5C3030ALA630,3000592982016,0,,0,,,,,,,,2,,,,,,9975,,,,,,,,,,,,,,,,,,,,,,,,,,,,,,26,,,,,,0,,,,,,,,,,,,,,,,,,,,,,,,,,,,
2013-12-11,MJ0351YNGAD37A,Hitachi HDS5C3030ALA630,3000592982016,0,,0,,,,,,,,0,,,,,,8214,,,,,,,,,,,,,,,,,,,,,,,,,,,,,,27,,,,,,0,,,,,,,,,,,,,,,,,,,,,,,,,,,,
2013-12-11,MJ1311YNG7ESHA,Hitachi HDS5C3030ALA630,3000592982016,0,,0,,,,,,,,0,,,,,,14596,,,,,,,,,,,,,,,,,,,,,,,,,,,,,,25,,,,,,0,,,,,,,,,,,,,,,,,,,,,,,,,,,,
2013-12-11,Z300K8C9,ST4000DM000,4000787030016,0,,88403024,,,,,,,,0,,,,,,2216,,,,,,,,,,,,,,,,,,,,,,,,,,,,,,21,,,,,,0,,,,,,,,,,,,,,,,,,,,,,,,,,,,
2013-12-11,W1F08WP1,ST3000DM001,3000592982016,0,,122681312,,,,,,,,0,,,,,,16175,,,,,,,,,,,,,,,,,,,,,,,,,,,,,,25,,,,,,0,,,,,,,,,,,,,,,,,,,,,,,,,,,,
2013-12-11,MJ1323YNG1SSVC,Hitachi HDS5C3030ALA630,3000592982016,0,,0,,,,,,,,0,,,,,,19762,,,,,,,,,,,,,,,,,,,,,,,,,,,,,,25,,,,,,0,,,,,,,,,,,,,,,,,,,,,,,,,,,,
2013-12-11,Z300W1SW,ST4000DM000,4000787030016,0,,212926952,,,,,,,,0,,,,,,108,,,,,,,,,,,,,,,,,,,,,,,,,,,,,,21,,,,,,0,,,,,,,,,,,,,,,,,,,,,,,,,,,,
2013-12-11,6XW03AAN,ST31500541AS,1500301910016,0,,158565793,,,,,,,,0,,,,,,36648,,,,,,,,,,,,,,,,,,,,,,,,,,,,,,22,,,,,,0,,,,,,,,,,,,,,,,,,,,,,,,,,,,
2013-12-11,MJ1311YNG3HH3A,Hitachi HDS5C3030ALA630,3000592982016,0,,0,,,,,,,,0,,,,,,18941,,,,,,,,,,,,,,,,,,,,,,,,,,,,,,25,,,,,,0,,,,,,,,,,,,,,,,,,,,,,,,,,,,
2013-12-11,PL1311LAG38YSH,Hitachi HDS5C4040ALE630,4000787030016,0,,0,,,,,,,,0,,,,,,5923,,,,,,,,,,,,,,,,,,,,,,,,,,,,,,21,,,,,,0,,,,,,,,,,,,,,,,,,,,,,,,,,,,
2013-12-11,PL1311LAG3AV5H,Hitachi HDS5C4040ALE630,4000787030016,0,,0,,,,,,,,0,,,,,,6071,,,,,,,,,,,,,,,,,,,,,,,,,,,,,,20,,,,,,0,,,,,,,,,,,,,,,,,,,,,,,,,,,,
2013-12-11,S1F04Y6C,ST3000DM001,3000592982016,0,,78702040,,,,,,,,0,,,,,,13357,,,,,,,,,,,,,,,,,,,,,,,,,,,,,,22,,,,,,0,,,,,,,,,,,,,,,,,,,,,,,,,,,,
2013-12-11,MJ0351YNGA8W5A,Hitachi HDS5C3030ALA630,3000592982016,0,,0,,,,,,,,0,,,,,,8141,,,,,,,,,,,,,,,,,,,,,,,,,,,,,,32,,,,,,0,,,,,,,,,,,,,,,,,,,,,,,,,,,,
2013-12-11,WD-WCAV5A957134,WDC WD10EADS,1000204886016,0,,0,,,,,,,,0,,,,,,19690,,,,,,,,,,,,,,,,,,,,,,,,,,,,,,27,,,,,,0,,,,,,,,,,,,,,,,,,,,,,,,,,,,
2013-12-11,PL1331LAGB3X1H,Hitachi HDS5C4040ALE630,4000787030016,0,,0,,,,,,,,0,,,,,,5076,,,,,,,,,,,,,,,,,,,,,,,,,,,,,,25,,,,,,0,,,,,,,,,,,,,,,,,,,,,,,,,,,,
2013-12-11,6XW03CP4,ST31500541AS,1500301910016,0,,131464798,,,,,,,,0,,,,,,36069,,,,,,,,,,,,,,,,,,,,,,,,,,,,,,16,,,,,,0,,,,,,,,,,,,,,,,,,,,,,,,,,,,
2013-12-11,JK11A8B9J799ZF,Hitachi HDS722020ALA330,2000398934016,0,,0,,,,,,,,0,,,,,,22695,,,,,,,,,,,,,,,,,,,,,,,,,,,,,,27,,,,,,0,,,,,,,,,,,,,,,,,,,,,,,,,,,,
2013-12-11,9VS3HRT5,ST31500341AS,1500301910016,0,,1078407,,,,,,,,42,,,,,,31636,,,,,,,,,,,,,,,,,,,,,,,,,,,,,,25,,,,,,0,,,,,,,,,,,,,,,,,,,,,,,,,,,,
2013-12-11,W1F0A11P,ST3000DM001,3000592982016,0,,29488608,,,,,,,,0,,,,,,14714,,,,,,,,,,,,,,,,,,,,,,,,,,,,,,26,,,,,,0,,,,,,,,,,,,,,,,,,,,,,,,,,,,
2013-12-11,MJ0351YNG9VWEA,Hitachi HDS5C3030ALA630,3000592982016,0,,0,,,,,,,,0,,,,,,9901,,,,,,,,,,,,,,,,,,,,,,,,,,,,,,29,,,,,,0,,,,,,,,,,,,,,,,,,,,,,,,,,,,
2013-12-11,S1F130GX,ST3000DM001,3000592982016,0,,45493176,,,,,,,,0,,,,,,8186,,,,,,,,,,,,,,,,,,,,,,,,,,,,,,24,,,,,,0,,,,,,,,,,,,,,,,,,,,,,,,,,,,
2013-12-11,MJ1311YNG7JJHA,Hitachi HDS5C3030ALA630,3000592982016,0,,0,,,,,,,,0,,,,,,14310,,,,,,,,,,,,,,,,,,,,,,,,,,,,,,25,,,,,,0,,,,,,,,,,,,,,,,,,,,,,,,,,,,
2013-12-11,S1F0KZVZ,ST3000DM001,3000592982016,0,,26273656,,,,,,,,0,,,,,,12024,,,,,,,,,,,,,,,,,,,,,,,,,,,,,,30,,,,,,0,,,,,,,,,,,,,,,,,,,,,,,,,,,,
2013-12-11,JK11A8B9J3LN5F,Hitachi HDS722020ALA330,2000398934016,0,,0,,,,,,,,0,,,,,,23828,,,,,,,,,,,,,,,,,,,,,,,,,,,,,,30,,,,,,0,,,,,,,,,,,,,,,,,,,,,,,,,,,,
2013-12-11,PL1311LAG390LH,Hitachi HDS5C4040ALE630,4000787030016,0,,0,,,,,,,,0,,,,,,5052,,,,,,,,,,,,,,,,,,,,,,,,,,,,,,26,,,,,,0,,,,,,,,,,,,,,,,,,,,,,,,,,,,
2013-12-11,JK11A8B9H458MF,Hitachi HDS722020ALA330,2000398934016,0,,0,,,,,,,,0,,,,,,10255,,,,,,,,,,,,,,,,,,,,,,,,,,,,,,26,,,,,,0,,,,,,,,,,,,,,,,,,,,,,,,,,,,
2013-12-11,Z300K8CR,ST4000DM000,4000787030016,0,,188013848,,,,,,,,0,,,,,,1848,,,,,,,,,,,,,,,,,,,,,,,,,,,,,,24,,,,,,0,,,,,,,,,,,,,,,,,,,,,,,,,,,,
2013-12-11,5XW2JXEE,ST32000542AS,2000398934016,0,,151338613,,,,,,,,0,,,,,,13013,,,,,,,,,,,,,,,,,,,,,,,,,,,,,,26,,,,,,0,,,,,,,,,,,,,,,,,,,,,,,,,,,,
2013-12-11,Z300WJX6,ST4000DM000,4000787030016,0,,16717560,,,,,,,,0,,,,,,918,,,,,,,,,,,,,,,,,,,,,,,,,,,,,,21,,,,,,0,,,,,,,,,,,,,,,,,,,,,,,,,,,,
2013-12-11,JK11A8B9J7ER9F,Hitachi HDS722020ALA330,2000398934016,0,,0,,,,,,,,0,,,,,,25583,,,,,,,,,,,,,,,,,,,,,,,,,,,,,,28,,,,,,0,,,,,,,,,,,,,,,,,,,,,,,,,,,,
2013-12-11,6XW0DP29,ST31500541AS,1500301910016,0,,87682277,,,,,,,,238,,,,,,31751,,,,,,,,,,,,,,,,,,,,,,,,,,,,,,18,,,,,,0,,,,,,,,,,,,,,,,,,,,,,,,,,,,
2013-12-11,JK11A8B9J3MPAF,Hitachi HDS722020ALA330,2000398934016,0,,0,,,,,,,,0,,,,,,23829,,,,,,,,,,,,,,,,,,,,,,,,,,,,,,25,,,,,,0,,,,,,,,,,,,,,,,,,,,,,,,,,,,
2013-12-11,MJ0351YNG9WTMA,Hitachi HDS5C3030ALA630,3000592982016,0,,0,,,,,,,,0,,,,,,9477,,,,,,,,,,,,,,,,,,,,,,,,,,,,,,23,,,,,,0,,,,,,,,,,,,,,,,,,,,,,,,,,,,
2013-12-11,MJ1311YNG337ZA,Hitachi HDS5C3030ALA630,3000592982016,0,,0,,,,,,,,0,,,,,,18048,,,,,,,,,,,,,,,,,,,,,,,,,,,,,,25,,,,,,0,,,,,,,,,,,,,,,,,,,,,,,,,,,,
2013-12-11,MJ1323YNG1PE0C,Hitachi HDS5C3030ALA630,3000592982016,0,,0,,,,,,,,0,,,,,,19766,,,,,,,,,,,,,,,,,,,,,,,,,,,,,,29,,,,,,0,,,,,,,,,,,,,,,,,,,,,,,,,,,,
2013-12-11,MJ0351YNG9XY3A,Hitachi HDS5C3030ALA630,3000592982016,0,,0,,,,,,,,0,,,,,,9483,,,,,,,,,,,,,,,,,,,,,,,,,,,,,,30,,,,,,0,,,,,,,,,,,,,,,,,,,,,,,,,,,,
2013-12-11,6XW1JQYL,ST32000542AS,2000398934016,0,,116241216,,,,,,,,0,,,,,,7227,,,,,,,,,,,,,,,,,,,,,,,,,,,,,,23,,,,,,0,,,,,,,,,,,,,,,,,,,,,,,,,,,,
2013-12-11,PL1321LAG2ZY3H,Hitachi HDS5C4040ALE630,4000787030016,0,,0,,,,,,,,0,,,,,,5961,,,,,,,,,,,,,,,,,,,,,,,,,,,,,,17,,,,,,0,,,,,,,,,,,,,,,,,,,,,,,,,,,,
2013-12-11,S1F0TN63,ST3000DM001,3000592982016,0,,59396672,,,,,,,,0,,,,,,10720,,,,,,,,,,,,,,,,,,,,,,,,,,,,,,24,,,,,,0,,,,,,,,,,,,,,,,,,,,,,,,,,,,
2013-12-11,S1F0SBCL,ST3000DM001,3000592982016,0,,102809840,,,,,,,,0,,,,,,11608,,,,,,,,,,,,,,,,,,,,,,,,,,,,,,31,,,,,,0,,,,,,,,,,,,,,,,,,,,,,,,,,,,
2013-12-11,PL1311LAG163KA,Hitachi HDS5C4040ALE630,4000787030016,0,,0,,,,,,,,0,,,,,,7452,,,,,,,,,,,,,,,,,,,,,,,,,,,,,,23,,,,,,0,,,,,,,,,,,,,,,,,,,,,,,,,,,,
2013-12-11,MJ0351YNGA8Z8A,Hitachi HDS5C3030ALA630,3000592982016,0,,0,,,,,,,,0,,,,,,8618,,,,,,,,,,,,,,,,,,,,,,,,,,,,,,28,,,,,,0,,,,,,,,,,,,,,,,,,,,,,,,,,,,
2013-12-11,W3005WAT,ST4000DM000,4000787030016,0,,86333256,,,,,,,,0,,,,,,2920,,,,,,,,,,,,,,,,,,,,,,,,,,,,,,18,,,,,,0,,,,,,,,,,,,,,,,,,,,,,,,,,,,
2013-12-11,JK11A8B9J8S32F,Hitachi HDS722020ALA330,2000398934016,0,,0,,,,,,,,0,,,,,,25539,,,,,,,,,,,,,,,,,,,,,,,,,,,,,,29,,,,,,0,,,,,,,,,,,,,,,,,,,,,,,,,,,,
2013-12-11,PL1321LAG31W6H,Hitachi HDS5C4040ALE630,4000787030016,0,,0,,,,,,,,0,,,,,,6070,,,,,,,,,,,,,,,,,,,,,,,,,,,,,,22,,,,,,0,,,,,,,,,,,,,,,,,,,,,,,,,,,,
2013-12-11,MJ0331YNG69A0A,Hitachi HDS5C3030ALA630,3000592982016,0,,0,,,,,,,,0,,,,,,10760,,,,,,,,,,,,,,,,,,,,,,,,,,,,,,31,,,,,,0,,,,,,,,,,,,,,,,,,,,,,,,,,,,
2013-12-11,JK11A4YAKDWKVW,Hitachi HDS722020ALA330,2000398934016,0,,0,,,,,,,,0,,,,,,27871,,,,,,,,,,,,,,,,,,,,,,,,,,,,,,26,,,,,,0,,,,,,,,,,,,,,,,,,,,,,,,,,,,
2013-12-11,WD-WMAWZ0127257,WDC WD30EZRX,3000592982016,0,,0,,,,,,,,0,,,,,,12932,,,,,,,,,,,,,,,,,,,,,,,,,,,,,,22,,,,,,0,,,,,,,,,,,,,,,,,,,,,,,,,,,,
2013-12-11,W300D49Z,ST4000DM000,4000787030016,0,,164122768,,,,,,,,0,,,,,,789,,,,,,,,,,,,,,,,,,,,,,,,,,,,,,23,,,,,,0,,,,,,,,,,,,,,,,,,,,,,,,,,,,
2013-12-11,PL1311LAG2E4YH,Hitachi HDS5C4040ALE630,4000787030016,0,,0,,,,,,,,0,,,,,,5922,,,,,,,,,,,,,,,,,,,,,,,,,,,,,,22,,,,,,0,,,,,,,,,,,,,,,,,,,,,,,,,,,,
2013-12-11,W1F1BGAB,ST3000DM001,3000592982016,0,,142675936,,,,,,,,0,,,,,,7990,,,,,,,,,,,,,,,,,,,,,,,,,,,,,,28,,,,,,0,,,,,,,,,,,,,,,,,,,,,,,,,,,,
2013-12-11,6XW01RJV,ST31500541AS,1500301910016,0,,44691015,,,,,,,,0,,,,,,35758,,,,,,,,,,,,,,,,,,,,,,,,,,,,,,17,,,,,,0,,,,,,,,,,,,,,,,,,,,,,,,,,,,
2013-12-11,Z1F11NTL,ST3000DM001,3000592982016,0,,16045264,,,,,,,,0,,,,,,7384,,,,,,,,,,,,,,,,,,,,,,,,,,,,,,24,,,,,,0,,,,,,,,,,,,,,,,,,,,,,,,,,,,
2013-12-11,MJ0351YNGA0B5A,Hitachi HDS5C3030ALA630,3000592982016,0,,0,,,,,,,,0,,,,,,9312,,,,,,,,,,,,,,,,,,,,,,,,,,,,,,31,,,,,,0,,,,,,,,,,,,,,,,,,,,,,,,,,,,
2013-12-11,Z1Z03G7Q,ST4000DX000,4000787030016,0,,160418884,,,,,,,,0,,,,,,7132,,,,,,,,,,,,,,,,,,,,,,,,,,,,,,36,,,,,,0,,,,,,,,,,,,,,,,,,,,,,,,,,,,
2013-12-11,Z1F06GTH,ST3000DM001,3000592982016,0,,115566192,,,,,,,,0,,,,,,14732,,,,,,,,,,,,,,,,,,,,,,,,,,,,,,23,,,,,,0,,,,,,,,,,,,,,,,,,,,,,,,,,,,
2013-12-11,JK11A8B9J3GH7F,Hitachi HDS722020ALA330,2000398934016,0,,1,,,,,,,,0,,,,,,23319,,,,,,,,,,,,,,,,,,,,,,,,,,,,,,28,,,,,,0,,,,,,,,,,,,,,,,,,,,,,,,,,,,
2013-12-11,Z300GZD2,ST4000DM000,4000787030016,0,,136152608,,,,,,,,0,,,,,,3630,,,,,,,,,,,,,,,,,,,,,,,,,,,,,,24,,,,,,0,,,,,,,,,,,,,,,,,,,,,,,,,,,,
2013-12-11,6XW01RJA,ST31500541AS,1500301910016,0,,116621122,,,,,,,,0,,,,,,34740,,,,,,,,,,,,,,,,,,,,,,,,,,,,,,21,,,,,,0,,,,,,,,,,,,,,,,,,,,,,,,,,,,
2013-12-11,Z300GZD0,ST4000DM000,4000787030016,0,,99181024,,,,,,,,0,,,,,,3630,,,,,,,,,,,,,,,,,,,,,,,,,,,,,,24,,,,,,0,,,,,,,,,,,,,,,,,,,,,,,,,,,,
2013-12-11,Z300GZD1,ST4000DM000,4000787030016,0,,67243408,,,,,,,,0,,,,,,3580,,,,,,,,,,,,,,,,,,,,,,,,,,,,,,24,,,,,,0,,,,,,,,,,,,,,,,,,,,,,,,,,,,
2013-12-11,MJ0351YNG9YNPA,Hitachi HDS5C3030ALA630,3000592982016,0,,0,,,,,,,,0,,,,,,9525,,,,,,,,,,,,,,,,,,,,,,,,,,,,,,33,,,,,,0,,,,,,,,,,,,,,,,,,,,,,,,,,,,
2013-12-11,MJ0351YNG9RAGA,Hitachi HDS5C3030ALA630,3000592982016,0,,0,,,,,,,,0,,,,,,9913,,,,,,,,,,,,,,,,,,,,,,,,,,,,,,35,,,,,,0,,,,,,,,,,,,,,,,,,,,,,,,,,,,
2013-12-11,MJ0351YNGA1A2A,Hitachi HDS5C3030ALA630,3000592982016,0,,0,,,,,,,,0,,,,,,9147,,,,,,,,,,,,,,,,,,,,,,,,,,,,,,31,,,,,,0,,,,,,,,,,,,,,,,,,,,,,,,,,,,
2013-12-11,JK1101B9KMWZGF,Hitachi HDS722020ALA330,2000398934016,0,,0,,,,,,,,0,,,,,,23075,,,,,,,,,,,,,,,,,,,,,,,,,,,,,,29,,,,,,0,,,,,,,,,,,,,,,,,,,,,,,,,,,,
2013-12-11,W1F0AZTN,ST3000DM001,3000592982016,0,,50843528,,,,,,,,0,,,,,,13913,,,,,,,,,,,,,,,,,,,,,,,,,,,,,,22,,,,,,0,,,,,,,,,,,,,,,,,,,,,,,,,,,,
2013-12-11,MJ0351YNG9YZDA,Hitachi HDS5C3030ALA630,3000592982016,0,,0,,,,,,,,0,,,,,,8873,,,,,,,,,,,,,,,,,,,,,,,,,,,,,,26,,,,,,0,,,,,,,,,,,,,,,,,,,,,,,,,,,,
2013-12-11,PL2311LAG1MXDC,Hitachi HDS5C4040ALE630,4000787030016,0,,0,,,,,,,,0,,,,,,7461,,,,,,,,,,,,,,,,,,,,,,,,,,,,,,26,,,,,,0,,,,,,,,,,,,,,,,,,,,,,,,,,,,
2013-12-11,JK11A4YAK98KMW,Hitachi HDS722020ALA330,2000398934016,0,,655362,,,,,,,,0,,,,,,27871,,,,,,,,,,,,,,,,,,,,,,,,,,,,,,27,,,,,,0,,,,,,,,,,,,,,,,,,,,,,,,,,,,
2013-12-11,Z300MEM5,ST4000DM000,4000787030016,0,,154458144,,,,,,,,0,,,,,,2844,,,,,,,,,,,,,,,,,,,,,,,,,,,,,,26,,,,,,0,,,,,,,,,,,,,,,,,,,,,,,,,,,,
2013-12-11,PL1311LAG2XAWA,Hitachi HDS5C4040ALE630,4000787030016,0,,0,,,,,,,,0,,,,,,6649,,,,,,,,,,,,,,,,,,,,,,,,,,,,,,19,,,,,,0,,,,,,,,,,,,,,,,,,,,,,,,,,,,
2013-12-11,Z1F0694C,ST3000DM001,3000592982016,0,,167602784,,,,,,,,0,,,,,,14732,,,,,,,,,,,,,,,,,,,,,,,,,,,,,,24,,,,,,0,,,,,,,,,,,,,,,,,,,,,,,,,,,,
2013-12-11,PL1321LAGAV93H,Hitachi HDS5C4040ALE630,4000787030016,0,,0,,,,,,,,0,,,,,,5064,,,,,,,,,,,,,,,,,,,,,,,,,,,,,,31,,,,,,0,,,,,,,,,,,,,,,,,,,,,,,,,,,,
2013-12-11,Z300GZDH,ST4000DM000,4000787030016,0,,53755704,,,,,,,,0,,,,,,3627,,,,,,,,,,,,,,,,,,,,,,,,,,,,,,23,,,,,,0,,,,,,,,,,,,,,,,,,,,,,,,,,,,
2013-12-11,Z300GZDF,ST4000DM000,4000787030016,0,,174708376,,,,,,,,0,,,,,,3588,,,,,,,,,,,,,,,,,,,,,,,,,,,,,,23,,,,,,0,,,,,,,,,,,,,,,,,,,,,,,,,,,,
2013-12-11,Z300GZDD,ST4000DM000,4000787030016,0,,232034328,,,,,,,,0,,,,,,3652,,,,,,,,,,,,,,,,,,,,,,,,,,,,,,26,,,,,,0,,,,,,,,,,,,,,,,,,,,,,,,,,,,
2013-12-11,Z300GZDE,ST4000DM000,4000787030016,0,,192367360,,,,,,,,0,,,,,,3621,,,,,,,,,,,,,,,,,,,,,,,,,,,,,,20,,,,,,0,,,,,,,,,,,,,,,,,,,,,,,,,,,,
2013-12-11,WD-WCAU47201124,WDC WD10EADS,1000204886016,0,,4,,,,,,,,0,,,,,,40879,,,,,,,,,,,,,,,,,,,,,,,,,,,,,,31,,,,,,0,,,,,,,,,,,,,,,,,,,,,,,,,,,,
2013-12-11,WD-WMC1T3157837,WDC WD30EFRX,3000592982016,0,,0,,,,,,,,0,,,,,,1855,,,,,,,,,,,,,,,,,,,,,,,,,,,,,,27,,,,,,0,,,,,,,,,,,,,,,,,,,,,,,,,,,,
2013-12-11,Z300GZDV,ST4000DM000,4000787030016,0,,80959320,,,,,,,,0,,,,,,3583,,,,,,,,,,,,,,,,,,,,,,,,,,,,,,21,,,,,,0,,,,,,,,,,,,,,,,,,,,,,,,,,,,
2013-12-11,Z300GZDR,ST4000DM000,4000787030016,0,,46454592,,,,,,,,0,,,,,,3586,,,,,,,,,,,,,,,,,,,,,,,,,,,,,,24,,,,,,0,,,,,,,,,,,,,,,,,,,,,,,,,,,,
2013-12-11,Z300GZDQ,ST4000DM000,4000787030016,0,,233688144,,,,,,,,0,,,,,,2899,,,,,,,,,,,,,,,,,,,,,,,,,,,,,,24,,,,,,0,,,,,,,,,,,,,,,,,,,,,,,,,,,,
2013-12-11,Z1F0Z00J,ST3000DM001,3000592982016,0,,41882736,,,,,,,,0,,,,,,3544,,,,,,,,,,,,,,,,,,,,,,,,,,,,,,22,,,,,,0,,,,,,,,,,,,,,,,,,,,,,,,,,,,
2013-12-11,Z1F0Q3Z3,ST3000DM001,3000592982016,0,,84491904,,,,,,,,0,,,,,,7015,,,,,,,,,,,,,,,,,,,,,,,,,,,,,,24,,,,,,0,,,,,,,,,,,,,,,,,,,,,,,,,,,,
2013-12-11,S1F01VER,ST3000DM001,3000592982016,0,,115039376,,,,,,,,0,,,,,,15239,,,,,,,,,,,,,,,,,,,,,,,,,,,,,,19,,,,,,0,,,,,,,,,,,,,,,,,,,,,,,,,,,,
2013-12-11,W1F0W1ST,ST3000DM001,3000592982016,0,,112084632,,,,,,,,0,,,,,,11687,,,,,,,,,,,,,,,,,,,,,,,,,,,,,,26,,,,,,0,,,,,,,,,,,,,,,,,,,,,,,,,,,,
2013-12-11,W1F08J2X,ST3000DM001,3000592982016,0,,88094496,,,,,,,,0,,,,,,13796,,,,,,,,,,,,,,,,,,,,,,,,,,,,,,26,,,,,,0,,,,,,,,,,,,,,,,,,,,,,,,,,,,
2013-12-11,WD-WCAU47591478,WDC WD10EADS,1000204886016,0,,9,,,,,,,,0,,,,,,40599,,,,,,,,,,,,,,,,,,,,,,,,,,,,,,22,,,,,,0,,,,,,,,,,,,,,,,,,,,,,,,,,,,
2013-12-11,PL1311LAG3EGRH,Hitachi HDS5C4040ALE630,4000787030016,0,,0,,,,,,,,0,,,,,,5036,,,,,,,,,,,,,,,,,,,,,,,,,,,,,,29,,,,,,0,,,,,,,,,,,,,,,,,,,,,,,,,,,,
2013-12-11,Z1Z03Y5A,ST4000DX000,4000787030016,0,,20851346,,,,,,,,0,,,,,,5379,,,,,,,,,,,,,,,,,,,,,,,,,,,,,,26,,,,,,0,,,,,,,,,,,,,,,,,,,,,,,,,,,,
2013-12-11,MK0331YHGSHMPA,Hitachi HDS723030ALA640,3000592982016,0,,0,,,,,,,,0,,,,,,16659,,,,,,,,,,,,,,,,,,,,,,,,,,,,,,27,,,,,,0,,,,,,,,,,,,,,,,,,,,,,,,,,,,
2013-12-11,PL1311LAG23PVA,Hitachi HDS5C4040ALE630,4000787030016,0,,0,,,,,,,,0,,,,,,6074,,,,,,,,,,,,,,,,,,,,,,,,,,,,,,19,,,,,,0,,,,,,,,,,,,,,,,,,,,,,,,,,,,
2013-12-11,JK1101B9J3VGVF,Hitachi HDS722020ALA330,2000398934016,0,,0,,,,,,,,0,,,,,,23104,,,,,,,,,,,,,,,,,,,,,,,,,,,,,,22,,,,,,0,,,,,,,,,,,,,,,,,,,,,,,,,,,,
2013-12-11,MJ1321YNG1ABXA,Hitachi HDS5C3030ALA630,3000592982016,0,,0,,,,,,,,0,,,,,,19372,,,,,,,,,,,,,,,,,,,,,,,,,,,,,,24,,,,,,0,,,,,,,,,,,,,,,,,,,,,,,,,,,,
2013-12-11,PL2311LAG1P9HC,Hitachi HDS5C4040ALE630,4000787030016,0,,0,,,,,,,,0,,,,,,7759,,,,,,,,,,,,,,,,,,,,,,,,,,,,,,22,,,,,,0,,,,,,,,,,,,,,,,,,,,,,,,,,,,
2013-12-11,6XW0VLE5,ST31500541AS,1500301910016,0,,150800538,,,,,,,,0,,,,,,34198,,,,,,,,,,,,,,,,,,,,,,,,,,,,,,20,,,,,,0,,,,,,,,,,,,,,,,,,,,,,,,,,,,
2013-12-11,W1F0VKXL,ST3000DM001,3000592982016,0,,65742424,,,,,,,,1936,,,,,,10727,,,,,,,,,,,,,,,,,,,,,,,,,,,,,,20,,,,,,592,,,,,,,,,,,,,,,,,,,,,,,,,,,,
2013-12-11,S1F11XDA,ST3000DM001,3000592982016,0,,119165472,,,,,,,,0,,,,,,7991,,,,,,,,,,,,,,,,,,,,,,,,,,,,,,17,,,,,,0,,,,,,,,,,,,,,,,,,,,,,,,,,,,
2013-12-11,JK1105B8GDV73X,Hitachi HDS722020ALA330,2000398934016,0,,0,,,,,,,,0,,,,,,26858,,,,,,,,,,,,,,,,,,,,,,,,,,,,,,33,,,,,,0,,,,,,,,,,,,,,,,,,,,,,,,,,,,
2013-12-11,JK1104B8JRX3LW,Hitachi HDS722020ALA330,2000398934016,0,,0,,,,,,,,0,,,,,,23577,,,,,,,,,,,,,,,,,,,,,,,,,,,,,,27,,,,,,0,,,,,,,,,,,,,,,,,,,,,,,,,,,,
2013-12-11,JK11A8B9J37PAF,Hitachi HDS722020ALA330,2000398934016,0,,0,,,,,,,,0,,,,,,24399,,,,,,,,,,,,,,,,,,,,,,,,,,,,,,27,,,,,,0,,,,,,,,,,,,,,,,,,,,,,,,,,,,
2013-12-11,W1F08J29,ST3000DM001,3000592982016,0,,61550600,,,,,,,,0,,,,,,13342,,,,,,,,,,,,,,,,,,,,,,,,,,,,,,25,,,,,,0,,,,,,,,,,,,,,,,,,,,,,,,,,,,
2013-12-11,Z300NDJ7,ST4000DM000,4000787030016,0,,115679896,,,,,,,,0,,,,,,105,,,,,,,,,,,,,,,,,,,,,,,,,,,,,,23,,,,,,0,,,,,,,,,,,,,,,,,,,,,,,,,,,,
2013-12-11,Z300CNVT,ST4000DM000,4000787030016,0,,208394632,,,,,,,,0,,,,,,2241,,,,,,,,,,,,,,,,,,,,,,,,,,,,,,21,,,,,,0,,,,,,,,,,,,,,,,,,,,,,,,,,,,
2013-12-11,MJ1311YNG30HSA,Hitachi HDS5C3030ALA630,3000592982016,0,,0,,,,,,,,0,,,,,,18065,,,,,,,,,,,,,,,,,,,,,,,,,,,,,,24,,,,,,0,,,,,,,,,,,,,,,,,,,,,,,,,,,,
2013-12-11,MJ0351YNGA873A,Hitachi HDS5C3030ALA630,3000592982016,0,,0,,,,,,,,0,,,,,,7689,,,,,,,,,,,,,,,,,,,,,,,,,,,,,,25,,,,,,0,,,,,,,,,,,,,,,,,,,,,,,,,,,,
2013-12-11,JK11A8B9J7E24F,Hitachi HDS722020ALA330,2000398934016,0,,65536,,,,,,,,0,,,,,,24913,,,,,,,,,,,,,,,,,,,,,,,,,,,,,,32,,,,,,0,,,,,,,,,,,,,,,,,,,,,,,,,,,,
2013-12-11,6XW0VVJS,ST31500541AS,1500301910016,0,,65865178,,,,,,,,0,,,,,,34164,,,,,,,,,,,,,,,,,,,,,,,,,,,,,,19,,,,,,0,,,,,,,,,,,,,,,,,,,,,,,,,,,,
2013-12-11,MK0331YHGTV4HA,Hitachi HDS723030ALA640,3000592982016,0,,0,,,,,,,,0,,,,,,19802,,,,,,,,,,,,,,,,,,,,,,,,,,,,,,27,,,,,,0,,,,,,,,,,,,,,,,,,,,,,,,,,,,
2013-12-11,S1F0S561,ST3000DM001,3000592982016,0,,11042856,,,,,,,,0,,,,,,10727,,,,,,,,,,,,,,,,,,,,,,,,,,,,,,24,,,,,,0,,,,,,,,,,,,,,,,,,,,,,,,,,,,
2013-12-11,S1F01QMC,ST3000DM001,3000592982016,1,,22138248,,,,,,,,264,,,,,,15225,,,,,,,,,,,,,,,,,,,,,,,,,,,,,,19,,,,,,8,,,,,,,,,,,,,,,,,,,,,,,,,,,,
2013-12-11,MJ0351YNGAD3DA,Hitachi HDS5C3030ALA630,3000592982016,0,,0,,,,,,,,0,,,,,,8141,,,,,,,,,,,,,,,,,,,,,,,,,,,,,,30,,,,,,0,,,,,,,,,,,,,,,,,,,,,,,,,,,,
2013-12-11,W1F0WLZP,ST3000DM001,3000592982016,0,,201144488,,,,,,,,0,,,,,,11688,,,,,,,,,,,,,,,,,,,,,,,,,,,,,,24,,,,,,0,,,,,,,,,,,,,,,,,,,,,,,,,,,,
2013-12-11,S1F0T2LA,ST3000DM001,3000592982016,0,,112847288,,,,,,,,328,,,,,,10539,,,,,,,,,,,,,,,,,,,,,,,,,,,,,,24,,,,,,0,,,,,,,,,,,,,,,,,,,,,,,,,,,,
2013-12-11,JK11A8B9J8HKTF,Hitachi HDS722020ALA330,2000398934016,0,,0,,,,,,,,0,,,,,,24497,,,,,,,,,,,,,,,,,,,,,,,,,,,,,,28,,,,,,0,,,,,,,,,,,,,,,,,,,,,,,,,,,,
2013-12-11,JK11A8B9JPJ0NF,Hitachi HDS722020ALA330,2000398934016,0,,0,,,,,,,,0,,,,,,24112,,,,,,,,,,,,,,,,,,,,,,,,,,,,,,29,,,,,,0,,,,,,,,,,,,,,,,,,,,,,,,,,,,
2013-12-11,MK0313YHGNAMAC,Hitachi HDS723030ALA640,3000592982016,0,,0,,,,,,,,0,,,,,,17009,,,,,,,,,,,,,,,,,,,,,,,,,,,,,,32,,,,,,0,,,,,,,,,,,,,,,,,,,,,,,,,,,,
2013-12-11,W3006D3W,ST4000DM000,4000787030016,0,,202805512,,,,,,,,0,,,,,,2857,,,,,,,,,,,,,,,,,,,,,,,,,,,,,,22,,,,,,0,,,,,,,,,,,,,,,,,,,,,,,,,,,,
2013-12-11,JK11A8B9J0A4AF,Hitachi HDS722020ALA330,2000398934016,0,,1,,,,,,,,0,,,,,,25992,,,,,,,,,,,,,,,,,,,,,,,,,,,,,,29,,,,,,0,,,,,,,,,,,,,,,,,,,,,,,,,,,,
2013-12-11,MJ1311YNG37GGA,Hitachi HDS5C3030ALA630,3000592982016,0,,0,,,,,,,,0,,,,,,18065,,,,,,,,,,,,,,,,,,,,,,,,,,,,,,30,,,,,,0,,,,,,,,,,,,,,,,,,,,,,,,,,,,
2013-12-11,W300J67N,ST4000DM000,4000787030016,0,,229055160,,,,,,,,0,,,,,,2239,,,,,,,,,,,,,,,,,,,,,,,,,,,,,,22,,,,,,0,,,,,,,,,,,,,,,,,,,,,,,,,,,,
2013-12-11,WD-WCC1T1089230,WDC WD30EFRX,3000592982016,0,,0,,,,,,,,0,,,,,,930,,,,,,,,,,,,,,,,,,,,,,,,,,,,,,24,,,,,,0,,,,,,,,,,,,,,,,,,,,,,,,,,,,
2013-12-11,PL1321LAG35T4H,Hitachi HDS5C4040ALE630,4000787030016,0,,0,,,,,,,,0,,,,,,5958,,,,,,,,,,,,,,,,,,,,,,,,,,,,,,25,,,,,,0,,,,,,,,,,,,,,,,,,,,,,,,,,,,
2013-12-11,PL1321LAG34NJH,Hitachi HDS5C4040ALE630,4000787030016,0,,0,,,,,,,,0,,,,,,6568,,,,,,,,,,,,,,,,,,,,,,,,,,,,,,27,,,,,,0,,,,,,,,,,,,,,,,,,,,,,,,,,,,
2013-12-11,MJ1323YNG1SLGC,Hitachi HDS5C3030ALA630,3000592982016,0,,1,,,,,,,,0,,,,,,19747,,,,,,,,,,,,,,,,,,,,,,,,,,,,,,24,,,,,,0,,,,,,,,,,,,,,,,,,,,,,,,,,,,
2013-12-11,S1F0S56X,ST3000DM001,3000592982016,0,,6160472,,,,,,,,0,,,,,,10398,,,,,,,,,,,,,,,,,,,,,,,,,,,,,,29,,,,,,0,,,,,,,,,,,,,,,,,,,,,,,,,,,,
2013-12-11,6XW03920,ST31500541AS,1500301910016,0,,188032516,,,,,,,,0,,,,,,36936,,,,,,,,,,,,,,,,,,,,,,,,,,,,,,22,,,,,,0,,,,,,,,,,,,,,,,,,,,,,,,,,,,
2013-12-11,JK11A8B9J93HZF,Hitachi HDS722020ALA330,2000398934016,0,,0,,,,,,,,0,,,,,,25539,,,,,,,,,,,,,,,,,,,,,,,,,,,,,,26,,,,,,0,,,,,,,,,,,,,,,,,,,,,,,,,,,,
2013-12-11,JK1101B9GE5HVF,Hitachi HDS722020ALA330,2000398934016,0,,65536,,,,,,,,0,,,,,,26928,,,,,,,,,,,,,,,,,,,,,,,,,,,,,,25,,,,,,0,,,,,,,,,,,,,,,,,,,,,,,,,,,,
2013-12-11,9XW01VAN,ST31500541AS,1500301910016,0,,222313175,,,,,,,,0,,,,,,34145,,,,,,,,,,,,,,,,,,,,,,,,,,,,,,21,,,,,,0,,,,,,,,,,,,,,,,,,,,,,,,,,,,
2013-12-11,9XW01VAD,ST31500541AS,1500301910016,0,,106706329,,,,,,,,0,,,,,,35031,,,,,,,,,,,,,,,,,,,,,,,,,,,,,,20,,,,,,0,,,,,,,,,,,,,,,,,,,,,,,,,,,,
2013-12-11,5XW02AJN,ST31500541AS,1500301910016,0,,215657341,,,,,,,,0,,,,,,36396,,,,,,,,,,,,,,,,,,,,,,,,,,,,,,20,,,,,,0,,,,,,,,,,,,,,,,,,,,,,,,,,,,
2013-12-11,Z300KC8D,ST4000DM000,4000787030016,0,,8766312,,,,,,,,0,,,,,,1892,,,,,,,,,,,,,,,,,,,,,,,,,,,,,,25,,,,,,0,,,,,,,,,,,,,,,,,,,,,,,,,,,,
2013-12-11,Z300KC8C,ST4000DM000,4000787030016,0,,107681960,,,,,,,,0,,,,,,2241,,,,,,,,,,,,,,,,,,,,,,,,,,,,,,21,,,,,,0,,,,,,,,,,,,,,,,,,,,,,,,,,,,
2013-12-11,6XW1068G,ST31500541AS,1500301910016,0,,172131432,,,,,,,,0,,,,,,31769,,,,,,,,,,,,,,,,,,,,,,,,,,,,,,21,,,,,,0,,,,,,,,,,,,,,,,,,,,,,,,,,,,
2013-12-11,Z1F0LSRS,ST3000DM001,3000592982016,0,,43623744,,,,,,,,0,,,,,,12247,,,,,,,,,,,,,,,,,,,,,,,,,,,,,,27,,,,,,0,,,,,,,,,,,,,,,,,,,,,,,,,,,,
2013-12-11,MJ1321YNG0PE3A,Hitachi HDS5C3030ALA630,3000592982016,0,,0,,,,,,,,0,,,,,,20507,,,,,,,,,,,,,,,,,,,,,,,,,,,,,,25,,,,,,0,,,,,,,,,,,,,,,,,,,,,,,,,,,,
2013-12-11,Z300PCED,ST4000DM000,4000787030016,0,,233127968,,,,,,,,0,,,,,,1227,,,,,,,,,,,,,,,,,,,,,,,,,,,,,,18,,,,,,0,,,,,,,,,,,,,,,,,,,,,,,,,,,,
2013-12-11,PL1311LAG38PGH,Hitachi HDS5C4040ALE630,4000787030016,0,,0,,,,,,,,0,,,,,,5036,,,,,,,,,,,,,,,,,,,,,,,,,,,,,,29,,,,,,0,,,,,,,,,,,,,,,,,,,,,,,,,,,,
2013-12-11,Z1F0LSRN,ST3000DM001,3000592982016,0,,74728360,,,,,,,,0,,,,,,12169,,,,,,,,,,,,,,,,,,,,,,,,,,,,,,24,,,,,,0,,,,,,,,,,,,,,,,,,,,,,,,,,,,
2013-12-11,PL1311LAG2EDZH,Hitachi HDS5C4040ALE630,4000787030016,0,,0,,,,,,,,0,,,,,,7385,,,,,,,,,,,,,,,,,,,,,,,,,,,,,,29,,,,,,0,,,,,,,,,,,,,,,,,,,,,,,,,,,,
2013-12-11,W1F0M4BZ,ST3000DM001,3000592982016,0,,177706232,,,,,,,,0,,,,,,12022,,,,,,,,,,,,,,,,,,,,,,,,,,,,,,31,,,,,,0,,,,,,,,,,,,,,,,,,,,,,,,,,,,
2013-12-11,W300AYTW,ST4000DM000,4000787030016,0,,5358296,,,,,,,,0,,,,,,4153,,,,,,,,,,,,,,,,,,,,,,,,,,,,,,24,,,,,,0,,,,,,,,,,,,,,,,,,,,,,,,,,,,
2013-12-11,MJ1311YNG7AK5A,Hitachi HDS5C3030ALA630,3000592982016,0,,0,,,,,,,,0,,,,,,14621,,,,,,,,,,,,,,,,,,,,,,,,,,,,,,20,,,,,,0,,,,,,,,,,,,,,,,,,,,,,,,,,,,
2013-12-11,PL1311LAG3ATUH,Hitachi HDS5C4040ALE630,4000787030016,0,,0,,,,,,,,0,,,,,,6650,,,,,,,,,,,,,,,,,,,,,,,,,,,,,,21,,,,,,0,,,,,,,,,,,,,,,,,,,,,,,,,,,,
2013-12-11,W1F095YC,ST3000DM001,3000592982016,0,,109501808,,,,,,,,0,,,,,,13361,,,,,,,,,,,,,,,,,,,,,,,,,,,,,,21,,,,,,8,,,,,,,,,,,,,,,,,,,,,,,,,,,,
2013-12-11,MJ0351YNG9UVMA,Hitachi HDS5C3030ALA630,3000592982016,0,,0,,,,,,,,0,,,,,,8141,,,,,,,,,,,,,,,,,,,,,,,,,,,,,,31,,,,,,0,,,,,,,,,,,,,,,,,,,,,,,,,,,,
2013-12-11,PL1311LAG38ABH,Hitachi HDS5C4040ALE630,4000787030016,0,,0,,,,,,,,0,,,,,,3631,,,,,,,,,,,,,,,,,,,,,,,,,,,,,,28,,,,,,0,,,,,,,,,,,,,,,,,,,,,,,,,,,,
2013-12-11,Z300E448,ST4000DM000,4000787030016,0,,156074168,,,,,,,,0,,,,,,2216,,,,,,,,,,,,,,,,,,,,,,,,,,,,,,20,,,,,,0,,,,,,,,,,,,,,,,,,,,,,,,,,,,
2013-12-11,WD-WCAV5V407116,WDC WD10EADX,1000204886016,0,,19,,,,,,,,0,,,,,,12179,,,,,,,,,,,,,,,,,,,,,,,,,,,,,,29,,,,,,1,,,,,,,,,,,,,,,,,,,,,,,,,,,,
2013-12-11,S1F06GEZ,ST3000DM001,3000592982016,0,,54671768,,,,,,,,0,,,,,,13773,,,,,,,,,,,,,,,,,,,,,,,,,,,,,,26,,,,,,8,,,,,,,,,,,,,,,,,,,,,,,,,,,,
2013-12-11,6XW1F1CB,ST31500541AS,1500301910016,0,,141630173,,,,,,,,0,,,,,,23205,,,,,,,,,,,,,,,,,,,,,,,,,,,,,,23,,,,,,0,,,,,,,,,,,,,,,,,,,,,,,,,,,,
2013-12-11,MK0311YHG51P0A,Hitachi HDS723030ALA640,3000592982016,0,,0,,,,,,,,0,,,,,,21793,,,,,,,,,,,,,,,,,,,,,,,,,,,,,,28,,,,,,0,,,,,,,,,,,,,,,,,,,,,,,,,,,,
2013-12-11,S1F03120,ST3000DM001,3000592982016,0,,43827288,,,,,,,,0,,,,,,15223,,,,,,,,,,,,,,,,,,,,,,,,,,,,,,22,,,,,,0,,,,,,,,,,,,,,,,,,,,,,,,,,,,
2013-12-11,S1F0TQQ1,ST3000DM001,3000592982016,0,,69760288,,,,,,,,0,,,,,,10726,,,,,,,,,,,,,,,,,,,,,,,,,,,,,,25,,,,,,0,,,,,,,,,,,,,,,,,,,,,,,,,,,,
2013-12-11,MK0303YHGBZVLC,Hitachi HDS723030ALA640,3000592982016,0,,0,,,,,,,,0,,,,,,21462,,,,,,,,,,,,,,,,,,,,,,,,,,,,,,32,,,,,,0,,,,,,,,,,,,,,,,,,,,,,,,,,,,
2013-12-11,W1F0BB0P,ST3000DM001,3000592982016,0,,171207272,,,,,,,,0,,,,,,14729,,,,,,,,,,,,,,,,,,,,,,,,,,,,,,27,,,,,,0,,,,,,,,,,,,,,,,,,,,,,,,,,,,
2013-12-11,JK1105B8GGA8WX,Hitachi HDS722020ALA330,2000398934016,0,,0,,,,,,,,0,,,,,,27221,,,,,,,,,,,,,,,,,,,,,,,,,,,,,,29,,,,,,0,,,,,,,,,,,,,,,,,,,,,,,,,,,,
2013-12-11,Z300MG6N,ST4000DM000,4000787030016,0,,191839224,,,,,,,,0,,,,,,2902,,,,,,,,,,,,,,,,,,,,,,,,,,,,,,28,,,,,,0,,,,,,,,,,,,,,,,,,,,,,,,,,,,
2013-12-11,Z300MG6L,ST4000DM000,4000787030016,0,,174536376,,,,,,,,0,,,,,,2900,,,,,,,,,,,,,,,,,,,,,,,,,,,,,,25,,,,,,0,,,,,,,,,,,,,,,,,,,,,,,,,,,,
2013-12-11,5YD876KA,ST1500DL003,1500301910016,0,,11155736,,,,,,,,0,,,,,,11045,,,,,,,,,,,,,,,,,,,,,,,,,,,,,,27,,,,,,0,,,,,,,,,,,,,,,,,,,,,,,,,,,,
2013-12-11,Z300MG6H,ST4000DM000,4000787030016,0,,126804496,,,,,,,,0,,,,,,2880,,,,,,,,,,,,,,,,,,,,,,,,,,,,,,22,,,,,,0,,,,,,,,,,,,,,,,,,,,,,,,,,,,
2013-12-11,MJ1323YNG116BC,Hitachi HDS5C3030ALA630,3000592982016,0,,0,,,,,,,,0,,,,,,18067,,,,,,,,,,,,,,,,,,,,,,,,,,,,,,26,,,,,,0,,,,,,,,,,,,,,,,,,,,,,,,,,,,
2013-12-11,Z300WWRQ,ST4000DM000,4000787030016,0,,40754584,,,,,,,,0,,,,,,948,,,,,,,,,,,,,,,,,,,,,,,,,,,,,,19,,,,,,0,,,,,,,,,,,,,,,,,,,,,,,,,,,,
2013-12-11,WD-WCAU45242061,WDC WD10EADS,1000204886016,0,,4,,,,,,,,0,,,,,,41378,,,,,,,,,,,,,,,,,,,,,,,,,,,,,,28,,,,,,0,,,,,,,,,,,,,,,,,,,,,,,,,,,,
2013-12-11,5XW02BHJ,ST31500541AS,1500301910016,0,,25438167,,,,,,,,0,,,,,,32883,,,,,,,,,,,,,,,,,,,,,,,,,,,,,,21,,,,,,0,,,,,,,,,,,,,,,,,,,,,,,,,,,,
2013-12-11,MK0311YHGGV78A,Hitachi HDS723030ALA640,3000592982016,0,,0,,,,,,,,0,,,,,,17012,,,,,,,,,,,,,,,,,,,,,,,,,,,,,,29,,,,,,0,,,,,,,,,,,,,,,,,,,,,,,,,,,,
2013-12-11,PL1311LAG27VVH,Hitachi HDS5C4040ALE630,4000787030016,0,,0,,,,,,,,0,,,,,,7435,,,,,,,,,,,,,,,,,,,,,,,,,,,,,,27,,,,,,0,,,,,,,,,,,,,,,,,,,,,,,,,,,,
2013-12-11,JK1101B9J38W6F,Hitachi HDS722020ALA330,2000398934016,0,,2,,,,,,,,0,,,,,,22703,,,,,,,,,,,,,,,,,,,,,,,,,,,,,,28,,,,,,0,,,,,,,,,,,,,,,,,,,,,,,,,,,,
2013-12-11,MJ1311YNG3VMWA,Hitachi HDS5C3030ALA630,3000592982016,0,,0,,,,,,,,0,,,,,,627,,,,,,,,,,,,,,,,,,,,,,,,,,,,,,29,,,,,,0,,,,,,,,,,,,,,,,,,,,,,,,,,,,
2013-12-11,Z300XEAY,ST4000DM000,4000787030016,0,,3684640,,,,,,,,0,,,,,,945,,,,,,,,,,,,,,,,,,,,,,,,,,,,,,23,,,,,,0,,,,,,,,,,,,,,,,,,,,,,,,,,,,
2013-12-11,MJ1311YNG2SDGA,Hitachi HDS5C3030ALA630,3000592982016,0,,0,,,,,,,,0,,,,,,18316,,,,,,,,,,,,,,,,,,,,,,,,,,,,,,21,,,,,,0,,,,,,,,,,,,,,,,,,,,,,,,,,,,
2013-12-11,WD-WCC1T1165861,WDC WD30EFRX,3000592982016,0,,0,,,,,,,,0,,,,,,1666,,,,,,,,,,,,,,,,,,,,,,,,,,,,,,18,,,,,,0,,,,,,,,,,,,,,,,,,,,,,,,,,,,
2013-12-11,Z300XEAS,ST4000DM000,4000787030016,0,,232527528,,,,,,,,0,,,,,,886,,,,,,,,,,,,,,,,,,,,,,,,,,,,,,25,,,,,,0,,,,,,,,,,,,,,,,,,,,,,,,,,,,
2013-12-11,PL1311LAG38NMH,Hitachi HDS5C4040ALE630,4000787030016,0,,0,,,,,,,,0,,,,,,6639,,,,,,,,,,,,,,,,,,,,,,,,,,,,,,27,,,,,,0,,,,,,,,,,,,,,,,,,,,,,,,,,,,
2013-12-11,JK1101B9JPG5RF,Hitachi HDS722020ALA330,2000398934016,0,,0,,,,,,,,0,,,,,,23989,,,,,,,,,,,,,,,,,,,,,,,,,,,,,,26,,,,,,0,,,,,,,,,,,,,,,,,,,,,,,,,,,,
2013-12-11,S1F0T0LB,ST3000DM001,3000592982016,0,,233470088,,,,,,,,0,,,,,,10538,,,,,,,,,,,,,,,,,,,,,,,,,,,,,,24,,,,,,24,,,,,,,,,,,,,,,,,,,,,,,,,,,,
2013-12-11,Z300XEA7,ST4000DM000,4000787030016,0,,51277440,,,,,,,,0,,,,,,918,,,,,,,,,,,,,,,,,,,,,,,,,,,,,,21,,,,,,0,,,,,,,,,,,,,,,,,,,,,,,,,,,,
2013-12-11,W300B6GT,ST4000DM000,4000787030016,0,,243894040,,,,,,,,0,,,,,,3611,,,,,,,,,,,,,,,,,,,,,,,,,,,,,,23,,,,,,0,,,,,,,,,,,,,,,,,,,,,,,,,,,,
2013-12-11,JK11A8B9J3BEHF,Hitachi HDS722020ALA330,2000398934016,0,,0,,,,,,,,0,,,,,,24425,,,,,,,,,,,,,,,,,,,,,,,,,,,,,,29,,,,,,0,,,,,,,,,,,,,,,,,,,,,,,,,,,,
2013-12-11,JK1101B9GETNWF,Hitachi HDS722020ALA330,2000398934016,0,,0,,,,,,,,0,,,,,,27487,,,,,,,,,,,,,,,,,,,,,,,,,,,,,,27,,,,,,0,,,,,,,,,,,,,,,,,,,,,,,,,,,,
2013-12-11,JK11A8B9J86PLF,Hitachi HDS722020ALA330,2000398934016,0,,0,,,,,,,,0,,,,,,26024,,,,,,,,,,,,,,,,,,,,,,,,,,,,,,24,,,,,,0,,,,,,,,,,,,,,,,,,,,,,,,,,,,
2013-12-11,W300B6GF,ST4000DM000,4000787030016,0,,186266440,,,,,,,,0,,,,,,3585,,,,,,,,,,,,,,,,,,,,,,,,,,,,,,22,,,,,,0,,,,,,,,,,,,,,,,,,,,,,,,,,,,
2013-12-11,Z300WWR7,ST4000DM000,4000787030016,0,,132132392,,,,,,,,0,,,,,,923,,,,,,,,,,,,,,,,,,,,,,,,,,,,,,23,,,,,,0,,,,,,,,,,,,,,,,,,,,,,,,,,,,
2013-12-11,S1F0S4VQ,ST3000DM001,3000592982016,0,,231295600,,,,,,,,0,,,,,,10719,,,,,,,,,,,,,,,,,,,,,,,,,,,,,,23,,,,,,0,,,,,,,,,,,,,,,,,,,,,,,,,,,,
2013-12-11,MJ1311YNG02UWA,Hitachi HDS5C3030ALA630,3000592982016,0,,0,,,,,,,,0,,,,,,14600,,,,,,,,,,,,,,,,,,,,,,,,,,,,,,21,,,,,,0,,,,,,,,,,,,,,,,,,,,,,,,,,,,
2013-12-11,Z300K9V5,ST4000DM000,4000787030016,0,,25236672,,,,,,,,0,,,,,,2257,,,,,,,,,,,,,,,,,,,,,,,,,,,,,,21,,,,,,0,,,,,,,,,,,,,,,,,,,,,,,,,,,,
2013-12-11,S1F030ZR,ST3000DM001,3000592982016,0,,106140224,,,,,,,,0,,,,,,15621,,,,,,,,,,,,,,,,,,,,,,,,,,,,,,20,,,,,,0,,,,,,,,,,,,,,,,,,,,,,,,,,,,
2013-12-11,PL2310LAG0MBUC,Hitachi HDS5C4040ALE630,4000787030016,0,,0,,,,,,,,0,,,,,,12998,,,,,,,,,,,,,,,,,,,,,,,,,,,,,,23,,,,,,0,,,,,,,,,,,,,,,,,,,,,,,,,,,,
2013-12-11,MK0311YHGALBKA,Hitachi HDS723030ALA640,3000592982016,0,,0,,,,,,,,0,,,,,,16075,,,,,,,,,,,,,,,,,,,,,,,,,,,,,,29,,,,,,0,,,,,,,,,,,,,,,,,,,,,,,,,,,,
2013-12-11,S1F0A877,ST3000DM001,3000592982016,0,,156060408,,,,,,,,0,,,,,,12357,,,,,,,,,,,,,,,,,,,,,,,,,,,,,,23,,,,,,0,,,,,,,,,,,,,,,,,,,,,,,,,,,,
2013-12-11,MJ1311YNG2KG8A,Hitachi HDS5C3030ALA630,3000592982016,0,,0,,,,,,,,0,,,,,,18405,,,,,,,,,,,,,,,,,,,,,,,,,,,,,,23,,,,,,0,,,,,,,,,,,,,,,,,,,,,,,,,,,,
2013-12-11,6XW02DK6,ST31500541AS,1500301910016,0,,214226557,,,,,,,,0,,,,,,35750,,,,,,,,,,,,,,,,,,,,,,,,,,,,,,23,,,,,,0,,,,,,,,,,,,,,,,,,,,,,,,,,,,
2013-12-11,Z300VN2C,ST4000DM000,4000787030016,0,,10638872,,,,,,,,0,,,,,,815,,,,,,,,,,,,,,,,,,,,,,,,,,,,,,20,,,,,,0,,,,,,,,,,,,,,,,,,,,,,,,,,,,
2013-12-11,MJ1323YNG1PEMC,Hitachi HDS5C3030ALA630,3000592982016,0,,0,,,,,,,,0,,,,,,19763,,,,,,,,,,,,,,,,,,,,,,,,,,,,,,29,,,,,,0,,,,,,,,,,,,,,,,,,,,,,,,,,,,
2013-12-11,JK11A8B9J90YYF,Hitachi HDS722020ALA330,2000398934016,0,,0,,,,,,,,0,,,,,,24983,,,,,,,,,,,,,,,,,,,,,,,,,,,,,,26,,,,,,0,,,,,,,,,,,,,,,,,,,,,,,,,,,,
2013-12-11,W1F09MQ0,ST3000DM001,3000592982016,0,,204095112,,,,,,,,0,,,,,,13824,,,,,,,,,,,,,,,,,,,,,,,,,,,,,,23,,,,,,0,,,,,,,,,,,,,,,,,,,,,,,,,,,,
2013-12-11,MJ1323YNG185PC,Hitachi HDS5C3030ALA630,3000592982016,0,,0,,,,,,,,0,,,,,,20509,,,,,,,,,,,,,,,,,,,,,,,,,,,,,,25,,,,,,0,,,,,,,,,,,,,,,,,,,,,,,,,,,,
2013-12-11,Z1F0L4S8,ST3000DM001,3000592982016,0,,93344736,,,,,,,,0,,,,,,12170,,,,,,,,,,,,,,,,,,,,,,,,,,,,,,21,,,,,,0,,,,,,,,,,,,,,,,,,,,,,,,,,,,
2013-12-11,W1F12JRF,ST3000DM001,3000592982016,0,,118157144,,,,,,,,0,,,,,,7993,,,,,,,,,,,,,,,,,,,,,,,,,,,,,,18,,,,,,0,,,,,,,,,,,,,,,,,,,,,,,,,,,,
2013-12-11,WD-WCAU45490243,WDC WD10EADS,1000204886016,0,,1,,,,,,,,0,,,,,,41345,,,,,,,,,,,,,,,,,,,,,,,,,,,,,,27,,,,,,0,,,,,,,,,,,,,,,,,,,,,,,,,,,,
2013-12-11,Z1F0L4SF,ST3000DM001,3000592982016,0,,190690656,,,,,,,,0,,,,,,12248,,,,,,,,,,,,,,,,,,,,,,,,,,,,,,28,,,,,,0,,,,,,,,,,,,,,,,,,,,,,,,,,,,
2013-12-11,9XK0AK17,ST33000651AS,3000592982016,0,,153881505,,,,,,,,0,,,,,,11040,,,,,,,,,,,,,,,,,,,,,,,,,,,,,,29,,,,,,0,,,,,,,,,,,,,,,,,,,,,,,,,,,,
2013-12-11,JK11A8B9J363RF,Hitachi HDS722020ALA330,2000398934016,0,,196609,,,,,,,,0,,,,,,23125,,,,,,,,,,,,,,,,,,,,,,,,,,,,,,33,,,,,,0,,,,,,,,,,,,,,,,,,,,,,,,,,,,
2013-12-11,MJ0351YNG9WPSA,Hitachi HDS5C3030ALA630,3000592982016,0,,0,,,,,,,,0,,,,,,8871,,,,,,,,,,,,,,,,,,,,,,,,,,,,,,27,,,,,,0,,,,,,,,,,,,,,,,,,,,,,,,,,,,
2013-12-11,Z1F04JVL,ST3000DM001,3000592982016,0,,171965400,,,,,,,,0,,,,,,17062,,,,,,,,,,,,,,,,,,,,,,,,,,,,,,25,,,,,,0,,,,,,,,,,,,,,,,,,,,,,,,,,,,
2013-12-11,W3003QNW,ST4000DM000,4000787030016,0,,134724496,,,,,,,,0,,,,,,2681,,,,,,,,,,,,,,,,,,,,,,,,,,,,,,25,,,,,,0,,,,,,,,,,,,,,,,,,,,,,,,,,,,
2013-12-11,W1F0A6TW,ST3000DM001,3000592982016,0,,46217560,,,,,,,,0,,,,,,13888,,,,,,,,,,,,,,,,,,,,,,,,,,,,,,25,,,,,,0,,,,,,,,,,,,,,,,,,,,,,,,,,,,
2013-12-11,JK11A8B9J7HTDF,Hitachi HDS722020ALA330,2000398934016,0,,0,,,,,,,,0,,,,,,22298,,,,,,,,,,,,,,,,,,,,,,,,,,,,,,32,,,,,,0,,,,,,,,,,,,,,,,,,,,,,,,,,,,
2013-12-11,JK11A8B9J91ABF,Hitachi HDS722020ALA330,2000398934016,0,,0,,,,,,,,0,,,,,,24970,,,,,,,,,,,,,,,,,,,,,,,,,,,,,,30,,,,,,0,,,,,,,,,,,,,,,,,,,,,,,,,,,,
2013-12-11,Z290VWYK,ST33000651AS,3000592982016,0,,152602811,,,,,,,,0,,,,,,15916,,,,,,,,,,,,,,,,,,,,,,,,,,,,,,24,,,,,,0,,,,,,,,,,,,,,,,,,,,,,,,,,,,
2013-12-11,PL1321LAG3255H,Hitachi HDS5C4040ALE630,4000787030016,0,,0,,,,,,,,0,,,,,,6619,,,,,,,,,,,,,,,,,,,,,,,,,,,,,,27,,,,,,0,,,,,,,,,,,,,,,,,,,,,,,,,,,,
2013-12-11,WD-WCAWZ1110782,WDC WD30EZRX,3000592982016,0,,0,,,,,,,,0,,,,,,16126,,,,,,,,,,,,,,,,,,,,,,,,,,,,,,23,,,,,,0,,,,,,,,,,,,,,,,,,,,,,,,,,,,
2013-12-11,S1F0436Z,ST3000DM001,3000592982016,0,,102666200,,,,,,,,0,,,,,,12879,,,,,,,,,,,,,,,,,,,,,,,,,,,,,,22,,,,,,0,,,,,,,,,,,,,,,,,,,,,,,,,,,,
2013-12-11,S1F0LQJS,ST3000DM001,3000592982016,0,,239622296,,,,,,,,0,,,,,,12026,,,,,,,,,,,,,,,,,,,,,,,,,,,,,,23,,,,,,0,,,,,,,,,,,,,,,,,,,,,,,,,,,,
2013-12-11,MJ0351YNG9VJKA,Hitachi HDS5C3030ALA630,3000592982016,0,,0,,,,,,,,0,,,,,,9972,,,,,,,,,,,,,,,,,,,,,,,,,,,,,,26,,,,,,0,,,,,,,,,,,,,,,,,,,,,,,,,,,,
2013-12-11,MJ0351YNGA6YHA,Hitachi HDS5C3030ALA630,3000592982016,0,,0,,,,,,,,0,,,,,,9142,,,,,,,,,,,,,,,,,,,,,,,,,,,,,,31,,,,,,0,,,,,,,,,,,,,,,,,,,,,,,,,,,,
2013-12-11,MK0311YHGDYDBA,Hitachi HDS723030ALA640,3000592982016,0,,0,,,,,,,,0,,,,,,21462,,,,,,,,,,,,,,,,,,,,,,,,,,,,,,33,,,,,,0,,,,,,,,,,,,,,,,,,,,,,,,,,,,
2013-12-11,MJ0351YNG9YGWA,Hitachi HDS5C3030ALA630,3000592982016,0,,0,,,,,,,,0,,,,,,8830,,,,,,,,,,,,,,,,,,,,,,,,,,,,,,30,,,,,,0,,,,,,,,,,,,,,,,,,,,,,,,,,,,
2013-12-11,6XW01RWS,ST31500541AS,1500301910016,0,,66711194,,,,,,,,15,,,,,,34739,,,,,,,,,,,,,,,,,,,,,,,,,,,,,,22,,,,,,0,,,,,,,,,,,,,,,,,,,,,,,,,,,,
2013-12-11,PL1321LAG36GTH,Hitachi HDS5C4040ALE630,4000787030016,0,,0,,,,,,,,0,,,,,,5958,,,,,,,,,,,,,,,,,,,,,,,,,,,,,,26,,,,,,0,,,,,,,,,,,,,,,,,,,,,,,,,,,,
2013-12-11,JK11A8B9GPGJJF,Hitachi HDS722020ALA330,2000398934016,0,,0,,,,,,,,1,,,,,,26762,,,,,,,,,,,,,,,,,,,,,,,,,,,,,,28,,,,,,1,,,,,,,,,,,,,,,,,,,,,,,,,,,,
2013-12-11,JK1105B8GDV7XX,Hitachi HDS722020ALA330,2000398934016,0,,0,,,,,,,,0,,,,,,27213,,,,,,,,,,,,,,,,,,,,,,,,,,,,,,27,,,,,,0,,,,,,,,,,,,,,,,,,,,,,,,,,,,
2013-12-11,MJ1321YNG05EVA,Hitachi HDS5C3030ALA630,3000592982016,0,,0,,,,,,,,0,,,,,,18596,,,,,,,,,,,,,,,,,,,,,,,,,,,,,,23,,,,,,0,,,,,,,,,,,,,,,,,,,,,,,,,,,,
2013-12-11,JK11A8B9J7B27F,Hitachi HDS722020ALA330,2000398934016,0,,0,,,,,,,,0,,,,,,24544,,,,,,,,,,,,,,,,,,,,,,,,,,,,,,25,,,,,,0,,,,,,,,,,,,,,,,,,,,,,,,,,,,
2013-12-11,WD-WCAU45667675,WDC WD10EACS,1000204886016,0,,11,,,,,,,,0,,,,,,42377,,,,,,,,,,,,,,,,,,,,,,,,,,,,,,26,,,,,,0,,,,,,,,,,,,,,,,,,,,,,,,,,,,
2013-12-11,JK11A8YBKYTJ4F,Hitachi HDS722020ALA330,2000398934016,0,,0,,,,,,,,1,,,,,,27861,,,,,,,,,,,,,,,,,,,,,,,,,,,,,,24,,,,,,0,,,,,,,,,,,,,,,,,,,,,,,,,,,,
2013-12-11,WD-WCAWZ1045465,WDC WD30EZRX,3000592982016,0,,0,,,,,,,,0,,,,,,16127,,,,,,,,,,,,,,,,,,,,,,,,,,,,,,22,,,,,,0,,,,,,,,,,,,,,,,,,,,,,,,,,,,
2013-12-11,WD-WCAU47264939,WDC WD10EADS,1000204886016,0,,3,,,,,,,,0,,,,,,40531,,,,,,,,,,,,,,,,,,,,,,,,,,,,,,29,,,,,,0,,,,,,,,,,,,,,,,,,,,,,,,,,,,
2013-12-11,PL1311LAG2GRTH,Hitachi HDS5C4040ALE630,4000787030016,0,,0,,,,,,,,0,,,,,,5304,,,,,,,,,,,,,,,,,,,,,,,,,,,,,,26,,,,,,0,,,,,,,,,,,,,,,,,,,,,,,,,,,,
2013-12-11,MJ0351YNGA0BPA,Hitachi HDS5C3030ALA630,3000592982016,0,,0,,,,,,,,0,,,,,,9312,,,,,,,,,,,,,,,,,,,,,,,,,,,,,,29,,,,,,0,,,,,,,,,,,,,,,,,,,,,,,,,,,,
2013-12-11,MJ1311YNG6KXXA,Hitachi HDS5C3030ALA630,3000592982016,0,,0,,,,,,,,0,,,,,,14685,,,,,,,,,,,,,,,,,,,,,,,,,,,,,,18,,,,,,0,,,,,,,,,,,,,,,,,,,,,,,,,,,,
2013-12-11,S1F051ZX,ST3000DM001,3000592982016,0,,194538096,,,,,,,,0,,,,,,14237,,,,,,,,,,,,,,,,,,,,,,,,,,,,,,25,,,,,,24,,,,,,,,,,,,,,,,,,,,,,,,,,,,
2013-12-11,MJ0351YNG9WATA,Hitachi HDS5C3030ALA630,3000592982016,0,,0,,,,,,,,0,,,,,,9939,,,,,,,,,,,,,,,,,,,,,,,,,,,,,,25,,,,,,0,,,,,,,,,,,,,,,,,,,,,,,,,,,,
2013-12-11,PL1311LAG3D5WH,Hitachi HDS5C4040ALE630,4000787030016,0,,0,,,,,,,,0,,,,,,3629,,,,,,,,,,,,,,,,,,,,,,,,,,,,,,28,,,,,,0,,,,,,,,,,,,,,,,,,,,,,,,,,,,
2013-12-11,W300HF70,ST4000DM000,4000787030016,0,,228319312,,,,,,,,0,,,,,,799,,,,,,,,,,,,,,,,,,,,,,,,,,,,,,19,,,,,,0,,,,,,,,,,,,,,,,,,,,,,,,,,,,
2013-12-11,S1F02J55,ST3000DM001,3000592982016,0,,39432688,,,,,,,,0,,,,,,15461,,,,,,,,,,,,,,,,,,,,,,,,,,,,,,16,,,,,,0,,,,,,,,,,,,,,,,,,,,,,,,,,,,
2013-12-11,S1F10AJ7,ST3000DM001,3000592982016,0,,132820408,,,,,,,,0,,,,,,8179,,,,,,,,,,,,,,,,,,,,,,,,,,,,,,18,,,,,,0,,,,,,,,,,,,,,,,,,,,,,,,,,,,
2013-12-11,9VS3HG85,ST31500341AS,1500301910016,0,,45826436,,,,,,,,260,,,,,,32873,,,,,,,,,,,,,,,,,,,,,,,,,,,,,,19,,,,,,0,,,,,,,,,,,,,,,,,,,,,,,,,,,,
2013-12-11,WD-WCAWZ0746339,WDC WD30EZRX,3000592982016,0,,0,,,,,,,,0,,,,,,9698,,,,,,,,,,,,,,,,,,,,,,,,,,,,,,24,,,,,,0,,,,,,,,,,,,,,,,,,,,,,,,,,,,
2013-12-11,WD-WMC4N1059368,WDC WD30EFRX,3000592982016,0,,0,,,,,,,,0,,,,,,173,,,,,,,,,,,,,,,,,,,,,,,,,,,,,,23,,,,,,0,,,,,,,,,,,,,,,,,,,,,,,,,,,,
2013-12-11,MK0311YHGHD4ZA,Hitachi HDS723030ALA640,3000592982016,0,,0,,,,,,,,0,,,,,,16077,,,,,,,,,,,,,,,,,,,,,,,,,,,,,,30,,,,,,0,,,,,,,,,,,,,,,,,,,,,,,,,,,,
2013-12-11,W300BS32,ST4000DM000,4000787030016,0,,209688328,,,,,,,,0,,,,,,3238,,,,,,,,,,,,,,,,,,,,,,,,,,,,,,20,,,,,,0,,,,,,,,,,,,,,,,,,,,,,,,,,,,
2013-12-11,Z1Z03F39,ST4000DX000,4000787030016,0,,241671507,,,,,,,,0,,,,,,7132,,,,,,,,,,,,,,,,,,,,,,,,,,,,,,33,,,,,,0,,,,,,,,,,,,,,,,,,,,,,,,,,,,
2013-12-11,Z300XG3N,ST4000DM000,4000787030016,0,,178176424,,,,,,,,0,,,,,,815,,,,,,,,,,,,,,,,,,,,,,,,,,,,,,20,,,,,,0,,,,,,,,,,,,,,,,,,,,,,,,,,,,
2013-12-11,WD-WCAWZ0494899,WDC WD30EZRX,3000592982016,0,,0,,,,,,,,0,,,,,,17009,,,,,,,,,,,,,,,,,,,,,,,,,,,,,,22,,,,,,0,,,,,,,,,,,,,,,,,,,,,,,,,,,,
2013-12-11,JK11A8B9J4R7MF,Hitachi HDS722020ALA330,2000398934016,0,,1179648,,,,,,,,0,,,,,,24914,,,,,,,,,,,,,,,,,,,,,,,,,,,,,,30,,,,,,0,,,,,,,,,,,,,,,,,,,,,,,,,,,,
2013-12-11,MJ0351YNG9U15A,Hitachi HDS5C3030ALA630,3000592982016,0,,0,,,,,,,,0,,,,,,8214,,,,,,,,,,,,,,,,,,,,,,,,,,,,,,26,,,,,,0,,,,,,,,,,,,,,,,,,,,,,,,,,,,
2013-12-11,MJ0351YNG9WE5A,Hitachi HDS5C3030ALA630,3000592982016,0,,0,,,,,,,,0,,,,,,9191,,,,,,,,,,,,,,,,,,,,,,,,,,,,,,28,,,,,,0,,,,,,,,,,,,,,,,,,,,,,,,,,,,
2013-12-11,Z1F0LT0S,ST3000DM001,3000592982016,0,,109961768,,,,,,,,0,,,,,,12024,,,,,,,,,,,,,,,,,,,,,,,,,,,,,,32,,,,,,0,,,,,,,,,,,,,,,,,,,,,,,,,,,,
2013-12-11,PL2311LAG1MBAC,Hitachi HDS5C4040ALE630,4000787030016,0,,0,,,,,,,,0,,,,,,7757,,,,,,,,,,,,,,,,,,,,,,,,,,,,,,25,,,,,,0,,,,,,,,,,,,,,,,,,,,,,,,,,,,
2013-12-11,JK11A8B9J1MWAF,Hitachi HDS722020ALA330,2000398934016,0,,0,,,,,,,,0,,,,,,23710,,,,,,,,,,,,,,,,,,,,,,,,,,,,,,25,,,,,,0,,,,,,,,,,,,,,,,,,,,,,,,,,,,
2013-12-11,W1F0HT00,ST3000DM001,3000592982016,0,,132760528,,,,,,,,0,,,,,,12180,,,,,,,,,,,,,,,,,,,,,,,,,,,,,,36,,,,,,0,,,,,,,,,,,,,,,,,,,,,,,,,,,,
2013-12-11,MJ0351YNG9YMLA,Hitachi HDS5C3030ALA630,3000592982016,0,,0,,,,,,,,0,,,,,,8619,,,,,,,,,,,,,,,,,,,,,,,,,,,,,,31,,,,,,0,,,,,,,,,,,,,,,,,,,,,,,,,,,,
2013-12-11,W1F0AN11,ST3000DM001,3000592982016,0,,40710200,,,,,,,,0,,,,,,13362,,,,,,,,,,,,,,,,,,,,,,,,,,,,,,25,,,,,,8,,,,,,,,,,,,,,,,,,,,,,,,,,,,
2013-12-11,MJ0351YNG9RWSA,Hitachi HDS5C3030ALA630,3000592982016,0,,0,,,,,,,,0,,,,,,8830,,,,,,,,,,,,,,,,,,,,,,,,,,,,,,30,,,,,,0,,,,,,,,,,,,,,,,,,,,,,,,,,,,
2013-12-11,6XW06091,ST31500541AS,1500301910016,0,,67882455,,,,,,,,0,,,,,,37061,,,,,,,,,,,,,,,,,,,,,,,,,,,,,,22,,,,,,0,,,,,,,,,,,,,,,,,,,,,,,,,,,,
2013-12-11,MJ1311YNG2LWTA,Hitachi HDS5C3030ALA630,3000592982016,0,,393217,,,,,,,,0,,,,,,6078,,,,,,,,,,,,,,,,,,,,,,,,,,,,,,29,,,,,,0,,,,,,,,,,,,,,,,,,,,,,,,,,,,
2013-12-11,JK11A8B9J382PF,Hitachi HDS722020ALA330,2000398934016,0,,0,,,,,,,,0,,,,,,24216,,,,,,,,,,,,,,,,,,,,,,,,,,,,,,27,,,,,,0,,,,,,,,,,,,,,,,,,,,,,,,,,,,
2013-12-11,JK11A8B9J3S5BF,Hitachi HDS722020ALA330,2000398934016,0,,0,,,,,,,,0,,,,,,23511,,,,,,,,,,,,,,,,,,,,,,,,,,,,,,27,,,,,,0,,,,,,,,,,,,,,,,,,,,,,,,,,,,
2013-12-11,MJ0351YNGA0DJA,Hitachi HDS5C3030ALA630,3000592982016,0,,0,,,,,,,,0,,,,,,8641,,,,,,,,,,,,,,,,,,,,,,,,,,,,,,27,,,,,,0,,,,,,,,,,,,,,,,,,,,,,,,,,,,
2013-12-11,Z300CN3H,ST4000DM000,4000787030016,0,,27957224,,,,,,,,0,,,,,,2261,,,,,,,,,,,,,,,,,,,,,,,,,,,,,,23,,,,,,0,,,,,,,,,,,,,,,,,,,,,,,,,,,,
2013-12-11,W300BD2K,ST4000DM000,4000787030016,0,,75306280,,,,,,,,0,,,,,,4136,,,,,,,,,,,,,,,,,,,,,,,,,,,,,,23,,,,,,0,,,,,,,,,,,,,,,,,,,,,,,,,,,,
2013-12-11,PL1321LAG34TJH,Hitachi HDS5C4040ALE630,4000787030016,0,,0,,,,,,,,0,,,,,,5670,,,,,,,,,,,,,,,,,,,,,,,,,,,,,,20,,,,,,0,,,,,,,,,,,,,,,,,,,,,,,,,,,,
2013-12-11,S1F0TP61,ST3000DM001,3000592982016,0,,239736696,,,,,,,,0,,,,,,10471,,,,,,,,,,,,,,,,,,,,,,,,,,,,,,26,,,,,,0,,,,,,,,,,,,,,,,,,,,,,,,,,,,
2013-12-11,JK1101B9JP7BSU,Hitachi HDS722020ALA330,2000398934016,0,,0,,,,,,,,0,,,,,,23636,,,,,,,,,,,,,,,,,,,,,,,,,,,,,,31,,,,,,0,,,,,,,,,,,,,,,,,,,,,,,,,,,,
2013-12-11,JK11A5B8J10EAX,Hitachi HDS722020ALA330,2000398934016,0,,65538,,,,,,,,0,,,,,,23820,,,,,,,,,,,,,,,,,,,,,,,,,,,,,,29,,,,,,0,,,,,,,,,,,,,,,,,,,,,,,,,,,,
2013-12-11,W1F03BAN,ST3000DM001,3000592982016,0,,220899536,,,,,,,,0,,,,,,15400,,,,,,,,,,,,,,,,,,,,,,,,,,,,,,24,,,,,,0,,,,,,,,,,,,,,,,,,,,,,,,,,,,
2013-12-11,JK1105B8GEUHZX,Hitachi HDS722020ALA330,2000398934016,0,,0,,,,,,,,0,,,,,,27160,,,,,,,,,,,,,,,,,,,,,,,,,,,,,,30,,,,,,0,,,,,,,,,,,,,,,,,,,,,,,,,,,,
2013-12-11,PL1321LAGAZLGH,Hitachi HDS5C4040ALE630,4000787030016,0,,0,,,,,,,,0,,,,,,5428,,,,,,,,,,,,,,,,,,,,,,,,,,,,,,24,,,,,,0,,,,,,,,,,,,,,,,,,,,,,,,,,,,
2013-12-11,JK1105B8JS1RPX,Hitachi HDS722020ALA330,2000398934016,0,,524289,,,,,,,,14,,,,,,23512,,,,,,,,,,,,,,,,,,,,,,,,,,,,,,28,,,,,,0,,,,,,,,,,,,,,,,,,,,,,,,,,,,
2013-12-11,9XK0NW0S,ST33000651AS,3000592982016,0,,83170707,,,,,,,,0,,,,,,18074,,,,,,,,,,,,,,,,,,,,,,,,,,,,,,29,,,,,,0,,,,,,,,,,,,,,,,,,,,,,,,,,,,
2013-12-11,WD-WCAU45645187,WDC WD10EADS,1000204886016,0,,7,,,,,,,,0,,,,,,41159,,,,,,,,,,,,,,,,,,,,,,,,,,,,,,28,,,,,,0,,,,,,,,,,,,,,,,,,,,,,,,,,,,
2013-12-11,JK11A8B9JPJ0UF,Hitachi HDS722020ALA330,2000398934016,0,,0,,,,,,,,0,,,,,,23719,,,,,,,,,,,,,,,,,,,,,,,,,,,,,,28,,,,,,0,,,,,,,,,,,,,,,,,,,,,,,,,,,,
2013-12-11,JK11A1YAJH812V,Hitachi HDS722020ALA330,2000398934016,0,,0,,,,,,,,0,,,,,,28914,,,,,,,,,,,,,,,,,,,,,,,,,,,,,,28,,,,,,0,,,,,,,,,,,,,,,,,,,,,,,,,,,,
2013-12-11,Z300HRRN,ST4000DM000,4000787030016,0,,153879200,,,,,,,,0,,,,,,2900,,,,,,,,,,,,,,,,,,,,,,,,,,,,,,25,,,,,,0,,,,,,,,,,,,,,,,,,,,,,,,,,,,
2013-12-11,Z300HRRH,ST4000DM000,4000787030016,0,,91374096,,,,,,,,0,,,,,,2900,,,,,,,,,,,,,,,,,,,,,,,,,,,,,,26,,,,,,0,,,,,,,,,,,,,,,,,,,,,,,,,,,,
2013-12-11,JK1160YAHP1Y7T,Hitachi HDS722020ALA330,2000398934016,0,,0,,,,,,,,0,,,,,,23016,,,,,,,,,,,,,,,,,,,,,,,,,,,,,,29,,,,,,0,,,,,,,,,,,,,,,,,,,,,,,,,,,,
2013-12-11,W300B6S3,ST4000DM000,4000787030016,0,,127294616,,,,,,,,0,,,,,,3587,,,,,,,,,,,,,,,,,,,,,,,,,,,,,,23,,,,,,0,,,,,,,,,,,,,,,,,,,,,,,,,,,,
2013-12-11,5XW1QVQ0,ST31500541AS,1500301910016,0,,29892449,,,,,,,,0,,,,,,18625,,,,,,,,,,,,,,,,,,,,,,,,,,,,,,20,,,,,,0,,,,,,,,,,,,,,,,,,,,,,,,,,,,
2013-12-11,PL1311LAG23ZBA,Hitachi HDS5C4040ALE630,4000787030016,0,,0,,,,,,,,0,,,,,,1347,,,,,,,,,,,,,,,,,,,,,,,,,,,,,,21,,,,,,0,,,,,,,,,,,,,,,,,,,,,,,,,,,,
2013-12-11,MK0331YHGN1RAD,Hitachi HDS723030ALA640,3000592982016,0,,0,,,,,,,,0,,,,,,17762,,,,,,,,,,,,,,,,,,,,,,,,,,,,,,26,,,,,,0,,,,,,,,,,,,,,,,,,,,,,,,,,,,
2013-12-11,JK11A8B9HWEU6F,Hitachi HDS722020ALA330,2000398934016,0,,65536,,,,,,,,0,,,,,,24112,,,,,,,,,,,,,,,,,,,,,,,,,,,,,,25,,,,,,0,,,,,,,,,,,,,,,,,,,,,,,,,,,,
2013-12-11,W1F0V8CY,ST3000DM001,3000592982016,0,,117378912,,,,,,,,0,,,,,,11752,,,,,,,,,,,,,,,,,,,,,,,,,,,,,,28,,,,,,0,,,,,,,,,,,,,,,,,,,,,,,,,,,,
2013-12-11,W300ADRP,ST4000DM000,4000787030016,0,,19311304,,,,,,,,0,,,,,,3238,,,,,,,,,,,,,,,,,,,,,,,,,,,,,,20,,,,,,0,,,,,,,,,,,,,,,,,,,,,,,,,,,,
2013-12-11,S1F0TP6E,ST3000DM001,3000592982016,0,,204693608,,,,,,,,0,,,,,,10727,,,,,,,,,,,,,,,,,,,,,,,,,,,,,,27,,,,,,0,,,,,,,,,,,,,,,,,,,,,,,,,,,,
2013-12-11,JK1105B8GA6B8X,Hitachi HDS722020ALA330,2000398934016,0,,262146,,,,,,,,0,,,,,,27168,,,,,,,,,,,,,,,,,,,,,,,,,,,,,,28,,,,,,0,,,,,,,,,,,,,,,,,,,,,,,,,,,,
2013-12-11,MJ1311YNG60ZEA,Hitachi HDS5C3030ALA630,3000592982016,0,,0,,,,,,,,0,,,,,,14310,,,,,,,,,,,,,,,,,,,,,,,,,,,,,,25,,,,,,0,,,,,,,,,,,,,,,,,,,,,,,,,,,,
2013-12-11,W1F1DN0Y,ST3000DM001,3000592982016,0,,219975592,,,,,,,,0,,,,,,8127,,,,,,,,,,,,,,,,,,,,,,,,,,,,,,27,,,,,,0,,,,,,,,,,,,,,,,,,,,,,,,,,,,
2013-12-11,S1F0TQLY,ST3000DM001,3000592982016,0,,243982552,,,,,,,,0,,,,,,10742,,,,,,,,,,,,,,,,,,,,,,,,,,,,,,23,,,,,,0,,,,,,,,,,,,,,,,,,,,,,,,,,,,
2013-12-11,PL1311LAG3G8GH,Hitachi HDS5C4040ALE630,4000787030016,0,,0,,,,,,,,0,,,,,,5125,,,,,,,,,,,,,,,,,,,,,,,,,,,,,,29,,,,,,0,,,,,,,,,,,,,,,,,,,,,,,,,,,,
2013-12-11,Z300TY28,ST4000DM000,4000787030016,0,,230170824,,,,,,,,0,,,,,,919,,,,,,,,,,,,,,,,,,,,,,,,,,,,,,21,,,,,,0,,,,,,,,,,,,,,,,,,,,,,,,,,,,
2013-12-11,MJ1311YNG3EVWA,Hitachi HDS5C3030ALA630,3000592982016,0,,0,,,,,,,,0,,,,,,19254,,,,,,,,,,,,,,,,,,,,,,,,,,,,,,26,,,,,,0,,,,,,,,,,,,,,,,,,,,,,,,,,,,
2013-12-11,6XW0NKNX,ST31500541AS,1500301910016,0,,2345200,,,,,,,,0,,,,,,32645,,,,,,,,,,,,,,,,,,,,,,,,,,,,,,19,,,,,,0,,,,,,,,,,,,,,,,,,,,,,,,,,,,
2013-12-11,WD-WCC070195296,WDC WD30EZRX,3000592982016,0,,0,,,,,,,,0,,,,,,8609,,,,,,,,,,,,,,,,,,,,,,,,,,,,,,26,,,,,,0,,,,,,,,,,,,,,,,,,,,,,,,,,,,
2013-12-11,5XW0DA9W,ST32000542AS,2000398934016,0,,14691652,,,,,,,,0,,,,,,7819,,,,,,,,,,,,,,,,,,,,,,,,,,,,,,21,,,,,,0,,,,,,,,,,,,,,,,,,,,,,,,,,,,
2013-12-11,JK1101B9JPJJEF,Hitachi HDS722020ALA330,2000398934016,0,,0,,,,,,,,0,,,,,,23991,,,,,,,,,,,,,,,,,,,,,,,,,,,,,,27,,,,,,0,,,,,,,,,,,,,,,,,,,,,,,,,,,,
2013-12-11,JK11A8B9J9KVJF,Hitachi HDS722020ALA330,2000398934016,0,,0,,,,,,,,1,,,,,,24971,,,,,,,,,,,,,,,,,,,,,,,,,,,,,,26,,,,,,0,,,,,,,,,,,,,,,,,,,,,,,,,,,,
2013-12-11,MK0311YHGK3NBA,Hitachi HDS723030ALA640,3000592982016,0,,0,,,,,,,,0,,,,,,14732,,,,,,,,,,,,,,,,,,,,,,,,,,,,,,30,,,,,,0,,,,,,,,,,,,,,,,,,,,,,,,,,,,
2013-12-11,JK11A4B8J5167W,Hitachi HDS722020ALA330,2000398934016,0,,0,,,,,,,,0,,,,,,26010,,,,,,,,,,,,,,,,,,,,,,,,,,,,,,27,,,,,,0,,,,,,,,,,,,,,,,,,,,,,,,,,,,
2013-12-11,5XW1GSBA,ST32000542AS,2000398934016,0,,17417337,,,,,,,,0,,,,,,8574,,,,,,,,,,,,,,,,,,,,,,,,,,,,,,21,,,,,,0,,,,,,,,,,,,,,,,,,,,,,,,,,,,
2013-12-11,MJ0351YNG9YHTA,Hitachi HDS5C3030ALA630,3000592982016,0,,0,,,,,,,,0,,,,,,8141,,,,,,,,,,,,,,,,,,,,,,,,,,,,,,31,,,,,,0,,,,,,,,,,,,,,,,,,,,,,,,,,,,
2013-12-11,MK0313YHGNAR3C,Hitachi HDS723030ALA640,3000592982016,0,,0,,,,,,,,0,,,,,,17012,,,,,,,,,,,,,,,,,,,,,,,,,,,,,,28,,,,,,0,,,,,,,,,,,,,,,,,,,,,,,,,,,,
2013-12-11,JK11A8B9J9DLGF,Hitachi HDS722020ALA330,2000398934016,0,,0,,,,,,,,0,,,,,,24497,,,,,,,,,,,,,,,,,,,,,,,,,,,,,,26,,,,,,0,,,,,,,,,,,,,,,,,,,,,,,,,,,,
2013-12-11,Z300NKQX,ST4000DM000,4000787030016,0,,137532792,,,,,,,,0,,,,,,1092,,,,,,,,,,,,,,,,,,,,,,,,,,,,,,26,,,,,,0,,,,,,,,,,,,,,,,,,,,,,,,,,,,
2013-12-11,JK1101B9JRM4BF,Hitachi HDS722020ALA330,2000398934016,0,,0,,,,,,,,1,,,,,,23126,,,,,,,,,,,,,,,,,,,,,,,,,,,,,,26,,,,,,0,,,,,,,,,,,,,,,,,,,,,,,,,,,,
2013-12-11,Z300NKQB,ST4000DM000,4000787030016,0,,40800192,,,,,,,,0,,,,,,1233,,,,,,,,,,,,,,,,,,,,,,,,,,,,,,18,,,,,,0,,,,,,,,,,,,,,,,,,,,,,,,,,,,
2013-12-11,JK11A8B9J3AHBF,Hitachi HDS722020ALA330,2000398934016,0,,0,,,,,,,,0,,,,,,24112,,,,,,,,,,,,,,,,,,,,,,,,,,,,,,28,,,,,,0,,,,,,,,,,,,,,,,,,,,,,,,,,,,
2013-12-11,S1F0CWML,ST3000DM001,3000592982016,0,,104193904,,,,,,,,0,,,,,,12366,,,,,,,,,,,,,,,,,,,,,,,,,,,,,,21,,,,,,0,,,,,,,,,,,,,,,,,,,,,,,,,,,,
2013-12-11,WD-WMC1T3155767,WDC WD30EFRX,3000592982016,0,,0,,,,,,,,0,,,,,,1833,,,,,,,,,,,,,,,,,,,,,,,,,,,,,,23,,,,,,0,,,,,,,,,,,,,,,,,,,,,,,,,,,,
2013-12-11,MJ0351YNGA282A,Hitachi HDS5C3030ALA630,3000592982016,0,,0,,,,,,,,0,,,,,,9974,,,,,,,,,,,,,,,,,,,,,,,,,,,,,,24,,,,,,0,,,,,,,,,,,,,,,,,,,,,,,,,,,,
2013-12-11,W1F0A63Y,ST3000DM001,3000592982016,0,,112334984,,,,,,,,128,,,,,,13820,,,,,,,,,,,,,,,,,,,,,,,,,,,,,,24,,,,,,0,,,,,,,,,,,,,,,,,,,,,,,,,,,,
2013-12-11,JK1101B9JN0XJR,Hitachi HDS722020ALA330,2000398934016,0,,0,,,,,,,,0,,,,,,23579,,,,,,,,,,,,,,,,,,,,,,,,,,,,,,28,,,,,,0,,,,,,,,,,,,,,,,,,,,,,,,,,,,
2013-12-11,5XW0J4EA,ST32000542AS,2000398934016,0,,133868089,,,,,,,,0,,,,,,7228,,,,,,,,,,,,,,,,,,,,,,,,,,,,,,24,,,,,,0,,,,,,,,,,,,,,,,,,,,,,,,,,,,
2013-12-11,W1F0A63T,ST3000DM001,3000592982016,0,,142938856,,,,,,,,0,,,,,,14728,,,,,,,,,,,,,,,,,,,,,,,,,,,,,,21,,,,,,0,,,,,,,,,,,,,,,,,,,,,,,,,,,,
2013-12-11,W1F0A63G,ST3000DM001,3000592982016,0,,242597128,,,,,,,,2072,,,,,,14718,,,,,,,,,,,,,,,,,,,,,,,,,,,,,,23,,,,,,8,,,,,,,,,,,,,,,,,,,,,,,,,,,,
2013-12-11,Z300KMZV,ST4000DM000,4000787030016,0,,216697888,,,,,,,,0,,,,,,2218,,,,,,,,,,,,,,,,,,,,,,,,,,,,,,23,,,,,,0,,,,,,,,,,,,,,,,,,,,,,,,,,,,
2013-12-11,MK0311YHG53K5A,Hitachi HDS723030ALA640,3000592982016,0,,0,,,,,,,,0,,,,,,21793,,,,,,,,,,,,,,,,,,,,,,,,,,,,,,24,,,,,,0,,,,,,,,,,,,,,,,,,,,,,,,,,,,
2013-12-11,W300B351,ST4000DM000,4000787030016,0,,84761112,,,,,,,,0,,,,,,4188,,,,,,,,,,,,,,,,,,,,,,,,,,,,,,27,,,,,,0,,,,,,,,,,,,,,,,,,,,,,,,,,,,
2013-12-11,MJ1311YNG2ZT0A,Hitachi HDS5C3030ALA630,3000592982016,0,,393216,,,,,,,,0,,,,,,18387,,,,,,,,,,,,,,,,,,,,,,,,,,,,,,22,,,,,,0,,,,,,,,,,,,,,,,,,,,,,,,,,,,
2013-12-11,PL1321LAG34BVH,Hitachi HDS5C4040ALE630,4000787030016,0,,0,,,,,,,,0,,,,,,6650,,,,,,,,,,,,,,,,,,,,,,,,,,,,,,18,,,,,,0,,,,,,,,,,,,,,,,,,,,,,,,,,,,
2013-12-11,WD-WMC1T3197495,WDC WD30EFRX,3000592982016,0,,0,,,,,,,,0,,,,,,2209,,,,,,,,,,,,,,,,,,,,,,,,,,,,,,28,,,,,,0,,,,,,,,,,,,,,,,,,,,,,,,,,,,
2013-12-11,PL1321LAGAZG4H,Hitachi HDS5C4040ALE630,4000787030016,0,,0,,,,,,,,0,,,,,,5075,,,,,,,,,,,,,,,,,,,,,,,,,,,,,,23,,,,,,0,,,,,,,,,,,,,,,,,,,,,,,,,,,,
2013-12-11,JK1105B8GGAV9X,Hitachi HDS722020ALA330,2000398934016,0,,1,,,,,,,,0,,,,,,27167,,,,,,,,,,,,,,,,,,,,,,,,,,,,,,28,,,,,,0,,,,,,,,,,,,,,,,,,,,,,,,,,,,
2013-12-11,Z290P0VX,ST33000651AS,3000592982016,0,,192946012,,,,,,,,0,,,,,,15604,,,,,,,,,,,,,,,,,,,,,,,,,,,,,,23,,,,,,0,,,,,,,,,,,,,,,,,,,,,,,,,,,,
2013-12-11,W1F09SCK,ST3000DM001,3000592982016,0,,178614512,,,,,,,,0,,,,,,13839,,,,,,,,,,,,,,,,,,,,,,,,,,,,,,25,,,,,,0,,,,,,,,,,,,,,,,,,,,,,,,,,,,
2013-12-11,MJ1311YNG7LR4A,Hitachi HDS5C3030ALA630,3000592982016,0,,0,,,,,,,,0,,,,,,14601,,,,,,,,,,,,,,,,,,,,,,,,,,,,,,24,,,,,,0,,,,,,,,,,,,,,,,,,,,,,,,,,,,
2013-12-11,5XW039NE,ST31500541AS,1500301910016,0,,104636123,,,,,,,,0,,,,,,36391,,,,,,,,,,,,,,,,,,,,,,,,,,,,,,22,,,,,,0,,,,,,,,,,,,,,,,,,,,,,,,,,,,
2013-12-11,MK0311YHGK0YBA,Hitachi HDS723030ALA640,3000592982016,0,,0,,,,,,,,0,,,,,,16659,,,,,,,,,,,,,,,,,,,,,,,,,,,,,,24,,,,,,0,,,,,,,,,,,,,,,,,,,,,,,,,,,,
2013-12-11,MK0303YHGNRPSC,Hitachi HDS723030ALA640,3000592982016,0,,2,,,,,,,,0,,,,,,16734,,,,,,,,,,,,,,,,,,,,,,,,,,,,,,29,,,,,,0,,,,,,,,,,,,,,,,,,,,,,,,,,,,
2013-12-11,MJ1323YNG18JWC,Hitachi HDS5C3030ALA630,3000592982016,0,,0,,,,,,,,0,,,,,,20509,,,,,,,,,,,,,,,,,,,,,,,,,,,,,,23,,,,,,0,,,,,,,,,,,,,,,,,,,,,,,,,,,,
2013-12-11,JK11A8B9J70PHF,Hitachi HDS722020ALA330,2000398934016,0,,0,,,,,,,,0,,,,,,25125,,,,,,,,,,,,,,,,,,,,,,,,,,,,,,29,,,,,,0,,,,,,,,,,,,,,,,,,,,,,,,,,,,
2013-12-11,MK0313YHGJWP5C,Hitachi HDS723030ALA640,3000592982016,0,,0,,,,,,,,0,,,,,,16683,,,,,,,,,,,,,,,,,,,,,,,,,,,,,,25,,,,,,0,,,,,,,,,,,,,,,,,,,,,,,,,,,,
2013-12-11,WD-WCAU42454268,WDC WD10EACS,1000204886016,0,,0,,,,,,,,0,,,,,,42809,,,,,,,,,,,,,,,,,,,,,,,,,,,,,,28,,,,,,0,,,,,,,,,,,,,,,,,,,,,,,,,,,,
2013-12-11,6XW02CMC,ST31500541AS,1500301910016,0,,39995378,,,,,,,,0,,,,,,36918,,,,,,,,,,,,,,,,,,,,,,,,,,,,,,19,,,,,,0,,,,,,,,,,,,,,,,,,,,,,,,,,,,
2013-12-11,JK11A8YBKXXGYF,Hitachi HDS722020ALA330,2000398934016,0,,0,,,,,,,,0,,,,,,27861,,,,,,,,,,,,,,,,,,,,,,,,,,,,,,23,,,,,,0,,,,,,,,,,,,,,,,,,,,,,,,,,,,
2013-12-11,Z300KJR4,ST4000DM000,4000787030016,0,,37763416,,,,,,,,0,,,,,,1445,,,,,,,,,,,,,,,,,,,,,,,,,,,,,,24,,,,,,0,,,,,,,,,,,,,,,,,,,,,,,,,,,,
2013-12-11,Z300W5XE,ST4000DM000,4000787030016,0,,43846504,,,,,,,,0,,,,,,957,,,,,,,,,,,,,,,,,,,,,,,,,,,,,,23,,,,,,0,,,,,,,,,,,,,,,,,,,,,,,,,,,,
2013-12-11,Z300W5XC,ST4000DM000,4000787030016,0,,124219520,,,,,,,,0,,,,,,920,,,,,,,,,,,,,,,,,,,,,,,,,,,,,,19,,,,,,0,,,,,,,,,,,,,,,,,,,,,,,,,,,,
2013-12-11,PL2311LAG1TN2C,Hitachi HDS5C4040ALE630,4000787030016,0,,0,,,,,,,,0,,,,,,7756,,,,,,,,,,,,,,,,,,,,,,,,,,,,,,26,,,,,,0,,,,,,,,,,,,,,,,,,,,,,,,,,,,
2013-12-11,JK11A8B9J3V4HF,Hitachi HDS722020ALA330,2000398934016,0,,65536,,,,,,,,0,,,,,,23636,,,,,,,,,,,,,,,,,,,,,,,,,,,,,,31,,,,,,0,,,,,,,,,,,,,,,,,,,,,,,,,,,,
2013-12-11,MJ0351YNG9RVVA,Hitachi HDS5C3030ALA630,3000592982016,0,,0,,,,,,,,0,,,,,,9989,,,,,,,,,,,,,,,,,,,,,,,,,,,,,,26,,,,,,0,,,,,,,,,,,,,,,,,,,,,,,,,,,,
2013-12-11,MJ0351YNG9YV5A,Hitachi HDS5C3030ALA630,3000592982016,0,,0,,,,,,,,0,,,,,,9972,,,,,,,,,,,,,,,,,,,,,,,,,,,,,,28,,,,,,0,,,,,,,,,,,,,,,,,,,,,,,,,,,,
2013-12-11,MJ0351YNG96W3A,Hitachi HDS5C3030ALA630,3000592982016,0,,0,,,,,,,,0,,,,,,8872,,,,,,,,,,,,,,,,,,,,,,,,,,,,,,31,,,,,,0,,,,,,,,,,,,,,,,,,,,,,,,,,,,
2013-12-11,9XW01TWC,ST31500541AS,1500301910016,0,,216837081,,,,,,,,0,,,,,,33441,,,,,,,,,,,,,,,,,,,,,,,,,,,,,,17,,,,,,0,,,,,,,,,,,,,,,,,,,,,,,,,,,,
2013-12-11,MJ0351YNG9UNZA,Hitachi HDS5C3030ALA630,3000592982016,0,,0,,,,,,,,0,,,,,,9975,,,,,,,,,,,,,,,,,,,,,,,,,,,,,,29,,,,,,0,,,,,,,,,,,,,,,,,,,,,,,,,,,,
2013-12-11,9XW01TWT,ST31500541AS,1500301910016,0,,72851832,,,,,,,,0,,,,,,34169,,,,,,,,,,,,,,,,,,,,,,,,,,,,,,22,,,,,,0,,,,,,,,,,,,,,,,,,,,,,,,,,,,
2013-12-11,Z300W5X8,ST4000DM000,4000787030016,0,,25222224,,,,,,,,0,,,,,,957,,,,,,,,,,,,,,,,,,,,,,,,,,,,,,19,,,,,,0,,,,,,,,,,,,,,,,,,,,,,,,,,,,
2013-12-11,5XW027X0,ST320005XXXX,2000398934016,0,,239881970,,,,,,,,0,,,,,,28846,,,,,,,,,,,,,,,,,,,,,,,,,,,,,,18,,,,,,0,,,,,,,,,,,,,,,,,,,,,,,,,,,,
2013-12-11,S1F0PKLE,ST3000DM001,3000592982016,0,,35005552,,,,,,,,0,,,,,,11577,,,,,,,,,,,,,,,,,,,,,,,,,,,,,,26,,,,,,0,,,,,,,,,,,,,,,,,,,,,,,,,,,,
2013-12-11,W1F09RCY,ST3000DM001,3000592982016,0,,86588552,,,,,,,,0,,,,,,13882,,,,,,,,,,,,,,,,,,,,,,,,,,,,,,24,,,,,,0,,,,,,,,,,,,,,,,,,,,,,,,,,,,
2013-12-11,5YD9KWTD,ST1500DL003,1500301910016,0,,514408,,,,,,,,0,,,,,,8334,,,,,,,,,,,,,,,,,,,,,,,,,,,,,,24,,,,,,0,,,,,,,,,,,,,,,,,,,,,,,,,,,,
2013-12-11,JK1170B9JJVJUD,Hitachi HDS722020ALA330,2000398934016,0,,0,,,,,,,,0,,,,,,22687,,,,,,,,,,,,,,,,,,,,,,,,,,,,,,22,,,,,,0,,,,,,,,,,,,,,,,,,,,,,,,,,,,
2013-12-11,W1F03WX6,ST3000DM001,3000592982016,0,,124427144,,,,,,,,0,,,,,,14718,,,,,,,,,,,,,,,,,,,,,,,,,,,,,,23,,,,,,0,,,,,,,,,,,,,,,,,,,,,,,,,,,,
2013-12-11,WD-WMC4N1089408,WDC WD30EFRX,3000592982016,0,,0,,,,,,,,0,,,,,,514,,,,,,,,,,,,,,,,,,,,,,,,,,,,,,19,,,,,,0,,,,,,,,,,,,,,,,,,,,,,,,,,,,
2013-12-11,PL1311LAG392UH,Hitachi HDS5C4040ALE630,4000787030016,0,,0,,,,,,,,0,,,,,,5052,,,,,,,,,,,,,,,,,,,,,,,,,,,,,,26,,,,,,0,,,,,,,,,,,,,,,,,,,,,,,,,,,,
2013-12-11,MJ1311YNG31X7A,Hitachi HDS5C3030ALA630,3000592982016,0,,0,,,,,,,,0,,,,,,19621,,,,,,,,,,,,,,,,,,,,,,,,,,,,,,26,,,,,,0,,,,,,,,,,,,,,,,,,,,,,,,,,,,
2013-12-11,JK11A8B9J97X3F,Hitachi HDS722020ALA330,2000398934016,0,,0,,,,,,,,1,,,,,,24495,,,,,,,,,,,,,,,,,,,,,,,,,,,,,,27,,,,,,0,,,,,,,,,,,,,,,,,,,,,,,,,,,,
2013-12-11,S1F06L62,ST3000DM001,3000592982016,0,,35468008,,,,,,,,0,,,,,,13824,,,,,,,,,,,,,,,,,,,,,,,,,,,,,,22,,,,,,0,,,,,,,,,,,,,,,,,,,,,,,,,,,,
2013-12-11,Z300CW5K,ST4000DM000,4000787030016,0,,233069616,,,,,,,,0,,,,,,2246,,,,,,,,,,,,,,,,,,,,,,,,,,,,,,22,,,,,,0,,,,,,,,,,,,,,,,,,,,,,,,,,,,
2013-12-11,S1F02GJL,ST3000DM001,3000592982016,0,,173166504,,,,,,,,0,,,,,,15623,,,,,,,,,,,,,,,,,,,,,,,,,,,,,,24,,,,,,0,,,,,,,,,,,,,,,,,,,,,,,,,,,,
2013-12-11,MJ1311YNG7EMYA,Hitachi HDS5C3030ALA630,3000592982016,0,,0,,,,,,,,0,,,,,,14574,,,,,,,,,,,,,,,,,,,,,,,,,,,,,,23,,,,,,0,,,,,,,,,,,,,,,,,,,,,,,,,,,,
2013-12-11,MJ0351YNG9U1PA,Hitachi HDS5C3030ALA630,3000592982016,0,,0,,,,,,,,0,,,,,,7609,,,,,,,,,,,,,,,,,,,,,,,,,,,,,,24,,,,,,0,,,,,,,,,,,,,,,,,,,,,,,,,,,,
2013-12-11,MK0301YHGNKURD,Hitachi HDS723030ALA640,3000592982016,0,,0,,,,,,,,87,,,,,,17017,,,,,,,,,,,,,,,,,,,,,,,,,,,,,,25,,,,,,1,,,,,,,,,,,,,,,,,,,,,,,,,,,,
2013-12-11,W300DBAJ,ST4000DM000,4000787030016,0,,228726376,,,,,,,,0,,,,,,2214,,,,,,,,,,,,,,,,,,,,,,,,,,,,,,20,,,,,,0,,,,,,,,,,,,,,,,,,,,,,,,,,,,
2013-12-11,W300DBAL,ST4000DM000,4000787030016,0,,175626800,,,,,,,,0,,,,,,4044,,,,,,,,,,,,,,,,,,,,,,,,,,,,,,23,,,,,,0,,,,,,,,,,,,,,,,,,,,,,,,,,,,
2013-12-11,W300CM0D,ST4000DM000,4000787030016,0,,210747232,,,,,,,,0,,,,,,2177,,,,,,,,,,,,,,,,,,,,,,,,,,,,,,20,,,,,,0,,,,,,,,,,,,,,,,,,,,,,,,,,,,
2013-12-11,PL1321LAGAW3RH,Hitachi HDS5C4040ALE630,4000787030016,0,,0,,,,,,,,0,,,,,,5076,,,,,,,,,,,,,,,,,,,,,,,,,,,,,,23,,,,,,0,,,,,,,,,,,,,,,,,,,,,,,,,,,,
2013-12-11,6XW031LE,ST32000542AS,2000398934016,0,,222616266,,,,,,,,0,,,,,,26707,,,,,,,,,,,,,,,,,,,,,,,,,,,,,,19,,,,,,0,,,,,,,,,,,,,,,,,,,,,,,,,,,,
2013-12-11,JK11A8B9J7P0BF,Hitachi HDS722020ALA330,2000398934016,0,,0,,,,,,,,0,,,,,,25540,,,,,,,,,,,,,,,,,,,,,,,,,,,,,,28,,,,,,0,,,,,,,,,,,,,,,,,,,,,,,,,,,,
2013-12-11,W1F0MGJQ,ST3000DM001,3000592982016,0,,77307400,,,,,,,,0,,,,,,4553,,,,,,,,,,,,,,,,,,,,,,,,,,,,,,27,,,,,,0,,,,,,,,,,,,,,,,,,,,,,,,,,,,
2013-12-11,Z1F069H8,ST3000DM001,3000592982016,0,,166165848,,,,,,,,0,,,,,,14734,,,,,,,,,,,,,,,,,,,,,,,,,,,,,,25,,,,,,0,,,,,,,,,,,,,,,,,,,,,,,,,,,,
2013-12-11,MJ0351YNGA6P3A,Hitachi HDS5C3030ALA630,3000592982016,0,,0,,,,,,,,0,,,,,,7801,,,,,,,,,,,,,,,,,,,,,,,,,,,,,,26,,,,,,0,,,,,,,,,,,,,,,,,,,,,,,,,,,,
2013-12-11,Z300KKPC,ST4000DM000,4000787030016,0,,206964056,,,,,,,,0,,,,,,152,,,,,,,,,,,,,,,,,,,,,,,,,,,,,,26,,,,,,0,,,,,,,,,,,,,,,,,,,,,,,,,,,,
2013-12-11,PL1311LAG38BKH,Hitachi HDS5C4040ALE630,4000787030016,0,,0,,,,,,,,0,,,,,,5036,,,,,,,,,,,,,,,,,,,,,,,,,,,,,,30,,,,,,0,,,,,,,,,,,,,,,,,,,,,,,,,,,,
2013-12-11,PL1311LAG2B7TH,Hitachi HDS5C4040ALE630,4000787030016,0,,0,,,,,,,,0,,,,,,7400,,,,,,,,,,,,,,,,,,,,,,,,,,,,,,27,,,,,,0,,,,,,,,,,,,,,,,,,,,,,,,,,,,
2013-12-11,JK11A8B9HV5HBF,Hitachi HDS722020ALA330,2000398934016,0,,0,,,,,,,,0,,,,,,22702,,,,,,,,,,,,,,,,,,,,,,,,,,,,,,28,,,,,,0,,,,,,,,,,,,,,,,,,,,,,,,,,,,
2013-12-11,MJ1323YNG1RM2C,Hitachi HDS5C3030ALA630,3000592982016,0,,0,,,,,,,,0,,,,,,19762,,,,,,,,,,,,,,,,,,,,,,,,,,,,,,27,,,,,,0,,,,,,,,,,,,,,,,,,,,,,,,,,,,
2013-12-11,WD-WCAWZ1335652,WDC WD30EZRX,3000592982016,0,,0,,,,,,,,0,,,,,,16128,,,,,,,,,,,,,,,,,,,,,,,,,,,,,,19,,,,,,0,,,,,,,,,,,,,,,,,,,,,,,,,,,,
2013-12-11,6XW0Z3LS,ST31500541AS,1500301910016,0,,57839955,,,,,,,,0,,,,,,30570,,,,,,,,,,,,,,,,,,,,,,,,,,,,,,21,,,,,,0,,,,,,,,,,,,,,,,,,,,,,,,,,,,
2013-12-11,W300CWPK,ST4000DM000,4000787030016,0,,3582208,,,,,,,,0,,,,,,2248,,,,,,,,,,,,,,,,,,,,,,,,,,,,,,23,,,,,,0,,,,,,,,,,,,,,,,,,,,,,,,,,,,
2013-12-11,W1F0A4XM,ST3000DM001,3000592982016,0,,97507760,,,,,,,,0,,,,,,15367,,,,,,,,,,,,,,,,,,,,,,,,,,,,,,23,,,,,,0,,,,,,,,,,,,,,,,,,,,,,,,,,,,
2013-12-11,Z300JBEL,ST4000DM000,4000787030016,0,,211144448,,,,,,,,0,,,,,,2217,,,,,,,,,,,,,,,,,,,,,,,,,,,,,,21,,,,,,0,,,,,,,,,,,,,,,,,,,,,,,,,,,,
2013-12-11,JK11A8B9J2AXNF,Hitachi HDS722020ALA330,2000398934016,0,,0,,,,,,,,0,,,,,,24426,,,,,,,,,,,,,,,,,,,,,,,,,,,,,,25,,,,,,0,,,,,,,,,,,,,,,,,,,,,,,,,,,,
2013-12-11,JK1101B9GELMAF,Hitachi HDS722020ALA330,2000398934016,0,,0,,,,,,,,0,,,,,,26837,,,,,,,,,,,,,,,,,,,,,,,,,,,,,,26,,,,,,0,,,,,,,,,,,,,,,,,,,,,,,,,,,,
2013-12-11,W1F0APC1,ST3000DM001,3000592982016,0,,7687480,,,,,,,,0,,,,,,13822,,,,,,,,,,,,,,,,,,,,,,,,,,,,,,23,,,,,,0,,,,,,,,,,,,,,,,,,,,,,,,,,,,
2013-12-11,W1F0ANLA,ST3000DM001,3000592982016,0,,230228904,,,,,,,,0,,,,,,13342,,,,,,,,,,,,,,,,,,,,,,,,,,,,,,29,,,,,,0,,,,,,,,,,,,,,,,,,,,,,,,,,,,
2013-12-11,JK1171YBK1MW0F,Hitachi HDS722020ALA330,2000398934016,0,,0,,,,,,,,0,,,,,,29912,,,,,,,,,,,,,,,,,,,,,,,,,,,,,,28,,,,,,0,,,,,,,,,,,,,,,,,,,,,,,,,,,,
2013-12-11,6XW00YVD,ST31500541AS,1500301910016,0,,7047956,,,,,,,,0,,,,,,37060,,,,,,,,,,,,,,,,,,,,,,,,,,,,,,19,,,,,,0,,,,,,,,,,,,,,,,,,,,,,,,,,,,
2013-12-11,JK11A5B8J36D8X,Hitachi HDS722020ALA330,2000398934016,0,,0,,,,,,,,0,,,,,,23636,,,,,,,,,,,,,,,,,,,,,,,,,,,,,,27,,,,,,0,,,,,,,,,,,,,,,,,,,,,,,,,,,,
2013-12-11,W1F0ADW8,ST3000DM001,3000592982016,0,,166510888,,,,,,,,0,,,,,,15365,,,,,,,,,,,,,,,,,,,,,,,,,,,,,,21,,,,,,0,,,,,,,,,,,,,,,,,,,,,,,,,,,,
2013-12-11,W3004YF4,ST4000DM000,4000787030016,0,,221026792,,,,,,,,0,,,,,,2879,,,,,,,,,,,,,,,,,,,,,,,,,,,,,,18,,,,,,0,,,,,,,,,,,,,,,,,,,,,,,,,,,,
2013-12-11,MJ0351YNGA0AZA,Hitachi HDS5C3030ALA630,3000592982016,0,,0,,,,,,,,0,,,,,,9130,,,,,,,,,,,,,,,,,,,,,,,,,,,,,,28,,,,,,0,,,,,,,,,,,,,,,,,,,,,,,,,,,,
2013-12-11,PL1311LAG2B00H,Hitachi HDS5C4040ALE630,4000787030016,0,,0,,,,,,,,0,,,,,,7412,,,,,,,,,,,,,,,,,,,,,,,,,,,,,,24,,,,,,0,,,,,,,,,,,,,,,,,,,,,,,,,,,,
2013-12-11,JK11A8B9J7EPHF,Hitachi HDS722020ALA330,2000398934016,0,,0,,,,,,,,0,,,,,,25584,,,,,,,,,,,,,,,,,,,,,,,,,,,,,,29,,,,,,0,,,,,,,,,,,,,,,,,,,,,,,,,,,,
2013-12-11,MJ1311YNG3LYTA,Hitachi HDS5C3030ALA630,3000592982016,0,,0,,,,,,,,0,,,,,,19251,,,,,,,,,,,,,,,,,,,,,,,,,,,,,,22,,,,,,0,,,,,,,,,,,,,,,,,,,,,,,,,,,,
2013-12-11,W300DCEX,ST4000DM000,4000787030016,0,,11627824,,,,,,,,0,,,,,,4134,,,,,,,,,,,,,,,,,,,,,,,,,,,,,,25,,,,,,0,,,,,,,,,,,,,,,,,,,,,,,,,,,,
2013-12-11,6XW02R6Y,ST31500541AS,1500301910016,0,,138328266,,,,,,,,626,,,,,,33864,,,,,,,,,,,,,,,,,,,,,,,,,,,,,,26,,,,,,0,,,,,,,,,,,,,,,,,,,,,,,,,,,,
2013-12-11,PL1311LAG3B6LH,Hitachi HDS5C4040ALE630,4000787030016,0,,0,,,,,,,,0,,,,,,6619,,,,,,,,,,,,,,,,,,,,,,,,,,,,,,27,,,,,,0,,,,,,,,,,,,,,,,,,,,,,,,,,,,
2013-12-11,S1F04A1D,ST3000DM001,3000592982016,1,,135300584,,,,,,,,0,,,,,,13235,,,,,,,,,,,,,,,,,,,,,,,,,,,,,,20,,,,,,0,,,,,,,,,,,,,,,,,,,,,,,,,,,,
2013-12-11,6XW00YV2,ST31500541AS,1500301910016,0,,92490535,,,,,,,,0,,,,,,37153,,,,,,,,,,,,,,,,,,,,,,,,,,,,,,23,,,,,,0,,,,,,,,,,,,,,,,,,,,,,,,,,,,
2013-12-11,6XW00YV6,ST31500541AS,1500301910016,0,,93208699,,,,,,,,0,,,,,,36644,,,,,,,,,,,,,,,,,,,,,,,,,,,,,,18,,,,,,0,,,,,,,,,,,,,,,,,,,,,,,,,,,,
2013-12-11,JK11A8B9J7PJKF,Hitachi HDS722020ALA330,2000398934016,0,,0,,,,,,,,0,,,,,,22699,,,,,,,,,,,,,,,,,,,,,,,,,,,,,,29,,,,,,0,,,,,,,,,,,,,,,,,,,,,,,,,,,,
2013-12-11,MJ1311YNG3G06A,Hitachi HDS5C3030ALA630,3000592982016,0,,0,,,,,,,,0,,,,,,18949,,,,,,,,,,,,,,,,,,,,,,,,,,,,,,26,,,,,,0,,,,,,,,,,,,,,,,,,,,,,,,,,,,
2013-12-11,6XW037YS,ST31500541AS,1500301910016,0,,212801898,,,,,,,,0,,,,,,36936,,,,,,,,,,,,,,,,,,,,,,,,,,,,,,22,,,,,,0,,,,,,,,,,,,,,,,,,,,,,,,,,,,
2013-12-11,Z300KMJR,ST4000DM000,4000787030016,0,,160738472,,,,,,,,0,,,,,,2220,,,,,,,,,,,,,,,,,,,,,,,,,,,,,,25,,,,,,0,,,,,,,,,,,,,,,,,,,,,,,,,,,,
2013-12-11,JK1130YAHDGENT,Hitachi HDS722020ALA330,2000398934016,0,,131072,,,,,,,,0,,,,,,30171,,,,,,,,,,,,,,,,,,,,,,,,,,,,,,25,,,,,,0,,,,,,,,,,,,,,,,,,,,,,,,,,,,
2013-12-11,9VS1QY5R,ST31500341AS,1500301910016,0,,119559902,,,,,,,,3,,,,,,40242,,,,,,,,,,,,,,,,,,,,,,,,,,,,,,24,,,,,,0,,,,,,,,,,,,,,,,,,,,,,,,,,,,
2013-12-11,MJ0351YNGAAHEA,Hitachi HDS5C3030ALA630,3000592982016,0,,0,,,,,,,,0,,,,,,8506,,,,,,,,,,,,,,,,,,,,,,,,,,,,,,23,,,,,,0,,,,,,,,,,,,,,,,,,,,,,,,,,,,
2013-12-11,PL1311LAG1ZJAA,Hitachi HDS5C4040ALE630,4000787030016,0,,0,,,,,,,,0,,,,,,6074,,,,,,,,,,,,,,,,,,,,,,,,,,,,,,18,,,,,,0,,,,,,,,,,,,,,,,,,,,,,,,,,,,
2013-12-11,WD-WCAU4C298081,WDC WD10EADS,1000204886016,0,,4,,,,,,,,0,,,,,,36350,,,,,,,,,,,,,,,,,,,,,,,,,,,,,,27,,,,,,0,,,,,,,,,,,,,,,,,,,,,,,,,,,,
2013-12-11,S1F0324P,ST3000DM001,3000592982016,0,,211620272,,,,,,,,0,,,,,,16153,,,,,,,,,,,,,,,,,,,,,,,,,,,,,,20,,,,,,0,,,,,,,,,,,,,,,,,,,,,,,,,,,,
2013-12-11,W300A92L,ST4000DM000,4000787030016,0,,102280568,,,,,,,,16,,,,,,4183,,,,,,,,,,,,,,,,,,,,,,,,,,,,,,24,,,,,,0,,,,,,,,,,,,,,,,,,,,,,,,,,,,
2013-12-11,JK1101B9HD943T,Hitachi HDS722020ALA330,2000398934016,0,,0,,,,,,,,0,,,,,,26004,,,,,,,,,,,,,,,,,,,,,,,,,,,,,,27,,,,,,0,,,,,,,,,,,,,,,,,,,,,,,,,,,,
2013-12-11,JK11A8B9J3A34F,Hitachi HDS722020ALA330,2000398934016,0,,0,,,,,,,,0,,,,,,23819,,,,,,,,,,,,,,,,,,,,,,,,,,,,,,28,,,,,,0,,,,,,,,,,,,,,,,,,,,,,,,,,,,
2013-12-11,6XW00XLZ,ST31500541AS,1500301910016,0,,211411499,,,,,,,,0,,,,,,36936,,,,,,,,,,,,,,,,,,,,,,,,,,,,,,23,,,,,,0,,,,,,,,,,,,,,,,,,,,,,,,,,,,
2013-12-11,6XW00XLW,ST31500541AS,1500301910016,0,,206176749,,,,,,,,0,,,,,,36431,,,,,,,,,,,,,,,,,,,,,,,,,,,,,,17,,,,,,0,,,,,,,,,,,,,,,,,,,,,,,,,,,,
2013-12-11,W3009NQL,ST4000DM000,4000787030016,0,,19899544,,,,,,,,0,,,,,,4140,,,,,,,,,,,,,,,,,,,,,,,,,,,,,,24,,,,,,0,,,,,,,,,,,,,,,,,,,,,,,,,,,,
2013-12-11,Z300PMHH,ST4000DM000,4000787030016,0,,225776368,,,,,,,,0,,,,,,1227,,,,,,,,,,,,,,,,,,,,,,,,,,,,,,22,,,,,,0,,,,,,,,,,,,,,,,,,,,,,,,,,,,
2013-12-11,S1F06WXW,ST3000DM001,3000592982016,0,,82798008,,,,,,,,0,,,,,,13773,,,,,,,,,,,,,,,,,,,,,,,,,,,,,,27,,,,,,0,,,,,,,,,,,,,,,,,,,,,,,,,,,,
2013-12-11,MJ0351YNG9YD5A,Hitachi HDS5C3030ALA630,3000592982016,0,,0,,,,,,,,0,,,,,,7612,,,,,,,,,,,,,,,,,,,,,,,,,,,,,,21,,,,,,0,,,,,,,,,,,,,,,,,,,,,,,,,,,,
2013-12-11,JK11A8BFHXXMBF,Hitachi HDS722020ALA330,2000398934016,0,,0,,,,,,,,0,,,,,,7706,,,,,,,,,,,,,,,,,,,,,,,,,,,,,,31,,,,,,0,,,,,,,,,,,,,,,,,,,,,,,,,,,,
2013-12-11,W1F0LG3M,ST3000DM001,3000592982016,0,,198257592,,,,,,,,0,,,,,,6849,,,,,,,,,,,,,,,,,,,,,,,,,,,,,,28,,,,,,0,,,,,,,,,,,,,,,,,,,,,,,,,,,,
2013-12-11,JK11A8B9JPYGXF,Hitachi HDS722020ALA330,2000398934016,0,,0,,,,,,,,0,,,,,,24301,,,,,,,,,,,,,,,,,,,,,,,,,,,,,,27,,,,,,0,,,,,,,,,,,,,,,,,,,,,,,,,,,,
2013-12-11,6XW01BMR,ST31500541AS,1500301910016,0,,168447336,,,,,,,,0,,,,,,37154,,,,,,,,,,,,,,,,,,,,,,,,,,,,,,23,,,,,,0,,,,,,,,,,,,,,,,,,,,,,,,,,,,
2013-12-11,WD-WCAV5S597757,WDC WD10EADS,1000204886016,0,,0,,,,,,,,0,,,,,,15823,,,,,,,,,,,,,,,,,,,,,,,,,,,,,,26,,,,,,0,,,,,,,,,,,,,,,,,,,,,,,,,,,,
2013-12-11,S1F01085,ST3000DM001,3000592982016,0,,117892640,,,,,,,,0,,,,,,15344,,,,,,,,,,,,,,,,,,,,,,,,,,,,,,23,,,,,,0,,,,,,,,,,,,,,,,,,,,,,,,,,,,
2013-12-11,6XW0SPQB,ST31500541AS,1500301910016,0,,137656704,,,,,,,,0,,,,,,33677,,,,,,,,,,,,,,,,,,,,,,,,,,,,,,17,,,,,,0,,,,,,,,,,,,,,,,,,,,,,,,,,,,
2013-12-11,JK11A8B9J7XANF,Hitachi HDS722020ALA330,2000398934016,0,,0,,,,,,,,0,,,,,,24629,,,,,,,,,,,,,,,,,,,,,,,,,,,,,,26,,,,,,0,,,,,,,,,,,,,,,,,,,,,,,,,,,,
2013-12-11,W300D51J,ST4000DM000,4000787030016,0,,2650456,,,,,,,,0,,,,,,4165,,,,,,,,,,,,,,,,,,,,,,,,,,,,,,25,,,,,,0,,,,,,,,,,,,,,,,,,,,,,,,,,,,
2013-12-11,PL1331LAGB5UTH,Hitachi HDS5C4040ALE630,4000787030016,0,,0,,,,,,,,0,,,,,,2981,,,,,,,,,,,,,,,,,,,,,,,,,,,,,,23,,,,,,0,,,,,,,,,,,,,,,,,,,,,,,,,,,,
2013-12-11,MK0311YHG1RYEA,Hitachi HDS723030ALA640,3000592982016,0,,0,,,,,,,,0,,,,,,16682,,,,,,,,,,,,,,,,,,,,,,,,,,,,,,24,,,,,,0,,,,,,,,,,,,,,,,,,,,,,,,,,,,
2013-12-11,S1F0535K,ST3000DM001,3000592982016,0,,132696120,,,,,,,,0,,,,,,12877,,,,,,,,,,,,,,,,,,,,,,,,,,,,,,23,,,,,,0,,,,,,,,,,,,,,,,,,,,,,,,,,,,
2013-12-11,6XW0XCPL,ST32000542AS,2000398934016,0,,123020772,,,,,,,,0,,,,,,2138,,,,,,,,,,,,,,,,,,,,,,,,,,,,,,24,,,,,,0,,,,,,,,,,,,,,,,,,,,,,,,,,,,
2013-12-11,JK11A8B9J7AMJF,Hitachi HDS722020ALA330,2000398934016,0,,196610,,,,,,,,0,,,,,,25540,,,,,,,,,,,,,,,,,,,,,,,,,,,,,,29,,,,,,0,,,,,,,,,,,,,,,,,,,,,,,,,,,,
2013-12-11,W3009GJY,ST4000DM000,4000787030016,0,,232750360,,,,,,,,0,,,,,,4165,,,,,,,,,,,,,,,,,,,,,,,,,,,,,,22,,,,,,0,,,,,,,,,,,,,,,,,,,,,,,,,,,,
2013-12-11,6XW00HYZ,ST31500541AS,1500301910016,0,,1015394,,,,,,,,0,,,,,,35440,,,,,,,,,,,,,,,,,,,,,,,,,,,,,,21,,,,,,0,,,,,,,,,,,,,,,,,,,,,,,,,,,,
2013-12-11,Z290VN2P,ST33000651AS,3000592982016,0,,222396705,,,,,,,,0,,,,,,18074,,,,,,,,,,,,,,,,,,,,,,,,,,,,,,29,,,,,,0,,,,,,,,,,,,,,,,,,,,,,,,,,,,
2013-12-11,MJ1311YNG31P9A,Hitachi HDS5C3030ALA630,3000592982016,0,,0,,,,,,,,0,,,,,,18404,,,,,,,,,,,,,,,,,,,,,,,,,,,,,,23,,,,,,0,,,,,,,,,,,,,,,,,,,,,,,,,,,,
2013-12-11,6XW01CY0,ST31500541AS,1500301910016,0,,151917288,,,,,,,,0,,,,,,35758,,,,,,,,,,,,,,,,,,,,,,,,,,,,,,20,,,,,,0,,,,,,,,,,,,,,,,,,,,,,,,,,,,
2013-12-11,PL2311LAG1T8NC,Hitachi HDS5C4040ALE630,4000787030016,0,,0,,,,,,,,0,,,,,,7437,,,,,,,,,,,,,,,,,,,,,,,,,,,,,,23,,,,,,0,,,,,,,,,,,,,,,,,,,,,,,,,,,,
2013-12-11,JK1101B9JPJ8ZF,Hitachi HDS722020ALA330,2000398934016,0,,0,,,,,,,,0,,,,,,24462,,,,,,,,,,,,,,,,,,,,,,,,,,,,,,25,,,,,,0,,,,,,,,,,,,,,,,,,,,,,,,,,,,
2013-12-11,W3005T2C,ST4000DM000,4000787030016,0,,74827368,,,,,,,,0,,,,,,2893,,,,,,,,,,,,,,,,,,,,,,,,,,,,,,23,,,,,,0,,,,,,,,,,,,,,,,,,,,,,,,,,,,
2013-12-11,W3005T2A,ST4000DM000,4000787030016,0,,55158632,,,,,,,,0,,,,,,2875,,,,,,,,,,,,,,,,,,,,,,,,,,,,,,22,,,,,,0,,,,,,,,,,,,,,,,,,,,,,,,,,,,
2013-12-11,MK0313YHGBVTJC,Hitachi HDS723030ALA640,3000592982016,0,,0,,,,,,,,0,,,,,,21462,,,,,,,,,,,,,,,,,,,,,,,,,,,,,,33,,,,,,0,,,,,,,,,,,,,,,,,,,,,,,,,,,,
2013-12-11,WD-WCAWZ1569254,WDC WD30EZRX,3000592982016,0,,0,,,,,,,,0,,,,,,18023,,,,,,,,,,,,,,,,,,,,,,,,,,,,,,22,,,,,,0,,,,,,,,,,,,,,,,,,,,,,,,,,,,
2013-12-11,9XK05ZJV,ST33000651AS,3000592982016,0,,183651072,,,,,,,,0,,,,,,16838,,,,,,,,,,,,,,,,,,,,,,,,,,,,,,28,,,,,,0,,,,,,,,,,,,,,,,,,,,,,,,,,,,
2013-12-11,PL1321LAG354TH,Hitachi HDS5C4040ALE630,4000787030016,0,,0,,,,,,,,0,,,,,,5036,,,,,,,,,,,,,,,,,,,,,,,,,,,,,,29,,,,,,0,,,,,,,,,,,,,,,,,,,,,,,,,,,,
2013-12-11,Z300MHLN,ST4000DM000,4000787030016,0,,104561712,,,,,,,,0,,,,,,2921,,,,,,,,,,,,,,,,,,,,,,,,,,,,,,22,,,,,,0,,,,,,,,,,,,,,,,,,,,,,,,,,,,
2013-12-11,W30088T9,ST4000DM000,4000787030016,0,,167464992,,,,,,,,0,,,,,,4187,,,,,,,,,,,,,,,,,,,,,,,,,,,,,,30,,,,,,48,,,,,,,,,,,,,,,,,,,,,,,,,,,,
2013-12-11,MJ1311YNG5EHAA,Hitachi HDS5C3030ALA630,3000592982016,0,,0,,,,,,,,0,,,,,,14574,,,,,,,,,,,,,,,,,,,,,,,,,,,,,,25,,,,,,0,,,,,,,,,,,,,,,,,,,,,,,,,,,,
2013-12-11,S1F04CJ4,ST3000DM001,3000592982016,0,,218855496,,,,,,,,0,,,,,,12877,,,,,,,,,,,,,,,,,,,,,,,,,,,,,,23,,,,,,0,,,,,,,,,,,,,,,,,,,,,,,,,,,,
2013-12-11,9XW0DBM0,ST31500541AS,1500301910016,0,,77274665,,,,,,,,0,,,,,,15142,,,,,,,,,,,,,,,,,,,,,,,,,,,,,,28,,,,,,0,,,,,,,,,,,,,,,,,,,,,,,,,,,,
2013-12-11,JK11A8B9J7Z26F,Hitachi HDS722020ALA330,2000398934016,0,,0,,,,,,,,0,,,,,,25120,,,,,,,,,,,,,,,,,,,,,,,,,,,,,,35,,,,,,0,,,,,,,,,,,,,,,,,,,,,,,,,,,,
2013-12-11,JK1101B9JKLSAF,Hitachi HDS722020ALA330,2000398934016,0,,0,,,,,,,,0,,,,,,23587,,,,,,,,,,,,,,,,,,,,,,,,,,,,,,31,,,,,,0,,,,,,,,,,,,,,,,,,,,,,,,,,,,
2013-12-11,MJ1311YNG7EP6A,Hitachi HDS5C3030ALA630,3000592982016,0,,0,,,,,,,,0,,,,,,14680,,,,,,,,,,,,,,,,,,,,,,,,,,,,,,29,,,,,,0,,,,,,,,,,,,,,,,,,,,,,,,,,,,
2013-12-11,WD-WCAWZ2106236,WDC WD30EZRX,3000592982016,0,,0,,,,,,,,0,,,,,,12940,,,,,,,,,,,,,,,,,,,,,,,,,,,,,,26,,,,,,0,,,,,,,,,,,,,,,,,,,,,,,,,,,,
2013-12-11,MJ0351YNGAD4GA,Hitachi HDS5C3030ALA630,3000592982016,0,,0,,,,,,,,0,,,,,,8611,,,,,,,,,,,,,,,,,,,,,,,,,,,,,,31,,,,,,0,,,,,,,,,,,,,,,,,,,,,,,,,,,,
2013-12-11,Z1Z0449D,ST4000DX000,4000787030016,0,,127098899,,,,,,,,0,,,,,,5038,,,,,,,,,,,,,,,,,,,,,,,,,,,,,,33,,,,,,0,,,,,,,,,,,,,,,,,,,,,,,,,,,,
2013-12-11,S1F01TD5,ST3000DM001,3000592982016,0,,46047960,,,,,,,,0,,,,,,15344,,,,,,,,,,,,,,,,,,,,,,,,,,,,,,25,,,,,,0,,,,,,,,,,,,,,,,,,,,,,,,,,,,
2013-12-11,MJ0351YNG9SXGA,Hitachi HDS5C3030ALA630,3000592982016,0,,0,,,,,,,,0,,,,,,9721,,,,,,,,,,,,,,,,,,,,,,,,,,,,,,31,,,,,,0,,,,,,,,,,,,,,,,,,,,,,,,,,,,
2013-12-11,S1F0TMJF,ST3000DM001,3000592982016,0,,62394568,,,,,,,,0,,,,,,10837,,,,,,,,,,,,,,,,,,,,,,,,,,,,,,26,,,,,,0,,,,,,,,,,,,,,,,,,,,,,,,,,,,
2013-12-11,PL1311LAG3A88H,Hitachi HDS5C4040ALE630,4000787030016,0,,0,,,,,,,,0,,,,,,5056,,,,,,,,,,,,,,,,,,,,,,,,,,,,,,31,,,,,,0,,,,,,,,,,,,,,,,,,,,,,,,,,,,
2013-12-11,WD-WCAV5V406870,WDC WD10EADX,1000204886016,0,,0,,,,,,,,0,,,,,,9546,,,,,,,,,,,,,,,,,,,,,,,,,,,,,,26,,,,,,0,,,,,,,,,,,,,,,,,,,,,,,,,,,,
2013-12-11,MK0311YHG203HA,Hitachi HDS723030ALA640,3000592982016,0,,2359300,,,,,,,,0,,,,,,22347,,,,,,,,,,,,,,,,,,,,,,,,,,,,,,27,,,,,,0,,,,,,,,,,,,,,,,,,,,,,,,,,,,
2013-12-11,JK11A8B9J960YF,Hitachi HDS722020ALA330,2000398934016,0,,1,,,,,,,,0,,,,,,25539,,,,,,,,,,,,,,,,,,,,,,,,,,,,,,29,,,,,,0,,,,,,,,,,,,,,,,,,,,,,,,,,,,
2013-12-11,JK11A8B9JR08LF,Hitachi HDS722020ALA330,2000398934016,0,,0,,,,,,,,0,,,,,,24112,,,,,,,,,,,,,,,,,,,,,,,,,,,,,,29,,,,,,0,,,,,,,,,,,,,,,,,,,,,,,,,,,,
2013-12-11,MJ1311YNG3EEUA,Hitachi HDS5C3030ALA630,3000592982016,0,,117116321,,,,,,,,0,,,,,,19585,,,,,,,,,,,,,,,,,,,,,,,,,,,,,,23,,,,,,0,,,,,,,,,,,,,,,,,,,,,,,,,,,,
2013-12-11,Z1F0L14A,ST3000DM001,3000592982016,0,,69031984,,,,,,,,0,,,,,,12173,,,,,,,,,,,,,,,,,,,,,,,,,,,,,,32,,,,,,0,,,,,,,,,,,,,,,,,,,,,,,,,,,,
2013-12-11,S1F0R20R,ST3000DM001,3000592982016,0,,120446752,,,,,,,,0,,,,,,11685,,,,,,,,,,,,,,,,,,,,,,,,,,,,,,30,,,,,,0,,,,,,,,,,,,,,,,,,,,,,,,,,,,
2013-12-11,MJ0351YNGA8M0A,Hitachi HDS5C3030ALA630,3000592982016,0,,0,,,,,,,,0,,,,,,8505,,,,,,,,,,,,,,,,,,,,,,,,,,,,,,24,,,,,,0,,,,,,,,,,,,,,,,,,,,,,,,,,,,
2013-12-11,Z300GZD3,ST4000DM000,4000787030016,0,,162383432,,,,,,,,0,,,,,,3581,,,,,,,,,,,,,,,,,,,,,,,,,,,,,,21,,,,,,0,,,,,,,,,,,,,,,,,,,,,,,,,,,,
2013-12-11,WD-WCAU45484146,WDC WD10EADS,1000204886016,0,,104,,,,,,,,1,,,,,,40598,,,,,,,,,,,,,,,,,,,,,,,,,,,,,,27,,,,,,0,,,,,,,,,,,,,,,,,,,,,,,,,,,,
2013-12-11,PL1311LAG21ELA,Hitachi HDS5C4040ALE630,4000787030016,0,,0,,,,,,,,0,,,,,,7462,,,,,,,,,,,,,,,,,,,,,,,,,,,,,,23,,,,,,0,,,,,,,,,,,,,,,,,,,,,,,,,,,,
2013-12-11,MJ0351YNG9ZNMA,Hitachi HDS5C3030ALA630,3000592982016,0,,0,,,,,,,,0,,,,,,9939,,,,,,,,,,,,,,,,,,,,,,,,,,,,,,23,,,,,,0,,,,,,,,,,,,,,,,,,,,,,,,,,,,
2013-12-11,PL1311LAG3DE6H,Hitachi HDS5C4040ALE630,4000787030016,0,,0,,,,,,,,0,,,,,,6654,,,,,,,,,,,,,,,,,,,,,,,,,,,,,,24,,,,,,0,,,,,,,,,,,,,,,,,,,,,,,,,,,,
2013-12-11,W3002Q61,ST4000DM000,4000787030016,0,,142047560,,,,,,,,0,,,,,,2244,,,,,,,,,,,,,,,,,,,,,,,,,,,,,,21,,,,,,0,,,,,,,,,,,,,,,,,,,,,,,,,,,,
2013-12-11,JK11A8B9J3VZGF,Hitachi HDS722020ALA330,2000398934016,0,,0,,,,,,,,0,,,,,,23125,,,,,,,,,,,,,,,,,,,,,,,,,,,,,,26,,,,,,0,,,,,,,,,,,,,,,,,,,,,,,,,,,,
2013-12-11,Z300GZ7Z,ST4000DM000,4000787030016,0,,92022712,,,,,,,,0,,,,,,3361,,,,,,,,,,,,,,,,,,,,,,,,,,,,,,21,,,,,,0,,,,,,,,,,,,,,,,,,,,,,,,,,,,
2013-12-11,Z300GZ7Y,ST4000DM000,4000787030016,0,,105779288,,,,,,,,0,,,,,,3583,,,,,,,,,,,,,,,,,,,,,,,,,,,,,,24,,,,,,0,,,,,,,,,,,,,,,,,,,,,,,,,,,,
2013-12-11,Z300GZ7X,ST4000DM000,4000787030016,0,,94880232,,,,,,,,0,,,,,,3580,,,,,,,,,,,,,,,,,,,,,,,,,,,,,,27,,,,,,0,,,,,,,,,,,,,,,,,,,,,,,,,,,,
2013-12-11,S1F0PK70,ST3000DM001,3000592982016,0,,188940432,,,,,,,,0,,,,,,11639,,,,,,,,,,,,,,,,,,,,,,,,,,,,,,28,,,,,,0,,,,,,,,,,,,,,,,,,,,,,,,,,,,
2013-12-11,W1F09XKL,ST3000DM001,3000592982016,0,,157904712,,,,,,,,0,,,,,,13881,,,,,,,,,,,,,,,,,,,,,,,,,,,,,,25,,,,,,0,,,,,,,,,,,,,,,,,,,,,,,,,,,,
2013-12-11,Z300GZ7T,ST4000DM000,4000787030016,0,,157430584,,,,,,,,0,,,,,,3625,,,,,,,,,,,,,,,,,,,,,,,,,,,,,,23,,,,,,0,,,,,,,,,,,,,,,,,,,,,,,,,,,,
2013-12-11,Z300GZ7K,ST4000DM000,4000787030016,0,,72810416,,,,,,,,0,,,,,,3581,,,,,,,,,,,,,,,,,,,,,,,,,,,,,,26,,,,,,0,,,,,,,,,,,,,,,,,,,,,,,,,,,,
2013-12-11,W1F0AQ68,ST3000DM001,3000592982016,0,,234081800,,,,,,,,0,,,,,,13913,,,,,,,,,,,,,,,,,,,,,,,,,,,,,,24,,,,,,0,,,,,,,,,,,,,,,,,,,,,,,,,,,,
2013-12-11,JK11A8B9J7YV0F,Hitachi HDS722020ALA330,2000398934016,0,,0,,,,,,,,0,,,,,,24911,,,,,,,,,,,,,,,,,,,,,,,,,,,,,,26,,,,,,0,,,,,,,,,,,,,,,,,,,,,,,,,,,,
2013-12-11,Z300GZ7M,ST4000DM000,4000787030016,0,,68609768,,,,,,,,0,,,,,,3583,,,,,,,,,,,,,,,,,,,,,,,,,,,,,,21,,,,,,0,,,,,,,,,,,,,,,,,,,,,,,,,,,,
2013-12-11,W300D7Z0,ST4000DM000,4000787030016,0,,33547376,,,,,,,,0,,,,,,4166,,,,,,,,,,,,,,,,,,,,,,,,,,,,,,26,,,,,,0,,,,,,,,,,,,,,,,,,,,,,,,,,,,
2013-12-11,JK11A8B9J3KH7F,Hitachi HDS722020ALA330,2000398934016,0,,65539,,,,,,,,0,,,,,,24213,,,,,,,,,,,,,,,,,,,,,,,,,,,,,,25,,,,,,0,,,,,,,,,,,,,,,,,,,,,,,,,,,,
2013-12-11,Z300GZ7G,ST4000DM000,4000787030016,0,,107382520,,,,,,,,0,,,,,,3588,,,,,,,,,,,,,,,,,,,,,,,,,,,,,,23,,,,,,0,,,,,,,,,,,,,,,,,,,,,,,,,,,,
2013-12-11,Z300WG3M,ST4000DM000,4000787030016,0,,67403640,,,,,,,,0,,,,,,886,,,,,,,,,,,,,,,,,,,,,,,,,,,,,,24,,,,,,0,,,,,,,,,,,,,,,,,,,,,,,,,,,,
2013-12-11,Z300GZ79,ST4000DM000,4000787030016,0,,163896440,,,,,,,,0,,,,,,3652,,,,,,,,,,,,,,,,,,,,,,,,,,,,,,25,,,,,,0,,,,,,,,,,,,,,,,,,,,,,,,,,,,
2013-12-11,W1F0B1QA,ST3000DM001,3000592982016,0,,217033312,,,,,,,,0,,,,,,12359,,,,,,,,,,,,,,,,,,,,,,,,,,,,,,21,,,,,,0,,,,,,,,,,,,,,,,,,,,,,,,,,,,
2013-12-11,Z300GZ70,ST4000DM000,4000787030016,0,,226325480,,,,,,,,0,,,,,,3584,,,,,,,,,,,,,,,,,,,,,,,,,,,,,,23,,,,,,0,,,,,,,,,,,,,,,,,,,,,,,,,,,,
2013-12-11,Z300GZ76,ST4000DM000,4000787030016,0,,108125488,,,,,,,,0,,,,,,3580,,,,,,,,,,,,,,,,,,,,,,,,,,,,,,27,,,,,,0,,,,,,,,,,,,,,,,,,,,,,,,,,,,
2013-12-11,MJ0351YNG9V15A,Hitachi HDS5C3030ALA630,3000592982016,0,,0,,,,,,,,0,,,,,,9672,,,,,,,,,,,,,,,,,,,,,,,,,,,,,,30,,,,,,0,,,,,,,,,,,,,,,,,,,,,,,,,,,,
2013-12-11,WD-WMC1T1620989,WDC WD30EFRX,3000592982016,0,,0,,,,,,,,0,,,,,,7708,,,,,,,,,,,,,,,,,,,,,,,,,,,,,,27,,,,,,0,,,,,,,,,,,,,,,,,,,,,,,,,,,,
2013-12-11,WD-WMC1T1620988,WDC WD30EFRX,3000592982016,0,,0,,,,,,,,0,,,,,,7709,,,,,,,,,,,,,,,,,,,,,,,,,,,,,,26,,,,,,0,,,,,,,,,,,,,,,,,,,,,,,,,,,,
2013-12-11,MK0311YHGKWG2A,Hitachi HDS723030ALA640,3000592982016,0,,0,,,,,,,,0,,,,,,21462,,,,,,,,,,,,,,,,,,,,,,,,,,,,,,32,,,,,,0,,,,,,,,,,,,,,,,,,,,,,,,,,,,
2013-12-11,PL1301LAG356SH,Hitachi HDS5C4040ALE630,4000787030016,0,,0,,,,,,,,0,,,,,,6653,,,,,,,,,,,,,,,,,,,,,,,,,,,,,,21,,,,,,0,,,,,,,,,,,,,,,,,,,,,,,,,,,,
2013-12-11,Z1F0TXKB,ST3000DM001,3000592982016,0,,148545520,,,,,,,,0,,,,,,5212,,,,,,,,,,,,,,,,,,,,,,,,,,,,,,22,,,,,,0,,,,,,,,,,,,,,,,,,,,,,,,,,,,
2013-12-11,WD-WCAWZ1117952,WDC WD30EZRX,3000592982016,0,,0,,,,,,,,0,,,,,,17994,,,,,,,,,,,,,,,,,,,,,,,,,,,,,,23,,,,,,0,,,,,,,,,,,,,,,,,,,,,,,,,,,,
2013-12-11,PL1321LAGAKNMH,Hitachi HDS5C4040ALE630,4000787030016,0,,0,,,,,,,,0,,,,,,5076,,,,,,,,,,,,,,,,,,,,,,,,,,,,,,27,,,,,,0,,,,,,,,,,,,,,,,,,,,,,,,,,,,
2013-12-11,6XW1072P,ST31500541AS,1500301910016,0,,32716576,,,,,,,,0,,,,,,30310,,,,,,,,,,,,,,,,,,,,,,,,,,,,,,20,,,,,,0,,,,,,,,,,,,,,,,,,,,,,,,,,,,
2013-12-11,JK11A8B9J0U6ZF,Hitachi HDS722020ALA330,2000398934016,0,,0,,,,,,,,0,,,,,,26010,,,,,,,,,,,,,,,,,,,,,,,,,,,,,,25,,,,,,0,,,,,,,,,,,,,,,,,,,,,,,,,,,,
2013-12-11,6XW04TGW,ST31500541AS,1500301910016,0,,150535057,,,,,,,,0,,,,,,37067,,,,,,,,,,,,,,,,,,,,,,,,,,,,,,27,,,,,,0,,,,,,,,,,,,,,,,,,,,,,,,,,,,
2013-12-11,PL1321LAG2HMPH,Hitachi HDS5C4040ALE630,4000787030016,0,,0,,,,,,,,0,,,,,,6653,,,,,,,,,,,,,,,,,,,,,,,,,,,,,,21,,,,,,0,,,,,,,,,,,,,,,,,,,,,,,,,,,,
2013-12-11,S1F06FBE,ST3000DM001,3000592982016,0,,2165264,,,,,,,,0,,,,,,13819,,,,,,,,,,,,,,,,,,,,,,,,,,,,,,23,,,,,,0,,,,,,,,,,,,,,,,,,,,,,,,,,,,
2013-12-11,S1F0S6YQ,ST3000DM001,3000592982016,0,,174717976,,,,,,,,0,,,,,,10771,,,,,,,,,,,,,,,,,,,,,,,,,,,,,,25,,,,,,0,,,,,,,,,,,,,,,,,,,,,,,,,,,,
2013-12-11,S1F06FBK,ST3000DM001,3000592982016,0,,21160488,,,,,,,,0,,,,,,13360,,,,,,,,,,,,,,,,,,,,,,,,,,,,,,23,,,,,,0,,,,,,,,,,,,,,,,,,,,,,,,,,,,
2013-12-11,MJ0351YNG9ZS5A,Hitachi HDS5C3030ALA630,3000592982016,0,,0,,,,,,,,0,,,,,,9939,,,,,,,,,,,,,,,,,,,,,,,,,,,,,,23,,,,,,0,,,,,,,,,,,,,,,,,,,,,,,,,,,,
2013-12-11,S1F0S6YY,ST3000DM001,3000592982016,0,,30847768,,,,,,,,0,,,,,,10501,,,,,,,,,,,,,,,,,,,,,,,,,,,,,,25,,,,,,0,,,,,,,,,,,,,,,,,,,,,,,,,,,,
2013-12-11,JK11A4B8J7RZ9W,Hitachi HDS722020ALA330,2000398934016,0,,0,,,,,,,,0,,,,,,25122,,,,,,,,,,,,,,,,,,,,,,,,,,,,,,32,,,,,,0,,,,,,,,,,,,,,,,,,,,,,,,,,,,
2013-12-11,Z300PAN5,ST4000DM000,4000787030016,0,,155723920,,,,,,,,0,,,,,,1114,,,,,,,,,,,,,,,,,,,,,,,,,,,,,,29,,,,,,0,,,,,,,,,,,,,,,,,,,,,,,,,,,,
2013-12-11,MJ1311YNG35LSA,Hitachi HDS5C3030ALA630,3000592982016,0,,0,,,,,,,,0,,,,,,18939,,,,,,,,,,,,,,,,,,,,,,,,,,,,,,26,,,,,,0,,,,,,,,,,,,,,,,,,,,,,,,,,,,
2013-12-11,Z300PAN9,ST4000DM000,4000787030016,0,,163155640,,,,,,,,0,,,,,,1450,,,,,,,,,,,,,,,,,,,,,,,,,,,,,,25,,,,,,0,,,,,,,,,,,,,,,,,,,,,,,,,,,,
2013-12-11,6XW0ZTLQ,ST32000542AS,2000398934016,0,,161744581,,,,,,,,0,,,,,,17230,,,,,,,,,,,,,,,,,,,,,,,,,,,,,,25,,,,,,0,,,,,,,,,,,,,,,,,,,,,,,,,,,,
2013-12-11,Z1F0LL7D,ST3000DM001,3000592982016,0,,89006824,,,,,,,,0,,,,,,12024,,,,,,,,,,,,,,,,,,,,,,,,,,,,,,31,,,,,,0,,,,,,,,,,,,,,,,,,,,,,,,,,,,
2013-12-11,MK0311YHG27H7A,Hitachi HDS723030ALA640,3000592982016,0,,0,,,,,,,,0,,,,,,16682,,,,,,,,,,,,,,,,,,,,,,,,,,,,,,27,,,,,,0,,,,,,,,,,,,,,,,,,,,,,,,,,,,
2013-12-11,5XW1QP6N,ST32000542AS,2000398934016,0,,111013024,,,,,,,,0,,,,,,11063,,,,,,,,,,,,,,,,,,,,,,,,,,,,,,26,,,,,,0,,,,,,,,,,,,,,,,,,,,,,,,,,,,
2013-12-11,JK1101B9KMGMBU,Hitachi HDS722020ALA330,2000398934016,0,,0,,,,,,,,0,,,,,,23098,,,,,,,,,,,,,,,,,,,,,,,,,,,,,,27,,,,,,0,,,,,,,,,,,,,,,,,,,,,,,,,,,,
2013-12-11,MJ1311YNG5LSLA,Hitachi HDS5C3030ALA630,3000592982016,0,,0,,,,,,,,0,,,,,,14288,,,,,,,,,,,,,,,,,,,,,,,,,,,,,,33,,,,,,0,,,,,,,,,,,,,,,,,,,,,,,,,,,,
2013-12-11,MJ1313YNG24PTC,Hitachi HDS5C3030ALA630,3000592982016,0,,0,,,,,,,,0,,,,,,21796,,,,,,,,,,,,,,,,,,,,,,,,,,,,,,26,,,,,,0,,,,,,,,,,,,,,,,,,,,,,,,,,,,
2013-12-11,JK11B1BFJ3GVYF,Hitachi HDS722020ALA330,2000398934016,0,,1,,,,,,,,0,,,,,,2626,,,,,,,,,,,,,,,,,,,,,,,,,,,,,,32,,,,,,0,,,,,,,,,,,,,,,,,,,,,,,,,,,,
2013-12-11,6XW15SB6,ST31500541AS,1500301910016,0,,63365839,,,,,,,,0,,,,,,12954,,,,,,,,,,,,,,,,,,,,,,,,,,,,,,20,,,,,,0,,,,,,,,,,,,,,,,,,,,,,,,,,,,
2013-12-11,MJ1311YNG3E5RA,Hitachi HDS5C3030ALA630,3000592982016,0,,0,,,,,,,,0,,,,,,19252,,,,,,,,,,,,,,,,,,,,,,,,,,,,,,25,,,,,,0,,,,,,,,,,,,,,,,,,,,,,,,,,,,
2013-12-11,Z300CMSE,ST4000DM000,4000787030016,0,,80892160,,,,,,,,0,,,,,,2242,,,,,,,,,,,,,,,,,,,,,,,,,,,,,,22,,,,,,0,,,,,,,,,,,,,,,,,,,,,,,,,,,,
2013-12-11,MJ1323YNG1KL8C,Hitachi HDS5C3030ALA630,3000592982016,0,,0,,,,,,,,0,,,,,,19766,,,,,,,,,,,,,,,,,,,,,,,,,,,,,,26,,,,,,0,,,,,,,,,,,,,,,,,,,,,,,,,,,,
2013-12-11,Z300PANF,ST4000DM000,4000787030016,0,,197643224,,,,,,,,0,,,,,,1233,,,,,,,,,,,,,,,,,,,,,,,,,,,,,,21,,,,,,0,,,,,,,,,,,,,,,,,,,,,,,,,,,,
2013-12-11,MJ1321YNG0JTRA,Hitachi HDS5C3030ALA630,3000592982016,0,,0,,,,,,,,0,,,,,,20067,,,,,,,,,,,,,,,,,,,,,,,,,,,,,,24,,,,,,0,,,,,,,,,,,,,,,,,,,,,,,,,,,,
2013-12-11,Z300CWH4,ST4000DM000,4000787030016,0,,232695968,,,,,,,,0,,,,,,2218,,,,,,,,,,,,,,,,,,,,,,,,,,,,,,20,,,,,,0,,,,,,,,,,,,,,,,,,,,,,,,,,,,
2013-12-11,S1F06FB6,ST3000DM001,3000592982016,0,,233459800,,,,,,,,0,,,,,,12345,,,,,,,,,,,,,,,,,,,,,,,,,,,,,,26,,,,,,0,,,,,,,,,,,,,,,,,,,,,,,,,,,,
2013-12-11,Z1F0LQWX,ST3000DM001,3000592982016,0,,28176976,,,,,,,,0,,,,,,12248,,,,,,,,,,,,,,,,,,,,,,,,,,,,,,27,,,,,,0,,,,,,,,,,,,,,,,,,,,,,,,,,,,
2013-12-11,WD-WCAU47196527,WDC WD10EADS,1000204886016,0,,0,,,,,,,,0,,,,,,40829,,,,,,,,,,,,,,,,,,,,,,,,,,,,,,32,,,,,,0,,,,,,,,,,,,,,,,,,,,,,,,,,,,
2013-12-11,9XW01Z7M,ST31500541AS,1500301910016,0,,229150993,,,,,,,,0,,,,,,34757,,,,,,,,,,,,,,,,,,,,,,,,,,,,,,17,,,,,,0,,,,,,,,,,,,,,,,,,,,,,,,,,,,
2013-12-11,MJ0351YNGA3L3A,Hitachi HDS5C3030ALA630,3000592982016,0,,0,,,,,,,,0,,,,,,8612,,,,,,,,,,,,,,,,,,,,,,,,,,,,,,33,,,,,,0,,,,,,,,,,,,,,,,,,,,,,,,,,,,
2013-12-11,MK0313YHGBGHNC,Hitachi HDS723030ALA640,3000592982016,0,,393217,,,,,,,,0,,,,,,21453,,,,,,,,,,,,,,,,,,,,,,,,,,,,,,25,,,,,,0,,,,,,,,,,,,,,,,,,,,,,,,,,,,
2013-12-11,JK1105B8J10GLX,Hitachi HDS722020ALA330,2000398934016,0,,4,,,,,,,,0,,,,,,22703,,,,,,,,,,,,,,,,,,,,,,,,,,,,,,29,,,,,,0,,,,,,,,,,,,,,,,,,,,,,,,,,,,
2013-12-11,9VS3FJMA,ST31500341AS,1500301910016,0,,227502853,,,,,,,,37,,,,,,32927,,,,,,,,,,,,,,,,,,,,,,,,,,,,,,22,,,,,,0,,,,,,,,,,,,,,,,,,,,,,,,,,,,
2013-12-11,PL1321LAG2DDWH,Hitachi HDS5C4040ALE630,4000787030016,0,,0,,,,,,,,0,,,,,,5961,,,,,,,,,,,,,,,,,,,,,,,,,,,,,,20,,,,,,0,,,,,,,,,,,,,,,,,,,,,,,,,,,,
2013-12-11,W300B5ZV,ST4000DM000,4000787030016,0,,90963872,,,,,,,,0,,,,,,3587,,,,,,,,,,,,,,,,,,,,,,,,,,,,,,20,,,,,,0,,,,,,,,,,,,,,,,,,,,,,,,,,,,
2013-12-11,MJ0351YNGA6TYA,Hitachi HDS5C3030ALA630,3000592982016,0,,0,,,,,,,,0,,,,,,8663,,,,,,,,,,,,,,,,,,,,,,,,,,,,,,27,,,,,,0,,,,,,,,,,,,,,,,,,,,,,,,,,,,
2013-12-11,MJ0351YNG9WEAA,Hitachi HDS5C3030ALA630,3000592982016,0,,0,,,,,,,,0,,,,,,9975,,,,,,,,,,,,,,,,,,,,,,,,,,,,,,28,,,,,,0,,,,,,,,,,,,,,,,,,,,,,,,,,,,
2013-12-11,MJ1311YNG7JHSA,Hitachi HDS5C3030ALA630,3000592982016,0,,0,,,,,,,,0,,,,,,14620,,,,,,,,,,,,,,,,,,,,,,,,,,,,,,24,,,,,,0,,,,,,,,,,,,,,,,,,,,,,,,,,,,
2013-12-11,PL1311LAG2ANKH,Hitachi HDS5C4040ALE630,4000787030016,0,,0,,,,,,,,0,,,,,,7402,,,,,,,,,,,,,,,,,,,,,,,,,,,,,,23,,,,,,0,,,,,,,,,,,,,,,,,,,,,,,,,,,,
2013-12-11,W300B5ZJ,ST4000DM000,4000787030016,0,,29186432,,,,,,,,0,,,,,,3587,,,,,,,,,,,,,,,,,,,,,,,,,,,,,,24,,,,,,0,,,,,,,,,,,,,,,,,,,,,,,,,,,,
2013-12-11,S1F0S5YZ,ST3000DM001,3000592982016,0,,19881168,,,,,,,,0,,,,,,10727,,,,,,,,,,,,,,,,,,,,,,,,,,,,,,22,,,,,,0,,,,,,,,,,,,,,,,,,,,,,,,,,,,
2013-12-11,W1F1ARBY,ST3000DM001,3000592982016,0,,34301816,,,,,,,,16,,,,,,8044,,,,,,,,,,,,,,,,,,,,,,,,,,,,,,25,,,,,,0,,,,,,,,,,,,,,,,,,,,,,,,,,,,
2013-12-11,W300B5Z4,ST4000DM000,4000787030016,0,,155097616,,,,,,,,0,,,,,,3585,,,,,,,,,,,,,,,,,,,,,,,,,,,,,,20,,,,,,0,,,,,,,,,,,,,,,,,,,,,,,,,,,,
2013-12-11,S1F0S5Y2,ST3000DM001,3000592982016,0,,114937592,,,,,,,,0,,,,,,10771,,,,,,,,,,,,,,,,,,,,,,,,,,,,,,24,,,,,,0,,,,,,,,,,,,,,,,,,,,,,,,,,,,
2013-12-11,W300D8Y7,ST4000DM000,4000787030016,0,,227455536,,,,,,,,0,,,,,,4187,,,,,,,,,,,,,,,,,,,,,,,,,,,,,,30,,,,,,0,,,,,,,,,,,,,,,,,,,,,,,,,,,,
2013-12-11,5XW0E6NA,ST31500541AS,1500301910016,0,,116798521,,,,,,,,0,,,,,,16918,,,,,,,,,,,,,,,,,,,,,,,,,,,,,,20,,,,,,0,,,,,,,,,,,,,,,,,,,,,,,,,,,,
2013-12-11,Z300NT6Q,ST4000DM000,4000787030016,0,,90549576,,,,,,,,0,,,,,,799,,,,,,,,,,,,,,,,,,,,,,,,,,,,,,21,,,,,,0,,,,,,,,,,,,,,,,,,,,,,,,,,,,
2013-12-11,MJ1311YNG2ZZEA,Hitachi HDS5C3030ALA630,3000592982016,0,,0,,,,,,,,0,,,,,,3715,,,,,,,,,,,,,,,,,,,,,,,,,,,,,,26,,,,,,0,,,,,,,,,,,,,,,,,,,,,,,,,,,,
2013-12-11,JK11A8B9J4166F,Hitachi HDS722020ALA330,2000398934016,0,,0,,,,,,,,0,,,,,,23544,,,,,,,,,,,,,,,,,,,,,,,,,,,,,,40,,,,,,0,,,,,,,,,,,,,,,,,,,,,,,,,,,,
2013-12-11,JK1101B9GE5L6F,Hitachi HDS722020ALA330,2000398934016,0,,0,,,,,,,,0,,,,,,26925,,,,,,,,,,,,,,,,,,,,,,,,,,,,,,25,,,,,,0,,,,,,,,,,,,,,,,,,,,,,,,,,,,
2013-12-11,Z300WEB4,ST4000DM000,4000787030016,0,,103179960,,,,,,,,0,,,,,,815,,,,,,,,,,,,,,,,,,,,,,,,,,,,,,18,,,,,,0,,,,,,,,,,,,,,,,,,,,,,,,,,,,
2013-12-11,W3004ZV7,ST4000DM000,4000787030016,0,,177148000,,,,,,,,0,,,,,,2874,,,,,,,,,,,,,,,,,,,,,,,,,,,,,,23,,,,,,0,,,,,,,,,,,,,,,,,,,,,,,,,,,,
2013-12-11,PL1311LAG38XXH,Hitachi HDS5C4040ALE630,4000787030016,0,,0,,,,,,,,0,,,,,,2981,,,,,,,,,,,,,,,,,,,,,,,,,,,,,,26,,,,,,0,,,,,,,,,,,,,,,,,,,,,,,,,,,,
2013-12-11,9XW01Z74,ST31500541AS,1500301910016,0,,3443276,,,,,,,,0,,,,,,34167,,,,,,,,,,,,,,,,,,,,,,,,,,,,,,21,,,,,,0,,,,,,,,,,,,,,,,,,,,,,,,,,,,
2013-12-11,9XW01Z75,ST31500541AS,1500301910016,0,,156101857,,,,,,,,0,,,,,,35717,,,,,,,,,,,,,,,,,,,,,,,,,,,,,,21,,,,,,0,,,,,,,,,,,,,,,,,,,,,,,,,,,,
2013-12-11,PL1321LAG35DRH,Hitachi HDS5C4040ALE630,4000787030016,0,,0,,,,,,,,0,,,,,,6652,,,,,,,,,,,,,,,,,,,,,,,,,,,,,,26,,,,,,0,,,,,,,,,,,,,,,,,,,,,,,,,,,,
2013-12-11,MJ1311YNG2BLVA,Hitachi HDS5C3030ALA630,3000592982016,0,,3,,,,,,,,0,,,,,,19251,,,,,,,,,,,,,,,,,,,,,,,,,,,,,,26,,,,,,0,,,,,,,,,,,,,,,,,,,,,,,,,,,,
2013-12-11,MJ1321YNG0XKZA,Hitachi HDS5C3030ALA630,3000592982016,0,,0,,,,,,,,0,,,,,,19372,,,,,,,,,,,,,,,,,,,,,,,,,,,,,,25,,,,,,0,,,,,,,,,,,,,,,,,,,,,,,,,,,,
2013-12-11,Z1F0L5PJ,ST3000DM001,3000592982016,0,,153440736,,,,,,,,0,,,,,,12248,,,,,,,,,,,,,,,,,,,,,,,,,,,,,,26,,,,,,0,,,,,,,,,,,,,,,,,,,,,,,,,,,,
2013-12-11,6XW1B3BP,ST32000542AS,2000398934016,0,,22435181,,,,,,,,0,,,,,,7245,,,,,,,,,,,,,,,,,,,,,,,,,,,,,,24,,,,,,28,,,,,,,,,,,,,,,,,,,,,,,,,,,,
2013-12-11,MJ1311YNG3BSHA,Hitachi HDS5C3030ALA630,3000592982016,0,,0,,,,,,,,0,,,,,,19254,,,,,,,,,,,,,,,,,,,,,,,,,,,,,,26,,,,,,0,,,,,,,,,,,,,,,,,,,,,,,,,,,,
2013-12-11,MJ1323YNG18L8C,Hitachi HDS5C3030ALA630,3000592982016,0,,16318502,,,,,,,,0,,,,,,20732,,,,,,,,,,,,,,,,,,,,,,,,,,,,,,21,,,,,,0,,,,,,,,,,,,,,,,,,,,,,,,,,,,
2013-12-11,MK0311YHG1HJZA,Hitachi HDS723030ALA640,3000592982016,0,,0,,,,,,,,0,,,,,,22346,,,,,,,,,,,,,,,,,,,,,,,,,,,,,,25,,,,,,0,,,,,,,,,,,,,,,,,,,,,,,,,,,,
2013-12-11,PL1311LAG3DZLH,Hitachi HDS5C4040ALE630,4000787030016,0,,0,,,,,,,,0,,,,,,5668,,,,,,,,,,,,,,,,,,,,,,,,,,,,,,21,,,,,,0,,,,,,,,,,,,,,,,,,,,,,,,,,,,
2013-12-11,6XW00XSN,ST31500541AS,1500301910016,0,,181840240,,,,,,,,0,,,,,,36426,,,,,,,,,,,,,,,,,,,,,,,,,,,,,,20,,,,,,0,,,,,,,,,,,,,,,,,,,,,,,,,,,,
2013-12-11,S1F0PG6Z,ST3000DM001,3000592982016,0,,134975808,,,,,,,,0,,,,,,11641,,,,,,,,,,,,,,,,,,,,,,,,,,,,,,26,,,,,,0,,,,,,,,,,,,,,,,,,,,,,,,,,,,
2013-12-11,6XW03L41,ST31500541AS,1500301910016,0,,36846763,,,,,,,,0,,,,,,36402,,,,,,,,,,,,,,,,,,,,,,,,,,,,,,17,,,,,,0,,,,,,,,,,,,,,,,,,,,,,,,,,,,
2013-12-11,MJ1321YNG0NWDA,Hitachi HDS5C3030ALA630,3000592982016,0,,0,,,,,,,,0,,,,,,19310,,,,,,,,,,,,,,,,,,,,,,,,,,,,,,24,,,,,,0,,,,,,,,,,,,,,,,,,,,,,,,,,,,
2013-12-11,PL1311LAG2B0LH,Hitachi HDS5C4040ALE630,4000787030016,0,,0,,,,,,,,0,,,,,,6653,,,,,,,,,,,,,,,,,,,,,,,,,,,,,,27,,,,,,0,,,,,,,,,,,,,,,,,,,,,,,,,,,,
2013-12-11,MK0303YHGBVHLC,Hitachi HDS723030ALA640,3000592982016,0,,0,,,,,,,,0,,,,,,21462,,,,,,,,,,,,,,,,,,,,,,,,,,,,,,30,,,,,,0,,,,,,,,,,,,,,,,,,,,,,,,,,,,
2013-12-11,MJ1321YNG151KA,Hitachi HDS5C3030ALA630,3000592982016,0,,0,,,,,,,,0,,,,,,19802,,,,,,,,,,,,,,,,,,,,,,,,,,,,,,28,,,,,,0,,,,,,,,,,,,,,,,,,,,,,,,,,,,
2013-12-11,JK11A8BFG732GF,Hitachi HDS722020ALA330,2000398934016,0,,0,,,,,,,,1,,,,,,6843,,,,,,,,,,,,,,,,,,,,,,,,,,,,,,23,,,,,,0,,,,,,,,,,,,,,,,,,,,,,,,,,,,
2013-12-11,JK1171YBK1M6MF,Hitachi HDS722020ALA330,2000398934016,0,,0,,,,,,,,0,,,,,,29667,,,,,,,,,,,,,,,,,,,,,,,,,,,,,,29,,,,,,0,,,,,,,,,,,,,,,,,,,,,,,,,,,,
2013-12-11,JK1130YAGLBLET,Hitachi HDS722020ALA330,2000398934016,0,,196609,,,,,,,,0,,,,,,26017,,,,,,,,,,,,,,,,,,,,,,,,,,,,,,30,,,,,,0,,,,,,,,,,,,,,,,,,,,,,,,,,,,
2013-12-11,MK0333YHGPG2VC,Hitachi HDS723030ALA640,3000592982016,0,,0,,,,,,,,0,,,,,,17762,,,,,,,,,,,,,,,,,,,,,,,,,,,,,,27,,,,,,0,,,,,,,,,,,,,,,,,,,,,,,,,,,,
2013-12-11,6XW00XS5,ST31500541AS,1500301910016,0,,109690677,,,,,,,,0,,,,,,36068,,,,,,,,,,,,,,,,,,,,,,,,,,,,,,18,,,,,,0,,,,,,,,,,,,,,,,,,,,,,,,,,,,
2013-12-11,JK11A8B9GNL2VF,Hitachi HDS722020ALA330,2000398934016,0,,0,,,,,,,,0,,,,,,26764,,,,,,,,,,,,,,,,,,,,,,,,,,,,,,23,,,,,,0,,,,,,,,,,,,,,,,,,,,,,,,,,,,
2013-12-11,JK1175YAHSP0RX,Hitachi HDS722020ALA330,2000398934016,0,,1,,,,,,,,0,,,,,,30500,,,,,,,,,,,,,,,,,,,,,,,,,,,,,,32,,,,,,0,,,,,,,,,,,,,,,,,,,,,,,,,,,,
2013-12-11,S1F0M2PQ,ST3000DM001,3000592982016,0,,207844296,,,,,,,,0,,,,,,11722,,,,,,,,,,,,,,,,,,,,,,,,,,,,,,21,,,,,,8,,,,,,,,,,,,,,,,,,,,,,,,,,,,
2013-12-11,MJ0351YNGA57BA,Hitachi HDS5C3030ALA630,3000592982016,0,,0,,,,,,,,0,,,,,,8615,,,,,,,,,,,,,,,,,,,,,,,,,,,,,,29,,,,,,0,,,,,,,,,,,,,,,,,,,,,,,,,,,,
2013-12-11,Z300X2X0,ST4000DM000,4000787030016,0,,143507800,,,,,,,,0,,,,,,957,,,,,,,,,,,,,,,,,,,,,,,,,,,,,,21,,,,,,0,,,,,,,,,,,,,,,,,,,,,,,,,,,,
2013-12-11,5XW0D3JQ,ST32000542AS,2000398934016,0,,108013827,,,,,,,,0,,,,,,13013,,,,,,,,,,,,,,,,,,,,,,,,,,,,,,25,,,,,,0,,,,,,,,,,,,,,,,,,,,,,,,,,,,
2013-12-11,JK11A8B9J82RNF,Hitachi HDS722020ALA330,2000398934016,0,,0,,,,,,,,0,,,,,,26027,,,,,,,,,,,,,,,,,,,,,,,,,,,,,,28,,,,,,0,,,,,,,,,,,,,,,,,,,,,,,,,,,,
2013-12-11,JK11A8B9J3S7GF,Hitachi HDS722020ALA330,2000398934016,0,,131077,,,,,,,,0,,,,,,23823,,,,,,,,,,,,,,,,,,,,,,,,,,,,,,36,,,,,,0,,,,,,,,,,,,,,,,,,,,,,,,,,,,
2013-12-11,6XW00KGC,ST31500541AS,1500301910016,0,,144438203,,,,,,,,0,,,,,,35445,,,,,,,,,,,,,,,,,,,,,,,,,,,,,,20,,,,,,0,,,,,,,,,,,,,,,,,,,,,,,,,,,,
2013-12-11,Z300GQ2Z,ST4000DM000,4000787030016,0,,77395752,,,,,,,,0,,,,,,3588,,,,,,,,,,,,,,,,,,,,,,,,,,,,,,23,,,,,,0,,,,,,,,,,,,,,,,,,,,,,,,,,,,
2013-12-11,JK11A8B9J990YF,Hitachi HDS722020ALA330,2000398934016,0,,0,,,,,,,,0,,,,,,25584,,,,,,,,,,,,,,,,,,,,,,,,,,,,,,25,,,,,,0,,,,,,,,,,,,,,,,,,,,,,,,,,,,
2013-12-11,6XW0SRC9,ST31500541AS,1500301910016,0,,8967139,,,,,,,,0,,,,,,33630,,,,,,,,,,,,,,,,,,,,,,,,,,,,,,26,,,,,,0,,,,,,,,,,,,,,,,,,,,,,,,,,,,
2013-12-11,MK0301YHGN0HPD,Hitachi HDS723030ALA640,3000592982016,0,,0,,,,,,,,16,,,,,,17036,,,,,,,,,,,,,,,,,,,,,,,,,,,,,,31,,,,,,0,,,,,,,,,,,,,,,,,,,,,,,,,,,,
2013-12-11,W300HZMC,ST4000DM000,4000787030016,0,,75166008,,,,,,,,0,,,,,,2240,,,,,,,,,,,,,,,,,,,,,,,,,,,,,,21,,,,,,0,,,,,,,,,,,,,,,,,,,,,,,,,,,,
2013-12-11,WD-WMC1T1846520,WDC WD30EFRX,3000592982016,0,,0,,,,,,,,0,,,,,,7391,,,,,,,,,,,,,,,,,,,,,,,,,,,,,,25,,,,,,0,,,,,,,,,,,,,,,,,,,,,,,,,,,,
2013-12-11,WD-WCAU47310907,WDC WD10EADS,1000204886016,0,,1,,,,,,,,0,,,,,,40792,,,,,,,,,,,,,,,,,,,,,,,,,,,,,,27,,,,,,0,,,,,,,,,,,,,,,,,,,,,,,,,,,,
2013-12-11,JK11A8B9J7A2JF,Hitachi HDS722020ALA330,2000398934016,0,,0,,,,,,,,5,,,,,,22702,,,,,,,,,,,,,,,,,,,,,,,,,,,,,,26,,,,,,0,,,,,,,,,,,,,,,,,,,,,,,,,,,,
2013-12-11,W1F0P33Z,ST3000DM001,3000592982016,0,,62599720,,,,,,,,0,,,,,,11755,,,,,,,,,,,,,,,,,,,,,,,,,,,,,,27,,,,,,0,,,,,,,,,,,,,,,,,,,,,,,,,,,,
2013-12-11,S1F02EZR,ST3000DM001,3000592982016,0,,172898584,,,,,,,,0,,,,,,15238,,,,,,,,,,,,,,,,,,,,,,,,,,,,,,20,,,,,,0,,,,,,,,,,,,,,,,,,,,,,,,,,,,
2013-12-11,S1F081WK,ST3000DM001,3000592982016,0,,16721848,,,,,,,,0,,,,,,13869,,,,,,,,,,,,,,,,,,,,,,,,,,,,,,25,,,,,,16,,,,,,,,,,,,,,,,,,,,,,,,,,,,
2013-12-11,6XW03QT1,ST31500541AS,1500301910016,0,,145924313,,,,,,,,0,,,,,,35438,,,,,,,,,,,,,,,,,,,,,,,,,,,,,,19,,,,,,0,,,,,,,,,,,,,,,,,,,,,,,,,,,,
2013-12-11,W300KQQV,ST4000DM000,4000787030016,0,,187238912,,,,,,,,0,,,,,,815,,,,,,,,,,,,,,,,,,,,,,,,,,,,,,20,,,,,,0,,,,,,,,,,,,,,,,,,,,,,,,,,,,
2013-12-11,PL2311LAG1WBAC,Hitachi HDS5C4040ALE630,4000787030016,0,,0,,,,,,,,0,,,,,,7415,,,,,,,,,,,,,,,,,,,,,,,,,,,,,,19,,,,,,0,,,,,,,,,,,,,,,,,,,,,,,,,,,,
2013-12-11,S1F047HB,ST3000DM001,3000592982016,0,,25791656,,,,,,,,5072,,,,,,16149,,,,,,,,,,,,,,,,,,,,,,,,,,,,,,22,,,,,,16,,,,,,,,,,,,,,,,,,,,,,,,,,,,
2013-12-11,Z300NQPF,ST4000DM000,4000787030016,0,,188094704,,,,,,,,0,,,,,,1233,,,,,,,,,,,,,,,,,,,,,,,,,,,,,,22,,,,,,0,,,,,,,,,,,,,,,,,,,,,,,,,,,,
2013-12-11,6XW02Z8D,ST31500541AS,1500301910016,0,,143093784,,,,,,,,0,,,,,,36071,,,,,,,,,,,,,,,,,,,,,,,,,,,,,,16,,,,,,0,,,,,,,,,,,,,,,,,,,,,,,,,,,,
2013-12-11,MJ1323YNG1R3VC,Hitachi HDS5C3030ALA630,3000592982016,0,,0,,,,,,,,0,,,,,,19766,,,,,,,,,,,,,,,,,,,,,,,,,,,,,,26,,,,,,0,,,,,,,,,,,,,,,,,,,,,,,,,,,,
2013-12-11,W1F0T10C,ST3000DM001,3000592982016,0,,23777304,,,,,,,,0,,,,,,11048,,,,,,,,,,,,,,,,,,,,,,,,,,,,,,23,,,,,,0,,,,,,,,,,,,,,,,,,,,,,,,,,,,
2013-12-11,JK11A8B9J37XPF,Hitachi HDS722020ALA330,2000398934016,0,,0,,,,,,,,0,,,,,,23636,,,,,,,,,,,,,,,,,,,,,,,,,,,,,,31,,,,,,0,,,,,,,,,,,,,,,,,,,,,,,,,,,,
2013-12-11,MJ1323YNG16LBC,Hitachi HDS5C3030ALA630,3000592982016,0,,0,,,,,,,,0,,,,,,20509,,,,,,,,,,,,,,,,,,,,,,,,,,,,,,24,,,,,,0,,,,,,,,,,,,,,,,,,,,,,,,,,,,
2013-12-11,WD-WCAWZ0698793,WDC WD30EZRX,3000592982016,0,,0,,,,,,,,0,,,,,,17619,,,,,,,,,,,,,,,,,,,,,,,,,,,,,,23,,,,,,1,,,,,,,,,,,,,,,,,,,,,,,,,,,,
2013-12-11,MJ0351YNGA0L6A,Hitachi HDS5C3030ALA630,3000592982016,0,,0,,,,,,,,0,,,,,,7972,,,,,,,,,,,,,,,,,,,,,,,,,,,,,,26,,,,,,0,,,,,,,,,,,,,,,,,,,,,,,,,,,,
2013-12-11,9VS22FAS,ST31500341AS,1500301910016,0,,241801637,,,,,,,,18,,,,,,38109,,,,,,,,,,,,,,,,,,,,,,,,,,,,,,23,,,,,,0,,,,,,,,,,,,,,,,,,,,,,,,,,,,
2013-12-11,MJ0351YNG9YUTA,Hitachi HDS5C3030ALA630,3000592982016,0,,0,,,,,,,,0,,,,,,9989,,,,,,,,,,,,,,,,,,,,,,,,,,,,,,25,,,,,,0,,,,,,,,,,,,,,,,,,,,,,,,,,,,
2013-12-11,W300KQQ8,ST4000DM000,4000787030016,0,,243678224,,,,,,,,0,,,,,,815,,,,,,,,,,,,,,,,,,,,,,,,,,,,,,19,,,,,,0,,,,,,,,,,,,,,,,,,,,,,,,,,,,
2013-12-11,MJ1311YNG3KZVA,Hitachi HDS5C3030ALA630,3000592982016,0,,0,,,,,,,,0,,,,,,18947,,,,,,,,,,,,,,,,,,,,,,,,,,,,,,25,,,,,,0,,,,,,,,,,,,,,,,,,,,,,,,,,,,
2013-12-11,PL1311LAG1ZARA,Hitachi HDS5C4040ALE630,4000787030016,0,,0,,,,,,,,0,,,,,,5186,,,,,,,,,,,,,,,,,,,,,,,,,,,,,,24,,,,,,0,,,,,,,,,,,,,,,,,,,,,,,,,,,,
2013-12-11,W3008AJQ,ST4000DM000,4000787030016,0,,116961256,,,,,,,,0,,,,,,4353,,,,,,,,,,,,,,,,,,,,,,,,,,,,,,25,,,,,,0,,,,,,,,,,,,,,,,,,,,,,,,,,,,
2013-12-11,JK1174YAK8RL9W,Hitachi HDS722020ALA330,2000398934016,0,,1,,,,,,,,0,,,,,,29018,,,,,,,,,,,,,,,,,,,,,,,,,,,,,,26,,,,,,0,,,,,,,,,,,,,,,,,,,,,,,,,,,,
2013-12-11,MJ1321YNG0G9JA,Hitachi HDS5C3030ALA630,3000592982016,0,,0,,,,,,,,2,,,,,,20731,,,,,,,,,,,,,,,,,,,,,,,,,,,,,,29,,,,,,0,,,,,,,,,,,,,,,,,,,,,,,,,,,,
2013-12-11,S1F12ZSD,ST3000DM001,3000592982016,0,,221904808,,,,,,,,0,,,,,,8188,,,,,,,,,,,,,,,,,,,,,,,,,,,,,,24,,,,,,0,,,,,,,,,,,,,,,,,,,,,,,,,,,,
2013-12-11,MJ1311YNG3EXYA,Hitachi HDS5C3030ALA630,3000592982016,0,,0,,,,,,,,0,,,,,,20732,,,,,,,,,,,,,,,,,,,,,,,,,,,,,,26,,,,,,0,,,,,,,,,,,,,,,,,,,,,,,,,,,,
2013-12-11,S1F0CVJH,ST3000DM001,3000592982016,0,,117415464,,,,,,,,0,,,,,,12359,,,,,,,,,,,,,,,,,,,,,,,,,,,,,,27,,,,,,0,,,,,,,,,,,,,,,,,,,,,,,,,,,,
2013-12-11,MJ0351YNGA3Y5A,Hitachi HDS5C3030ALA630,3000592982016,0,,0,,,,,,,,0,,,,,,9147,,,,,,,,,,,,,,,,,,,,,,,,,,,,,,29,,,,,,0,,,,,,,,,,,,,,,,,,,,,,,,,,,,
2013-12-11,JK11A8B9J3AUEF,Hitachi HDS722020ALA330,2000398934016,0,,0,,,,,,,,0,,,,,,24501,,,,,,,,,,,,,,,,,,,,,,,,,,,,,,29,,,,,,0,,,,,,,,,,,,,,,,,,,,,,,,,,,,
2013-12-11,MJ1311YNG60XDA,Hitachi HDS5C3030ALA630,3000592982016,0,,0,,,,,,,,0,,,,,,14310,,,,,,,,,,,,,,,,,,,,,,,,,,,,,,24,,,,,,0,,,,,,,,,,,,,,,,,,,,,,,,,,,,
2013-12-11,Z1F19Q4A,ST3000DM001,3000592982016,0,,164180368,,,,,,,,3072,,,,,,8174,,,,,,,,,,,,,,,,,,,,,,,,,,,,,,24,,,,,,32,,,,,,,,,,,,,,,,,,,,,,,,,,,,
2013-12-11,Z300NPR2,ST4000DM000,4000787030016,0,,240997216,,,,,,,,0,,,,,,1447,,,,,,,,,,,,,,,,,,,,,,,,,,,,,,27,,,,,,0,,,,,,,,,,,,,,,,,,,,,,,,,,,,
2013-12-11,WD-WCAWZ0934047,WDC WD30EZRX,3000592982016,0,,11,,,,,,,,0,,,,,,18009,,,,,,,,,,,,,,,,,,,,,,,,,,,,,,22,,,,,,1,,,,,,,,,,,,,,,,,,,,,,,,,,,,
2013-12-11,WD-WCAU48248539,WDC WD10EADS,1000204886016,0,,527,,,,,,,,0,,,,,,38091,,,,,,,,,,,,,,,,,,,,,,,,,,,,,,24,,,,,,2,,,,,,,,,,,,,,,,,,,,,,,,,,,,
2013-12-11,MJ1321YNG08L8A,Hitachi HDS5C3030ALA630,3000592982016,0,,0,,,,,,,,0,,,,,,3563,,,,,,,,,,,,,,,,,,,,,,,,,,,,,,26,,,,,,0,,,,,,,,,,,,,,,,,,,,,,,,,,,,
2013-12-11,MJ0351YNGA28NA,Hitachi HDS5C3030ALA630,3000592982016,0,,0,,,,,,,,0,,,,,,7989,,,,,,,,,,,,,,,,,,,,,,,,,,,,,,27,,,,,,0,,,,,,,,,,,,,,,,,,,,,,,,,,,,
2013-12-11,WD-WCAWZ0800761,WDC WD30EZRX,3000592982016,0,,1,,,,,,,,14,,,,,,16071,,,,,,,,,,,,,,,,,,,,,,,,,,,,,,20,,,,,,0,,,,,,,,,,,,,,,,,,,,,,,,,,,,
2013-12-11,PL1311LAG38GVH,Hitachi HDS5C4040ALE630,4000787030016,0,,0,,,,,,,,0,,,,,,5070,,,,,,,,,,,,,,,,,,,,,,,,,,,,,,28,,,,,,0,,,,,,,,,,,,,,,,,,,,,,,,,,,,
2013-12-11,MJ1323YNG1NVRC,Hitachi HDS5C3030ALA630,3000592982016,0,,0,,,,,,,,0,,,,,,19773,,,,,,,,,,,,,,,,,,,,,,,,,,,,,,24,,,,,,0,,,,,,,,,,,,,,,,,,,,,,,,,,,,
2013-12-11,WD-WCAWZ0391925,WDC WD30EZRS,3000592982016,0,,0,,,,,,,,0,,,,,,15641,,,,,,,,,,,,,,,,,,,,,,,,,,,,,,22,,,,,,0,,,,,,,,,,,,,,,,,,,,,,,,,,,,
2013-12-11,JK1101B9JNPSGR,Hitachi HDS722020ALA330,2000398934016,0,,3,,,,,,,,237,,,,,,23991,,,,,,,,,,,,,,,,,,,,,,,,,,,,,,34,,,,,,0,,,,,,,,,,,,,,,,,,,,,,,,,,,,
2013-12-11,MK0311YHG0JGWA,Hitachi HDS723030ALA640,3000592982016,0,,0,,,,,,,,85,,,,,,22347,,,,,,,,,,,,,,,,,,,,,,,,,,,,,,26,,,,,,0,,,,,,,,,,,,,,,,,,,,,,,,,,,,
2013-12-11,MJ1311YNG390MA,Hitachi HDS5C3030ALA630,3000592982016,0,,0,,,,,,,,0,,,,,,18054,,,,,,,,,,,,,,,,,,,,,,,,,,,,,,23,,,,,,0,,,,,,,,,,,,,,,,,,,,,,,,,,,,
2013-12-11,W1F1CMVG,ST3000DM001,3000592982016,0,,121390360,,,,,,,,0,,,,,,8135,,,,,,,,,,,,,,,,,,,,,,,,,,,,,,27,,,,,,0,,,,,,,,,,,,,,,,,,,,,,,,,,,,
2013-12-11,MK0311YHG2A8ZA,Hitachi HDS723030ALA640,3000592982016,0,,0,,,,,,,,0,,,,,,16682,,,,,,,,,,,,,,,,,,,,,,,,,,,,,,29,,,,,,0,,,,,,,,,,,,,,,,,,,,,,,,,,,,
2013-12-11,MJ1311YNG6Y69A,Hitachi HDS5C3030ALA630,3000592982016,0,,0,,,,,,,,0,,,,,,14595,,,,,,,,,,,,,,,,,,,,,,,,,,,,,,27,,,,,,0,,,,,,,,,,,,,,,,,,,,,,,,,,,,
2013-12-11,W1F0RX9Y,ST3000DM001,3000592982016,0,,111056248,,,,,,,,0,,,,,,11048,,,,,,,,,,,,,,,,,,,,,,,,,,,,,,24,,,,,,0,,,,,,,,,,,,,,,,,,,,,,,,,,,,
2013-12-11,WD-WCAWZ0818639,WDC WD30EZRX,3000592982016,0,,0,,,,,,,,0,,,,,,17616,,,,,,,,,,,,,,,,,,,,,,,,,,,,,,25,,,,,,1,,,,,,,,,,,,,,,,,,,,,,,,,,,,
2013-12-11,W300C8DK,ST4000DM000,4000787030016,0,,224154608,,,,,,,,0,,,,,,4183,,,,,,,,,,,,,,,,,,,,,,,,,,,,,,25,,,,,,0,,,,,,,,,,,,,,,,,,,,,,,,,,,,
2013-12-11,Z1F0L78Z,ST3000DM001,3000592982016,0,,186635464,,,,,,,,0,,,,,,12171,,,,,,,,,,,,,,,,,,,,,,,,,,,,,,23,,,,,,0,,,,,,,,,,,,,,,,,,,,,,,,,,,,
2013-12-11,S1F0S314,ST3000DM001,3000592982016,0,,149580016,,,,,,,,0,,,,,,10837,,,,,,,,,,,,,,,,,,,,,,,,,,,,,,28,,,,,,0,,,,,,,,,,,,,,,,,,,,,,,,,,,,
2013-12-11,JK1105B8GG4RMX,Hitachi HDS722020ALA330,2000398934016,0,,0,,,,,,,,1,,,,,,27221,,,,,,,,,,,,,,,,,,,,,,,,,,,,,,30,,,,,,0,,,,,,,,,,,,,,,,,,,,,,,,,,,,
2013-12-11,MJ1311YNG3E8MA,Hitachi HDS5C3030ALA630,3000592982016,0,,0,,,,,,,,0,,,,,,18928,,,,,,,,,,,,,,,,,,,,,,,,,,,,,,26,,,,,,1,,,,,,,,,,,,,,,,,,,,,,,,,,,,
2013-12-11,WD-WCAWZ1032783,WDC WD30EZRX,3000592982016,0,,102,,,,,,,,0,,,,,,15832,,,,,,,,,,,,,,,,,,,,,,,,,,,,,,24,,,,,,17,,,,,,,,,,,,,,,,,,,,,,,,,,,,
2013-12-11,Z300XEL7,ST4000DM000,4000787030016,0,,30902616,,,,,,,,0,,,,,,920,,,,,,,,,,,,,,,,,,,,,,,,,,,,,,20,,,,,,0,,,,,,,,,,,,,,,,,,,,,,,,,,,,
2013-12-11,S1F00TN4,ST3000DM001,3000592982016,0,,93174328,,,,,,,,0,,,,,,15344,,,,,,,,,,,,,,,,,,,,,,,,,,,,,,27,,,,,,0,,,,,,,,,,,,,,,,,,,,,,,,,,,,
2013-12-11,W1F0B64P,ST3000DM001,3000592982016,0,,94323352,,,,,,,,0,,,,,,13361,,,,,,,,,,,,,,,,,,,,,,,,,,,,,,20,,,,,,0,,,,,,,,,,,,,,,,,,,,,,,,,,,,
2013-12-11,6XW0B6PK,ST31500541AS,1500301910016,0,,26390257,,,,,,,,0,,,,,,27871,,,,,,,,,,,,,,,,,,,,,,,,,,,,,,19,,,,,,0,,,,,,,,,,,,,,,,,,,,,,,,,,,,
2013-12-11,5XW042QM,ST31500541AS,1500301910016,0,,169723250,,,,,,,,0,,,,,,35231,,,,,,,,,,,,,,,,,,,,,,,,,,,,,,22,,,,,,0,,,,,,,,,,,,,,,,,,,,,,,,,,,,
2013-12-11,JK1101B9JPHLRF,Hitachi HDS722020ALA330,2000398934016,0,,0,,,,,,,,0,,,,,,24099,,,,,,,,,,,,,,,,,,,,,,,,,,,,,,29,,,,,,0,,,,,,,,,,,,,,,,,,,,,,,,,,,,
2013-12-11,W300C1GG,ST4000DM000,4000787030016,0,,213309760,,,,,,,,0,,,,,,4187,,,,,,,,,,,,,,,,,,,,,,,,,,,,,,31,,,,,,0,,,,,,,,,,,,,,,,,,,,,,,,,,,,
2013-12-11,PK1331PAJ2VBHS,HGST HDS724040ALE640,4000787030016,0,,0,,,,,,,,0,,,,,,2026,,,,,,,,,,,,,,,,,,,,,,,,,,,,,,24,,,,,,0,,,,,,,,,,,,,,,,,,,,,,,,,,,,
2013-12-11,5XW0D476,ST32000542AS,2000398934016,0,,60379487,,,,,,,,0,,,,,,15217,,,,,,,,,,,,,,,,,,,,,,,,,,,,,,25,,,,,,0,,,,,,,,,,,,,,,,,,,,,,,,,,,,
2013-12-11,PL1311LAG38AXH,Hitachi HDS5C4040ALE630,4000787030016,0,,0,,,,,,,,0,,,,,,3629,,,,,,,,,,,,,,,,,,,,,,,,,,,,,,29,,,,,,0,,,,,,,,,,,,,,,,,,,,,,,,,,,,
2013-12-11,MK0331YHGLEWKA,Hitachi HDS723030ALA640,3000592982016,0,,8847394,,,,,,,,0,,,,,,17354,,,,,,,,,,,,,,,,,,,,,,,,,,,,,,25,,,,,,1,,,,,,,,,,,,,,,,,,,,,,,,,,,,
2013-12-11,W300B141,ST4000DM000,4000787030016,0,,22694776,,,,,,,,0,,,,,,4047,,,,,,,,,,,,,,,,,,,,,,,,,,,,,,20,,,,,,0,,,,,,,,,,,,,,,,,,,,,,,,,,,,
2013-12-11,S1F04R7Y,ST3000DM001,3000592982016,0,,166726912,,,,,,,,0,,,,,,13356,,,,,,,,,,,,,,,,,,,,,,,,,,,,,,22,,,,,,0,,,,,,,,,,,,,,,,,,,,,,,,,,,,
2013-12-11,5XW0MMH9,ST32000542AS,2000398934016,0,,110432778,,,,,,,,55,,,,,,7324,,,,,,,,,,,,,,,,,,,,,,,,,,,,,,22,,,,,,0,,,,,,,,,,,,,,,,,,,,,,,,,,,,
2013-12-11,WD-WMC1T0846071,WDC WD30EFRX,3000592982016,0,,0,,,,,,,,0,,,,,,8840,,,,,,,,,,,,,,,,,,,,,,,,,,,,,,26,,,,,,0,,,,,,,,,,,,,,,,,,,,,,,,,,,,
2013-12-11,MJ1311YNG7JRMA,Hitachi HDS5C3030ALA630,3000592982016,0,,0,,,,,,,,0,,,,,,14680,,,,,,,,,,,,,,,,,,,,,,,,,,,,,,29,,,,,,0,,,,,,,,,,,,,,,,,,,,,,,,,,,,
2013-12-11,S1F09HWJ,ST3000DM001,3000592982016,0,,33879784,,,,,,,,0,,,,,,12399,,,,,,,,,,,,,,,,,,,,,,,,,,,,,,24,,,,,,0,,,,,,,,,,,,,,,,,,,,,,,,,,,,
2013-12-11,Z300K09B,ST4000DM000,4000787030016,0,,27831696,,,,,,,,0,,,,,,2216,,,,,,,,,,,,,,,,,,,,,,,,,,,,,,22,,,,,,0,,,,,,,,,,,,,,,,,,,,,,,,,,,,
2013-12-11,MJ1311YNG36PNA,Hitachi HDS5C3030ALA630,3000592982016,0,,0,,,,,,,,0,,,,,,18592,,,,,,,,,,,,,,,,,,,,,,,,,,,,,,25,,,,,,0,,,,,,,,,,,,,,,,,,,,,,,,,,,,
2013-12-11,JK11A8B9J77GWF,Hitachi HDS722020ALA330,2000398934016,0,,0,,,,,,,,0,,,,,,22697,,,,,,,,,,,,,,,,,,,,,,,,,,,,,,26,,,,,,0,,,,,,,,,,,,,,,,,,,,,,,,,,,,
2013-12-11,W300BCAV,ST4000DM000,4000787030016,0,,201953304,,,,,,,,0,,,,,,1703,,,,,,,,,,,,,,,,,,,,,,,,,,,,,,23,,,,,,0,,,,,,,,,,,,,,,,,,,,,,,,,,,,
2013-12-11,S1F01V9K,ST3000DM001,3000592982016,0,,25210792,,,,,,,,0,,,,,,15591,,,,,,,,,,,,,,,,,,,,,,,,,,,,,,19,,,,,,0,,,,,,,,,,,,,,,,,,,,,,,,,,,,
2013-12-11,JK11A8B9J3RXRF,Hitachi HDS722020ALA330,2000398934016,0,,0,,,,,,,,0,,,,,,25539,,,,,,,,,,,,,,,,,,,,,,,,,,,,,,30,,,,,,0,,,,,,,,,,,,,,,,,,,,,,,,,,,,
2013-12-11,PL1311LAG203AA,Hitachi HDS5C4040ALE630,4000787030016,0,,0,,,,,,,,0,,,,,,5191,,,,,,,,,,,,,,,,,,,,,,,,,,,,,,26,,,,,,0,,,,,,,,,,,,,,,,,,,,,,,,,,,,
2013-12-11,W1F0QRCG,ST3000DM001,3000592982016,0,,157751176,,,,,,,,0,,,,,,12615,,,,,,,,,,,,,,,,,,,,,,,,,,,,,,21,,,,,,0,,,,,,,,,,,,,,,,,,,,,,,,,,,,
2013-12-11,S1F01LYB,ST3000DM001,3000592982016,0,,94766632,,,,,,,,0,,,,,,15345,,,,,,,,,,,,,,,,,,,,,,,,,,,,,,24,,,,,,0,,,,,,,,,,,,,,,,,,,,,,,,,,,,
2013-12-11,9XW01ZRM,ST31500541AS,1500301910016,0,,191901926,,,,,,,,0,,,,,,27239,,,,,,,,,,,,,,,,,,,,,,,,,,,,,,27,,,,,,0,,,,,,,,,,,,,,,,,,,,,,,,,,,,
2013-12-11,W1F0QRCR,ST3000DM001,3000592982016,0,,110606136,,,,,,,,0,,,,,,12615,,,,,,,,,,,,,,,,,,,,,,,,,,,,,,20,,,,,,0,,,,,,,,,,,,,,,,,,,,,,,,,,,,
2013-12-11,JK1160YAHJADRT,Hitachi HDS722020ALA330,2000398934016,0,,0,,,,,,,,0,,,,,,23130,,,,,,,,,,,,,,,,,,,,,,,,,,,,,,25,,,,,,0,,,,,,,,,,,,,,,,,,,,,,,,,,,,
2013-12-11,9VS3HQJ3,ST31500341AS,1500301910016,0,,230485001,,,,,,,,1,,,,,,32915,,,,,,,,,,,,,,,,,,,,,,,,,,,,,,19,,,,,,0,,,,,,,,,,,,,,,,,,,,,,,,,,,,
2013-12-11,9XW015KM,ST31500541AS,1500301910016,0,,188258907,,,,,,,,0,,,,,,35233,,,,,,,,,,,,,,,,,,,,,,,,,,,,,,22,,,,,,0,,,,,,,,,,,,,,,,,,,,,,,,,,,,
2013-12-11,W300C1G6,ST4000DM000,4000787030016,0,,70679608,,,,,,,,0,,,,,,4136,,,,,,,,,,,,,,,,,,,,,,,,,,,,,,20,,,,,,0,,,,,,,,,,,,,,,,,,,,,,,,,,,,
2013-12-11,JK11A8B9J7E1SF,Hitachi HDS722020ALA330,2000398934016,0,,0,,,,,,,,0,,,,,,24666,,,,,,,,,,,,,,,,,,,,,,,,,,,,,,25,,,,,,0,,,,,,,,,,,,,,,,,,,,,,,,,,,,
2013-12-11,9XK069D2,ST33000651AS,3000592982016,0,,133260587,,,,,,,,0,,,,,,16815,,,,,,,,,,,,,,,,,,,,,,,,,,,,,,27,,,,,,0,,,,,,,,,,,,,,,,,,,,,,,,,,,,
2013-12-11,W1F0M46H,ST3000DM001,3000592982016,0,,43962824,,,,,,,,656,,,,,,12246,,,,,,,,,,,,,,,,,,,,,,,,,,,,,,24,,,,,,0,,,,,,,,,,,,,,,,,,,,,,,,,,,,
2013-12-11,W1F0M46R,ST3000DM001,3000592982016,0,,231713280,,,,,,,,0,,,,,,11692,,,,,,,,,,,,,,,,,,,,,,,,,,,,,,27,,,,,,0,,,,,,,,,,,,,,,,,,,,,,,,,,,,
2013-12-11,MJ1311YNG7LNPA,Hitachi HDS5C3030ALA630,3000592982016,0,,0,,,,,,,,0,,,,,,14291,,,,,,,,,,,,,,,,,,,,,,,,,,,,,,25,,,,,,0,,,,,,,,,,,,,,,,,,,,,,,,,,,,
2013-12-11,S1F07P7Q,ST3000DM001,3000592982016,0,,223749304,,,,,,,,0,,,,,,12398,,,,,,,,,,,,,,,,,,,,,,,,,,,,,,26,,,,,,0,,,,,,,,,,,,,,,,,,,,,,,,,,,,
2013-12-11,6XW00WZF,ST31500541AS,1500301910016,0,,60951728,,,,,,,,0,,,,,,32645,,,,,,,,,,,,,,,,,,,,,,,,,,,,,,23,,,,,,0,,,,,,,,,,,,,,,,,,,,,,,,,,,,
2013-12-11,6XW0X76A,ST31500541AS,1500301910016,0,,24307236,,,,,,,,0,,,,,,30972,,,,,,,,,,,,,,,,,,,,,,,,,,,,,,25,,,,,,0,,,,,,,,,,,,,,,,,,,,,,,,,,,,
2013-12-11,Z300P9XF,ST4000DM000,4000787030016,0,,142647768,,,,,,,,0,,,,,,1093,,,,,,,,,,,,,,,,,,,,,,,,,,,,,,27,,,,,,0,,,,,,,,,,,,,,,,,,,,,,,,,,,,
2013-12-11,JK11A8B9GNL2KF,Hitachi HDS722020ALA330,2000398934016,0,,0,,,,,,,,0,,,,,,26493,,,,,,,,,,,,,,,,,,,,,,,,,,,,,,25,,,,,,0,,,,,,,,,,,,,,,,,,,,,,,,,,,,
2013-12-11,6XW02AVN,ST31500541AS,1500301910016,0,,202116033,,,,,,,,0,,,,,,37287,,,,,,,,,,,,,,,,,,,,,,,,,,,,,,27,,,,,,0,,,,,,,,,,,,,,,,,,,,,,,,,,,,
2013-12-11,Z300WKBF,ST4000DM000,4000787030016,0,,172319136,,,,,,,,0,,,,,,108,,,,,,,,,,,,,,,,,,,,,,,,,,,,,,22,,,,,,0,,,,,,,,,,,,,,,,,,,,,,,,,,,,
2013-12-11,MJ0351YNG9VP4A,Hitachi HDS5C3030ALA630,3000592982016,0,,0,,,,,,,,0,,,,,,9913,,,,,,,,,,,,,,,,,,,,,,,,,,,,,,33,,,,,,0,,,,,,,,,,,,,,,,,,,,,,,,,,,,
2013-12-11,PL1321LAG34T9H,Hitachi HDS5C4040ALE630,4000787030016,0,,0,,,,,,,,0,,,,,,5668,,,,,,,,,,,,,,,,,,,,,,,,,,,,,,19,,,,,,0,,,,,,,,,,,,,,,,,,,,,,,,,,,,
2013-12-11,Z300KWZP,ST4000DM000,4000787030016,0,,84635096,,,,,,,,0,,,,,,1445,,,,,,,,,,,,,,,,,,,,,,,,,,,,,,26,,,,,,0,,,,,,,,,,,,,,,,,,,,,,,,,,,,
2013-12-11,MJ1311YNG7G84A,Hitachi HDS5C3030ALA630,3000592982016,0,,0,,,,,,,,0,,,,,,14596,,,,,,,,,,,,,,,,,,,,,,,,,,,,,,26,,,,,,0,,,,,,,,,,,,,,,,,,,,,,,,,,,,
2013-12-11,S1F08FH1,ST3000DM001,3000592982016,0,,76779512,,,,,,,,0,,,,,,12842,,,,,,,,,,,,,,,,,,,,,,,,,,,,,,29,,,,,,0,,,,,,,,,,,,,,,,,,,,,,,,,,,,
2013-12-11,6XW00WZ3,ST31500541AS,1500301910016,0,,6000821,,,,,,,,0,,,,,,36911,,,,,,,,,,,,,,,,,,,,,,,,,,,,,,23,,,,,,0,,,,,,,,,,,,,,,,,,,,,,,,,,,,
2013-12-11,WD-WCAWZ1155195,WDC WD30EZRX,3000592982016,0,,0,,,,,,,,0,,,,,,17615,,,,,,,,,,,,,,,,,,,,,,,,,,,,,,22,,,,,,0,,,,,,,,,,,,,,,,,,,,,,,,,,,,
2013-12-11,6XW00WZ6,ST31500541AS,1500301910016,0,,226162713,,,,,,,,0,,,,,,35758,,,,,,,,,,,,,,,,,,,,,,,,,,,,,,19,,,,,,0,,,,,,,,,,,,,,,,,,,,,,,,,,,,
2013-12-11,MK0331YHGPUJZA,Hitachi HDS723030ALA640,3000592982016,0,,0,,,,,,,,0,,,,,,17354,,,,,,,,,,,,,,,,,,,,,,,,,,,,,,25,,,,,,0,,,,,,,,,,,,,,,,,,,,,,,,,,,,
2013-12-11,W1F03WME,ST3000DM001,3000592982016,0,,210148536,,,,,,,,0,,,,,,10353,,,,,,,,,,,,,,,,,,,,,,,,,,,,,,27,,,,,,0,,,,,,,,,,,,,,,,,,,,,,,,,,,,
2013-12-11,MK0311YHGHXRKA,Hitachi HDS723030ALA640,3000592982016,0,,0,,,,,,,,45,,,,,,16805,,,,,,,,,,,,,,,,,,,,,,,,,,,,,,27,,,,,,0,,,,,,,,,,,,,,,,,,,,,,,,,,,,
2013-12-11,Z290XL7C,ST33000651AS,3000592982016,0,,185070712,,,,,,,,0,,,,,,17050,,,,,,,,,,,,,,,,,,,,,,,,,,,,,,26,,,,,,0,,,,,,,,,,,,,,,,,,,,,,,,,,,,
2013-12-11,Z300JE4W,ST4000DM000,4000787030016,0,,16306704,,,,,,,,0,,,,,,2874,,,,,,,,,,,,,,,,,,,,,,,,,,,,,,21,,,,,,0,,,,,,,,,,,,,,,,,,,,,,,,,,,,
2013-12-11,MJ1311YNG5JW2A,Hitachi HDS5C3030ALA630,3000592982016,0,,0,,,,,,,,0,,,,,,14288,,,,,,,,,,,,,,,,,,,,,,,,,,,,,,32,,,,,,0,,,,,,,,,,,,,,,,,,,,,,,,,,,,
2013-12-11,Z300JE4E,ST4000DM000,4000787030016,0,,200710232,,,,,,,,0,,,,,,2220,,,,,,,,,,,,,,,,,,,,,,,,,,,,,,23,,,,,,0,,,,,,,,,,,,,,,,,,,,,,,,,,,,
2013-12-11,PL2311LAG1MZPC,Hitachi HDS5C4040ALE630,4000787030016,0,,0,,,,,,,,0,,,,,,7759,,,,,,,,,,,,,,,,,,,,,,,,,,,,,,23,,,,,,0,,,,,,,,,,,,,,,,,,,,,,,,,,,,
2013-12-11,W1F09W9N,ST3000DM001,3000592982016,0,,243171648,,,,,,,,0,,,,,,15365,,,,,,,,,,,,,,,,,,,,,,,,,,,,,,23,,,,,,8,,,,,,,,,,,,,,,,,,,,,,,,,,,,
2013-12-11,S1F03FS0,ST3000DM001,3000592982016,0,,126175504,,,,,,,,0,,,,,,15620,,,,,,,,,,,,,,,,,,,,,,,,,,,,,,25,,,,,,0,,,,,,,,,,,,,,,,,,,,,,,,,,,,
2013-12-11,JK11A8B9J7EDBF,Hitachi HDS722020ALA330,2000398934016,0,,65536,,,,,,,,0,,,,,,22021,,,,,,,,,,,,,,,,,,,,,,,,,,,,,,26,,,,,,0,,,,,,,,,,,,,,,,,,,,,,,,,,,,
2013-12-11,6XW19VZ2,ST32000542AS,2000398934016,0,,18439439,,,,,,,,72,,,,,,31706,,,,,,,,,,,,,,,,,,,,,,,,,,,,,,23,,,,,,0,,,,,,,,,,,,,,,,,,,,,,,,,,,,
2013-12-11,MJ0351YNG9W4MA,Hitachi HDS5C3030ALA630,3000592982016,0,,0,,,,,,,,0,,,,,,9901,,,,,,,,,,,,,,,,,,,,,,,,,,,,,,29,,,,,,0,,,,,,,,,,,,,,,,,,,,,,,,,,,,
2013-12-11,JK11A8B9J7PBWF,Hitachi HDS722020ALA330,2000398934016,0,,0,,,,,,,,0,,,,,,24666,,,,,,,,,,,,,,,,,,,,,,,,,,,,,,29,,,,,,0,,,,,,,,,,,,,,,,,,,,,,,,,,,,
2013-12-11,Z300MH0X,ST4000DM000,4000787030016,0,,27037056,,,,,,,,0,,,,,,2921,,,,,,,,,,,,,,,,,,,,,,,,,,,,,,21,,,,,,0,,,,,,,,,,,,,,,,,,,,,,,,,,,,
2013-12-11,MK0301YHGJA52A,Hitachi HDS723030ALA640,3000592982016,0,,196608,,,,,,,,359,,,,,,17010,,,,,,,,,,,,,,,,,,,,,,,,,,,,,,32,,,,,,0,,,,,,,,,,,,,,,,,,,,,,,,,,,,
2013-12-11,MJ1323YNG18RLC,Hitachi HDS5C3030ALA630,3000592982016,0,,0,,,,,,,,0,,,,,,20509,,,,,,,,,,,,,,,,,,,,,,,,,,,,,,23,,,,,,0,,,,,,,,,,,,,,,,,,,,,,,,,,,,
2013-12-11,S1F031FJ,ST3000DM001,3000592982016,0,,182425160,,,,,,,,0,,,,,,15190,,,,,,,,,,,,,,,,,,,,,,,,,,,,,,25,,,,,,24,,,,,,,,,,,,,,,,,,,,,,,,,,,,
2013-12-11,MJ1311YNG5S1XA,Hitachi HDS5C3030ALA630,3000592982016,0,,0,,,,,,,,0,,,,,,14311,,,,,,,,,,,,,,,,,,,,,,,,,,,,,,26,,,,,,0,,,,,,,,,,,,,,,,,,,,,,,,,,,,
2013-12-11,JK11A8B9J7ME7F,Hitachi HDS722020ALA330,2000398934016,0,,1,,,,,,,,0,,,,,,22298,,,,,,,,,,,,,,,,,,,,,,,,,,,,,,33,,,,,,0,,,,,,,,,,,,,,,,,,,,,,,,,,,,
2013-12-11,Z300K1KK,ST4000DM000,4000787030016,0,,189019240,,,,,,,,0,,,,,,2240,,,,,,,,,,,,,,,,,,,,,,,,,,,,,,20,,,,,,0,,,,,,,,,,,,,,,,,,,,,,,,,,,,
2013-12-11,Z1F2BHER,ST3000DM001,3000592982016,0,,86505264,,,,,,,,0,,,,,,1476,,,,,,,,,,,,,,,,,,,,,,,,,,,,,,22,,,,,,0,,,,,,,,,,,,,,,,,,,,,,,,,,,,
2013-12-11,W300BQYG,ST4000DM000,4000787030016,0,,151153512,,,,,,,,0,,,,,,3588,,,,,,,,,,,,,,,,,,,,,,,,,,,,,,24,,,,,,0,,,,,,,,,,,,,,,,,,,,,,,,,,,,
2013-12-11,MK0331YHGSGG1A,Hitachi HDS723030ALA640,3000592982016,0,,0,,,,,,,,0,,,,,,17036,,,,,,,,,,,,,,,,,,,,,,,,,,,,,,25,,,,,,0,,,,,,,,,,,,,,,,,,,,,,,,,,,,
2013-12-11,W300BQYN,ST4000DM000,4000787030016,0,,56704024,,,,,,,,0,,,,,,3238,,,,,,,,,,,,,,,,,,,,,,,,,,,,,,17,,,,,,0,,,,,,,,,,,,,,,,,,,,,,,,,,,,
2013-12-11,JK11A8B9J2ANDF,Hitachi HDS722020ALA330,2000398934016,0,,0,,,,,,,,0,,,,,,23710,,,,,,,,,,,,,,,,,,,,,,,,,,,,,,25,,,,,,0,,,,,,,,,,,,,,,,,,,,,,,,,,,,
2013-12-11,PL1311LAG2HVGH,Hitachi HDS5C4040ALE630,4000787030016,0,,0,,,,,,,,0,,,,,,6993,,,,,,,,,,,,,,,,,,,,,,,,,,,,,,24,,,,,,0,,,,,,,,,,,,,,,,,,,,,,,,,,,,
2013-12-11,MJ1311YNG7LXGA,Hitachi HDS5C3030ALA630,3000592982016,0,,0,,,,,,,,0,,,,,,14620,,,,,,,,,,,,,,,,,,,,,,,,,,,,,,24,,,,,,0,,,,,,,,,,,,,,,,,,,,,,,,,,,,
2013-12-11,PL1321LAG33YJH,Hitachi HDS5C4040ALE630,4000787030016,0,,0,,,,,,,,0,,,,,,5958,,,,,,,,,,,,,,,,,,,,,,,,,,,,,,23,,,,,,0,,,,,,,,,,,,,,,,,,,,,,,,,,,,
2013-12-11,MJ1311YNG30L2A,Hitachi HDS5C3030ALA630,3000592982016,0,,0,,,,,,,,0,,,,,,18405,,,,,,,,,,,,,,,,,,,,,,,,,,,,,,21,,,,,,0,,,,,,,,,,,,,,,,,,,,,,,,,,,,
2013-12-11,PL1311LAG2BUBH,Hitachi HDS5C4040ALE630,4000787030016,0,,0,,,,,,,,0,,,,,,7404,,,,,,,,,,,,,,,,,,,,,,,,,,,,,,25,,,,,,0,,,,,,,,,,,,,,,,,,,,,,,,,,,,
2013-12-11,JK11A8B9J3KTKF,Hitachi HDS722020ALA330,2000398934016,0,,0,,,,,,,,0,,,,,,23709,,,,,,,,,,,,,,,,,,,,,,,,,,,,,,28,,,,,,0,,,,,,,,,,,,,,,,,,,,,,,,,,,,
2013-12-11,PL1321LAG36K9H,Hitachi HDS5C4040ALE630,4000787030016,0,,0,,,,,,,,0,,,,,,5959,,,,,,,,,,,,,,,,,,,,,,,,,,,,,,20,,,,,,0,,,,,,,,,,,,,,,,,,,,,,,,,,,,
2013-12-11,W300KQJX,ST4000DM000,4000787030016,0,,216457808,,,,,,,,0,,,,,,799,,,,,,,,,,,,,,,,,,,,,,,,,,,,,,18,,,,,,0,,,,,,,,,,,,,,,,,,,,,,,,,,,,
2013-12-11,PL1321LAG347EH,Hitachi HDS5C4040ALE630,4000787030016,0,,0,,,,,,,,0,,,,,,6650,,,,,,,,,,,,,,,,,,,,,,,,,,,,,,20,,,,,,0,,,,,,,,,,,,,,,,,,,,,,,,,,,,
2013-12-11,S1F03783,ST3000DM001,3000592982016,0,,52961112,,,,,,,,0,,,,,,12422,,,,,,,,,,,,,,,,,,,,,,,,,,,,,,32,,,,,,0,,,,,,,,,,,,,,,,,,,,,,,,,,,,
2013-12-11,Z1Z03F4F,ST4000DX000,4000787030016,0,,37197102,,,,,,,,0,,,,,,7130,,,,,,,,,,,,,,,,,,,,,,,,,,,,,,37,,,,,,0,,,,,,,,,,,,,,,,,,,,,,,,,,,,
2013-12-11,JK1171YBK1BMDF,Hitachi HDS722020ALA330,2000398934016,0,,0,,,,,,,,0,,,,,,29018,,,,,,,,,,,,,,,,,,,,,,,,,,,,,,24,,,,,,0,,,,,,,,,,,,,,,,,,,,,,,,,,,,
2013-12-11,S1F0CWBZ,ST3000DM001,3000592982016,0,,59347648,,,,,,,,824,,,,,,12419,,,,,,,,,,,,,,,,,,,,,,,,,,,,,,31,,,,,,8,,,,,,,,,,,,,,,,,,,,,,,,,,,,
2013-12-11,PL1321LAG33SEH,Hitachi HDS5C4040ALE630,4000787030016,0,,0,,,,,,,,0,,,,,,5668,,,,,,,,,,,,,,,,,,,,,,,,,,,,,,21,,,,,,0,,,,,,,,,,,,,,,,,,,,,,,,,,,,
2013-12-11,W1F08R8G,ST3000DM001,3000592982016,0,,156896456,,,,,,,,0,,,,,,15245,,,,,,,,,,,,,,,,,,,,,,,,,,,,,,24,,,,,,0,,,,,,,,,,,,,,,,,,,,,,,,,,,,
2013-12-11,W1F0A4FA,ST3000DM001,3000592982016,0,,109950184,,,,,,,,0,,,,,,15365,,,,,,,,,,,,,,,,,,,,,,,,,,,,,,22,,,,,,0,,,,,,,,,,,,,,,,,,,,,,,,,,,,
2013-12-11,PL1311LAG3E9EH,Hitachi HDS5C4040ALE630,4000787030016,0,,0,,,,,,,,0,,,,,,5069,,,,,,,,,,,,,,,,,,,,,,,,,,,,,,27,,,,,,0,,,,,,,,,,,,,,,,,,,,,,,,,,,,
2013-12-11,W1F0TATM,ST3000DM001,3000592982016,0,,194610728,,,,,,,,0,,,,,,9269,,,,,,,,,,,,,,,,,,,,,,,,,,,,,,20,,,,,,0,,,,,,,,,,,,,,,,,,,,,,,,,,,,
2013-12-11,MJ0351YNGA0GWA,Hitachi HDS5C3030ALA630,3000592982016,0,,0,,,,,,,,0,,,,,,8547,,,,,,,,,,,,,,,,,,,,,,,,,,,,,,27,,,,,,0,,,,,,,,,,,,,,,,,,,,,,,,,,,,
2013-12-11,MJ1321YNG0YT6A,Hitachi HDS5C3030ALA630,3000592982016,0,,0,,,,,,,,0,,,,,,20067,,,,,,,,,,,,,,,,,,,,,,,,,,,,,,25,,,,,,0,,,,,,,,,,,,,,,,,,,,,,,,,,,,
2013-12-11,S1F02FEH,ST3000DM001,3000592982016,0,,87325008,,,,,,,,0,,,,,,15224,,,,,,,,,,,,,,,,,,,,,,,,,,,,,,22,,,,,,0,,,,,,,,,,,,,,,,,,,,,,,,,,,,
2013-12-11,9VS2SBW6,ST31500341AS,1500301910016,0,,58624840,,,,,,,,1,,,,,,18368,,,,,,,,,,,,,,,,,,,,,,,,,,,,,,27,,,,,,0,,,,,,,,,,,,,,,,,,,,,,,,,,,,
2013-12-11,MJ1321YNG08EYA,Hitachi HDS5C3030ALA630,3000592982016,0,,0,,,,,,,,0,,,,,,18596,,,,,,,,,,,,,,,,,,,,,,,,,,,,,,22,,,,,,0,,,,,,,,,,,,,,,,,,,,,,,,,,,,
2013-12-11,Z300KE6C,ST4000DM000,4000787030016,0,,85274936,,,,,,,,0,,,,,,1445,,,,,,,,,,,,,,,,,,,,,,,,,,,,,,25,,,,,,0,,,,,,,,,,,,,,,,,,,,,,,,,,,,
2013-12-11,Z252A30AS,TOSHIBA DT01ACA300,3000592982016,0,,0,,,,,,,,0,,,,,,6612,,,,,,,,,,,,,,,,,,,,,,,,,,,,,,27,,,,,,0,,,,,,,,,,,,,,,,,,,,,,,,,,,,
2013-12-11,W300AMX1,ST4000DM000,4000787030016,0,,222305480,,,,,,,,0,,,,,,2224,,,,,,,,,,,,,,,,,,,,,,,,,,,,,,20,,,,,,0,,,,,,,,,,,,,,,,,,,,,,,,,,,,
2013-12-11,W30057RJ,ST4000DM000,4000787030016,0,,117068592,,,,,,,,0,,,,,,2611,,,,,,,,,,,,,,,,,,,,,,,,,,,,,,22,,,,,,0,,,,,,,,,,,,,,,,,,,,,,,,,,,,
2013-12-11,W1F096ZV,ST3000DM001,3000592982016,0,,183560424,,,,,,,,0,,,,,,13356,,,,,,,,,,,,,,,,,,,,,,,,,,,,,,26,,,,,,0,,,,,,,,,,,,,,,,,,,,,,,,,,,,
2013-12-11,MJ0351YNGA19RA,Hitachi HDS5C3030ALA630,3000592982016,0,,0,,,,,,,,0,,,,,,9132,,,,,,,,,,,,,,,,,,,,,,,,,,,,,,28,,,,,,0,,,,,,,,,,,,,,,,,,,,,,,,,,,,
2013-12-11,W300AWBZ,ST4000DM000,4000787030016,0,,81437552,,,,,,,,0,,,,,,4168,,,,,,,,,,,,,,,,,,,,,,,,,,,,,,27,,,,,,0,,,,,,,,,,,,,,,,,,,,,,,,,,,,
2013-12-11,PL2310LAG0MA2C,Hitachi HDS5C4040ALE630,4000787030016,0,,0,,,,,,,,0,,,,,,12998,,,,,,,,,,,,,,,,,,,,,,,,,,,,,,23,,,,,,0,,,,,,,,,,,,,,,,,,,,,,,,,,,,
2013-12-11,JK11A8B9J34MEF,Hitachi HDS722020ALA330,2000398934016,0,,65536,,,,,,,,0,,,,,,22703,,,,,,,,,,,,,,,,,,,,,,,,,,,,,,26,,,,,,0,,,,,,,,,,,,,,,,,,,,,,,,,,,,
2013-12-11,Z300MJEQ,ST4000DM000,4000787030016,0,,153334696,,,,,,,,0,,,,,,2901,,,,,,,,,,,,,,,,,,,,,,,,,,,,,,26,,,,,,0,,,,,,,,,,,,,,,,,,,,,,,,,,,,
2013-12-11,6XW0XMQQ,ST31500541AS,1500301910016,0,,28978412,,,,,,,,0,,,,,,33840,,,,,,,,,,,,,,,,,,,,,,,,,,,,,,21,,,,,,0,,,,,,,,,,,,,,,,,,,,,,,,,,,,
2013-12-11,PL1321LAG35J8H,Hitachi HDS5C4040ALE630,4000787030016,0,,0,,,,,,,,0,,,,,,5052,,,,,,,,,,,,,,,,,,,,,,,,,,,,,,28,,,,,,0,,,,,,,,,,,,,,,,,,,,,,,,,,,,
2013-12-11,MJ1321YNG0K95A,Hitachi HDS5C3030ALA630,3000592982016,0,,196624,,,,,,,,0,,,,,,20507,,,,,,,,,,,,,,,,,,,,,,,,,,,,,,23,,,,,,0,,,,,,,,,,,,,,,,,,,,,,,,,,,,
2013-12-11,6XW0XMQA,ST31500541AS,1500301910016,0,,185391843,,,,,,,,0,,,,,,34196,,,,,,,,,,,,,,,,,,,,,,,,,,,,,,20,,,,,,0,,,,,,,,,,,,,,,,,,,,,,,,,,,,
2013-12-11,MJ0351YNG9WA8A,Hitachi HDS5C3030ALA630,3000592982016,0,,0,,,,,,,,0,,,,,,9974,,,,,,,,,,,,,,,,,,,,,,,,,,,,,,25,,,,,,0,,,,,,,,,,,,,,,,,,,,,,,,,,,,
2013-12-11,MJ0351YNG9VL7A,Hitachi HDS5C3030ALA630,3000592982016,0,,0,,,,,,,,0,,,,,,9987,,,,,,,,,,,,,,,,,,,,,,,,,,,,,,30,,,,,,0,,,,,,,,,,,,,,,,,,,,,,,,,,,,
2013-12-11,Z300KL37,ST4000DM000,4000787030016,0,,69380240,,,,,,,,0,,,,,,2221,,,,,,,,,,,,,,,,,,,,,,,,,,,,,,24,,,,,,0,,,,,,,,,,,,,,,,,,,,,,,,,,,,
2013-12-11,WD-WCAU45402834,WDC WD10EADS,1000204886016,0,,2,,,,,,,,0,,,,,,41782,,,,,,,,,,,,,,,,,,,,,,,,,,,,,,24,,,,,,0,,,,,,,,,,,,,,,,,,,,,,,,,,,,
2013-12-11,S1F0A1S9,ST3000DM001,3000592982016,0,,51281616,,,,,,,,0,,,,,,12842,,,,,,,,,,,,,,,,,,,,,,,,,,,,,,28,,,,,,0,,,,,,,,,,,,,,,,,,,,,,,,,,,,
2013-12-11,S1F0A1S3,ST3000DM001,3000592982016,0,,93299584,,,,,,,,0,,,,,,12842,,,,,,,,,,,,,,,,,,,,,,,,,,,,,,24,,,,,,0,,,,,,,,,,,,,,,,,,,,,,,,,,,,
2013-12-11,W1F0WKLP,ST3000DM001,3000592982016,0,,75817368,,,,,,,,0,,,,,,11639,,,,,,,,,,,,,,,,,,,,,,,,,,,,,,20,,,,,,0,,,,,,,,,,,,,,,,,,,,,,,,,,,,
2013-12-11,JK1170YBJXSNMD,Hitachi HDS722020ALA330,2000398934016,0,,65537,,,,,,,,0,,,,,,28154,,,,,,,,,,,,,,,,,,,,,,,,,,,,,,27,,,,,,0,,,,,,,,,,,,,,,,,,,,,,,,,,,,
2013-12-11,MJ0351YNG9UM8A,Hitachi HDS5C3030ALA630,3000592982016,0,,0,,,,,,,,0,,,,,,9905,,,,,,,,,,,,,,,,,,,,,,,,,,,,,,25,,,,,,0,,,,,,,,,,,,,,,,,,,,,,,,,,,,
2013-12-11,MJ0351YNG9Y00A,Hitachi HDS5C3030ALA630,3000592982016,0,,0,,,,,,,,0,,,,,,9146,,,,,,,,,,,,,,,,,,,,,,,,,,,,,,30,,,,,,0,,,,,,,,,,,,,,,,,,,,,,,,,,,,
2013-12-11,MJ0351YNGA28UA,Hitachi HDS5C3030ALA630,3000592982016,0,,0,,,,,,,,0,,,,,,9901,,,,,,,,,,,,,,,,,,,,,,,,,,,,,,28,,,,,,0,,,,,,,,,,,,,,,,,,,,,,,,,,,,
2013-12-11,W1F09W3B,ST3000DM001,3000592982016,0,,95667432,,,,,,,,0,,,,,,15365,,,,,,,,,,,,,,,,,,,,,,,,,,,,,,22,,,,,,0,,,,,,,,,,,,,,,,,,,,,,,,,,,,
2013-12-11,WD-WCAU45901559,WDC WD10EACS,1000204886016,0,,4,,,,,,,,0,,,,,,42377,,,,,,,,,,,,,,,,,,,,,,,,,,,,,,22,,,,,,0,,,,,,,,,,,,,,,,,,,,,,,,,,,,
2013-12-11,6XW05AAP,ST31500541AS,1500301910016,0,,11041001,,,,,,,,0,,,,,,36394,,,,,,,,,,,,,,,,,,,,,,,,,,,,,,21,,,,,,0,,,,,,,,,,,,,,,,,,,,,,,,,,,,
2013-12-11,MK0331YHGSLKUA,Hitachi HDS723030ALA640,3000592982016,0,,1,,,,,,,,0,,,,,,16680,,,,,,,,,,,,,,,,,,,,,,,,,,,,,,28,,,,,,0,,,,,,,,,,,,,,,,,,,,,,,,,,,,
2013-12-11,S1F0TNY8,ST3000DM001,3000592982016,0,,242371744,,,,,,,,0,,,,,,10837,,,,,,,,,,,,,,,,,,,,,,,,,,,,,,26,,,,,,0,,,,,,,,,,,,,,,,,,,,,,,,,,,,
2013-12-11,PL1311LAG3A96H,Hitachi HDS5C4040ALE630,4000787030016,0,,0,,,,,,,,0,,,,,,5950,,,,,,,,,,,,,,,,,,,,,,,,,,,,,,24,,,,,,0,,,,,,,,,,,,,,,,,,,,,,,,,,,,
2013-12-11,MK0333YHGRKK4C,Hitachi HDS723030ALA640,3000592982016,0,,65537,,,,,,,,0,,,,,,17762,,,,,,,,,,,,,,,,,,,,,,,,,,,,,,21,,,,,,0,,,,,,,,,,,,,,,,,,,,,,,,,,,,
2013-12-11,PL1311LAG2HTLH,Hitachi HDS5C4040ALE630,4000787030016,0,,0,,,,,,,,0,,,,,,5959,,,,,,,,,,,,,,,,,,,,,,,,,,,,,,17,,,,,,0,,,,,,,,,,,,,,,,,,,,,,,,,,,,
2013-12-11,W300H553,ST4000DM000,4000787030016,0,,47239824,,,,,,,,0,,,,,,948,,,,,,,,,,,,,,,,,,,,,,,,,,,,,,18,,,,,,0,,,,,,,,,,,,,,,,,,,,,,,,,,,,
2013-12-11,JK1101B9KMR9YF,Hitachi HDS722020ALA330,2000398934016,0,,0,,,,,,,,0,,,,,,23075,,,,,,,,,,,,,,,,,,,,,,,,,,,,,,30,,,,,,0,,,,,,,,,,,,,,,,,,,,,,,,,,,,
2013-12-11,JK11A8B9J3A6MF,Hitachi HDS722020ALA330,2000398934016,0,,0,,,,,,,,0,,,,,,24432,,,,,,,,,,,,,,,,,,,,,,,,,,,,,,28,,,,,,0,,,,,,,,,,,,,,,,,,,,,,,,,,,,
2013-12-11,JK1101B9JPLUHF,Hitachi HDS722020ALA330,2000398934016,0,,262147,,,,,,,,0,,,,,,24100,,,,,,,,,,,,,,,,,,,,,,,,,,,,,,29,,,,,,0,,,,,,,,,,,,,,,,,,,,,,,,,,,,
2013-12-11,9VS3JDJY,ST31500341AS,1500301910016,0,,143296911,,,,,,,,10,,,,,,32916,,,,,,,,,,,,,,,,,,,,,,,,,,,,,,25,,,,,,0,,,,,,,,,,,,,,,,,,,,,,,,,,,,
2013-12-11,JK11A8B9HVWR8F,Hitachi HDS722020ALA330,2000398934016,0,,0,,,,,,,,0,,,,,,24501,,,,,,,,,,,,,,,,,,,,,,,,,,,,,,30,,,,,,0,,,,,,,,,,,,,,,,,,,,,,,,,,,,
2013-12-11,MJ1311YNG30S5A,Hitachi HDS5C3030ALA630,3000592982016,0,,0,,,,,,,,0,,,,,,20730,,,,,,,,,,,,,,,,,,,,,,,,,,,,,,31,,,,,,0,,,,,,,,,,,,,,,,,,,,,,,,,,,,
2013-12-11,6XW03895,ST31500541AS,1500301910016,0,,90977557,,,,,,,,0,,,,,,36940,,,,,,,,,,,,,,,,,,,,,,,,,,,,,,21,,,,,,0,,,,,,,,,,,,,,,,,,,,,,,,,,,,
2013-12-11,S1F0TNYF,ST3000DM001,3000592982016,0,,127089104,,,,,,,,0,,,,,,10760,,,,,,,,,,,,,,,,,,,,,,,,,,,,,,24,,,,,,0,,,,,,,,,,,,,,,,,,,,,,,,,,,,
2013-12-11,PL1331LAG5B48H,HGST HMS5C4040ALE640,4000787030016,0,,0,,,,,,,,0,,,,,,9401,,,,,,,,,,,,,,,,,,,,,,,,,,,,,,30,,,,,,0,,,,,,,,,,,,,,,,,,,,,,,,,,,,
2013-12-11,WD-WCAU45485661,WDC WD10EADS,1000204886016,0,,26,,,,,,,,0,,,,,,40523,,,,,,,,,,,,,,,,,,,,,,,,,,,,,,27,,,,,,0,,,,,,,,,,,,,,,,,,,,,,,,,,,,
2013-12-11,PL1321LAG31SPH,Hitachi HDS5C4040ALE630,4000787030016,0,,0,,,,,,,,0,,,,,,6652,,,,,,,,,,,,,,,,,,,,,,,,,,,,,,22,,,,,,0,,,,,,,,,,,,,,,,,,,,,,,,,,,,
2013-12-11,MJ0351YNG9SWZA,Hitachi HDS5C3030ALA630,3000592982016,0,,0,,,,,,,,0,,,,,,8830,,,,,,,,,,,,,,,,,,,,,,,,,,,,,,28,,,,,,0,,,,,,,,,,,,,,,,,,,,,,,,,,,,
2013-12-11,PL1311LAG1GWSA,Hitachi HDS5C4040ALE630,4000787030016,0,,0,,,,,,,,0,,,,,,6993,,,,,,,,,,,,,,,,,,,,,,,,,,,,,,23,,,,,,0,,,,,,,,,,,,,,,,,,,,,,,,,,,,
2013-12-11,MJ1321YNG0SBJA,Hitachi HDS5C3030ALA630,3000592982016,0,,1,,,,,,,,0,,,,,,19762,,,,,,,,,,,,,,,,,,,,,,,,,,,,,,26,,,,,,0,,,,,,,,,,,,,,,,,,,,,,,,,,,,
2013-12-11,JK11A8B9JNVJUF,Hitachi HDS722020ALA330,2000398934016,0,,0,,,,,,,,0,,,,,,23718,,,,,,,,,,,,,,,,,,,,,,,,,,,,,,28,,,,,,0,,,,,,,,,,,,,,,,,,,,,,,,,,,,
2013-12-11,Z300PBQ1,ST4000DM000,4000787030016,0,,120803728,,,,,,,,0,,,,,,1233,,,,,,,,,,,,,,,,,,,,,,,,,,,,,,22,,,,,,0,,,,,,,,,,,,,,,,,,,,,,,,,,,,
2013-12-11,WD-WCAWZ0809956,WDC WD30EZRX,3000592982016,0,,74,,,,,,,,0,,,,,,16130,,,,,,,,,,,,,,,,,,,,,,,,,,,,,,21,,,,,,3,,,,,,,,,,,,,,,,,,,,,,,,,,,,
2013-12-11,MJ0351YNG9T4EA,Hitachi HDS5C3030ALA630,3000592982016,0,,0,,,,,,,,0,,,,,,9904,,,,,,,,,,,,,,,,,,,,,,,,,,,,,,25,,,,,,0,,,,,,,,,,,,,,,,,,,,,,,,,,,,
2013-12-11,JK1105B8GG4NKX,Hitachi HDS722020ALA330,2000398934016,0,,0,,,,,,,,0,,,,,,26859,,,,,,,,,,,,,,,,,,,,,,,,,,,,,,34,,,,,,0,,,,,,,,,,,,,,,,,,,,,,,,,,,,
2013-12-11,JK1105B8GG4TKX,Hitachi HDS722020ALA330,2000398934016,0,,65537,,,,,,,,0,,,,,,27213,,,,,,,,,,,,,,,,,,,,,,,,,,,,,,27,,,,,,0,,,,,,,,,,,,,,,,,,,,,,,,,,,,
2013-12-11,MJ1323YNG1SYXC,Hitachi HDS5C3030ALA630,3000592982016,0,,0,,,,,,,,0,,,,,,19747,,,,,,,,,,,,,,,,,,,,,,,,,,,,,,24,,,,,,0,,,,,,,,,,,,,,,,,,,,,,,,,,,,
2013-12-11,W300BMQ7,ST4000DM000,4000787030016,0,,54531824,,,,,,,,0,,,,,,3611,,,,,,,,,,,,,,,,,,,,,,,,,,,,,,25,,,,,,0,,,,,,,,,,,,,,,,,,,,,,,,,,,,
2013-12-11,MJ1311YNG3E1YA,Hitachi HDS5C3030ALA630,3000592982016,0,,0,,,,,,,,0,,,,,,19310,,,,,,,,,,,,,,,,,,,,,,,,,,,,,,27,,,,,,0,,,,,,,,,,,,,,,,,,,,,,,,,,,,
2013-12-11,W300KKRP,ST4000DM000,4000787030016,0,,123674008,,,,,,,,0,,,,,,919,,,,,,,,,,,,,,,,,,,,,,,,,,,,,,19,,,,,,0,,,,,,,,,,,,,,,,,,,,,,,,,,,,
2013-12-11,PL1301LAG2ZP3H,Hitachi HDS5C4040ALE630,4000787030016,0,,0,,,,,,,,0,,,,,,5670,,,,,,,,,,,,,,,,,,,,,,,,,,,,,,19,,,,,,0,,,,,,,,,,,,,,,,,,,,,,,,,,,,
2013-12-11,PL1311LAG24U4A,Hitachi HDS5C4040ALE630,4000787030016,0,,0,,,,,,,,0,,,,,,7463,,,,,,,,,,,,,,,,,,,,,,,,,,,,,,25,,,,,,0,,,,,,,,,,,,,,,,,,,,,,,,,,,,
2013-12-11,PL2311LAG1JB2C,Hitachi HDS5C4040ALE630,4000787030016,0,,0,,,,,,,,0,,,,,,7757,,,,,,,,,,,,,,,,,,,,,,,,,,,,,,26,,,,,,0,,,,,,,,,,,,,,,,,,,,,,,,,,,,
2013-12-11,Z300C8VG,ST4000DM000,4000787030016,0,,136098560,,,,,,,,0,,,,,,2257,,,,,,,,,,,,,,,,,,,,,,,,,,,,,,23,,,,,,0,,,,,,,,,,,,,,,,,,,,,,,,,,,,
2013-12-11,PL1301LAG2WT8A,Hitachi HDS5C4040ALE630,4000787030016,0,,0,,,,,,,,0,,,,,,5137,,,,,,,,,,,,,,,,,,,,,,,,,,,,,,25,,,,,,0,,,,,,,,,,,,,,,,,,,,,,,,,,,,
2013-12-11,JK11A8B9J3AKEF,Hitachi HDS722020ALA330,2000398934016,0,,0,,,,,,,,0,,,,,,23829,,,,,,,,,,,,,,,,,,,,,,,,,,,,,,26,,,,,,0,,,,,,,,,,,,,,,,,,,,,,,,,,,,
2013-12-11,S1F0QYBJ,ST3000DM001,3000592982016,0,,151207856,,,,,,,,0,,,,,,11641,,,,,,,,,,,,,,,,,,,,,,,,,,,,,,24,,,,,,0,,,,,,,,,,,,,,,,,,,,,,,,,,,,
2013-12-11,JK1105B8GDM8JX,Hitachi HDS722020ALA330,2000398934016,0,,0,,,,,,,,0,,,,,,26859,,,,,,,,,,,,,,,,,,,,,,,,,,,,,,35,,,,,,0,,,,,,,,,,,,,,,,,,,,,,,,,,,,
2013-12-11,S1F13K7S,ST3000DM001,3000592982016,0,,98150472,,,,,,,,0,,,,,,8651,,,,,,,,,,,,,,,,,,,,,,,,,,,,,,28,,,,,,0,,,,,,,,,,,,,,,,,,,,,,,,,,,,
2013-12-11,JK11A8B9JPXBNF,Hitachi HDS722020ALA330,2000398934016,0,,65539,,,,,,,,2,,,,,,23711,,,,,,,,,,,,,,,,,,,,,,,,,,,,,,27,,,,,,0,,,,,,,,,,,,,,,,,,,,,,,,,,,,
2013-12-11,MJ0351YNG9Z2SA,Hitachi HDS5C3030ALA630,3000592982016,0,,0,,,,,,,,0,,,,,,9939,,,,,,,,,,,,,,,,,,,,,,,,,,,,,,25,,,,,,0,,,,,,,,,,,,,,,,,,,,,,,,,,,,
2013-12-11,Z1F12653,ST3000DM001,3000592982016,0,,29264000,,,,,,,,0,,,,,,8164,,,,,,,,,,,,,,,,,,,,,,,,,,,,,,28,,,,,,0,,,,,,,,,,,,,,,,,,,,,,,,,,,,
2013-12-11,S1F06VM8,ST3000DM001,3000592982016,0,,82184568,,,,,,,,0,,,,,,13913,,,,,,,,,,,,,,,,,,,,,,,,,,,,,,21,,,,,,0,,,,,,,,,,,,,,,,,,,,,,,,,,,,
2013-12-11,S1F0TD9A,ST3000DM001,3000592982016,0,,73253096,,,,,,,,0,,,,,,10726,,,,,,,,,,,,,,,,,,,,,,,,,,,,,,22,,,,,,0,,,,,,,,,,,,,,,,,,,,,,,,,,,,
2013-12-11,JK1101B9GE8E9F,Hitachi HDS722020ALA330,2000398934016,0,,65537,,,,,,,,1,,,,,,26859,,,,,,,,,,,,,,,,,,,,,,,,,,,,,,28,,,,,,0,,,,,,,,,,,,,,,,,,,,,,,,,,,,
2013-12-11,S1F0CVVZ,ST3000DM001,3000592982016,0,,116080064,,,,,,,,0,,,,,,12359,,,,,,,,,,,,,,,,,,,,,,,,,,,,,,25,,,,,,0,,,,,,,,,,,,,,,,,,,,,,,,,,,,
2013-12-11,MJ0351YNGAD2ZA,Hitachi HDS5C3030ALA630,3000592982016,0,,0,,,,,,,,0,,,,,,8214,,,,,,,,,,,,,,,,,,,,,,,,,,,,,,28,,,,,,0,,,,,,,,,,,,,,,,,,,,,,,,,,,,
2013-12-11,6XW02G33,ST31500541AS,1500301910016,0,,71201185,,,,,,,,0,,,,,,35438,,,,,,,,,,,,,,,,,,,,,,,,,,,,,,20,,,,,,0,,,,,,,,,,,,,,,,,,,,,,,,,,,,
2013-12-11,JK1101YBK8LKDF,Hitachi HDS722020ALA330,2000398934016,0,,131075,,,,,,,,10,,,,,,29211,,,,,,,,,,,,,,,,,,,,,,,,,,,,,,32,,,,,,0,,,,,,,,,,,,,,,,,,,,,,,,,,,,
2013-12-11,S1F0EER1,ST3000DM001,3000592982016,0,,205487072,,,,,,,,0,,,,,,11578,,,,,,,,,,,,,,,,,,,,,,,,,,,,,,25,,,,,,0,,,,,,,,,,,,,,,,,,,,,,,,,,,,
2013-12-11,MJ0351YNG9YN3A,Hitachi HDS5C3030ALA630,3000592982016,0,,0,,,,,,,,0,,,,,,9772,,,,,,,,,,,,,,,,,,,,,,,,,,,,,,29,,,,,,0,,,,,,,,,,,,,,,,,,,,,,,,,,,,
2013-12-11,W1F096Y9,ST3000DM001,3000592982016,0,,56983768,,,,,,,,0,,,,,,13363,,,,,,,,,,,,,,,,,,,,,,,,,,,,,,23,,,,,,0,,,,,,,,,,,,,,,,,,,,,,,,,,,,
2013-12-11,5XW03FR1,ST31500541AS,1500301910016,0,,14920416,,,,,,,,0,,,,,,35226,,,,,,,,,,,,,,,,,,,,,,,,,,,,,,21,,,,,,0,,,,,,,,,,,,,,,,,,,,,,,,,,,,
2013-12-11,W300J6BA,ST4000DM000,4000787030016,0,,49405936,,,,,,,,0,,,,,,2239,,,,,,,,,,,,,,,,,,,,,,,,,,,,,,22,,,,,,0,,,,,,,,,,,,,,,,,,,,,,,,,,,,
2013-12-11,6XW04VZ9,ST31500541AS,1500301910016,0,,100908561,,,,,,,,498,,,,,,36962,,,,,,,,,,,,,,,,,,,,,,,,,,,,,,22,,,,,,0,,,,,,,,,,,,,,,,,,,,,,,,,,,,
2013-12-11,W300J6BD,ST4000DM000,4000787030016,0,,130224248,,,,,,,,0,,,,,,1703,,,,,,,,,,,,,,,,,,,,,,,,,,,,,,24,,,,,,0,,,,,,,,,,,,,,,,,,,,,,,,,,,,
2013-12-11,WD-WMC1T1615923,WDC WD30EFRX,3000592982016,0,,0,,,,,,,,0,,,,,,7392,,,,,,,,,,,,,,,,,,,,,,,,,,,,,,22,,,,,,0,,,,,,,,,,,,,,,,,,,,,,,,,,,,
2013-12-11,MK0333YHGRGZZC,Hitachi HDS723030ALA640,3000592982016,0,,65536,,,,,,,,0,,,,,,17355,,,,,,,,,,,,,,,,,,,,,,,,,,,,,,25,,,,,,0,,,,,,,,,,,,,,,,,,,,,,,,,,,,
2013-12-11,W300J6BJ,ST4000DM000,4000787030016,0,,88799232,,,,,,,,0,,,,,,1703,,,,,,,,,,,,,,,,,,,,,,,,,,,,,,25,,,,,,0,,,,,,,,,,,,,,,,,,,,,,,,,,,,
2013-12-11,S1F01TTK,ST3000DM001,3000592982016,0,,142562032,,,,,,,,0,,,,,,15245,,,,,,,,,,,,,,,,,,,,,,,,,,,,,,24,,,,,,0,,,,,,,,,,,,,,,,,,,,,,,,,,,,
2013-12-11,W300BMQA,ST4000DM000,4000787030016,0,,30766768,,,,,,,,0,,,,,,3587,,,,,,,,,,,,,,,,,,,,,,,,,,,,,,23,,,,,,0,,,,,,,,,,,,,,,,,,,,,,,,,,,,
2013-12-11,PL1311LAG37YYH,Hitachi HDS5C4040ALE630,4000787030016,0,,0,,,,,,,,0,,,,,,3629,,,,,,,,,,,,,,,,,,,,,,,,,,,,,,30,,,,,,0,,,,,,,,,,,,,,,,,,,,,,,,,,,,
2013-12-11,MJ1311YNG36ZVA,Hitachi HDS5C3030ALA630,3000592982016,0,,0,,,,,,,,0,,,,,,18049,,,,,,,,,,,,,,,,,,,,,,,,,,,,,,23,,,,,,0,,,,,,,,,,,,,,,,,,,,,,,,,,,,
2013-12-11,W300BMQE,ST4000DM000,4000787030016,0,,228831888,,,,,,,,0,,,,,,3588,,,,,,,,,,,,,,,,,,,,,,,,,,,,,,24,,,,,,0,,,,,,,,,,,,,,,,,,,,,,,,,,,,
2013-12-11,6XW00W7E,ST31500541AS,1500301910016,0,,231053979,,,,,,,,0,,,,,,37280,,,,,,,,,,,,,,,,,,,,,,,,,,,,,,25,,,,,,0,,,,,,,,,,,,,,,,,,,,,,,,,,,,
2013-12-11,Z290W031,ST33000651AS,3000592982016,0,,211561226,,,,,,,,0,,,,,,17050,,,,,,,,,,,,,,,,,,,,,,,,,,,,,,22,,,,,,0,,,,,,,,,,,,,,,,,,,,,,,,,,,,
2013-12-11,WD-WMC1T0883689,WDC WD30EFRX,3000592982016,0,,0,,,,,,,,0,,,,,,8840,,,,,,,,,,,,,,,,,,,,,,,,,,,,,,28,,,,,,0,,,,,,,,,,,,,,,,,,,,,,,,,,,,
2013-12-11,MJ1311YNG7EKHA,Hitachi HDS5C3030ALA630,3000592982016,0,,0,,,,,,,,0,,,,,,14289,,,,,,,,,,,,,,,,,,,,,,,,,,,,,,28,,,,,,0,,,,,,,,,,,,,,,,,,,,,,,,,,,,
2013-12-11,WD-WCAU45662155,WDC WD10EADS,1000204886016,0,,0,,,,,,,,0,,,,,,38890,,,,,,,,,,,,,,,,,,,,,,,,,,,,,,29,,,,,,0,,,,,,,,,,,,,,,,,,,,,,,,,,,,
2013-12-11,Z1F0LKDD,ST3000DM001,3000592982016,0,,153228752,,,,,,,,0,,,,,,12179,,,,,,,,,,,,,,,,,,,,,,,,,,,,,,31,,,,,,0,,,,,,,,,,,,,,,,,,,,,,,,,,,,
2013-12-11,W300C5AB,ST4000DM000,4000787030016,0,,49579328,,,,,,,,0,,,,,,1331,,,,,,,,,,,,,,,,,,,,,,,,,,,,,,22,,,,,,0,,,,,,,,,,,,,,,,,,,,,,,,,,,,
2013-12-11,W300C5AH,ST4000DM000,4000787030016,0,,230870120,,,,,,,,0,,,,,,4140,,,,,,,,,,,,,,,,,,,,,,,,,,,,,,23,,,,,,0,,,,,,,,,,,,,,,,,,,,,,,,,,,,
2013-12-11,W300C5AM,ST4000DM000,4000787030016,0,,240351104,,,,,,,,0,,,,,,4167,,,,,,,,,,,,,,,,,,,,,,,,,,,,,,29,,,,,,0,,,,,,,,,,,,,,,,,,,,,,,,,,,,
2013-12-11,W300BNT7,ST4000DM000,4000787030016,0,,173526272,,,,,,,,0,,,,,,4353,,,,,,,,,,,,,,,,,,,,,,,,,,,,,,26,,,,,,0,,,,,,,,,,,,,,,,,,,,,,,,,,,,
2013-12-11,PL1321LAGB2SLH,Hitachi HDS5C4040ALE630,4000787030016,0,,0,,,,,,,,0,,,,,,5075,,,,,,,,,,,,,,,,,,,,,,,,,,,,,,25,,,,,,0,,,,,,,,,,,,,,,,,,,,,,,,,,,,
2013-12-11,MJ1323YNG1R19C,Hitachi HDS5C3030ALA630,3000592982016,0,,0,,,,,,,,0,,,,,,19632,,,,,,,,,,,,,,,,,,,,,,,,,,,,,,23,,,,,,0,,,,,,,,,,,,,,,,,,,,,,,,,,,,
2013-12-11,W300C5A8,ST4000DM000,4000787030016,0,,154631720,,,,,,,,0,,,,,,4047,,,,,,,,,,,,,,,,,,,,,,,,,,,,,,21,,,,,,0,,,,,,,,,,,,,,,,,,,,,,,,,,,,
2013-12-11,MJ0351YNG9UZGA,Hitachi HDS5C3030ALA630,3000592982016,0,,0,,,,,,,,0,,,,,,9904,,,,,,,,,,,,,,,,,,,,,,,,,,,,,,25,,,,,,0,,,,,,,,,,,,,,,,,,,,,,,,,,,,
2013-12-11,MJ1323YNG0Z77C,Hitachi HDS5C3030ALA630,3000592982016,0,,4653056,,,,,,,,0,,,,,,20732,,,,,,,,,,,,,,,,,,,,,,,,,,,,,,24,,,,,,0,,,,,,,,,,,,,,,,,,,,,,,,,,,,
2013-12-11,S1F0BJ3G,ST3000DM001,3000592982016,0,,153133704,,,,,,,,0,,,,,,12403,,,,,,,,,,,,,,,,,,,,,,,,,,,,,,29,,,,,,0,,,,,,,,,,,,,,,,,,,,,,,,,,,,
2013-12-11,MJ0351YNG9Z8MA,Hitachi HDS5C3030ALA630,3000592982016,0,,0,,,,,,,,0,,,,,,9913,,,,,,,,,,,,,,,,,,,,,,,,,,,,,,31,,,,,,0,,,,,,,,,,,,,,,,,,,,,,,,,,,,
2013-12-11,JK11A4B8J7SGLW,Hitachi HDS722020ALA330,2000398934016,0,,0,,,,,,,,0,,,,,,25123,,,,,,,,,,,,,,,,,,,,,,,,,,,,,,26,,,,,,0,,,,,,,,,,,,,,,,,,,,,,,,,,,,
2013-12-11,PL1311LAG3938H,Hitachi HDS5C4040ALE630,4000787030016,0,,0,,,,,,,,0,,,,,,5940,,,,,,,,,,,,,,,,,,,,,,,,,,,,,,21,,,,,,0,,,,,,,,,,,,,,,,,,,,,,,,,,,,
2013-12-11,PL1321LAG35G7H,Hitachi HDS5C4040ALE630,4000787030016,0,,0,,,,,,,,0,,,,,,6649,,,,,,,,,,,,,,,,,,,,,,,,,,,,,,23,,,,,,0,,,,,,,,,,,,,,,,,,,,,,,,,,,,
2013-12-11,5XW03LKX,ST31500541AS,1500301910016,0,,137704993,,,,,,,,0,,,,,,37289,,,,,,,,,,,,,,,,,,,,,,,,,,,,,,24,,,,,,0,,,,,,,,,,,,,,,,,,,,,,,,,,,,
2013-12-11,Z300KKVH,ST4000DM000,4000787030016,0,,82779680,,,,,,,,0,,,,,,105,,,,,,,,,,,,,,,,,,,,,,,,,,,,,,25,,,,,,0,,,,,,,,,,,,,,,,,,,,,,,,,,,,
2013-12-11,W300D6Y9,ST4000DM000,4000787030016,0,,123309288,,,,,,,,0,,,,,,4136,,,,,,,,,,,,,,,,,,,,,,,,,,,,,,22,,,,,,0,,,,,,,,,,,,,,,,,,,,,,,,,,,,
2013-12-11,JK1171YBK1AAKF,Hitachi HDS722020ALA330,2000398934016,0,,196614,,,,,,,,0,,,,,,29019,,,,,,,,,,,,,,,,,,,,,,,,,,,,,,24,,,,,,0,,,,,,,,,,,,,,,,,,,,,,,,,,,,
2013-12-11,W300BHGL,ST4000DM000,4000787030016,0,,56930328,,,,,,,,0,,,,,,4189,,,,,,,,,,,,,,,,,,,,,,,,,,,,,,25,,,,,,0,,,,,,,,,,,,,,,,,,,,,,,,,,,,
2013-12-11,5XW03JQ6,ST31500541AS,1500301910016,0,,109641548,,,,,,,,0,,,,,,35743,,,,,,,,,,,,,,,,,,,,,,,,,,,,,,23,,,,,,0,,,,,,,,,,,,,,,,,,,,,,,,,,,,
2013-12-11,W300BHGV,ST4000DM000,4000787030016,0,,206206720,,,,,,,,0,,,,,,3603,,,,,,,,,,,,,,,,,,,,,,,,,,,,,,20,,,,,,0,,,,,,,,,,,,,,,,,,,,,,,,,,,,
2013-12-11,Z300W0SL,ST4000DM000,4000787030016,0,,192748136,,,,,,,,0,,,,,,957,,,,,,,,,,,,,,,,,,,,,,,,,,,,,,21,,,,,,0,,,,,,,,,,,,,,,,,,,,,,,,,,,,
2013-12-11,WD-WCAU46097979,WDC WD10EADS,1000204886016,0,,3,,,,,,,,0,,,,,,41504,,,,,,,,,,,,,,,,,,,,,,,,,,,,,,19,,,,,,0,,,,,,,,,,,,,,,,,,,,,,,,,,,,
2013-12-11,W300BHGR,ST4000DM000,4000787030016,0,,184635008,,,,,,,,0,,,,,,4189,,,,,,,,,,,,,,,,,,,,,,,,,,,,,,25,,,,,,0,,,,,,,,,,,,,,,,,,,,,,,,,,,,
2013-12-11,Z1F0KX1C,ST3000DM001,3000592982016,0,,242002208,,,,,,,,0,,,,,,6729,,,,,,,,,,,,,,,,,,,,,,,,,,,,,,23,,,,,,0,,,,,,,,,,,,,,,,,,,,,,,,,,,,
2013-12-11,S1F034RP,ST3000DM001,3000592982016,0,,243748352,,,,,,,,0,,,,,,15592,,,,,,,,,,,,,,,,,,,,,,,,,,,,,,19,,,,,,0,,,,,,,,,,,,,,,,,,,,,,,,,,,,
2013-12-11,S1F0RR7L,ST3000DM001,3000592982016,0,,190818360,,,,,,,,0,,,,,,10538,,,,,,,,,,,,,,,,,,,,,,,,,,,,,,25,,,,,,0,,,,,,,,,,,,,,,,,,,,,,,,,,,,
2013-12-11,S1F01T5N,ST3000DM001,3000592982016,0,,136569528,,,,,,,,0,,,,,,15344,,,,,,,,,,,,,,,,,,,,,,,,,,,,,,28,,,,,,0,,,,,,,,,,,,,,,,,,,,,,,,,,,,
2013-12-11,Z300W0SG,ST4000DM000,4000787030016,0,,187153256,,,,,,,,0,,,,,,799,,,,,,,,,,,,,,,,,,,,,,,,,,,,,,22,,,,,,0,,,,,,,,,,,,,,,,,,,,,,,,,,,,
2013-12-11,W1F09XS9,ST3000DM001,3000592982016,0,,111319624,,,,,,,,0,,,,,,13747,,,,,,,,,,,,,,,,,,,,,,,,,,,,,,20,,,,,,0,,,,,,,,,,,,,,,,,,,,,,,,,,,,
2013-12-11,9XW01XRW,ST31500541AS,1500301910016,0,,87669901,,,,,,,,0,,,,,,34197,,,,,,,,,,,,,,,,,,,,,,,,,,,,,,21,,,,,,0,,,,,,,,,,,,,,,,,,,,,,,,,,,,
2013-12-11,MK0311YHGKUVYA,Hitachi HDS723030ALA640,3000592982016,0,,0,,,,,,,,0,,,,,,21462,,,,,,,,,,,,,,,,,,,,,,,,,,,,,,33,,,,,,0,,,,,,,,,,,,,,,,,,,,,,,,,,,,
2013-12-11,JK11A8B9J80DVF,Hitachi HDS722020ALA330,2000398934016,0,,65536,,,,,,,,0,,,,,,26004,,,,,,,,,,,,,,,,,,,,,,,,,,,,,,27,,,,,,0,,,,,,,,,,,,,,,,,,,,,,,,,,,,
2013-12-11,WD-WCAU4D819894,WDC WD10EADS,1000204886016,0,,2,,,,,,,,0,,,,,,32230,,,,,,,,,,,,,,,,,,,,,,,,,,,,,,31,,,,,,0,,,,,,,,,,,,,,,,,,,,,,,,,,,,
2013-12-11,JK11A8B9J7P6MF,Hitachi HDS722020ALA330,2000398934016,0,,0,,,,,,,,0,,,,,,23319,,,,,,,,,,,,,,,,,,,,,,,,,,,,,,28,,,,,,0,,,,,,,,,,,,,,,,,,,,,,,,,,,,
2013-12-11,Z1F0LJNN,ST3000DM001,3000592982016,0,,141331384,,,,,,,,0,,,,,,12179,,,,,,,,,,,,,,,,,,,,,,,,,,,,,,32,,,,,,0,,,,,,,,,,,,,,,,,,,,,,,,,,,,
2013-12-11,S1F0TDB9,ST3000DM001,3000592982016,0,,240117608,,,,,,,,0,,,,,,10835,,,,,,,,,,,,,,,,,,,,,,,,,,,,,,33,,,,,,0,,,,,,,,,,,,,,,,,,,,,,,,,,,,
2013-12-11,W1F09THT,ST3000DM001,3000592982016,0,,67520440,,,,,,,,0,,,,,,15246,,,,,,,,,,,,,,,,,,,,,,,,,,,,,,23,,,,,,0,,,,,,,,,,,,,,,,,,,,,,,,,,,,
2013-12-11,PL1311LAG1VYWA,Hitachi HDS5C4040ALE630,4000787030016,0,,0,,,,,,,,0,,,,,,6074,,,,,,,,,,,,,,,,,,,,,,,,,,,,,,20,,,,,,0,,,,,,,,,,,,,,,,,,,,,,,,,,,,
2013-12-11,MJ1311YNG387DA,Hitachi HDS5C3030ALA630,3000592982016,0,,65536,,,,,,,,0,,,,,,18203,,,,,,,,,,,,,,,,,,,,,,,,,,,,,,28,,,,,,0,,,,,,,,,,,,,,,,,,,,,,,,,,,,
2013-12-11,MJ1311YNG7H58A,Hitachi HDS5C3030ALA630,3000592982016,0,,0,,,,,,,,0,,,,,,14600,,,,,,,,,,,,,,,,,,,,,,,,,,,,,,24,,,,,,0,,,,,,,,,,,,,,,,,,,,,,,,,,,,
2013-12-11,JK1170YAJDAPDT,Hitachi HDS722020ALA330,2000398934016,0,,0,,,,,,,,0,,,,,,27872,,,,,,,,,,,,,,,,,,,,,,,,,,,,,,27,,,,,,0,,,,,,,,,,,,,,,,,,,,,,,,,,,,
2013-12-11,PL1311LAG24U7A,Hitachi HDS5C4040ALE630,4000787030016,0,,0,,,,,,,,0,,,,,,7759,,,,,,,,,,,,,,,,,,,,,,,,,,,,,,21,,,,,,0,,,,,,,,,,,,,,,,,,,,,,,,,,,,
2013-12-11,WD-WCAU45694447,WDC WD10EADS,1000204886016,0,,2,,,,,,,,0,,,,,,41807,,,,,,,,,,,,,,,,,,,,,,,,,,,,,,27,,,,,,0,,,,,,,,,,,,,,,,,,,,,,,,,,,,
2013-12-11,9XW01RJ9,ST31500541AS,1500301910016,0,,232020131,,,,,,,,0,,,,,,34326,,,,,,,,,,,,,,,,,,,,,,,,,,,,,,20,,,,,,0,,,,,,,,,,,,,,,,,,,,,,,,,,,,
2013-12-11,6XW029G7,ST31500541AS,1500301910016,0,,242134299,,,,,,,,0,,,,,,37442,,,,,,,,,,,,,,,,,,,,,,,,,,,,,,23,,,,,,0,,,,,,,,,,,,,,,,,,,,,,,,,,,,
2013-12-11,S1F0RR75,ST3000DM001,3000592982016,0,,95683216,,,,,,,,0,,,,,,10721,,,,,,,,,,,,,,,,,,,,,,,,,,,,,,24,,,,,,0,,,,,,,,,,,,,,,,,,,,,,,,,,,,
2013-12-11,5XW03JQB,ST31500541AS,1500301910016,0,,126737855,,,,,,,,0,,,,,,36954,,,,,,,,,,,,,,,,,,,,,,,,,,,,,,23,,,,,,0,,,,,,,,,,,,,,,,,,,,,,,,,,,,
2013-12-11,PL1311LAG188JA,Hitachi HDS5C4040ALE630,4000787030016,0,,0,,,,,,,,0,,,,,,6653,,,,,,,,,,,,,,,,,,,,,,,,,,,,,,27,,,,,,0,,,,,,,,,,,,,,,,,,,,,,,,,,,,
2013-12-11,S1F13BZQ,ST3000DM001,3000592982016,0,,146253608,,,,,,,,0,,,,,,8179,,,,,,,,,,,,,,,,,,,,,,,,,,,,,,24,,,,,,0,,,,,,,,,,,,,,,,,,,,,,,,,,,,
2013-12-11,5XW03JQH,ST31500541AS,1500301910016,0,,31036512,,,,,,,,0,,,,,,36392,,,,,,,,,,,,,,,,,,,,,,,,,,,,,,23,,,,,,0,,,,,,,,,,,,,,,,,,,,,,,,,,,,
2013-12-11,PL1321LAG3362H,Hitachi HDS5C4040ALE630,4000787030016,0,,0,,,,,,,,0,,,,,,5922,,,,,,,,,,,,,,,,,,,,,,,,,,,,,,20,,,,,,0,,,,,,,,,,,,,,,,,,,,,,,,,,,,
2013-12-11,W300BHG7,ST4000DM000,4000787030016,0,,142432168,,,,,,,,0,,,,,,4160,,,,,,,,,,,,,,,,,,,,,,,,,,,,,,20,,,,,,0,,,,,,,,,,,,,,,,,,,,,,,,,,,,
2013-12-11,PL1321LAG36JZH,Hitachi HDS5C4040ALE630,4000787030016,0,,0,,,,,,,,0,,,,,,3629,,,,,,,,,,,,,,,,,,,,,,,,,,,,,,29,,,,,,0,,,,,,,,,,,,,,,,,,,,,,,,,,,,
2013-12-11,W300BHG0,ST4000DM000,4000787030016,0,,75502368,,,,,,,,0,,,,,,4138,,,,,,,,,,,,,,,,,,,,,,,,,,,,,,26,,,,,,0,,,,,,,,,,,,,,,,,,,,,,,,,,,,
2013-12-11,MK0311YHGKGN7A,Hitachi HDS723030ALA640,3000592982016,0,,22,,,,,,,,0,,,,,,16683,,,,,,,,,,,,,,,,,,,,,,,,,,,,,,25,,,,,,0,,,,,,,,,,,,,,,,,,,,,,,,,,,,
2013-12-11,W1F08E6J,ST3000DM001,3000592982016,0,,97524656,,,,,,,,0,,,,,,15238,,,,,,,,,,,,,,,,,,,,,,,,,,,,,,18,,,,,,0,,,,,,,,,,,,,,,,,,,,,,,,,,,,
2013-12-11,PL1321LAG36KTH,Hitachi HDS5C4040ALE630,4000787030016,0,,0,,,,,,,,0,,,,,,6654,,,,,,,,,,,,,,,,,,,,,,,,,,,,,,18,,,,,,0,,,,,,,,,,,,,,,,,,,,,,,,,,,,
2013-12-11,6XW060MF,ST31500541AS,1500301910016,0,,115651159,,,,,,,,0,,,,,,37068,,,,,,,,,,,,,,,,,,,,,,,,,,,,,,24,,,,,,0,,,,,,,,,,,,,,,,,,,,,,,,,,,,
2013-12-11,JK11A4B8J2J8VW,Hitachi HDS722020ALA330,2000398934016,0,,1,,,,,,,,0,,,,,,26010,,,,,,,,,,,,,,,,,,,,,,,,,,,,,,27,,,,,,0,,,,,,,,,,,,,,,,,,,,,,,,,,,,
2013-12-11,5XW1S6PB,ST32000542AS,2000398934016,0,,39062081,,,,,,,,0,,,,,,15217,,,,,,,,,,,,,,,,,,,,,,,,,,,,,,23,,,,,,0,,,,,,,,,,,,,,,,,,,,,,,,,,,,
2013-12-11,S1F02VAX,ST3000DM001,3000592982016,0,,51829824,,,,,,,,0,,,,,,13357,,,,,,,,,,,,,,,,,,,,,,,,,,,,,,25,,,,,,0,,,,,,,,,,,,,,,,,,,,,,,,,,,,
2013-12-11,W1F0X5N2,ST3000DM001,3000592982016,0,,89254320,,,,,,,,0,,,,,,11641,,,,,,,,,,,,,,,,,,,,,,,,,,,,,,24,,,,,,0,,,,,,,,,,,,,,,,,,,,,,,,,,,,
2013-12-11,MJ1311YNG1Z3JA,Hitachi HDS5C3030ALA630,3000592982016,0,,0,,,,,,,,0,,,,,,10069,,,,,,,,,,,,,,,,,,,,,,,,,,,,,,29,,,,,,0,,,,,,,,,,,,,,,,,,,,,,,,,,,,
2013-12-11,MK0333YHGPL9NC,Hitachi HDS723030ALA640,3000592982016,0,,0,,,,,,,,0,,,,,,17357,,,,,,,,,,,,,,,,,,,,,,,,,,,,,,26,,,,,,0,,,,,,,,,,,,,,,,,,,,,,,,,,,,
2013-12-11,PL1311LAG2BVRH,Hitachi HDS5C4040ALE630,4000787030016,0,,0,,,,,,,,0,,,,,,7386,,,,,,,,,,,,,,,,,,,,,,,,,,,,,,24,,,,,,0,,,,,,,,,,,,,,,,,,,,,,,,,,,,
2013-12-11,W1F08FA0,ST3000DM001,3000592982016,0,,12144672,,,,,,,,0,,,,,,14713,,,,,,,,,,,,,,,,,,,,,,,,,,,,,,21,,,,,,0,,,,,,,,,,,,,,,,,,,,,,,,,,,,
2013-12-11,W300DAZL,ST4000DM000,4000787030016,0,,180395288,,,,,,,,0,,,,,,4140,,,,,,,,,,,,,,,,,,,,,,,,,,,,,,24,,,,,,0,,,,,,,,,,,,,,,,,,,,,,,,,,,,
2013-12-11,MK0311YHGKMH6A,Hitachi HDS723030ALA640,3000592982016,0,,0,,,,,,,,0,,,,,,16804,,,,,,,,,,,,,,,,,,,,,,,,,,,,,,29,,,,,,0,,,,,,,,,,,,,,,,,,,,,,,,,,,,
2013-12-11,MK0311YHGDX2WA,Hitachi HDS723030ALA640,3000592982016,0,,0,,,,,,,,0,,,,,,21460,,,,,,,,,,,,,,,,,,,,,,,,,,,,,,25,,,,,,0,,,,,,,,,,,,,,,,,,,,,,,,,,,,
2013-12-11,JK11A8B9J7MZZF,Hitachi HDS722020ALA330,2000398934016,0,,0,,,,,,,,0,,,,,,24632,,,,,,,,,,,,,,,,,,,,,,,,,,,,,,26,,,,,,0,,,,,,,,,,,,,,,,,,,,,,,,,,,,
2013-12-11,5XW00EY9,ST31500541AS,1500301910016,0,,153465587,,,,,,,,187,,,,,,37170,,,,,,,,,,,,,,,,,,,,,,,,,,,,,,20,,,,,,0,,,,,,,,,,,,,,,,,,,,,,,,,,,,
2013-12-11,MJ0351YNGAAGRA,Hitachi HDS5C3030ALA630,3000592982016,0,,0,,,,,,,,0,,,,,,8615,,,,,,,,,,,,,,,,,,,,,,,,,,,,,,32,,,,,,0,,,,,,,,,,,,,,,,,,,,,,,,,,,,
2013-12-11,9VS3HLND,ST31500341AS,1500301910016,0,,242863266,,,,,,,,6,,,,,,31434,,,,,,,,,,,,,,,,,,,,,,,,,,,,,,26,,,,,,0,,,,,,,,,,,,,,,,,,,,,,,,,,,,
2013-12-11,Z300WCAD,ST4000DM000,4000787030016,0,,154346328,,,,,,,,0,,,,,,772,,,,,,,,,,,,,,,,,,,,,,,,,,,,,,20,,,,,,0,,,,,,,,,,,,,,,,,,,,,,,,,,,,
2013-12-11,MJ0351YNG9PTAA,Hitachi HDS5C3030ALA630,3000592982016,0,,0,,,,,,,,0,,,,,,9773,,,,,,,,,,,,,,,,,,,,,,,,,,,,,,26,,,,,,0,,,,,,,,,,,,,,,,,,,,,,,,,,,,
2013-12-11,MJ1311YNG3919A,Hitachi HDS5C3030ALA630,3000592982016,0,,0,,,,,,,,0,,,,,,18065,,,,,,,,,,,,,,,,,,,,,,,,,,,,,,24,,,,,,0,,,,,,,,,,,,,,,,,,,,,,,,,,,,
2013-12-11,S1F00W8A,ST3000DM001,3000592982016,0,,191609296,,,,,,,,0,,,,,,14993,,,,,,,,,,,,,,,,,,,,,,,,,,,,,,23,,,,,,0,,,,,,,,,,,,,,,,,,,,,,,,,,,,
2013-12-11,W1F0X5NJ,ST3000DM001,3000592982016,0,,213978344,,,,,,,,0,,,,,,11576,,,,,,,,,,,,,,,,,,,,,,,,,,,,,,24,,,,,,0,,,,,,,,,,,,,,,,,,,,,,,,,,,,
2013-12-11,Z1F0LS1B,ST3000DM001,3000592982016,0,,147769488,,,,,,,,0,,,,,,12180,,,,,,,,,,,,,,,,,,,,,,,,,,,,,,33,,,,,,0,,,,,,,,,,,,,,,,,,,,,,,,,,,,
2013-12-11,W1F0SGHR,ST3000DM001,3000592982016,0,,84232080,,,,,,,,0,,,,,,9268,,,,,,,,,,,,,,,,,,,,,,,,,,,,,,29,,,,,,0,,,,,,,,,,,,,,,,,,,,,,,,,,,,
2013-12-11,W3002TNQ,ST4000DM000,4000787030016,0,,24743736,,,,,,,,0,,,,,,2244,,,,,,,,,,,,,,,,,,,,,,,,,,,,,,20,,,,,,0,,,,,,,,,,,,,,,,,,,,,,,,,,,,
2013-12-11,JK11A8B9J7YWEF,Hitachi HDS722020ALA330,2000398934016,0,,0,,,,,,,,0,,,,,,24911,,,,,,,,,,,,,,,,,,,,,,,,,,,,,,29,,,,,,0,,,,,,,,,,,,,,,,,,,,,,,,,,,,
2013-12-11,6XW060M4,ST31500541AS,1500301910016,0,,55181689,,,,,,,,0,,,,,,37068,,,,,,,,,,,,,,,,,,,,,,,,,,,,,,24,,,,,,0,,,,,,,,,,,,,,,,,,,,,,,,,,,,
2013-12-11,9XW02FBK,ST31500541AS,1500301910016,0,,126984167,,,,,,,,0,,,,,,33539,,,,,,,,,,,,,,,,,,,,,,,,,,,,,,24,,,,,,0,,,,,,,,,,,,,,,,,,,,,,,,,,,,
2013-12-11,Z1F0680L,ST3000DM001,3000592982016,0,,212530040,,,,,,,,0,,,,,,13590,,,,,,,,,,,,,,,,,,,,,,,,,,,,,,25,,,,,,0,,,,,,,,,,,,,,,,,,,,,,,,,,,,
2013-12-11,9XW031MP,ST31500541AS,1500301910016,0,,49332336,,,,,,,,0,,,,,,33336,,,,,,,,,,,,,,,,,,,,,,,,,,,,,,21,,,,,,0,,,,,,,,,,,,,,,,,,,,,,,,,,,,
2013-12-11,S1F02BGP,ST3000DM001,3000592982016,0,,135115064,,,,,,,,0,,,,,,16193,,,,,,,,,,,,,,,,,,,,,,,,,,,,,,22,,,,,,0,,,,,,,,,,,,,,,,,,,,,,,,,,,,
2013-12-11,W300CD8V,ST4000DM000,4000787030016,0,,202326016,,,,,,,,0,,,,,,1871,,,,,,,,,,,,,,,,,,,,,,,,,,,,,,26,,,,,,0,,,,,,,,,,,,,,,,,,,,,,,,,,,,
2013-12-11,MJ0351YNG9SX8A,Hitachi HDS5C3030ALA630,3000592982016,0,,0,,,,,,,,0,,,,,,9552,,,,,,,,,,,,,,,,,,,,,,,,,,,,,,31,,,,,,0,,,,,,,,,,,,,,,,,,,,,,,,,,,,
2013-12-11,MK0311YHGKH4EA,Hitachi HDS723030ALA640,3000592982016,0,,0,,,,,,,,0,,,,,,21459,,,,,,,,,,,,,,,,,,,,,,,,,,,,,,26,,,,,,0,,,,,,,,,,,,,,,,,,,,,,,,,,,,
2013-12-11,JK1101B9GEKVUF,Hitachi HDS722020ALA330,2000398934016,0,,0,,,,,,,,0,,,,,,27737,,,,,,,,,,,,,,,,,,,,,,,,,,,,,,20,,,,,,0,,,,,,,,,,,,,,,,,,,,,,,,,,,,
2013-12-11,W1F0QTKP,ST3000DM001,3000592982016,0,,116596856,,,,,,,,0,,,,,,10905,,,,,,,,,,,,,,,,,,,,,,,,,,,,,,27,,,,,,8,,,,,,,,,,,,,,,,,,,,,,,,,,,,
2013-12-11,MJ0351YNGA6NKA,Hitachi HDS5C3030ALA630,3000592982016,0,,0,,,,,,,,0,,,,,,7801,,,,,,,,,,,,,,,,,,,,,,,,,,,,,,25,,,,,,0,,,,,,,,,,,,,,,,,,,,,,,,,,,,
2013-12-11,MJ0351YNGA6EYA,Hitachi HDS5C3030ALA630,3000592982016,0,,0,,,,,,,,0,,,,,,9312,,,,,,,,,,,,,,,,,,,,,,,,,,,,,,31,,,,,,0,,,,,,,,,,,,,,,,,,,,,,,,,,,,
2013-12-11,PL2311LAG1L7WC,Hitachi HDS5C4040ALE630,4000787030016,0,,0,,,,,,,,0,,,,,,7459,,,,,,,,,,,,,,,,,,,,,,,,,,,,,,24,,,,,,0,,,,,,,,,,,,,,,,,,,,,,,,,,,,
2013-12-11,MJ0351YNG9Z30A,Hitachi HDS5C3030ALA630,3000592982016,0,,0,,,,,,,,0,,,,,,9999,,,,,,,,,,,,,,,,,,,,,,,,,,,,,,32,,,,,,0,,,,,,,,,,,,,,,,,,,,,,,,,,,,
2013-12-11,WD-WCAU47287664,WDC WD10EADS,1000204886016,0,,0,,,,,,,,0,,,,,,40793,,,,,,,,,,,,,,,,,,,,,,,,,,,,,,33,,,,,,0,,,,,,,,,,,,,,,,,,,,,,,,,,,,
2013-12-11,PL1321LAG358SH,Hitachi HDS5C4040ALE630,4000787030016,0,,0,,,,,,,,0,,,,,,6651,,,,,,,,,,,,,,,,,,,,,,,,,,,,,,26,,,,,,0,,,,,,,,,,,,,,,,,,,,,,,,,,,,
2013-12-11,JK1104B8JPAVYW,Hitachi HDS722020ALA330,2000398934016,0,,65536,,,,,,,,0,,,,,,23992,,,,,,,,,,,,,,,,,,,,,,,,,,,,,,36,,,,,,0,,,,,,,,,,,,,,,,,,,,,,,,,,,,
2013-12-11,Z300K93Q,ST4000DM000,4000787030016,0,,191371968,,,,,,,,0,,,,,,2218,,,,,,,,,,,,,,,,,,,,,,,,,,,,,,24,,,,,,0,,,,,,,,,,,,,,,,,,,,,,,,,,,,
2013-12-11,WD-WMC4N0918727,WDC WD30EFRX,3000592982016,0,,0,,,,,,,,0,,,,,,325,,,,,,,,,,,,,,,,,,,,,,,,,,,,,,25,,,,,,0,,,,,,,,,,,,,,,,,,,,,,,,,,,,
2013-12-11,Z300E5G3,ST4000DM000,4000787030016,0,,76490664,,,,,,,,0,,,,,,2261,,,,,,,,,,,,,,,,,,,,,,,,,,,,,,20,,,,,,0,,,,,,,,,,,,,,,,,,,,,,,,,,,,
2013-12-11,5XW0B6S6,ST31500541AS,1500301910016,0,,182421632,,,,,,,,0,,,,,,33842,,,,,,,,,,,,,,,,,,,,,,,,,,,,,,21,,,,,,0,,,,,,,,,,,,,,,,,,,,,,,,,,,,
2013-12-11,JK11A8B9J8M59F,Hitachi HDS722020ALA330,2000398934016,0,,0,,,,,,,,0,,,,,,24497,,,,,,,,,,,,,,,,,,,,,,,,,,,,,,26,,,,,,0,,,,,,,,,,,,,,,,,,,,,,,,,,,,
2013-12-11,W1F0SWST,ST3000DM001,3000592982016,0,,177213152,,,,,,,,0,,,,,,11638,,,,,,,,,,,,,,,,,,,,,,,,,,,,,,27,,,,,,0,,,,,,,,,,,,,,,,,,,,,,,,,,,,
2013-12-11,MK0331YHGRWPZD,Hitachi HDS723030ALA640,3000592982016,0,,0,,,,,,,,0,,,,,,17755,,,,,,,,,,,,,,,,,,,,,,,,,,,,,,20,,,,,,0,,,,,,,,,,,,,,,,,,,,,,,,,,,,
2013-12-11,MK0301YHGM98PD,Hitachi HDS723030ALA640,3000592982016,0,,0,,,,,,,,0,,,,,,17018,,,,,,,,,,,,,,,,,,,,,,,,,,,,,,26,,,,,,0,,,,,,,,,,,,,,,,,,,,,,,,,,,,
2013-12-11,PL1311LAG2BAGH,Hitachi HDS5C4040ALE630,4000787030016,0,,0,,,,,,,,0,,,,,,7414,,,,,,,,,,,,,,,,,,,,,,,,,,,,,,23,,,,,,0,,,,,,,,,,,,,,,,,,,,,,,,,,,,
2013-12-11,5XW1X6RP,ST32000542AS,2000398934016,0,,121119874,,,,,,,,0,,,,,,15217,,,,,,,,,,,,,,,,,,,,,,,,,,,,,,18,,,,,,0,,,,,,,,,,,,,,,,,,,,,,,,,,,,
2013-12-11,WD-WCAWZ0952829,WDC WD30EZRX,3000592982016,0,,0,,,,,,,,0,,,,,,12362,,,,,,,,,,,,,,,,,,,,,,,,,,,,,,24,,,,,,0,,,,,,,,,,,,,,,,,,,,,,,,,,,,
2013-12-11,MJ0351YNG9XZ0A,Hitachi HDS5C3030ALA630,3000592982016,0,,0,,,,,,,,0,,,,,,9163,,,,,,,,,,,,,,,,,,,,,,,,,,,,,,28,,,,,,0,,,,,,,,,,,,,,,,,,,,,,,,,,,,
2013-12-11,W1F0T3W4,ST3000DM001,3000592982016,0,,222894448,,,,,,,,0,,,,,,11752,,,,,,,,,,,,,,,,,,,,,,,,,,,,,,28,,,,,,0,,,,,,,,,,,,,,,,,,,,,,,,,,,,
2013-12-11,Z1F0QHHP,ST3000DM001,3000592982016,0,,74519008,,,,,,,,0,,,,,,11050,,,,,,,,,,,,,,,,,,,,,,,,,,,,,,25,,,,,,0,,,,,,,,,,,,,,,,,,,,,,,,,,,,
2013-12-11,JK11A8B9J7D8NF,Hitachi HDS722020ALA330,2000398934016,0,,0,,,,,,,,0,,,,,,24468,,,,,,,,,,,,,,,,,,,,,,,,,,,,,,27,,,,,,0,,,,,,,,,,,,,,,,,,,,,,,,,,,,
2013-12-11,JK1105B8JS2KBX,Hitachi HDS722020ALA330,2000398934016,0,,0,,,,,,,,0,,,,,,23126,,,,,,,,,,,,,,,,,,,,,,,,,,,,,,27,,,,,,0,,,,,,,,,,,,,,,,,,,,,,,,,,,,
2013-12-11,W30090FZ,ST4000DM000,4000787030016,0,,197520024,,,,,,,,0,,,,,,944,,,,,,,,,,,,,,,,,,,,,,,,,,,,,,25,,,,,,0,,,,,,,,,,,,,,,,,,,,,,,,,,,,
2013-12-11,MK0301YHGMBLLD,Hitachi HDS723030ALA640,3000592982016,0,,0,,,,,,,,0,,,,,,16682,,,,,,,,,,,,,,,,,,,,,,,,,,,,,,28,,,,,,0,,,,,,,,,,,,,,,,,,,,,,,,,,,,
2013-12-11,JK11A8B9J1K2SF,Hitachi HDS722020ALA330,2000398934016,0,,0,,,,,,,,0,,,,,,23543,,,,,,,,,,,,,,,,,,,,,,,,,,,,,,36,,,,,,0,,,,,,,,,,,,,,,,,,,,,,,,,,,,
2013-12-11,S1F02Y23,ST3000DM001,3000592982016,0,,195968080,,,,,,,,0,,,,,,14730,,,,,,,,,,,,,,,,,,,,,,,,,,,,,,25,,,,,,0,,,,,,,,,,,,,,,,,,,,,,,,,,,,
2013-12-11,S1F10HH5,ST3000DM001,3000592982016,0,,184378824,,,,,,,,0,,,,,,7994,,,,,,,,,,,,,,,,,,,,,,,,,,,,,,25,,,,,,0,,,,,,,,,,,,,,,,,,,,,,,,,,,,
2013-12-11,JK11A4B8JR4YWW,Hitachi HDS722020ALA330,2000398934016,0,,0,,,,,,,,0,,,,,,23822,,,,,,,,,,,,,,,,,,,,,,,,,,,,,,27,,,,,,0,,,,,,,,,,,,,,,,,,,,,,,,,,,,
2013-12-11,WD-WCAWZ1296275,WDC WD30EZRX,3000592982016,0,,0,,,,,,,,0,,,,,,17000,,,,,,,,,,,,,,,,,,,,,,,,,,,,,,22,,,,,,0,,,,,,,,,,,,,,,,,,,,,,,,,,,,
2013-12-11,S1F02Y2A,ST3000DM001,3000592982016,0,,83388928,,,,,,,,9184,,,,,,15421,,,,,,,,,,,,,,,,,,,,,,,,,,,,,,22,,,,,,16,,,,,,,,,,,,,,,,,,,,,,,,,,,,
2013-12-11,MJ0351YNG9RBWA,Hitachi HDS5C3030ALA630,3000592982016,0,,0,,,,,,,,0,,,,,,7610,,,,,,,,,,,,,,,,,,,,,,,,,,,,,,25,,,,,,0,,,,,,,,,,,,,,,,,,,,,,,,,,,,
2013-12-11,6XW0DSMB,ST31500541AS,1500301910016,0,,144921695,,,,,,,,0,,,,,,28534,,,,,,,,,,,,,,,,,,,,,,,,,,,,,,19,,,,,,0,,,,,,,,,,,,,,,,,,,,,,,,,,,,
2013-12-11,JK1101YAK5YZAV,Hitachi HDS722020ALA330,2000398934016,0,,65537,,,,,,,,0,,,,,,29211,,,,,,,,,,,,,,,,,,,,,,,,,,,,,,27,,,,,,0,,,,,,,,,,,,,,,,,,,,,,,,,,,,
2013-12-11,JK11A8B9J79DXF,Hitachi HDS722020ALA330,2000398934016,0,,65536,,,,,,,,0,,,,,,22686,,,,,,,,,,,,,,,,,,,,,,,,,,,,,,25,,,,,,0,,,,,,,,,,,,,,,,,,,,,,,,,,,,
2013-12-11,MJ1311YNG3EUHA,Hitachi HDS5C3030ALA630,3000592982016,0,,0,,,,,,,,0,,,,,,18928,,,,,,,,,,,,,,,,,,,,,,,,,,,,,,29,,,,,,0,,,,,,,,,,,,,,,,,,,,,,,,,,,,
2013-12-11,JK11A8B9J7LH0F,Hitachi HDS722020ALA330,2000398934016,0,,2,,,,,,,,0,,,,,,24544,,,,,,,,,,,,,,,,,,,,,,,,,,,,,,26,,,,,,0,,,,,,,,,,,,,,,,,,,,,,,,,,,,
2013-12-11,W1F0T3WW,ST3000DM001,3000592982016,0,,27167248,,,,,,,,0,,,,,,11686,,,,,,,,,,,,,,,,,,,,,,,,,,,,,,27,,,,,,0,,,,,,,,,,,,,,,,,,,,,,,,,,,,
2013-12-11,JK11A8B9J3A53F,Hitachi HDS722020ALA330,2000398934016,0,,0,,,,,,,,0,,,,,,22415,,,,,,,,,,,,,,,,,,,,,,,,,,,,,,22,,,,,,0,,,,,,,,,,,,,,,,,,,,,,,,,,,,
2013-12-11,W1F0T3WD,ST3000DM001,3000592982016,0,,73999704,,,,,,,,0,,,,,,11751,,,,,,,,,,,,,,,,,,,,,,,,,,,,,,25,,,,,,0,,,,,,,,,,,,,,,,,,,,,,,,,,,,
2013-12-11,MJ0351YNGAD84A,Hitachi HDS5C3030ALA630,3000592982016,0,,0,,,,,,,,0,,,,,,8214,,,,,,,,,,,,,,,,,,,,,,,,,,,,,,30,,,,,,0,,,,,,,,,,,,,,,,,,,,,,,,,,,,
2013-12-11,Z300GPJ4,ST4000DM000,4000787030016,0,,133239408,,,,,,,,0,,,,,,3627,,,,,,,,,,,,,,,,,,,,,,,,,,,,,,24,,,,,,0,,,,,,,,,,,,,,,,,,,,,,,,,,,,
2013-12-11,JK1105B8GAD3HX,Hitachi HDS722020ALA330,2000398934016,0,,0,,,,,,,,0,,,,,,27168,,,,,,,,,,,,,,,,,,,,,,,,,,,,,,28,,,,,,0,,,,,,,,,,,,,,,,,,,,,,,,,,,,
2013-12-11,MJ0351YNGA61GA,Hitachi HDS5C3030ALA630,3000592982016,0,,0,,,,,,,,0,,,,,,7801,,,,,,,,,,,,,,,,,,,,,,,,,,,,,,25,,,,,,0,,,,,,,,,,,,,,,,,,,,,,,,,,,,
2013-12-11,PL1311LAG3BA2H,Hitachi HDS5C4040ALE630,4000787030016,0,,0,,,,,,,,0,,,,,,5070,,,,,,,,,,,,,,,,,,,,,,,,,,,,,,29,,,,,,0,,,,,,,,,,,,,,,,,,,,,,,,,,,,
2013-12-11,JK11A8B9HW982F,Hitachi HDS722020ALA330,2000398934016,0,,0,,,,,,,,0,,,,,,26329,,,,,,,,,,,,,,,,,,,,,,,,,,,,,,26,,,,,,0,,,,,,,,,,,,,,,,,,,,,,,,,,,,
2013-12-11,MJ1311YNG30WKA,Hitachi HDS5C3030ALA630,3000592982016,0,,0,,,,,,,,0,,,,,,19252,,,,,,,,,,,,,,,,,,,,,,,,,,,,,,25,,,,,,0,,,,,,,,,,,,,,,,,,,,,,,,,,,,
2013-12-11,MJ0351YNG9SYLA,Hitachi HDS5C3030ALA630,3000592982016,0,,0,,,,,,,,0,,,,,,7610,,,,,,,,,,,,,,,,,,,,,,,,,,,,,,23,,,,,,0,,,,,,,,,,,,,,,,,,,,,,,,,,,,
2013-12-11,JK11A4B8J8422W,Hitachi HDS722020ALA330,2000398934016,0,,0,,,,,,,,0,,,,,,25120,,,,,,,,,,,,,,,,,,,,,,,,,,,,,,34,,,,,,0,,,,,,,,,,,,,,,,,,,,,,,,,,,,
2013-12-11,JK11A8YBKYYATF,Hitachi HDS722020ALA330,2000398934016,0,,65536,,,,,,,,0,,,,,,27845,,,,,,,,,,,,,,,,,,,,,,,,,,,,,,27,,,,,,0,,,,,,,,,,,,,,,,,,,,,,,,,,,,
2013-12-11,W3006BEA,ST4000DM000,4000787030016,0,,82340056,,,,,,,,0,,,,,,2844,,,,,,,,,,,,,,,,,,,,,,,,,,,,,,23,,,,,,0,,,,,,,,,,,,,,,,,,,,,,,,,,,,
2013-12-11,Z300H2AQ,ST4000DM000,4000787030016,0,,100039160,,,,,,,,0,,,,,,1331,,,,,,,,,,,,,,,,,,,,,,,,,,,,,,23,,,,,,0,,,,,,,,,,,,,,,,,,,,,,,,,,,,
2013-12-11,MK0311YHGKKBWA,Hitachi HDS723030ALA640,3000592982016,0,,0,,,,,,,,0,,,,,,14732,,,,,,,,,,,,,,,,,,,,,,,,,,,,,,29,,,,,,0,,,,,,,,,,,,,,,,,,,,,,,,,,,,
2013-12-11,S1F01VMD,ST3000DM001,3000592982016,0,,213899600,,,,,,,,0,,,,,,15224,,,,,,,,,,,,,,,,,,,,,,,,,,,,,,21,,,,,,8,,,,,,,,,,,,,,,,,,,,,,,,,,,,
2013-12-11,PL1331LAG5GY6H,HGST HMS5C4040ALE640,4000787030016,0,,0,,,,,,,,0,,,,,,9401,,,,,,,,,,,,,,,,,,,,,,,,,,,,,,31,,,,,,0,,,,,,,,,,,,,,,,,,,,,,,,,,,,
2013-12-11,Z290MWJ5,ST33000651AS,3000592982016,0,,2788868,,,,,,,,0,,,,,,12941,,,,,,,,,,,,,,,,,,,,,,,,,,,,,,28,,,,,,0,,,,,,,,,,,,,,,,,,,,,,,,,,,,
2013-12-11,Z300E219,ST4000DM000,4000787030016,0,,150650120,,,,,,,,0,,,,,,2843,,,,,,,,,,,,,,,,,,,,,,,,,,,,,,21,,,,,,0,,,,,,,,,,,,,,,,,,,,,,,,,,,,
2013-12-11,W300KTFV,ST4000DM000,4000787030016,0,,101097080,,,,,,,,0,,,,,,919,,,,,,,,,,,,,,,,,,,,,,,,,,,,,,20,,,,,,0,,,,,,,,,,,,,,,,,,,,,,,,,,,,
2013-12-11,Z290RT7Q,ST33000651AS,3000592982016,0,,171143944,,,,,,,,0,,,,,,17741,,,,,,,,,,,,,,,,,,,,,,,,,,,,,,20,,,,,,0,,,,,,,,,,,,,,,,,,,,,,,,,,,,
2013-12-11,MJ1311YNG37DGA,Hitachi HDS5C3030ALA630,3000592982016,0,,0,,,,,,,,0,,,,,,18066,,,,,,,,,,,,,,,,,,,,,,,,,,,,,,27,,,,,,0,,,,,,,,,,,,,,,,,,,,,,,,,,,,
2013-12-11,MJ0351YNGABXJA,Hitachi HDS5C3030ALA630,3000592982016,0,,0,,,,,,,,0,,,,,,8212,,,,,,,,,,,,,,,,,,,,,,,,,,,,,,33,,,,,,0,,,,,,,,,,,,,,,,,,,,,,,,,,,,
2013-12-11,Z1F0MTFT,ST3000DM001,3000592982016,0,,242977032,,,,,,,,0,,,,,,11693,,,,,,,,,,,,,,,,,,,,,,,,,,,,,,24,,,,,,0,,,,,,,,,,,,,,,,,,,,,,,,,,,,
2013-12-11,S1F0CVLV,ST3000DM001,3000592982016,0,,57500688,,,,,,,,0,,,,,,12396,,,,,,,,,,,,,,,,,,,,,,,,,,,,,,27,,,,,,0,,,,,,,,,,,,,,,,,,,,,,,,,,,,
2013-12-11,W3009T3X,ST4000DM000,4000787030016,0,,104377696,,,,,,,,0,,,,,,4187,,,,,,,,,,,,,,,,,,,,,,,,,,,,,,30,,,,,,0,,,,,,,,,,,,,,,,,,,,,,,,,,,,
2013-12-11,PL1321LAGAZHAH,Hitachi HDS5C4040ALE630,4000787030016,0,,0,,,,,,,,0,,,,,,5052,,,,,,,,,,,,,,,,,,,,,,,,,,,,,,28,,,,,,0,,,,,,,,,,,,,,,,,,,,,,,,,,,,
2013-12-11,JK1105B8GBL2PX,Hitachi HDS722020ALA330,2000398934016,0,,0,,,,,,,,3,,,,,,27168,,,,,,,,,,,,,,,,,,,,,,,,,,,,,,32,,,,,,0,,,,,,,,,,,,,,,,,,,,,,,,,,,,
2013-12-11,JK11A8B9JR06JF,Hitachi HDS722020ALA330,2000398934016,0,,0,,,,,,,,0,,,,,,24112,,,,,,,,,,,,,,,,,,,,,,,,,,,,,,29,,,,,,0,,,,,,,,,,,,,,,,,,,,,,,,,,,,
2013-12-11,JK11A8B9J76MKF,Hitachi HDS722020ALA330,2000398934016,0,,1,,,,,,,,0,,,,,,22687,,,,,,,,,,,,,,,,,,,,,,,,,,,,,,23,,,,,,0,,,,,,,,,,,,,,,,,,,,,,,,,,,,
2013-12-11,W300BHZ2,ST4000DM000,4000787030016,0,,229206720,,,,,,,,0,,,,,,4160,,,,,,,,,,,,,,,,,,,,,,,,,,,,,,24,,,,,,0,,,,,,,,,,,,,,,,,,,,,,,,,,,,
2013-12-11,Z300CMCB,ST4000DM000,4000787030016,0,,98597816,,,,,,,,0,,,,,,2245,,,,,,,,,,,,,,,,,,,,,,,,,,,,,,23,,,,,,0,,,,,,,,,,,,,,,,,,,,,,,,,,,,
2013-12-11,JK11A8B9J7NK3F,Hitachi HDS722020ALA330,2000398934016,0,,0,,,,,,,,0,,,,,,23577,,,,,,,,,,,,,,,,,,,,,,,,,,,,,,27,,,,,,0,,,,,,,,,,,,,,,,,,,,,,,,,,,,
2013-12-11,5XW02ZHN,ST31500541AS,1500301910016,0,,116055283,,,,,,,,22,,,,,,36960,,,,,,,,,,,,,,,,,,,,,,,,,,,,,,22,,,,,,0,,,,,,,,,,,,,,,,,,,,,,,,,,,,
2013-12-11,MJ0351YNG9YT9A,Hitachi HDS5C3030ALA630,3000592982016,0,,0,,,,,,,,0,,,,,,8619,,,,,,,,,,,,,,,,,,,,,,,,,,,,,,31,,,,,,0,,,,,,,,,,,,,,,,,,,,,,,,,,,,
2013-12-11,W1F0JH87,ST3000DM001,3000592982016,0,,130820592,,,,,,,,0,,,,,,12156,,,,,,,,,,,,,,,,,,,,,,,,,,,,,,28,,,,,,0,,,,,,,,,,,,,,,,,,,,,,,,,,,,
2013-12-11,JK11A8B9J9KSVF,Hitachi HDS722020ALA330,2000398934016,0,,0,,,,,,,,0,,,,,,24983,,,,,,,,,,,,,,,,,,,,,,,,,,,,,,28,,,,,,0,,,,,,,,,,,,,,,,,,,,,,,,,,,,
2013-12-11,MJ1311YNG7JS5A,Hitachi HDS5C3030ALA630,3000592982016,0,,0,,,,,,,,0,,,,,,14600,,,,,,,,,,,,,,,,,,,,,,,,,,,,,,23,,,,,,0,,,,,,,,,,,,,,,,,,,,,,,,,,,,
2013-12-11,6XW0VYK3,ST31500541AS,1500301910016,0,,11212211,,,,,,,,0,,,,,,33857,,,,,,,,,,,,,,,,,,,,,,,,,,,,,,19,,,,,,0,,,,,,,,,,,,,,,,,,,,,,,,,,,,
2013-12-11,PL1331LAG5AXBH,HGST HMS5C4040ALE640,4000787030016,0,,0,,,,,,,,0,,,,,,9401,,,,,,,,,,,,,,,,,,,,,,,,,,,,,,30,,,,,,0,,,,,,,,,,,,,,,,,,,,,,,,,,,,
2013-12-11,MJ1321YNG0DKGA,Hitachi HDS5C3030ALA630,3000592982016,0,,0,,,,,,,,0,,,,,,20498,,,,,,,,,,,,,,,,,,,,,,,,,,,,,,29,,,,,,0,,,,,,,,,,,,,,,,,,,,,,,,,,,,
2013-12-11,Z1F0EWVK,ST3000DM001,3000592982016,0,,123607104,,,,,,,,0,,,,,,3024,,,,,,,,,,,,,,,,,,,,,,,,,,,,,,23,,,,,,0,,,,,,,,,,,,,,,,,,,,,,,,,,,,
2013-12-11,Z300K110,ST4000DM000,4000787030016,0,,48985096,,,,,,,,0,,,,,,2241,,,,,,,,,,,,,,,,,,,,,,,,,,,,,,19,,,,,,0,,,,,,,,,,,,,,,,,,,,,,,,,,,,
2013-12-11,WD-WCAWZ1344171,WDC WD30EZRX,3000592982016,0,,0,,,,,,,,0,,,,,,17605,,,,,,,,,,,,,,,,,,,,,,,,,,,,,,20,,,,,,65534,,,,,,,,,,,,,,,,,,,,,,,,,,,,
2013-12-11,JK11H1B9GJ2GNR,Hitachi HDS722020ALA330,2000398934016,0,,0,,,,,,,,0,,,,,,27486,,,,,,,,,,,,,,,,,,,,,,,,,,,,,,26,,,,,,0,,,,,,,,,,,,,,,,,,,,,,,,,,,,
2013-12-11,MJ1311YNG7HJ6A,Hitachi HDS5C3030ALA630,3000592982016,0,,0,,,,,,,,0,,,,,,14310,,,,,,,,,,,,,,,,,,,,,,,,,,,,,,25,,,,,,0,,,,,,,,,,,,,,,,,,,,,,,,,,,,
2013-12-11,JK11A8B9J82WXF,Hitachi HDS722020ALA330,2000398934016,0,,1,,,,,,,,1,,,,,,26010,,,,,,,,,,,,,,,,,,,,,,,,,,,,,,28,,,,,,0,,,,,,,,,,,,,,,,,,,,,,,,,,,,
2013-12-11,6XW01V3S,ST31500541AS,1500301910016,0,,58409859,,,,,,,,0,,,,,,36936,,,,,,,,,,,,,,,,,,,,,,,,,,,,,,24,,,,,,0,,,,,,,,,,,,,,,,,,,,,,,,,,,,
2013-12-11,W1F111N7,ST3000DM001,3000592982016,0,,144594928,,,,,,,,0,,,,,,7990,,,,,,,,,,,,,,,,,,,,,,,,,,,,,,15,,,,,,0,,,,,,,,,,,,,,,,,,,,,,,,,,,,
2013-12-11,S1F01FV9,ST3000DM001,3000592982016,0,,72110568,,,,,,,,0,,,,,,15246,,,,,,,,,,,,,,,,,,,,,,,,,,,,,,23,,,,,,0,,,,,,,,,,,,,,,,,,,,,,,,,,,,
2013-12-11,W30061M8,ST4000DM000,4000787030016,0,,141446888,,,,,,,,0,,,,,,2681,,,,,,,,,,,,,,,,,,,,,,,,,,,,,,25,,,,,,0,,,,,,,,,,,,,,,,,,,,,,,,,,,,
2013-12-11,MS79215X05J1YG,Hitachi HDS723030BLE640,3000592982016,0,,0,,,,,,,,0,,,,,,6612,,,,,,,,,,,,,,,,,,,,,,,,,,,,,,26,,,,,,0,,,,,,,,,,,,,,,,,,,,,,,,,,,,
2013-12-11,MK0313YHGAXBBC,Hitachi HDS723030ALA640,3000592982016,0,,25493504,,,,,,,,0,,,,,,21458,,,,,,,,,,,,,,,,,,,,,,,,,,,,,,29,,,,,,0,,,,,,,,,,,,,,,,,,,,,,,,,,,,
2013-12-11,MJ1311YNG05BLA,Hitachi HDS5C3030ALA630,3000592982016,0,,0,,,,,,,,0,,,,,,20732,,,,,,,,,,,,,,,,,,,,,,,,,,,,,,24,,,,,,0,,,,,,,,,,,,,,,,,,,,,,,,,,,,
2013-12-11,Z1Z05C7M,ST4000DX000,4000787030016,0,,105281499,,,,,,,,0,,,,,,5078,,,,,,,,,,,,,,,,,,,,,,,,,,,,,,33,,,,,,0,,,,,,,,,,,,,,,,,,,,,,,,,,,,
2013-12-11,WD-WCAWZ0489200,WDC WD30EZRX,3000592982016,0,,0,,,,,,,,0,,,,,,16128,,,,,,,,,,,,,,,,,,,,,,,,,,,,,,20,,,,,,0,,,,,,,,,,,,,,,,,,,,,,,,,,,,
2013-12-11,JK11A8B9J7NRKF,Hitachi HDS722020ALA330,2000398934016,0,,0,,,,,,,,0,,,,,,22699,,,,,,,,,,,,,,,,,,,,,,,,,,,,,,28,,,,,,0,,,,,,,,,,,,,,,,,,,,,,,,,,,,
2013-12-11,S1F12Y53,ST3000DM001,3000592982016,0,,91290504,,,,,,,,2312,,,,,,7991,,,,,,,,,,,,,,,,,,,,,,,,,,,,,,20,,,,,,0,,,,,,,,,,,,,,,,,,,,,,,,,,,,
2013-12-11,W1F09TS4,ST3000DM001,3000592982016,0,,25516544,,,,,,,,0,,,,,,13342,,,,,,,,,,,,,,,,,,,,,,,,,,,,,,25,,,,,,8,,,,,,,,,,,,,,,,,,,,,,,,,,,,
2013-12-11,MK0301YHGEJXPA,Hitachi HDS723030ALA640,3000592982016,0,,0,,,,,,,,0,,,,,,17009,,,,,,,,,,,,,,,,,,,,,,,,,,,,,,32,,,,,,0,,,,,,,,,,,,,,,,,,,,,,,,,,,,
2013-12-11,Z300NK4Y,ST4000DM000,4000787030016,0,,187686928,,,,,,,,0,,,,,,105,,,,,,,,,,,,,,,,,,,,,,,,,,,,,,21,,,,,,0,,,,,,,,,,,,,,,,,,,,,,,,,,,,
2013-12-11,W1F095AW,ST3000DM001,3000592982016,0,,3617872,,,,,,,,0,,,,,,13358,,,,,,,,,,,,,,,,,,,,,,,,,,,,,,27,,,,,,0,,,,,,,,,,,,,,,,,,,,,,,,,,,,
2013-12-11,Z1F0L59Z,ST3000DM001,3000592982016,0,,38911712,,,,,,,,0,,,,,,10944,,,,,,,,,,,,,,,,,,,,,,,,,,,,,,24,,,,,,0,,,,,,,,,,,,,,,,,,,,,,,,,,,,
2013-12-11,JK11A8YBKY5JVF,Hitachi HDS722020ALA330,2000398934016,0,,327680,,,,,,,,0,,,,,,27845,,,,,,,,,,,,,,,,,,,,,,,,,,,,,,27,,,,,,0,,,,,,,,,,,,,,,,,,,,,,,,,,,,
2013-12-11,JK1101B9JPGB7F,Hitachi HDS722020ALA330,2000398934016,0,,0,,,,,,,,19,,,,,,24099,,,,,,,,,,,,,,,,,,,,,,,,,,,,,,28,,,,,,0,,,,,,,,,,,,,,,,,,,,,,,,,,,,
2013-12-11,S1F0T2TM,ST3000DM001,3000592982016,0,,224816320,,,,,,,,0,,,,,,10727,,,,,,,,,,,,,,,,,,,,,,,,,,,,,,25,,,,,,0,,,,,,,,,,,,,,,,,,,,,,,,,,,,
2013-12-11,MK0313YHGJWV9C,Hitachi HDS723030ALA640,3000592982016,0,,1,,,,,,,,0,,,,,,21455,,,,,,,,,,,,,,,,,,,,,,,,,,,,,,27,,,,,,0,,,,,,,,,,,,,,,,,,,,,,,,,,,,
2013-12-11,PL1311LAG3ATMH,Hitachi HDS5C4040ALE630,4000787030016,0,,0,,,,,,,,0,,,,,,6654,,,,,,,,,,,,,,,,,,,,,,,,,,,,,,22,,,,,,0,,,,,,,,,,,,,,,,,,,,,,,,,,,,
2013-12-11,W3003M91,ST4000DM000,4000787030016,0,,40473896,,,,,,,,0,,,,,,2875,,,,,,,,,,,,,,,,,,,,,,,,,,,,,,21,,,,,,0,,,,,,,,,,,,,,,,,,,,,,,,,,,,
2013-12-11,MK0311YHGK9PKA,Hitachi HDS723030ALA640,3000592982016,0,,0,,,,,,,,0,,,,,,21459,,,,,,,,,,,,,,,,,,,,,,,,,,,,,,27,,,,,,0,,,,,,,,,,,,,,,,,,,,,,,,,,,,
2013-12-11,W1F0QFYH,ST3000DM001,3000592982016,0,,26821288,,,,,,,,0,,,,,,11048,,,,,,,,,,,,,,,,,,,,,,,,,,,,,,21,,,,,,0,,,,,,,,,,,,,,,,,,,,,,,,,,,,
2013-12-11,Z1Z05C75,ST4000DX000,4000787030016,0,,148542415,,,,,,,,0,,,,,,5040,,,,,,,,,,,,,,,,,,,,,,,,,,,,,,30,,,,,,0,,,,,,,,,,,,,,,,,,,,,,,,,,,,
2013-12-11,MJ1311YNG616HA,Hitachi HDS5C3030ALA630,3000592982016,0,,0,,,,,,,,0,,,,,,14310,,,,,,,,,,,,,,,,,,,,,,,,,,,,,,22,,,,,,0,,,,,,,,,,,,,,,,,,,,,,,,,,,,
2013-12-11,MJ0351YNG9UVEA,Hitachi HDS5C3030ALA630,3000592982016,0,,0,,,,,,,,0,,,,,,7961,,,,,,,,,,,,,,,,,,,,,,,,,,,,,,29,,,,,,0,,,,,,,,,,,,,,,,,,,,,,,,,,,,
2013-12-11,W300H3R2,ST4000DM000,4000787030016,0,,177953368,,,,,,,,0,,,,,,815,,,,,,,,,,,,,,,,,,,,,,,,,,,,,,17,,,,,,0,,,,,,,,,,,,,,,,,,,,,,,,,,,,
2013-12-11,S1F0S4NL,ST3000DM001,3000592982016,0,,156017040,,,,,,,,0,,,,,,10771,,,,,,,,,,,,,,,,,,,,,,,,,,,,,,27,,,,,,0,,,,,,,,,,,,,,,,,,,,,,,,,,,,
2013-12-11,JK11A8B9J1Z9SF,Hitachi HDS722020ALA330,2000398934016,0,,0,,,,,,,,0,,,,,,24433,,,,,,,,,,,,,,,,,,,,,,,,,,,,,,24,,,,,,0,,,,,,,,,,,,,,,,,,,,,,,,,,,,
2013-12-11,JK11A8B9J0M3RF,Hitachi HDS722020ALA330,2000398934016,0,,1,,,,,,,,0,,,,,,26145,,,,,,,,,,,,,,,,,,,,,,,,,,,,,,25,,,,,,0,,,,,,,,,,,,,,,,,,,,,,,,,,,,
2013-12-11,S1F06TY6,ST3000DM001,3000592982016,0,,102751304,,,,,,,,0,,,,,,13774,,,,,,,,,,,,,,,,,,,,,,,,,,,,,,27,,,,,,0,,,,,,,,,,,,,,,,,,,,,,,,,,,,
2013-12-11,JK1171YBK0PPPF,Hitachi HDS722020ALA330,2000398934016,0,,65537,,,,,,,,0,,,,,,29018,,,,,,,,,,,,,,,,,,,,,,,,,,,,,,27,,,,,,0,,,,,,,,,,,,,,,,,,,,,,,,,,,,
2013-12-11,Z300E4XK,ST4000DM000,4000787030016,0,,7361744,,,,,,,,0,,,,,,2272,,,,,,,,,,,,,,,,,,,,,,,,,,,,,,23,,,,,,0,,,,,,,,,,,,,,,,,,,,,,,,,,,,
2013-12-11,JK2171B9HYT8ZL,Hitachi HDS722020ALA330,2000398934016,0,,65536,,,,,,,,4,,,,,,26010,,,,,,,,,,,,,,,,,,,,,,,,,,,,,,29,,,,,,0,,,,,,,,,,,,,,,,,,,,,,,,,,,,
2013-12-11,Z300E4XG,ST4000DM000,4000787030016,0,,133707152,,,,,,,,0,,,,,,2216,,,,,,,,,,,,,,,,,,,,,,,,,,,,,,23,,,,,,0,,,,,,,,,,,,,,,,,,,,,,,,,,,,
2013-12-11,Z1Z06G70,ST4000DX000,4000787030016,0,,187253393,,,,,,,,0,,,,,,5379,,,,,,,,,,,,,,,,,,,,,,,,,,,,,,26,,,,,,0,,,,,,,,,,,,,,,,,,,,,,,,,,,,
2013-12-11,S1F0CW0Z,ST3000DM001,3000592982016,0,,9821112,,,,,,,,0,,,,,,12418,,,,,,,,,,,,,,,,,,,,,,,,,,,,,,27,,,,,,0,,,,,,,,,,,,,,,,,,,,,,,,,,,,
2013-12-11,MK0301YHGMK0TD,Hitachi HDS723030ALA640,3000592982016,0,,0,,,,,,,,0,,,,,,16078,,,,,,,,,,,,,,,,,,,,,,,,,,,,,,26,,,,,,0,,,,,,,,,,,,,,,,,,,,,,,,,,,,
2013-12-11,JK1101B9JNV47F,Hitachi HDS722020ALA330,2000398934016,0,,0,,,,,,,,0,,,,,,24463,,,,,,,,,,,,,,,,,,,,,,,,,,,,,,27,,,,,,0,,,,,,,,,,,,,,,,,,,,,,,,,,,,
2013-12-11,PL1321LAG36A9H,Hitachi HDS5C4040ALE630,4000787030016,0,,0,,,,,,,,0,,,,,,6650,,,,,,,,,,,,,,,,,,,,,,,,,,,,,,23,,,,,,0,,,,,,,,,,,,,,,,,,,,,,,,,,,,
2013-12-11,MJ0351YNG9VJ8A,Hitachi HDS5C3030ALA630,3000592982016,0,,0,,,,,,,,0,,,,,,9989,,,,,,,,,,,,,,,,,,,,,,,,,,,,,,25,,,,,,0,,,,,,,,,,,,,,,,,,,,,,,,,,,,
2013-12-11,6XW02TNQ,ST31500541AS,1500301910016,0,,150871420,,,,,,,,0,,,,,,37291,,,,,,,,,,,,,,,,,,,,,,,,,,,,,,19,,,,,,0,,,,,,,,,,,,,,,,,,,,,,,,,,,,
2013-12-11,Z300WWJX,ST4000DM000,4000787030016,0,,193923536,,,,,,,,0,,,,,,920,,,,,,,,,,,,,,,,,,,,,,,,,,,,,,19,,,,,,0,,,,,,,,,,,,,,,,,,,,,,,,,,,,
2013-12-11,W1F08RDV,ST3000DM001,3000592982016,0,,117356960,,,,,,,,0,,,,,,13885,,,,,,,,,,,,,,,,,,,,,,,,,,,,,,21,,,,,,0,,,,,,,,,,,,,,,,,,,,,,,,,,,,
2013-12-11,Z1Z044ET,ST4000DX000,4000787030016,0,,6666128,,,,,,,,0,,,,,,5077,,,,,,,,,,,,,,,,,,,,,,,,,,,,,,30,,,,,,0,,,,,,,,,,,,,,,,,,,,,,,,,,,,
2013-12-11,PL1301LAG326DH,Hitachi HDS5C4040ALE630,4000787030016,0,,0,,,,,,,,0,,,,,,5958,,,,,,,,,,,,,,,,,,,,,,,,,,,,,,26,,,,,,0,,,,,,,,,,,,,,,,,,,,,,,,,,,,
2013-12-11,9VS1J2H4,ST31500341AS,1500301910016,0,,139862101,,,,,,,,0,,,,,,40404,,,,,,,,,,,,,,,,,,,,,,,,,,,,,,28,,,,,,0,,,,,,,,,,,,,,,,,,,,,,,,,,,,
2013-12-11,W1F0LRXG,ST3000DM001,3000592982016,0,,76056488,,,,,,,,0,,,,,,12169,,,,,,,,,,,,,,,,,,,,,,,,,,,,,,26,,,,,,64,,,,,,,,,,,,,,,,,,,,,,,,,,,,
2013-12-11,MJ1323YNG1NDSC,Hitachi HDS5C3030ALA630,3000592982016,0,,0,,,,,,,,0,,,,,,19766,,,,,,,,,,,,,,,,,,,,,,,,,,,,,,27,,,,,,0,,,,,,,,,,,,,,,,,,,,,,,,,,,,
2013-12-11,PL1311LAG3DSWH,Hitachi HDS5C4040ALE630,4000787030016,0,,0,,,,,,,,0,,,,,,6639,,,,,,,,,,,,,,,,,,,,,,,,,,,,,,28,,,,,,0,,,,,,,,,,,,,,,,,,,,,,,,,,,,
2013-12-11,JK11A8B9J7HWVF,Hitachi HDS722020ALA330,2000398934016,0,,0,,,,,,,,0,,,,,,23577,,,,,,,,,,,,,,,,,,,,,,,,,,,,,,24,,,,,,0,,,,,,,,,,,,,,,,,,,,,,,,,,,,
2013-12-11,JK11A8B9GBMGHF,Hitachi HDS722020ALA330,2000398934016,0,,0,,,,,,,,0,,,,,,26764,,,,,,,,,,,,,,,,,,,,,,,,,,,,,,22,,,,,,0,,,,,,,,,,,,,,,,,,,,,,,,,,,,
2013-12-11,JK1101B9JN4LJT,Hitachi HDS722020ALA330,2000398934016,0,,0,,,,,,,,0,,,,,,23990,,,,,,,,,,,,,,,,,,,,,,,,,,,,,,27,,,,,,0,,,,,,,,,,,,,,,,,,,,,,,,,,,,
2013-12-11,JK11A8B9JPVPBF,Hitachi HDS722020ALA330,2000398934016,0,,0,,,,,,,,0,,,,,,24112,,,,,,,,,,,,,,,,,,,,,,,,,,,,,,25,,,,,,0,,,,,,,,,,,,,,,,,,,,,,,,,,,,
2013-12-11,JK11A8B9GP96SF,Hitachi HDS722020ALA330,2000398934016,0,,0,,,,,,,,0,,,,,,26764,,,,,,,,,,,,,,,,,,,,,,,,,,,,,,27,,,,,,0,,,,,,,,,,,,,,,,,,,,,,,,,,,,
2013-12-11,6XW0SG6Q,ST31500541AS,1500301910016,0,,214023451,,,,,,,,0,,,,,,33856,,,,,,,,,,,,,,,,,,,,,,,,,,,,,,19,,,,,,0,,,,,,,,,,,,,,,,,,,,,,,,,,,,
2013-12-11,WD-WCAV5J593561,WDC WD10EADS,1000204886016,0,,0,,,,,,,,0,,,,,,4644,,,,,,,,,,,,,,,,,,,,,,,,,,,,,,29,,,,,,0,,,,,,,,,,,,,,,,,,,,,,,,,,,,
2013-12-11,S1F136F6,ST3000DM001,3000592982016,0,,167426712,,,,,,,,0,,,,,,8177,,,,,,,,,,,,,,,,,,,,,,,,,,,,,,23,,,,,,0,,,,,,,,,,,,,,,,,,,,,,,,,,,,
2013-12-11,Z290VWQV,ST33000651AS,3000592982016,0,,224836913,,,,,,,,0,,,,,,17738,,,,,,,,,,,,,,,,,,,,,,,,,,,,,,26,,,,,,0,,,,,,,,,,,,,,,,,,,,,,,,,,,,
2013-12-11,PL2310LAG0MBMC,Hitachi HDS5C4040ALE630,4000787030016,0,,0,,,,,,,,0,,,,,,12998,,,,,,,,,,,,,,,,,,,,,,,,,,,,,,27,,,,,,0,,,,,,,,,,,,,,,,,,,,,,,,,,,,
2013-12-11,WD-WCAV5R453818,WDC WD10EADS,1000204886016,0,,0,,,,,,,,0,,,,,,19063,,,,,,,,,,,,,,,,,,,,,,,,,,,,,,30,,,,,,0,,,,,,,,,,,,,,,,,,,,,,,,,,,,
2013-12-11,S1F04E3F,ST3000DM001,3000592982016,0,,210366616,,,,,,,,0,,,,,,13342,,,,,,,,,,,,,,,,,,,,,,,,,,,,,,24,,,,,,0,,,,,,,,,,,,,,,,,,,,,,,,,,,,
2013-12-11,JK11A8B9J3MPTF,Hitachi HDS722020ALA330,2000398934016,0,,0,,,,,,,,0,,,,,,24216,,,,,,,,,,,,,,,,,,,,,,,,,,,,,,28,,,,,,0,,,,,,,,,,,,,,,,,,,,,,,,,,,,
2013-12-11,JK1101B9JNTD3U,Hitachi HDS722020ALA330,2000398934016,0,,0,,,,,,,,0,,,,,,23587,,,,,,,,,,,,,,,,,,,,,,,,,,,,,,31,,,,,,0,,,,,,,,,,,,,,,,,,,,,,,,,,,,
2013-12-11,Z1F19VF5,ST3000DM001,3000592982016,0,,230949016,,,,,,,,0,,,,,,8163,,,,,,,,,,,,,,,,,,,,,,,,,,,,,,27,,,,,,0,,,,,,,,,,,,,,,,,,,,,,,,,,,,
2013-12-11,W1F08HVS,ST3000DM001,3000592982016,0,,204424840,,,,,,,,0,,,,,,13358,,,,,,,,,,,,,,,,,,,,,,,,,,,,,,26,,,,,,0,,,,,,,,,,,,,,,,,,,,,,,,,,,,
2013-12-11,PL1321LAG36LJH,Hitachi HDS5C4040ALE630,4000787030016,0,,0,,,,,,,,0,,,,,,6648,,,,,,,,,,,,,,,,,,,,,,,,,,,,,,22,,,,,,0,,,,,,,,,,,,,,,,,,,,,,,,,,,,
2013-12-11,W300BL58,ST4000DM000,4000787030016,0,,230402272,,,,,,,,0,,,,,,2261,,,,,,,,,,,,,,,,,,,,,,,,,,,,,,22,,,,,,0,,,,,,,,,,,,,,,,,,,,,,,,,,,,
2013-12-11,PL1321LAG3287H,Hitachi HDS5C4040ALE630,4000787030016,0,,0,,,,,,,,0,,,,,,6568,,,,,,,,,,,,,,,,,,,,,,,,,,,,,,27,,,,,,0,,,,,,,,,,,,,,,,,,,,,,,,,,,,
2013-12-11,WD-WCAU4A649295,WDC WD10EADS,1000204886016,0,,0,,,,,,,,0,,,,,,38051,,,,,,,,,,,,,,,,,,,,,,,,,,,,,,27,,,,,,0,,,,,,,,,,,,,,,,,,,,,,,,,,,,
2013-12-11,MJ0351YNG9S55A,Hitachi HDS5C3030ALA630,3000592982016,0,,0,,,,,,,,0,,,,,,7937,,,,,,,,,,,,,,,,,,,,,,,,,,,,,,22,,,,,,0,,,,,,,,,,,,,,,,,,,,,,,,,,,,
2013-12-11,W1F08HVB,ST3000DM001,3000592982016,0,,227944464,,,,,,,,0,,,,,,13914,,,,,,,,,,,,,,,,,,,,,,,,,,,,,,23,,,,,,0,,,,,,,,,,,,,,,,,,,,,,,,,,,,
2013-12-11,6XW03CCE,ST31500541AS,1500301910016,0,,235273384,,,,,,,,0,,,,,,36648,,,,,,,,,,,,,,,,,,,,,,,,,,,,,,22,,,,,,0,,,,,,,,,,,,,,,,,,,,,,,,,,,,
2013-12-11,6XW03CCY,ST31500541AS,1500301910016,0,,242520975,,,,,,,,0,,,,,,35759,,,,,,,,,,,,,,,,,,,,,,,,,,,,,,21,,,,,,0,,,,,,,,,,,,,,,,,,,,,,,,,,,,
2013-12-11,JK1171YAK1UMVN,Hitachi HDS722020ALA330,2000398934016,0,,196610,,,,,,,,6,,,,,,29914,,,,,,,,,,,,,,,,,,,,,,,,,,,,,,28,,,,,,0,,,,,,,,,,,,,,,,,,,,,,,,,,,,
2013-12-11,6XW03CCV,ST31500541AS,1500301910016,0,,103876708,,,,,,,,0,,,,,,36938,,,,,,,,,,,,,,,,,,,,,,,,,,,,,,20,,,,,,0,,,,,,,,,,,,,,,,,,,,,,,,,,,,
2013-12-11,PL1311LAG38S7H,Hitachi HDS5C4040ALE630,4000787030016,0,,0,,,,,,,,0,,,,,,6655,,,,,,,,,,,,,,,,,,,,,,,,,,,,,,18,,,,,,0,,,,,,,,,,,,,,,,,,,,,,,,,,,,
2013-12-11,WD-WCAU47262200,WDC WD10EADS,1000204886016,0,,0,,,,,,,,0,,,,,,40477,,,,,,,,,,,,,,,,,,,,,,,,,,,,,,29,,,,,,0,,,,,,,,,,,,,,,,,,,,,,,,,,,,
2013-12-11,Z300K9N8,ST4000DM000,4000787030016,0,,198566112,,,,,,,,0,,,,,,2217,,,,,,,,,,,,,,,,,,,,,,,,,,,,,,23,,,,,,0,,,,,,,,,,,,,,,,,,,,,,,,,,,,
2013-12-11,MJ1321YNG1GS0A,Hitachi HDS5C3030ALA630,3000592982016,0,,0,,,,,,,,0,,,,,,19798,,,,,,,,,,,,,,,,,,,,,,,,,,,,,,28,,,,,,0,,,,,,,,,,,,,,,,,,,,,,,,,,,,
2013-12-11,S1F023ZD,ST3000DM001,3000592982016,0,,121225464,,,,,,,,0,,,,,,15223,,,,,,,,,,,,,,,,,,,,,,,,,,,,,,19,,,,,,0,,,,,,,,,,,,,,,,,,,,,,,,,,,,
2013-12-11,WD-WCAU47262208,WDC WD10EADS,1000204886016,0,,9,,,,,,,,0,,,,,,40490,,,,,,,,,,,,,,,,,,,,,,,,,,,,,,28,,,,,,0,,,,,,,,,,,,,,,,,,,,,,,,,,,,
2013-12-11,WD-WCAU45640979,WDC WD10EADS,1000204886016,0,,5,,,,,,,,0,,,,,,40471,,,,,,,,,,,,,,,,,,,,,,,,,,,,,,29,,,,,,0,,,,,,,,,,,,,,,,,,,,,,,,,,,,
2013-12-11,PL1311LAG3DUYH,Hitachi HDS5C4040ALE630,4000787030016,0,,0,,,,,,,,0,,,,,,5933,,,,,,,,,,,,,,,,,,,,,,,,,,,,,,24,,,,,,0,,,,,,,,,,,,,,,,,,,,,,,,,,,,
2013-12-11,JK11A8B9J2AZ6F,Hitachi HDS722020ALA330,2000398934016,0,,0,,,,,,,,0,,,,,,24501,,,,,,,,,,,,,,,,,,,,,,,,,,,,,,32,,,,,,0,,,,,,,,,,,,,,,,,,,,,,,,,,,,
2013-12-11,S1F136FG,ST3000DM001,3000592982016,0,,157207912,,,,,,,,0,,,,,,8128,,,,,,,,,,,,,,,,,,,,,,,,,,,,,,22,,,,,,0,,,,,,,,,,,,,,,,,,,,,,,,,,,,
2013-12-11,PL1311LAG2Z41H,Hitachi HDS5C4040ALE630,4000787030016,0,,0,,,,,,,,0,,,,,,5069,,,,,,,,,,,,,,,,,,,,,,,,,,,,,,26,,,,,,0,,,,,,,,,,,,,,,,,,,,,,,,,,,,
2013-12-11,Z1F0ZCPW,ST3000DM001,3000592982016,0,,51433096,,,,,,,,0,,,,,,7730,,,,,,,,,,,,,,,,,,,,,,,,,,,,,,20,,,,,,0,,,,,,,,,,,,,,,,,,,,,,,,,,,,
2013-12-11,MJ0351YNGA09UA,Hitachi HDS5C3030ALA630,3000592982016,0,,0,,,,,,,,0,,,,,,9132,,,,,,,,,,,,,,,,,,,,,,,,,,,,,,27,,,,,,0,,,,,,,,,,,,,,,,,,,,,,,,,,,,
2013-12-11,S1F020F7,ST3000DM001,3000592982016,0,,62151200,,,,,,,,0,,,,,,14237,,,,,,,,,,,,,,,,,,,,,,,,,,,,,,21,,,,,,208,,,,,,,,,,,,,,,,,,,,,,,,,,,,
2013-12-11,9XK0PQCH,ST33000651AS,3000592982016,0,,191728006,,,,,,,,0,,,,,,17739,,,,,,,,,,,,,,,,,,,,,,,,,,,,,,23,,,,,,0,,,,,,,,,,,,,,,,,,,,,,,,,,,,
2013-12-11,W1F08CWS,ST3000DM001,3000592982016,0,,207822672,,,,,,,,0,,,,,,15223,,,,,,,,,,,,,,,,,,,,,,,,,,,,,,22,,,,,,0,,,,,,,,,,,,,,,,,,,,,,,,,,,,
2013-12-11,6XW0375N,ST320005XXXX,2000398934016,0,,208444516,,,,,,,,0,,,,,,29353,,,,,,,,,,,,,,,,,,,,,,,,,,,,,,14,,,,,,0,,,,,,,,,,,,,,,,,,,,,,,,,,,,
2013-12-11,PL1311LAG368DH,Hitachi HDS5C4040ALE630,4000787030016,0,,0,,,,,,,,0,,,,,,6639,,,,,,,,,,,,,,,,,,,,,,,,,,,,,,27,,,,,,0,,,,,,,,,,,,,,,,,,,,,,,,,,,,
2013-12-11,MJ0351YNGAA4ZA,Hitachi HDS5C3030ALA630,3000592982016,0,,0,,,,,,,,0,,,,,,8210,,,,,,,,,,,,,,,,,,,,,,,,,,,,,,36,,,,,,0,,,,,,,,,,,,,,,,,,,,,,,,,,,,
2013-12-11,Z1F17XPD,ST3000DM001,3000592982016,0,,240572288,,,,,,,,0,,,,,,6774,,,,,,,,,,,,,,,,,,,,,,,,,,,,,,26,,,,,,0,,,,,,,,,,,,,,,,,,,,,,,,,,,,
2013-12-11,W1F0NZYW,ST3000DM001,3000592982016,0,,108390568,,,,,,,,0,,,,,,11047,,,,,,,,,,,,,,,,,,,,,,,,,,,,,,21,,,,,,0,,,,,,,,,,,,,,,,,,,,,,,,,,,,
2013-12-11,MK0301YHG3R06A,Hitachi HDS723030ALA640,3000592982016,0,,458754,,,,,,,,0,,,,,,17017,,,,,,,,,,,,,,,,,,,,,,,,,,,,,,29,,,,,,0,,,,,,,,,,,,,,,,,,,,,,,,,,,,
2013-12-11,Z1F07JEX,ST3000DM001,3000592982016,0,,204837712,,,,,,,,0,,,,,,14732,,,,,,,,,,,,,,,,,,,,,,,,,,,,,,25,,,,,,0,,,,,,,,,,,,,,,,,,,,,,,,,,,,
2013-12-11,WD-WCAU45177521,WDC WD10EADS,1000204886016,0,,12,,,,,,,,0,,,,,,40648,,,,,,,,,,,,,,,,,,,,,,,,,,,,,,23,,,,,,0,,,,,,,,,,,,,,,,,,,,,,,,,,,,
2013-12-11,Z2907Z53,ST33000651AS,3000592982016,0,,1536268,,,,,,,,0,,,,,,17740,,,,,,,,,,,,,,,,,,,,,,,,,,,,,,25,,,,,,0,,,,,,,,,,,,,,,,,,,,,,,,,,,,
2013-12-11,JK1101B9KNKNMF,Hitachi HDS722020ALA330,2000398934016,0,,0,,,,,,,,0,,,,,,23097,,,,,,,,,,,,,,,,,,,,,,,,,,,,,,31,,,,,,0,,,,,,,,,,,,,,,,,,,,,,,,,,,,
2013-12-11,Z300KF8H,ST4000DM000,4000787030016,0,,195702256,,,,,,,,0,,,,,,152,,,,,,,,,,,,,,,,,,,,,,,,,,,,,,23,,,,,,0,,,,,,,,,,,,,,,,,,,,,,,,,,,,
2013-12-11,S1F033GZ,ST3000DM001,3000592982016,0,,97902376,,,,,,,,0,,,,,,15263,,,,,,,,,,,,,,,,,,,,,,,,,,,,,,24,,,,,,0,,,,,,,,,,,,,,,,,,,,,,,,,,,,
2013-12-11,MK0311YHG516LA,Hitachi HDS723030ALA640,3000592982016,0,,0,,,,,,,,0,,,,,,14729,,,,,,,,,,,,,,,,,,,,,,,,,,,,,,28,,,,,,0,,,,,,,,,,,,,,,,,,,,,,,,,,,,
2013-12-11,MJ1323YNG185XC,Hitachi HDS5C3030ALA630,3000592982016,0,,0,,,,,,,,0,,,,,,18067,,,,,,,,,,,,,,,,,,,,,,,,,,,,,,26,,,,,,0,,,,,,,,,,,,,,,,,,,,,,,,,,,,
2013-12-11,6XW03JSV,ST32000542AS,2000398934016,0,,177654116,,,,,,,,0,,,,,,13014,,,,,,,,,,,,,,,,,,,,,,,,,,,,,,20,,,,,,0,,,,,,,,,,,,,,,,,,,,,,,,,,,,
2013-12-11,JK11A8B9KY21HF,Hitachi HDS722020ALA330,2000398934016,0,,0,,,,,,,,0,,,,,,7706,,,,,,,,,,,,,,,,,,,,,,,,,,,,,,32,,,,,,0,,,,,,,,,,,,,,,,,,,,,,,,,,,,
2013-12-11,WD-WCAWZ1211521,WDC WD30EZRX,3000592982016,0,,0,,,,,,,,0,,,,,,16129,,,,,,,,,,,,,,,,,,,,,,,,,,,,,,22,,,,,,0,,,,,,,,,,,,,,,,,,,,,,,,,,,,
2013-12-11,JK1101B9JS3LZR,Hitachi HDS722020ALA330,2000398934016,0,,1,,,,,,,,0,,,,,,23318,,,,,,,,,,,,,,,,,,,,,,,,,,,,,,35,,,,,,0,,,,,,,,,,,,,,,,,,,,,,,,,,,,
2013-12-11,MJ1323YNG1RXSC,Hitachi HDS5C3030ALA630,3000592982016,0,,0,,,,,,,,0,,,,,,20082,,,,,,,,,,,,,,,,,,,,,,,,,,,,,,32,,,,,,0,,,,,,,,,,,,,,,,,,,,,,,,,,,,
2013-12-11,W1F08CW5,ST3000DM001,3000592982016,0,,11757808,,,,,,,,0,,,,,,15239,,,,,,,,,,,,,,,,,,,,,,,,,,,,,,23,,,,,,0,,,,,,,,,,,,,,,,,,,,,,,,,,,,
2013-12-11,MJ1321YNG0E3RA,Hitachi HDS5C3030ALA630,3000592982016,0,,0,,,,,,,,0,,,,,,20498,,,,,,,,,,,,,,,,,,,,,,,,,,,,,,28,,,,,,0,,,,,,,,,,,,,,,,,,,,,,,,,,,,
2013-12-11,WD-WCAV55614069,WDC WD10EADS,1000204886016,0,,0,,,,,,,,0,,,,,,4606,,,,,,,,,,,,,,,,,,,,,,,,,,,,,,26,,,,,,0,,,,,,,,,,,,,,,,,,,,,,,,,,,,
2013-12-11,JK11A8B9J7VH6F,Hitachi HDS722020ALA330,2000398934016,0,,0,,,,,,,,0,,,,,,26010,,,,,,,,,,,,,,,,,,,,,,,,,,,,,,24,,,,,,0,,,,,,,,,,,,,,,,,,,,,,,,,,,,
2013-12-11,MK0331YHGP2MLD,Hitachi HDS723030ALA640,3000592982016,0,,0,,,,,,,,0,,,,,,10356,,,,,,,,,,,,,,,,,,,,,,,,,,,,,,31,,,,,,0,,,,,,,,,,,,,,,,,,,,,,,,,,,,
2013-12-11,Z300WK3P,ST4000DM000,4000787030016,0,,48309400,,,,,,,,0,,,,,,612,,,,,,,,,,,,,,,,,,,,,,,,,,,,,,21,,,,,,0,,,,,,,,,,,,,,,,,,,,,,,,,,,,
2013-12-11,MJ0351YNGA0DRA,Hitachi HDS5C3030ALA630,3000592982016,0,,0,,,,,,,,0,,,,,,9315,,,,,,,,,,,,,,,,,,,,,,,,,,,,,,28,,,,,,0,,,,,,,,,,,,,,,,,,,,,,,,,,,,
2013-12-11,PL1311LAG3EGEH,Hitachi HDS5C4040ALE630,4000787030016,0,,0,,,,,,,,0,,,,,,5922,,,,,,,,,,,,,,,,,,,,,,,,,,,,,,22,,,,,,0,,,,,,,,,,,,,,,,,,,,,,,,,,,,
2013-12-11,JK11A8B9J2ZRPF,Hitachi HDS722020ALA330,2000398934016,0,,2,,,,,,,,0,,,,,,23319,,,,,,,,,,,,,,,,,,,,,,,,,,,,,,29,,,,,,0,,,,,,,,,,,,,,,,,,,,,,,,,,,,
2013-12-11,PL1321LAG350NH,Hitachi HDS5C4040ALE630,4000787030016,0,,0,,,,,,,,0,,,,,,5140,,,,,,,,,,,,,,,,,,,,,,,,,,,,,,29,,,,,,0,,,,,,,,,,,,,,,,,,,,,,,,,,,,
2013-12-11,JK11A8B9J2ZAPF,Hitachi HDS722020ALA330,2000398934016,0,,65536,,,,,,,,0,,,,,,23829,,,,,,,,,,,,,,,,,,,,,,,,,,,,,,31,,,,,,0,,,,,,,,,,,,,,,,,,,,,,,,,,,,
2013-12-11,WD-WMAWZ0138885,WDC WD30EZRX,3000592982016,0,,0,,,,,,,,0,,,,,,106,,,,,,,,,,,,,,,,,,,,,,,,,,,,,,25,,,,,,0,,,,,,,,,,,,,,,,,,,,,,,,,,,,
2013-12-11,JK1101B9J3USZF,Hitachi HDS722020ALA330,2000398934016,0,,8,,,,,,,,0,,,,,,23105,,,,,,,,,,,,,,,,,,,,,,,,,,,,,,23,,,,,,0,,,,,,,,,,,,,,,,,,,,,,,,,,,,
2013-12-11,W3005S35,ST4000DM000,4000787030016,0,,108611376,,,,,,,,0,,,,,,2610,,,,,,,,,,,,,,,,,,,,,,,,,,,,,,24,,,,,,0,,,,,,,,,,,,,,,,,,,,,,,,,,,,
2013-12-11,MJ0351YNG9WJ3A,Hitachi HDS5C3030ALA630,3000592982016,0,,0,,,,,,,,0,,,,,,9552,,,,,,,,,,,,,,,,,,,,,,,,,,,,,,32,,,,,,0,,,,,,,,,,,,,,,,,,,,,,,,,,,,
2013-12-11,Z300CMC7,ST4000DM000,4000787030016,0,,78117896,,,,,,,,0,,,,,,2246,,,,,,,,,,,,,,,,,,,,,,,,,,,,,,23,,,,,,0,,,,,,,,,,,,,,,,,,,,,,,,,,,,
2013-12-11,MJ0351YNGABX1A,Hitachi HDS5C3030ALA630,3000592982016,0,,0,,,,,,,,0,,,,,,8617,,,,,,,,,,,,,,,,,,,,,,,,,,,,,,29,,,,,,0,,,,,,,,,,,,,,,,,,,,,,,,,,,,
2013-12-11,9VS2ADQW,ST31500341AS,1500301910016,0,,129147378,,,,,,,,2,,,,,,38653,,,,,,,,,,,,,,,,,,,,,,,,,,,,,,23,,,,,,0,,,,,,,,,,,,,,,,,,,,,,,,,,,,
2013-12-11,JK1101B9KM0MVF,Hitachi HDS722020ALA330,2000398934016,0,,0,,,,,,,,0,,,,,,23075,,,,,,,,,,,,,,,,,,,,,,,,,,,,,,30,,,,,,0,,,,,,,,,,,,,,,,,,,,,,,,,,,,
2013-12-11,JK1101B9KMYHKF,Hitachi HDS722020ALA330,2000398934016,0,,0,,,,,,,,0,,,,,,23100,,,,,,,,,,,,,,,,,,,,,,,,,,,,,,23,,,,,,0,,,,,,,,,,,,,,,,,,,,,,,,,,,,
2013-12-11,JK1101B9KMDWLU,Hitachi HDS722020ALA330,2000398934016,0,,131072,,,,,,,,0,,,,,,22954,,,,,,,,,,,,,,,,,,,,,,,,,,,,,,26,,,,,,0,,,,,,,,,,,,,,,,,,,,,,,,,,,,
2013-12-11,MJ1311YNG32DMA,Hitachi HDS5C3030ALA630,3000592982016,0,,655360,,,,,,,,0,,,,,,18386,,,,,,,,,,,,,,,,,,,,,,,,,,,,,,23,,,,,,0,,,,,,,,,,,,,,,,,,,,,,,,,,,,
2013-12-11,W3009JS3,ST4000DM000,4000787030016,0,,11149232,,,,,,,,0,,,,,,4153,,,,,,,,,,,,,,,,,,,,,,,,,,,,,,24,,,,,,0,,,,,,,,,,,,,,,,,,,,,,,,,,,,
2013-12-11,MK0331YHGLV8MA,Hitachi HDS723030ALA640,3000592982016,0,,0,,,,,,,,0,,,,,,17354,,,,,,,,,,,,,,,,,,,,,,,,,,,,,,24,,,,,,0,,,,,,,,,,,,,,,,,,,,,,,,,,,,
2013-12-11,PL1311LAG39V2H,Hitachi HDS5C4040ALE630,4000787030016,0,,0,,,,,,,,0,,,,,,6070,,,,,,,,,,,,,,,,,,,,,,,,,,,,,,22,,,,,,0,,,,,,,,,,,,,,,,,,,,,,,,,,,,
2013-12-11,JK1101B9JNNWUU,Hitachi HDS722020ALA330,2000398934016,0,,0,,,,,,,,0,,,,,,23991,,,,,,,,,,,,,,,,,,,,,,,,,,,,,,27,,,,,,0,,,,,,,,,,,,,,,,,,,,,,,,,,,,
2013-12-11,Z290S1JG,ST33000651AS,3000592982016,0,,235915203,,,,,,,,0,,,,,,15604,,,,,,,,,,,,,,,,,,,,,,,,,,,,,,26,,,,,,0,,,,,,,,,,,,,,,,,,,,,,,,,,,,
2013-12-11,6XW010GT,ST31500541AS,1500301910016,0,,227527397,,,,,,,,0,,,,,,37143,,,,,,,,,,,,,,,,,,,,,,,,,,,,,,20,,,,,,0,,,,,,,,,,,,,,,,,,,,,,,,,,,,
2013-12-11,Z300GPQX,ST4000DM000,4000787030016,0,,38122672,,,,,,,,0,,,,,,3582,,,,,,,,,,,,,,,,,,,,,,,,,,,,,,23,,,,,,0,,,,,,,,,,,,,,,,,,,,,,,,,,,,
2013-12-11,WD-WCAU42437743,WDC WD10EACS,1000204886016,0,,0,,,,,,,,0,,,,,,42813,,,,,,,,,,,,,,,,,,,,,,,,,,,,,,16,,,,,,0,,,,,,,,,,,,,,,,,,,,,,,,,,,,
2013-12-11,PL1321LAG34AVH,Hitachi HDS5C4040ALE630,4000787030016,0,,0,,,,,,,,0,,,,,,5961,,,,,,,,,,,,,,,,,,,,,,,,,,,,,,17,,,,,,0,,,,,,,,,,,,,,,,,,,,,,,,,,,,
2013-12-11,Z1F0MP8Q,ST3000DM001,3000592982016,0,,243030528,,,,,,,,0,,,,,,4304,,,,,,,,,,,,,,,,,,,,,,,,,,,,,,22,,,,,,0,,,,,,,,,,,,,,,,,,,,,,,,,,,,
2013-12-11,Z300NDYQ,ST4000DM000,4000787030016,0,,22883792,,,,,,,,0,,,,,,1092,,,,,,,,,,,,,,,,,,,,,,,,,,,,,,25,,,,,,0,,,,,,,,,,,,,,,,,,,,,,,,,,,,
2013-12-11,Z300W32A,ST4000DM000,4000787030016,0,,66316752,,,,,,,,0,,,,,,920,,,,,,,,,,,,,,,,,,,,,,,,,,,,,,21,,,,,,0,,,,,,,,,,,,,,,,,,,,,,,,,,,,
2013-12-11,MJ1311YNG3KP4A,Hitachi HDS5C3030ALA630,3000592982016,0,,0,,,,,,,,0,,,,,,18940,,,,,,,,,,,,,,,,,,,,,,,,,,,,,,27,,,,,,0,,,,,,,,,,,,,,,,,,,,,,,,,,,,
2013-12-11,PL1321LAG34KNH,Hitachi HDS5C4040ALE630,4000787030016,0,,0,,,,,,,,0,,,,,,6571,,,,,,,,,,,,,,,,,,,,,,,,,,,,,,30,,,,,,0,,,,,,,,,,,,,,,,,,,,,,,,,,,,
2013-12-11,MJ1311YNG6W0XA,Hitachi HDS5C3030ALA630,3000592982016,0,,0,,,,,,,,0,,,,,,9773,,,,,,,,,,,,,,,,,,,,,,,,,,,,,,30,,,,,,0,,,,,,,,,,,,,,,,,,,,,,,,,,,,
2013-12-11,6XW0B96E,ST31500541AS,1500301910016,0,,37664155,,,,,,,,0,,,,,,31506,,,,,,,,,,,,,,,,,,,,,,,,,,,,,,26,,,,,,0,,,,,,,,,,,,,,,,,,,,,,,,,,,,
2013-12-11,MJ0351YNG9XNNA,Hitachi HDS5C3030ALA630,3000592982016,0,,0,,,,,,,,0,,,,,,9483,,,,,,,,,,,,,,,,,,,,,,,,,,,,,,28,,,,,,0,,,,,,,,,,,,,,,,,,,,,,,,,,,,
2013-12-11,MJ0351YNG9Z89A,Hitachi HDS5C3030ALA630,3000592982016,0,,0,,,,,,,,0,,,,,,9469,,,,,,,,,,,,,,,,,,,,,,,,,,,,,,25,,,,,,0,,,,,,,,,,,,,,,,,,,,,,,,,,,,
2013-12-11,MJ0351YNG9U84A,Hitachi HDS5C3030ALA630,3000592982016,0,,0,,,,,,,,0,,,,,,9974,,,,,,,,,,,,,,,,,,,,,,,,,,,,,,23,,,,,,0,,,,,,,,,,,,,,,,,,,,,,,,,,,,
2013-12-11,WD-WMAWZ0232047,WDC WD30EZRX,3000592982016,0,,196,,,,,,,,0,,,,,,12943,,,,,,,,,,,,,,,,,,,,,,,,,,,,,,23,,,,,,1,,,,,,,,,,,,,,,,,,,,,,,,,,,,
2013-12-11,PL2311LAG1UJ5C,Hitachi HDS5C4040ALE630,4000787030016,0,,0,,,,,,,,0,,,,,,7757,,,,,,,,,,,,,,,,,,,,,,,,,,,,,,25,,,,,,0,,,,,,,,,,,,,,,,,,,,,,,,,,,,
2013-12-11,MJ1311YNG32MZA,Hitachi HDS5C3030ALA630,3000592982016,0,,0,,,,,,,,0,,,,,,18048,,,,,,,,,,,,,,,,,,,,,,,,,,,,,,23,,,,,,0,,,,,,,,,,,,,,,,,,,,,,,,,,,,
2013-12-11,Z300W325,ST4000DM000,4000787030016,0,,27829704,,,,,,,,0,,,,,,957,,,,,,,,,,,,,,,,,,,,,,,,,,,,,,18,,,,,,0,,,,,,,,,,,,,,,,,,,,,,,,,,,,
2013-12-11,MJ0351YNG9V46A,Hitachi HDS5C3030ALA630,3000592982016,0,,0,,,,,,,,0,,,,,,9941,,,,,,,,,,,,,,,,,,,,,,,,,,,,,,22,,,,,,0,,,,,,,,,,,,,,,,,,,,,,,,,,,,
2013-12-11,JK1101B9JP5R2U,Hitachi HDS722020ALA330,2000398934016,0,,0,,,,,,,,0,,,,,,24113,,,,,,,,,,,,,,,,,,,,,,,,,,,,,,29,,,,,,0,,,,,,,,,,,,,,,,,,,,,,,,,,,,
2013-12-11,MJ1311YNG3JXDA,Hitachi HDS5C3030ALA630,3000592982016,0,,0,,,,,,,,0,,,,,,18941,,,,,,,,,,,,,,,,,,,,,,,,,,,,,,26,,,,,,0,,,,,,,,,,,,,,,,,,,,,,,,,,,,
2013-12-11,Z1Z02WT2,ST4000DX000,4000787030016,0,,238094341,,,,,,,,0,,,,,,7131,,,,,,,,,,,,,,,,,,,,,,,,,,,,,,37,,,,,,0,,,,,,,,,,,,,,,,,,,,,,,,,,,,
2013-12-11,PL1311LAG38K5H,Hitachi HDS5C4040ALE630,4000787030016,0,,0,,,,,,,,0,,,,,,5959,,,,,,,,,,,,,,,,,,,,,,,,,,,,,,19,,,,,,0,,,,,,,,,,,,,,,,,,,,,,,,,,,,
2013-12-11,JK11A1YAJH3KZV,Hitachi HDS722020ALA330,2000398934016,0,,1,,,,,,,,0,,,,,,28914,,,,,,,,,,,,,,,,,,,,,,,,,,,,,,29,,,,,,0,,,,,,,,,,,,,,,,,,,,,,,,,,,,
2013-12-11,Z300H17N,ST4000DM000,4000787030016,0,,2230464,,,,,,,,0,,,,,,1331,,,,,,,,,,,,,,,,,,,,,,,,,,,,,,21,,,,,,0,,,,,,,,,,,,,,,,,,,,,,,,,,,,
2013-12-11,MJ0351YNG9YKVA,Hitachi HDS5C3030ALA630,3000592982016,0,,0,,,,,,,,0,,,,,,9721,,,,,,,,,,,,,,,,,,,,,,,,,,,,,,29,,,,,,0,,,,,,,,,,,,,,,,,,,,,,,,,,,,
2013-12-11,JK1101B9JRMJWF,Hitachi HDS722020ALA330,2000398934016,0,,0,,,,,,,,0,,,,,,23125,,,,,,,,,,,,,,,,,,,,,,,,,,,,,,27,,,,,,0,,,,,,,,,,,,,,,,,,,,,,,,,,,,
2013-12-11,MK0331YHGL5W7A,Hitachi HDS723030ALA640,3000592982016,0,,0,,,,,,,,0,,,,,,17755,,,,,,,,,,,,,,,,,,,,,,,,,,,,,,25,,,,,,0,,,,,,,,,,,,,,,,,,,,,,,,,,,,
2013-12-11,MJ0351YNGA629A,Hitachi HDS5C3030ALA630,3000592982016,0,,0,,,,,,,,0,,,,,,8141,,,,,,,,,,,,,,,,,,,,,,,,,,,,,,31,,,,,,0,,,,,,,,,,,,,,,,,,,,,,,,,,,,
2013-12-11,JK11A4B8J7S2EW,Hitachi HDS722020ALA330,2000398934016,0,,0,,,,,,,,0,,,,,,25125,,,,,,,,,,,,,,,,,,,,,,,,,,,,,,31,,,,,,0,,,,,,,,,,,,,,,,,,,,,,,,,,,,
2013-12-11,W1F0QVEE,ST3000DM001,3000592982016,0,,49192328,,,,,,,,3880,,,,,,9896,,,,,,,,,,,,,,,,,,,,,,,,,,,,,,27,,,,,,16,,,,,,,,,,,,,,,,,,,,,,,,,,,,
2013-12-11,PL1311LAG20ADA,Hitachi HDS5C4040ALE630,4000787030016,0,,0,,,,,,,,0,,,,,,7452,,,,,,,,,,,,,,,,,,,,,,,,,,,,,,23,,,,,,0,,,,,,,,,,,,,,,,,,,,,,,,,,,,
2013-12-11,S1F0TQDG,ST3000DM001,3000592982016,0,,186931768,,,,,,,,0,,,,,,10721,,,,,,,,,,,,,,,,,,,,,,,,,,,,,,27,,,,,,0,,,,,,,,,,,,,,,,,,,,,,,,,,,,
2013-12-11,JK11A8B9J3AHZF,Hitachi HDS722020ALA330,2000398934016,0,,0,,,,,,,,0,,,,,,23125,,,,,,,,,,,,,,,,,,,,,,,,,,,,,,34,,,,,,0,,,,,,,,,,,,,,,,,,,,,,,,,,,,
2013-12-11,W300ANTF,ST4000DM000,4000787030016,0,,194653464,,,,,,,,0,,,,,,2224,,,,,,,,,,,,,,,,,,,,,,,,,,,,,,21,,,,,,0,,,,,,,,,,,,,,,,,,,,,,,,,,,,
2013-12-11,MJ1311YNG7EKRA,Hitachi HDS5C3030ALA630,3000592982016,0,,0,,,,,,,,0,,,,,,14624,,,,,,,,,,,,,,,,,,,,,,,,,,,,,,25,,,,,,0,,,,,,,,,,,,,,,,,,,,,,,,,,,,
2013-12-11,W1F0Z591,ST3000DM001,3000592982016,0,,243330096,,,,,,,,0,,,,,,10502,,,,,,,,,,,,,,,,,,,,,,,,,,,,,,23,,,,,,0,,,,,,,,,,,,,,,,,,,,,,,,,,,,
2013-12-11,PL1311LAG1SBPA,Hitachi HDS5C4040ALE630,4000787030016,0,,0,,,,,,,,0,,,,,,7759,,,,,,,,,,,,,,,,,,,,,,,,,,,,,,23,,,,,,0,,,,,,,,,,,,,,,,,,,,,,,,,,,,
2013-12-11,JK11A5B8J36S4X,Hitachi HDS722020ALA330,2000398934016,0,,0,,,,,,,,0,,,,,,23821,,,,,,,,,,,,,,,,,,,,,,,,,,,,,,38,,,,,,0,,,,,,,,,,,,,,,,,,,,,,,,,,,,
2013-12-11,JK11A8B9J71J8F,Hitachi HDS722020ALA330,2000398934016,0,,0,,,,,,,,0,,,,,,25542,,,,,,,,,,,,,,,,,,,,,,,,,,,,,,25,,,,,,0,,,,,,,,,,,,,,,,,,,,,,,,,,,,
2013-12-11,S1F07PNG,ST3000DM001,3000592982016,0,,61961920,,,,,,,,0,,,,,,12419,,,,,,,,,,,,,,,,,,,,,,,,,,,,,,34,,,,,,0,,,,,,,,,,,,,,,,,,,,,,,,,,,,
2013-12-11,W1F11ZG9,ST3000DM001,3000592982016,0,,26474368,,,,,,,,0,,,,,,10188,,,,,,,,,,,,,,,,,,,,,,,,,,,,,,26,,,,,,0,,,,,,,,,,,,,,,,,,,,,,,,,,,,
2013-12-11,MJ1321YNG1A2JA,Hitachi HDS5C3030ALA630,3000592982016,0,,0,,,,,,,,0,,,,,,18594,,,,,,,,,,,,,,,,,,,,,,,,,,,,,,23,,,,,,0,,,,,,,,,,,,,,,,,,,,,,,,,,,,
2013-12-11,PL1311LAG2E6MH,Hitachi HDS5C4040ALE630,4000787030016,0,,65536,,,,,,,,0,,,,,,6653,,,,,,,,,,,,,,,,,,,,,,,,,,,,,,28,,,,,,0,,,,,,,,,,,,,,,,,,,,,,,,,,,,
2013-12-11,MJ1311YNG3G6ZA,Hitachi HDS5C3030ALA630,3000592982016,0,,0,,,,,,,,0,,,,,,18203,,,,,,,,,,,,,,,,,,,,,,,,,,,,,,27,,,,,,0,,,,,,,,,,,,,,,,,,,,,,,,,,,,
2013-12-11,JK1101B9GEJ44F,Hitachi HDS722020ALA330,2000398934016,0,,0,,,,,,,,0,,,,,,27159,,,,,,,,,,,,,,,,,,,,,,,,,,,,,,22,,,,,,0,,,,,,,,,,,,,,,,,,,,,,,,,,,,
2013-12-11,MJ1323YNG1R54C,Hitachi HDS5C3030ALA630,3000592982016,0,,0,,,,,,,,0,,,,,,20082,,,,,,,,,,,,,,,,,,,,,,,,,,,,,,32,,,,,,0,,,,,,,,,,,,,,,,,,,,,,,,,,,,
2013-12-11,S1F05A0Q,ST3000DM001,3000592982016,0,,237190760,,,,,,,,0,,,,,,13868,,,,,,,,,,,,,,,,,,,,,,,,,,,,,,23,,,,,,0,,,,,,,,,,,,,,,,,,,,,,,,,,,,
2013-12-11,MK0331YHGMMYJA,Hitachi HDS723030ALA640,3000592982016,0,,0,,,,,,,,0,,,,,,17356,,,,,,,,,,,,,,,,,,,,,,,,,,,,,,20,,,,,,0,,,,,,,,,,,,,,,,,,,,,,,,,,,,
2013-12-11,Z300E45J,ST4000DM000,4000787030016,0,,53459864,,,,,,,,0,,,,,,2216,,,,,,,,,,,,,,,,,,,,,,,,,,,,,,21,,,,,,0,,,,,,,,,,,,,,,,,,,,,,,,,,,,
2013-12-11,WD-WCAWZ0934415,WDC WD30EZRX,3000592982016,0,,18,,,,,,,,0,,,,,,16074,,,,,,,,,,,,,,,,,,,,,,,,,,,,,,24,,,,,,0,,,,,,,,,,,,,,,,,,,,,,,,,,,,
2013-12-11,MJ1311YNG3HHEA,Hitachi HDS5C3030ALA630,3000592982016,0,,0,,,,,,,,0,,,,,,18941,,,,,,,,,,,,,,,,,,,,,,,,,,,,,,24,,,,,,0,,,,,,,,,,,,,,,,,,,,,,,,,,,,
2013-12-11,Z300E45C,ST4000DM000,4000787030016,0,,124487248,,,,,,,,0,,,,,,2272,,,,,,,,,,,,,,,,,,,,,,,,,,,,,,21,,,,,,0,,,,,,,,,,,,,,,,,,,,,,,,,,,,
2013-12-11,MK0333YHGP3M8C,Hitachi HDS723030ALA640,3000592982016,0,,0,,,,,,,,0,,,,,,17762,,,,,,,,,,,,,,,,,,,,,,,,,,,,,,24,,,,,,0,,,,,,,,,,,,,,,,,,,,,,,,,,,,
2013-12-11,WD-WCAWZ1005610,WDC WD30EZRX,3000592982016,0,,0,,,,,,,,0,,,,,,17594,,,,,,,,,,,,,,,,,,,,,,,,,,,,,,22,,,,,,9,,,,,,,,,,,,,,,,,,,,,,,,,,,,
2013-12-11,Z300NLQD,ST4000DM000,4000787030016,0,,29407392,,,,,,,,0,,,,,,1142,,,,,,,,,,,,,,,,,,,,,,,,,,,,,,28,,,,,,0,,,,,,,,,,,,,,,,,,,,,,,,,,,,
2013-12-11,Z300E45P,ST4000DM000,4000787030016,0,,40551208,,,,,,,,0,,,,,,2246,,,,,,,,,,,,,,,,,,,,,,,,,,,,,,23,,,,,,0,,,,,,,,,,,,,,,,,,,,,,,,,,,,
2013-12-11,JK11A8B9J7NLBF,Hitachi HDS722020ALA330,2000398934016,0,,0,,,,,,,,9,,,,,,22697,,,,,,,,,,,,,,,,,,,,,,,,,,,,,,28,,,,,,0,,,,,,,,,,,,,,,,,,,,,,,,,,,,
2013-12-11,WD-WCAU47317255,WDC WD10EADS,1000204886016,0,,0,,,,,,,,0,,,,,,40786,,,,,,,,,,,,,,,,,,,,,,,,,,,,,,32,,,,,,0,,,,,,,,,,,,,,,,,,,,,,,,,,,,
2013-12-11,JK1101B9KLZBPF,Hitachi HDS722020ALA330,2000398934016,0,,0,,,,,,,,0,,,,,,22861,,,,,,,,,,,,,,,,,,,,,,,,,,,,,,29,,,,,,0,,,,,,,,,,,,,,,,,,,,,,,,,,,,
2013-12-11,WD-WCAU45305104,WDC WD10EACS,1000204886016,0,,5,,,,,,,,0,,,,,,42378,,,,,,,,,,,,,,,,,,,,,,,,,,,,,,25,,,,,,0,,,,,,,,,,,,,,,,,,,,,,,,,,,,
2013-12-11,PL1311LAG2VRDA,Hitachi HDS5C4040ALE630,4000787030016,0,,0,,,,,,,,0,,,,,,6653,,,,,,,,,,,,,,,,,,,,,,,,,,,,,,21,,,,,,0,,,,,,,,,,,,,,,,,,,,,,,,,,,,
2013-12-11,JK11A8B9HZTXER,Hitachi HDS722020ALA330,2000398934016,0,,0,,,,,,,,0,,,,,,26144,,,,,,,,,,,,,,,,,,,,,,,,,,,,,,27,,,,,,0,,,,,,,,,,,,,,,,,,,,,,,,,,,,
2013-12-11,Z300PJN6,ST4000DM000,4000787030016,0,,162128824,,,,,,,,0,,,,,,1445,,,,,,,,,,,,,,,,,,,,,,,,,,,,,,27,,,,,,0,,,,,,,,,,,,,,,,,,,,,,,,,,,,
2013-12-11,9VS2B8JD,ST31500341AS,1500301910016,0,,164192680,,,,,,,,1,,,,,,35516,,,,,,,,,,,,,,,,,,,,,,,,,,,,,,31,,,,,,0,,,,,,,,,,,,,,,,,,,,,,,,,,,,
2013-12-11,W300C9TQ,ST4000DM000,4000787030016,0,,193531856,,,,,,,,0,,,,,,4188,,,,,,,,,,,,,,,,,,,,,,,,,,,,,,28,,,,,,0,,,,,,,,,,,,,,,,,,,,,,,,,,,,
2013-12-11,MK0311YHGJUZJA,Hitachi HDS723030ALA640,3000592982016,0,,0,,,,,,,,0,,,,,,16805,,,,,,,,,,,,,,,,,,,,,,,,,,,,,,29,,,,,,0,,,,,,,,,,,,,,,,,,,,,,,,,,,,
2013-12-11,W300C9TZ,ST4000DM000,4000787030016,0,,196218072,,,,,,,,0,,,,,,4184,,,,,,,,,,,,,,,,,,,,,,,,,,,,,,24,,,,,,0,,,,,,,,,,,,,,,,,,,,,,,,,,,,
2013-12-11,JK11A8B9J3PH9F,Hitachi HDS722020ALA330,2000398934016,0,,0,,,,,,,,0,,,,,,23126,,,,,,,,,,,,,,,,,,,,,,,,,,,,,,28,,,,,,0,,,,,,,,,,,,,,,,,,,,,,,,,,,,
2013-12-11,MJ0351YNG9KS1A,Hitachi HDS5C3030ALA630,3000592982016,0,,0,,,,,,,,0,,,,,,9913,,,,,,,,,,,,,,,,,,,,,,,,,,,,,,34,,,,,,0,,,,,,,,,,,,,,,,,,,,,,,,,,,,
2013-12-11,9VS1SD7Y,ST31500341AS,1500301910016,0,,23252603,,,,,,,,12,,,,,,39091,,,,,,,,,,,,,,,,,,,,,,,,,,,,,,29,,,,,,0,,,,,,,,,,,,,,,,,,,,,,,,,,,,
2013-12-11,W300C9TK,ST4000DM000,4000787030016,0,,61103792,,,,,,,,0,,,,,,4168,,,,,,,,,,,,,,,,,,,,,,,,,,,,,,30,,,,,,0,,,,,,,,,,,,,,,,,,,,,,,,,,,,
2013-12-11,PL1321LAG31N6H,Hitachi HDS5C4040ALE630,4000787030016,0,,0,,,,,,,,0,,,,,,6651,,,,,,,,,,,,,,,,,,,,,,,,,,,,,,23,,,,,,0,,,,,,,,,,,,,,,,,,,,,,,,,,,,
2013-12-11,WD-WCAWZ0778611,WDC WD30EZRX,3000592982016,0,,0,,,,,,,,0,,,,,,17618,,,,,,,,,,,,,,,,,,,,,,,,,,,,,,20,,,,,,2,,,,,,,,,,,,,,,,,,,,,,,,,,,,
2013-12-11,WD-WCAU45346616,WDC WD10EADS,1000204886016,0,,0,,,,,,,,0,,,,,,40929,,,,,,,,,,,,,,,,,,,,,,,,,,,,,,15,,,,,,0,,,,,,,,,,,,,,,,,,,,,,,,,,,,
2013-12-11,W300B6P3,ST4000DM000,4000787030016,0,,58270352,,,,,,,,0,,,,,,4187,,,,,,,,,,,,,,,,,,,,,,,,,,,,,,30,,,,,,0,,,,,,,,,,,,,,,,,,,,,,,,,,,,
2013-12-11,PL1311LAG2B60H,Hitachi HDS5C4040ALE630,4000787030016,0,,0,,,,,,,,0,,,,,,7404,,,,,,,,,,,,,,,,,,,,,,,,,,,,,,27,,,,,,0,,,,,,,,,,,,,,,,,,,,,,,,,,,,
2013-12-11,PL1311LAG39YZH,Hitachi HDS5C4040ALE630,4000787030016,0,,0,,,,,,,,0,,,,,,6639,,,,,,,,,,,,,,,,,,,,,,,,,,,,,,29,,,,,,0,,,,,,,,,,,,,,,,,,,,,,,,,,,,
2013-12-11,Z300KJZ4,ST4000DM000,4000787030016,0,,117254328,,,,,,,,0,,,,,,105,,,,,,,,,,,,,,,,,,,,,,,,,,,,,,22,,,,,,0,,,,,,,,,,,,,,,,,,,,,,,,,,,,
2013-12-11,6XW036V1,ST31500541AS,1500301910016,0,,29585142,,,,,,,,0,,,,,,36071,,,,,,,,,,,,,,,,,,,,,,,,,,,,,,20,,,,,,0,,,,,,,,,,,,,,,,,,,,,,,,,,,,
2013-12-11,JK11A4YAKBTEUW,Hitachi HDS722020ALA330,2000398934016,0,,1,,,,,,,,0,,,,,,27871,,,,,,,,,,,,,,,,,,,,,,,,,,,,,,27,,,,,,0,,,,,,,,,,,,,,,,,,,,,,,,,,,,
2013-12-11,JK11A8B9J49N3F,Hitachi HDS722020ALA330,2000398934016,0,,0,,,,,,,,0,,,,,,23319,,,,,,,,,,,,,,,,,,,,,,,,,,,,,,31,,,,,,0,,,,,,,,,,,,,,,,,,,,,,,,,,,,
2013-12-11,W1F09MF6,ST3000DM001,3000592982016,0,,20655608,,,,,,,,0,,,,,,13914,,,,,,,,,,,,,,,,,,,,,,,,,,,,,,24,,,,,,0,,,,,,,,,,,,,,,,,,,,,,,,,,,,
2013-12-11,W1F08HKM,ST3000DM001,3000592982016,0,,109076376,,,,,,,,0,,,,,,14213,,,,,,,,,,,,,,,,,,,,,,,,,,,,,,23,,,,,,0,,,,,,,,,,,,,,,,,,,,,,,,,,,,
2013-12-11,S1F12XJ4,ST3000DM001,3000592982016,0,,23808552,,,,,,,,0,,,,,,8187,,,,,,,,,,,,,,,,,,,,,,,,,,,,,,23,,,,,,0,,,,,,,,,,,,,,,,,,,,,,,,,,,,
2013-12-11,MJ1321YNG1AN8A,Hitachi HDS5C3030ALA630,3000592982016,0,,0,,,,,,,,0,,,,,,19799,,,,,,,,,,,,,,,,,,,,,,,,,,,,,,28,,,,,,0,,,,,,,,,,,,,,,,,,,,,,,,,,,,
2013-12-11,Z1F0L4N5,ST3000DM001,3000592982016,0,,196531144,,,,,,,,0,,,,,,10941,,,,,,,,,,,,,,,,,,,,,,,,,,,,,,25,,,,,,0,,,,,,,,,,,,,,,,,,,,,,,,,,,,
2013-12-11,MJ1311YNG4R05A,Hitachi HDS5C3030ALA630,3000592982016,0,,0,,,,,,,,0,,,,,,14310,,,,,,,,,,,,,,,,,,,,,,,,,,,,,,26,,,,,,0,,,,,,,,,,,,,,,,,,,,,,,,,,,,
2013-12-11,W1F08HKQ,ST3000DM001,3000592982016,0,,161871584,,,,,,,,0,,,,,,13362,,,,,,,,,,,,,,,,,,,,,,,,,,,,,,22,,,,,,0,,,,,,,,,,,,,,,,,,,,,,,,,,,,
2013-12-11,9VS3J8QZ,ST31500341AS,1500301910016,0,,69675042,,,,,,,,83,,,,,,32894,,,,,,,,,,,,,,,,,,,,,,,,,,,,,,30,,,,,,0,,,,,,,,,,,,,,,,,,,,,,,,,,,,
2013-12-11,JK11A4B8JM3WTW,Hitachi HDS722020ALA330,2000398934016,0,,0,,,,,,,,0,,,,,,23821,,,,,,,,,,,,,,,,,,,,,,,,,,,,,,35,,,,,,0,,,,,,,,,,,,,,,,,,,,,,,,,,,,
2013-12-11,JK11A8B9J7WHXF,Hitachi HDS722020ALA330,2000398934016,0,,0,,,,,,,,0,,,,,,24911,,,,,,,,,,,,,,,,,,,,,,,,,,,,,,29,,,,,,0,,,,,,,,,,,,,,,,,,,,,,,,,,,,
2013-12-11,JK1101B9GERVYF,Hitachi HDS722020ALA330,2000398934016,0,,1,,,,,,,,0,,,,,,26925,,,,,,,,,,,,,,,,,,,,,,,,,,,,,,25,,,,,,0,,,,,,,,,,,,,,,,,,,,,,,,,,,,
2013-12-11,9VS2FNH9,ST31500341AS,1500301910016,0,,214931034,,,,,,,,4,,,,,,23010,,,,,,,,,,,,,,,,,,,,,,,,,,,,,,20,,,,,,0,,,,,,,,,,,,,,,,,,,,,,,,,,,,
2013-12-11,MK0311YHGH95YA,Hitachi HDS723030ALA640,3000592982016,0,,0,,,,,,,,0,,,,,,16805,,,,,,,,,,,,,,,,,,,,,,,,,,,,,,25,,,,,,0,,,,,,,,,,,,,,,,,,,,,,,,,,,,
2013-12-11,PL2311LAG1P5PC,Hitachi HDS5C4040ALE630,4000787030016,0,,0,,,,,,,,0,,,,,,6653,,,,,,,,,,,,,,,,,,,,,,,,,,,,,,27,,,,,,0,,,,,,,,,,,,,,,,,,,,,,,,,,,,
2013-12-11,MJ0351YNG9VJVA,Hitachi HDS5C3030ALA630,3000592982016,0,,0,,,,,,,,0,,,,,,9719,,,,,,,,,,,,,,,,,,,,,,,,,,,,,,31,,,,,,0,,,,,,,,,,,,,,,,,,,,,,,,,,,,
2013-12-11,6XW037XH,ST31500541AS,1500301910016,0,,103145357,,,,,,,,0,,,,,,36650,,,,,,,,,,,,,,,,,,,,,,,,,,,,,,24,,,,,,0,,,,,,,,,,,,,,,,,,,,,,,,,,,,
2013-12-11,WD-WMC1T1611783,WDC WD30EFRX,3000592982016,0,,0,,,,,,,,0,,,,,,7709,,,,,,,,,,,,,,,,,,,,,,,,,,,,,,28,,,,,,0,,,,,,,,,,,,,,,,,,,,,,,,,,,,
2013-12-11,PL1311LAG38RKH,Hitachi HDS5C4040ALE630,4000787030016,0,,0,,,,,,,,0,,,,,,6654,,,,,,,,,,,,,,,,,,,,,,,,,,,,,,19,,,,,,0,,,,,,,,,,,,,,,,,,,,,,,,,,,,
2013-12-11,W1F09740,ST3000DM001,3000592982016,0,,112459864,,,,,,,,0,,,,,,13360,,,,,,,,,,,,,,,,,,,,,,,,,,,,,,26,,,,,,0,,,,,,,,,,,,,,,,,,,,,,,,,,,,
2013-12-11,S1F00NV2,ST3000DM001,3000592982016,0,,70902758,,,,,,,,544,,,,,,14725,,,,,,,,,,,,,,,,,,,,,,,,,,,,,,26,,,,,,360,,,,,,,,,,,,,,,,,,,,,,,,,,,,
2013-12-11,MJ1323YNG1PJXC,Hitachi HDS5C3030ALA630,3000592982016,0,,0,,,,,,,,0,,,,,,19766,,,,,,,,,,,,,,,,,,,,,,,,,,,,,,27,,,,,,0,,,,,,,,,,,,,,,,,,,,,,,,,,,,
2013-12-11,6XW009DJ,ST31500541AS,1500301910016,0,,239921419,,,,,,,,0,,,,,,37170,,,,,,,,,,,,,,,,,,,,,,,,,,,,,,20,,,,,,0,,,,,,,,,,,,,,,,,,,,,,,,,,,,
2013-12-11,S1F0FYQQ,ST3000DM001,3000592982016,0,,14225608,,,,,,,,0,,,,,,12173,,,,,,,,,,,,,,,,,,,,,,,,,,,,,,32,,,,,,0,,,,,,,,,,,,,,,,,,,,,,,,,,,,
2013-12-11,MJ1323YNG1EMWC,Hitachi HDS5C3030ALA630,3000592982016,0,,0,,,,,,,,0,,,,,,19772,,,,,,,,,,,,,,,,,,,,,,,,,,,,,,22,,,,,,0,,,,,,,,,,,,,,,,,,,,,,,,,,,,
2013-12-11,9VS1JTN0,ST31500341AS,1500301910016,0,,242805372,,,,,,,,21,,,,,,40409,,,,,,,,,,,,,,,,,,,,,,,,,,,,,,32,,,,,,0,,,,,,,,,,,,,,,,,,,,,,,,,,,,
2013-12-11,WD-WMAWZ0319323,WDC WD30EZRX,3000592982016,0,,0,,,,,,,,0,,,,,,12941,,,,,,,,,,,,,,,,,,,,,,,,,,,,,,21,,,,,,0,,,,,,,,,,,,,,,,,,,,,,,,,,,,
2013-12-11,S1F02TBQ,ST3000DM001,3000592982016,0,,53834648,,,,,,,,0,,,,,,15246,,,,,,,,,,,,,,,,,,,,,,,,,,,,,,23,,,,,,0,,,,,,,,,,,,,,,,,,,,,,,,,,,,
2013-12-11,MJ1313YNG1ZJNC,Hitachi HDS5C3030ALA630,3000592982016,0,,0,,,,,,,,0,,,,,,21796,,,,,,,,,,,,,,,,,,,,,,,,,,,,,,21,,,,,,0,,,,,,,,,,,,,,,,,,,,,,,,,,,,
2013-12-11,S1F0LQYS,ST3000DM001,3000592982016,0,,11809024,,,,,,,,0,,,,,,10799,,,,,,,,,,,,,,,,,,,,,,,,,,,,,,26,,,,,,0,,,,,,,,,,,,,,,,,,,,,,,,,,,,
2013-12-11,6XW022HG,ST31500541AS,1500301910016,0,,69969079,,,,,,,,0,,,,,,36067,,,,,,,,,,,,,,,,,,,,,,,,,,,,,,17,,,,,,0,,,,,,,,,,,,,,,,,,,,,,,,,,,,
2013-12-11,MJ1311YNG62MNA,Hitachi HDS5C3030ALA630,3000592982016,0,,0,,,,,,,,0,,,,,,14593,,,,,,,,,,,,,,,,,,,,,,,,,,,,,,23,,,,,,0,,,,,,,,,,,,,,,,,,,,,,,,,,,,
2013-12-11,W300BY8K,ST4000DM000,4000787030016,0,,158868512,,,,,,,,0,,,,,,2843,,,,,,,,,,,,,,,,,,,,,,,,,,,,,,21,,,,,,0,,,,,,,,,,,,,,,,,,,,,,,,,,,,
2013-12-11,5XW0BDCH,ST31500541AS,1500301910016,0,,40914256,,,,,,,,276,,,,,,34576,,,,,,,,,,,,,,,,,,,,,,,,,,,,,,19,,,,,,0,,,,,,,,,,,,,,,,,,,,,,,,,,,,
2013-12-11,9VS3FFWZ,ST31500341AS,1500301910016,0,,170815985,,,,,,,,303,,,,,,32918,,,,,,,,,,,,,,,,,,,,,,,,,,,,,,24,,,,,,0,,,,,,,,,,,,,,,,,,,,,,,,,,,,
2013-12-11,PL2321LAGASEYJ,Hitachi HDS5C4040ALE630,4000787030016,0,,0,,,,,,,,0,,,,,,5076,,,,,,,,,,,,,,,,,,,,,,,,,,,,,,25,,,,,,0,,,,,,,,,,,,,,,,,,,,,,,,,,,,
2013-12-11,JK1101B9KP2ENF,Hitachi HDS722020ALA330,2000398934016,0,,0,,,,,,,,6,,,,,,23098,,,,,,,,,,,,,,,,,,,,,,,,,,,,,,28,,,,,,0,,,,,,,,,,,,,,,,,,,,,,,,,,,,
2013-12-11,Z300CRPS,ST4000DM000,4000787030016,0,,47927496,,,,,,,,0,,,,,,2843,,,,,,,,,,,,,,,,,,,,,,,,,,,,,,19,,,,,,0,,,,,,,,,,,,,,,,,,,,,,,,,,,,
2013-12-11,MK0311YHG51XAA,Hitachi HDS723030ALA640,3000592982016,0,,0,,,,,,,,0,,,,,,21793,,,,,,,,,,,,,,,,,,,,,,,,,,,,,,23,,,,,,0,,,,,,,,,,,,,,,,,,,,,,,,,,,,
2013-12-11,Z300CRPL,ST4000DM000,4000787030016,0,,33587928,,,,,,,,0,,,,,,2224,,,,,,,,,,,,,,,,,,,,,,,,,,,,,,20,,,,,,0,,,,,,,,,,,,,,,,,,,,,,,,,,,,
2013-12-11,MJ0351YNG9UZ6A,Hitachi HDS5C3030ALA630,3000592982016,0,,0,,,,,,,,0,,,,,,9719,,,,,,,,,,,,,,,,,,,,,,,,,,,,,,31,,,,,,0,,,,,,,,,,,,,,,,,,,,,,,,,,,,
2013-12-11,JK11A4B8J3HVXW,Hitachi HDS722020ALA330,2000398934016,0,,1,,,,,,,,0,,,,,,21478,,,,,,,,,,,,,,,,,,,,,,,,,,,,,,25,,,,,,0,,,,,,,,,,,,,,,,,,,,,,,,,,,,
2013-12-11,JK1105B8GED2GX,Hitachi HDS722020ALA330,2000398934016,0,,0,,,,,,,,1,,,,,,26766,,,,,,,,,,,,,,,,,,,,,,,,,,,,,,28,,,,,,0,,,,,,,,,,,,,,,,,,,,,,,,,,,,
2013-12-11,W300BJ9Y,ST4000DM000,4000787030016,0,,126556168,,,,,,,,0,,,,,,3603,,,,,,,,,,,,,,,,,,,,,,,,,,,,,,20,,,,,,0,,,,,,,,,,,,,,,,,,,,,,,,,,,,
2013-12-11,JK11A8B9J0DUUF,Hitachi HDS722020ALA330,2000398934016,0,,0,,,,,,,,0,,,,,,24426,,,,,,,,,,,,,,,,,,,,,,,,,,,,,,28,,,,,,0,,,,,,,,,,,,,,,,,,,,,,,,,,,,
2013-12-11,MJ1311YNG734UA,Hitachi HDS5C3030ALA630,3000592982016,0,,0,,,,,,,,0,,,,,,14620,,,,,,,,,,,,,,,,,,,,,,,,,,,,,,21,,,,,,0,,,,,,,,,,,,,,,,,,,,,,,,,,,,
2013-12-11,W1F0X4AK,ST3000DM001,3000592982016,0,,42532736,,,,,,,,0,,,,,,11640,,,,,,,,,,,,,,,,,,,,,,,,,,,,,,25,,,,,,0,,,,,,,,,,,,,,,,,,,,,,,,,,,,
2013-12-11,W1F18YT8,ST3000DM001,3000592982016,0,,258808,,,,,,,,0,,,,,,8127,,,,,,,,,,,,,,,,,,,,,,,,,,,,,,26,,,,,,0,,,,,,,,,,,,,,,,,,,,,,,,,,,,
2013-12-11,6XW0YMPC,ST31500541AS,1500301910016,0,,159168983,,,,,,,,0,,,,,,31191,,,,,,,,,,,,,,,,,,,,,,,,,,,,,,22,,,,,,0,,,,,,,,,,,,,,,,,,,,,,,,,,,,
2013-12-11,6XW0YMPM,ST31500541AS,1500301910016,0,,27482771,,,,,,,,0,,,,,,31590,,,,,,,,,,,,,,,,,,,,,,,,,,,,,,26,,,,,,0,,,,,,,,,,,,,,,,,,,,,,,,,,,,
2013-12-11,JK11A4B8J1HJAW,Hitachi HDS722020ALA330,2000398934016,0,,0,,,,,,,,0,,,,,,23126,,,,,,,,,,,,,,,,,,,,,,,,,,,,,,25,,,,,,0,,,,,,,,,,,,,,,,,,,,,,,,,,,,
2013-12-11,MJ1311YNG7LWVA,Hitachi HDS5C3030ALA630,3000592982016,0,,0,,,,,,,,0,,,,,,14620,,,,,,,,,,,,,,,,,,,,,,,,,,,,,,25,,,,,,0,,,,,,,,,,,,,,,,,,,,,,,,,,,,
2013-12-11,PL1311LAG1ZYGA,Hitachi HDS5C4040ALE630,4000787030016,0,,0,,,,,,,,0,,,,,,7437,,,,,,,,,,,,,,,,,,,,,,,,,,,,,,24,,,,,,0,,,,,,,,,,,,,,,,,,,,,,,,,,,,
2013-12-11,S1F05NXS,ST3000DM001,3000592982016,0,,73888656,,,,,,,,936,,,,,,12359,,,,,,,,,,,,,,,,,,,,,,,,,,,,,,26,,,,,,16,,,,,,,,,,,,,,,,,,,,,,,,,,,,
2013-12-11,JK1174YAK8RNTW,Hitachi HDS722020ALA330,2000398934016,0,,0,,,,,,,,0,,,,,,29018,,,,,,,,,,,,,,,,,,,,,,,,,,,,,,28,,,,,,0,,,,,,,,,,,,,,,,,,,,,,,,,,,,
2013-12-11,JK11A8B9J82WRF,Hitachi HDS722020ALA330,2000398934016,0,,0,,,,,,,,0,,,,,,26027,,,,,,,,,,,,,,,,,,,,,,,,,,,,,,27,,,,,,0,,,,,,,,,,,,,,,,,,,,,,,,,,,,
2013-12-11,PL1321LAG35DMH,Hitachi HDS5C4040ALE630,4000787030016,0,,0,,,,,,,,0,,,,,,6652,,,,,,,,,,,,,,,,,,,,,,,,,,,,,,21,,,,,,0,,,,,,,,,,,,,,,,,,,,,,,,,,,,
2013-12-11,JK1105B8GHK89X,Hitachi HDS722020ALA330,2000398934016,0,,0,,,,,,,,0,,,,,,27168,,,,,,,,,,,,,,,,,,,,,,,,,,,,,,28,,,,,,0,,,,,,,,,,,,,,,,,,,,,,,,,,,,
2013-12-11,PL1311LAG3869H,Hitachi HDS5C4040ALE630,4000787030016,0,,0,,,,,,,,0,,,,,,5302,,,,,,,,,,,,,,,,,,,,,,,,,,,,,,27,,,,,,0,,,,,,,,,,,,,,,,,,,,,,,,,,,,
2013-12-11,W300BJ91,ST4000DM000,4000787030016,0,,241364792,,,,,,,,0,,,,,,4047,,,,,,,,,,,,,,,,,,,,,,,,,,,,,,22,,,,,,0,,,,,,,,,,,,,,,,,,,,,,,,,,,,
2013-12-11,JK1101B9HE919F,Hitachi HDS722020ALA330,2000398934016,0,,1,,,,,,,,11,,,,,,23484,,,,,,,,,,,,,,,,,,,,,,,,,,,,,,27,,,,,,0,,,,,,,,,,,,,,,,,,,,,,,,,,,,
2013-12-11,PL1311LAG2DZ5H,Hitachi HDS5C4040ALE630,4000787030016,0,,0,,,,,,,,0,,,,,,7412,,,,,,,,,,,,,,,,,,,,,,,,,,,,,,20,,,,,,0,,,,,,,,,,,,,,,,,,,,,,,,,,,,
2013-12-11,MJ0351YNG9V7KA,Hitachi HDS5C3030ALA630,3000592982016,0,,0,,,,,,,,0,,,,,,9672,,,,,,,,,,,,,,,,,,,,,,,,,,,,,,29,,,,,,0,,,,,,,,,,,,,,,,,,,,,,,,,,,,
2013-12-11,S1F05QJV,ST3000DM001,3000592982016,0,,145076768,,,,,,,,0,,,,,,12360,,,,,,,,,,,,,,,,,,,,,,,,,,,,,,26,,,,,,0,,,,,,,,,,,,,,,,,,,,,,,,,,,,
2013-12-11,WD-WCAU42169335,WDC WD10EACS,1000204886016,0,,4,,,,,,,,0,,,,,,42824,,,,,,,,,,,,,,,,,,,,,,,,,,,,,,20,,,,,,0,,,,,,,,,,,,,,,,,,,,,,,,,,,,
2013-12-11,PL1311LAG3EJJH,Hitachi HDS5C4040ALE630,4000787030016,0,,0,,,,,,,,0,,,,,,5920,,,,,,,,,,,,,,,,,,,,,,,,,,,,,,22,,,,,,0,,,,,,,,,,,,,,,,,,,,,,,,,,,,
2013-12-11,MJ0351YNG9XNUA,Hitachi HDS5C3030ALA630,3000592982016,0,,0,,,,,,,,0,,,,,,9191,,,,,,,,,,,,,,,,,,,,,,,,,,,,,,29,,,,,,0,,,,,,,,,,,,,,,,,,,,,,,,,,,,
2013-12-11,W3001FZP,ST4000DM000,4000787030016,0,,75994888,,,,,,,,0,,,,,,2875,,,,,,,,,,,,,,,,,,,,,,,,,,,,,,25,,,,,,0,,,,,,,,,,,,,,,,,,,,,,,,,,,,
2013-12-11,9VS4YJD5,ST31500341AS,1500301910016,0,,74754121,,,,,,,,94,,,,,,18389,,,,,,,,,,,,,,,,,,,,,,,,,,,,,,22,,,,,,0,,,,,,,,,,,,,,,,,,,,,,,,,,,,
2013-12-11,W300D847,ST4000DM000,4000787030016,0,,15393120,,,,,,,,0,,,,,,4165,,,,,,,,,,,,,,,,,,,,,,,,,,,,,,26,,,,,,0,,,,,,,,,,,,,,,,,,,,,,,,,,,,
2013-12-11,MJ0351YNG9KRVA,Hitachi HDS5C3030ALA630,3000592982016,0,,0,,,,,,,,0,,,,,,9672,,,,,,,,,,,,,,,,,,,,,,,,,,,,,,29,,,,,,0,,,,,,,,,,,,,,,,,,,,,,,,,,,,
2013-12-11,JK1175YAHTZYXX,Hitachi HDS722020ALA330,2000398934016,0,,851994,,,,,,,,1,,,,,,30501,,,,,,,,,,,,,,,,,,,,,,,,,,,,,,33,,,,,,0,,,,,,,,,,,,,,,,,,,,,,,,,,,,
2013-12-11,Z300PM5X,ST4000DM000,4000787030016,0,,61602784,,,,,,,,0,,,,,,1142,,,,,,,,,,,,,,,,,,,,,,,,,,,,,,24,,,,,,0,,,,,,,,,,,,,,,,,,,,,,,,,,,,
2013-12-11,WD-WCAWZ1146943,WDC WD30EZRX,3000592982016,0,,1,,,,,,,,0,,,,,,17990,,,,,,,,,,,,,,,,,,,,,,,,,,,,,,24,,,,,,0,,,,,,,,,,,,,,,,,,,,,,,,,,,,
2013-12-11,S1F06G78,ST3000DM001,3000592982016,0,,112919752,,,,,,,,0,,,,,,13745,,,,,,,,,,,,,,,,,,,,,,,,,,,,,,21,,,,,,8,,,,,,,,,,,,,,,,,,,,,,,,,,,,
2013-12-11,PL1321LAG355VH,Hitachi HDS5C4040ALE630,4000787030016,0,,0,,,,,,,,0,,,,,,5959,,,,,,,,,,,,,,,,,,,,,,,,,,,,,,19,,,,,,0,,,,,,,,,,,,,,,,,,,,,,,,,,,,
2013-12-11,JK11A5B8J37HBX,Hitachi HDS722020ALA330,2000398934016,0,,1,,,,,,,,0,,,,,,23636,,,,,,,,,,,,,,,,,,,,,,,,,,,,,,26,,,,,,0,,,,,,,,,,,,,,,,,,,,,,,,,,,,
2013-12-11,JK11A1YAJH1YJV,Hitachi HDS722020ALA330,2000398934016,0,,0,,,,,,,,0,,,,,,28849,,,,,,,,,,,,,,,,,,,,,,,,,,,,,,26,,,,,,0,,,,,,,,,,,,,,,,,,,,,,,,,,,,
2013-12-11,JK11A8B9J3A47F,Hitachi HDS722020ALA330,2000398934016,0,,0,,,,,,,,0,,,,,,24425,,,,,,,,,,,,,,,,,,,,,,,,,,,,,,29,,,,,,0,,,,,,,,,,,,,,,,,,,,,,,,,,,,
2013-12-11,9VS22HX9,ST31500341AS,1500301910016,0,,197110757,,,,,,,,12,,,,,,35524,,,,,,,,,,,,,,,,,,,,,,,,,,,,,,31,,,,,,0,,,,,,,,,,,,,,,,,,,,,,,,,,,,
2013-12-11,MJ0351YNG9VS3A,Hitachi HDS5C3030ALA630,3000592982016,0,,0,,,,,,,,0,,,,,,9669,,,,,,,,,,,,,,,,,,,,,,,,,,,,,,29,,,,,,0,,,,,,,,,,,,,,,,,,,,,,,,,,,,
2013-12-11,S1F0LDLW,ST3000DM001,3000592982016,0,,105193360,,,,,,,,0,,,,,,12169,,,,,,,,,,,,,,,,,,,,,,,,,,,,,,25,,,,,,0,,,,,,,,,,,,,,,,,,,,,,,,,,,,
2013-12-11,MJ1311YNG37JBA,Hitachi HDS5C3030ALA630,3000592982016,0,,0,,,,,,,,0,,,,,,18046,,,,,,,,,,,,,,,,,,,,,,,,,,,,,,22,,,,,,0,,,,,,,,,,,,,,,,,,,,,,,,,,,,
2013-12-11,JK1105B8GEUWYX,Hitachi HDS722020ALA330,2000398934016,0,,0,,,,,,,,0,,,,,,27167,,,,,,,,,,,,,,,,,,,,,,,,,,,,,,33,,,,,,0,,,,,,,,,,,,,,,,,,,,,,,,,,,,
2013-12-11,JK11A8B9J84A3F,Hitachi HDS722020ALA330,2000398934016,0,,131072,,,,,,,,0,,,,,,26025,,,,,,,,,,,,,,,,,,,,,,,,,,,,,,27,,,,,,0,,,,,,,,,,,,,,,,,,,,,,,,,,,,
2013-12-11,MK0331YHGEJWUA,Hitachi HDS723030ALA640,3000592982016,0,,2,,,,,,,,0,,,,,,17356,,,,,,,,,,,,,,,,,,,,,,,,,,,,,,20,,,,,,0,,,,,,,,,,,,,,,,,,,,,,,,,,,,
2013-12-11,JK11A8B9J7X01F,Hitachi HDS722020ALA330,2000398934016,0,,0,,,,,,,,0,,,,,,24912,,,,,,,,,,,,,,,,,,,,,,,,,,,,,,33,,,,,,0,,,,,,,,,,,,,,,,,,,,,,,,,,,,
2013-12-11,S1F06HCW,ST3000DM001,3000592982016,0,,76520832,,,,,,,,0,,,,,,13794,,,,,,,,,,,,,,,,,,,,,,,,,,,,,,26,,,,,,0,,,,,,,,,,,,,,,,,,,,,,,,,,,,
2013-12-11,MJ1311YNG0GYMA,Hitachi HDS5C3030ALA630,3000592982016,0,,0,,,,,,,,0,,,,,,20498,,,,,,,,,,,,,,,,,,,,,,,,,,,,,,31,,,,,,0,,,,,,,,,,,,,,,,,,,,,,,,,,,,
2013-12-11,W300A7LV,ST4000DM000,4000787030016,0,,175506000,,,,,,,,0,,,,,,1848,,,,,,,,,,,,,,,,,,,,,,,,,,,,,,24,,,,,,0,,,,,,,,,,,,,,,,,,,,,,,,,,,,
2013-12-11,JK11A8B9J7T92F,Hitachi HDS722020ALA330,2000398934016,0,,0,,,,,,,,0,,,,,,24666,,,,,,,,,,,,,,,,,,,,,,,,,,,,,,28,,,,,,0,,,,,,,,,,,,,,,,,,,,,,,,,,,,
2013-12-11,S1F01BCR,ST3000DM001,3000592982016,0,,211797784,,,,,,,,0,,,,,,15400,,,,,,,,,,,,,,,,,,,,,,,,,,,,,,22,,,,,,0,,,,,,,,,,,,,,,,,,,,,,,,,,,,
2013-12-11,JK1101B8KNB0ZS,Hitachi HDS722020ALA330,2000398934016,0,,0,,,,,,,,0,,,,,,23098,,,,,,,,,,,,,,,,,,,,,,,,,,,,,,26,,,,,,0,,,,,,,,,,,,,,,,,,,,,,,,,,,,
2013-12-11,JK11A8B9GPD3ZF,Hitachi HDS722020ALA330,2000398934016,0,,0,,,,,,,,0,,,,,,26328,,,,,,,,,,,,,,,,,,,,,,,,,,,,,,27,,,,,,0,,,,,,,,,,,,,,,,,,,,,,,,,,,,
2013-12-11,MJ1323YNG1MHVC,Hitachi HDS5C3030ALA630,3000592982016,0,,0,,,,,,,,0,,,,,,19773,,,,,,,,,,,,,,,,,,,,,,,,,,,,,,22,,,,,,0,,,,,,,,,,,,,,,,,,,,,,,,,,,,
2013-12-11,9VS3XXQ2,ST31500341AS,1500301910016,0,,157661448,,,,,,,,14,,,,,,18389,,,,,,,,,,,,,,,,,,,,,,,,,,,,,,24,,,,,,0,,,,,,,,,,,,,,,,,,,,,,,,,,,,
2013-12-11,S1F01RNV,ST3000DM001,3000592982016,0,,179421232,,,,,,,,0,,,,,,16198,,,,,,,,,,,,,,,,,,,,,,,,,,,,,,24,,,,,,0,,,,,,,,,,,,,,,,,,,,,,,,,,,,
2013-12-11,S1F0A9WS,ST3000DM001,3000592982016,0,,25518240,,,,,,,,0,,,,,,12420,,,,,,,,,,,,,,,,,,,,,,,,,,,,,,35,,,,,,0,,,,,,,,,,,,,,,,,,,,,,,,,,,,
2013-12-11,JK11A8B9J97U5F,Hitachi HDS722020ALA330,2000398934016,0,,0,,,,,,,,0,,,,,,24496,,,,,,,,,,,,,,,,,,,,,,,,,,,,,,29,,,,,,0,,,,,,,,,,,,,,,,,,,,,,,,,,,,
2013-12-11,9XW032PB,ST31500541AS,1500301910016,0,,14409090,,,,,,,,0,,,,,,33003,,,,,,,,,,,,,,,,,,,,,,,,,,,,,,23,,,,,,0,,,,,,,,,,,,,,,,,,,,,,,,,,,,
2013-12-11,W1F0Q8J7,ST3000DM001,3000592982016,0,,38896272,,,,,,,,0,,,,,,9917,,,,,,,,,,,,,,,,,,,,,,,,,,,,,,23,,,,,,0,,,,,,,,,,,,,,,,,,,,,,,,,,,,
2013-12-11,JK11A8B9J7M7GF,Hitachi HDS722020ALA330,2000398934016,0,,0,,,,,,,,0,,,,,,24912,,,,,,,,,,,,,,,,,,,,,,,,,,,,,,29,,,,,,0,,,,,,,,,,,,,,,,,,,,,,,,,,,,
2013-12-11,MJ1311YNG3983A,Hitachi HDS5C3030ALA630,3000592982016,0,,524308,,,,,,,,1,,,,,,18947,,,,,,,,,,,,,,,,,,,,,,,,,,,,,,26,,,,,,0,,,,,,,,,,,,,,,,,,,,,,,,,,,,
2013-12-11,Z300MGDV,ST4000DM000,4000787030016,0,,224368416,,,,,,,,0,,,,,,2845,,,,,,,,,,,,,,,,,,,,,,,,,,,,,,25,,,,,,0,,,,,,,,,,,,,,,,,,,,,,,,,,,,
2013-12-11,MJ1311YNG3HZXA,Hitachi HDS5C3030ALA630,3000592982016,0,,0,,,,,,,,0,,,,,,14685,,,,,,,,,,,,,,,,,,,,,,,,,,,,,,21,,,,,,0,,,,,,,,,,,,,,,,,,,,,,,,,,,,
2013-12-11,MJ0351YNG9YU1A,Hitachi HDS5C3030ALA630,3000592982016,0,,0,,,,,,,,0,,,,,,9989,,,,,,,,,,,,,,,,,,,,,,,,,,,,,,26,,,,,,0,,,,,,,,,,,,,,,,,,,,,,,,,,,,
2013-12-11,MJ1313YNG1ZX7C,Hitachi HDS5C3030ALA630,3000592982016,0,,23,,,,,,,,0,,,,,,21797,,,,,,,,,,,,,,,,,,,,,,,,,,,,,,25,,,,,,0,,,,,,,,,,,,,,,,,,,,,,,,,,,,
2013-12-11,S1F0TBK9,ST3000DM001,3000592982016,0,,157069392,,,,,,,,0,,,,,,10727,,,,,,,,,,,,,,,,,,,,,,,,,,,,,,24,,,,,,0,,,,,,,,,,,,,,,,,,,,,,,,,,,,
2013-12-11,Z1F0S9QX,ST3000DM001,3000592982016,0,,58970264,,,,,,,,0,,,,,,7030,,,,,,,,,,,,,,,,,,,,,,,,,,,,,,25,,,,,,16,,,,,,,,,,,,,,,,,,,,,,,,,,,,
2013-12-11,Z300JD72,ST4000DM000,4000787030016,0,,204380504,,,,,,,,0,,,,,,2218,,,,,,,,,,,,,,,,,,,,,,,,,,,,,,23,,,,,,0,,,,,,,,,,,,,,,,,,,,,,,,,,,,
2013-12-11,MJ0351YNG9UR0A,Hitachi HDS5C3030ALA630,3000592982016,0,,0,,,,,,,,0,,,,,,9974,,,,,,,,,,,,,,,,,,,,,,,,,,,,,,29,,,,,,0,,,,,,,,,,,,,,,,,,,,,,,,,,,,
2013-12-11,PL1311LAG1RTDA,Hitachi HDS5C4040ALE630,4000787030016,0,,0,,,,,,,,0,,,,,,7757,,,,,,,,,,,,,,,,,,,,,,,,,,,,,,28,,,,,,0,,,,,,,,,,,,,,,,,,,,,,,,,,,,
2013-12-11,JK11A8B9HZTWXR,Hitachi HDS722020ALA330,2000398934016,0,,0,,,,,,,,0,,,,,,26144,,,,,,,,,,,,,,,,,,,,,,,,,,,,,,28,,,,,,0,,,,,,,,,,,,,,,,,,,,,,,,,,,,
2013-12-11,MJ1311YNG27K1A,Hitachi HDS5C3030ALA630,3000592982016,0,,0,,,,,,,,0,,,,,,18572,,,,,,,,,,,,,,,,,,,,,,,,,,,,,,27,,,,,,0,,,,,,,,,,,,,,,,,,,,,,,,,,,,
2013-12-11,Z300NLLW,ST4000DM000,4000787030016,0,,134128248,,,,,,,,0,,,,,,1142,,,,,,,,,,,,,,,,,,,,,,,,,,,,,,25,,,,,,0,,,,,,,,,,,,,,,,,,,,,,,,,,,,
2013-12-11,JK1130YAHDENJT,Hitachi HDS722020ALA330,2000398934016,0,,524304,,,,,,,,0,,,,,,30172,,,,,,,,,,,,,,,,,,,,,,,,,,,,,,30,,,,,,0,,,,,,,,,,,,,,,,,,,,,,,,,,,,
2013-12-11,S1F0S484,ST3000DM001,3000592982016,0,,213988232,,,,,,,,0,,,,,,10837,,,,,,,,,,,,,,,,,,,,,,,,,,,,,,28,,,,,,0,,,,,,,,,,,,,,,,,,,,,,,,,,,,
2013-12-11,MJ0351YNGABYMA,Hitachi HDS5C3030ALA630,3000592982016,0,,0,,,,,,,,0,,,,,,7989,,,,,,,,,,,,,,,,,,,,,,,,,,,,,,28,,,,,,0,,,,,,,,,,,,,,,,,,,,,,,,,,,,
2013-12-11,9XW01R2Q,ST31500541AS,1500301910016,0,,114757470,,,,,,,,0,,,,,,35651,,,,,,,,,,,,,,,,,,,,,,,,,,,,,,21,,,,,,0,,,,,,,,,,,,,,,,,,,,,,,,,,,,
2013-12-11,W300KKJ0,ST4000DM000,4000787030016,0,,23866672,,,,,,,,0,,,,,,799,,,,,,,,,,,,,,,,,,,,,,,,,,,,,,19,,,,,,0,,,,,,,,,,,,,,,,,,,,,,,,,,,,
2013-12-11,PL1321LAG34L7H,Hitachi HDS5C4040ALE630,4000787030016,0,,0,,,,,,,,0,,,,,,6654,,,,,,,,,,,,,,,,,,,,,,,,,,,,,,18,,,,,,0,,,,,,,,,,,,,,,,,,,,,,,,,,,,
2013-12-11,MJ1311YNG0AVUA,Hitachi HDS5C3030ALA630,3000592982016,0,,0,,,,,,,,0,,,,,,20730,,,,,,,,,,,,,,,,,,,,,,,,,,,,,,28,,,,,,0,,,,,,,,,,,,,,,,,,,,,,,,,,,,
2013-12-11,9XW07RNQ,ST32000542AS,2000398934016,0,,227792276,,,,,,,,54,,,,,,31465,,,,,,,,,,,,,,,,,,,,,,,,,,,,,,25,,,,,,0,,,,,,,,,,,,,,,,,,,,,,,,,,,,
2013-12-11,9XW01R2B,ST31500541AS,1500301910016,0,,22620519,,,,,,,,0,,,,,,34330,,,,,,,,,,,,,,,,,,,,,,,,,,,,,,20,,,,,,0,,,,,,,,,,,,,,,,,,,,,,,,,,,,
2013-12-11,S1F0S73Y,ST3000DM001,3000592982016,0,,87846424,,,,,,,,0,,,,,,10835,,,,,,,,,,,,,,,,,,,,,,,,,,,,,,31,,,,,,0,,,,,,,,,,,,,,,,,,,,,,,,,,,,
2013-12-11,Z300C7X2,ST4000DM000,4000787030016,0,,186277544,,,,,,,,0,,,,,,1331,,,,,,,,,,,,,,,,,,,,,,,,,,,,,,18,,,,,,0,,,,,,,,,,,,,,,,,,,,,,,,,,,,
2013-12-11,S1F0KZ5Y,ST3000DM001,3000592982016,0,,204611256,,,,,,,,0,,,,,,11025,,,,,,,,,,,,,,,,,,,,,,,,,,,,,,25,,,,,,0,,,,,,,,,,,,,,,,,,,,,,,,,,,,
2013-12-11,MJ1321YNG0P5BA,Hitachi HDS5C3030ALA630,3000592982016,0,,21,,,,,,,,0,,,,,,20507,,,,,,,,,,,,,,,,,,,,,,,,,,,,,,23,,,,,,0,,,,,,,,,,,,,,,,,,,,,,,,,,,,
2013-12-11,JK11A8B9HWJK6F,Hitachi HDS722020ALA330,2000398934016,0,,0,,,,,,,,1,,,,,,23946,,,,,,,,,,,,,,,,,,,,,,,,,,,,,,26,,,,,,0,,,,,,,,,,,,,,,,,,,,,,,,,,,,
2013-12-11,9XW01R21,ST31500541AS,1500301910016,0,,158429736,,,,,,,,19,,,,,,34327,,,,,,,,,,,,,,,,,,,,,,,,,,,,,,14,,,,,,0,,,,,,,,,,,,,,,,,,,,,,,,,,,,
2013-12-11,WD-WCAV5D655071,WDC WD10EADS,1000204886016,0,,0,,,,,,,,0,,,,,,14849,,,,,,,,,,,,,,,,,,,,,,,,,,,,,,27,,,,,,0,,,,,,,,,,,,,,,,,,,,,,,,,,,,
2013-12-11,Z1F0QKEW,ST3000DM001,3000592982016,0,,222867248,,,,,,,,0,,,,,,11753,,,,,,,,,,,,,,,,,,,,,,,,,,,,,,27,,,,,,0,,,,,,,,,,,,,,,,,,,,,,,,,,,,
2013-12-11,W300KKJY,ST4000DM000,4000787030016,0,,136297472,,,,,,,,0,,,,,,957,,,,,,,,,,,,,,,,,,,,,,,,,,,,,,21,,,,,,0,,,,,,,,,,,,,,,,,,,,,,,,,,,,
2013-12-11,MJ1323YNG1TUGC,Hitachi HDS5C3030ALA630,3000592982016,0,,0,,,,,,,,0,,,,,,19310,,,,,,,,,,,,,,,,,,,,,,,,,,,,,,28,,,,,,0,,,,,,,,,,,,,,,,,,,,,,,,,,,,
2013-12-11,9VS3J8GK,ST31500341AS,1500301910016,0,,77979691,,,,,,,,42,,,,,,32609,,,,,,,,,,,,,,,,,,,,,,,,,,,,,,29,,,,,,0,,,,,,,,,,,,,,,,,,,,,,,,,,,,
2013-12-11,W300KKJB,ST4000DM000,4000787030016,0,,206356632,,,,,,,,0,,,,,,957,,,,,,,,,,,,,,,,,,,,,,,,,,,,,,21,,,,,,0,,,,,,,,,,,,,,,,,,,,,,,,,,,,
2013-12-11,JK1181YAJ437AV,Hitachi HDS722020ALA330,2000398934016,0,,0,,,,,,,,0,,,,,,30256,,,,,,,,,,,,,,,,,,,,,,,,,,,,,,28,,,,,,0,,,,,,,,,,,,,,,,,,,,,,,,,,,,
2013-12-11,5XW0KGP4,ST32000542AS,2000398934016,0,,6872590,,,,,,,,0,,,,,,24642,,,,,,,,,,,,,,,,,,,,,,,,,,,,,,32,,,,,,0,,,,,,,,,,,,,,,,,,,,,,,,,,,,
2013-12-11,JK11A8B9J1E7UF,Hitachi HDS722020ALA330,2000398934016,0,,0,,,,,,,,0,,,,,,23711,,,,,,,,,,,,,,,,,,,,,,,,,,,,,,29,,,,,,0,,,,,,,,,,,,,,,,,,,,,,,,,,,,
2013-12-11,6XW0VBTV,ST31500541AS,1500301910016,0,,160257001,,,,,,,,0,,,,,,31100,,,,,,,,,,,,,,,,,,,,,,,,,,,,,,24,,,,,,0,,,,,,,,,,,,,,,,,,,,,,,,,,,,
2013-12-11,PL1321LAG33Z7H,Hitachi HDS5C4040ALE630,4000787030016,0,,0,,,,,,,,0,,,,,,6654,,,,,,,,,,,,,,,,,,,,,,,,,,,,,,22,,,,,,0,,,,,,,,,,,,,,,,,,,,,,,,,,,,
2013-12-11,JK11A8B9GPHXRF,Hitachi HDS722020ALA330,2000398934016,0,,0,,,,,,,,0,,,,,,26493,,,,,,,,,,,,,,,,,,,,,,,,,,,,,,28,,,,,,0,,,,,,,,,,,,,,,,,,,,,,,,,,,,
2013-12-11,5XW0KGZ0,ST32000542AS,2000398934016,0,,169060030,,,,,,,,0,,,,,,30892,,,,,,,,,,,,,,,,,,,,,,,,,,,,,,30,,,,,,0,,,,,,,,,,,,,,,,,,,,,,,,,,,,
2013-12-11,S1F0S48S,ST3000DM001,3000592982016,0,,67629616,,,,,,,,0,,,,,,10772,,,,,,,,,,,,,,,,,,,,,,,,,,,,,,24,,,,,,0,,,,,,,,,,,,,,,,,,,,,,,,,,,,
2013-12-11,JK1101B9GEJEUF,Hitachi HDS722020ALA330,2000398934016,0,,196609,,,,,,,,1,,,,,,26838,,,,,,,,,,,,,,,,,,,,,,,,,,,,,,31,,,,,,0,,,,,,,,,,,,,,,,,,,,,,,,,,,,
2013-12-11,WD-WCAV51058559,WDC WD10EADS,1000204886016,0,,0,,,,,,,,0,,,,,,35430,,,,,,,,,,,,,,,,,,,,,,,,,,,,,,29,,,,,,0,,,,,,,,,,,,,,,,,,,,,,,,,,,,
2013-12-11,S1F06HDZ,ST3000DM001,3000592982016,0,,40226104,,,,,,,,0,,,,,,13822,,,,,,,,,,,,,,,,,,,,,,,,,,,,,,21,,,,,,0,,,,,,,,,,,,,,,,,,,,,,,,,,,,
2013-12-11,W3008W44,ST4000DM000,4000787030016,0,,108230216,,,,,,,,0,,,,,,4167,,,,,,,,,,,,,,,,,,,,,,,,,,,,,,29,,,,,,0,,,,,,,,,,,,,,,,,,,,,,,,,,,,
2013-12-11,MJ1311YNG304PA,Hitachi HDS5C3030ALA630,3000592982016,0,,0,,,,,,,,0,,,,,,18046,,,,,,,,,,,,,,,,,,,,,,,,,,,,,,23,,,,,,0,,,,,,,,,,,,,,,,,,,,,,,,,,,,
2013-12-11,PL1321LAGAW78H,Hitachi HDS5C4040ALE630,4000787030016,0,,0,,,,,,,,0,,,,,,5049,,,,,,,,,,,,,,,,,,,,,,,,,,,,,,31,,,,,,0,,,,,,,,,,,,,,,,,,,,,,,,,,,,
2013-12-11,W300D7R6,ST4000DM000,4000787030016,0,,198327872,,,,,,,,0,,,,,,4044,,,,,,,,,,,,,,,,,,,,,,,,,,,,,,25,,,,,,0,,,,,,,,,,,,,,,,,,,,,,,,,,,,
2013-12-11,6XW1A7RF,ST32000542AS,2000398934016,0,,15662062,,,,,,,,0,,,,,,31705,,,,,,,,,,,,,,,,,,,,,,,,,,,,,,23,,,,,,0,,,,,,,,,,,,,,,,,,,,,,,,,,,,
2013-12-11,JK11A8B9J7GDAF,Hitachi HDS722020ALA330,2000398934016,0,,1,,,,,,,,0,,,,,,24666,,,,,,,,,,,,,,,,,,,,,,,,,,,,,,29,,,,,,0,,,,,,,,,,,,,,,,,,,,,,,,,,,,
2013-12-11,WD-WCAU4A645677,WDC WD10EADS,1000204886016,0,,1,,,,,,,,0,,,,,,38054,,,,,,,,,,,,,,,,,,,,,,,,,,,,,,25,,,,,,0,,,,,,,,,,,,,,,,,,,,,,,,,,,,
2013-12-11,W300D7R1,ST4000DM000,4000787030016,0,,201673200,,,,,,,,0,,,,,,4044,,,,,,,,,,,,,,,,,,,,,,,,,,,,,,24,,,,,,0,,,,,,,,,,,,,,,,,,,,,,,,,,,,
2013-12-11,Z1F0VNSW,ST3000DM001,3000592982016,0,,138306656,,,,,,,,0,,,,,,8023,,,,,,,,,,,,,,,,,,,,,,,,,,,,,,25,,,,,,0,,,,,,,,,,,,,,,,,,,,,,,,,,,,
2013-12-11,PL1311LAG2HWGH,Hitachi HDS5C4040ALE630,4000787030016,0,,0,,,,,,,,0,,,,,,5921,,,,,,,,,,,,,,,,,,,,,,,,,,,,,,18,,,,,,0,,,,,,,,,,,,,,,,,,,,,,,,,,,,
2013-12-11,MJ0351YNG9ZNUA,Hitachi HDS5C3030ALA630,3000592982016,0,,0,,,,,,,,0,,,,,,9974,,,,,,,,,,,,,,,,,,,,,,,,,,,,,,29,,,,,,0,,,,,,,,,,,,,,,,,,,,,,,,,,,,
2013-12-11,W1F0DBQS,ST3000DM001,3000592982016,0,,239804816,,,,,,,,0,,,,,,12364,,,,,,,,,,,,,,,,,,,,,,,,,,,,,,26,,,,,,0,,,,,,,,,,,,,,,,,,,,,,,,,,,,
2013-12-11,W300BRAL,ST4000DM000,4000787030016,0,,166069760,,,,,,,,0,,,,,,4160,,,,,,,,,,,,,,,,,,,,,,,,,,,,,,25,,,,,,0,,,,,,,,,,,,,,,,,,,,,,,,,,,,
2013-12-11,MJ0351YNGAD7GA,Hitachi HDS5C3030ALA630,3000592982016,0,,0,,,,,,,,0,,,,,,8547,,,,,,,,,,,,,,,,,,,,,,,,,,,,,,27,,,,,,0,,,,,,,,,,,,,,,,,,,,,,,,,,,,
2013-12-11,PL1311LAG1SJUA,Hitachi HDS5C4040ALE630,4000787030016,0,,0,,,,,,,,0,,,,,,7462,,,,,,,,,,,,,,,,,,,,,,,,,,,,,,25,,,,,,0,,,,,,,,,,,,,,,,,,,,,,,,,,,,
2013-12-11,MJ1321YNG0GTZA,Hitachi HDS5C3030ALA630,3000592982016,0,,0,,,,,,,,0,,,,,,20503,,,,,,,,,,,,,,,,,,,,,,,,,,,,,,27,,,,,,0,,,,,,,,,,,,,,,,,,,,,,,,,,,,
2013-12-11,MJ1311YNG5MY8A,Hitachi HDS5C3030ALA630,3000592982016,0,,0,,,,,,,,0,,,,,,14625,,,,,,,,,,,,,,,,,,,,,,,,,,,,,,25,,,,,,0,,,,,,,,,,,,,,,,,,,,,,,,,,,,
2013-12-11,JK1101B9KJVNUT,Hitachi HDS722020ALA330,2000398934016,0,,0,,,,,,,,0,,,,,,23097,,,,,,,,,,,,,,,,,,,,,,,,,,,,,,30,,,,,,0,,,,,,,,,,,,,,,,,,,,,,,,,,,,
2013-12-11,WD-WMC1T1620905,WDC WD30EFRX,3000592982016,0,,0,,,,,,,,0,,,,,,7709,,,,,,,,,,,,,,,,,,,,,,,,,,,,,,26,,,,,,0,,,,,,,,,,,,,,,,,,,,,,,,,,,,
2013-12-11,MJ0351YNGA493A,Hitachi HDS5C3030ALA630,3000592982016,0,,0,,,,,,,,0,,,,,,8883,,,,,,,,,,,,,,,,,,,,,,,,,,,,,,29,,,,,,0,,,,,,,,,,,,,,,,,,,,,,,,,,,,
2013-12-11,JK1101B9KNM0DF,Hitachi HDS722020ALA330,2000398934016,0,,0,,,,,,,,3,,,,,,23100,,,,,,,,,,,,,,,,,,,,,,,,,,,,,,22,,,,,,0,,,,,,,,,,,,,,,,,,,,,,,,,,,,
2013-12-11,6XW04KBT,ST31500541AS,1500301910016,0,,116847863,,,,,,,,0,,,,,,36961,,,,,,,,,,,,,,,,,,,,,,,,,,,,,,22,,,,,,0,,,,,,,,,,,,,,,,,,,,,,,,,,,,
2013-12-11,JK1101B9GA14BR,Hitachi HDS722020ALA330,2000398934016,0,,0,,,,,,,,0,,,,,,27090,,,,,,,,,,,,,,,,,,,,,,,,,,,,,,21,,,,,,0,,,,,,,,,,,,,,,,,,,,,,,,,,,,
2013-12-11,W1F08X1P,ST3000DM001,3000592982016,0,,101911880,,,,,,,,0,,,,,,16191,,,,,,,,,,,,,,,,,,,,,,,,,,,,,,21,,,,,,0,,,,,,,,,,,,,,,,,,,,,,,,,,,,
2013-12-11,Z300CLSH,ST4000DM000,4000787030016,0,,239640912,,,,,,,,0,,,,,,2219,,,,,,,,,,,,,,,,,,,,,,,,,,,,,,23,,,,,,0,,,,,,,,,,,,,,,,,,,,,,,,,,,,
2013-12-11,MJ0351YNGA6Z8A,Hitachi HDS5C3030ALA630,3000592982016,0,,0,,,,,,,,0,,,,,,8545,,,,,,,,,,,,,,,,,,,,,,,,,,,,,,28,,,,,,0,,,,,,,,,,,,,,,,,,,,,,,,,,,,
2013-12-11,JK11A8B9J7N4YF,Hitachi HDS722020ALA330,2000398934016,0,,196610,,,,,,,,0,,,,,,26004,,,,,,,,,,,,,,,,,,,,,,,,,,,,,,28,,,,,,0,,,,,,,,,,,,,,,,,,,,,,,,,,,,
2013-12-11,JK1171YBJXMLDF,Hitachi HDS722020ALA330,2000398934016,0,,0,,,,,,,,0,,,,,,29915,,,,,,,,,,,,,,,,,,,,,,,,,,,,,,27,,,,,,0,,,,,,,,,,,,,,,,,,,,,,,,,,,,
2013-12-11,Z300CLSF,ST4000DM000,4000787030016,0,,160719344,,,,,,,,0,,,,,,2843,,,,,,,,,,,,,,,,,,,,,,,,,,,,,,17,,,,,,0,,,,,,,,,,,,,,,,,,,,,,,,,,,,
2013-12-11,MJ1311YNG75S4A,Hitachi HDS5C3030ALA630,3000592982016,0,,0,,,,,,,,0,,,,,,14600,,,,,,,,,,,,,,,,,,,,,,,,,,,,,,21,,,,,,0,,,,,,,,,,,,,,,,,,,,,,,,,,,,
2013-12-11,9VS1QXLH,ST31500341AS,1500301910016,0,,145152315,,,,,,,,125,,,,,,40081,,,,,,,,,,,,,,,,,,,,,,,,,,,,,,29,,,,,,0,,,,,,,,,,,,,,,,,,,,,,,,,,,,
2013-12-11,JK1130YAHDG92T,Hitachi HDS722020ALA330,2000398934016,0,,262149,,,,,,,,0,,,,,,30171,,,,,,,,,,,,,,,,,,,,,,,,,,,,,,27,,,,,,0,,,,,,,,,,,,,,,,,,,,,,,,,,,,
2013-12-11,JK11A8B9J3HA8F,Hitachi HDS722020ALA330,2000398934016,0,,3,,,,,,,,0,,,,,,23106,,,,,,,,,,,,,,,,,,,,,,,,,,,,,,25,,,,,,0,,,,,,,,,,,,,,,,,,,,,,,,,,,,
2013-12-11,JK11A8B9J7WPZF,Hitachi HDS722020ALA330,2000398934016,0,,0,,,,,,,,0,,,,,,25662,,,,,,,,,,,,,,,,,,,,,,,,,,,,,,29,,,,,,0,,,,,,,,,,,,,,,,,,,,,,,,,,,,
2013-12-11,PL2331LAG7K40J,Hitachi HDS5C4040ALE630,4000787030016,0,,0,,,,,,,,0,,,,,,5430,,,,,,,,,,,,,,,,,,,,,,,,,,,,,,20,,,,,,0,,,,,,,,,,,,,,,,,,,,,,,,,,,,
2013-12-11,PL1321LAG2ZYPH,Hitachi HDS5C4040ALE630,4000787030016,0,,0,,,,,,,,0,,,,,,6649,,,,,,,,,,,,,,,,,,,,,,,,,,,,,,20,,,,,,0,,,,,,,,,,,,,,,,,,,,,,,,,,,,
2013-12-11,WD-WCC070224769,WDC WD30EZRX,3000592982016,0,,157,,,,,,,,0,,,,,,8608,,,,,,,,,,,,,,,,,,,,,,,,,,,,,,26,,,,,,7,,,,,,,,,,,,,,,,,,,,,,,,,,,,
2013-12-11,MJ0351YNGA3JEA,Hitachi HDS5C3030ALA630,3000592982016,0,,0,,,,,,,,0,,,,,,7689,,,,,,,,,,,,,,,,,,,,,,,,,,,,,,25,,,,,,0,,,,,,,,,,,,,,,,,,,,,,,,,,,,
2013-12-11,JK1130YAG19NTT,Hitachi HDS722020ALA330,2000398934016,0,,0,,,,,,,,0,,,,,,15215,,,,,,,,,,,,,,,,,,,,,,,,,,,,,,31,,,,,,0,,,,,,,,,,,,,,,,,,,,,,,,,,,,
2013-12-11,PL1331LAG5B26H,HGST HMS5C4040ALE640,4000787030016,0,,0,,,,,,,,0,,,,,,9402,,,,,,,,,,,,,,,,,,,,,,,,,,,,,,30,,,,,,0,,,,,,,,,,,,,,,,,,,,,,,,,,,,
2013-12-11,JK11A8B9J0U7DF,Hitachi HDS722020ALA330,2000398934016,0,,0,,,,,,,,0,,,,,,26144,,,,,,,,,,,,,,,,,,,,,,,,,,,,,,25,,,,,,0,,,,,,,,,,,,,,,,,,,,,,,,,,,,
2013-12-11,PL1311LAG29SXH,Hitachi HDS5C4040ALE630,4000787030016,0,,0,,,,,,,,0,,,,,,6637,,,,,,,,,,,,,,,,,,,,,,,,,,,,,,27,,,,,,0,,,,,,,,,,,,,,,,,,,,,,,,,,,,
2013-12-11,MJ1323YNG1BZ5C,Hitachi HDS5C3030ALA630,3000592982016,0,,0,,,,,,,,0,,,,,,19633,,,,,,,,,,,,,,,,,,,,,,,,,,,,,,23,,,,,,0,,,,,,,,,,,,,,,,,,,,,,,,,,,,
2013-12-11,S1F0S6AB,ST3000DM001,3000592982016,0,,104411592,,,,,,,,0,,,,,,10727,,,,,,,,,,,,,,,,,,,,,,,,,,,,,,25,,,,,,0,,,,,,,,,,,,,,,,,,,,,,,,,,,,
2013-12-11,JK1101B9GEBNTF,Hitachi HDS722020ALA330,2000398934016,0,,0,,,,,,,,0,,,,,,27734,,,,,,,,,,,,,,,,,,,,,,,,,,,,,,24,,,,,,0,,,,,,,,,,,,,,,,,,,,,,,,,,,,
2013-12-11,WD-WCAV5N714591,WDC WD10EADS,1000204886016,0,,0,,,,,,,,0,,,,,,17027,,,,,,,,,,,,,,,,,,,,,,,,,,,,,,27,,,,,,0,,,,,,,,,,,,,,,,,,,,,,,,,,,,
2013-12-11,MJ0351YNG9W20A,Hitachi HDS5C3030ALA630,3000592982016,0,,0,,,,,,,,0,,,,,,8873,,,,,,,,,,,,,,,,,,,,,,,,,,,,,,27,,,,,,0,,,,,,,,,,,,,,,,,,,,,,,,,,,,
2013-12-11,PL1311LAG2AN3H,Hitachi HDS5C4040ALE630,4000787030016,0,,0,,,,,,,,0,,,,,,7402,,,,,,,,,,,,,,,,,,,,,,,,,,,,,,23,,,,,,0,,,,,,,,,,,,,,,,,,,,,,,,,,,,
2013-12-11,5XW03H7V,ST31500541AS,1500301910016,0,,126099063,,,,,,,,0,,,,,,37060,,,,,,,,,,,,,,,,,,,,,,,,,,,,,,20,,,,,,0,,,,,,,,,,,,,,,,,,,,,,,,,,,,
2013-12-11,JK1101B9JNT7WU,Hitachi HDS722020ALA330,2000398934016,0,,0,,,,,,,,0,,,,,,24100,,,,,,,,,,,,,,,,,,,,,,,,,,,,,,25,,,,,,0,,,,,,,,,,,,,,,,,,,,,,,,,,,,
2013-12-11,MJ1313YNG1ZSLC,Hitachi HDS5C3030ALA630,3000592982016,0,,0,,,,,,,,0,,,,,,18592,,,,,,,,,,,,,,,,,,,,,,,,,,,,,,25,,,,,,0,,,,,,,,,,,,,,,,,,,,,,,,,,,,
2013-12-11,S1F03WY6,ST3000DM001,3000592982016,0,,179300280,,,,,,,,0,,,,,,13755,,,,,,,,,,,,,,,,,,,,,,,,,,,,,,23,,,,,,16,,,,,,,,,,,,,,,,,,,,,,,,,,,,
2013-12-11,Z1F04CA7,ST3000DM001,3000592982016,0,,143096112,,,,,,,,0,,,,,,2793,,,,,,,,,,,,,,,,,,,,,,,,,,,,,,23,,,,,,0,,,,,,,,,,,,,,,,,,,,,,,,,,,,
2013-12-11,Z300CMKP,ST4000DM000,4000787030016,0,,72271848,,,,,,,,0,,,,,,2218,,,,,,,,,,,,,,,,,,,,,,,,,,,,,,25,,,,,,0,,,,,,,,,,,,,,,,,,,,,,,,,,,,
2013-12-11,PL1311LAG381VH,Hitachi HDS5C4040ALE630,4000787030016,0,,0,,,,,,,,0,,,,,,5932,,,,,,,,,,,,,,,,,,,,,,,,,,,,,,27,,,,,,0,,,,,,,,,,,,,,,,,,,,,,,,,,,,
2013-12-11,5XW0BN7R,ST31500541AS,1500301910016,0,,208607210,,,,,,,,0,,,,,,22004,,,,,,,,,,,,,,,,,,,,,,,,,,,,,,21,,,,,,0,,,,,,,,,,,,,,,,,,,,,,,,,,,,
2013-12-11,JK1101B9JS415R,Hitachi HDS722020ALA330,2000398934016,0,,0,,,,,,,,0,,,,,,22697,,,,,,,,,,,,,,,,,,,,,,,,,,,,,,28,,,,,,0,,,,,,,,,,,,,,,,,,,,,,,,,,,,
2013-12-11,W300CWEG,ST4000DM000,4000787030016,0,,52568080,,,,,,,,0,,,,,,2248,,,,,,,,,,,,,,,,,,,,,,,,,,,,,,22,,,,,,0,,,,,,,,,,,,,,,,,,,,,,,,,,,,
2013-12-11,Z300CMKE,ST4000DM000,4000787030016,0,,107127856,,,,,,,,0,,,,,,2219,,,,,,,,,,,,,,,,,,,,,,,,,,,,,,24,,,,,,0,,,,,,,,,,,,,,,,,,,,,,,,,,,,
2013-12-11,5YD5QGEK,ST1500DL003,1500301910016,0,,185960,,,,,,,,0,,,,,,4548,,,,,,,,,,,,,,,,,,,,,,,,,,,,,,17,,,,,,0,,,,,,,,,,,,,,,,,,,,,,,,,,,,
2013-12-11,JK11A8B9J3GERF,Hitachi HDS722020ALA330,2000398934016,0,,0,,,,,,,,0,,,,,,25119,,,,,,,,,,,,,,,,,,,,,,,,,,,,,,32,,,,,,0,,,,,,,,,,,,,,,,,,,,,,,,,,,,
2013-12-11,JK11A8B9J79MGF,Hitachi HDS722020ALA330,2000398934016,0,,0,,,,,,,,0,,,,,,24626,,,,,,,,,,,,,,,,,,,,,,,,,,,,,,28,,,,,,0,,,,,,,,,,,,,,,,,,,,,,,,,,,,
2013-12-11,S1F032G7,ST3000DM001,3000592982016,0,,112790768,,,,,,,,0,,,,,,15247,,,,,,,,,,,,,,,,,,,,,,,,,,,,,,22,,,,,,0,,,,,,,,,,,,,,,,,,,,,,,,,,,,
2013-12-11,JK11A8B9J9DHMF,Hitachi HDS722020ALA330,2000398934016,0,,0,,,,,,,,2,,,,,,24983,,,,,,,,,,,,,,,,,,,,,,,,,,,,,,25,,,,,,0,,,,,,,,,,,,,,,,,,,,,,,,,,,,
2013-12-11,W1F0WM3S,ST3000DM001,3000592982016,0,,83944848,,,,,,,,312,,,,,,11672,,,,,,,,,,,,,,,,,,,,,,,,,,,,,,23,,,,,,0,,,,,,,,,,,,,,,,,,,,,,,,,,,,
2013-12-11,JK11A8B9J7HVUF,Hitachi HDS722020ALA330,2000398934016,0,,0,,,,,,,,0,,,,,,23511,,,,,,,,,,,,,,,,,,,,,,,,,,,,,,23,,,,,,0,,,,,,,,,,,,,,,,,,,,,,,,,,,,
2013-12-11,JK11A8B9J3UV5F,Hitachi HDS722020ALA330,2000398934016,0,,0,,,,,,,,0,,,,,,23125,,,,,,,,,,,,,,,,,,,,,,,,,,,,,,27,,,,,,0,,,,,,,,,,,,,,,,,,,,,,,,,,,,
2013-12-11,S1F027SR,ST3000DM001,3000592982016,0,,159708120,,,,,,,,0,,,,,,13274,,,,,,,,,,,,,,,,,,,,,,,,,,,,,,25,,,,,,8,,,,,,,,,,,,,,,,,,,,,,,,,,,,
2013-12-11,MK0311YHGHRH3A,Hitachi HDS723030ALA640,3000592982016,0,,0,,,,,,,,0,,,,,,16661,,,,,,,,,,,,,,,,,,,,,,,,,,,,,,26,,,,,,0,,,,,,,,,,,,,,,,,,,,,,,,,,,,
2013-12-11,MJ1321YNG0RREA,Hitachi HDS5C3030ALA630,3000592982016,0,,0,,,,,,,,0,,,,,,20512,,,,,,,,,,,,,,,,,,,,,,,,,,,,,,22,,,,,,0,,,,,,,,,,,,,,,,,,,,,,,,,,,,
2013-12-11,W300D8QD,ST4000DM000,4000787030016,0,,108358512,,,,,,,,0,,,,,,4140,,,,,,,,,,,,,,,,,,,,,,,,,,,,,,26,,,,,,0,,,,,,,,,,,,,,,,,,,,,,,,,,,,
2013-12-11,MJ0351YNGA6TAA,Hitachi HDS5C3030ALA630,3000592982016,0,,0,,,,,,,,0,,,,,,8884,,,,,,,,,,,,,,,,,,,,,,,,,,,,,,31,,,,,,0,,,,,,,,,,,,,,,,,,,,,,,,,,,,
2013-12-11,MJ1311YNG6VW2A,Hitachi HDS5C3030ALA630,3000592982016,0,,0,,,,,,,,0,,,,,,14595,,,,,,,,,,,,,,,,,,,,,,,,,,,,,,27,,,,,,0,,,,,,,,,,,,,,,,,,,,,,,,,,,,
2013-12-11,PL1311LAG338TH,Hitachi HDS5C4040ALE630,4000787030016,0,,0,,,,,,,,0,,,,,,5052,,,,,,,,,,,,,,,,,,,,,,,,,,,,,,26,,,,,,0,,,,,,,,,,,,,,,,,,,,,,,,,,,,
2013-12-11,PL1311LAG398EH,Hitachi HDS5C4040ALE630,4000787030016,0,,0,,,,,,,,0,,,,,,5069,,,,,,,,,,,,,,,,,,,,,,,,,,,,,,26,,,,,,0,,,,,,,,,,,,,,,,,,,,,,,,,,,,
2013-12-11,W1F1CK1V,ST3000DM001,3000592982016,0,,104296688,,,,,,,,0,,,,,,8188,,,,,,,,,,,,,,,,,,,,,,,,,,,,,,24,,,,,,0,,,,,,,,,,,,,,,,,,,,,,,,,,,,
2013-12-11,S1F11L11,ST3000DM001,3000592982016,0,,189554160,,,,,,,,0,,,,,,7993,,,,,,,,,,,,,,,,,,,,,,,,,,,,,,24,,,,,,0,,,,,,,,,,,,,,,,,,,,,,,,,,,,
2013-12-11,5XW143GJ,ST32000542AS,2000398934016,0,,201871249,,,,,,,,0,,,,,,16987,,,,,,,,,,,,,,,,,,,,,,,,,,,,,,24,,,,,,0,,,,,,,,,,,,,,,,,,,,,,,,,,,,
2013-12-11,JK11A8YBKW3VGF,Hitachi HDS722020ALA330,2000398934016,0,,0,,,,,,,,0,,,,,,27845,,,,,,,,,,,,,,,,,,,,,,,,,,,,,,27,,,,,,0,,,,,,,,,,,,,,,,,,,,,,,,,,,,
2013-12-11,9XW08R5D,ST320005XXXX,2000398934016,0,,139734694,,,,,,,,0,,,,,,28221,,,,,,,,,,,,,,,,,,,,,,,,,,,,,,15,,,,,,0,,,,,,,,,,,,,,,,,,,,,,,,,,,,
2013-12-11,Z262E7VAS,TOSHIBA DT01ACA300,3000592982016,0,,0,,,,,,,,0,,,,,,6612,,,,,,,,,,,,,,,,,,,,,,,,,,,,,,27,,,,,,0,,,,,,,,,,,,,,,,,,,,,,,,,,,,
2013-12-11,S1F032GQ,ST3000DM001,3000592982016,0,,21622632,,,,,,,,0,,,,,,15619,,,,,,,,,,,,,,,,,,,,,,,,,,,,,,25,,,,,,0,,,,,,,,,,,,,,,,,,,,,,,,,,,,
2013-12-11,Z1F06G5K,ST3000DM001,3000592982016,0,,30304080,,,,,,,,0,,,,,,17061,,,,,,,,,,,,,,,,,,,,,,,,,,,,,,27,,,,,,0,,,,,,,,,,,,,,,,,,,,,,,,,,,,
2013-12-11,PL2311LAG1NS6C,Hitachi HDS5C4040ALE630,4000787030016,0,,0,,,,,,,,0,,,,,,7384,,,,,,,,,,,,,,,,,,,,,,,,,,,,,,30,,,,,,0,,,,,,,,,,,,,,,,,,,,,,,,,,,,
2013-12-11,W1F14GWF,ST3000DM001,3000592982016,0,,68918128,,,,,,,,0,,,,,,8164,,,,,,,,,,,,,,,,,,,,,,,,,,,,,,29,,,,,,0,,,,,,,,,,,,,,,,,,,,,,,,,,,,
2013-12-11,PL2311LAG1L4ZC,Hitachi HDS5C4040ALE630,4000787030016,0,,0,,,,,,,,0,,,,,,7415,,,,,,,,,,,,,,,,,,,,,,,,,,,,,,22,,,,,,0,,,,,,,,,,,,,,,,,,,,,,,,,,,,
2013-12-11,MK0331YHGLT9MA,Hitachi HDS723030ALA640,3000592982016,0,,0,,,,,,,,0,,,,,,17030,,,,,,,,,,,,,,,,,,,,,,,,,,,,,,32,,,,,,0,,,,,,,,,,,,,,,,,,,,,,,,,,,,
2013-12-11,MJ1311YNG3JGSA,Hitachi HDS5C3030ALA630,3000592982016,0,,0,,,,,,,,0,,,,,,18928,,,,,,,,,,,,,,,,,,,,,,,,,,,,,,25,,,,,,0,,,,,,,,,,,,,,,,,,,,,,,,,,,,
2013-12-11,JK11A8B9J3KJTF,Hitachi HDS722020ALA330,2000398934016,0,,65536,,,,,,,,0,,,,,,23822,,,,,,,,,,,,,,,,,,,,,,,,,,,,,,27,,,,,,0,,,,,,,,,,,,,,,,,,,,,,,,,,,,
2013-12-11,Z1F05625,ST3000DM001,3000592982016,0,,93042672,,,,,,,,0,,,,,,17066,,,,,,,,,,,,,,,,,,,,,,,,,,,,,,25,,,,,,0,,,,,,,,,,,,,,,,,,,,,,,,,,,,
2013-12-11,Z300E2JX,ST4000DM000,4000787030016,0,,203463456,,,,,,,,0,,,,,,2843,,,,,,,,,,,,,,,,,,,,,,,,,,,,,,17,,,,,,0,,,,,,,,,,,,,,,,,,,,,,,,,,,,
2013-12-11,JK1101B8GKV7TZ,Hitachi HDS722020ALA330,2000398934016,0,,65536,,,,,,,,0,,,,,,26764,,,,,,,,,,,,,,,,,,,,,,,,,,,,,,26,,,,,,0,,,,,,,,,,,,,,,,,,,,,,,,,,,,
2013-12-11,W3009NDS,ST4000DM000,4000787030016,0,,38944120,,,,,,,,0,,,,,,4136,,,,,,,,,,,,,,,,,,,,,,,,,,,,,,22,,,,,,0,,,,,,,,,,,,,,,,,,,,,,,,,,,,
2013-12-11,MK0311YHGAX3ZA,Hitachi HDS723030ALA640,3000592982016,0,,0,,,,,,,,0,,,,,,17018,,,,,,,,,,,,,,,,,,,,,,,,,,,,,,28,,,,,,0,,,,,,,,,,,,,,,,,,,,,,,,,,,,
2013-12-11,PL1321LAG35TWH,Hitachi HDS5C4040ALE630,4000787030016,0,,0,,,,,,,,0,,,,,,5139,,,,,,,,,,,,,,,,,,,,,,,,,,,,,,27,,,,,,0,,,,,,,,,,,,,,,,,,,,,,,,,,,,
2013-12-11,MJ0351YNGA67NA,Hitachi HDS5C3030ALA630,3000592982016,0,,0,,,,,,,,0,,,,,,8547,,,,,,,,,,,,,,,,,,,,,,,,,,,,,,30,,,,,,0,,,,,,,,,,,,,,,,,,,,,,,,,,,,
2013-12-11,PL1311LAG3DZTH,Hitachi HDS5C4040ALE630,4000787030016,0,,0,,,,,,,,0,,,,,,6639,,,,,,,,,,,,,,,,,,,,,,,,,,,,,,25,,,,,,0,,,,,,,,,,,,,,,,,,,,,,,,,,,,
2013-12-11,JK1100YBJK8N5D,Hitachi HDS722020ALA330,2000398934016,0,,131072,,,,,,,,0,,,,,,30254,,,,,,,,,,,,,,,,,,,,,,,,,,,,,,27,,,,,,0,,,,,,,,,,,,,,,,,,,,,,,,,,,,
2013-12-11,JK11A8B9J7XDNF,Hitachi HDS722020ALA330,2000398934016,0,,0,,,,,,,,0,,,,,,25539,,,,,,,,,,,,,,,,,,,,,,,,,,,,,,25,,,,,,0,,,,,,,,,,,,,,,,,,,,,,,,,,,,
2013-12-11,WD-WCAWZ0360217,WDC WD30EZRS,3000592982016,0,,0,,,,,,,,0,,,,,,14108,,,,,,,,,,,,,,,,,,,,,,,,,,,,,,18,,,,,,0,,,,,,,,,,,,,,,,,,,,,,,,,,,,
2013-12-11,MJ1311YNG34WWA,Hitachi HDS5C3030ALA630,3000592982016,0,,0,,,,,,,,0,,,,,,18048,,,,,,,,,,,,,,,,,,,,,,,,,,,,,,26,,,,,,0,,,,,,,,,,,,,,,,,,,,,,,,,,,,
2013-12-11,6XW102H1,ST31500541AS,1500301910016,0,,144810906,,,,,,,,0,,,,,,21335,,,,,,,,,,,,,,,,,,,,,,,,,,,,,,21,,,,,,0,,,,,,,,,,,,,,,,,,,,,,,,,,,,
2013-12-11,MJ0351YNG9VNHA,Hitachi HDS5C3030ALA630,3000592982016,0,,0,,,,,,,,0,,,,,,9958,,,,,,,,,,,,,,,,,,,,,,,,,,,,,,25,,,,,,0,,,,,,,,,,,,,,,,,,,,,,,,,,,,
2013-12-11,W300B5RT,ST4000DM000,4000787030016,0,,79001728,,,,,,,,0,,,,,,4134,,,,,,,,,,,,,,,,,,,,,,,,,,,,,,22,,,,,,0,,,,,,,,,,,,,,,,,,,,,,,,,,,,
2013-12-11,MJ0351YNGA2YBA,Hitachi HDS5C3030ALA630,3000592982016,0,,0,,,,,,,,0,,,,,,9315,,,,,,,,,,,,,,,,,,,,,,,,,,,,,,31,,,,,,0,,,,,,,,,,,,,,,,,,,,,,,,,,,,
2013-12-11,S1F0BE39,ST3000DM001,3000592982016,0,,50929264,,,,,,,,0,,,,,,12417,,,,,,,,,,,,,,,,,,,,,,,,,,,,,,29,,,,,,0,,,,,,,,,,,,,,,,,,,,,,,,,,,,
2013-12-11,JK1105B8JS2NZX,Hitachi HDS722020ALA330,2000398934016,0,,0,,,,,,,,0,,,,,,23512,,,,,,,,,,,,,,,,,,,,,,,,,,,,,,27,,,,,,0,,,,,,,,,,,,,,,,,,,,,,,,,,,,
2013-12-11,PL2311LAG1KZPC,Hitachi HDS5C4040ALE630,4000787030016,0,,0,,,,,,,,0,,,,,,6653,,,,,,,,,,,,,,,,,,,,,,,,,,,,,,29,,,,,,0,,,,,,,,,,,,,,,,,,,,,,,,,,,,
2013-12-11,PL1311LAG399YH,Hitachi HDS5C4040ALE630,4000787030016,0,,0,,,,,,,,0,,,,,,5052,,,,,,,,,,,,,,,,,,,,,,,,,,,,,,26,,,,,,0,,,,,,,,,,,,,,,,,,,,,,,,,,,,
2013-12-11,MK0333YHGPBV9C,Hitachi HDS723030ALA640,3000592982016,0,,3,,,,,,,,0,,,,,,17762,,,,,,,,,,,,,,,,,,,,,,,,,,,,,,23,,,,,,0,,,,,,,,,,,,,,,,,,,,,,,,,,,,
2013-12-11,6XW0MAVS,ST31500541AS,1500301910016,0,,241657153,,,,,,,,0,,,,,,28560,,,,,,,,,,,,,,,,,,,,,,,,,,,,,,19,,,,,,0,,,,,,,,,,,,,,,,,,,,,,,,,,,,
2013-12-11,PL2311LAG1PZXC,Hitachi HDS5C4040ALE630,4000787030016,0,,0,,,,,,,,0,,,,,,7451,,,,,,,,,,,,,,,,,,,,,,,,,,,,,,22,,,,,,0,,,,,,,,,,,,,,,,,,,,,,,,,,,,
2013-12-11,W1F04LSM,ST3000DM001,3000592982016,0,,184656936,,,,,,,,0,,,,,,10806,,,,,,,,,,,,,,,,,,,,,,,,,,,,,,26,,,,,,0,,,,,,,,,,,,,,,,,,,,,,,,,,,,
2013-12-11,MJ0351YNG9RD1A,Hitachi HDS5C3030ALA630,3000592982016,0,,0,,,,,,,,0,,,,,,8883,,,,,,,,,,,,,,,,,,,,,,,,,,,,,,32,,,,,,0,,,,,,,,,,,,,,,,,,,,,,,,,,,,
2013-12-11,Z1F0N7VR,ST3000DM001,3000592982016,0,,69838608,,,,,,,,0,,,,,,8184,,,,,,,,,,,,,,,,,,,,,,,,,,,,,,25,,,,,,0,,,,,,,,,,,,,,,,,,,,,,,,,,,,
2013-12-11,PL1321LAGAWG6H,Hitachi HDS5C4040ALE630,4000787030016,0,,0,,,,,,,,0,,,,,,5064,,,,,,,,,,,,,,,,,,,,,,,,,,,,,,30,,,,,,0,,,,,,,,,,,,,,,,,,,,,,,,,,,,
2013-12-11,JK1101B9JN4NXT,Hitachi HDS722020ALA330,2000398934016,0,,0,,,,,,,,0,,,,,,23989,,,,,,,,,,,,,,,,,,,,,,,,,,,,,,26,,,,,,0,,,,,,,,,,,,,,,,,,,,,,,,,,,,
2013-12-11,6XW00RR9,ST31500541AS,1500301910016,0,,183309857,,,,,,,,0,,,,,,35758,,,,,,,,,,,,,,,,,,,,,,,,,,,,,,17,,,,,,0,,,,,,,,,,,,,,,,,,,,,,,,,,,,
2013-12-11,W1F08JSX,ST3000DM001,3000592982016,0,,191228048,,,,,,,,0,,,,,,13859,,,,,,,,,,,,,,,,,,,,,,,,,,,,,,24,,,,,,0,,,,,,,,,,,,,,,,,,,,,,,,,,,,
2013-12-11,MJ0351YNGA6BNA,Hitachi HDS5C3030ALA630,3000592982016,0,,0,,,,,,,,0,,,,,,8496,,,,,,,,,,,,,,,,,,,,,,,,,,,,,,27,,,,,,0,,,,,,,,,,,,,,,,,,,,,,,,,,,,
2013-12-11,6XW00RR5,ST31500541AS,1500301910016,0,,174679235,,,,,,,,0,,,,,,35782,,,,,,,,,,,,,,,,,,,,,,,,,,,,,,18,,,,,,0,,,,,,,,,,,,,,,,,,,,,,,,,,,,
2013-12-11,MJ0351YNGA58ZA,Hitachi HDS5C3030ALA630,3000592982016,0,,0,,,,,,,,0,,,,,,8639,,,,,,,,,,,,,,,,,,,,,,,,,,,,,,29,,,,,,0,,,,,,,,,,,,,,,,,,,,,,,,,,,,
2013-12-11,MK0333YHGNYLDC,Hitachi HDS723030ALA640,3000592982016,0,,2490393,,,,,,,,0,,,,,,18088,,,,,,,,,,,,,,,,,,,,,,,,,,,,,,33,,,,,,2,,,,,,,,,,,,,,,,,,,,,,,,,,,,
2013-12-11,5XW06LJB,ST31500541AS,1500301910016,0,,114938780,,,,,,,,0,,,,,,23608,,,,,,,,,,,,,,,,,,,,,,,,,,,,,,20,,,,,,0,,,,,,,,,,,,,,,,,,,,,,,,,,,,
2013-12-11,W30061WM,ST4000DM000,4000787030016,0,,122566824,,,,,,,,0,,,,,,2879,,,,,,,,,,,,,,,,,,,,,,,,,,,,,,20,,,,,,0,,,,,,,,,,,,,,,,,,,,,,,,,,,,
2013-12-11,PL1310LAG01TUA,Hitachi HDS5C4040ALE630,4000787030016,0,,0,,,,,,,,0,,,,,,12997,,,,,,,,,,,,,,,,,,,,,,,,,,,,,,28,,,,,,0,,,,,,,,,,,,,,,,,,,,,,,,,,,,
2013-12-11,JK11A8B9J7GTZF,Hitachi HDS722020ALA330,2000398934016,0,,0,,,,,,,,0,,,,,,24631,,,,,,,,,,,,,,,,,,,,,,,,,,,,,,30,,,,,,0,,,,,,,,,,,,,,,,,,,,,,,,,,,,
2013-12-11,Z1Z05NX7,ST4000DX000,4000787030016,0,,164737759,,,,,,,,0,,,,,,5077,,,,,,,,,,,,,,,,,,,,,,,,,,,,,,27,,,,,,0,,,,,,,,,,,,,,,,,,,,,,,,,,,,
2013-12-11,JK1101B9KNES2F,Hitachi HDS722020ALA330,2000398934016,0,,0,,,,,,,,0,,,,,,23099,,,,,,,,,,,,,,,,,,,,,,,,,,,,,,26,,,,,,0,,,,,,,,,,,,,,,,,,,,,,,,,,,,
2013-12-11,MJ1321YNG13M4A,Hitachi HDS5C3030ALA630,3000592982016,0,,0,,,,,,,,0,,,,,,19373,,,,,,,,,,,,,,,,,,,,,,,,,,,,,,25,,,,,,0,,,,,,,,,,,,,,,,,,,,,,,,,,,,
2013-12-11,W1F0A1MM,ST3000DM001,3000592982016,0,,142242096,,,,,,,,0,,,,,,13373,,,,,,,,,,,,,,,,,,,,,,,,,,,,,,23,,,,,,0,,,,,,,,,,,,,,,,,,,,,,,,,,,,
2013-12-11,MJ1311YNG32ZZA,Hitachi HDS5C3030ALA630,3000592982016,0,,0,,,,,,,,0,,,,,,18386,,,,,,,,,,,,,,,,,,,,,,,,,,,,,,22,,,,,,0,,,,,,,,,,,,,,,,,,,,,,,,,,,,
2013-12-11,JK11A8B9J30J1F,Hitachi HDS722020ALA330,2000398934016,0,,1,,,,,,,,0,,,,,,23991,,,,,,,,,,,,,,,,,,,,,,,,,,,,,,27,,,,,,0,,,,,,,,,,,,,,,,,,,,,,,,,,,,
2013-12-11,MK0331YHGRTANA,Hitachi HDS723030ALA640,3000592982016,0,,0,,,,,,,,0,,,,,,17033,,,,,,,,,,,,,,,,,,,,,,,,,,,,,,27,,,,,,0,,,,,,,,,,,,,,,,,,,,,,,,,,,,
2013-12-11,MJ0351YNG9KSKA,Hitachi HDS5C3030ALA630,3000592982016,0,,0,,,,,,,,0,,,,,,9913,,,,,,,,,,,,,,,,,,,,,,,,,,,,,,35,,,,,,0,,,,,,,,,,,,,,,,,,,,,,,,,,,,
2013-12-11,6XW01PTD,ST31500541AS,1500301910016,0,,27896531,,,,,,,,0,,,,,,35500,,,,,,,,,,,,,,,,,,,,,,,,,,,,,,21,,,,,,0,,,,,,,,,,,,,,,,,,,,,,,,,,,,
2013-12-11,MJ1311YNG730GA,Hitachi HDS5C3030ALA630,3000592982016,0,,0,,,,,,,,0,,,,,,14680,,,,,,,,,,,,,,,,,,,,,,,,,,,,,,30,,,,,,2,,,,,,,,,,,,,,,,,,,,,,,,,,,,
2013-12-11,9XW02JD8,ST31500541AS,1500301910016,0,,108962459,,,,,,,,435,,,,,,35758,,,,,,,,,,,,,,,,,,,,,,,,,,,,,,21,,,,,,1,,,,,,,,,,,,,,,,,,,,,,,,,,,,
2013-12-11,JK11A8B9J3UEYF,Hitachi HDS722020ALA330,2000398934016,0,,0,,,,,,,,0,,,,,,24914,,,,,,,,,,,,,,,,,,,,,,,,,,,,,,29,,,,,,0,,,,,,,,,,,,,,,,,,,,,,,,,,,,
2013-12-11,JK11A8B9J783DF,Hitachi HDS722020ALA330,2000398934016,0,,0,,,,,,,,0,,,,,,22686,,,,,,,,,,,,,,,,,,,,,,,,,,,,,,26,,,,,,0,,,,,,,,,,,,,,,,,,,,,,,,,,,,
2013-12-11,MJ1323YNG1PHTC,Hitachi HDS5C3030ALA630,3000592982016,0,,0,,,,,,,,0,,,,,,19764,,,,,,,,,,,,,,,,,,,,,,,,,,,,,,28,,,,,,0,,,,,,,,,,,,,,,,,,,,,,,,,,,,
2013-12-11,MJ0351YNGA90AA,Hitachi HDS5C3030ALA630,3000592982016,0,,0,,,,,,,,0,,,,,,8211,,,,,,,,,,,,,,,,,,,,,,,,,,,,,,36,,,,,,0,,,,,,,,,,,,,,,,,,,,,,,,,,,,
2013-12-11,MJ0351YNG9VYRA,Hitachi HDS5C3030ALA630,3000592982016,0,,0,,,,,,,,0,,,,,,9899,,,,,,,,,,,,,,,,,,,,,,,,,,,,,,30,,,,,,0,,,,,,,,,,,,,,,,,,,,,,,,,,,,
2013-12-11,JK1101B9JEX9TF,Hitachi HDS722020ALA330,2000398934016,0,,0,,,,,,,,0,,,,,,23992,,,,,,,,,,,,,,,,,,,,,,,,,,,,,,36,,,,,,0,,,,,,,,,,,,,,,,,,,,,,,,,,,,
2013-12-11,JK11A4B8JR6S0W,Hitachi HDS722020ALA330,2000398934016,0,,0,,,,,,,,0,,,,,,23822,,,,,,,,,,,,,,,,,,,,,,,,,,,,,,37,,,,,,0,,,,,,,,,,,,,,,,,,,,,,,,,,,,
2013-12-11,Z300MWH9,ST4000DM000,4000787030016,0,,158132600,,,,,,,,0,,,,,,2921,,,,,,,,,,,,,,,,,,,,,,,,,,,,,,22,,,,,,0,,,,,,,,,,,,,,,,,,,,,,,,,,,,
2013-12-11,MJ0351YNG9YTVA,Hitachi HDS5C3030ALA630,3000592982016,0,,0,,,,,,,,0,,,,,,9901,,,,,,,,,,,,,,,,,,,,,,,,,,,,,,28,,,,,,0,,,,,,,,,,,,,,,,,,,,,,,,,,,,
2013-12-11,PL1321LAG3674H,Hitachi HDS5C4040ALE630,4000787030016,0,,0,,,,,,,,0,,,,,,5052,,,,,,,,,,,,,,,,,,,,,,,,,,,,,,29,,,,,,0,,,,,,,,,,,,,,,,,,,,,,,,,,,,
2013-12-11,MJ1311YNG5JGSA,Hitachi HDS5C3030ALA630,3000592982016,0,,0,,,,,,,,0,,,,,,14600,,,,,,,,,,,,,,,,,,,,,,,,,,,,,,21,,,,,,0,,,,,,,,,,,,,,,,,,,,,,,,,,,,
2013-12-11,6XW00HD7,ST31500541AS,1500301910016,0,,75821216,,,,,,,,0,,,,,,35438,,,,,,,,,,,,,,,,,,,,,,,,,,,,,,20,,,,,,0,,,,,,,,,,,,,,,,,,,,,,,,,,,,
2013-12-11,JK11A8B9JPZ6MF,Hitachi HDS722020ALA330,2000398934016,0,,0,,,,,,,,0,,,,,,24112,,,,,,,,,,,,,,,,,,,,,,,,,,,,,,30,,,,,,0,,,,,,,,,,,,,,,,,,,,,,,,,,,,
2013-12-11,JK11A4B8HY1R8W,Hitachi HDS722020ALA330,2000398934016,0,,0,,,,,,,,0,,,,,,26025,,,,,,,,,,,,,,,,,,,,,,,,,,,,,,26,,,,,,0,,,,,,,,,,,,,,,,,,,,,,,,,,,,
2013-12-11,W3006DT3,ST4000DM000,4000787030016,0,,71198584,,,,,,,,0,,,,,,2921,,,,,,,,,,,,,,,,,,,,,,,,,,,,,,22,,,,,,0,,,,,,,,,,,,,,,,,,,,,,,,,,,,
2013-12-11,JK11A8B9J2W02F,Hitachi HDS722020ALA330,2000398934016,0,,1,,,,,,,,0,,,,,,24399,,,,,,,,,,,,,,,,,,,,,,,,,,,,,,31,,,,,,0,,,,,,,,,,,,,,,,,,,,,,,,,,,,
2013-12-11,S1F07Y98,ST3000DM001,3000592982016,0,,137658488,,,,,,,,0,,,,,,13870,,,,,,,,,,,,,,,,,,,,,,,,,,,,,,25,,,,,,0,,,,,,,,,,,,,,,,,,,,,,,,,,,,
2013-12-11,W300BE0V,ST4000DM000,4000787030016,0,,139560128,,,,,,,,0,,,,,,1703,,,,,,,,,,,,,,,,,,,,,,,,,,,,,,20,,,,,,0,,,,,,,,,,,,,,,,,,,,,,,,,,,,
2013-12-11,MJ1311YNG3GN0A,Hitachi HDS5C3030ALA630,3000592982016,0,,0,,,,,,,,0,,,,,,18941,,,,,,,,,,,,,,,,,,,,,,,,,,,,,,25,,,,,,0,,,,,,,,,,,,,,,,,,,,,,,,,,,,
2013-12-11,MJ1311YNG2RZ0A,Hitachi HDS5C3030ALA630,3000592982016,0,,0,,,,,,,,0,,,,,,19586,,,,,,,,,,,,,,,,,,,,,,,,,,,,,,23,,,,,,0,,,,,,,,,,,,,,,,,,,,,,,,,,,,
2013-12-11,W300E86R,ST4000DM000,4000787030016,0,,213280968,,,,,,,,0,,,,,,4047,,,,,,,,,,,,,,,,,,,,,,,,,,,,,,24,,,,,,0,,,,,,,,,,,,,,,,,,,,,,,,,,,,
2013-12-11,S1F1365W,ST3000DM001,3000592982016,0,,92614488,,,,,,,,0,,,,,,7990,,,,,,,,,,,,,,,,,,,,,,,,,,,,,,19,,,,,,0,,,,,,,,,,,,,,,,,,,,,,,,,,,,
2013-12-11,W300A8MC,ST4000DM000,4000787030016,0,,187632432,,,,,,,,0,,,,,,1848,,,,,,,,,,,,,,,,,,,,,,,,,,,,,,23,,,,,,0,,,,,,,,,,,,,,,,,,,,,,,,,,,,
2013-12-11,5XW1MS22,ST32000542AS,2000398934016,0,,211442337,,,,,,,,0,,,,,,13015,,,,,,,,,,,,,,,,,,,,,,,,,,,,,,20,,,,,,0,,,,,,,,,,,,,,,,,,,,,,,,,,,,
2013-12-11,Z1Z04A1X,ST4000DX000,4000787030016,0,,164767659,,,,,,,,0,,,,,,5379,,,,,,,,,,,,,,,,,,,,,,,,,,,,,,26,,,,,,0,,,,,,,,,,,,,,,,,,,,,,,,,,,,
2013-12-11,Z300NQXZ,ST4000DM000,4000787030016,0,,71200592,,,,,,,,0,,,,,,1142,,,,,,,,,,,,,,,,,,,,,,,,,,,,,,27,,,,,,0,,,,,,,,,,,,,,,,,,,,,,,,,,,,
2013-12-11,PL1311LAG1K30A,Hitachi HDS5C4040ALE630,4000787030016,0,,0,,,,,,,,0,,,,,,7415,,,,,,,,,,,,,,,,,,,,,,,,,,,,,,19,,,,,,0,,,,,,,,,,,,,,,,,,,,,,,,,,,,
2013-12-11,MJ1311YNG7EU8A,Hitachi HDS5C3030ALA630,3000592982016,0,,0,,,,,,,,0,,,,,,14621,,,,,,,,,,,,,,,,,,,,,,,,,,,,,,23,,,,,,0,,,,,,,,,,,,,,,,,,,,,,,,,,,,
2013-12-11,Z300K99Q,ST4000DM000,4000787030016,0,,118220264,,,,,,,,0,,,,,,2218,,,,,,,,,,,,,,,,,,,,,,,,,,,,,,23,,,,,,0,,,,,,,,,,,,,,,,,,,,,,,,,,,,
2013-12-11,JK11A8B9J79VGF,Hitachi HDS722020ALA330,2000398934016,0,,0,,,,,,,,0,,,,,,24544,,,,,,,,,,,,,,,,,,,,,,,,,,,,,,29,,,,,,0,,,,,,,,,,,,,,,,,,,,,,,,,,,,
2013-12-11,W1F0BBQS,ST3000DM001,3000592982016,0,,106107704,,,,,,,,0,,,,,,13359,,,,,,,,,,,,,,,,,,,,,,,,,,,,,,25,,,,,,0,,,,,,,,,,,,,,,,,,,,,,,,,,,,
2013-12-11,MJ1311YNG38DUA,Hitachi HDS5C3030ALA630,3000592982016,0,,1310749,,,,,,,,0,,,,,,18066,,,,,,,,,,,,,,,,,,,,,,,,,,,,,,25,,,,,,0,,,,,,,,,,,,,,,,,,,,,,,,,,,,
2013-12-11,JK11A8B9J8T8LF,Hitachi HDS722020ALA330,2000398934016,0,,65536,,,,,,,,0,,,,,,26004,,,,,,,,,,,,,,,,,,,,,,,,,,,,,,25,,,,,,0,,,,,,,,,,,,,,,,,,,,,,,,,,,,
2013-12-11,MK0301YHGMGJ6D,Hitachi HDS723030ALA640,3000592982016,0,,1,,,,,,,,0,,,,,,16680,,,,,,,,,,,,,,,,,,,,,,,,,,,,,,27,,,,,,0,,,,,,,,,,,,,,,,,,,,,,,,,,,,
2013-12-11,Z290S9FK,ST33000651AS,3000592982016,0,,24700393,,,,,,,,0,,,,,,15604,,,,,,,,,,,,,,,,,,,,,,,,,,,,,,27,,,,,,0,,,,,,,,,,,,,,,,,,,,,,,,,,,,
2013-12-11,S1F0AYZM,ST3000DM001,3000592982016,0,,179563456,,,,,,,,0,,,,,,12419,,,,,,,,,,,,,,,,,,,,,,,,,,,,,,37,,,,,,0,,,,,,,,,,,,,,,,,,,,,,,,,,,,
2013-12-11,Z1F1FZQ9,ST3000DM001,3000592982016,0,,80441192,,,,,,,,0,,,,,,9581,,,,,,,,,,,,,,,,,,,,,,,,,,,,,,23,,,,,,0,,,,,,,,,,,,,,,,,,,,,,,,,,,,
2013-12-11,Z1F1FZQ8,ST3000DM001,3000592982016,0,,71124680,,,,,,,,0,,,,,,8501,,,,,,,,,,,,,,,,,,,,,,,,,,,,,,20,,,,,,0,,,,,,,,,,,,,,,,,,,,,,,,,,,,
2013-12-11,W3006NV4,ST4000DM000,4000787030016,0,,29496000,,,,,,,,0,,,,,,2902,,,,,,,,,,,,,,,,,,,,,,,,,,,,,,29,,,,,,0,,,,,,,,,,,,,,,,,,,,,,,,,,,,
2013-12-11,W3006NV6,ST4000DM000,4000787030016,0,,65487264,,,,,,,,0,,,,,,2921,,,,,,,,,,,,,,,,,,,,,,,,,,,,,,20,,,,,,0,,,,,,,,,,,,,,,,,,,,,,,,,,,,
2013-12-11,Z300XE82,ST4000DM000,4000787030016,0,,97322016,,,,,,,,0,,,,,,945,,,,,,,,,,,,,,,,,,,,,,,,,,,,,,22,,,,,,0,,,,,,,,,,,,,,,,,,,,,,,,,,,,
2013-12-11,JK1105B8GHLT6X,Hitachi HDS722020ALA330,2000398934016,0,,0,,,,,,,,0,,,,,,26764,,,,,,,,,,,,,,,,,,,,,,,,,,,,,,27,,,,,,0,,,,,,,,,,,,,,,,,,,,,,,,,,,,
2013-12-11,MJ0351YNG9YRHA,Hitachi HDS5C3030ALA630,3000592982016,0,,0,,,,,,,,0,,,,,,9941,,,,,,,,,,,,,,,,,,,,,,,,,,,,,,24,,,,,,0,,,,,,,,,,,,,,,,,,,,,,,,,,,,
2013-12-11,PL1311LAG2AXWH,Hitachi HDS5C4040ALE630,4000787030016,0,,0,,,,,,,,0,,,,,,7402,,,,,,,,,,,,,,,,,,,,,,,,,,,,,,29,,,,,,0,,,,,,,,,,,,,,,,,,,,,,,,,,,,
2013-12-11,Z300KZ52,ST4000DM000,4000787030016,0,,147348104,,,,,,,,0,,,,,,1092,,,,,,,,,,,,,,,,,,,,,,,,,,,,,,26,,,,,,0,,,,,,,,,,,,,,,,,,,,,,,,,,,,
2013-12-11,Z300K99L,ST4000DM000,4000787030016,0,,182942048,,,,,,,,0,,,,,,2257,,,,,,,,,,,,,,,,,,,,,,,,,,,,,,21,,,,,,0,,,,,,,,,,,,,,,,,,,,,,,,,,,,
2013-12-11,WD-WCAU47321168,WDC WD10EADS,1000204886016,0,,2,,,,,,,,0,,,,,,40813,,,,,,,,,,,,,,,,,,,,,,,,,,,,,,31,,,,,,0,,,,,,,,,,,,,,,,,,,,,,,,,,,,
2013-12-11,JK1171B9HL4ZLT,Hitachi HDS722020ALA330,2000398934016,0,,0,,,,,,,,1,,,,,,25990,,,,,,,,,,,,,,,,,,,,,,,,,,,,,,32,,,,,,0,,,,,,,,,,,,,,,,,,,,,,,,,,,,
2013-12-11,6XW00Z0V,ST31500541AS,1500301910016,0,,172963157,,,,,,,,0,,,,,,36638,,,,,,,,,,,,,,,,,,,,,,,,,,,,,,23,,,,,,0,,,,,,,,,,,,,,,,,,,,,,,,,,,,
2013-12-11,W1F1C9TE,ST3000DM001,3000592982016,0,,94516224,,,,,,,,0,,,,,,7989,,,,,,,,,,,,,,,,,,,,,,,,,,,,,,17,,,,,,0,,,,,,,,,,,,,,,,,,,,,,,,,,,,
2013-12-11,JK1101B9JL98VF,Hitachi HDS722020ALA330,2000398934016,0,,0,,,,,,,,0,,,,,,23946,,,,,,,,,,,,,,,,,,,,,,,,,,,,,,27,,,,,,0,,,,,,,,,,,,,,,,,,,,,,,,,,,,
2013-12-11,PL1321LAGAT78H,Hitachi HDS5C4040ALE630,4000787030016,0,,0,,,,,,,,0,,,,,,5064,,,,,,,,,,,,,,,,,,,,,,,,,,,,,,29,,,,,,0,,,,,,,,,,,,,,,,,,,,,,,,,,,,
2013-12-11,W30090K1,ST4000DM000,4000787030016,0,,2778576,,,,,,,,0,,,,,,2248,,,,,,,,,,,,,,,,,,,,,,,,,,,,,,22,,,,,,0,,,,,,,,,,,,,,,,,,,,,,,,,,,,
2013-12-11,6XW057CW,ST31500541AS,1500301910016,0,,203346808,,,,,,,,0,,,,,,36443,,,,,,,,,,,,,,,,,,,,,,,,,,,,,,19,,,,,,0,,,,,,,,,,,,,,,,,,,,,,,,,,,,
2013-12-11,W1F09M2Y,ST3000DM001,3000592982016,0,,217942088,,,,,,,,0,,,,,,13371,,,,,,,,,,,,,,,,,,,,,,,,,,,,,,23,,,,,,0,,,,,,,,,,,,,,,,,,,,,,,,,,,,
2013-12-11,Z300NPJB,ST4000DM000,4000787030016,0,,170701328,,,,,,,,0,,,,,,152,,,,,,,,,,,,,,,,,,,,,,,,,,,,,,22,,,,,,0,,,,,,,,,,,,,,,,,,,,,,,,,,,,
2013-12-11,MJ1311YNG5N22A,Hitachi HDS5C3030ALA630,3000592982016,0,,0,,,,,,,,0,,,,,,14288,,,,,,,,,,,,,,,,,,,,,,,,,,,,,,32,,,,,,0,,,,,,,,,,,,,,,,,,,,,,,,,,,,
2013-12-11,MJ1311YNG4WYXA,Hitachi HDS5C3030ALA630,3000592982016,0,,0,,,,,,,,0,,,,,,14600,,,,,,,,,,,,,,,,,,,,,,,,,,,,,,22,,,,,,0,,,,,,,,,,,,,,,,,,,,,,,,,,,,
2013-12-11,6XW057CE,ST31500541AS,1500301910016,0,,61858295,,,,,,,,0,,,,,,36448,,,,,,,,,,,,,,,,,,,,,,,,,,,,,,20,,,,,,0,,,,,,,,,,,,,,,,,,,,,,,,,,,,
2013-12-11,W1F09M2N,ST3000DM001,3000592982016,0,,189197520,,,,,,,,0,,,,,,13360,,,,,,,,,,,,,,,,,,,,,,,,,,,,,,25,,,,,,0,,,,,,,,,,,,,,,,,,,,,,,,,,,,
2013-12-11,MK0311YHGKE4WA,Hitachi HDS723030ALA640,3000592982016,0,,0,,,,,,,,0,,,,,,16805,,,,,,,,,,,,,,,,,,,,,,,,,,,,,,25,,,,,,0,,,,,,,,,,,,,,,,,,,,,,,,,,,,
2013-12-11,PL2311LAG1TXMC,Hitachi HDS5C4040ALE630,4000787030016,0,,0,,,,,,,,0,,,,,,7461,,,,,,,,,,,,,,,,,,,,,,,,,,,,,,26,,,,,,0,,,,,,,,,,,,,,,,,,,,,,,,,,,,
2013-12-11,WD-WCAU45643341,WDC WD10EADS,1000204886016,0,,7,,,,,,,,0,,,,,,41106,,,,,,,,,,,,,,,,,,,,,,,,,,,,,,26,,,,,,0,,,,,,,,,,,,,,,,,,,,,,,,,,,,
2013-12-11,WD-WCAU45643343,WDC WD10EADS,1000204886016,0,,0,,,,,,,,0,,,,,,41106,,,,,,,,,,,,,,,,,,,,,,,,,,,,,,30,,,,,,0,,,,,,,,,,,,,,,,,,,,,,,,,,,,
2013-12-11,WD-WCAU45643345,WDC WD10EADS,1000204886016,0,,1,,,,,,,,0,,,,,,41100,,,,,,,,,,,,,,,,,,,,,,,,,,,,,,26,,,,,,0,,,,,,,,,,,,,,,,,,,,,,,,,,,,
2013-12-11,WD-WCAU45643349,WDC WD10EADS,1000204886016,0,,1,,,,,,,,0,,,,,,41090,,,,,,,,,,,,,,,,,,,,,,,,,,,,,,26,,,,,,0,,,,,,,,,,,,,,,,,,,,,,,,,,,,
2013-12-11,JK11A8B9J9HY9F,Hitachi HDS722020ALA330,2000398934016,0,,0,,,,,,,,0,,,,,,25580,,,,,,,,,,,,,,,,,,,,,,,,,,,,,,27,,,,,,0,,,,,,,,,,,,,,,,,,,,,,,,,,,,
2013-12-11,6XW0DC6C,ST320005XXXX,2000398934016,0,,93224983,,,,,,,,0,,,,,,23010,,,,,,,,,,,,,,,,,,,,,,,,,,,,,,20,,,,,,0,,,,,,,,,,,,,,,,,,,,,,,,,,,,
2013-12-11,PL1311LAG2B10H,Hitachi HDS5C4040ALE630,4000787030016,0,,0,,,,,,,,0,,,,,,6653,,,,,,,,,,,,,,,,,,,,,,,,,,,,,,25,,,,,,0,,,,,,,,,,,,,,,,,,,,,,,,,,,,
2013-12-11,9XK0JPD0,ST33000651AS,3000592982016,0,,242200420,,,,,,,,0,,,,,,16771,,,,,,,,,,,,,,,,,,,,,,,,,,,,,,27,,,,,,0,,,,,,,,,,,,,,,,,,,,,,,,,,,,
2013-12-11,WD-WCC1T1279472,WDC WD30EFRX,3000592982016,0,,0,,,,,,,,0,,,,,,1307,,,,,,,,,,,,,,,,,,,,,,,,,,,,,,22,,,,,,0,,,,,,,,,,,,,,,,,,,,,,,,,,,,
2013-12-11,JK1105B8G6AGPX,Hitachi HDS722020ALA330,2000398934016,0,,0,,,,,,,,0,,,,,,27214,,,,,,,,,,,,,,,,,,,,,,,,,,,,,,28,,,,,,0,,,,,,,,,,,,,,,,,,,,,,,,,,,,
2013-12-11,JK11A4B8J7RYTW,Hitachi HDS722020ALA330,2000398934016,0,,0,,,,,,,,0,,,,,,25120,,,,,,,,,,,,,,,,,,,,,,,,,,,,,,28,,,,,,0,,,,,,,,,,,,,,,,,,,,,,,,,,,,
2013-12-11,MJ1311YNG3376A,Hitachi HDS5C3030ALA630,3000592982016,0,,0,,,,,,,,0,,,,,,18067,,,,,,,,,,,,,,,,,,,,,,,,,,,,,,23,,,,,,0,,,,,,,,,,,,,,,,,,,,,,,,,,,,
2013-12-11,MJ0351YNG9W56A,Hitachi HDS5C3030ALA630,3000592982016,0,,0,,,,,,,,0,,,,,,9899,,,,,,,,,,,,,,,,,,,,,,,,,,,,,,28,,,,,,0,,,,,,,,,,,,,,,,,,,,,,,,,,,,
2013-12-11,PL1331LAGAZ7HH,Hitachi HDS5C4040ALE630,4000787030016,0,,0,,,,,,,,0,,,,,,5074,,,,,,,,,,,,,,,,,,,,,,,,,,,,,,26,,,,,,0,,,,,,,,,,,,,,,,,,,,,,,,,,,,
2013-12-11,PK1331PAJ36UKS,HGST HDS724040ALE640,4000787030016,0,,0,,,,,,,,0,,,,,,2026,,,,,,,,,,,,,,,,,,,,,,,,,,,,,,25,,,,,,0,,,,,,,,,,,,,,,,,,,,,,,,,,,,
2013-12-11,Z300PAS6,ST4000DM000,4000787030016,0,,26022304,,,,,,,,0,,,,,,1093,,,,,,,,,,,,,,,,,,,,,,,,,,,,,,26,,,,,,0,,,,,,,,,,,,,,,,,,,,,,,,,,,,
2013-12-11,Z300PAS0,ST4000DM000,4000787030016,0,,217083704,,,,,,,,0,,,,,,1233,,,,,,,,,,,,,,,,,,,,,,,,,,,,,,22,,,,,,0,,,,,,,,,,,,,,,,,,,,,,,,,,,,
2013-12-11,JK1101B9JS64RR,Hitachi HDS722020ALA330,2000398934016,0,,0,,,,,,,,0,,,,,,23577,,,,,,,,,,,,,,,,,,,,,,,,,,,,,,28,,,,,,0,,,,,,,,,,,,,,,,,,,,,,,,,,,,
2013-12-11,MJ1311YNG7KTAA,Hitachi HDS5C3030ALA630,3000592982016,0,,0,,,,,,,,0,,,,,,14681,,,,,,,,,,,,,,,,,,,,,,,,,,,,,,29,,,,,,0,,,,,,,,,,,,,,,,,,,,,,,,,,,,
2013-12-11,MJ0351YNG9UJUA,Hitachi HDS5C3030ALA630,3000592982016,0,,0,,,,,,,,0,,,,,,9191,,,,,,,,,,,,,,,,,,,,,,,,,,,,,,28,,,,,,0,,,,,,,,,,,,,,,,,,,,,,,,,,,,
2013-12-11,WD-WCAWZ1345744,WDC WD30EZRX,3000592982016,0,,0,,,,,,,,0,,,,,,17619,,,,,,,,,,,,,,,,,,,,,,,,,,,,,,22,,,,,,0,,,,,,,,,,,,,,,,,,,,,,,,,,,,
2013-12-11,PL1321LAGAR6JH,Hitachi HDS5C4040ALE630,4000787030016,0,,0,,,,,,,,0,,,,,,5077,,,,,,,,,,,,,,,,,,,,,,,,,,,,,,27,,,,,,0,,,,,,,,,,,,,,,,,,,,,,,,,,,,
2013-12-11,S1F06X47,ST3000DM001,3000592982016,0,,20357248,,,,,,,,0,,,,,,14231,,,,,,,,,,,,,,,,,,,,,,,,,,,,,,23,,,,,,0,,,,,,,,,,,,,,,,,,,,,,,,,,,,
2013-12-11,W300CTCC,ST4000DM000,4000787030016,0,,167406592,,,,,,,,0,,,,,,2238,,,,,,,,,,,,,,,,,,,,,,,,,,,,,,23,,,,,,0,,,,,,,,,,,,,,,,,,,,,,,,,,,,
2013-12-11,MK0333YHGNWJGC,Hitachi HDS723030ALA640,3000592982016,0,,65536,,,,,,,,0,,,,,,18088,,,,,,,,,,,,,,,,,,,,,,,,,,,,,,30,,,,,,0,,,,,,,,,,,,,,,,,,,,,,,,,,,,
2013-12-11,JK11A8B9J0ZB8F,Hitachi HDS722020ALA330,2000398934016,0,,0,,,,,,,,2,,,,,,26145,,,,,,,,,,,,,,,,,,,,,,,,,,,,,,27,,,,,,0,,,,,,,,,,,,,,,,,,,,,,,,,,,,
2013-12-11,JK11A8B9J1K10F,Hitachi HDS722020ALA330,2000398934016,0,,65536,,,,,,,,0,,,,,,24502,,,,,,,,,,,,,,,,,,,,,,,,,,,,,,30,,,,,,0,,,,,,,,,,,,,,,,,,,,,,,,,,,,
2013-12-11,MJ0351YNGA8S4A,Hitachi HDS5C3030ALA630,3000592982016,0,,0,,,,,,,,0,,,,,,8214,,,,,,,,,,,,,,,,,,,,,,,,,,,,,,29,,,,,,0,,,,,,,,,,,,,,,,,,,,,,,,,,,,
2013-12-11,W1F09BH2,ST3000DM001,3000592982016,0,,141181288,,,,,,,,0,,,,,,14715,,,,,,,,,,,,,,,,,,,,,,,,,,,,,,21,,,,,,0,,,,,,,,,,,,,,,,,,,,,,,,,,,,
2013-12-11,JK11A8B9J7P00F,Hitachi HDS722020ALA330,2000398934016,0,,0,,,,,,,,0,,,,,,25583,,,,,,,,,,,,,,,,,,,,,,,,,,,,,,27,,,,,,0,,,,,,,,,,,,,,,,,,,,,,,,,,,,
2013-12-11,6XW059SD,ST31500541AS,1500301910016,0,,58269947,,,,,,,,0,,,,,,36451,,,,,,,,,,,,,,,,,,,,,,,,,,,,,,16,,,,,,0,,,,,,,,,,,,,,,,,,,,,,,,,,,,
2013-12-11,JK11A8B9JR1WRF,Hitachi HDS722020ALA330,2000398934016,0,,0,,,,,,,,0,,,,,,23560,,,,,,,,,,,,,,,,,,,,,,,,,,,,,,29,,,,,,0,,,,,,,,,,,,,,,,,,,,,,,,,,,,
2013-12-11,5XW0WCNL,ST31500541AS,1500301910016,0,,151794910,,,,,,,,0,,,,,,18444,,,,,,,,,,,,,,,,,,,,,,,,,,,,,,21,,,,,,0,,,,,,,,,,,,,,,,,,,,,,,,,,,,
2013-12-11,6XW01CLE,ST31500541AS,1500301910016,0,,39671613,,,,,,,,0,,,,,,36622,,,,,,,,,,,,,,,,,,,,,,,,,,,,,,24,,,,,,0,,,,,,,,,,,,,,,,,,,,,,,,,,,,
2013-12-11,S1F06X4E,ST3000DM001,3000592982016,0,,133455408,,,,,,,,0,,,,,,14231,,,,,,,,,,,,,,,,,,,,,,,,,,,,,,23,,,,,,0,,,,,,,,,,,,,,,,,,,,,,,,,,,,
2013-12-11,PL1321LAG31M8H,Hitachi HDS5C4040ALE630,4000787030016,0,,0,,,,,,,,0,,,,,,5950,,,,,,,,,,,,,,,,,,,,,,,,,,,,,,20,,,,,,0,,,,,,,,,,,,,,,,,,,,,,,,,,,,
2013-12-11,PL2311LAG1UR7C,Hitachi HDS5C4040ALE630,4000787030016,0,,0,,,,,,,,0,,,,,,7461,,,,,,,,,,,,,,,,,,,,,,,,,,,,,,27,,,,,,0,,,,,,,,,,,,,,,,,,,,,,,,,,,,
2013-12-11,6XW0KXLB,ST31500541AS,1500301910016,0,,59673081,,,,,,,,521,,,,,,22365,,,,,,,,,,,,,,,,,,,,,,,,,,,,,,24,,,,,,0,,,,,,,,,,,,,,,,,,,,,,,,,,,,
2013-12-11,WD-WCC1T1192641,WDC WD30EFRX,3000592982016,0,,0,,,,,,,,0,,,,,,1020,,,,,,,,,,,,,,,,,,,,,,,,,,,,,,24,,,,,,0,,,,,,,,,,,,,,,,,,,,,,,,,,,,
2013-12-11,W1F0B2BN,ST3000DM001,3000592982016,0,,115834304,,,,,,,,0,,,,,,13880,,,,,,,,,,,,,,,,,,,,,,,,,,,,,,23,,,,,,0,,,,,,,,,,,,,,,,,,,,,,,,,,,,
2013-12-11,JK1105B8GG4RUX,Hitachi HDS722020ALA330,2000398934016,0,,0,,,,,,,,0,,,,,,27160,,,,,,,,,,,,,,,,,,,,,,,,,,,,,,30,,,,,,0,,,,,,,,,,,,,,,,,,,,,,,,,,,,
2013-12-11,Z1F0LXPJ,ST3000DM001,3000592982016,0,,152764536,,,,,,,,1624,,,,,,12172,,,,,,,,,,,,,,,,,,,,,,,,,,,,,,24,,,,,,352,,,,,,,,,,,,,,,,,,,,,,,,,,,,
2013-12-11,Z300PASM,ST4000DM000,4000787030016,0,,53630400,,,,,,,,0,,,,,,1450,,,,,,,,,,,,,,,,,,,,,,,,,,,,,,23,,,,,,0,,,,,,,,,,,,,,,,,,,,,,,,,,,,
2013-12-11,S1F011FK,ST3000DM001,3000592982016,0,,90042944,,,,,,,,0,,,,,,15191,,,,,,,,,,,,,,,,,,,,,,,,,,,,,,24,,,,,,0,,,,,,,,,,,,,,,,,,,,,,,,,,,,
2013-12-11,Z300PASA,ST4000DM000,4000787030016,0,,37267888,,,,,,,,0,,,,,,1092,,,,,,,,,,,,,,,,,,,,,,,,,,,,,,27,,,,,,0,,,,,,,,,,,,,,,,,,,,,,,,,,,,
2013-12-11,MJ1311YNG7JN7A,Hitachi HDS5C3030ALA630,3000592982016,0,,0,,,,,,,,0,,,,,,14330,,,,,,,,,,,,,,,,,,,,,,,,,,,,,,32,,,,,,0,,,,,,,,,,,,,,,,,,,,,,,,,,,,
2013-12-11,W300E8PB,ST4000DM000,4000787030016,0,,61246928,,,,,,,,0,,,,,,4187,,,,,,,,,,,,,,,,,,,,,,,,,,,,,,30,,,,,,0,,,,,,,,,,,,,,,,,,,,,,,,,,,,
2013-12-11,JK11A8B9HX00KF,Hitachi HDS722020ALA330,2000398934016,0,,0,,,,,,,,0,,,,,,26010,,,,,,,,,,,,,,,,,,,,,,,,,,,,,,27,,,,,,0,,,,,,,,,,,,,,,,,,,,,,,,,,,,
2013-12-11,PL1331LAGBG8GH,Hitachi HDS5C4040ALE630,4000787030016,0,,0,,,,,,,,0,,,,,,5071,,,,,,,,,,,,,,,,,,,,,,,,,,,,,,32,,,,,,0,,,,,,,,,,,,,,,,,,,,,,,,,,,,
2013-12-11,MK0301YHGN55AD,Hitachi HDS723030ALA640,3000592982016,0,,0,,,,,,,,0,,,,,,16077,,,,,,,,,,,,,,,,,,,,,,,,,,,,,,31,,,,,,0,,,,,,,,,,,,,,,,,,,,,,,,,,,,
2013-12-11,WD-WCAU45327123,WDC WD10EADS,1000204886016,0,,11,,,,,,,,0,,,,,,40500,,,,,,,,,,,,,,,,,,,,,,,,,,,,,,26,,,,,,2,,,,,,,,,,,,,,,,,,,,,,,,,,,,
2013-12-11,S1F0TN84,ST3000DM001,3000592982016,0,,40157440,,,,,,,,0,,,,,,10759,,,,,,,,,,,,,,,,,,,,,,,,,,,,,,22,,,,,,0,,,,,,,,,,,,,,,,,,,,,,,,,,,,
2013-12-11,W300L027,ST4000DM000,4000787030016,0,,120965272,,,,,,,,0,,,,,,919,,,,,,,,,,,,,,,,,,,,,,,,,,,,,,18,,,,,,0,,,,,,,,,,,,,,,,,,,,,,,,,,,,
2013-12-11,JK11A8B9J7BGTF,Hitachi HDS722020ALA330,2000398934016,0,,0,,,,,,,,0,,,,,,22702,,,,,,,,,,,,,,,,,,,,,,,,,,,,,,25,,,,,,0,,,,,,,,,,,,,,,,,,,,,,,,,,,,
2013-12-11,WD-WMC1T3097171,WDC WD30EFRX,3000592982016,0,,0,,,,,,,,0,,,,,,2044,,,,,,,,,,,,,,,,,,,,,,,,,,,,,,26,,,,,,0,,,,,,,,,,,,,,,,,,,,,,,,,,,,
2013-12-11,WD-WMC1T1611081,WDC WD30EFRX,3000592982016,0,,0,,,,,,,,0,,,,,,7709,,,,,,,,,,,,,,,,,,,,,,,,,,,,,,28,,,,,,0,,,,,,,,,,,,,,,,,,,,,,,,,,,,
2013-12-11,Z3001F5X,ST4000DM000,4000787030016,0,,96555408,,,,,,,,0,,,,,,5417,,,,,,,,,,,,,,,,,,,,,,,,,,,,,,21,,,,,,0,,,,,,,,,,,,,,,,,,,,,,,,,,,,
2013-12-11,JK1105B8JS1M0X,Hitachi HDS722020ALA330,2000398934016,0,,0,,,,,,,,0,,,,,,23512,,,,,,,,,,,,,,,,,,,,,,,,,,,,,,28,,,,,,0,,,,,,,,,,,,,,,,,,,,,,,,,,,,
2013-12-11,13H7JUNAS,TOSHIBA DT01ACA300,3000592982016,0,,0,,,,,,,,0,,,,,,2718,,,,,,,,,,,,,,,,,,,,,,,,,,,,,,22,,,,,,0,,,,,,,,,,,,,,,,,,,,,,,,,,,,
2013-12-11,W300JTKT,ST4000DM000,4000787030016,0,,37835280,,,,,,,,0,,,,,,2220,,,,,,,,,,,,,,,,,,,,,,,,,,,,,,22,,,,,,0,,,,,,,,,,,,,,,,,,,,,,,,,,,,
2013-12-11,Z1F0LTW6,ST3000DM001,3000592982016,0,,226679168,,,,,,,,0,,,,,,10942,,,,,,,,,,,,,,,,,,,,,,,,,,,,,,23,,,,,,0,,,,,,,,,,,,,,,,,,,,,,,,,,,,
2013-12-11,MJ1311YNG2UT5A,Hitachi HDS5C3030ALA630,3000592982016,0,,0,,,,,,,,0,,,,,,18065,,,,,,,,,,,,,,,,,,,,,,,,,,,,,,30,,,,,,0,,,,,,,,,,,,,,,,,,,,,,,,,,,,
2013-12-11,WD-WMAWZ0216749,WDC WD30EZRX,3000592982016,0,,0,,,,,,,,0,,,,,,12948,,,,,,,,,,,,,,,,,,,,,,,,,,,,,,21,,,,,,0,,,,,,,,,,,,,,,,,,,,,,,,,,,,
2013-12-11,5XW09G52,ST32000542AS,2000398934016,0,,35196085,,,,,,,,0,,,,,,17228,,,,,,,,,,,,,,,,,,,,,,,,,,,,,,22,,,,,,0,,,,,,,,,,,,,,,,,,,,,,,,,,,,
2013-12-11,W1F08D53,ST3000DM001,3000592982016,1,,82225144,,,,,,,,48,,,,,,16084,,,,,,,,,,,,,,,,,,,,,,,,,,,,,,27,,,,,,112,,,,,,,,,,,,,,,,,,,,,,,,,,,,
2013-12-11,MJ1311YNG2S3LA,Hitachi HDS5C3030ALA630,3000592982016,0,,0,,,,,,,,0,,,,,,19323,,,,,,,,,,,,,,,,,,,,,,,,,,,,,,27,,,,,,0,,,,,,,,,,,,,,,,,,,,,,,,,,,,
2013-12-11,WD-WMC1T1275800,WDC WD30EFRX,3000592982016,0,,0,,,,,,,,0,,,,,,7391,,,,,,,,,,,,,,,,,,,,,,,,,,,,,,22,,,,,,0,,,,,,,,,,,,,,,,,,,,,,,,,,,,
2013-12-11,WD-WCAV5M323669,WDC WD10EADS,1000204886016,0,,0,,,,,,,,0,,,,,,20395,,,,,,,,,,,,,,,,,,,,,,,,,,,,,,27,,,,,,0,,,,,,,,,,,,,,,,,,,,,,,,,,,,
2013-12-11,MK0301YHGM931D,Hitachi HDS723030ALA640,3000592982016,0,,0,,,,,,,,0,,,,,,17009,,,,,,,,,,,,,,,,,,,,,,,,,,,,,,32,,,,,,0,,,,,,,,,,,,,,,,,,,,,,,,,,,,
2013-12-11,PL1310LAG0NMWA,Hitachi HDS5C4040ALE630,4000787030016,0,,0,,,,,,,,0,,,,,,12997,,,,,,,,,,,,,,,,,,,,,,,,,,,,,,28,,,,,,0,,,,,,,,,,,,,,,,,,,,,,,,,,,,
2013-12-11,W300L02W,ST4000DM000,4000787030016,0,,160007440,,,,,,,,0,,,,,,957,,,,,,,,,,,,,,,,,,,,,,,,,,,,,,18,,,,,,0,,,,,,,,,,,,,,,,,,,,,,,,,,,,
2013-12-11,MJ1311YNG2ZEJA,Hitachi HDS5C3030ALA630,3000592982016,0,,0,,,,,,,,0,,,,,,18386,,,,,,,,,,,,,,,,,,,,,,,,,,,,,,20,,,,,,0,,,,,,,,,,,,,,,,,,,,,,,,,,,,
2013-12-11,JK1101B9KLHX6F,Hitachi HDS722020ALA330,2000398934016,0,,0,,,,,,,,0,,,,,,23097,,,,,,,,,,,,,,,,,,,,,,,,,,,,,,27,,,,,,0,,,,,,,,,,,,,,,,,,,,,,,,,,,,
2013-12-11,Z300W3C2,ST4000DM000,4000787030016,0,,183151696,,,,,,,,0,,,,,,923,,,,,,,,,,,,,,,,,,,,,,,,,,,,,,24,,,,,,0,,,,,,,,,,,,,,,,,,,,,,,,,,,,
2013-12-11,MK0301YHGM4NLA,Hitachi HDS723030ALA640,3000592982016,0,,0,,,,,,,,0,,,,,,17012,,,,,,,,,,,,,,,,,,,,,,,,,,,,,,27,,,,,,0,,,,,,,,,,,,,,,,,,,,,,,,,,,,
2013-12-11,MJ0351YNGAALPA,Hitachi HDS5C3030ALA630,3000592982016,0,,0,,,,,,,,0,,,,,,8641,,,,,,,,,,,,,,,,,,,,,,,,,,,,,,30,,,,,,0,,,,,,,,,,,,,,,,,,,,,,,,,,,,
2013-12-11,MJ0351YNGA0N2A,Hitachi HDS5C3030ALA630,3000592982016,0,,0,,,,,,,,0,,,,,,8093,,,,,,,,,,,,,,,,,,,,,,,,,,,,,,25,,,,,,0,,,,,,,,,,,,,,,,,,,,,,,,,,,,
2013-12-11,S1F0LCSV,ST3000DM001,3000592982016,0,,205362832,,,,,,,,0,,,,,,12173,,,,,,,,,,,,,,,,,,,,,,,,,,,,,,24,,,,,,0,,,,,,,,,,,,,,,,,,,,,,,,,,,,
2013-12-11,S1F0LCSQ,ST3000DM001,3000592982016,0,,117015800,,,,,,,,0,,,,,,10941,,,,,,,,,,,,,,,,,,,,,,,,,,,,,,27,,,,,,0,,,,,,,,,,,,,,,,,,,,,,,,,,,,
2013-12-11,S1F0LCSR,ST3000DM001,3000592982016,0,,12186048,,,,,,,,0,,,,,,12248,,,,,,,,,,,,,,,,,,,,,,,,,,,,,,24,,,,,,0,,,,,,,,,,,,,,,,,,,,,,,,,,,,
2013-12-11,Z300XGPJ,ST4000DM000,4000787030016,0,,170241656,,,,,,,,0,,,,,,108,,,,,,,,,,,,,,,,,,,,,,,,,,,,,,18,,,,,,0,,,,,,,,,,,,,,,,,,,,,,,,,,,,
2013-12-11,W300BN4G,ST4000DM000,4000787030016,0,,28215248,,,,,,,,0,,,,,,4042,,,,,,,,,,,,,,,,,,,,,,,,,,,,,,23,,,,,,0,,,,,,,,,,,,,,,,,,,,,,,,,,,,
2013-12-11,MK0301YHGLZH9A,Hitachi HDS723030ALA640,3000592982016,0,,0,,,,,,,,0,,,,,,17018,,,,,,,,,,,,,,,,,,,,,,,,,,,,,,25,,,,,,0,,,,,,,,,,,,,,,,,,,,,,,,,,,,
2013-12-11,MK0333YHGPG8ZC,Hitachi HDS723030ALA640,3000592982016,0,,0,,,,,,,,0,,,,,,18088,,,,,,,,,,,,,,,,,,,,,,,,,,,,,,27,,,,,,0,,,,,,,,,,,,,,,,,,,,,,,,,,,,
2013-12-11,W300BN4L,ST4000DM000,4000787030016,0,,131630280,,,,,,,,0,,,,,,4044,,,,,,,,,,,,,,,,,,,,,,,,,,,,,,22,,,,,,0,,,,,,,,,,,,,,,,,,,,,,,,,,,,
2013-12-11,JK11A8B9HWLMTF,Hitachi HDS722020ALA330,2000398934016,0,,0,,,,,,,,0,,,,,,26010,,,,,,,,,,,,,,,,,,,,,,,,,,,,,,28,,,,,,0,,,,,,,,,,,,,,,,,,,,,,,,,,,,
2013-12-11,S1F0P3G2,ST3000DM001,3000592982016,0,,221444560,,,,,,,,0,,,,,,11690,,,,,,,,,,,,,,,,,,,,,,,,,,,,,,27,,,,,,0,,,,,,,,,,,,,,,,,,,,,,,,,,,,
2013-12-11,PL1311LAG1K6RA,Hitachi HDS5C4040ALE630,4000787030016,0,,0,,,,,,,,0,,,,,,7459,,,,,,,,,,,,,,,,,,,,,,,,,,,,,,25,,,,,,0,,,,,,,,,,,,,,,,,,,,,,,,,,,,
2013-12-11,JK11A8B9J94VSF,Hitachi HDS722020ALA330,2000398934016,0,,0,,,,,,,,0,,,,,,24495,,,,,,,,,,,,,,,,,,,,,,,,,,,,,,27,,,,,,0,,,,,,,,,,,,,,,,,,,,,,,,,,,,
2013-12-11,MJ1323YNG18GBC,Hitachi HDS5C3030ALA630,3000592982016,0,,0,,,,,,,,0,,,,,,18066,,,,,,,,,,,,,,,,,,,,,,,,,,,,,,30,,,,,,0,,,,,,,,,,,,,,,,,,,,,,,,,,,,
2013-12-11,Z300X5PY,ST4000DM000,4000787030016,0,,193499288,,,,,,,,0,,,,,,109,,,,,,,,,,,,,,,,,,,,,,,,,,,,,,23,,,,,,0,,,,,,,,,,,,,,,,,,,,,,,,,,,,
2013-12-11,Z300GPXJ,ST4000DM000,4000787030016,0,,119674456,,,,,,,,0,,,,,,2900,,,,,,,,,,,,,,,,,,,,,,,,,,,,,,27,,,,,,0,,,,,,,,,,,,,,,,,,,,,,,,,,,,
2013-12-11,PL1311LAG187DA,Hitachi HDS5C4040ALE630,4000787030016,0,,0,,,,,,,,0,,,,,,7417,,,,,,,,,,,,,,,,,,,,,,,,,,,,,,22,,,,,,0,,,,,,,,,,,,,,,,,,,,,,,,,,,,
2013-12-11,6XW00WR2,ST31500541AS,1500301910016,0,,10347528,,,,,,,,0,,,,,,36428,,,,,,,,,,,,,,,,,,,,,,,,,,,,,,19,,,,,,0,,,,,,,,,,,,,,,,,,,,,,,,,,,,
2013-12-11,W300BN43,ST4000DM000,4000787030016,0,,95257712,,,,,,,,0,,,,,,3611,,,,,,,,,,,,,,,,,,,,,,,,,,,,,,21,,,,,,0,,,,,,,,,,,,,,,,,,,,,,,,,,,,
2013-12-11,W300BN40,ST4000DM000,4000787030016,0,,24347944,,,,,,,,0,,,,,,4160,,,,,,,,,,,,,,,,,,,,,,,,,,,,,,24,,,,,,0,,,,,,,,,,,,,,,,,,,,,,,,,,,,
2013-12-11,Z300WBJB,ST4000DM000,4000787030016,0,,99861576,,,,,,,,0,,,,,,815,,,,,,,,,,,,,,,,,,,,,,,,,,,,,,19,,,,,,0,,,,,,,,,,,,,,,,,,,,,,,,,,,,
2013-12-11,JK11A1YAJHHMPV,Hitachi HDS722020ALA330,2000398934016,0,,0,,,,,,,,0,,,,,,28741,,,,,,,,,,,,,,,,,,,,,,,,,,,,,,27,,,,,,0,,,,,,,,,,,,,,,,,,,,,,,,,,,,
2013-12-11,S1F0DMLE,ST3000DM001,3000592982016,0,,207247704,,,,,,,,0,,,,,,6890,,,,,,,,,,,,,,,,,,,,,,,,,,,,,,28,,,,,,0,,,,,,,,,,,,,,,,,,,,,,,,,,,,
2013-12-11,6XW02ANL,ST31500541AS,1500301910016,0,,66204771,,,,,,,,0,,,,,,34744,,,,,,,,,,,,,,,,,,,,,,,,,,,,,,19,,,,,,0,,,,,,,,,,,,,,,,,,,,,,,,,,,,
2013-12-11,MK0311YHG2B8DA,Hitachi HDS723030ALA640,3000592982016,0,,0,,,,,,,,0,,,,,,16682,,,,,,,,,,,,,,,,,,,,,,,,,,,,,,28,,,,,,0,,,,,,,,,,,,,,,,,,,,,,,,,,,,
2013-12-11,MJ1323YNG1RL4C,Hitachi HDS5C3030ALA630,3000592982016,0,,0,,,,,,,,0,,,,,,20079,,,,,,,,,,,,,,,,,,,,,,,,,,,,,,32,,,,,,0,,,,,,,,,,,,,,,,,,,,,,,,,,,,
2013-12-11,Z1F0L5M2,ST3000DM001,3000592982016,0,,147752144,,,,,,,,0,,,,,,12249,,,,,,,,,,,,,,,,,,,,,,,,,,,,,,25,,,,,,0,,,,,,,,,,,,,,,,,,,,,,,,,,,,
2013-12-11,JK11A8B9J1NWAF,Hitachi HDS722020ALA330,2000398934016,0,,0,,,,,,,,0,,,,,,22696,,,,,,,,,,,,,,,,,,,,,,,,,,,,,,27,,,,,,0,,,,,,,,,,,,,,,,,,,,,,,,,,,,
2013-12-11,S1F0LCS6,ST3000DM001,3000592982016,0,,175998176,,,,,,,,0,,,,,,11685,,,,,,,,,,,,,,,,,,,,,,,,,,,,,,31,,,,,,0,,,,,,,,,,,,,,,,,,,,,,,,,,,,
2013-12-11,MJ1321YNG0HB6A,Hitachi HDS5C3030ALA630,3000592982016,0,,0,,,,,,,,0,,,,,,20498,,,,,,,,,,,,,,,,,,,,,,,,,,,,,,29,,,,,,0,,,,,,,,,,,,,,,,,,,,,,,,,,,,
2013-12-11,S1F02F5R,ST3000DM001,3000592982016,0,,170374528,,,,,,,,0,,,,,,15190,,,,,,,,,,,,,,,,,,,,,,,,,,,,,,22,,,,,,0,,,,,,,,,,,,,,,,,,,,,,,,,,,,
2013-12-11,PL1321LAG346AH,Hitachi HDS5C4040ALE630,4000787030016,0,,0,,,,,,,,0,,,,,,6616,,,,,,,,,,,,,,,,,,,,,,,,,,,,,,27,,,,,,0,,,,,,,,,,,,,,,,,,,,,,,,,,,,
2013-12-11,6XW01SH2,ST31500541AS,1500301910016,0,,115825664,,,,,,,,143,,,,,,34739,,,,,,,,,,,,,,,,,,,,,,,,,,,,,,21,,,,,,0,,,,,,,,,,,,,,,,,,,,,,,,,,,,
2013-12-11,JK11A8B9J95X7F,Hitachi HDS722020ALA330,2000398934016,0,,0,,,,,,,,0,,,,,,24970,,,,,,,,,,,,,,,,,,,,,,,,,,,,,,31,,,,,,0,,,,,,,,,,,,,,,,,,,,,,,,,,,,
2013-12-11,WD-WCAU45710575,WDC WD10EACS,1000204886016,0,,25,,,,,,,,0,,,,,,42362,,,,,,,,,,,,,,,,,,,,,,,,,,,,,,25,,,,,,0,,,,,,,,,,,,,,,,,,,,,,,,,,,,
2013-12-11,PL1321LAG35MHH,Hitachi HDS5C4040ALE630,4000787030016,0,,0,,,,,,,,0,,,,,,5670,,,,,,,,,,,,,,,,,,,,,,,,,,,,,,16,,,,,,0,,,,,,,,,,,,,,,,,,,,,,,,,,,,
2013-12-11,W1F0B75S,ST3000DM001,3000592982016,0,,70425376,,,,,,,,0,,,,,,13911,,,,,,,,,,,,,,,,,,,,,,,,,,,,,,23,,,,,,0,,,,,,,,,,,,,,,,,,,,,,,,,,,,
2013-12-11,JK1171YBK1MVNF,Hitachi HDS722020ALA330,2000398934016,0,,65536,,,,,,,,1,,,,,,29912,,,,,,,,,,,,,,,,,,,,,,,,,,,,,,27,,,,,,1,,,,,,,,,,,,,,,,,,,,,,,,,,,,
2013-12-11,S1F0347D,ST3000DM001,3000592982016,0,,17239056,,,,,,,,0,,,,,,15247,,,,,,,,,,,,,,,,,,,,,,,,,,,,,,21,,,,,,0,,,,,,,,,,,,,,,,,,,,,,,,,,,,
2013-12-11,JK11A8B9J9HXZF,Hitachi HDS722020ALA330,2000398934016,0,,0,,,,,,,,0,,,,,,25584,,,,,,,,,,,,,,,,,,,,,,,,,,,,,,28,,,,,,0,,,,,,,,,,,,,,,,,,,,,,,,,,,,
2013-12-11,PL2311LAG1UMVC,Hitachi HDS5C4040ALE630,4000787030016,0,,0,,,,,,,,0,,,,,,7417,,,,,,,,,,,,,,,,,,,,,,,,,,,,,,21,,,,,,0,,,,,,,,,,,,,,,,,,,,,,,,,,,,
2013-12-11,S1F0347V,ST3000DM001,3000592982016,0,,242089816,,,,,,,,0,,,,,,16146,,,,,,,,,,,,,,,,,,,,,,,,,,,,,,19,,,,,,0,,,,,,,,,,,,,,,,,,,,,,,,,,,,
2013-12-11,Z300CLQF,ST4000DM000,4000787030016,0,,207336624,,,,,,,,0,,,,,,2225,,,,,,,,,,,,,,,,,,,,,,,,,,,,,,22,,,,,,0,,,,,,,,,,,,,,,,,,,,,,,,,,,,
2013-12-11,JK11A8B9J874BF,Hitachi HDS722020ALA330,2000398934016,0,,0,,,,,,,,0,,,,,,25123,,,,,,,,,,,,,,,,,,,,,,,,,,,,,,29,,,,,,0,,,,,,,,,,,,,,,,,,,,,,,,,,,,
2013-12-11,W3006CRJ,ST4000DM000,4000787030016,0,,211357672,,,,,,,,0,,,,,,2681,,,,,,,,,,,,,,,,,,,,,,,,,,,,,,25,,,,,,0,,,,,,,,,,,,,,,,,,,,,,,,,,,,
2013-12-11,PL1311LAG2VB8A,Hitachi HDS5C4040ALE630,4000787030016,0,,0,,,,,,,,0,,,,,,6070,,,,,,,,,,,,,,,,,,,,,,,,,,,,,,22,,,,,,0,,,,,,,,,,,,,,,,,,,,,,,,,,,,
2013-12-11,Z1F09764,ST3000DM001,3000592982016,0,,111381616,,,,,,,,0,,,,,,10354,,,,,,,,,,,,,,,,,,,,,,,,,,,,,,35,,,,,,0,,,,,,,,,,,,,,,,,,,,,,,,,,,,
2013-12-11,MJ1311YNG3HG2A,Hitachi HDS5C3030ALA630,3000592982016,0,,65537,,,,,,,,0,,,,,,18203,,,,,,,,,,,,,,,,,,,,,,,,,,,,,,27,,,,,,0,,,,,,,,,,,,,,,,,,,,,,,,,,,,
2013-12-11,WD-WCAU47236387,WDC WD10EADS,1000204886016,0,,0,,,,,,,,0,,,,,,40415,,,,,,,,,,,,,,,,,,,,,,,,,,,,,,30,,,,,,0,,,,,,,,,,,,,,,,,,,,,,,,,,,,
2013-12-11,PL1311LAG3DWPH,Hitachi HDS5C4040ALE630,4000787030016,0,,0,,,,,,,,0,,,,,,5670,,,,,,,,,,,,,,,,,,,,,,,,,,,,,,19,,,,,,0,,,,,,,,,,,,,,,,,,,,,,,,,,,,
2013-12-11,JK11A8B9J79VKF,Hitachi HDS722020ALA330,2000398934016,0,,1,,,,,,,,0,,,,,,24970,,,,,,,,,,,,,,,,,,,,,,,,,,,,,,33,,,,,,0,,,,,,,,,,,,,,,,,,,,,,,,,,,,
2013-12-11,MJ1311YNG348NA,Hitachi HDS5C3030ALA630,3000592982016,0,,0,,,,,,,,0,,,,,,19617,,,,,,,,,,,,,,,,,,,,,,,,,,,,,,26,,,,,,0,,,,,,,,,,,,,,,,,,,,,,,,,,,,
2013-12-11,S1F07S8M,ST3000DM001,3000592982016,0,,16048072,,,,,,,,0,,,,,,12364,,,,,,,,,,,,,,,,,,,,,,,,,,,,,,21,,,,,,0,,,,,,,,,,,,,,,,,,,,,,,,,,,,
2013-12-11,S1F031NF,ST3000DM001,3000592982016,0,,193226808,,,,,,,,0,,,,,,16198,,,,,,,,,,,,,,,,,,,,,,,,,,,,,,27,,,,,,0,,,,,,,,,,,,,,,,,,,,,,,,,,,,
2013-12-11,PL1311LAG3DYDH,Hitachi HDS5C4040ALE630,4000787030016,0,,0,,,,,,,,0,,,,,,6070,,,,,,,,,,,,,,,,,,,,,,,,,,,,,,21,,,,,,0,,,,,,,,,,,,,,,,,,,,,,,,,,,,
2013-12-11,Z300GPXV,ST4000DM000,4000787030016,0,,126416936,,,,,,,,0,,,,,,2899,,,,,,,,,,,,,,,,,,,,,,,,,,,,,,26,,,,,,0,,,,,,,,,,,,,,,,,,,,,,,,,,,,
2013-12-11,Z290F92Q,ST33000651AS,3000592982016,0,,115372793,,,,,,,,0,,,,,,17739,,,,,,,,,,,,,,,,,,,,,,,,,,,,,,23,,,,,,0,,,,,,,,,,,,,,,,,,,,,,,,,,,,
2013-12-11,PL1321LAG357SH,Hitachi HDS5C4040ALE630,4000787030016,0,,0,,,,,,,,0,,,,,,6654,,,,,,,,,,,,,,,,,,,,,,,,,,,,,,18,,,,,,0,,,,,,,,,,,,,,,,,,,,,,,,,,,,
2013-12-11,WD-WMAWZ0285636,WDC WD30EZRX,3000592982016,0,,11,,,,,,,,0,,,,,,12705,,,,,,,,,,,,,,,,,,,,,,,,,,,,,,20,,,,,,0,,,,,,,,,,,,,,,,,,,,,,,,,,,,
2013-12-11,WD-WMAWZ0285630,WDC WD30EZRX,3000592982016,0,,0,,,,,,,,0,,,,,,12696,,,,,,,,,,,,,,,,,,,,,,,,,,,,,,20,,,,,,0,,,,,,,,,,,,,,,,,,,,,,,,,,,,
2013-12-11,MK0331YHGPS44A,Hitachi HDS723030ALA640,3000592982016,0,,0,,,,,,,,0,,,,,,17755,,,,,,,,,,,,,,,,,,,,,,,,,,,,,,20,,,,,,0,,,,,,,,,,,,,,,,,,,,,,,,,,,,
2013-12-11,6XW0Y1L5,ST31500541AS,1500301910016,0,,107234601,,,,,,,,0,,,,,,30789,,,,,,,,,,,,,,,,,,,,,,,,,,,,,,25,,,,,,0,,,,,,,,,,,,,,,,,,,,,,,,,,,,
2013-12-11,WD-WMC1T1193692,WDC WD30EFRX,3000592982016,0,,0,,,,,,,,0,,,,,,7392,,,,,,,,,,,,,,,,,,,,,,,,,,,,,,22,,,,,,0,,,,,,,,,,,,,,,,,,,,,,,,,,,,
2013-12-11,W300KQBN,ST4000DM000,4000787030016,0,,10827944,,,,,,,,0,,,,,,815,,,,,,,,,,,,,,,,,,,,,,,,,,,,,,21,,,,,,0,,,,,,,,,,,,,,,,,,,,,,,,,,,,
2013-12-11,PL1321LAGAXHXH,Hitachi HDS5C4040ALE630,4000787030016,0,,0,,,,,,,,0,,,,,,5077,,,,,,,,,,,,,,,,,,,,,,,,,,,,,,25,,,,,,0,,,,,,,,,,,,,,,,,,,,,,,,,,,,
2013-12-11,PL1311LAG2ED5H,Hitachi HDS5C4040ALE630,4000787030016,0,,0,,,,,,,,0,,,,,,7401,,,,,,,,,,,,,,,,,,,,,,,,,,,,,,28,,,,,,0,,,,,,,,,,,,,,,,,,,,,,,,,,,,
2013-12-11,W300KFBW,ST4000DM000,4000787030016,0,,240676424,,,,,,,,0,,,,,,815,,,,,,,,,,,,,,,,,,,,,,,,,,,,,,20,,,,,,0,,,,,,,,,,,,,,,,,,,,,,,,,,,,
2013-12-11,JK1105B8GGA73X,Hitachi HDS722020ALA330,2000398934016,0,,0,,,,,,,,0,,,,,,27168,,,,,,,,,,,,,,,,,,,,,,,,,,,,,,30,,,,,,0,,,,,,,,,,,,,,,,,,,,,,,,,,,,
2013-12-11,9VS2AAJQ,ST31500341AS,1500301910016,0,,17613981,,,,,,,,0,,,,,,38494,,,,,,,,,,,,,,,,,,,,,,,,,,,,,,20,,,,,,0,,,,,,,,,,,,,,,,,,,,,,,,,,,,
2013-12-11,S1F04TRW,ST3000DM001,3000592982016,0,,238189312,,,,,,,,0,,,,,,13796,,,,,,,,,,,,,,,,,,,,,,,,,,,,,,24,,,,,,8,,,,,,,,,,,,,,,,,,,,,,,,,,,,
2013-12-11,JK11A8B9J7G0KF,Hitachi HDS722020ALA330,2000398934016,0,,4,,,,,,,,0,,,,,,24983,,,,,,,,,,,,,,,,,,,,,,,,,,,,,,26,,,,,,0,,,,,,,,,,,,,,,,,,,,,,,,,,,,
2013-12-11,W1F0X6BR,ST3000DM001,3000592982016,0,,233185208,,,,,,,,0,,,,,,10501,,,,,,,,,,,,,,,,,,,,,,,,,,,,,,23,,,,,,0,,,,,,,,,,,,,,,,,,,,,,,,,,,,
2013-12-11,W1F0A2SV,ST3000DM001,3000592982016,0,,232606112,,,,,,,,0,,,,,,14731,,,,,,,,,,,,,,,,,,,,,,,,,,,,,,25,,,,,,0,,,,,,,,,,,,,,,,,,,,,,,,,,,,
2013-12-11,9VS1YNM2,ST31500341AS,1500301910016,0,,38252228,,,,,,,,2,,,,,,39482,,,,,,,,,,,,,,,,,,,,,,,,,,,,,,28,,,,,,0,,,,,,,,,,,,,,,,,,,,,,,,,,,,
2013-12-11,JK11A8B9J3L5BF,Hitachi HDS722020ALA330,2000398934016,0,,0,,,,,,,,0,,,,,,23486,,,,,,,,,,,,,,,,,,,,,,,,,,,,,,27,,,,,,0,,,,,,,,,,,,,,,,,,,,,,,,,,,,
2013-12-11,MJ1311YNG7G68A,Hitachi HDS5C3030ALA630,3000592982016,0,,0,,,,,,,,0,,,,,,14601,,,,,,,,,,,,,,,,,,,,,,,,,,,,,,23,,,,,,0,,,,,,,,,,,,,,,,,,,,,,,,,,,,
2013-12-11,JK1174YAK785GW,Hitachi HDS722020ALA330,2000398934016,0,,0,,,,,,,,0,,,,,,28154,,,,,,,,,,,,,,,,,,,,,,,,,,,,,,26,,,,,,0,,,,,,,,,,,,,,,,,,,,,,,,,,,,
2013-12-11,S1F135QH,ST3000DM001,3000592982016,0,,215282128,,,,,,,,0,,,,,,7993,,,,,,,,,,,,,,,,,,,,,,,,,,,,,,27,,,,,,0,,,,,,,,,,,,,,,,,,,,,,,,,,,,
2013-12-11,W3009RBR,ST4000DM000,4000787030016,0,,240527664,,,,,,,,0,,,,,,4153,,,,,,,,,,,,,,,,,,,,,,,,,,,,,,24,,,,,,0,,,,,,,,,,,,,,,,,,,,,,,,,,,,
2013-12-11,MJ0351YNGA9MDA,Hitachi HDS5C3030ALA630,3000592982016,0,,0,,,,,,,,0,,,,,,8640,,,,,,,,,,,,,,,,,,,,,,,,,,,,,,30,,,,,,0,,,,,,,,,,,,,,,,,,,,,,,,,,,,
2013-12-11,MJ0351YNGA72RA,Hitachi HDS5C3030ALA630,3000592982016,0,,0,,,,,,,,0,,,,,,9163,,,,,,,,,,,,,,,,,,,,,,,,,,,,,,27,,,,,,0,,,,,,,,,,,,,,,,,,,,,,,,,,,,
2013-12-11,MJ1323YNG19EPC,Hitachi HDS5C3030ALA630,3000592982016,0,,0,,,,,,,,0,,,,,,20503,,,,,,,,,,,,,,,,,,,,,,,,,,,,,,28,,,,,,0,,,,,,,,,,,,,,,,,,,,,,,,,,,,
2013-12-11,6XW01TJ7,ST31500541AS,1500301910016,0,,197521279,,,,,,,,0,,,,,,35546,,,,,,,,,,,,,,,,,,,,,,,,,,,,,,21,,,,,,0,,,,,,,,,,,,,,,,,,,,,,,,,,,,
2013-12-11,S1F01PYK,ST3000DM001,3000592982016,0,,26775256,,,,,,,,72,,,,,,16199,,,,,,,,,,,,,,,,,,,,,,,,,,,,,,26,,,,,,0,,,,,,,,,,,,,,,,,,,,,,,,,,,,
2013-12-11,MJ1311YNG7KR6A,Hitachi HDS5C3030ALA630,3000592982016,0,,0,,,,,,,,0,,,,,,14680,,,,,,,,,,,,,,,,,,,,,,,,,,,,,,28,,,,,,0,,,,,,,,,,,,,,,,,,,,,,,,,,,,
2013-12-11,MK0331YHGPS3JA,Hitachi HDS723030ALA640,3000592982016,0,,0,,,,,,,,0,,,,,,17762,,,,,,,,,,,,,,,,,,,,,,,,,,,,,,23,,,,,,0,,,,,,,,,,,,,,,,,,,,,,,,,,,,
2013-12-11,Z300MJMN,ST4000DM000,4000787030016,0,,77458448,,,,,,,,0,,,,,,2845,,,,,,,,,,,,,,,,,,,,,,,,,,,,,,27,,,,,,0,,,,,,,,,,,,,,,,,,,,,,,,,,,,
2013-12-11,JK11A8B9J34MMF,Hitachi HDS722020ALA330,2000398934016,0,,65538,,,,,,,,0,,,,,,24112,,,,,,,,,,,,,,,,,,,,,,,,,,,,,,24,,,,,,0,,,,,,,,,,,,,,,,,,,,,,,,,,,,
2013-12-11,W1F0A5S2,ST3000DM001,3000592982016,0,,179769656,,,,,,,,0,,,,,,15367,,,,,,,,,,,,,,,,,,,,,,,,,,,,,,20,,,,,,0,,,,,,,,,,,,,,,,,,,,,,,,,,,,
2013-12-11,5XW0401T,ST31500541AS,1500301910016,0,,180957552,,,,,,,,0,,,,,,25151,,,,,,,,,,,,,,,,,,,,,,,,,,,,,,17,,,,,,0,,,,,,,,,,,,,,,,,,,,,,,,,,,,
2013-12-11,Z300CX3W,ST4000DM000,4000787030016,0,,227306888,,,,,,,,0,,,,,,2219,,,,,,,,,,,,,,,,,,,,,,,,,,,,,,24,,,,,,0,,,,,,,,,,,,,,,,,,,,,,,,,,,,
2013-12-11,MJ0351YNGA19ZA,Hitachi HDS5C3030ALA630,3000592982016,0,,0,,,,,,,,0,,,,,,9129,,,,,,,,,,,,,,,,,,,,,,,,,,,,,,28,,,,,,0,,,,,,,,,,,,,,,,,,,,,,,,,,,,
2013-12-11,JK11A5B8J5DXUX,Hitachi HDS722020ALA330,2000398934016,0,,0,,,,,,,,0,,,,,,22702,,,,,,,,,,,,,,,,,,,,,,,,,,,,,,28,,,,,,0,,,,,,,,,,,,,,,,,,,,,,,,,,,,
2013-12-11,W30068WH,ST4000DM000,4000787030016,0,,35905240,,,,,,,,0,,,,,,2844,,,,,,,,,,,,,,,,,,,,,,,,,,,,,,24,,,,,,0,,,,,,,,,,,,,,,,,,,,,,,,,,,,
2013-12-11,PL1311LAG2E3LH,Hitachi HDS5C4040ALE630,4000787030016,0,,0,,,,,,,,0,,,,,,6653,,,,,,,,,,,,,,,,,,,,,,,,,,,,,,28,,,,,,0,,,,,,,,,,,,,,,,,,,,,,,,,,,,
2013-12-11,Z1F18YB3,ST3000DM001,3000592982016,0,,211379944,,,,,,,,0,,,,,,8025,,,,,,,,,,,,,,,,,,,,,,,,,,,,,,25,,,,,,0,,,,,,,,,,,,,,,,,,,,,,,,,,,,
2013-12-11,Z290T7JT,ST33000651AS,3000592982016,0,,224726951,,,,,,,,0,,,,,,17740,,,,,,,,,,,,,,,,,,,,,,,,,,,,,,23,,,,,,0,,,,,,,,,,,,,,,,,,,,,,,,,,,,
2013-12-11,WD-WCAU45177913,WDC WD10EADS,1000204886016,0,,1,,,,,,,,0,,,,,,41292,,,,,,,,,,,,,,,,,,,,,,,,,,,,,,26,,,,,,0,,,,,,,,,,,,,,,,,,,,,,,,,,,,
2013-12-11,WD-WCAU45177912,WDC WD10EADS,1000204886016,0,,9,,,,,,,,0,,,,,,40523,,,,,,,,,,,,,,,,,,,,,,,,,,,,,,29,,,,,,0,,,,,,,,,,,,,,,,,,,,,,,,,,,,
2013-12-11,JK1174YAK76Y5W,Hitachi HDS722020ALA330,2000398934016,0,,0,,,,,,,,0,,,,,,28154,,,,,,,,,,,,,,,,,,,,,,,,,,,,,,26,,,,,,0,,,,,,,,,,,,,,,,,,,,,,,,,,,,
2013-12-11,JK1131YAG9TZMV,Hitachi HDS722020ALA330,2000398934016,0,,0,,,,,,,,0,,,,,,8670,,,,,,,,,,,,,,,,,,,,,,,,,,,,,,27,,,,,,0,,,,,,,,,,,,,,,,,,,,,,,,,,,,
2013-12-11,S1F0RSXC,ST3000DM001,3000592982016,0,,62208328,,,,,,,,0,,,,,,10741,,,,,,,,,,,,,,,,,,,,,,,,,,,,,,25,,,,,,0,,,,,,,,,,,,,,,,,,,,,,,,,,,,
2013-12-11,MK0313YHGABT6C,Hitachi HDS723030ALA640,3000592982016,0,,3,,,,,,,,0,,,,,,21460,,,,,,,,,,,,,,,,,,,,,,,,,,,,,,26,,,,,,0,,,,,,,,,,,,,,,,,,,,,,,,,,,,
2013-12-11,MJ0351YNG9Y08A,Hitachi HDS5C3030ALA630,3000592982016,0,,0,,,,,,,,0,,,,,,9315,,,,,,,,,,,,,,,,,,,,,,,,,,,,,,31,,,,,,0,,,,,,,,,,,,,,,,,,,,,,,,,,,,
2013-12-11,JK11A8B9J38WTF,Hitachi HDS722020ALA330,2000398934016,0,,2,,,,,,,,0,,,,,,23709,,,,,,,,,,,,,,,,,,,,,,,,,,,,,,30,,,,,,0,,,,,,,,,,,,,,,,,,,,,,,,,,,,
2013-12-11,W1E1STDH,ST2000DM001,2000398934016,0,,126187576,,,,,,,,0,,,,,,7247,,,,,,,,,,,,,,,,,,,,,,,,,,,,,,22,,,,,,0,,,,,,,,,,,,,,,,,,,,,,,,,,,,
2013-12-11,JK11A8B9J75KXF,Hitachi HDS722020ALA330,2000398934016,0,,0,,,,,,,,0,,,,,,22414,,,,,,,,,,,,,,,,,,,,,,,,,,,,,,26,,,,,,0,,,,,,,,,,,,,,,,,,,,,,,,,,,,
2013-12-11,S1F0TNA5,ST3000DM001,3000592982016,0,,3921392,,,,,,,,0,,,,,,10399,,,,,,,,,,,,,,,,,,,,,,,,,,,,,,28,,,,,,0,,,,,,,,,,,,,,,,,,,,,,,,,,,,
2013-12-11,JK11A8B9J717LF,Hitachi HDS722020ALA330,2000398934016,0,,0,,,,,,,,0,,,,,,23511,,,,,,,,,,,,,,,,,,,,,,,,,,,,,,28,,,,,,0,,,,,,,,,,,,,,,,,,,,,,,,,,,,
2013-12-11,W1F0KLQJ,ST3000DM001,3000592982016,0,,90456992,,,,,,,,0,,,,,,12170,,,,,,,,,,,,,,,,,,,,,,,,,,,,,,27,,,,,,0,,,,,,,,,,,,,,,,,,,,,,,,,,,,
2013-12-11,W1F0JH4A,ST3000DM001,3000592982016,0,,206321000,,,,,,,,0,,,,,,11021,,,,,,,,,,,,,,,,,,,,,,,,,,,,,,27,,,,,,0,,,,,,,,,,,,,,,,,,,,,,,,,,,,
2013-12-11,MJ1311YNG3EJZA,Hitachi HDS5C3030ALA630,3000592982016,0,,0,,,,,,,,0,,,,,,19251,,,,,,,,,,,,,,,,,,,,,,,,,,,,,,25,,,,,,0,,,,,,,,,,,,,,,,,,,,,,,,,,,,
2013-12-11,JK1101B9JRMD5F,Hitachi HDS722020ALA330,2000398934016,0,,0,,,,,,,,0,,,,,,23320,,,,,,,,,,,,,,,,,,,,,,,,,,,,,,25,,,,,,0,,,,,,,,,,,,,,,,,,,,,,,,,,,,
2013-12-11,Z300GQ5T,ST4000DM000,4000787030016,0,,240251952,,,,,,,,0,,,,,,2900,,,,,,,,,,,,,,,,,,,,,,,,,,,,,,27,,,,,,0,,,,,,,,,,,,,,,,,,,,,,,,,,,,
2013-12-11,JK1105B8GHK6TX,Hitachi HDS722020ALA330,2000398934016,0,,0,,,,,,,,0,,,,,,26859,,,,,,,,,,,,,,,,,,,,,,,,,,,,,,36,,,,,,0,,,,,,,,,,,,,,,,,,,,,,,,,,,,
2013-12-11,W3009P10,ST4000DM000,4000787030016,0,,81518808,,,,,,,,0,,,,,,4187,,,,,,,,,,,,,,,,,,,,,,,,,,,,,,30,,,,,,0,,,,,,,,,,,,,,,,,,,,,,,,,,,,
2013-12-11,JK11A8B9J3W6PF,Hitachi HDS722020ALA330,2000398934016,0,,0,,,,,,,,1,,,,,,23580,,,,,,,,,,,,,,,,,,,,,,,,,,,,,,28,,,,,,0,,,,,,,,,,,,,,,,,,,,,,,,,,,,
2013-12-11,S1F01YVR,ST3000DM001,3000592982016,0,,148687184,,,,,,,,0,,,,,,15266,,,,,,,,,,,,,,,,,,,,,,,,,,,,,,20,,,,,,0,,,,,,,,,,,,,,,,,,,,,,,,,,,,
2013-12-11,MJ1311YNG788EA,Hitachi HDS5C3030ALA630,3000592982016,0,,0,,,,,,,,0,,,,,,14310,,,,,,,,,,,,,,,,,,,,,,,,,,,,,,26,,,,,,0,,,,,,,,,,,,,,,,,,,,,,,,,,,,
2013-12-11,S1F0516K,ST3000DM001,3000592982016,0,,232388720,,,,,,,,0,,,,,,13822,,,,,,,,,,,,,,,,,,,,,,,,,,,,,,24,,,,,,0,,,,,,,,,,,,,,,,,,,,,,,,,,,,
2013-12-11,Z300GQ50,ST4000DM000,4000787030016,0,,212253752,,,,,,,,8,,,,,,3588,,,,,,,,,,,,,,,,,,,,,,,,,,,,,,26,,,,,,0,,,,,,,,,,,,,,,,,,,,,,,,,,,,
2013-12-11,Z1F0QGWP,ST3000DM001,3000592982016,0,,35944528,,,,,,,,0,,,,,,11692,,,,,,,,,,,,,,,,,,,,,,,,,,,,,,25,,,,,,0,,,,,,,,,,,,,,,,,,,,,,,,,,,,
2013-12-11,JK2171B9J0PJLL,Hitachi HDS722020ALA330,2000398934016,0,,0,,,,,,,,0,,,,,,26010,,,,,,,,,,,,,,,,,,,,,,,,,,,,,,28,,,,,,0,,,,,,,,,,,,,,,,,,,,,,,,,,,,
2013-12-11,MJ0351YNGABUHA,Hitachi HDS5C3030ALA630,3000592982016,0,,0,,,,,,,,0,,,,,,8547,,,,,,,,,,,,,,,,,,,,,,,,,,,,,,28,,,,,,0,,,,,,,,,,,,,,,,,,,,,,,,,,,,
2013-12-11,MJ0351YNG9WA0A,Hitachi HDS5C3030ALA630,3000592982016,0,,0,,,,,,,,0,,,,,,9939,,,,,,,,,,,,,,,,,,,,,,,,,,,,,,25,,,,,,0,,,,,,,,,,,,,,,,,,,,,,,,,,,,
2013-12-11,MJ1323YNG1M3ZC,Hitachi HDS5C3030ALA630,3000592982016,0,,0,,,,,,,,0,,,,,,20082,,,,,,,,,,,,,,,,,,,,,,,,,,,,,,32,,,,,,0,,,,,,,,,,,,,,,,,,,,,,,,,,,,
2013-12-11,MJ1311YNG32W6A,Hitachi HDS5C3030ALA630,3000592982016,0,,0,,,,,,,,0,,,,,,19325,,,,,,,,,,,,,,,,,,,,,,,,,,,,,,25,,,,,,0,,,,,,,,,,,,,,,,,,,,,,,,,,,,
2013-12-11,Z1F1652D,ST3000DM001,3000592982016,0,,67197696,,,,,,,,0,,,,,,8022,,,,,,,,,,,,,,,,,,,,,,,,,,,,,,27,,,,,,0,,,,,,,,,,,,,,,,,,,,,,,,,,,,
2013-12-11,MJ1311YNG2R06A,Hitachi HDS5C3030ALA630,3000592982016,0,,0,,,,,,,,0,,,,,,14621,,,,,,,,,,,,,,,,,,,,,,,,,,,,,,21,,,,,,0,,,,,,,,,,,,,,,,,,,,,,,,,,,,
2013-12-11,W1F0QSTB,ST3000DM001,3000592982016,0,,212308008,,,,,,,,0,,,,,,12617,,,,,,,,,,,,,,,,,,,,,,,,,,,,,,25,,,,,,8,,,,,,,,,,,,,,,,,,,,,,,,,,,,
2013-12-11,6XW0ZP1X,ST31500541AS,1500301910016,0,,82017472,,,,,,,,0,,,,,,31095,,,,,,,,,,,,,,,,,,,,,,,,,,,,,,19,,,,,,0,,,,,,,,,,,,,,,,,,,,,,,,,,,,
2013-12-11,S1F0TNAB,ST3000DM001,3000592982016,0,,125029832,,,,,,,,0,,,,,,10760,,,,,,,,,,,,,,,,,,,,,,,,,,,,,,24,,,,,,0,,,,,,,,,,,,,,,,,,,,,,,,,,,,
2013-12-11,PL1311LAG3A47H,Hitachi HDS5C4040ALE630,4000787030016,0,,0,,,,,,,,0,,,,,,5125,,,,,,,,,,,,,,,,,,,,,,,,,,,,,,29,,,,,,0,,,,,,,,,,,,,,,,,,,,,,,,,,,,
2013-12-11,S1F0R36N,ST3000DM001,3000592982016,0,,231424024,,,,,,,,0,,,,,,10737,,,,,,,,,,,,,,,,,,,,,,,,,,,,,,23,,,,,,0,,,,,,,,,,,,,,,,,,,,,,,,,,,,
2013-12-11,W300BMYC,ST4000DM000,4000787030016,0,,160674648,,,,,,,,0,,,,,,4146,,,,,,,,,,,,,,,,,,,,,,,,,,,,,,24,,,,,,0,,,,,,,,,,,,,,,,,,,,,,,,,,,,
2013-12-11,JK11A8B9J3BWSF,Hitachi HDS722020ALA330,2000398934016,0,,0,,,,,,,,0,,,,,,24430,,,,,,,,,,,,,,,,,,,,,,,,,,,,,,29,,,,,,0,,,,,,,,,,,,,,,,,,,,,,,,,,,,
2013-12-11,W300BMYJ,ST4000DM000,4000787030016,0,,2617592,,,,,,,,0,,,,,,4161,,,,,,,,,,,,,,,,,,,,,,,,,,,,,,22,,,,,,0,,,,,,,,,,,,,,,,,,,,,,,,,,,,
2013-12-11,W300BMYR,ST4000DM000,4000787030016,0,,240404560,,,,,,,,0,,,,,,4189,,,,,,,,,,,,,,,,,,,,,,,,,,,,,,26,,,,,,0,,,,,,,,,,,,,,,,,,,,,,,,,,,,
2013-12-11,MJ1311YNG0X83A,Hitachi HDS5C3030ALA630,3000592982016,0,,0,,,,,,,,0,,,,,,18362,,,,,,,,,,,,,,,,,,,,,,,,,,,,,,21,,,,,,0,,,,,,,,,,,,,,,,,,,,,,,,,,,,
2013-12-11,MJ1311YNG7LW9A,Hitachi HDS5C3030ALA630,3000592982016,0,,0,,,,,,,,21,,,,,,14620,,,,,,,,,,,,,,,,,,,,,,,,,,,,,,24,,,,,,0,,,,,,,,,,,,,,,,,,,,,,,,,,,,
2013-12-11,W300BMYW,ST4000DM000,4000787030016,0,,114814968,,,,,,,,0,,,,,,3586,,,,,,,,,,,,,,,,,,,,,,,,,,,,,,22,,,,,,0,,,,,,,,,,,,,,,,,,,,,,,,,,,,
2013-12-11,PL1311LAG2EBBH,Hitachi HDS5C4040ALE630,4000787030016,0,,0,,,,,,,,0,,,,,,7401,,,,,,,,,,,,,,,,,,,,,,,,,,,,,,28,,,,,,0,,,,,,,,,,,,,,,,,,,,,,,,,,,,
2013-12-11,MJ1323YNG1NUEC,Hitachi HDS5C3030ALA630,3000592982016,0,,1507351,,,,,,,,0,,,,,,19727,,,,,,,,,,,,,,,,,,,,,,,,,,,,,,23,,,,,,0,,,,,,,,,,,,,,,,,,,,,,,,,,,,
2013-12-11,MJ1311YNG3356A,Hitachi HDS5C3030ALA630,3000592982016,0,,0,,,,,,,,0,,,,,,18040,,,,,,,,,,,,,,,,,,,,,,,,,,,,,,25,,,,,,0,,,,,,,,,,,,,,,,,,,,,,,,,,,,
2013-12-11,6XW03815,ST31500541AS,1500301910016,0,,187989780,,,,,,,,642,,,,,,36637,,,,,,,,,,,,,,,,,,,,,,,,,,,,,,24,,,,,,0,,,,,,,,,,,,,,,,,,,,,,,,,,,,
2013-12-11,6XW0381K,ST31500541AS,1500301910016,0,,74779545,,,,,,,,0,,,,,,36426,,,,,,,,,,,,,,,,,,,,,,,,,,,,,,21,,,,,,0,,,,,,,,,,,,,,,,,,,,,,,,,,,,
2013-12-11,Z300MF18,ST4000DM000,4000787030016,0,,90693760,,,,,,,,0,,,,,,1113,,,,,,,,,,,,,,,,,,,,,,,,,,,,,,21,,,,,,0,,,,,,,,,,,,,,,,,,,,,,,,,,,,
2013-12-11,Z1F04BCH,ST3000DM001,3000592982016,0,,32312776,,,,,,,,0,,,,,,13787,,,,,,,,,,,,,,,,,,,,,,,,,,,,,,26,,,,,,0,,,,,,,,,,,,,,,,,,,,,,,,,,,,
2013-12-11,W1F1BG4H,ST3000DM001,3000592982016,0,,17097136,,,,,,,,0,,,,,,8207,,,,,,,,,,,,,,,,,,,,,,,,,,,,,,20,,,,,,0,,,,,,,,,,,,,,,,,,,,,,,,,,,,
2013-12-11,W1F05XXM,ST3000DM001,3000592982016,0,,60333520,,,,,,,,0,,,,,,12357,,,,,,,,,,,,,,,,,,,,,,,,,,,,,,28,,,,,,0,,,,,,,,,,,,,,,,,,,,,,,,,,,,
2013-12-11,MJ0351YNGAD2BA,Hitachi HDS5C3030ALA630,3000592982016,0,,0,,,,,,,,0,,,,,,8142,,,,,,,,,,,,,,,,,,,,,,,,,,,,,,30,,,,,,0,,,,,,,,,,,,,,,,,,,,,,,,,,,,
2013-12-11,6XW0W1XC,ST31500541AS,1500301910016,0,,28069390,,,,,,,,0,,,,,,30936,,,,,,,,,,,,,,,,,,,,,,,,,,,,,,22,,,,,,0,,,,,,,,,,,,,,,,,,,,,,,,,,,,
2013-12-11,WD-WMC1T0811229,WDC WD30EFRX,3000592982016,0,,0,,,,,,,,0,,,,,,8840,,,,,,,,,,,,,,,,,,,,,,,,,,,,,,26,,,,,,0,,,,,,,,,,,,,,,,,,,,,,,,,,,,
2013-12-11,MJ1323YNG1RBMC,Hitachi HDS5C3030ALA630,3000592982016,0,,0,,,,,,,,0,,,,,,19798,,,,,,,,,,,,,,,,,,,,,,,,,,,,,,29,,,,,,0,,,,,,,,,,,,,,,,,,,,,,,,,,,,
2013-12-11,PL1321LAG3295H,Hitachi HDS5C4040ALE630,4000787030016,0,,0,,,,,,,,0,,,,,,5668,,,,,,,,,,,,,,,,,,,,,,,,,,,,,,19,,,,,,0,,,,,,,,,,,,,,,,,,,,,,,,,,,,
2013-12-11,JK11A4B8J7S0DW,Hitachi HDS722020ALA330,2000398934016,0,,0,,,,,,,,0,,,,,,24970,,,,,,,,,,,,,,,,,,,,,,,,,,,,,,33,,,,,,0,,,,,,,,,,,,,,,,,,,,,,,,,,,,
2013-12-11,JK11A8B9J3KL8F,Hitachi HDS722020ALA330,2000398934016,0,,0,,,,,,,,1,,,,,,23126,,,,,,,,,,,,,,,,,,,,,,,,,,,,,,28,,,,,,0,,,,,,,,,,,,,,,,,,,,,,,,,,,,
2013-12-11,W300BMY0,ST4000DM000,4000787030016,0,,182726248,,,,,,,,0,,,,,,4160,,,,,,,,,,,,,,,,,,,,,,,,,,,,,,25,,,,,,0,,,,,,,,,,,,,,,,,,,,,,,,,,,,
2013-12-11,MK0311YHGDRDBA,Hitachi HDS723030ALA640,3000592982016,0,,0,,,,,,,,0,,,,,,21458,,,,,,,,,,,,,,,,,,,,,,,,,,,,,,26,,,,,,0,,,,,,,,,,,,,,,,,,,,,,,,,,,,
2013-12-11,S1F01LDF,ST3000DM001,3000592982016,0,,163299520,,,,,,,,2344,,,,,,15246,,,,,,,,,,,,,,,,,,,,,,,,,,,,,,23,,,,,,96,,,,,,,,,,,,,,,,,,,,,,,,,,,,
2013-12-11,MK0303YHGJJPUC,Hitachi HDS723030ALA640,3000592982016,0,,0,,,,,,,,0,,,,,,21462,,,,,,,,,,,,,,,,,,,,,,,,,,,,,,30,,,,,,0,,,,,,,,,,,,,,,,,,,,,,,,,,,,
2013-12-11,MJ1311YNG5TAWA,Hitachi HDS5C3030ALA630,3000592982016,0,,0,,,,,,,,0,,,,,,14593,,,,,,,,,,,,,,,,,,,,,,,,,,,,,,24,,,,,,0,,,,,,,,,,,,,,,,,,,,,,,,,,,,
2013-12-11,MJ0351YNGA3J9A,Hitachi HDS5C3030ALA630,3000592982016,0,,0,,,,,,,,0,,,,,,9163,,,,,,,,,,,,,,,,,,,,,,,,,,,,,,27,,,,,,0,,,,,,,,,,,,,,,,,,,,,,,,,,,,
2013-12-11,JK11H1B9GJ15RR,Hitachi HDS722020ALA330,2000398934016,0,,0,,,,,,,,0,,,,,,26480,,,,,,,,,,,,,,,,,,,,,,,,,,,,,,30,,,,,,0,,,,,,,,,,,,,,,,,,,,,,,,,,,,
2013-12-11,PL1321LAG3675H,Hitachi HDS5C4040ALE630,4000787030016,0,,0,,,,,,,,0,,,,,,5036,,,,,,,,,,,,,,,,,,,,,,,,,,,,,,30,,,,,,0,,,,,,,,,,,,,,,,,,,,,,,,,,,,
2013-12-11,MJ1311YNG497RA,Hitachi HDS5C3030ALA630,3000592982016,0,,0,,,,,,,,26,,,,,,14450,,,,,,,,,,,,,,,,,,,,,,,,,,,,,,23,,,,,,0,,,,,,,,,,,,,,,,,,,,,,,,,,,,
2013-12-11,JK11A8B9J97XMF,Hitachi HDS722020ALA330,2000398934016,0,,0,,,,,,,,0,,,,,,24496,,,,,,,,,,,,,,,,,,,,,,,,,,,,,,30,,,,,,0,,,,,,,,,,,,,,,,,,,,,,,,,,,,
2013-12-11,Z300JC48,ST4000DM000,4000787030016,0,,163290832,,,,,,,,0,,,,,,2218,,,,,,,,,,,,,,,,,,,,,,,,,,,,,,22,,,,,,0,,,,,,,,,,,,,,,,,,,,,,,,,,,,
2013-12-11,MJ1311YNG7JEUA,Hitachi HDS5C3030ALA630,3000592982016,0,,0,,,,,,,,0,,,,,,14600,,,,,,,,,,,,,,,,,,,,,,,,,,,,,,23,,,,,,0,,,,,,,,,,,,,,,,,,,,,,,,,,,,
2013-12-11,W300CLM0,ST4000DM000,4000787030016,0,,96146608,,,,,,,,0,,,,,,4183,,,,,,,,,,,,,,,,,,,,,,,,,,,,,,24,,,,,,0,,,,,,,,,,,,,,,,,,,,,,,,,,,,
2013-12-11,PL1311LAG1JPTA,Hitachi HDS5C4040ALE630,4000787030016,0,,0,,,,,,,,0,,,,,,5186,,,,,,,,,,,,,,,,,,,,,,,,,,,,,,23,,,,,,0,,,,,,,,,,,,,,,,,,,,,,,,,,,,
2013-12-11,JK11A8B9J3VBGF,Hitachi HDS722020ALA330,2000398934016,0,,0,,,,,,,,0,,,,,,23829,,,,,,,,,,,,,,,,,,,,,,,,,,,,,,26,,,,,,0,,,,,,,,,,,,,,,,,,,,,,,,,,,,
2013-12-11,S1F06VE9,ST3000DM001,3000592982016,0,,80230128,,,,,,,,0,,,,,,13820,,,,,,,,,,,,,,,,,,,,,,,,,,,,,,25,,,,,,0,,,,,,,,,,,,,,,,,,,,,,,,,,,,
2013-12-11,Z1F0LKLM,ST3000DM001,3000592982016,0,,70945200,,,,,,,,0,,,,,,12169,,,,,,,,,,,,,,,,,,,,,,,,,,,,,,25,,,,,,0,,,,,,,,,,,,,,,,,,,,,,,,,,,,
2013-12-11,MJ0351YNGA6M4A,Hitachi HDS5C3030ALA630,3000592982016,0,,0,,,,,,,,0,,,,,,7688,,,,,,,,,,,,,,,,,,,,,,,,,,,,,,24,,,,,,0,,,,,,,,,,,,,,,,,,,,,,,,,,,,
2013-12-11,JK11A8B9J0TBAF,Hitachi HDS722020ALA330,2000398934016,0,,196608,,,,,,,,0,,,,,,25131,,,,,,,,,,,,,,,,,,,,,,,,,,,,,,27,,,,,,0,,,,,,,,,,,,,,,,,,,,,,,,,,,,
2013-12-11,MJ1321YNG178KA,Hitachi HDS5C3030ALA630,3000592982016,0,,0,,,,,,,,0,,,,,,19372,,,,,,,,,,,,,,,,,,,,,,,,,,,,,,24,,,,,,0,,,,,,,,,,,,,,,,,,,,,,,,,,,,
2013-12-11,WD-WMAWZ0313638,WDC WD30EZRX,3000592982016,0,,0,,,,,,,,0,,,,,,12699,,,,,,,,,,,,,,,,,,,,,,,,,,,,,,25,,,,,,0,,,,,,,,,,,,,,,,,,,,,,,,,,,,
2013-12-11,WD-WMAWZ0313633,WDC WD30EZRX,3000592982016,0,,1,,,,,,,,0,,,,,,12693,,,,,,,,,,,,,,,,,,,,,,,,,,,,,,25,,,,,,0,,,,,,,,,,,,,,,,,,,,,,,,,,,,
2013-12-11,WD-WMAWZ0313634,WDC WD30EZRX,3000592982016,0,,5,,,,,,,,1,,,,,,12691,,,,,,,,,,,,,,,,,,,,,,,,,,,,,,25,,,,,,0,,,,,,,,,,,,,,,,,,,,,,,,,,,,
2013-12-11,Z300PMDQ,ST4000DM000,4000787030016,0,,68504272,,,,,,,,0,,,,,,1232,,,,,,,,,,,,,,,,,,,,,,,,,,,,,,21,,,,,,0,,,,,,,,,,,,,,,,,,,,,,,,,,,,
2013-12-11,JK1101B9JP51ER,Hitachi HDS722020ALA330,2000398934016,0,,0,,,,,,,,0,,,,,,24112,,,,,,,,,,,,,,,,,,,,,,,,,,,,,,30,,,,,,0,,,,,,,,,,,,,,,,,,,,,,,,,,,,
2013-12-11,PL1311LAG2ZBDA,Hitachi HDS5C4040ALE630,4000787030016,0,,0,,,,,,,,0,,,,,,5958,,,,,,,,,,,,,,,,,,,,,,,,,,,,,,22,,,,,,0,,,,,,,,,,,,,,,,,,,,,,,,,,,,
2013-12-11,Z300PMDZ,ST4000DM000,4000787030016,0,,189433744,,,,,,,,0,,,,,,1232,,,,,,,,,,,,,,,,,,,,,,,,,,,,,,21,,,,,,0,,,,,,,,,,,,,,,,,,,,,,,,,,,,
2013-12-11,JK11A8B9J210TF,Hitachi HDS722020ALA330,2000398934016,0,,0,,,,,,,,0,,,,,,22702,,,,,,,,,,,,,,,,,,,,,,,,,,,,,,26,,,,,,0,,,,,,,,,,,,,,,,,,,,,,,,,,,,
2013-12-11,S1F035X3,ST3000DM001,3000592982016,0,,214127968,,,,,,,,0,,,,,,15619,,,,,,,,,,,,,,,,,,,,,,,,,,,,,,23,,,,,,0,,,,,,,,,,,,,,,,,,,,,,,,,,,,
2013-12-11,Z300PMDF,ST4000DM000,4000787030016,0,,114577088,,,,,,,,0,,,,,,1229,,,,,,,,,,,,,,,,,,,,,,,,,,,,,,22,,,,,,0,,,,,,,,,,,,,,,,,,,,,,,,,,,,
2013-12-11,MJ1311YNG1ARPA,Hitachi HDS5C3030ALA630,3000592982016,0,,0,,,,,,,,0,,,,,,20730,,,,,,,,,,,,,,,,,,,,,,,,,,,,,,32,,,,,,0,,,,,,,,,,,,,,,,,,,,,,,,,,,,
2013-12-11,MJ1323YNG1PDYC,Hitachi HDS5C3030ALA630,3000592982016,0,,65536,,,,,,,,0,,,,,,19766,,,,,,,,,,,,,,,,,,,,,,,,,,,,,,28,,,,,,0,,,,,,,,,,,,,,,,,,,,,,,,,,,,
2013-12-11,MJ0351YNGA3M7A,Hitachi HDS5C3030ALA630,3000592982016,0,,0,,,,,,,,0,,,,,,8640,,,,,,,,,,,,,,,,,,,,,,,,,,,,,,29,,,,,,0,,,,,,,,,,,,,,,,,,,,,,,,,,,,
2013-12-11,S1F0T276,ST3000DM001,3000592982016,0,,243559192,,,,,,,,0,,,,,,10760,,,,,,,,,,,,,,,,,,,,,,,,,,,,,,26,,,,,,0,,,,,,,,,,,,,,,,,,,,,,,,,,,,
2013-12-11,Z300P8QZ,ST4000DM000,4000787030016,0,,193766304,,,,,,,,0,,,,,,1233,,,,,,,,,,,,,,,,,,,,,,,,,,,,,,21,,,,,,0,,,,,,,,,,,,,,,,,,,,,,,,,,,,
2013-12-11,MJ1311YNG30B9A,Hitachi HDS5C3030ALA630,3000592982016,0,,0,,,,,,,,0,,,,,,18406,,,,,,,,,,,,,,,,,,,,,,,,,,,,,,21,,,,,,0,,,,,,,,,,,,,,,,,,,,,,,,,,,,
2013-12-11,JK1101B9KAGPDF,Hitachi HDS722020ALA330,2000398934016,0,,458824,,,,,,,,0,,,,,,23100,,,,,,,,,,,,,,,,,,,,,,,,,,,,,,26,,,,,,0,,,,,,,,,,,,,,,,,,,,,,,,,,,,
2013-12-11,Z300P8QE,ST4000DM000,4000787030016,0,,209518168,,,,,,,,0,,,,,,1233,,,,,,,,,,,,,,,,,,,,,,,,,,,,,,21,,,,,,0,,,,,,,,,,,,,,,,,,,,,,,,,,,,
2013-12-11,W1F09Y0P,ST3000DM001,3000592982016,0,,231359104,,,,,,,,0,,,,,,13361,,,,,,,,,,,,,,,,,,,,,,,,,,,,,,23,,,,,,0,,,,,,,,,,,,,,,,,,,,,,,,,,,,
2013-12-11,Z300P8QK,ST4000DM000,4000787030016,0,,6730792,,,,,,,,0,,,,,,1233,,,,,,,,,,,,,,,,,,,,,,,,,,,,,,21,,,,,,0,,,,,,,,,,,,,,,,,,,,,,,,,,,,
2013-12-11,9VS21RJM,ST31500341AS,1500301910016,0,,238954669,,,,,,,,3,,,,,,35512,,,,,,,,,,,,,,,,,,,,,,,,,,,,,,31,,,,,,0,,,,,,,,,,,,,,,,,,,,,,,,,,,,
2013-12-11,MK0313YHGAK4PC,Hitachi HDS723030ALA640,3000592982016,0,,1,,,,,,,,129,,,,,,21459,,,,,,,,,,,,,,,,,,,,,,,,,,,,,,27,,,,,,0,,,,,,,,,,,,,,,,,,,,,,,,,,,,
2013-12-11,MJ1311YNG6VV8A,Hitachi HDS5C3030ALA630,3000592982016,0,,0,,,,,,,,0,,,,,,14597,,,,,,,,,,,,,,,,,,,,,,,,,,,,,,28,,,,,,0,,,,,,,,,,,,,,,,,,,,,,,,,,,,
2013-12-11,S1F08GYM,ST3000DM001,3000592982016,0,,28372328,,,,,,,,0,,,,,,13867,,,,,,,,,,,,,,,,,,,,,,,,,,,,,,24,,,,,,0,,,,,,,,,,,,,,,,,,,,,,,,,,,,
2013-12-11,PL1311LAG1SG1A,Hitachi HDS5C4040ALE630,4000787030016,0,,0,,,,,,,,0,,,,,,6614,,,,,,,,,,,,,,,,,,,,,,,,,,,,,,27,,,,,,0,,,,,,,,,,,,,,,,,,,,,,,,,,,,
2013-12-11,JK1101B9J2YRNF,Hitachi HDS722020ALA330,2000398934016,0,,0,,,,,,,,0,,,,,,22703,,,,,,,,,,,,,,,,,,,,,,,,,,,,,,28,,,,,,0,,,,,,,,,,,,,,,,,,,,,,,,,,,,
2013-12-11,MJ1321YNG0LMDA,Hitachi HDS5C3030ALA630,3000592982016,0,,0,,,,,,,,417,,,,,,20507,,,,,,,,,,,,,,,,,,,,,,,,,,,,,,24,,,,,,0,,,,,,,,,,,,,,,,,,,,,,,,,,,,
2013-12-11,6XW039GE,ST31500541AS,1500301910016,0,,189230570,,,,,,,,0,,,,,,36430,,,,,,,,,,,,,,,,,,,,,,,,,,,,,,17,,,,,,0,,,,,,,,,,,,,,,,,,,,,,,,,,,,
2013-12-11,W1F0A261,ST3000DM001,3000592982016,0,,21405312,,,,,,,,0,,,,,,13360,,,,,,,,,,,,,,,,,,,,,,,,,,,,,,27,,,,,,0,,,,,,,,,,,,,,,,,,,,,,,,,,,,
2013-12-11,PL1321LAGAY3RH,Hitachi HDS5C4040ALE630,4000787030016,0,,0,,,,,,,,0,,,,,,2981,,,,,,,,,,,,,,,,,,,,,,,,,,,,,,27,,,,,,0,,,,,,,,,,,,,,,,,,,,,,,,,,,,
2013-12-11,6XW039GK,ST31500541AS,1500301910016,0,,63753624,,,,,,,,0,,,,,,36940,,,,,,,,,,,,,,,,,,,,,,,,,,,,,,20,,,,,,0,,,,,,,,,,,,,,,,,,,,,,,,,,,,
2013-12-11,JK11A8B9J0YDYF,Hitachi HDS722020ALA330,2000398934016,0,,0,,,,,,,,0,,,,,,26145,,,,,,,,,,,,,,,,,,,,,,,,,,,,,,28,,,,,,0,,,,,,,,,,,,,,,,,,,,,,,,,,,,
2013-12-11,PL1311LAG26VPA,Hitachi HDS5C4040ALE630,4000787030016,0,,0,,,,,,,,0,,,,,,7412,,,,,,,,,,,,,,,,,,,,,,,,,,,,,,24,,,,,,0,,,,,,,,,,,,,,,,,,,,,,,,,,,,
2013-12-11,9VS06FB6,ST31500341AS,1500301910016,0,,123826909,,,,,,,,8,,,,,,18388,,,,,,,,,,,,,,,,,,,,,,,,,,,,,,21,,,,,,0,,,,,,,,,,,,,,,,,,,,,,,,,,,,
2013-12-11,PL1311LAG3B62H,Hitachi HDS5C4040ALE630,4000787030016,0,,0,,,,,,,,0,,,,,,5125,,,,,,,,,,,,,,,,,,,,,,,,,,,,,,26,,,,,,0,,,,,,,,,,,,,,,,,,,,,,,,,,,,
2013-12-11,JK11A8B9J3AT2F,Hitachi HDS722020ALA330,2000398934016,0,,65538,,,,,,,,0,,,,,,23711,,,,,,,,,,,,,,,,,,,,,,,,,,,,,,27,,,,,,0,,,,,,,,,,,,,,,,,,,,,,,,,,,,
2013-12-11,WD-WCAU45684349,WDC WD10EADS,1000204886016,0,,4,,,,,,,,0,,,,,,38932,,,,,,,,,,,,,,,,,,,,,,,,,,,,,,26,,,,,,0,,,,,,,,,,,,,,,,,,,,,,,,,,,,
2013-12-11,JK1101B9KMGHSU,Hitachi HDS722020ALA330,2000398934016,0,,0,,,,,,,,1,,,,,,23100,,,,,,,,,,,,,,,,,,,,,,,,,,,,,,22,,,,,,0,,,,,,,,,,,,,,,,,,,,,,,,,,,,
2013-12-11,S1F0QX4C,ST3000DM001,3000592982016,0,,14789632,,,,,,,,0,,,,,,11608,,,,,,,,,,,,,,,,,,,,,,,,,,,,,,31,,,,,,0,,,,,,,,,,,,,,,,,,,,,,,,,,,,
2013-12-11,Z300MW6L,ST4000DM000,4000787030016,0,,162687304,,,,,,,,0,,,,,,2920,,,,,,,,,,,,,,,,,,,,,,,,,,,,,,22,,,,,,0,,,,,,,,,,,,,,,,,,,,,,,,,,,,
2013-12-11,Z1F1038A,ST3000DM001,3000592982016,0,,143532360,,,,,,,,0,,,,,,7562,,,,,,,,,,,,,,,,,,,,,,,,,,,,,,21,,,,,,0,,,,,,,,,,,,,,,,,,,,,,,,,,,,
2013-12-11,9VS1JBFX,ST31500341AS,1500301910016,0,,133720750,,,,,,,,0,,,,,,40406,,,,,,,,,,,,,,,,,,,,,,,,,,,,,,27,,,,,,0,,,,,,,,,,,,,,,,,,,,,,,,,,,,
2013-12-11,JK11A8B9J2AUBF,Hitachi HDS722020ALA330,2000398934016,0,,65536,,,,,,,,0,,,,,,22703,,,,,,,,,,,,,,,,,,,,,,,,,,,,,,29,,,,,,0,,,,,,,,,,,,,,,,,,,,,,,,,,,,
2013-12-11,S1F0S7B7,ST3000DM001,3000592982016,0,,88013488,,,,,,,,0,,,,,,10726,,,,,,,,,,,,,,,,,,,,,,,,,,,,,,24,,,,,,0,,,,,,,,,,,,,,,,,,,,,,,,,,,,
2013-12-11,JK1105B8GDV8TX,Hitachi HDS722020ALA330,2000398934016,0,,0,,,,,,,,0,,,,,,26766,,,,,,,,,,,,,,,,,,,,,,,,,,,,,,28,,,,,,0,,,,,,,,,,,,,,,,,,,,,,,,,,,,
2013-12-11,PL1311LAG35VTH,Hitachi HDS5C4040ALE630,4000787030016,0,,0,,,,,,,,0,,,,,,5049,,,,,,,,,,,,,,,,,,,,,,,,,,,,,,29,,,,,,0,,,,,,,,,,,,,,,,,,,,,,,,,,,,
2013-12-11,JK1101B9GETRDF,Hitachi HDS722020ALA330,2000398934016,0,,0,,,,,,,,0,,,,,,27541,,,,,,,,,,,,,,,,,,,,,,,,,,,,,,25,,,,,,0,,,,,,,,,,,,,,,,,,,,,,,,,,,,
2013-12-11,5YD3PWYX,ST1500DL003,1500301910016,0,,39821264,,,,,,,,0,,,,,,5530,,,,,,,,,,,,,,,,,,,,,,,,,,,,,,19,,,,,,0,,,,,,,,,,,,,,,,,,,,,,,,,,,,
2013-12-11,MJ1311YNG333MA,Hitachi HDS5C3030ALA630,3000592982016,0,,0,,,,,,,,0,,,,,,18066,,,,,,,,,,,,,,,,,,,,,,,,,,,,,,22,,,,,,0,,,,,,,,,,,,,,,,,,,,,,,,,,,,
2013-12-11,S1F10PED,ST3000DM001,3000592982016,0,,78444504,,,,,,,,0,,,,,,7992,,,,,,,,,,,,,,,,,,,,,,,,,,,,,,18,,,,,,0,,,,,,,,,,,,,,,,,,,,,,,,,,,,
2013-12-11,MK0311YHG2A19A,Hitachi HDS723030ALA640,3000592982016,0,,0,,,,,,,,0,,,,,,16682,,,,,,,,,,,,,,,,,,,,,,,,,,,,,,29,,,,,,0,,,,,,,,,,,,,,,,,,,,,,,,,,,,
2013-12-11,PL1311LAG3378H,Hitachi HDS5C4040ALE630,4000787030016,0,,0,,,,,,,,0,,,,,,6993,,,,,,,,,,,,,,,,,,,,,,,,,,,,,,25,,,,,,0,,,,,,,,,,,,,,,,,,,,,,,,,,,,
2013-12-11,6XW03N5T,ST31500541AS,1500301910016,0,,239019194,,,,,,,,0,,,,,,37436,,,,,,,,,,,,,,,,,,,,,,,,,,,,,,22,,,,,,0,,,,,,,,,,,,,,,,,,,,,,,,,,,,
2013-12-11,Z300KK12,ST4000DM000,4000787030016,0,,146754896,,,,,,,,0,,,,,,152,,,,,,,,,,,,,,,,,,,,,,,,,,,,,,24,,,,,,0,,,,,,,,,,,,,,,,,,,,,,,,,,,,
2013-12-11,PL1311LAG3AE1H,Hitachi HDS5C4040ALE630,4000787030016,0,,0,,,,,,,,0,,,,,,5069,,,,,,,,,,,,,,,,,,,,,,,,,,,,,,28,,,,,,0,,,,,,,,,,,,,,,,,,,,,,,,,,,,
2013-12-11,PL1311LAG298ZH,Hitachi HDS5C4040ALE630,4000787030016,0,,0,,,,,,,,0,,,,,,7104,,,,,,,,,,,,,,,,,,,,,,,,,,,,,,18,,,,,,0,,,,,,,,,,,,,,,,,,,,,,,,,,,,
2013-12-11,MJ0351YNGAAGJA,Hitachi HDS5C3030ALA630,3000592982016,0,,0,,,,,,,,0,,,,,,7989,,,,,,,,,,,,,,,,,,,,,,,,,,,,,,27,,,,,,0,,,,,,,,,,,,,,,,,,,,,,,,,,,,
2013-12-11,JK11A8B9J9345F,Hitachi HDS722020ALA330,2000398934016,0,,1,,,,,,,,0,,,,,,24467,,,,,,,,,,,,,,,,,,,,,,,,,,,,,,29,,,,,,0,,,,,,,,,,,,,,,,,,,,,,,,,,,,
2013-12-11,Z300PLR2,ST4000DM000,4000787030016,0,,96061192,,,,,,,,0,,,,,,1233,,,,,,,,,,,,,,,,,,,,,,,,,,,,,,20,,,,,,0,,,,,,,,,,,,,,,,,,,,,,,,,,,,
2013-12-11,PL1311LAG3E9PH,Hitachi HDS5C4040ALE630,4000787030016,0,,0,,,,,,,,4,,,,,,6654,,,,,,,,,,,,,,,,,,,,,,,,,,,,,,22,,,,,,8,,,,,,,,,,,,,,,,,,,,,,,,,,,,
2013-12-11,PL1311LAG3BSYH,Hitachi HDS5C4040ALE630,4000787030016,0,,0,,,,,,,,0,,,,,,5921,,,,,,,,,,,,,,,,,,,,,,,,,,,,,,22,,,,,,0,,,,,,,,,,,,,,,,,,,,,,,,,,,,
2013-12-11,S1F0S7BX,ST3000DM001,3000592982016,0,,70850696,,,,,,,,0,,,,,,10771,,,,,,,,,,,,,,,,,,,,,,,,,,,,,,24,,,,,,0,,,,,,,,,,,,,,,,,,,,,,,,,,,,
2013-12-11,MK0333YHGR2RRC,Hitachi HDS723030ALA640,3000592982016,0,,0,,,,,,,,0,,,,,,17354,,,,,,,,,,,,,,,,,,,,,,,,,,,,,,25,,,,,,0,,,,,,,,,,,,,,,,,,,,,,,,,,,,
2013-12-11,W1F08DBV,ST3000DM001,3000592982016,0,,169427560,,,,,,,,0,,,,,,16178,,,,,,,,,,,,,,,,,,,,,,,,,,,,,,22,,,,,,0,,,,,,,,,,,,,,,,,,,,,,,,,,,,
2013-12-11,MJ1323YNG1PGWC,Hitachi HDS5C3030ALA630,3000592982016,0,,0,,,,,,,,0,,,,,,19310,,,,,,,,,,,,,,,,,,,,,,,,,,,,,,28,,,,,,0,,,,,,,,,,,,,,,,,,,,,,,,,,,,
2013-12-11,MK0331YHGRVDSA,Hitachi HDS723030ALA640,3000592982016,0,,0,,,,,,,,0,,,,,,13034,,,,,,,,,,,,,,,,,,,,,,,,,,,,,,30,,,,,,0,,,,,,,,,,,,,,,,,,,,,,,,,,,,
2013-12-11,Z300GPVC,ST4000DM000,4000787030016,0,,178027104,,,,,,,,0,,,,,,3361,,,,,,,,,,,,,,,,,,,,,,,,,,,,,,21,,,,,,0,,,,,,,,,,,,,,,,,,,,,,,,,,,,
2013-12-11,W300G9F2,ST4000DM000,4000787030016,0,,79034368,,,,,,,,0,,,,,,1703,,,,,,,,,,,,,,,,,,,,,,,,,,,,,,25,,,,,,0,,,,,,,,,,,,,,,,,,,,,,,,,,,,
2013-12-11,Z3001NG0,ST4000DM000,4000787030016,0,,31611544,,,,,,,,0,,,,,,5417,,,,,,,,,,,,,,,,,,,,,,,,,,,,,,22,,,,,,0,,,,,,,,,,,,,,,,,,,,,,,,,,,,
2013-12-11,W1F08GM2,ST3000DM001,3000592982016,0,,236299280,,,,,,,,0,,,,,,16198,,,,,,,,,,,,,,,,,,,,,,,,,,,,,,22,,,,,,0,,,,,,,,,,,,,,,,,,,,,,,,,,,,
2013-12-11,Z300GPVS,ST4000DM000,4000787030016,0,,77328856,,,,,,,,0,,,,,,3627,,,,,,,,,,,,,,,,,,,,,,,,,,,,,,22,,,,,,0,,,,,,,,,,,,,,,,,,,,,,,,,,,,
2013-12-11,Z300GPVQ,ST4000DM000,4000787030016,0,,58285280,,,,,,,,0,,,,,,3580,,,,,,,,,,,,,,,,,,,,,,,,,,,,,,24,,,,,,0,,,,,,,,,,,,,,,,,,,,,,,,,,,,
2013-12-11,MK0301YHG8JWKA,Hitachi HDS723030ALA640,3000592982016,0,,458787,,,,,,,,0,,,,,,17010,,,,,,,,,,,,,,,,,,,,,,,,,,,,,,32,,,,,,0,,,,,,,,,,,,,,,,,,,,,,,,,,,,
2013-12-11,5XW24J9Z,ST32000542AS,2000398934016,0,,127260242,,,,,,,,1820,,,,,,15216,,,,,,,,,,,,,,,,,,,,,,,,,,,,,,22,,,,,,0,,,,,,,,,,,,,,,,,,,,,,,,,,,,
2013-12-11,JK11A8B9J2UASF,Hitachi HDS722020ALA330,2000398934016,0,,1,,,,,,,,0,,,,,,24428,,,,,,,,,,,,,,,,,,,,,,,,,,,,,,29,,,,,,0,,,,,,,,,,,,,,,,,,,,,,,,,,,,
2013-12-11,S1F0R2Q3,ST3000DM001,3000592982016,0,,155223744,,,,,,,,0,,,,,,11022,,,,,,,,,,,,,,,,,,,,,,,,,,,,,,27,,,,,,0,,,,,,,,,,,,,,,,,,,,,,,,,,,,
2013-12-11,JK11A8B9GPHXWF,Hitachi HDS722020ALA330,2000398934016,0,,0,,,,,,,,0,,,,,,23577,,,,,,,,,,,,,,,,,,,,,,,,,,,,,,26,,,,,,0,,,,,,,,,,,,,,,,,,,,,,,,,,,,
2013-12-11,W300JS5L,ST4000DM000,4000787030016,0,,101250360,,,,,,,,0,,,,,,2224,,,,,,,,,,,,,,,,,,,,,,,,,,,,,,27,,,,,,0,,,,,,,,,,,,,,,,,,,,,,,,,,,,
2013-12-11,W300JS5V,ST4000DM000,4000787030016,0,,216019256,,,,,,,,0,,,,,,2222,,,,,,,,,,,,,,,,,,,,,,,,,,,,,,26,,,,,,0,,,,,,,,,,,,,,,,,,,,,,,,,,,,
2013-12-11,MJ1311YNG38KZA,Hitachi HDS5C3030ALA630,3000592982016,0,,0,,,,,,,,0,,,,,,18203,,,,,,,,,,,,,,,,,,,,,,,,,,,,,,28,,,,,,0,,,,,,,,,,,,,,,,,,,,,,,,,,,,
2013-12-11,MJ1311YNG7ET6A,Hitachi HDS5C3030ALA630,3000592982016,0,,0,,,,,,,,0,,,,,,14574,,,,,,,,,,,,,,,,,,,,,,,,,,,,,,23,,,,,,0,,,,,,,,,,,,,,,,,,,,,,,,,,,,
2013-12-11,S1F0RSG7,ST3000DM001,3000592982016,0,,218047352,,,,,,,,0,,,,,,10726,,,,,,,,,,,,,,,,,,,,,,,,,,,,,,25,,,,,,0,,,,,,,,,,,,,,,,,,,,,,,,,,,,
2013-12-11,Z290RXS8,ST33000651AS,3000592982016,0,,76830446,,,,,,,,0,,,,,,17740,,,,,,,,,,,,,,,,,,,,,,,,,,,,,,24,,,,,,0,,,,,,,,,,,,,,,,,,,,,,,,,,,,
2013-12-11,MK0313YHGD80WC,Hitachi HDS723030ALA640,3000592982016,0,,0,,,,,,,,0,,,,,,21462,,,,,,,,,,,,,,,,,,,,,,,,,,,,,,30,,,,,,0,,,,,,,,,,,,,,,,,,,,,,,,,,,,
2013-12-11,JK1101B9JS32AR,Hitachi HDS722020ALA330,2000398934016,0,,65536,,,,,,,,0,,,,,,22697,,,,,,,,,,,,,,,,,,,,,,,,,,,,,,27,,,,,,0,,,,,,,,,,,,,,,,,,,,,,,,,,,,
2013-12-11,S1F0GDX2,ST3000DM001,3000592982016,0,,67867928,,,,,,,,0,,,,,,12175,,,,,,,,,,,,,,,,,,,,,,,,,,,,,,33,,,,,,0,,,,,,,,,,,,,,,,,,,,,,,,,,,,
2013-12-11,MJ1311YNG32VUA,Hitachi HDS5C3030ALA630,3000592982016,0,,0,,,,,,,,0,,,,,,19253,,,,,,,,,,,,,,,,,,,,,,,,,,,,,,26,,,,,,0,,,,,,,,,,,,,,,,,,,,,,,,,,,,
2013-12-11,PL1311LAG1ZLRA,Hitachi HDS5C4040ALE630,4000787030016,0,,0,,,,,,,,0,,,,,,6653,,,,,,,,,,,,,,,,,,,,,,,,,,,,,,28,,,,,,0,,,,,,,,,,,,,,,,,,,,,,,,,,,,
2013-12-11,WD-WMC1T1275754,WDC WD30EFRX,3000592982016,0,,0,,,,,,,,0,,,,,,7708,,,,,,,,,,,,,,,,,,,,,,,,,,,,,,29,,,,,,0,,,,,,,,,,,,,,,,,,,,,,,,,,,,
2013-12-11,5XW05C17,ST31500541AS,1500301910016,0,,229144355,,,,,,,,0,,,,,,27526,,,,,,,,,,,,,,,,,,,,,,,,,,,,,,22,,,,,,0,,,,,,,,,,,,,,,,,,,,,,,,,,,,
2013-12-11,9XW03H47,ST31500541AS,1500301910016,0,,62537546,,,,,,,,28,,,,,,13750,,,,,,,,,,,,,,,,,,,,,,,,,,,,,,17,,,,,,0,,,,,,,,,,,,,,,,,,,,,,,,,,,,
2013-12-11,PL1321LAG34LXH,Hitachi HDS5C4040ALE630,4000787030016,0,,0,,,,,,,,0,,,,,,6648,,,,,,,,,,,,,,,,,,,,,,,,,,,,,,22,,,,,,0,,,,,,,,,,,,,,,,,,,,,,,,,,,,
2013-12-11,MJ0351YNG9Z07A,Hitachi HDS5C3030ALA630,3000592982016,0,,0,,,,,,,,0,,,,,,10000,,,,,,,,,,,,,,,,,,,,,,,,,,,,,,32,,,,,,0,,,,,,,,,,,,,,,,,,,,,,,,,,,,
2013-12-11,MJ1323YNG1SA3C,Hitachi HDS5C3030ALA630,3000592982016,0,,0,,,,,,,,0,,,,,,19763,,,,,,,,,,,,,,,,,,,,,,,,,,,,,,27,,,,,,0,,,,,,,,,,,,,,,,,,,,,,,,,,,,
2013-12-11,W300H9K5,ST4000DM000,4000787030016,0,,184911136,,,,,,,,0,,,,,,2240,,,,,,,,,,,,,,,,,,,,,,,,,,,,,,18,,,,,,0,,,,,,,,,,,,,,,,,,,,,,,,,,,,
2013-12-11,WD-WCAWZ1148208,WDC WD30EZRX,3000592982016,0,,0,,,,,,,,0,,,,,,18013,,,,,,,,,,,,,,,,,,,,,,,,,,,,,,25,,,,,,0,,,,,,,,,,,,,,,,,,,,,,,,,,,,
2013-12-11,MJ1321YNG0K3JA,Hitachi HDS5C3030ALA630,3000592982016,0,,0,,,,,,,,0,,,,,,442,,,,,,,,,,,,,,,,,,,,,,,,,,,,,,25,,,,,,0,,,,,,,,,,,,,,,,,,,,,,,,,,,,
2013-12-11,6XW05A4Q,ST31500541AS,1500301910016,0,,73201819,,,,,,,,0,,,,,,36443,,,,,,,,,,,,,,,,,,,,,,,,,,,,,,19,,,,,,0,,,,,,,,,,,,,,,,,,,,,,,,,,,,
2013-12-11,Z300GQHR,ST4000DM000,4000787030016,0,,239257968,,,,,,,,0,,,,,,3582,,,,,,,,,,,,,,,,,,,,,,,,,,,,,,23,,,,,,0,,,,,,,,,,,,,,,,,,,,,,,,,,,,
2013-12-11,W1F1DQR9,ST3000DM001,3000592982016,0,,94171112,,,,,,,,0,,,,,,7989,,,,,,,,,,,,,,,,,,,,,,,,,,,,,,24,,,,,,0,,,,,,,,,,,,,,,,,,,,,,,,,,,,
2013-12-11,Z300GQHW,ST4000DM000,4000787030016,0,,28499296,,,,,,,,0,,,,,,3586,,,,,,,,,,,,,,,,,,,,,,,,,,,,,,24,,,,,,0,,,,,,,,,,,,,,,,,,,,,,,,,,,,
2013-12-11,MJ0351YNGA6SXA,Hitachi HDS5C3030ALA630,3000592982016,0,,0,,,,,,,,0,,,,,,8497,,,,,,,,,,,,,,,,,,,,,,,,,,,,,,26,,,,,,0,,,,,,,,,,,,,,,,,,,,,,,,,,,,
2013-12-11,Z300GQHX,ST4000DM000,4000787030016,0,,20392440,,,,,,,,0,,,,,,3584,,,,,,,,,,,,,,,,,,,,,,,,,,,,,,25,,,,,,0,,,,,,,,,,,,,,,,,,,,,,,,,,,,
2013-12-11,MJ1311YNG5AJ6A,Hitachi HDS5C3030ALA630,3000592982016,0,,0,,,,,,,,0,,,,,,14600,,,,,,,,,,,,,,,,,,,,,,,,,,,,,,21,,,,,,0,,,,,,,,,,,,,,,,,,,,,,,,,,,,
2013-12-11,Z300GQHZ,ST4000DM000,4000787030016,0,,134490848,,,,,,,,0,,,,,,3584,,,,,,,,,,,,,,,,,,,,,,,,,,,,,,24,,,,,,0,,,,,,,,,,,,,,,,,,,,,,,,,,,,
2013-12-11,9XK0G2JM,ST33000651AS,3000592982016,0,,205410557,,,,,,,,0,,,,,,11430,,,,,,,,,,,,,,,,,,,,,,,,,,,,,,24,,,,,,0,,,,,,,,,,,,,,,,,,,,,,,,,,,,
2013-12-11,6XW00E0A,ST31500541AS,1500301910016,0,,26926424,,,,,,,,0,,,,,,35438,,,,,,,,,,,,,,,,,,,,,,,,,,,,,,20,,,,,,0,,,,,,,,,,,,,,,,,,,,,,,,,,,,
2013-12-11,Z300GQHB,ST4000DM000,4000787030016,0,,113205176,,,,,,,,0,,,,,,3582,,,,,,,,,,,,,,,,,,,,,,,,,,,,,,24,,,,,,0,,,,,,,,,,,,,,,,,,,,,,,,,,,,
2013-12-11,Z300GQHH,ST4000DM000,4000787030016,0,,40125336,,,,,,,,0,,,,,,3621,,,,,,,,,,,,,,,,,,,,,,,,,,,,,,22,,,,,,0,,,,,,,,,,,,,,,,,,,,,,,,,,,,
2013-12-11,S1F033BE,ST3000DM001,3000592982016,0,,171476864,,,,,,,,0,,,,,,15456,,,,,,,,,,,,,,,,,,,,,,,,,,,,,,19,,,,,,0,,,,,,,,,,,,,,,,,,,,,,,,,,,,
2013-12-11,W1F0JW1B,ST3000DM001,3000592982016,0,,187019000,,,,,,,,0,,,,,,12176,,,,,,,,,,,,,,,,,,,,,,,,,,,,,,31,,,,,,0,,,,,,,,,,,,,,,,,,,,,,,,,,,,
2013-12-11,JK11A8B9J34BZF,Hitachi HDS722020ALA330,2000398934016,0,,0,,,,,,,,0,,,,,,24463,,,,,,,,,,,,,,,,,,,,,,,,,,,,,,28,,,,,,0,,,,,,,,,,,,,,,,,,,,,,,,,,,,
2013-12-11,MJ1323YNG1S7KC,Hitachi HDS5C3030ALA630,3000592982016,0,,0,,,,,,,,0,,,,,,20082,,,,,,,,,,,,,,,,,,,,,,,,,,,,,,32,,,,,,0,,,,,,,,,,,,,,,,,,,,,,,,,,,,
2013-12-11,Z300CM2A,ST4000DM000,4000787030016,0,,198909896,,,,,,,,0,,,,,,2385,,,,,,,,,,,,,,,,,,,,,,,,,,,,,,26,,,,,,0,,,,,,,,,,,,,,,,,,,,,,,,,,,,
2013-12-11,Z300CM2K,ST4000DM000,4000787030016,0,,18060696,,,,,,,,0,,,,,,2246,,,,,,,,,,,,,,,,,,,,,,,,,,,,,,23,,,,,,0,,,,,,,,,,,,,,,,,,,,,,,,,,,,
2013-12-11,JK2171B9J0GEML,Hitachi HDS722020ALA330,2000398934016,0,,0,,,,,,,,0,,,,,,22414,,,,,,,,,,,,,,,,,,,,,,,,,,,,,,26,,,,,,0,,,,,,,,,,,,,,,,,,,,,,,,,,,,
2013-12-11,JK1105B8GGA3UX,Hitachi HDS722020ALA330,2000398934016,0,,1,,,,,,,,0,,,,,,26858,,,,,,,,,,,,,,,,,,,,,,,,,,,,,,36,,,,,,0,,,,,,,,,,,,,,,,,,,,,,,,,,,,
2013-12-11,WD-WMAVU2116121,WDC WD10EADS,1000204886016,0,,0,,,,,,,,0,,,,,,27322,,,,,,,,,,,,,,,,,,,,,,,,,,,,,,23,,,,,,0,,,,,,,,,,,,,,,,,,,,,,,,,,,,
2013-12-11,W30091HQ,ST4000DM000,4000787030016,0,,96518760,,,,,,,,0,,,,,,4183,,,,,,,,,,,,,,,,,,,,,,,,,,,,,,25,,,,,,0,,,,,,,,,,,,,,,,,,,,,,,,,,,,
2013-12-11,PL1321LAG334WH,Hitachi HDS5C4040ALE630,4000787030016,0,,0,,,,,,,,0,,,,,,5961,,,,,,,,,,,,,,,,,,,,,,,,,,,,,,20,,,,,,0,,,,,,,,,,,,,,,,,,,,,,,,,,,,
2013-12-11,W30091HZ,ST4000DM000,4000787030016,0,,40410200,,,,,,,,0,,,,,,4291,,,,,,,,,,,,,,,,,,,,,,,,,,,,,,23,,,,,,0,,,,,,,,,,,,,,,,,,,,,,,,,,,,
2013-12-11,W300GV3K,ST4000DM000,4000787030016,0,,165116128,,,,,,,,0,,,,,,919,,,,,,,,,,,,,,,,,,,,,,,,,,,,,,18,,,,,,0,,,,,,,,,,,,,,,,,,,,,,,,,,,,
2013-12-11,JK1101B9JPLUUF,Hitachi HDS722020ALA330,2000398934016,0,,65537,,,,,,,,29,,,,,,24099,,,,,,,,,,,,,,,,,,,,,,,,,,,,,,29,,,,,,0,,,,,,,,,,,,,,,,,,,,,,,,,,,,
2013-12-11,W300GV3N,ST4000DM000,4000787030016,0,,15475232,,,,,,,,0,,,,,,919,,,,,,,,,,,,,,,,,,,,,,,,,,,,,,21,,,,,,0,,,,,,,,,,,,,,,,,,,,,,,,,,,,
2013-12-11,JK11A8B9J3KXYF,Hitachi HDS722020ALA330,2000398934016,0,,0,,,,,,,,0,,,,,,23638,,,,,,,,,,,,,,,,,,,,,,,,,,,,,,27,,,,,,0,,,,,,,,,,,,,,,,,,,,,,,,,,,,
2013-12-11,PL1321LAG32A6H,Hitachi HDS5C4040ALE630,4000787030016,0,,0,,,,,,,,0,,,,,,6619,,,,,,,,,,,,,,,,,,,,,,,,,,,,,,24,,,,,,0,,,,,,,,,,,,,,,,,,,,,,,,,,,,
2013-12-11,Z300GQH4,ST4000DM000,4000787030016,0,,108532776,,,,,,,,0,,,,,,3588,,,,,,,,,,,,,,,,,,,,,,,,,,,,,,23,,,,,,0,,,,,,,,,,,,,,,,,,,,,,,,,,,,
2013-12-11,MJ0351YNG9XSSA,Hitachi HDS5C3030ALA630,3000592982016,0,,0,,,,,,,,0,,,,,,8214,,,,,,,,,,,,,,,,,,,,,,,,,,,,,,30,,,,,,0,,,,,,,,,,,,,,,,,,,,,,,,,,,,
2013-12-11,JK1171B9HG606T,Hitachi HDS722020ALA330,2000398934016,0,,196616,,,,,,,,298,,,,,,24305,,,,,,,,,,,,,,,,,,,,,,,,,,,,,,30,,,,,,0,,,,,,,,,,,,,,,,,,,,,,,,,,,,
2013-12-11,PL1321LAG34MVH,Hitachi HDS5C4040ALE630,4000787030016,0,,0,,,,,,,,0,,,,,,5923,,,,,,,,,,,,,,,,,,,,,,,,,,,,,,20,,,,,,0,,,,,,,,,,,,,,,,,,,,,,,,,,,,
2013-12-11,S1F014CR,ST3000DM001,3000592982016,0,,65460056,,,,,,,,0,,,,,,15455,,,,,,,,,,,,,,,,,,,,,,,,,,,,,,19,,,,,,0,,,,,,,,,,,,,,,,,,,,,,,,,,,,
2013-12-11,MJ0351YNGABXRA,Hitachi HDS5C3030ALA630,3000592982016,0,,0,,,,,,,,0,,,,,,7985,,,,,,,,,,,,,,,,,,,,,,,,,,,,,,31,,,,,,0,,,,,,,,,,,,,,,,,,,,,,,,,,,,
2013-12-11,PL1331LAGAJG8H,Hitachi HDS5C4040ALE630,4000787030016,0,,0,,,,,,,,0,,,,,,2981,,,,,,,,,,,,,,,,,,,,,,,,,,,,,,24,,,,,,0,,,,,,,,,,,,,,,,,,,,,,,,,,,,
2013-12-11,MJ0351YNGA374A,Hitachi HDS5C3030ALA630,3000592982016,0,,0,,,,,,,,0,,,,,,8663,,,,,,,,,,,,,,,,,,,,,,,,,,,,,,27,,,,,,0,,,,,,,,,,,,,,,,,,,,,,,,,,,,
2013-12-11,JK1105B8GDMKAX,Hitachi HDS722020ALA330,2000398934016,0,,0,,,,,,,,0,,,,,,26767,,,,,,,,,,,,,,,,,,,,,,,,,,,,,,24,,,,,,0,,,,,,,,,,,,,,,,,,,,,,,,,,,,
2013-12-11,W1F14GTK,ST3000DM001,3000592982016,0,,243260872,,,,,,,,0,,,,,,8207,,,,,,,,,,,,,,,,,,,,,,,,,,,,,,27,,,,,,0,,,,,,,,,,,,,,,,,,,,,,,,,,,,
2013-12-11,S1F0CVA6,ST3000DM001,3000592982016,0,,82464480,,,,,,,,0,,,,,,12363,,,,,,,,,,,,,,,,,,,,,,,,,,,,,,23,,,,,,0,,,,,,,,,,,,,,,,,,,,,,,,,,,,
2013-12-11,JK1101B9KLB3NF,Hitachi HDS722020ALA330,2000398934016,0,,65536,,,,,,,,0,,,,,,22955,,,,,,,,,,,,,,,,,,,,,,,,,,,,,,25,,,,,,0,,,,,,,,,,,,,,,,,,,,,,,,,,,,
2013-12-11,MJ1323YNG1UZ1C,Hitachi HDS5C3030ALA630,3000592982016,0,,0,,,,,,,,0,,,,,,19770,,,,,,,,,,,,,,,,,,,,,,,,,,,,,,25,,,,,,0,,,,,,,,,,,,,,,,,,,,,,,,,,,,
2013-12-11,5XW02MVJ,ST31500541AS,1500301910016,0,,7594988,,,,,,,,0,,,,,,37144,,,,,,,,,,,,,,,,,,,,,,,,,,,,,,21,,,,,,0,,,,,,,,,,,,,,,,,,,,,,,,,,,,
2013-12-11,W300A68W,ST4000DM000,4000787030016,0,,35026728,,,,,,,,0,,,,,,2243,,,,,,,,,,,,,,,,,,,,,,,,,,,,,,22,,,,,,0,,,,,,,,,,,,,,,,,,,,,,,,,,,,
2013-12-11,JK1170YAJDAEHT,Hitachi HDS722020ALA330,2000398934016,0,,0,,,,,,,,0,,,,,,28683,,,,,,,,,,,,,,,,,,,,,,,,,,,,,,27,,,,,,0,,,,,,,,,,,,,,,,,,,,,,,,,,,,
2013-12-11,5XW0HYHY,ST32000542AS,2000398934016,0,,205263856,,,,,,,,0,,,,,,7819,,,,,,,,,,,,,,,,,,,,,,,,,,,,,,15,,,,,,0,,,,,,,,,,,,,,,,,,,,,,,,,,,,
2013-12-11,W1F0VAS7,ST3000DM001,3000592982016,0,,189548224,,,,,,,,0,,,,,,11686,,,,,,,,,,,,,,,,,,,,,,,,,,,,,,23,,,,,,0,,,,,,,,,,,,,,,,,,,,,,,,,,,,
2013-12-11,JK1105B8GHK7UX,Hitachi HDS722020ALA330,2000398934016,0,,65536,,,,,,,,0,,,,,,27168,,,,,,,,,,,,,,,,,,,,,,,,,,,,,,28,,,,,,0,,,,,,,,,,,,,,,,,,,,,,,,,,,,
2013-12-11,JK11A8B9J8Z6VF,Hitachi HDS722020ALA330,2000398934016,0,,0,,,,,,,,0,,,,,,24468,,,,,,,,,,,,,,,,,,,,,,,,,,,,,,27,,,,,,0,,,,,,,,,,,,,,,,,,,,,,,,,,,,
2013-12-11,WD-WCC070198249,WDC WD30EZRX,3000592982016,0,,4,,,,,,,,0,,,,,,8610,,,,,,,,,,,,,,,,,,,,,,,,,,,,,,23,,,,,,1,,,,,,,,,,,,,,,,,,,,,,,,,,,,
2013-12-11,6XW05FKB,ST31500541AS,1500301910016,0,,100037933,,,,,,,,0,,,,,,36396,,,,,,,,,,,,,,,,,,,,,,,,,,,,,,20,,,,,,0,,,,,,,,,,,,,,,,,,,,,,,,,,,,
2013-12-11,MJ0351YNGA329A,Hitachi HDS5C3030ALA630,3000592982016,0,,0,,,,,,,,0,,,,,,8613,,,,,,,,,,,,,,,,,,,,,,,,,,,,,,32,,,,,,0,,,,,,,,,,,,,,,,,,,,,,,,,,,,
2013-12-11,Z1F0GFP5,ST3000DM001,3000592982016,0,,23518576,,,,,,,,0,,,,,,3485,,,,,,,,,,,,,,,,,,,,,,,,,,,,,,23,,,,,,0,,,,,,,,,,,,,,,,,,,,,,,,,,,,
2013-12-11,WD-WCAU4A655106,WDC WD10EADS,1000204886016,0,,0,,,,,,,,0,,,,,,38063,,,,,,,,,,,,,,,,,,,,,,,,,,,,,,28,,,,,,0,,,,,,,,,,,,,,,,,,,,,,,,,,,,
2013-12-11,MJ0351YNG9Z92A,Hitachi HDS5C3030ALA630,3000592982016,0,,0,,,,,,,,0,,,,,,9469,,,,,,,,,,,,,,,,,,,,,,,,,,,,,,27,,,,,,0,,,,,,,,,,,,,,,,,,,,,,,,,,,,
2013-12-11,MJ0351YNG9XUEA,Hitachi HDS5C3030ALA630,3000592982016,0,,0,,,,,,,,0,,,,,,8214,,,,,,,,,,,,,,,,,,,,,,,,,,,,,,29,,,,,,0,,,,,,,,,,,,,,,,,,,,,,,,,,,,
2013-12-11,MJ1311YNG7ALSA,Hitachi HDS5C3030ALA630,3000592982016,0,,0,,,,,,,,0,,,,,,14290,,,,,,,,,,,,,,,,,,,,,,,,,,,,,,29,,,,,,0,,,,,,,,,,,,,,,,,,,,,,,,,,,,
2013-12-11,MJ0351YNG9XXKA,Hitachi HDS5C3030ALA630,3000592982016,0,,0,,,,,,,,0,,,,,,8830,,,,,,,,,,,,,,,,,,,,,,,,,,,,,,30,,,,,,0,,,,,,,,,,,,,,,,,,,,,,,,,,,,
2013-12-11,MJ0351YNGAA9LA,Hitachi HDS5C3030ALA630,3000592982016,0,,0,,,,,,,,0,,,,,,7974,,,,,,,,,,,,,,,,,,,,,,,,,,,,,,28,,,,,,0,,,,,,,,,,,,,,,,,,,,,,,,,,,,
2013-12-11,PL1321LAG368WH,Hitachi HDS5C4040ALE630,4000787030016,0,,0,,,,,,,,0,,,,,,5670,,,,,,,,,,,,,,,,,,,,,,,,,,,,,,20,,,,,,0,,,,,,,,,,,,,,,,,,,,,,,,,,,,
2013-12-11,PK1331PAJ30TUS,HGST HDS724040ALE640,4000787030016,0,,0,,,,,,,,0,,,,,,2026,,,,,,,,,,,,,,,,,,,,,,,,,,,,,,27,,,,,,0,,,,,,,,,,,,,,,,,,,,,,,,,,,,
2013-12-11,W1F0H4KL,ST3000DM001,3000592982016,0,,59981992,,,,,,,,0,,,,,,10063,,,,,,,,,,,,,,,,,,,,,,,,,,,,,,22,,,,,,0,,,,,,,,,,,,,,,,,,,,,,,,,,,,
2013-12-11,WD-WCAU47266398,WDC WD10EADS,1000204886016,0,,0,,,,,,,,0,,,,,,40817,,,,,,,,,,,,,,,,,,,,,,,,,,,,,,26,,,,,,0,,,,,,,,,,,,,,,,,,,,,,,,,,,,
2013-12-11,MJ1311YNG4Z1RA,Hitachi HDS5C3030ALA630,3000592982016,0,,0,,,,,,,,0,,,,,,14289,,,,,,,,,,,,,,,,,,,,,,,,,,,,,,30,,,,,,0,,,,,,,,,,,,,,,,,,,,,,,,,,,,
2013-12-11,W1F0H4KF,ST3000DM001,3000592982016,0,,173745072,,,,,,,,0,,,,,,7562,,,,,,,,,,,,,,,,,,,,,,,,,,,,,,26,,,,,,0,,,,,,,,,,,,,,,,,,,,,,,,,,,,
2013-12-11,MK0331YHGLH5BA,Hitachi HDS723030ALA640,3000592982016,0,,0,,,,,,,,0,,,,,,17357,,,,,,,,,,,,,,,,,,,,,,,,,,,,,,22,,,,,,0,,,,,,,,,,,,,,,,,,,,,,,,,,,,
2013-12-11,MJ0351YNG9Z5SA,Hitachi HDS5C3030ALA630,3000592982016,0,,0,,,,,,,,0,,,,,,9483,,,,,,,,,,,,,,,,,,,,,,,,,,,,,,28,,,,,,0,,,,,,,,,,,,,,,,,,,,,,,,,,,,
2013-12-11,W300B59K,ST4000DM000,4000787030016,0,,23957344,,,,,,,,0,,,,,,4188,,,,,,,,,,,,,,,,,,,,,,,,,,,,,,30,,,,,,0,,,,,,,,,,,,,,,,,,,,,,,,,,,,
2013-12-11,JK1101B9GERTUF,Hitachi HDS722020ALA330,2000398934016,0,,1,,,,,,,,0,,,,,,27160,,,,,,,,,,,,,,,,,,,,,,,,,,,,,,26,,,,,,0,,,,,,,,,,,,,,,,,,,,,,,,,,,,
2013-12-11,JK11A8B9J5HLDF,Hitachi HDS722020ALA330,2000398934016,0,,0,,,,,,,,0,,,,,,25541,,,,,,,,,,,,,,,,,,,,,,,,,,,,,,24,,,,,,0,,,,,,,,,,,,,,,,,,,,,,,,,,,,
2013-12-11,PL1311LAG2XV5H,Hitachi HDS5C4040ALE630,4000787030016,0,,0,,,,,,,,0,,,,,,6070,,,,,,,,,,,,,,,,,,,,,,,,,,,,,,22,,,,,,0,,,,,,,,,,,,,,,,,,,,,,,,,,,,
2013-12-11,W300B59S,ST4000DM000,4000787030016,0,,190447400,,,,,,,,0,,,,,,4136,,,,,,,,,,,,,,,,,,,,,,,,,,,,,,22,,,,,,0,,,,,,,,,,,,,,,,,,,,,,,,,,,,
2013-12-11,JK1101B9GEEXVF,Hitachi HDS722020ALA330,2000398934016,0,,0,,,,,,,,0,,,,,,27487,,,,,,,,,,,,,,,,,,,,,,,,,,,,,,28,,,,,,0,,,,,,,,,,,,,,,,,,,,,,,,,,,,
2013-12-11,PL1311LAG35R0H,Hitachi HDS5C4040ALE630,4000787030016,0,,0,,,,,,,,0,,,,,,6641,,,,,,,,,,,,,,,,,,,,,,,,,,,,,,26,,,,,,0,,,,,,,,,,,,,,,,,,,,,,,,,,,,
2013-12-11,MJ1323YNG1U8KC,Hitachi HDS5C3030ALA630,3000592982016,0,,3801088,,,,,,,,0,,,,,,19727,,,,,,,,,,,,,,,,,,,,,,,,,,,,,,24,,,,,,0,,,,,,,,,,,,,,,,,,,,,,,,,,,,
2013-12-11,MJ1323YNG1UDXC,Hitachi HDS5C3030ALA630,3000592982016,0,,0,,,,,,,,0,,,,,,19310,,,,,,,,,,,,,,,,,,,,,,,,,,,,,,30,,,,,,0,,,,,,,,,,,,,,,,,,,,,,,,,,,,
2013-12-11,JK1101YAK71U3V,Hitachi HDS722020ALA330,2000398934016,0,,1,,,,,,,,0,,,,,,29210,,,,,,,,,,,,,,,,,,,,,,,,,,,,,,33,,,,,,0,,,,,,,,,,,,,,,,,,,,,,,,,,,,
2013-12-11,JK11A8B9J0APJF,Hitachi HDS722020ALA330,2000398934016,0,,0,,,,,,,,0,,,,,,23106,,,,,,,,,,,,,,,,,,,,,,,,,,,,,,26,,,,,,0,,,,,,,,,,,,,,,,,,,,,,,,,,,,
2013-12-11,W1F09FMJ,ST3000DM001,3000592982016,0,,139855192,,,,,,,,0,,,,,,15364,,,,,,,,,,,,,,,,,,,,,,,,,,,,,,23,,,,,,0,,,,,,,,,,,,,,,,,,,,,,,,,,,,
2013-12-11,WD-WCAU42473011,WDC WD10EACS,1000204886016,0,,0,,,,,,,,0,,,,,,42823,,,,,,,,,,,,,,,,,,,,,,,,,,,,,,17,,,,,,0,,,,,,,,,,,,,,,,,,,,,,,,,,,,
2013-12-11,MJ1311YNG5P6DA,Hitachi HDS5C3030ALA630,3000592982016,0,,0,,,,,,,,0,,,,,,14310,,,,,,,,,,,,,,,,,,,,,,,,,,,,,,28,,,,,,0,,,,,,,,,,,,,,,,,,,,,,,,,,,,
2013-12-11,PL1310LAG090KA,Hitachi HDS5C4040ALE630,4000787030016,0,,0,,,,,,,,0,,,,,,12998,,,,,,,,,,,,,,,,,,,,,,,,,,,,,,24,,,,,,8,,,,,,,,,,,,,,,,,,,,,,,,,,,,
2013-12-11,Z300P92F,ST4000DM000,4000787030016,0,,182466624,,,,,,,,0,,,,,,1233,,,,,,,,,,,,,,,,,,,,,,,,,,,,,,19,,,,,,0,,,,,,,,,,,,,,,,,,,,,,,,,,,,
2013-12-11,Z300P92G,ST4000DM000,4000787030016,0,,239795432,,,,,,,,0,,,,,,1232,,,,,,,,,,,,,,,,,,,,,,,,,,,,,,21,,,,,,0,,,,,,,,,,,,,,,,,,,,,,,,,,,,
2013-12-11,Z300P92E,ST4000DM000,4000787030016,0,,178024240,,,,,,,,0,,,,,,1234,,,,,,,,,,,,,,,,,,,,,,,,,,,,,,21,,,,,,0,,,,,,,,,,,,,,,,,,,,,,,,,,,,
2013-12-11,MJ0351YNG9ZRPA,Hitachi HDS5C3030ALA630,3000592982016,0,,0,,,,,,,,0,,,,,,9913,,,,,,,,,,,,,,,,,,,,,,,,,,,,,,34,,,,,,0,,,,,,,,,,,,,,,,,,,,,,,,,,,,
2013-12-11,5XW03KJS,ST31500541AS,1500301910016,0,,197272940,,,,,,,,0,,,,,,36960,,,,,,,,,,,,,,,,,,,,,,,,,,,,,,21,,,,,,0,,,,,,,,,,,,,,,,,,,,,,,,,,,,
2013-12-11,MJ1311YNG3BNZA,Hitachi HDS5C3030ALA630,3000592982016,0,,0,,,,,,,,0,,,,,,18928,,,,,,,,,,,,,,,,,,,,,,,,,,,,,,30,,,,,,0,,,,,,,,,,,,,,,,,,,,,,,,,,,,
2013-12-11,MK0301YHGN28RD,Hitachi HDS723030ALA640,3000592982016,0,,0,,,,,,,,0,,,,,,17036,,,,,,,,,,,,,,,,,,,,,,,,,,,,,,29,,,,,,0,,,,,,,,,,,,,,,,,,,,,,,,,,,,
2013-12-11,Z300P8LM,ST4000DM000,4000787030016,0,,31451336,,,,,,,,0,,,,,,1450,,,,,,,,,,,,,,,,,,,,,,,,,,,,,,23,,,,,,0,,,,,,,,,,,,,,,,,,,,,,,,,,,,
2013-12-11,W1F0G0NT,ST3000DM001,3000592982016,0,,87100464,,,,,,,,0,,,,,,8574,,,,,,,,,,,,,,,,,,,,,,,,,,,,,,26,,,,,,0,,,,,,,,,,,,,,,,,,,,,,,,,,,,
2013-12-11,MJ0351YNG8EU3A,Hitachi HDS5C3030ALA630,3000592982016,0,,0,,,,,,,,0,,,,,,8524,,,,,,,,,,,,,,,,,,,,,,,,,,,,,,33,,,,,,0,,,,,,,,,,,,,,,,,,,,,,,,,,,,
2013-12-11,PL1311LAG201XA,Hitachi HDS5C4040ALE630,4000787030016,0,,0,,,,,,,,0,,,,,,7452,,,,,,,,,,,,,,,,,,,,,,,,,,,,,,23,,,,,,0,,,,,,,,,,,,,,,,,,,,,,,,,,,,
2013-12-11,Z300P8LV,ST4000DM000,4000787030016,0,,40567448,,,,,,,,0,,,,,,1231,,,,,,,,,,,,,,,,,,,,,,,,,,,,,,18,,,,,,0,,,,,,,,,,,,,,,,,,,,,,,,,,,,
2013-12-11,Z300P8LZ,ST4000DM000,4000787030016,0,,24759440,,,,,,,,0,,,,,,1227,,,,,,,,,,,,,,,,,,,,,,,,,,,,,,22,,,,,,0,,,,,,,,,,,,,,,,,,,,,,,,,,,,
2013-12-11,PL1311LAG24L9A,Hitachi HDS5C4040ALE630,4000787030016,0,,0,,,,,,,,0,,,,,,7414,,,,,,,,,,,,,,,,,,,,,,,,,,,,,,21,,,,,,0,,,,,,,,,,,,,,,,,,,,,,,,,,,,
2013-12-11,W300JKC7,ST4000DM000,4000787030016,0,,115492816,,,,,,,,0,,,,,,2224,,,,,,,,,,,,,,,,,,,,,,,,,,,,,,26,,,,,,0,,,,,,,,,,,,,,,,,,,,,,,,,,,,
2013-12-11,WD-WCAU45228964,WDC WD10EADS,1000204886016,0,,0,,,,,,,,0,,,,,,42281,,,,,,,,,,,,,,,,,,,,,,,,,,,,,,30,,,,,,0,,,,,,,,,,,,,,,,,,,,,,,,,,,,
2013-12-11,JK11A8B9J7VSGF,Hitachi HDS722020ALA330,2000398934016,0,,0,,,,,,,,1,,,,,,25125,,,,,,,,,,,,,,,,,,,,,,,,,,,,,,27,,,,,,0,,,,,,,,,,,,,,,,,,,,,,,,,,,,
2013-12-11,JK11A8B9JR080F,Hitachi HDS722020ALA330,2000398934016,0,,0,,,,,,,,0,,,,,,23710,,,,,,,,,,,,,,,,,,,,,,,,,,,,,,29,,,,,,0,,,,,,,,,,,,,,,,,,,,,,,,,,,,
2013-12-11,S1F0J5EA,ST3000DM001,3000592982016,0,,48167232,,,,,,,,0,,,,,,12154,,,,,,,,,,,,,,,,,,,,,,,,,,,,,,24,,,,,,0,,,,,,,,,,,,,,,,,,,,,,,,,,,,
2013-12-11,Z300K197,ST4000DM000,4000787030016,0,,72970200,,,,,,,,0,,,,,,2239,,,,,,,,,,,,,,,,,,,,,,,,,,,,,,21,,,,,,0,,,,,,,,,,,,,,,,,,,,,,,,,,,,
2013-12-11,W300AN1M,ST4000DM000,4000787030016,0,,169302336,,,,,,,,0,,,,,,2243,,,,,,,,,,,,,,,,,,,,,,,,,,,,,,24,,,,,,0,,,,,,,,,,,,,,,,,,,,,,,,,,,,
2013-12-11,WD-WCAWZ0961321,WDC WD30EZRX,3000592982016,0,,0,,,,,,,,0,,,,,,16982,,,,,,,,,,,,,,,,,,,,,,,,,,,,,,25,,,,,,45,,,,,,,,,,,,,,,,,,,,,,,,,,,,
2013-12-11,WD-WCAU42480356,WDC WD10EACS,1000204886016,0,,0,,,,,,,,0,,,,,,42777,,,,,,,,,,,,,,,,,,,,,,,,,,,,,,29,,,,,,0,,,,,,,,,,,,,,,,,,,,,,,,,,,,
2013-12-11,MK0303YHGNDNHC,Hitachi HDS723030ALA640,3000592982016,0,,4,,,,,,,,1,,,,,,17011,,,,,,,,,,,,,,,,,,,,,,,,,,,,,,33,,,,,,6,,,,,,,,,,,,,,,,,,,,,,,,,,,,
2013-12-11,PL1311LAG29AVH,Hitachi HDS5C4040ALE630,4000787030016,0,,0,,,,,,,,0,,,,,,7411,,,,,,,,,,,,,,,,,,,,,,,,,,,,,,21,,,,,,0,,,,,,,,,,,,,,,,,,,,,,,,,,,,
2013-12-11,W300C5RE,ST4000DM000,4000787030016,0,,169709096,,,,,,,,0,,,,,,3238,,,,,,,,,,,,,,,,,,,,,,,,,,,,,,21,,,,,,0,,,,,,,,,,,,,,,,,,,,,,,,,,,,
2013-12-11,9VS2FM17,ST31500341AS,1500301910016,0,,46235658,,,,,,,,6,,,,,,32765,,,,,,,,,,,,,,,,,,,,,,,,,,,,,,19,,,,,,0,,,,,,,,,,,,,,,,,,,,,,,,,,,,
2013-12-11,JK1105B8GEDS9X,Hitachi HDS722020ALA330,2000398934016,0,,0,,,,,,,,0,,,,,,27221,,,,,,,,,,,,,,,,,,,,,,,,,,,,,,30,,,,,,0,,,,,,,,,,,,,,,,,,,,,,,,,,,,
2013-12-11,W300JKCC,ST4000DM000,4000787030016,0,,221798152,,,,,,,,0,,,,,,2240,,,,,,,,,,,,,,,,,,,,,,,,,,,,,,20,,,,,,0,,,,,,,,,,,,,,,,,,,,,,,,,,,,
2013-12-11,Z300NHSY,ST4000DM000,4000787030016,0,,154222056,,,,,,,,0,,,,,,1234,,,,,,,,,,,,,,,,,,,,,,,,,,,,,,22,,,,,,0,,,,,,,,,,,,,,,,,,,,,,,,,,,,
2013-12-11,W1F0A70D,ST3000DM001,3000592982016,0,,90992128,,,,,,,,0,,,,,,13748,,,,,,,,,,,,,,,,,,,,,,,,,,,,,,22,,,,,,0,,,,,,,,,,,,,,,,,,,,,,,,,,,,
2013-12-11,JK11A8B9J3MU1F,Hitachi HDS722020ALA330,2000398934016,0,,1,,,,,,,,0,,,,,,23823,,,,,,,,,,,,,,,,,,,,,,,,,,,,,,32,,,,,,0,,,,,,,,,,,,,,,,,,,,,,,,,,,,
2013-12-11,5XW03JLM,ST31500541AS,1500301910016,0,,160655860,,,,,,,,0,,,,,,36401,,,,,,,,,,,,,,,,,,,,,,,,,,,,,,20,,,,,,0,,,,,,,,,,,,,,,,,,,,,,,,,,,,
2013-12-11,Z1F021YD,ST3000DM001,3000592982016,0,,218642456,,,,,,,,0,,,,,,16604,,,,,,,,,,,,,,,,,,,,,,,,,,,,,,27,,,,,,0,,,,,,,,,,,,,,,,,,,,,,,,,,,,
2013-12-11,MJ1311YNG080XA,Hitachi HDS5C3030ALA630,3000592982016,0,,0,,,,,,,,0,,,,,,20498,,,,,,,,,,,,,,,,,,,,,,,,,,,,,,31,,,,,,0,,,,,,,,,,,,,,,,,,,,,,,,,,,,
2013-12-11,JK1170YAJDAHBT,Hitachi HDS722020ALA330,2000398934016,0,,0,,,,,,,,3,,,,,,28684,,,,,,,,,,,,,,,,,,,,,,,,,,,,,,27,,,,,,0,,,,,,,,,,,,,,,,,,,,,,,,,,,,
2013-12-11,PL1321LAG2SRZH,Hitachi HDS5C4040ALE630,4000787030016,0,,0,,,,,,,,0,,,,,,6651,,,,,,,,,,,,,,,,,,,,,,,,,,,,,,24,,,,,,0,,,,,,,,,,,,,,,,,,,,,,,,,,,,
2013-12-11,JK11A8B9J78NHF,Hitachi HDS722020ALA330,2000398934016,0,,0,,,,,,,,2,,,,,,22698,,,,,,,,,,,,,,,,,,,,,,,,,,,,,,29,,,,,,0,,,,,,,,,,,,,,,,,,,,,,,,,,,,
2013-12-11,S1F0S4FD,ST3000DM001,3000592982016,0,,84367976,,,,,,,,0,,,,,,10503,,,,,,,,,,,,,,,,,,,,,,,,,,,,,,22,,,,,,0,,,,,,,,,,,,,,,,,,,,,,,,,,,,
2013-12-11,S1F0S4FF,ST3000DM001,3000592982016,0,,173772952,,,,,,,,0,,,,,,10471,,,,,,,,,,,,,,,,,,,,,,,,,,,,,,25,,,,,,0,,,,,,,,,,,,,,,,,,,,,,,,,,,,
2013-12-11,Z300PC53,ST4000DM000,4000787030016,0,,35511272,,,,,,,,0,,,,,,1232,,,,,,,,,,,,,,,,,,,,,,,,,,,,,,21,,,,,,0,,,,,,,,,,,,,,,,,,,,,,,,,,,,
2013-12-11,JK11A8B9J318PF,Hitachi HDS722020ALA330,2000398934016,0,,0,,,,,,,,0,,,,,,23636,,,,,,,,,,,,,,,,,,,,,,,,,,,,,,31,,,,,,0,,,,,,,,,,,,,,,,,,,,,,,,,,,,
2013-12-11,MJ1311YNG5LU2A,Hitachi HDS5C3030ALA630,3000592982016,0,,0,,,,,,,,0,,,,,,14597,,,,,,,,,,,,,,,,,,,,,,,,,,,,,,31,,,,,,0,,,,,,,,,,,,,,,,,,,,,,,,,,,,
2013-12-11,MJ0351YNG9UHSA,Hitachi HDS5C3030ALA630,3000592982016,0,,0,,,,,,,,0,,,,,,9483,,,,,,,,,,,,,,,,,,,,,,,,,,,,,,29,,,,,,0,,,,,,,,,,,,,,,,,,,,,,,,,,,,
2013-12-11,S1F0RG6V,ST3000DM001,3000592982016,0,,164954472,,,,,,,,0,,,,,,11611,,,,,,,,,,,,,,,,,,,,,,,,,,,,,,27,,,,,,0,,,,,,,,,,,,,,,,,,,,,,,,,,,,
2013-12-11,9XW01QQS,ST31500541AS,1500301910016,0,,118021167,,,,,,,,0,,,,,,32768,,,,,,,,,,,,,,,,,,,,,,,,,,,,,,21,,,,,,0,,,,,,,,,,,,,,,,,,,,,,,,,,,,
2013-12-11,PL1311LAG2ZD8A,Hitachi HDS5C4040ALE630,4000787030016,0,,0,,,,,,,,0,,,,,,5922,,,,,,,,,,,,,,,,,,,,,,,,,,,,,,19,,,,,,0,,,,,,,,,,,,,,,,,,,,,,,,,,,,
2013-12-11,JK1101B9KMRBDF,Hitachi HDS722020ALA330,2000398934016,0,,0,,,,,,,,1,,,,,,22861,,,,,,,,,,,,,,,,,,,,,,,,,,,,,,24,,,,,,0,,,,,,,,,,,,,,,,,,,,,,,,,,,,
2013-12-11,6XW0VVLN,ST31500541AS,1500301910016,0,,198685876,,,,,,,,0,,,,,,33863,,,,,,,,,,,,,,,,,,,,,,,,,,,,,,20,,,,,,0,,,,,,,,,,,,,,,,,,,,,,,,,,,,
2013-12-11,WD-WCAWZ1149616,WDC WD30EZRX,3000592982016,0,,0,,,,,,,,0,,,,,,17621,,,,,,,,,,,,,,,,,,,,,,,,,,,,,,21,,,,,,0,,,,,,,,,,,,,,,,,,,,,,,,,,,,
2013-12-11,PL1311LAG3B98H,Hitachi HDS5C4040ALE630,4000787030016,0,,0,,,,,,,,0,,,,,,5058,,,,,,,,,,,,,,,,,,,,,,,,,,,,,,31,,,,,,0,,,,,,,,,,,,,,,,,,,,,,,,,,,,
2013-12-11,9XK0PQWK,ST33000651AS,3000592982016,0,,237136408,,,,,,,,0,,,,,,17050,,,,,,,,,,,,,,,,,,,,,,,,,,,,,,26,,,,,,0,,,,,,,,,,,,,,,,,,,,,,,,,,,,
2013-12-11,MJ1311YNG3PNGA,Hitachi HDS5C3030ALA630,3000592982016,0,,0,,,,,,,,0,,,,,,18204,,,,,,,,,,,,,,,,,,,,,,,,,,,,,,25,,,,,,0,,,,,,,,,,,,,,,,,,,,,,,,,,,,
2013-12-11,5XW2207B,ST31500541AS,1500301910016,0,,169604908,,,,,,,,0,,,,,,16468,,,,,,,,,,,,,,,,,,,,,,,,,,,,,,23,,,,,,0,,,,,,,,,,,,,,,,,,,,,,,,,,,,
2013-12-11,5XW2LNS6,ST32000542AS,2000398934016,0,,164315694,,,,,,,,0,,,,,,7228,,,,,,,,,,,,,,,,,,,,,,,,,,,,,,23,,,,,,0,,,,,,,,,,,,,,,,,,,,,,,,,,,,
2013-12-11,W1E1TFP7,ST2000DM001,2000398934016,0,,72615800,,,,,,,,0,,,,,,8004,,,,,,,,,,,,,,,,,,,,,,,,,,,,,,19,,,,,,0,,,,,,,,,,,,,,,,,,,,,,,,,,,,
2013-12-11,Z300KCHM,ST4000DM000,4000787030016,0,,216330928,,,,,,,,0,,,,,,2241,,,,,,,,,,,,,,,,,,,,,,,,,,,,,,22,,,,,,0,,,,,,,,,,,,,,,,,,,,,,,,,,,,
2013-12-11,PL1311LAG3E97H,Hitachi HDS5C4040ALE630,4000787030016,0,,0,,,,,,,,0,,,,,,5931,,,,,,,,,,,,,,,,,,,,,,,,,,,,,,27,,,,,,0,,,,,,,,,,,,,,,,,,,,,,,,,,,,
2013-12-11,6XW03BCK,ST31500541AS,1500301910016,0,,59394413,,,,,,,,0,,,,,,36062,,,,,,,,,,,,,,,,,,,,,,,,,,,,,,19,,,,,,0,,,,,,,,,,,,,,,,,,,,,,,,,,,,
2013-12-11,W3006N9Z,ST4000DM000,4000787030016,0,,13763928,,,,,,,,0,,,,,,2876,,,,,,,,,,,,,,,,,,,,,,,,,,,,,,24,,,,,,0,,,,,,,,,,,,,,,,,,,,,,,,,,,,
2013-12-11,9VS2680Z,ST31500341AS,1500301910016,0,,92847665,,,,,,,,10,,,,,,38110,,,,,,,,,,,,,,,,,,,,,,,,,,,,,,18,,,,,,0,,,,,,,,,,,,,,,,,,,,,,,,,,,,
2013-12-11,WD-WCAU45402750,WDC WD10EADS,1000204886016,0,,1,,,,,,,,0,,,,,,41231,,,,,,,,,,,,,,,,,,,,,,,,,,,,,,25,,,,,,0,,,,,,,,,,,,,,,,,,,,,,,,,,,,
2013-12-11,Z300PC5T,ST4000DM000,4000787030016,0,,41401744,,,,,,,,0,,,,,,1451,,,,,,,,,,,,,,,,,,,,,,,,,,,,,,27,,,,,,0,,,,,,,,,,,,,,,,,,,,,,,,,,,,
2013-12-11,MK0333YHGBGP0C,Hitachi HDS723030ALA640,3000592982016,0,,196608,,,,,,,,0,,,,,,16593,,,,,,,,,,,,,,,,,,,,,,,,,,,,,,30,,,,,,0,,,,,,,,,,,,,,,,,,,,,,,,,,,,
2013-12-11,WD-WCAWZ0489422,WDC WD30EZRX,3000592982016,0,,126,,,,,,,,0,,,,,,17006,,,,,,,,,,,,,,,,,,,,,,,,,,,,,,20,,,,,,6,,,,,,,,,,,,,,,,,,,,,,,,,,,,
2013-12-11,PL1311LAG2GS0H,Hitachi HDS5C4040ALE630,4000787030016,0,,0,,,,,,,,0,,,,,,5125,,,,,,,,,,,,,,,,,,,,,,,,,,,,,,29,,,,,,0,,,,,,,,,,,,,,,,,,,,,,,,,,,,
2013-12-11,MJ1321YNG0GE9A,Hitachi HDS5C3030ALA630,3000592982016,0,,0,,,,,,,,0,,,,,,20503,,,,,,,,,,,,,,,,,,,,,,,,,,,,,,26,,,,,,0,,,,,,,,,,,,,,,,,,,,,,,,,,,,
2013-12-11,MK0333YHGPJWEC,Hitachi HDS723030ALA640,3000592982016,0,,0,,,,,,,,0,,,,,,17754,,,,,,,,,,,,,,,,,,,,,,,,,,,,,,24,,,,,,0,,,,,,,,,,,,,,,,,,,,,,,,,,,,
2013-12-11,JK11A8B9J7EXPF,Hitachi HDS722020ALA330,2000398934016,0,,0,,,,,,,,0,,,,,,22698,,,,,,,,,,,,,,,,,,,,,,,,,,,,,,30,,,,,,0,,,,,,,,,,,,,,,,,,,,,,,,,,,,
2013-12-11,JK11A8B9J78DUF,Hitachi HDS722020ALA330,2000398934016,0,,0,,,,,,,,0,,,,,,23319,,,,,,,,,,,,,,,,,,,,,,,,,,,,,,28,,,,,,0,,,,,,,,,,,,,,,,,,,,,,,,,,,,
2013-12-11,PL1311LAG2DZEH,Hitachi HDS5C4040ALE630,4000787030016,0,,0,,,,,,,,0,,,,,,7415,,,,,,,,,,,,,,,,,,,,,,,,,,,,,,22,,,,,,0,,,,,,,,,,,,,,,,,,,,,,,,,,,,
2013-12-11,PL1311LAG28ZGH,Hitachi HDS5C4040ALE630,4000787030016,0,,0,,,,,,,,0,,,,,,6653,,,,,,,,,,,,,,,,,,,,,,,,,,,,,,27,,,,,,0,,,,,,,,,,,,,,,,,,,,,,,,,,,,
2013-12-11,MJ1323YNG1E1EC,Hitachi HDS5C3030ALA630,3000592982016,0,,9633792,,,,,,,,0,,,,,,19728,,,,,,,,,,,,,,,,,,,,,,,,,,,,,,26,,,,,,0,,,,,,,,,,,,,,,,,,,,,,,,,,,,
2013-12-11,S1F0CW82,ST3000DM001,3000592982016,0,,220287600,,,,,,,,0,,,,,,12345,,,,,,,,,,,,,,,,,,,,,,,,,,,,,,26,,,,,,0,,,,,,,,,,,,,,,,,,,,,,,,,,,,
2013-12-11,PL1321LAG358NH,Hitachi HDS5C4040ALE630,4000787030016,0,,0,,,,,,,,0,,,,,,6652,,,,,,,,,,,,,,,,,,,,,,,,,,,,,,21,,,,,,0,,,,,,,,,,,,,,,,,,,,,,,,,,,,
2013-12-11,JK1101B9KMSPUF,Hitachi HDS722020ALA330,2000398934016,0,,0,,,,,,,,1,,,,,,22861,,,,,,,,,,,,,,,,,,,,,,,,,,,,,,28,,,,,,0,,,,,,,,,,,,,,,,,,,,,,,,,,,,
2013-12-11,PL2310LAG0MBEC,Hitachi HDS5C4040ALE630,4000787030016,0,,0,,,,,,,,2,,,,,,12997,,,,,,,,,,,,,,,,,,,,,,,,,,,,,,28,,,,,,0,,,,,,,,,,,,,,,,,,,,,,,,,,,,
2013-12-11,MJ0351YNG9VXUA,Hitachi HDS5C3030ALA630,3000592982016,0,,0,,,,,,,,0,,,,,,9956,,,,,,,,,,,,,,,,,,,,,,,,,,,,,,28,,,,,,0,,,,,,,,,,,,,,,,,,,,,,,,,,,,
2013-12-11,PL1311LAG2ALLH,Hitachi HDS5C4040ALE630,4000787030016,0,,0,,,,,,,,0,,,,,,7452,,,,,,,,,,,,,,,,,,,,,,,,,,,,,,22,,,,,,0,,,,,,,,,,,,,,,,,,,,,,,,,,,,
2013-12-11,MJ0351YNG9U5ZA,Hitachi HDS5C3030ALA630,3000592982016,0,,0,,,,,,,,0,,,,,,9898,,,,,,,,,,,,,,,,,,,,,,,,,,,,,,29,,,,,,0,,,,,,,,,,,,,,,,,,,,,,,,,,,,
2013-12-11,JK1105B8HVVB9X,Hitachi HDS722020ALA330,2000398934016,0,,0,,,,,,,,0,,,,,,22703,,,,,,,,,,,,,,,,,,,,,,,,,,,,,,29,,,,,,0,,,,,,,,,,,,,,,,,,,,,,,,,,,,
2013-12-11,W1F0FWEM,ST3000DM001,3000592982016,0,,108841592,,,,,,,,0,,,,,,12024,,,,,,,,,,,,,,,,,,,,,,,,,,,,,,27,,,,,,0,,,,,,,,,,,,,,,,,,,,,,,,,,,,
2013-12-11,9XW02B37,ST31500541AS,1500301910016,0,,62833789,,,,,,,,136,,,,,,32917,,,,,,,,,,,,,,,,,,,,,,,,,,,,,,19,,,,,,0,,,,,,,,,,,,,,,,,,,,,,,,,,,,
2013-12-11,JK11A8B9JN07VF,Hitachi HDS722020ALA330,2000398934016,0,,0,,,,,,,,0,,,,,,23717,,,,,,,,,,,,,,,,,,,,,,,,,,,,,,28,,,,,,0,,,,,,,,,,,,,,,,,,,,,,,,,,,,
2013-12-11,JK1101B9JKAJ9F,Hitachi HDS722020ALA330,2000398934016,0,,0,,,,,,,,0,,,,,,23989,,,,,,,,,,,,,,,,,,,,,,,,,,,,,,27,,,,,,0,,,,,,,,,,,,,,,,,,,,,,,,,,,,
2013-12-11,6XW01927,ST31500541AS,1500301910016,0,,72786742,,,,,,,,0,,,,,,35750,,,,,,,,,,,,,,,,,,,,,,,,,,,,,,21,,,,,,0,,,,,,,,,,,,,,,,,,,,,,,,,,,,
2013-12-11,S1F02XYY,ST3000DM001,3000592982016,0,,83687112,,,,,,,,0,,,,,,16199,,,,,,,,,,,,,,,,,,,,,,,,,,,,,,23,,,,,,0,,,,,,,,,,,,,,,,,,,,,,,,,,,,
2013-12-11,JK1101B9JM6Y3F,Hitachi HDS722020ALA330,2000398934016,0,,0,,,,,,,,0,,,,,,23125,,,,,,,,,,,,,,,,,,,,,,,,,,,,,,27,,,,,,0,,,,,,,,,,,,,,,,,,,,,,,,,,,,
2013-12-11,JK1101YAK92WYV,Hitachi HDS722020ALA330,2000398934016,0,,131072,,,,,,,,0,,,,,,29653,,,,,,,,,,,,,,,,,,,,,,,,,,,,,,25,,,,,,0,,,,,,,,,,,,,,,,,,,,,,,,,,,,
2013-12-11,MK0311YHGHBLSA,Hitachi HDS723030ALA640,3000592982016,0,,0,,,,,,,,0,,,,,,16682,,,,,,,,,,,,,,,,,,,,,,,,,,,,,,28,,,,,,0,,,,,,,,,,,,,,,,,,,,,,,,,,,,
2013-12-11,S1F13JW4,ST3000DM001,3000592982016,0,,169985264,,,,,,,,0,,,,,,7990,,,,,,,,,,,,,,,,,,,,,,,,,,,,,,16,,,,,,0,,,,,,,,,,,,,,,,,,,,,,,,,,,,
2013-12-11,JK1101B9JPLZ1F,Hitachi HDS722020ALA330,2000398934016,0,,0,,,,,,,,0,,,,,,23991,,,,,,,,,,,,,,,,,,,,,,,,,,,,,,28,,,,,,0,,,,,,,,,,,,,,,,,,,,,,,,,,,,
2013-12-11,PL1311LAG2G3WH,Hitachi HDS5C4040ALE630,4000787030016,0,,0,,,,,,,,0,,,,,,6654,,,,,,,,,,,,,,,,,,,,,,,,,,,,,,21,,,,,,0,,,,,,,,,,,,,,,,,,,,,,,,,,,,
2013-12-11,JK11A8B9J3LBNF,Hitachi HDS722020ALA330,2000398934016,0,,0,,,,,,,,2,,,,,,23125,,,,,,,,,,,,,,,,,,,,,,,,,,,,,,33,,,,,,0,,,,,,,,,,,,,,,,,,,,,,,,,,,,
2013-12-11,JK11A8B9J3LVJF,Hitachi HDS722020ALA330,2000398934016,0,,0,,,,,,,,0,,,,,,23107,,,,,,,,,,,,,,,,,,,,,,,,,,,,,,26,,,,,,0,,,,,,,,,,,,,,,,,,,,,,,,,,,,
2013-12-11,WD-WCAU45640468,WDC WD10EADS,1000204886016,0,,0,,,,,,,,0,,,,,,41044,,,,,,,,,,,,,,,,,,,,,,,,,,,,,,30,,,,,,0,,,,,,,,,,,,,,,,,,,,,,,,,,,,
2013-12-11,W1F0LF4M,ST3000DM001,3000592982016,0,,230291136,,,,,,,,0,,,,,,11023,,,,,,,,,,,,,,,,,,,,,,,,,,,,,,25,,,,,,8,,,,,,,,,,,,,,,,,,,,,,,,,,,,
2013-12-11,Z1F0D8DV,ST3000DM001,3000592982016,0,,145175928,,,,,,,,0,,,,,,1476,,,,,,,,,,,,,,,,,,,,,,,,,,,,,,26,,,,,,0,,,,,,,,,,,,,,,,,,,,,,,,,,,,
2013-12-11,MJ1311YNG6WDYA,Hitachi HDS5C3030ALA630,3000592982016,0,,0,,,,,,,,0,,,,,,14685,,,,,,,,,,,,,,,,,,,,,,,,,,,,,,20,,,,,,0,,,,,,,,,,,,,,,,,,,,,,,,,,,,
2013-12-11,Z300X65F,ST4000DM000,4000787030016,0,,116592848,,,,,,,,0,,,,,,799,,,,,,,,,,,,,,,,,,,,,,,,,,,,,,20,,,,,,0,,,,,,,,,,,,,,,,,,,,,,,,,,,,
2013-12-11,MJ1311YNG5NHSA,Hitachi HDS5C3030ALA630,3000592982016,0,,0,,,,,,,,0,,,,,,14574,,,,,,,,,,,,,,,,,,,,,,,,,,,,,,24,,,,,,0,,,,,,,,,,,,,,,,,,,,,,,,,,,,
2013-12-11,MJ1323YNG1T23C,Hitachi HDS5C3030ALA630,3000592982016,0,,262155,,,,,,,,0,,,,,,19760,,,,,,,,,,,,,,,,,,,,,,,,,,,,,,29,,,,,,0,,,,,,,,,,,,,,,,,,,,,,,,,,,,
2013-12-11,JK11A8B9J2D07F,Hitachi HDS722020ALA330,2000398934016,0,,131073,,,,,,,,55,,,,,,24501,,,,,,,,,,,,,,,,,,,,,,,,,,,,,,33,,,,,,8,,,,,,,,,,,,,,,,,,,,,,,,,,,,
2013-12-11,JK11A8B9J7627F,Hitachi HDS722020ALA330,2000398934016,0,,0,,,,,,,,0,,,,,,22702,,,,,,,,,,,,,,,,,,,,,,,,,,,,,,25,,,,,,0,,,,,,,,,,,,,,,,,,,,,,,,,,,,
2013-12-11,JK1101B9HSMVKT,Hitachi HDS722020ALA330,2000398934016,0,,0,,,,,,,,0,,,,,,26144,,,,,,,,,,,,,,,,,,,,,,,,,,,,,,30,,,,,,0,,,,,,,,,,,,,,,,,,,,,,,,,,,,
2013-12-11,Z1F19KMH,ST3000DM001,3000592982016,0,,238628264,,,,,,,,0,,,,,,8204,,,,,,,,,,,,,,,,,,,,,,,,,,,,,,24,,,,,,0,,,,,,,,,,,,,,,,,,,,,,,,,,,,
2013-12-11,MK0301YHGNXKPD,Hitachi HDS723030ALA640,3000592982016,0,,0,,,,,,,,0,,,,,,17036,,,,,,,,,,,,,,,,,,,,,,,,,,,,,,30,,,,,,0,,,,,,,,,,,,,,,,,,,,,,,,,,,,
2013-12-11,S1F02YEK,ST3000DM001,3000592982016,0,,155495448,,,,,,,,0,,,,,,16193,,,,,,,,,,,,,,,,,,,,,,,,,,,,,,23,,,,,,0,,,,,,,,,,,,,,,,,,,,,,,,,,,,
2013-12-11,PL1311LAG1W0ZA,Hitachi HDS5C4040ALE630,4000787030016,0,,0,,,,,,,,0,,,,,,7457,,,,,,,,,,,,,,,,,,,,,,,,,,,,,,27,,,,,,0,,,,,,,,,,,,,,,,,,,,,,,,,,,,
2013-12-11,MK0331YHGRSY1A,Hitachi HDS723030ALA640,3000592982016,0,,0,,,,,,,,0,,,,,,17762,,,,,,,,,,,,,,,,,,,,,,,,,,,,,,22,,,,,,1,,,,,,,,,,,,,,,,,,,,,,,,,,,,
2013-12-11,WD-WCAU45522085,WDC WD10EADS,1000204886016,0,,11,,,,,,,,0,,,,,,41358,,,,,,,,,,,,,,,,,,,,,,,,,,,,,,24,,,,,,0,,,,,,,,,,,,,,,,,,,,,,,,,,,,
2013-12-11,JK11A8B9J1GWHF,Hitachi HDS722020ALA330,2000398934016,0,,0,,,,,,,,0,,,,,,24426,,,,,,,,,,,,,,,,,,,,,,,,,,,,,,31,,,,,,0,,,,,,,,,,,,,,,,,,,,,,,,,,,,
2013-12-11,WD-WCAU44886712,WDC WD10EACS,1000204886016,0,,24,,,,,,,,0,,,,,,43320,,,,,,,,,,,,,,,,,,,,,,,,,,,,,,20,,,,,,0,,,,,,,,,,,,,,,,,,,,,,,,,,,,
2013-12-11,PL1321LAGAHEGH,Hitachi HDS5C4040ALE630,4000787030016,0,,0,,,,,,,,0,,,,,,5428,,,,,,,,,,,,,,,,,,,,,,,,,,,,,,20,,,,,,0,,,,,,,,,,,,,,,,,,,,,,,,,,,,
2013-12-11,WD-WCAU45178029,WDC WD10EADS,1000204886016,0,,2,,,,,,,,1,,,,,,41247,,,,,,,,,,,,,,,,,,,,,,,,,,,,,,27,,,,,,0,,,,,,,,,,,,,,,,,,,,,,,,,,,,
2013-12-11,MK0311YHG516TA,Hitachi HDS723030ALA640,3000592982016,0,,85656725,,,,,,,,0,,,,,,21792,,,,,,,,,,,,,,,,,,,,,,,,,,,,,,25,,,,,,0,,,,,,,,,,,,,,,,,,,,,,,,,,,,
2013-12-11,Z300WWG0,ST4000DM000,4000787030016,0,,18602544,,,,,,,,0,,,,,,923,,,,,,,,,,,,,,,,,,,,,,,,,,,,,,23,,,,,,0,,,,,,,,,,,,,,,,,,,,,,,,,,,,
2013-12-11,W1F0HSKB,ST3000DM001,3000592982016,0,,217217240,,,,,,,,0,,,,,,11754,,,,,,,,,,,,,,,,,,,,,,,,,,,,,,26,,,,,,0,,,,,,,,,,,,,,,,,,,,,,,,,,,,
2013-12-11,S1F04AJD,ST3000DM001,3000592982016,0,,202519224,,,,,,,,0,,,,,,16176,,,,,,,,,,,,,,,,,,,,,,,,,,,,,,26,,,,,,0,,,,,,,,,,,,,,,,,,,,,,,,,,,,
2013-12-11,MJ1311YNG3GSAA,Hitachi HDS5C3030ALA630,3000592982016,0,,0,,,,,,,,0,,,,,,18928,,,,,,,,,,,,,,,,,,,,,,,,,,,,,,29,,,,,,0,,,,,,,,,,,,,,,,,,,,,,,,,,,,
2013-12-11,6XW00CKT,ST31500541AS,1500301910016,0,,93237016,,,,,,,,0,,,,,,34752,,,,,,,,,,,,,,,,,,,,,,,,,,,,,,20,,,,,,0,,,,,,,,,,,,,,,,,,,,,,,,,,,,
2013-12-11,6XW0VW5N,ST31500541AS,1500301910016,0,,93017666,,,,,,,,0,,,,,,33257,,,,,,,,,,,,,,,,,,,,,,,,,,,,,,21,,,,,,0,,,,,,,,,,,,,,,,,,,,,,,,,,,,
2013-12-11,MJ0351YNGA3Z2A,Hitachi HDS5C3030ALA630,3000592982016,0,,0,,,,,,,,0,,,,,,9312,,,,,,,,,,,,,,,,,,,,,,,,,,,,,,30,,,,,,0,,,,,,,,,,,,,,,,,,,,,,,,,,,,
2013-12-11,PL1311LAG3EGMH,Hitachi HDS5C4040ALE630,4000787030016,0,,0,,,,,,,,0,,,,,,5304,,,,,,,,,,,,,,,,,,,,,,,,,,,,,,25,,,,,,0,,,,,,,,,,,,,,,,,,,,,,,,,,,,
2013-12-11,JK11A8B9J2Z48F,Hitachi HDS722020ALA330,2000398934016,0,,0,,,,,,,,0,,,,,,24914,,,,,,,,,,,,,,,,,,,,,,,,,,,,,,29,,,,,,0,,,,,,,,,,,,,,,,,,,,,,,,,,,,
2013-12-11,W1F0PF1D,ST3000DM001,3000592982016,0,,102442536,,,,,,,,0,,,,,,10771,,,,,,,,,,,,,,,,,,,,,,,,,,,,,,26,,,,,,0,,,,,,,,,,,,,,,,,,,,,,,,,,,,
2013-12-11,JK11A8B9J3MJZF,Hitachi HDS722020ALA330,2000398934016,0,,0,,,,,,,,0,,,,,,23821,,,,,,,,,,,,,,,,,,,,,,,,,,,,,,36,,,,,,0,,,,,,,,,,,,,,,,,,,,,,,,,,,,
2013-12-11,WD-WMC1T1620509,WDC WD30EFRX,3000592982016,0,,0,,,,,,,,0,,,,,,7709,,,,,,,,,,,,,,,,,,,,,,,,,,,,,,25,,,,,,0,,,,,,,,,,,,,,,,,,,,,,,,,,,,
2013-12-11,PL1321LAG348DH,Hitachi HDS5C4040ALE630,4000787030016,0,,0,,,,,,,,0,,,,,,6654,,,,,,,,,,,,,,,,,,,,,,,,,,,,,,21,,,,,,0,,,,,,,,,,,,,,,,,,,,,,,,,,,,
2013-12-11,S1F117PK,ST3000DM001,3000592982016,0,,171855608,,,,,,,,0,,,,,,8186,,,,,,,,,,,,,,,,,,,,,,,,,,,,,,25,,,,,,0,,,,,,,,,,,,,,,,,,,,,,,,,,,,
2013-12-11,S1F02SSZ,ST3000DM001,3000592982016,0,,216706152,,,,,,,,0,,,,,,15264,,,,,,,,,,,,,,,,,,,,,,,,,,,,,,19,,,,,,16,,,,,,,,,,,,,,,,,,,,,,,,,,,,
2013-12-11,MJ0351YNGABX9A,Hitachi HDS5C3030ALA630,3000592982016,0,,0,,,,,,,,0,,,,,,8210,,,,,,,,,,,,,,,,,,,,,,,,,,,,,,35,,,,,,0,,,,,,,,,,,,,,,,,,,,,,,,,,,,
2013-12-11,JK11A8B9J1GVJF,Hitachi HDS722020ALA330,2000398934016,0,,4,,,,,,,,0,,,,,,23709,,,,,,,,,,,,,,,,,,,,,,,,,,,,,,32,,,,,,0,,,,,,,,,,,,,,,,,,,,,,,,,,,,
2013-12-11,W300BJG2,ST4000DM000,4000787030016,0,,199285344,,,,,,,,0,,,,,,4140,,,,,,,,,,,,,,,,,,,,,,,,,,,,,,24,,,,,,0,,,,,,,,,,,,,,,,,,,,,,,,,,,,
2013-12-11,Z3001LV8,ST4000DM000,4000787030016,0,,110799448,,,,,,,,0,,,,,,5417,,,,,,,,,,,,,,,,,,,,,,,,,,,,,,23,,,,,,0,,,,,,,,,,,,,,,,,,,,,,,,,,,,
2013-12-11,MJ1321YNG0S39A,Hitachi HDS5C3030ALA630,3000592982016,0,,0,,,,,,,,0,,,,,,20507,,,,,,,,,,,,,,,,,,,,,,,,,,,,,,27,,,,,,0,,,,,,,,,,,,,,,,,,,,,,,,,,,,
2013-12-11,5XW05A52,ST31500541AS,1500301910016,0,,149862797,,,,,,,,0,,,,,,14584,,,,,,,,,,,,,,,,,,,,,,,,,,,,,,20,,,,,,0,,,,,,,,,,,,,,,,,,,,,,,,,,,,
2013-12-11,Z300NDAA,ST4000DM000,4000787030016,0,,105752656,,,,,,,,0,,,,,,1142,,,,,,,,,,,,,,,,,,,,,,,,,,,,,,29,,,,,,0,,,,,,,,,,,,,,,,,,,,,,,,,,,,
2013-12-11,MJ1311YNG79DJA,Hitachi HDS5C3030ALA630,3000592982016,0,,1,,,,,,,,0,,,,,,14598,,,,,,,,,,,,,,,,,,,,,,,,,,,,,,28,,,,,,0,,,,,,,,,,,,,,,,,,,,,,,,,,,,
2013-12-11,6XW00XQ3,ST31500541AS,1500301910016,0,,128730608,,,,,,,,0,,,,,,37060,,,,,,,,,,,,,,,,,,,,,,,,,,,,,,21,,,,,,0,,,,,,,,,,,,,,,,,,,,,,,,,,,,
2013-12-11,MJ0351YNG9SZWA,Hitachi HDS5C3030ALA630,3000592982016,0,,0,,,,,,,,0,,,,,,9721,,,,,,,,,,,,,,,,,,,,,,,,,,,,,,29,,,,,,0,,,,,,,,,,,,,,,,,,,,,,,,,,,,
2013-12-11,MJ0351YNGA6X4A,Hitachi HDS5C3030ALA630,3000592982016,0,,0,,,,,,,,0,,,,,,9142,,,,,,,,,,,,,,,,,,,,,,,,,,,,,,31,,,,,,0,,,,,,,,,,,,,,,,,,,,,,,,,,,,
2013-12-11,PL2311LAG1TVTC,Hitachi HDS5C4040ALE630,4000787030016,0,,0,,,,,,,,0,,,,,,7402,,,,,,,,,,,,,,,,,,,,,,,,,,,,,,25,,,,,,0,,,,,,,,,,,,,,,,,,,,,,,,,,,,
2013-12-11,JK1101B9JGUVST,Hitachi HDS722020ALA330,2000398934016,0,,0,,,,,,,,1,,,,,,24431,,,,,,,,,,,,,,,,,,,,,,,,,,,,,,26,,,,,,0,,,,,,,,,,,,,,,,,,,,,,,,,,,,
2013-12-11,W1F03D04,ST3000DM001,3000592982016,0,,147233880,,,,,,,,0,,,,,,13089,,,,,,,,,,,,,,,,,,,,,,,,,,,,,,22,,,,,,0,,,,,,,,,,,,,,,,,,,,,,,,,,,,
2013-12-11,W1F03D0B,ST3000DM001,3000592982016,0,,198475944,,,,,,,,0,,,,,,15621,,,,,,,,,,,,,,,,,,,,,,,,,,,,,,20,,,,,,0,,,,,,,,,,,,,,,,,,,,,,,,,,,,
2013-12-11,MJ0351YNG9YPSA,Hitachi HDS5C3030ALA630,3000592982016,0,,0,,,,,,,,0,,,,,,9941,,,,,,,,,,,,,,,,,,,,,,,,,,,,,,25,,,,,,0,,,,,,,,,,,,,,,,,,,,,,,,,,,,
2013-12-11,PL1311LAG38LGH,Hitachi HDS5C4040ALE630,4000787030016,0,,0,,,,,,,,0,,,,,,5304,,,,,,,,,,,,,,,,,,,,,,,,,,,,,,27,,,,,,0,,,,,,,,,,,,,,,,,,,,,,,,,,,,
2013-12-11,PL1311LAG3DRHH,Hitachi HDS5C4040ALE630,4000787030016,0,,0,,,,,,,,0,,,,,,6654,,,,,,,,,,,,,,,,,,,,,,,,,,,,,,20,,,,,,0,,,,,,,,,,,,,,,,,,,,,,,,,,,,
2013-12-11,PL1311LAG3597H,Hitachi HDS5C4040ALE630,4000787030016,0,,0,,,,,,,,0,,,,,,6641,,,,,,,,,,,,,,,,,,,,,,,,,,,,,,27,,,,,,0,,,,,,,,,,,,,,,,,,,,,,,,,,,,
2013-12-11,WD-WMAWZ0320335,WDC WD30EZRX,3000592982016,0,,0,,,,,,,,0,,,,,,12699,,,,,,,,,,,,,,,,,,,,,,,,,,,,,,23,,,,,,0,,,,,,,,,,,,,,,,,,,,,,,,,,,,
2013-12-11,MK0311YHGDZW3A,Hitachi HDS723030ALA640,3000592982016,0,,0,,,,,,,,0,,,,,,16804,,,,,,,,,,,,,,,,,,,,,,,,,,,,,,30,,,,,,0,,,,,,,,,,,,,,,,,,,,,,,,,,,,
2013-12-11,MJ1311YNG3MGTA,Hitachi HDS5C3030ALA630,3000592982016,0,,0,,,,,,,,0,,,,,,20732,,,,,,,,,,,,,,,,,,,,,,,,,,,,,,27,,,,,,0,,,,,,,,,,,,,,,,,,,,,,,,,,,,
2013-12-11,W1F0C4A6,ST3000DM001,3000592982016,0,,237977752,,,,,,,,0,,,,,,12364,,,,,,,,,,,,,,,,,,,,,,,,,,,,,,27,,,,,,0,,,,,,,,,,,,,,,,,,,,,,,,,,,,
2013-12-11,STF605MH1MREEW,Hitachi HDT721010SLA360,1000204886016,0,,11862212,,,,,,,,1,,,,,,40586,,,,,,,,,,,,,,,,,,,,,,,,,,,,,,27,,,,,,1,,,,,,,,,,,,,,,,,,,,,,,,,,,,
2013-12-11,MJ1323YNG1NU1C,Hitachi HDS5C3030ALA630,3000592982016,0,,0,,,,,,,,0,,,,,,19744,,,,,,,,,,,,,,,,,,,,,,,,,,,,,,26,,,,,,0,,,,,,,,,,,,,,,,,,,,,,,,,,,,
2013-12-11,9XW020BW,ST31500541AS,1500301910016,0,,179619204,,,,,,,,0,,,,,,35232,,,,,,,,,,,,,,,,,,,,,,,,,,,,,,18,,,,,,0,,,,,,,,,,,,,,,,,,,,,,,,,,,,
2013-12-11,MJ0351YNGA5Z6A,Hitachi HDS5C3030ALA630,3000592982016,0,,0,,,,,,,,0,,,,,,9163,,,,,,,,,,,,,,,,,,,,,,,,,,,,,,29,,,,,,0,,,,,,,,,,,,,,,,,,,,,,,,,,,,
2013-12-11,PL1321LAG349JH,Hitachi HDS5C4040ALE630,4000787030016,0,,0,,,,,,,,0,,,,,,6654,,,,,,,,,,,,,,,,,,,,,,,,,,,,,,19,,,,,,0,,,,,,,,,,,,,,,,,,,,,,,,,,,,
2013-12-11,Z300W63M,ST4000DM000,4000787030016,0,,110754048,,,,,,,,0,,,,,,918,,,,,,,,,,,,,,,,,,,,,,,,,,,,,,19,,,,,,0,,,,,,,,,,,,,,,,,,,,,,,,,,,,
2013-12-11,WD-WCAV5C801033,WDC WD10EADS,1000204886016,0,,3,,,,,,,,0,,,,,,13179,,,,,,,,,,,,,,,,,,,,,,,,,,,,,,26,,,,,,0,,,,,,,,,,,,,,,,,,,,,,,,,,,,
2013-12-11,5XW00J2Z,ST31500541AS,1500301910016,0,,139167192,,,,,,,,0,,,,,,32040,,,,,,,,,,,,,,,,,,,,,,,,,,,,,,21,,,,,,0,,,,,,,,,,,,,,,,,,,,,,,,,,,,
2013-12-11,W300BASY,ST4000DM000,4000787030016,0,,142703736,,,,,,,,0,,,,,,4140,,,,,,,,,,,,,,,,,,,,,,,,,,,,,,24,,,,,,0,,,,,,,,,,,,,,,,,,,,,,,,,,,,
2013-12-11,9XW01V4E,ST31500541AS,1500301910016,0,,104045719,,,,,,,,0,,,,,,34327,,,,,,,,,,,,,,,,,,,,,,,,,,,,,,17,,,,,,0,,,,,,,,,,,,,,,,,,,,,,,,,,,,
2013-12-11,JK11A8B9J77AEF,Hitachi HDS722020ALA330,2000398934016,0,,0,,,,,,,,7,,,,,,22861,,,,,,,,,,,,,,,,,,,,,,,,,,,,,,25,,,,,,0,,,,,,,,,,,,,,,,,,,,,,,,,,,,
2013-12-11,W1F0KCP2,ST3000DM001,3000592982016,0,,105135304,,,,,,,,0,,,,,,12024,,,,,,,,,,,,,,,,,,,,,,,,,,,,,,29,,,,,,0,,,,,,,,,,,,,,,,,,,,,,,,,,,,
2013-12-11,S1F09DZQ,ST3000DM001,3000592982016,0,,67116408,,,,,,,,0,,,,,,12321,,,,,,,,,,,,,,,,,,,,,,,,,,,,,,30,,,,,,0,,,,,,,,,,,,,,,,,,,,,,,,,,,,
2013-12-11,JK1170YAJDAEWT,Hitachi HDS722020ALA330,2000398934016,0,,0,,,,,,,,0,,,,,,28682,,,,,,,,,,,,,,,,,,,,,,,,,,,,,,28,,,,,,0,,,,,,,,,,,,,,,,,,,,,,,,,,,,
2013-12-11,JK1101B9HS2D1T,Hitachi HDS722020ALA330,2000398934016,0,,196608,,,,,,,,0,,,,,,26144,,,,,,,,,,,,,,,,,,,,,,,,,,,,,,29,,,,,,0,,,,,,,,,,,,,,,,,,,,,,,,,,,,
2013-12-11,PL1321LAG350KH,Hitachi HDS5C4040ALE630,4000787030016,0,,0,,,,,,,,0,,,,,,6619,,,,,,,,,,,,,,,,,,,,,,,,,,,,,,24,,,,,,0,,,,,,,,,,,,,,,,,,,,,,,,,,,,
2013-12-11,PL1331LAGB5AKH,Hitachi HDS5C4040ALE630,4000787030016,0,,0,,,,,,,,0,,,,,,5075,,,,,,,,,,,,,,,,,,,,,,,,,,,,,,27,,,,,,0,,,,,,,,,,,,,,,,,,,,,,,,,,,,
2013-12-11,MK0301YHGL16YA,Hitachi HDS723030ALA640,3000592982016,0,,0,,,,,,,,0,,,,,,16660,,,,,,,,,,,,,,,,,,,,,,,,,,,,,,30,,,,,,0,,,,,,,,,,,,,,,,,,,,,,,,,,,,
2013-12-11,Z300NKA0,ST4000DM000,4000787030016,0,,3804048,,,,,,,,0,,,,,,1092,,,,,,,,,,,,,,,,,,,,,,,,,,,,,,28,,,,,,0,,,,,,,,,,,,,,,,,,,,,,,,,,,,
2013-12-11,MK0311YHGK3YGA,Hitachi HDS723030ALA640,3000592982016,0,,0,,,,,,,,0,,,,,,21458,,,,,,,,,,,,,,,,,,,,,,,,,,,,,,27,,,,,,0,,,,,,,,,,,,,,,,,,,,,,,,,,,,
2013-12-11,W1F095VL,ST3000DM001,3000592982016,0,,155097392,,,,,,,,0,,,,,,13360,,,,,,,,,,,,,,,,,,,,,,,,,,,,,,24,,,,,,0,,,,,,,,,,,,,,,,,,,,,,,,,,,,
2013-12-11,9XW01V43,ST31500541AS,1500301910016,0,,58102025,,,,,,,,105,,,,,,34745,,,,,,,,,,,,,,,,,,,,,,,,,,,,,,17,,,,,,0,,,,,,,,,,,,,,,,,,,,,,,,,,,,
2013-12-11,9XW01V40,ST31500541AS,1500301910016,0,,111485492,,,,,,,,0,,,,,,31752,,,,,,,,,,,,,,,,,,,,,,,,,,,,,,20,,,,,,0,,,,,,,,,,,,,,,,,,,,,,,,,,,,
2013-12-11,MK0313YHGAMV0C,Hitachi HDS723030ALA640,3000592982016,0,,65536,,,,,,,,0,,,,,,16735,,,,,,,,,,,,,,,,,,,,,,,,,,,,,,26,,,,,,0,,,,,,,,,,,,,,,,,,,,,,,,,,,,
2013-12-11,W300BAS8,ST4000DM000,4000787030016,0,,71847544,,,,,,,,0,,,,,,4290,,,,,,,,,,,,,,,,,,,,,,,,,,,,,,20,,,,,,0,,,,,,,,,,,,,,,,,,,,,,,,,,,,
2013-12-11,MJ0351YNG9UVRA,Hitachi HDS5C3030ALA630,3000592982016,0,,0,,,,,,,,0,,,,,,7974,,,,,,,,,,,,,,,,,,,,,,,,,,,,,,28,,,,,,0,,,,,,,,,,,,,,,,,,,,,,,,,,,,
2013-12-11,JK11A8B9J7XB4F,Hitachi HDS722020ALA330,2000398934016,0,,65537,,,,,,,,0,,,,,,24914,,,,,,,,,,,,,,,,,,,,,,,,,,,,,,29,,,,,,0,,,,,,,,,,,,,,,,,,,,,,,,,,,,
2013-12-11,S1F06JPL,ST3000DM001,3000592982016,0,,156079272,,,,,,,,616,,,,,,13361,,,,,,,,,,,,,,,,,,,,,,,,,,,,,,23,,,,,,24,,,,,,,,,,,,,,,,,,,,,,,,,,,,
2013-12-11,JK1160YAHJE25T,Hitachi HDS722020ALA330,2000398934016,0,,0,,,,,,,,0,,,,,,24032,,,,,,,,,,,,,,,,,,,,,,,,,,,,,,20,,,,,,0,,,,,,,,,,,,,,,,,,,,,,,,,,,,
2013-12-11,MK0333YHGNWTJC,Hitachi HDS723030ALA640,3000592982016,0,,0,,,,,,,,0,,,,,,17761,,,,,,,,,,,,,,,,,,,,,,,,,,,,,,26,,,,,,2,,,,,,,,,,,,,,,,,,,,,,,,,,,,
2013-12-11,JK1101B9JNR5AR,Hitachi HDS722020ALA330,2000398934016,0,,0,,,,,,,,0,,,,,,23587,,,,,,,,,,,,,,,,,,,,,,,,,,,,,,31,,,,,,0,,,,,,,,,,,,,,,,,,,,,,,,,,,,
2013-12-11,WD-WCC1T1243617,WDC WD30EFRX,3000592982016,0,,0,,,,,,,,0,,,,,,1185,,,,,,,,,,,,,,,,,,,,,,,,,,,,,,22,,,,,,0,,,,,,,,,,,,,,,,,,,,,,,,,,,,
2013-12-11,S1F06KRX,ST3000DM001,3000592982016,0,,229269168,,,,,,,,0,,,,,,13914,,,,,,,,,,,,,,,,,,,,,,,,,,,,,,26,,,,,,0,,,,,,,,,,,,,,,,,,,,,,,,,,,,
2013-12-11,W300BBSP,ST4000DM000,4000787030016,0,,97079320,,,,,,,,0,,,,,,3611,,,,,,,,,,,,,,,,,,,,,,,,,,,,,,21,,,,,,0,,,,,,,,,,,,,,,,,,,,,,,,,,,,
2013-12-11,MJ1311YNG3EE8A,Hitachi HDS5C3030ALA630,3000592982016,0,,0,,,,,,,,0,,,,,,19586,,,,,,,,,,,,,,,,,,,,,,,,,,,,,,22,,,,,,0,,,,,,,,,,,,,,,,,,,,,,,,,,,,
2013-12-11,W300D3P2,ST4000DM000,4000787030016,0,,154572584,,,,,,,,0,,,,,,4163,,,,,,,,,,,,,,,,,,,,,,,,,,,,,,24,,,,,,0,,,,,,,,,,,,,,,,,,,,,,,,,,,,
2013-12-11,MK0311YHGEXL0A,Hitachi HDS723030ALA640,3000592982016,0,,0,,,,,,,,0,,,,,,16805,,,,,,,,,,,,,,,,,,,,,,,,,,,,,,26,,,,,,0,,,,,,,,,,,,,,,,,,,,,,,,,,,,
2013-12-11,W1F03XYA,ST3000DM001,3000592982016,0,,238906672,,,,,,,,0,,,,,,14993,,,,,,,,,,,,,,,,,,,,,,,,,,,,,,21,,,,,,0,,,,,,,,,,,,,,,,,,,,,,,,,,,,
2013-12-11,MJ1311YNG3E3BA,Hitachi HDS5C3030ALA630,3000592982016,0,,0,,,,,,,,0,,,,,,18928,,,,,,,,,,,,,,,,,,,,,,,,,,,,,,26,,,,,,0,,,,,,,,,,,,,,,,,,,,,,,,,,,,
2013-12-11,MK0331YHGKX46A,Hitachi HDS723030ALA640,3000592982016,0,,0,,,,,,,,0,,,,,,17754,,,,,,,,,,,,,,,,,,,,,,,,,,,,,,24,,,,,,0,,,,,,,,,,,,,,,,,,,,,,,,,,,,
2013-12-11,Z3002X6J,ST4000DM000,4000787030016,0,,163635200,,,,,,,,0,,,,,,130,,,,,,,,,,,,,,,,,,,,,,,,,,,,,,22,,,,,,0,,,,,,,,,,,,,,,,,,,,,,,,,,,,
2013-12-11,6VS08RP9,ST31500341AS,1500301910016,0,,148769348,,,,,,,,6,,,,,,14572,,,,,,,,,,,,,,,,,,,,,,,,,,,,,,26,,,,,,0,,,,,,,,,,,,,,,,,,,,,,,,,,,,
2013-12-11,W1F09DQ1,ST3000DM001,3000592982016,0,,179831664,,,,,,,,0,,,,,,13373,,,,,,,,,,,,,,,,,,,,,,,,,,,,,,21,,,,,,0,,,,,,,,,,,,,,,,,,,,,,,,,,,,
2013-12-11,S1F0TQSB,ST3000DM001,3000592982016,0,,241104704,,,,,,,,0,,,,,,10719,,,,,,,,,,,,,,,,,,,,,,,,,,,,,,28,,,,,,0,,,,,,,,,,,,,,,,,,,,,,,,,,,,
2013-12-11,JK11A8B9J30Y1F,Hitachi HDS722020ALA330,2000398934016,0,,0,,,,,,,,0,,,,,,24432,,,,,,,,,,,,,,,,,,,,,,,,,,,,,,25,,,,,,0,,,,,,,,,,,,,,,,,,,,,,,,,,,,
2013-12-11,MJ0351YNG9W19A,Hitachi HDS5C3030ALA630,3000592982016,0,,0,,,,,,,,0,,,,,,8618,,,,,,,,,,,,,,,,,,,,,,,,,,,,,,31,,,,,,0,,,,,,,,,,,,,,,,,,,,,,,,,,,,
2013-12-11,Z300WF0H,ST4000DM000,4000787030016,0,,35372280,,,,,,,,0,,,,,,815,,,,,,,,,,,,,,,,,,,,,,,,,,,,,,21,,,,,,0,,,,,,,,,,,,,,,,,,,,,,,,,,,,
2013-12-11,PL2311LAG1J8TC,Hitachi HDS5C4040ALE630,4000787030016,0,,0,,,,,,,,0,,,,,,7757,,,,,,,,,,,,,,,,,,,,,,,,,,,,,,24,,,,,,0,,,,,,,,,,,,,,,,,,,,,,,,,,,,
2013-12-11,MJ0351YNGAAM5A,Hitachi HDS5C3030ALA630,3000592982016,0,,0,,,,,,,,0,,,,,,7975,,,,,,,,,,,,,,,,,,,,,,,,,,,,,,26,,,,,,0,,,,,,,,,,,,,,,,,,,,,,,,,,,,
2013-12-11,W300BBS9,ST4000DM000,4000787030016,0,,20307816,,,,,,,,0,,,,,,3588,,,,,,,,,,,,,,,,,,,,,,,,,,,,,,24,,,,,,0,,,,,,,,,,,,,,,,,,,,,,,,,,,,
2013-12-11,WD-WCAU47261856,WDC WD10EADS,1000204886016,0,,5,,,,,,,,0,,,,,,40924,,,,,,,,,,,,,,,,,,,,,,,,,,,,,,27,,,,,,0,,,,,,,,,,,,,,,,,,,,,,,,,,,,
2013-12-11,PL2311LAG1NX7C,Hitachi HDS5C4040ALE630,4000787030016,0,,0,,,,,,,,0,,,,,,7435,,,,,,,,,,,,,,,,,,,,,,,,,,,,,,27,,,,,,0,,,,,,,,,,,,,,,,,,,,,,,,,,,,
2013-12-11,PL1311LAG3D3JH,Hitachi HDS5C4040ALE630,4000787030016,0,,0,,,,,,,,0,,,,,,3631,,,,,,,,,,,,,,,,,,,,,,,,,,,,,,27,,,,,,0,,,,,,,,,,,,,,,,,,,,,,,,,,,,
2013-12-11,PL1311LAG39YRH,Hitachi HDS5C4040ALE630,4000787030016,0,,0,,,,,,,,0,,,,,,5670,,,,,,,,,,,,,,,,,,,,,,,,,,,,,,15,,,,,,0,,,,,,,,,,,,,,,,,,,,,,,,,,,,
2013-12-11,Z1F06H4F,ST3000DM001,3000592982016,0,,242283912,,,,,,,,0,,,,,,15038,,,,,,,,,,,,,,,,,,,,,,,,,,,,,,20,,,,,,0,,,,,,,,,,,,,,,,,,,,,,,,,,,,
2013-12-11,JK11A8B9J7J53F,Hitachi HDS722020ALA330,2000398934016,0,,0,,,,,,,,0,,,,,,24544,,,,,,,,,,,,,,,,,,,,,,,,,,,,,,29,,,,,,0,,,,,,,,,,,,,,,,,,,,,,,,,,,,
2013-12-11,W1F08HCQ,ST3000DM001,3000592982016,0,,126641648,,,,,,,,0,,,,,,14213,,,,,,,,,,,,,,,,,,,,,,,,,,,,,,23,,,,,,0,,,,,,,,,,,,,,,,,,,,,,,,,,,,
2013-12-11,9XW03BKR,ST31500541AS,1500301910016,0,,173404563,,,,,,,,0,,,,,,32923,,,,,,,,,,,,,,,,,,,,,,,,,,,,,,20,,,,,,0,,,,,,,,,,,,,,,,,,,,,,,,,,,,
2013-12-11,S1F0RS3B,ST3000DM001,3000592982016,0,,46571152,,,,,,,,0,,,,,,10539,,,,,,,,,,,,,,,,,,,,,,,,,,,,,,26,,,,,,0,,,,,,,,,,,,,,,,,,,,,,,,,,,,
2013-12-11,Z300D6GE,ST4000DM000,4000787030016,0,,190765576,,,,,,,,0,,,,,,2257,,,,,,,,,,,,,,,,,,,,,,,,,,,,,,25,,,,,,0,,,,,,,,,,,,,,,,,,,,,,,,,,,,
2013-12-11,JK1104B8GDB9ZW,Hitachi HDS722020ALA330,2000398934016,0,,65536,,,,,,,,0,,,,,,27539,,,,,,,,,,,,,,,,,,,,,,,,,,,,,,22,,,,,,0,,,,,,,,,,,,,,,,,,,,,,,,,,,,
2013-12-11,JK1101B8KKP69Z,Hitachi HDS722020ALA330,2000398934016,0,,0,,,,,,,,43,,,,,,22861,,,,,,,,,,,,,,,,,,,,,,,,,,,,,,25,,,,,,0,,,,,,,,,,,,,,,,,,,,,,,,,,,,
2013-12-11,Z1Z04PTT,ST4000DX000,4000787030016,0,,219203006,,,,,,,,0,,,,,,5379,,,,,,,,,,,,,,,,,,,,,,,,,,,,,,26,,,,,,0,,,,,,,,,,,,,,,,,,,,,,,,,,,,
2013-12-11,Z300DLJC,ST4000DM000,4000787030016,0,,112319920,,,,,,,,0,,,,,,2216,,,,,,,,,,,,,,,,,,,,,,,,,,,,,,20,,,,,,0,,,,,,,,,,,,,,,,,,,,,,,,,,,,
2013-12-11,PL1331LAGB5A8H,Hitachi HDS5C4040ALE630,4000787030016,0,,0,,,,,,,,0,,,,,,5076,,,,,,,,,,,,,,,,,,,,,,,,,,,,,,23,,,,,,0,,,,,,,,,,,,,,,,,,,,,,,,,,,,
2013-12-11,MK0331YHGMYZJD,Hitachi HDS723030ALA640,3000592982016,0,,0,,,,,,,,0,,,,,,17754,,,,,,,,,,,,,,,,,,,,,,,,,,,,,,25,,,,,,0,,,,,,,,,,,,,,,,,,,,,,,,,,,,
2013-12-11,Z252JT6AS,TOSHIBA DT01ACA300,3000592982016,0,,0,,,,,,,,0,,,,,,6615,,,,,,,,,,,,,,,,,,,,,,,,,,,,,,27,,,,,,0,,,,,,,,,,,,,,,,,,,,,,,,,,,,
2013-12-11,W3009120,ST4000DM000,4000787030016,0,,79793640,,,,,,,,0,,,,,,4354,,,,,,,,,,,,,,,,,,,,,,,,,,,,,,25,,,,,,0,,,,,,,,,,,,,,,,,,,,,,,,,,,,
2013-12-11,JK11A8B9J0UY3F,Hitachi HDS722020ALA330,2000398934016,0,,0,,,,,,,,0,,,,,,26144,,,,,,,,,,,,,,,,,,,,,,,,,,,,,,28,,,,,,0,,,,,,,,,,,,,,,,,,,,,,,,,,,,
2013-12-11,JK11A8B9J7WHPF,Hitachi HDS722020ALA330,2000398934016,0,,0,,,,,,,,0,,,,,,24911,,,,,,,,,,,,,,,,,,,,,,,,,,,,,,28,,,,,,0,,,,,,,,,,,,,,,,,,,,,,,,,,,,
2013-12-11,PL1311LAG38SHH,Hitachi HDS5C4040ALE630,4000787030016,0,,0,,,,,,,,0,,,,,,6639,,,,,,,,,,,,,,,,,,,,,,,,,,,,,,24,,,,,,0,,,,,,,,,,,,,,,,,,,,,,,,,,,,
2013-12-11,W3004XVX,ST4000DM000,4000787030016,0,,70137512,,,,,,,,0,,,,,,2874,,,,,,,,,,,,,,,,,,,,,,,,,,,,,,22,,,,,,0,,,,,,,,,,,,,,,,,,,,,,,,,,,,
2013-12-11,Z300WWGZ,ST4000DM000,4000787030016,0,,83380800,,,,,,,,0,,,,,,918,,,,,,,,,,,,,,,,,,,,,,,,,,,,,,20,,,,,,0,,,,,,,,,,,,,,,,,,,,,,,,,,,,
2013-12-11,W300CDJ1,ST4000DM000,4000787030016,0,,14118696,,,,,,,,0,,,,,,1858,,,,,,,,,,,,,,,,,,,,,,,,,,,,,,25,,,,,,0,,,,,,,,,,,,,,,,,,,,,,,,,,,,
2013-12-11,MJ0351YNG9KU3A,Hitachi HDS5C3030ALA630,3000592982016,0,,0,,,,,,,,0,,,,,,9941,,,,,,,,,,,,,,,,,,,,,,,,,,,,,,28,,,,,,0,,,,,,,,,,,,,,,,,,,,,,,,,,,,
2013-12-11,Z1F0BYN2,ST3000DM001,3000592982016,0,,172374248,,,,,,,,0,,,,,,12178,,,,,,,,,,,,,,,,,,,,,,,,,,,,,,32,,,,,,0,,,,,,,,,,,,,,,,,,,,,,,,,,,,
2013-12-11,9XK0DLGN,ST33000651AS,3000592982016,0,,70695775,,,,,,,,0,,,,,,13595,,,,,,,,,,,,,,,,,,,,,,,,,,,,,,26,,,,,,0,,,,,,,,,,,,,,,,,,,,,,,,,,,,
2013-12-11,9XK0PQ6W,ST33000651AS,3000592982016,0,,55923194,,,,,,,,0,,,,,,16135,,,,,,,,,,,,,,,,,,,,,,,,,,,,,,24,,,,,,0,,,,,,,,,,,,,,,,,,,,,,,,,,,,
2013-12-11,W300D4WP,ST4000DM000,4000787030016,0,,8823704,,,,,,,,0,,,,,,2261,,,,,,,,,,,,,,,,,,,,,,,,,,,,,,22,,,,,,0,,,,,,,,,,,,,,,,,,,,,,,,,,,,
2013-12-11,PL1311LAG27R4H,Hitachi HDS5C4040ALE630,4000787030016,0,,0,,,,,,,,0,,,,,,7458,,,,,,,,,,,,,,,,,,,,,,,,,,,,,,25,,,,,,0,,,,,,,,,,,,,,,,,,,,,,,,,,,,
2013-12-11,W1F12523,ST3000DM001,3000592982016,0,,68260328,,,,,,,,0,,,,,,10210,,,,,,,,,,,,,,,,,,,,,,,,,,,,,,22,,,,,,0,,,,,,,,,,,,,,,,,,,,,,,,,,,,
2013-12-11,JK11A8B9J1GA8F,Hitachi HDS722020ALA330,2000398934016,0,,0,,,,,,,,0,,,,,,23991,,,,,,,,,,,,,,,,,,,,,,,,,,,,,,30,,,,,,0,,,,,,,,,,,,,,,,,,,,,,,,,,,,
2013-12-11,JK2171B9HYWXGL,Hitachi HDS722020ALA330,2000398934016,0,,0,,,,,,,,0,,,,,,26010,,,,,,,,,,,,,,,,,,,,,,,,,,,,,,29,,,,,,0,,,,,,,,,,,,,,,,,,,,,,,,,,,,
2013-12-11,MJ0351YNG9ZJ3A,Hitachi HDS5C3030ALA630,3000592982016,0,,0,,,,,,,,0,,,,,,9483,,,,,,,,,,,,,,,,,,,,,,,,,,,,,,28,,,,,,0,,,,,,,,,,,,,,,,,,,,,,,,,,,,
2013-12-11,S1F0FYYH,ST3000DM001,3000592982016,0,,202496992,,,,,,,,0,,,,,,12176,,,,,,,,,,,,,,,,,,,,,,,,,,,,,,32,,,,,,0,,,,,,,,,,,,,,,,,,,,,,,,,,,,
2013-12-11,Z1Z05LLP,ST4000DX000,4000787030016,0,,230496755,,,,,,,,0,,,,,,5038,,,,,,,,,,,,,,,,,,,,,,,,,,,,,,35,,,,,,0,,,,,,,,,,,,,,,,,,,,,,,,,,,,
2013-12-11,JK11A8B9J8EJGF,Hitachi HDS722020ALA330,2000398934016,0,,0,,,,,,,,0,,,,,,24496,,,,,,,,,,,,,,,,,,,,,,,,,,,,,,29,,,,,,0,,,,,,,,,,,,,,,,,,,,,,,,,,,,
2013-12-11,MJ1321YNG0G9SA,Hitachi HDS5C3030ALA630,3000592982016,0,,917504,,,,,,,,0,,,,,,20480,,,,,,,,,,,,,,,,,,,,,,,,,,,,,,26,,,,,,0,,,,,,,,,,,,,,,,,,,,,,,,,,,,
2013-12-11,MK0311YHGDYD7A,Hitachi HDS723030ALA640,3000592982016,0,,0,,,,,,,,0,,,,,,21459,,,,,,,,,,,,,,,,,,,,,,,,,,,,,,22,,,,,,0,,,,,,,,,,,,,,,,,,,,,,,,,,,,
2013-12-11,S1F0R4Q8,ST3000DM001,3000592982016,0,,9048792,,,,,,,,0,,,,,,11640,,,,,,,,,,,,,,,,,,,,,,,,,,,,,,26,,,,,,0,,,,,,,,,,,,,,,,,,,,,,,,,,,,
2013-12-11,WD-WCAU44830742,WDC WD10EACS,1000204886016,0,,0,,,,,,,,0,,,,,,43313,,,,,,,,,,,,,,,,,,,,,,,,,,,,,,19,,,,,,0,,,,,,,,,,,,,,,,,,,,,,,,,,,,
2013-12-11,JK1101B9KJWK4F,Hitachi HDS722020ALA330,2000398934016,0,,0,,,,,,,,0,,,,,,23099,,,,,,,,,,,,,,,,,,,,,,,,,,,,,,26,,,,,,0,,,,,,,,,,,,,,,,,,,,,,,,,,,,
2013-12-11,WD-WCAU45891246,WDC WD10EACS,1000204886016,0,,0,,,,,,,,0,,,,,,42343,,,,,,,,,,,,,,,,,,,,,,,,,,,,,,23,,,,,,0,,,,,,,,,,,,,,,,,,,,,,,,,,,,
2013-12-11,S1F02MTF,ST3000DM001,3000592982016,0,,32982832,,,,,,,,0,,,,,,13911,,,,,,,,,,,,,,,,,,,,,,,,,,,,,,22,,,,,,0,,,,,,,,,,,,,,,,,,,,,,,,,,,,
2013-12-11,PL1311LAG3D8SH,Hitachi HDS5C4040ALE630,4000787030016,0,,0,,,,,,,,0,,,,,,6650,,,,,,,,,,,,,,,,,,,,,,,,,,,,,,20,,,,,,0,,,,,,,,,,,,,,,,,,,,,,,,,,,,
2013-12-11,W300D4W0,ST4000DM000,4000787030016,0,,70716760,,,,,,,,0,,,,,,4140,,,,,,,,,,,,,,,,,,,,,,,,,,,,,,24,,,,,,0,,,,,,,,,,,,,,,,,,,,,,,,,,,,
2013-12-11,Z1F0MXEY,ST3000DM001,3000592982016,0,,168328656,,,,,,,,0,,,,,,12152,,,,,,,,,,,,,,,,,,,,,,,,,,,,,,23,,,,,,0,,,,,,,,,,,,,,,,,,,,,,,,,,,,
2013-12-11,Z1Z05QKF,ST4000DX000,4000787030016,0,,3743855,,,,,,,,0,,,,,,5039,,,,,,,,,,,,,,,,,,,,,,,,,,,,,,31,,,,,,0,,,,,,,,,,,,,,,,,,,,,,,,,,,,
2013-12-11,W300DBQV,ST4000DM000,4000787030016,0,,216596176,,,,,,,,0,,,,,,909,,,,,,,,,,,,,,,,,,,,,,,,,,,,,,24,,,,,,0,,,,,,,,,,,,,,,,,,,,,,,,,,,,
2013-12-11,MJ1311YNG3HR2A,Hitachi HDS5C3030ALA630,3000592982016,0,,0,,,,,,,,0,,,,,,14685,,,,,,,,,,,,,,,,,,,,,,,,,,,,,,21,,,,,,0,,,,,,,,,,,,,,,,,,,,,,,,,,,,
2013-12-11,W300BJ1W,ST4000DM000,4000787030016,0,,95276272,,,,,,,,24,,,,,,4189,,,,,,,,,,,,,,,,,,,,,,,,,,,,,,23,,,,,,0,,,,,,,,,,,,,,,,,,,,,,,,,,,,
2013-12-11,S1F05NPR,ST3000DM001,3000592982016,0,,42310688,,,,,,,,0,,,,,,12345,,,,,,,,,,,,,,,,,,,,,,,,,,,,,,22,,,,,,0,,,,,,,,,,,,,,,,,,,,,,,,,,,,
2013-12-11,W300BJ1G,ST4000DM000,4000787030016,0,,158916616,,,,,,,,0,,,,,,3611,,,,,,,,,,,,,,,,,,,,,,,,,,,,,,21,,,,,,0,,,,,,,,,,,,,,,,,,,,,,,,,,,,
2013-12-11,W3004YVY,ST4000DM000,4000787030016,0,,3000688,,,,,,,,0,,,,,,2873,,,,,,,,,,,,,,,,,,,,,,,,,,,,,,22,,,,,,0,,,,,,,,,,,,,,,,,,,,,,,,,,,,
2013-12-11,6XW010T1,ST31500541AS,1500301910016,0,,82323663,,,,,,,,0,,,,,,36582,,,,,,,,,,,,,,,,,,,,,,,,,,,,,,22,,,,,,0,,,,,,,,,,,,,,,,,,,,,,,,,,,,
2013-12-11,MJ0351YNG9Z22A,Hitachi HDS5C3030ALA630,3000592982016,0,,0,,,,,,,,0,,,,,,9956,,,,,,,,,,,,,,,,,,,,,,,,,,,,,,27,,,,,,0,,,,,,,,,,,,,,,,,,,,,,,,,,,,
2013-12-11,Z300KMZH,ST4000DM000,4000787030016,0,,148883920,,,,,,,,0,,,,,,2239,,,,,,,,,,,,,,,,,,,,,,,,,,,,,,19,,,,,,0,,,,,,,,,,,,,,,,,,,,,,,,,,,,
2013-12-11,6XW00TEZ,ST31500541AS,1500301910016,0,,228918940,,,,,,,,0,,,,,,36953,,,,,,,,,,,,,,,,,,,,,,,,,,,,,,23,,,,,,0,,,,,,,,,,,,,,,,,,,,,,,,,,,,
2013-12-11,MJ0351YNG9W6TA,Hitachi HDS5C3030ALA630,3000592982016,0,,0,,,,,,,,0,,,,,,9901,,,,,,,,,,,,,,,,,,,,,,,,,,,,,,26,,,,,,0,,,,,,,,,,,,,,,,,,,,,,,,,,,,
2013-12-11,Z300KMZT,ST4000DM000,4000787030016,0,,193618480,,,,,,,,0,,,,,,2257,,,,,,,,,,,,,,,,,,,,,,,,,,,,,,21,,,,,,0,,,,,,,,,,,,,,,,,,,,,,,,,,,,
2013-12-11,W1F0P24E,ST3000DM001,3000592982016,0,,197270872,,,,,,,,0,,,,,,9270,,,,,,,,,,,,,,,,,,,,,,,,,,,,,,27,,,,,,0,,,,,,,,,,,,,,,,,,,,,,,,,,,,
2013-12-11,Z1F1B6NP,ST3000DM001,3000592982016,0,,182405264,,,,,,,,0,,,,,,7989,,,,,,,,,,,,,,,,,,,,,,,,,,,,,,18,,,,,,0,,,,,,,,,,,,,,,,,,,,,,,,,,,,
2013-12-11,S1F0A4AN,ST3000DM001,3000592982016,0,,143639960,,,,,,,,0,,,,,,12840,,,,,,,,,,,,,,,,,,,,,,,,,,,,,,28,,,,,,0,,,,,,,,,,,,,,,,,,,,,,,,,,,,
2013-12-11,JK11A8B9J3AE0F,Hitachi HDS722020ALA330,2000398934016,0,,196609,,,,,,,,0,,,,,,23579,,,,,,,,,,,,,,,,,,,,,,,,,,,,,,29,,,,,,0,,,,,,,,,,,,,,,,,,,,,,,,,,,,
2013-12-11,MJ0331YNG7575A,Hitachi HDS5C3030ALA630,3000592982016,0,,0,,,,,,,,0,,,,,,10501,,,,,,,,,,,,,,,,,,,,,,,,,,,,,,27,,,,,,0,,,,,,,,,,,,,,,,,,,,,,,,,,,,
2013-12-11,W300BP14,ST4000DM000,4000787030016,0,,82456328,,,,,,,,0,,,,,,4138,,,,,,,,,,,,,,,,,,,,,,,,,,,,,,24,,,,,,0,,,,,,,,,,,,,,,,,,,,,,,,,,,,
2013-12-11,PL1321LAG3457H,Hitachi HDS5C4040ALE630,4000787030016,0,,0,,,,,,,,0,,,,,,6653,,,,,,,,,,,,,,,,,,,,,,,,,,,,,,21,,,,,,0,,,,,,,,,,,,,,,,,,,,,,,,,,,,
2013-12-11,Z300WN7Y,ST4000DM000,4000787030016,0,,57094080,,,,,,,,0,,,,,,948,,,,,,,,,,,,,,,,,,,,,,,,,,,,,,22,,,,,,0,,,,,,,,,,,,,,,,,,,,,,,,,,,,
2013-12-11,W300BJ10,ST4000DM000,4000787030016,0,,224771416,,,,,,,,0,,,,,,3611,,,,,,,,,,,,,,,,,,,,,,,,,,,,,,20,,,,,,0,,,,,,,,,,,,,,,,,,,,,,,,,,,,
2013-12-11,JK11A8B9J82WZF,Hitachi HDS722020ALA330,2000398934016,0,,0,,,,,,,,0,,,,,,25119,,,,,,,,,,,,,,,,,,,,,,,,,,,,,,31,,,,,,0,,,,,,,,,,,,,,,,,,,,,,,,,,,,
2013-12-11,MJ1311YNG32XZA,Hitachi HDS5C3030ALA630,3000592982016,0,,0,,,,,,,,0,,,,,,18040,,,,,,,,,,,,,,,,,,,,,,,,,,,,,,25,,,,,,0,,,,,,,,,,,,,,,,,,,,,,,,,,,,
2013-12-11,JK1160YAHJEKST,Hitachi HDS722020ALA330,2000398934016,0,,0,,,,,,,,0,,,,,,25205,,,,,,,,,,,,,,,,,,,,,,,,,,,,,,33,,,,,,0,,,,,,,,,,,,,,,,,,,,,,,,,,,,
2013-12-11,W1F0AM7E,ST3000DM001,3000592982016,0,,237882216,,,,,,,,0,,,,,,12359,,,,,,,,,,,,,,,,,,,,,,,,,,,,,,26,,,,,,0,,,,,,,,,,,,,,,,,,,,,,,,,,,,
2013-12-11,MJ0351YNGA646A,Hitachi HDS5C3030ALA630,3000592982016,0,,0,,,,,,,,0,,,,,,9142,,,,,,,,,,,,,,,,,,,,,,,,,,,,,,30,,,,,,0,,,,,,,,,,,,,,,,,,,,,,,,,,,,
2013-12-11,Z300PARV,ST4000DM000,4000787030016,0,,86038512,,,,,,,,0,,,,,,1233,,,,,,,,,,,,,,,,,,,,,,,,,,,,,,18,,,,,,0,,,,,,,,,,,,,,,,,,,,,,,,,,,,
2013-12-11,PL1321LAGAB76H,Hitachi HDS5C4040ALE630,4000787030016,0,,0,,,,,,,,0,,,,,,5049,,,,,,,,,,,,,,,,,,,,,,,,,,,,,,30,,,,,,0,,,,,,,,,,,,,,,,,,,,,,,,,,,,
2013-12-11,W3006HN4,ST4000DM000,4000787030016,0,,223141048,,,,,,,,0,,,,,,2902,,,,,,,,,,,,,,,,,,,,,,,,,,,,,,28,,,,,,0,,,,,,,,,,,,,,,,,,,,,,,,,,,,
2013-12-11,PL1311LAG1ZXWA,Hitachi HDS5C4040ALE630,4000787030016,0,,0,,,,,,,,0,,,,,,6653,,,,,,,,,,,,,,,,,,,,,,,,,,,,,,25,,,,,,0,,,,,,,,,,,,,,,,,,,,,,,,,,,,
2013-12-11,6XW017J8,ST31500541AS,1500301910016,0,,104206811,,,,,,,,0,,,,,,36423,,,,,,,,,,,,,,,,,,,,,,,,,,,,,,20,,,,,,0,,,,,,,,,,,,,,,,,,,,,,,,,,,,
2013-12-11,JK11A8B9J3AZ3F,Hitachi HDS722020ALA330,2000398934016,0,,0,,,,,,,,0,,,,,,22414,,,,,,,,,,,,,,,,,,,,,,,,,,,,,,25,,,,,,0,,,,,,,,,,,,,,,,,,,,,,,,,,,,
2013-12-11,MJ1311YNG783VA,Hitachi HDS5C3030ALA630,3000592982016,0,,0,,,,,,,,0,,,,,,14596,,,,,,,,,,,,,,,,,,,,,,,,,,,,,,25,,,,,,0,,,,,,,,,,,,,,,,,,,,,,,,,,,,
2013-12-11,JK1101B9GDKL6F,Hitachi HDS722020ALA330,2000398934016,0,,0,,,,,,,,0,,,,,,26837,,,,,,,,,,,,,,,,,,,,,,,,,,,,,,29,,,,,,0,,,,,,,,,,,,,,,,,,,,,,,,,,,,
2013-12-11,JK11A8B9J85L6F,Hitachi HDS722020ALA330,2000398934016,0,,0,,,,,,,,0,,,,,,26025,,,,,,,,,,,,,,,,,,,,,,,,,,,,,,29,,,,,,0,,,,,,,,,,,,,,,,,,,,,,,,,,,,
2013-12-11,PL2321LAGAS4PJ,Hitachi HDS5C4040ALE630,4000787030016,0,,0,,,,,,,,0,,,,,,5076,,,,,,,,,,,,,,,,,,,,,,,,,,,,,,24,,,,,,0,,,,,,,,,,,,,,,,,,,,,,,,,,,,
2013-12-11,W30099TR,ST4000DM000,4000787030016,0,,186633352,,,,,,,,0,,,,,,3238,,,,,,,,,,,,,,,,,,,,,,,,,,,,,,17,,,,,,0,,,,,,,,,,,,,,,,,,,,,,,,,,,,
2013-12-11,6XW17C93,ST32000542AS,2000398934016,0,,112572727,,,,,,,,0,,,,,,7816,,,,,,,,,,,,,,,,,,,,,,,,,,,,,,19,,,,,,0,,,,,,,,,,,,,,,,,,,,,,,,,,,,
2013-12-11,W300A4NM,ST4000DM000,4000787030016,0,,32846024,,,,,,,,0,,,,,,1871,,,,,,,,,,,,,,,,,,,,,,,,,,,,,,24,,,,,,0,,,,,,,,,,,,,,,,,,,,,,,,,,,,
2013-12-11,Z300MXAF,ST4000DM000,4000787030016,0,,27801168,,,,,,,,0,,,,,,2921,,,,,,,,,,,,,,,,,,,,,,,,,,,,,,19,,,,,,0,,,,,,,,,,,,,,,,,,,,,,,,,,,,
2013-12-11,Z300E3NS,ST4000DM000,4000787030016,0,,4912192,,,,,,,,0,,,,,,2843,,,,,,,,,,,,,,,,,,,,,,,,,,,,,,19,,,,,,0,,,,,,,,,,,,,,,,,,,,,,,,,,,,
2013-12-11,JK11A8B9J44NRF,Hitachi HDS722020ALA330,2000398934016,0,,0,,,,,,,,2,,,,,,26004,,,,,,,,,,,,,,,,,,,,,,,,,,,,,,25,,,,,,1,,,,,,,,,,,,,,,,,,,,,,,,,,,,
2013-12-11,MJ1321YNG0TAGA,Hitachi HDS5C3030ALA630,3000592982016,0,,0,,,,,,,,0,,,,,,20067,,,,,,,,,,,,,,,,,,,,,,,,,,,,,,26,,,,,,0,,,,,,,,,,,,,,,,,,,,,,,,,,,,
2013-12-11,S1F059G0,ST3000DM001,3000592982016,0,,129723816,,,,,,,,0,,,,,,13358,,,,,,,,,,,,,,,,,,,,,,,,,,,,,,26,,,,,,0,,,,,,,,,,,,,,,,,,,,,,,,,,,,
2013-12-11,JK11A8YBKYWRLF,Hitachi HDS722020ALA330,2000398934016,0,,0,,,,,,,,0,,,,,,27740,,,,,,,,,,,,,,,,,,,,,,,,,,,,,,21,,,,,,0,,,,,,,,,,,,,,,,,,,,,,,,,,,,
2013-12-11,Z300MFJW,ST4000DM000,4000787030016,0,,91941696,,,,,,,,0,,,,,,2901,,,,,,,,,,,,,,,,,,,,,,,,,,,,,,26,,,,,,0,,,,,,,,,,,,,,,,,,,,,,,,,,,,
2013-12-11,6XW01VAJ,ST31500541AS,1500301910016,0,,161027318,,,,,,,,0,,,,,,37442,,,,,,,,,,,,,,,,,,,,,,,,,,,,,,23,,,,,,0,,,,,,,,,,,,,,,,,,,,,,,,,,,,
2013-12-11,W3006HNZ,ST4000DM000,4000787030016,0,,17795544,,,,,,,,0,,,,,,2879,,,,,,,,,,,,,,,,,,,,,,,,,,,,,,20,,,,,,0,,,,,,,,,,,,,,,,,,,,,,,,,,,,
2013-12-11,PL2311LAG1TR8C,Hitachi HDS5C4040ALE630,4000787030016,0,,0,,,,,,,,0,,,,,,7415,,,,,,,,,,,,,,,,,,,,,,,,,,,,,,24,,,,,,0,,,,,,,,,,,,,,,,,,,,,,,,,,,,
2013-12-11,JK11A8B9J729WF,Hitachi HDS722020ALA330,2000398934016,0,,0,,,,,,,,0,,,,,,22687,,,,,,,,,,,,,,,,,,,,,,,,,,,,,,24,,,,,,0,,,,,,,,,,,,,,,,,,,,,,,,,,,,
2013-12-11,JK11A8B9J8T93F,Hitachi HDS722020ALA330,2000398934016,0,,0,,,,,,,,0,,,,,,26004,,,,,,,,,,,,,,,,,,,,,,,,,,,,,,28,,,,,,0,,,,,,,,,,,,,,,,,,,,,,,,,,,,
2013-12-11,W1F1DNHQ,ST3000DM001,3000592982016,0,,79596272,,,,,,,,0,,,,,,8179,,,,,,,,,,,,,,,,,,,,,,,,,,,,,,24,,,,,,0,,,,,,,,,,,,,,,,,,,,,,,,,,,,
2013-12-11,MJ0351YNG9RV4A,Hitachi HDS5C3030ALA630,3000592982016,0,,0,,,,,,,,0,,,,,,7610,,,,,,,,,,,,,,,,,,,,,,,,,,,,,,23,,,,,,0,,,,,,,,,,,,,,,,,,,,,,,,,,,,
2013-12-11,JK11A8B9J7X09F,Hitachi HDS722020ALA330,2000398934016,0,,0,,,,,,,,0,,,,,,26010,,,,,,,,,,,,,,,,,,,,,,,,,,,,,,24,,,,,,0,,,,,,,,,,,,,,,,,,,,,,,,,,,,
2013-12-11,JK11A8B9J1R2KF,Hitachi HDS722020ALA330,2000398934016,0,,0,,,,,,,,0,,,,,,25120,,,,,,,,,,,,,,,,,,,,,,,,,,,,,,34,,,,,,0,,,,,,,,,,,,,,,,,,,,,,,,,,,,
2013-12-11,W300J4TB,ST4000DM000,4000787030016,0,,134575880,,,,,,,,0,,,,,,919,,,,,,,,,,,,,,,,,,,,,,,,,,,,,,18,,,,,,0,,,,,,,,,,,,,,,,,,,,,,,,,,,,
2013-12-11,JK11A1YAJH799V,Hitachi HDS722020ALA330,2000398934016,0,,0,,,,,,,,0,,,,,,28852,,,,,,,,,,,,,,,,,,,,,,,,,,,,,,30,,,,,,0,,,,,,,,,,,,,,,,,,,,,,,,,,,,
2013-12-11,W300JK7F,ST4000DM000,4000787030016,0,,132033248,,,,,,,,0,,,,,,2239,,,,,,,,,,,,,,,,,,,,,,,,,,,,,,21,,,,,,0,,,,,,,,,,,,,,,,,,,,,,,,,,,,
2013-12-11,MJ1311YNG60WPA,Hitachi HDS5C3030ALA630,3000592982016,0,,0,,,,,,,,0,,,,,,14621,,,,,,,,,,,,,,,,,,,,,,,,,,,,,,23,,,,,,0,,,,,,,,,,,,,,,,,,,,,,,,,,,,
2013-12-11,PL1331LAGAZ8LH,Hitachi HDS5C4040ALE630,4000787030016,0,,0,,,,,,,,0,,,,,,5077,,,,,,,,,,,,,,,,,,,,,,,,,,,,,,26,,,,,,0,,,,,,,,,,,,,,,,,,,,,,,,,,,,
2013-12-11,JK1101B8JNYSHZ,Hitachi HDS722020ALA330,2000398934016,0,,65536,,,,,,,,0,,,,,,23990,,,,,,,,,,,,,,,,,,,,,,,,,,,,,,27,,,,,,0,,,,,,,,,,,,,,,,,,,,,,,,,,,,
2013-12-11,PL1331LAG5GUHH,HGST HMS5C4040ALE640,4000787030016,0,,0,,,,,,,,0,,,,,,9402,,,,,,,,,,,,,,,,,,,,,,,,,,,,,,29,,,,,,0,,,,,,,,,,,,,,,,,,,,,,,,,,,,
2013-12-11,W3005Q32,ST4000DM000,4000787030016,0,,83193000,,,,,,,,0,,,,,,2893,,,,,,,,,,,,,,,,,,,,,,,,,,,,,,22,,,,,,0,,,,,,,,,,,,,,,,,,,,,,,,,,,,
2013-12-11,PL1311LAG208YA,Hitachi HDS5C4040ALE630,4000787030016,0,,0,,,,,,,,0,,,,,,7757,,,,,,,,,,,,,,,,,,,,,,,,,,,,,,25,,,,,,0,,,,,,,,,,,,,,,,,,,,,,,,,,,,
2013-12-11,S1F04DK9,ST3000DM001,3000592982016,0,,121284824,,,,,,,,0,,,,,,13341,,,,,,,,,,,,,,,,,,,,,,,,,,,,,,27,,,,,,32,,,,,,,,,,,,,,,,,,,,,,,,,,,,
2013-12-11,WD-WCAU47213092,WDC WD10EADS,1000204886016,0,,0,,,,,,,,0,,,,,,40816,,,,,,,,,,,,,,,,,,,,,,,,,,,,,,26,,,,,,0,,,,,,,,,,,,,,,,,,,,,,,,,,,,
2013-12-11,S1F0S400,ST3000DM001,3000592982016,0,,64496336,,,,,,,,0,,,,,,10398,,,,,,,,,,,,,,,,,,,,,,,,,,,,,,28,,,,,,0,,,,,,,,,,,,,,,,,,,,,,,,,,,,
2013-12-11,MJ1311YNG3HAJA,Hitachi HDS5C3030ALA630,3000592982016,0,,327684,,,,,,,,0,,,,,,19587,,,,,,,,,,,,,,,,,,,,,,,,,,,,,,24,,,,,,0,,,,,,,,,,,,,,,,,,,,,,,,,,,,
2013-12-11,PL1311LAG14LJA,Hitachi HDS5C4040ALE630,4000787030016,0,,0,,,,,,,,0,,,,,,7435,,,,,,,,,,,,,,,,,,,,,,,,,,,,,,28,,,,,,0,,,,,,,,,,,,,,,,,,,,,,,,,,,,
2013-12-11,W300BWQE,ST4000DM000,4000787030016,0,,50165008,,,,,,,,0,,,,,,4146,,,,,,,,,,,,,,,,,,,,,,,,,,,,,,24,,,,,,0,,,,,,,,,,,,,,,,,,,,,,,,,,,,
2013-12-11,MJ1311YNG3EEEA,Hitachi HDS5C3030ALA630,3000592982016,0,,0,,,,,,,,0,,,,,,19587,,,,,,,,,,,,,,,,,,,,,,,,,,,,,,23,,,,,,0,,,,,,,,,,,,,,,,,,,,,,,,,,,,
2013-12-11,MK0313YHGB5MTC,Hitachi HDS723030ALA640,3000592982016,0,,0,,,,,,,,0,,,,,,21462,,,,,,,,,,,,,,,,,,,,,,,,,,,,,,29,,,,,,0,,,,,,,,,,,,,,,,,,,,,,,,,,,,
2013-12-11,MJ0351YNGA3GWA,Hitachi HDS5C3030ALA630,3000592982016,0,,0,,,,,,,,0,,,,,,8214,,,,,,,,,,,,,,,,,,,,,,,,,,,,,,30,,,,,,0,,,,,,,,,,,,,,,,,,,,,,,,,,,,
2013-12-11,JK11A8B9J3VD2F,Hitachi HDS722020ALA330,2000398934016,0,,0,,,,,,,,0,,,,,,23511,,,,,,,,,,,,,,,,,,,,,,,,,,,,,,28,,,,,,0,,,,,,,,,,,,,,,,,,,,,,,,,,,,
2013-12-11,Z300GYQ7,ST4000DM000,4000787030016,0,,125995352,,,,,,,,0,,,,,,3581,,,,,,,,,,,,,,,,,,,,,,,,,,,,,,27,,,,,,0,,,,,,,,,,,,,,,,,,,,,,,,,,,,
2013-12-11,Z300GYQ2,ST4000DM000,4000787030016,0,,133145824,,,,,,,,0,,,,,,3583,,,,,,,,,,,,,,,,,,,,,,,,,,,,,,24,,,,,,0,,,,,,,,,,,,,,,,,,,,,,,,,,,,
2013-12-11,9XK0NR7S,ST33000651AS,3000592982016,0,,115936129,,,,,,,,0,,,,,,18074,,,,,,,,,,,,,,,,,,,,,,,,,,,,,,25,,,,,,0,,,,,,,,,,,,,,,,,,,,,,,,,,,,
2013-12-11,S1F0CWBY,ST3000DM001,3000592982016,0,,13383656,,,,,,,,0,,,,,,12358,,,,,,,,,,,,,,,,,,,,,,,,,,,,,,25,,,,,,0,,,,,,,,,,,,,,,,,,,,,,,,,,,,
2013-12-11,MJ0351YNG9UR8A,Hitachi HDS5C3030ALA630,3000592982016,0,,0,,,,,,,,40,,,,,,9525,,,,,,,,,,,,,,,,,,,,,,,,,,,,,,34,,,,,,179,,,,,,,,,,,,,,,,,,,,,,,,,,,,
2013-12-11,MJ1311YNG5L5PA,Hitachi HDS5C3030ALA630,3000592982016,0,,0,,,,,,,,0,,,,,,14289,,,,,,,,,,,,,,,,,,,,,,,,,,,,,,31,,,,,,0,,,,,,,,,,,,,,,,,,,,,,,,,,,,
2013-12-11,MJ0351YNGA8N7A,Hitachi HDS5C3030ALA630,3000592982016,0,,0,,,,,,,,0,,,,,,7935,,,,,,,,,,,,,,,,,,,,,,,,,,,,,,29,,,,,,0,,,,,,,,,,,,,,,,,,,,,,,,,,,,
2013-12-11,S1F074X1,ST3000DM001,3000592982016,0,,181773736,,,,,,,,216,,,,,,12418,,,,,,,,,,,,,,,,,,,,,,,,,,,,,,26,,,,,,0,,,,,,,,,,,,,,,,,,,,,,,,,,,,
2013-12-11,Z300GYQT,ST4000DM000,4000787030016,0,,198726248,,,,,,,,0,,,,,,2900,,,,,,,,,,,,,,,,,,,,,,,,,,,,,,27,,,,,,0,,,,,,,,,,,,,,,,,,,,,,,,,,,,
2013-12-11,Z300GYQQ,ST4000DM000,4000787030016,0,,23763312,,,,,,,,0,,,,,,3627,,,,,,,,,,,,,,,,,,,,,,,,,,,,,,21,,,,,,0,,,,,,,,,,,,,,,,,,,,,,,,,,,,
2013-12-11,Z300GYQE,ST4000DM000,4000787030016,0,,140989800,,,,,,,,0,,,,,,3584,,,,,,,,,,,,,,,,,,,,,,,,,,,,,,22,,,,,,0,,,,,,,,,,,,,,,,,,,,,,,,,,,,
2013-12-11,S1F03RW6,ST3000DM001,3000592982016,0,,236220528,,,,,,,,0,,,,,,13345,,,,,,,,,,,,,,,,,,,,,,,,,,,,,,30,,,,,,8,,,,,,,,,,,,,,,,,,,,,,,,,,,,
2013-12-11,JK11A8B9J84VNF,Hitachi HDS722020ALA330,2000398934016,0,,1,,,,,,,,1,,,,,,25125,,,,,,,,,,,,,,,,,,,,,,,,,,,,,,34,,,,,,0,,,,,,,,,,,,,,,,,,,,,,,,,,,,
2013-12-11,Z300P88C,ST4000DM000,4000787030016,0,,103864240,,,,,,,,0,,,,,,1232,,,,,,,,,,,,,,,,,,,,,,,,,,,,,,18,,,,,,0,,,,,,,,,,,,,,,,,,,,,,,,,,,,
2013-12-11,Z1F0QKMV,ST3000DM001,3000592982016,0,,85466456,,,,,,,,0,,,,,,11693,,,,,,,,,,,,,,,,,,,,,,,,,,,,,,24,,,,,,0,,,,,,,,,,,,,,,,,,,,,,,,,,,,
2013-12-11,Z300P88Y,ST4000DM000,4000787030016,0,,54564192,,,,,,,,0,,,,,,1112,,,,,,,,,,,,,,,,,,,,,,,,,,,,,,22,,,,,,0,,,,,,,,,,,,,,,,,,,,,,,,,,,,
2013-12-11,WD-WCAWZ1170616,WDC WD30EZRX,3000592982016,0,,0,,,,,,,,0,,,,,,17598,,,,,,,,,,,,,,,,,,,,,,,,,,,,,,22,,,,,,0,,,,,,,,,,,,,,,,,,,,,,,,,,,,
2013-12-11,MJ0351YNG9TBXA,Hitachi HDS5C3030ALA630,3000592982016,0,,0,,,,,,,,0,,,,,,9477,,,,,,,,,,,,,,,,,,,,,,,,,,,,,,27,,,,,,0,,,,,,,,,,,,,,,,,,,,,,,,,,,,
2013-12-11,MJ1321YNG0X7YA,Hitachi HDS5C3030ALA630,3000592982016,0,,0,,,,,,,,0,,,,,,20729,,,,,,,,,,,,,,,,,,,,,,,,,,,,,,32,,,,,,0,,,,,,,,,,,,,,,,,,,,,,,,,,,,
2013-12-11,Z300P88S,ST4000DM000,4000787030016,0,,77480824,,,,,,,,0,,,,,,1094,,,,,,,,,,,,,,,,,,,,,,,,,,,,,,22,,,,,,0,,,,,,,,,,,,,,,,,,,,,,,,,,,,
2013-12-11,JK11A8B9J915TF,Hitachi HDS722020ALA330,2000398934016,0,,0,,,,,,,,0,,,,,,25581,,,,,,,,,,,,,,,,,,,,,,,,,,,,,,24,,,,,,0,,,,,,,,,,,,,,,,,,,,,,,,,,,,
2013-12-11,Z300H3NS,ST4000DM000,4000787030016,0,,106534608,,,,,,,,0,,,,,,2856,,,,,,,,,,,,,,,,,,,,,,,,,,,,,,23,,,,,,0,,,,,,,,,,,,,,,,,,,,,,,,,,,,
2013-12-11,PL2311LAG1Y9SC,Hitachi HDS5C4040ALE630,4000787030016,0,,0,,,,,,,,0,,,,,,7461,,,,,,,,,,,,,,,,,,,,,,,,,,,,,,27,,,,,,0,,,,,,,,,,,,,,,,,,,,,,,,,,,,
2013-12-11,6XW0VMVD,ST31500541AS,1500301910016,0,,45356343,,,,,,,,0,,,,,,33865,,,,,,,,,,,,,,,,,,,,,,,,,,,,,,19,,,,,,0,,,,,,,,,,,,,,,,,,,,,,,,,,,,
2013-12-11,MJ1311YNG23LZA,Hitachi HDS5C3030ALA630,3000592982016,0,,0,,,,,,,,0,,,,,,18361,,,,,,,,,,,,,,,,,,,,,,,,,,,,,,25,,,,,,0,,,,,,,,,,,,,,,,,,,,,,,,,,,,
2013-12-11,PL1311LAG3AVNH,Hitachi HDS5C4040ALE630,4000787030016,0,,0,,,,,,,,0,,,,,,2981,,,,,,,,,,,,,,,,,,,,,,,,,,,,,,26,,,,,,0,,,,,,,,,,,,,,,,,,,,,,,,,,,,
2013-12-11,MJ1321YNG0LUWA,Hitachi HDS5C3030ALA630,3000592982016,0,,0,,,,,,,,0,,,,,,19798,,,,,,,,,,,,,,,,,,,,,,,,,,,,,,27,,,,,,0,,,,,,,,,,,,,,,,,,,,,,,,,,,,
2013-12-11,W1F09GJN,ST3000DM001,3000592982016,0,,42376240,,,,,,,,0,,,,,,13371,,,,,,,,,,,,,,,,,,,,,,,,,,,,,,20,,,,,,0,,,,,,,,,,,,,,,,,,,,,,,,,,,,
2013-12-11,JK11A1YAJH89ZV,Hitachi HDS722020ALA330,2000398934016,0,,0,,,,,,,,0,,,,,,28971,,,,,,,,,,,,,,,,,,,,,,,,,,,,,,30,,,,,,0,,,,,,,,,,,,,,,,,,,,,,,,,,,,
2013-12-11,9XW01RJ6,ST31500541AS,1500301910016,0,,141327934,,,,,,,,0,,,,,,35030,,,,,,,,,,,,,,,,,,,,,,,,,,,,,,19,,,,,,0,,,,,,,,,,,,,,,,,,,,,,,,,,,,
2013-12-11,PL1331LAGB741H,Hitachi HDS5C4040ALE630,4000787030016,0,,0,,,,,,,,0,,,,,,5077,,,,,,,,,,,,,,,,,,,,,,,,,,,,,,26,,,,,,0,,,,,,,,,,,,,,,,,,,,,,,,,,,,
2013-12-11,WD-WMC1T3098868,WDC WD30EFRX,3000592982016,0,,0,,,,,,,,0,,,,,,2042,,,,,,,,,,,,,,,,,,,,,,,,,,,,,,22,,,,,,0,,,,,,,,,,,,,,,,,,,,,,,,,,,,
2013-12-11,PL1311LAG27XZH,Hitachi HDS5C4040ALE630,4000787030016,0,,0,,,,,,,,0,,,,,,7386,,,,,,,,,,,,,,,,,,,,,,,,,,,,,,23,,,,,,0,,,,,,,,,,,,,,,,,,,,,,,,,,,,
2013-12-11,MJ1311YNG3LVYA,Hitachi HDS5C3030ALA630,3000592982016,0,,13,,,,,,,,0,,,,,,19586,,,,,,,,,,,,,,,,,,,,,,,,,,,,,,20,,,,,,0,,,,,,,,,,,,,,,,,,,,,,,,,,,,
2013-12-11,JK1130YAHRKUKT,Hitachi HDS722020ALA330,2000398934016,0,,720920,,,,,,,,0,,,,,,30171,,,,,,,,,,,,,,,,,,,,,,,,,,,,,,29,,,,,,0,,,,,,,,,,,,,,,,,,,,,,,,,,,,
2013-12-11,W300B38Z,ST4000DM000,4000787030016,0,,158893296,,,,,,,,0,,,,,,3603,,,,,,,,,,,,,,,,,,,,,,,,,,,,,,23,,,,,,0,,,,,,,,,,,,,,,,,,,,,,,,,,,,
2013-12-11,MJ0351YNG9Z0DA,Hitachi HDS5C3030ALA630,3000592982016,0,,0,,,,,,,,0,,,,,,9974,,,,,,,,,,,,,,,,,,,,,,,,,,,,,,22,,,,,,0,,,,,,,,,,,,,,,,,,,,,,,,,,,,
2013-12-11,MK0311YHGL7UZA,Hitachi HDS723030ALA640,3000592982016,0,,0,,,,,,,,0,,,,,,17017,,,,,,,,,,,,,,,,,,,,,,,,,,,,,,29,,,,,,0,,,,,,,,,,,,,,,,,,,,,,,,,,,,
2013-12-11,MJ0351YNG9Z7PA,Hitachi HDS5C3030ALA630,3000592982016,0,,0,,,,,,,,0,,,,,,9975,,,,,,,,,,,,,,,,,,,,,,,,,,,,,,28,,,,,,0,,,,,,,,,,,,,,,,,,,,,,,,,,,,
2013-12-11,W300B38S,ST4000DM000,4000787030016,0,,18770624,,,,,,,,0,,,,,,3604,,,,,,,,,,,,,,,,,,,,,,,,,,,,,,22,,,,,,0,,,,,,,,,,,,,,,,,,,,,,,,,,,,
2013-12-11,MJ0351YNG9VH2A,Hitachi HDS5C3030ALA630,3000592982016,0,,0,,,,,,,,0,,,,,,9986,,,,,,,,,,,,,,,,,,,,,,,,,,,,,,29,,,,,,0,,,,,,,,,,,,,,,,,,,,,,,,,,,,
2013-12-11,PL1311LAG3AU5H,Hitachi HDS5C4040ALE630,4000787030016,0,,0,,,,,,,,0,,,,,,6993,,,,,,,,,,,,,,,,,,,,,,,,,,,,,,23,,,,,,0,,,,,,,,,,,,,,,,,,,,,,,,,,,,
2013-12-11,JK1101B9KMZRYF,Hitachi HDS722020ALA330,2000398934016,0,,0,,,,,,,,0,,,,,,22862,,,,,,,,,,,,,,,,,,,,,,,,,,,,,,28,,,,,,0,,,,,,,,,,,,,,,,,,,,,,,,,,,,
2013-12-11,6XW0Y81X,ST31500541AS,1500301910016,0,,185493184,,,,,,,,28,,,,,,20785,,,,,,,,,,,,,,,,,,,,,,,,,,,,,,16,,,,,,0,,,,,,,,,,,,,,,,,,,,,,,,,,,,
2013-12-11,9XW01TZN,ST31500541AS,1500301910016,0,,128163861,,,,,,,,0,,,,,,35027,,,,,,,,,,,,,,,,,,,,,,,,,,,,,,19,,,,,,0,,,,,,,,,,,,,,,,,,,,,,,,,,,,
2013-12-11,S1F03678,ST3000DM001,3000592982016,0,,58307600,,,,,,,,0,,,,,,14724,,,,,,,,,,,,,,,,,,,,,,,,,,,,,,26,,,,,,0,,,,,,,,,,,,,,,,,,,,,,,,,,,,
2013-12-11,Z1F1QAEZ,ST3000DM001,3000592982016,0,,84788936,,,,,,,,0,,,,,,7370,,,,,,,,,,,,,,,,,,,,,,,,,,,,,,22,,,,,,0,,,,,,,,,,,,,,,,,,,,,,,,,,,,
2013-12-11,WD-WCAU45410433,WDC WD10EADS,1000204886016,0,,4,,,,,,,,0,,,,,,41081,,,,,,,,,,,,,,,,,,,,,,,,,,,,,,29,,,,,,0,,,,,,,,,,,,,,,,,,,,,,,,,,,,
2013-12-11,Z300CLKD,ST4000DM000,4000787030016,0,,62066496,,,,,,,,0,,,,,,2219,,,,,,,,,,,,,,,,,,,,,,,,,,,,,,24,,,,,,0,,,,,,,,,,,,,,,,,,,,,,,,,,,,
2013-12-11,Z300CLKG,ST4000DM000,4000787030016,0,,76190184,,,,,,,,0,,,,,,1297,,,,,,,,,,,,,,,,,,,,,,,,,,,,,,19,,,,,,0,,,,,,,,,,,,,,,,,,,,,,,,,,,,
2013-12-11,MJ1313YNG2GHPC,Hitachi HDS5C3030ALA630,3000592982016,0,,0,,,,,,,,0,,,,,,19310,,,,,,,,,,,,,,,,,,,,,,,,,,,,,,28,,,,,,0,,,,,,,,,,,,,,,,,,,,,,,,,,,,
2013-12-11,W3007K9N,ST4000DM000,4000787030016,0,,55837640,,,,,,,,0,,,,,,2222,,,,,,,,,,,,,,,,,,,,,,,,,,,,,,23,,,,,,0,,,,,,,,,,,,,,,,,,,,,,,,,,,,
2013-12-11,Z300CLKK,ST4000DM000,4000787030016,0,,62791952,,,,,,,,0,,,,,,2246,,,,,,,,,,,,,,,,,,,,,,,,,,,,,,23,,,,,,0,,,,,,,,,,,,,,,,,,,,,,,,,,,,
2013-12-11,JK11A8B9J85NAF,Hitachi HDS722020ALA330,2000398934016,0,,0,,,,,,,,0,,,,,,26025,,,,,,,,,,,,,,,,,,,,,,,,,,,,,,24,,,,,,0,,,,,,,,,,,,,,,,,,,,,,,,,,,,
2013-12-11,JK1101B9J33VUF,Hitachi HDS722020ALA330,2000398934016,0,,0,,,,,,,,0,,,,,,22704,,,,,,,,,,,,,,,,,,,,,,,,,,,,,,26,,,,,,0,,,,,,,,,,,,,,,,,,,,,,,,,,,,
2013-12-11,9XW01TZV,ST31500541AS,1500301910016,0,,47139247,,,,,,,,0,,,,,,34757,,,,,,,,,,,,,,,,,,,,,,,,,,,,,,20,,,,,,0,,,,,,,,,,,,,,,,,,,,,,,,,,,,
2013-12-11,JK1101B9J38YEF,Hitachi HDS722020ALA330,2000398934016,0,,0,,,,,,,,0,,,,,,23823,,,,,,,,,,,,,,,,,,,,,,,,,,,,,,22,,,,,,0,,,,,,,,,,,,,,,,,,,,,,,,,,,,
2013-12-11,Z1F0LQGS,ST3000DM001,3000592982016,0,,26909776,,,,,,,,0,,,,,,12024,,,,,,,,,,,,,,,,,,,,,,,,,,,,,,31,,,,,,0,,,,,,,,,,,,,,,,,,,,,,,,,,,,
2013-12-11,Z1F0LQGR,ST3000DM001,3000592982016,0,,123827256,,,,,,,,0,,,,,,10944,,,,,,,,,,,,,,,,,,,,,,,,,,,,,,24,,,,,,0,,,,,,,,,,,,,,,,,,,,,,,,,,,,
2013-12-11,MJ1311YNG7G93A,Hitachi HDS5C3030ALA630,3000592982016,0,,0,,,,,,,,0,,,,,,14596,,,,,,,,,,,,,,,,,,,,,,,,,,,,,,28,,,,,,0,,,,,,,,,,,,,,,,,,,,,,,,,,,,
2013-12-11,JK1101B9JN7Y2R,Hitachi HDS722020ALA330,2000398934016,0,,1,,,,,,,,0,,,,,,24426,,,,,,,,,,,,,,,,,,,,,,,,,,,,,,29,,,,,,0,,,,,,,,,,,,,,,,,,,,,,,,,,,,
2013-12-11,Z300CMCW,ST4000DM000,4000787030016,0,,40637752,,,,,,,,0,,,,,,2240,,,,,,,,,,,,,,,,,,,,,,,,,,,,,,21,,,,,,0,,,,,,,,,,,,,,,,,,,,,,,,,,,,
2013-12-11,S1F0231J,ST3000DM001,3000592982016,0,,33175024,,,,,,,,0,,,,,,16177,,,,,,,,,,,,,,,,,,,,,,,,,,,,,,27,,,,,,0,,,,,,,,,,,,,,,,,,,,,,,,,,,,
2013-12-11,W3009Z8S,ST4000DM000,4000787030016,0,,182892768,,,,,,,,0,,,,,,4187,,,,,,,,,,,,,,,,,,,,,,,,,,,,,,31,,,,,,0,,,,,,,,,,,,,,,,,,,,,,,,,,,,
2013-12-11,PL1311LAG35M2H,Hitachi HDS5C4040ALE630,4000787030016,0,,0,,,,,,,,0,,,,,,6641,,,,,,,,,,,,,,,,,,,,,,,,,,,,,,25,,,,,,0,,,,,,,,,,,,,,,,,,,,,,,,,,,,
2013-12-11,MJ0351YNGA8YTA,Hitachi HDS5C3030ALA630,3000592982016,0,,0,,,,,,,,0,,,,,,7950,,,,,,,,,,,,,,,,,,,,,,,,,,,,,,29,,,,,,0,,,,,,,,,,,,,,,,,,,,,,,,,,,,
2013-12-11,5XW044JA,ST31500541AS,1500301910016,0,,135915954,,,,,,,,0,,,,,,28535,,,,,,,,,,,,,,,,,,,,,,,,,,,,,,23,,,,,,0,,,,,,,,,,,,,,,,,,,,,,,,,,,,
2013-12-11,PL1301LAG33XTH,Hitachi HDS5C4040ALE630,4000787030016,0,,0,,,,,,,,0,,,,,,6654,,,,,,,,,,,,,,,,,,,,,,,,,,,,,,20,,,,,,0,,,,,,,,,,,,,,,,,,,,,,,,,,,,
2013-12-11,W300DSSS,ST4000DM000,4000787030016,0,,109729240,,,,,,,,0,,,,,,4290,,,,,,,,,,,,,,,,,,,,,,,,,,,,,,23,,,,,,0,,,,,,,,,,,,,,,,,,,,,,,,,,,,
2013-12-11,5XW03M7S,ST31500541AS,1500301910016,0,,139806930,,,,,,,,0,,,,,,36381,,,,,,,,,,,,,,,,,,,,,,,,,,,,,,19,,,,,,0,,,,,,,,,,,,,,,,,,,,,,,,,,,,
2013-12-11,PL1311LAG3BRRH,Hitachi HDS5C4040ALE630,4000787030016,0,,0,,,,,,,,0,,,,,,5302,,,,,,,,,,,,,,,,,,,,,,,,,,,,,,28,,,,,,0,,,,,,,,,,,,,,,,,,,,,,,,,,,,
2013-12-11,MJ1311YNG7EWXA,Hitachi HDS5C3030ALA630,3000592982016,0,,0,,,,,,,,0,,,,,,14682,,,,,,,,,,,,,,,,,,,,,,,,,,,,,,19,,,,,,0,,,,,,,,,,,,,,,,,,,,,,,,,,,,
2013-12-11,PL1311LAG23VTA,Hitachi HDS5C4040ALE630,4000787030016,0,,0,,,,,,,,0,,,,,,7417,,,,,,,,,,,,,,,,,,,,,,,,,,,,,,23,,,,,,0,,,,,,,,,,,,,,,,,,,,,,,,,,,,
2013-12-11,Z300WDT3,ST4000DM000,4000787030016,0,,116064432,,,,,,,,0,,,,,,948,,,,,,,,,,,,,,,,,,,,,,,,,,,,,,21,,,,,,0,,,,,,,,,,,,,,,,,,,,,,,,,,,,
2013-12-11,W1F0B86T,ST3000DM001,3000592982016,0,,179941248,,,,,,,,0,,,,,,8717,,,,,,,,,,,,,,,,,,,,,,,,,,,,,,30,,,,,,0,,,,,,,,,,,,,,,,,,,,,,,,,,,,
2013-12-11,PL1321LAGA91AH,Hitachi HDS5C4040ALE630,4000787030016,0,,0,,,,,,,,0,,,,,,5428,,,,,,,,,,,,,,,,,,,,,,,,,,,,,,20,,,,,,0,,,,,,,,,,,,,,,,,,,,,,,,,,,,
2013-12-11,Z300W5SZ,ST4000DM000,4000787030016,0,,43238664,,,,,,,,0,,,,,,920,,,,,,,,,,,,,,,,,,,,,,,,,,,,,,21,,,,,,0,,,,,,,,,,,,,,,,,,,,,,,,,,,,
2013-12-11,S1F02316,ST3000DM001,3000592982016,0,,141427672,,,,,,,,0,,,,,,13878,,,,,,,,,,,,,,,,,,,,,,,,,,,,,,26,,,,,,0,,,,,,,,,,,,,,,,,,,,,,,,,,,,
2013-12-11,WD-WCAU45241833,WDC WD10EADS,1000204886016,0,,3,,,,,,,,0,,,,,,40557,,,,,,,,,,,,,,,,,,,,,,,,,,,,,,26,,,,,,0,,,,,,,,,,,,,,,,,,,,,,,,,,,,
2013-12-11,JK11A8B9J79A6F,Hitachi HDS722020ALA330,2000398934016,0,,0,,,,,,,,0,,,,,,25581,,,,,,,,,,,,,,,,,,,,,,,,,,,,,,23,,,,,,0,,,,,,,,,,,,,,,,,,,,,,,,,,,,
2013-12-11,S1F033GT,ST3000DM001,3000592982016,0,,227174608,,,,,,,,0,,,,,,15621,,,,,,,,,,,,,,,,,,,,,,,,,,,,,,22,,,,,,0,,,,,,,,,,,,,,,,,,,,,,,,,,,,
2013-12-11,MJ1313YNG108SC,Hitachi HDS5C3030ALA630,3000592982016,0,,262144,,,,,,,,0,,,,,,21796,,,,,,,,,,,,,,,,,,,,,,,,,,,,,,25,,,,,,0,,,,,,,,,,,,,,,,,,,,,,,,,,,,
2013-12-11,JK11E1B9K0M03T,Hitachi HDS722020ALA330,2000398934016,0,,0,,,,,,,,0,,,,,,1715,,,,,,,,,,,,,,,,,,,,,,,,,,,,,,23,,,,,,0,,,,,,,,,,,,,,,,,,,,,,,,,,,,
2013-12-11,6XW0LCB0,ST31500541AS,1500301910016,0,,57127490,,,,,,,,0,,,,,,14924,,,,,,,,,,,,,,,,,,,,,,,,,,,,,,20,,,,,,0,,,,,,,,,,,,,,,,,,,,,,,,,,,,
2013-12-11,MJ0351YNGAAHNA,Hitachi HDS5C3030ALA630,3000592982016,0,,0,,,,,,,,0,,,,,,7975,,,,,,,,,,,,,,,,,,,,,,,,,,,,,,26,,,,,,0,,,,,,,,,,,,,,,,,,,,,,,,,,,,
2013-12-11,Z252A0ZAS,TOSHIBA DT01ACA300,3000592982016,0,,0,,,,,,,,0,,,,,,6615,,,,,,,,,,,,,,,,,,,,,,,,,,,,,,26,,,,,,0,,,,,,,,,,,,,,,,,,,,,,,,,,,,
2013-12-11,PL1311LAG1SE6A,Hitachi HDS5C4040ALE630,4000787030016,0,,0,,,,,,,,0,,,,,,7413,,,,,,,,,,,,,,,,,,,,,,,,,,,,,,21,,,,,,0,,,,,,,,,,,,,,,,,,,,,,,,,,,,
2013-12-11,W300JG6A,ST4000DM000,4000787030016,0,,29947064,,,,,,,,0,,,,,,2224,,,,,,,,,,,,,,,,,,,,,,,,,,,,,,26,,,,,,0,,,,,,,,,,,,,,,,,,,,,,,,,,,,
2013-12-11,JK1130YAG18EHT,Hitachi HDS722020ALA330,2000398934016,0,,0,,,,,,,,0,,,,,,18604,,,,,,,,,,,,,,,,,,,,,,,,,,,,,,28,,,,,,0,,,,,,,,,,,,,,,,,,,,,,,,,,,,
2013-12-11,W300DZCB,ST4000DM000,4000787030016,0,,51963576,,,,,,,,0,,,,,,4146,,,,,,,,,,,,,,,,,,,,,,,,,,,,,,23,,,,,,0,,,,,,,,,,,,,,,,,,,,,,,,,,,,
2013-12-11,JK1130YAG3HVVT,Hitachi HDS722020ALA330,2000398934016,0,,1,,,,,,,,0,,,,,,19440,,,,,,,,,,,,,,,,,,,,,,,,,,,,,,28,,,,,,0,,,,,,,,,,,,,,,,,,,,,,,,,,,,
2013-12-11,JK11A1YAJLX30V,Hitachi HDS722020ALA330,2000398934016,0,,0,,,,,,,,0,,,,,,6725,,,,,,,,,,,,,,,,,,,,,,,,,,,,,,27,,,,,,0,,,,,,,,,,,,,,,,,,,,,,,,,,,,
2013-12-11,W300CH03,ST4000DM000,4000787030016,0,,66403264,,,,,,,,0,,,,,,2262,,,,,,,,,,,,,,,,,,,,,,,,,,,,,,22,,,,,,0,,,,,,,,,,,,,,,,,,,,,,,,,,,,
2013-12-11,W1F0X4RY,ST3000DM001,3000592982016,0,,68407920,,,,,,,,21200,,,,,,10743,,,,,,,,,,,,,,,,,,,,,,,,,,,,,,22,,,,,,8,,,,,,,,,,,,,,,,,,,,,,,,,,,,
2013-12-11,Z300WKRL,ST4000DM000,4000787030016,0,,197621944,,,,,,,,0,,,,,,109,,,,,,,,,,,,,,,,,,,,,,,,,,,,,,21,,,,,,0,,,,,,,,,,,,,,,,,,,,,,,,,,,,
2013-12-11,JK1160YAGM30VT,Hitachi HDS722020ALA330,2000398934016,0,,3,,,,,,,,0,,,,,,21473,,,,,,,,,,,,,,,,,,,,,,,,,,,,,,27,,,,,,0,,,,,,,,,,,,,,,,,,,,,,,,,,,,
2013-12-11,6XW0CW35,ST31500541AS,1500301910016,0,,195053384,,,,,,,,0,,,,,,23254,,,,,,,,,,,,,,,,,,,,,,,,,,,,,,16,,,,,,0,,,,,,,,,,,,,,,,,,,,,,,,,,,,
2013-12-11,Z300VJQS,ST4000DM000,4000787030016,0,,112794360,,,,,,,,0,,,,,,920,,,,,,,,,,,,,,,,,,,,,,,,,,,,,,20,,,,,,0,,,,,,,,,,,,,,,,,,,,,,,,,,,,
2013-12-11,WD-WCAU47330430,WDC WD10EADS,1000204886016,0,,4,,,,,,,,0,,,,,,40480,,,,,,,,,,,,,,,,,,,,,,,,,,,,,,26,,,,,,0,,,,,,,,,,,,,,,,,,,,,,,,,,,,
2013-12-11,W1F0A4C4,ST3000DM001,3000592982016,0,,103837744,,,,,,,,0,,,,,,14235,,,,,,,,,,,,,,,,,,,,,,,,,,,,,,24,,,,,,0,,,,,,,,,,,,,,,,,,,,,,,,,,,,
2013-12-11,JK11A8B9J816MF,Hitachi HDS722020ALA330,2000398934016,0,,0,,,,,,,,0,,,,,,25125,,,,,,,,,,,,,,,,,,,,,,,,,,,,,,31,,,,,,0,,,,,,,,,,,,,,,,,,,,,,,,,,,,
2013-12-11,6XW0X3H1,ST31500541AS,1500301910016,0,,239447509,,,,,,,,0,,,,,,29606,,,,,,,,,,,,,,,,,,,,,,,,,,,,,,29,,,,,,0,,,,,,,,,,,,,,,,,,,,,,,,,,,,
2013-12-11,MJ1323YNG0ZUVC,Hitachi HDS5C3030ALA630,3000592982016,0,,0,,,,,,,,0,,,,,,20503,,,,,,,,,,,,,,,,,,,,,,,,,,,,,,28,,,,,,0,,,,,,,,,,,,,,,,,,,,,,,,,,,,
2013-12-11,JK11A8B9J7NDRF,Hitachi HDS722020ALA330,2000398934016,0,,0,,,,,,,,0,,,,,,26010,,,,,,,,,,,,,,,,,,,,,,,,,,,,,,24,,,,,,0,,,,,,,,,,,,,,,,,,,,,,,,,,,,
2013-12-11,JK1171YAK1ZLNN,Hitachi HDS722020ALA330,2000398934016,0,,3,,,,,,,,0,,,,,,29912,,,,,,,,,,,,,,,,,,,,,,,,,,,,,,28,,,,,,0,,,,,,,,,,,,,,,,,,,,,,,,,,,,
2013-12-11,Z1Z058WL,ST4000DX000,4000787030016,0,,139646375,,,,,,,,0,,,,,,5078,,,,,,,,,,,,,,,,,,,,,,,,,,,,,,28,,,,,,0,,,,,,,,,,,,,,,,,,,,,,,,,,,,
2013-12-11,JK11A8B9J73BXF,Hitachi HDS722020ALA330,2000398934016,0,,0,,,,,,,,0,,,,,,25541,,,,,,,,,,,,,,,,,,,,,,,,,,,,,,27,,,,,,0,,,,,,,,,,,,,,,,,,,,,,,,,,,,
2013-12-11,PL1311LAG14P2A,Hitachi HDS5C4040ALE630,4000787030016,0,,0,,,,,,,,0,,,,,,7436,,,,,,,,,,,,,,,,,,,,,,,,,,,,,,26,,,,,,0,,,,,,,,,,,,,,,,,,,,,,,,,,,,
2013-12-11,9XW01Y80,ST31500541AS,1500301910016,0,,97719946,,,,,,,,0,,,,,,34756,,,,,,,,,,,,,,,,,,,,,,,,,,,,,,20,,,,,,10,,,,,,,,,,,,,,,,,,,,,,,,,,,,
2013-12-11,MJ1311YNG69E0A,Hitachi HDS5C3030ALA630,3000592982016,0,,0,,,,,,,,0,,,,,,14685,,,,,,,,,,,,,,,,,,,,,,,,,,,,,,19,,,,,,0,,,,,,,,,,,,,,,,,,,,,,,,,,,,
2013-12-11,S1F0R1GK,ST3000DM001,3000592982016,0,,144500128,,,,,,,,0,,,,,,11684,,,,,,,,,,,,,,,,,,,,,,,,,,,,,,32,,,,,,0,,,,,,,,,,,,,,,,,,,,,,,,,,,,
2013-12-11,MJ0351YNGA6AYA,Hitachi HDS5C3030ALA630,3000592982016,0,,0,,,,,,,,0,,,,,,8545,,,,,,,,,,,,,,,,,,,,,,,,,,,,,,28,,,,,,0,,,,,,,,,,,,,,,,,,,,,,,,,,,,
2013-12-11,MK0301YHGLN37A,Hitachi HDS723030ALA640,3000592982016,0,,0,,,,,,,,0,,,,,,18088,,,,,,,,,,,,,,,,,,,,,,,,,,,,,,32,,,,,,0,,,,,,,,,,,,,,,,,,,,,,,,,,,,
2013-12-11,JK11A8B9HZW1YF,Hitachi HDS722020ALA330,2000398934016,0,,0,,,,,,,,0,,,,,,23711,,,,,,,,,,,,,,,,,,,,,,,,,,,,,,30,,,,,,0,,,,,,,,,,,,,,,,,,,,,,,,,,,,
2013-12-11,MK0333YHGPHMNC,Hitachi HDS723030ALA640,3000592982016,0,,0,,,,,,,,0,,,,,,17755,,,,,,,,,,,,,,,,,,,,,,,,,,,,,,26,,,,,,0,,,,,,,,,,,,,,,,,,,,,,,,,,,,
2013-12-11,Z300NR4W,ST4000DM000,4000787030016,0,,129429312,,,,,,,,0,,,,,,1092,,,,,,,,,,,,,,,,,,,,,,,,,,,,,,25,,,,,,0,,,,,,,,,,,,,,,,,,,,,,,,,,,,
2013-12-11,MJ1323YNG1RUNC,Hitachi HDS5C3030ALA630,3000592982016,0,,2097203,,,,,,,,0,,,,,,19766,,,,,,,,,,,,,,,,,,,,,,,,,,,,,,26,,,,,,0,,,,,,,,,,,,,,,,,,,,,,,,,,,,
2013-12-11,MJ0351YNG9W7EA,Hitachi HDS5C3030ALA630,3000592982016,0,,0,,,,,,,,0,,,,,,9899,,,,,,,,,,,,,,,,,,,,,,,,,,,,,,32,,,,,,0,,,,,,,,,,,,,,,,,,,,,,,,,,,,
2013-12-11,S1F026K7,ST3000DM001,3000592982016,0,,222050488,,,,,,,,0,,,,,,14213,,,,,,,,,,,,,,,,,,,,,,,,,,,,,,23,,,,,,0,,,,,,,,,,,,,,,,,,,,,,,,,,,,
2013-12-11,5XW0G92R,ST31500541AS,1500301910016,0,,66864767,,,,,,,,0,,,,,,20686,,,,,,,,,,,,,,,,,,,,,,,,,,,,,,22,,,,,,0,,,,,,,,,,,,,,,,,,,,,,,,,,,,
2013-12-11,MJ1311YNG6KWUA,Hitachi HDS5C3030ALA630,3000592982016,0,,0,,,,,,,,0,,,,,,14682,,,,,,,,,,,,,,,,,,,,,,,,,,,,,,19,,,,,,0,,,,,,,,,,,,,,,,,,,,,,,,,,,,
2013-12-11,MJ1311YNG765HA,Hitachi HDS5C3030ALA630,3000592982016,0,,0,,,,,,,,0,,,,,,14574,,,,,,,,,,,,,,,,,,,,,,,,,,,,,,24,,,,,,0,,,,,,,,,,,,,,,,,,,,,,,,,,,,
2013-12-11,MK0333YHGPHVSC,Hitachi HDS723030ALA640,3000592982016,0,,65536,,,,,,,,0,,,,,,18088,,,,,,,,,,,,,,,,,,,,,,,,,,,,,,31,,,,,,0,,,,,,,,,,,,,,,,,,,,,,,,,,,,
2013-12-11,S1F0A7ZP,ST3000DM001,3000592982016,0,,185766280,,,,,,,,0,,,,,,12357,,,,,,,,,,,,,,,,,,,,,,,,,,,,,,23,,,,,,0,,,,,,,,,,,,,,,,,,,,,,,,,,,,
2013-12-11,JK11A8B9J3LYDF,Hitachi HDS722020ALA330,2000398934016,0,,2687008,,,,,,,,0,,,,,,23544,,,,,,,,,,,,,,,,,,,,,,,,,,,,,,41,,,,,,0,,,,,,,,,,,,,,,,,,,,,,,,,,,,
2013-12-11,PL1311LAG24PBA,Hitachi HDS5C4040ALE630,4000787030016,0,,0,,,,,,,,0,,,,,,6653,,,,,,,,,,,,,,,,,,,,,,,,,,,,,,24,,,,,,0,,,,,,,,,,,,,,,,,,,,,,,,,,,,
2013-12-11,MK0311YHGK959A,Hitachi HDS723030ALA640,3000592982016,0,,851968,,,,,,,,1066,,,,,,16805,,,,,,,,,,,,,,,,,,,,,,,,,,,,,,26,,,,,,0,,,,,,,,,,,,,,,,,,,,,,,,,,,,
2013-12-11,JK11A8B9J1NXGF,Hitachi HDS722020ALA330,2000398934016,0,,0,,,,,,,,0,,,,,,23710,,,,,,,,,,,,,,,,,,,,,,,,,,,,,,28,,,,,,0,,,,,,,,,,,,,,,,,,,,,,,,,,,,
2013-12-11,6XW1YWPR,ST32000542AS,2000398934016,0,,88000918,,,,,,,,0,,,,,,15216,,,,,,,,,,,,,,,,,,,,,,,,,,,,,,23,,,,,,0,,,,,,,,,,,,,,,,,,,,,,,,,,,,
2013-12-11,W1F0R3GS,ST3000DM001,3000592982016,0,,18876024,,,,,,,,0,,,,,,12877,,,,,,,,,,,,,,,,,,,,,,,,,,,,,,24,,,,,,0,,,,,,,,,,,,,,,,,,,,,,,,,,,,
2013-12-11,MJ0351YNG9VZTA,Hitachi HDS5C3030ALA630,3000592982016,0,,0,,,,,,,,0,,,,,,9672,,,,,,,,,,,,,,,,,,,,,,,,,,,,,,28,,,,,,0,,,,,,,,,,,,,,,,,,,,,,,,,,,,
2013-12-11,MJ1311YNG12N7A,Hitachi HDS5C3030ALA630,3000592982016,0,,0,,,,,,,,0,,,,,,20512,,,,,,,,,,,,,,,,,,,,,,,,,,,,,,25,,,,,,0,,,,,,,,,,,,,,,,,,,,,,,,,,,,
2013-12-11,6XW0S4GC,ST31500541AS,1500301910016,0,,217608912,,,,,,,,0,,,,,,33863,,,,,,,,,,,,,,,,,,,,,,,,,,,,,,24,,,,,,0,,,,,,,,,,,,,,,,,,,,,,,,,,,,
2013-12-11,6XW01BFQ,ST31500541AS,1500301910016,0,,142417067,,,,,,,,0,,,,,,37286,,,,,,,,,,,,,,,,,,,,,,,,,,,,,,25,,,,,,0,,,,,,,,,,,,,,,,,,,,,,,,,,,,
2013-12-11,9XW01Y8N,ST31500541AS,1500301910016,0,,87451992,,,,,,,,0,,,,,,35657,,,,,,,,,,,,,,,,,,,,,,,,,,,,,,20,,,,,,0,,,,,,,,,,,,,,,,,,,,,,,,,,,,
2013-12-11,JK11A1YAJH3K4V,Hitachi HDS722020ALA330,2000398934016,0,,0,,,,,,,,0,,,,,,28972,,,,,,,,,,,,,,,,,,,,,,,,,,,,,,26,,,,,,0,,,,,,,,,,,,,,,,,,,,,,,,,,,,
2013-12-11,MJ1311YNG2E5DA,Hitachi HDS5C3030ALA630,3000592982016,0,,0,,,,,,,,0,,,,,,14310,,,,,,,,,,,,,,,,,,,,,,,,,,,,,,26,,,,,,0,,,,,,,,,,,,,,,,,,,,,,,,,,,,
2013-12-11,6XW03B2G,ST31500541AS,1500301910016,0,,111154849,,,,,,,,0,,,,,,36432,,,,,,,,,,,,,,,,,,,,,,,,,,,,,,18,,,,,,0,,,,,,,,,,,,,,,,,,,,,,,,,,,,
2013-12-11,Z1F0LM6T,ST3000DM001,3000592982016,0,,53925480,,,,,,,,0,,,,,,12323,,,,,,,,,,,,,,,,,,,,,,,,,,,,,,25,,,,,,0,,,,,,,,,,,,,,,,,,,,,,,,,,,,
2013-12-11,MJ1323YNG10A1C,Hitachi HDS5C3030ALA630,3000592982016,0,,0,,,,,,,,0,,,,,,20503,,,,,,,,,,,,,,,,,,,,,,,,,,,,,,30,,,,,,0,,,,,,,,,,,,,,,,,,,,,,,,,,,,
2013-12-11,PL1321LAG33WSH,Hitachi HDS5C4040ALE630,4000787030016,0,,0,,,,,,,,0,,,,,,6616,,,,,,,,,,,,,,,,,,,,,,,,,,,,,,27,,,,,,0,,,,,,,,,,,,,,,,,,,,,,,,,,,,
2013-12-11,W1F0C7FM,ST3000DM001,3000592982016,0,,114299056,,,,,,,,0,,,,,,12347,,,,,,,,,,,,,,,,,,,,,,,,,,,,,,25,,,,,,0,,,,,,,,,,,,,,,,,,,,,,,,,,,,
2013-12-11,W1F09T2R,ST3000DM001,3000592982016,0,,77067760,,,,,,,,0,,,,,,14235,,,,,,,,,,,,,,,,,,,,,,,,,,,,,,25,,,,,,0,,,,,,,,,,,,,,,,,,,,,,,,,,,,
2013-12-11,PL1321LAGAVUEH,Hitachi HDS5C4040ALE630,4000787030016,0,,0,,,,,,,,0,,,,,,5066,,,,,,,,,,,,,,,,,,,,,,,,,,,,,,30,,,,,,0,,,,,,,,,,,,,,,,,,,,,,,,,,,,
2013-12-11,S1F02L26,ST3000DM001,3000592982016,0,,188617144,,,,,,,,0,,,,,,15418,,,,,,,,,,,,,,,,,,,,,,,,,,,,,,25,,,,,,0,,,,,,,,,,,,,,,,,,,,,,,,,,,,
2013-12-11,W3006DL6,ST4000DM000,4000787030016,0,,37625208,,,,,,,,0,,,,,,2875,,,,,,,,,,,,,,,,,,,,,,,,,,,,,,22,,,,,,0,,,,,,,,,,,,,,,,,,,,,,,,,,,,
2013-12-11,PL1311LAG25GVA,Hitachi HDS5C4040ALE630,4000787030016,0,,0,,,,,,,,0,,,,,,7402,,,,,,,,,,,,,,,,,,,,,,,,,,,,,,31,,,,,,0,,,,,,,,,,,,,,,,,,,,,,,,,,,,
2013-12-11,PL1321LAG359AH,Hitachi HDS5C4040ALE630,4000787030016,0,,0,,,,,,,,0,,,,,,6649,,,,,,,,,,,,,,,,,,,,,,,,,,,,,,22,,,,,,0,,,,,,,,,,,,,,,,,,,,,,,,,,,,
2013-12-11,PL1321LAG31XWH,Hitachi HDS5C4040ALE630,4000787030016,0,,0,,,,,,,,0,,,,,,5950,,,,,,,,,,,,,,,,,,,,,,,,,,,,,,22,,,,,,0,,,,,,,,,,,,,,,,,,,,,,,,,,,,
2013-12-11,JK11A8B9HWBU2F,Hitachi HDS722020ALA330,2000398934016,0,,0,,,,,,,,1,,,,,,25580,,,,,,,,,,,,,,,,,,,,,,,,,,,,,,25,,,,,,0,,,,,,,,,,,,,,,,,,,,,,,,,,,,
2013-12-11,MJ0351YNG9VYZA,Hitachi HDS5C3030ALA630,3000592982016,0,,0,,,,,,,,0,,,,,,9722,,,,,,,,,,,,,,,,,,,,,,,,,,,,,,29,,,,,,0,,,,,,,,,,,,,,,,,,,,,,,,,,,,
2013-12-11,9VS3JHKL,ST31500341AS,1500301910016,0,,9553817,,,,,,,,43,,,,,,32872,,,,,,,,,,,,,,,,,,,,,,,,,,,,,,19,,,,,,0,,,,,,,,,,,,,,,,,,,,,,,,,,,,
2013-12-11,W3006CRT,ST4000DM000,4000787030016,0,,47685944,,,,,,,,0,,,,,,2856,,,,,,,,,,,,,,,,,,,,,,,,,,,,,,20,,,,,,0,,,,,,,,,,,,,,,,,,,,,,,,,,,,
2013-12-11,JK11A8B9GB3M5F,Hitachi HDS722020ALA330,2000398934016,0,,0,,,,,,,,0,,,,,,26763,,,,,,,,,,,,,,,,,,,,,,,,,,,,,,28,,,,,,0,,,,,,,,,,,,,,,,,,,,,,,,,,,,
2013-12-11,Z290L6MY,ST33000651AS,3000592982016,0,,10951453,,,,,,,,0,,,,,,17049,,,,,,,,,,,,,,,,,,,,,,,,,,,,,,27,,,,,,0,,,,,,,,,,,,,,,,,,,,,,,,,,,,
2013-12-11,MJ0351YNG9YUDA,Hitachi HDS5C3030ALA630,3000592982016,0,,0,,,,,,,,0,,,,,,9989,,,,,,,,,,,,,,,,,,,,,,,,,,,,,,28,,,,,,0,,,,,,,,,,,,,,,,,,,,,,,,,,,,
2013-12-11,MJ0351YNG9VXGA,Hitachi HDS5C3030ALA630,3000592982016,0,,0,,,,,,,,0,,,,,,9913,,,,,,,,,,,,,,,,,,,,,,,,,,,,,,35,,,,,,0,,,,,,,,,,,,,,,,,,,,,,,,,,,,
2013-12-11,JK1105B8GGL46X,Hitachi HDS722020ALA330,2000398934016,0,,0,,,,,,,,0,,,,,,27221,,,,,,,,,,,,,,,,,,,,,,,,,,,,,,31,,,,,,0,,,,,,,,,,,,,,,,,,,,,,,,,,,,
2013-12-11,W3006EBD,ST4000DM000,4000787030016,0,,86669472,,,,,,,,0,,,,,,2845,,,,,,,,,,,,,,,,,,,,,,,,,,,,,,27,,,,,,0,,,,,,,,,,,,,,,,,,,,,,,,,,,,
2013-12-11,Z300MY2K,ST4000DM000,4000787030016,0,,81060552,,,,,,,,0,,,,,,2900,,,,,,,,,,,,,,,,,,,,,,,,,,,,,,24,,,,,,0,,,,,,,,,,,,,,,,,,,,,,,,,,,,
2013-12-11,JK1101B9JHN21T,Hitachi HDS722020ALA330,2000398934016,0,,0,,,,,,,,0,,,,,,23992,,,,,,,,,,,,,,,,,,,,,,,,,,,,,,35,,,,,,0,,,,,,,,,,,,,,,,,,,,,,,,,,,,
2013-12-11,MK0311YHG4HBDA,Hitachi HDS723030ALA640,3000592982016,0,,0,,,,,,,,0,,,,,,6892,,,,,,,,,,,,,,,,,,,,,,,,,,,,,,28,,,,,,0,,,,,,,,,,,,,,,,,,,,,,,,,,,,
2013-12-11,Z1F06R56,ST3000DM001,3000592982016,0,,46315016,,,,,,,,0,,,,,,14734,,,,,,,,,,,,,,,,,,,,,,,,,,,,,,24,,,,,,0,,,,,,,,,,,,,,,,,,,,,,,,,,,,
2013-12-11,PL1321LAG34EKH,Hitachi HDS5C4040ALE630,4000787030016,0,,0,,,,,,,,0,,,,,,6652,,,,,,,,,,,,,,,,,,,,,,,,,,,,,,22,,,,,,0,,,,,,,,,,,,,,,,,,,,,,,,,,,,
2013-12-11,Z300MY29,ST4000DM000,4000787030016,0,,221012808,,,,,,,,0,,,,,,2880,,,,,,,,,,,,,,,,,,,,,,,,,,,,,,21,,,,,,0,,,,,,,,,,,,,,,,,,,,,,,,,,,,
2013-12-11,PL1311LAG3EADH,Hitachi HDS5C4040ALE630,4000787030016,0,,0,,,,,,,,0,,,,,,5922,,,,,,,,,,,,,,,,,,,,,,,,,,,,,,20,,,,,,0,,,,,,,,,,,,,,,,,,,,,,,,,,,,
2013-12-11,JK1181YAJ449DV,Hitachi HDS722020ALA330,2000398934016,0,,0,,,,,,,,0,,,,,,30256,,,,,,,,,,,,,,,,,,,,,,,,,,,,,,27,,,,,,0,,,,,,,,,,,,,,,,,,,,,,,,,,,,
2013-12-11,JK1101YBJJJEWF,Hitachi HDS722020ALA330,2000398934016,0,,0,,,,,,,,0,,,,,,26858,,,,,,,,,,,,,,,,,,,,,,,,,,,,,,35,,,,,,0,,,,,,,,,,,,,,,,,,,,,,,,,,,,
2013-12-11,MJ1311YNG1WTDA,Hitachi HDS5C3030ALA630,3000592982016,0,,0,,,,,,,,0,,,,,,7685,,,,,,,,,,,,,,,,,,,,,,,,,,,,,,28,,,,,,0,,,,,,,,,,,,,,,,,,,,,,,,,,,,
2013-12-11,MJ1321YNG0KA4A,Hitachi HDS5C3030ALA630,3000592982016,0,,196618,,,,,,,,0,,,,,,20507,,,,,,,,,,,,,,,,,,,,,,,,,,,,,,24,,,,,,0,,,,,,,,,,,,,,,,,,,,,,,,,,,,
2013-12-11,JK11A4B8HVL8AW,Hitachi HDS722020ALA330,2000398934016,0,,0,,,,,,,,0,,,,,,23511,,,,,,,,,,,,,,,,,,,,,,,,,,,,,,28,,,,,,0,,,,,,,,,,,,,,,,,,,,,,,,,,,,
2013-12-11,MJ1323YNG1ES9C,Hitachi HDS5C3030ALA630,3000592982016,0,,0,,,,,,,,0,,,,,,19748,,,,,,,,,,,,,,,,,,,,,,,,,,,,,,26,,,,,,0,,,,,,,,,,,,,,,,,,,,,,,,,,,,
2013-12-11,JK11A8B9J3MD9F,Hitachi HDS722020ALA330,2000398934016,0,,0,,,,,,,,0,,,,,,24629,,,,,,,,,,,,,,,,,,,,,,,,,,,,,,25,,,,,,0,,,,,,,,,,,,,,,,,,,,,,,,,,,,
2013-12-11,W1F09NQV,ST3000DM001,3000592982016,0,,175266632,,,,,,,,0,,,,,,14219,,,,,,,,,,,,,,,,,,,,,,,,,,,,,,19,,,,,,0,,,,,,,,,,,,,,,,,,,,,,,,,,,,
2013-12-11,Z290ZW2X,ST33000651AS,3000592982016,0,,166417023,,,,,,,,0,,,,,,15604,,,,,,,,,,,,,,,,,,,,,,,,,,,,,,21,,,,,,0,,,,,,,,,,,,,,,,,,,,,,,,,,,,
2013-12-11,W1F0D3XV,ST3000DM001,3000592982016,0,,126276872,,,,,,,,0,,,,,,12879,,,,,,,,,,,,,,,,,,,,,,,,,,,,,,27,,,,,,0,,,,,,,,,,,,,,,,,,,,,,,,,,,,
2013-12-11,Z2907Z0F,ST33000651AS,3000592982016,0,,146941070,,,,,,,,0,,,,,,18074,,,,,,,,,,,,,,,,,,,,,,,,,,,,,,30,,,,,,0,,,,,,,,,,,,,,,,,,,,,,,,,,,,
2013-12-11,WD-WCC1T1249741,WDC WD30EFRX,3000592982016,0,,0,,,,,,,,0,,,,,,1021,,,,,,,,,,,,,,,,,,,,,,,,,,,,,,24,,,,,,0,,,,,,,,,,,,,,,,,,,,,,,,,,,,
2013-12-11,S13PJDWS343403,SAMSUNG HD103UJ,1000204886016,0,,0,,,,,,,,0,,,,,,40580,,,,,,,,,,,,,,,,,,,,,,,,,,,,,,19,,,,,,0,,,,,,,,,,,,,,,,,,,,,,,,,,,,
2013-12-11,S13PJDWS343402,SAMSUNG HD103UJ,1000204886016,0,,0,,,,,,,,0,,,,,,40571,,,,,,,,,,,,,,,,,,,,,,,,,,,,,,23,,,,,,0,,,,,,,,,,,,,,,,,,,,,,,,,,,,
2013-12-11,S13PJDWS343401,SAMSUNG HD103UJ,1000204886016,0,,0,,,,,,,,0,,,,,,40572,,,,,,,,,,,,,,,,,,,,,,,,,,,,,,22,,,,,,0,,,,,,,,,,,,,,,,,,,,,,,,,,,,
2013-12-11,S13PJDWS343400,SAMSUNG HD103UJ,1000204886016,0,,0,,,,,,,,0,,,,,,40570,,,,,,,,,,,,,,,,,,,,,,,,,,,,,,22,,,,,,0,,,,,,,,,,,,,,,,,,,,,,,,,,,,
2013-12-11,S1F0CTFA,ST3000DM001,3000592982016,0,,228914032,,,,,,,,0,,,,,,12362,,,,,,,,,,,,,,,,,,,,,,,,,,,,,,27,,,,,,0,,,,,,,,,,,,,,,,,,,,,,,,,,,,
2013-12-11,S13PJDWS343406,SAMSUNG HD103UJ,1000204886016,0,,0,,,,,,,,0,,,,,,40580,,,,,,,,,,,,,,,,,,,,,,,,,,,,,,16,,,,,,0,,,,,,,,,,,,,,,,,,,,,,,,,,,,
2013-12-11,Z300PLRA,ST4000DM000,4000787030016,0,,11007888,,,,,,,,0,,,,,,1234,,,,,,,,,,,,,,,,,,,,,,,,,,,,,,20,,,,,,0,,,,,,,,,,,,,,,,,,,,,,,,,,,,
2013-12-11,MJ1311YNG60YJA,Hitachi HDS5C3030ALA630,3000592982016,0,,0,,,,,,,,0,,,,,,14310,,,,,,,,,,,,,,,,,,,,,,,,,,,,,,24,,,,,,0,,,,,,,,,,,,,,,,,,,,,,,,,,,,
2013-12-11,5YD6XVQH,ST1500DL003,1500301910016,0,,142283968,,,,,,,,0,,,,,,2481,,,,,,,,,,,,,,,,,,,,,,,,,,,,,,20,,,,,,0,,,,,,,,,,,,,,,,,,,,,,,,,,,,
2013-12-11,JK11A8B9J4UM4F,Hitachi HDS722020ALA330,2000398934016,0,,0,,,,,,,,0,,,,,,24496,,,,,,,,,,,,,,,,,,,,,,,,,,,,,,30,,,,,,0,,,,,,,,,,,,,,,,,,,,,,,,,,,,
2013-12-11,S1F0B46B,ST3000DM001,3000592982016,0,,7961280,,,,,,,,25776,,,,,,12364,,,,,,,,,,,,,,,,,,,,,,,,,,,,,,23,,,,,,0,,,,,,,,,,,,,,,,,,,,,,,,,,,,
2013-12-11,JK11A8B9J3W0GF,Hitachi HDS722020ALA330,2000398934016,0,,65536,,,,,,,,0,,,,,,23319,,,,,,,,,,,,,,,,,,,,,,,,,,,,,,36,,,,,,0,,,,,,,,,,,,,,,,,,,,,,,,,,,,
2013-12-11,W3008WGL,ST4000DM000,4000787030016,0,,179644008,,,,,,,,0,,,,,,4138,,,,,,,,,,,,,,,,,,,,,,,,,,,,,,24,,,,,,0,,,,,,,,,,,,,,,,,,,,,,,,,,,,
2013-12-11,JK11A8B9J95SKF,Hitachi HDS722020ALA330,2000398934016,0,,0,,,,,,,,0,,,,,,25580,,,,,,,,,,,,,,,,,,,,,,,,,,,,,,26,,,,,,0,,,,,,,,,,,,,,,,,,,,,,,,,,,,
2013-12-11,PL1331LAGAZ9VH,Hitachi HDS5C4040ALE630,4000787030016,0,,0,,,,,,,,0,,,,,,5075,,,,,,,,,,,,,,,,,,,,,,,,,,,,,,27,,,,,,0,,,,,,,,,,,,,,,,,,,,,,,,,,,,
2013-12-11,5XW0ACD2,ST31500541AS,1500301910016,0,,116289410,,,,,,,,126,,,,,,22175,,,,,,,,,,,,,,,,,,,,,,,,,,,,,,19,,,,,,0,,,,,,,,,,,,,,,,,,,,,,,,,,,,
2013-12-11,JK11A8B9J9L1VF,Hitachi HDS722020ALA330,2000398934016,0,,0,,,,,,,,0,,,,,,26004,,,,,,,,,,,,,,,,,,,,,,,,,,,,,,24,,,,,,0,,,,,,,,,,,,,,,,,,,,,,,,,,,,
2013-12-11,S1F0CSX6,ST3000DM001,3000592982016,0,,114501856,,,,,,,,0,,,,,,12839,,,,,,,,,,,,,,,,,,,,,,,,,,,,,,28,,,,,,0,,,,,,,,,,,,,,,,,,,,,,,,,,,,
2013-12-11,JK1101B8KN9PWS,Hitachi HDS722020ALA330,2000398934016,0,,0,,,,,,,,0,,,,,,22861,,,,,,,,,,,,,,,,,,,,,,,,,,,,,,29,,,,,,0,,,,,,,,,,,,,,,,,,,,,,,,,,,,
2013-12-11,JK1101B9GLBZNR,Hitachi HDS722020ALA330,2000398934016,0,,0,,,,,,,,0,,,,,,26764,,,,,,,,,,,,,,,,,,,,,,,,,,,,,,27,,,,,,0,,,,,,,,,,,,,,,,,,,,,,,,,,,,
2013-12-11,JK11A8B9J3VUXF,Hitachi HDS722020ALA330,2000398934016,0,,262161,,,,,,,,0,,,,,,23126,,,,,,,,,,,,,,,,,,,,,,,,,,,,,,23,,,,,,0,,,,,,,,,,,,,,,,,,,,,,,,,,,,
2013-12-11,MJ1311YNG7JMTA,Hitachi HDS5C3030ALA630,3000592982016,0,,0,,,,,,,,0,,,,,,14680,,,,,,,,,,,,,,,,,,,,,,,,,,,,,,28,,,,,,0,,,,,,,,,,,,,,,,,,,,,,,,,,,,
2013-12-11,JK1101B9GEGMJT,Hitachi HDS722020ALA330,2000398934016,0,,1,,,,,,,,0,,,,,,27541,,,,,,,,,,,,,,,,,,,,,,,,,,,,,,25,,,,,,0,,,,,,,,,,,,,,,,,,,,,,,,,,,,
2013-12-11,S1F061B3,ST3000DM001,3000592982016,0,,146709240,,,,,,,,0,,,,,,14237,,,,,,,,,,,,,,,,,,,,,,,,,,,,,,21,,,,,,8,,,,,,,,,,,,,,,,,,,,,,,,,,,,
2013-12-11,MJ1323YNG1S77C,Hitachi HDS5C3030ALA630,3000592982016,0,,0,,,,,,,,0,,,,,,19770,,,,,,,,,,,,,,,,,,,,,,,,,,,,,,24,,,,,,0,,,,,,,,,,,,,,,,,,,,,,,,,,,,
2013-12-11,Z1F01D1G,ST3000DM001,3000592982016,0,,27867368,,,,,,,,0,,,,,,17064,,,,,,,,,,,,,,,,,,,,,,,,,,,,,,23,,,,,,0,,,,,,,,,,,,,,,,,,,,,,,,,,,,
2013-12-11,9VS3HKP7,ST31500341AS,1500301910016,0,,40986412,,,,,,,,228,,,,,,32918,,,,,,,,,,,,,,,,,,,,,,,,,,,,,,21,,,,,,0,,,,,,,,,,,,,,,,,,,,,,,,,,,,
2013-12-11,W1F0B2ZS,ST3000DM001,3000592982016,0,,69575688,,,,,,,,0,,,,,,14211,,,,,,,,,,,,,,,,,,,,,,,,,,,,,,26,,,,,,0,,,,,,,,,,,,,,,,,,,,,,,,,,,,
2013-12-11,MJ0351YNGA6N5A,Hitachi HDS5C3030ALA630,3000592982016,0,,0,,,,,,,,0,,,,,,8142,,,,,,,,,,,,,,,,,,,,,,,,,,,,,,30,,,,,,0,,,,,,,,,,,,,,,,,,,,,,,,,,,,
2013-12-11,JK1101B9JPHWUF,Hitachi HDS722020ALA330,2000398934016,0,,0,,,,,,,,0,,,,,,23946,,,,,,,,,,,,,,,,,,,,,,,,,,,,,,27,,,,,,0,,,,,,,,,,,,,,,,,,,,,,,,,,,,
2013-12-11,S1F011N4,ST3000DM001,3000592982016,0,,50951032,,,,,,,,0,,,,,,13361,,,,,,,,,,,,,,,,,,,,,,,,,,,,,,18,,,,,,8,,,,,,,,,,,,,,,,,,,,,,,,,,,,
2013-12-11,MJ1323YNG1R28C,Hitachi HDS5C3030ALA630,3000592982016,0,,0,,,,,,,,0,,,,,,19773,,,,,,,,,,,,,,,,,,,,,,,,,,,,,,25,,,,,,0,,,,,,,,,,,,,,,,,,,,,,,,,,,,
2013-12-11,JK11A8B9J7B6GF,Hitachi HDS722020ALA330,2000398934016,0,,65536,,,,,,,,0,,,,,,22687,,,,,,,,,,,,,,,,,,,,,,,,,,,,,,24,,,,,,0,,,,,,,,,,,,,,,,,,,,,,,,,,,,
2013-12-11,WD-WCAWZ1126020,WDC WD30EZRX,3000592982016,0,,0,,,,,,,,0,,,,,,8118,,,,,,,,,,,,,,,,,,,,,,,,,,,,,,24,,,,,,0,,,,,,,,,,,,,,,,,,,,,,,,,,,,
2013-12-11,PL1311LAG202UA,Hitachi HDS5C4040ALE630,4000787030016,0,,0,,,,,,,,0,,,,,,7459,,,,,,,,,,,,,,,,,,,,,,,,,,,,,,27,,,,,,0,,,,,,,,,,,,,,,,,,,,,,,,,,,,
2013-12-11,JK11A8B9J3DHUF,Hitachi HDS722020ALA330,2000398934016,0,,0,,,,,,,,0,,,,,,23711,,,,,,,,,,,,,,,,,,,,,,,,,,,,,,30,,,,,,0,,,,,,,,,,,,,,,,,,,,,,,,,,,,
2013-12-11,JK11A8B9GP9BWF,Hitachi HDS722020ALA330,2000398934016,0,,0,,,,,,,,0,,,,,,26480,,,,,,,,,,,,,,,,,,,,,,,,,,,,,,30,,,,,,0,,,,,,,,,,,,,,,,,,,,,,,,,,,,
2013-12-11,WD-WCAWZ1344036,WDC WD30EZRX,3000592982016,0,,0,,,,,,,,0,,,,,,16995,,,,,,,,,,,,,,,,,,,,,,,,,,,,,,19,,,,,,0,,,,,,,,,,,,,,,,,,,,,,,,,,,,
2013-12-11,9XW01PZD,ST31500541AS,1500301910016,0,,140406864,,,,,,,,0,,,,,,35448,,,,,,,,,,,,,,,,,,,,,,,,,,,,,,19,,,,,,0,,,,,,,,,,,,,,,,,,,,,,,,,,,,
2013-12-11,JK1101B9J349WF,Hitachi HDS722020ALA330,2000398934016,0,,0,,,,,,,,0,,,,,,23823,,,,,,,,,,,,,,,,,,,,,,,,,,,,,,27,,,,,,0,,,,,,,,,,,,,,,,,,,,,,,,,,,,
2013-12-11,PL1311LAG24T0A,Hitachi HDS5C4040ALE630,4000787030016,0,,0,,,,,,,,0,,,,,,7411,,,,,,,,,,,,,,,,,,,,,,,,,,,,,,22,,,,,,0,,,,,,,,,,,,,,,,,,,,,,,,,,,,
2013-12-11,S1F00BAC,ST3000DM001,3000592982016,0,,42026544,,,,,,,,0,,,,,,15461,,,,,,,,,,,,,,,,,,,,,,,,,,,,,,20,,,,,,0,,,,,,,,,,,,,,,,,,,,,,,,,,,,
2013-12-11,Z300X5WX,ST4000DM000,4000787030016,0,,238020312,,,,,,,,0,,,,,,613,,,,,,,,,,,,,,,,,,,,,,,,,,,,,,22,,,,,,0,,,,,,,,,,,,,,,,,,,,,,,,,,,,
2013-12-11,W1F0A6VF,ST3000DM001,3000592982016,0,,141333216,,,,,,,,0,,,,,,14231,,,,,,,,,,,,,,,,,,,,,,,,,,,,,,23,,,,,,0,,,,,,,,,,,,,,,,,,,,,,,,,,,,
2013-12-11,JK11A8B9J3H8WF,Hitachi HDS722020ALA330,2000398934016,0,,0,,,,,,,,0,,,,,,23106,,,,,,,,,,,,,,,,,,,,,,,,,,,,,,25,,,,,,0,,,,,,,,,,,,,,,,,,,,,,,,,,,,
2013-12-11,Z1F0R8QZ,ST3000DM001,3000592982016,0,,31863368,,,,,,,,0,,,,,,11721,,,,,,,,,,,,,,,,,,,,,,,,,,,,,,27,,,,,,0,,,,,,,,,,,,,,,,,,,,,,,,,,,,
2013-12-11,PL1311LAG209DA,Hitachi HDS5C4040ALE630,4000787030016,0,,0,,,,,,,,0,,,,,,7435,,,,,,,,,,,,,,,,,,,,,,,,,,,,,,27,,,,,,0,,,,,,,,,,,,,,,,,,,,,,,,,,,,
2013-12-11,Z300X5W0,ST4000DM000,4000787030016,0,,130698272,,,,,,,,0,,,,,,109,,,,,,,,,,,,,,,,,,,,,,,,,,,,,,23,,,,,,0,,,,,,,,,,,,,,,,,,,,,,,,,,,,
2013-12-11,MJ1311YNG3EG9A,Hitachi HDS5C3030ALA630,3000592982016,0,,0,,,,,,,,0,,,,,,19325,,,,,,,,,,,,,,,,,,,,,,,,,,,,,,23,,,,,,0,,,,,,,,,,,,,,,,,,,,,,,,,,,,
2013-12-11,PL1311LAG29DPH,Hitachi HDS5C4040ALE630,4000787030016,0,,0,,,,,,,,0,,,,,,6637,,,,,,,,,,,,,,,,,,,,,,,,,,,,,,26,,,,,,0,,,,,,,,,,,,,,,,,,,,,,,,,,,,
2013-12-11,MJ1311YNG2VXDA,Hitachi HDS5C3030ALA630,3000592982016,0,,0,,,,,,,,0,,,,,,18067,,,,,,,,,,,,,,,,,,,,,,,,,,,,,,29,,,,,,0,,,,,,,,,,,,,,,,,,,,,,,,,,,,
2013-12-11,9XW01PZ7,ST31500541AS,1500301910016,0,,197421214,,,,,,,,0,,,,,,35747,,,,,,,,,,,,,,,,,,,,,,,,,,,,,,21,,,,,,0,,,,,,,,,,,,,,,,,,,,,,,,,,,,
2013-12-11,MJ0351YNGA096A,Hitachi HDS5C3030ALA630,3000592982016,0,,0,,,,,,,,0,,,,,,8884,,,,,,,,,,,,,,,,,,,,,,,,,,,,,,28,,,,,,0,,,,,,,,,,,,,,,,,,,,,,,,,,,,
2013-12-11,JK11A4B8J6AXAW,Hitachi HDS722020ALA330,2000398934016,0,,0,,,,,,,,0,,,,,,26010,,,,,,,,,,,,,,,,,,,,,,,,,,,,,,28,,,,,,0,,,,,,,,,,,,,,,,,,,,,,,,,,,,
2013-12-11,W1F0FEH7,ST3000DM001,3000592982016,0,,104252056,,,,,,,,0,,,,,,12153,,,,,,,,,,,,,,,,,,,,,,,,,,,,,,26,,,,,,0,,,,,,,,,,,,,,,,,,,,,,,,,,,,
2013-12-11,Z300J9D5,ST4000DM000,4000787030016,0,,8358176,,,,,,,,0,,,,,,2217,,,,,,,,,,,,,,,,,,,,,,,,,,,,,,24,,,,,,0,,,,,,,,,,,,,,,,,,,,,,,,,,,,
2013-12-11,Z300NCXQ,ST4000DM000,4000787030016,0,,128930424,,,,,,,,0,,,,,,105,,,,,,,,,,,,,,,,,,,,,,,,,,,,,,21,,,,,,0,,,,,,,,,,,,,,,,,,,,,,,,,,,,
2013-12-11,MJ0351YNGA8ZAA,Hitachi HDS5C3030ALA630,3000592982016,0,,0,,,,,,,,0,,,,,,8618,,,,,,,,,,,,,,,,,,,,,,,,,,,,,,28,,,,,,0,,,,,,,,,,,,,,,,,,,,,,,,,,,,
2013-12-11,MJ1311YNG3KL7A,Hitachi HDS5C3030ALA630,3000592982016,0,,0,,,,,,,,0,,,,,,18040,,,,,,,,,,,,,,,,,,,,,,,,,,,,,,25,,,,,,0,,,,,,,,,,,,,,,,,,,,,,,,,,,,
2013-12-11,JK1101B9KMML2U,Hitachi HDS722020ALA330,2000398934016,0,,0,,,,,,,,0,,,,,,22955,,,,,,,,,,,,,,,,,,,,,,,,,,,,,,23,,,,,,0,,,,,,,,,,,,,,,,,,,,,,,,,,,,
2013-12-11,S1F032ZY,ST3000DM001,3000592982016,0,,107428736,,,,,,,,0,,,,,,15246,,,,,,,,,,,,,,,,,,,,,,,,,,,,,,21,,,,,,0,,,,,,,,,,,,,,,,,,,,,,,,,,,,
2013-12-11,W300828Y,ST4000DM000,4000787030016,0,,198780688,,,,,,,,0,,,,,,4165,,,,,,,,,,,,,,,,,,,,,,,,,,,,,,25,,,,,,0,,,,,,,,,,,,,,,,,,,,,,,,,,,,
2013-12-11,Z300JCW6,ST4000DM000,4000787030016,0,,47536392,,,,,,,,0,,,,,,2242,,,,,,,,,,,,,,,,,,,,,,,,,,,,,,22,,,,,,0,,,,,,,,,,,,,,,,,,,,,,,,,,,,
2013-12-11,Z300WF40,ST4000DM000,4000787030016,0,,31027984,,,,,,,,0,,,,,,886,,,,,,,,,,,,,,,,,,,,,,,,,,,,,,23,,,,,,0,,,,,,,,,,,,,,,,,,,,,,,,,,,,
2013-12-11,PL1311LAG38E7H,Hitachi HDS5C4040ALE630,4000787030016,0,,0,,,,,,,,0,,,,,,6648,,,,,,,,,,,,,,,,,,,,,,,,,,,,,,22,,,,,,0,,,,,,,,,,,,,,,,,,,,,,,,,,,,
2013-12-11,MJ1321YNG0XUPA,Hitachi HDS5C3030ALA630,3000592982016,0,,0,,,,,,,,0,,,,,,16754,,,,,,,,,,,,,,,,,,,,,,,,,,,,,,26,,,,,,0,,,,,,,,,,,,,,,,,,,,,,,,,,,,
2013-12-11,MJ1311YNG3EX0A,Hitachi HDS5C3030ALA630,3000592982016,0,,0,,,,,,,,0,,,,,,18941,,,,,,,,,,,,,,,,,,,,,,,,,,,,,,24,,,,,,0,,,,,,,,,,,,,,,,,,,,,,,,,,,,
2013-12-11,S1F0LCKH,ST3000DM001,3000592982016,0,,148584704,,,,,,,,0,,,,,,12319,,,,,,,,,,,,,,,,,,,,,,,,,,,,,,28,,,,,,0,,,,,,,,,,,,,,,,,,,,,,,,,,,,
2013-12-11,PL1311LAG24SNA,Hitachi HDS5C4040ALE630,4000787030016,0,,0,,,,,,,,0,,,,,,7386,,,,,,,,,,,,,,,,,,,,,,,,,,,,,,26,,,,,,0,,,,,,,,,,,,,,,,,,,,,,,,,,,,
2013-12-11,S1F05RMW,ST3000DM001,3000592982016,0,,232471216,,,,,,,,0,,,,,,12364,,,,,,,,,,,,,,,,,,,,,,,,,,,,,,27,,,,,,0,,,,,,,,,,,,,,,,,,,,,,,,,,,,
2013-12-11,WD-WCC1T1279957,WDC WD30EFRX,3000592982016,0,,10,,,,,,,,0,,,,,,1354,,,,,,,,,,,,,,,,,,,,,,,,,,,,,,25,,,,,,0,,,,,,,,,,,,,,,,,,,,,,,,,,,,
2013-12-11,6XW04V72,ST31500541AS,1500301910016,0,,18268483,,,,,,,,614,,,,,,36961,,,,,,,,,,,,,,,,,,,,,,,,,,,,,,21,,,,,,0,,,,,,,,,,,,,,,,,,,,,,,,,,,,
2013-12-11,JK1105B8GGA2AX,Hitachi HDS722020ALA330,2000398934016,0,,4456479,,,,,,,,0,,,,,,27213,,,,,,,,,,,,,,,,,,,,,,,,,,,,,,26,,,,,,0,,,,,,,,,,,,,,,,,,,,,,,,,,,,
2013-12-11,JK11A1YAJHDDHV,Hitachi HDS722020ALA330,2000398934016,0,,0,,,,,,,,0,,,,,,28852,,,,,,,,,,,,,,,,,,,,,,,,,,,,,,30,,,,,,0,,,,,,,,,,,,,,,,,,,,,,,,,,,,
2013-12-11,MJ1321YNG05V9A,Hitachi HDS5C3030ALA630,3000592982016,0,,0,,,,,,,,0,,,,,,20498,,,,,,,,,,,,,,,,,,,,,,,,,,,,,,29,,,,,,0,,,,,,,,,,,,,,,,,,,,,,,,,,,,
2013-12-11,5XW031YY,ST31500541AS,1500301910016,0,,167906627,,,,,,,,61,,,,,,12240,,,,,,,,,,,,,,,,,,,,,,,,,,,,,,20,,,,,,0,,,,,,,,,,,,,,,,,,,,,,,,,,,,
2013-12-11,MJ1311YNG098ZA,Hitachi HDS5C3030ALA630,3000592982016,0,,393218,,,,,,,,0,,,,,,20480,,,,,,,,,,,,,,,,,,,,,,,,,,,,,,28,,,,,,0,,,,,,,,,,,,,,,,,,,,,,,,,,,,
2013-12-11,W1F0X3NC,ST3000DM001,3000592982016,0,,13203904,,,,,,,,0,,,,,,10398,,,,,,,,,,,,,,,,,,,,,,,,,,,,,,27,,,,,,0,,,,,,,,,,,,,,,,,,,,,,,,,,,,
2013-12-11,JK11A8B9J88Y5F,Hitachi HDS722020ALA330,2000398934016,0,,0,,,,,,,,0,,,,,,26028,,,,,,,,,,,,,,,,,,,,,,,,,,,,,,25,,,,,,0,,,,,,,,,,,,,,,,,,,,,,,,,,,,
2013-12-11,WD-WCAU48410736,WDC WD10EADS,1000204886016,0,,0,,,,,,,,0,,,,,,38205,,,,,,,,,,,,,,,,,,,,,,,,,,,,,,30,,,,,,2,,,,,,,,,,,,,,,,,,,,,,,,,,,,
2013-12-11,Z300WKRS,ST4000DM000,4000787030016,0,,153132584,,,,,,,,0,,,,,,108,,,,,,,,,,,,,,,,,,,,,,,,,,,,,,19,,,,,,0,,,,,,,,,,,,,,,,,,,,,,,,,,,,
2013-12-11,JK11A8B9J38Z6F,Hitachi HDS722020ALA330,2000398934016,0,,0,,,,,,,,0,,,,,,24400,,,,,,,,,,,,,,,,,,,,,,,,,,,,,,29,,,,,,0,,,,,,,,,,,,,,,,,,,,,,,,,,,,
2013-12-11,MJ1311YNG7HUSA,Hitachi HDS5C3030ALA630,3000592982016,0,,0,,,,,,,,0,,,,,,14593,,,,,,,,,,,,,,,,,,,,,,,,,,,,,,23,,,,,,0,,,,,,,,,,,,,,,,,,,,,,,,,,,,
2013-12-11,WD-WCAU4C293804,WDC WD10EADS,1000204886016,0,,24,,,,,,,,0,,,,,,36023,,,,,,,,,,,,,,,,,,,,,,,,,,,,,,27,,,,,,0,,,,,,,,,,,,,,,,,,,,,,,,,,,,
2013-12-11,JK1160YAHP0BGT,Hitachi HDS722020ALA330,2000398934016,0,,0,,,,,,,,0,,,,,,25128,,,,,,,,,,,,,,,,,,,,,,,,,,,,,,26,,,,,,0,,,,,,,,,,,,,,,,,,,,,,,,,,,,
2013-12-11,Z300KWJE,ST4000DM000,4000787030016,0,,175314872,,,,,,,,0,,,,,,1093,,,,,,,,,,,,,,,,,,,,,,,,,,,,,,24,,,,,,0,,,,,,,,,,,,,,,,,,,,,,,,,,,,
2013-12-11,9VS3HJWP,ST31500341AS,1500301910016,0,,200915867,,,,,,,,48,,,,,,32919,,,,,,,,,,,,,,,,,,,,,,,,,,,,,,22,,,,,,0,,,,,,,,,,,,,,,,,,,,,,,,,,,,
2013-12-11,9XW03CH6,ST31500541AS,1500301910016,0,,46459554,,,,,,,,0,,,,,,33331,,,,,,,,,,,,,,,,,,,,,,,,,,,,,,20,,,,,,0,,,,,,,,,,,,,,,,,,,,,,,,,,,,
2013-12-11,S1F031V3,ST3000DM001,3000592982016,0,,46774872,,,,,,,,0,,,,,,15190,,,,,,,,,,,,,,,,,,,,,,,,,,,,,,25,,,,,,8,,,,,,,,,,,,,,,,,,,,,,,,,,,,
2013-12-11,MJ0351YNGA6LKA,Hitachi HDS5C3030ALA630,3000592982016,0,,65536,,,,,,,,0,,,,,,8497,,,,,,,,,,,,,,,,,,,,,,,,,,,,,,27,,,,,,0,,,,,,,,,,,,,,,,,,,,,,,,,,,,
2013-12-11,WD-WMAWZ0232442,WDC WD30EZRX,3000592982016,0,,0,,,,,,,,0,,,,,,12938,,,,,,,,,,,,,,,,,,,,,,,,,,,,,,23,,,,,,11,,,,,,,,,,,,,,,,,,,,,,,,,,,,
2013-12-11,JK11A8B9J3B0VF,Hitachi HDS722020ALA330,2000398934016,0,,0,,,,,,,,21,,,,,,22414,,,,,,,,,,,,,,,,,,,,,,,,,,,,,,27,,,,,,0,,,,,,,,,,,,,,,,,,,,,,,,,,,,
2013-12-11,MJ1311YNG7LUYA,Hitachi HDS5C3030ALA630,3000592982016,0,,0,,,,,,,,0,,,,,,14620,,,,,,,,,,,,,,,,,,,,,,,,,,,,,,23,,,,,,0,,,,,,,,,,,,,,,,,,,,,,,,,,,,
2013-12-11,JK11A8B9J7G1TF,Hitachi HDS722020ALA330,2000398934016,0,,0,,,,,,,,0,,,,,,24467,,,,,,,,,,,,,,,,,,,,,,,,,,,,,,25,,,,,,0,,,,,,,,,,,,,,,,,,,,,,,,,,,,
2013-12-11,JK1174YAK8RAAW,Hitachi HDS722020ALA330,2000398934016,0,,0,,,,,,,,0,,,,,,29018,,,,,,,,,,,,,,,,,,,,,,,,,,,,,,27,,,,,,0,,,,,,,,,,,,,,,,,,,,,,,,,,,,
2013-12-11,PL1311LAG231AA,Hitachi HDS5C4040ALE630,4000787030016,0,,0,,,,,,,,0,,,,,,7759,,,,,,,,,,,,,,,,,,,,,,,,,,,,,,21,,,,,,0,,,,,,,,,,,,,,,,,,,,,,,,,,,,
2013-12-11,MJ0351YNG9WVAA,Hitachi HDS5C3030ALA630,3000592982016,0,,0,,,,,,,,0,,,,,,9191,,,,,,,,,,,,,,,,,,,,,,,,,,,,,,29,,,,,,0,,,,,,,,,,,,,,,,,,,,,,,,,,,,
2013-12-11,S1F10NDB,ST3000DM001,3000592982016,0,,232920576,,,,,,,,0,,,,,,8652,,,,,,,,,,,,,,,,,,,,,,,,,,,,,,28,,,,,,0,,,,,,,,,,,,,,,,,,,,,,,,,,,,
2013-12-11,MJ0351YNG9W1JA,Hitachi HDS5C3030ALA630,3000592982016,0,,0,,,,,,,,0,,,,,,9312,,,,,,,,,,,,,,,,,,,,,,,,,,,,,,28,,,,,,0,,,,,,,,,,,,,,,,,,,,,,,,,,,,
2013-12-11,WD-WCAU45241739,WDC WD10EADS,1000204886016,0,,0,,,,,,,,0,,,,,,41788,,,,,,,,,,,,,,,,,,,,,,,,,,,,,,23,,,,,,0,,,,,,,,,,,,,,,,,,,,,,,,,,,,
2013-12-11,9XK0NVDN,ST33000651AS,3000592982016,0,,207657669,,,,,,,,0,,,,,,15603,,,,,,,,,,,,,,,,,,,,,,,,,,,,,,26,,,,,,0,,,,,,,,,,,,,,,,,,,,,,,,,,,,
2013-12-11,JK11A8B9J3132F,Hitachi HDS722020ALA330,2000398934016,0,,0,,,,,,,,23,,,,,,24433,,,,,,,,,,,,,,,,,,,,,,,,,,,,,,25,,,,,,0,,,,,,,,,,,,,,,,,,,,,,,,,,,,
2013-12-11,W1F0TQQN,ST3000DM001,3000592982016,0,,224018672,,,,,,,,0,,,,,,10471,,,,,,,,,,,,,,,,,,,,,,,,,,,,,,22,,,,,,0,,,,,,,,,,,,,,,,,,,,,,,,,,,,
2013-12-11,6XW00DZB,ST31500541AS,1500301910016,0,,149834528,,,,,,,,580,,,,,,35438,,,,,,,,,,,,,,,,,,,,,,,,,,,,,,20,,,,,,0,,,,,,,,,,,,,,,,,,,,,,,,,,,,
2013-12-11,MJ0351YNGA5EUA,Hitachi HDS5C3030ALA630,3000592982016,0,,0,,,,,,,,0,,,,,,9315,,,,,,,,,,,,,,,,,,,,,,,,,,,,,,32,,,,,,0,,,,,,,,,,,,,,,,,,,,,,,,,,,,
2013-12-11,6XW03A4G,ST31500541AS,1500301910016,0,,239611201,,,,,,,,0,,,,,,36643,,,,,,,,,,,,,,,,,,,,,,,,,,,,,,21,,,,,,0,,,,,,,,,,,,,,,,,,,,,,,,,,,,
2013-12-11,S1F11Y4K,ST3000DM001,3000592982016,0,,89763856,,,,,,,,0,,,,,,8210,,,,,,,,,,,,,,,,,,,,,,,,,,,,,,27,,,,,,0,,,,,,,,,,,,,,,,,,,,,,,,,,,,
2013-12-11,W1F0Z5X2,ST3000DM001,3000592982016,0,,80810936,,,,,,,,0,,,,,,10719,,,,,,,,,,,,,,,,,,,,,,,,,,,,,,25,,,,,,0,,,,,,,,,,,,,,,,,,,,,,,,,,,,
2013-12-11,WD-WCAWZ1148197,WDC WD30EZRX,3000592982016,0,,0,,,,,,,,0,,,,,,16076,,,,,,,,,,,,,,,,,,,,,,,,,,,,,,23,,,,,,0,,,,,,,,,,,,,,,,,,,,,,,,,,,,
2013-12-11,6XW0W38F,ST31500541AS,1500301910016,0,,182819420,,,,,,,,0,,,,,,30508,,,,,,,,,,,,,,,,,,,,,,,,,,,,,,22,,,,,,0,,,,,,,,,,,,,,,,,,,,,,,,,,,,
2013-12-11,W1F0AMCM,ST3000DM001,3000592982016,0,,4106320,,,,,,,,0,,,,,,13796,,,,,,,,,,,,,,,,,,,,,,,,,,,,,,26,,,,,,0,,,,,,,,,,,,,,,,,,,,,,,,,,,,
2013-12-11,W1F0AMCL,ST3000DM001,3000592982016,0,,115487240,,,,,,,,0,,,,,,13912,,,,,,,,,,,,,,,,,,,,,,,,,,,,,,24,,,,,,0,,,,,,,,,,,,,,,,,,,,,,,,,,,,
2013-12-11,JK11A8B9J07E9F,Hitachi HDS722020ALA330,2000398934016,0,,0,,,,,,,,0,,,,,,24631,,,,,,,,,,,,,,,,,,,,,,,,,,,,,,25,,,,,,0,,,,,,,,,,,,,,,,,,,,,,,,,,,,
2013-12-11,9XW03CHY,ST31500541AS,1500301910016,0,,205121803,,,,,,,,146,,,,,,33331,,,,,,,,,,,,,,,,,,,,,,,,,,,,,,22,,,,,,0,,,,,,,,,,,,,,,,,,,,,,,,,,,,
2013-12-11,S1F0TK9T,ST3000DM001,3000592982016,0,,108019984,,,,,,,,0,,,,,,10771,,,,,,,,,,,,,,,,,,,,,,,,,,,,,,23,,,,,,0,,,,,,,,,,,,,,,,,,,,,,,,,,,,
2013-12-11,9VS2AH7M,ST31500341AS,1500301910016,0,,163270194,,,,,,,,5,,,,,,38664,,,,,,,,,,,,,,,,,,,,,,,,,,,,,,19,,,,,,0,,,,,,,,,,,,,,,,,,,,,,,,,,,,
2013-12-11,W1F0AMCQ,ST3000DM001,3000592982016,0,,234511912,,,,,,,,0,,,,,,13824,,,,,,,,,,,,,,,,,,,,,,,,,,,,,,21,,,,,,16,,,,,,,,,,,,,,,,,,,,,,,,,,,,
2013-12-11,W3009X4H,ST4000DM000,4000787030016,0,,161540464,,,,,,,,0,,,,,,4146,,,,,,,,,,,,,,,,,,,,,,,,,,,,,,24,,,,,,0,,,,,,,,,,,,,,,,,,,,,,,,,,,,
2013-12-11,5YD8BLRT,ST1500DL003,1500301910016,0,,1729376,,,,,,,,0,,,,,,11197,,,,,,,,,,,,,,,,,,,,,,,,,,,,,,28,,,,,,0,,,,,,,,,,,,,,,,,,,,,,,,,,,,
2013-12-11,MJ1323YNG1SHWC,Hitachi HDS5C3030ALA630,3000592982016,0,,0,,,,,,,,0,,,,,,19310,,,,,,,,,,,,,,,,,,,,,,,,,,,,,,29,,,,,,0,,,,,,,,,,,,,,,,,,,,,,,,,,,,
2013-12-11,9VS22FJV,ST31500341AS,1500301910016,0,,119378514,,,,,,,,287,,,,,,38101,,,,,,,,,,,,,,,,,,,,,,,,,,,,,,21,,,,,,0,,,,,,,,,,,,,,,,,,,,,,,,,,,,
2013-12-11,PL1311LAG3EDXH,Hitachi HDS5C4040ALE630,4000787030016,0,,0,,,,,,,,0,,,,,,5962,,,,,,,,,,,,,,,,,,,,,,,,,,,,,,21,,,,,,0,,,,,,,,,,,,,,,,,,,,,,,,,,,,
2013-12-11,W1F0X6J3,ST3000DM001,3000592982016,0,,79262768,,,,,,,,0,,,,,,11021,,,,,,,,,,,,,,,,,,,,,,,,,,,,,,25,,,,,,0,,,,,,,,,,,,,,,,,,,,,,,,,,,,
2013-12-11,MJ1323YNG19EHC,Hitachi HDS5C3030ALA630,3000592982016,0,,0,,,,,,,,0,,,,,,20503,,,,,,,,,,,,,,,,,,,,,,,,,,,,,,29,,,,,,0,,,,,,,,,,,,,,,,,,,,,,,,,,,,
2013-12-11,MJ1321YNG0EPVA,Hitachi HDS5C3030ALA630,3000592982016,0,,0,,,,,,,,0,,,,,,20512,,,,,,,,,,,,,,,,,,,,,,,,,,,,,,23,,,,,,0,,,,,,,,,,,,,,,,,,,,,,,,,,,,
2013-12-11,JK11A8B9J2R4RF,Hitachi HDS722020ALA330,2000398934016,0,,0,,,,,,,,0,,,,,,23104,,,,,,,,,,,,,,,,,,,,,,,,,,,,,,28,,,,,,0,,,,,,,,,,,,,,,,,,,,,,,,,,,,
2013-12-11,MJ0351YNGAD93A,Hitachi HDS5C3030ALA630,3000592982016,0,,0,,,,,,,,0,,,,,,7973,,,,,,,,,,,,,,,,,,,,,,,,,,,,,,27,,,,,,0,,,,,,,,,,,,,,,,,,,,,,,,,,,,
2013-12-11,JK11A8B9J3696F,Hitachi HDS722020ALA330,2000398934016,0,,0,,,,,,,,0,,,,,,25541,,,,,,,,,,,,,,,,,,,,,,,,,,,,,,29,,,,,,0,,,,,,,,,,,,,,,,,,,,,,,,,,,,
2013-12-11,W1F060XT,ST3000DM001,3000592982016,0,,42411720,,,,,,,,0,,,,,,11434,,,,,,,,,,,,,,,,,,,,,,,,,,,,,,32,,,,,,0,,,,,,,,,,,,,,,,,,,,,,,,,,,,
2013-12-11,6XW01GBX,ST31500541AS,1500301910016,0,,208094120,,,,,,,,0,,,,,,35950,,,,,,,,,,,,,,,,,,,,,,,,,,,,,,19,,,,,,0,,,,,,,,,,,,,,,,,,,,,,,,,,,,
2013-12-11,6XW108GH,ST31500541AS,1500301910016,0,,67070814,,,,,,,,0,,,,,,30398,,,,,,,,,,,,,,,,,,,,,,,,,,,,,,22,,,,,,0,,,,,,,,,,,,,,,,,,,,,,,,,,,,
2013-12-11,W300BH2B,ST4000DM000,4000787030016,0,,5456312,,,,,,,,0,,,,,,4047,,,,,,,,,,,,,,,,,,,,,,,,,,,,,,20,,,,,,0,,,,,,,,,,,,,,,,,,,,,,,,,,,,
2013-12-11,PL1321LAG34EVH,Hitachi HDS5C4040ALE630,4000787030016,0,,0,,,,,,,,0,,,,,,5668,,,,,,,,,,,,,,,,,,,,,,,,,,,,,,17,,,,,,0,,,,,,,,,,,,,,,,,,,,,,,,,,,,
2013-12-11,W300BH2N,ST4000DM000,4000787030016,0,,223240464,,,,,,,,0,,,,,,3603,,,,,,,,,,,,,,,,,,,,,,,,,,,,,,23,,,,,,0,,,,,,,,,,,,,,,,,,,,,,,,,,,,
2013-12-11,PL1321LAGAZK7H,Hitachi HDS5C4040ALE630,4000787030016,0,,0,,,,,,,,0,,,,,,5064,,,,,,,,,,,,,,,,,,,,,,,,,,,,,,29,,,,,,0,,,,,,,,,,,,,,,,,,,,,,,,,,,,
2013-12-11,MJ0351YNGAAMJA,Hitachi HDS5C3030ALA630,3000592982016,0,,0,,,,,,,,0,,,,,,8612,,,,,,,,,,,,,,,,,,,,,,,,,,,,,,32,,,,,,0,,,,,,,,,,,,,,,,,,,,,,,,,,,,
2013-12-11,W300BH2W,ST4000DM000,4000787030016,0,,101734552,,,,,,,,0,,,,,,4044,,,,,,,,,,,,,,,,,,,,,,,,,,,,,,22,,,,,,0,,,,,,,,,,,,,,,,,,,,,,,,,,,,
2013-12-11,W300BH2P,ST4000DM000,4000787030016,0,,167445864,,,,,,,,0,,,,,,3604,,,,,,,,,,,,,,,,,,,,,,,,,,,,,,22,,,,,,0,,,,,,,,,,,,,,,,,,,,,,,,,,,,
2013-12-11,6XW00KLL,ST31500541AS,1500301910016,0,,156578901,,,,,,,,0,,,,,,35745,,,,,,,,,,,,,,,,,,,,,,,,,,,,,,23,,,,,,0,,,,,,,,,,,,,,,,,,,,,,,,,,,,
2013-12-11,6XW00KLN,ST31500541AS,1500301910016,0,,6561577,,,,,,,,0,,,,,,35750,,,,,,,,,,,,,,,,,,,,,,,,,,,,,,23,,,,,,0,,,,,,,,,,,,,,,,,,,,,,,,,,,,
2013-12-11,W300BH2Z,ST4000DM000,4000787030016,0,,188527528,,,,,,,,0,,,,,,4190,,,,,,,,,,,,,,,,,,,,,,,,,,,,,,23,,,,,,0,,,,,,,,,,,,,,,,,,,,,,,,,,,,
2013-12-11,W300BH2X,ST4000DM000,4000787030016,0,,182469656,,,,,,,,0,,,,,,3604,,,,,,,,,,,,,,,,,,,,,,,,,,,,,,22,,,,,,0,,,,,,,,,,,,,,,,,,,,,,,,,,,,
2013-12-11,MJ1311YNG2683A,Hitachi HDS5C3030ALA630,3000592982016,0,,0,,,,,,,,0,,,,,,14330,,,,,,,,,,,,,,,,,,,,,,,,,,,,,,34,,,,,,0,,,,,,,,,,,,,,,,,,,,,,,,,,,,
2013-12-11,MJ0351YNG9XMJA,Hitachi HDS5C3030ALA630,3000592982016,0,,0,,,,,,,,0,,,,,,8617,,,,,,,,,,,,,,,,,,,,,,,,,,,,,,29,,,,,,0,,,,,,,,,,,,,,,,,,,,,,,,,,,,
2013-12-11,W1F1BAE6,ST3000DM001,3000592982016,0,,104338064,,,,,,,,0,,,,,,8650,,,,,,,,,,,,,,,,,,,,,,,,,,,,,,25,,,,,,0,,,,,,,,,,,,,,,,,,,,,,,,,,,,
2013-12-11,PL1321LAGAY89H,Hitachi HDS5C4040ALE630,4000787030016,0,,0,,,,,,,,0,,,,,,5074,,,,,,,,,,,,,,,,,,,,,,,,,,,,,,26,,,,,,0,,,,,,,,,,,,,,,,,,,,,,,,,,,,
2013-12-11,MJ1311YNG7HHMA,Hitachi HDS5C3030ALA630,3000592982016,0,,0,,,,,,,,0,,,,,,14601,,,,,,,,,,,,,,,,,,,,,,,,,,,,,,24,,,,,,0,,,,,,,,,,,,,,,,,,,,,,,,,,,,
2013-12-11,9VS1KXBG,ST31500341AS,1500301910016,0,,217236442,,,,,,,,10,,,,,,40406,,,,,,,,,,,,,,,,,,,,,,,,,,,,,,31,,,,,,0,,,,,,,,,,,,,,,,,,,,,,,,,,,,
2013-12-11,MJ0351YNGA62XA,Hitachi HDS5C3030ALA630,3000592982016,0,,0,,,,,,,,0,,,,,,9163,,,,,,,,,,,,,,,,,,,,,,,,,,,,,,26,,,,,,0,,,,,,,,,,,,,,,,,,,,,,,,,,,,
2013-12-11,MJ1311YNG7GXWA,Hitachi HDS5C3030ALA630,3000592982016,0,,0,,,,,,,,0,,,,,,14601,,,,,,,,,,,,,,,,,,,,,,,,,,,,,,23,,,,,,0,,,,,,,,,,,,,,,,,,,,,,,,,,,,
2013-12-11,MJ1311YNG3B47A,Hitachi HDS5C3030ALA630,3000592982016,0,,0,,,,,,,,0,,,,,,18928,,,,,,,,,,,,,,,,,,,,,,,,,,,,,,28,,,,,,0,,,,,,,,,,,,,,,,,,,,,,,,,,,,
2013-12-11,MJ0351YNGA3T5A,Hitachi HDS5C3030ALA630,3000592982016,0,,0,,,,,,,,0,,,,,,9315,,,,,,,,,,,,,,,,,,,,,,,,,,,,,,30,,,,,,0,,,,,,,,,,,,,,,,,,,,,,,,,,,,
2013-12-11,9XK0PEY2,ST33000651AS,3000592982016,0,,220586205,,,,,,,,0,,,,,,17739,,,,,,,,,,,,,,,,,,,,,,,,,,,,,,27,,,,,,0,,,,,,,,,,,,,,,,,,,,,,,,,,,,
2013-12-11,MJ1311YNG3LZ6A,Hitachi HDS5C3030ALA630,3000592982016,0,,2,,,,,,,,0,,,,,,19254,,,,,,,,,,,,,,,,,,,,,,,,,,,,,,24,,,,,,0,,,,,,,,,,,,,,,,,,,,,,,,,,,,
2013-12-11,MJ1311YNG6239A,Hitachi HDS5C3030ALA630,3000592982016,0,,0,,,,,,,,0,,,,,,14601,,,,,,,,,,,,,,,,,,,,,,,,,,,,,,19,,,,,,0,,,,,,,,,,,,,,,,,,,,,,,,,,,,
2013-12-11,6XW016MG,ST31500541AS,1500301910016,0,,59000188,,,,,,,,0,,,,,,35757,,,,,,,,,,,,,,,,,,,,,,,,,,,,,,21,,,,,,0,,,,,,,,,,,,,,,,,,,,,,,,,,,,
2013-12-11,PL1311LAG3EEZH,Hitachi HDS5C4040ALE630,4000787030016,0,,0,,,,,,,,0,,,,,,6641,,,,,,,,,,,,,,,,,,,,,,,,,,,,,,25,,,,,,0,,,,,,,,,,,,,,,,,,,,,,,,,,,,
2013-12-11,MJ0351YNGA75VA,Hitachi HDS5C3030ALA630,3000592982016,0,,0,,,,,,,,0,,,,,,9147,,,,,,,,,,,,,,,,,,,,,,,,,,,,,,27,,,,,,0,,,,,,,,,,,,,,,,,,,,,,,,,,,,
2013-12-11,S1F0R4DG,ST3000DM001,3000592982016,0,,156927152,,,,,,,,0,,,,,,10737,,,,,,,,,,,,,,,,,,,,,,,,,,,,,,26,,,,,,0,,,,,,,,,,,,,,,,,,,,,,,,,,,,
2013-12-11,6XW016MJ,ST31500541AS,1500301910016,0,,196118449,,,,,,,,0,,,,,,36915,,,,,,,,,,,,,,,,,,,,,,,,,,,,,,22,,,,,,0,,,,,,,,,,,,,,,,,,,,,,,,,,,,
2013-12-11,MJ1311YNG39DXA,Hitachi HDS5C3030ALA630,3000592982016,0,,0,,,,,,,,0,,,,,,19588,,,,,,,,,,,,,,,,,,,,,,,,,,,,,,29,,,,,,0,,,,,,,,,,,,,,,,,,,,,,,,,,,,
2013-12-11,JK1131YAGZJDTV,Hitachi HDS722020ALA330,2000398934016,0,,0,,,,,,,,0,,,,,,27846,,,,,,,,,,,,,,,,,,,,,,,,,,,,,,28,,,,,,0,,,,,,,,,,,,,,,,,,,,,,,,,,,,
2013-12-11,W1F0PJ6L,ST3000DM001,3000592982016,0,,80894696,,,,,,,,0,,,,,,10653,,,,,,,,,,,,,,,,,,,,,,,,,,,,,,24,,,,,,16,,,,,,,,,,,,,,,,,,,,,,,,,,,,
2013-12-11,MJ1311YNG7JM3A,Hitachi HDS5C3030ALA630,3000592982016,0,,0,,,,,,,,0,,,,,,14593,,,,,,,,,,,,,,,,,,,,,,,,,,,,,,24,,,,,,0,,,,,,,,,,,,,,,,,,,,,,,,,,,,
2013-12-11,S1F01548,ST3000DM001,3000592982016,0,,8487648,,,,,,,,0,,,,,,15418,,,,,,,,,,,,,,,,,,,,,,,,,,,,,,25,,,,,,56,,,,,,,,,,,,,,,,,,,,,,,,,,,,
2013-12-11,PL1310LAG01DWA,Hitachi HDS5C4040ALE630,4000787030016,0,,65536,,,,,,,,0,,,,,,12998,,,,,,,,,,,,,,,,,,,,,,,,,,,,,,25,,,,,,0,,,,,,,,,,,,,,,,,,,,,,,,,,,,
2013-12-11,JK1101B9JHWM1F,Hitachi HDS722020ALA330,2000398934016,0,,0,,,,,,,,0,,,,,,24113,,,,,,,,,,,,,,,,,,,,,,,,,,,,,,26,,,,,,0,,,,,,,,,,,,,,,,,,,,,,,,,,,,
2013-12-11,MK0313YHGGL3EC,Hitachi HDS723030ALA640,3000592982016,0,,73662906,,,,,,,,0,,,,,,21462,,,,,,,,,,,,,,,,,,,,,,,,,,,,,,33,,,,,,0,,,,,,,,,,,,,,,,,,,,,,,,,,,,
2013-12-11,MJ1321YNG154RA,Hitachi HDS5C3030ALA630,3000592982016,0,,0,,,,,,,,0,,,,,,20731,,,,,,,,,,,,,,,,,,,,,,,,,,,,,,26,,,,,,0,,,,,,,,,,,,,,,,,,,,,,,,,,,,
2013-12-11,MS79215X099PNA,Hitachi HDS723030BLE640,3000592982016,0,,0,,,,,,,,0,,,,,,2506,,,,,,,,,,,,,,,,,,,,,,,,,,,,,,24,,,,,,0,,,,,,,,,,,,,,,,,,,,,,,,,,,,
2013-12-11,Z300TXCQ,ST4000DM000,4000787030016,0,,142675184,,,,,,,,0,,,,,,108,,,,,,,,,,,,,,,,,,,,,,,,,,,,,,22,,,,,,0,,,,,,,,,,,,,,,,,,,,,,,,,,,,
2013-12-11,MJ0351YNG9W5YA,Hitachi HDS5C3030ALA630,3000592982016,0,,0,,,,,,,,0,,,,,,9906,,,,,,,,,,,,,,,,,,,,,,,,,,,,,,26,,,,,,0,,,,,,,,,,,,,,,,,,,,,,,,,,,,
2013-12-11,MJ1311YNG7ASHA,Hitachi HDS5C3030ALA630,3000592982016,0,,0,,,,,,,,0,,,,,,14291,,,,,,,,,,,,,,,,,,,,,,,,,,,,,,30,,,,,,0,,,,,,,,,,,,,,,,,,,,,,,,,,,,
2013-12-11,MJ0351YNG9VX9A,Hitachi HDS5C3030ALA630,3000592982016,0,,0,,,,,,,,0,,,,,,9941,,,,,,,,,,,,,,,,,,,,,,,,,,,,,,26,,,,,,0,,,,,,,,,,,,,,,,,,,,,,,,,,,,
2013-12-11,MK0301YHGN7KKD,Hitachi HDS723030ALA640,3000592982016,0,,0,,,,,,,,0,,,,,,16660,,,,,,,,,,,,,,,,,,,,,,,,,,,,,,27,,,,,,0,,,,,,,,,,,,,,,,,,,,,,,,,,,,
2013-12-11,W1F0E7BX,ST3000DM001,3000592982016,0,,224794152,,,,,,,,0,,,,,,12345,,,,,,,,,,,,,,,,,,,,,,,,,,,,,,25,,,,,,0,,,,,,,,,,,,,,,,,,,,,,,,,,,,
2013-12-11,Z1F01TAZ,ST3000DM001,3000592982016,0,,4920008,,,,,,,,0,,,,,,13280,,,,,,,,,,,,,,,,,,,,,,,,,,,,,,23,,,,,,0,,,,,,,,,,,,,,,,,,,,,,,,,,,,
2013-12-11,JK1171YBK1N1YF,Hitachi HDS722020ALA330,2000398934016,0,,0,,,,,,,,0,,,,,,29668,,,,,,,,,,,,,,,,,,,,,,,,,,,,,,29,,,,,,0,,,,,,,,,,,,,,,,,,,,,,,,,,,,
2013-12-11,MK0311YHGGWSUA,Hitachi HDS723030ALA640,3000592982016,0,,0,,,,,,,,0,,,,,,16680,,,,,,,,,,,,,,,,,,,,,,,,,,,,,,30,,,,,,0,,,,,,,,,,,,,,,,,,,,,,,,,,,,
2013-12-11,WD-WMC1T1621023,WDC WD30EFRX,3000592982016,0,,0,,,,,,,,0,,,,,,7708,,,,,,,,,,,,,,,,,,,,,,,,,,,,,,28,,,,,,0,,,,,,,,,,,,,,,,,,,,,,,,,,,,
2013-12-11,JK1174YAK6RV5W,Hitachi HDS722020ALA330,2000398934016,0,,0,,,,,,,,0,,,,,,28154,,,,,,,,,,,,,,,,,,,,,,,,,,,,,,27,,,,,,0,,,,,,,,,,,,,,,,,,,,,,,,,,,,
2013-12-11,6XW04WTY,ST31500541AS,1500301910016,0,,176314908,,,,,,,,0,,,,,,36953,,,,,,,,,,,,,,,,,,,,,,,,,,,,,,20,,,,,,0,,,,,,,,,,,,,,,,,,,,,,,,,,,,
2013-12-11,WD-WCC1T1244535,WDC WD30EFRX,3000592982016,0,,0,,,,,,,,0,,,,,,1185,,,,,,,,,,,,,,,,,,,,,,,,,,,,,,32,,,,,,0,,,,,,,,,,,,,,,,,,,,,,,,,,,,
2013-12-11,Z300PBAV,ST4000DM000,4000787030016,0,,188875632,,,,,,,,0,,,,,,1232,,,,,,,,,,,,,,,,,,,,,,,,,,,,,,21,,,,,,0,,,,,,,,,,,,,,,,,,,,,,,,,,,,
2013-12-11,JK11A8B9J7959F,Hitachi HDS722020ALA330,2000398934016,0,,0,,,,,,,,0,,,,,,22699,,,,,,,,,,,,,,,,,,,,,,,,,,,,,,30,,,,,,0,,,,,,,,,,,,,,,,,,,,,,,,,,,,
2013-12-11,9VS28GB5,ST31500341AS,1500301910016,0,,69585235,,,,,,,,35,,,,,,38482,,,,,,,,,,,,,,,,,,,,,,,,,,,,,,24,,,,,,0,,,,,,,,,,,,,,,,,,,,,,,,,,,,
2013-12-11,JK11A8B9GPDG5F,Hitachi HDS722020ALA330,2000398934016,0,,0,,,,,,,,0,,,,,,26764,,,,,,,,,,,,,,,,,,,,,,,,,,,,,,27,,,,,,0,,,,,,,,,,,,,,,,,,,,,,,,,,,,
2013-12-11,W1F09Q5G,ST3000DM001,3000592982016,0,,223048616,,,,,,,,0,,,,,,13881,,,,,,,,,,,,,,,,,,,,,,,,,,,,,,24,,,,,,0,,,,,,,,,,,,,,,,,,,,,,,,,,,,
2013-12-11,MJ0351YNGAD8AA,Hitachi HDS5C3030ALA630,3000592982016,0,,0,,,,,,,,0,,,,,,7975,,,,,,,,,,,,,,,,,,,,,,,,,,,,,,27,,,,,,0,,,,,,,,,,,,,,,,,,,,,,,,,,,,
2013-12-11,PL1331LAG5AZXH,HGST HMS5C4040ALE640,4000787030016,0,,0,,,,,,,,0,,,,,,9401,,,,,,,,,,,,,,,,,,,,,,,,,,,,,,30,,,,,,0,,,,,,,,,,,,,,,,,,,,,,,,,,,,
2013-12-11,Z1Z05CDK,ST4000DX000,4000787030016,0,,91127221,,,,,,,,0,,,,,,5379,,,,,,,,,,,,,,,,,,,,,,,,,,,,,,27,,,,,,0,,,,,,,,,,,,,,,,,,,,,,,,,,,,
2013-12-11,Z1F0RJXP,ST3000DM001,3000592982016,0,,114150504,,,,,,,,760,,,,,,11048,,,,,,,,,,,,,,,,,,,,,,,,,,,,,,23,,,,,,8,,,,,,,,,,,,,,,,,,,,,,,,,,,,
2013-12-11,W1F1CMM8,ST3000DM001,3000592982016,0,,172557520,,,,,,,,0,,,,,,8177,,,,,,,,,,,,,,,,,,,,,,,,,,,,,,19,,,,,,0,,,,,,,,,,,,,,,,,,,,,,,,,,,,
2013-12-11,WD-WCAWZ1319978,WDC WD30EZRX,3000592982016,0,,0,,,,,,,,0,,,,,,12357,,,,,,,,,,,,,,,,,,,,,,,,,,,,,,21,,,,,,1,,,,,,,,,,,,,,,,,,,,,,,,,,,,
2013-12-11,Z300PBA0,ST4000DM000,4000787030016,0,,36327464,,,,,,,,0,,,,,,1094,,,,,,,,,,,,,,,,,,,,,,,,,,,,,,19,,,,,,0,,,,,,,,,,,,,,,,,,,,,,,,,,,,
2013-12-11,WD-WMAWZ0284657,WDC WD30EZRX,3000592982016,0,,0,,,,,,,,0,,,,,,12700,,,,,,,,,,,,,,,,,,,,,,,,,,,,,,19,,,,,,0,,,,,,,,,,,,,,,,,,,,,,,,,,,,
2013-12-11,JK11A4YAK8WGWW,Hitachi HDS722020ALA330,2000398934016,0,,0,,,,,,,,0,,,,,,27871,,,,,,,,,,,,,,,,,,,,,,,,,,,,,,26,,,,,,0,,,,,,,,,,,,,,,,,,,,,,,,,,,,
2013-12-11,5XW0409Q,ST31500541AS,1500301910016,0,,185989245,,,,,,,,0,,,,,,32802,,,,,,,,,,,,,,,,,,,,,,,,,,,,,,16,,,,,,0,,,,,,,,,,,,,,,,,,,,,,,,,,,,
2013-12-11,JK11A4B8JMGBWW,Hitachi HDS722020ALA330,2000398934016,0,,0,,,,,,,,0,,,,,,2719,,,,,,,,,,,,,,,,,,,,,,,,,,,,,,25,,,,,,0,,,,,,,,,,,,,,,,,,,,,,,,,,,,
2013-12-11,PL1301LAG35E5H,Hitachi HDS5C4040ALE630,4000787030016,0,,0,,,,,,,,0,,,,,,6648,,,,,,,,,,,,,,,,,,,,,,,,,,,,,,19,,,,,,0,,,,,,,,,,,,,,,,,,,,,,,,,,,,
2013-12-11,MJ1321YNG1AKJA,Hitachi HDS5C3030ALA630,3000592982016,0,,65536,,,,,,,,0,,,,,,19802,,,,,,,,,,,,,,,,,,,,,,,,,,,,,,28,,,,,,0,,,,,,,,,,,,,,,,,,,,,,,,,,,,
2013-12-11,W1F0M338,ST3000DM001,3000592982016,0,,218994424,,,,,,,,0,,,,,,12172,,,,,,,,,,,,,,,,,,,,,,,,,,,,,,32,,,,,,0,,,,,,,,,,,,,,,,,,,,,,,,,,,,
2013-12-11,W1F0M330,ST3000DM001,3000592982016,0,,67178288,,,,,,,,0,,,,,,12319,,,,,,,,,,,,,,,,,,,,,,,,,,,,,,29,,,,,,0,,,,,,,,,,,,,,,,,,,,,,,,,,,,
2013-12-11,MJ1323YNG1NM8C,Hitachi HDS5C3030ALA630,3000592982016,0,,0,,,,,,,,0,,,,,,19727,,,,,,,,,,,,,,,,,,,,,,,,,,,,,,24,,,,,,0,,,,,,,,,,,,,,,,,,,,,,,,,,,,
2013-12-11,MJ0351YNGA6G4A,Hitachi HDS5C3030ALA630,3000592982016,0,,0,,,,,,,,0,,,,,,8092,,,,,,,,,,,,,,,,,,,,,,,,,,,,,,26,,,,,,0,,,,,,,,,,,,,,,,,,,,,,,,,,,,
2013-12-11,W300J62P,ST4000DM000,4000787030016,0,,206269728,,,,,,,,0,,,,,,2248,,,,,,,,,,,,,,,,,,,,,,,,,,,,,,19,,,,,,0,,,,,,,,,,,,,,,,,,,,,,,,,,,,
2013-12-11,S1F01LLF,ST3000DM001,3000592982016,0,,186431016,,,,,,,,0,,,,,,13347,,,,,,,,,,,,,,,,,,,,,,,,,,,,,,28,,,,,,0,,,,,,,,,,,,,,,,,,,,,,,,,,,,
2013-12-11,6XW02146,ST31500541AS,1500301910016,0,,28700775,,,,,,,,0,,,,,,36424,,,,,,,,,,,,,,,,,,,,,,,,,,,,,,19,,,,,,0,,,,,,,,,,,,,,,,,,,,,,,,,,,,
2013-12-11,MJ1311YNG36WJA,Hitachi HDS5C3030ALA630,3000592982016,0,,262144,,,,,,,,0,,,,,,18406,,,,,,,,,,,,,,,,,,,,,,,,,,,,,,24,,,,,,0,,,,,,,,,,,,,,,,,,,,,,,,,,,,
2013-12-11,W300J62J,ST4000DM000,4000787030016,0,,198210352,,,,,,,,0,,,,,,2248,,,,,,,,,,,,,,,,,,,,,,,,,,,,,,19,,,,,,0,,,,,,,,,,,,,,,,,,,,,,,,,,,,
2013-12-11,Z300CR11,ST4000DM000,4000787030016,0,,19036752,,,,,,,,0,,,,,,2257,,,,,,,,,,,,,,,,,,,,,,,,,,,,,,24,,,,,,0,,,,,,,,,,,,,,,,,,,,,,,,,,,,
2013-12-11,MJ0351YNG9WRKA,Hitachi HDS5C3030ALA630,3000592982016,0,,0,,,,,,,,0,,,,,,8829,,,,,,,,,,,,,,,,,,,,,,,,,,,,,,31,,,,,,0,,,,,,,,,,,,,,,,,,,,,,,,,,,,
2013-12-11,W1F03Z30,ST3000DM001,3000592982016,0,,96397104,,,,,,,,0,,,,,,14713,,,,,,,,,,,,,,,,,,,,,,,,,,,,,,25,,,,,,0,,,,,,,,,,,,,,,,,,,,,,,,,,,,
2013-12-11,PL1311LAG38AMH,Hitachi HDS5C4040ALE630,4000787030016,0,,0,,,,,,,,0,,,,,,5948,,,,,,,,,,,,,,,,,,,,,,,,,,,,,,23,,,,,,0,,,,,,,,,,,,,,,,,,,,,,,,,,,,
2013-12-11,9VS0W0Y4,ST31500341AS,1500301910016,0,,31436931,,,,,,,,9,,,,,,14290,,,,,,,,,,,,,,,,,,,,,,,,,,,,,,31,,,,,,0,,,,,,,,,,,,,,,,,,,,,,,,,,,,
2013-12-11,W300C9H8,ST4000DM000,4000787030016,0,,175840352,,,,,,,,0,,,,,,4136,,,,,,,,,,,,,,,,,,,,,,,,,,,,,,20,,,,,,0,,,,,,,,,,,,,,,,,,,,,,,,,,,,
2013-12-11,MJ1311YNG358WA,Hitachi HDS5C3030ALA630,3000592982016,0,,0,,,,,,,,0,,,,,,18386,,,,,,,,,,,,,,,,,,,,,,,,,,,,,,21,,,,,,0,,,,,,,,,,,,,,,,,,,,,,,,,,,,
2013-12-11,MJ1321YNG0R76A,Hitachi HDS5C3030ALA630,3000592982016,0,,0,,,,,,,,0,,,,,,19372,,,,,,,,,,,,,,,,,,,,,,,,,,,,,,27,,,,,,0,,,,,,,,,,,,,,,,,,,,,,,,,,,,
2013-12-11,6XW0V248,ST31500541AS,1500301910016,0,,129434371,,,,,,,,0,,,,,,32085,,,,,,,,,,,,,,,,,,,,,,,,,,,,,,24,,,,,,0,,,,,,,,,,,,,,,,,,,,,,,,,,,,
2013-12-11,MJ1311YNG7LW1A,Hitachi HDS5C3030ALA630,3000592982016,0,,0,,,,,,,,0,,,,,,14290,,,,,,,,,,,,,,,,,,,,,,,,,,,,,,31,,,,,,0,,,,,,,,,,,,,,,,,,,,,,,,,,,,
2013-12-11,MJ1323YNG1SYHC,Hitachi HDS5C3030ALA630,3000592982016,0,,0,,,,,,,,0,,,,,,19747,,,,,,,,,,,,,,,,,,,,,,,,,,,,,,26,,,,,,0,,,,,,,,,,,,,,,,,,,,,,,,,,,,
2013-12-11,Z1F06W27,ST3000DM001,3000592982016,0,,137868328,,,,,,,,0,,,,,,14732,,,,,,,,,,,,,,,,,,,,,,,,,,,,,,21,,,,,,0,,,,,,,,,,,,,,,,,,,,,,,,,,,,
2013-12-11,W1F08Y1D,ST3000DM001,3000592982016,0,,224611968,,,,,,,,0,,,,,,16193,,,,,,,,,,,,,,,,,,,,,,,,,,,,,,24,,,,,,0,,,,,,,,,,,,,,,,,,,,,,,,,,,,
2013-12-11,Z300CR1Z,ST4000DM000,4000787030016,0,,185341912,,,,,,,,8,,,,,,2243,,,,,,,,,,,,,,,,,,,,,,,,,,,,,,20,,,,,,0,,,,,,,,,,,,,,,,,,,,,,,,,,,,
2013-12-11,W300BMA4,ST4000DM000,4000787030016,0,,215556776,,,,,,,,0,,,,,,944,,,,,,,,,,,,,,,,,,,,,,,,,,,,,,26,,,,,,0,,,,,,,,,,,,,,,,,,,,,,,,,,,,
2013-12-11,W300BVTZ,ST4000DM000,4000787030016,0,,4261248,,,,,,,,0,,,,,,4188,,,,,,,,,,,,,,,,,,,,,,,,,,,,,,27,,,,,,0,,,,,,,,,,,,,,,,,,,,,,,,,,,,
2013-12-11,W1F0Q9AP,ST3000DM001,3000592982016,0,,156457920,,,,,,,,0,,,,,,12548,,,,,,,,,,,,,,,,,,,,,,,,,,,,,,25,,,,,,0,,,,,,,,,,,,,,,,,,,,,,,,,,,,
2013-12-11,JK1101B9KMRARF,Hitachi HDS722020ALA330,2000398934016,0,,0,,,,,,,,14,,,,,,22955,,,,,,,,,,,,,,,,,,,,,,,,,,,,,,22,,,,,,0,,,,,,,,,,,,,,,,,,,,,,,,,,,,
2013-12-11,9VS1ERNK,ST31500341AS,1500301910016,0,,10724814,,,,,,,,9,,,,,,39097,,,,,,,,,,,,,,,,,,,,,,,,,,,,,,23,,,,,,0,,,,,,,,,,,,,,,,,,,,,,,,,,,,
2013-12-11,JK1101B9KMRLVF,Hitachi HDS722020ALA330,2000398934016,0,,0,,,,,,,,0,,,,,,22861,,,,,,,,,,,,,,,,,,,,,,,,,,,,,,25,,,,,,0,,,,,,,,,,,,,,,,,,,,,,,,,,,,
2013-12-11,MJ1311YNG7G9GA,Hitachi HDS5C3030ALA630,3000592982016,0,,0,,,,,,,,0,,,,,,14595,,,,,,,,,,,,,,,,,,,,,,,,,,,,,,27,,,,,,0,,,,,,,,,,,,,,,,,,,,,,,,,,,,
2013-12-11,MJ1311YNG2TNHA,Hitachi HDS5C3030ALA630,3000592982016,0,,0,,,,,,,,0,,,,,,18315,,,,,,,,,,,,,,,,,,,,,,,,,,,,,,24,,,,,,0,,,,,,,,,,,,,,,,,,,,,,,,,,,,
2013-12-11,MK0331YHGP9UNA,Hitachi HDS723030ALA640,3000592982016,0,,0,,,,,,,,0,,,,,,17355,,,,,,,,,,,,,,,,,,,,,,,,,,,,,,26,,,,,,0,,,,,,,,,,,,,,,,,,,,,,,,,,,,
2013-12-11,W300JGHQ,ST4000DM000,4000787030016,0,,12727976,,,,,,,,0,,,,,,2240,,,,,,,,,,,,,,,,,,,,,,,,,,,,,,20,,,,,,0,,,,,,,,,,,,,,,,,,,,,,,,,,,,
2013-12-11,MJ1311YNG0096A,Hitachi HDS5C3030ALA630,3000592982016,0,,0,,,,,,,,0,,,,,,20732,,,,,,,,,,,,,,,,,,,,,,,,,,,,,,26,,,,,,0,,,,,,,,,,,,,,,,,,,,,,,,,,,,
2013-12-11,MJ0351YNG9VJ5A,Hitachi HDS5C3030ALA630,3000592982016,0,,0,,,,,,,,0,,,,,,9972,,,,,,,,,,,,,,,,,,,,,,,,,,,,,,26,,,,,,0,,,,,,,,,,,,,,,,,,,,,,,,,,,,
2013-12-11,MJ0351YNGAD2JA,Hitachi HDS5C3030ALA630,3000592982016,0,,0,,,,,,,,0,,,,,,8214,,,,,,,,,,,,,,,,,,,,,,,,,,,,,,30,,,,,,0,,,,,,,,,,,,,,,,,,,,,,,,,,,,
2013-12-11,9XW01SMX,ST31500541AS,1500301910016,0,,90719468,,,,,,,,11,,,,,,35440,,,,,,,,,,,,,,,,,,,,,,,,,,,,,,19,,,,,,0,,,,,,,,,,,,,,,,,,,,,,,,,,,,
2013-12-11,JK11A8B9J3BAPF,Hitachi HDS722020ALA330,2000398934016,0,,0,,,,,,,,0,,,,,,24401,,,,,,,,,,,,,,,,,,,,,,,,,,,,,,28,,,,,,0,,,,,,,,,,,,,,,,,,,,,,,,,,,,
2013-12-11,Z300PMLH,ST4000DM000,4000787030016,0,,145164136,,,,,,,,0,,,,,,1233,,,,,,,,,,,,,,,,,,,,,,,,,,,,,,20,,,,,,0,,,,,,,,,,,,,,,,,,,,,,,,,,,,
2013-12-11,Z300XGS9,ST4000DM000,4000787030016,0,,109666584,,,,,,,,0,,,,,,923,,,,,,,,,,,,,,,,,,,,,,,,,,,,,,26,,,,,,0,,,,,,,,,,,,,,,,,,,,,,,,,,,,
2013-12-11,Z300PMLJ,ST4000DM000,4000787030016,0,,138109120,,,,,,,,0,,,,,,1225,,,,,,,,,,,,,,,,,,,,,,,,,,,,,,20,,,,,,0,,,,,,,,,,,,,,,,,,,,,,,,,,,,
2013-12-11,JK1101B9JPHEEF,Hitachi HDS722020ALA330,2000398934016,0,,0,,,,,,,,0,,,,,,23990,,,,,,,,,,,,,,,,,,,,,,,,,,,,,,25,,,,,,0,,,,,,,,,,,,,,,,,,,,,,,,,,,,
2013-12-11,MJ0351YNG9V4LA,Hitachi HDS5C3030ALA630,3000592982016,0,,0,,,,,,,,0,,,,,,8506,,,,,,,,,,,,,,,,,,,,,,,,,,,,,,26,,,,,,0,,,,,,,,,,,,,,,,,,,,,,,,,,,,
2013-12-11,6XW05BQ4,ST31500541AS,1500301910016,0,,108740014,,,,,,,,41,,,,,,37281,,,,,,,,,,,,,,,,,,,,,,,,,,,,,,23,,,,,,0,,,,,,,,,,,,,,,,,,,,,,,,,,,,
2013-12-11,MJ1311YNG5UPLA,Hitachi HDS5C3030ALA630,3000592982016,0,,0,,,,,,,,0,,,,,,14574,,,,,,,,,,,,,,,,,,,,,,,,,,,,,,24,,,,,,0,,,,,,,,,,,,,,,,,,,,,,,,,,,,
2013-12-11,PL1311LAG25VEA,Hitachi HDS5C4040ALE630,4000787030016,0,,0,,,,,,,,0,,,,,,6614,,,,,,,,,,,,,,,,,,,,,,,,,,,,,,26,,,,,,0,,,,,,,,,,,,,,,,,,,,,,,,,,,,
2013-12-11,MJ1311YNG2ZUVA,Hitachi HDS5C3030ALA630,3000592982016,0,,21,,,,,,,,0,,,,,,18386,,,,,,,,,,,,,,,,,,,,,,,,,,,,,,24,,,,,,0,,,,,,,,,,,,,,,,,,,,,,,,,,,,
2013-12-11,Z1Z054BY,ST4000DX000,4000787030016,0,,141893980,,,,,,,,0,,,,,,5039,,,,,,,,,,,,,,,,,,,,,,,,,,,,,,33,,,,,,0,,,,,,,,,,,,,,,,,,,,,,,,,,,,
2013-12-11,Z300MF94,ST4000DM000,4000787030016,0,,20761496,,,,,,,,0,,,,,,1115,,,,,,,,,,,,,,,,,,,,,,,,,,,,,,29,,,,,,0,,,,,,,,,,,,,,,,,,,,,,,,,,,,
2013-12-11,Z1Z054BT,ST4000DX000,4000787030016,0,,35266643,,,,,,,,0,,,,,,5077,,,,,,,,,,,,,,,,,,,,,,,,,,,,,,30,,,,,,0,,,,,,,,,,,,,,,,,,,,,,,,,,,,
2013-12-11,6XW00B6C,ST32000542AS,2000398934016,0,,34319823,,,,,,,,0,,,,,,7828,,,,,,,,,,,,,,,,,,,,,,,,,,,,,,25,,,,,,0,,,,,,,,,,,,,,,,,,,,,,,,,,,,
2013-12-11,Z1F0GMNQ,ST3000DM001,3000592982016,0,,221491336,,,,,,,,0,,,,,,5029,,,,,,,,,,,,,,,,,,,,,,,,,,,,,,25,,,,,,0,,,,,,,,,,,,,,,,,,,,,,,,,,,,
2013-12-11,JK11A8B9J924TF,Hitachi HDS722020ALA330,2000398934016,0,,0,,,,,,,,0,,,,,,24970,,,,,,,,,,,,,,,,,,,,,,,,,,,,,,30,,,,,,0,,,,,,,,,,,,,,,,,,,,,,,,,,,,
2013-12-11,5XW03FBY,ST31500541AS,1500301910016,0,,198719078,,,,,,,,0,,,,,,35228,,,,,,,,,,,,,,,,,,,,,,,,,,,,,,21,,,,,,0,,,,,,,,,,,,,,,,,,,,,,,,,,,,
2013-12-11,6XW03AS6,ST31500541AS,1500301910016,0,,229659934,,,,,,,,0,,,,,,35777,,,,,,,,,,,,,,,,,,,,,,,,,,,,,,21,,,,,,0,,,,,,,,,,,,,,,,,,,,,,,,,,,,
2013-12-11,MJ0351YNGA3ZLA,Hitachi HDS5C3030ALA630,3000592982016,0,,0,,,,,,,,0,,,,,,8665,,,,,,,,,,,,,,,,,,,,,,,,,,,,,,28,,,,,,0,,,,,,,,,,,,,,,,,,,,,,,,,,,,
2013-12-11,Z1Z054B7,ST4000DX000,4000787030016,0,,83899487,,,,,,,,0,,,,,,5078,,,,,,,,,,,,,,,,,,,,,,,,,,,,,,33,,,,,,0,,,,,,,,,,,,,,,,,,,,,,,,,,,,
2013-12-11,W1F09VZ8,ST3000DM001,3000592982016,0,,131129072,,,,,,,,0,,,,,,14236,,,,,,,,,,,,,,,,,,,,,,,,,,,,,,23,,,,,,0,,,,,,,,,,,,,,,,,,,,,,,,,,,,
2013-12-11,WD-WCAU47255666,WDC WD10EADS,1000204886016,0,,2,,,,,,,,0,,,,,,40582,,,,,,,,,,,,,,,,,,,,,,,,,,,,,,22,,,,,,0,,,,,,,,,,,,,,,,,,,,,,,,,,,,
2013-12-11,W3005X55,ST4000DM000,4000787030016,0,,3481904,,,,,,,,0,,,,,,2856,,,,,,,,,,,,,,,,,,,,,,,,,,,,,,21,,,,,,0,,,,,,,,,,,,,,,,,,,,,,,,,,,,
2013-12-11,Z300PML1,ST4000DM000,4000787030016,0,,57468552,,,,,,,,0,,,,,,1093,,,,,,,,,,,,,,,,,,,,,,,,,,,,,,25,,,,,,0,,,,,,,,,,,,,,,,,,,,,,,,,,,,
2013-12-11,5XW06632,ST32000542AS,2000398934016,0,,63056151,,,,,,,,0,,,,,,21031,,,,,,,,,,,,,,,,,,,,,,,,,,,,,,24,,,,,,0,,,,,,,,,,,,,,,,,,,,,,,,,,,,
2013-12-11,S1F0SPGH,ST3000DM001,3000592982016,0,,51289448,,,,,,,,0,,,,,,10726,,,,,,,,,,,,,,,,,,,,,,,,,,,,,,23,,,,,,0,,,,,,,,,,,,,,,,,,,,,,,,,,,,
2013-12-11,S1F06WQ1,ST3000DM001,3000592982016,0,,102346528,,,,,,,,0,,,,,,13911,,,,,,,,,,,,,,,,,,,,,,,,,,,,,,22,,,,,,0,,,,,,,,,,,,,,,,,,,,,,,,,,,,
2013-12-11,S1F06WQ3,ST3000DM001,3000592982016,0,,165512880,,,,,,,,0,,,,,,13911,,,,,,,,,,,,,,,,,,,,,,,,,,,,,,22,,,,,,0,,,,,,,,,,,,,,,,,,,,,,,,,,,,
2013-12-11,W300BQLP,ST4000DM000,4000787030016,0,,159259128,,,,,,,,0,,,,,,4139,,,,,,,,,,,,,,,,,,,,,,,,,,,,,,23,,,,,,0,,,,,,,,,,,,,,,,,,,,,,,,,,,,
2013-12-11,9XW03M2X,ST31500541AS,1500301910016,0,,90630479,,,,,,,,324,,,,,,32917,,,,,,,,,,,,,,,,,,,,,,,,,,,,,,19,,,,,,7,,,,,,,,,,,,,,,,,,,,,,,,,,,,
2013-12-11,JK1170YAJDAPTT,Hitachi HDS722020ALA330,2000398934016,0,,0,,,,,,,,0,,,,,,27871,,,,,,,,,,,,,,,,,,,,,,,,,,,,,,23,,,,,,0,,,,,,,,,,,,,,,,,,,,,,,,,,,,
2013-12-11,Z300XFAR,ST4000DM000,4000787030016,0,,4142528,,,,,,,,0,,,,,,957,,,,,,,,,,,,,,,,,,,,,,,,,,,,,,20,,,,,,0,,,,,,,,,,,,,,,,,,,,,,,,,,,,
2013-12-11,W1F08VFN,ST3000DM001,3000592982016,0,,10992904,,,,,,,,0,,,,,,15457,,,,,,,,,,,,,,,,,,,,,,,,,,,,,,20,,,,,,0,,,,,,,,,,,,,,,,,,,,,,,,,,,,
2013-12-11,WD-WCATR2899005,WDC WD10EALS,1000204886016,0,,0,,,,,,,,0,,,,,,20069,,,,,,,,,,,,,,,,,,,,,,,,,,,,,,33,,,,,,0,,,,,,,,,,,,,,,,,,,,,,,,,,,,
2013-12-11,MJ1321YNG09UGA,Hitachi HDS5C3030ALA630,3000592982016,0,,0,,,,,,,,0,,,,,,20507,,,,,,,,,,,,,,,,,,,,,,,,,,,,,,25,,,,,,0,,,,,,,,,,,,,,,,,,,,,,,,,,,,
2013-12-11,5XW02N38,ST31500541AS,1500301910016,0,,108667915,,,,,,,,0,,,,,,36451,,,,,,,,,,,,,,,,,,,,,,,,,,,,,,19,,,,,,0,,,,,,,,,,,,,,,,,,,,,,,,,,,,
2013-12-11,Z290V7LC,ST33000651AS,3000592982016,0,,138701516,,,,,,,,0,,,,,,17739,,,,,,,,,,,,,,,,,,,,,,,,,,,,,,21,,,,,,0,,,,,,,,,,,,,,,,,,,,,,,,,,,,
2013-12-11,Z300XFAJ,ST4000DM000,4000787030016,0,,174059928,,,,,,,,0,,,,,,799,,,,,,,,,,,,,,,,,,,,,,,,,,,,,,18,,,,,,0,,,,,,,,,,,,,,,,,,,,,,,,,,,,
2013-12-11,W300BHWN,ST4000DM000,4000787030016,0,,119042472,,,,,,,,0,,,,,,4160,,,,,,,,,,,,,,,,,,,,,,,,,,,,,,24,,,,,,0,,,,,,,,,,,,,,,,,,,,,,,,,,,,
2013-12-11,WD-WCAU45490085,WDC WD10EADS,1000204886016,0,,0,,,,,,,,0,,,,,,41250,,,,,,,,,,,,,,,,,,,,,,,,,,,,,,25,,,,,,0,,,,,,,,,,,,,,,,,,,,,,,,,,,,
2013-12-11,PL1311LAG1ZHKA,Hitachi HDS5C4040ALE630,4000787030016,0,,0,,,,,,,,0,,,,,,5949,,,,,,,,,,,,,,,,,,,,,,,,,,,,,,21,,,,,,0,,,,,,,,,,,,,,,,,,,,,,,,,,,,
2013-12-11,JK1101B9GE696F,Hitachi HDS722020ALA330,2000398934016,0,,65539,,,,,,,,0,,,,,,27487,,,,,,,,,,,,,,,,,,,,,,,,,,,,,,27,,,,,,0,,,,,,,,,,,,,,,,,,,,,,,,,,,,
2013-12-11,W3004618,ST4000DM000,4000787030016,0,,50817648,,,,,,,,0,,,,,,2244,,,,,,,,,,,,,,,,,,,,,,,,,,,,,,21,,,,,,0,,,,,,,,,,,,,,,,,,,,,,,,,,,,
2013-12-11,WD-WMAWZ0313568,WDC WD30EZRX,3000592982016,0,,0,,,,,,,,0,,,,,,12692,,,,,,,,,,,,,,,,,,,,,,,,,,,,,,23,,,,,,0,,,,,,,,,,,,,,,,,,,,,,,,,,,,
2013-12-11,WD-WCAU45243209,WDC WD10EADS,1000204886016,0,,7,,,,,,,,0,,,,,,41332,,,,,,,,,,,,,,,,,,,,,,,,,,,,,,26,,,,,,0,,,,,,,,,,,,,,,,,,,,,,,,,,,,
2013-12-11,Z1F19TVX,ST3000DM001,3000592982016,0,,90220192,,,,,,,,0,,,,,,8209,,,,,,,,,,,,,,,,,,,,,,,,,,,,,,25,,,,,,0,,,,,,,,,,,,,,,,,,,,,,,,,,,,
2013-12-11,S1F021PW,ST3000DM001,3000592982016,0,,171104936,,,,,,,,0,,,,,,12878,,,,,,,,,,,,,,,,,,,,,,,,,,,,,,24,,,,,,0,,,,,,,,,,,,,,,,,,,,,,,,,,,,
2013-12-11,JK11A8B9J7BJRF,Hitachi HDS722020ALA330,2000398934016,0,,65537,,,,,,,,0,,,,,,25541,,,,,,,,,,,,,,,,,,,,,,,,,,,,,,30,,,,,,0,,,,,,,,,,,,,,,,,,,,,,,,,,,,
2013-12-11,JK11A4B8J3HXEW,Hitachi HDS722020ALA330,2000398934016,0,,196608,,,,,,,,0,,,,,,23488,,,,,,,,,,,,,,,,,,,,,,,,,,,,,,27,,,,,,0,,,,,,,,,,,,,,,,,,,,,,,,,,,,
2013-12-11,W300D5XZ,ST4000DM000,4000787030016,0,,181366600,,,,,,,,0,,,,,,1331,,,,,,,,,,,,,,,,,,,,,,,,,,,,,,22,,,,,,0,,,,,,,,,,,,,,,,,,,,,,,,,,,,
2013-12-11,6XW03XLB,ST31500541AS,1500301910016,0,,100627371,,,,,,,,0,,,,,,36423,,,,,,,,,,,,,,,,,,,,,,,,,,,,,,18,,,,,,0,,,,,,,,,,,,,,,,,,,,,,,,,,,,
2013-12-11,S1F06WQQ,ST3000DM001,3000592982016,0,,36666128,,,,,,,,0,,,,,,13914,,,,,,,,,,,,,,,,,,,,,,,,,,,,,,20,,,,,,0,,,,,,,,,,,,,,,,,,,,,,,,,,,,
2013-12-11,MJ1311YNG60X1A,Hitachi HDS5C3030ALA630,3000592982016,0,,0,,,,,,,,0,,,,,,14621,,,,,,,,,,,,,,,,,,,,,,,,,,,,,,21,,,,,,0,,,,,,,,,,,,,,,,,,,,,,,,,,,,
2013-12-11,W1F0BH84,ST3000DM001,3000592982016,0,,113625664,,,,,,,,0,,,,,,12366,,,,,,,,,,,,,,,,,,,,,,,,,,,,,,23,,,,,,0,,,,,,,,,,,,,,,,,,,,,,,,,,,,
2013-12-11,W1F08FQ8,ST3000DM001,3000592982016,0,,215454560,,,,,,,,0,,,,,,14733,,,,,,,,,,,,,,,,,,,,,,,,,,,,,,21,,,,,,0,,,,,,,,,,,,,,,,,,,,,,,,,,,,
2013-12-11,9VS3GBJF,ST31500341AS,1500301910016,0,,54855854,,,,,,,,32,,,,,,32921,,,,,,,,,,,,,,,,,,,,,,,,,,,,,,23,,,,,,0,,,,,,,,,,,,,,,,,,,,,,,,,,,,
2013-12-11,MJ1311YNG3797A,Hitachi HDS5C3030ALA630,3000592982016,0,,0,,,,,,,,0,,,,,,19372,,,,,,,,,,,,,,,,,,,,,,,,,,,,,,25,,,,,,0,,,,,,,,,,,,,,,,,,,,,,,,,,,,
2013-12-11,6XW0359V,ST31500541AS,1500301910016,0,,169594861,,,,,,,,0,,,,,,37170,,,,,,,,,,,,,,,,,,,,,,,,,,,,,,20,,,,,,0,,,,,,,,,,,,,,,,,,,,,,,,,,,,
2013-12-11,S1F0A6FQ,ST3000DM001,3000592982016,0,,46598248,,,,,,,,0,,,,,,12356,,,,,,,,,,,,,,,,,,,,,,,,,,,,,,26,,,,,,0,,,,,,,,,,,,,,,,,,,,,,,,,,,,
2013-12-11,S1F10EK7,ST3000DM001,3000592982016,0,,222217192,,,,,,,,0,,,,,,8180,,,,,,,,,,,,,,,,,,,,,,,,,,,,,,25,,,,,,0,,,,,,,,,,,,,,,,,,,,,,,,,,,,
2013-12-11,JK1101YAGN03PV,Hitachi HDS722020ALA330,2000398934016,0,,0,,,,,,,,33,,,,,,25991,,,,,,,,,,,,,,,,,,,,,,,,,,,,,,33,,,,,,0,,,,,,,,,,,,,,,,,,,,,,,,,,,,
2013-12-11,JK1105B8GGL71X,Hitachi HDS722020ALA330,2000398934016,0,,131072,,,,,,,,11,,,,,,27160,,,,,,,,,,,,,,,,,,,,,,,,,,,,,,30,,,,,,0,,,,,,,,,,,,,,,,,,,,,,,,,,,,
2013-12-11,W1F0A2NX,ST3000DM001,3000592982016,0,,205624384,,,,,,,,0,,,,,,14993,,,,,,,,,,,,,,,,,,,,,,,,,,,,,,21,,,,,,0,,,,,,,,,,,,,,,,,,,,,,,,,,,,
2013-12-11,S1F0JKRE,ST3000DM001,3000592982016,0,,75331960,,,,,,,,0,,,,,,11724,,,,,,,,,,,,,,,,,,,,,,,,,,,,,,27,,,,,,0,,,,,,,,,,,,,,,,,,,,,,,,,,,,
2013-12-11,JK1181YAJN3A0V,Hitachi HDS722020ALA330,2000398934016,0,,1,,,,,,,,0,,,,,,30244,,,,,,,,,,,,,,,,,,,,,,,,,,,,,,27,,,,,,0,,,,,,,,,,,,,,,,,,,,,,,,,,,,
2013-12-11,MJ1311YNG3M7GA,Hitachi HDS5C3030ALA630,3000592982016,0,,65536,,,,,,,,0,,,,,,5314,,,,,,,,,,,,,,,,,,,,,,,,,,,,,,26,,,,,,0,,,,,,,,,,,,,,,,,,,,,,,,,,,,
2013-12-11,JK11A8B9J3L51F,Hitachi HDS722020ALA330,2000398934016,0,,0,,,,,,,,0,,,,,,23488,,,,,,,,,,,,,,,,,,,,,,,,,,,,,,29,,,,,,0,,,,,,,,,,,,,,,,,,,,,,,,,,,,
2013-12-11,W1F0A2ND,ST3000DM001,3000592982016,0,,95623216,,,,,,,,0,,,,,,14718,,,,,,,,,,,,,,,,,,,,,,,,,,,,,,23,,,,,,0,,,,,,,,,,,,,,,,,,,,,,,,,,,,
2013-12-11,WD-WCAWZ1042972,WDC WD30EZRX,3000592982016,0,,0,,,,,,,,0,,,,,,16069,,,,,,,,,,,,,,,,,,,,,,,,,,,,,,21,,,,,,0,,,,,,,,,,,,,,,,,,,,,,,,,,,,
2013-12-11,WD-WCAU45663647,WDC WD10EADS,1000204886016,0,,19,,,,,,,,0,,,,,,38977,,,,,,,,,,,,,,,,,,,,,,,,,,,,,,29,,,,,,0,,,,,,,,,,,,,,,,,,,,,,,,,,,,
2013-12-11,JK1101B9KNP09F,Hitachi HDS722020ALA330,2000398934016,0,,0,,,,,,,,0,,,,,,23100,,,,,,,,,,,,,,,,,,,,,,,,,,,,,,26,,,,,,0,,,,,,,,,,,,,,,,,,,,,,,,,,,,
2013-12-11,PL1311LAG2GYXH,Hitachi HDS5C4040ALE630,4000787030016,0,,0,,,,,,,,0,,,,,,5925,,,,,,,,,,,,,,,,,,,,,,,,,,,,,,17,,,,,,0,,,,,,,,,,,,,,,,,,,,,,,,,,,,
2013-12-11,Z300X0AY,ST4000DM000,4000787030016,0,,162091448,,,,,,,,0,,,,,,815,,,,,,,,,,,,,,,,,,,,,,,,,,,,,,19,,,,,,0,,,,,,,,,,,,,,,,,,,,,,,,,,,,
2013-12-11,S1F135LK,ST3000DM001,3000592982016,0,,109174024,,,,,,,,0,,,,,,8180,,,,,,,,,,,,,,,,,,,,,,,,,,,,,,21,,,,,,0,,,,,,,,,,,,,,,,,,,,,,,,,,,,
2013-12-11,Z1F13VTW,ST3000DM001,3000592982016,0,,6062488,,,,,,,,0,,,,,,8049,,,,,,,,,,,,,,,,,,,,,,,,,,,,,,26,,,,,,0,,,,,,,,,,,,,,,,,,,,,,,,,,,,
2013-12-11,6XW1ENT6,ST32000542AS,2000398934016,0,,56306595,,,,,,,,0,,,,,,17229,,,,,,,,,,,,,,,,,,,,,,,,,,,,,,18,,,,,,0,,,,,,,,,,,,,,,,,,,,,,,,,,,,
2013-12-11,Z300WCQA,ST4000DM000,4000787030016,0,,151580456,,,,,,,,0,,,,,,815,,,,,,,,,,,,,,,,,,,,,,,,,,,,,,21,,,,,,0,,,,,,,,,,,,,,,,,,,,,,,,,,,,
2013-12-11,JK11A8B9J7HPZF,Hitachi HDS722020ALA330,2000398934016,0,,0,,,,,,,,0,,,,,,25584,,,,,,,,,,,,,,,,,,,,,,,,,,,,,,28,,,,,,0,,,,,,,,,,,,,,,,,,,,,,,,,,,,
2013-12-11,W1F0Z569,ST3000DM001,3000592982016,0,,68732384,,,,,,,,0,,,,,,10728,,,,,,,,,,,,,,,,,,,,,,,,,,,,,,22,,,,,,0,,,,,,,,,,,,,,,,,,,,,,,,,,,,
2013-12-11,W300BR8R,ST4000DM000,4000787030016,0,,366440,,,,,,,,0,,,,,,3585,,,,,,,,,,,,,,,,,,,,,,,,,,,,,,22,,,,,,0,,,,,,,,,,,,,,,,,,,,,,,,,,,,
2013-12-11,6XW03C8H,ST31500541AS,1500301910016,0,,156244316,,,,,,,,0,,,,,,35775,,,,,,,,,,,,,,,,,,,,,,,,,,,,,,20,,,,,,0,,,,,,,,,,,,,,,,,,,,,,,,,,,,
2013-12-11,W300BN7C,ST4000DM000,4000787030016,0,,47412528,,,,,,,,0,,,,,,4044,,,,,,,,,,,,,,,,,,,,,,,,,,,,,,21,,,,,,0,,,,,,,,,,,,,,,,,,,,,,,,,,,,
2013-12-11,W1F0P07L,ST3000DM001,3000592982016,0,,40292768,,,,,,,,0,,,,,,11048,,,,,,,,,,,,,,,,,,,,,,,,,,,,,,20,,,,,,0,,,,,,,,,,,,,,,,,,,,,,,,,,,,
2013-12-11,6XW00ZFX,ST31500541AS,1500301910016,0,,36238117,,,,,,,,0,,,,,,35759,,,,,,,,,,,,,,,,,,,,,,,,,,,,,,24,,,,,,0,,,,,,,,,,,,,,,,,,,,,,,,,,,,
2013-12-11,W300BR8J,ST4000DM000,4000787030016,0,,175175616,,,,,,,,0,,,,,,4189,,,,,,,,,,,,,,,,,,,,,,,,,,,,,,25,,,,,,0,,,,,,,,,,,,,,,,,,,,,,,,,,,,
2013-12-11,W300BR8M,ST4000DM000,4000787030016,0,,41192928,,,,,,,,0,,,,,,3603,,,,,,,,,,,,,,,,,,,,,,,,,,,,,,20,,,,,,0,,,,,,,,,,,,,,,,,,,,,,,,,,,,
2013-12-11,Z300GPNJ,ST4000DM000,4000787030016,0,,228885360,,,,,,,,0,,,,,,3346,,,,,,,,,,,,,,,,,,,,,,,,,,,,,,17,,,,,,0,,,,,,,,,,,,,,,,,,,,,,,,,,,,
2013-12-11,JK11A8B9J6PM3F,Hitachi HDS722020ALA330,2000398934016,0,,0,,,,,,,,0,,,,,,22697,,,,,,,,,,,,,,,,,,,,,,,,,,,,,,28,,,,,,0,,,,,,,,,,,,,,,,,,,,,,,,,,,,
2013-12-11,Z300GPNM,ST4000DM000,4000787030016,0,,133544576,,,,,,,,0,,,,,,3580,,,,,,,,,,,,,,,,,,,,,,,,,,,,,,22,,,,,,0,,,,,,,,,,,,,,,,,,,,,,,,,,,,
2013-12-11,S1F0GJR7,ST3000DM001,3000592982016,0,,124190320,,,,,,,,0,,,,,,12174,,,,,,,,,,,,,,,,,,,,,,,,,,,,,,33,,,,,,0,,,,,,,,,,,,,,,,,,,,,,,,,,,,
2013-12-11,6XW10FCC,ST31500541AS,1500301910016,0,,49944687,,,,,,,,0,,,,,,31846,,,,,,,,,,,,,,,,,,,,,,,,,,,,,,22,,,,,,16,,,,,,,,,,,,,,,,,,,,,,,,,,,,
2013-12-11,Z300GPNZ,ST4000DM000,4000787030016,0,,212934048,,,,,,,,0,,,,,,3584,,,,,,,,,,,,,,,,,,,,,,,,,,,,,,25,,,,,,0,,,,,,,,,,,,,,,,,,,,,,,,,,,,
2013-12-11,Z300KJ63,ST4000DM000,4000787030016,0,,228122496,,,,,,,,0,,,,,,1226,,,,,,,,,,,,,,,,,,,,,,,,,,,,,,24,,,,,,0,,,,,,,,,,,,,,,,,,,,,,,,,,,,
2013-12-11,Z300GPNS,ST4000DM000,4000787030016,0,,34636312,,,,,,,,0,,,,,,3621,,,,,,,,,,,,,,,,,,,,,,,,,,,,,,20,,,,,,0,,,,,,,,,,,,,,,,,,,,,,,,,,,,
2013-12-11,Z300GPNV,ST4000DM000,4000787030016,0,,140867304,,,,,,,,0,,,,,,3583,,,,,,,,,,,,,,,,,,,,,,,,,,,,,,21,,,,,,0,,,,,,,,,,,,,,,,,,,,,,,,,,,,
2013-12-11,Z300GPNT,ST4000DM000,4000787030016,0,,30438208,,,,,,,,0,,,,,,3583,,,,,,,,,,,,,,,,,,,,,,,,,,,,,,23,,,,,,0,,,,,,,,,,,,,,,,,,,,,,,,,,,,
2013-12-11,MJ0351YNGAAKKA,Hitachi HDS5C3030ALA630,3000592982016,0,,9,,,,,,,,0,,,,,,8640,,,,,,,,,,,,,,,,,,,,,,,,,,,,,,28,,,,,,0,,,,,,,,,,,,,,,,,,,,,,,,,,,,
2013-12-11,Z300GPN8,ST4000DM000,4000787030016,0,,106186816,,,,,,,,0,,,,,,3580,,,,,,,,,,,,,,,,,,,,,,,,,,,,,,24,,,,,,0,,,,,,,,,,,,,,,,,,,,,,,,,,,,
2013-12-11,MJ1311YNG5ETBA,Hitachi HDS5C3030ALA630,3000592982016,0,,0,,,,,,,,0,,,,,,14625,,,,,,,,,,,,,,,,,,,,,,,,,,,,,,22,,,,,,0,,,,,,,,,,,,,,,,,,,,,,,,,,,,
2013-12-11,Z300GPN2,ST4000DM000,4000787030016,0,,162084848,,,,,,,,0,,,,,,3580,,,,,,,,,,,,,,,,,,,,,,,,,,,,,,24,,,,,,0,,,,,,,,,,,,,,,,,,,,,,,,,,,,
2013-12-11,9XW01D4L,ST31500541AS,1500301910016,0,,163236262,,,,,,,,0,,,,,,35661,,,,,,,,,,,,,,,,,,,,,,,,,,,,,,24,,,,,,0,,,,,,,,,,,,,,,,,,,,,,,,,,,,
2013-12-11,Z300GPN1,ST4000DM000,4000787030016,0,,183276040,,,,,,,,0,,,,,,2899,,,,,,,,,,,,,,,,,,,,,,,,,,,,,,24,,,,,,0,,,,,,,,,,,,,,,,,,,,,,,,,,,,
2013-12-11,Z300GPN6,ST4000DM000,4000787030016,0,,84422736,,,,,,,,0,,,,,,3584,,,,,,,,,,,,,,,,,,,,,,,,,,,,,,24,,,,,,0,,,,,,,,,,,,,,,,,,,,,,,,,,,,
2013-12-11,Z300GPN7,ST4000DM000,4000787030016,0,,115203200,,,,,,,,0,,,,,,3583,,,,,,,,,,,,,,,,,,,,,,,,,,,,,,24,,,,,,0,,,,,,,,,,,,,,,,,,,,,,,,,,,,
2013-12-11,PL1321LAG33ZVH,Hitachi HDS5C4040ALE630,4000787030016,0,,0,,,,,,,,0,,,,,,6616,,,,,,,,,,,,,,,,,,,,,,,,,,,,,,26,,,,,,0,,,,,,,,,,,,,,,,,,,,,,,,,,,,
2013-12-11,W300BR87,ST4000DM000,4000787030016,0,,153925784,,,,,,,,0,,,,,,4189,,,,,,,,,,,,,,,,,,,,,,,,,,,,,,23,,,,,,0,,,,,,,,,,,,,,,,,,,,,,,,,,,,
2013-12-11,W300BR84,ST4000DM000,4000787030016,0,,6692088,,,,,,,,0,,,,,,3603,,,,,,,,,,,,,,,,,,,,,,,,,,,,,,21,,,,,,0,,,,,,,,,,,,,,,,,,,,,,,,,,,,
2013-12-11,PL1311LAG2BVBH,Hitachi HDS5C4040ALE630,4000787030016,0,,0,,,,,,,,0,,,,,,7419,,,,,,,,,,,,,,,,,,,,,,,,,,,,,,22,,,,,,0,,,,,,,,,,,,,,,,,,,,,,,,,,,,
2013-12-11,6XW00ZF9,ST31500541AS,1500301910016,0,,243789309,,,,,,,,0,,,,,,36638,,,,,,,,,,,,,,,,,,,,,,,,,,,,,,22,,,,,,0,,,,,,,,,,,,,,,,,,,,,,,,,,,,
2013-12-11,6XW00ZF7,ST31500541AS,1500301910016,0,,68272299,,,,,,,,0,,,,,,37289,,,,,,,,,,,,,,,,,,,,,,,,,,,,,,24,,,,,,0,,,,,,,,,,,,,,,,,,,,,,,,,,,,
2013-12-11,MJ0351YNGA0UBA,Hitachi HDS5C3030ALA630,3000592982016,0,,0,,,,,,,,0,,,,,,10000,,,,,,,,,,,,,,,,,,,,,,,,,,,,,,32,,,,,,0,,,,,,,,,,,,,,,,,,,,,,,,,,,,
2013-12-11,W300JV0L,ST4000DM000,4000787030016,0,,73213440,,,,,,,,0,,,,,,2876,,,,,,,,,,,,,,,,,,,,,,,,,,,,,,24,,,,,,0,,,,,,,,,,,,,,,,,,,,,,,,,,,,
2013-12-11,MJ1311YNG3LX6A,Hitachi HDS5C3030ALA630,3000592982016,0,,0,,,,,,,,0,,,,,,19310,,,,,,,,,,,,,,,,,,,,,,,,,,,,,,30,,,,,,0,,,,,,,,,,,,,,,,,,,,,,,,,,,,
2013-12-11,MJ0351YNG9T5VA,Hitachi HDS5C3030ALA630,3000592982016,0,,0,,,,,,,,0,,,,,,8883,,,,,,,,,,,,,,,,,,,,,,,,,,,,,,32,,,,,,0,,,,,,,,,,,,,,,,,,,,,,,,,,,,
2013-12-11,PL1321LAG34MNH,Hitachi HDS5C4040ALE630,4000787030016,0,,0,,,,,,,,0,,,,,,6652,,,,,,,,,,,,,,,,,,,,,,,,,,,,,,22,,,,,,0,,,,,,,,,,,,,,,,,,,,,,,,,,,,
2013-12-11,PL1311LAG3EHYH,Hitachi HDS5C4040ALE630,4000787030016,0,,0,,,,,,,,0,,,,,,5069,,,,,,,,,,,,,,,,,,,,,,,,,,,,,,28,,,,,,0,,,,,,,,,,,,,,,,,,,,,,,,,,,,
2013-12-11,S1F02B72,ST3000DM001,3000592982016,0,,22736776,,,,,,,,0,,,,,,15461,,,,,,,,,,,,,,,,,,,,,,,,,,,,,,20,,,,,,0,,,,,,,,,,,,,,,,,,,,,,,,,,,,
2013-12-11,PL1321LAG31YPH,Hitachi HDS5C4040ALE630,4000787030016,0,,0,,,,,,,,0,,,,,,6649,,,,,,,,,,,,,,,,,,,,,,,,,,,,,,24,,,,,,0,,,,,,,,,,,,,,,,,,,,,,,,,,,,
2013-12-11,MJ1321YNG0H5DA,Hitachi HDS5C3030ALA630,3000592982016,0,,0,,,,,,,,0,,,,,,20601,,,,,,,,,,,,,,,,,,,,,,,,,,,,,,25,,,,,,0,,,,,,,,,,,,,,,,,,,,,,,,,,,,
2013-12-11,JK11A8B9J39G8F,Hitachi HDS722020ALA330,2000398934016,0,,0,,,,,,,,0,,,,,,24493,,,,,,,,,,,,,,,,,,,,,,,,,,,,,,30,,,,,,0,,,,,,,,,,,,,,,,,,,,,,,,,,,,
2013-12-11,PK1331PAJ3AD1S,HGST HDS724040ALE640,4000787030016,0,,0,,,,,,,,0,,,,,,2027,,,,,,,,,,,,,,,,,,,,,,,,,,,,,,28,,,,,,0,,,,,,,,,,,,,,,,,,,,,,,,,,,,
2013-12-11,JK11A8B9HZW0ZF,Hitachi HDS722020ALA330,2000398934016,0,,0,,,,,,,,0,,,,,,26010,,,,,,,,,,,,,,,,,,,,,,,,,,,,,,24,,,,,,0,,,,,,,,,,,,,,,,,,,,,,,,,,,,
2013-12-11,6XW063EQ,ST31500541AS,1500301910016,0,,200613820,,,,,,,,40,,,,,,37058,,,,,,,,,,,,,,,,,,,,,,,,,,,,,,20,,,,,,0,,,,,,,,,,,,,,,,,,,,,,,,,,,,
2013-12-11,W1F0WJE0,ST3000DM001,3000592982016,0,,205152936,,,,,,,,0,,,,,,10771,,,,,,,,,,,,,,,,,,,,,,,,,,,,,,24,,,,,,0,,,,,,,,,,,,,,,,,,,,,,,,,,,,
2013-12-11,WD-WCAWZ2389165,WDC WD30EZRX,3000592982016,0,,0,,,,,,,,0,,,,,,8489,,,,,,,,,,,,,,,,,,,,,,,,,,,,,,23,,,,,,0,,,,,,,,,,,,,,,,,,,,,,,,,,,,
2013-12-11,Z300T70P,ST4000DM000,4000787030016,0,,74526704,,,,,,,,0,,,,,,613,,,,,,,,,,,,,,,,,,,,,,,,,,,,,,23,,,,,,0,,,,,,,,,,,,,,,,,,,,,,,,,,,,
2013-12-11,JK1101B9GM952F,Hitachi HDS722020ALA330,2000398934016,0,,0,,,,,,,,0,,,,,,19609,,,,,,,,,,,,,,,,,,,,,,,,,,,,,,27,,,,,,0,,,,,,,,,,,,,,,,,,,,,,,,,,,,
2013-12-11,JK1133YAG56LDU,Hitachi HDS722020ALA330,2000398934016,0,,0,,,,,,,,0,,,,,,21167,,,,,,,,,,,,,,,,,,,,,,,,,,,,,,27,,,,,,0,,,,,,,,,,,,,,,,,,,,,,,,,,,,
2013-12-11,MK0331YHGKJA7A,Hitachi HDS723030ALA640,3000592982016,0,,0,,,,,,,,0,,,,,,17354,,,,,,,,,,,,,,,,,,,,,,,,,,,,,,26,,,,,,0,,,,,,,,,,,,,,,,,,,,,,,,,,,,
2013-12-11,PL1321LAG2Y6HH,Hitachi HDS5C4040ALE630,4000787030016,0,,0,,,,,,,,0,,,,,,6648,,,,,,,,,,,,,,,,,,,,,,,,,,,,,,22,,,,,,0,,,,,,,,,,,,,,,,,,,,,,,,,,,,
2013-12-11,Z300NSA7,ST4000DM000,4000787030016,0,,53093912,,,,,,,,0,,,,,,1233,,,,,,,,,,,,,,,,,,,,,,,,,,,,,,21,,,,,,0,,,,,,,,,,,,,,,,,,,,,,,,,,,,
2013-12-11,MJ1323YNG1SBAC,Hitachi HDS5C3030ALA630,3000592982016,0,,0,,,,,,,,0,,,,,,19763,,,,,,,,,,,,,,,,,,,,,,,,,,,,,,29,,,,,,0,,,,,,,,,,,,,,,,,,,,,,,,,,,,
2013-12-11,MJ0351YNGABXZA,Hitachi HDS5C3030ALA630,3000592982016,0,,0,,,,,,,,0,,,,,,7975,,,,,,,,,,,,,,,,,,,,,,,,,,,,,,28,,,,,,0,,,,,,,,,,,,,,,,,,,,,,,,,,,,
2013-12-11,MJ1321YNG08M6A,Hitachi HDS5C3030ALA630,3000592982016,0,,0,,,,,,,,0,,,,,,8009,,,,,,,,,,,,,,,,,,,,,,,,,,,,,,27,,,,,,0,,,,,,,,,,,,,,,,,,,,,,,,,,,,
2013-12-11,JK11A1YAJH667V,Hitachi HDS722020ALA330,2000398934016,0,,458771,,,,,,,,0,,,,,,28852,,,,,,,,,,,,,,,,,,,,,,,,,,,,,,30,,,,,,0,,,,,,,,,,,,,,,,,,,,,,,,,,,,
2013-12-11,6XW0NBRM,ST31500541AS,1500301910016,0,,238762402,,,,,,,,0,,,,,,26563,,,,,,,,,,,,,,,,,,,,,,,,,,,,,,18,,,,,,0,,,,,,,,,,,,,,,,,,,,,,,,,,,,
2013-12-11,6XW04VMV,ST32000542AS,2000398934016,0,,14536460,,,,,,,,0,,,,,,25902,,,,,,,,,,,,,,,,,,,,,,,,,,,,,,23,,,,,,0,,,,,,,,,,,,,,,,,,,,,,,,,,,,
2013-12-11,MJ0351YNG9W35A,Hitachi HDS5C3030ALA630,3000592982016,0,,0,,,,,,,,0,,,,,,9311,,,,,,,,,,,,,,,,,,,,,,,,,,,,,,30,,,,,,0,,,,,,,,,,,,,,,,,,,,,,,,,,,,
2013-12-11,Z300NYTQ,ST4000DM000,4000787030016,0,,44218408,,,,,,,,0,,,,,,1093,,,,,,,,,,,,,,,,,,,,,,,,,,,,,,28,,,,,,0,,,,,,,,,,,,,,,,,,,,,,,,,,,,
2013-12-11,W1F09L0L,ST3000DM001,3000592982016,0,,43796352,,,,,,,,1664,,,,,,13358,,,,,,,,,,,,,,,,,,,,,,,,,,,,,,27,,,,,,0,,,,,,,,,,,,,,,,,,,,,,,,,,,,
2013-12-11,9XW01WW5,ST31500541AS,1500301910016,0,,219252972,,,,,,,,62,,,,,,35656,,,,,,,,,,,,,,,,,,,,,,,,,,,,,,18,,,,,,0,,,,,,,,,,,,,,,,,,,,,,,,,,,,
2013-12-11,JK1175YAHU30PX,Hitachi HDS722020ALA330,2000398934016,0,,786442,,,,,,,,0,,,,,,30492,,,,,,,,,,,,,,,,,,,,,,,,,,,,,,30,,,,,,0,,,,,,,,,,,,,,,,,,,,,,,,,,,,
2013-12-11,JK11A8B9J5H7RF,Hitachi HDS722020ALA330,2000398934016,0,,0,,,,,,,,0,,,,,,24983,,,,,,,,,,,,,,,,,,,,,,,,,,,,,,25,,,,,,0,,,,,,,,,,,,,,,,,,,,,,,,,,,,
2013-12-11,W1F1CKB5,ST3000DM001,3000592982016,0,,191730240,,,,,,,,0,,,,,,8651,,,,,,,,,,,,,,,,,,,,,,,,,,,,,,26,,,,,,0,,,,,,,,,,,,,,,,,,,,,,,,,,,,
2013-12-11,W300DY37,ST4000DM000,4000787030016,0,,130616032,,,,,,,,0,,,,,,4146,,,,,,,,,,,,,,,,,,,,,,,,,,,,,,24,,,,,,0,,,,,,,,,,,,,,,,,,,,,,,,,,,,
2013-12-11,JK11A8B9JPYRNF,Hitachi HDS722020ALA330,2000398934016,0,,65536,,,,,,,,0,,,,,,24301,,,,,,,,,,,,,,,,,,,,,,,,,,,,,,27,,,,,,0,,,,,,,,,,,,,,,,,,,,,,,,,,,,
2013-12-11,PL1311LAG23BEA,Hitachi HDS5C4040ALE630,4000787030016,0,,0,,,,,,,,0,,,,,,7437,,,,,,,,,,,,,,,,,,,,,,,,,,,,,,25,,,,,,0,,,,,,,,,,,,,,,,,,,,,,,,,,,,
2013-12-11,MJ1321YNG0R20A,Hitachi HDS5C3030ALA630,3000592982016,0,,0,,,,,,,,0,,,,,,20480,,,,,,,,,,,,,,,,,,,,,,,,,,,,,,29,,,,,,0,,,,,,,,,,,,,,,,,,,,,,,,,,,,
2013-12-11,9VS27EF9,ST31500341AS,1500301910016,0,,221101422,,,,,,,,2,,,,,,38492,,,,,,,,,,,,,,,,,,,,,,,,,,,,,,24,,,,,,0,,,,,,,,,,,,,,,,,,,,,,,,,,,,
2013-12-11,MJ0351YNG9XXSA,Hitachi HDS5C3030ALA630,3000592982016,0,,0,,,,,,,,0,,,,,,9483,,,,,,,,,,,,,,,,,,,,,,,,,,,,,,30,,,,,,0,,,,,,,,,,,,,,,,,,,,,,,,,,,,
2013-12-11,MJ0351YNG9W68A,Hitachi HDS5C3030ALA630,3000592982016,0,,0,,,,,,,,0,,,,,,9989,,,,,,,,,,,,,,,,,,,,,,,,,,,,,,28,,,,,,0,,,,,,,,,,,,,,,,,,,,,,,,,,,,
2013-12-11,MJ0351YNG9YNHA,Hitachi HDS5C3030ALA630,3000592982016,0,,0,,,,,,,,0,,,,,,9483,,,,,,,,,,,,,,,,,,,,,,,,,,,,,,28,,,,,,0,,,,,,,,,,,,,,,,,,,,,,,,,,,,
2013-12-11,W1F1GMWX,ST3000DM001,3000592982016,0,,207956768,,,,,,,,0,,,,,,9386,,,,,,,,,,,,,,,,,,,,,,,,,,,,,,20,,,,,,0,,,,,,,,,,,,,,,,,,,,,,,,,,,,
2013-12-11,MJ0351YNG9ZRXA,Hitachi HDS5C3030ALA630,3000592982016,0,,0,,,,,,,,0,,,,,,9147,,,,,,,,,,,,,,,,,,,,,,,,,,,,,,27,,,,,,0,,,,,,,,,,,,,,,,,,,,,,,,,,,,
2013-12-11,Z300PMQC,ST4000DM000,4000787030016,0,,138841816,,,,,,,,0,,,,,,1447,,,,,,,,,,,,,,,,,,,,,,,,,,,,,,28,,,,,,0,,,,,,,,,,,,,,,,,,,,,,,,,,,,
2013-12-11,Z300PMQB,ST4000DM000,4000787030016,0,,12929120,,,,,,,,0,,,,,,1114,,,,,,,,,,,,,,,,,,,,,,,,,,,,,,26,,,,,,0,,,,,,,,,,,,,,,,,,,,,,,,,,,,
2013-12-11,JK11A8B9J3A3PF,Hitachi HDS722020ALA330,2000398934016,0,,0,,,,,,,,0,,,,,,22415,,,,,,,,,,,,,,,,,,,,,,,,,,,,,,24,,,,,,0,,,,,,,,,,,,,,,,,,,,,,,,,,,,
2013-12-11,Z300NREA,ST4000DM000,4000787030016,0,,3321912,,,,,,,,0,,,,,,1093,,,,,,,,,,,,,,,,,,,,,,,,,,,,,,28,,,,,,0,,,,,,,,,,,,,,,,,,,,,,,,,,,,
2013-12-11,PL1301LAG35NSH,Hitachi HDS5C4040ALE630,4000787030016,0,,0,,,,,,,,0,,,,,,6648,,,,,,,,,,,,,,,,,,,,,,,,,,,,,,18,,,,,,0,,,,,,,,,,,,,,,,,,,,,,,,,,,,
2013-12-11,Z300P9JK,ST4000DM000,4000787030016,0,,145327960,,,,,,,,0,,,,,,1228,,,,,,,,,,,,,,,,,,,,,,,,,,,,,,20,,,,,,0,,,,,,,,,,,,,,,,,,,,,,,,,,,,
2013-12-11,9VS3HNMQ,ST31500341AS,1500301910016,0,,204556675,,,,,,,,16,,,,,,30668,,,,,,,,,,,,,,,,,,,,,,,,,,,,,,25,,,,,,0,,,,,,,,,,,,,,,,,,,,,,,,,,,,
2013-12-11,Z300P9JC,ST4000DM000,4000787030016,0,,42734016,,,,,,,,0,,,,,,1233,,,,,,,,,,,,,,,,,,,,,,,,,,,,,,22,,,,,,0,,,,,,,,,,,,,,,,,,,,,,,,,,,,
2013-12-11,Z300PMQQ,ST4000DM000,4000787030016,0,,174111664,,,,,,,,0,,,,,,1227,,,,,,,,,,,,,,,,,,,,,,,,,,,,,,19,,,,,,0,,,,,,,,,,,,,,,,,,,,,,,,,,,,
2013-12-11,PL1331LAGBD3TH,Hitachi HDS5C4040ALE630,4000787030016,0,,0,,,,,,,,0,,,,,,5076,,,,,,,,,,,,,,,,,,,,,,,,,,,,,,27,,,,,,0,,,,,,,,,,,,,,,,,,,,,,,,,,,,
2013-12-11,Z300P9JE,ST4000DM000,4000787030016,0,,147685344,,,,,,,,0,,,,,,1233,,,,,,,,,,,,,,,,,,,,,,,,,,,,,,19,,,,,,0,,,,,,,,,,,,,,,,,,,,,,,,,,,,
2013-12-11,PL1311LAG2NGRH,Hitachi HDS5C4040ALE630,4000787030016,0,,0,,,,,,,,0,,,,,,5949,,,,,,,,,,,,,,,,,,,,,,,,,,,,,,24,,,,,,0,,,,,,,,,,,,,,,,,,,,,,,,,,,,
2013-12-11,W300BNZJ,ST4000DM000,4000787030016,0,,86018904,,,,,,,,0,,,,,,4160,,,,,,,,,,,,,,,,,,,,,,,,,,,,,,25,,,,,,0,,,,,,,,,,,,,,,,,,,,,,,,,,,,
2013-12-11,S1F01R2B,ST3000DM001,3000592982016,0,,241833960,,,,,,,,0,,,,,,15264,,,,,,,,,,,,,,,,,,,,,,,,,,,,,,20,,,,,,0,,,,,,,,,,,,,,,,,,,,,,,,,,,,
2013-12-11,6XW025ZR,ST31500541AS,1500301910016,0,,146425949,,,,,,,,0,,,,,,37142,,,,,,,,,,,,,,,,,,,,,,,,,,,,,,23,,,,,,0,,,,,,,,,,,,,,,,,,,,,,,,,,,,
2013-12-11,W300BNZY,ST4000DM000,4000787030016,0,,128732400,,,,,,,,0,,,,,,4163,,,,,,,,,,,,,,,,,,,,,,,,,,,,,,19,,,,,,0,,,,,,,,,,,,,,,,,,,,,,,,,,,,
2013-12-11,JK1101B8JM91TZ,Hitachi HDS722020ALA330,2000398934016,0,,131074,,,,,,,,0,,,,,,24112,,,,,,,,,,,,,,,,,,,,,,,,,,,,,,27,,,,,,0,,,,,,,,,,,,,,,,,,,,,,,,,,,,
2013-12-11,JK1101B9KLYVAR,Hitachi HDS722020ALA330,2000398934016,0,,0,,,,,,,,0,,,,,,23074,,,,,,,,,,,,,,,,,,,,,,,,,,,,,,33,,,,,,0,,,,,,,,,,,,,,,,,,,,,,,,,,,,
2013-12-11,MK0311YHG6S5JA,Hitachi HDS723030ALA640,3000592982016,0,,0,,,,,,,,0,,,,,,14732,,,,,,,,,,,,,,,,,,,,,,,,,,,,,,28,,,,,,0,,,,,,,,,,,,,,,,,,,,,,,,,,,,
2013-12-11,PL1311LAG29BPH,Hitachi HDS5C4040ALE630,4000787030016,0,,0,,,,,,,,0,,,,,,7385,,,,,,,,,,,,,,,,,,,,,,,,,,,,,,27,,,,,,0,,,,,,,,,,,,,,,,,,,,,,,,,,,,
2013-12-11,MK0331YHGSM0RA,Hitachi HDS723030ALA640,3000592982016,0,,0,,,,,,,,0,,,,,,17018,,,,,,,,,,,,,,,,,,,,,,,,,,,,,,28,,,,,,0,,,,,,,,,,,,,,,,,,,,,,,,,,,,
2013-12-11,6XW0VWPY,ST31500541AS,1500301910016,0,,215875003,,,,,,,,0,,,,,,34200,,,,,,,,,,,,,,,,,,,,,,,,,,,,,,23,,,,,,0,,,,,,,,,,,,,,,,,,,,,,,,,,,,
2013-12-11,9VS1QMWJ,ST31500341AS,1500301910016,0,,93888109,,,,,,,,5,,,,,,40076,,,,,,,,,,,,,,,,,,,,,,,,,,,,,,27,,,,,,0,,,,,,,,,,,,,,,,,,,,,,,,,,,,
2013-12-11,MK0301YHGLPYHA,Hitachi HDS723030ALA640,3000592982016,0,,0,,,,,,,,0,,,,,,17036,,,,,,,,,,,,,,,,,,,,,,,,,,,,,,29,,,,,,0,,,,,,,,,,,,,,,,,,,,,,,,,,,,
2013-12-11,S1F03G4Q,ST3000DM001,3000592982016,0,,181014040,,,,,,,,0,,,,,,15403,,,,,,,,,,,,,,,,,,,,,,,,,,,,,,24,,,,,,0,,,,,,,,,,,,,,,,,,,,,,,,,,,,
2013-12-11,MJ1311YNG02W0A,Hitachi HDS5C3030ALA630,3000592982016,0,,0,,,,,,,,0,,,,,,14600,,,,,,,,,,,,,,,,,,,,,,,,,,,,,,23,,,,,,0,,,,,,,,,,,,,,,,,,,,,,,,,,,,
2013-12-11,JK11A8B9J92ARF,Hitachi HDS722020ALA330,2000398934016,0,,2,,,,,,,,0,,,,,,24467,,,,,,,,,,,,,,,,,,,,,,,,,,,,,,24,,,,,,0,,,,,,,,,,,,,,,,,,,,,,,,,,,,
2013-12-11,MJ1311YNG7G8RA,Hitachi HDS5C3030ALA630,3000592982016,0,,0,,,,,,,,0,,,,,,14596,,,,,,,,,,,,,,,,,,,,,,,,,,,,,,28,,,,,,0,,,,,,,,,,,,,,,,,,,,,,,,,,,,
2013-12-11,MJ1311YNG36J6A,Hitachi HDS5C3030ALA630,3000592982016,0,,0,,,,,,,,0,,,,,,18387,,,,,,,,,,,,,,,,,,,,,,,,,,,,,,23,,,,,,0,,,,,,,,,,,,,,,,,,,,,,,,,,,,
2013-12-11,W1F1CAKS,ST3000DM001,3000592982016,0,,210289808,,,,,,,,0,,,,,,8162,,,,,,,,,,,,,,,,,,,,,,,,,,,,,,29,,,,,,0,,,,,,,,,,,,,,,,,,,,,,,,,,,,
2013-12-11,Z300NRE7,ST4000DM000,4000787030016,0,,109006848,,,,,,,,0,,,,,,106,,,,,,,,,,,,,,,,,,,,,,,,,,,,,,23,,,,,,0,,,,,,,,,,,,,,,,,,,,,,,,,,,,
2013-12-11,MJ0351YNG9SWJA,Hitachi HDS5C3030ALA630,3000592982016,0,,0,,,,,,,,0,,,,,,7609,,,,,,,,,,,,,,,,,,,,,,,,,,,,,,24,,,,,,0,,,,,,,,,,,,,,,,,,,,,,,,,,,,
2013-12-11,W1F1FHEK,ST3000DM001,3000592982016,0,,198842648,,,,,,,,0,,,,,,8203,,,,,,,,,,,,,,,,,,,,,,,,,,,,,,27,,,,,,0,,,,,,,,,,,,,,,,,,,,,,,,,,,,
2013-12-11,9XW01PLD,ST31500541AS,1500301910016,0,,4427695,,,,,,,,0,,,,,,32697,,,,,,,,,,,,,,,,,,,,,,,,,,,,,,20,,,,,,0,,,,,,,,,,,,,,,,,,,,,,,,,,,,
2013-12-11,WD-WCC070168506,WDC WD30EZRX,3000592982016,0,,0,,,,,,,,0,,,,,,8603,,,,,,,,,,,,,,,,,,,,,,,,,,,,,,25,,,,,,4,,,,,,,,,,,,,,,,,,,,,,,,,,,,
2013-12-11,MJ1321YNG0LSDA,Hitachi HDS5C3030ALA630,3000592982016,0,,393216,,,,,,,,0,,,,,,20507,,,,,,,,,,,,,,,,,,,,,,,,,,,,,,26,,,,,,0,,,,,,,,,,,,,,,,,,,,,,,,,,,,
2013-12-11,W300BHLD,ST4000DM000,4000787030016,0,,131567816,,,,,,,,0,,,,,,4160,,,,,,,,,,,,,,,,,,,,,,,,,,,,,,19,,,,,,0,,,,,,,,,,,,,,,,,,,,,,,,,,,,
2013-12-11,JK1105B8JS2M9X,Hitachi HDS722020ALA330,2000398934016,0,,65536,,,,,,,,0,,,,,,22686,,,,,,,,,,,,,,,,,,,,,,,,,,,,,,25,,,,,,0,,,,,,,,,,,,,,,,,,,,,,,,,,,,
2013-12-11,6XW039Z6,ST31500541AS,1500301910016,0,,176424589,,,,,,,,0,,,,,,36940,,,,,,,,,,,,,,,,,,,,,,,,,,,,,,22,,,,,,0,,,,,,,,,,,,,,,,,,,,,,,,,,,,
2013-12-11,S1F034YD,ST3000DM001,3000592982016,0,,12109136,,,,,,,,0,,,,,,15224,,,,,,,,,,,,,,,,,,,,,,,,,,,,,,19,,,,,,0,,,,,,,,,,,,,,,,,,,,,,,,,,,,
2013-12-11,MJ1311YNG7LRTA,Hitachi HDS5C3030ALA630,3000592982016,0,,0,,,,,,,,0,,,,,,14290,,,,,,,,,,,,,,,,,,,,,,,,,,,,,,30,,,,,,0,,,,,,,,,,,,,,,,,,,,,,,,,,,,
2013-12-11,W300BHLQ,ST4000DM000,4000787030016,0,,115474736,,,,,,,,0,,,,,,3588,,,,,,,,,,,,,,,,,,,,,,,,,,,,,,24,,,,,,0,,,,,,,,,,,,,,,,,,,,,,,,,,,,
2013-12-11,JK11A4B8J7S05W,Hitachi HDS722020ALA330,2000398934016,0,,0,,,,,,,,0,,,,,,26010,,,,,,,,,,,,,,,,,,,,,,,,,,,,,,27,,,,,,0,,,,,,,,,,,,,,,,,,,,,,,,,,,,
2013-12-11,W300EGSK,ST4000DM000,4000787030016,0,,49331928,,,,,,,,0,,,,,,4290,,,,,,,,,,,,,,,,,,,,,,,,,,,,,,22,,,,,,0,,,,,,,,,,,,,,,,,,,,,,,,,,,,
2013-12-11,WD-WCAWZ1688265,WDC WD30EZRX,3000592982016,0,,0,,,,,,,,0,,,,,,18013,,,,,,,,,,,,,,,,,,,,,,,,,,,,,,22,,,,,,0,,,,,,,,,,,,,,,,,,,,,,,,,,,,
2013-12-11,PL1321LAGAW2TH,Hitachi HDS5C4040ALE630,4000787030016,0,,0,,,,,,,,0,,,,,,5066,,,,,,,,,,,,,,,,,,,,,,,,,,,,,,28,,,,,,0,,,,,,,,,,,,,,,,,,,,,,,,,,,,
2013-12-11,PL1311LAG21LJA,Hitachi HDS5C4040ALE630,4000787030016,0,,0,,,,,,,,0,,,,,,7415,,,,,,,,,,,,,,,,,,,,,,,,,,,,,,25,,,,,,0,,,,,,,,,,,,,,,,,,,,,,,,,,,,
2013-12-11,WD-WCC1T1244638,WDC WD30EFRX,3000592982016,0,,0,,,,,,,,0,,,,,,845,,,,,,,,,,,,,,,,,,,,,,,,,,,,,,21,,,,,,0,,,,,,,,,,,,,,,,,,,,,,,,,,,,
2013-12-11,Z300P8D5,ST4000DM000,4000787030016,0,,186901240,,,,,,,,0,,,,,,1232,,,,,,,,,,,,,,,,,,,,,,,,,,,,,,21,,,,,,0,,,,,,,,,,,,,,,,,,,,,,,,,,,,
2013-12-11,JK11A1YAJHHP9V,Hitachi HDS722020ALA330,2000398934016,0,,65536,,,,,,,,0,,,,,,28851,,,,,,,,,,,,,,,,,,,,,,,,,,,,,,31,,,,,,0,,,,,,,,,,,,,,,,,,,,,,,,,,,,
2013-12-11,MK0311YHGL7YDA,Hitachi HDS723030ALA640,3000592982016,0,,1,,,,,,,,0,,,,,,17016,,,,,,,,,,,,,,,,,,,,,,,,,,,,,,29,,,,,,0,,,,,,,,,,,,,,,,,,,,,,,,,,,,
2013-12-11,JK11A8B9J7H6RF,Hitachi HDS722020ALA330,2000398934016,0,,0,,,,,,,,0,,,,,,24665,,,,,,,,,,,,,,,,,,,,,,,,,,,,,,29,,,,,,0,,,,,,,,,,,,,,,,,,,,,,,,,,,,
2013-12-11,MJ1321YNG08D3A,Hitachi HDS5C3030ALA630,3000592982016,0,,0,,,,,,,,0,,,,,,19728,,,,,,,,,,,,,,,,,,,,,,,,,,,,,,24,,,,,,0,,,,,,,,,,,,,,,,,,,,,,,,,,,,
2013-12-11,S1F007YW,ST3000DM001,3000592982016,0,,100260672,,,,,,,,0,,,,,,15190,,,,,,,,,,,,,,,,,,,,,,,,,,,,,,22,,,,,,0,,,,,,,,,,,,,,,,,,,,,,,,,,,,
2013-12-11,S1F0S67M,ST3000DM001,3000592982016,0,,10264104,,,,,,,,0,,,,,,10836,,,,,,,,,,,,,,,,,,,,,,,,,,,,,,28,,,,,,0,,,,,,,,,,,,,,,,,,,,,,,,,,,,
2013-12-11,W300B2F3,ST4000DM000,4000787030016,0,,130254928,,,,,,,,0,,,,,,4167,,,,,,,,,,,,,,,,,,,,,,,,,,,,,,29,,,,,,0,,,,,,,,,,,,,,,,,,,,,,,,,,,,
2013-12-11,6XW0XE8Q,ST31500541AS,1500301910016,0,,106000731,,,,,,,,0,,,,,,31645,,,,,,,,,,,,,,,,,,,,,,,,,,,,,,21,,,,,,0,,,,,,,,,,,,,,,,,,,,,,,,,,,,
2013-12-11,S1F0SCHE,ST3000DM001,3000592982016,0,,57394816,,,,,,,,0,,,,,,11640,,,,,,,,,,,,,,,,,,,,,,,,,,,,,,22,,,,,,0,,,,,,,,,,,,,,,,,,,,,,,,,,,,
2013-12-11,JK11A4B8J61A7W,Hitachi HDS722020ALA330,2000398934016,0,,0,,,,,,,,0,,,,,,26024,,,,,,,,,,,,,,,,,,,,,,,,,,,,,,27,,,,,,0,,,,,,,,,,,,,,,,,,,,,,,,,,,,
2013-12-11,MK0311YHG43AVA,Hitachi HDS723030ALA640,3000592982016,0,,0,,,,,,,,0,,,,,,19802,,,,,,,,,,,,,,,,,,,,,,,,,,,,,,26,,,,,,0,,,,,,,,,,,,,,,,,,,,,,,,,,,,
2013-12-11,PL1311LAG3D5PH,Hitachi HDS5C4040ALE630,4000787030016,0,,0,,,,,,,,0,,,,,,6639,,,,,,,,,,,,,,,,,,,,,,,,,,,,,,27,,,,,,0,,,,,,,,,,,,,,,,,,,,,,,,,,,,
2013-12-11,MJ0351YNG9P2LA,Hitachi HDS5C3030ALA630,3000592982016,0,,0,,,,,,,,0,,,,,,9958,,,,,,,,,,,,,,,,,,,,,,,,,,,,,,29,,,,,,0,,,,,,,,,,,,,,,,,,,,,,,,,,,,
2013-12-11,PL1311LAG1VTSA,Hitachi HDS5C4040ALE630,4000787030016,0,,0,,,,,,,,0,,,,,,7437,,,,,,,,,,,,,,,,,,,,,,,,,,,,,,25,,,,,,0,,,,,,,,,,,,,,,,,,,,,,,,,,,,
2013-12-11,9VS0SBNK,ST31500341AS,1500301910016,0,,97469756,,,,,,,,1,,,,,,20599,,,,,,,,,,,,,,,,,,,,,,,,,,,,,,32,,,,,,0,,,,,,,,,,,,,,,,,,,,,,,,,,,,
2013-12-11,MJ0351YNG9V8GA,Hitachi HDS5C3030ALA630,3000592982016,0,,0,,,,,,,,0,,,,,,8619,,,,,,,,,,,,,,,,,,,,,,,,,,,,,,31,,,,,,0,,,,,,,,,,,,,,,,,,,,,,,,,,,,
2013-12-11,5XW02X5G,ST31500541AS,1500301910016,0,,111794146,,,,,,,,0,,,,,,29590,,,,,,,,,,,,,,,,,,,,,,,,,,,,,,23,,,,,,0,,,,,,,,,,,,,,,,,,,,,,,,,,,,
2013-12-11,Z1F1AE4Q,ST3000DM001,3000592982016,0,,95936952,,,,,,,,0,,,,,,7325,,,,,,,,,,,,,,,,,,,,,,,,,,,,,,22,,,,,,0,,,,,,,,,,,,,,,,,,,,,,,,,,,,
2013-12-11,6XW1ZWPW,ST32000542AS,2000398934016,0,,208315677,,,,,,,,0,,,,,,17230,,,,,,,,,,,,,,,,,,,,,,,,,,,,,,21,,,,,,0,,,,,,,,,,,,,,,,,,,,,,,,,,,,
2013-12-11,6XW0608C,ST31500541AS,1500301910016,0,,217263774,,,,,,,,0,,,,,,36382,,,,,,,,,,,,,,,,,,,,,,,,,,,,,,22,,,,,,0,,,,,,,,,,,,,,,,,,,,,,,,,,,,
2013-12-11,S1F10P0S,ST3000DM001,3000592982016,0,,132250128,,,,,,,,0,,,,,,7992,,,,,,,,,,,,,,,,,,,,,,,,,,,,,,28,,,,,,0,,,,,,,,,,,,,,,,,,,,,,,,,,,,
2013-12-11,MJ1323YNG1SD7C,Hitachi HDS5C3030ALA630,3000592982016,0,,0,,,,,,,,0,,,,,,19760,,,,,,,,,,,,,,,,,,,,,,,,,,,,,,28,,,,,,0,,,,,,,,,,,,,,,,,,,,,,,,,,,,
2013-12-11,Z300KGEM,ST4000DM000,4000787030016,0,,184709320,,,,,,,,0,,,,,,152,,,,,,,,,,,,,,,,,,,,,,,,,,,,,,27,,,,,,0,,,,,,,,,,,,,,,,,,,,,,,,,,,,
2013-12-11,Z290VBY4,ST33000651AS,3000592982016,0,,91134202,,,,,,,,0,,,,,,17742,,,,,,,,,,,,,,,,,,,,,,,,,,,,,,20,,,,,,0,,,,,,,,,,,,,,,,,,,,,,,,,,,,
2013-12-11,S1F06K70,ST3000DM001,3000592982016,0,,236244408,,,,,,,,32,,,,,,13361,,,,,,,,,,,,,,,,,,,,,,,,,,,,,,22,,,,,,8,,,,,,,,,,,,,,,,,,,,,,,,,,,,
2013-12-11,JK1101B9KNP0BF,Hitachi HDS722020ALA330,2000398934016,0,,0,,,,,,,,0,,,,,,23097,,,,,,,,,,,,,,,,,,,,,,,,,,,,,,31,,,,,,0,,,,,,,,,,,,,,,,,,,,,,,,,,,,
2013-12-11,5XW083R1,ST31500541AS,1500301910016,0,,229277060,,,,,,,,0,,,,,,23038,,,,,,,,,,,,,,,,,,,,,,,,,,,,,,20,,,,,,0,,,,,,,,,,,,,,,,,,,,,,,,,,,,
2013-12-11,JK11A5B8J7SR2X,Hitachi HDS722020ALA330,2000398934016,0,,0,,,,,,,,19,,,,,,22698,,,,,,,,,,,,,,,,,,,,,,,,,,,,,,25,,,,,,0,,,,,,,,,,,,,,,,,,,,,,,,,,,,
2013-12-11,S1F0CT70,ST3000DM001,3000592982016,0,,217492416,,,,,,,,0,,,,,,12420,,,,,,,,,,,,,,,,,,,,,,,,,,,,,,34,,,,,,0,,,,,,,,,,,,,,,,,,,,,,,,,,,,
2013-12-11,JK1105B8GDUJHX,Hitachi HDS722020ALA330,2000398934016,0,,196608,,,,,,,,0,,,,,,27168,,,,,,,,,,,,,,,,,,,,,,,,,,,,,,32,,,,,,0,,,,,,,,,,,,,,,,,,,,,,,,,,,,
2013-12-11,JK11A8B9J85XNF,Hitachi HDS722020ALA330,2000398934016,0,,0,,,,,,,,2,,,,,,26027,,,,,,,,,,,,,,,,,,,,,,,,,,,,,,27,,,,,,0,,,,,,,,,,,,,,,,,,,,,,,,,,,,
2013-12-11,PL2311LAG1UBKC,Hitachi HDS5C4040ALE630,4000787030016,0,,0,,,,,,,,0,,,,,,7412,,,,,,,,,,,,,,,,,,,,,,,,,,,,,,25,,,,,,0,,,,,,,,,,,,,,,,,,,,,,,,,,,,
2013-12-11,PL1311LAG25WWA,Hitachi HDS5C4040ALE630,4000787030016,0,,0,,,,,,,,0,,,,,,6075,,,,,,,,,,,,,,,,,,,,,,,,,,,,,,20,,,,,,0,,,,,,,,,,,,,,,,,,,,,,,,,,,,
2013-12-11,JK1105B8GB6JSX,Hitachi HDS722020ALA330,2000398934016,0,,1,,,,,,,,0,,,,,,27168,,,,,,,,,,,,,,,,,,,,,,,,,,,,,,29,,,,,,0,,,,,,,,,,,,,,,,,,,,,,,,,,,,
2013-12-11,9XW03BGC,ST31500541AS,1500301910016,0,,56052780,,,,,,,,0,,,,,,33347,,,,,,,,,,,,,,,,,,,,,,,,,,,,,,17,,,,,,0,,,,,,,,,,,,,,,,,,,,,,,,,,,,
2013-12-11,WD-WCAU47761807,WDC WD10EADS,1000204886016,0,,1,,,,,,,,0,,,,,,40474,,,,,,,,,,,,,,,,,,,,,,,,,,,,,,32,,,,,,0,,,,,,,,,,,,,,,,,,,,,,,,,,,,
2013-12-11,MK0301YHGN1XTD,Hitachi HDS723030ALA640,3000592982016,0,,0,,,,,,,,0,,,,,,17009,,,,,,,,,,,,,,,,,,,,,,,,,,,,,,31,,,,,,0,,,,,,,,,,,,,,,,,,,,,,,,,,,,
2013-12-11,JK11A8YBKYVKAF,Hitachi HDS722020ALA330,2000398934016,0,,0,,,,,,,,0,,,,,,26919,,,,,,,,,,,,,,,,,,,,,,,,,,,,,,23,,,,,,0,,,,,,,,,,,,,,,,,,,,,,,,,,,,
2013-12-11,PL2311LAG1MSVC,Hitachi HDS5C4040ALE630,4000787030016,0,,0,,,,,,,,0,,,,,,7759,,,,,,,,,,,,,,,,,,,,,,,,,,,,,,21,,,,,,0,,,,,,,,,,,,,,,,,,,,,,,,,,,,
2013-12-11,JK11A8B9J2UANF,Hitachi HDS722020ALA330,2000398934016,0,,0,,,,,,,,0,,,,,,24502,,,,,,,,,,,,,,,,,,,,,,,,,,,,,,27,,,,,,0,,,,,,,,,,,,,,,,,,,,,,,,,,,,
2013-12-11,W300CD7Q,ST4000DM000,4000787030016,0,,187012696,,,,,,,,0,,,,,,2243,,,,,,,,,,,,,,,,,,,,,,,,,,,,,,23,,,,,,0,,,,,,,,,,,,,,,,,,,,,,,,,,,,
2013-12-11,W3005ZFY,ST4000DM000,4000787030016,0,,44216928,,,,,,,,0,,,,,,2845,,,,,,,,,,,,,,,,,,,,,,,,,,,,,,25,,,,,,0,,,,,,,,,,,,,,,,,,,,,,,,,,,,
2013-12-11,Z300PBA4,ST4000DM000,4000787030016,0,,218067816,,,,,,,,0,,,,,,1234,,,,,,,,,,,,,,,,,,,,,,,,,,,,,,21,,,,,,0,,,,,,,,,,,,,,,,,,,,,,,,,,,,
2013-12-11,JK11A8B9J7A0PF,Hitachi HDS722020ALA330,2000398934016,0,,0,,,,,,,,0,,,,,,24665,,,,,,,,,,,,,,,,,,,,,,,,,,,,,,30,,,,,,0,,,,,,,,,,,,,,,,,,,,,,,,,,,,
2013-12-11,S1F02WHE,ST3000DM001,3000592982016,0,,50388464,,,,,,,,0,,,,,,13887,,,,,,,,,,,,,,,,,,,,,,,,,,,,,,27,,,,,,0,,,,,,,,,,,,,,,,,,,,,,,,,,,,
2013-12-11,WD-WCAWZ1147833,WDC WD30EZRX,3000592982016,0,,0,,,,,,,,0,,,,,,17622,,,,,,,,,,,,,,,,,,,,,,,,,,,,,,23,,,,,,0,,,,,,,,,,,,,,,,,,,,,,,,,,,,
2013-12-11,JK1101B9JKHDVF,Hitachi HDS722020ALA330,2000398934016,0,,0,,,,,,,,1,,,,,,23636,,,,,,,,,,,,,,,,,,,,,,,,,,,,,,30,,,,,,0,,,,,,,,,,,,,,,,,,,,,,,,,,,,
2013-12-11,S1F02BX1,ST3000DM001,3000592982016,0,,228482352,,,,,,,,0,,,,,,15402,,,,,,,,,,,,,,,,,,,,,,,,,,,,,,23,,,,,,0,,,,,,,,,,,,,,,,,,,,,,,,,,,,
2013-12-11,MJ0351YNGAD38A,Hitachi HDS5C3030ALA630,3000592982016,0,,0,,,,,,,,0,,,,,,8142,,,,,,,,,,,,,,,,,,,,,,,,,,,,,,28,,,,,,0,,,,,,,,,,,,,,,,,,,,,,,,,,,,
2013-12-11,Z1F0LLWZ,ST3000DM001,3000592982016,0,,132285216,,,,,,,,0,,,,,,12249,,,,,,,,,,,,,,,,,,,,,,,,,,,,,,25,,,,,,8,,,,,,,,,,,,,,,,,,,,,,,,,,,,
2013-12-11,JK1101B9KNNZUF,Hitachi HDS722020ALA330,2000398934016,0,,0,,,,,,,,0,,,,,,23125,,,,,,,,,,,,,,,,,,,,,,,,,,,,,,37,,,,,,0,,,,,,,,,,,,,,,,,,,,,,,,,,,,
2013-12-11,PL1311LAG3AV2H,Hitachi HDS5C4040ALE630,4000787030016,0,,0,,,,,,,,0,,,,,,5933,,,,,,,,,,,,,,,,,,,,,,,,,,,,,,24,,,,,,0,,,,,,,,,,,,,,,,,,,,,,,,,,,,
2013-12-11,9XW01QYE,ST31500541AS,1500301910016,0,,151229740,,,,,,,,0,,,,,,35440,,,,,,,,,,,,,,,,,,,,,,,,,,,,,,20,,,,,,0,,,,,,,,,,,,,,,,,,,,,,,,,,,,
2013-12-11,Z1F0LLWH,ST3000DM001,3000592982016,0,,178982760,,,,,,,,0,,,,,,12171,,,,,,,,,,,,,,,,,,,,,,,,,,,,,,23,,,,,,0,,,,,,,,,,,,,,,,,,,,,,,,,,,,
2013-12-11,W300FRNY,ST4000DM000,4000787030016,0,,117467712,,,,,,,,0,,,,,,1703,,,,,,,,,,,,,,,,,,,,,,,,,,,,,,24,,,,,,0,,,,,,,,,,,,,,,,,,,,,,,,,,,,
2013-12-11,JK1105B8G6PZWX,Hitachi HDS722020ALA330,2000398934016,0,,65537,,,,,,,,0,,,,,,26766,,,,,,,,,,,,,,,,,,,,,,,,,,,,,,28,,,,,,0,,,,,,,,,,,,,,,,,,,,,,,,,,,,
2013-12-11,S1F0SBF5,ST3000DM001,3000592982016,0,,103187216,,,,,,,,0,,,,,,11641,,,,,,,,,,,,,,,,,,,,,,,,,,,,,,22,,,,,,0,,,,,,,,,,,,,,,,,,,,,,,,,,,,
2013-12-11,MJ1311YNG2W1HA,Hitachi HDS5C3030ALA630,3000592982016,0,,0,,,,,,,,0,,,,,,18202,,,,,,,,,,,,,,,,,,,,,,,,,,,,,,26,,,,,,0,,,,,,,,,,,,,,,,,,,,,,,,,,,,
2013-12-11,Z290VRB3,ST33000651AS,3000592982016,0,,83412478,,,,,,,,0,,,,,,17740,,,,,,,,,,,,,,,,,,,,,,,,,,,,,,25,,,,,,0,,,,,,,,,,,,,,,,,,,,,,,,,,,,
2013-12-11,PL2321LAGAST1J,Hitachi HDS5C4040ALE630,4000787030016,0,,0,,,,,,,,0,,,,,,5074,,,,,,,,,,,,,,,,,,,,,,,,,,,,,,27,,,,,,0,,,,,,,,,,,,,,,,,,,,,,,,,,,,
2013-12-11,JK11A8B9JPWJKF,Hitachi HDS722020ALA330,2000398934016,0,,0,,,,,,,,0,,,,,,24112,,,,,,,,,,,,,,,,,,,,,,,,,,,,,,29,,,,,,0,,,,,,,,,,,,,,,,,,,,,,,,,,,,
2013-12-11,JK11A4B8J22ZNW,Hitachi HDS722020ALA330,2000398934016,0,,0,,,,,,,,0,,,,,,23318,,,,,,,,,,,,,,,,,,,,,,,,,,,,,,30,,,,,,0,,,,,,,,,,,,,,,,,,,,,,,,,,,,
2013-12-11,MK0311YHG0888A,Hitachi HDS723030ALA640,3000592982016,0,,0,,,,,,,,0,,,,,,16561,,,,,,,,,,,,,,,,,,,,,,,,,,,,,,26,,,,,,0,,,,,,,,,,,,,,,,,,,,,,,,,,,,
2013-12-11,MJ0351YNG9WNMA,Hitachi HDS5C3030ALA630,3000592982016,0,,0,,,,,,,,9,,,,,,9524,,,,,,,,,,,,,,,,,,,,,,,,,,,,,,34,,,,,,0,,,,,,,,,,,,,,,,,,,,,,,,,,,,
2013-12-11,W1F0MG9R,ST3000DM001,3000592982016,0,,54408904,,,,,,,,0,,,,,,12616,,,,,,,,,,,,,,,,,,,,,,,,,,,,,,20,,,,,,0,,,,,,,,,,,,,,,,,,,,,,,,,,,,
2013-12-11,MJ1321YNG0N7GA,Hitachi HDS5C3030ALA630,3000592982016,0,,1,,,,,,,,0,,,,,,20507,,,,,,,,,,,,,,,,,,,,,,,,,,,,,,23,,,,,,0,,,,,,,,,,,,,,,,,,,,,,,,,,,,
2013-12-11,PL1311LAG3EHBH,Hitachi HDS5C4040ALE630,4000787030016,0,,0,,,,,,,,0,,,,,,5069,,,,,,,,,,,,,,,,,,,,,,,,,,,,,,28,,,,,,0,,,,,,,,,,,,,,,,,,,,,,,,,,,,
2013-12-11,JK11A8B9J2HHDF,Hitachi HDS722020ALA330,2000398934016,0,,0,,,,,,,,0,,,,,,24399,,,,,,,,,,,,,,,,,,,,,,,,,,,,,,33,,,,,,0,,,,,,,,,,,,,,,,,,,,,,,,,,,,
2013-12-11,S1F02YM7,ST3000DM001,3000592982016,0,,20974392,,,,,,,,0,,,,,,15621,,,,,,,,,,,,,,,,,,,,,,,,,,,,,,24,,,,,,0,,,,,,,,,,,,,,,,,,,,,,,,,,,,
2013-12-11,JK11A8B9J3LVBF,Hitachi HDS722020ALA330,2000398934016,0,,0,,,,,,,,0,,,,,,24914,,,,,,,,,,,,,,,,,,,,,,,,,,,,,,29,,,,,,0,,,,,,,,,,,,,,,,,,,,,,,,,,,,
2013-12-11,JK1105B8JS1LEX,Hitachi HDS722020ALA330,2000398934016,0,,1,,,,,,,,0,,,,,,23125,,,,,,,,,,,,,,,,,,,,,,,,,,,,,,26,,,,,,0,,,,,,,,,,,,,,,,,,,,,,,,,,,,
2013-12-11,Z290RFD7,ST33000651AS,3000592982016,0,,37665129,,,,,,,,0,,,,,,17740,,,,,,,,,,,,,,,,,,,,,,,,,,,,,,23,,,,,,0,,,,,,,,,,,,,,,,,,,,,,,,,,,,
2013-12-11,JK11A8B9JKYY5F,Hitachi HDS722020ALA330,2000398934016,0,,0,,,,,,,,0,,,,,,23947,,,,,,,,,,,,,,,,,,,,,,,,,,,,,,24,,,,,,0,,,,,,,,,,,,,,,,,,,,,,,,,,,,
2013-12-11,JK11A8B9J7X2NF,Hitachi HDS722020ALA330,2000398934016,0,,0,,,,,,,,0,,,,,,24912,,,,,,,,,,,,,,,,,,,,,,,,,,,,,,32,,,,,,0,,,,,,,,,,,,,,,,,,,,,,,,,,,,
2013-12-11,6XW095K8,ST32000542AS,2000398934016,0,,90788565,,,,,,,,0,,,,,,15217,,,,,,,,,,,,,,,,,,,,,,,,,,,,,,23,,,,,,0,,,,,,,,,,,,,,,,,,,,,,,,,,,,
2013-12-11,JK11A8B9J72DKF,Hitachi HDS722020ALA330,2000398934016,0,,0,,,,,,,,0,,,,,,21477,,,,,,,,,,,,,,,,,,,,,,,,,,,,,,27,,,,,,0,,,,,,,,,,,,,,,,,,,,,,,,,,,,
2013-12-11,WD-WCAU45664465,WDC WD10EADS,1000204886016,0,,35,,,,,,,,0,,,,,,41801,,,,,,,,,,,,,,,,,,,,,,,,,,,,,,26,,,,,,0,,,,,,,,,,,,,,,,,,,,,,,,,,,,
2013-12-11,MJ1311YNG7LSXA,Hitachi HDS5C3030ALA630,3000592982016,0,,0,,,,,,,,0,,,,,,14290,,,,,,,,,,,,,,,,,,,,,,,,,,,,,,25,,,,,,0,,,,,,,,,,,,,,,,,,,,,,,,,,,,
2013-12-11,MJ1321YNG0YP3A,Hitachi HDS5C3030ALA630,3000592982016,0,,0,,,,,,,,0,,,,,,19798,,,,,,,,,,,,,,,,,,,,,,,,,,,,,,28,,,,,,0,,,,,,,,,,,,,,,,,,,,,,,,,,,,
2013-12-11,WD-WCAU45243593,WDC WD10EADS,1000204886016,0,,21,,,,,,,,0,,,,,,40870,,,,,,,,,,,,,,,,,,,,,,,,,,,,,,26,,,,,,0,,,,,,,,,,,,,,,,,,,,,,,,,,,,
2013-12-11,Z300E50X,ST4000DM000,4000787030016,0,,862488,,,,,,,,0,,,,,,2262,,,,,,,,,,,,,,,,,,,,,,,,,,,,,,23,,,,,,0,,,,,,,,,,,,,,,,,,,,,,,,,,,,
2013-12-11,MJ1323YNG1PE5C,Hitachi HDS5C3030ALA630,3000592982016,0,,0,,,,,,,,0,,,,,,19766,,,,,,,,,,,,,,,,,,,,,,,,,,,,,,25,,,,,,0,,,,,,,,,,,,,,,,,,,,,,,,,,,,
2013-12-11,WD-WCAU45467010,WDC WD10EADS,1000204886016,0,,0,,,,,,,,0,,,,,,41226,,,,,,,,,,,,,,,,,,,,,,,,,,,,,,26,,,,,,0,,,,,,,,,,,,,,,,,,,,,,,,,,,,
2013-12-11,JK11A8B9GPGD8F,Hitachi HDS722020ALA330,2000398934016,0,,0,,,,,,,,0,,,,,,26762,,,,,,,,,,,,,,,,,,,,,,,,,,,,,,29,,,,,,0,,,,,,,,,,,,,,,,,,,,,,,,,,,,
2013-12-11,JK1131YAJJR00V,Hitachi HDS722020ALA330,2000398934016,0,,0,,,,,,,,0,,,,,,30254,,,,,,,,,,,,,,,,,,,,,,,,,,,,,,26,,,,,,0,,,,,,,,,,,,,,,,,,,,,,,,,,,,
2013-12-11,PL2311LAG1R72C,Hitachi HDS5C4040ALE630,4000787030016,0,,0,,,,,,,,0,,,,,,7463,,,,,,,,,,,,,,,,,,,,,,,,,,,,,,25,,,,,,0,,,,,,,,,,,,,,,,,,,,,,,,,,,,
2013-12-11,MJ1311YNG39A3A,Hitachi HDS5C3030ALA630,3000592982016,0,,1441660928,,,,,,,,0,,,,,,18387,,,,,,,,,,,,,,,,,,,,,,,,,,,,,,22,,,,,,0,,,,,,,,,,,,,,,,,,,,,,,,,,,,
2013-12-11,9VS512M1,ST31500341AS,1500301910016,0,,93375759,,,,,,,,4,,,,,,20600,,,,,,,,,,,,,,,,,,,,,,,,,,,,,,32,,,,,,0,,,,,,,,,,,,,,,,,,,,,,,,,,,,
2013-12-11,MJ0351YNG9V5VA,Hitachi HDS5C3030ALA630,3000592982016,0,,0,,,,,,,,0,,,,,,9672,,,,,,,,,,,,,,,,,,,,,,,,,,,,,,29,,,,,,0,,,,,,,,,,,,,,,,,,,,,,,,,,,,
2013-12-11,WD-WMC4N0919794,WDC WD30EFRX,3000592982016,0,,0,,,,,,,,0,,,,,,156,,,,,,,,,,,,,,,,,,,,,,,,,,,,,,19,,,,,,0,,,,,,,,,,,,,,,,,,,,,,,,,,,,
2013-12-11,S1F0AT2S,ST3000DM001,3000592982016,0,,120824200,,,,,,,,0,,,,,,12418,,,,,,,,,,,,,,,,,,,,,,,,,,,,,,28,,,,,,0,,,,,,,,,,,,,,,,,,,,,,,,,,,,
2013-12-11,PL1321LAG348LH,Hitachi HDS5C4040ALE630,4000787030016,0,,0,,,,,,,,0,,,,,,6652,,,,,,,,,,,,,,,,,,,,,,,,,,,,,,27,,,,,,0,,,,,,,,,,,,,,,,,,,,,,,,,,,,
2013-12-11,MK0331YHGRS1EA,Hitachi HDS723030ALA640,3000592982016,0,,0,,,,,,,,0,,,,,,17357,,,,,,,,,,,,,,,,,,,,,,,,,,,,,,21,,,,,,0,,,,,,,,,,,,,,,,,,,,,,,,,,,,
2013-12-11,JK11A8B9J27J8F,Hitachi HDS722020ALA330,2000398934016,0,,1,,,,,,,,0,,,,,,23711,,,,,,,,,,,,,,,,,,,,,,,,,,,,,,27,,,,,,0,,,,,,,,,,,,,,,,,,,,,,,,,,,,
2013-12-11,PL1321LAG34PAH,Hitachi HDS5C4040ALE630,4000787030016,0,,0,,,,,,,,0,,,,,,6070,,,,,,,,,,,,,,,,,,,,,,,,,,,,,,21,,,,,,0,,,,,,,,,,,,,,,,,,,,,,,,,,,,
2013-12-11,S1F04ABG,ST3000DM001,3000592982016,0,,157966208,,,,,,,,0,,,,,,16199,,,,,,,,,,,,,,,,,,,,,,,,,,,,,,27,,,,,,0,,,,,,,,,,,,,,,,,,,,,,,,,,,,
2013-12-11,6XW0VP67,ST31500541AS,1500301910016,0,,88512012,,,,,,,,0,,,,,,33865,,,,,,,,,,,,,,,,,,,,,,,,,,,,,,24,,,,,,0,,,,,,,,,,,,,,,,,,,,,,,,,,,,
2013-12-11,MJ1311YNG3JVRA,Hitachi HDS5C3030ALA630,3000592982016,0,,0,,,,,,,,0,,,,,,19588,,,,,,,,,,,,,,,,,,,,,,,,,,,,,,23,,,,,,0,,,,,,,,,,,,,,,,,,,,,,,,,,,,
2013-12-11,JK11A8B9J96UGF,Hitachi HDS722020ALA330,2000398934016,0,,131082,,,,,,,,0,,,,,,25661,,,,,,,,,,,,,,,,,,,,,,,,,,,,,,26,,,,,,0,,,,,,,,,,,,,,,,,,,,,,,,,,,,
2013-12-11,JK11A8B9GPG2KF,Hitachi HDS722020ALA330,2000398934016,0,,0,,,,,,,,0,,,,,,26764,,,,,,,,,,,,,,,,,,,,,,,,,,,,,,24,,,,,,0,,,,,,,,,,,,,,,,,,,,,,,,,,,,
2013-12-11,MJ0351YNG9W3XA,Hitachi HDS5C3030ALA630,3000592982016,0,,0,,,,,,,,0,,,,,,9999,,,,,,,,,,,,,,,,,,,,,,,,,,,,,,35,,,,,,0,,,,,,,,,,,,,,,,,,,,,,,,,,,,
2013-12-11,6XW01KY1,ST31500541AS,1500301910016,0,,107785275,,,,,,,,0,,,,,,37435,,,,,,,,,,,,,,,,,,,,,,,,,,,,,,23,,,,,,0,,,,,,,,,,,,,,,,,,,,,,,,,,,,
2013-12-11,JK1170YAJAXB3T,Hitachi HDS722020ALA330,2000398934016,0,,0,,,,,,,,0,,,,,,28683,,,,,,,,,,,,,,,,,,,,,,,,,,,,,,26,,,,,,0,,,,,,,,,,,,,,,,,,,,,,,,,,,,
2013-12-11,MJ0351YNG9STYA,Hitachi HDS5C3030ALA630,3000592982016,0,,0,,,,,,,,0,,,,,,8830,,,,,,,,,,,,,,,,,,,,,,,,,,,,,,28,,,,,,0,,,,,,,,,,,,,,,,,,,,,,,,,,,,
2013-12-11,JK11A8B9J38ZEF,Hitachi HDS722020ALA330,2000398934016,0,,0,,,,,,,,0,,,,,,22702,,,,,,,,,,,,,,,,,,,,,,,,,,,,,,29,,,,,,0,,,,,,,,,,,,,,,,,,,,,,,,,,,,
2013-12-11,Z1Z03G2H,ST4000DX000,4000787030016,0,,168494817,,,,,,,,0,,,,,,7131,,,,,,,,,,,,,,,,,,,,,,,,,,,,,,37,,,,,,0,,,,,,,,,,,,,,,,,,,,,,,,,,,,
2013-12-11,MK0331YHGSHAUA,Hitachi HDS723030ALA640,3000592982016,0,,0,,,,,,,,0,,,,,,17353,,,,,,,,,,,,,,,,,,,,,,,,,,,,,,23,,,,,,0,,,,,,,,,,,,,,,,,,,,,,,,,,,,
2013-12-11,9XK0PQSC,ST33000651AS,3000592982016,0,,85725949,,,,,,,,0,,,,,,17050,,,,,,,,,,,,,,,,,,,,,,,,,,,,,,23,,,,,,0,,,,,,,,,,,,,,,,,,,,,,,,,,,,
2013-12-11,6XW01KYM,ST31500541AS,1500301910016,0,,176549909,,,,,,,,0,,,,,,35777,,,,,,,,,,,,,,,,,,,,,,,,,,,,,,21,,,,,,0,,,,,,,,,,,,,,,,,,,,,,,,,,,,
2013-12-11,JK11A8B9J24L5F,Hitachi HDS722020ALA330,2000398934016,0,,0,,,,,,,,0,,,,,,24492,,,,,,,,,,,,,,,,,,,,,,,,,,,,,,31,,,,,,0,,,,,,,,,,,,,,,,,,,,,,,,,,,,
2013-12-11,PL1321LAG33R5H,Hitachi HDS5C4040ALE630,4000787030016,0,,0,,,,,,,,0,,,,,,5925,,,,,,,,,,,,,,,,,,,,,,,,,,,,,,21,,,,,,0,,,,,,,,,,,,,,,,,,,,,,,,,,,,
2013-12-11,Z300MEHA,ST4000DM000,4000787030016,0,,142792648,,,,,,,,0,,,,,,2844,,,,,,,,,,,,,,,,,,,,,,,,,,,,,,27,,,,,,0,,,,,,,,,,,,,,,,,,,,,,,,,,,,
2013-12-11,Z300MEHG,ST4000DM000,4000787030016,0,,101241584,,,,,,,,0,,,,,,2921,,,,,,,,,,,,,,,,,,,,,,,,,,,,,,21,,,,,,0,,,,,,,,,,,,,,,,,,,,,,,,,,,,
2013-12-11,6XW0073J,ST32000542AS,2000398934016,0,,150700455,,,,,,,,0,,,,,,26203,,,,,,,,,,,,,,,,,,,,,,,,,,,,,,27,,,,,,0,,,,,,,,,,,,,,,,,,,,,,,,,,,,
2013-12-11,MJ0351YNG9UJ6A,Hitachi HDS5C3030ALA630,3000592982016,0,,0,,,,,,,,0,,,,,,9142,,,,,,,,,,,,,,,,,,,,,,,,,,,,,,27,,,,,,0,,,,,,,,,,,,,,,,,,,,,,,,,,,,
2013-12-11,MJ0351YNG9Y16A,Hitachi HDS5C3030ALA630,3000592982016,0,,0,,,,,,,,0,,,,,,9315,,,,,,,,,,,,,,,,,,,,,,,,,,,,,,31,,,,,,0,,,,,,,,,,,,,,,,,,,,,,,,,,,,
2013-12-11,MJ1311YNG7ALNA,Hitachi HDS5C3030ALA630,3000592982016,0,,0,,,,,,,,0,,,,,,14620,,,,,,,,,,,,,,,,,,,,,,,,,,,,,,20,,,,,,0,,,,,,,,,,,,,,,,,,,,,,,,,,,,
2013-12-11,9VS1HATH,ST31500341AS,1500301910016,0,,169383441,,,,,,,,5,,,,,,40409,,,,,,,,,,,,,,,,,,,,,,,,,,,,,,28,,,,,,0,,,,,,,,,,,,,,,,,,,,,,,,,,,,
2013-12-11,JK11A1YAJH3KJV,Hitachi HDS722020ALA330,2000398934016,0,,65536,,,,,,,,0,,,,,,28914,,,,,,,,,,,,,,,,,,,,,,,,,,,,,,29,,,,,,0,,,,,,,,,,,,,,,,,,,,,,,,,,,,
2013-12-11,W300DCYD,ST4000DM000,4000787030016,0,,220652040,,,,,,,,0,,,,,,4183,,,,,,,,,,,,,,,,,,,,,,,,,,,,,,23,,,,,,0,,,,,,,,,,,,,,,,,,,,,,,,,,,,
2013-12-11,MK0301YHGNT4DA,Hitachi HDS723030ALA640,3000592982016,0,,0,,,,,,,,0,,,,,,16078,,,,,,,,,,,,,,,,,,,,,,,,,,,,,,31,,,,,,0,,,,,,,,,,,,,,,,,,,,,,,,,,,,
2013-12-11,PL1311LAG2ZA7A,Hitachi HDS5C4040ALE630,4000787030016,0,,0,,,,,,,,0,,,,,,6568,,,,,,,,,,,,,,,,,,,,,,,,,,,,,,31,,,,,,0,,,,,,,,,,,,,,,,,,,,,,,,,,,,
2013-12-11,WD-WMC1T1621187,WDC WD30EFRX,3000592982016,0,,0,,,,,,,,0,,,,,,7710,,,,,,,,,,,,,,,,,,,,,,,,,,,,,,25,,,,,,0,,,,,,,,,,,,,,,,,,,,,,,,,,,,
2013-12-11,9VS3JCGY,ST31500341AS,1500301910016,0,,92946581,,,,,,,,4,,,,,,32919,,,,,,,,,,,,,,,,,,,,,,,,,,,,,,22,,,,,,0,,,,,,,,,,,,,,,,,,,,,,,,,,,,
2013-12-11,JK1101B9JPLKEF,Hitachi HDS722020ALA330,2000398934016,0,,0,,,,,,,,2,,,,,,23991,,,,,,,,,,,,,,,,,,,,,,,,,,,,,,24,,,,,,0,,,,,,,,,,,,,,,,,,,,,,,,,,,,
2013-12-11,JK1101B9J3KWJF,Hitachi HDS722020ALA330,2000398934016,0,,0,,,,,,,,0,,,,,,23105,,,,,,,,,,,,,,,,,,,,,,,,,,,,,,26,,,,,,0,,,,,,,,,,,,,,,,,,,,,,,,,,,,
2013-12-11,MJ1311YNG2TSRA,Hitachi HDS5C3030ALA630,3000592982016,0,,0,,,,,,,,0,,,,,,18200,,,,,,,,,,,,,,,,,,,,,,,,,,,,,,28,,,,,,0,,,,,,,,,,,,,,,,,,,,,,,,,,,,
2013-12-11,W300ADJE,ST4000DM000,4000787030016,0,,214399840,,,,,,,,0,,,,,,2177,,,,,,,,,,,,,,,,,,,,,,,,,,,,,,21,,,,,,0,,,,,,,,,,,,,,,,,,,,,,,,,,,,
2013-12-11,PL1321LAGAYM3H,Hitachi HDS5C4040ALE630,4000787030016,0,,0,,,,,,,,0,,,,,,5066,,,,,,,,,,,,,,,,,,,,,,,,,,,,,,30,,,,,,0,,,,,,,,,,,,,,,,,,,,,,,,,,,,
2013-12-11,MJ1311YNG3JH9A,Hitachi HDS5C3030ALA630,3000592982016,0,,0,,,,,,,,0,,,,,,18941,,,,,,,,,,,,,,,,,,,,,,,,,,,,,,28,,,,,,0,,,,,,,,,,,,,,,,,,,,,,,,,,,,
2013-12-11,JK11A8B9J3UUJF,Hitachi HDS722020ALA330,2000398934016,0,,0,,,,,,,,0,,,,,,23125,,,,,,,,,,,,,,,,,,,,,,,,,,,,,,26,,,,,,0,,,,,,,,,,,,,,,,,,,,,,,,,,,,
2013-12-11,JK11A8B9J7GS0F,Hitachi HDS722020ALA330,2000398934016,0,,65537,,,,,,,,0,,,,,,23579,,,,,,,,,,,,,,,,,,,,,,,,,,,,,,28,,,,,,0,,,,,,,,,,,,,,,,,,,,,,,,,,,,
2013-12-11,6XW049CS,ST31500541AS,1500301910016,0,,75648319,,,,,,,,1300,,,,,,37161,,,,,,,,,,,,,,,,,,,,,,,,,,,,,,23,,,,,,0,,,,,,,,,,,,,,,,,,,,,,,,,,,,
2013-12-11,JK11A8B9J7M3UF,Hitachi HDS722020ALA330,2000398934016,0,,0,,,,,,,,0,,,,,,24665,,,,,,,,,,,,,,,,,,,,,,,,,,,,,,27,,,,,,0,,,,,,,,,,,,,,,,,,,,,,,,,,,,
2013-12-11,JK11A8B9J99E9F,Hitachi HDS722020ALA330,2000398934016,0,,0,,,,,,,,0,,,,,,25667,,,,,,,,,,,,,,,,,,,,,,,,,,,,,,23,,,,,,0,,,,,,,,,,,,,,,,,,,,,,,,,,,,
2013-12-11,PL1311LAG1A7EA,Hitachi HDS5C4040ALE630,4000787030016,0,,0,,,,,,,,0,,,,,,7453,,,,,,,,,,,,,,,,,,,,,,,,,,,,,,20,,,,,,0,,,,,,,,,,,,,,,,,,,,,,,,,,,,
2013-12-11,9VS28L47,ST31500341AS,1500301910016,0,,36933703,,,,,,,,9,,,,,,38494,,,,,,,,,,,,,,,,,,,,,,,,,,,,,,24,,,,,,0,,,,,,,,,,,,,,,,,,,,,,,,,,,,
2013-12-11,9XK0MWSM,ST33000651AS,3000592982016,0,,69519328,,,,,,,,0,,,,,,15604,,,,,,,,,,,,,,,,,,,,,,,,,,,,,,24,,,,,,0,,,,,,,,,,,,,,,,,,,,,,,,,,,,
2013-12-11,6XW0551A,ST31500541AS,1500301910016,0,,236670885,,,,,,,,0,,,,,,37154,,,,,,,,,,,,,,,,,,,,,,,,,,,,,,25,,,,,,0,,,,,,,,,,,,,,,,,,,,,,,,,,,,
2013-12-11,6XW0QRSL,ST31500541AS,1500301910016,0,,227335108,,,,,,,,720,,,,,,34087,,,,,,,,,,,,,,,,,,,,,,,,,,,,,,21,,,,,,0,,,,,,,,,,,,,,,,,,,,,,,,,,,,
2013-12-11,W3008PM0,ST4000DM000,4000787030016,0,,120773920,,,,,,,,0,,,,,,4289,,,,,,,,,,,,,,,,,,,,,,,,,,,,,,21,,,,,,0,,,,,,,,,,,,,,,,,,,,,,,,,,,,
2013-12-11,JK1174YAK3YEAW,Hitachi HDS722020ALA330,2000398934016,0,,0,,,,,,,,0,,,,,,28809,,,,,,,,,,,,,,,,,,,,,,,,,,,,,,24,,,,,,0,,,,,,,,,,,,,,,,,,,,,,,,,,,,
2013-12-11,WD-WCAWZ2106438,WDC WD30EZRX,3000592982016,0,,0,,,,,,,,0,,,,,,12939,,,,,,,,,,,,,,,,,,,,,,,,,,,,,,23,,,,,,0,,,,,,,,,,,,,,,,,,,,,,,,,,,,
2013-12-11,JK11A8B9J3ADKF,Hitachi HDS722020ALA330,2000398934016,0,,0,,,,,,,,0,,,,,,24397,,,,,,,,,,,,,,,,,,,,,,,,,,,,,,27,,,,,,0,,,,,,,,,,,,,,,,,,,,,,,,,,,,
2013-12-11,9XW02CJ2,ST31500541AS,1500301910016,0,,183386653,,,,,,,,744,,,,,,35044,,,,,,,,,,,,,,,,,,,,,,,,,,,,,,17,,,,,,0,,,,,,,,,,,,,,,,,,,,,,,,,,,,
2013-12-11,JK11A4B8J3ZENW,Hitachi HDS722020ALA330,2000398934016,0,,0,,,,,,,,0,,,,,,25125,,,,,,,,,,,,,,,,,,,,,,,,,,,,,,29,,,,,,0,,,,,,,,,,,,,,,,,,,,,,,,,,,,
2013-12-11,WD-WCAWZ1018482,WDC WD30EZRX,3000592982016,0,,246,,,,,,,,0,,,,,,17627,,,,,,,,,,,,,,,,,,,,,,,,,,,,,,23,,,,,,13,,,,,,,,,,,,,,,,,,,,,,,,,,,,
2013-12-11,Z1Z04BDS,ST4000DX000,4000787030016,0,,237680736,,,,,,,,0,,,,,,5039,,,,,,,,,,,,,,,,,,,,,,,,,,,,,,30,,,,,,0,,,,,,,,,,,,,,,,,,,,,,,,,,,,
2013-12-11,MJ1311YNG3K41A,Hitachi HDS5C3030ALA630,3000592982016,0,,0,,,,,,,,0,,,,,,18405,,,,,,,,,,,,,,,,,,,,,,,,,,,,,,24,,,,,,0,,,,,,,,,,,,,,,,,,,,,,,,,,,,
2013-12-11,MJ1311YNG7AL4A,Hitachi HDS5C3030ALA630,3000592982016,0,,0,,,,,,,,0,,,,,,14598,,,,,,,,,,,,,,,,,,,,,,,,,,,,,,29,,,,,,0,,,,,,,,,,,,,,,,,,,,,,,,,,,,
2013-12-11,MJ1311YNG36NDA,Hitachi HDS5C3030ALA630,3000592982016,0,,0,,,,,,,,0,,,,,,18066,,,,,,,,,,,,,,,,,,,,,,,,,,,,,,25,,,,,,0,,,,,,,,,,,,,,,,,,,,,,,,,,,,
2013-12-11,JK1175YAK92HUX,Hitachi HDS722020ALA330,2000398934016,0,,131072,,,,,,,,0,,,,,,29653,,,,,,,,,,,,,,,,,,,,,,,,,,,,,,25,,,,,,0,,,,,,,,,,,,,,,,,,,,,,,,,,,,
2013-12-11,6XW05B3S,ST31500541AS,1500301910016,0,,45158302,,,,,,,,0,,,,,,37070,,,,,,,,,,,,,,,,,,,,,,,,,,,,,,28,,,,,,0,,,,,,,,,,,,,,,,,,,,,,,,,,,,
2013-12-11,WD-WCAWZ1343758,WDC WD30EZRX,3000592982016,0,,0,,,,,,,,0,,,,,,16130,,,,,,,,,,,,,,,,,,,,,,,,,,,,,,21,,,,,,0,,,,,,,,,,,,,,,,,,,,,,,,,,,,
2013-12-11,S1F0AG39,ST3000DM001,3000592982016,0,,73968728,,,,,,,,32,,,,,,12356,,,,,,,,,,,,,,,,,,,,,,,,,,,,,,26,,,,,,32,,,,,,,,,,,,,,,,,,,,,,,,,,,,
2013-12-11,W300E0LV,ST4000DM000,4000787030016,0,,206627936,,,,,,,,0,,,,,,2385,,,,,,,,,,,,,,,,,,,,,,,,,,,,,,24,,,,,,0,,,,,,,,,,,,,,,,,,,,,,,,,,,,
2013-12-11,MJ0351YNG9NUYA,Hitachi HDS5C3030ALA630,3000592982016,0,,0,,,,,,,,0,,,,,,9973,,,,,,,,,,,,,,,,,,,,,,,,,,,,,,27,,,,,,0,,,,,,,,,,,,,,,,,,,,,,,,,,,,
2013-12-11,Z300GZ6R,ST4000DM000,4000787030016,0,,49400792,,,,,,,,0,,,,,,3582,,,,,,,,,,,,,,,,,,,,,,,,,,,,,,25,,,,,,0,,,,,,,,,,,,,,,,,,,,,,,,,,,,
2013-12-11,WD-WMC1T0755438,WDC WD30EFRX,3000592982016,0,,0,,,,,,,,0,,,,,,8840,,,,,,,,,,,,,,,,,,,,,,,,,,,,,,28,,,,,,0,,,,,,,,,,,,,,,,,,,,,,,,,,,,
2013-12-11,6XW03917,ST31500541AS,1500301910016,0,,178512881,,,,,,,,0,,,,,,36062,,,,,,,,,,,,,,,,,,,,,,,,,,,,,,21,,,,,,0,,,,,,,,,,,,,,,,,,,,,,,,,,,,
2013-12-11,6XW03913,ST31500541AS,1500301910016,0,,174834976,,,,,,,,0,,,,,,34168,,,,,,,,,,,,,,,,,,,,,,,,,,,,,,20,,,,,,0,,,,,,,,,,,,,,,,,,,,,,,,,,,,
2013-12-11,6XW0391M,ST31500541AS,1500301910016,0,,84942239,,,,,,,,0,,,,,,36917,,,,,,,,,,,,,,,,,,,,,,,,,,,,,,23,,,,,,0,,,,,,,,,,,,,,,,,,,,,,,,,,,,
2013-12-11,JK1105B8GEUN2X,Hitachi HDS722020ALA330,2000398934016,0,,0,,,,,,,,0,,,,,,26858,,,,,,,,,,,,,,,,,,,,,,,,,,,,,,29,,,,,,0,,,,,,,,,,,,,,,,,,,,,,,,,,,,
2013-12-11,PL1311LAG38V8H,Hitachi HDS5C4040ALE630,4000787030016,0,,0,,,,,,,,0,,,,,,6650,,,,,,,,,,,,,,,,,,,,,,,,,,,,,,21,,,,,,0,,,,,,,,,,,,,,,,,,,,,,,,,,,,
2013-12-11,JK11A8B9J2BJTF,Hitachi HDS722020ALA330,2000398934016,0,,131074,,,,,,,,0,,,,,,23511,,,,,,,,,,,,,,,,,,,,,,,,,,,,,,27,,,,,,0,,,,,,,,,,,,,,,,,,,,,,,,,,,,
2013-12-11,JK11A8B9GPBP4F,Hitachi HDS722020ALA330,2000398934016,0,,0,,,,,,,,0,,,,,,23577,,,,,,,,,,,,,,,,,,,,,,,,,,,,,,24,,,,,,0,,,,,,,,,,,,,,,,,,,,,,,,,,,,
2013-12-11,JK1105B8GG4YNX,Hitachi HDS722020ALA330,2000398934016,0,,65537,,,,,,,,0,,,,,,27213,,,,,,,,,,,,,,,,,,,,,,,,,,,,,,24,,,,,,0,,,,,,,,,,,,,,,,,,,,,,,,,,,,
2013-12-11,5XW00SQX,ST31500541AS,1500301910016,0,,21705575,,,,,,,,0,,,,,,36398,,,,,,,,,,,,,,,,,,,,,,,,,,,,,,19,,,,,,0,,,,,,,,,,,,,,,,,,,,,,,,,,,,
2013-12-11,MJ0351YNGABZ4A,Hitachi HDS5C3030ALA630,3000592982016,0,,0,,,,,,,,0,,,,,,7989,,,,,,,,,,,,,,,,,,,,,,,,,,,,,,27,,,,,,0,,,,,,,,,,,,,,,,,,,,,,,,,,,,
2013-12-11,MJ1311YNG30BGA,Hitachi HDS5C3030ALA630,3000592982016,0,,86,,,,,,,,0,,,,,,18386,,,,,,,,,,,,,,,,,,,,,,,,,,,,,,22,,,,,,0,,,,,,,,,,,,,,,,,,,,,,,,,,,,
2013-12-11,9VS1QWDQ,ST31500341AS,1500301910016,0,,230350030,,,,,,,,24,,,,,,40234,,,,,,,,,,,,,,,,,,,,,,,,,,,,,,27,,,,,,0,,,,,,,,,,,,,,,,,,,,,,,,,,,,
2013-12-11,S1F06GHL,ST3000DM001,3000592982016,0,,164896216,,,,,,,,0,,,,,,13360,,,,,,,,,,,,,,,,,,,,,,,,,,,,,,26,,,,,,8,,,,,,,,,,,,,,,,,,,,,,,,,,,,
2013-12-11,WD-WCAU47580461,WDC WD10EADS,1000204886016,0,,4,,,,,,,,0,,,,,,40501,,,,,,,,,,,,,,,,,,,,,,,,,,,,,,32,,,,,,0,,,,,,,,,,,,,,,,,,,,,,,,,,,,
2013-12-11,S1F06KJR,ST3000DM001,3000592982016,0,,106416904,,,,,,,,0,,,,,,13868,,,,,,,,,,,,,,,,,,,,,,,,,,,,,,23,,,,,,0,,,,,,,,,,,,,,,,,,,,,,,,,,,,
2013-12-11,9XW01AS9,ST31500541AS,1500301910016,0,,132293857,,,,,,,,62,,,,,,33665,,,,,,,,,,,,,,,,,,,,,,,,,,,,,,19,,,,,,0,,,,,,,,,,,,,,,,,,,,,,,,,,,,
2013-12-11,Z300PCF4,ST4000DM000,4000787030016,0,,32190392,,,,,,,,0,,,,,,1233,,,,,,,,,,,,,,,,,,,,,,,,,,,,,,18,,,,,,0,,,,,,,,,,,,,,,,,,,,,,,,,,,,
2013-12-11,MJ0351YNG9ZKYA,Hitachi HDS5C3030ALA630,3000592982016,0,,0,,,,,,,,0,,,,,,9939,,,,,,,,,,,,,,,,,,,,,,,,,,,,,,24,,,,,,0,,,,,,,,,,,,,,,,,,,,,,,,,,,,
2013-12-11,JK1101B9KN4BBF,Hitachi HDS722020ALA330,2000398934016,0,,0,,,,,,,,0,,,,,,23098,,,,,,,,,,,,,,,,,,,,,,,,,,,,,,28,,,,,,0,,,,,,,,,,,,,,,,,,,,,,,,,,,,
2013-12-11,JK1101B9JP6R2U,Hitachi HDS722020ALA330,2000398934016,0,,1,,,,,,,,0,,,,,,23990,,,,,,,,,,,,,,,,,,,,,,,,,,,,,,23,,,,,,0,,,,,,,,,,,,,,,,,,,,,,,,,,,,
2013-12-11,MJ1311YNG5MB0A,Hitachi HDS5C3030ALA630,3000592982016,0,,0,,,,,,,,0,,,,,,14310,,,,,,,,,,,,,,,,,,,,,,,,,,,,,,28,,,,,,0,,,,,,,,,,,,,,,,,,,,,,,,,,,,
2013-12-11,S1F0TQT1,ST3000DM001,3000592982016,0,,139020552,,,,,,,,0,,,,,,10836,,,,,,,,,,,,,,,,,,,,,,,,,,,,,,26,,,,,,0,,,,,,,,,,,,,,,,,,,,,,,,,,,,
2013-12-11,S1F0TQT7,ST3000DM001,3000592982016,0,,116939320,,,,,,,,0,,,,,,10501,,,,,,,,,,,,,,,,,,,,,,,,,,,,,,20,,,,,,0,,,,,,,,,,,,,,,,,,,,,,,,,,,,
2013-12-11,S1F0TQT5,ST3000DM001,3000592982016,0,,169519352,,,,,,,,0,,,,,,8180,,,,,,,,,,,,,,,,,,,,,,,,,,,,,,20,,,,,,0,,,,,,,,,,,,,,,,,,,,,,,,,,,,
2013-12-11,Z300NK93,ST4000DM000,4000787030016,0,,114989672,,,,,,,,0,,,,,,1142,,,,,,,,,,,,,,,,,,,,,,,,,,,,,,27,,,,,,0,,,,,,,,,,,,,,,,,,,,,,,,,,,,
2013-12-11,MJ0351YNGAD3UA,Hitachi HDS5C3030ALA630,3000592982016,0,,0,,,,,,,,0,,,,,,8615,,,,,,,,,,,,,,,,,,,,,,,,,,,,,,29,,,,,,0,,,,,,,,,,,,,,,,,,,,,,,,,,,,
2013-12-11,S1F0TQTF,ST3000DM001,3000592982016,0,,200426904,,,,,,,,0,,,,,,10538,,,,,,,,,,,,,,,,,,,,,,,,,,,,,,25,,,,,,0,,,,,,,,,,,,,,,,,,,,,,,,,,,,
2013-12-11,MJ1311YNG2T4SA,Hitachi HDS5C3030ALA630,3000592982016,0,,5,,,,,,,,0,,,,,,18405,,,,,,,,,,,,,,,,,,,,,,,,,,,,,,21,,,,,,0,,,,,,,,,,,,,,,,,,,,,,,,,,,,
2013-12-11,Z300NK9A,ST4000DM000,4000787030016,0,,143286896,,,,,,,,0,,,,,,105,,,,,,,,,,,,,,,,,,,,,,,,,,,,,,19,,,,,,0,,,,,,,,,,,,,,,,,,,,,,,,,,,,
2013-12-11,S1F0TQTH,ST3000DM001,3000592982016,0,,103412040,,,,,,,,0,,,,,,10759,,,,,,,,,,,,,,,,,,,,,,,,,,,,,,26,,,,,,0,,,,,,,,,,,,,,,,,,,,,,,,,,,,
2013-12-11,W3005047,ST4000DM000,4000787030016,0,,42212752,,,,,,,,0,,,,,,2879,,,,,,,,,,,,,,,,,,,,,,,,,,,,,,21,,,,,,0,,,,,,,,,,,,,,,,,,,,,,,,,,,,
2013-12-11,Z300NKSD,ST4000DM000,4000787030016,0,,1722344,,,,,,,,0,,,,,,1092,,,,,,,,,,,,,,,,,,,,,,,,,,,,,,28,,,,,,0,,,,,,,,,,,,,,,,,,,,,,,,,,,,
2013-12-11,MJ1311YNG5LXLA,Hitachi HDS5C3030ALA630,3000592982016,0,,0,,,,,,,,0,,,,,,14330,,,,,,,,,,,,,,,,,,,,,,,,,,,,,,35,,,,,,0,,,,,,,,,,,,,,,,,,,,,,,,,,,,
2013-12-11,JK1101B9GEMT3F,Hitachi HDS722020ALA330,2000398934016,0,,0,,,,,,,,0,,,,,,27487,,,,,,,,,,,,,,,,,,,,,,,,,,,,,,23,,,,,,0,,,,,,,,,,,,,,,,,,,,,,,,,,,,
2013-12-11,W1F0A5R5,ST3000DM001,3000592982016,0,,37994008,,,,,,,,0,,,,,,14732,,,,,,,,,,,,,,,,,,,,,,,,,,,,,,21,,,,,,0,,,,,,,,,,,,,,,,,,,,,,,,,,,,
2013-12-11,Z300PCFQ,ST4000DM000,4000787030016,0,,58780080,,,,,,,,0,,,,,,1232,,,,,,,,,,,,,,,,,,,,,,,,,,,,,,21,,,,,,0,,,,,,,,,,,,,,,,,,,,,,,,,,,,
2013-12-11,MJ1311YNG35DBA,Hitachi HDS5C3030ALA630,3000592982016,0,,196608,,,,,,,,0,,,,,,18404,,,,,,,,,,,,,,,,,,,,,,,,,,,,,,24,,,,,,0,,,,,,,,,,,,,,,,,,,,,,,,,,,,
2013-12-11,MJ1311YNG36K7A,Hitachi HDS5C3030ALA630,3000592982016,0,,0,,,,,,,,0,,,,,,19254,,,,,,,,,,,,,,,,,,,,,,,,,,,,,,24,,,,,,0,,,,,,,,,,,,,,,,,,,,,,,,,,,,
2013-12-11,W300D3XW,ST4000DM000,4000787030016,0,,155829352,,,,,,,,0,,,,,,3238,,,,,,,,,,,,,,,,,,,,,,,,,,,,,,20,,,,,,0,,,,,,,,,,,,,,,,,,,,,,,,,,,,
2013-12-11,5XW1DB66,ST31500541AS,1500301910016,0,,113394018,,,,,,,,0,,,,,,8965,,,,,,,,,,,,,,,,,,,,,,,,,,,,,,19,,,,,,0,,,,,,,,,,,,,,,,,,,,,,,,,,,,
2013-12-11,MJ0351YNGA8ZZA,Hitachi HDS5C3030ALA630,3000592982016,0,,0,,,,,,,,0,,,,,,8212,,,,,,,,,,,,,,,,,,,,,,,,,,,,,,34,,,,,,0,,,,,,,,,,,,,,,,,,,,,,,,,,,,
2013-12-11,PL1311LAG3AUVH,Hitachi HDS5C4040ALE630,4000787030016,0,,0,,,,,,,,0,,,,,,5933,,,,,,,,,,,,,,,,,,,,,,,,,,,,,,24,,,,,,0,,,,,,,,,,,,,,,,,,,,,,,,,,,,
2013-12-11,MJ1321YNG0KJ7A,Hitachi HDS5C3030ALA630,3000592982016,0,,0,,,,,,,,0,,,,,,20644,,,,,,,,,,,,,,,,,,,,,,,,,,,,,,31,,,,,,0,,,,,,,,,,,,,,,,,,,,,,,,,,,,
2013-12-11,Z1F0MA1S,ST3000DM001,3000592982016,0,,158332112,,,,,,,,0,,,,,,12152,,,,,,,,,,,,,,,,,,,,,,,,,,,,,,24,,,,,,0,,,,,,,,,,,,,,,,,,,,,,,,,,,,
2013-12-11,PL1311LAG3DRZH,Hitachi HDS5C4040ALE630,4000787030016,0,,0,,,,,,,,0,,,,,,3629,,,,,,,,,,,,,,,,,,,,,,,,,,,,,,29,,,,,,0,,,,,,,,,,,,,,,,,,,,,,,,,,,,
2013-12-11,S1F0CWXN,ST3000DM001,3000592982016,0,,171172040,,,,,,,,0,,,,,,12417,,,,,,,,,,,,,,,,,,,,,,,,,,,,,,29,,,,,,0,,,,,,,,,,,,,,,,,,,,,,,,,,,,
2013-12-11,6XW02DNE,ST31500541AS,1500301910016,0,,193261445,,,,,,,,0,,,,,,37067,,,,,,,,,,,,,,,,,,,,,,,,,,,,,,28,,,,,,0,,,,,,,,,,,,,,,,,,,,,,,,,,,,
2013-12-11,Z300CXJN,ST4000DM000,4000787030016,0,,187564288,,,,,,,,0,,,,,,2245,,,,,,,,,,,,,,,,,,,,,,,,,,,,,,23,,,,,,0,,,,,,,,,,,,,,,,,,,,,,,,,,,,
2013-12-11,PL1321LAG2ST9H,Hitachi HDS5C4040ALE630,4000787030016,0,,0,,,,,,,,0,,,,,,5668,,,,,,,,,,,,,,,,,,,,,,,,,,,,,,18,,,,,,0,,,,,,,,,,,,,,,,,,,,,,,,,,,,
2013-12-11,Z300WGJB,ST4000DM000,4000787030016,0,,207060112,,,,,,,,0,,,,,,815,,,,,,,,,,,,,,,,,,,,,,,,,,,,,,20,,,,,,0,,,,,,,,,,,,,,,,,,,,,,,,,,,,
2013-12-11,JK1130YAHDHR6T,Hitachi HDS722020ALA330,2000398934016,0,,458764,,,,,,,,0,,,,,,30172,,,,,,,,,,,,,,,,,,,,,,,,,,,,,,31,,,,,,0,,,,,,,,,,,,,,,,,,,,,,,,,,,,
2013-12-11,W300CDRJ,ST4000DM000,4000787030016,0,,211442840,,,,,,,,0,,,,,,2243,,,,,,,,,,,,,,,,,,,,,,,,,,,,,,22,,,,,,0,,,,,,,,,,,,,,,,,,,,,,,,,,,,
2013-12-11,PL1321LAG3258H,Hitachi HDS5C4040ALE630,4000787030016,0,,0,,,,,,,,0,,,,,,6568,,,,,,,,,,,,,,,,,,,,,,,,,,,,,,29,,,,,,0,,,,,,,,,,,,,,,,,,,,,,,,,,,,
2013-12-11,Z300XQZ7,ST4000DM000,4000787030016,0,,9881744,,,,,,,,0,,,,,,613,,,,,,,,,,,,,,,,,,,,,,,,,,,,,,20,,,,,,0,,,,,,,,,,,,,,,,,,,,,,,,,,,,
2013-12-11,PL1311LAG2B1NH,Hitachi HDS5C4040ALE630,4000787030016,0,,0,,,,,,,,0,,,,,,7415,,,,,,,,,,,,,,,,,,,,,,,,,,,,,,19,,,,,,0,,,,,,,,,,,,,,,,,,,,,,,,,,,,
2013-12-11,JK11A4B8J4PN4W,Hitachi HDS722020ALA330,2000398934016,0,,1,,,,,,,,0,,,,,,25661,,,,,,,,,,,,,,,,,,,,,,,,,,,,,,27,,,,,,0,,,,,,,,,,,,,,,,,,,,,,,,,,,,
2013-12-11,S1F0S3ME,ST3000DM001,3000592982016,0,,11740200,,,,,,,,0,,,,,,10836,,,,,,,,,,,,,,,,,,,,,,,,,,,,,,34,,,,,,0,,,,,,,,,,,,,,,,,,,,,,,,,,,,
2013-12-11,MJ1323YNG1R90C,Hitachi HDS5C3030ALA630,3000592982016,0,,0,,,,,,,,139,,,,,,19372,,,,,,,,,,,,,,,,,,,,,,,,,,,,,,21,,,,,,1,,,,,,,,,,,,,,,,,,,,,,,,,,,,
2013-12-11,Z300WWQJ,ST4000DM000,4000787030016,0,,29167840,,,,,,,,0,,,,,,948,,,,,,,,,,,,,,,,,,,,,,,,,,,,,,19,,,,,,0,,,,,,,,,,,,,,,,,,,,,,,,,,,,
2013-12-11,MJ0351YNG9S32A,Hitachi HDS5C3030ALA630,3000592982016,0,,0,,,,,,,,0,,,,,,9163,,,,,,,,,,,,,,,,,,,,,,,,,,,,,,29,,,,,,0,,,,,,,,,,,,,,,,,,,,,,,,,,,,
2013-12-11,S1F0S3M0,ST3000DM001,3000592982016,0,,175121008,,,,,,,,0,,,,,,10836,,,,,,,,,,,,,,,,,,,,,,,,,,,,,,33,,,,,,0,,,,,,,,,,,,,,,,,,,,,,,,,,,,
2013-12-11,Z300XQZT,ST4000DM000,4000787030016,0,,147548704,,,,,,,,0,,,,,,613,,,,,,,,,,,,,,,,,,,,,,,,,,,,,,21,,,,,,0,,,,,,,,,,,,,,,,,,,,,,,,,,,,
2013-12-11,MJ0351YNGA5A7A,Hitachi HDS5C3030ALA630,3000592982016,0,,0,,,,,,,,0,,,,,,8639,,,,,,,,,,,,,,,,,,,,,,,,,,,,,,28,,,,,,0,,,,,,,,,,,,,,,,,,,,,,,,,,,,
2013-12-11,W300KL52,ST4000DM000,4000787030016,0,,19235224,,,,,,,,0,,,,,,920,,,,,,,,,,,,,,,,,,,,,,,,,,,,,,22,,,,,,0,,,,,,,,,,,,,,,,,,,,,,,,,,,,
2013-12-11,JK1174YAK772JW,Hitachi HDS722020ALA330,2000398934016,0,,65536,,,,,,,,0,,,,,,28154,,,,,,,,,,,,,,,,,,,,,,,,,,,,,,27,,,,,,0,,,,,,,,,,,,,,,,,,,,,,,,,,,,
2013-12-11,Z1Z05PCG,ST4000DX000,4000787030016,0,,205970468,,,,,,,,0,,,,,,5037,,,,,,,,,,,,,,,,,,,,,,,,,,,,,,34,,,,,,0,,,,,,,,,,,,,,,,,,,,,,,,,,,,
2013-12-11,JK1101B9GE2AJF,Hitachi HDS722020ALA330,2000398934016,0,,0,,,,,,,,0,,,,,,26837,,,,,,,,,,,,,,,,,,,,,,,,,,,,,,30,,,,,,0,,,,,,,,,,,,,,,,,,,,,,,,,,,,
2013-12-11,MK0311YHGENDXA,Hitachi HDS723030ALA640,3000592982016,0,,0,,,,,,,,0,,,,,,17018,,,,,,,,,,,,,,,,,,,,,,,,,,,,,,29,,,,,,0,,,,,,,,,,,,,,,,,,,,,,,,,,,,
2013-12-11,MJ1311YNG6XWAA,Hitachi HDS5C3030ALA630,3000592982016,0,,0,,,,,,,,0,,,,,,14574,,,,,,,,,,,,,,,,,,,,,,,,,,,,,,23,,,,,,0,,,,,,,,,,,,,,,,,,,,,,,,,,,,
2013-12-11,W300DDGA,ST4000DM000,4000787030016,0,,23850376,,,,,,,,0,,,,,,4140,,,,,,,,,,,,,,,,,,,,,,,,,,,,,,20,,,,,,0,,,,,,,,,,,,,,,,,,,,,,,,,,,,
2013-12-11,MJ0351YNG9WPPA,Hitachi HDS5C3030ALA630,3000592982016,0,,0,,,,,,,,0,,,,,,8829,,,,,,,,,,,,,,,,,,,,,,,,,,,,,,30,,,,,,0,,,,,,,,,,,,,,,,,,,,,,,,,,,,
2013-12-11,JK11A8YBKYUTGF,Hitachi HDS722020ALA330,2000398934016,0,,0,,,,,,,,0,,,,,,27845,,,,,,,,,,,,,,,,,,,,,,,,,,,,,,27,,,,,,0,,,,,,,,,,,,,,,,,,,,,,,,,,,,
2013-12-11,JK1101YAK7A1DV,Hitachi HDS722020ALA330,2000398934016,0,,0,,,,,,,,0,,,,,,29212,,,,,,,,,,,,,,,,,,,,,,,,,,,,,,26,,,,,,0,,,,,,,,,,,,,,,,,,,,,,,,,,,,
2013-12-11,W300K13Z,ST4000DM000,4000787030016,0,,140756280,,,,,,,,0,,,,,,919,,,,,,,,,,,,,,,,,,,,,,,,,,,,,,20,,,,,,0,,,,,,,,,,,,,,,,,,,,,,,,,,,,
2013-12-11,9VS3HA3F,ST31500341AS,1500301910016,0,,64311609,,,,,,,,18,,,,,,32919,,,,,,,,,,,,,,,,,,,,,,,,,,,,,,19,,,,,,0,,,,,,,,,,,,,,,,,,,,,,,,,,,,
2013-12-11,Z290VFG0,ST33000651AS,3000592982016,0,,51477089,,,,,,,,0,,,,,,17742,,,,,,,,,,,,,,,,,,,,,,,,,,,,,,20,,,,,,0,,,,,,,,,,,,,,,,,,,,,,,,,,,,
2013-12-11,W300DBYT,ST4000DM000,4000787030016,0,,115668080,,,,,,,,0,,,,,,4187,,,,,,,,,,,,,,,,,,,,,,,,,,,,,,30,,,,,,0,,,,,,,,,,,,,,,,,,,,,,,,,,,,
2013-12-11,WD-WCAU45276128,WDC WD10EADS,1000204886016,0,,2,,,,,,,,0,,,,,,41395,,,,,,,,,,,,,,,,,,,,,,,,,,,,,,26,,,,,,0,,,,,,,,,,,,,,,,,,,,,,,,,,,,
2013-12-11,W1F0VL4Q,ST3000DM001,3000592982016,0,,111646712,,,,,,,,0,,,,,,11640,,,,,,,,,,,,,,,,,,,,,,,,,,,,,,27,,,,,,0,,,,,,,,,,,,,,,,,,,,,,,,,,,,
2013-12-11,S1F039G9,ST3000DM001,3000592982016,0,,164172024,,,,,,,,0,,,,,,13824,,,,,,,,,,,,,,,,,,,,,,,,,,,,,,24,,,,,,0,,,,,,,,,,,,,,,,,,,,,,,,,,,,
2013-12-11,MJ0351YNGA0EAA,Hitachi HDS5C3030ALA630,3000592982016,0,,0,,,,,,,,0,,,,,,9271,,,,,,,,,,,,,,,,,,,,,,,,,,,,,,27,,,,,,0,,,,,,,,,,,,,,,,,,,,,,,,,,,,
2013-12-11,6XW037HT,ST31500541AS,1500301910016,0,,92622229,,,,,,,,0,,,,,,36638,,,,,,,,,,,,,,,,,,,,,,,,,,,,,,22,,,,,,0,,,,,,,,,,,,,,,,,,,,,,,,,,,,
2013-12-11,Z1F0PSHD,ST3000DM001,3000592982016,0,,102631320,,,,,,,,0,,,,,,9269,,,,,,,,,,,,,,,,,,,,,,,,,,,,,,25,,,,,,0,,,,,,,,,,,,,,,,,,,,,,,,,,,,
2013-12-11,MJ1311YNG39AKA,Hitachi HDS5C3030ALA630,3000592982016,0,,0,,,,,,,,0,,,,,,18066,,,,,,,,,,,,,,,,,,,,,,,,,,,,,,26,,,,,,0,,,,,,,,,,,,,,,,,,,,,,,,,,,,
2013-12-11,PL1311LAG2NE5H,Hitachi HDS5C4040ALE630,4000787030016,0,,0,,,,,,,,0,,,,,,5052,,,,,,,,,,,,,,,,,,,,,,,,,,,,,,27,,,,,,0,,,,,,,,,,,,,,,,,,,,,,,,,,,,
2013-12-11,Z300KKHE,ST4000DM000,4000787030016,0,,210177272,,,,,,,,0,,,,,,1226,,,,,,,,,,,,,,,,,,,,,,,,,,,,,,24,,,,,,0,,,,,,,,,,,,,,,,,,,,,,,,,,,,
2013-12-11,MJ1311YNG3KW1A,Hitachi HDS5C3030ALA630,3000592982016,0,,0,,,,,,,,0,,,,,,19588,,,,,,,,,,,,,,,,,,,,,,,,,,,,,,30,,,,,,0,,,,,,,,,,,,,,,,,,,,,,,,,,,,
2013-12-11,6XW037HF,ST31500541AS,1500301910016,0,,102772463,,,,,,,,0,,,,,,33050,,,,,,,,,,,,,,,,,,,,,,,,,,,,,,21,,,,,,0,,,,,,,,,,,,,,,,,,,,,,,,,,,,
2013-12-11,JK1101B9KMPPZF,Hitachi HDS722020ALA330,2000398934016,0,,1966103,,,,,,,,658,,,,,,22954,,,,,,,,,,,,,,,,,,,,,,,,,,,,,,26,,,,,,19,,,,,,,,,,,,,,,,,,,,,,,,,,,,
2013-12-11,Z300K0E2,ST4000DM000,4000787030016,0,,241174168,,,,,,,,0,,,,,,2241,,,,,,,,,,,,,,,,,,,,,,,,,,,,,,18,,,,,,0,,,,,,,,,,,,,,,,,,,,,,,,,,,,
2013-12-11,WD-WCAU42452735,WDC WD10EACS,1000204886016,0,,0,,,,,,,,0,,,,,,42816,,,,,,,,,,,,,,,,,,,,,,,,,,,,,,16,,,,,,0,,,,,,,,,,,,,,,,,,,,,,,,,,,,
2013-12-11,S1F0R4YC,ST3000DM001,3000592982016,0,,165556936,,,,,,,,0,,,,,,11685,,,,,,,,,,,,,,,,,,,,,,,,,,,,,,33,,,,,,8,,,,,,,,,,,,,,,,,,,,,,,,,,,,
2013-12-11,W1F08SMG,ST3000DM001,3000592982016,0,,51224464,,,,,,,,0,,,,,,14732,,,,,,,,,,,,,,,,,,,,,,,,,,,,,,26,,,,,,0,,,,,,,,,,,,,,,,,,,,,,,,,,,,
2013-12-11,6XW00BBQ,ST31500541AS,1500301910016,0,,213872358,,,,,,,,0,,,,,,37060,,,,,,,,,,,,,,,,,,,,,,,,,,,,,,19,,,,,,0,,,,,,,,,,,,,,,,,,,,,,,,,,,,
2013-12-11,MJ1311YNG6UXJA,Hitachi HDS5C3030ALA630,3000592982016,0,,0,,,,,,,,0,,,,,,14622,,,,,,,,,,,,,,,,,,,,,,,,,,,,,,22,,,,,,0,,,,,,,,,,,,,,,,,,,,,,,,,,,,
2013-12-11,JK11A4B8J6AEHW,Hitachi HDS722020ALA330,2000398934016,0,,0,,,,,,,,0,,,,,,26024,,,,,,,,,,,,,,,,,,,,,,,,,,,,,,25,,,,,,0,,,,,,,,,,,,,,,,,,,,,,,,,,,,
2013-12-11,JK11A8YBKYSHVF,Hitachi HDS722020ALA330,2000398934016,0,,0,,,,,,,,0,,,,,,27845,,,,,,,,,,,,,,,,,,,,,,,,,,,,,,27,,,,,,0,,,,,,,,,,,,,,,,,,,,,,,,,,,,
2013-12-11,9VS1ZASB,ST31500341AS,1500301910016,0,,128648631,,,,,,,,2,,,,,,39476,,,,,,,,,,,,,,,,,,,,,,,,,,,,,,29,,,,,,0,,,,,,,,,,,,,,,,,,,,,,,,,,,,
2013-12-11,MJ1311YNG3EJ9A,Hitachi HDS5C3030ALA630,3000592982016,0,,0,,,,,,,,0,,,,,,18928,,,,,,,,,,,,,,,,,,,,,,,,,,,,,,27,,,,,,0,,,,,,,,,,,,,,,,,,,,,,,,,,,,
2013-12-11,MJ0351YNG9WHHA,Hitachi HDS5C3030ALA630,3000592982016,0,,0,,,,,,,,0,,,,,,7612,,,,,,,,,,,,,,,,,,,,,,,,,,,,,,24,,,,,,0,,,,,,,,,,,,,,,,,,,,,,,,,,,,
2013-12-11,MK0331YHGM510A,Hitachi HDS723030ALA640,3000592982016,0,,0,,,,,,,,0,,,,,,17754,,,,,,,,,,,,,,,,,,,,,,,,,,,,,,26,,,,,,0,,,,,,,,,,,,,,,,,,,,,,,,,,,,
2013-12-11,Z1F0LT3M,ST3000DM001,3000592982016,0,,241228808,,,,,,,,0,,,,,,12168,,,,,,,,,,,,,,,,,,,,,,,,,,,,,,27,,,,,,0,,,,,,,,,,,,,,,,,,,,,,,,,,,,
2013-12-11,S1F02SF6,ST3000DM001,3000592982016,0,,92005344,,,,,,,,0,,,,,,15402,,,,,,,,,,,,,,,,,,,,,,,,,,,,,,20,,,,,,0,,,,,,,,,,,,,,,,,,,,,,,,,,,,
2013-12-11,Z1F0LT3Y,ST3000DM001,3000592982016,0,,19251728,,,,,,,,0,,,,,,12321,,,,,,,,,,,,,,,,,,,,,,,,,,,,,,26,,,,,,0,,,,,,,,,,,,,,,,,,,,,,,,,,,,
2013-12-11,MK0311YHGDX4ZA,Hitachi HDS723030ALA640,3000592982016,0,,65585,,,,,,,,0,,,,,,21460,,,,,,,,,,,,,,,,,,,,,,,,,,,,,,24,,,,,,0,,,,,,,,,,,,,,,,,,,,,,,,,,,,
2013-12-11,W1F1BS9T,ST3000DM001,3000592982016,0,,90912680,,,,,,,,0,,,,,,8187,,,,,,,,,,,,,,,,,,,,,,,,,,,,,,24,,,,,,0,,,,,,,,,,,,,,,,,,,,,,,,,,,,
2013-12-11,W300DCY7,ST4000DM000,4000787030016,0,,38403312,,,,,,,,0,,,,,,4047,,,,,,,,,,,,,,,,,,,,,,,,,,,,,,22,,,,,,0,,,,,,,,,,,,,,,,,,,,,,,,,,,,
2013-12-11,W3004WVH,ST4000DM000,4000787030016,0,,205015496,,,,,,,,0,,,,,,2874,,,,,,,,,,,,,,,,,,,,,,,,,,,,,,23,,,,,,0,,,,,,,,,,,,,,,,,,,,,,,,,,,,
2013-12-11,JK1105B8GGA8XX,Hitachi HDS722020ALA330,2000398934016,0,,2,,,,,,,,0,,,,,,26766,,,,,,,,,,,,,,,,,,,,,,,,,,,,,,27,,,,,,0,,,,,,,,,,,,,,,,,,,,,,,,,,,,
2013-12-11,MJ1311YNG3JHRA,Hitachi HDS5C3030ALA630,3000592982016,0,,0,,,,,,,,0,,,,,,18939,,,,,,,,,,,,,,,,,,,,,,,,,,,,,,26,,,,,,0,,,,,,,,,,,,,,,,,,,,,,,,,,,,
2013-12-11,MJ0351YNGA0DEA,Hitachi HDS5C3030ALA630,3000592982016,0,,0,,,,,,,,0,,,,,,8884,,,,,,,,,,,,,,,,,,,,,,,,,,,,,,28,,,,,,0,,,,,,,,,,,,,,,,,,,,,,,,,,,,
2013-12-11,MJ1323YNG11R4C,Hitachi HDS5C3030ALA630,3000592982016,0,,0,,,,,,,,0,,,,,,20732,,,,,,,,,,,,,,,,,,,,,,,,,,,,,,24,,,,,,0,,,,,,,,,,,,,,,,,,,,,,,,,,,,
2013-12-11,W1F07PHY,ST3000DM001,3000592982016,0,,165563024,,,,,,,,0,,,,,,13360,,,,,,,,,,,,,,,,,,,,,,,,,,,,,,26,,,,,,8,,,,,,,,,,,,,,,,,,,,,,,,,,,,
2013-12-11,JK1174YAK76Z2W,Hitachi HDS722020ALA330,2000398934016,0,,0,,,,,,,,0,,,,,,28154,,,,,,,,,,,,,,,,,,,,,,,,,,,,,,25,,,,,,0,,,,,,,,,,,,,,,,,,,,,,,,,,,,
2013-12-11,MJ1311YNG3KALA,Hitachi HDS5C3030ALA630,3000592982016,0,,0,,,,,,,,0,,,,,,19586,,,,,,,,,,,,,,,,,,,,,,,,,,,,,,20,,,,,,0,,,,,,,,,,,,,,,,,,,,,,,,,,,,
2013-12-11,Z1Z06JV9,ST4000DX000,4000787030016,0,,208477085,,,,,,,,0,,,,,,5037,,,,,,,,,,,,,,,,,,,,,,,,,,,,,,35,,,,,,0,,,,,,,,,,,,,,,,,,,,,,,,,,,,
2013-12-11,MJ1311YNG2M29A,Hitachi HDS5C3030ALA630,3000592982016,0,,0,,,,,,,,0,,,,,,19621,,,,,,,,,,,,,,,,,,,,,,,,,,,,,,25,,,,,,0,,,,,,,,,,,,,,,,,,,,,,,,,,,,
2013-12-11,Z300LWAC,ST4000DM000,4000787030016,0,,5179840,,,,,,,,0,,,,,,1142,,,,,,,,,,,,,,,,,,,,,,,,,,,,,,27,,,,,,0,,,,,,,,,,,,,,,,,,,,,,,,,,,,
2013-12-11,JK11A8B9J98YNF,Hitachi HDS722020ALA330,2000398934016,0,,0,,,,,,,,0,,,,,,25580,,,,,,,,,,,,,,,,,,,,,,,,,,,,,,27,,,,,,0,,,,,,,,,,,,,,,,,,,,,,,,,,,,
2013-12-11,MJ1321YNG0HKMA,Hitachi HDS5C3030ALA630,3000592982016,0,,0,,,,,,,,0,,,,,,20503,,,,,,,,,,,,,,,,,,,,,,,,,,,,,,25,,,,,,0,,,,,,,,,,,,,,,,,,,,,,,,,,,,
2013-12-11,PL2321LAGASYDJ,Hitachi HDS5C4040ALE630,4000787030016,0,,0,,,,,,,,0,,,,,,5075,,,,,,,,,,,,,,,,,,,,,,,,,,,,,,26,,,,,,0,,,,,,,,,,,,,,,,,,,,,,,,,,,,
2013-12-11,6XW03F43,ST31500541AS,1500301910016,0,,122381382,,,,,,,,0,,,,,,36063,,,,,,,,,,,,,,,,,,,,,,,,,,,,,,20,,,,,,0,,,,,,,,,,,,,,,,,,,,,,,,,,,,
2013-12-11,6XW04C7X,ST31500541AS,1500301910016,0,,212997566,,,,,,,,0,,,,,,36443,,,,,,,,,,,,,,,,,,,,,,,,,,,,,,20,,,,,,0,,,,,,,,,,,,,,,,,,,,,,,,,,,,
2013-12-11,Z300XG44,ST4000DM000,4000787030016,0,,13554232,,,,,,,,0,,,,,,612,,,,,,,,,,,,,,,,,,,,,,,,,,,,,,21,,,,,,0,,,,,,,,,,,,,,,,,,,,,,,,,,,,
2013-12-11,WD-WMC1T1275560,WDC WD30EFRX,3000592982016,0,,0,,,,,,,,0,,,,,,7708,,,,,,,,,,,,,,,,,,,,,,,,,,,,,,29,,,,,,0,,,,,,,,,,,,,,,,,,,,,,,,,,,,
2013-12-11,S1F02Z42,ST3000DM001,3000592982016,0,,60247520,,,,,,,,0,,,,,,15622,,,,,,,,,,,,,,,,,,,,,,,,,,,,,,25,,,,,,0,,,,,,,,,,,,,,,,,,,,,,,,,,,,
2013-12-11,JK11A4B8HVLEMW,Hitachi HDS722020ALA330,2000398934016,0,,0,,,,,,,,2,,,,,,23576,,,,,,,,,,,,,,,,,,,,,,,,,,,,,,26,,,,,,0,,,,,,,,,,,,,,,,,,,,,,,,,,,,
2013-12-11,JK11A8B9J34VDF,Hitachi HDS722020ALA330,2000398934016,0,,458755,,,,,,,,0,,,,,,22415,,,,,,,,,,,,,,,,,,,,,,,,,,,,,,23,,,,,,0,,,,,,,,,,,,,,,,,,,,,,,,,,,,
2013-12-11,MJ1311YNG02XMA,Hitachi HDS5C3030ALA630,3000592982016,0,,0,,,,,,,,0,,,,,,14600,,,,,,,,,,,,,,,,,,,,,,,,,,,,,,24,,,,,,0,,,,,,,,,,,,,,,,,,,,,,,,,,,,
2013-12-11,JK1101B9JMTE6F,Hitachi HDS722020ALA330,2000398934016,0,,0,,,,,,,,9,,,,,,23487,,,,,,,,,,,,,,,,,,,,,,,,,,,,,,28,,,,,,0,,,,,,,,,,,,,,,,,,,,,,,,,,,,
2013-12-11,WD-WCAU45898748,WDC WD10EACS,1000204886016,0,,0,,,,,,,,0,,,,,,42381,,,,,,,,,,,,,,,,,,,,,,,,,,,,,,23,,,,,,0,,,,,,,,,,,,,,,,,,,,,,,,,,,,
2013-12-11,MJ0351YNG9VPXA,Hitachi HDS5C3030ALA630,3000592982016,0,,0,,,,,,,,0,,,,,,9904,,,,,,,,,,,,,,,,,,,,,,,,,,,,,,26,,,,,,0,,,,,,,,,,,,,,,,,,,,,,,,,,,,
2013-12-11,JK11A8B9J7J85F,Hitachi HDS722020ALA330,2000398934016,0,,0,,,,,,,,0,,,,,,24912,,,,,,,,,,,,,,,,,,,,,,,,,,,,,,30,,,,,,0,,,,,,,,,,,,,,,,,,,,,,,,,,,,
2013-12-11,S1F0LC7E,ST3000DM001,3000592982016,0,,47172864,,,,,,,,0,,,,,,11674,,,,,,,,,,,,,,,,,,,,,,,,,,,,,,23,,,,,,0,,,,,,,,,,,,,,,,,,,,,,,,,,,,
2013-12-11,Z300NDT1,ST4000DM000,4000787030016,0,,194719512,,,,,,,,0,,,,,,1093,,,,,,,,,,,,,,,,,,,,,,,,,,,,,,28,,,,,,0,,,,,,,,,,,,,,,,,,,,,,,,,,,,
2013-12-11,W300B6AC,ST4000DM000,4000787030016,0,,8407136,,,,,,,,0,,,,,,4353,,,,,,,,,,,,,,,,,,,,,,,,,,,,,,23,,,,,,0,,,,,,,,,,,,,,,,,,,,,,,,,,,,
2013-12-11,JK1101B9KMM7MT,Hitachi HDS722020ALA330,2000398934016,0,,0,,,,,,,,0,,,,,,22955,,,,,,,,,,,,,,,,,,,,,,,,,,,,,,23,,,,,,0,,,,,,,,,,,,,,,,,,,,,,,,,,,,
2013-12-11,WD-WCAU47278766,WDC WD10EADS,1000204886016,0,,1,,,,,,,,0,,,,,,40861,,,,,,,,,,,,,,,,,,,,,,,,,,,,,,27,,,,,,0,,,,,,,,,,,,,,,,,,,,,,,,,,,,
2013-12-11,MJ1323YNG1TPAC,Hitachi HDS5C3030ALA630,3000592982016,0,,0,,,,,,,,0,,,,,,19770,,,,,,,,,,,,,,,,,,,,,,,,,,,,,,25,,,,,,0,,,,,,,,,,,,,,,,,,,,,,,,,,,,
2013-12-11,MK0331YHGK2D9A,Hitachi HDS723030ALA640,3000592982016,0,,0,,,,,,,,0,,,,,,17762,,,,,,,,,,,,,,,,,,,,,,,,,,,,,,26,,,,,,0,,,,,,,,,,,,,,,,,,,,,,,,,,,,
2013-12-11,PL1311LAG38P5H,Hitachi HDS5C4040ALE630,4000787030016,0,,0,,,,,,,,0,,,,,,6654,,,,,,,,,,,,,,,,,,,,,,,,,,,,,,19,,,,,,0,,,,,,,,,,,,,,,,,,,,,,,,,,,,
2013-12-11,Z300MHTB,ST4000DM000,4000787030016,0,,230727424,,,,,,,,0,,,,,,2900,,,,,,,,,,,,,,,,,,,,,,,,,,,,,,24,,,,,,0,,,,,,,,,,,,,,,,,,,,,,,,,,,,
2013-12-11,Z3002E0K,ST4000DM000,4000787030016,0,,60169112,,,,,,,,0,,,,,,5360,,,,,,,,,,,,,,,,,,,,,,,,,,,,,,23,,,,,,0,,,,,,,,,,,,,,,,,,,,,,,,,,,,
2013-12-11,JK1101B9JPL97F,Hitachi HDS722020ALA330,2000398934016,0,,0,,,,,,,,0,,,,,,23122,,,,,,,,,,,,,,,,,,,,,,,,,,,,,,23,,,,,,0,,,,,,,,,,,,,,,,,,,,,,,,,,,,
2013-12-11,W300KMDQ,ST4000DM000,4000787030016,0,,15405168,,,,,,,,0,,,,,,772,,,,,,,,,,,,,,,,,,,,,,,,,,,,,,23,,,,,,0,,,,,,,,,,,,,,,,,,,,,,,,,,,,
2013-12-11,Z300MHTN,ST4000DM000,4000787030016,0,,6444856,,,,,,,,0,,,,,,2900,,,,,,,,,,,,,,,,,,,,,,,,,,,,,,24,,,,,,0,,,,,,,,,,,,,,,,,,,,,,,,,,,,
2013-12-11,MJ1321YNG0PTLA,Hitachi HDS5C3030ALA630,3000592982016,0,,0,,,,,,,,0,,,,,,20507,,,,,,,,,,,,,,,,,,,,,,,,,,,,,,24,,,,,,0,,,,,,,,,,,,,,,,,,,,,,,,,,,,
2013-12-11,PL1311LAG2D0PH,Hitachi HDS5C4040ALE630,4000787030016,0,,0,,,,,,,,0,,,,,,5056,,,,,,,,,,,,,,,,,,,,,,,,,,,,,,31,,,,,,0,,,,,,,,,,,,,,,,,,,,,,,,,,,,
2013-12-11,JK11A4B8J7S2RW,Hitachi HDS722020ALA330,2000398934016,0,,0,,,,,,,,0,,,,,,24970,,,,,,,,,,,,,,,,,,,,,,,,,,,,,,32,,,,,,0,,,,,,,,,,,,,,,,,,,,,,,,,,,,
2013-12-11,Z300MX92,ST4000DM000,4000787030016,0,,23261464,,,,,,,,0,,,,,,2922,,,,,,,,,,,,,,,,,,,,,,,,,,,,,,22,,,,,,0,,,,,,,,,,,,,,,,,,,,,,,,,,,,
2013-12-11,JK11A8B9J0BNTF,Hitachi HDS722020ALA330,2000398934016,0,,0,,,,,,,,0,,,,,,26010,,,,,,,,,,,,,,,,,,,,,,,,,,,,,,25,,,,,,0,,,,,,,,,,,,,,,,,,,,,,,,,,,,
2013-12-11,Z1F0QSB1,ST3000DM001,3000592982016,0,,237359504,,,,,,,,0,,,,,,11753,,,,,,,,,,,,,,,,,,,,,,,,,,,,,,27,,,,,,0,,,,,,,,,,,,,,,,,,,,,,,,,,,,
2013-12-11,Z3004F6S,ST4000DM000,4000787030016,0,,102227488,,,,,,,,0,,,,,,5394,,,,,,,,,,,,,,,,,,,,,,,,,,,,,,23,,,,,,0,,,,,,,,,,,,,,,,,,,,,,,,,,,,
2013-12-11,JK11A8B9J3UHKF,Hitachi HDS722020ALA330,2000398934016,0,,0,,,,,,,,0,,,,,,23828,,,,,,,,,,,,,,,,,,,,,,,,,,,,,,29,,,,,,0,,,,,,,,,,,,,,,,,,,,,,,,,,,,
2013-12-11,W300BD7L,ST4000DM000,4000787030016,0,,139715720,,,,,,,,0,,,,,,1703,,,,,,,,,,,,,,,,,,,,,,,,,,,,,,24,,,,,,0,,,,,,,,,,,,,,,,,,,,,,,,,,,,
2013-12-11,PL1321LAG320VH,Hitachi HDS5C4040ALE630,4000787030016,0,,0,,,,,,,,0,,,,,,6652,,,,,,,,,,,,,,,,,,,,,,,,,,,,,,23,,,,,,0,,,,,,,,,,,,,,,,,,,,,,,,,,,,
2013-12-11,Z1F06LXS,ST3000DM001,3000592982016,0,,165932840,,,,,,,,0,,,,,,14733,,,,,,,,,,,,,,,,,,,,,,,,,,,,,,25,,,,,,0,,,,,,,,,,,,,,,,,,,,,,,,,,,,
2013-12-11,MJ0351YNG9XNEA,Hitachi HDS5C3030ALA630,3000592982016,0,,0,,,,,,,,0,,,,,,9477,,,,,,,,,,,,,,,,,,,,,,,,,,,,,,26,,,,,,0,,,,,,,,,,,,,,,,,,,,,,,,,,,,
2013-12-11,JK1105B8GBL6YX,Hitachi HDS722020ALA330,2000398934016,0,,2,,,,,,,,0,,,,,,27221,,,,,,,,,,,,,,,,,,,,,,,,,,,,,,29,,,,,,0,,,,,,,,,,,,,,,,,,,,,,,,,,,,
2013-12-11,JK1105B8GEUNUX,Hitachi HDS722020ALA330,2000398934016,0,,131073,,,,,,,,0,,,,,,26859,,,,,,,,,,,,,,,,,,,,,,,,,,,,,,27,,,,,,0,,,,,,,,,,,,,,,,,,,,,,,,,,,,
2013-12-11,WD-WCC1T1279278,WDC WD30EFRX,3000592982016,0,,0,,,,,,,,0,,,,,,1714,,,,,,,,,,,,,,,,,,,,,,,,,,,,,,22,,,,,,0,,,,,,,,,,,,,,,,,,,,,,,,,,,,
2013-12-11,PL1321LAG2Y72H,Hitachi HDS5C4040ALE630,4000787030016,0,,0,,,,,,,,0,,,,,,6648,,,,,,,,,,,,,,,,,,,,,,,,,,,,,,21,,,,,,0,,,,,,,,,,,,,,,,,,,,,,,,,,,,
2013-12-11,MK0331YHGRPB8A,Hitachi HDS723030ALA640,3000592982016,0,,0,,,,,,,,0,,,,,,17017,,,,,,,,,,,,,,,,,,,,,,,,,,,,,,27,,,,,,0,,,,,,,,,,,,,,,,,,,,,,,,,,,,
2013-12-11,W300D621,ST4000DM000,4000787030016,0,,67115488,,,,,,,,0,,,,,,3238,,,,,,,,,,,,,,,,,,,,,,,,,,,,,,20,,,,,,0,,,,,,,,,,,,,,,,,,,,,,,,,,,,
2013-12-11,MK0311YHG2K3EA,Hitachi HDS723030ALA640,3000592982016,0,,1,,,,,,,,0,,,,,,22347,,,,,,,,,,,,,,,,,,,,,,,,,,,,,,26,,,,,,0,,,,,,,,,,,,,,,,,,,,,,,,,,,,
2013-12-11,PL1321LAGAYK3H,Hitachi HDS5C4040ALE630,4000787030016,0,,0,,,,,,,,0,,,,,,5075,,,,,,,,,,,,,,,,,,,,,,,,,,,,,,26,,,,,,0,,,,,,,,,,,,,,,,,,,,,,,,,,,,
2013-12-11,W1F09SDY,ST3000DM001,3000592982016,0,,81066200,,,,,,,,0,,,,,,15222,,,,,,,,,,,,,,,,,,,,,,,,,,,,,,19,,,,,,0,,,,,,,,,,,,,,,,,,,,,,,,,,,,
2013-12-11,Z300GYY6,ST4000DM000,4000787030016,0,,109955840,,,,,,,,0,,,,,,3652,,,,,,,,,,,,,,,,,,,,,,,,,,,,,,26,,,,,,0,,,,,,,,,,,,,,,,,,,,,,,,,,,,
2013-12-11,W1F09J34,ST3000DM001,3000592982016,0,,195545192,,,,,,,,0,,,,,,14732,,,,,,,,,,,,,,,,,,,,,,,,,,,,,,21,,,,,,0,,,,,,,,,,,,,,,,,,,,,,,,,,,,
2013-12-11,MK0311YHG544GA,Hitachi HDS723030ALA640,3000592982016,0,,0,,,,,,,,0,,,,,,21792,,,,,,,,,,,,,,,,,,,,,,,,,,,,,,28,,,,,,0,,,,,,,,,,,,,,,,,,,,,,,,,,,,
2013-12-11,WD-WCC070196782,WDC WD30EZRX,3000592982016,0,,0,,,,,,,,0,,,,,,8610,,,,,,,,,,,,,,,,,,,,,,,,,,,,,,23,,,,,,2,,,,,,,,,,,,,,,,,,,,,,,,,,,,
2013-12-11,5XW03EGC,ST31500541AS,1500301910016,0,,242208450,,,,,,,,0,,,,,,32663,,,,,,,,,,,,,,,,,,,,,,,,,,,,,,20,,,,,,0,,,,,,,,,,,,,,,,,,,,,,,,,,,,
2013-12-11,PL1311LAG3AEPH,Hitachi HDS5C4040ALE630,4000787030016,0,,0,,,,,,,,0,,,,,,5925,,,,,,,,,,,,,,,,,,,,,,,,,,,,,,17,,,,,,0,,,,,,,,,,,,,,,,,,,,,,,,,,,,
2013-12-11,Z300E398,ST4000DM000,4000787030016,0,,61794048,,,,,,,,0,,,,,,1331,,,,,,,,,,,,,,,,,,,,,,,,,,,,,,19,,,,,,0,,,,,,,,,,,,,,,,,,,,,,,,,,,,
2013-12-11,JK1101B9JPGSVF,Hitachi HDS722020ALA330,2000398934016,0,,0,,,,,,,,0,,,,,,24462,,,,,,,,,,,,,,,,,,,,,,,,,,,,,,27,,,,,,0,,,,,,,,,,,,,,,,,,,,,,,,,,,,
2013-12-11,JK11A8B9J3KY4F,Hitachi HDS722020ALA330,2000398934016,0,,0,,,,,,,,0,,,,,,23822,,,,,,,,,,,,,,,,,,,,,,,,,,,,,,32,,,,,,0,,,,,,,,,,,,,,,,,,,,,,,,,,,,
2013-12-11,MJ1311YNG3EEMA,Hitachi HDS5C3030ALA630,3000592982016,0,,0,,,,,,,,0,,,,,,19310,,,,,,,,,,,,,,,,,,,,,,,,,,,,,,28,,,,,,0,,,,,,,,,,,,,,,,,,,,,,,,,,,,
2013-12-11,JK1131YAHP3NEV,Hitachi HDS722020ALA330,2000398934016,0,,1,,,,,,,,1,,,,,,23184,,,,,,,,,,,,,,,,,,,,,,,,,,,,,,29,,,,,,0,,,,,,,,,,,,,,,,,,,,,,,,,,,,
2013-12-11,6XW03ASM,ST31500541AS,1500301910016,0,,163219846,,,,,,,,0,,,,,,36638,,,,,,,,,,,,,,,,,,,,,,,,,,,,,,23,,,,,,0,,,,,,,,,,,,,,,,,,,,,,,,,,,,
2013-12-11,W1F0B4RW,ST3000DM001,3000592982016,0,,224550992,,,,,,,,0,,,,,,13794,,,,,,,,,,,,,,,,,,,,,,,,,,,,,,25,,,,,,0,,,,,,,,,,,,,,,,,,,,,,,,,,,,
2013-12-11,W1F1DN3S,ST3000DM001,3000592982016,0,,229418528,,,,,,,,0,,,,,,8651,,,,,,,,,,,,,,,,,,,,,,,,,,,,,,26,,,,,,0,,,,,,,,,,,,,,,,,,,,,,,,,,,,
2013-12-11,MJ0351YNG9T2SA,Hitachi HDS5C3030ALA630,3000592982016,0,,0,,,,,,,,0,,,,,,9999,,,,,,,,,,,,,,,,,,,,,,,,,,,,,,34,,,,,,0,,,,,,,,,,,,,,,,,,,,,,,,,,,,
2013-12-11,JK11A8B9J8T7HF,Hitachi HDS722020ALA330,2000398934016,0,,0,,,,,,,,0,,,,,,25580,,,,,,,,,,,,,,,,,,,,,,,,,,,,,,27,,,,,,0,,,,,,,,,,,,,,,,,,,,,,,,,,,,
2013-12-11,9XW0385X,ST31500541AS,1500301910016,0,,215583240,,,,,,,,0,,,,,,33337,,,,,,,,,,,,,,,,,,,,,,,,,,,,,,21,,,,,,0,,,,,,,,,,,,,,,,,,,,,,,,,,,,
2013-12-11,JK1101B8KND87S,Hitachi HDS722020ALA330,2000398934016,0,,2,,,,,,,,0,,,,,,23099,,,,,,,,,,,,,,,,,,,,,,,,,,,,,,27,,,,,,0,,,,,,,,,,,,,,,,,,,,,,,,,,,,
2013-12-11,W1F0B4RF,ST3000DM001,3000592982016,0,,206810024,,,,,,,,0,,,,,,13885,,,,,,,,,,,,,,,,,,,,,,,,,,,,,,27,,,,,,0,,,,,,,,,,,,,,,,,,,,,,,,,,,,
2013-12-11,W1F08HNA,ST3000DM001,3000592982016,0,,238809776,,,,,,,,0,,,,,,13361,,,,,,,,,,,,,,,,,,,,,,,,,,,,,,22,,,,,,0,,,,,,,,,,,,,,,,,,,,,,,,,,,,
2013-12-11,S1F013VL,ST3000DM001,3000592982016,0,,106329920,,,,,,,,0,,,,,,15223,,,,,,,,,,,,,,,,,,,,,,,,,,,,,,23,,,,,,0,,,,,,,,,,,,,,,,,,,,,,,,,,,,
2013-12-11,Z300GYYD,ST4000DM000,4000787030016,0,,223785448,,,,,,,,0,,,,,,3652,,,,,,,,,,,,,,,,,,,,,,,,,,,,,,25,,,,,,0,,,,,,,,,,,,,,,,,,,,,,,,,,,,
2013-12-11,Z300GYYB,ST4000DM000,4000787030016,0,,217619320,,,,,,,,0,,,,,,2900,,,,,,,,,,,,,,,,,,,,,,,,,,,,,,27,,,,,,0,,,,,,,,,,,,,,,,,,,,,,,,,,,,
2013-12-11,Z300GYYA,ST4000DM000,4000787030016,0,,71285952,,,,,,,,0,,,,,,3581,,,,,,,,,,,,,,,,,,,,,,,,,,,,,,24,,,,,,0,,,,,,,,,,,,,,,,,,,,,,,,,,,,
2013-12-11,Z300GYYK,ST4000DM000,4000787030016,0,,124176160,,,,,,,,0,,,,,,3582,,,,,,,,,,,,,,,,,,,,,,,,,,,,,,23,,,,,,0,,,,,,,,,,,,,,,,,,,,,,,,,,,,
2013-12-11,Z300GYYV,ST4000DM000,4000787030016,0,,217780352,,,,,,,,0,,,,,,3583,,,,,,,,,,,,,,,,,,,,,,,,,,,,,,22,,,,,,0,,,,,,,,,,,,,,,,,,,,,,,,,,,,
2013-12-11,JK1105B8GG4KSX,Hitachi HDS722020ALA330,2000398934016,0,,0,,,,,,,,0,,,,,,26859,,,,,,,,,,,,,,,,,,,,,,,,,,,,,,33,,,,,,0,,,,,,,,,,,,,,,,,,,,,,,,,,,,
2013-12-11,JK2171B9HZG2DL,Hitachi HDS722020ALA330,2000398934016,0,,3,,,,,,,,0,,,,,,22703,,,,,,,,,,,,,,,,,,,,,,,,,,,,,,30,,,,,,0,,,,,,,,,,,,,,,,,,,,,,,,,,,,
2013-12-11,Z300GYYP,ST4000DM000,4000787030016,0,,130842024,,,,,,,,0,,,,,,3584,,,,,,,,,,,,,,,,,,,,,,,,,,,,,,25,,,,,,0,,,,,,,,,,,,,,,,,,,,,,,,,,,,
2013-12-11,Z300GYYQ,ST4000DM000,4000787030016,0,,97008544,,,,,,,,0,,,,,,3582,,,,,,,,,,,,,,,,,,,,,,,,,,,,,,20,,,,,,0,,,,,,,,,,,,,,,,,,,,,,,,,,,,
2013-12-11,W3008B64,ST4000DM000,4000787030016,0,,237391632,,,,,,,,0,,,,,,4134,,,,,,,,,,,,,,,,,,,,,,,,,,,,,,25,,,,,,0,,,,,,,,,,,,,,,,,,,,,,,,,,,,
2013-12-11,JK11A8B9GPJ39F,Hitachi HDS722020ALA330,2000398934016,0,,196609,,,,,,,,0,,,,,,26480,,,,,,,,,,,,,,,,,,,,,,,,,,,,,,24,,,,,,0,,,,,,,,,,,,,,,,,,,,,,,,,,,,
2013-12-11,W300K10V,ST4000DM000,4000787030016,0,,155114384,,,,,,,,0,,,,,,920,,,,,,,,,,,,,,,,,,,,,,,,,,,,,,18,,,,,,0,,,,,,,,,,,,,,,,,,,,,,,,,,,,
2013-12-11,9XW01TR5,ST31500541AS,1500301910016,0,,158885054,,,,,,,,0,,,,,,35045,,,,,,,,,,,,,,,,,,,,,,,,,,,,,,19,,,,,,0,,,,,,,,,,,,,,,,,,,,,,,,,,,,
2013-12-11,5XW03788,ST31500541AS,1500301910016,0,,133736631,,,,,,,,0,,,,,,37170,,,,,,,,,,,,,,,,,,,,,,,,,,,,,,23,,,,,,0,,,,,,,,,,,,,,,,,,,,,,,,,,,,
2013-12-11,W300K10Y,ST4000DM000,4000787030016,0,,63146704,,,,,,,,0,,,,,,815,,,,,,,,,,,,,,,,,,,,,,,,,,,,,,21,,,,,,0,,,,,,,,,,,,,,,,,,,,,,,,,,,,
2013-12-11,W300D7BM,ST4000DM000,4000787030016,0,,207519920,,,,,,,,0,,,,,,4165,,,,,,,,,,,,,,,,,,,,,,,,,,,,,,25,,,,,,0,,,,,,,,,,,,,,,,,,,,,,,,,,,,
2013-12-11,MJ0351YNG9UNWA,Hitachi HDS5C3030ALA630,3000592982016,0,,0,,,,,,,,0,,,,,,9483,,,,,,,,,,,,,,,,,,,,,,,,,,,,,,31,,,,,,0,,,,,,,,,,,,,,,,,,,,,,,,,,,,
2013-12-11,WD-WMAWZ0288603,WDC WD30EZRX,3000592982016,0,,0,,,,,,,,0,,,,,,12704,,,,,,,,,,,,,,,,,,,,,,,,,,,,,,24,,,,,,0,,,,,,,,,,,,,,,,,,,,,,,,,,,,
2013-12-11,9XW01RB8,ST31500541AS,1500301910016,0,,120435233,,,,,,,,0,,,,,,35023,,,,,,,,,,,,,,,,,,,,,,,,,,,,,,21,,,,,,0,,,,,,,,,,,,,,,,,,,,,,,,,,,,
2013-12-11,W300K10M,ST4000DM000,4000787030016,0,,175491376,,,,,,,,0,,,,,,919,,,,,,,,,,,,,,,,,,,,,,,,,,,,,,21,,,,,,0,,,,,,,,,,,,,,,,,,,,,,,,,,,,
2013-12-11,Z300HLVP,ST4000DM000,4000787030016,0,,240101472,,,,,,,,0,,,,,,2921,,,,,,,,,,,,,,,,,,,,,,,,,,,,,,19,,,,,,0,,,,,,,,,,,,,,,,,,,,,,,,,,,,
2013-12-11,W1F009NH,ST3000DM001,3000592982016,0,,51768520,,,,,,,,0,,,,,,17066,,,,,,,,,,,,,,,,,,,,,,,,,,,,,,26,,,,,,0,,,,,,,,,,,,,,,,,,,,,,,,,,,,
2013-12-11,MJ1323YNG1M36C,Hitachi HDS5C3030ALA630,3000592982016,0,,0,,,,,,,,0,,,,,,20082,,,,,,,,,,,,,,,,,,,,,,,,,,,,,,35,,,,,,0,,,,,,,,,,,,,,,,,,,,,,,,,,,,
2013-12-11,Z1F0LVGY,ST3000DM001,3000592982016,0,,171373520,,,,,,,,0,,,,,,12024,,,,,,,,,,,,,,,,,,,,,,,,,,,,,,31,,,,,,0,,,,,,,,,,,,,,,,,,,,,,,,,,,,
2013-12-11,PL1321LAG364WH,Hitachi HDS5C4040ALE630,4000787030016,0,,0,,,,,,,,0,,,,,,5668,,,,,,,,,,,,,,,,,,,,,,,,,,,,,,20,,,,,,0,,,,,,,,,,,,,,,,,,,,,,,,,,,,
2013-12-11,JK1101B9GEPU2F,Hitachi HDS722020ALA330,2000398934016,0,,65536,,,,,,,,0,,,,,,26838,,,,,,,,,,,,,,,,,,,,,,,,,,,,,,28,,,,,,0,,,,,,,,,,,,,,,,,,,,,,,,,,,,
2013-12-11,Z300VNP2,ST4000DM000,4000787030016,0,,191198928,,,,,,,,0,,,,,,109,,,,,,,,,,,,,,,,,,,,,,,,,,,,,,22,,,,,,0,,,,,,,,,,,,,,,,,,,,,,,,,,,,
2013-12-11,JK1174YBJ2XRRG,Hitachi HDS722020ALA330,2000398934016,0,,0,,,,,,,,0,,,,,,19104,,,,,,,,,,,,,,,,,,,,,,,,,,,,,,31,,,,,,0,,,,,,,,,,,,,,,,,,,,,,,,,,,,
2013-12-11,PL1311LAG3G2VH,Hitachi HDS5C4040ALE630,4000787030016,0,,0,,,,,,,,0,,,,,,6641,,,,,,,,,,,,,,,,,,,,,,,,,,,,,,28,,,,,,0,,,,,,,,,,,,,,,,,,,,,,,,,,,,
2013-12-11,9XW01TRS,ST31500541AS,1500301910016,0,,50492968,,,,,,,,195,,,,,,35657,,,,,,,,,,,,,,,,,,,,,,,,,,,,,,19,,,,,,0,,,,,,,,,,,,,,,,,,,,,,,,,,,,
2013-12-11,9XW01RBD,ST31500541AS,1500301910016,0,,87186866,,,,,,,,0,,,,,,35039,,,,,,,,,,,,,,,,,,,,,,,,,,,,,,19,,,,,,0,,,,,,,,,,,,,,,,,,,,,,,,,,,,
2013-12-11,9XW01RBM,ST31500541AS,1500301910016,0,,98685937,,,,,,,,28,,,,,,34745,,,,,,,,,,,,,,,,,,,,,,,,,,,,,,18,,,,,,0,,,,,,,,,,,,,,,,,,,,,,,,,,,,
2013-12-11,W300D7B3,ST4000DM000,4000787030016,0,,1127456,,,,,,,,0,,,,,,1355,,,,,,,,,,,,,,,,,,,,,,,,,,,,,,18,,,,,,0,,,,,,,,,,,,,,,,,,,,,,,,,,,,
2013-12-11,PL1311LAG18DVA,Hitachi HDS5C4040ALE630,4000787030016,0,,0,,,,,,,,2,,,,,,7463,,,,,,,,,,,,,,,,,,,,,,,,,,,,,,23,,,,,,0,,,,,,,,,,,,,,,,,,,,,,,,,,,,
2013-12-11,W1F0A66N,ST3000DM001,3000592982016,0,,2061664,,,,,,,,0,,,,,,14718,,,,,,,,,,,,,,,,,,,,,,,,,,,,,,22,,,,,,0,,,,,,,,,,,,,,,,,,,,,,,,,,,,
2013-12-11,W300B30R,ST4000DM000,4000787030016,0,,100417248,,,,,,,,0,,,,,,3603,,,,,,,,,,,,,,,,,,,,,,,,,,,,,,20,,,,,,0,,,,,,,,,,,,,,,,,,,,,,,,,,,,
2013-12-11,MJ1321YNG0S5UA,Hitachi HDS5C3030ALA630,3000592982016,0,,131072,,,,,,,,0,,,,,,20480,,,,,,,,,,,,,,,,,,,,,,,,,,,,,,29,,,,,,0,,,,,,,,,,,,,,,,,,,,,,,,,,,,
2013-12-11,W300B30Z,ST4000DM000,4000787030016,0,,118899728,,,,,,,,0,,,,,,3588,,,,,,,,,,,,,,,,,,,,,,,,,,,,,,22,,,,,,0,,,,,,,,,,,,,,,,,,,,,,,,,,,,
2013-12-11,JK11A8B9J72H3F,Hitachi HDS722020ALA330,2000398934016,0,,0,,,,,,,,3,,,,,,24914,,,,,,,,,,,,,,,,,,,,,,,,,,,,,,26,,,,,,0,,,,,,,,,,,,,,,,,,,,,,,,,,,,
2013-12-11,MJ1311YNG0NRXA,Hitachi HDS5C3030ALA630,3000592982016,0,,0,,,,,,,,0,,,,,,20498,,,,,,,,,,,,,,,,,,,,,,,,,,,,,,31,,,,,,0,,,,,,,,,,,,,,,,,,,,,,,,,,,,
2013-12-11,S1F0QWPP,ST3000DM001,3000592982016,0,,86480560,,,,,,,,0,,,,,,11612,,,,,,,,,,,,,,,,,,,,,,,,,,,,,,31,,,,,,0,,,,,,,,,,,,,,,,,,,,,,,,,,,,
2013-12-11,6XW031CY,ST31500541AS,1500301910016,0,,61689361,,,,,,,,0,,,,,,35749,,,,,,,,,,,,,,,,,,,,,,,,,,,,,,24,,,,,,0,,,,,,,,,,,,,,,,,,,,,,,,,,,,
2013-12-11,9XK0QJCR,ST33000651AS,3000592982016,0,,186083632,,,,,,,,0,,,,,,15604,,,,,,,,,,,,,,,,,,,,,,,,,,,,,,26,,,,,,0,,,,,,,,,,,,,,,,,,,,,,,,,,,,
2013-12-11,MJ1311YNG3K16A,Hitachi HDS5C3030ALA630,3000592982016,0,,0,,,,,,,,0,,,,,,19254,,,,,,,,,,,,,,,,,,,,,,,,,,,,,,22,,,,,,0,,,,,,,,,,,,,,,,,,,,,,,,,,,,
2013-12-11,JK1174YAK7JB5W,Hitachi HDS722020ALA330,2000398934016,0,,0,,,,,,,,0,,,,,,28154,,,,,,,,,,,,,,,,,,,,,,,,,,,,,,25,,,,,,0,,,,,,,,,,,,,,,,,,,,,,,,,,,,
2013-12-11,MJ1311YNG2Z8ZA,Hitachi HDS5C3030ALA630,3000592982016,0,,0,,,,,,,,0,,,,,,19585,,,,,,,,,,,,,,,,,,,,,,,,,,,,,,21,,,,,,0,,,,,,,,,,,,,,,,,,,,,,,,,,,,
2013-12-11,JK11A8B9HZ8U0F,Hitachi HDS722020ALA330,2000398934016,0,,0,,,,,,,,0,,,,,,24502,,,,,,,,,,,,,,,,,,,,,,,,,,,,,,28,,,,,,0,,,,,,,,,,,,,,,,,,,,,,,,,,,,
2013-12-11,MJ0351YNG9WAJA,Hitachi HDS5C3030ALA630,3000592982016,0,,0,,,,,,,,0,,,,,,9938,,,,,,,,,,,,,,,,,,,,,,,,,,,,,,28,,,,,,0,,,,,,,,,,,,,,,,,,,,,,,,,,,,
2013-12-11,JK11A8B9J7R20F,Hitachi HDS722020ALA330,2000398934016,0,,0,,,,,,,,0,,,,,,24496,,,,,,,,,,,,,,,,,,,,,,,,,,,,,,28,,,,,,0,,,,,,,,,,,,,,,,,,,,,,,,,,,,
2013-12-11,JK11A8B9J8AS3F,Hitachi HDS722020ALA330,2000398934016,0,,0,,,,,,,,0,,,,,,24970,,,,,,,,,,,,,,,,,,,,,,,,,,,,,,30,,,,,,0,,,,,,,,,,,,,,,,,,,,,,,,,,,,
2013-12-11,6XW1H4NM,ST32000542AS,2000398934016,0,,62335070,,,,,,,,0,,,,,,17229,,,,,,,,,,,,,,,,,,,,,,,,,,,,,,23,,,,,,0,,,,,,,,,,,,,,,,,,,,,,,,,,,,
2013-12-11,WD-WMC1T1611424,WDC WD30EFRX,3000592982016,0,,0,,,,,,,,0,,,,,,7392,,,,,,,,,,,,,,,,,,,,,,,,,,,,,,24,,,,,,0,,,,,,,,,,,,,,,,,,,,,,,,,,,,
2013-12-11,JK11A1YAJHD8UV,Hitachi HDS722020ALA330,2000398934016,0,,0,,,,,,,,0,,,,,,28851,,,,,,,,,,,,,,,,,,,,,,,,,,,,,,31,,,,,,0,,,,,,,,,,,,,,,,,,,,,,,,,,,,
2013-12-11,MJ0351YNG92EHA,Hitachi HDS5C3030ALA630,3000592982016,0,,0,,,,,,,,0,,,,,,9672,,,,,,,,,,,,,,,,,,,,,,,,,,,,,,27,,,,,,0,,,,,,,,,,,,,,,,,,,,,,,,,,,,
2013-12-11,JK11A8B9J7NMGF,Hitachi HDS722020ALA330,2000398934016,0,,0,,,,,,,,0,,,,,,22697,,,,,,,,,,,,,,,,,,,,,,,,,,,,,,27,,,,,,0,,,,,,,,,,,,,,,,,,,,,,,,,,,,
2013-12-11,9XW01GS5,ST31500541AS,1500301910016,0,,179869103,,,,,,,,0,,,,,,35033,,,,,,,,,,,,,,,,,,,,,,,,,,,,,,22,,,,,,0,,,,,,,,,,,,,,,,,,,,,,,,,,,,
2013-12-11,PL1311LAG2HWWH,Hitachi HDS5C4040ALE630,4000787030016,0,,0,,,,,,,,0,,,,,,5962,,,,,,,,,,,,,,,,,,,,,,,,,,,,,,21,,,,,,0,,,,,,,,,,,,,,,,,,,,,,,,,,,,
2013-12-11,S1F09LMC,ST3000DM001,3000592982016,0,,36124968,,,,,,,,0,,,,,,12345,,,,,,,,,,,,,,,,,,,,,,,,,,,,,,26,,,,,,0,,,,,,,,,,,,,,,,,,,,,,,,,,,,
2013-12-11,JK11A8B9J77DWF,Hitachi HDS722020ALA330,2000398934016,0,,0,,,,,,,,0,,,,,,25583,,,,,,,,,,,,,,,,,,,,,,,,,,,,,,28,,,,,,0,,,,,,,,,,,,,,,,,,,,,,,,,,,,
2013-12-11,JK11A8B9J3850F,Hitachi HDS722020ALA330,2000398934016,0,,0,,,,,,,,0,,,,,,23829,,,,,,,,,,,,,,,,,,,,,,,,,,,,,,25,,,,,,0,,,,,,,,,,,,,,,,,,,,,,,,,,,,
2013-12-11,MJ1311YNG356AA,Hitachi HDS5C3030ALA630,3000592982016,0,,0,,,,,,,,0,,,,,,18386,,,,,,,,,,,,,,,,,,,,,,,,,,,,,,22,,,,,,0,,,,,,,,,,,,,,,,,,,,,,,,,,,,
2013-12-11,6XW0KB4G,ST31500541AS,1500301910016,0,,67059242,,,,,,,,606,,,,,,19678,,,,,,,,,,,,,,,,,,,,,,,,,,,,,,21,,,,,,0,,,,,,,,,,,,,,,,,,,,,,,,,,,,
2013-12-11,JK11A8B9J7PJHF,Hitachi HDS722020ALA330,2000398934016,0,,0,,,,,,,,0,,,,,,25580,,,,,,,,,,,,,,,,,,,,,,,,,,,,,,26,,,,,,0,,,,,,,,,,,,,,,,,,,,,,,,,,,,
2013-12-11,JK11A8B9J3M3JF,Hitachi HDS722020ALA330,2000398934016,0,,0,,,,,,,,0,,,,,,23710,,,,,,,,,,,,,,,,,,,,,,,,,,,,,,27,,,,,,0,,,,,,,,,,,,,,,,,,,,,,,,,,,,
2013-12-11,PL1321LAGAVYVH,Hitachi HDS5C4040ALE630,4000787030016,0,,0,,,,,,,,0,,,,,,5064,,,,,,,,,,,,,,,,,,,,,,,,,,,,,,31,,,,,,0,,,,,,,,,,,,,,,,,,,,,,,,,,,,
2013-12-11,W3004YEZ,ST4000DM000,4000787030016,0,,172725616,,,,,,,,0,,,,,,2880,,,,,,,,,,,,,,,,,,,,,,,,,,,,,,20,,,,,,0,,,,,,,,,,,,,,,,,,,,,,,,,,,,
2013-12-11,9XK0QMCM,ST33000651AS,3000592982016,0,,13574791,,,,,,,,0,,,,,,17739,,,,,,,,,,,,,,,,,,,,,,,,,,,,,,25,,,,,,0,,,,,,,,,,,,,,,,,,,,,,,,,,,,
2013-12-11,5XW0DYSS,ST31500541AS,1500301910016,0,,134852940,,,,,,,,0,,,,,,17781,,,,,,,,,,,,,,,,,,,,,,,,,,,,,,22,,,,,,0,,,,,,,,,,,,,,,,,,,,,,,,,,,,
2013-12-11,W1F0JA75,ST3000DM001,3000592982016,0,,81114768,,,,,,,,0,,,,,,11641,,,,,,,,,,,,,,,,,,,,,,,,,,,,,,25,,,,,,0,,,,,,,,,,,,,,,,,,,,,,,,,,,,
2013-12-11,MK0301YHGL7XTA,Hitachi HDS723030ALA640,3000592982016,0,,0,,,,,,,,0,,,,,,17017,,,,,,,,,,,,,,,,,,,,,,,,,,,,,,24,,,,,,0,,,,,,,,,,,,,,,,,,,,,,,,,,,,
2013-12-11,Z300KMEM,ST4000DM000,4000787030016,0,,41331072,,,,,,,,0,,,,,,2245,,,,,,,,,,,,,,,,,,,,,,,,,,,,,,19,,,,,,0,,,,,,,,,,,,,,,,,,,,,,,,,,,,
2013-12-11,S1F132A5,ST3000DM001,3000592982016,0,,118163504,,,,,,,,0,,,,,,8128,,,,,,,,,,,,,,,,,,,,,,,,,,,,,,24,,,,,,0,,,,,,,,,,,,,,,,,,,,,,,,,,,,
2013-12-11,6XW02W85,ST31500541AS,1500301910016,0,,69461631,,,,,,,,0,,,,,,36940,,,,,,,,,,,,,,,,,,,,,,,,,,,,,,20,,,,,,0,,,,,,,,,,,,,,,,,,,,,,,,,,,,
2013-12-11,W300B1C4,ST4000DM000,4000787030016,0,,26324864,,,,,,,,0,,,,,,4163,,,,,,,,,,,,,,,,,,,,,,,,,,,,,,22,,,,,,0,,,,,,,,,,,,,,,,,,,,,,,,,,,,
2013-12-11,WD-WMAWZ0289289,WDC WD30EZRX,3000592982016,0,,0,,,,,,,,0,,,,,,12699,,,,,,,,,,,,,,,,,,,,,,,,,,,,,,21,,,,,,21,,,,,,,,,,,,,,,,,,,,,,,,,,,,
2013-12-11,MJ0351YNGA3JUA,Hitachi HDS5C3030ALA630,3000592982016,0,,0,,,,,,,,0,,,,,,9315,,,,,,,,,,,,,,,,,,,,,,,,,,,,,,32,,,,,,0,,,,,,,,,,,,,,,,,,,,,,,,,,,,
2013-12-11,MJ1321YNG0LAAA,Hitachi HDS5C3030ALA630,3000592982016,0,,0,,,,,,,,0,,,,,,20731,,,,,,,,,,,,,,,,,,,,,,,,,,,,,,21,,,,,,0,,,,,,,,,,,,,,,,,,,,,,,,,,,,
2013-12-11,PL1311LAG3BRJH,Hitachi HDS5C4040ALE630,4000787030016,0,,0,,,,,,,,0,,,,,,5933,,,,,,,,,,,,,,,,,,,,,,,,,,,,,,25,,,,,,0,,,,,,,,,,,,,,,,,,,,,,,,,,,,
2013-12-11,6XW02W8W,ST31500541AS,1500301910016,0,,161937226,,,,,,,,0,,,,,,37442,,,,,,,,,,,,,,,,,,,,,,,,,,,,,,21,,,,,,0,,,,,,,,,,,,,,,,,,,,,,,,,,,,
2013-12-11,JK11A8B9J9814F,Hitachi HDS722020ALA330,2000398934016,0,,0,,,,,,,,0,,,,,,24468,,,,,,,,,,,,,,,,,,,,,,,,,,,,,,25,,,,,,0,,,,,,,,,,,,,,,,,,,,,,,,,,,,
2013-12-11,Z300KC5T,ST4000DM000,4000787030016,0,,55448776,,,,,,,,0,,,,,,2240,,,,,,,,,,,,,,,,,,,,,,,,,,,,,,19,,,,,,0,,,,,,,,,,,,,,,,,,,,,,,,,,,,
2013-12-11,JK11A8B9J35VSF,Hitachi HDS722020ALA330,2000398934016,0,,0,,,,,,,,0,,,,,,23711,,,,,,,,,,,,,,,,,,,,,,,,,,,,,,31,,,,,,0,,,,,,,,,,,,,,,,,,,,,,,,,,,,
2013-12-11,JK11A8B9J20JSF,Hitachi HDS722020ALA330,2000398934016,0,,0,,,,,,,,0,,,,,,24502,,,,,,,,,,,,,,,,,,,,,,,,,,,,,,31,,,,,,0,,,,,,,,,,,,,,,,,,,,,,,,,,,,
2013-12-11,JK11A8B9J3BMSF,Hitachi HDS722020ALA330,2000398934016,0,,0,,,,,,,,0,,,,,,23819,,,,,,,,,,,,,,,,,,,,,,,,,,,,,,27,,,,,,0,,,,,,,,,,,,,,,,,,,,,,,,,,,,
2013-12-11,S1F04A4N,ST3000DM001,3000592982016,0,,22268480,,,,,,,,0,,,,,,16199,,,,,,,,,,,,,,,,,,,,,,,,,,,,,,23,,,,,,72,,,,,,,,,,,,,,,,,,,,,,,,,,,,
2013-12-11,JK11A8B9J26WLF,Hitachi HDS722020ALA330,2000398934016,0,,0,,,,,,,,0,,,,,,25541,,,,,,,,,,,,,,,,,,,,,,,,,,,,,,23,,,,,,0,,,,,,,,,,,,,,,,,,,,,,,,,,,,
2013-12-11,S1F0LDYV,ST3000DM001,3000592982016,0,,227212256,,,,,,,,0,,,,,,12170,,,,,,,,,,,,,,,,,,,,,,,,,,,,,,25,,,,,,0,,,,,,,,,,,,,,,,,,,,,,,,,,,,
2013-12-11,JK1101B9KNYWLF,Hitachi HDS722020ALA330,2000398934016,0,,0,,,,,,,,0,,,,,,23075,,,,,,,,,,,,,,,,,,,,,,,,,,,,,,28,,,,,,0,,,,,,,,,,,,,,,,,,,,,,,,,,,,
2013-12-11,W1F08DX3,ST3000DM001,3000592982016,0,,7548352,,,,,,,,0,,,,,,15224,,,,,,,,,,,,,,,,,,,,,,,,,,,,,,23,,,,,,0,,,,,,,,,,,,,,,,,,,,,,,,,,,,
2013-12-11,MJ1323YNG1R1KC,Hitachi HDS5C3030ALA630,3000592982016,0,,0,,,,,,,,0,,,,,,19766,,,,,,,,,,,,,,,,,,,,,,,,,,,,,,25,,,,,,0,,,,,,,,,,,,,,,,,,,,,,,,,,,,
2013-12-11,MJ0351YNGA57ZA,Hitachi HDS5C3030ALA630,3000592982016,0,,0,,,,,,,,0,,,,,,8547,,,,,,,,,,,,,,,,,,,,,,,,,,,,,,26,,,,,,0,,,,,,,,,,,,,,,,,,,,,,,,,,,,
2013-12-11,JK1175YAHU77BX,Hitachi HDS722020ALA330,2000398934016,0,,1,,,,,,,,0,,,,,,30501,,,,,,,,,,,,,,,,,,,,,,,,,,,,,,29,,,,,,0,,,,,,,,,,,,,,,,,,,,,,,,,,,,
2013-12-11,Z300VALY,ST4000DM000,4000787030016,0,,140364520,,,,,,,,0,,,,,,108,,,,,,,,,,,,,,,,,,,,,,,,,,,,,,23,,,,,,0,,,,,,,,,,,,,,,,,,,,,,,,,,,,
2013-12-11,MJ1311YNG3KEBA,Hitachi HDS5C3030ALA630,3000592982016,0,,0,,,,,,,,0,,,,,,18938,,,,,,,,,,,,,,,,,,,,,,,,,,,,,,26,,,,,,0,,,,,,,,,,,,,,,,,,,,,,,,,,,,
2013-12-11,JK1101B9J2N8HR,Hitachi HDS722020ALA330,2000398934016,0,,0,,,,,,,,0,,,,,,23104,,,,,,,,,,,,,,,,,,,,,,,,,,,,,,26,,,,,,0,,,,,,,,,,,,,,,,,,,,,,,,,,,,
2013-12-11,W1F0ANS1,ST3000DM001,3000592982016,0,,54090696,,,,,,,,0,,,,,,13356,,,,,,,,,,,,,,,,,,,,,,,,,,,,,,22,,,,,,0,,,,,,,,,,,,,,,,,,,,,,,,,,,,
2013-12-11,Z300MQBH,ST4000DM000,4000787030016,0,,157193000,,,,,,,,0,,,,,,2893,,,,,,,,,,,,,,,,,,,,,,,,,,,,,,24,,,,,,0,,,,,,,,,,,,,,,,,,,,,,,,,,,,
2013-12-11,W1F08DXP,ST3000DM001,3000592982016,0,,4547208,,,,,,,,0,,,,,,15223,,,,,,,,,,,,,,,,,,,,,,,,,,,,,,24,,,,,,0,,,,,,,,,,,,,,,,,,,,,,,,,,,,
2013-12-11,JK1105B8JS13ZX,Hitachi HDS722020ALA330,2000398934016,0,,65536,,,,,,,,0,,,,,,23579,,,,,,,,,,,,,,,,,,,,,,,,,,,,,,29,,,,,,0,,,,,,,,,,,,,,,,,,,,,,,,,,,,
2013-12-11,Z300WEZW,ST4000DM000,4000787030016,0,,171293944,,,,,,,,0,,,,,,944,,,,,,,,,,,,,,,,,,,,,,,,,,,,,,25,,,,,,0,,,,,,,,,,,,,,,,,,,,,,,,,,,,
2013-12-11,W300D541,ST4000DM000,4000787030016,0,,200454640,,,,,,,,0,,,,,,3238,,,,,,,,,,,,,,,,,,,,,,,,,,,,,,19,,,,,,0,,,,,,,,,,,,,,,,,,,,,,,,,,,,
2013-12-11,W1F0B376,ST3000DM001,3000592982016,0,,122131168,,,,,,,,0,,,,,,14727,,,,,,,,,,,,,,,,,,,,,,,,,,,,,,27,,,,,,16,,,,,,,,,,,,,,,,,,,,,,,,,,,,
2013-12-11,PL1331LAG5GTSH,HGST HMS5C4040ALE640,4000787030016,0,,0,,,,,,,,0,,,,,,2026,,,,,,,,,,,,,,,,,,,,,,,,,,,,,,22,,,,,,0,,,,,,,,,,,,,,,,,,,,,,,,,,,,
2013-12-11,PL1311LAG3DPJH,Hitachi HDS5C4040ALE630,4000787030016,0,,0,,,,,,,,0,,,,,,6993,,,,,,,,,,,,,,,,,,,,,,,,,,,,,,24,,,,,,0,,,,,,,,,,,,,,,,,,,,,,,,,,,,
2013-12-11,Z300PK4Y,ST4000DM000,4000787030016,0,,224847000,,,,,,,,0,,,,,,1142,,,,,,,,,,,,,,,,,,,,,,,,,,,,,,25,,,,,,0,,,,,,,,,,,,,,,,,,,,,,,,,,,,
2013-12-11,W1F0X4ZX,ST3000DM001,3000592982016,0,,100762664,,,,,,,,0,,,,,,10726,,,,,,,,,,,,,,,,,,,,,,,,,,,,,,23,,,,,,0,,,,,,,,,,,,,,,,,,,,,,,,,,,,
2013-12-11,W30045Z0,ST4000DM000,4000787030016,0,,152271536,,,,,,,,0,,,,,,2244,,,,,,,,,,,,,,,,,,,,,,,,,,,,,,22,,,,,,0,,,,,,,,,,,,,,,,,,,,,,,,,,,,
2013-12-11,W1F08DXE,ST3000DM001,3000592982016,0,,86039544,,,,,,,,0,,,,,,15216,,,,,,,,,,,,,,,,,,,,,,,,,,,,,,23,,,,,,0,,,,,,,,,,,,,,,,,,,,,,,,,,,,
2013-12-11,JK11A8B9J7EPKF,Hitachi HDS722020ALA330,2000398934016,0,,0,,,,,,,,0,,,,,,23579,,,,,,,,,,,,,,,,,,,,,,,,,,,,,,28,,,,,,0,,,,,,,,,,,,,,,,,,,,,,,,,,,,
2013-12-11,MJ1311YNG3LYWA,Hitachi HDS5C3030ALA630,3000592982016,0,,0,,,,,,,,0,,,,,,19254,,,,,,,,,,,,,,,,,,,,,,,,,,,,,,23,,,,,,0,,,,,,,,,,,,,,,,,,,,,,,,,,,,
2013-12-11,MJ1323YNG1JMJC,Hitachi HDS5C3030ALA630,3000592982016,0,,0,,,,,,,,0,,,,,,19766,,,,,,,,,,,,,,,,,,,,,,,,,,,,,,28,,,,,,0,,,,,,,,,,,,,,,,,,,,,,,,,,,,
2013-12-11,9VS2G6X8,ST31500341AS,1500301910016,0,,212657104,,,,,,,,510,,,,,,31040,,,,,,,,,,,,,,,,,,,,,,,,,,,,,,18,,,,,,0,,,,,,,,,,,,,,,,,,,,,,,,,,,,
2013-12-11,MJ1311YNG31U9A,Hitachi HDS5C3030ALA630,3000592982016,0,,0,,,,,,,,0,,,,,,18316,,,,,,,,,,,,,,,,,,,,,,,,,,,,,,22,,,,,,0,,,,,,,,,,,,,,,,,,,,,,,,,,,,
2013-12-11,MK0313YHGJWSEC,Hitachi HDS723030ALA640,3000592982016,0,,0,,,,,,,,0,,,,,,21462,,,,,,,,,,,,,,,,,,,,,,,,,,,,,,34,,,,,,0,,,,,,,,,,,,,,,,,,,,,,,,,,,,
2013-12-11,W30075YW,ST4000DM000,4000787030016,0,,129138904,,,,,,,,0,,,,,,4044,,,,,,,,,,,,,,,,,,,,,,,,,,,,,,23,,,,,,0,,,,,,,,,,,,,,,,,,,,,,,,,,,,
2013-12-11,PL1321LAG335AH,Hitachi HDS5C4040ALE630,4000787030016,0,,0,,,,,,,,0,,,,,,6070,,,,,,,,,,,,,,,,,,,,,,,,,,,,,,23,,,,,,0,,,,,,,,,,,,,,,,,,,,,,,,,,,,
2013-12-11,MJ0351YNG9UL3A,Hitachi HDS5C3030ALA630,3000592982016,0,,0,,,,,,,,0,,,,,,9672,,,,,,,,,,,,,,,,,,,,,,,,,,,,,,28,,,,,,0,,,,,,,,,,,,,,,,,,,,,,,,,,,,
2013-12-11,JK11A8B9GPHVBF,Hitachi HDS722020ALA330,2000398934016,0,,0,,,,,,,,0,,,,,,26480,,,,,,,,,,,,,,,,,,,,,,,,,,,,,,28,,,,,,0,,,,,,,,,,,,,,,,,,,,,,,,,,,,
2013-12-11,MJ1311YNG26T5A,Hitachi HDS5C3030ALA630,3000592982016,0,,0,,,,,,,,0,,,,,,14593,,,,,,,,,,,,,,,,,,,,,,,,,,,,,,25,,,,,,0,,,,,,,,,,,,,,,,,,,,,,,,,,,,
2013-12-11,W3006DDD,ST4000DM000,4000787030016,0,,105994136,,,,,,,,0,,,,,,2920,,,,,,,,,,,,,,,,,,,,,,,,,,,,,,19,,,,,,0,,,,,,,,,,,,,,,,,,,,,,,,,,,,
2013-12-11,Z300TCCK,ST4000DM000,4000787030016,0,,22820304,,,,,,,,0,,,,,,923,,,,,,,,,,,,,,,,,,,,,,,,,,,,,,25,,,,,,0,,,,,,,,,,,,,,,,,,,,,,,,,,,,
2013-12-11,MJ1321YNG13J3A,Hitachi HDS5C3030ALA630,3000592982016,0,,0,,,,,,,,0,,,,,,20732,,,,,,,,,,,,,,,,,,,,,,,,,,,,,,25,,,,,,0,,,,,,,,,,,,,,,,,,,,,,,,,,,,
2013-12-11,W3006DDB,ST4000DM000,4000787030016,0,,229354264,,,,,,,,0,,,,,,2921,,,,,,,,,,,,,,,,,,,,,,,,,,,,,,23,,,,,,0,,,,,,,,,,,,,,,,,,,,,,,,,,,,
2013-12-11,JK1175YAK92BLX,Hitachi HDS722020ALA330,2000398934016,0,,1,,,,,,,,0,,,,,,29653,,,,,,,,,,,,,,,,,,,,,,,,,,,,,,27,,,,,,0,,,,,,,,,,,,,,,,,,,,,,,,,,,,
2013-12-11,MK0311YHG271AA,Hitachi HDS723030ALA640,3000592982016,0,,0,,,,,,,,0,,,,,,15624,,,,,,,,,,,,,,,,,,,,,,,,,,,,,,27,,,,,,0,,,,,,,,,,,,,,,,,,,,,,,,,,,,
2013-12-11,PL1311LAG34V8H,Hitachi HDS5C4040ALE630,4000787030016,0,,0,,,,,,,,0,,,,,,6639,,,,,,,,,,,,,,,,,,,,,,,,,,,,,,24,,,,,,0,,,,,,,,,,,,,,,,,,,,,,,,,,,,
2013-12-11,Z1F0LN5E,ST3000DM001,3000592982016,0,,49917192,,,,,,,,0,,,,,,11021,,,,,,,,,,,,,,,,,,,,,,,,,,,,,,25,,,,,,0,,,,,,,,,,,,,,,,,,,,,,,,,,,,
2013-12-11,JK11A8B9J39EVF,Hitachi HDS722020ALA330,2000398934016,0,,0,,,,,,,,0,,,,,,24493,,,,,,,,,,,,,,,,,,,,,,,,,,,,,,33,,,,,,0,,,,,,,,,,,,,,,,,,,,,,,,,,,,
2013-12-11,MJ1323YNG1TZZC,Hitachi HDS5C3030ALA630,3000592982016,0,,0,,,,,,,,0,,,,,,19310,,,,,,,,,,,,,,,,,,,,,,,,,,,,,,26,,,,,,0,,,,,,,,,,,,,,,,,,,,,,,,,,,,
2013-12-11,Z1Z03E5Y,ST4000DX000,4000787030016,0,,44235608,,,,,,,,0,,,,,,7132,,,,,,,,,,,,,,,,,,,,,,,,,,,,,,34,,,,,,0,,,,,,,,,,,,,,,,,,,,,,,,,,,,
2013-12-11,6XW01PDP,ST31500541AS,1500301910016,0,,47913311,,,,,,,,0,,,,,,37285,,,,,,,,,,,,,,,,,,,,,,,,,,,,,,26,,,,,,0,,,,,,,,,,,,,,,,,,,,,,,,,,,,
2013-12-11,6XW00XKC,ST31500541AS,1500301910016,0,,46580809,,,,,,,,0,,,,,,36936,,,,,,,,,,,,,,,,,,,,,,,,,,,,,,24,,,,,,0,,,,,,,,,,,,,,,,,,,,,,,,,,,,
2013-12-11,6XW105LF,ST31500541AS,1500301910016,0,,179605970,,,,,,,,0,,,,,,31245,,,,,,,,,,,,,,,,,,,,,,,,,,,,,,21,,,,,,0,,,,,,,,,,,,,,,,,,,,,,,,,,,,
2013-12-11,JK1171YAK206TN,Hitachi HDS722020ALA330,2000398934016,0,,0,,,,,,,,0,,,,,,29914,,,,,,,,,,,,,,,,,,,,,,,,,,,,,,24,,,,,,0,,,,,,,,,,,,,,,,,,,,,,,,,,,,
2013-12-11,6XW105LY,ST31500541AS,1500301910016,0,,199976452,,,,,,,,0,,,,,,30165,,,,,,,,,,,,,,,,,,,,,,,,,,,,,,22,,,,,,0,,,,,,,,,,,,,,,,,,,,,,,,,,,,
2013-12-11,JK1101B9JRLGDF,Hitachi HDS722020ALA330,2000398934016,0,,1,,,,,,,,0,,,,,,23488,,,,,,,,,,,,,,,,,,,,,,,,,,,,,,25,,,,,,0,,,,,,,,,,,,,,,,,,,,,,,,,,,,
2013-12-11,6XW105LP,ST31500541AS,1500301910016,0,,62618477,,,,,,,,0,,,,,,29601,,,,,,,,,,,,,,,,,,,,,,,,,,,,,,19,,,,,,0,,,,,,,,,,,,,,,,,,,,,,,,,,,,
2013-12-11,PL1311LAG2B0TH,Hitachi HDS5C4040ALE630,4000787030016,0,,0,,,,,,,,0,,,,,,6616,,,,,,,,,,,,,,,,,,,,,,,,,,,,,,27,,,,,,0,,,,,,,,,,,,,,,,,,,,,,,,,,,,
2013-12-11,PL2311LAG1P24C,Hitachi HDS5C4040ALE630,4000787030016,0,,0,,,,,,,,0,,,,,,7419,,,,,,,,,,,,,,,,,,,,,,,,,,,,,,19,,,,,,0,,,,,,,,,,,,,,,,,,,,,,,,,,,,
2013-12-11,JK11A8B9J4SA2F,Hitachi HDS722020ALA330,2000398934016,0,,0,,,,,,,,0,,,,,,25539,,,,,,,,,,,,,,,,,,,,,,,,,,,,,,29,,,,,,0,,,,,,,,,,,,,,,,,,,,,,,,,,,,
2013-12-11,W3005M6F,ST4000DM000,4000787030016,0,,48545168,,,,,,,,0,,,,,,2890,,,,,,,,,,,,,,,,,,,,,,,,,,,,,,26,,,,,,0,,,,,,,,,,,,,,,,,,,,,,,,,,,,
2013-12-11,MJ0351YNG9YULA,Hitachi HDS5C3030ALA630,3000592982016,0,,0,,,,,,,,0,,,,,,9773,,,,,,,,,,,,,,,,,,,,,,,,,,,,,,29,,,,,,0,,,,,,,,,,,,,,,,,,,,,,,,,,,,
2013-12-11,MJ0351YNG9YRXA,Hitachi HDS5C3030ALA630,3000592982016,0,,0,,,,,,,,0,,,,,,9939,,,,,,,,,,,,,,,,,,,,,,,,,,,,,,23,,,,,,0,,,,,,,,,,,,,,,,,,,,,,,,,,,,
2013-12-11,PL1331LAG5B53H,HGST HMS5C4040ALE640,4000787030016,0,,0,,,,,,,,0,,,,,,9401,,,,,,,,,,,,,,,,,,,,,,,,,,,,,,31,,,,,,0,,,,,,,,,,,,,,,,,,,,,,,,,,,,
2013-12-11,MJ1311YNG3KNZA,Hitachi HDS5C3030ALA630,3000592982016,0,,0,,,,,,,,301,,,,,,18941,,,,,,,,,,,,,,,,,,,,,,,,,,,,,,24,,,,,,0,,,,,,,,,,,,,,,,,,,,,,,,,,,,
2013-12-11,MJ1311YNG37LSA,Hitachi HDS5C3030ALA630,3000592982016,0,,0,,,,,,,,0,,,,,,18948,,,,,,,,,,,,,,,,,,,,,,,,,,,,,,28,,,,,,0,,,,,,,,,,,,,,,,,,,,,,,,,,,,
2013-12-11,PL1321LAGA0EKH,Hitachi HDS5C4040ALE630,4000787030016,0,,0,,,,,,,,0,,,,,,5429,,,,,,,,,,,,,,,,,,,,,,,,,,,,,,24,,,,,,0,,,,,,,,,,,,,,,,,,,,,,,,,,,,
2013-12-11,MJ1311YNG19TLA,Hitachi HDS5C3030ALA630,3000592982016,0,,0,,,,,,,,0,,,,,,20498,,,,,,,,,,,,,,,,,,,,,,,,,,,,,,32,,,,,,0,,,,,,,,,,,,,,,,,,,,,,,,,,,,
2013-12-11,S1F04CMC,ST3000DM001,3000592982016,0,,86048616,,,,,,,,0,,,,,,15193,,,,,,,,,,,,,,,,,,,,,,,,,,,,,,25,,,,,,0,,,,,,,,,,,,,,,,,,,,,,,,,,,,
2013-12-11,JK11A8B9GPDH4F,Hitachi HDS722020ALA330,2000398934016,0,,65538,,,,,,,,163,,,,,,26493,,,,,,,,,,,,,,,,,,,,,,,,,,,,,,24,,,,,,3,,,,,,,,,,,,,,,,,,,,,,,,,,,,
2013-12-11,MJ1323YNG1M1ZC,Hitachi HDS5C3030ALA630,3000592982016,0,,0,,,,,,,,0,,,,,,19773,,,,,,,,,,,,,,,,,,,,,,,,,,,,,,22,,,,,,0,,,,,,,,,,,,,,,,,,,,,,,,,,,,
2013-12-11,MJ1311YNG322WA,Hitachi HDS5C3030ALA630,3000592982016,0,,0,,,,,,,,0,,,,,,18386,,,,,,,,,,,,,,,,,,,,,,,,,,,,,,25,,,,,,0,,,,,,,,,,,,,,,,,,,,,,,,,,,,
2013-12-11,9VS3J3FF,ST31500341AS,1500301910016,0,,115321635,,,,,,,,4,,,,,,32919,,,,,,,,,,,,,,,,,,,,,,,,,,,,,,19,,,,,,0,,,,,,,,,,,,,,,,,,,,,,,,,,,,
2013-12-11,JK1101YAK7EG8V,Hitachi HDS722020ALA330,2000398934016,0,,0,,,,,,,,0,,,,,,29210,,,,,,,,,,,,,,,,,,,,,,,,,,,,,,31,,,,,,0,,,,,,,,,,,,,,,,,,,,,,,,,,,,
2013-12-11,5XW0325M,ST31500541AS,1500301910016,0,,141192430,,,,,,,,0,,,,,,35776,,,,,,,,,,,,,,,,,,,,,,,,,,,,,,21,,,,,,0,,,,,,,,,,,,,,,,,,,,,,,,,,,,
2013-12-11,MJ1323YNG1TULC,Hitachi HDS5C3030ALA630,3000592982016,0,,0,,,,,,,,0,,,,,,19310,,,,,,,,,,,,,,,,,,,,,,,,,,,,,,29,,,,,,0,,,,,,,,,,,,,,,,,,,,,,,,,,,,
2013-12-11,Z300CLXH,ST4000DM000,4000787030016,0,,79988064,,,,,,,,0,,,,,,2243,,,,,,,,,,,,,,,,,,,,,,,,,,,,,,23,,,,,,0,,,,,,,,,,,,,,,,,,,,,,,,,,,,
2013-12-11,MJ1323YNG1SDHC,Hitachi HDS5C3030ALA630,3000592982016,0,,0,,,,,,,,0,,,,,,20079,,,,,,,,,,,,,,,,,,,,,,,,,,,,,,34,,,,,,0,,,,,,,,,,,,,,,,,,,,,,,,,,,,
2013-12-11,JK11A8B9J96WUF,Hitachi HDS722020ALA330,2000398934016,0,,0,,,,,,,,0,,,,,,24496,,,,,,,,,,,,,,,,,,,,,,,,,,,,,,29,,,,,,0,,,,,,,,,,,,,,,,,,,,,,,,,,,,
2013-12-11,5XW01B7T,ST31500541AS,1500301910016,0,,233343668,,,,,,,,0,,,,,,35225,,,,,,,,,,,,,,,,,,,,,,,,,,,,,,19,,,,,,0,,,,,,,,,,,,,,,,,,,,,,,,,,,,
2013-12-11,Z300CLXX,ST4000DM000,4000787030016,0,,84295496,,,,,,,,0,,,,,,2219,,,,,,,,,,,,,,,,,,,,,,,,,,,,,,23,,,,,,0,,,,,,,,,,,,,,,,,,,,,,,,,,,,
2013-12-11,S1F0PK2J,ST3000DM001,3000592982016,0,,13247512,,,,,,,,0,,,,,,11690,,,,,,,,,,,,,,,,,,,,,,,,,,,,,,24,,,,,,0,,,,,,,,,,,,,,,,,,,,,,,,,,,,
2013-12-11,PL1311LAG38T7H,Hitachi HDS5C4040ALE630,4000787030016,0,,0,,,,,,,,0,,,,,,3629,,,,,,,,,,,,,,,,,,,,,,,,,,,,,,29,,,,,,0,,,,,,,,,,,,,,,,,,,,,,,,,,,,
2013-12-11,Z300CLXP,ST4000DM000,4000787030016,0,,95951776,,,,,,,,0,,,,,,2248,,,,,,,,,,,,,,,,,,,,,,,,,,,,,,21,,,,,,0,,,,,,,,,,,,,,,,,,,,,,,,,,,,
2013-12-11,6XW058K1,ST31500541AS,1500301910016,0,,202435825,,,,,,,,0,,,,,,36381,,,,,,,,,,,,,,,,,,,,,,,,,,,,,,20,,,,,,0,,,,,,,,,,,,,,,,,,,,,,,,,,,,
2013-12-11,Z300CLXV,ST4000DM000,4000787030016,0,,113701600,,,,,,,,0,,,,,,2241,,,,,,,,,,,,,,,,,,,,,,,,,,,,,,24,,,,,,0,,,,,,,,,,,,,,,,,,,,,,,,,,,,
2013-12-11,Z300PLZ5,ST4000DM000,4000787030016,0,,52458984,,,,,,,,0,,,,,,1229,,,,,,,,,,,,,,,,,,,,,,,,,,,,,,21,,,,,,0,,,,,,,,,,,,,,,,,,,,,,,,,,,,
2013-12-11,S1F06HYF,ST3000DM001,3000592982016,0,,107908672,,,,,,,,0,,,,,,13745,,,,,,,,,,,,,,,,,,,,,,,,,,,,,,22,,,,,,0,,,,,,,,,,,,,,,,,,,,,,,,,,,,
2013-12-11,MJ0351YNG9TZBA,Hitachi HDS5C3030ALA630,3000592982016,0,,0,,,,,,,,0,,,,,,9719,,,,,,,,,,,,,,,,,,,,,,,,,,,,,,32,,,,,,0,,,,,,,,,,,,,,,,,,,,,,,,,,,,
2013-12-11,PL1321LAG32ARH,Hitachi HDS5C4040ALE630,4000787030016,0,,1,,,,,,,,0,,,,,,5925,,,,,,,,,,,,,,,,,,,,,,,,,,,,,,17,,,,,,0,,,,,,,,,,,,,,,,,,,,,,,,,,,,
2013-12-11,MJ0351YNG9Z7MA,Hitachi HDS5C3030ALA630,3000592982016,0,,0,,,,,,,,0,,,,,,8665,,,,,,,,,,,,,,,,,,,,,,,,,,,,,,28,,,,,,0,,,,,,,,,,,,,,,,,,,,,,,,,,,,
2013-12-11,Z300PLZQ,ST4000DM000,4000787030016,0,,110586216,,,,,,,,0,,,,,,1228,,,,,,,,,,,,,,,,,,,,,,,,,,,,,,18,,,,,,0,,,,,,,,,,,,,,,,,,,,,,,,,,,,
2013-12-11,Z300PLZV,ST4000DM000,4000787030016,0,,142732656,,,,,,,,0,,,,,,1445,,,,,,,,,,,,,,,,,,,,,,,,,,,,,,28,,,,,,0,,,,,,,,,,,,,,,,,,,,,,,,,,,,
2013-12-11,Z300PLZT,ST4000DM000,4000787030016,0,,182464664,,,,,,,,0,,,,,,1228,,,,,,,,,,,,,,,,,,,,,,,,,,,,,,19,,,,,,0,,,,,,,,,,,,,,,,,,,,,,,,,,,,
2013-12-11,W1F0VJXT,ST3000DM001,3000592982016,0,,55010296,,,,,,,,0,,,,,,11610,,,,,,,,,,,,,,,,,,,,,,,,,,,,,,31,,,,,,0,,,,,,,,,,,,,,,,,,,,,,,,,,,,
2013-12-11,PL1321LAG34XXH,Hitachi HDS5C4040ALE630,4000787030016,0,,0,,,,,,,,0,,,,,,5921,,,,,,,,,,,,,,,,,,,,,,,,,,,,,,18,,,,,,0,,,,,,,,,,,,,,,,,,,,,,,,,,,,
2013-12-11,9XW01R9C,ST31500541AS,1500301910016,0,,8848768,,,,,,,,0,,,,,,35760,,,,,,,,,,,,,,,,,,,,,,,,,,,,,,20,,,,,,0,,,,,,,,,,,,,,,,,,,,,,,,,,,,
2013-12-11,JK1101B9JPH9VF,Hitachi HDS722020ALA330,2000398934016,0,,0,,,,,,,,0,,,,,,24099,,,,,,,,,,,,,,,,,,,,,,,,,,,,,,29,,,,,,0,,,,,,,,,,,,,,,,,,,,,,,,,,,,
2013-12-11,PL1321LAG2YYJH,Hitachi HDS5C4040ALE630,4000787030016,0,,0,,,,,,,,0,,,,,,5961,,,,,,,,,,,,,,,,,,,,,,,,,,,,,,19,,,,,,0,,,,,,,,,,,,,,,,,,,,,,,,,,,,
2013-12-11,JK1174YAK7JAPW,Hitachi HDS722020ALA330,2000398934016,0,,0,,,,,,,,0,,,,,,28155,,,,,,,,,,,,,,,,,,,,,,,,,,,,,,27,,,,,,0,,,,,,,,,,,,,,,,,,,,,,,,,,,,
2013-12-11,Z1Z03FCX,ST4000DX000,4000787030016,0,,83030828,,,,,,,,0,,,,,,7130,,,,,,,,,,,,,,,,,,,,,,,,,,,,,,38,,,,,,0,,,,,,,,,,,,,,,,,,,,,,,,,,,,
2013-12-11,W1F0RN0E,ST3000DM001,3000592982016,0,,242441840,,,,,,,,0,,,,,,11021,,,,,,,,,,,,,,,,,,,,,,,,,,,,,,25,,,,,,0,,,,,,,,,,,,,,,,,,,,,,,,,,,,
2013-12-11,MJ0351YNG9SXDA,Hitachi HDS5C3030ALA630,3000592982016,0,,0,,,,,,,,0,,,,,,9477,,,,,,,,,,,,,,,,,,,,,,,,,,,,,,24,,,,,,0,,,,,,,,,,,,,,,,,,,,,,,,,,,,
2013-12-11,MJ1311YNG3E8UA,Hitachi HDS5C3030ALA630,3000592982016,0,,0,,,,,,,,0,,,,,,19254,,,,,,,,,,,,,,,,,,,,,,,,,,,,,,22,,,,,,0,,,,,,,,,,,,,,,,,,,,,,,,,,,,
2013-12-11,S1F033T9,ST3000DM001,3000592982016,0,,118919624,,,,,,,,0,,,,,,13819,,,,,,,,,,,,,,,,,,,,,,,,,,,,,,25,,,,,,0,,,,,,,,,,,,,,,,,,,,,,,,,,,,
2013-12-11,W300J2P8,ST4000DM000,4000787030016,0,,50776520,,,,,,,,0,,,,,,920,,,,,,,,,,,,,,,,,,,,,,,,,,,,,,21,,,,,,0,,,,,,,,,,,,,,,,,,,,,,,,,,,,
2013-12-11,MK0331YHGS0X6A,Hitachi HDS723030ALA640,3000592982016,0,,0,,,,,,,,0,,,,,,17357,,,,,,,,,,,,,,,,,,,,,,,,,,,,,,22,,,,,,0,,,,,,,,,,,,,,,,,,,,,,,,,,,,
2013-12-11,PL1311LAG1YTMA,Hitachi HDS5C4040ALE630,4000787030016,0,,0,,,,,,,,3,,,,,,5961,,,,,,,,,,,,,,,,,,,,,,,,,,,,,,20,,,,,,0,,,,,,,,,,,,,,,,,,,,,,,,,,,,
2013-12-11,MJ0351YNGA728A,Hitachi HDS5C3030ALA630,3000592982016,0,,0,,,,,,,,0,,,,,,7321,,,,,,,,,,,,,,,,,,,,,,,,,,,,,,23,,,,,,0,,,,,,,,,,,,,,,,,,,,,,,,,,,,
2013-12-11,JK11A8B9J796SF,Hitachi HDS722020ALA330,2000398934016,0,,0,,,,,,,,0,,,,,,22696,,,,,,,,,,,,,,,,,,,,,,,,,,,,,,24,,,,,,0,,,,,,,,,,,,,,,,,,,,,,,,,,,,
2013-12-11,PL1311LAG38MGH,Hitachi HDS5C4040ALE630,4000787030016,0,,0,,,,,,,,0,,,,,,6655,,,,,,,,,,,,,,,,,,,,,,,,,,,,,,17,,,,,,0,,,,,,,,,,,,,,,,,,,,,,,,,,,,
2013-12-11,MJ1323YNG1R20C,Hitachi HDS5C3030ALA630,3000592982016,0,,0,,,,,,,,0,,,,,,19766,,,,,,,,,,,,,,,,,,,,,,,,,,,,,,25,,,,,,0,,,,,,,,,,,,,,,,,,,,,,,,,,,,
2013-12-11,MJ1323YNG1SEVC,Hitachi HDS5C3030ALA630,3000592982016,0,,0,,,,,,,,0,,,,,,19760,,,,,,,,,,,,,,,,,,,,,,,,,,,,,,29,,,,,,0,,,,,,,,,,,,,,,,,,,,,,,,,,,,
2013-12-11,W1F09XF6,ST3000DM001,3000592982016,0,,144616608,,,,,,,,0,,,,,,15367,,,,,,,,,,,,,,,,,,,,,,,,,,,,,,22,,,,,,0,,,,,,,,,,,,,,,,,,,,,,,,,,,,
2013-12-11,JK11A8B9J3VLWF,Hitachi HDS722020ALA330,2000398934016,0,,0,,,,,,,,0,,,,,,24914,,,,,,,,,,,,,,,,,,,,,,,,,,,,,,31,,,,,,0,,,,,,,,,,,,,,,,,,,,,,,,,,,,
2013-12-11,PL1321LAGAREUH,Hitachi HDS5C4040ALE630,4000787030016,0,,0,,,,,,,,0,,,,,,5076,,,,,,,,,,,,,,,,,,,,,,,,,,,,,,27,,,,,,0,,,,,,,,,,,,,,,,,,,,,,,,,,,,
2013-12-11,JK1101B9KNEB7F,Hitachi HDS722020ALA330,2000398934016,0,,0,,,,,,,,0,,,,,,22862,,,,,,,,,,,,,,,,,,,,,,,,,,,,,,29,,,,,,0,,,,,,,,,,,,,,,,,,,,,,,,,,,,
2013-12-11,Z300PACC,ST4000DM000,4000787030016,0,,29922200,,,,,,,,0,,,,,,1233,,,,,,,,,,,,,,,,,,,,,,,,,,,,,,20,,,,,,0,,,,,,,,,,,,,,,,,,,,,,,,,,,,
2013-12-11,MJ0351YNGA3UNA,Hitachi HDS5C3030ALA630,3000592982016,0,,0,,,,,,,,0,,,,,,8214,,,,,,,,,,,,,,,,,,,,,,,,,,,,,,27,,,,,,0,,,,,,,,,,,,,,,,,,,,,,,,,,,,
2013-12-11,Z300PACX,ST4000DM000,4000787030016,0,,222335112,,,,,,,,0,,,,,,1450,,,,,,,,,,,,,,,,,,,,,,,,,,,,,,25,,,,,,0,,,,,,,,,,,,,,,,,,,,,,,,,,,,
2013-12-11,Z300VGKS,ST4000DM000,4000787030016,0,,34292896,,,,,,,,0,,,,,,919,,,,,,,,,,,,,,,,,,,,,,,,,,,,,,22,,,,,,0,,,,,,,,,,,,,,,,,,,,,,,,,,,,
2013-12-11,PL1311LAG3A4JH,Hitachi HDS5C4040ALE630,4000787030016,0,,0,,,,,,,,0,,,,,,5670,,,,,,,,,,,,,,,,,,,,,,,,,,,,,,19,,,,,,0,,,,,,,,,,,,,,,,,,,,,,,,,,,,
2013-12-11,JK1101B9JPGJKF,Hitachi HDS722020ALA330,2000398934016,0,,65536,,,,,,,,0,,,,,,23587,,,,,,,,,,,,,,,,,,,,,,,,,,,,,,31,,,,,,0,,,,,,,,,,,,,,,,,,,,,,,,,,,,
2013-12-11,6XW02FCC,ST31500541AS,1500301910016,0,,207787683,,,,,,,,0,,,,,,35750,,,,,,,,,,,,,,,,,,,,,,,,,,,,,,23,,,,,,0,,,,,,,,,,,,,,,,,,,,,,,,,,,,
2013-12-11,MJ1311YNG7KRKA,Hitachi HDS5C3030ALA630,3000592982016,0,,0,,,,,,,,0,,,,,,14596,,,,,,,,,,,,,,,,,,,,,,,,,,,,,,25,,,,,,2,,,,,,,,,,,,,,,,,,,,,,,,,,,,
2013-12-11,MJ0351YNG9ZNHA,Hitachi HDS5C3030ALA630,3000592982016,0,,0,,,,,,,,0,,,,,,9552,,,,,,,,,,,,,,,,,,,,,,,,,,,,,,32,,,,,,0,,,,,,,,,,,,,,,,,,,,,,,,,,,,
2013-12-11,WD-WCC070196914,WDC WD30EZRX,3000592982016,0,,0,,,,,,,,0,,,,,,8610,,,,,,,,,,,,,,,,,,,,,,,,,,,,,,25,,,,,,0,,,,,,,,,,,,,,,,,,,,,,,,,,,,
2013-12-11,MJ0351YNG9Z6AA,Hitachi HDS5C3030ALA630,3000592982016,0,,0,,,,,,,,0,,,,,,9553,,,,,,,,,,,,,,,,,,,,,,,,,,,,,,31,,,,,,0,,,,,,,,,,,,,,,,,,,,,,,,,,,,
2013-12-11,Z300PAC2,ST4000DM000,4000787030016,0,,172075096,,,,,,,,0,,,,,,1234,,,,,,,,,,,,,,,,,,,,,,,,,,,,,,21,,,,,,0,,,,,,,,,,,,,,,,,,,,,,,,,,,,
2013-12-11,S1F033TP,ST3000DM001,3000592982016,0,,179064576,,,,,,,,760,,,,,,14728,,,,,,,,,,,,,,,,,,,,,,,,,,,,,,26,,,,,,0,,,,,,,,,,,,,,,,,,,,,,,,,,,,
2013-12-11,W300J2PT,ST4000DM000,4000787030016,0,,17906920,,,,,,,,0,,,,,,815,,,,,,,,,,,,,,,,,,,,,,,,,,,,,,18,,,,,,0,,,,,,,,,,,,,,,,,,,,,,,,,,,,
2013-12-11,PL1321LAG36B0H,Hitachi HDS5C4040ALE630,4000787030016,0,,0,,,,,,,,0,,,,,,6654,,,,,,,,,,,,,,,,,,,,,,,,,,,,,,20,,,,,,0,,,,,,,,,,,,,,,,,,,,,,,,,,,,
2013-12-11,Z300WTVZ,ST4000DM000,4000787030016,0,,133958680,,,,,,,,0,,,,,,772,,,,,,,,,,,,,,,,,,,,,,,,,,,,,,20,,,,,,0,,,,,,,,,,,,,,,,,,,,,,,,,,,,
2013-12-11,S1F02W3N,ST3000DM001,3000592982016,0,,116814576,,,,,,,,0,,,,,,15401,,,,,,,,,,,,,,,,,,,,,,,,,,,,,,22,,,,,,0,,,,,,,,,,,,,,,,,,,,,,,,,,,,
2013-12-11,MJ0351YNG9ZPAA,Hitachi HDS5C3030ALA630,3000592982016,0,,0,,,,,,,,0,,,,,,9913,,,,,,,,,,,,,,,,,,,,,,,,,,,,,,32,,,,,,0,,,,,,,,,,,,,,,,,,,,,,,,,,,,
2013-12-11,6XW059CA,ST31500541AS,1500301910016,0,,168776368,,,,,,,,0,,,,,,4392,,,,,,,,,,,,,,,,,,,,,,,,,,,,,,21,,,,,,0,,,,,,,,,,,,,,,,,,,,,,,,,,,,
2013-12-11,MK0311YHGMUSHA,Hitachi HDS723030ALA640,3000592982016,0,,0,,,,,,,,0,,,,,,17016,,,,,,,,,,,,,,,,,,,,,,,,,,,,,,28,,,,,,0,,,,,,,,,,,,,,,,,,,,,,,,,,,,
2013-12-11,WD-WCAWZ1405917,WDC WD30EZRX,3000592982016,0,,0,,,,,,,,0,,,,,,10573,,,,,,,,,,,,,,,,,,,,,,,,,,,,,,25,,,,,,0,,,,,,,,,,,,,,,,,,,,,,,,,,,,
2013-12-11,WD-WCAU4A729142,WDC WD10EADS,1000204886016,0,,0,,,,,,,,0,,,,,,37155,,,,,,,,,,,,,,,,,,,,,,,,,,,,,,29,,,,,,0,,,,,,,,,,,,,,,,,,,,,,,,,,,,
2013-12-11,JK1105B8JKXSYX,Hitachi HDS722020ALA330,2000398934016,0,,0,,,,,,,,0,,,,,,22686,,,,,,,,,,,,,,,,,,,,,,,,,,,,,,26,,,,,,0,,,,,,,,,,,,,,,,,,,,,,,,,,,,
2013-12-11,MJ1311YNG7JRUA,Hitachi HDS5C3030ALA630,3000592982016,0,,0,,,,,,,,0,,,,,,14330,,,,,,,,,,,,,,,,,,,,,,,,,,,,,,31,,,,,,0,,,,,,,,,,,,,,,,,,,,,,,,,,,,
2013-12-11,6XW021WN,ST31500541AS,1500301910016,0,,63703835,,,,,,,,0,,,,,,35548,,,,,,,,,,,,,,,,,,,,,,,,,,,,,,23,,,,,,0,,,,,,,,,,,,,,,,,,,,,,,,,,,,
2013-12-11,MK0313YHGBAPKC,Hitachi HDS723030ALA640,3000592982016,0,,0,,,,,,,,0,,,,,,16804,,,,,,,,,,,,,,,,,,,,,,,,,,,,,,30,,,,,,0,,,,,,,,,,,,,,,,,,,,,,,,,,,,
2013-12-11,W300CXHM,ST4000DM000,4000787030016,0,,74948472,,,,,,,,0,,,,,,4047,,,,,,,,,,,,,,,,,,,,,,,,,,,,,,22,,,,,,0,,,,,,,,,,,,,,,,,,,,,,,,,,,,
2013-12-11,Z300PKYY,ST4000DM000,4000787030016,0,,223518688,,,,,,,,0,,,,,,1228,,,,,,,,,,,,,,,,,,,,,,,,,,,,,,18,,,,,,0,,,,,,,,,,,,,,,,,,,,,,,,,,,,
2013-12-11,Z300PKYZ,ST4000DM000,4000787030016,0,,191615736,,,,,,,,0,,,,,,1142,,,,,,,,,,,,,,,,,,,,,,,,,,,,,,24,,,,,,0,,,,,,,,,,,,,,,,,,,,,,,,,,,,
2013-12-11,PL2311LAG1PLZC,Hitachi HDS5C4040ALE630,4000787030016,0,,0,,,,,,,,0,,,,,,7419,,,,,,,,,,,,,,,,,,,,,,,,,,,,,,20,,,,,,0,,,,,,,,,,,,,,,,,,,,,,,,,,,,
2013-12-11,MJ1311YNG32N3A,Hitachi HDS5C3030ALA630,3000592982016,0,,0,,,,,,,,0,,,,,,18316,,,,,,,,,,,,,,,,,,,,,,,,,,,,,,23,,,,,,0,,,,,,,,,,,,,,,,,,,,,,,,,,,,
2013-12-11,W1F0A46K,ST3000DM001,3000592982016,0,,4854800,,,,,,,,0,,,,,,14732,,,,,,,,,,,,,,,,,,,,,,,,,,,,,,22,,,,,,0,,,,,,,,,,,,,,,,,,,,,,,,,,,,
2013-12-11,Z300J9LL,ST4000DM000,4000787030016,0,,36432664,,,,,,,,0,,,,,,2221,,,,,,,,,,,,,,,,,,,,,,,,,,,,,,27,,,,,,0,,,,,,,,,,,,,,,,,,,,,,,,,,,,
2013-12-11,JK11A8B9J95G9F,Hitachi HDS722020ALA330,2000398934016,0,,0,,,,,,,,0,,,,,,25661,,,,,,,,,,,,,,,,,,,,,,,,,,,,,,27,,,,,,0,,,,,,,,,,,,,,,,,,,,,,,,,,,,
2013-12-11,W1F0A46R,ST3000DM001,3000592982016,0,,90923576,,,,,,,,0,,,,,,14718,,,,,,,,,,,,,,,,,,,,,,,,,,,,,,21,,,,,,0,,,,,,,,,,,,,,,,,,,,,,,,,,,,
2013-12-11,W1F0P2FZ,ST3000DM001,3000592982016,0,,13836296,,,,,,,,0,,,,,,11050,,,,,,,,,,,,,,,,,,,,,,,,,,,,,,25,,,,,,0,,,,,,,,,,,,,,,,,,,,,,,,,,,,
2013-12-11,W1F0A46X,ST3000DM001,3000592982016,0,,128875944,,,,,,,,0,,,,,,14712,,,,,,,,,,,,,,,,,,,,,,,,,,,,,,20,,,,,,0,,,,,,,,,,,,,,,,,,,,,,,,,,,,
2013-12-11,WD-WMC1T1203693,WDC WD30EFRX,3000592982016,0,,0,,,,,,,,0,,,,,,7708,,,,,,,,,,,,,,,,,,,,,,,,,,,,,,28,,,,,,0,,,,,,,,,,,,,,,,,,,,,,,,,,,,
2013-12-11,JK11A8B9J798DF,Hitachi HDS722020ALA330,2000398934016,0,,0,,,,,,,,0,,,,,,23487,,,,,,,,,,,,,,,,,,,,,,,,,,,,,,24,,,,,,0,,,,,,,,,,,,,,,,,,,,,,,,,,,,
2013-12-11,W1F0A467,ST3000DM001,3000592982016,0,,229558680,,,,,,,,0,,,,,,14712,,,,,,,,,,,,,,,,,,,,,,,,,,,,,,25,,,,,,0,,,,,,,,,,,,,,,,,,,,,,,,,,,,
2013-12-11,W1F0A465,ST3000DM001,3000592982016,0,,38424240,,,,,,,,0,,,,,,14718,,,,,,,,,,,,,,,,,,,,,,,,,,,,,,26,,,,,,0,,,,,,,,,,,,,,,,,,,,,,,,,,,,
2013-12-11,MJ0351YNG9UYGA,Hitachi HDS5C3030ALA630,3000592982016,0,,0,,,,,,,,0,,,,,,9904,,,,,,,,,,,,,,,,,,,,,,,,,,,,,,24,,,,,,0,,,,,,,,,,,,,,,,,,,,,,,,,,,,
2013-12-11,Z1F042CG,ST3000DM001,3000592982016,0,,194016472,,,,,,,,0,,,,,,15950,,,,,,,,,,,,,,,,,,,,,,,,,,,,,,21,,,,,,0,,,,,,,,,,,,,,,,,,,,,,,,,,,,
2013-12-11,MJ1311YNG0V0EA,Hitachi HDS5C3030ALA630,3000592982016,0,,0,,,,,,,,0,,,,,,6701,,,,,,,,,,,,,,,,,,,,,,,,,,,,,,32,,,,,,0,,,,,,,,,,,,,,,,,,,,,,,,,,,,
2013-12-11,MJ1311YNG34A8A,Hitachi HDS5C3030ALA630,3000592982016,0,,0,,,,,,,,0,,,,,,19621,,,,,,,,,,,,,,,,,,,,,,,,,,,,,,25,,,,,,0,,,,,,,,,,,,,,,,,,,,,,,,,,,,
2013-12-11,PL1331LAG5AUYH,HGST HMS5C4040ALE640,4000787030016,0,,0,,,,,,,,0,,,,,,9402,,,,,,,,,,,,,,,,,,,,,,,,,,,,,,28,,,,,,0,,,,,,,,,,,,,,,,,,,,,,,,,,,,
2013-12-11,PL1321LAG3601H,Hitachi HDS5C4040ALE630,4000787030016,0,,0,,,,,,,,0,,,,,,5961,,,,,,,,,,,,,,,,,,,,,,,,,,,,,,21,,,,,,0,,,,,,,,,,,,,,,,,,,,,,,,,,,,
2013-12-11,S1F090VY,ST3000DM001,3000592982016,0,,199495656,,,,,,,,0,,,,,,12345,,,,,,,,,,,,,,,,,,,,,,,,,,,,,,24,,,,,,0,,,,,,,,,,,,,,,,,,,,,,,,,,,,
2013-12-11,JK1100B9GA54WE,Hitachi HDS722020ALA330,2000398934016,0,,0,,,,,,,,0,,,,,,27487,,,,,,,,,,,,,,,,,,,,,,,,,,,,,,27,,,,,,0,,,,,,,,,,,,,,,,,,,,,,,,,,,,
2013-12-11,9VS0V91R,ST31500341AS,1500301910016,0,,110327299,,,,,,,,52,,,,,,18352,,,,,,,,,,,,,,,,,,,,,,,,,,,,,,26,,,,,,0,,,,,,,,,,,,,,,,,,,,,,,,,,,,
2013-12-11,W1F09EZ1,ST3000DM001,3000592982016,0,,75267216,,,,,,,,0,,,,,,14718,,,,,,,,,,,,,,,,,,,,,,,,,,,,,,23,,,,,,0,,,,,,,,,,,,,,,,,,,,,,,,,,,,
2013-12-11,MJ1321YNG0K68A,Hitachi HDS5C3030ALA630,3000592982016,0,,0,,,,,,,,0,,,,,,20512,,,,,,,,,,,,,,,,,,,,,,,,,,,,,,25,,,,,,0,,,,,,,,,,,,,,,,,,,,,,,,,,,,
2013-12-11,S1F0SAC1,ST3000DM001,3000592982016,0,,13763008,,,,,,,,0,,,,,,11640,,,,,,,,,,,,,,,,,,,,,,,,,,,,,,22,,,,,,0,,,,,,,,,,,,,,,,,,,,,,,,,,,,
2013-12-11,Z3001HG6,ST4000DM000,4000787030016,0,,129786880,,,,,,,,0,,,,,,1838,,,,,,,,,,,,,,,,,,,,,,,,,,,,,,22,,,,,,0,,,,,,,,,,,,,,,,,,,,,,,,,,,,
2013-12-11,S1F0S5Z3,ST3000DM001,3000592982016,0,,165148056,,,,,,,,0,,,,,,10771,,,,,,,,,,,,,,,,,,,,,,,,,,,,,,24,,,,,,0,,,,,,,,,,,,,,,,,,,,,,,,,,,,
2013-12-11,S1F10V1N,ST3000DM001,3000592982016,0,,236673464,,,,,,,,0,,,,,,7992,,,,,,,,,,,,,,,,,,,,,,,,,,,,,,28,,,,,,0,,,,,,,,,,,,,,,,,,,,,,,,,,,,
2013-12-11,JK11A8B9J3BA5F,Hitachi HDS722020ALA330,2000398934016,0,,0,,,,,,,,0,,,,,,22703,,,,,,,,,,,,,,,,,,,,,,,,,,,,,,28,,,,,,0,,,,,,,,,,,,,,,,,,,,,,,,,,,,
2013-12-11,JK1101B9JPLH5F,Hitachi HDS722020ALA330,2000398934016,0,,0,,,,,,,,0,,,,,,23948,,,,,,,,,,,,,,,,,,,,,,,,,,,,,,24,,,,,,0,,,,,,,,,,,,,,,,,,,,,,,,,,,,
2013-12-11,JK1101B9GHNWGF,Hitachi HDS722020ALA330,2000398934016,0,,0,,,,,,,,0,,,,,,26480,,,,,,,,,,,,,,,,,,,,,,,,,,,,,,27,,,,,,0,,,,,,,,,,,,,,,,,,,,,,,,,,,,
2013-12-11,Z300PMCC,ST4000DM000,4000787030016,0,,195168016,,,,,,,,0,,,,,,1227,,,,,,,,,,,,,,,,,,,,,,,,,,,,,,19,,,,,,0,,,,,,,,,,,,,,,,,,,,,,,,,,,,
2013-12-11,PL1321LAG3509H,Hitachi HDS5C4040ALE630,4000787030016,0,,0,,,,,,,,0,,,,,,6650,,,,,,,,,,,,,,,,,,,,,,,,,,,,,,22,,,,,,0,,,,,,,,,,,,,,,,,,,,,,,,,,,,
2013-12-11,JK1131YAGGX7ZV,Hitachi HDS722020ALA330,2000398934016,0,,0,,,,,,,,0,,,,,,5193,,,,,,,,,,,,,,,,,,,,,,,,,,,,,,32,,,,,,0,,,,,,,,,,,,,,,,,,,,,,,,,,,,
2013-12-11,W1F08DE7,ST3000DM001,3000592982016,0,,174390416,,,,,,,,0,,,,,,16199,,,,,,,,,,,,,,,,,,,,,,,,,,,,,,20,,,,,,0,,,,,,,,,,,,,,,,,,,,,,,,,,,,
2013-12-11,S1F0A634,ST3000DM001,3000592982016,0,,243318296,,,,,,,,0,,,,,,12420,,,,,,,,,,,,,,,,,,,,,,,,,,,,,,36,,,,,,0,,,,,,,,,,,,,,,,,,,,,,,,,,,,
2013-12-11,MJ1311YNG3LWBA,Hitachi HDS5C3030ALA630,3000592982016,0,,0,,,,,,,,0,,,,,,19310,,,,,,,,,,,,,,,,,,,,,,,,,,,,,,27,,,,,,0,,,,,,,,,,,,,,,,,,,,,,,,,,,,
2013-12-11,Z300GPGT,ST4000DM000,4000787030016,0,,206830408,,,,,,,,0,,,,,,3582,,,,,,,,,,,,,,,,,,,,,,,,,,,,,,22,,,,,,0,,,,,,,,,,,,,,,,,,,,,,,,,,,,
2013-12-11,MK0311YHGJB9BA,Hitachi HDS723030ALA640,3000592982016,0,,12058624,,,,,,,,0,,,,,,21460,,,,,,,,,,,,,,,,,,,,,,,,,,,,,,25,,,,,,0,,,,,,,,,,,,,,,,,,,,,,,,,,,,
2013-12-11,MK0311YHG4YSVA,Hitachi HDS723030ALA640,3000592982016,0,,0,,,,,,,,0,,,,,,21793,,,,,,,,,,,,,,,,,,,,,,,,,,,,,,25,,,,,,0,,,,,,,,,,,,,,,,,,,,,,,,,,,,
2013-12-11,S1F0GHJ1,ST3000DM001,3000592982016,0,,200325120,,,,,,,,0,,,,,,11722,,,,,,,,,,,,,,,,,,,,,,,,,,,,,,23,,,,,,0,,,,,,,,,,,,,,,,,,,,,,,,,,,,
2013-12-11,Z300PMCH,ST4000DM000,4000787030016,0,,126752904,,,,,,,,0,,,,,,1233,,,,,,,,,,,,,,,,,,,,,,,,,,,,,,21,,,,,,0,,,,,,,,,,,,,,,,,,,,,,,,,,,,
2013-12-11,9XW0338H,ST31500541AS,1500301910016,0,,107920186,,,,,,,,0,,,,,,33327,,,,,,,,,,,,,,,,,,,,,,,,,,,,,,22,,,,,,0,,,,,,,,,,,,,,,,,,,,,,,,,,,,
2013-12-11,MJ1311YNG5NMAA,Hitachi HDS5C3030ALA630,3000592982016,0,,0,,,,,,,,0,,,,,,14310,,,,,,,,,,,,,,,,,,,,,,,,,,,,,,26,,,,,,0,,,,,,,,,,,,,,,,,,,,,,,,,,,,
2013-12-11,MJ1321YNG172WA,Hitachi HDS5C3030ALA630,3000592982016,0,,0,,,,,,,,0,,,,,,20067,,,,,,,,,,,,,,,,,,,,,,,,,,,,,,23,,,,,,0,,,,,,,,,,,,,,,,,,,,,,,,,,,,
2013-12-11,MJ0351YNG9VUAA,Hitachi HDS5C3030ALA630,3000592982016,0,,0,,,,,,,,0,,,,,,9311,,,,,,,,,,,,,,,,,,,,,,,,,,,,,,30,,,,,,0,,,,,,,,,,,,,,,,,,,,,,,,,,,,
2013-12-11,WD-WCAWZ1130650,WDC WD30EZRX,3000592982016,0,,0,,,,,,,,0,,,,,,17991,,,,,,,,,,,,,,,,,,,,,,,,,,,,,,24,,,,,,3,,,,,,,,,,,,,,,,,,,,,,,,,,,,
2013-12-11,PL1311LAG3BADH,Hitachi HDS5C4040ALE630,4000787030016,0,,0,,,,,,,,0,,,,,,5962,,,,,,,,,,,,,,,,,,,,,,,,,,,,,,19,,,,,,0,,,,,,,,,,,,,,,,,,,,,,,,,,,,
2013-12-11,9VS1JFDW,ST31500341AS,1500301910016,0,,240126835,,,,,,,,5,,,,,,40240,,,,,,,,,,,,,,,,,,,,,,,,,,,,,,23,,,,,,0,,,,,,,,,,,,,,,,,,,,,,,,,,,,
2013-12-11,W1F00SYL,ST3000DM001,3000592982016,0,,120908848,,,,,,,,0,,,,,,4378,,,,,,,,,,,,,,,,,,,,,,,,,,,,,,27,,,,,,0,,,,,,,,,,,,,,,,,,,,,,,,,,,,
2013-12-11,JK1130YAG1A51T,Hitachi HDS722020ALA330,2000398934016,0,,131077,,,,,,,,0,,,,,,13928,,,,,,,,,,,,,,,,,,,,,,,,,,,,,,28,,,,,,0,,,,,,,,,,,,,,,,,,,,,,,,,,,,
2013-12-11,JK11A8B9J7W60F,Hitachi HDS722020ALA330,2000398934016,0,,262145,,,,,,,,0,,,,,,24666,,,,,,,,,,,,,,,,,,,,,,,,,,,,,,27,,,,,,0,,,,,,,,,,,,,,,,,,,,,,,,,,,,
2013-12-11,MJ1311YNG6G17A,Hitachi HDS5C3030ALA630,3000592982016,0,,0,,,,,,,,0,,,,,,19582,,,,,,,,,,,,,,,,,,,,,,,,,,,,,,23,,,,,,0,,,,,,,,,,,,,,,,,,,,,,,,,,,,
2013-12-11,S1F02QAW,ST3000DM001,3000592982016,0,,221001896,,,,,,,,0,,,,,,16192,,,,,,,,,,,,,,,,,,,,,,,,,,,,,,22,,,,,,0,,,,,,,,,,,,,,,,,,,,,,,,,,,,
2013-12-11,PL2311LAG1RBLC,Hitachi HDS5C4040ALE630,4000787030016,0,,0,,,,,,,,0,,,,,,7417,,,,,,,,,,,,,,,,,,,,,,,,,,,,,,22,,,,,,0,,,,,,,,,,,,,,,,,,,,,,,,,,,,
2013-12-11,S1F06W2G,ST3000DM001,3000592982016,0,,213088920,,,,,,,,0,,,,,,13913,,,,,,,,,,,,,,,,,,,,,,,,,,,,,,24,,,,,,0,,,,,,,,,,,,,,,,,,,,,,,,,,,,
2013-12-11,Z1F0V4PN,ST3000DM001,3000592982016,0,,164069368,,,,,,,,0,,,,,,10349,,,,,,,,,,,,,,,,,,,,,,,,,,,,,,33,,,,,,0,,,,,,,,,,,,,,,,,,,,,,,,,,,,
2013-12-11,6XW1EJN2,ST32000542AS,2000398934016,0,,171674660,,,,,,,,0,,,,,,15217,,,,,,,,,,,,,,,,,,,,,,,,,,,,,,20,,,,,,0,,,,,,,,,,,,,,,,,,,,,,,,,,,,
2013-12-11,S1F02JWA,ST3000DM001,3000592982016,0,,60812864,,,,,,,,0,,,,,,15224,,,,,,,,,,,,,,,,,,,,,,,,,,,,,,19,,,,,,0,,,,,,,,,,,,,,,,,,,,,,,,,,,,
2013-12-11,MK0311YHGH7J4A,Hitachi HDS723030ALA640,3000592982016,0,,65536,,,,,,,,4,,,,,,16077,,,,,,,,,,,,,,,,,,,,,,,,,,,,,,30,,,,,,0,,,,,,,,,,,,,,,,,,,,,,,,,,,,
2013-12-11,MJ0351YNGA6XWA,Hitachi HDS5C3030ALA630,3000592982016,0,,0,,,,,,,,0,,,,,,9163,,,,,,,,,,,,,,,,,,,,,,,,,,,,,,30,,,,,,0,,,,,,,,,,,,,,,,,,,,,,,,,,,,
2013-12-11,PL1311LAG3E8RH,Hitachi HDS5C4040ALE630,4000787030016,0,,0,,,,,,,,0,,,,,,5931,,,,,,,,,,,,,,,,,,,,,,,,,,,,,,27,,,,,,0,,,,,,,,,,,,,,,,,,,,,,,,,,,,
2013-12-11,MJ0351YNGA5EMA,Hitachi HDS5C3030ALA630,3000592982016,0,,0,,,,,,,,0,,,,,,9315,,,,,,,,,,,,,,,,,,,,,,,,,,,,,,30,,,,,,0,,,,,,,,,,,,,,,,,,,,,,,,,,,,
2013-12-11,6XW0YKC2,ST31500541AS,1500301910016,0,,105300296,,,,,,,,0,,,,,,31097,,,,,,,,,,,,,,,,,,,,,,,,,,,,,,22,,,,,,0,,,,,,,,,,,,,,,,,,,,,,,,,,,,
2013-12-11,MJ1311YNG7K46A,Hitachi HDS5C3030ALA630,3000592982016,0,,0,,,,,,,,0,,,,,,14682,,,,,,,,,,,,,,,,,,,,,,,,,,,,,,18,,,,,,0,,,,,,,,,,,,,,,,,,,,,,,,,,,,
2013-12-11,MK0313YHGNRMUC,Hitachi HDS723030ALA640,3000592982016,0,,2,,,,,,,,0,,,,,,17009,,,,,,,,,,,,,,,,,,,,,,,,,,,,,,31,,,,,,0,,,,,,,,,,,,,,,,,,,,,,,,,,,,
2013-12-11,MS79215X099HNA,Hitachi HDS723030BLE640,3000592982016,0,,0,,,,,,,,0,,,,,,5064,,,,,,,,,,,,,,,,,,,,,,,,,,,,,,24,,,,,,0,,,,,,,,,,,,,,,,,,,,,,,,,,,,
2013-12-11,MK0311YHGKL87A,Hitachi HDS723030ALA640,3000592982016,0,,4980736,,,,,,,,0,,,,,,21458,,,,,,,,,,,,,,,,,,,,,,,,,,,,,,29,,,,,,0,,,,,,,,,,,,,,,,,,,,,,,,,,,,
2013-12-11,W1F0BX0F,ST3000DM001,3000592982016,0,,10143368,,,,,,,,0,,,,,,6537,,,,,,,,,,,,,,,,,,,,,,,,,,,,,,25,,,,,,0,,,,,,,,,,,,,,,,,,,,,,,,,,,,
2013-12-11,Z1F1D526,ST3000DM001,3000592982016,0,,61776488,,,,,,,,0,,,,,,2689,,,,,,,,,,,,,,,,,,,,,,,,,,,,,,28,,,,,,0,,,,,,,,,,,,,,,,,,,,,,,,,,,,
2013-12-11,PK1331PAJ28L1S,HGST HDS724040ALE640,4000787030016,0,,0,,,,,,,,0,,,,,,2026,,,,,,,,,,,,,,,,,,,,,,,,,,,,,,24,,,,,,0,,,,,,,,,,,,,,,,,,,,,,,,,,,,
2013-12-11,6XW07KKW,ST31500541AS,1500301910016,0,,80875439,,,,,,,,0,,,,,,31396,,,,,,,,,,,,,,,,,,,,,,,,,,,,,,17,,,,,,0,,,,,,,,,,,,,,,,,,,,,,,,,,,,
2013-12-11,JK1101B9JPVHXF,Hitachi HDS722020ALA330,2000398934016,0,,0,,,,,,,,241,,,,,,22299,,,,,,,,,,,,,,,,,,,,,,,,,,,,,,31,,,,,,0,,,,,,,,,,,,,,,,,,,,,,,,,,,,
2013-12-11,JK1175YAK92K7X,Hitachi HDS722020ALA330,2000398934016,0,,327684,,,,,,,,0,,,,,,29653,,,,,,,,,,,,,,,,,,,,,,,,,,,,,,24,,,,,,0,,,,,,,,,,,,,,,,,,,,,,,,,,,,
2013-12-11,MJ1311YNG37L6A,Hitachi HDS5C3030ALA630,3000592982016,0,,0,,,,,,,,0,,,,,,18947,,,,,,,,,,,,,,,,,,,,,,,,,,,,,,25,,,,,,0,,,,,,,,,,,,,,,,,,,,,,,,,,,,
2013-12-11,W300E03Y,ST4000DM000,4000787030016,0,,198531112,,,,,,,,0,,,,,,4139,,,,,,,,,,,,,,,,,,,,,,,,,,,,,,22,,,,,,0,,,,,,,,,,,,,,,,,,,,,,,,,,,,
2013-12-11,PL1311LAG2SVEH,Hitachi HDS5C4040ALE630,4000787030016,0,,0,,,,,,,,0,,,,,,6993,,,,,,,,,,,,,,,,,,,,,,,,,,,,,,23,,,,,,0,,,,,,,,,,,,,,,,,,,,,,,,,,,,
2013-12-11,Z300WP2Q,ST4000DM000,4000787030016,0,,173491672,,,,,,,,0,,,,,,923,,,,,,,,,,,,,,,,,,,,,,,,,,,,,,26,,,,,,0,,,,,,,,,,,,,,,,,,,,,,,,,,,,
2013-12-11,6XW1DAFA,ST31500541AS,1500301910016,0,,233185348,,,,,,,,0,,,,,,10942,,,,,,,,,,,,,,,,,,,,,,,,,,,,,,21,,,,,,0,,,,,,,,,,,,,,,,,,,,,,,,,,,,
2013-12-11,PL1311LAG3BS4H,Hitachi HDS5C4040ALE630,4000787030016,0,,0,,,,,,,,0,,,,,,5058,,,,,,,,,,,,,,,,,,,,,,,,,,,,,,29,,,,,,0,,,,,,,,,,,,,,,,,,,,,,,,,,,,
2013-12-11,JK11A4B8J3ZDEW,Hitachi HDS722020ALA330,2000398934016,0,,0,,,,,,,,0,,,,,,25122,,,,,,,,,,,,,,,,,,,,,,,,,,,,,,32,,,,,,0,,,,,,,,,,,,,,,,,,,,,,,,,,,,
2013-12-11,MJ1311YNG6BBLA,Hitachi HDS5C3030ALA630,3000592982016,0,,0,,,,,,,,0,,,,,,14685,,,,,,,,,,,,,,,,,,,,,,,,,,,,,,17,,,,,,0,,,,,,,,,,,,,,,,,,,,,,,,,,,,
2013-12-11,JK1105B8GG3S3X,Hitachi HDS722020ALA330,2000398934016,0,,65536,,,,,,,,0,,,,,,27221,,,,,,,,,,,,,,,,,,,,,,,,,,,,,,30,,,,,,0,,,,,,,,,,,,,,,,,,,,,,,,,,,,
2013-12-11,Z1F03207,ST3000DM001,3000592982016,0,,101249400,,,,,,,,0,,,,,,14764,,,,,,,,,,,,,,,,,,,,,,,,,,,,,,26,,,,,,0,,,,,,,,,,,,,,,,,,,,,,,,,,,,
2013-12-11,W1F0Z5PE,ST3000DM001,3000592982016,0,,175206096,,,,,,,,0,,,,,,10727,,,,,,,,,,,,,,,,,,,,,,,,,,,,,,24,,,,,,0,,,,,,,,,,,,,,,,,,,,,,,,,,,,
2013-12-11,MJ0351YNG9KTBA,Hitachi HDS5C3030ALA630,3000592982016,0,,0,,,,,,,,0,,,,,,9975,,,,,,,,,,,,,,,,,,,,,,,,,,,,,,27,,,,,,0,,,,,,,,,,,,,,,,,,,,,,,,,,,,
2013-12-11,MJ1311YNG3K4HA,Hitachi HDS5C3030ALA630,3000592982016,0,,0,,,,,,,,0,,,,,,19254,,,,,,,,,,,,,,,,,,,,,,,,,,,,,,27,,,,,,0,,,,,,,,,,,,,,,,,,,,,,,,,,,,
2013-12-11,JK11A4B8JR5NMW,Hitachi HDS722020ALA330,2000398934016,0,,0,,,,,,,,0,,,,,,23821,,,,,,,,,,,,,,,,,,,,,,,,,,,,,,27,,,,,,0,,,,,,,,,,,,,,,,,,,,,,,,,,,,
2013-12-11,JK11A4B8HW120W,Hitachi HDS722020ALA330,2000398934016,0,,0,,,,,,,,0,,,,,,26027,,,,,,,,,,,,,,,,,,,,,,,,,,,,,,28,,,,,,0,,,,,,,,,,,,,,,,,,,,,,,,,,,,
2013-12-11,JK11A8B9J7HW2F,Hitachi HDS722020ALA330,2000398934016,0,,0,,,,,,,,0,,,,,,23318,,,,,,,,,,,,,,,,,,,,,,,,,,,,,,34,,,,,,0,,,,,,,,,,,,,,,,,,,,,,,,,,,,
2013-12-11,JK1175YAHU78PX,Hitachi HDS722020ALA330,2000398934016,0,,5,,,,,,,,0,,,,,,30501,,,,,,,,,,,,,,,,,,,,,,,,,,,,,,32,,,,,,0,,,,,,,,,,,,,,,,,,,,,,,,,,,,
2013-12-11,JK11A8B9J34BKF,Hitachi HDS722020ALA330,2000398934016,0,,0,,,,,,,,4,,,,,,24501,,,,,,,,,,,,,,,,,,,,,,,,,,,,,,32,,,,,,1,,,,,,,,,,,,,,,,,,,,,,,,,,,,
2013-12-11,MJ1323YNG1R5MC,Hitachi HDS5C3030ALA630,3000592982016,0,,0,,,,,,,,0,,,,,,19727,,,,,,,,,,,,,,,,,,,,,,,,,,,,,,25,,,,,,0,,,,,,,,,,,,,,,,,,,,,,,,,,,,
2013-12-11,9XK0HEEK,ST33000651AS,3000592982016,0,,184362715,,,,,,,,0,,,,,,16743,,,,,,,,,,,,,,,,,,,,,,,,,,,,,,25,,,,,,0,,,,,,,,,,,,,,,,,,,,,,,,,,,,
2013-12-11,JK11A8B9J8TEDF,Hitachi HDS722020ALA330,2000398934016,0,,0,,,,,,,,0,,,,,,25580,,,,,,,,,,,,,,,,,,,,,,,,,,,,,,27,,,,,,0,,,,,,,,,,,,,,,,,,,,,,,,,,,,
2013-12-11,9VS22LSW,ST31500341AS,1500301910016,0,,12350286,,,,,,,,4,,,,,,35523,,,,,,,,,,,,,,,,,,,,,,,,,,,,,,27,,,,,,0,,,,,,,,,,,,,,,,,,,,,,,,,,,,
2013-12-11,6XW07HKR,ST31500541AS,1500301910016,0,,153635581,,,,,,,,0,,,,,,29690,,,,,,,,,,,,,,,,,,,,,,,,,,,,,,24,,,,,,0,,,,,,,,,,,,,,,,,,,,,,,,,,,,
2013-12-11,MJ1321YNG0J3YA,Hitachi HDS5C3030ALA630,3000592982016,0,,0,,,,,,,,0,,,,,,20480,,,,,,,,,,,,,,,,,,,,,,,,,,,,,,27,,,,,,0,,,,,,,,,,,,,,,,,,,,,,,,,,,,
2013-12-11,MJ0351YNG9VX1A,Hitachi HDS5C3030ALA630,3000592982016,0,,0,,,,,,,,0,,,,,,9672,,,,,,,,,,,,,,,,,,,,,,,,,,,,,,27,,,,,,0,,,,,,,,,,,,,,,,,,,,,,,,,,,,
2013-12-11,9VS4XEZN,ST31500341AS,1500301910016,0,,43987314,,,,,,,,133,,,,,,5651,,,,,,,,,,,,,,,,,,,,,,,,,,,,,,32,,,,,,0,,,,,,,,,,,,,,,,,,,,,,,,,,,,
2013-12-11,PL1311LAG3AK0H,Hitachi HDS5C4040ALE630,4000787030016,0,,0,,,,,,,,0,,,,,,5037,,,,,,,,,,,,,,,,,,,,,,,,,,,,,,28,,,,,,0,,,,,,,,,,,,,,,,,,,,,,,,,,,,
2013-12-11,JK1105B8GHJZTX,Hitachi HDS722020ALA330,2000398934016,0,,1,,,,,,,,0,,,,,,27213,,,,,,,,,,,,,,,,,,,,,,,,,,,,,,27,,,,,,0,,,,,,,,,,,,,,,,,,,,,,,,,,,,
2013-12-11,5XW05S1N,ST31500541AS,1500301910016,0,,220443150,,,,,,,,0,,,,,,35226,,,,,,,,,,,,,,,,,,,,,,,,,,,,,,21,,,,,,0,,,,,,,,,,,,,,,,,,,,,,,,,,,,
2013-12-11,MJ1311YNG5D1HA,Hitachi HDS5C3030ALA630,3000592982016,0,,0,,,,,,,,0,,,,,,14574,,,,,,,,,,,,,,,,,,,,,,,,,,,,,,25,,,,,,0,,,,,,,,,,,,,,,,,,,,,,,,,,,,
2013-12-11,JK11A8B9J34NLF,Hitachi HDS722020ALA330,2000398934016,0,,0,,,,,,,,0,,,,,,23829,,,,,,,,,,,,,,,,,,,,,,,,,,,,,,26,,,,,,0,,,,,,,,,,,,,,,,,,,,,,,,,,,,
2013-12-11,S1F047K2,ST3000DM001,3000592982016,0,,137310672,,,,,,,,0,,,,,,13819,,,,,,,,,,,,,,,,,,,,,,,,,,,,,,23,,,,,,0,,,,,,,,,,,,,,,,,,,,,,,,,,,,
2013-12-11,JK11A4B8JR75HW,Hitachi HDS722020ALA330,2000398934016,0,,0,,,,,,,,0,,,,,,23821,,,,,,,,,,,,,,,,,,,,,,,,,,,,,,24,,,,,,0,,,,,,,,,,,,,,,,,,,,,,,,,,,,
2013-12-11,S1F047K7,ST3000DM001,3000592982016,0,,98291520,,,,,,,,0,,,,,,16176,,,,,,,,,,,,,,,,,,,,,,,,,,,,,,26,,,,,,0,,,,,,,,,,,,,,,,,,,,,,,,,,,,
2013-12-11,Z290SRFW,ST33000651AS,3000592982016,0,,83050625,,,,,,,,0,,,,,,17742,,,,,,,,,,,,,,,,,,,,,,,,,,,,,,23,,,,,,0,,,,,,,,,,,,,,,,,,,,,,,,,,,,
2013-12-11,PL1311LAG15PDA,Hitachi HDS5C4040ALE630,4000787030016,0,,0,,,,,,,,0,,,,,,7453,,,,,,,,,,,,,,,,,,,,,,,,,,,,,,19,,,,,,0,,,,,,,,,,,,,,,,,,,,,,,,,,,,
2013-12-11,MJ0351YNG9YLTA,Hitachi HDS5C3030ALA630,3000592982016,0,,0,,,,,,,,0,,,,,,9975,,,,,,,,,,,,,,,,,,,,,,,,,,,,,,29,,,,,,0,,,,,,,,,,,,,,,,,,,,,,,,,,,,
2013-12-11,Z1Z03HW3,ST4000DX000,4000787030016,0,,242279648,,,,,,,,0,,,,,,5039,,,,,,,,,,,,,,,,,,,,,,,,,,,,,,35,,,,,,0,,,,,,,,,,,,,,,,,,,,,,,,,,,,
2013-12-11,W1F09C1P,ST3000DM001,3000592982016,0,,176379496,,,,,,,,0,,,,,,14234,,,,,,,,,,,,,,,,,,,,,,,,,,,,,,22,,,,,,0,,,,,,,,,,,,,,,,,,,,,,,,,,,,
2013-12-11,JK11A8B9J69N0F,Hitachi HDS722020ALA330,2000398934016,0,,0,,,,,,,,0,,,,,,24544,,,,,,,,,,,,,,,,,,,,,,,,,,,,,,28,,,,,,0,,,,,,,,,,,,,,,,,,,,,,,,,,,,
2013-12-11,W1F0AQXL,ST3000DM001,3000592982016,0,,117140864,,,,,,,,0,,,,,,13359,,,,,,,,,,,,,,,,,,,,,,,,,,,,,,23,,,,,,0,,,,,,,,,,,,,,,,,,,,,,,,,,,,
2013-12-11,Z300MZJB,ST4000DM000,4000787030016,0,,92916976,,,,,,,,0,,,,,,2873,,,,,,,,,,,,,,,,,,,,,,,,,,,,,,20,,,,,,0,,,,,,,,,,,,,,,,,,,,,,,,,,,,
2013-12-11,JK11A8YBKYSD6F,Hitachi HDS722020ALA330,2000398934016,0,,0,,,,,,,,0,,,,,,27861,,,,,,,,,,,,,,,,,,,,,,,,,,,,,,23,,,,,,0,,,,,,,,,,,,,,,,,,,,,,,,,,,,
2013-12-11,WD-WCAU47320886,WDC WD10EADS,1000204886016,0,,0,,,,,,,,0,,,,,,40749,,,,,,,,,,,,,,,,,,,,,,,,,,,,,,32,,,,,,0,,,,,,,,,,,,,,,,,,,,,,,,,,,,
2013-12-11,Z1F0QRAN,ST3000DM001,3000592982016,0,,187684656,,,,,,,,0,,,,,,11050,,,,,,,,,,,,,,,,,,,,,,,,,,,,,,26,,,,,,0,,,,,,,,,,,,,,,,,,,,,,,,,,,,
2013-12-11,S1F0S363,ST3000DM001,3000592982016,0,,177256320,,,,,,,,0,,,,,,10760,,,,,,,,,,,,,,,,,,,,,,,,,,,,,,27,,,,,,0,,,,,,,,,,,,,,,,,,,,,,,,,,,,
2013-12-11,PL1321LAG323SH,Hitachi HDS5C4040ALE630,4000787030016,0,,0,,,,,,,,0,,,,,,5950,,,,,,,,,,,,,,,,,,,,,,,,,,,,,,20,,,,,,0,,,,,,,,,,,,,,,,,,,,,,,,,,,,
2013-12-11,MK0311YHG305BA,Hitachi HDS723030ALA640,3000592982016,0,,0,,,,,,,,870,,,,,,22347,,,,,,,,,,,,,,,,,,,,,,,,,,,,,,24,,,,,,0,,,,,,,,,,,,,,,,,,,,,,,,,,,,
2013-12-11,W1F0QSDL,ST3000DM001,3000592982016,0,,92605904,,,,,,,,0,,,,,,12617,,,,,,,,,,,,,,,,,,,,,,,,,,,,,,21,,,,,,0,,,,,,,,,,,,,,,,,,,,,,,,,,,,
2013-12-11,PL1331LAGBG9PH,Hitachi HDS5C4040ALE630,4000787030016,0,,0,,,,,,,,0,,,,,,5077,,,,,,,,,,,,,,,,,,,,,,,,,,,,,,24,,,,,,0,,,,,,,,,,,,,,,,,,,,,,,,,,,,
2013-12-11,JK1101B9KLSLMF,Hitachi HDS722020ALA330,2000398934016,0,,0,,,,,,,,0,,,,,,23099,,,,,,,,,,,,,,,,,,,,,,,,,,,,,,27,,,,,,0,,,,,,,,,,,,,,,,,,,,,,,,,,,,
2013-12-11,6XW03A9L,ST31500541AS,1500301910016,0,,190053399,,,,,,,,0,,,,,,36638,,,,,,,,,,,,,,,,,,,,,,,,,,,,,,21,,,,,,0,,,,,,,,,,,,,,,,,,,,,,,,,,,,
2013-12-11,JK11A8B9J7BMUF,Hitachi HDS722020ALA330,2000398934016,0,,1,,,,,,,,0,,,,,,25541,,,,,,,,,,,,,,,,,,,,,,,,,,,,,,27,,,,,,0,,,,,,,,,,,,,,,,,,,,,,,,,,,,
2013-12-11,MJ1311YNG3G6BA,Hitachi HDS5C3030ALA630,3000592982016,0,,0,,,,,,,,0,,,,,,18928,,,,,,,,,,,,,,,,,,,,,,,,,,,,,,26,,,,,,0,,,,,,,,,,,,,,,,,,,,,,,,,,,,
2013-12-11,MJ0351YNG9YZ5A,Hitachi HDS5C3030ALA630,3000592982016,0,,0,,,,,,,,0,,,,,,10000,,,,,,,,,,,,,,,,,,,,,,,,,,,,,,32,,,,,,0,,,,,,,,,,,,,,,,,,,,,,,,,,,,
2013-12-11,JK11A4B8HY1JWW,Hitachi HDS722020ALA330,2000398934016,0,,0,,,,,,,,0,,,,,,25123,,,,,,,,,,,,,,,,,,,,,,,,,,,,,,29,,,,,,0,,,,,,,,,,,,,,,,,,,,,,,,,,,,
2013-12-11,6XW057V6,ST31500541AS,1500301910016,0,,39050018,,,,,,,,0,,,,,,36960,,,,,,,,,,,,,,,,,,,,,,,,,,,,,,23,,,,,,0,,,,,,,,,,,,,,,,,,,,,,,,,,,,
2013-12-11,MJ1311YNG0KVYA,Hitachi HDS5C3030ALA630,3000592982016,0,,0,,,,,,,,0,,,,,,20733,,,,,,,,,,,,,,,,,,,,,,,,,,,,,,27,,,,,,0,,,,,,,,,,,,,,,,,,,,,,,,,,,,
2013-12-11,W300CGNS,ST4000DM000,4000787030016,0,,185040768,,,,,,,,0,,,,,,4167,,,,,,,,,,,,,,,,,,,,,,,,,,,,,,27,,,,,,0,,,,,,,,,,,,,,,,,,,,,,,,,,,,
2013-12-11,MJ1311YNG7KT4A,Hitachi HDS5C3030ALA630,3000592982016,0,,0,,,,,,,,0,,,,,,14596,,,,,,,,,,,,,,,,,,,,,,,,,,,,,,28,,,,,,0,,,,,,,,,,,,,,,,,,,,,,,,,,,,
2013-12-11,MJ0351YNG9SWBA,Hitachi HDS5C3030ALA630,3000592982016,0,,0,,,,,,,,0,,,,,,9191,,,,,,,,,,,,,,,,,,,,,,,,,,,,,,27,,,,,,0,,,,,,,,,,,,,,,,,,,,,,,,,,,,
2013-12-11,WD-WMC4N1066766,WDC WD30EFRX,3000592982016,0,,0,,,,,,,,0,,,,,,326,,,,,,,,,,,,,,,,,,,,,,,,,,,,,,28,,,,,,0,,,,,,,,,,,,,,,,,,,,,,,,,,,,
2013-12-11,6XW046X2,ST31500541AS,1500301910016,0,,25358115,,,,,,,,0,,,,,,36383,,,,,,,,,,,,,,,,,,,,,,,,,,,,,,19,,,,,,0,,,,,,,,,,,,,,,,,,,,,,,,,,,,
2013-12-11,JK1101B9JRM6LF,Hitachi HDS722020ALA330,2000398934016,0,,0,,,,,,,,0,,,,,,23125,,,,,,,,,,,,,,,,,,,,,,,,,,,,,,27,,,,,,0,,,,,,,,,,,,,,,,,,,,,,,,,,,,
2013-12-11,Z290YEWS,ST33000651AS,3000592982016,0,,212133731,,,,,,,,0,,,,,,17741,,,,,,,,,,,,,,,,,,,,,,,,,,,,,,22,,,,,,0,,,,,,,,,,,,,,,,,,,,,,,,,,,,
2013-12-11,6XW0QDA3,ST31500541AS,1500301910016,0,,142245606,,,,,,,,0,,,,,,28534,,,,,,,,,,,,,,,,,,,,,,,,,,,,,,20,,,,,,0,,,,,,,,,,,,,,,,,,,,,,,,,,,,
2013-12-11,Z252MZ8AS,TOSHIBA DT01ACA300,3000592982016,0,,0,,,,,,,,0,,,,,,6612,,,,,,,,,,,,,,,,,,,,,,,,,,,,,,26,,,,,,0,,,,,,,,,,,,,,,,,,,,,,,,,,,,
2013-12-11,9VS2855H,ST31500341AS,1500301910016,0,,181461223,,,,,,,,18,,,,,,38492,,,,,,,,,,,,,,,,,,,,,,,,,,,,,,19,,,,,,0,,,,,,,,,,,,,,,,,,,,,,,,,,,,
2013-12-11,W300AF73,ST4000DM000,4000787030016,0,,229511984,,,,,,,,0,,,,,,4183,,,,,,,,,,,,,,,,,,,,,,,,,,,,,,25,,,,,,0,,,,,,,,,,,,,,,,,,,,,,,,,,,,
2013-12-11,S1F0CSMB,ST3000DM001,3000592982016,0,,63286504,,,,,,,,208,,,,,,12399,,,,,,,,,,,,,,,,,,,,,,,,,,,,,,25,,,,,,0,,,,,,,,,,,,,,,,,,,,,,,,,,,,
2013-12-11,MJ0351YNGA3Y8A,Hitachi HDS5C3030ALA630,3000592982016,0,,0,,,,,,,,0,,,,,,9312,,,,,,,,,,,,,,,,,,,,,,,,,,,,,,29,,,,,,0,,,,,,,,,,,,,,,,,,,,,,,,,,,,
2013-12-11,MJ1311YNG60XGA,Hitachi HDS5C3030ALA630,3000592982016,0,,0,,,,,,,,0,,,,,,14621,,,,,,,,,,,,,,,,,,,,,,,,,,,,,,24,,,,,,0,,,,,,,,,,,,,,,,,,,,,,,,,,,,
2013-12-11,PL1311LAG3BUEH,Hitachi HDS5C4040ALE630,4000787030016,0,,0,,,,,,,,0,,,,,,5962,,,,,,,,,,,,,,,,,,,,,,,,,,,,,,22,,,,,,0,,,,,,,,,,,,,,,,,,,,,,,,,,,,
2013-12-11,JK11A8B9GPMY8F,Hitachi HDS722020ALA330,2000398934016,0,,0,,,,,,,,0,,,,,,24213,,,,,,,,,,,,,,,,,,,,,,,,,,,,,,29,,,,,,0,,,,,,,,,,,,,,,,,,,,,,,,,,,,
2013-12-11,JK1171YBK1U2TF,Hitachi HDS722020ALA330,2000398934016,0,,0,,,,,,,,0,,,,,,29668,,,,,,,,,,,,,,,,,,,,,,,,,,,,,,29,,,,,,0,,,,,,,,,,,,,,,,,,,,,,,,,,,,
2013-12-11,JK1101B8KNB8SS,Hitachi HDS722020ALA330,2000398934016,0,,0,,,,,,,,0,,,,,,23099,,,,,,,,,,,,,,,,,,,,,,,,,,,,,,24,,,,,,0,,,,,,,,,,,,,,,,,,,,,,,,,,,,
2013-12-11,MJ0351YNG9Z9YA,Hitachi HDS5C3030ALA630,3000592982016,0,,3276819,,,,,,,,0,,,,,,9469,,,,,,,,,,,,,,,,,,,,,,,,,,,,,,25,,,,,,0,,,,,,,,,,,,,,,,,,,,,,,,,,,,
2013-12-11,MK0311YHGDRDRA,Hitachi HDS723030ALA640,3000592982016,0,,0,,,,,,,,0,,,,,,21459,,,,,,,,,,,,,,,,,,,,,,,,,,,,,,27,,,,,,0,,,,,,,,,,,,,,,,,,,,,,,,,,,,
2013-12-11,Z300VDQ9,ST4000DM000,4000787030016,0,,179102248,,,,,,,,0,,,,,,799,,,,,,,,,,,,,,,,,,,,,,,,,,,,,,22,,,,,,0,,,,,,,,,,,,,,,,,,,,,,,,,,,,
2013-12-11,MJ1323YNG1TP2C,Hitachi HDS5C3030ALA630,3000592982016,0,,98,,,,,,,,0,,,,,,19731,,,,,,,,,,,,,,,,,,,,,,,,,,,,,,22,,,,,,0,,,,,,,,,,,,,,,,,,,,,,,,,,,,
2013-12-11,JK1105B8GG4SLX,Hitachi HDS722020ALA330,2000398934016,0,,0,,,,,,,,0,,,,,,27213,,,,,,,,,,,,,,,,,,,,,,,,,,,,,,22,,,,,,0,,,,,,,,,,,,,,,,,,,,,,,,,,,,
2013-12-11,JK1130YAHDHN5T,Hitachi HDS722020ALA330,2000398934016,0,,262147,,,,,,,,1,,,,,,30171,,,,,,,,,,,,,,,,,,,,,,,,,,,,,,32,,,,,,0,,,,,,,,,,,,,,,,,,,,,,,,,,,,
2013-12-11,WD-WCAU47459809,WDC WD10EADS,1000204886016,0,,4,,,,,,,,0,,,,,,40499,,,,,,,,,,,,,,,,,,,,,,,,,,,,,,31,,,,,,0,,,,,,,,,,,,,,,,,,,,,,,,,,,,
2013-12-11,PL1311LAG3D82H,Hitachi HDS5C4040ALE630,4000787030016,0,,0,,,,,,,,0,,,,,,6649,,,,,,,,,,,,,,,,,,,,,,,,,,,,,,18,,,,,,0,,,,,,,,,,,,,,,,,,,,,,,,,,,,
2013-12-11,JK1105B8GE141X,Hitachi HDS722020ALA330,2000398934016,0,,2,,,,,,,,0,,,,,,27160,,,,,,,,,,,,,,,,,,,,,,,,,,,,,,28,,,,,,0,,,,,,,,,,,,,,,,,,,,,,,,,,,,
2013-12-11,6XW05AYQ,ST31500541AS,1500301910016,0,,115964255,,,,,,,,0,,,,,,37154,,,,,,,,,,,,,,,,,,,,,,,,,,,,,,23,,,,,,0,,,,,,,,,,,,,,,,,,,,,,,,,,,,
2013-12-11,WD-WCAWZ0827930,WDC WD30EZRX,3000592982016,0,,0,,,,,,,,0,,,,,,13020,,,,,,,,,,,,,,,,,,,,,,,,,,,,,,22,,,,,,0,,,,,,,,,,,,,,,,,,,,,,,,,,,,
2013-12-11,MJ1311YNG3EJJA,Hitachi HDS5C3030ALA630,3000592982016,0,,0,,,,,,,,0,,,,,,18928,,,,,,,,,,,,,,,,,,,,,,,,,,,,,,27,,,,,,0,,,,,,,,,,,,,,,,,,,,,,,,,,,,
2013-12-11,13H32WEAS,TOSHIBA DT01ACA300,3000592982016,0,,0,,,,,,,,0,,,,,,5505,,,,,,,,,,,,,,,,,,,,,,,,,,,,,,31,,,,,,0,,,,,,,,,,,,,,,,,,,,,,,,,,,,
2013-12-11,PL1321LAG31Y7H,Hitachi HDS5C4040ALE630,4000787030016,0,,0,,,,,,,,0,,,,,,6652,,,,,,,,,,,,,,,,,,,,,,,,,,,,,,21,,,,,,0,,,,,,,,,,,,,,,,,,,,,,,,,,,,
2013-12-11,6XW05YMX,ST31500541AS,1500301910016,0,,35140812,,,,,,,,0,,,,,,37155,,,,,,,,,,,,,,,,,,,,,,,,,,,,,,24,,,,,,0,,,,,,,,,,,,,,,,,,,,,,,,,,,,
2013-12-11,MK0311YHG9JPAA,Hitachi HDS723030ALA640,3000592982016,0,,786438,,,,,,,,17,,,,,,17018,,,,,,,,,,,,,,,,,,,,,,,,,,,,,,28,,,,,,0,,,,,,,,,,,,,,,,,,,,,,,,,,,,
2013-12-11,MJ1311YNG6KX6A,Hitachi HDS5C3030ALA630,3000592982016,0,,0,,,,,,,,0,,,,,,14685,,,,,,,,,,,,,,,,,,,,,,,,,,,,,,20,,,,,,0,,,,,,,,,,,,,,,,,,,,,,,,,,,,
2013-12-11,Z300CR9R,ST4000DM000,4000787030016,0,,197014296,,,,,,,,0,,,,,,2843,,,,,,,,,,,,,,,,,,,,,,,,,,,,,,20,,,,,,0,,,,,,,,,,,,,,,,,,,,,,,,,,,,
2013-12-11,W300B2TV,ST4000DM000,4000787030016,0,,65447256,,,,,,,,0,,,,,,3586,,,,,,,,,,,,,,,,,,,,,,,,,,,,,,20,,,,,,0,,,,,,,,,,,,,,,,,,,,,,,,,,,,
2013-12-11,JK1101B9JNHSNR,Hitachi HDS722020ALA330,2000398934016,0,,0,,,,,,,,0,,,,,,23587,,,,,,,,,,,,,,,,,,,,,,,,,,,,,,28,,,,,,0,,,,,,,,,,,,,,,,,,,,,,,,,,,,
2013-12-11,JK1160YAHNW94T,Hitachi HDS722020ALA330,2000398934016,0,,0,,,,,,,,0,,,,,,23731,,,,,,,,,,,,,,,,,,,,,,,,,,,,,,24,,,,,,0,,,,,,,,,,,,,,,,,,,,,,,,,,,,
2013-12-11,MJ1321YNG0LLXA,Hitachi HDS5C3030ALA630,3000592982016,0,,0,,,,,,,,0,,,,,,20512,,,,,,,,,,,,,,,,,,,,,,,,,,,,,,27,,,,,,0,,,,,,,,,,,,,,,,,,,,,,,,,,,,
2013-12-11,W300BQEQ,ST4000DM000,4000787030016,0,,76299392,,,,,,,,0,,,,,,2238,,,,,,,,,,,,,,,,,,,,,,,,,,,,,,22,,,,,,0,,,,,,,,,,,,,,,,,,,,,,,,,,,,
2013-12-11,JK1101B9HZ2MLR,Hitachi HDS722020ALA330,2000398934016,0,,0,,,,,,,,1,,,,,,24213,,,,,,,,,,,,,,,,,,,,,,,,,,,,,,24,,,,,,0,,,,,,,,,,,,,,,,,,,,,,,,,,,,
2013-12-11,MJ1311YNG3L47A,Hitachi HDS5C3030ALA630,3000592982016,0,,0,,,,,,,,0,,,,,,19252,,,,,,,,,,,,,,,,,,,,,,,,,,,,,,22,,,,,,0,,,,,,,,,,,,,,,,,,,,,,,,,,,,
2013-12-11,WD-WCAU45654505,WDC WD10EADS,1000204886016,0,,140,,,,,,,,6,,,,,,41789,,,,,,,,,,,,,,,,,,,,,,,,,,,,,,25,,,,,,0,,,,,,,,,,,,,,,,,,,,,,,,,,,,
2013-12-11,Z1Z04GMR,ST4000DX000,4000787030016,0,,152905380,,,,,,,,0,,,,,,5379,,,,,,,,,,,,,,,,,,,,,,,,,,,,,,26,,,,,,0,,,,,,,,,,,,,,,,,,,,,,,,,,,,
2013-12-11,PL1311LAG38VDH,Hitachi HDS5C4040ALE630,4000787030016,0,,0,,,,,,,,0,,,,,,6639,,,,,,,,,,,,,,,,,,,,,,,,,,,,,,24,,,,,,0,,,,,,,,,,,,,,,,,,,,,,,,,,,,
2013-12-11,6XW0NNXH,ST31500541AS,1500301910016,0,,168121377,,,,,,,,0,,,,,,12622,,,,,,,,,,,,,,,,,,,,,,,,,,,,,,20,,,,,,0,,,,,,,,,,,,,,,,,,,,,,,,,,,,
2013-12-11,W1F03WBR,ST3000DM001,3000592982016,0,,47961712,,,,,,,,0,,,,,,15366,,,,,,,,,,,,,,,,,,,,,,,,,,,,,,24,,,,,,0,,,,,,,,,,,,,,,,,,,,,,,,,,,,
2013-12-11,9XW01SEJ,ST31500541AS,1500301910016,0,,4392092,,,,,,,,79,,,,,,35445,,,,,,,,,,,,,,,,,,,,,,,,,,,,,,17,,,,,,0,,,,,,,,,,,,,,,,,,,,,,,,,,,,
2013-12-11,5XW03L3W,ST31500541AS,1500301910016,0,,159232987,,,,,,,,0,,,,,,37287,,,,,,,,,,,,,,,,,,,,,,,,,,,,,,26,,,,,,0,,,,,,,,,,,,,,,,,,,,,,,,,,,,
2013-12-11,WD-WCAU42474336,WDC WD10EACS,1000204886016,0,,0,,,,,,,,0,,,,,,42818,,,,,,,,,,,,,,,,,,,,,,,,,,,,,,21,,,,,,0,,,,,,,,,,,,,,,,,,,,,,,,,,,,
2013-12-11,9XW01SEY,ST31500541AS,1500301910016,0,,50301263,,,,,,,,0,,,,,,35446,,,,,,,,,,,,,,,,,,,,,,,,,,,,,,17,,,,,,0,,,,,,,,,,,,,,,,,,,,,,,,,,,,
2013-12-11,S1F0PLZQ,ST3000DM001,3000592982016,0,,32820904,,,,,,,,0,,,,,,11672,,,,,,,,,,,,,,,,,,,,,,,,,,,,,,26,,,,,,0,,,,,,,,,,,,,,,,,,,,,,,,,,,,
2013-12-11,Z300CRNM,ST4000DM000,4000787030016,0,,45145320,,,,,,,,0,,,,,,1297,,,,,,,,,,,,,,,,,,,,,,,,,,,,,,19,,,,,,0,,,,,,,,,,,,,,,,,,,,,,,,,,,,
2013-12-11,Z1F0LTZB,ST3000DM001,3000592982016,0,,130723760,,,,,,,,0,,,,,,12247,,,,,,,,,,,,,,,,,,,,,,,,,,,,,,27,,,,,,0,,,,,,,,,,,,,,,,,,,,,,,,,,,,
2013-12-11,JK1101B9JS452R,Hitachi HDS722020ALA330,2000398934016,0,,0,,,,,,,,6,,,,,,23319,,,,,,,,,,,,,,,,,,,,,,,,,,,,,,28,,,,,,0,,,,,,,,,,,,,,,,,,,,,,,,,,,,
2013-12-11,PL1311LAG1K6GA,Hitachi HDS5C4040ALE630,4000787030016,0,,0,,,,,,,,0,,,,,,7757,,,,,,,,,,,,,,,,,,,,,,,,,,,,,,26,,,,,,0,,,,,,,,,,,,,,,,,,,,,,,,,,,,
2013-12-11,JK1105B8GA6BLX,Hitachi HDS722020ALA330,2000398934016,0,,65539,,,,,,,,0,,,,,,27221,,,,,,,,,,,,,,,,,,,,,,,,,,,,,,30,,,,,,0,,,,,,,,,,,,,,,,,,,,,,,,,,,,
2013-12-11,S1F03GHA,ST3000DM001,3000592982016,0,,103920120,,,,,,,,0,,,,,,13867,,,,,,,,,,,,,,,,,,,,,,,,,,,,,,25,,,,,,0,,,,,,,,,,,,,,,,,,,,,,,,,,,,
2013-12-11,JK11A8B9J34H7F,Hitachi HDS722020ALA330,2000398934016,0,,0,,,,,,,,0,,,,,,23829,,,,,,,,,,,,,,,,,,,,,,,,,,,,,,28,,,,,,0,,,,,,,,,,,,,,,,,,,,,,,,,,,,
2013-12-11,JK11A8B9J3H9UF,Hitachi HDS722020ALA330,2000398934016,0,,0,,,,,,,,0,,,,,,23106,,,,,,,,,,,,,,,,,,,,,,,,,,,,,,25,,,,,,0,,,,,,,,,,,,,,,,,,,,,,,,,,,,
2013-12-11,6XW03XD7,ST31500541AS,1500301910016,0,,161047474,,,,,,,,0,,,,,,36451,,,,,,,,,,,,,,,,,,,,,,,,,,,,,,16,,,,,,0,,,,,,,,,,,,,,,,,,,,,,,,,,,,
2013-12-11,Z300JBBN,ST4000DM000,4000787030016,0,,43044776,,,,,,,,0,,,,,,2217,,,,,,,,,,,,,,,,,,,,,,,,,,,,,,26,,,,,,0,,,,,,,,,,,,,,,,,,,,,,,,,,,,
2013-12-11,WD-WCAWZ1153794,WDC WD30EZRX,3000592982016,0,,0,,,,,,,,0,,,,,,16079,,,,,,,,,,,,,,,,,,,,,,,,,,,,,,22,,,,,,0,,,,,,,,,,,,,,,,,,,,,,,,,,,,
2013-12-11,6XW00ZFW,ST31500541AS,1500301910016,0,,96133248,,,,,,,,0,,,,,,36639,,,,,,,,,,,,,,,,,,,,,,,,,,,,,,22,,,,,,0,,,,,,,,,,,,,,,,,,,,,,,,,,,,
2013-12-11,JK11A8B9J3BXNF,Hitachi HDS722020ALA330,2000398934016,0,,262146,,,,,,,,0,,,,,,24398,,,,,,,,,,,,,,,,,,,,,,,,,,,,,,26,,,,,,0,,,,,,,,,,,,,,,,,,,,,,,,,,,,
2013-12-11,MJ1311YNG270TA,Hitachi HDS5C3030ALA630,3000592982016,0,,0,,,,,,,,0,,,,,,18362,,,,,,,,,,,,,,,,,,,,,,,,,,,,,,26,,,,,,0,,,,,,,,,,,,,,,,,,,,,,,,,,,,
2013-12-11,S1F04C3D,ST3000DM001,3000592982016,0,,129363112,,,,,,,,0,,,,,,15248,,,,,,,,,,,,,,,,,,,,,,,,,,,,,,25,,,,,,0,,,,,,,,,,,,,,,,,,,,,,,,,,,,
2013-12-11,PL1311LAG38P6H,Hitachi HDS5C4040ALE630,4000787030016,0,,0,,,,,,,,0,,,,,,6639,,,,,,,,,,,,,,,,,,,,,,,,,,,,,,28,,,,,,0,,,,,,,,,,,,,,,,,,,,,,,,,,,,
2013-12-11,W1F1CB70,ST3000DM001,3000592982016,0,,225250552,,,,,,,,0,,,,,,8174,,,,,,,,,,,,,,,,,,,,,,,,,,,,,,22,,,,,,0,,,,,,,,,,,,,,,,,,,,,,,,,,,,
2013-12-11,WD-WMC1T1854356,WDC WD30EFRX,3000592982016,0,,0,,,,,,,,0,,,,,,7392,,,,,,,,,,,,,,,,,,,,,,,,,,,,,,24,,,,,,0,,,,,,,,,,,,,,,,,,,,,,,,,,,,
2013-12-11,W300BN92,ST4000DM000,4000787030016,0,,35718040,,,,,,,,0,,,,,,4042,,,,,,,,,,,,,,,,,,,,,,,,,,,,,,23,,,,,,0,,,,,,,,,,,,,,,,,,,,,,,,,,,,
2013-12-11,JK1101B8KNJ88S,Hitachi HDS722020ALA330,2000398934016,0,,0,,,,,,,,0,,,,,,23097,,,,,,,,,,,,,,,,,,,,,,,,,,,,,,30,,,,,,0,,,,,,,,,,,,,,,,,,,,,,,,,,,,
2013-12-11,MJ1321YNG1GR7A,Hitachi HDS5C3030ALA630,3000592982016,0,,0,,,,,,,,0,,,,,,19801,,,,,,,,,,,,,,,,,,,,,,,,,,,,,,26,,,,,,0,,,,,,,,,,,,,,,,,,,,,,,,,,,,
2013-12-11,PL1321LAG36JBH,Hitachi HDS5C4040ALE630,4000787030016,0,,0,,,,,,,,0,,,,,,6652,,,,,,,,,,,,,,,,,,,,,,,,,,,,,,23,,,,,,0,,,,,,,,,,,,,,,,,,,,,,,,,,,,
2013-12-11,W300BQTS,ST4000DM000,4000787030016,0,,79242872,,,,,,,,0,,,,,,4189,,,,,,,,,,,,,,,,,,,,,,,,,,,,,,23,,,,,,0,,,,,,,,,,,,,,,,,,,,,,,,,,,,
2013-12-11,WD-WCAU45243287,WDC WD10EADS,1000204886016,0,,11,,,,,,,,0,,,,,,41365,,,,,,,,,,,,,,,,,,,,,,,,,,,,,,29,,,,,,0,,,,,,,,,,,,,,,,,,,,,,,,,,,,
2013-12-11,W300D6AR,ST4000DM000,4000787030016,0,,224823752,,,,,,,,0,,,,,,4165,,,,,,,,,,,,,,,,,,,,,,,,,,,,,,26,,,,,,0,,,,,,,,,,,,,,,,,,,,,,,,,,,,
2013-12-11,W300BN9N,ST4000DM000,4000787030016,0,,182910704,,,,,,,,0,,,,,,4189,,,,,,,,,,,,,,,,,,,,,,,,,,,,,,25,,,,,,0,,,,,,,,,,,,,,,,,,,,,,,,,,,,
2013-12-11,WD-WCAWZ1151492,WDC WD30EZRX,3000592982016,0,,0,,,,,,,,0,,,,,,15835,,,,,,,,,,,,,,,,,,,,,,,,,,,,,,23,,,,,,0,,,,,,,,,,,,,,,,,,,,,,,,,,,,
2013-12-11,W300BN9R,ST4000DM000,4000787030016,0,,28252064,,,,,,,,0,,,,,,3604,,,,,,,,,,,,,,,,,,,,,,,,,,,,,,24,,,,,,0,,,,,,,,,,,,,,,,,,,,,,,,,,,,
2013-12-11,5XW0VWE1,ST32000542AS,2000398934016,0,,232302639,,,,,,,,0,,,,,,17230,,,,,,,,,,,,,,,,,,,,,,,,,,,,,,20,,,,,,0,,,,,,,,,,,,,,,,,,,,,,,,,,,,
2013-12-11,WD-WCAWZ1108518,WDC WD30EZRX,3000592982016,0,,0,,,,,,,,0,,,,,,15830,,,,,,,,,,,,,,,,,,,,,,,,,,,,,,23,,,,,,0,,,,,,,,,,,,,,,,,,,,,,,,,,,,
2013-12-11,W300B2T1,ST4000DM000,4000787030016,0,,78695024,,,,,,,,0,,,,,,3604,,,,,,,,,,,,,,,,,,,,,,,,,,,,,,22,,,,,,0,,,,,,,,,,,,,,,,,,,,,,,,,,,,
2013-12-11,Z300HQ9R,ST4000DM000,4000787030016,0,,207573752,,,,,,,,0,,,,,,2893,,,,,,,,,,,,,,,,,,,,,,,,,,,,,,24,,,,,,0,,,,,,,,,,,,,,,,,,,,,,,,,,,,
2013-12-11,PL1311LAG2AT7H,Hitachi HDS5C4040ALE630,4000787030016,0,,0,,,,,,,,0,,,,,,5186,,,,,,,,,,,,,,,,,,,,,,,,,,,,,,27,,,,,,0,,,,,,,,,,,,,,,,,,,,,,,,,,,,
2013-12-11,JK11A8B9J7PMRF,Hitachi HDS722020ALA330,2000398934016,0,,65536,,,,,,,,1,,,,,,24912,,,,,,,,,,,,,,,,,,,,,,,,,,,,,,30,,,,,,0,,,,,,,,,,,,,,,,,,,,,,,,,,,,
2013-12-11,MJ1321YNG0LMTA,Hitachi HDS5C3030ALA630,3000592982016,0,,0,,,,,,,,0,,,,,,20067,,,,,,,,,,,,,,,,,,,,,,,,,,,,,,23,,,,,,0,,,,,,,,,,,,,,,,,,,,,,,,,,,,
2013-12-11,Z1F0L8CA,ST3000DM001,3000592982016,0,,143216472,,,,,,,,0,,,,,,12169,,,,,,,,,,,,,,,,,,,,,,,,,,,,,,25,,,,,,0,,,,,,,,,,,,,,,,,,,,,,,,,,,,
2013-12-11,WD-WCAU47738921,WDC WD10EADS,1000204886016,0,,8,,,,,,,,0,,,,,,40536,,,,,,,,,,,,,,,,,,,,,,,,,,,,,,30,,,,,,0,,,,,,,,,,,,,,,,,,,,,,,,,,,,
2013-12-11,Z300HQ9H,ST4000DM000,4000787030016,0,,80384368,,,,,,,,0,,,,,,2921,,,,,,,,,,,,,,,,,,,,,,,,,,,,,,19,,,,,,0,,,,,,,,,,,,,,,,,,,,,,,,,,,,
2013-12-11,S1F135DN,ST3000DM001,3000592982016,0,,37413792,,,,,,,,0,,,,,,7992,,,,,,,,,,,,,,,,,,,,,,,,,,,,,,28,,,,,,0,,,,,,,,,,,,,,,,,,,,,,,,,,,,
2013-12-11,Z300K2DP,ST4000DM000,4000787030016,0,,128328992,,,,,,,,0,,,,,,2238,,,,,,,,,,,,,,,,,,,,,,,,,,,,,,21,,,,,,0,,,,,,,,,,,,,,,,,,,,,,,,,,,,
2013-12-11,MJ0351YNGA0GHA,Hitachi HDS5C3030ALA630,3000592982016,0,,0,,,,,,,,0,,,,,,8611,,,,,,,,,,,,,,,,,,,,,,,,,,,,,,32,,,,,,0,,,,,,,,,,,,,,,,,,,,,,,,,,,,
2013-12-11,JK11A8B9GPD7JF,Hitachi HDS722020ALA330,2000398934016,0,,1,,,,,,,,0,,,,,,26493,,,,,,,,,,,,,,,,,,,,,,,,,,,,,,27,,,,,,0,,,,,,,,,,,,,,,,,,,,,,,,,,,,
2013-12-11,S1F135DG,ST3000DM001,3000592982016,0,,236504776,,,,,,,,0,,,,,,8652,,,,,,,,,,,,,,,,,,,,,,,,,,,,,,30,,,,,,0,,,,,,,,,,,,,,,,,,,,,,,,,,,,
2013-12-11,S1F0375K,ST3000DM001,3000592982016,0,,116532136,,,,,,,,0,,,,,,13347,,,,,,,,,,,,,,,,,,,,,,,,,,,,,,29,,,,,,16,,,,,,,,,,,,,,,,,,,,,,,,,,,,
2013-12-11,S1F0375J,ST3000DM001,3000592982016,0,,41043256,,,,,,,,0,,,,,,15593,,,,,,,,,,,,,,,,,,,,,,,,,,,,,,21,,,,,,0,,,,,,,,,,,,,,,,,,,,,,,,,,,,
2013-12-11,JK1101B9GEND8F,Hitachi HDS722020ALA330,2000398934016,0,,131072,,,,,,,,0,,,,,,27486,,,,,,,,,,,,,,,,,,,,,,,,,,,,,,28,,,,,,0,,,,,,,,,,,,,,,,,,,,,,,,,,,,
2013-12-11,JK1171YBK1LP9F,Hitachi HDS722020ALA330,2000398934016,0,,0,,,,,,,,0,,,,,,20766,,,,,,,,,,,,,,,,,,,,,,,,,,,,,,28,,,,,,0,,,,,,,,,,,,,,,,,,,,,,,,,,,,
2013-12-11,MJ1311YNG4DMXA,Hitachi HDS5C3030ALA630,3000592982016,0,,0,,,,,,,,0,,,,,,6664,,,,,,,,,,,,,,,,,,,,,,,,,,,,,,29,,,,,,0,,,,,,,,,,,,,,,,,,,,,,,,,,,,
2013-12-11,WD-WCAWZ1152674,WDC WD30EZRX,3000592982016,0,,0,,,,,,,,0,,,,,,16066,,,,,,,,,,,,,,,,,,,,,,,,,,,,,,23,,,,,,0,,,,,,,,,,,,,,,,,,,,,,,,,,,,
2013-12-11,WD-WCAV57718090,WDC WD10EADS,1000204886016,0,,0,,,,,,,,1,,,,,,19887,,,,,,,,,,,,,,,,,,,,,,,,,,,,,,27,,,,,,0,,,,,,,,,,,,,,,,,,,,,,,,,,,,
2013-12-11,W300H3ML,ST4000DM000,4000787030016,0,,97800376,,,,,,,,0,,,,,,772,,,,,,,,,,,,,,,,,,,,,,,,,,,,,,23,,,,,,0,,,,,,,,,,,,,,,,,,,,,,,,,,,,
2013-12-11,JK1101B9KMGLYU,Hitachi HDS722020ALA330,2000398934016,0,,0,,,,,,,,0,,,,,,23099,,,,,,,,,,,,,,,,,,,,,,,,,,,,,,27,,,,,,0,,,,,,,,,,,,,,,,,,,,,,,,,,,,
2013-12-11,W300H3MS,ST4000DM000,4000787030016,0,,142907320,,,,,,,,0,,,,,,815,,,,,,,,,,,,,,,,,,,,,,,,,,,,,,21,,,,,,0,,,,,,,,,,,,,,,,,,,,,,,,,,,,
2013-12-11,MJ1321YNG0XZ9A,Hitachi HDS5C3030ALA630,3000592982016,0,,0,,,,,,,,0,,,,,,20498,,,,,,,,,,,,,,,,,,,,,,,,,,,,,,29,,,,,,0,,,,,,,,,,,,,,,,,,,,,,,,,,,,
2013-12-11,PL1311LAG3B7LH,Hitachi HDS5C4040ALE630,4000787030016,0,,0,,,,,,,,0,,,,,,3631,,,,,,,,,,,,,,,,,,,,,,,,,,,,,,26,,,,,,0,,,,,,,,,,,,,,,,,,,,,,,,,,,,
2013-12-11,JK1171YBK1MVEF,Hitachi HDS722020ALA330,2000398934016,0,,0,,,,,,,,0,,,,,,29915,,,,,,,,,,,,,,,,,,,,,,,,,,,,,,28,,,,,,0,,,,,,,,,,,,,,,,,,,,,,,,,,,,
2013-12-11,Z300JE9X,ST4000DM000,4000787030016,0,,163350184,,,,,,,,0,,,,,,2224,,,,,,,,,,,,,,,,,,,,,,,,,,,,,,20,,,,,,0,,,,,,,,,,,,,,,,,,,,,,,,,,,,
2013-12-11,6XW030DP,ST31500541AS,1500301910016,0,,126218563,,,,,,,,0,,,,,,36941,,,,,,,,,,,,,,,,,,,,,,,,,,,,,,20,,,,,,0,,,,,,,,,,,,,,,,,,,,,,,,,,,,
2013-12-11,PL1321LAG34E9H,Hitachi HDS5C4040ALE630,4000787030016,0,,0,,,,,,,,0,,,,,,5668,,,,,,,,,,,,,,,,,,,,,,,,,,,,,,20,,,,,,0,,,,,,,,,,,,,,,,,,,,,,,,,,,,
2013-12-11,W300GGP2,ST4000DM000,4000787030016,0,,193894424,,,,,,,,0,,,,,,909,,,,,,,,,,,,,,,,,,,,,,,,,,,,,,20,,,,,,0,,,,,,,,,,,,,,,,,,,,,,,,,,,,
2013-12-11,JK11A8B9JL5JHF,Hitachi HDS722020ALA330,2000398934016,0,,196609,,,,,,,,0,,,,,,23719,,,,,,,,,,,,,,,,,,,,,,,,,,,,,,26,,,,,,0,,,,,,,,,,,,,,,,,,,,,,,,,,,,
2013-12-11,Z300JE9D,ST4000DM000,4000787030016,0,,68069600,,,,,,,,0,,,,,,2873,,,,,,,,,,,,,,,,,,,,,,,,,,,,,,19,,,,,,0,,,,,,,,,,,,,,,,,,,,,,,,,,,,
2013-12-11,MJ1311YNG6VVHA,Hitachi HDS5C3030ALA630,3000592982016,0,,0,,,,,,,,0,,,,,,14680,,,,,,,,,,,,,,,,,,,,,,,,,,,,,,25,,,,,,0,,,,,,,,,,,,,,,,,,,,,,,,,,,,
2013-12-11,MJ0351YNGA5PNA,Hitachi HDS5C3030ALA630,3000592982016,0,,0,,,,,,,,0,,,,,,9131,,,,,,,,,,,,,,,,,,,,,,,,,,,,,,26,,,,,,0,,,,,,,,,,,,,,,,,,,,,,,,,,,,
2013-12-11,6XW01MM7,ST31500541AS,1500301910016,0,,190388502,,,,,,,,0,,,,,,37437,,,,,,,,,,,,,,,,,,,,,,,,,,,,,,24,,,,,,0,,,,,,,,,,,,,,,,,,,,,,,,,,,,
2013-12-11,MJ1311YNG7ATUA,Hitachi HDS5C3030ALA630,3000592982016,0,,0,,,,,,,,0,,,,,,14291,,,,,,,,,,,,,,,,,,,,,,,,,,,,,,32,,,,,,0,,,,,,,,,,,,,,,,,,,,,,,,,,,,
2013-12-11,6XW03514,ST31500541AS,1500301910016,0,,142855061,,,,,,,,0,,,,,,35785,,,,,,,,,,,,,,,,,,,,,,,,,,,,,,20,,,,,,0,,,,,,,,,,,,,,,,,,,,,,,,,,,,
2013-12-11,Z300K2D5,ST4000DM000,4000787030016,0,,133630776,,,,,,,,0,,,,,,2215,,,,,,,,,,,,,,,,,,,,,,,,,,,,,,21,,,,,,0,,,,,,,,,,,,,,,,,,,,,,,,,,,,
2013-12-11,MJ1311YNG7EJ6A,Hitachi HDS5C3030ALA630,3000592982016,0,,0,,,,,,,,0,,,,,,14310,,,,,,,,,,,,,,,,,,,,,,,,,,,,,,26,,,,,,0,,,,,,,,,,,,,,,,,,,,,,,,,,,,
2013-12-11,WD-WMC1T1621268,WDC WD30EFRX,3000592982016,0,,0,,,,,,,,0,,,,,,7709,,,,,,,,,,,,,,,,,,,,,,,,,,,,,,27,,,,,,0,,,,,,,,,,,,,,,,,,,,,,,,,,,,
2013-12-11,W1F0A2FJ,ST3000DM001,3000592982016,0,,149710776,,,,,,,,0,,,,,,4547,,,,,,,,,,,,,,,,,,,,,,,,,,,,,,23,,,,,,0,,,,,,,,,,,,,,,,,,,,,,,,,,,,
2013-12-11,PL1321LAG3355H,Hitachi HDS5C4040ALE630,4000787030016,0,,0,,,,,,,,0,,,,,,5070,,,,,,,,,,,,,,,,,,,,,,,,,,,,,,28,,,,,,0,,,,,,,,,,,,,,,,,,,,,,,,,,,,
2013-12-11,6XW00KYY,ST31500541AS,1500301910016,0,,235966616,,,,,,,,0,,,,,,36068,,,,,,,,,,,,,,,,,,,,,,,,,,,,,,19,,,,,,0,,,,,,,,,,,,,,,,,,,,,,,,,,,,
2013-12-11,W1F0ANKP,ST3000DM001,3000592982016,0,,75756984,,,,,,,,0,,,,,,13340,,,,,,,,,,,,,,,,,,,,,,,,,,,,,,24,,,,,,0,,,,,,,,,,,,,,,,,,,,,,,,,,,,
2013-12-11,PL1311LAG2687A,Hitachi HDS5C4040ALE630,4000787030016,0,,0,,,,,,,,0,,,,,,6074,,,,,,,,,,,,,,,,,,,,,,,,,,,,,,18,,,,,,0,,,,,,,,,,,,,,,,,,,,,,,,,,,,
2013-12-11,WD-WCAU45522244,WDC WD10EADS,1000204886016,0,,2,,,,,,,,0,,,,,,41441,,,,,,,,,,,,,,,,,,,,,,,,,,,,,,26,,,,,,0,,,,,,,,,,,,,,,,,,,,,,,,,,,,
2013-12-11,MK0313YHGANEDC,Hitachi HDS723030ALA640,3000592982016,0,,18,,,,,,,,0,,,,,,21459,,,,,,,,,,,,,,,,,,,,,,,,,,,,,,26,,,,,,0,,,,,,,,,,,,,,,,,,,,,,,,,,,,
2013-12-11,JK1175YAHU2WRX,Hitachi HDS722020ALA330,2000398934016,0,,1,,,,,,,,0,,,,,,30501,,,,,,,,,,,,,,,,,,,,,,,,,,,,,,32,,,,,,0,,,,,,,,,,,,,,,,,,,,,,,,,,,,
2013-12-11,MJ0351YNGA61KA,Hitachi HDS5C3030ALA630,3000592982016,0,,0,,,,,,,,0,,,,,,9163,,,,,,,,,,,,,,,,,,,,,,,,,,,,,,27,,,,,,0,,,,,,,,,,,,,,,,,,,,,,,,,,,,
2013-12-11,6XW13ERN,ST32000542AS,2000398934016,0,,107080243,,,,,,,,0,,,,,,31706,,,,,,,,,,,,,,,,,,,,,,,,,,,,,,22,,,,,,0,,,,,,,,,,,,,,,,,,,,,,,,,,,,
2013-12-11,Z1F0LL4F,ST3000DM001,3000592982016,0,,158717976,,,,,,,,0,,,,,,12248,,,,,,,,,,,,,,,,,,,,,,,,,,,,,,27,,,,,,0,,,,,,,,,,,,,,,,,,,,,,,,,,,,
2013-12-11,W1F0A5X9,ST3000DM001,3000592982016,0,,97754808,,,,,,,,0,,,,,,14734,,,,,,,,,,,,,,,,,,,,,,,,,,,,,,25,,,,,,0,,,,,,,,,,,,,,,,,,,,,,,,,,,,
2013-12-11,MK0311YHGKMMLA,Hitachi HDS723030ALA640,3000592982016,0,,0,,,,,,,,0,,,,,,16680,,,,,,,,,,,,,,,,,,,,,,,,,,,,,,28,,,,,,0,,,,,,,,,,,,,,,,,,,,,,,,,,,,
2013-12-11,PL1321LAG34LHH,Hitachi HDS5C4040ALE630,4000787030016,0,,0,,,,,,,,0,,,,,,5958,,,,,,,,,,,,,,,,,,,,,,,,,,,,,,27,,,,,,0,,,,,,,,,,,,,,,,,,,,,,,,,,,,
2013-12-11,9VS1KREQ,ST31500341AS,1500301910016,0,,144180874,,,,,,,,54,,,,,,40404,,,,,,,,,,,,,,,,,,,,,,,,,,,,,,27,,,,,,0,,,,,,,,,,,,,,,,,,,,,,,,,,,,
2013-12-11,Z300GPFQ,ST4000DM000,4000787030016,0,,33063048,,,,,,,,0,,,,,,3581,,,,,,,,,,,,,,,,,,,,,,,,,,,,,,23,,,,,,0,,,,,,,,,,,,,,,,,,,,,,,,,,,,
2013-12-11,Z300GPFV,ST4000DM000,4000787030016,0,,183648512,,,,,,,,0,,,,,,3582,,,,,,,,,,,,,,,,,,,,,,,,,,,,,,23,,,,,,0,,,,,,,,,,,,,,,,,,,,,,,,,,,,
2013-12-11,MJ0351YNG9KRUA,Hitachi HDS5C3030ALA630,3000592982016,0,,0,,,,,,,,0,,,,,,9941,,,,,,,,,,,,,,,,,,,,,,,,,,,,,,26,,,,,,0,,,,,,,,,,,,,,,,,,,,,,,,,,,,
2013-12-11,W30077ZN,ST4000DM000,4000787030016,0,,63744136,,,,,,,,0,,,,,,4140,,,,,,,,,,,,,,,,,,,,,,,,,,,,,,21,,,,,,0,,,,,,,,,,,,,,,,,,,,,,,,,,,,
2013-12-11,MJ1323YNG1K5LC,Hitachi HDS5C3030ALA630,3000592982016,0,,0,,,,,,,,0,,,,,,19763,,,,,,,,,,,,,,,,,,,,,,,,,,,,,,29,,,,,,0,,,,,,,,,,,,,,,,,,,,,,,,,,,,
2013-12-11,PL1321LAG356VH,Hitachi HDS5C4040ALE630,4000787030016,0,,0,,,,,,,,0,,,,,,6654,,,,,,,,,,,,,,,,,,,,,,,,,,,,,,17,,,,,,0,,,,,,,,,,,,,,,,,,,,,,,,,,,,
2013-12-11,Z300GPFE,ST4000DM000,4000787030016,0,,139641152,,,,,,,,0,,,,,,3582,,,,,,,,,,,,,,,,,,,,,,,,,,,,,,21,,,,,,0,,,,,,,,,,,,,,,,,,,,,,,,,,,,
2013-12-11,S1F0F4EB,ST3000DM001,3000592982016,0,,44924352,,,,,,,,0,,,,,,12154,,,,,,,,,,,,,,,,,,,,,,,,,,,,,,26,,,,,,0,,,,,,,,,,,,,,,,,,,,,,,,,,,,
2013-12-11,Z300GPF1,ST4000DM000,4000787030016,0,,109208696,,,,,,,,0,,,,,,2899,,,,,,,,,,,,,,,,,,,,,,,,,,,,,,25,,,,,,0,,,,,,,,,,,,,,,,,,,,,,,,,,,,
2013-12-11,Z300GPF7,ST4000DM000,4000787030016,0,,36648008,,,,,,,,0,,,,,,3581,,,,,,,,,,,,,,,,,,,,,,,,,,,,,,27,,,,,,0,,,,,,,,,,,,,,,,,,,,,,,,,,,,
2013-12-11,MJ1321YNG1AJMA,Hitachi HDS5C3030ALA630,3000592982016,0,,0,,,,,,,,0,,,,,,19798,,,,,,,,,,,,,,,,,,,,,,,,,,,,,,29,,,,,,0,,,,,,,,,,,,,,,,,,,,,,,,,,,,
2013-12-11,PL1321LAG33MKH,Hitachi HDS5C4040ALE630,4000787030016,0,,0,,,,,,,,0,,,,,,6617,,,,,,,,,,,,,,,,,,,,,,,,,,,,,,27,,,,,,0,,,,,,,,,,,,,,,,,,,,,,,,,,,,
2013-12-11,MJ1311YNG3G8BA,Hitachi HDS5C3030ALA630,3000592982016,0,,0,,,,,,,,0,,,,,,19254,,,,,,,,,,,,,,,,,,,,,,,,,,,,,,24,,,,,,0,,,,,,,,,,,,,,,,,,,,,,,,,,,,
2013-12-11,Z300GPF8,ST4000DM000,4000787030016,0,,204075128,,,,,,,,0,,,,,,3580,,,,,,,,,,,,,,,,,,,,,,,,,,,,,,19,,,,,,0,,,,,,,,,,,,,,,,,,,,,,,,,,,,
2013-12-11,MK0301YHGNS4KD,Hitachi HDS723030ALA640,3000592982016,0,,0,,,,,,,,0,,,,,,16680,,,,,,,,,,,,,,,,,,,,,,,,,,,,,,29,,,,,,0,,,,,,,,,,,,,,,,,,,,,,,,,,,,
2013-12-11,MJ0351YNGA5B4A,Hitachi HDS5C3030ALA630,3000592982016,0,,0,,,,,,,,0,,,,,,8640,,,,,,,,,,,,,,,,,,,,,,,,,,,,,,29,,,,,,0,,,,,,,,,,,,,,,,,,,,,,,,,,,,
2013-12-11,9VS29A35,ST31500341AS,1500301910016,0,,128754058,,,,,,,,4,,,,,,38492,,,,,,,,,,,,,,,,,,,,,,,,,,,,,,23,,,,,,0,,,,,,,,,,,,,,,,,,,,,,,,,,,,
2013-12-11,6XW01WVN,ST31500541AS,1500301910016,0,,42338305,,,,,,,,0,,,,,,37436,,,,,,,,,,,,,,,,,,,,,,,,,,,,,,22,,,,,,0,,,,,,,,,,,,,,,,,,,,,,,,,,,,
2013-12-11,MJ1311YNG3GMUA,Hitachi HDS5C3030ALA630,3000592982016,0,,0,,,,,,,,0,,,,,,19252,,,,,,,,,,,,,,,,,,,,,,,,,,,,,,23,,,,,,0,,,,,,,,,,,,,,,,,,,,,,,,,,,,
2013-12-11,JK11A8B9J7G5NF,Hitachi HDS722020ALA330,2000398934016,0,,0,,,,,,,,0,,,,,,24496,,,,,,,,,,,,,,,,,,,,,,,,,,,,,,29,,,,,,0,,,,,,,,,,,,,,,,,,,,,,,,,,,,
2013-12-11,W30097FB,ST4000DM000,4000787030016,0,,130948072,,,,,,,,0,,,,,,4188,,,,,,,,,,,,,,,,,,,,,,,,,,,,,,28,,,,,,0,,,,,,,,,,,,,,,,,,,,,,,,,,,,
2013-12-11,5XW0398Q,ST31500541AS,1500301910016,0,,86005401,,,,,,,,47,,,,,,37066,,,,,,,,,,,,,,,,,,,,,,,,,,,,,,27,,,,,,0,,,,,,,,,,,,,,,,,,,,,,,,,,,,
2013-12-11,W1F0A5XZ,ST3000DM001,3000592982016,0,,182161224,,,,,,,,0,,,,,,14732,,,,,,,,,,,,,,,,,,,,,,,,,,,,,,21,,,,,,0,,,,,,,,,,,,,,,,,,,,,,,,,,,,
2013-12-11,W1F0A5XG,ST3000DM001,3000592982016,0,,120406888,,,,,,,,0,,,,,,15367,,,,,,,,,,,,,,,,,,,,,,,,,,,,,,22,,,,,,16,,,,,,,,,,,,,,,,,,,,,,,,,,,,
2013-12-11,S1F0RSWJ,ST3000DM001,3000592982016,0,,200000872,,,,,,,,0,,,,,,10538,,,,,,,,,,,,,,,,,,,,,,,,,,,,,,26,,,,,,0,,,,,,,,,,,,,,,,,,,,,,,,,,,,
2013-12-11,MJ1311YNG2DHAA,Hitachi HDS5C3030ALA630,3000592982016,0,,0,,,,,,,,0,,,,,,19254,,,,,,,,,,,,,,,,,,,,,,,,,,,,,,25,,,,,,0,,,,,,,,,,,,,,,,,,,,,,,,,,,,
2013-12-11,W1F0A5XB,ST3000DM001,3000592982016,0,,49279352,,,,,,,,0,,,,,,13824,,,,,,,,,,,,,,,,,,,,,,,,,,,,,,26,,,,,,0,,,,,,,,,,,,,,,,,,,,,,,,,,,,
2013-12-11,W1F0THHX,ST3000DM001,3000592982016,0,,210614472,,,,,,,,0,,,,,,11049,,,,,,,,,,,,,,,,,,,,,,,,,,,,,,24,,,,,,0,,,,,,,,,,,,,,,,,,,,,,,,,,,,
2013-12-11,S1F0166B,ST3000DM001,3000592982016,0,,216670720,,,,,,,,0,,,,,,15346,,,,,,,,,,,,,,,,,,,,,,,,,,,,,,27,,,,,,0,,,,,,,,,,,,,,,,,,,,,,,,,,,,
2013-12-11,JK1171YBK1N1LF,Hitachi HDS722020ALA330,2000398934016,0,,131072,,,,,,,,0,,,,,,29668,,,,,,,,,,,,,,,,,,,,,,,,,,,,,,25,,,,,,0,,,,,,,,,,,,,,,,,,,,,,,,,,,,
2013-12-11,JK11A8B9JR04YF,Hitachi HDS722020ALA330,2000398934016,0,,0,,,,,,,,0,,,,,,23948,,,,,,,,,,,,,,,,,,,,,,,,,,,,,,23,,,,,,0,,,,,,,,,,,,,,,,,,,,,,,,,,,,
2013-12-11,MJ0351YNG9V55A,Hitachi HDS5C3030ALA630,3000592982016,0,,0,,,,,,,,0,,,,,,9904,,,,,,,,,,,,,,,,,,,,,,,,,,,,,,25,,,,,,0,,,,,,,,,,,,,,,,,,,,,,,,,,,,
2013-12-11,Z1Z02XPG,ST4000DX000,4000787030016,0,,119773301,,,,,,,,0,,,,,,7133,,,,,,,,,,,,,,,,,,,,,,,,,,,,,,34,,,,,,0,,,,,,,,,,,,,,,,,,,,,,,,,,,,
2013-12-11,W300KLK7,ST4000DM000,4000787030016,0,,89761688,,,,,,,,0,,,,,,919,,,,,,,,,,,,,,,,,,,,,,,,,,,,,,21,,,,,,0,,,,,,,,,,,,,,,,,,,,,,,,,,,,
2013-12-11,MJ0351YNGA27ZA,Hitachi HDS5C3030ALA630,3000592982016,0,,0,,,,,,,,0,,,,,,9938,,,,,,,,,,,,,,,,,,,,,,,,,,,,,,25,,,,,,0,,,,,,,,,,,,,,,,,,,,,,,,,,,,
2013-12-11,6XW0226Q,ST31500541AS,1500301910016,0,,238233079,,,,,,,,0,,,,,,36068,,,,,,,,,,,,,,,,,,,,,,,,,,,,,,19,,,,,,0,,,,,,,,,,,,,,,,,,,,,,,,,,,,
2013-12-11,JK1101B8KNJAAS,Hitachi HDS722020ALA330,2000398934016,0,,0,,,,,,,,0,,,,,,23099,,,,,,,,,,,,,,,,,,,,,,,,,,,,,,26,,,,,,0,,,,,,,,,,,,,,,,,,,,,,,,,,,,
2013-12-11,PL2311LAG1TTXC,Hitachi HDS5C4040ALE630,4000787030016,0,,0,,,,,,,,0,,,,,,7463,,,,,,,,,,,,,,,,,,,,,,,,,,,,,,22,,,,,,0,,,,,,,,,,,,,,,,,,,,,,,,,,,,
2013-12-11,WD-WMAWZ0232606,WDC WD30EZRX,3000592982016,0,,0,,,,,,,,0,,,,,,12935,,,,,,,,,,,,,,,,,,,,,,,,,,,,,,26,,,,,,0,,,,,,,,,,,,,,,,,,,,,,,,,,,,
2013-12-11,Z300PBTE,ST4000DM000,4000787030016,0,,230430568,,,,,,,,0,,,,,,1232,,,,,,,,,,,,,,,,,,,,,,,,,,,,,,18,,,,,,0,,,,,,,,,,,,,,,,,,,,,,,,,,,,
2013-12-11,Z300PBTK,ST4000DM000,4000787030016,0,,128936032,,,,,,,,0,,,,,,1092,,,,,,,,,,,,,,,,,,,,,,,,,,,,,,28,,,,,,0,,,,,,,,,,,,,,,,,,,,,,,,,,,,
2013-12-11,MJ0351YNG9WN0A,Hitachi HDS5C3030ALA630,3000592982016,0,,0,,,,,,,,0,,,,,,9483,,,,,,,,,,,,,,,,,,,,,,,,,,,,,,30,,,,,,0,,,,,,,,,,,,,,,,,,,,,,,,,,,,
2013-12-11,JK11A8B9J717YF,Hitachi HDS722020ALA330,2000398934016,0,,0,,,,,,,,0,,,,,,21478,,,,,,,,,,,,,,,,,,,,,,,,,,,,,,27,,,,,,0,,,,,,,,,,,,,,,,,,,,,,,,,,,,
2013-12-11,MJ0351YNG9V9UA,Hitachi HDS5C3030ALA630,3000592982016,0,,0,,,,,,,,0,,,,,,9671,,,,,,,,,,,,,,,,,,,,,,,,,,,,,,29,,,,,,0,,,,,,,,,,,,,,,,,,,,,,,,,,,,
2013-12-11,JK11A8B9J2SMUF,Hitachi HDS722020ALA330,2000398934016,0,,0,,,,,,,,0,,,,,,24364,,,,,,,,,,,,,,,,,,,,,,,,,,,,,,30,,,,,,0,,,,,,,,,,,,,,,,,,,,,,,,,,,,
2013-12-11,S1F0A1PX,ST3000DM001,3000592982016,0,,80567744,,,,,,,,0,,,,,,12368,,,,,,,,,,,,,,,,,,,,,,,,,,,,,,22,,,,,,0,,,,,,,,,,,,,,,,,,,,,,,,,,,,
2013-12-11,WD-WMC1T1836321,WDC WD30EFRX,3000592982016,0,,0,,,,,,,,0,,,,,,7391,,,,,,,,,,,,,,,,,,,,,,,,,,,,,,25,,,,,,0,,,,,,,,,,,,,,,,,,,,,,,,,,,,
2013-12-11,9VS3G5FG,ST31500341AS,1500301910016,0,,28188926,,,,,,,,6,,,,,,32908,,,,,,,,,,,,,,,,,,,,,,,,,,,,,,22,,,,,,0,,,,,,,,,,,,,,,,,,,,,,,,,,,,
2013-12-11,MJ0351YNGA006A,Hitachi HDS5C3030ALA630,3000592982016,0,,0,,,,,,,,0,,,,,,8883,,,,,,,,,,,,,,,,,,,,,,,,,,,,,,32,,,,,,0,,,,,,,,,,,,,,,,,,,,,,,,,,,,
2013-12-11,MJ1311YNG7JT9A,Hitachi HDS5C3030ALA630,3000592982016,0,,0,,,,,,,,0,,,,,,14680,,,,,,,,,,,,,,,,,,,,,,,,,,,,,,30,,,,,,0,,,,,,,,,,,,,,,,,,,,,,,,,,,,
2013-12-11,S1F0TNV3,ST3000DM001,3000592982016,0,,79129344,,,,,,,,0,,,,,,10726,,,,,,,,,,,,,,,,,,,,,,,,,,,,,,24,,,,,,0,,,,,,,,,,,,,,,,,,,,,,,,,,,,
2013-12-11,JK1171YBK1U33F,Hitachi HDS722020ALA330,2000398934016,0,,65538,,,,,,,,0,,,,,,29912,,,,,,,,,,,,,,,,,,,,,,,,,,,,,,27,,,,,,0,,,,,,,,,,,,,,,,,,,,,,,,,,,,
2013-12-11,MJ1311YNG7882A,Hitachi HDS5C3030ALA630,3000592982016,0,,0,,,,,,,,0,,,,,,14621,,,,,,,,,,,,,,,,,,,,,,,,,,,,,,23,,,,,,0,,,,,,,,,,,,,,,,,,,,,,,,,,,,
2013-12-11,JK11A8B9J3DEZF,Hitachi HDS722020ALA330,2000398934016,0,,0,,,,,,,,0,,,,,,23636,,,,,,,,,,,,,,,,,,,,,,,,,,,,,,31,,,,,,0,,,,,,,,,,,,,,,,,,,,,,,,,,,,
2013-12-11,JK1101B9KMYLYF,Hitachi HDS722020ALA330,2000398934016,0,,0,,,,,,,,0,,,,,,23074,,,,,,,,,,,,,,,,,,,,,,,,,,,,,,34,,,,,,0,,,,,,,,,,,,,,,,,,,,,,,,,,,,
2013-12-11,9XK05MEL,ST33000651AS,3000592982016,0,,39945834,,,,,,,,0,,,,,,16859,,,,,,,,,,,,,,,,,,,,,,,,,,,,,,23,,,,,,0,,,,,,,,,,,,,,,,,,,,,,,,,,,,
2013-12-11,6XW05RWH,ST31500541AS,1500301910016,0,,228693732,,,,,,,,0,,,,,,23040,,,,,,,,,,,,,,,,,,,,,,,,,,,,,,17,,,,,,0,,,,,,,,,,,,,,,,,,,,,,,,,,,,
2013-12-11,9VS3ERVK,ST31500341AS,1500301910016,0,,141732799,,,,,,,,246,,,,,,32150,,,,,,,,,,,,,,,,,,,,,,,,,,,,,,25,,,,,,0,,,,,,,,,,,,,,,,,,,,,,,,,,,,
2013-12-11,MJ0351YNG9Z2VA,Hitachi HDS5C3030ALA630,3000592982016,0,,0,,,,,,,,0,,,,,,9672,,,,,,,,,,,,,,,,,,,,,,,,,,,,,,26,,,,,,0,,,,,,,,,,,,,,,,,,,,,,,,,,,,
2013-12-11,PL1311LAG38RVH,Hitachi HDS5C4040ALE630,4000787030016,0,,0,,,,,,,,0,,,,,,6648,,,,,,,,,,,,,,,,,,,,,,,,,,,,,,21,,,,,,0,,,,,,,,,,,,,,,,,,,,,,,,,,,,
2013-12-11,S1F0CVQK,ST3000DM001,3000592982016,0,,217579520,,,,,,,,0,,,,,,12359,,,,,,,,,,,,,,,,,,,,,,,,,,,,,,22,,,,,,0,,,,,,,,,,,,,,,,,,,,,,,,,,,,
2013-12-11,Z300KCRL,ST4000DM000,4000787030016,0,,225353176,,,,,,,,0,,,,,,2241,,,,,,,,,,,,,,,,,,,,,,,,,,,,,,22,,,,,,0,,,,,,,,,,,,,,,,,,,,,,,,,,,,
2013-12-11,W1F0M6Y0,ST3000DM001,3000592982016,0,,115728096,,,,,,,,0,,,,,,7870,,,,,,,,,,,,,,,,,,,,,,,,,,,,,,24,,,,,,0,,,,,,,,,,,,,,,,,,,,,,,,,,,,
2013-12-11,Z300JEH1,ST4000DM000,4000787030016,0,,111822720,,,,,,,,0,,,,,,2241,,,,,,,,,,,,,,,,,,,,,,,,,,,,,,22,,,,,,0,,,,,,,,,,,,,,,,,,,,,,,,,,,,
2013-12-11,MJ1311YNG39JXA,Hitachi HDS5C3030ALA630,3000592982016,0,,0,,,,,,,,0,,,,,,18065,,,,,,,,,,,,,,,,,,,,,,,,,,,,,,29,,,,,,0,,,,,,,,,,,,,,,,,,,,,,,,,,,,
2013-12-11,MK0303YHGBHXRC,Hitachi HDS723030ALA640,3000592982016,0,,65537,,,,,,,,0,,,,,,21453,,,,,,,,,,,,,,,,,,,,,,,,,,,,,,27,,,,,,0,,,,,,,,,,,,,,,,,,,,,,,,,,,,
2013-12-11,W300BMTH,ST4000DM000,4000787030016,0,,214613104,,,,,,,,0,,,,,,4163,,,,,,,,,,,,,,,,,,,,,,,,,,,,,,22,,,,,,0,,,,,,,,,,,,,,,,,,,,,,,,,,,,
2013-12-11,Z300GQ81,ST4000DM000,4000787030016,0,,202518504,,,,,,,,0,,,,,,3584,,,,,,,,,,,,,,,,,,,,,,,,,,,,,,23,,,,,,0,,,,,,,,,,,,,,,,,,,,,,,,,,,,
2013-12-11,Z300GQ80,ST4000DM000,4000787030016,0,,73176136,,,,,,,,0,,,,,,3584,,,,,,,,,,,,,,,,,,,,,,,,,,,,,,24,,,,,,0,,,,,,,,,,,,,,,,,,,,,,,,,,,,
2013-12-11,Z300GQ86,ST4000DM000,4000787030016,0,,114908160,,,,,,,,0,,,,,,3583,,,,,,,,,,,,,,,,,,,,,,,,,,,,,,23,,,,,,0,,,,,,,,,,,,,,,,,,,,,,,,,,,,
2013-12-11,Z300WCFB,ST4000DM000,4000787030016,0,,237538296,,,,,,,,0,,,,,,886,,,,,,,,,,,,,,,,,,,,,,,,,,,,,,23,,,,,,0,,,,,,,,,,,,,,,,,,,,,,,,,,,,
2013-12-11,Z300GQ8A,ST4000DM000,4000787030016,0,,62307024,,,,,,,,0,,,,,,3586,,,,,,,,,,,,,,,,,,,,,,,,,,,,,,23,,,,,,0,,,,,,,,,,,,,,,,,,,,,,,,,,,,
2013-12-11,PL1311LAG3B60H,Hitachi HDS5C4040ALE630,4000787030016,0,,0,,,,,,,,0,,,,,,6071,,,,,,,,,,,,,,,,,,,,,,,,,,,,,,20,,,,,,0,,,,,,,,,,,,,,,,,,,,,,,,,,,,
2013-12-11,JK11A8B9J39G0F,Hitachi HDS722020ALA330,2000398934016,0,,262145,,,,,,,,0,,,,,,24502,,,,,,,,,,,,,,,,,,,,,,,,,,,,,,34,,,,,,0,,,,,,,,,,,,,,,,,,,,,,,,,,,,
2013-12-11,Z300GQ8F,ST4000DM000,4000787030016,0,,99666000,,,,,,,,0,,,,,,3582,,,,,,,,,,,,,,,,,,,,,,,,,,,,,,22,,,,,,0,,,,,,,,,,,,,,,,,,,,,,,,,,,,
2013-12-11,Z300GQ8H,ST4000DM000,4000787030016,0,,154493776,,,,,,,,0,,,,,,3627,,,,,,,,,,,,,,,,,,,,,,,,,,,,,,21,,,,,,0,,,,,,,,,,,,,,,,,,,,,,,,,,,,
2013-12-11,Z300GQ8K,ST4000DM000,4000787030016,0,,36976856,,,,,,,,0,,,,,,3581,,,,,,,,,,,,,,,,,,,,,,,,,,,,,,20,,,,,,0,,,,,,,,,,,,,,,,,,,,,,,,,,,,
2013-12-11,Z300GQ8L,ST4000DM000,4000787030016,0,,71695480,,,,,,,,0,,,,,,3588,,,,,,,,,,,,,,,,,,,,,,,,,,,,,,26,,,,,,0,,,,,,,,,,,,,,,,,,,,,,,,,,,,
2013-12-11,Z300GQ8V,ST4000DM000,4000787030016,0,,159860536,,,,,,,,0,,,,,,3583,,,,,,,,,,,,,,,,,,,,,,,,,,,,,,27,,,,,,0,,,,,,,,,,,,,,,,,,,,,,,,,,,,
2013-12-11,PL1311LAG26KSA,Hitachi HDS5C4040ALE630,4000787030016,0,,0,,,,,,,,0,,,,,,7402,,,,,,,,,,,,,,,,,,,,,,,,,,,,,,28,,,,,,0,,,,,,,,,,,,,,,,,,,,,,,,,,,,
2013-12-11,MJ0351YNGAD2YA,Hitachi HDS5C3030ALA630,3000592982016,0,,0,,,,,,,,0,,,,,,8211,,,,,,,,,,,,,,,,,,,,,,,,,,,,,,34,,,,,,0,,,,,,,,,,,,,,,,,,,,,,,,,,,,
2013-12-11,WD-WCAWZ1325770,WDC WD30EZRX,3000592982016,0,,0,,,,,,,,0,,,,,,17598,,,,,,,,,,,,,,,,,,,,,,,,,,,,,,22,,,,,,2,,,,,,,,,,,,,,,,,,,,,,,,,,,,
2013-12-11,MK0301YHGM0E9A,Hitachi HDS723030ALA640,3000592982016,0,,0,,,,,,,,0,,,,,,17017,,,,,,,,,,,,,,,,,,,,,,,,,,,,,,27,,,,,,0,,,,,,,,,,,,,,,,,,,,,,,,,,,,
2013-12-11,JK1171YAHVRW4N,Hitachi HDS722020ALA330,2000398934016,0,,65536,,,,,,,,0,,,,,,25994,,,,,,,,,,,,,,,,,,,,,,,,,,,,,,28,,,,,,0,,,,,,,,,,,,,,,,,,,,,,,,,,,,
2013-12-11,JK11A8B9J3NL0F,Hitachi HDS722020ALA330,2000398934016,0,,0,,,,,,,,1,,,,,,23125,,,,,,,,,,,,,,,,,,,,,,,,,,,,,,33,,,,,,0,,,,,,,,,,,,,,,,,,,,,,,,,,,,
2013-12-11,MJ0351YNGA3ALA,Hitachi HDS5C3030ALA630,3000592982016,0,,0,,,,,,,,0,,,,,,9163,,,,,,,,,,,,,,,,,,,,,,,,,,,,,,29,,,,,,0,,,,,,,,,,,,,,,,,,,,,,,,,,,,
2013-12-11,MJ1311YNG36TUA,Hitachi HDS5C3030ALA630,3000592982016,0,,0,,,,,,,,0,,,,,,18316,,,,,,,,,,,,,,,,,,,,,,,,,,,,,,22,,,,,,0,,,,,,,,,,,,,,,,,,,,,,,,,,,,
2013-12-11,W1F09LH3,ST3000DM001,3000592982016,0,,212766048,,,,,,,,0,,,,,,13371,,,,,,,,,,,,,,,,,,,,,,,,,,,,,,20,,,,,,0,,,,,,,,,,,,,,,,,,,,,,,,,,,,
2013-12-11,S1F0KKBA,ST3000DM001,3000592982016,0,,20202920,,,,,,,,0,,,,,,10771,,,,,,,,,,,,,,,,,,,,,,,,,,,,,,22,,,,,,0,,,,,,,,,,,,,,,,,,,,,,,,,,,,
2013-12-11,PL1311LAG27PAH,Hitachi HDS5C4040ALE630,4000787030016,0,,0,,,,,,,,0,,,,,,5069,,,,,,,,,,,,,,,,,,,,,,,,,,,,,,26,,,,,,0,,,,,,,,,,,,,,,,,,,,,,,,,,,,
2013-12-11,S1F0EEP2,ST3000DM001,3000592982016,0,,48716160,,,,,,,,0,,,,,,11689,,,,,,,,,,,,,,,,,,,,,,,,,,,,,,25,,,,,,0,,,,,,,,,,,,,,,,,,,,,,,,,,,,
2013-12-11,W300BNRJ,ST4000DM000,4000787030016,0,,233377192,,,,,,,,0,,,,,,3611,,,,,,,,,,,,,,,,,,,,,,,,,,,,,,25,,,,,,0,,,,,,,,,,,,,,,,,,,,,,,,,,,,
2013-12-11,W300BNRK,ST4000DM000,4000787030016,0,,129925976,,,,,,,,0,,,,,,3611,,,,,,,,,,,,,,,,,,,,,,,,,,,,,,22,,,,,,0,,,,,,,,,,,,,,,,,,,,,,,,,,,,
2013-12-11,PL1311LAG20DBA,Hitachi HDS5C4040ALE630,4000787030016,0,,0,,,,,,,,0,,,,,,7437,,,,,,,,,,,,,,,,,,,,,,,,,,,,,,25,,,,,,0,,,,,,,,,,,,,,,,,,,,,,,,,,,,
2013-12-11,JK1101B9JKLHEF,Hitachi HDS722020ALA330,2000398934016,0,,0,,,,,,,,0,,,,,,23587,,,,,,,,,,,,,,,,,,,,,,,,,,,,,,31,,,,,,0,,,,,,,,,,,,,,,,,,,,,,,,,,,,
2013-12-11,9VS1Q5FQ,ST31500341AS,1500301910016,0,,77319655,,,,,,,,12,,,,,,40082,,,,,,,,,,,,,,,,,,,,,,,,,,,,,,26,,,,,,0,,,,,,,,,,,,,,,,,,,,,,,,,,,,
2013-12-11,W1F0APAN,ST3000DM001,3000592982016,0,,168150488,,,,,,,,0,,,,,,13362,,,,,,,,,,,,,,,,,,,,,,,,,,,,,,25,,,,,,8,,,,,,,,,,,,,,,,,,,,,,,,,,,,
2013-12-11,W1F09LHX,ST3000DM001,3000592982016,0,,96534376,,,,,,,,0,,,,,,13359,,,,,,,,,,,,,,,,,,,,,,,,,,,,,,25,,,,,,0,,,,,,,,,,,,,,,,,,,,,,,,,,,,
2013-12-11,PL1321LAG2Y6AH,Hitachi HDS5C4040ALE630,4000787030016,0,,0,,,,,,,,0,,,,,,5961,,,,,,,,,,,,,,,,,,,,,,,,,,,,,,20,,,,,,0,,,,,,,,,,,,,,,,,,,,,,,,,,,,
2013-12-11,Z300H1HM,ST4000DM000,4000787030016,0,,206660000,,,,,,,,0,,,,,,2856,,,,,,,,,,,,,,,,,,,,,,,,,,,,,,22,,,,,,0,,,,,,,,,,,,,,,,,,,,,,,,,,,,
2013-12-11,PL1311LAG3EAZH,Hitachi HDS5C4040ALE630,4000787030016,0,,0,,,,,,,,0,,,,,,6655,,,,,,,,,,,,,,,,,,,,,,,,,,,,,,21,,,,,,0,,,,,,,,,,,,,,,,,,,,,,,,,,,,
2013-12-11,Z300P9B2,ST4000DM000,4000787030016,0,,239602312,,,,,,,,0,,,,,,1233,,,,,,,,,,,,,,,,,,,,,,,,,,,,,,22,,,,,,0,,,,,,,,,,,,,,,,,,,,,,,,,,,,
2013-12-11,9VS1Q5FC,ST31500341AS,1500301910016,0,,213156622,,,,,,,,11,,,,,,40243,,,,,,,,,,,,,,,,,,,,,,,,,,,,,,28,,,,,,0,,,,,,,,,,,,,,,,,,,,,,,,,,,,
2013-12-11,W1F1CKJZ,ST3000DM001,3000592982016,0,,133968208,,,,,,,,0,,,,,,7990,,,,,,,,,,,,,,,,,,,,,,,,,,,,,,14,,,,,,0,,,,,,,,,,,,,,,,,,,,,,,,,,,,
2013-12-11,W300CLXG,ST4000DM000,4000787030016,0,,75637152,,,,,,,,0,,,,,,4140,,,,,,,,,,,,,,,,,,,,,,,,,,,,,,25,,,,,,0,,,,,,,,,,,,,,,,,,,,,,,,,,,,
2013-12-11,MJ1321YNG0E8SA,Hitachi HDS5C3030ALA630,3000592982016,0,,0,,,,,,,,0,,,,,,20731,,,,,,,,,,,,,,,,,,,,,,,,,,,,,,26,,,,,,0,,,,,,,,,,,,,,,,,,,,,,,,,,,,
2013-12-11,MJ1311YNG3H4GA,Hitachi HDS5C3030ALA630,3000592982016,0,,0,,,,,,,,0,,,,,,19254,,,,,,,,,,,,,,,,,,,,,,,,,,,,,,22,,,,,,0,,,,,,,,,,,,,,,,,,,,,,,,,,,,
2013-12-11,PL1311LAG2NETH,Hitachi HDS5C4040ALE630,4000787030016,0,,0,,,,,,,,0,,,,,,5052,,,,,,,,,,,,,,,,,,,,,,,,,,,,,,27,,,,,,0,,,,,,,,,,,,,,,,,,,,,,,,,,,,
2013-12-11,W300JKSD,ST4000DM000,4000787030016,0,,240850952,,,,,,,,0,,,,,,2219,,,,,,,,,,,,,,,,,,,,,,,,,,,,,,23,,,,,,0,,,,,,,,,,,,,,,,,,,,,,,,,,,,
2013-12-11,PL1331LAGB3N8H,Hitachi HDS5C4040ALE630,4000787030016,0,,0,,,,,,,,0,,,,,,5076,,,,,,,,,,,,,,,,,,,,,,,,,,,,,,26,,,,,,0,,,,,,,,,,,,,,,,,,,,,,,,,,,,
2013-12-11,W1F0L5MT,ST3000DM001,3000592982016,0,,190879000,,,,,,,,0,,,,,,11022,,,,,,,,,,,,,,,,,,,,,,,,,,,,,,28,,,,,,0,,,,,,,,,,,,,,,,,,,,,,,,,,,,
2013-12-11,PL2311LAG1D8RC,Hitachi HDS5C4040ALE630,4000787030016,0,,0,,,,,,,,0,,,,,,7414,,,,,,,,,,,,,,,,,,,,,,,,,,,,,,21,,,,,,0,,,,,,,,,,,,,,,,,,,,,,,,,,,,
2013-12-11,MK0311YHGJY5EA,Hitachi HDS723030ALA640,3000592982016,0,,10,,,,,,,,1,,,,,,16802,,,,,,,,,,,,,,,,,,,,,,,,,,,,,,27,,,,,,0,,,,,,,,,,,,,,,,,,,,,,,,,,,,
2013-12-11,W3005RXJ,ST4000DM000,4000787030016,0,,81191824,,,,,,,,0,,,,,,2893,,,,,,,,,,,,,,,,,,,,,,,,,,,,,,24,,,,,,0,,,,,,,,,,,,,,,,,,,,,,,,,,,,
2013-12-11,JK11A8B9J1U7YF,Hitachi HDS722020ALA330,2000398934016,0,,65539,,,,,,,,0,,,,,,23946,,,,,,,,,,,,,,,,,,,,,,,,,,,,,,27,,,,,,0,,,,,,,,,,,,,,,,,,,,,,,,,,,,
2013-12-11,5XW0A0P5,ST31500541AS,1500301910016,0,,204621424,,,,,,,,0,,,,,,17685,,,,,,,,,,,,,,,,,,,,,,,,,,,,,,19,,,,,,0,,,,,,,,,,,,,,,,,,,,,,,,,,,,
2013-12-11,JK1130YAG112GT,Hitachi HDS722020ALA330,2000398934016,0,,131072,,,,,,,,0,,,,,,13085,,,,,,,,,,,,,,,,,,,,,,,,,,,,,,27,,,,,,0,,,,,,,,,,,,,,,,,,,,,,,,,,,,
2013-12-11,S1F034QC,ST3000DM001,3000592982016,0,,225593768,,,,,,,,0,,,,,,15481,,,,,,,,,,,,,,,,,,,,,,,,,,,,,,22,,,,,,0,,,,,,,,,,,,,,,,,,,,,,,,,,,,
2013-12-11,WD-WCAV51037297,WDC WD10EADS,1000204886016,0,,0,,,,,,,,0,,,,,,33592,,,,,,,,,,,,,,,,,,,,,,,,,,,,,,32,,,,,,0,,,,,,,,,,,,,,,,,,,,,,,,,,,,
2013-12-11,WD-WMC1T1899509,WDC WD30EFRX,3000592982016,0,,0,,,,,,,,0,,,,,,7390,,,,,,,,,,,,,,,,,,,,,,,,,,,,,,24,,,,,,0,,,,,,,,,,,,,,,,,,,,,,,,,,,,
2013-12-11,9VS21RQH,ST31500341AS,1500301910016,0,,199773571,,,,,,,,0,,,,,,38109,,,,,,,,,,,,,,,,,,,,,,,,,,,,,,21,,,,,,0,,,,,,,,,,,,,,,,,,,,,,,,,,,,
2013-12-11,JK1101B9JS6HJR,Hitachi HDS722020ALA330,2000398934016,0,,0,,,,,,,,0,,,,,,23125,,,,,,,,,,,,,,,,,,,,,,,,,,,,,,27,,,,,,0,,,,,,,,,,,,,,,,,,,,,,,,,,,,
2013-12-11,JK11A8B9J3D6GF,Hitachi HDS722020ALA330,2000398934016,0,,0,,,,,,,,0,,,,,,24213,,,,,,,,,,,,,,,,,,,,,,,,,,,,,,27,,,,,,0,,,,,,,,,,,,,,,,,,,,,,,,,,,,
2013-12-11,JK11A8B9J7N9KF,Hitachi HDS722020ALA330,2000398934016,0,,65537,,,,,,,,0,,,,,,24666,,,,,,,,,,,,,,,,,,,,,,,,,,,,,,29,,,,,,0,,,,,,,,,,,,,,,,,,,,,,,,,,,,
2013-12-11,MJ1311YNG5G14A,Hitachi HDS5C3030ALA630,3000592982016,0,,0,,,,,,,,0,,,,,,14288,,,,,,,,,,,,,,,,,,,,,,,,,,,,,,31,,,,,,0,,,,,,,,,,,,,,,,,,,,,,,,,,,,
2013-12-11,JK11A5B8J36NVX,Hitachi HDS722020ALA330,2000398934016,0,,0,,,,,,,,0,,,,,,23636,,,,,,,,,,,,,,,,,,,,,,,,,,,,,,28,,,,,,0,,,,,,,,,,,,,,,,,,,,,,,,,,,,
2013-12-11,MJ1321YNG0JZPA,Hitachi HDS5C3030ALA630,3000592982016,0,,7864320,,,,,,,,0,,,,,,19728,,,,,,,,,,,,,,,,,,,,,,,,,,,,,,25,,,,,,0,,,,,,,,,,,,,,,,,,,,,,,,,,,,
2013-12-11,S1F05Q8Q,ST3000DM001,3000592982016,0,,207363560,,,,,,,,0,,,,,,12395,,,,,,,,,,,,,,,,,,,,,,,,,,,,,,26,,,,,,0,,,,,,,,,,,,,,,,,,,,,,,,,,,,
2013-12-11,WD-WCAU47262035,WDC WD10EADS,1000204886016,0,,1,,,,,,,,0,,,,,,40873,,,,,,,,,,,,,,,,,,,,,,,,,,,,,,28,,,,,,0,,,,,,,,,,,,,,,,,,,,,,,,,,,,
2013-12-11,6XW039RL,ST31500541AS,1500301910016,0,,12348563,,,,,,,,0,,,,,,35749,,,,,,,,,,,,,,,,,,,,,,,,,,,,,,23,,,,,,0,,,,,,,,,,,,,,,,,,,,,,,,,,,,
2013-12-11,W1F090NL,ST3000DM001,3000592982016,0,,135792704,,,,,,,,0,,,,,,14718,,,,,,,,,,,,,,,,,,,,,,,,,,,,,,24,,,,,,0,,,,,,,,,,,,,,,,,,,,,,,,,,,,
2013-12-11,MJ0351YNGA8TZA,Hitachi HDS5C3030ALA630,3000592982016,0,,0,,,,,,,,0,,,,,,8141,,,,,,,,,,,,,,,,,,,,,,,,,,,,,,31,,,,,,0,,,,,,,,,,,,,,,,,,,,,,,,,,,,
2013-12-11,MJ0351YNG9ULBA,Hitachi HDS5C3030ALA630,3000592982016,0,,0,,,,,,,,0,,,,,,9672,,,,,,,,,,,,,,,,,,,,,,,,,,,,,,28,,,,,,0,,,,,,,,,,,,,,,,,,,,,,,,,,,,
2013-12-11,W1F090NP,ST3000DM001,3000592982016,0,,53506376,,,,,,,,0,,,,,,14734,,,,,,,,,,,,,,,,,,,,,,,,,,,,,,27,,,,,,0,,,,,,,,,,,,,,,,,,,,,,,,,,,,
2013-12-11,JK11A8B9JP49KF,Hitachi HDS722020ALA330,2000398934016,0,,0,,,,,,,,1,,,,,,24112,,,,,,,,,,,,,,,,,,,,,,,,,,,,,,29,,,,,,0,,,,,,,,,,,,,,,,,,,,,,,,,,,,
2013-12-11,S1F05Q8J,ST3000DM001,3000592982016,0,,235067904,,,,,,,,0,,,,,,12345,,,,,,,,,,,,,,,,,,,,,,,,,,,,,,27,,,,,,0,,,,,,,,,,,,,,,,,,,,,,,,,,,,
2013-12-11,MK0331YHGS04WA,Hitachi HDS723030ALA640,3000592982016,0,,0,,,,,,,,0,,,,,,17762,,,,,,,,,,,,,,,,,,,,,,,,,,,,,,22,,,,,,0,,,,,,,,,,,,,,,,,,,,,,,,,,,,
2013-12-11,JK11A8B9J805EF,Hitachi HDS722020ALA330,2000398934016,0,,0,,,,,,,,0,,,,,,25125,,,,,,,,,,,,,,,,,,,,,,,,,,,,,,30,,,,,,0,,,,,,,,,,,,,,,,,,,,,,,,,,,,
2013-12-11,Z300KETT,ST4000DM000,4000787030016,0,,56260592,,,,,,,,0,,,,,,1114,,,,,,,,,,,,,,,,,,,,,,,,,,,,,,29,,,,,,0,,,,,,,,,,,,,,,,,,,,,,,,,,,,
2013-12-11,9XK0Q1XJ,ST33000651AS,3000592982016,0,,150052281,,,,,,,,0,,,,,,17050,,,,,,,,,,,,,,,,,,,,,,,,,,,,,,26,,,,,,0,,,,,,,,,,,,,,,,,,,,,,,,,,,,
2013-12-11,Z300KETQ,ST4000DM000,4000787030016,0,,151641480,,,,,,,,0,,,,,,1114,,,,,,,,,,,,,,,,,,,,,,,,,,,,,,29,,,,,,0,,,,,,,,,,,,,,,,,,,,,,,,,,,,
2013-12-11,JK11A8B9JPY8GF,Hitachi HDS722020ALA330,2000398934016,0,,262144,,,,,,,,0,,,,,,24112,,,,,,,,,,,,,,,,,,,,,,,,,,,,,,27,,,,,,0,,,,,,,,,,,,,,,,,,,,,,,,,,,,
2013-12-11,MJ1311YNG2WPZA,Hitachi HDS5C3030ALA630,3000592982016,0,,0,,,,,,,,0,,,,,,19617,,,,,,,,,,,,,,,,,,,,,,,,,,,,,,26,,,,,,0,,,,,,,,,,,,,,,,,,,,,,,,,,,,
2013-12-11,JK11A8B9J1NNEF,Hitachi HDS722020ALA330,2000398934016,0,,1,,,,,,,,0,,,,,,23711,,,,,,,,,,,,,,,,,,,,,,,,,,,,,,32,,,,,,0,,,,,,,,,,,,,,,,,,,,,,,,,,,,
2013-12-11,JK1171YBK1N34F,Hitachi HDS722020ALA330,2000398934016,0,,0,,,,,,,,0,,,,,,29912,,,,,,,,,,,,,,,,,,,,,,,,,,,,,,28,,,,,,0,,,,,,,,,,,,,,,,,,,,,,,,,,,,
2013-12-11,MJ0351YNGA687A,Hitachi HDS5C3030ALA630,3000592982016,0,,0,,,,,,,,0,,,,,,8547,,,,,,,,,,,,,,,,,,,,,,,,,,,,,,30,,,,,,0,,,,,,,,,,,,,,,,,,,,,,,,,,,,
2013-12-11,PL1311LAG3A2XH,Hitachi HDS5C4040ALE630,4000787030016,0,,0,,,,,,,,0,,,,,,5304,,,,,,,,,,,,,,,,,,,,,,,,,,,,,,25,,,,,,0,,,,,,,,,,,,,,,,,,,,,,,,,,,,
2013-12-11,JK1175YAHTZX8X,Hitachi HDS722020ALA330,2000398934016,0,,2,,,,,,,,35,,,,,,30501,,,,,,,,,,,,,,,,,,,,,,,,,,,,,,32,,,,,,1,,,,,,,,,,,,,,,,,,,,,,,,,,,,
2013-12-11,JK1101B9JNT79U,Hitachi HDS722020ALA330,2000398934016,0,,0,,,,,,,,0,,,,,,24426,,,,,,,,,,,,,,,,,,,,,,,,,,,,,,29,,,,,,0,,,,,,,,,,,,,,,,,,,,,,,,,,,,
2013-12-11,WD-WCC1T1241616,WDC WD30EFRX,3000592982016,0,,0,,,,,,,,0,,,,,,683,,,,,,,,,,,,,,,,,,,,,,,,,,,,,,24,,,,,,0,,,,,,,,,,,,,,,,,,,,,,,,,,,,
2013-12-11,W300BHDJ,ST4000DM000,4000787030016,0,,232771176,,,,,,,,0,,,,,,3604,,,,,,,,,,,,,,,,,,,,,,,,,,,,,,21,,,,,,0,,,,,,,,,,,,,,,,,,,,,,,,,,,,
2013-12-11,Z300W0PJ,ST4000DM000,4000787030016,0,,206242320,,,,,,,,0,,,,,,799,,,,,,,,,,,,,,,,,,,,,,,,,,,,,,21,,,,,,0,,,,,,,,,,,,,,,,,,,,,,,,,,,,
2013-12-11,MJ1311YNG3GA8A,Hitachi HDS5C3030ALA630,3000592982016,0,,0,,,,,,,,0,,,,,,19588,,,,,,,,,,,,,,,,,,,,,,,,,,,,,,26,,,,,,0,,,,,,,,,,,,,,,,,,,,,,,,,,,,
2013-12-11,WD-WCAV51048413,WDC WD10EADS,1000204886016,0,,0,,,,,,,,0,,,,,,34809,,,,,,,,,,,,,,,,,,,,,,,,,,,,,,26,,,,,,0,,,,,,,,,,,,,,,,,,,,,,,,,,,,
2013-12-11,Z300W0PS,ST4000DM000,4000787030016,0,,159552752,,,,,,,,0,,,,,,885,,,,,,,,,,,,,,,,,,,,,,,,,,,,,,25,,,,,,0,,,,,,,,,,,,,,,,,,,,,,,,,,,,
2013-12-11,W300BHDW,ST4000DM000,4000787030016,0,,143868504,,,,,,,,0,,,,,,3603,,,,,,,,,,,,,,,,,,,,,,,,,,,,,,20,,,,,,0,,,,,,,,,,,,,,,,,,,,,,,,,,,,
2013-12-11,S1F0RR0C,ST3000DM001,3000592982016,0,,13792576,,,,,,,,0,,,,,,10759,,,,,,,,,,,,,,,,,,,,,,,,,,,,,,25,,,,,,0,,,,,,,,,,,,,,,,,,,,,,,,,,,,
2013-12-11,PL1311LAG3APDH,Hitachi HDS5C4040ALE630,4000787030016,0,,0,,,,,,,,0,,,,,,5962,,,,,,,,,,,,,,,,,,,,,,,,,,,,,,21,,,,,,0,,,,,,,,,,,,,,,,,,,,,,,,,,,,
2013-12-11,MJ0351YNGAAGUA,Hitachi HDS5C3030ALA630,3000592982016,0,,0,,,,,,,,0,,,,,,7989,,,,,,,,,,,,,,,,,,,,,,,,,,,,,,26,,,,,,0,,,,,,,,,,,,,,,,,,,,,,,,,,,,
2013-12-11,9VS4ZJZA,ST31500341AS,1500301910016,0,,172135041,,,,,,,,7,,,,,,18390,,,,,,,,,,,,,,,,,,,,,,,,,,,,,,24,,,,,,0,,,,,,,,,,,,,,,,,,,,,,,,,,,,
2013-12-11,MJ1311YNG3494A,Hitachi HDS5C3030ALA630,3000592982016,0,,0,,,,,,,,0,,,,,,18041,,,,,,,,,,,,,,,,,,,,,,,,,,,,,,26,,,,,,0,,,,,,,,,,,,,,,,,,,,,,,,,,,,
2013-12-11,MJ1311YNG77WRA,Hitachi HDS5C3030ALA630,3000592982016,0,,0,,,,,,,,0,,,,,,14682,,,,,,,,,,,,,,,,,,,,,,,,,,,,,,20,,,,,,0,,,,,,,,,,,,,,,,,,,,,,,,,,,,
2013-12-11,JK11A8B9J2KJSF,Hitachi HDS722020ALA330,2000398934016,0,,0,,,,,,,,0,,,,,,24501,,,,,,,,,,,,,,,,,,,,,,,,,,,,,,31,,,,,,0,,,,,,,,,,,,,,,,,,,,,,,,,,,,
2013-12-11,Z300P9C2,ST4000DM000,4000787030016,0,,135061640,,,,,,,,0,,,,,,1233,,,,,,,,,,,,,,,,,,,,,,,,,,,,,,19,,,,,,0,,,,,,,,,,,,,,,,,,,,,,,,,,,,
2013-12-11,9VS2AK33,ST31500341AS,1500301910016,0,,36999800,,,,,,,,3,,,,,,38655,,,,,,,,,,,,,,,,,,,,,,,,,,,,,,24,,,,,,0,,,,,,,,,,,,,,,,,,,,,,,,,,,,
2013-12-11,Z300KCR8,ST4000DM000,4000787030016,0,,17426600,,,,,,,,0,,,,,,1848,,,,,,,,,,,,,,,,,,,,,,,,,,,,,,22,,,,,,0,,,,,,,,,,,,,,,,,,,,,,,,,,,,
2013-12-11,PK1331PAJ35HDS,HGST HDS724040ALE640,4000787030016,0,,0,,,,,,,,0,,,,,,2027,,,,,,,,,,,,,,,,,,,,,,,,,,,,,,26,,,,,,0,,,,,,,,,,,,,,,,,,,,,,,,,,,,
2013-12-11,MJ1321YNG0NHJA,Hitachi HDS5C3030ALA630,3000592982016,0,,0,,,,,,,,0,,,,,,2333,,,,,,,,,,,,,,,,,,,,,,,,,,,,,,24,,,,,,0,,,,,,,,,,,,,,,,,,,,,,,,,,,,
2013-12-11,JK1105B8GEU82X,Hitachi HDS722020ALA330,2000398934016,0,,0,,,,,,,,0,,,,,,27221,,,,,,,,,,,,,,,,,,,,,,,,,,,,,,26,,,,,,0,,,,,,,,,,,,,,,,,,,,,,,,,,,,
2013-12-11,MJ1311YNG3EK6A,Hitachi HDS5C3030ALA630,3000592982016,0,,0,,,,,,,,0,,,,,,18949,,,,,,,,,,,,,,,,,,,,,,,,,,,,,,27,,,,,,0,,,,,,,,,,,,,,,,,,,,,,,,,,,,
2013-12-11,6XW005RT,ST31500541AS,1500301910016,0,,54839142,,,,,,,,0,,,,,,33218,,,,,,,,,,,,,,,,,,,,,,,,,,,,,,16,,,,,,0,,,,,,,,,,,,,,,,,,,,,,,,,,,,
2013-12-11,MJ1323YNG1RR5C,Hitachi HDS5C3030ALA630,3000592982016,0,,0,,,,,,,,0,,,,,,20079,,,,,,,,,,,,,,,,,,,,,,,,,,,,,,33,,,,,,0,,,,,,,,,,,,,,,,,,,,,,,,,,,,
2013-12-11,MJ0351YNG9WR5A,Hitachi HDS5C3030ALA630,3000592982016,0,,0,,,,,,,,0,,,,,,8870,,,,,,,,,,,,,,,,,,,,,,,,,,,,,,29,,,,,,0,,,,,,,,,,,,,,,,,,,,,,,,,,,,
2013-12-11,PL1321LAG369JH,Hitachi HDS5C4040ALE630,4000787030016,0,,0,,,,,,,,0,,,,,,5961,,,,,,,,,,,,,,,,,,,,,,,,,,,,,,20,,,,,,0,,,,,,,,,,,,,,,,,,,,,,,,,,,,
2013-12-11,MJ0351YNG9ZK4A,Hitachi HDS5C3030ALA630,3000592982016,0,,0,,,,,,,,0,,,,,,9191,,,,,,,,,,,,,,,,,,,,,,,,,,,,,,27,,,,,,0,,,,,,,,,,,,,,,,,,,,,,,,,,,,
2013-12-11,Z300W1VT,ST4000DM000,4000787030016,0,,75234936,,,,,,,,0,,,,,,613,,,,,,,,,,,,,,,,,,,,,,,,,,,,,,24,,,,,,0,,,,,,,,,,,,,,,,,,,,,,,,,,,,
2013-12-11,Z300KMW9,ST4000DM000,4000787030016,0,,170369776,,,,,,,,0,,,,,,2240,,,,,,,,,,,,,,,,,,,,,,,,,,,,,,19,,,,,,0,,,,,,,,,,,,,,,,,,,,,,,,,,,,
2013-12-11,MJ1311YNG7ESMA,Hitachi HDS5C3030ALA630,3000592982016,0,,0,,,,,,,,0,,,,,,14574,,,,,,,,,,,,,,,,,,,,,,,,,,,,,,23,,,,,,0,,,,,,,,,,,,,,,,,,,,,,,,,,,,
2013-12-11,PL1311LAG24MMA,Hitachi HDS5C4040ALE630,4000787030016,0,,0,,,,,,,,0,,,,,,6075,,,,,,,,,,,,,,,,,,,,,,,,,,,,,,19,,,,,,0,,,,,,,,,,,,,,,,,,,,,,,,,,,,
2013-12-11,PL1321LAG352HH,Hitachi HDS5C4040ALE630,4000787030016,0,,0,,,,,,,,0,,,,,,6649,,,,,,,,,,,,,,,,,,,,,,,,,,,,,,21,,,,,,0,,,,,,,,,,,,,,,,,,,,,,,,,,,,
2013-12-11,JK11A8B9J9962F,Hitachi HDS722020ALA330,2000398934016,0,,0,,,,,,,,1,,,,,,25661,,,,,,,,,,,,,,,,,,,,,,,,,,,,,,28,,,,,,0,,,,,,,,,,,,,,,,,,,,,,,,,,,,
2013-12-11,MJ1311YNG32VZA,Hitachi HDS5C3030ALA630,3000592982016,0,,0,,,,,,,,0,,,,,,18939,,,,,,,,,,,,,,,,,,,,,,,,,,,,,,27,,,,,,0,,,,,,,,,,,,,,,,,,,,,,,,,,,,
2013-12-11,Z300MYM5,ST4000DM000,4000787030016,0,,221311280,,,,,,,,0,,,,,,2611,,,,,,,,,,,,,,,,,,,,,,,,,,,,,,22,,,,,,0,,,,,,,,,,,,,,,,,,,,,,,,,,,,
2013-12-11,MJ1311YNG27KGA,Hitachi HDS5C3030ALA630,3000592982016,0,,0,,,,,,,,0,,,,,,10875,,,,,,,,,,,,,,,,,,,,,,,,,,,,,,27,,,,,,0,,,,,,,,,,,,,,,,,,,,,,,,,,,,
2013-12-11,WD-WCAU45402579,WDC WD10EADS,1000204886016,0,,5,,,,,,,,0,,,,,,41354,,,,,,,,,,,,,,,,,,,,,,,,,,,,,,23,,,,,,0,,,,,,,,,,,,,,,,,,,,,,,,,,,,
2013-12-11,W1F0ARCN,ST3000DM001,3000592982016,0,,205691832,,,,,,,,0,,,,,,13748,,,,,,,,,,,,,,,,,,,,,,,,,,,,,,20,,,,,,0,,,,,,,,,,,,,,,,,,,,,,,,,,,,
2013-12-11,MK0331YHGPLYTA,Hitachi HDS723030ALA640,3000592982016,0,,0,,,,,,,,0,,,,,,17356,,,,,,,,,,,,,,,,,,,,,,,,,,,,,,25,,,,,,0,,,,,,,,,,,,,,,,,,,,,,,,,,,,
2013-12-11,JK11A8B9J39MZF,Hitachi HDS722020ALA330,2000398934016,0,,65536,,,,,,,,0,,,,,,23636,,,,,,,,,,,,,,,,,,,,,,,,,,,,,,30,,,,,,0,,,,,,,,,,,,,,,,,,,,,,,,,,,,
2013-12-11,JK11A8B9J3KXLF,Hitachi HDS722020ALA330,2000398934016,0,,0,,,,,,,,0,,,,,,23822,,,,,,,,,,,,,,,,,,,,,,,,,,,,,,32,,,,,,0,,,,,,,,,,,,,,,,,,,,,,,,,,,,
2013-12-11,JK11A1YAJKEN0V,Hitachi HDS722020ALA330,2000398934016,0,,0,,,,,,,,0,,,,,,21473,,,,,,,,,,,,,,,,,,,,,,,,,,,,,,28,,,,,,0,,,,,,,,,,,,,,,,,,,,,,,,,,,,
2013-12-11,JK11A1YAJH18EV,Hitachi HDS722020ALA330,2000398934016,0,,0,,,,,,,,0,,,,,,28841,,,,,,,,,,,,,,,,,,,,,,,,,,,,,,29,,,,,,0,,,,,,,,,,,,,,,,,,,,,,,,,,,,
2013-12-11,Z300GZAV,ST4000DM000,4000787030016,0,,49437032,,,,,,,,0,,,,,,3652,,,,,,,,,,,,,,,,,,,,,,,,,,,,,,25,,,,,,0,,,,,,,,,,,,,,,,,,,,,,,,,,,,
2013-12-11,5YD1LZ68,ST1500DL001,1500301910016,0,,133334208,,,,,,,,0,,,,,,8577,,,,,,,,,,,,,,,,,,,,,,,,,,,,,,20,,,,,,0,,,,,,,,,,,,,,,,,,,,,,,,,,,,
2013-12-11,JK11A8B9J3A50F,Hitachi HDS722020ALA330,2000398934016,0,,1,,,,,,,,0,,,,,,22415,,,,,,,,,,,,,,,,,,,,,,,,,,,,,,25,,,,,,0,,,,,,,,,,,,,,,,,,,,,,,,,,,,
2013-12-11,Z300GZAB,ST4000DM000,4000787030016,0,,48249736,,,,,,,,0,,,,,,3582,,,,,,,,,,,,,,,,,,,,,,,,,,,,,,23,,,,,,0,,,,,,,,,,,,,,,,,,,,,,,,,,,,
2013-12-11,Z300K96W,ST4000DM000,4000787030016,0,,71783360,,,,,,,,0,,,,,,2241,,,,,,,,,,,,,,,,,,,,,,,,,,,,,,18,,,,,,0,,,,,,,,,,,,,,,,,,,,,,,,,,,,
2013-12-11,JK1101B9JNM6DU,Hitachi HDS722020ALA330,2000398934016,0,,0,,,,,,,,2,,,,,,23320,,,,,,,,,,,,,,,,,,,,,,,,,,,,,,25,,,,,,0,,,,,,,,,,,,,,,,,,,,,,,,,,,,
2013-12-11,Z300GPYH,ST4000DM000,4000787030016,0,,47954472,,,,,,,,0,,,,,,3583,,,,,,,,,,,,,,,,,,,,,,,,,,,,,,22,,,,,,0,,,,,,,,,,,,,,,,,,,,,,,,,,,,
2013-12-11,Z300JDZC,ST4000DM000,4000787030016,0,,240762024,,,,,,,,0,,,,,,2874,,,,,,,,,,,,,,,,,,,,,,,,,,,,,,22,,,,,,0,,,,,,,,,,,,,,,,,,,,,,,,,,,,
2013-12-11,WD-WCAU45664792,WDC WD10EADS,1000204886016,0,,0,,,,,,,,0,,,,,,41770,,,,,,,,,,,,,,,,,,,,,,,,,,,,,,24,,,,,,0,,,,,,,,,,,,,,,,,,,,,,,,,,,,
2013-12-11,MJ0351YNG9WTJA,Hitachi HDS5C3030ALA630,3000592982016,0,,0,,,,,,,,0,,,,,,9477,,,,,,,,,,,,,,,,,,,,,,,,,,,,,,24,,,,,,0,,,,,,,,,,,,,,,,,,,,,,,,,,,,
2013-12-11,WD-WCAU45044432,WDC WD10EADS,1000204886016,0,,13,,,,,,,,0,,,,,,38976,,,,,,,,,,,,,,,,,,,,,,,,,,,,,,31,,,,,,0,,,,,,,,,,,,,,,,,,,,,,,,,,,,
2013-12-11,MS79215X09858G,Hitachi HDS723030BLE640,3000592982016,0,,0,,,,,,,,0,,,,,,6615,,,,,,,,,,,,,,,,,,,,,,,,,,,,,,27,,,,,,0,,,,,,,,,,,,,,,,,,,,,,,,,,,,
2013-12-11,JK11A8B9J3YPPF,Hitachi HDS722020ALA330,2000398934016,0,,0,,,,,,,,1,,,,,,23544,,,,,,,,,,,,,,,,,,,,,,,,,,,,,,40,,,,,,0,,,,,,,,,,,,,,,,,,,,,,,,,,,,
2013-12-11,MJ0351YNG9XY8A,Hitachi HDS5C3030ALA630,3000592982016,0,,0,,,,,,,,0,,,,,,9477,,,,,,,,,,,,,,,,,,,,,,,,,,,,,,27,,,,,,0,,,,,,,,,,,,,,,,,,,,,,,,,,,,
2013-12-11,JK1171YBK1GKPF,Hitachi HDS722020ALA330,2000398934016,0,,1,,,,,,,,0,,,,,,29019,,,,,,,,,,,,,,,,,,,,,,,,,,,,,,24,,,,,,0,,,,,,,,,,,,,,,,,,,,,,,,,,,,
2013-12-11,9VS10XBV,ST31500341AS,1500301910016,0,,99104851,,,,,,,,12,,,,,,40574,,,,,,,,,,,,,,,,,,,,,,,,,,,,,,29,,,,,,0,,,,,,,,,,,,,,,,,,,,,,,,,,,,
2013-12-11,W3009T6A,ST4000DM000,4000787030016,0,,169349648,,,,,,,,0,,,,,,2224,,,,,,,,,,,,,,,,,,,,,,,,,,,,,,22,,,,,,0,,,,,,,,,,,,,,,,,,,,,,,,,,,,
2013-12-11,W1F0Z4SP,ST3000DM001,3000592982016,0,,2478464,,,,,,,,0,,,,,,10743,,,,,,,,,,,,,,,,,,,,,,,,,,,,,,23,,,,,,0,,,,,,,,,,,,,,,,,,,,,,,,,,,,
2013-12-11,MK0311YHGHGXJA,Hitachi HDS723030ALA640,3000592982016,0,,65537,,,,,,,,0,,,,,,17018,,,,,,,,,,,,,,,,,,,,,,,,,,,,,,28,,,,,,0,,,,,,,,,,,,,,,,,,,,,,,,,,,,
2013-12-11,JK11A8B9JPTP5F,Hitachi HDS722020ALA330,2000398934016,0,,0,,,,,,,,0,,,,,,23710,,,,,,,,,,,,,,,,,,,,,,,,,,,,,,25,,,,,,0,,,,,,,,,,,,,,,,,,,,,,,,,,,,
2013-12-11,MJ0351YNG9VZ0A,Hitachi HDS5C3030ALA630,3000592982016,0,,0,,,,,,,,0,,,,,,9986,,,,,,,,,,,,,,,,,,,,,,,,,,,,,,30,,,,,,0,,,,,,,,,,,,,,,,,,,,,,,,,,,,
2013-12-11,MJ1323YNG1MNNC,Hitachi HDS5C3030ALA630,3000592982016,0,,0,,,,,,,,0,,,,,,19773,,,,,,,,,,,,,,,,,,,,,,,,,,,,,,23,,,,,,0,,,,,,,,,,,,,,,,,,,,,,,,,,,,
2013-12-11,JK11A8B9GPHSBF,Hitachi HDS722020ALA330,2000398934016,0,,0,,,,,,,,8,,,,,,26764,,,,,,,,,,,,,,,,,,,,,,,,,,,,,,24,,,,,,0,,,,,,,,,,,,,,,,,,,,,,,,,,,,
2013-12-11,9VS1L4ZZ,ST31500341AS,1500301910016,0,,98864618,,,,,,,,9,,,,,,39915,,,,,,,,,,,,,,,,,,,,,,,,,,,,,,24,,,,,,0,,,,,,,,,,,,,,,,,,,,,,,,,,,,
2013-12-11,JK11A8B9J6LT7F,Hitachi HDS722020ALA330,2000398934016,0,,0,,,,,,,,0,,,,,,22699,,,,,,,,,,,,,,,,,,,,,,,,,,,,,,28,,,,,,0,,,,,,,,,,,,,,,,,,,,,,,,,,,,
2013-12-11,MJ1311YNG68YDA,Hitachi HDS5C3030ALA630,3000592982016,0,,0,,,,,,,,0,,,,,,14595,,,,,,,,,,,,,,,,,,,,,,,,,,,,,,27,,,,,,0,,,,,,,,,,,,,,,,,,,,,,,,,,,,
2013-12-11,MJ1311YNG6BDGA,Hitachi HDS5C3030ALA630,3000592982016,0,,0,,,,,,,,0,,,,,,14685,,,,,,,,,,,,,,,,,,,,,,,,,,,,,,19,,,,,,0,,,,,,,,,,,,,,,,,,,,,,,,,,,,
2013-12-11,W1F09A2M,ST3000DM001,3000592982016,0,,241389376,,,,,,,,0,,,,,,14713,,,,,,,,,,,,,,,,,,,,,,,,,,,,,,21,,,,,,0,,,,,,,,,,,,,,,,,,,,,,,,,,,,
2013-12-11,5YD3SZSX,ST1500DL003,1500301910016,0,,7965528,,,,,,,,0,,,,,,6057,,,,,,,,,,,,,,,,,,,,,,,,,,,,,,19,,,,,,0,,,,,,,,,,,,,,,,,,,,,,,,,,,,
2013-12-11,6XW0WSEK,ST31500541AS,1500301910016,0,,9254510,,,,,,,,411,,,,,,32155,,,,,,,,,,,,,,,,,,,,,,,,,,,,,,21,,,,,,0,,,,,,,,,,,,,,,,,,,,,,,,,,,,
2013-12-11,JK11A8B9J3916F,Hitachi HDS722020ALA330,2000398934016,0,,0,,,,,,,,0,,,,,,22414,,,,,,,,,,,,,,,,,,,,,,,,,,,,,,26,,,,,,0,,,,,,,,,,,,,,,,,,,,,,,,,,,,
2013-12-11,S1F01VH0,ST3000DM001,3000592982016,0,,5823920,,,,,,,,0,,,,,,15593,,,,,,,,,,,,,,,,,,,,,,,,,,,,,,20,,,,,,128,,,,,,,,,,,,,,,,,,,,,,,,,,,,
2013-12-11,W1F01LZG,ST3000DM001,3000592982016,0,,43078048,,,,,,,,0,,,,,,5020,,,,,,,,,,,,,,,,,,,,,,,,,,,,,,26,,,,,,0,,,,,,,,,,,,,,,,,,,,,,,,,,,,
2013-12-11,JK1170YAGZPZSP,Hitachi HDS722020ALA330,2000398934016,0,,393217,,,,,,,,22,,,,,,20765,,,,,,,,,,,,,,,,,,,,,,,,,,,,,,24,,,,,,0,,,,,,,,,,,,,,,,,,,,,,,,,,,,
2013-12-11,PL1311LAG200KA,Hitachi HDS5C4040ALE630,4000787030016,0,,0,,,,,,,,0,,,,,,7453,,,,,,,,,,,,,,,,,,,,,,,,,,,,,,20,,,,,,0,,,,,,,,,,,,,,,,,,,,,,,,,,,,
2013-12-11,MJ1311YNG56KEA,Hitachi HDS5C3030ALA630,3000592982016,0,,0,,,,,,,,0,,,,,,14681,,,,,,,,,,,,,,,,,,,,,,,,,,,,,,29,,,,,,0,,,,,,,,,,,,,,,,,,,,,,,,,,,,
2013-12-11,MN1221F30DUWYD,Hitachi HDS723020BLA642,2000398934016,0,,1,,,,,,,,0,,,,,,1184,,,,,,,,,,,,,,,,,,,,,,,,,,,,,,26,,,,,,0,,,,,,,,,,,,,,,,,,,,,,,,,,,,
2013-12-11,MJ1321YNG0EGVA,Hitachi HDS5C3030ALA630,3000592982016,0,,0,,,,,,,,0,,,,,,20479,,,,,,,,,,,,,,,,,,,,,,,,,,,,,,29,,,,,,0,,,,,,,,,,,,,,,,,,,,,,,,,,,,
2013-12-11,WD-WCC1T1089178,WDC WD30EFRX,3000592982016,0,,0,,,,,,,,0,,,,,,2123,,,,,,,,,,,,,,,,,,,,,,,,,,,,,,18,,,,,,0,,,,,,,,,,,,,,,,,,,,,,,,,,,,
2013-12-11,S1F0S537,ST3000DM001,3000592982016,0,,58262920,,,,,,,,0,,,,,,10727,,,,,,,,,,,,,,,,,,,,,,,,,,,,,,26,,,,,,0,,,,,,,,,,,,,,,,,,,,,,,,,,,,
2013-12-11,JK11A8B9J7582F,Hitachi HDS722020ALA330,2000398934016,0,,1311164,,,,,,,,12,,,,,,22686,,,,,,,,,,,,,,,,,,,,,,,,,,,,,,21,,,,,,1,,,,,,,,,,,,,,,,,,,,,,,,,,,,
2013-12-11,MJ0351YNG9STAA,Hitachi HDS5C3030ALA630,3000592982016,0,,0,,,,,,,,0,,,,,,9941,,,,,,,,,,,,,,,,,,,,,,,,,,,,,,25,,,,,,0,,,,,,,,,,,,,,,,,,,,,,,,,,,,
2013-12-11,Z300CLVX,ST4000DM000,4000787030016,0,,13837560,,,,,,,,0,,,,,,2272,,,,,,,,,,,,,,,,,,,,,,,,,,,,,,21,,,,,,0,,,,,,,,,,,,,,,,,,,,,,,,,,,,
2013-12-11,MJ1311YNG3B13A,Hitachi HDS5C3030ALA630,3000592982016,0,,0,,,,,,,,13,,,,,,19254,,,,,,,,,,,,,,,,,,,,,,,,,,,,,,25,,,,,,1,,,,,,,,,,,,,,,,,,,,,,,,,,,,
2013-12-11,Z300H2DZ,ST4000DM000,4000787030016,0,,211179144,,,,,,,,0,,,,,,1298,,,,,,,,,,,,,,,,,,,,,,,,,,,,,,22,,,,,,0,,,,,,,,,,,,,,,,,,,,,,,,,,,,
2013-12-11,MJ1323YNG1U3XC,Hitachi HDS5C3030ALA630,3000592982016,0,,0,,,,,,,,0,,,,,,19748,,,,,,,,,,,,,,,,,,,,,,,,,,,,,,26,,,,,,0,,,,,,,,,,,,,,,,,,,,,,,,,,,,
2013-12-11,MJ0351YNGA73UA,Hitachi HDS5C3030ALA630,3000592982016,0,,0,,,,,,,,0,,,,,,7801,,,,,,,,,,,,,,,,,,,,,,,,,,,,,,26,,,,,,0,,,,,,,,,,,,,,,,,,,,,,,,,,,,
2013-12-11,MJ1323YNG1LTSC,Hitachi HDS5C3030ALA630,3000592982016,0,,133,,,,,,,,0,,,,,,19760,,,,,,,,,,,,,,,,,,,,,,,,,,,,,,27,,,,,,0,,,,,,,,,,,,,,,,,,,,,,,,,,,,
2013-12-11,MJ0351YNGA3KAA,Hitachi HDS5C3030ALA630,3000592982016,0,,0,,,,,,,,0,,,,,,8505,,,,,,,,,,,,,,,,,,,,,,,,,,,,,,24,,,,,,0,,,,,,,,,,,,,,,,,,,,,,,,,,,,
2013-12-11,Z300V7QB,ST4000DM000,4000787030016,0,,222756120,,,,,,,,0,,,,,,957,,,,,,,,,,,,,,,,,,,,,,,,,,,,,,21,,,,,,0,,,,,,,,,,,,,,,,,,,,,,,,,,,,
2013-12-11,JK11A8B9J3VMLF,Hitachi HDS722020ALA330,2000398934016,0,,0,,,,,,,,0,,,,,,23124,,,,,,,,,,,,,,,,,,,,,,,,,,,,,,36,,,,,,0,,,,,,,,,,,,,,,,,,,,,,,,,,,,
2013-12-11,6XW1ET83,ST31500541AS,1500301910016,0,,60165637,,,,,,,,0,,,,,,25972,,,,,,,,,,,,,,,,,,,,,,,,,,,,,,22,,,,,,0,,,,,,,,,,,,,,,,,,,,,,,,,,,,
2013-12-11,PL1311LAG3GGNH,Hitachi HDS5C4040ALE630,4000787030016,0,,0,,,,,,,,0,,,,,,5125,,,,,,,,,,,,,,,,,,,,,,,,,,,,,,29,,,,,,0,,,,,,,,,,,,,,,,,,,,,,,,,,,,
2013-12-11,MJ0351YNG9UVBA,Hitachi HDS5C3030ALA630,3000592982016,0,,0,,,,,,,,0,,,,,,9483,,,,,,,,,,,,,,,,,,,,,,,,,,,,,,31,,,,,,0,,,,,,,,,,,,,,,,,,,,,,,,,,,,
2013-12-11,5XW02ZM6,ST31500541AS,1500301910016,0,,80098743,,,,,,,,0,,,,,,36439,,,,,,,,,,,,,,,,,,,,,,,,,,,,,,19,,,,,,0,,,,,,,,,,,,,,,,,,,,,,,,,,,,
2013-12-11,JK1101B8KNB5VS,Hitachi HDS722020ALA330,2000398934016,0,,131073,,,,,,,,0,,,,,,23099,,,,,,,,,,,,,,,,,,,,,,,,,,,,,,25,,,,,,0,,,,,,,,,,,,,,,,,,,,,,,,,,,,
2013-12-11,W1F111Q7,ST3000DM001,3000592982016,0,,30375056,,,,,,,,0,,,,,,7991,,,,,,,,,,,,,,,,,,,,,,,,,,,,,,28,,,,,,0,,,,,,,,,,,,,,,,,,,,,,,,,,,,
2013-12-11,PL1311LAG1SHYA,Hitachi HDS5C4040ALE630,4000787030016,0,,0,,,,,,,,0,,,,,,7453,,,,,,,,,,,,,,,,,,,,,,,,,,,,,,22,,,,,,0,,,,,,,,,,,,,,,,,,,,,,,,,,,,
2013-12-11,W1F0TQ0Q,ST3000DM001,3000592982016,0,,95831352,,,,,,,,0,,,,,,10719,,,,,,,,,,,,,,,,,,,,,,,,,,,,,,25,,,,,,0,,,,,,,,,,,,,,,,,,,,,,,,,,,,
2013-12-11,MJ1311YNG2TZJA,Hitachi HDS5C3030ALA630,3000592982016,0,,0,,,,,,,,0,,,,,,18067,,,,,,,,,,,,,,,,,,,,,,,,,,,,,,24,,,,,,0,,,,,,,,,,,,,,,,,,,,,,,,,,,,
2013-12-11,9XW01LRM,ST31500541AS,1500301910016,0,,192906720,,,,,,,,0,,,,,,35235,,,,,,,,,,,,,,,,,,,,,,,,,,,,,,20,,,,,,0,,,,,,,,,,,,,,,,,,,,,,,,,,,,
2013-12-11,MK0313YHGDDE1C,Hitachi HDS723030ALA640,3000592982016,0,,2,,,,,,,,0,,,,,,21461,,,,,,,,,,,,,,,,,,,,,,,,,,,,,,33,,,,,,0,,,,,,,,,,,,,,,,,,,,,,,,,,,,
2013-12-11,9VS3TPVN,ST31500341AS,1500301910016,0,,29418054,,,,,,,,0,,,,,,18353,,,,,,,,,,,,,,,,,,,,,,,,,,,,,,25,,,,,,0,,,,,,,,,,,,,,,,,,,,,,,,,,,,
2013-12-11,S1F0TPVH,ST3000DM001,3000592982016,0,,156311648,,,,,,,,0,,,,,,10398,,,,,,,,,,,,,,,,,,,,,,,,,,,,,,27,,,,,,0,,,,,,,,,,,,,,,,,,,,,,,,,,,,
2013-12-11,MK0311YHGKHW3A,Hitachi HDS723030ALA640,3000592982016,0,,0,,,,,,,,0,,,,,,16682,,,,,,,,,,,,,,,,,,,,,,,,,,,,,,28,,,,,,0,,,,,,,,,,,,,,,,,,,,,,,,,,,,
2013-12-11,PL1301LAG2VMMA,Hitachi HDS5C4040ALE630,4000787030016,0,,0,,,,,,,,0,,,,,,5961,,,,,,,,,,,,,,,,,,,,,,,,,,,,,,20,,,,,,8,,,,,,,,,,,,,,,,,,,,,,,,,,,,
2013-12-11,Z300K14G,ST4000DM000,4000787030016,0,,169203736,,,,,,,,0,,,,,,2239,,,,,,,,,,,,,,,,,,,,,,,,,,,,,,19,,,,,,0,,,,,,,,,,,,,,,,,,,,,,,,,,,,
2013-12-11,JK1101B9KLKMXF,Hitachi HDS722020ALA330,2000398934016,0,,1,,,,,,,,0,,,,,,23098,,,,,,,,,,,,,,,,,,,,,,,,,,,,,,27,,,,,,0,,,,,,,,,,,,,,,,,,,,,,,,,,,,
2013-12-11,S1F0QXZL,ST3000DM001,3000592982016,0,,5659944,,,,,,,,0,,,,,,10737,,,,,,,,,,,,,,,,,,,,,,,,,,,,,,27,,,,,,0,,,,,,,,,,,,,,,,,,,,,,,,,,,,
2013-12-11,Z300NHF2,ST4000DM000,4000787030016,0,,117858576,,,,,,,,0,,,,,,1142,,,,,,,,,,,,,,,,,,,,,,,,,,,,,,25,,,,,,0,,,,,,,,,,,,,,,,,,,,,,,,,,,,
2013-12-11,PL1311LAG38V0H,Hitachi HDS5C4040ALE630,4000787030016,0,,0,,,,,,,,0,,,,,,6655,,,,,,,,,,,,,,,,,,,,,,,,,,,,,,23,,,,,,0,,,,,,,,,,,,,,,,,,,,,,,,,,,,
2013-12-11,JK1101B9JP3D4F,Hitachi HDS722020ALA330,2000398934016,0,,0,,,,,,,,0,,,,,,23586,,,,,,,,,,,,,,,,,,,,,,,,,,,,,,29,,,,,,0,,,,,,,,,,,,,,,,,,,,,,,,,,,,
2013-12-11,S1F0QXZS,ST3000DM001,3000592982016,0,,232448168,,,,,,,,0,,,,,,11639,,,,,,,,,,,,,,,,,,,,,,,,,,,,,,27,,,,,,0,,,,,,,,,,,,,,,,,,,,,,,,,,,,
2013-12-11,MJ0351YNG9WL4A,Hitachi HDS5C3030ALA630,3000592982016,0,,0,,,,,,,,0,,,,,,8830,,,,,,,,,,,,,,,,,,,,,,,,,,,,,,29,,,,,,0,,,,,,,,,,,,,,,,,,,,,,,,,,,,
2013-12-11,S1F0N744,ST3000DM001,3000592982016,0,,205849528,,,,,,,,0,,,,,,11672,,,,,,,,,,,,,,,,,,,,,,,,,,,,,,27,,,,,,0,,,,,,,,,,,,,,,,,,,,,,,,,,,,
2013-12-11,S1F02A0J,ST3000DM001,3000592982016,0,,158026768,,,,,,,,0,,,,,,15263,,,,,,,,,,,,,,,,,,,,,,,,,,,,,,20,,,,,,0,,,,,,,,,,,,,,,,,,,,,,,,,,,,
2013-12-11,W1F08GN9,ST3000DM001,3000592982016,0,,230619848,,,,,,,,0,,,,,,13362,,,,,,,,,,,,,,,,,,,,,,,,,,,,,,22,,,,,,0,,,,,,,,,,,,,,,,,,,,,,,,,,,,
2013-12-11,Z1Z06G4T,ST4000DX000,4000787030016,0,,66579751,,,,,,,,0,,,,,,5077,,,,,,,,,,,,,,,,,,,,,,,,,,,,,,32,,,,,,0,,,,,,,,,,,,,,,,,,,,,,,,,,,,
2013-12-11,JK1105B8GG4V0X,Hitachi HDS722020ALA330,2000398934016,0,,0,,,,,,,,0,,,,,,27160,,,,,,,,,,,,,,,,,,,,,,,,,,,,,,30,,,,,,0,,,,,,,,,,,,,,,,,,,,,,,,,,,,
2013-12-11,Z300KC76,ST4000DM000,4000787030016,0,,29260120,,,,,,,,0,,,,,,2240,,,,,,,,,,,,,,,,,,,,,,,,,,,,,,21,,,,,,0,,,,,,,,,,,,,,,,,,,,,,,,,,,,
2013-12-11,S1F13CMG,ST3000DM001,3000592982016,0,,184336016,,,,,,,,0,,,,,,8022,,,,,,,,,,,,,,,,,,,,,,,,,,,,,,22,,,,,,0,,,,,,,,,,,,,,,,,,,,,,,,,,,,
2013-12-11,PL1311LAG3DSPH,Hitachi HDS5C4040ALE630,4000787030016,0,,0,,,,,,,,0,,,,,,3631,,,,,,,,,,,,,,,,,,,,,,,,,,,,,,26,,,,,,0,,,,,,,,,,,,,,,,,,,,,,,,,,,,
2013-12-11,S1F06KBX,ST3000DM001,3000592982016,0,,75896120,,,,,,,,0,,,,,,13341,,,,,,,,,,,,,,,,,,,,,,,,,,,,,,25,,,,,,0,,,,,,,,,,,,,,,,,,,,,,,,,,,,
2013-12-11,S1F0S4MG,ST3000DM001,3000592982016,0,,233869344,,,,,,,,0,,,,,,10539,,,,,,,,,,,,,,,,,,,,,,,,,,,,,,26,,,,,,0,,,,,,,,,,,,,,,,,,,,,,,,,,,,
2013-12-11,JK11A8B9J918WF,Hitachi HDS722020ALA330,2000398934016,0,,0,,,,,,,,1,,,,,,26004,,,,,,,,,,,,,,,,,,,,,,,,,,,,,,27,,,,,,0,,,,,,,,,,,,,,,,,,,,,,,,,,,,
2013-12-11,9XK041Q8,ST33000651AS,3000592982016,0,,57561626,,,,,,,,0,,,,,,16906,,,,,,,,,,,,,,,,,,,,,,,,,,,,,,25,,,,,,0,,,,,,,,,,,,,,,,,,,,,,,,,,,,
2013-12-11,9XW01VDG,ST31500541AS,1500301910016,0,,34898447,,,,,,,,0,,,,,,34758,,,,,,,,,,,,,,,,,,,,,,,,,,,,,,17,,,,,,0,,,,,,,,,,,,,,,,,,,,,,,,,,,,
2013-12-11,PL1311LAG2H6XA,Hitachi HDS5C4040ALE630,4000787030016,0,,0,,,,,,,,0,,,,,,5949,,,,,,,,,,,,,,,,,,,,,,,,,,,,,,21,,,,,,0,,,,,,,,,,,,,,,,,,,,,,,,,,,,
2013-12-11,Z300NK1V,ST4000DM000,4000787030016,0,,133366432,,,,,,,,0,,,,,,1232,,,,,,,,,,,,,,,,,,,,,,,,,,,,,,22,,,,,,0,,,,,,,,,,,,,,,,,,,,,,,,,,,,
2013-12-11,9XW01VDV,ST31500541AS,1500301910016,0,,142153993,,,,,,,,0,,,,,,34326,,,,,,,,,,,,,,,,,,,,,,,,,,,,,,18,,,,,,0,,,,,,,,,,,,,,,,,,,,,,,,,,,,
2013-12-11,JK1101B9JPHAPF,Hitachi HDS722020ALA330,2000398934016,0,,0,,,,,,,,449,,,,,,23990,,,,,,,,,,,,,,,,,,,,,,,,,,,,,,27,,,,,,21,,,,,,,,,,,,,,,,,,,,,,,,,,,,
2013-12-11,PL1321LAG34YEH,Hitachi HDS5C4040ALE630,4000787030016,0,,0,,,,,,,,0,,,,,,6650,,,,,,,,,,,,,,,,,,,,,,,,,,,,,,18,,,,,,0,,,,,,,,,,,,,,,,,,,,,,,,,,,,
2013-12-11,W1F0KTYM,ST3000DM001,3000592982016,0,,141647464,,,,,,,,0,,,,,,12173,,,,,,,,,,,,,,,,,,,,,,,,,,,,,,31,,,,,,0,,,,,,,,,,,,,,,,,,,,,,,,,,,,
2013-12-11,9XK0DKPN,ST33000651AS,3000592982016,0,,93893021,,,,,,,,0,,,,,,6894,,,,,,,,,,,,,,,,,,,,,,,,,,,,,,27,,,,,,0,,,,,,,,,,,,,,,,,,,,,,,,,,,,
2013-12-11,W1F0PMW0,ST3000DM001,3000592982016,0,,154595752,,,,,,,,0,,,,,,11021,,,,,,,,,,,,,,,,,,,,,,,,,,,,,,21,,,,,,0,,,,,,,,,,,,,,,,,,,,,,,,,,,,
2013-12-11,JK11A8B9J3B07F,Hitachi HDS722020ALA330,2000398934016,0,,0,,,,,,,,0,,,,,,23636,,,,,,,,,,,,,,,,,,,,,,,,,,,,,,31,,,,,,0,,,,,,,,,,,,,,,,,,,,,,,,,,,,
2013-12-11,PL1311LAG3EB5H,Hitachi HDS5C4040ALE630,4000787030016,0,,0,,,,,,,,0,,,,,,5933,,,,,,,,,,,,,,,,,,,,,,,,,,,,,,27,,,,,,0,,,,,,,,,,,,,,,,,,,,,,,,,,,,
2013-12-11,PL1311LAG25WDA,Hitachi HDS5C4040ALE630,4000787030016,0,,0,,,,,,,,0,,,,,,7459,,,,,,,,,,,,,,,,,,,,,,,,,,,,,,24,,,,,,0,,,,,,,,,,,,,,,,,,,,,,,,,,,,
2013-12-11,Z262JM4AS,TOSHIBA DT01ACA300,3000592982016,0,,0,,,,,,,,0,,,,,,6615,,,,,,,,,,,,,,,,,,,,,,,,,,,,,,23,,,,,,0,,,,,,,,,,,,,,,,,,,,,,,,,,,,
2013-12-11,Z300XEF1,ST4000DM000,4000787030016,0,,105645928,,,,,,,,0,,,,,,886,,,,,,,,,,,,,,,,,,,,,,,,,,,,,,24,,,,,,0,,,,,,,,,,,,,,,,,,,,,,,,,,,,
2013-12-11,Z300CLRY,ST4000DM000,4000787030016,0,,118556344,,,,,,,,0,,,,,,2218,,,,,,,,,,,,,,,,,,,,,,,,,,,,,,23,,,,,,0,,,,,,,,,,,,,,,,,,,,,,,,,,,,
2013-12-11,JK1175YAHU30LX,Hitachi HDS722020ALA330,2000398934016,0,,190,,,,,,,,0,,,,,,30501,,,,,,,,,,,,,,,,,,,,,,,,,,,,,,33,,,,,,0,,,,,,,,,,,,,,,,,,,,,,,,,,,,
2013-12-11,PL1311LAG33ULH,Hitachi HDS5C4040ALE630,4000787030016,0,,65536,,,,,,,,0,,,,,,5056,,,,,,,,,,,,,,,,,,,,,,,,,,,,,,32,,,,,,0,,,,,,,,,,,,,,,,,,,,,,,,,,,,
2013-12-11,MK0331YHGLJBRA,Hitachi HDS723030ALA640,3000592982016,0,,0,,,,,,,,0,,,,,,17355,,,,,,,,,,,,,,,,,,,,,,,,,,,,,,24,,,,,,0,,,,,,,,,,,,,,,,,,,,,,,,,,,,
2013-12-11,MJ0351YNG9WPHA,Hitachi HDS5C3030ALA630,3000592982016,0,,0,,,,,,,,0,,,,,,9525,,,,,,,,,,,,,,,,,,,,,,,,,,,,,,35,,,,,,0,,,,,,,,,,,,,,,,,,,,,,,,,,,,
2013-12-11,9XW01T7E,ST31500541AS,1500301910016,0,,205050279,,,,,,,,0,,,,,,35233,,,,,,,,,,,,,,,,,,,,,,,,,,,,,,20,,,,,,0,,,,,,,,,,,,,,,,,,,,,,,,,,,,
2013-12-11,MJ0351YNGA8ZBA,Hitachi HDS5C3030ALA630,3000592982016,0,,0,,,,,,,,0,,,,,,7985,,,,,,,,,,,,,,,,,,,,,,,,,,,,,,28,,,,,,0,,,,,,,,,,,,,,,,,,,,,,,,,,,,
2013-12-11,PL1321LAGAZJ1H,Hitachi HDS5C4040ALE630,4000787030016,0,,0,,,,,,,,0,,,,,,5066,,,,,,,,,,,,,,,,,,,,,,,,,,,,,,29,,,,,,0,,,,,,,,,,,,,,,,,,,,,,,,,,,,
2013-12-11,W30088ZN,ST4000DM000,4000787030016,0,,227716800,,,,,,,,0,,,,,,2243,,,,,,,,,,,,,,,,,,,,,,,,,,,,,,23,,,,,,0,,,,,,,,,,,,,,,,,,,,,,,,,,,,
2013-12-11,JK1101B9JMZT5F,Hitachi HDS722020ALA330,2000398934016,0,,0,,,,,,,,0,,,,,,24100,,,,,,,,,,,,,,,,,,,,,,,,,,,,,,25,,,,,,0,,,,,,,,,,,,,,,,,,,,,,,,,,,,
2013-12-11,MJ1311YNG5ZUJA,Hitachi HDS5C3030ALA630,3000592982016,0,,0,,,,,,,,0,,,,,,14291,,,,,,,,,,,,,,,,,,,,,,,,,,,,,,29,,,,,,0,,,,,,,,,,,,,,,,,,,,,,,,,,,,
2013-12-11,MJ0351YNG9VRVA,Hitachi HDS5C3030ALA630,3000592982016,0,,0,,,,,,,,0,,,,,,9906,,,,,,,,,,,,,,,,,,,,,,,,,,,,,,23,,,,,,0,,,,,,,,,,,,,,,,,,,,,,,,,,,,
2013-12-11,W300B6HM,ST4000DM000,4000787030016,0,,3649864,,,,,,,,0,,,,,,4188,,,,,,,,,,,,,,,,,,,,,,,,,,,,,,28,,,,,,0,,,,,,,,,,,,,,,,,,,,,,,,,,,,
2013-12-11,MJ1321YNG09HRA,Hitachi HDS5C3030ALA630,3000592982016,0,,0,,,,,,,,0,,,,,,20067,,,,,,,,,,,,,,,,,,,,,,,,,,,,,,23,,,,,,1,,,,,,,,,,,,,,,,,,,,,,,,,,,,
2013-12-11,JK11A8B9J3KD1F,Hitachi HDS722020ALA330,2000398934016,0,,0,,,,,,,,0,,,,,,23125,,,,,,,,,,,,,,,,,,,,,,,,,,,,,,33,,,,,,0,,,,,,,,,,,,,,,,,,,,,,,,,,,,
2013-12-11,W300B6HX,ST4000DM000,4000787030016,0,,198596984,,,,,,,,0,,,,,,3587,,,,,,,,,,,,,,,,,,,,,,,,,,,,,,20,,,,,,0,,,,,,,,,,,,,,,,,,,,,,,,,,,,
2013-12-11,JK11A8B9J79E8F,Hitachi HDS722020ALA330,2000398934016,0,,0,,,,,,,,0,,,,,,22698,,,,,,,,,,,,,,,,,,,,,,,,,,,,,,25,,,,,,0,,,,,,,,,,,,,,,,,,,,,,,,,,,,
2013-12-11,PL2311LAG1LYYC,Hitachi HDS5C4040ALE630,4000787030016,0,,0,,,,,,,,0,,,,,,7419,,,,,,,,,,,,,,,,,,,,,,,,,,,,,,20,,,,,,0,,,,,,,,,,,,,,,,,,,,,,,,,,,,
2013-12-11,Z1F0L4V6,ST3000DM001,3000592982016,0,,13851112,,,,,,,,0,,,,,,12024,,,,,,,,,,,,,,,,,,,,,,,,,,,,,,31,,,,,,0,,,,,,,,,,,,,,,,,,,,,,,,,,,,
2013-12-11,Z300XEFT,ST4000DM000,4000787030016,0,,47714384,,,,,,,,0,,,,,,920,,,,,,,,,,,,,,,,,,,,,,,,,,,,,,19,,,,,,0,,,,,,,,,,,,,,,,,,,,,,,,,,,,
2013-12-11,Z300XEFN,ST4000DM000,4000787030016,0,,68331408,,,,,,,,0,,,,,,945,,,,,,,,,,,,,,,,,,,,,,,,,,,,,,22,,,,,,0,,,,,,,,,,,,,,,,,,,,,,,,,,,,
2013-12-11,JK11A8B9J98X6F,Hitachi HDS722020ALA330,2000398934016,0,,0,,,,,,,,0,,,,,,24468,,,,,,,,,,,,,,,,,,,,,,,,,,,,,,24,,,,,,0,,,,,,,,,,,,,,,,,,,,,,,,,,,,
2013-12-11,Z300XEFF,ST4000DM000,4000787030016,0,,83228664,,,,,,,,0,,,,,,886,,,,,,,,,,,,,,,,,,,,,,,,,,,,,,23,,,,,,0,,,,,,,,,,,,,,,,,,,,,,,,,,,,
2013-12-11,Z300XEFE,ST4000DM000,4000787030016,0,,237849480,,,,,,,,0,,,,,,772,,,,,,,,,,,,,,,,,,,,,,,,,,,,,,21,,,,,,0,,,,,,,,,,,,,,,,,,,,,,,,,,,,
2013-12-11,MK0311YHGBWTUA,Hitachi HDS723030ALA640,3000592982016,0,,0,,,,,,,,0,,,,,,21459,,,,,,,,,,,,,,,,,,,,,,,,,,,,,,28,,,,,,0,,,,,,,,,,,,,,,,,,,,,,,,,,,,
2013-12-11,JK11A5B8J7SRKX,Hitachi HDS722020ALA330,2000398934016,0,,0,,,,,,,,0,,,,,,22698,,,,,,,,,,,,,,,,,,,,,,,,,,,,,,24,,,,,,0,,,,,,,,,,,,,,,,,,,,,,,,,,,,
2013-12-11,PL1311LAG2NH8H,Hitachi HDS5C4040ALE630,4000787030016,0,,0,,,,,,,,0,,,,,,5923,,,,,,,,,,,,,,,,,,,,,,,,,,,,,,21,,,,,,0,,,,,,,,,,,,,,,,,,,,,,,,,,,,
2013-12-11,JK11A8B9J7EBLF,Hitachi HDS722020ALA330,2000398934016,0,,0,,,,,,,,0,,,,,,22702,,,,,,,,,,,,,,,,,,,,,,,,,,,,,,26,,,,,,0,,,,,,,,,,,,,,,,,,,,,,,,,,,,
2013-12-11,MJ1311YNG3GGLA,Hitachi HDS5C3030ALA630,3000592982016,0,,0,,,,,,,,0,,,,,,19252,,,,,,,,,,,,,,,,,,,,,,,,,,,,,,25,,,,,,0,,,,,,,,,,,,,,,,,,,,,,,,,,,,
2013-12-11,JK1101B9JRKZKF,Hitachi HDS722020ALA330,2000398934016,0,,7602223,,,,,,,,774,,,,,,23125,,,,,,,,,,,,,,,,,,,,,,,,,,,,,,27,,,,,,6,,,,,,,,,,,,,,,,,,,,,,,,,,,,
2013-12-11,Z1Z06FXE,ST4000DX000,4000787030016,0,,58173154,,,,,,,,0,,,,,,5078,,,,,,,,,,,,,,,,,,,,,,,,,,,,,,33,,,,,,0,,,,,,,,,,,,,,,,,,,,,,,,,,,,
2013-12-11,JK11A8YBKYTJ3F,Hitachi HDS722020ALA330,2000398934016,0,,0,,,,,,,,2,,,,,,27844,,,,,,,,,,,,,,,,,,,,,,,,,,,,,,28,,,,,,0,,,,,,,,,,,,,,,,,,,,,,,,,,,,
2013-12-11,PL1311LAG3EH7H,Hitachi HDS5C4040ALE630,4000787030016,0,,0,,,,,,,,0,,,,,,5959,,,,,,,,,,,,,,,,,,,,,,,,,,,,,,19,,,,,,0,,,,,,,,,,,,,,,,,,,,,,,,,,,,
2013-12-11,MJ1311YNG7LP0A,Hitachi HDS5C3030ALA630,3000592982016,0,,0,,,,,,,,0,,,,,,14290,,,,,,,,,,,,,,,,,,,,,,,,,,,,,,27,,,,,,0,,,,,,,,,,,,,,,,,,,,,,,,,,,,
2013-12-11,W1F08CZW,ST3000DM001,3000592982016,0,,147156328,,,,,,,,0,,,,,,16149,,,,,,,,,,,,,,,,,,,,,,,,,,,,,,21,,,,,,0,,,,,,,,,,,,,,,,,,,,,,,,,,,,
2013-12-11,6XW10EL3,ST31500541AS,1500301910016,0,,152706339,,,,,,,,0,,,,,,31097,,,,,,,,,,,,,,,,,,,,,,,,,,,,,,28,,,,,,0,,,,,,,,,,,,,,,,,,,,,,,,,,,,
2013-12-11,WD-WCAU47262231,WDC WD10EADS,1000204886016,0,,1,,,,,,,,0,,,,,,40793,,,,,,,,,,,,,,,,,,,,,,,,,,,,,,30,,,,,,0,,,,,,,,,,,,,,,,,,,,,,,,,,,,
2013-12-11,JK11A8B9J309BF,Hitachi HDS722020ALA330,2000398934016,0,,0,,,,,,,,0,,,,,,24432,,,,,,,,,,,,,,,,,,,,,,,,,,,,,,28,,,,,,0,,,,,,,,,,,,,,,,,,,,,,,,,,,,
2013-12-11,MJ1323YNG1DLUC,Hitachi HDS5C3030ALA630,3000592982016,0,,0,,,,,,,,0,,,,,,19731,,,,,,,,,,,,,,,,,,,,,,,,,,,,,,25,,,,,,0,,,,,,,,,,,,,,,,,,,,,,,,,,,,
2013-12-11,5XW02F2N,ST31500541AS,1500301910016,0,,173721586,,,,,,,,0,,,,,,34752,,,,,,,,,,,,,,,,,,,,,,,,,,,,,,21,,,,,,0,,,,,,,,,,,,,,,,,,,,,,,,,,,,
2013-12-11,5XW10AXY,ST31500541AS,1500301910016,0,,80196692,,,,,,,,0,,,,,,20521,,,,,,,,,,,,,,,,,,,,,,,,,,,,,,17,,,,,,0,,,,,,,,,,,,,,,,,,,,,,,,,,,,
2013-12-11,JK1171B9HD81LT,Hitachi HDS722020ALA330,2000398934016,0,,0,,,,,,,,0,,,,,,24305,,,,,,,,,,,,,,,,,,,,,,,,,,,,,,28,,,,,,0,,,,,,,,,,,,,,,,,,,,,,,,,,,,
2013-12-11,MJ0351YNG9VKHA,Hitachi HDS5C3030ALA630,3000592982016,0,,0,,,,,,,,0,,,,,,9989,,,,,,,,,,,,,,,,,,,,,,,,,,,,,,24,,,,,,0,,,,,,,,,,,,,,,,,,,,,,,,,,,,
2013-12-11,S1F0S3EL,ST3000DM001,3000592982016,0,,153134984,,,,,,,,0,,,,,,10836,,,,,,,,,,,,,,,,,,,,,,,,,,,,,,33,,,,,,0,,,,,,,,,,,,,,,,,,,,,,,,,,,,
2013-12-11,MJ0351YNGA0XBA,Hitachi HDS5C3030ALA630,3000592982016,0,,0,,,,,,,,0,,,,,,9958,,,,,,,,,,,,,,,,,,,,,,,,,,,,,,26,,,,,,0,,,,,,,,,,,,,,,,,,,,,,,,,,,,
2013-12-11,MJ1323YNG1EYEC,Hitachi HDS5C3030ALA630,3000592982016,0,,110,,,,,,,,0,,,,,,19763,,,,,,,,,,,,,,,,,,,,,,,,,,,,,,25,,,,,,0,,,,,,,,,,,,,,,,,,,,,,,,,,,,
2013-12-11,MJ0351YNG9VXXA,Hitachi HDS5C3030ALA630,3000592982016,0,,0,,,,,,,,0,,,,,,9989,,,,,,,,,,,,,,,,,,,,,,,,,,,,,,26,,,,,,0,,,,,,,,,,,,,,,,,,,,,,,,,,,,
2013-12-11,MJ0351YNG9S50A,Hitachi HDS5C3030ALA630,3000592982016,0,,0,,,,,,,,0,,,,,,9163,,,,,,,,,,,,,,,,,,,,,,,,,,,,,,30,,,,,,0,,,,,,,,,,,,,,,,,,,,,,,,,,,,
2013-12-11,JK1140YAG09BTP,Hitachi HDS722020ALA330,2000398934016,0,,0,,,,,,,,0,,,,,,21531,,,,,,,,,,,,,,,,,,,,,,,,,,,,,,29,,,,,,0,,,,,,,,,,,,,,,,,,,,,,,,,,,,
2013-12-11,Z1F030VE,ST3000DM001,3000592982016,0,,166860064,,,,,,,,0,,,,,,3151,,,,,,,,,,,,,,,,,,,,,,,,,,,,,,27,,,,,,0,,,,,,,,,,,,,,,,,,,,,,,,,,,,
2013-12-11,6XW00PZ2,ST31500541AS,1500301910016,0,,199440335,,,,,,,,0,,,,,,35444,,,,,,,,,,,,,,,,,,,,,,,,,,,,,,20,,,,,,0,,,,,,,,,,,,,,,,,,,,,,,,,,,,
2013-12-11,JK11A8B9J4WV3F,Hitachi HDS722020ALA330,2000398934016,0,,0,,,,,,,,0,,,,,,25538,,,,,,,,,,,,,,,,,,,,,,,,,,,,,,28,,,,,,0,,,,,,,,,,,,,,,,,,,,,,,,,,,,
2013-12-11,MK0301YHGLEGEA,Hitachi HDS723030ALA640,3000592982016,0,,0,,,,,,,,0,,,,,,16661,,,,,,,,,,,,,,,,,,,,,,,,,,,,,,29,,,,,,0,,,,,,,,,,,,,,,,,,,,,,,,,,,,
2013-12-11,S1F0VE11,ST3000DM001,3000592982016,0,,108123024,,,,,,,,0,,,,,,10743,,,,,,,,,,,,,,,,,,,,,,,,,,,,,,25,,,,,,0,,,,,,,,,,,,,,,,,,,,,,,,,,,,
2013-12-11,9XW02774,ST31500541AS,1500301910016,0,,83074299,,,,,,,,0,,,,,,35234,,,,,,,,,,,,,,,,,,,,,,,,,,,,,,19,,,,,,0,,,,,,,,,,,,,,,,,,,,,,,,,,,,
2013-12-11,PL1321LAG3451H,Hitachi HDS5C4040ALE630,4000787030016,0,,0,,,,,,,,0,,,,,,6649,,,,,,,,,,,,,,,,,,,,,,,,,,,,,,26,,,,,,0,,,,,,,,,,,,,,,,,,,,,,,,,,,,
2013-12-11,W1F0N9V4,ST3000DM001,3000592982016,0,,58496480,,,,,,,,0,,,,,,12223,,,,,,,,,,,,,,,,,,,,,,,,,,,,,,26,,,,,,0,,,,,,,,,,,,,,,,,,,,,,,,,,,,
2013-12-11,Z1F06J7K,ST3000DM001,3000592982016,0,,181564120,,,,,,,,0,,,,,,14733,,,,,,,,,,,,,,,,,,,,,,,,,,,,,,24,,,,,,0,,,,,,,,,,,,,,,,,,,,,,,,,,,,
2013-12-11,Z290XMC2,ST33000651AS,3000592982016,0,,79952975,,,,,,,,0,,,,,,15604,,,,,,,,,,,,,,,,,,,,,,,,,,,,,,22,,,,,,0,,,,,,,,,,,,,,,,,,,,,,,,,,,,
2013-12-11,S1F04AQL,ST3000DM001,3000592982016,0,,37712928,,,,,,,,0,,,,,,16198,,,,,,,,,,,,,,,,,,,,,,,,,,,,,,22,,,,,,0,,,,,,,,,,,,,,,,,,,,,,,,,,,,
2013-12-11,MJ1311YNG7AUJA,Hitachi HDS5C3030ALA630,3000592982016,0,,1,,,,,,,,0,,,,,,14310,,,,,,,,,,,,,,,,,,,,,,,,,,,,,,25,,,,,,0,,,,,,,,,,,,,,,,,,,,,,,,,,,,
2013-12-11,Z300T9TB,ST4000DM000,4000787030016,0,,82422400,,,,,,,,0,,,,,,957,,,,,,,,,,,,,,,,,,,,,,,,,,,,,,21,,,,,,0,,,,,,,,,,,,,,,,,,,,,,,,,,,,
2013-12-11,MJ1311YNG7KSMA,Hitachi HDS5C3030ALA630,3000592982016,0,,0,,,,,,,,0,,,,,,14596,,,,,,,,,,,,,,,,,,,,,,,,,,,,,,24,,,,,,0,,,,,,,,,,,,,,,,,,,,,,,,,,,,
2013-12-11,PL2311LAG1LVTC,Hitachi HDS5C4040ALE630,4000787030016,0,,0,,,,,,,,0,,,,,,7462,,,,,,,,,,,,,,,,,,,,,,,,,,,,,,25,,,,,,0,,,,,,,,,,,,,,,,,,,,,,,,,,,,
2013-12-11,W1F0NZZZ,ST3000DM001,3000592982016,0,,92742776,,,,,,,,0,,,,,,9268,,,,,,,,,,,,,,,,,,,,,,,,,,,,,,29,,,,,,0,,,,,,,,,,,,,,,,,,,,,,,,,,,,
2013-12-11,W300CW0Q,ST4000DM000,4000787030016,0,,20601120,,,,,,,,0,,,,,,909,,,,,,,,,,,,,,,,,,,,,,,,,,,,,,24,,,,,,0,,,,,,,,,,,,,,,,,,,,,,,,,,,,
2013-12-11,MK0311YHGJN25A,Hitachi HDS723030ALA640,3000592982016,0,,0,,,,,,,,0,,,,,,16805,,,,,,,,,,,,,,,,,,,,,,,,,,,,,,25,,,,,,0,,,,,,,,,,,,,,,,,,,,,,,,,,,,
2013-12-11,Z300K0MP,ST4000DM000,4000787030016,0,,239449064,,,,,,,,0,,,,,,2257,,,,,,,,,,,,,,,,,,,,,,,,,,,,,,23,,,,,,0,,,,,,,,,,,,,,,,,,,,,,,,,,,,
2013-12-11,JK11A8B9J81Y3F,Hitachi HDS722020ALA330,2000398934016,0,,65536,,,,,,,,0,,,,,,25661,,,,,,,,,,,,,,,,,,,,,,,,,,,,,,27,,,,,,0,,,,,,,,,,,,,,,,,,,,,,,,,,,,
2013-12-11,6XW01RPA,ST31500541AS,1500301910016,0,,81352613,,,,,,,,0,,,,,,36960,,,,,,,,,,,,,,,,,,,,,,,,,,,,,,22,,,,,,0,,,,,,,,,,,,,,,,,,,,,,,,,,,,
2013-12-11,6XW0SJD4,ST31500541AS,1500301910016,0,,243648874,,,,,,,,0,,,,,,34200,,,,,,,,,,,,,,,,,,,,,,,,,,,,,,19,,,,,,0,,,,,,,,,,,,,,,,,,,,,,,,,,,,
2013-12-11,W1F0P133,ST3000DM001,3000592982016,0,,23502040,,,,,,,,0,,,,,,9268,,,,,,,,,,,,,,,,,,,,,,,,,,,,,,23,,,,,,0,,,,,,,,,,,,,,,,,,,,,,,,,,,,
2013-12-11,WD-WCC1T1192820,WDC WD30EFRX,3000592982016,0,,0,,,,,,,,0,,,,,,1712,,,,,,,,,,,,,,,,,,,,,,,,,,,,,,22,,,,,,0,,,,,,,,,,,,,,,,,,,,,,,,,,,,
2013-12-11,PL1311LAG21SJA,Hitachi HDS5C4040ALE630,4000787030016,0,,0,,,,,,,,0,,,,,,7463,,,,,,,,,,,,,,,,,,,,,,,,,,,,,,27,,,,,,0,,,,,,,,,,,,,,,,,,,,,,,,,,,,
2013-12-11,6XW0D2CH,ST31500541AS,1500301910016,0,,117959724,,,,,,,,0,,,,,,10194,,,,,,,,,,,,,,,,,,,,,,,,,,,,,,21,,,,,,0,,,,,,,,,,,,,,,,,,,,,,,,,,,,
2013-12-11,W1F0W8BD,ST3000DM001,3000592982016,0,,209946248,,,,,,,,0,,,,,,11608,,,,,,,,,,,,,,,,,,,,,,,,,,,,,,29,,,,,,0,,,,,,,,,,,,,,,,,,,,,,,,,,,,
2013-12-11,JK11A8B9J7WJ3F,Hitachi HDS722020ALA330,2000398934016,0,,0,,,,,,,,0,,,,,,24914,,,,,,,,,,,,,,,,,,,,,,,,,,,,,,29,,,,,,0,,,,,,,,,,,,,,,,,,,,,,,,,,,,
2013-12-11,JK1101B9G1W7XR,Hitachi HDS722020ALA330,2000398934016,0,,0,,,,,,,,0,,,,,,23380,,,,,,,,,,,,,,,,,,,,,,,,,,,,,,26,,,,,,0,,,,,,,,,,,,,,,,,,,,,,,,,,,,
2013-12-11,S1F04WZK,ST3000DM001,3000592982016,0,,62003296,,,,,,,,0,,,,,,16197,,,,,,,,,,,,,,,,,,,,,,,,,,,,,,25,,,,,,0,,,,,,,,,,,,,,,,,,,,,,,,,,,,
2013-12-11,MJ1323YNG1N0SC,Hitachi HDS5C3030ALA630,3000592982016,0,,0,,,,,,,,0,,,,,,19372,,,,,,,,,,,,,,,,,,,,,,,,,,,,,,25,,,,,,0,,,,,,,,,,,,,,,,,,,,,,,,,,,,
2013-12-11,W300J9QF,ST4000DM000,4000787030016,0,,136760944,,,,,,,,0,,,,,,2239,,,,,,,,,,,,,,,,,,,,,,,,,,,,,,22,,,,,,0,,,,,,,,,,,,,,,,,,,,,,,,,,,,
2013-12-11,PL2311LAG1UJ0C,Hitachi HDS5C4040ALE630,4000787030016,0,,0,,,,,,,,0,,,,,,7459,,,,,,,,,,,,,,,,,,,,,,,,,,,,,,23,,,,,,0,,,,,,,,,,,,,,,,,,,,,,,,,,,,
2013-12-11,6XW01VQD,ST31500541AS,1500301910016,0,,24457419,,,,,,,,0,,,,,,37160,,,,,,,,,,,,,,,,,,,,,,,,,,,,,,23,,,,,,0,,,,,,,,,,,,,,,,,,,,,,,,,,,,
2013-12-11,WD-WCAV5E950426,WDC WD10EARS,1000204886016,0,,0,,,,,,,,0,,,,,,25854,,,,,,,,,,,,,,,,,,,,,,,,,,,,,,31,,,,,,0,,,,,,,,,,,,,,,,,,,,,,,,,,,,
2013-12-11,6XW017ZB,ST31500541AS,1500301910016,0,,74540960,,,,,,,,0,,,,,,33217,,,,,,,,,,,,,,,,,,,,,,,,,,,,,,18,,,,,,0,,,,,,,,,,,,,,,,,,,,,,,,,,,,
2013-12-11,W30065MC,ST4000DM000,4000787030016,0,,189684416,,,,,,,,0,,,,,,2920,,,,,,,,,,,,,,,,,,,,,,,,,,,,,,22,,,,,,0,,,,,,,,,,,,,,,,,,,,,,,,,,,,
2013-12-11,W30065MF,ST4000DM000,4000787030016,0,,164876176,,,,,,,,0,,,,,,2844,,,,,,,,,,,,,,,,,,,,,,,,,,,,,,24,,,,,,0,,,,,,,,,,,,,,,,,,,,,,,,,,,,
2013-12-11,MK0331YHGP24LA,Hitachi HDS723030ALA640,3000592982016,0,,0,,,,,,,,0,,,,,,17762,,,,,,,,,,,,,,,,,,,,,,,,,,,,,,23,,,,,,0,,,,,,,,,,,,,,,,,,,,,,,,,,,,
2013-12-11,S1F0CRFP,ST3000DM001,3000592982016,0,,20167744,,,,,,,,0,,,,,,12356,,,,,,,,,,,,,,,,,,,,,,,,,,,,,,26,,,,,,0,,,,,,,,,,,,,,,,,,,,,,,,,,,,
2013-12-11,W1F0V8HZ,ST3000DM001,3000592982016,0,,219404040,,,,,,,,0,,,,,,11044,,,,,,,,,,,,,,,,,,,,,,,,,,,,,,23,,,,,,0,,,,,,,,,,,,,,,,,,,,,,,,,,,,
2013-12-11,PL1321LAG3536H,Hitachi HDS5C4040ALE630,4000787030016,0,,0,,,,,,,,0,,,,,,5052,,,,,,,,,,,,,,,,,,,,,,,,,,,,,,28,,,,,,0,,,,,,,,,,,,,,,,,,,,,,,,,,,,
2013-12-11,MJ1311YNG3DJ3A,Hitachi HDS5C3030ALA630,3000592982016,0,,0,,,,,,,,0,,,,,,19251,,,,,,,,,,,,,,,,,,,,,,,,,,,,,,25,,,,,,0,,,,,,,,,,,,,,,,,,,,,,,,,,,,
2013-12-11,WD-WCAWZ1018366,WDC WD30EZRX,3000592982016,0,,362,,,,,,,,0,,,,,,17992,,,,,,,,,,,,,,,,,,,,,,,,,,,,,,22,,,,,,0,,,,,,,,,,,,,,,,,,,,,,,,,,,,
2013-12-11,9XW01Y4J,ST31500541AS,1500301910016,0,,233825363,,,,,,,,0,,,,,,33605,,,,,,,,,,,,,,,,,,,,,,,,,,,,,,25,,,,,,0,,,,,,,,,,,,,,,,,,,,,,,,,,,,
2013-12-11,S1F05WLG,ST3000DM001,3000592982016,0,,49974400,,,,,,,,0,,,,,,13913,,,,,,,,,,,,,,,,,,,,,,,,,,,,,,21,,,,,,0,,,,,,,,,,,,,,,,,,,,,,,,,,,,
2013-12-11,W3009CM9,ST4000DM000,4000787030016,0,,92290936,,,,,,,,0,,,,,,4136,,,,,,,,,,,,,,,,,,,,,,,,,,,,,,20,,,,,,0,,,,,,,,,,,,,,,,,,,,,,,,,,,,
2013-12-11,JK11A8B9J2ZAUF,Hitachi HDS722020ALA330,2000398934016,0,,0,,,,,,,,0,,,,,,23829,,,,,,,,,,,,,,,,,,,,,,,,,,,,,,28,,,,,,0,,,,,,,,,,,,,,,,,,,,,,,,,,,,
2013-12-11,MJ1311YNG3KVEA,Hitachi HDS5C3030ALA630,3000592982016,0,,0,,,,,,,,0,,,,,,18949,,,,,,,,,,,,,,,,,,,,,,,,,,,,,,25,,,,,,0,,,,,,,,,,,,,,,,,,,,,,,,,,,,
2013-12-11,JK11A8B9J2Z43F,Hitachi HDS722020ALA330,2000398934016,0,,0,,,,,,,,0,,,,,,22415,,,,,,,,,,,,,,,,,,,,,,,,,,,,,,27,,,,,,0,,,,,,,,,,,,,,,,,,,,,,,,,,,,
2013-12-11,MJ0351YNGA6B5A,Hitachi HDS5C3030ALA630,3000592982016,0,,0,,,,,,,,0,,,,,,8641,,,,,,,,,,,,,,,,,,,,,,,,,,,,,,25,,,,,,0,,,,,,,,,,,,,,,,,,,,,,,,,,,,
2013-12-11,Z1F1AFF2,ST3000DM001,3000592982016,0,,13449992,,,,,,,,112,,,,,,8207,,,,,,,,,,,,,,,,,,,,,,,,,,,,,,21,,,,,,0,,,,,,,,,,,,,,,,,,,,,,,,,,,,
2013-12-11,JK11A8B9JPJ1RF,Hitachi HDS722020ALA330,2000398934016,0,,0,,,,,,,,0,,,,,,23710,,,,,,,,,,,,,,,,,,,,,,,,,,,,,,29,,,,,,0,,,,,,,,,,,,,,,,,,,,,,,,,,,,
2013-12-11,MJ0351YNGA73HA,Hitachi HDS5C3030ALA630,3000592982016,0,,0,,,,,,,,0,,,,,,7321,,,,,,,,,,,,,,,,,,,,,,,,,,,,,,25,,,,,,0,,,,,,,,,,,,,,,,,,,,,,,,,,,,
2013-12-11,JK1105B8GDVAHX,Hitachi HDS722020ALA330,2000398934016,0,,0,,,,,,,,4,,,,,,26766,,,,,,,,,,,,,,,,,,,,,,,,,,,,,,23,,,,,,0,,,,,,,,,,,,,,,,,,,,,,,,,,,,
2013-12-11,PL1311LAG1GTNA,Hitachi HDS5C4040ALE630,4000787030016,0,,0,,,,,,,,0,,,,,,6614,,,,,,,,,,,,,,,,,,,,,,,,,,,,,,27,,,,,,0,,,,,,,,,,,,,,,,,,,,,,,,,,,,
2013-12-11,MJ1311YNG36N9A,Hitachi HDS5C3030ALA630,3000592982016,0,,0,,,,,,,,0,,,,,,18046,,,,,,,,,,,,,,,,,,,,,,,,,,,,,,27,,,,,,0,,,,,,,,,,,,,,,,,,,,,,,,,,,,
2013-12-11,W1F0J7W7,ST3000DM001,3000592982016,0,,84717456,,,,,,,,0,,,,,,11722,,,,,,,,,,,,,,,,,,,,,,,,,,,,,,27,,,,,,0,,,,,,,,,,,,,,,,,,,,,,,,,,,,
2013-12-11,PK1331PAJ36ZNS,HGST HDS724040ALE640,4000787030016,0,,0,,,,,,,,0,,,,,,2027,,,,,,,,,,,,,,,,,,,,,,,,,,,,,,27,,,,,,0,,,,,,,,,,,,,,,,,,,,,,,,,,,,
2013-12-11,PL1331LAGB9KMH,Hitachi HDS5C4040ALE630,4000787030016,0,,0,,,,,,,,0,,,,,,5077,,,,,,,,,,,,,,,,,,,,,,,,,,,,,,30,,,,,,0,,,,,,,,,,,,,,,,,,,,,,,,,,,,
2013-12-11,MJ1311YNG58X7A,Hitachi HDS5C3030ALA630,3000592982016,0,,0,,,,,,,,0,,,,,,14599,,,,,,,,,,,,,,,,,,,,,,,,,,,,,,26,,,,,,0,,,,,,,,,,,,,,,,,,,,,,,,,,,,
2013-12-11,S1F0TPK1,ST3000DM001,3000592982016,0,,123998184,,,,,,,,0,,,,,,10742,,,,,,,,,,,,,,,,,,,,,,,,,,,,,,26,,,,,,0,,,,,,,,,,,,,,,,,,,,,,,,,,,,
2013-12-11,S1F0HPC6,ST3000DM001,3000592982016,0,,218492232,,,,,,,,0,,,,,,10837,,,,,,,,,,,,,,,,,,,,,,,,,,,,,,28,,,,,,0,,,,,,,,,,,,,,,,,,,,,,,,,,,,
2013-12-11,MJ1311YNG5DJDA,Hitachi HDS5C3030ALA630,3000592982016,0,,0,,,,,,,,0,,,,,,14288,,,,,,,,,,,,,,,,,,,,,,,,,,,,,,33,,,,,,0,,,,,,,,,,,,,,,,,,,,,,,,,,,,
2013-12-11,MJ0351YNG9SZXA,Hitachi HDS5C3030ALA630,3000592982016,0,,0,,,,,,,,0,,,,,,9142,,,,,,,,,,,,,,,,,,,,,,,,,,,,,,28,,,,,,0,,,,,,,,,,,,,,,,,,,,,,,,,,,,
2013-12-11,PL1321LAGAZ9DH,Hitachi HDS5C4040ALE630,4000787030016,0,,0,,,,,,,,0,,,,,,5052,,,,,,,,,,,,,,,,,,,,,,,,,,,,,,29,,,,,,0,,,,,,,,,,,,,,,,,,,,,,,,,,,,
2013-12-11,JK11B0YBHXSGED,Hitachi HDS722020ALA330,2000398934016,0,,0,,,,,,,,0,,,,,,22156,,,,,,,,,,,,,,,,,,,,,,,,,,,,,,28,,,,,,0,,,,,,,,,,,,,,,,,,,,,,,,,,,,
2013-12-11,S1F009X6,ST3000DM001,3000592982016,0,,15077128,,,,,,,,0,,,,,,4517,,,,,,,,,,,,,,,,,,,,,,,,,,,,,,22,,,,,,0,,,,,,,,,,,,,,,,,,,,,,,,,,,,
2013-12-11,WD-WCC1T1276267,WDC WD30EFRX,3000592982016,0,,8,,,,,,,,0,,,,,,1306,,,,,,,,,,,,,,,,,,,,,,,,,,,,,,22,,,,,,2,,,,,,,,,,,,,,,,,,,,,,,,,,,,
2013-12-11,PL2311LAG1WLPC,Hitachi HDS5C4040ALE630,4000787030016,0,,0,,,,,,,,0,,,,,,7757,,,,,,,,,,,,,,,,,,,,,,,,,,,,,,26,,,,,,0,,,,,,,,,,,,,,,,,,,,,,,,,,,,
2013-12-11,Z300MX1C,ST4000DM000,4000787030016,0,,185871056,,,,,,,,0,,,,,,2900,,,,,,,,,,,,,,,,,,,,,,,,,,,,,,25,,,,,,0,,,,,,,,,,,,,,,,,,,,,,,,,,,,
2013-12-11,S1F116H4,ST3000DM001,3000592982016,0,,176724800,,,,,,,,0,,,,,,8652,,,,,,,,,,,,,,,,,,,,,,,,,,,,,,29,,,,,,0,,,,,,,,,,,,,,,,,,,,,,,,,,,,
2013-12-11,Z1Z03JJ7,ST4000DX000,4000787030016,0,,220401908,,,,,,,,0,,,,,,7130,,,,,,,,,,,,,,,,,,,,,,,,,,,,,,37,,,,,,0,,,,,,,,,,,,,,,,,,,,,,,,,,,,
2013-12-11,JK11A8B9J41ASF,Hitachi HDS722020ALA330,2000398934016,0,,0,,,,,,,,0,,,,,,23543,,,,,,,,,,,,,,,,,,,,,,,,,,,,,,35,,,,,,0,,,,,,,,,,,,,,,,,,,,,,,,,,,,
2013-12-11,MJ1311YNG2ZE4A,Hitachi HDS5C3030ALA630,3000592982016,0,,0,,,,,,,,0,,,,,,18064,,,,,,,,,,,,,,,,,,,,,,,,,,,,,,30,,,,,,0,,,,,,,,,,,,,,,,,,,,,,,,,,,,
2013-12-11,13H8B3SGS,TOSHIBA DT01ACA300,3000592982016,0,,65536,,,,,,,,0,,,,,,5193,,,,,,,,,,,,,,,,,,,,,,,,,,,,,,25,,,,,,0,,,,,,,,,,,,,,,,,,,,,,,,,,,,
2013-12-11,MJ0351YNG9KS4A,Hitachi HDS5C3030ALA630,3000592982016,0,,0,,,,,,,,0,,,,,,9672,,,,,,,,,,,,,,,,,,,,,,,,,,,,,,28,,,,,,0,,,,,,,,,,,,,,,,,,,,,,,,,,,,
2013-12-11,W300C9YR,ST4000DM000,4000787030016,0,,237548872,,,,,,,,0,,,,,,4353,,,,,,,,,,,,,,,,,,,,,,,,,,,,,,26,,,,,,0,,,,,,,,,,,,,,,,,,,,,,,,,,,,
2013-12-11,Z300H3H0,ST4000DM000,4000787030016,0,,163659696,,,,,,,,0,,,,,,1331,,,,,,,,,,,,,,,,,,,,,,,,,,,,,,22,,,,,,0,,,,,,,,,,,,,,,,,,,,,,,,,,,,
2013-12-11,WD-WCAWZ0972938,WDC WD30EZRX,3000592982016,0,,2,,,,,,,,0,,,,,,17526,,,,,,,,,,,,,,,,,,,,,,,,,,,,,,22,,,,,,0,,,,,,,,,,,,,,,,,,,,,,,,,,,,
2013-12-11,S1F0TQK2,ST3000DM001,3000592982016,0,,75796440,,,,,,,,0,,,,,,10502,,,,,,,,,,,,,,,,,,,,,,,,,,,,,,25,,,,,,0,,,,,,,,,,,,,,,,,,,,,,,,,,,,
2013-12-11,W300AS94,ST4000DM000,4000787030016,0,,204767912,,,,,,,,0,,,,,,4165,,,,,,,,,,,,,,,,,,,,,,,,,,,,,,25,,,,,,0,,,,,,,,,,,,,,,,,,,,,,,,,,,,
2013-12-11,Z300E46D,ST4000DM000,4000787030016,0,,106444016,,,,,,,,0,,,,,,1331,,,,,,,,,,,,,,,,,,,,,,,,,,,,,,19,,,,,,0,,,,,,,,,,,,,,,,,,,,,,,,,,,,
2013-12-11,JK11A8B9HZXLHF,Hitachi HDS722020ALA330,2000398934016,0,,0,,,,,,,,0,,,,,,23579,,,,,,,,,,,,,,,,,,,,,,,,,,,,,,26,,,,,,0,,,,,,,,,,,,,,,,,,,,,,,,,,,,
2013-12-11,WD-WMC1T3181577,WDC WD30EFRX,3000592982016,0,,0,,,,,,,,0,,,,,,2211,,,,,,,,,,,,,,,,,,,,,,,,,,,,,,22,,,,,,0,,,,,,,,,,,,,,,,,,,,,,,,,,,,
2013-12-11,Z300TS5M,ST4000DM000,4000787030016,0,,154904160,,,,,,,,0,,,,,,799,,,,,,,,,,,,,,,,,,,,,,,,,,,,,,22,,,,,,0,,,,,,,,,,,,,,,,,,,,,,,,,,,,
2013-12-11,6XW17X0L,ST32000542AS,2000398934016,0,,163282642,,,,,,,,0,,,,,,31706,,,,,,,,,,,,,,,,,,,,,,,,,,,,,,24,,,,,,0,,,,,,,,,,,,,,,,,,,,,,,,,,,,
2013-12-11,MK0301YHGMLDVD,Hitachi HDS723030ALA640,3000592982016,0,,0,,,,,,,,0,,,,,,17018,,,,,,,,,,,,,,,,,,,,,,,,,,,,,,24,,,,,,0,,,,,,,,,,,,,,,,,,,,,,,,,,,,
2013-12-11,5XW1GDY2,ST32000542AS,2000398934016,0,,58302068,,,,,,,,0,,,,,,12391,,,,,,,,,,,,,,,,,,,,,,,,,,,,,,24,,,,,,0,,,,,,,,,,,,,,,,,,,,,,,,,,,,
2013-12-11,Z300E468,ST4000DM000,4000787030016,0,,60565912,,,,,,,,1352,,,,,,2857,,,,,,,,,,,,,,,,,,,,,,,,,,,,,,23,,,,,,0,,,,,,,,,,,,,,,,,,,,,,,,,,,,
2013-12-11,MJ0351YNGA3HWA,Hitachi HDS5C3030ALA630,3000592982016,0,,0,,,,,,,,0,,,,,,9163,,,,,,,,,,,,,,,,,,,,,,,,,,,,,,27,,,,,,0,,,,,,,,,,,,,,,,,,,,,,,,,,,,
2013-12-11,MJ1311YNG3GV2A,Hitachi HDS5C3030ALA630,3000592982016,0,,0,,,,,,,,0,,,,,,19254,,,,,,,,,,,,,,,,,,,,,,,,,,,,,,24,,,,,,0,,,,,,,,,,,,,,,,,,,,,,,,,,,,
2013-12-11,PL1311LAG204AA,Hitachi HDS5C4040ALE630,4000787030016,0,,0,,,,,,,,0,,,,,,5186,,,,,,,,,,,,,,,,,,,,,,,,,,,,,,24,,,,,,0,,,,,,,,,,,,,,,,,,,,,,,,,,,,
2013-12-11,PL1311LAG27WBH,Hitachi HDS5C4040ALE630,4000787030016,0,,0,,,,,,,,0,,,,,,6653,,,,,,,,,,,,,,,,,,,,,,,,,,,,,,28,,,,,,0,,,,,,,,,,,,,,,,,,,,,,,,,,,,
2013-12-11,WD-WCAU45534825,WDC WD10EADS,1000204886016,0,,5,,,,,,,,0,,,,,,41766,,,,,,,,,,,,,,,,,,,,,,,,,,,,,,27,,,,,,0,,,,,,,,,,,,,,,,,,,,,,,,,,,,
2013-12-11,MJ1323YNG1SGNC,Hitachi HDS5C3030ALA630,3000592982016,0,,0,,,,,,,,0,,,,,,20082,,,,,,,,,,,,,,,,,,,,,,,,,,,,,,31,,,,,,0,,,,,,,,,,,,,,,,,,,,,,,,,,,,
2013-12-11,S1F013NR,ST3000DM001,3000592982016,0,,34575816,,,,,,,,0,,,,,,15622,,,,,,,,,,,,,,,,,,,,,,,,,,,,,,26,,,,,,0,,,,,,,,,,,,,,,,,,,,,,,,,,,,
2013-12-11,PL1301LAG2Z85H,Hitachi HDS5C4040ALE630,4000787030016,0,,0,,,,,,,,0,,,,,,6650,,,,,,,,,,,,,,,,,,,,,,,,,,,,,,23,,,,,,0,,,,,,,,,,,,,,,,,,,,,,,,,,,,
2013-12-11,S1F0Q3K2,ST3000DM001,3000592982016,0,,83638272,,,,,,,,0,,,,,,11050,,,,,,,,,,,,,,,,,,,,,,,,,,,,,,26,,,,,,8,,,,,,,,,,,,,,,,,,,,,,,,,,,,
2013-12-11,JK1105B8GG4KKX,Hitachi HDS722020ALA330,2000398934016,0,,0,,,,,,,,0,,,,,,27168,,,,,,,,,,,,,,,,,,,,,,,,,,,,,,28,,,,,,0,,,,,,,,,,,,,,,,,,,,,,,,,,,,
2013-12-11,PL1311LAG3G8LH,Hitachi HDS5C4040ALE630,4000787030016,0,,0,,,,,,,,0,,,,,,5670,,,,,,,,,,,,,,,,,,,,,,,,,,,,,,16,,,,,,0,,,,,,,,,,,,,,,,,,,,,,,,,,,,
2013-12-11,Z1F0LGTK,ST3000DM001,3000592982016,0,,115948896,,,,,,,,0,,,,,,12180,,,,,,,,,,,,,,,,,,,,,,,,,,,,,,34,,,,,,0,,,,,,,,,,,,,,,,,,,,,,,,,,,,
2013-12-11,S1F079X8,ST3000DM001,3000592982016,0,,101264312,,,,,,,,0,,,,,,12347,,,,,,,,,,,,,,,,,,,,,,,,,,,,,,28,,,,,,8,,,,,,,,,,,,,,,,,,,,,,,,,,,,
2013-12-11,JK1101B9KNENYF,Hitachi HDS722020ALA330,2000398934016,0,,0,,,,,,,,0,,,,,,23099,,,,,,,,,,,,,,,,,,,,,,,,,,,,,,26,,,,,,0,,,,,,,,,,,,,,,,,,,,,,,,,,,,
2013-12-11,PL1301LAG2WMXA,Hitachi HDS5C4040ALE630,4000787030016,0,,0,,,,,,,,0,,,,,,5670,,,,,,,,,,,,,,,,,,,,,,,,,,,,,,21,,,,,,0,,,,,,,,,,,,,,,,,,,,,,,,,,,,
2013-12-11,W300L6J7,ST4000DM000,4000787030016,0,,84087200,,,,,,,,0,,,,,,799,,,,,,,,,,,,,,,,,,,,,,,,,,,,,,19,,,,,,0,,,,,,,,,,,,,,,,,,,,,,,,,,,,
2013-12-11,JK11A8B9J6LUEF,Hitachi HDS722020ALA330,2000398934016,0,,0,,,,,,,,0,,,,,,24914,,,,,,,,,,,,,,,,,,,,,,,,,,,,,,28,,,,,,0,,,,,,,,,,,,,,,,,,,,,,,,,,,,
2013-12-11,JK1101B9KA8M4F,Hitachi HDS722020ALA330,2000398934016,0,,0,,,,,,,,0,,,,,,23074,,,,,,,,,,,,,,,,,,,,,,,,,,,,,,32,,,,,,0,,,,,,,,,,,,,,,,,,,,,,,,,,,,
2013-12-11,MJ1311YNG347WA,Hitachi HDS5C3030ALA630,3000592982016,0,,0,,,,,,,,0,,,,,,18387,,,,,,,,,,,,,,,,,,,,,,,,,,,,,,24,,,,,,0,,,,,,,,,,,,,,,,,,,,,,,,,,,,
2013-12-11,JK11A8B9J8DP9F,Hitachi HDS722020ALA330,2000398934016,0,,1,,,,,,,,0,,,,,,25122,,,,,,,,,,,,,,,,,,,,,,,,,,,,,,32,,,,,,0,,,,,,,,,,,,,,,,,,,,,,,,,,,,
2013-12-11,6XW03M53,ST31500541AS,1500301910016,0,,42053349,,,,,,,,0,,,,,,37288,,,,,,,,,,,,,,,,,,,,,,,,,,,,,,27,,,,,,0,,,,,,,,,,,,,,,,,,,,,,,,,,,,
2013-12-11,Z300XH52,ST4000DM000,4000787030016,0,,131591576,,,,,,,,0,,,,,,923,,,,,,,,,,,,,,,,,,,,,,,,,,,,,,26,,,,,,0,,,,,,,,,,,,,,,,,,,,,,,,,,,,
2013-12-11,Z300XH50,ST4000DM000,4000787030016,0,,160977904,,,,,,,,0,,,,,,919,,,,,,,,,,,,,,,,,,,,,,,,,,,,,,21,,,,,,0,,,,,,,,,,,,,,,,,,,,,,,,,,,,
2013-12-11,W300CYCF,ST4000DM000,4000787030016,0,,197394240,,,,,,,,0,,,,,,4136,,,,,,,,,,,,,,,,,,,,,,,,,,,,,,22,,,,,,0,,,,,,,,,,,,,,,,,,,,,,,,,,,,
2013-12-11,MJ1311YNG38GSA,Hitachi HDS5C3030ALA630,3000592982016,0,,0,,,,,,,,0,,,,,,18947,,,,,,,,,,,,,,,,,,,,,,,,,,,,,,27,,,,,,0,,,,,,,,,,,,,,,,,,,,,,,,,,,,
2013-12-11,MJ1311YNG3EE5A,Hitachi HDS5C3030ALA630,3000592982016,0,,0,,,,,,,,10,,,,,,18928,,,,,,,,,,,,,,,,,,,,,,,,,,,,,,28,,,,,,0,,,,,,,,,,,,,,,,,,,,,,,,,,,,
2013-12-11,WD-WMC1T3156575,WDC WD30EFRX,3000592982016,0,,0,,,,,,,,0,,,,,,920,,,,,,,,,,,,,,,,,,,,,,,,,,,,,,21,,,,,,0,,,,,,,,,,,,,,,,,,,,,,,,,,,,
2013-12-11,MJ1311YNG1APJA,Hitachi HDS5C3030ALA630,3000592982016,0,,0,,,,,,,,0,,,,,,20732,,,,,,,,,,,,,,,,,,,,,,,,,,,,,,22,,,,,,0,,,,,,,,,,,,,,,,,,,,,,,,,,,,
2013-12-11,JK11A8B9J70SMF,Hitachi HDS722020ALA330,2000398934016,0,,0,,,,,,,,0,,,,,,24544,,,,,,,,,,,,,,,,,,,,,,,,,,,,,,29,,,,,,0,,,,,,,,,,,,,,,,,,,,,,,,,,,,
2013-12-11,MJ0351YNGA3GGA,Hitachi HDS5C3030ALA630,3000592982016,0,,0,,,,,,,,0,,,,,,8214,,,,,,,,,,,,,,,,,,,,,,,,,,,,,,30,,,,,,0,,,,,,,,,,,,,,,,,,,,,,,,,,,,
2013-12-11,JK1175YAK92GZX,Hitachi HDS722020ALA330,2000398934016,0,,65536,,,,,,,,0,,,,,,29653,,,,,,,,,,,,,,,,,,,,,,,,,,,,,,27,,,,,,0,,,,,,,,,,,,,,,,,,,,,,,,,,,,
2013-12-11,JK1101B9GE1UKF,Hitachi HDS722020ALA330,2000398934016,0,,0,,,,,,,,0,,,,,,27158,,,,,,,,,,,,,,,,,,,,,,,,,,,,,,25,,,,,,0,,,,,,,,,,,,,,,,,,,,,,,,,,,,
2013-12-11,JK1174YAK8RLKW,Hitachi HDS722020ALA330,2000398934016,0,,65536,,,,,,,,0,,,,,,29019,,,,,,,,,,,,,,,,,,,,,,,,,,,,,,23,,,,,,0,,,,,,,,,,,,,,,,,,,,,,,,,,,,
2013-12-11,MJ1321YNG09E3A,Hitachi HDS5C3030ALA630,3000592982016,0,,0,,,,,,,,0,,,,,,20504,,,,,,,,,,,,,,,,,,,,,,,,,,,,,,24,,,,,,0,,,,,,,,,,,,,,,,,,,,,,,,,,,,
2013-12-11,S1F09MAK,ST3000DM001,3000592982016,0,,235127720,,,,,,,,0,,,,,,12368,,,,,,,,,,,,,,,,,,,,,,,,,,,,,,22,,,,,,0,,,,,,,,,,,,,,,,,,,,,,,,,,,,
2013-12-11,S1F0R2KW,ST3000DM001,3000592982016,0,,147677512,,,,,,,,0,,,,,,11639,,,,,,,,,,,,,,,,,,,,,,,,,,,,,,22,,,,,,0,,,,,,,,,,,,,,,,,,,,,,,,,,,,
2013-12-11,Z300XH5C,ST4000DM000,4000787030016,0,,99398624,,,,,,,,0,,,,,,918,,,,,,,,,,,,,,,,,,,,,,,,,,,,,,21,,,,,,0,,,,,,,,,,,,,,,,,,,,,,,,,,,,
2013-12-11,PL1321LAG33ZDH,Hitachi HDS5C4040ALE630,4000787030016,0,,0,,,,,,,,0,,,,,,3630,,,,,,,,,,,,,,,,,,,,,,,,,,,,,,28,,,,,,0,,,,,,,,,,,,,,,,,,,,,,,,,,,,
2013-12-11,JK1171B8GNNZ7S,Hitachi HDS722020ALA330,2000398934016,0,,0,,,,,,,,0,,,,,,26480,,,,,,,,,,,,,,,,,,,,,,,,,,,,,,25,,,,,,0,,,,,,,,,,,,,,,,,,,,,,,,,,,,
2013-12-11,W300BLWH,ST4000DM000,4000787030016,0,,112245736,,,,,,,,0,,,,,,4134,,,,,,,,,,,,,,,,,,,,,,,,,,,,,,22,,,,,,0,,,,,,,,,,,,,,,,,,,,,,,,,,,,
2013-12-11,JK11A8B9J3BBEF,Hitachi HDS722020ALA330,2000398934016,0,,65536,,,,,,,,0,,,,,,23819,,,,,,,,,,,,,,,,,,,,,,,,,,,,,,29,,,,,,0,,,,,,,,,,,,,,,,,,,,,,,,,,,,
2013-12-11,9XW01RZ2,ST31500541AS,1500301910016,0,,117280884,,,,,,,,0,,,,,,35745,,,,,,,,,,,,,,,,,,,,,,,,,,,,,,20,,,,,,0,,,,,,,,,,,,,,,,,,,,,,,,,,,,
2013-12-11,WD-WCAWZ0506565,WDC WD30EZRX,3000592982016,0,,2956,,,,,,,,0,,,,,,16126,,,,,,,,,,,,,,,,,,,,,,,,,,,,,,20,,,,,,1,,,,,,,,,,,,,,,,,,,,,,,,,,,,
2013-12-11,MJ1311YNG7LPUA,Hitachi HDS5C3030ALA630,3000592982016,0,,0,,,,,,,,0,,,,,,14291,,,,,,,,,,,,,,,,,,,,,,,,,,,,,,28,,,,,,0,,,,,,,,,,,,,,,,,,,,,,,,,,,,
2013-12-11,6XW022GG,ST31500541AS,1500301910016,0,,173266360,,,,,,,,0,,,,,,35437,,,,,,,,,,,,,,,,,,,,,,,,,,,,,,20,,,,,,0,,,,,,,,,,,,,,,,,,,,,,,,,,,,
2013-12-11,6XW022GX,ST31500541AS,1500301910016,0,,192659167,,,,,,,,0,,,,,,36061,,,,,,,,,,,,,,,,,,,,,,,,,,,,,,19,,,,,,0,,,,,,,,,,,,,,,,,,,,,,,,,,,,
2013-12-11,6XW02CF3,ST31500541AS,1500301910016,0,,220809120,,,,,,,,0,,,,,,37160,,,,,,,,,,,,,,,,,,,,,,,,,,,,,,23,,,,,,0,,,,,,,,,,,,,,,,,,,,,,,,,,,,
2013-12-11,MJ0351YNG9W2XA,Hitachi HDS5C3030ALA630,3000592982016,0,,0,,,,,,,,0,,,,,,9956,,,,,,,,,,,,,,,,,,,,,,,,,,,,,,27,,,,,,0,,,,,,,,,,,,,,,,,,,,,,,,,,,,
2013-12-11,PL1321LAG35ERH,Hitachi HDS5C4040ALE630,4000787030016,0,,0,,,,,,,,0,,,,,,5049,,,,,,,,,,,,,,,,,,,,,,,,,,,,,,29,,,,,,0,,,,,,,,,,,,,,,,,,,,,,,,,,,,
2013-12-11,S1F10BRH,ST3000DM001,3000592982016,0,,102183336,,,,,,,,0,,,,,,8652,,,,,,,,,,,,,,,,,,,,,,,,,,,,,,29,,,,,,0,,,,,,,,,,,,,,,,,,,,,,,,,,,,
2013-12-11,Z290WHPQ,ST33000651AS,3000592982016,0,,148617877,,,,,,,,0,,,,,,17050,,,,,,,,,,,,,,,,,,,,,,,,,,,,,,27,,,,,,0,,,,,,,,,,,,,,,,,,,,,,,,,,,,
2013-12-11,9XW03BV8,ST31500541AS,1500301910016,0,,151423304,,,,,,,,0,,,,,,33006,,,,,,,,,,,,,,,,,,,,,,,,,,,,,,21,,,,,,0,,,,,,,,,,,,,,,,,,,,,,,,,,,,
2013-12-11,W1F0971D,ST3000DM001,3000592982016,0,,213824904,,,,,,,,0,,,,,,13358,,,,,,,,,,,,,,,,,,,,,,,,,,,,,,26,,,,,,0,,,,,,,,,,,,,,,,,,,,,,,,,,,,
2013-12-11,JK11A8B9J6LTAF,Hitachi HDS722020ALA330,2000398934016,0,,0,,,,,,,,0,,,,,,22686,,,,,,,,,,,,,,,,,,,,,,,,,,,,,,24,,,,,,0,,,,,,,,,,,,,,,,,,,,,,,,,,,,
2013-12-11,PL1311LAG2NEXH,Hitachi HDS5C4040ALE630,4000787030016,0,,0,,,,,,,,0,,,,,,6993,,,,,,,,,,,,,,,,,,,,,,,,,,,,,,23,,,,,,0,,,,,,,,,,,,,,,,,,,,,,,,,,,,
2013-12-11,W300B0C2,ST4000DM000,4000787030016,0,,7600416,,,,,,,,1016,,,,,,4183,,,,,,,,,,,,,,,,,,,,,,,,,,,,,,23,,,,,,1592,,,,,,,,,,,,,,,,,,,,,,,,,,,,
2013-12-11,MJ0351YNG9WABA,Hitachi HDS5C3030ALA630,3000592982016,0,,0,,,,,,,,0,,,,,,9901,,,,,,,,,,,,,,,,,,,,,,,,,,,,,,28,,,,,,0,,,,,,,,,,,,,,,,,,,,,,,,,,,,
2013-12-11,W1F0971S,ST3000DM001,3000592982016,0,,44539912,,,,,,,,0,,,,,,14728,,,,,,,,,,,,,,,,,,,,,,,,,,,,,,26,,,,,,0,,,,,,,,,,,,,,,,,,,,,,,,,,,,
2013-12-11,MJ1311YNG7ETYA,Hitachi HDS5C3030ALA630,3000592982016,0,,0,,,,,,,,0,,,,,,14621,,,,,,,,,,,,,,,,,,,,,,,,,,,,,,24,,,,,,0,,,,,,,,,,,,,,,,,,,,,,,,,,,,
2013-12-11,PL1311LAG3D5AH,Hitachi HDS5C4040ALE630,4000787030016,0,,0,,,,,,,,0,,,,,,2981,,,,,,,,,,,,,,,,,,,,,,,,,,,,,,23,,,,,,0,,,,,,,,,,,,,,,,,,,,,,,,,,,,
2013-12-11,JK11H1B9GMA30R,Hitachi HDS722020ALA330,2000398934016,0,,0,,,,,,,,0,,,,,,27487,,,,,,,,,,,,,,,,,,,,,,,,,,,,,,24,,,,,,0,,,,,,,,,,,,,,,,,,,,,,,,,,,,
2013-12-11,9XW03BVS,ST31500541AS,1500301910016,0,,229557483,,,,,,,,0,,,,,,33303,,,,,,,,,,,,,,,,,,,,,,,,,,,,,,21,,,,,,0,,,,,,,,,,,,,,,,,,,,,,,,,,,,
2013-12-11,9XW03BVP,ST31500541AS,1500301910016,0,,160398206,,,,,,,,0,,,,,,33170,,,,,,,,,,,,,,,,,,,,,,,,,,,,,,21,,,,,,0,,,,,,,,,,,,,,,,,,,,,,,,,,,,
2013-12-11,JK1130YAG16Z8T,Hitachi HDS722020ALA330,2000398934016,0,,65536,,,,,,,,2,,,,,,18602,,,,,,,,,,,,,,,,,,,,,,,,,,,,,,30,,,,,,0,,,,,,,,,,,,,,,,,,,,,,,,,,,,
2013-12-11,W300B0CF,ST4000DM000,4000787030016,0,,225925400,,,,,,,,0,,,,,,3238,,,,,,,,,,,,,,,,,,,,,,,,,,,,,,20,,,,,,0,,,,,,,,,,,,,,,,,,,,,,,,,,,,
2013-12-11,S1F039PZ,ST3000DM001,3000592982016,0,,169093584,,,,,,,,0,,,,,,13340,,,,,,,,,,,,,,,,,,,,,,,,,,,,,,29,,,,,,0,,,,,,,,,,,,,,,,,,,,,,,,,,,,
2013-12-11,PL1311LAG3B2XH,Hitachi HDS5C4040ALE630,4000787030016,0,,0,,,,,,,,0,,,,,,5302,,,,,,,,,,,,,,,,,,,,,,,,,,,,,,27,,,,,,0,,,,,,,,,,,,,,,,,,,,,,,,,,,,
2013-12-11,JK1101B9JP56SR,Hitachi HDS722020ALA330,2000398934016,0,,0,,,,,,,,0,,,,,,24099,,,,,,,,,,,,,,,,,,,,,,,,,,,,,,29,,,,,,0,,,,,,,,,,,,,,,,,,,,,,,,,,,,
2013-12-11,PL1311LAG3BT8H,Hitachi HDS5C4040ALE630,4000787030016,0,,0,,,,,,,,0,,,,,,5958,,,,,,,,,,,,,,,,,,,,,,,,,,,,,,26,,,,,,0,,,,,,,,,,,,,,,,,,,,,,,,,,,,
2013-12-11,W1F0QS0F,ST3000DM001,3000592982016,0,,196632112,,,,,,,,0,,,,,,12616,,,,,,,,,,,,,,,,,,,,,,,,,,,,,,26,,,,,,0,,,,,,,,,,,,,,,,,,,,,,,,,,,,
2013-12-11,W1F0QDPH,ST3000DM001,3000592982016,0,,103952568,,,,,,,,0,,,,,,11024,,,,,,,,,,,,,,,,,,,,,,,,,,,,,,26,,,,,,0,,,,,,,,,,,,,,,,,,,,,,,,,,,,
2013-12-11,W1F09717,ST3000DM001,3000592982016,0,,133083208,,,,,,,,0,,,,,,13360,,,,,,,,,,,,,,,,,,,,,,,,,,,,,,21,,,,,,0,,,,,,,,,,,,,,,,,,,,,,,,,,,,
2013-12-11,MJ0351YNG9ZG7A,Hitachi HDS5C3030ALA630,3000592982016,0,,0,,,,,,,,0,,,,,,9552,,,,,,,,,,,,,,,,,,,,,,,,,,,,,,31,,,,,,0,,,,,,,,,,,,,,,,,,,,,,,,,,,,
2013-12-11,JK1105B8GB03WX,Hitachi HDS722020ALA330,2000398934016,0,,0,,,,,,,,0,,,,,,27214,,,,,,,,,,,,,,,,,,,,,,,,,,,,,,27,,,,,,0,,,,,,,,,,,,,,,,,,,,,,,,,,,,
2013-12-11,9XW09JG8,ST32000542AS,2000398934016,0,,82793503,,,,,,,,0,,,,,,30572,,,,,,,,,,,,,,,,,,,,,,,,,,,,,,29,,,,,,0,,,,,,,,,,,,,,,,,,,,,,,,,,,,
2013-12-11,MK0301YHGNBSPA,Hitachi HDS723030ALA640,3000592982016,0,,0,,,,,,,,29,,,,,,17036,,,,,,,,,,,,,,,,,,,,,,,,,,,,,,27,,,,,,0,,,,,,,,,,,,,,,,,,,,,,,,,,,,
2013-12-11,MJ1311YNG7ENTA,Hitachi HDS5C3030ALA630,3000592982016,0,,0,,,,,,,,1,,,,,,14621,,,,,,,,,,,,,,,,,,,,,,,,,,,,,,23,,,,,,0,,,,,,,,,,,,,,,,,,,,,,,,,,,,
2013-12-11,S1F01Z30,ST3000DM001,3000592982016,0,,158167490,,,,,,,,64696,,,,,,13911,,,,,,,,,,,,,,,,,,,,,,,,,,,,,,26,,,,,,40,,,,,,,,,,,,,,,,,,,,,,,,,,,,
2013-12-11,MJ0351YNG9VAHA,Hitachi HDS5C3030ALA630,3000592982016,0,,0,,,,,,,,0,,,,,,9271,,,,,,,,,,,,,,,,,,,,,,,,,,,,,,28,,,,,,0,,,,,,,,,,,,,,,,,,,,,,,,,,,,
2013-12-11,W300BRYJ,ST4000DM000,4000787030016,0,,80865184,,,,,,,,0,,,,,,4138,,,,,,,,,,,,,,,,,,,,,,,,,,,,,,24,,,,,,0,,,,,,,,,,,,,,,,,,,,,,,,,,,,
2013-12-11,S1F02GA0,ST3000DM001,3000592982016,0,,173203312,,,,,,,,0,,,,,,15191,,,,,,,,,,,,,,,,,,,,,,,,,,,,,,20,,,,,,0,,,,,,,,,,,,,,,,,,,,,,,,,,,,
2013-12-11,S1F089R3,ST3000DM001,3000592982016,0,,54628152,,,,,,,,0,,,,,,12396,,,,,,,,,,,,,,,,,,,,,,,,,,,,,,27,,,,,,0,,,,,,,,,,,,,,,,,,,,,,,,,,,,
2013-12-11,6XW01HTF,ST320005XXXX,2000398934016,0,,19005025,,,,,,,,0,,,,,,29881,,,,,,,,,,,,,,,,,,,,,,,,,,,,,,28,,,,,,0,,,,,,,,,,,,,,,,,,,,,,,,,,,,
2013-12-11,9VS31ZBK,ST31500341AS,1500301910016,0,,63135477,,,,,,,,3,,,,,,21526,,,,,,,,,,,,,,,,,,,,,,,,,,,,,,21,,,,,,0,,,,,,,,,,,,,,,,,,,,,,,,,,,,
2013-12-11,MJ1311YNG3839A,Hitachi HDS5C3030ALA630,3000592982016,0,,0,,,,,,,,0,,,,,,18067,,,,,,,,,,,,,,,,,,,,,,,,,,,,,,23,,,,,,0,,,,,,,,,,,,,,,,,,,,,,,,,,,,
2013-12-11,S2CHJR0ZA00092,SAMSUNG HD154UI,1500301910016,0,,0,,,,,,,,0,,,,,,3345,,,,,,,,,,,,,,,,,,,,,,,,,,,,,,12,,,,,,0,,,,,,,,,,,,,,,,,,,,,,,,,,,,
2013-12-11,S2CHJR0ZA00093,SAMSUNG HD154UI,1500301910016,0,,0,,,,,,,,0,,,,,,3346,,,,,,,,,,,,,,,,,,,,,,,,,,,,,,10,,,,,,0,,,,,,,,,,,,,,,,,,,,,,,,,,,,
2013-12-11,JK1175YAHSP45X,Hitachi HDS722020ALA330,2000398934016,0,,65541,,,,,,,,0,,,,,,30501,,,,,,,,,,,,,,,,,,,,,,,,,,,,,,30,,,,,,0,,,,,,,,,,,,,,,,,,,,,,,,,,,,
2013-12-11,JK11A8B9J9HZJF,Hitachi HDS722020ALA330,2000398934016,0,,0,,,,,,,,0,,,,,,25580,,,,,,,,,,,,,,,,,,,,,,,,,,,,,,27,,,,,,0,,,,,,,,,,,,,,,,,,,,,,,,,,,,
2013-12-11,W300DCHK,ST4000DM000,4000787030016,0,,101370296,,,,,,,,0,,,,,,4165,,,,,,,,,,,,,,,,,,,,,,,,,,,,,,25,,,,,,0,,,,,,,,,,,,,,,,,,,,,,,,,,,,
2013-12-11,W300DCHA,ST4000DM000,4000787030016,0,,54212208,,,,,,,,0,,,,,,4353,,,,,,,,,,,,,,,,,,,,,,,,,,,,,,25,,,,,,0,,,,,,,,,,,,,,,,,,,,,,,,,,,,
2013-12-11,MJ1311YNG3G01A,Hitachi HDS5C3030ALA630,3000592982016,0,,0,,,,,,,,0,,,,,,18949,,,,,,,,,,,,,,,,,,,,,,,,,,,,,,23,,,,,,0,,,,,,,,,,,,,,,,,,,,,,,,,,,,
2013-12-11,JK11A8B9J7P1GF,Hitachi HDS722020ALA330,2000398934016,0,,0,,,,,,,,0,,,,,,23577,,,,,,,,,,,,,,,,,,,,,,,,,,,,,,28,,,,,,0,,,,,,,,,,,,,,,,,,,,,,,,,,,,
2013-12-11,MK0311YHG1TU5A,Hitachi HDS723030ALA640,3000592982016,0,,0,,,,,,,,0,,,,,,17035,,,,,,,,,,,,,,,,,,,,,,,,,,,,,,29,,,,,,0,,,,,,,,,,,,,,,,,,,,,,,,,,,,
2013-12-11,S1F06V96,ST3000DM001,3000592982016,0,,87470760,,,,,,,,0,,,,,,14236,,,,,,,,,,,,,,,,,,,,,,,,,,,,,,25,,,,,,0,,,,,,,,,,,,,,,,,,,,,,,,,,,,
2013-12-11,PL1311LAG3B8NH,Hitachi HDS5C4040ALE630,4000787030016,0,,0,,,,,,,,0,,,,,,6641,,,,,,,,,,,,,,,,,,,,,,,,,,,,,,27,,,,,,0,,,,,,,,,,,,,,,,,,,,,,,,,,,,
2013-12-11,W3004YM8,ST4000DM000,4000787030016,0,,89355360,,,,,,,,0,,,,,,2920,,,,,,,,,,,,,,,,,,,,,,,,,,,,,,19,,,,,,0,,,,,,,,,,,,,,,,,,,,,,,,,,,,
2013-12-11,MK0331YHGRTN4A,Hitachi HDS723030ALA640,3000592982016,0,,0,,,,,,,,0,,,,,,17762,,,,,,,,,,,,,,,,,,,,,,,,,,,,,,25,,,,,,0,,,,,,,,,,,,,,,,,,,,,,,,,,,,
2013-12-11,JK11A8B9J39XBF,Hitachi HDS722020ALA330,2000398934016,0,,0,,,,,,,,0,,,,,,24494,,,,,,,,,,,,,,,,,,,,,,,,,,,,,,30,,,,,,0,,,,,,,,,,,,,,,,,,,,,,,,,,,,
2013-12-11,W1F0APF9,ST3000DM001,3000592982016,0,,55346920,,,,,,,,0,,,,,,13745,,,,,,,,,,,,,,,,,,,,,,,,,,,,,,21,,,,,,0,,,,,,,,,,,,,,,,,,,,,,,,,,,,
2013-12-11,MJ1311YNG6U1PA,Hitachi HDS5C3030ALA630,3000592982016,0,,0,,,,,,,,0,,,,,,14290,,,,,,,,,,,,,,,,,,,,,,,,,,,,,,26,,,,,,0,,,,,,,,,,,,,,,,,,,,,,,,,,,,
2013-12-11,PL1311LAG281NH,Hitachi HDS5C4040ALE630,4000787030016,0,,0,,,,,,,,0,,,,,,6616,,,,,,,,,,,,,,,,,,,,,,,,,,,,,,26,,,,,,0,,,,,,,,,,,,,,,,,,,,,,,,,,,,
2013-12-11,MJ1311YNG37D8A,Hitachi HDS5C3030ALA630,3000592982016,0,,0,,,,,,,,0,,,,,,18067,,,,,,,,,,,,,,,,,,,,,,,,,,,,,,23,,,,,,0,,,,,,,,,,,,,,,,,,,,,,,,,,,,
2013-12-11,MJ0351YNGA6GUA,Hitachi HDS5C3030ALA630,3000592982016,0,,0,,,,,,,,0,,,,,,7938,,,,,,,,,,,,,,,,,,,,,,,,,,,,,,22,,,,,,0,,,,,,,,,,,,,,,,,,,,,,,,,,,,
2013-12-11,PL1321LAGAXVUH,Hitachi HDS5C4040ALE630,4000787030016,0,,0,,,,,,,,0,,,,,,5064,,,,,,,,,,,,,,,,,,,,,,,,,,,,,,30,,,,,,0,,,,,,,,,,,,,,,,,,,,,,,,,,,,
2013-12-11,JK11A8B9JR09WF,Hitachi HDS722020ALA330,2000398934016,0,,0,,,,,,,,0,,,,,,23710,,,,,,,,,,,,,,,,,,,,,,,,,,,,,,29,,,,,,0,,,,,,,,,,,,,,,,,,,,,,,,,,,,
2013-12-11,W1F138XG,ST3000DM001,3000592982016,0,,192711792,,,,,,,,0,,,,,,4640,,,,,,,,,,,,,,,,,,,,,,,,,,,,,,29,,,,,,0,,,,,,,,,,,,,,,,,,,,,,,,,,,,
2013-12-11,MJ1311YNG3L1JA,Hitachi HDS5C3030ALA630,3000592982016,0,,0,,,,,,,,0,,,,,,18048,,,,,,,,,,,,,,,,,,,,,,,,,,,,,,23,,,,,,0,,,,,,,,,,,,,,,,,,,,,,,,,,,,
2013-12-11,W300D89T,ST4000DM000,4000787030016,0,,144861432,,,,,,,,0,,,,,,4353,,,,,,,,,,,,,,,,,,,,,,,,,,,,,,24,,,,,,0,,,,,,,,,,,,,,,,,,,,,,,,,,,,
2013-12-11,W1F0ASLT,ST3000DM001,3000592982016,0,,33332816,,,,,,,,0,,,,,,13373,,,,,,,,,,,,,,,,,,,,,,,,,,,,,,21,,,,,,0,,,,,,,,,,,,,,,,,,,,,,,,,,,,
2013-12-11,JK11A4B8JR57XW,Hitachi HDS722020ALA330,2000398934016,0,,0,,,,,,,,0,,,,,,23638,,,,,,,,,,,,,,,,,,,,,,,,,,,,,,29,,,,,,0,,,,,,,,,,,,,,,,,,,,,,,,,,,,
2013-12-11,Z1F0LQZ0,ST3000DM001,3000592982016,0,,240374920,,,,,,,,0,,,,,,12248,,,,,,,,,,,,,,,,,,,,,,,,,,,,,,26,,,,,,0,,,,,,,,,,,,,,,,,,,,,,,,,,,,
2013-12-11,Z300KMM3,ST4000DM000,4000787030016,0,,233949192,,,,,,,,0,,,,,,2258,,,,,,,,,,,,,,,,,,,,,,,,,,,,,,22,,,,,,0,,,,,,,,,,,,,,,,,,,,,,,,,,,,
2013-12-11,MJ1311YNG3KEJA,Hitachi HDS5C3030ALA630,3000592982016,0,,0,,,,,,,,0,,,,,,19254,,,,,,,,,,,,,,,,,,,,,,,,,,,,,,21,,,,,,0,,,,,,,,,,,,,,,,,,,,,,,,,,,,
2013-12-11,Z1F1A7MG,ST3000DM001,3000592982016,0,,74957520,,,,,,,,0,,,,,,7992,,,,,,,,,,,,,,,,,,,,,,,,,,,,,,15,,,,,,0,,,,,,,,,,,,,,,,,,,,,,,,,,,,
2013-12-11,MJ1321YNG0XB0A,Hitachi HDS5C3030ALA630,3000592982016,0,,0,,,,,,,,0,,,,,,20512,,,,,,,,,,,,,,,,,,,,,,,,,,,,,,26,,,,,,0,,,,,,,,,,,,,,,,,,,,,,,,,,,,
2013-12-11,MJ0351YNGA6WHA,Hitachi HDS5C3030ALA630,3000592982016,0,,0,,,,,,,,0,,,,,,8663,,,,,,,,,,,,,,,,,,,,,,,,,,,,,,27,,,,,,0,,,,,,,,,,,,,,,,,,,,,,,,,,,,
2013-12-11,WD-WCAU45665072,WDC WD10EADS,1000204886016,0,,0,,,,,,,,0,,,,,,41751,,,,,,,,,,,,,,,,,,,,,,,,,,,,,,26,,,,,,0,,,,,,,,,,,,,,,,,,,,,,,,,,,,
2013-12-11,Z300KMMG,ST4000DM000,4000787030016,0,,184711240,,,,,,,,0,,,,,,1848,,,,,,,,,,,,,,,,,,,,,,,,,,,,,,21,,,,,,0,,,,,,,,,,,,,,,,,,,,,,,,,,,,
2013-12-11,W1F0A4SV,ST3000DM001,3000592982016,0,,189233424,,,,,,,,0,,,,,,14713,,,,,,,,,,,,,,,,,,,,,,,,,,,,,,23,,,,,,0,,,,,,,,,,,,,,,,,,,,,,,,,,,,
2013-12-11,JK11A8B9J24E7F,Hitachi HDS722020ALA330,2000398934016,0,,0,,,,,,,,0,,,,,,24341,,,,,,,,,,,,,,,,,,,,,,,,,,,,,,24,,,,,,0,,,,,,,,,,,,,,,,,,,,,,,,,,,,
2013-12-11,MJ1323YNG1PD5C,Hitachi HDS5C3030ALA630,3000592982016,0,,0,,,,,,,,0,,,,,,19745,,,,,,,,,,,,,,,,,,,,,,,,,,,,,,26,,,,,,0,,,,,,,,,,,,,,,,,,,,,,,,,,,,
2013-12-11,MJ0351YNG9VPGA,Hitachi HDS5C3030ALA630,3000592982016,0,,0,,,,,,,,0,,,,,,9906,,,,,,,,,,,,,,,,,,,,,,,,,,,,,,23,,,,,,0,,,,,,,,,,,,,,,,,,,,,,,,,,,,
2013-12-11,S1F06S4S,ST3000DM001,3000592982016,0,,125284656,,,,,,,,0,,,,,,13870,,,,,,,,,,,,,,,,,,,,,,,,,,,,,,25,,,,,,0,,,,,,,,,,,,,,,,,,,,,,,,,,,,
2013-12-11,6XW1A62G,ST31500541AS,1500301910016,0,,208568453,,,,,,,,0,,,,,,9443,,,,,,,,,,,,,,,,,,,,,,,,,,,,,,22,,,,,,0,,,,,,,,,,,,,,,,,,,,,,,,,,,,
2013-12-11,JK1105B8GEBW4X,Hitachi HDS722020ALA330,2000398934016,0,,0,,,,,,,,0,,,,,,26763,,,,,,,,,,,,,,,,,,,,,,,,,,,,,,27,,,,,,0,,,,,,,,,,,,,,,,,,,,,,,,,,,,
2013-12-11,JK1180YAHWRJ4T,Hitachi HDS722020ALA330,2000398934016,0,,0,,,,,,,,0,,,,,,21100,,,,,,,,,,,,,,,,,,,,,,,,,,,,,,27,,,,,,0,,,,,,,,,,,,,,,,,,,,,,,,,,,,
2013-12-11,9VS2A1FH,ST31500341AS,1500301910016,0,,108747137,,,,,,,,9,,,,,,38665,,,,,,,,,,,,,,,,,,,,,,,,,,,,,,20,,,,,,0,,,,,,,,,,,,,,,,,,,,,,,,,,,,
2013-12-11,JK11A8B9J7YAEF,Hitachi HDS722020ALA330,2000398934016,0,,0,,,,,,,,0,,,,,,24665,,,,,,,,,,,,,,,,,,,,,,,,,,,,,,29,,,,,,0,,,,,,,,,,,,,,,,,,,,,,,,,,,,
2013-12-11,PL1321LAGAXKKH,Hitachi HDS5C4040ALE630,4000787030016,0,,0,,,,,,,,0,,,,,,5077,,,,,,,,,,,,,,,,,,,,,,,,,,,,,,30,,,,,,0,,,,,,,,,,,,,,,,,,,,,,,,,,,,
2013-12-11,JK1130YAHRMTUT,Hitachi HDS722020ALA330,2000398934016,0,,458752,,,,,,,,0,,,,,,30171,,,,,,,,,,,,,,,,,,,,,,,,,,,,,,32,,,,,,0,,,,,,,,,,,,,,,,,,,,,,,,,,,,
2013-12-11,S1F10QG6,ST3000DM001,3000592982016,0,,150481720,,,,,,,,0,,,,,,8652,,,,,,,,,,,,,,,,,,,,,,,,,,,,,,28,,,,,,0,,,,,,,,,,,,,,,,,,,,,,,,,,,,
2013-12-11,6XW01PLZ,ST31500541AS,1500301910016,0,,236712794,,,,,,,,0,,,,,,35757,,,,,,,,,,,,,,,,,,,,,,,,,,,,,,18,,,,,,0,,,,,,,,,,,,,,,,,,,,,,,,,,,,
2013-12-11,MJ1321YNG124ZA,Hitachi HDS5C3030ALA630,3000592982016,0,,0,,,,,,,,0,,,,,,18595,,,,,,,,,,,,,,,,,,,,,,,,,,,,,,24,,,,,,0,,,,,,,,,,,,,,,,,,,,,,,,,,,,
2013-12-11,PL1311LAG2NG1H,Hitachi HDS5C4040ALE630,4000787030016,0,,0,,,,,,,,0,,,,,,5961,,,,,,,,,,,,,,,,,,,,,,,,,,,,,,21,,,,,,0,,,,,,,,,,,,,,,,,,,,,,,,,,,,
2013-12-11,9VS2A0HD,ST31500341AS,1500301910016,0,,142863411,,,,,,,,3,,,,,,38107,,,,,,,,,,,,,,,,,,,,,,,,,,,,,,22,,,,,,0,,,,,,,,,,,,,,,,,,,,,,,,,,,,
2013-12-11,5XW035DS,ST31500541AS,1500301910016,0,,20833871,,,,,,,,0,,,,,,35783,,,,,,,,,,,,,,,,,,,,,,,,,,,,,,19,,,,,,0,,,,,,,,,,,,,,,,,,,,,,,,,,,,
2013-12-11,Z300PM25,ST4000DM000,4000787030016,0,,110534904,,,,,,,,0,,,,,,1142,,,,,,,,,,,,,,,,,,,,,,,,,,,,,,27,,,,,,0,,,,,,,,,,,,,,,,,,,,,,,,,,,,
2013-12-11,JK11A8B9J74DYF,Hitachi HDS722020ALA330,2000398934016,0,,0,,,,,,,,0,,,,,,22696,,,,,,,,,,,,,,,,,,,,,,,,,,,,,,24,,,,,,0,,,,,,,,,,,,,,,,,,,,,,,,,,,,
2013-12-11,6XW0SPZ3,ST31500541AS,1500301910016,0,,48020655,,,,,,,,0,,,,,,33674,,,,,,,,,,,,,,,,,,,,,,,,,,,,,,22,,,,,,0,,,,,,,,,,,,,,,,,,,,,,,,,,,,
2013-12-11,Z290F4KD,ST33000651AS,3000592982016,0,,54387749,,,,,,,,0,,,,,,17049,,,,,,,,,,,,,,,,,,,,,,,,,,,,,,23,,,,,,0,,,,,,,,,,,,,,,,,,,,,,,,,,,,
2013-12-11,Z300MHAP,ST4000DM000,4000787030016,0,,152763432,,,,,,,,0,,,,,,2880,,,,,,,,,,,,,,,,,,,,,,,,,,,,,,22,,,,,,0,,,,,,,,,,,,,,,,,,,,,,,,,,,,
2013-12-11,WD-WCAU47201290,WDC WD10EADS,1000204886016,0,,2,,,,,,,,0,,,,,,40495,,,,,,,,,,,,,,,,,,,,,,,,,,,,,,30,,,,,,0,,,,,,,,,,,,,,,,,,,,,,,,,,,,
2013-12-11,PL1311LAG2DZ6H,Hitachi HDS5C4040ALE630,4000787030016,0,,0,,,,,,,,0,,,,,,7415,,,,,,,,,,,,,,,,,,,,,,,,,,,,,,18,,,,,,0,,,,,,,,,,,,,,,,,,,,,,,,,,,,
2013-12-11,WD-WCAU42470334,WDC WD10EACS,1000204886016,0,,0,,,,,,,,0,,,,,,42792,,,,,,,,,,,,,,,,,,,,,,,,,,,,,,23,,,,,,0,,,,,,,,,,,,,,,,,,,,,,,,,,,,
2013-12-11,W1F0TNWS,ST3000DM001,3000592982016,0,,230304248,,,,,,,,0,,,,,,10471,,,,,,,,,,,,,,,,,,,,,,,,,,,,,,23,,,,,,0,,,,,,,,,,,,,,,,,,,,,,,,,,,,
2013-12-11,PL1311LAG3EJGH,Hitachi HDS5C4040ALE630,4000787030016,0,,0,,,,,,,,0,,,,,,6655,,,,,,,,,,,,,,,,,,,,,,,,,,,,,,18,,,,,,0,,,,,,,,,,,,,,,,,,,,,,,,,,,,
2013-12-11,JK1101B9JNS15U,Hitachi HDS722020ALA330,2000398934016,0,,0,,,,,,,,12,,,,,,24099,,,,,,,,,,,,,,,,,,,,,,,,,,,,,,29,,,,,,0,,,,,,,,,,,,,,,,,,,,,,,,,,,,
2013-12-11,Z300LFEK,ST4000DM000,4000787030016,0,,220897720,,,,,,,,0,,,,,,1142,,,,,,,,,,,,,,,,,,,,,,,,,,,,,,28,,,,,,0,,,,,,,,,,,,,,,,,,,,,,,,,,,,
2013-12-11,S1F01XXA,ST3000DM001,3000592982016,0,,164072568,,,,,,,,0,,,,,,13881,,,,,,,,,,,,,,,,,,,,,,,,,,,,,,26,,,,,,0,,,,,,,,,,,,,,,,,,,,,,,,,,,,
2013-12-11,Z300PM2M,ST4000DM000,4000787030016,0,,1950040,,,,,,,,0,,,,,,1450,,,,,,,,,,,,,,,,,,,,,,,,,,,,,,26,,,,,,0,,,,,,,,,,,,,,,,,,,,,,,,,,,,
2013-12-11,W1E1SSFR,ST2000DM001,2000398934016,0,,182399616,,,,,,,,0,,,,,,8006,,,,,,,,,,,,,,,,,,,,,,,,,,,,,,19,,,,,,0,,,,,,,,,,,,,,,,,,,,,,,,,,,,
2013-12-11,Z300PM2K,ST4000DM000,4000787030016,0,,242766480,,,,,,,,0,,,,,,1142,,,,,,,,,,,,,,,,,,,,,,,,,,,,,,25,,,,,,0,,,,,,,,,,,,,,,,,,,,,,,,,,,,
2013-12-11,JK11A8B9J7AKYF,Hitachi HDS722020ALA330,2000398934016,0,,0,,,,,,,,0,,,,,,22702,,,,,,,,,,,,,,,,,,,,,,,,,,,,,,26,,,,,,0,,,,,,,,,,,,,,,,,,,,,,,,,,,,
2013-12-11,Z300PM2C,ST4000DM000,4000787030016,0,,29437016,,,,,,,,0,,,,,,1142,,,,,,,,,,,,,,,,,,,,,,,,,,,,,,24,,,,,,0,,,,,,,,,,,,,,,,,,,,,,,,,,,,
2013-12-11,Z300CWCQ,ST4000DM000,4000787030016,0,,229482352,,,,,,,,0,,,,,,2225,,,,,,,,,,,,,,,,,,,,,,,,,,,,,,22,,,,,,0,,,,,,,,,,,,,,,,,,,,,,,,,,,,
2013-12-11,Z300PM2W,ST4000DM000,4000787030016,0,,169223024,,,,,,,,0,,,,,,1232,,,,,,,,,,,,,,,,,,,,,,,,,,,,,,20,,,,,,0,,,,,,,,,,,,,,,,,,,,,,,,,,,,
2013-12-11,MJ1311YNG6XKRA,Hitachi HDS5C3030ALA630,3000592982016,0,,0,,,,,,,,0,,,,,,14601,,,,,,,,,,,,,,,,,,,,,,,,,,,,,,19,,,,,,0,,,,,,,,,,,,,,,,,,,,,,,,,,,,
2013-12-11,PL1311LAG2E5SH,Hitachi HDS5C4040ALE630,4000787030016,0,,0,,,,,,,,0,,,,,,6993,,,,,,,,,,,,,,,,,,,,,,,,,,,,,,21,,,,,,0,,,,,,,,,,,,,,,,,,,,,,,,,,,,
2013-12-11,W3009Q6Q,ST4000DM000,4000787030016,0,,112295608,,,,,,,,0,,,,,,4167,,,,,,,,,,,,,,,,,,,,,,,,,,,,,,28,,,,,,0,,,,,,,,,,,,,,,,,,,,,,,,,,,,
2013-12-11,W300H396,ST4000DM000,4000787030016,0,,56303408,,,,,,,,0,,,,,,948,,,,,,,,,,,,,,,,,,,,,,,,,,,,,,18,,,,,,0,,,,,,,,,,,,,,,,,,,,,,,,,,,,
2013-12-11,WD-WMAWZ0139342,WDC WD30EZRX,3000592982016,0,,0,,,,,,,,0,,,,,,12926,,,,,,,,,,,,,,,,,,,,,,,,,,,,,,25,,,,,,0,,,,,,,,,,,,,,,,,,,,,,,,,,,,
2013-12-11,W3009Q6L,ST4000DM000,4000787030016,0,,158681840,,,,,,,,0,,,,,,2243,,,,,,,,,,,,,,,,,,,,,,,,,,,,,,22,,,,,,0,,,,,,,,,,,,,,,,,,,,,,,,,,,,
2013-12-11,JK11A8B9J960RF,Hitachi HDS722020ALA330,2000398934016,0,,0,,,,,,,,0,,,,,,25539,,,,,,,,,,,,,,,,,,,,,,,,,,,,,,26,,,,,,0,,,,,,,,,,,,,,,,,,,,,,,,,,,,
2013-12-11,W1F09S9L,ST3000DM001,3000592982016,0,,147073200,,,,,,,,0,,,,,,13796,,,,,,,,,,,,,,,,,,,,,,,,,,,,,,22,,,,,,0,,,,,,,,,,,,,,,,,,,,,,,,,,,,
2013-12-11,MJ1311YNG3EHRA,Hitachi HDS5C3030ALA630,3000592982016,0,,0,,,,,,,,0,,,,,,18928,,,,,,,,,,,,,,,,,,,,,,,,,,,,,,26,,,,,,0,,,,,,,,,,,,,,,,,,,,,,,,,,,,
2013-12-11,W1F13B09,ST3000DM001,3000592982016,0,,206994856,,,,,,,,0,,,,,,7711,,,,,,,,,,,,,,,,,,,,,,,,,,,,,,29,,,,,,0,,,,,,,,,,,,,,,,,,,,,,,,,,,,
2013-12-11,PL1311LAG35WLH,Hitachi HDS5C4040ALE630,4000787030016,0,,0,,,,,,,,0,,,,,,6639,,,,,,,,,,,,,,,,,,,,,,,,,,,,,,26,,,,,,0,,,,,,,,,,,,,,,,,,,,,,,,,,,,
2013-12-11,W300B66H,ST4000DM000,4000787030016,0,,231635544,,,,,,,,0,,,,,,3603,,,,,,,,,,,,,,,,,,,,,,,,,,,,,,22,,,,,,0,,,,,,,,,,,,,,,,,,,,,,,,,,,,
2013-12-11,6XW0ZQ6W,ST31500541AS,1500301910016,0,,177808431,,,,,,,,0,,,,,,31362,,,,,,,,,,,,,,,,,,,,,,,,,,,,,,21,,,,,,0,,,,,,,,,,,,,,,,,,,,,,,,,,,,
2013-12-11,MK0331YHGNU76A,Hitachi HDS723030ALA640,3000592982016,0,,0,,,,,,,,0,,,,,,17356,,,,,,,,,,,,,,,,,,,,,,,,,,,,,,22,,,,,,0,,,,,,,,,,,,,,,,,,,,,,,,,,,,
2013-12-11,PL1321LAG343WH,Hitachi HDS5C4040ALE630,4000787030016,0,,0,,,,,,,,0,,,,,,6650,,,,,,,,,,,,,,,,,,,,,,,,,,,,,,21,,,,,,0,,,,,,,,,,,,,,,,,,,,,,,,,,,,
2013-12-11,PL1321LAG34BJH,Hitachi HDS5C4040ALE630,4000787030016,0,,393216,,,,,,,,0,,,,,,6070,,,,,,,,,,,,,,,,,,,,,,,,,,,,,,22,,,,,,0,,,,,,,,,,,,,,,,,,,,,,,,,,,,
2013-12-11,JK1101B9JPHU2F,Hitachi HDS722020ALA330,2000398934016,0,,0,,,,,,,,0,,,,,,24099,,,,,,,,,,,,,,,,,,,,,,,,,,,,,,28,,,,,,0,,,,,,,,,,,,,,,,,,,,,,,,,,,,
2013-12-11,Z300CM3S,ST4000DM000,4000787030016,0,,93208440,,,,,,,,0,,,,,,2218,,,,,,,,,,,,,,,,,,,,,,,,,,,,,,24,,,,,,0,,,,,,,,,,,,,,,,,,,,,,,,,,,,
2013-12-11,W300H39B,ST4000DM000,4000787030016,0,,86091128,,,,,,,,0,,,,,,919,,,,,,,,,,,,,,,,,,,,,,,,,,,,,,21,,,,,,0,,,,,,,,,,,,,,,,,,,,,,,,,,,,
2013-12-11,Z1F117EQ,ST3000DM001,3000592982016,0,,43564896,,,,,,,,0,,,,,,8021,,,,,,,,,,,,,,,,,,,,,,,,,,,,,,21,,,,,,0,,,,,,,,,,,,,,,,,,,,,,,,,,,,
2013-12-11,W300KKG9,ST4000DM000,4000787030016,0,,106307744,,,,,,,,0,,,,,,909,,,,,,,,,,,,,,,,,,,,,,,,,,,,,,24,,,,,,0,,,,,,,,,,,,,,,,,,,,,,,,,,,,
2013-12-11,W300H39D,ST4000DM000,4000787030016,0,,203067672,,,,,,,,0,,,,,,799,,,,,,,,,,,,,,,,,,,,,,,,,,,,,,19,,,,,,0,,,,,,,,,,,,,,,,,,,,,,,,,,,,
2013-12-11,9VS2025S,ST31500341AS,1500301910016,0,,163160193,,,,,,,,12,,,,,,39097,,,,,,,,,,,,,,,,,,,,,,,,,,,,,,27,,,,,,0,,,,,,,,,,,,,,,,,,,,,,,,,,,,
2013-12-11,W300KKG7,ST4000DM000,4000787030016,0,,72376968,,,,,,,,0,,,,,,919,,,,,,,,,,,,,,,,,,,,,,,,,,,,,,21,,,,,,0,,,,,,,,,,,,,,,,,,,,,,,,,,,,
2013-12-11,W300KKG1,ST4000DM000,4000787030016,0,,39899424,,,,,,,,0,,,,,,957,,,,,,,,,,,,,,,,,,,,,,,,,,,,,,18,,,,,,0,,,,,,,,,,,,,,,,,,,,,,,,,,,,
2013-12-11,W300KKG0,ST4000DM000,4000787030016,0,,108218848,,,,,,,,0,,,,,,919,,,,,,,,,,,,,,,,,,,,,,,,,,,,,,20,,,,,,0,,,,,,,,,,,,,,,,,,,,,,,,,,,,
2013-12-11,JK1101B9KMZSJF,Hitachi HDS722020ALA330,2000398934016,0,,0,,,,,,,,0,,,,,,23074,,,,,,,,,,,,,,,,,,,,,,,,,,,,,,33,,,,,,0,,,,,,,,,,,,,,,,,,,,,,,,,,,,
2013-12-11,JK11A8B9JR02RF,Hitachi HDS722020ALA330,2000398934016,0,,0,,,,,,,,0,,,,,,23719,,,,,,,,,,,,,,,,,,,,,,,,,,,,,,24,,,,,,0,,,,,,,,,,,,,,,,,,,,,,,,,,,,
2013-12-11,MJ0351YNG9KSSA,Hitachi HDS5C3030ALA630,3000592982016,0,,0,,,,,,,,0,,,,,,9525,,,,,,,,,,,,,,,,,,,,,,,,,,,,,,31,,,,,,0,,,,,,,,,,,,,,,,,,,,,,,,,,,,
2013-12-11,PL1311LAG3GG2H,Hitachi HDS5C4040ALE630,4000787030016,0,,0,,,,,,,,0,,,,,,5933,,,,,,,,,,,,,,,,,,,,,,,,,,,,,,24,,,,,,0,,,,,,,,,,,,,,,,,,,,,,,,,,,,
2013-12-11,S1F11A9R,ST3000DM001,3000592982016,0,,116073768,,,,,,,,0,,,,,,8128,,,,,,,,,,,,,,,,,,,,,,,,,,,,,,26,,,,,,0,,,,,,,,,,,,,,,,,,,,,,,,,,,,
2013-12-11,MJ0351YNG9SXLA,Hitachi HDS5C3030ALA630,3000592982016,0,,0,,,,,,,,0,,,,,,7938,,,,,,,,,,,,,,,,,,,,,,,,,,,,,,24,,,,,,0,,,,,,,,,,,,,,,,,,,,,,,,,,,,
2013-12-11,W1F0RN8N,ST3000DM001,3000592982016,0,,30351352,,,,,,,,0,,,,,,11752,,,,,,,,,,,,,,,,,,,,,,,,,,,,,,25,,,,,,0,,,,,,,,,,,,,,,,,,,,,,,,,,,,
2013-12-11,MJ1311YNG36UJA,Hitachi HDS5C3030ALA630,3000592982016,0,,196608,,,,,,,,0,,,,,,18386,,,,,,,,,,,,,,,,,,,,,,,,,,,,,,24,,,,,,0,,,,,,,,,,,,,,,,,,,,,,,,,,,,
2013-12-11,W300L5VW,ST4000DM000,4000787030016,0,,111951816,,,,,,,,0,,,,,,919,,,,,,,,,,,,,,,,,,,,,,,,,,,,,,22,,,,,,0,,,,,,,,,,,,,,,,,,,,,,,,,,,,
2013-12-11,MK0331YHGT1R2A,Hitachi HDS723030ALA640,3000592982016,0,,0,,,,,,,,0,,,,,,16680,,,,,,,,,,,,,,,,,,,,,,,,,,,,,,24,,,,,,0,,,,,,,,,,,,,,,,,,,,,,,,,,,,
2013-12-11,6XW1070T,ST31500541AS,1500301910016,0,,5242437,,,,,,,,0,,,,,,29418,,,,,,,,,,,,,,,,,,,,,,,,,,,,,,23,,,,,,0,,,,,,,,,,,,,,,,,,,,,,,,,,,,
2013-12-11,JK11A8B9J312RF,Hitachi HDS722020ALA330,2000398934016,0,,0,,,,,,,,0,,,,,,24433,,,,,,,,,,,,,,,,,,,,,,,,,,,,,,24,,,,,,0,,,,,,,,,,,,,,,,,,,,,,,,,,,,
2013-12-11,6XW04TJY,ST31500541AS,1500301910016,0,,26761908,,,,,,,,0,,,,,,37279,,,,,,,,,,,,,,,,,,,,,,,,,,,,,,23,,,,,,0,,,,,,,,,,,,,,,,,,,,,,,,,,,,
2013-12-11,S1F0JMRJ,ST3000DM001,3000592982016,0,,44590168,,,,,,,,0,,,,,,9748,,,,,,,,,,,,,,,,,,,,,,,,,,,,,,27,,,,,,0,,,,,,,,,,,,,,,,,,,,,,,,,,,,
2013-12-11,PL1311LAG3EE2H,Hitachi HDS5C4040ALE630,4000787030016,0,,0,,,,,,,,0,,,,,,6655,,,,,,,,,,,,,,,,,,,,,,,,,,,,,,21,,,,,,0,,,,,,,,,,,,,,,,,,,,,,,,,,,,
2013-12-11,6XW13ABZ,ST32000542AS,2000398934016,0,,71558992,,,,,,,,0,,,,,,7818,,,,,,,,,,,,,,,,,,,,,,,,,,,,,,17,,,,,,0,,,,,,,,,,,,,,,,,,,,,,,,,,,,
2013-12-11,S1F01WWM,ST3000DM001,3000592982016,0,,157715024,,,,,,,,0,,,,,,15347,,,,,,,,,,,,,,,,,,,,,,,,,,,,,,23,,,,,,0,,,,,,,,,,,,,,,,,,,,,,,,,,,,
2013-12-11,6XW04TJF,ST31500541AS,1500301910016,0,,199612346,,,,,,,,168,,,,,,36445,,,,,,,,,,,,,,,,,,,,,,,,,,,,,,19,,,,,,0,,,,,,,,,,,,,,,,,,,,,,,,,,,,
2013-12-11,PL1311LAG3A76H,Hitachi HDS5C4040ALE630,4000787030016,0,,0,,,,,,,,0,,,,,,6639,,,,,,,,,,,,,,,,,,,,,,,,,,,,,,26,,,,,,0,,,,,,,,,,,,,,,,,,,,,,,,,,,,
2013-12-11,6XW0C8C0,ST32000542AS,2000398934016,0,,47665768,,,,,,,,0,,,,,,29571,,,,,,,,,,,,,,,,,,,,,,,,,,,,,,28,,,,,,1,,,,,,,,,,,,,,,,,,,,,,,,,,,,
2013-12-11,S1F0BBH2,ST3000DM001,3000592982016,0,,119336488,,,,,,,,0,,,,,,12878,,,,,,,,,,,,,,,,,,,,,,,,,,,,,,26,,,,,,0,,,,,,,,,,,,,,,,,,,,,,,,,,,,
2013-12-11,PL1331LAG5B5KH,HGST HMS5C4040ALE640,4000787030016,0,,0,,,,,,,,0,,,,,,9402,,,,,,,,,,,,,,,,,,,,,,,,,,,,,,30,,,,,,0,,,,,,,,,,,,,,,,,,,,,,,,,,,,
2013-12-11,MK0331YHGR194D,Hitachi HDS723030ALA640,3000592982016,0,,0,,,,,,,,0,,,,,,17356,,,,,,,,,,,,,,,,,,,,,,,,,,,,,,25,,,,,,0,,,,,,,,,,,,,,,,,,,,,,,,,,,,
2013-12-11,PL1311LAG21EAA,Hitachi HDS5C4040ALE630,4000787030016,0,,0,,,,,,,,0,,,,,,5191,,,,,,,,,,,,,,,,,,,,,,,,,,,,,,27,,,,,,0,,,,,,,,,,,,,,,,,,,,,,,,,,,,
2013-12-11,Z290WF32,ST33000651AS,3000592982016,0,,162706103,,,,,,,,0,,,,,,17050,,,,,,,,,,,,,,,,,,,,,,,,,,,,,,26,,,,,,0,,,,,,,,,,,,,,,,,,,,,,,,,,,,
2013-12-11,JK1101B9JPBG9R,Hitachi HDS722020ALA330,2000398934016,0,,0,,,,,,,,0,,,,,,24305,,,,,,,,,,,,,,,,,,,,,,,,,,,,,,27,,,,,,0,,,,,,,,,,,,,,,,,,,,,,,,,,,,
2013-12-11,MJ1311YNG2XBPA,Hitachi HDS5C3030ALA630,3000592982016,0,,0,,,,,,,,0,,,,,,18405,,,,,,,,,,,,,,,,,,,,,,,,,,,,,,21,,,,,,0,,,,,,,,,,,,,,,,,,,,,,,,,,,,
2013-12-11,PL1321LAG34L4H,Hitachi HDS5C4040ALE630,4000787030016,0,,0,,,,,,,,0,,,,,,6651,,,,,,,,,,,,,,,,,,,,,,,,,,,,,,24,,,,,,0,,,,,,,,,,,,,,,,,,,,,,,,,,,,
2013-12-11,9XW01R1X,ST31500541AS,1500301910016,0,,56693594,,,,,,,,0,,,,,,34327,,,,,,,,,,,,,,,,,,,,,,,,,,,,,,16,,,,,,0,,,,,,,,,,,,,,,,,,,,,,,,,,,,
2013-12-11,WD-WCAU4A649119,WDC WD10EADS,1000204886016,0,,0,,,,,,,,0,,,,,,38056,,,,,,,,,,,,,,,,,,,,,,,,,,,,,,24,,,,,,0,,,,,,,,,,,,,,,,,,,,,,,,,,,,
2013-12-11,MJ0351YNGABYNA,Hitachi HDS5C3030ALA630,3000592982016,0,,0,,,,,,,,0,,,,,,7986,,,,,,,,,,,,,,,,,,,,,,,,,,,,,,28,,,,,,0,,,,,,,,,,,,,,,,,,,,,,,,,,,,
2013-12-11,S1F0CTVX,ST3000DM001,3000592982016,0,,221435328,,,,,,,,8960,,,,,,12418,,,,,,,,,,,,,,,,,,,,,,,,,,,,,,27,,,,,,0,,,,,,,,,,,,,,,,,,,,,,,,,,,,
2013-12-11,MJ0351YNG9VH9A,Hitachi HDS5C3030ALA630,3000592982016,0,,0,,,,,,,,0,,,,,,9721,,,,,,,,,,,,,,,,,,,,,,,,,,,,,,29,,,,,,0,,,,,,,,,,,,,,,,,,,,,,,,,,,,
2013-12-11,9XW01R1M,ST31500541AS,1500301910016,0,,87121703,,,,,,,,18,,,,,,35758,,,,,,,,,,,,,,,,,,,,,,,,,,,,,,18,,,,,,0,,,,,,,,,,,,,,,,,,,,,,,,,,,,
2013-12-11,W300C5ZC,ST4000DM000,4000787030016,0,,79911880,,,,,,,,0,,,,,,4140,,,,,,,,,,,,,,,,,,,,,,,,,,,,,,22,,,,,,0,,,,,,,,,,,,,,,,,,,,,,,,,,,,
2013-12-11,W300E7GB,ST4000DM000,4000787030016,0,,110075376,,,,,,,,0,,,,,,2272,,,,,,,,,,,,,,,,,,,,,,,,,,,,,,23,,,,,,0,,,,,,,,,,,,,,,,,,,,,,,,,,,,
2013-12-11,S1F0S70T,ST3000DM001,3000592982016,0,,133401048,,,,,,,,0,,,,,,10727,,,,,,,,,,,,,,,,,,,,,,,,,,,,,,26,,,,,,0,,,,,,,,,,,,,,,,,,,,,,,,,,,,
2013-12-11,W1F0FY92,ST3000DM001,3000592982016,0,,75732696,,,,,,,,0,,,,,,12156,,,,,,,,,,,,,,,,,,,,,,,,,,,,,,24,,,,,,0,,,,,,,,,,,,,,,,,,,,,,,,,,,,
2013-12-11,WD-WMC1T1850762,WDC WD30EFRX,3000592982016,0,,0,,,,,,,,0,,,,,,7390,,,,,,,,,,,,,,,,,,,,,,,,,,,,,,25,,,,,,0,,,,,,,,,,,,,,,,,,,,,,,,,,,,
2013-12-11,S1F033LP,ST3000DM001,3000592982016,0,,111000472,,,,,,,,0,,,,,,14719,,,,,,,,,,,,,,,,,,,,,,,,,,,,,,29,,,,,,16,,,,,,,,,,,,,,,,,,,,,,,,,,,,
2013-12-11,Z300GZ0A,ST4000DM000,4000787030016,0,,203771192,,,,,,,,0,,,,,,3362,,,,,,,,,,,,,,,,,,,,,,,,,,,,,,21,,,,,,0,,,,,,,,,,,,,,,,,,,,,,,,,,,,
2013-12-11,Z300GZ0F,ST4000DM000,4000787030016,0,,163450552,,,,,,,,0,,,,,,3582,,,,,,,,,,,,,,,,,,,,,,,,,,,,,,22,,,,,,0,,,,,,,,,,,,,,,,,,,,,,,,,,,,
2013-12-11,Z300GZ0G,ST4000DM000,4000787030016,0,,54656232,,,,,,,,0,,,,,,3625,,,,,,,,,,,,,,,,,,,,,,,,,,,,,,24,,,,,,0,,,,,,,,,,,,,,,,,,,,,,,,,,,,
2013-12-11,Z300GZ0D,ST4000DM000,4000787030016,0,,92628576,,,,,,,,0,,,,,,3588,,,,,,,,,,,,,,,,,,,,,,,,,,,,,,23,,,,,,0,,,,,,,,,,,,,,,,,,,,,,,,,,,,
2013-12-11,Z300JD5E,ST4000DM000,4000787030016,0,,16270888,,,,,,,,0,,,,,,2874,,,,,,,,,,,,,,,,,,,,,,,,,,,,,,23,,,,,,0,,,,,,,,,,,,,,,,,,,,,,,,,,,,
2013-12-11,W1F08EVL,ST3000DM001,3000592982016,0,,142676480,,,,,,,,0,,,,,,14235,,,,,,,,,,,,,,,,,,,,,,,,,,,,,,23,,,,,,0,,,,,,,,,,,,,,,,,,,,,,,,,,,,
2013-12-11,Z300GZ0R,ST4000DM000,4000787030016,0,,105710032,,,,,,,,0,,,,,,3362,,,,,,,,,,,,,,,,,,,,,,,,,,,,,,19,,,,,,0,,,,,,,,,,,,,,,,,,,,,,,,,,,,
2013-12-11,Z300GZ0S,ST4000DM000,4000787030016,0,,162202576,,,,,,,,0,,,,,,3584,,,,,,,,,,,,,,,,,,,,,,,,,,,,,,24,,,,,,0,,,,,,,,,,,,,,,,,,,,,,,,,,,,
2013-12-11,JK11A8B9J7P0XF,Hitachi HDS722020ALA330,2000398934016,0,,0,,,,,,,,0,,,,,,22298,,,,,,,,,,,,,,,,,,,,,,,,,,,,,,30,,,,,,0,,,,,,,,,,,,,,,,,,,,,,,,,,,,
2013-12-11,Z300GZ0Q,ST4000DM000,4000787030016,0,,242882816,,,,,,,,0,,,,,,3581,,,,,,,,,,,,,,,,,,,,,,,,,,,,,,20,,,,,,0,,,,,,,,,,,,,,,,,,,,,,,,,,,,
2013-12-11,Z300GZ0W,ST4000DM000,4000787030016,0,,143520600,,,,,,,,0,,,,,,3586,,,,,,,,,,,,,,,,,,,,,,,,,,,,,,24,,,,,,0,,,,,,,,,,,,,,,,,,,,,,,,,,,,
2013-12-11,Z300CMVN,ST4000DM000,4000787030016,0,,206600200,,,,,,,,0,,,,,,2219,,,,,,,,,,,,,,,,,,,,,,,,,,,,,,23,,,,,,0,,,,,,,,,,,,,,,,,,,,,,,,,,,,
2013-12-11,Z300PAKP,ST4000DM000,4000787030016,0,,207722576,,,,,,,,0,,,,,,1450,,,,,,,,,,,,,,,,,,,,,,,,,,,,,,23,,,,,,0,,,,,,,,,,,,,,,,,,,,,,,,,,,,
2013-12-11,MK0311YHG0B3TA,Hitachi HDS723030ALA640,3000592982016,0,,0,,,,,,,,0,,,,,,21793,,,,,,,,,,,,,,,,,,,,,,,,,,,,,,27,,,,,,0,,,,,,,,,,,,,,,,,,,,,,,,,,,,
2013-12-11,Z300CVG7,ST4000DM000,4000787030016,0,,133092120,,,,,,,,0,,,,,,1298,,,,,,,,,,,,,,,,,,,,,,,,,,,,,,21,,,,,,0,,,,,,,,,,,,,,,,,,,,,,,,,,,,
2013-12-11,JK1101B9JNND5F,Hitachi HDS722020ALA330,2000398934016,0,,0,,,,,,,,0,,,,,,23991,,,,,,,,,,,,,,,,,,,,,,,,,,,,,,35,,,,,,0,,,,,,,,,,,,,,,,,,,,,,,,,,,,
2013-12-11,PL1311LAG2WLXA,Hitachi HDS5C4040ALE630,4000787030016,0,,0,,,,,,,,0,,,,,,6993,,,,,,,,,,,,,,,,,,,,,,,,,,,,,,25,,,,,,0,,,,,,,,,,,,,,,,,,,,,,,,,,,,
2013-12-11,6XW02YS0,ST31500541AS,1500301910016,0,,15706161,,,,,,,,0,,,,,,28972,,,,,,,,,,,,,,,,,,,,,,,,,,,,,,24,,,,,,0,,,,,,,,,,,,,,,,,,,,,,,,,,,,
2013-12-11,5YD8NGB3,ST1500DL003,1500301910016,0,,5445056,,,,,,,,0,,,,,,6058,,,,,,,,,,,,,,,,,,,,,,,,,,,,,,21,,,,,,0,,,,,,,,,,,,,,,,,,,,,,,,,,,,
2013-12-11,S1F06XLZ,ST3000DM001,3000592982016,0,,192940400,,,,,,,,0,,,,,,13914,,,,,,,,,,,,,,,,,,,,,,,,,,,,,,20,,,,,,0,,,,,,,,,,,,,,,,,,,,,,,,,,,,
2013-12-11,S1F0QWEQ,ST3000DM001,3000592982016,0,,119994056,,,,,,,,0,,,,,,11685,,,,,,,,,,,,,,,,,,,,,,,,,,,,,,33,,,,,,0,,,,,,,,,,,,,,,,,,,,,,,,,,,,
2013-12-11,W300CWJD,ST4000DM000,4000787030016,0,,88748696,,,,,,,,0,,,,,,2225,,,,,,,,,,,,,,,,,,,,,,,,,,,,,,23,,,,,,0,,,,,,,,,,,,,,,,,,,,,,,,,,,,
2013-12-11,JK1170YAJDAG6T,Hitachi HDS722020ALA330,2000398934016,0,,0,,,,,,,,0,,,,,,28154,,,,,,,,,,,,,,,,,,,,,,,,,,,,,,23,,,,,,0,,,,,,,,,,,,,,,,,,,,,,,,,,,,
2013-12-11,PL1311LAG3AVSH,Hitachi HDS5C4040ALE630,4000787030016,0,,0,,,,,,,,0,,,,,,6072,,,,,,,,,,,,,,,,,,,,,,,,,,,,,,21,,,,,,0,,,,,,,,,,,,,,,,,,,,,,,,,,,,
2013-12-11,Z1F1G01F,ST3000DM001,3000592982016,0,,170942136,,,,,,,,0,,,,,,8050,,,,,,,,,,,,,,,,,,,,,,,,,,,,,,22,,,,,,0,,,,,,,,,,,,,,,,,,,,,,,,,,,,
2013-12-11,9XW03B1Z,ST31500541AS,1500301910016,0,,178522517,,,,,,,,0,,,,,,33331,,,,,,,,,,,,,,,,,,,,,,,,,,,,,,19,,,,,,0,,,,,,,,,,,,,,,,,,,,,,,,,,,,
2013-12-11,Z300JA8E,ST4000DM000,4000787030016,0,,6187848,,,,,,,,0,,,,,,2221,,,,,,,,,,,,,,,,,,,,,,,,,,,,,,26,,,,,,0,,,,,,,,,,,,,,,,,,,,,,,,,,,,
2013-12-11,9VS3HR6E,ST31500341AS,1500301910016,0,,136407968,,,,,,,,35,,,,,,32240,,,,,,,,,,,,,,,,,,,,,,,,,,,,,,29,,,,,,0,,,,,,,,,,,,,,,,,,,,,,,,,,,,
2013-12-11,6XW05VPP,ST31500541AS,1500301910016,0,,27862708,,,,,,,,0,,,,,,37289,,,,,,,,,,,,,,,,,,,,,,,,,,,,,,27,,,,,,0,,,,,,,,,,,,,,,,,,,,,,,,,,,,
2013-12-11,6XW0W4JD,ST31500541AS,1500301910016,0,,216555555,,,,,,,,44,,,,,,34197,,,,,,,,,,,,,,,,,,,,,,,,,,,,,,23,,,,,,0,,,,,,,,,,,,,,,,,,,,,,,,,,,,
2013-12-11,W1F098Z6,ST3000DM001,3000592982016,0,,155308952,,,,,,,,0,,,,,,13348,,,,,,,,,,,,,,,,,,,,,,,,,,,,,,27,,,,,,0,,,,,,,,,,,,,,,,,,,,,,,,,,,,
2013-12-11,JK1101B9JP4WZR,Hitachi HDS722020ALA330,2000398934016,0,,0,,,,,,,,0,,,,,,23991,,,,,,,,,,,,,,,,,,,,,,,,,,,,,,34,,,,,,0,,,,,,,,,,,,,,,,,,,,,,,,,,,,
2013-12-11,MJ1311YNG7LV2A,Hitachi HDS5C3030ALA630,3000592982016,0,,0,,,,,,,,0,,,,,,14289,,,,,,,,,,,,,,,,,,,,,,,,,,,,,,29,,,,,,0,,,,,,,,,,,,,,,,,,,,,,,,,,,,
2013-12-11,MJ0351YNGA6U0A,Hitachi HDS5C3030ALA630,3000592982016,0,,0,,,,,,,,0,,,,,,9142,,,,,,,,,,,,,,,,,,,,,,,,,,,,,,28,,,,,,0,,,,,,,,,,,,,,,,,,,,,,,,,,,,
2013-12-11,MJ1311YNG36HMA,Hitachi HDS5C3030ALA630,3000592982016,0,,0,,,,,,,,0,,,,,,18927,,,,,,,,,,,,,,,,,,,,,,,,,,,,,,30,,,,,,0,,,,,,,,,,,,,,,,,,,,,,,,,,,,
2013-12-11,MJ0351YNG9Z6YA,Hitachi HDS5C3030ALA630,3000592982016,0,,0,,,,,,,,0,,,,,,8618,,,,,,,,,,,,,,,,,,,,,,,,,,,,,,31,,,,,,0,,,,,,,,,,,,,,,,,,,,,,,,,,,,
2013-12-11,Z300GZ06,ST4000DM000,4000787030016,0,,4067288,,,,,,,,0,,,,,,3580,,,,,,,,,,,,,,,,,,,,,,,,,,,,,,23,,,,,,0,,,,,,,,,,,,,,,,,,,,,,,,,,,,
2013-12-11,W1F09XNB,ST3000DM001,3000592982016,0,,42309272,,,,,,,,0,,,,,,13744,,,,,,,,,,,,,,,,,,,,,,,,,,,,,,22,,,,,,0,,,,,,,,,,,,,,,,,,,,,,,,,,,,
2013-12-11,Z300GZ05,ST4000DM000,4000787030016,0,,53468320,,,,,,,,0,,,,,,3582,,,,,,,,,,,,,,,,,,,,,,,,,,,,,,20,,,,,,0,,,,,,,,,,,,,,,,,,,,,,,,,,,,
2013-12-11,WD-WCAWZ1156055,WDC WD30EZRX,3000592982016,0,,0,,,,,,,,0,,,,,,17599,,,,,,,,,,,,,,,,,,,,,,,,,,,,,,24,,,,,,1,,,,,,,,,,,,,,,,,,,,,,,,,,,,
2013-12-11,WD-WCC070161527,WDC WD30EZRX,3000592982016,0,,0,,,,,,,,0,,,,,,8610,,,,,,,,,,,,,,,,,,,,,,,,,,,,,,26,,,,,,22,,,,,,,,,,,,,,,,,,,,,,,,,,,,
2013-12-11,MK0311YHG911TA,Hitachi HDS723030ALA640,3000592982016,0,,0,,,,,,,,0,,,,,,5167,,,,,,,,,,,,,,,,,,,,,,,,,,,,,,24,,,,,,0,,,,,,,,,,,,,,,,,,,,,,,,,,,,
2013-12-11,JK1171B9HD680T,Hitachi HDS722020ALA330,2000398934016,0,,0,,,,,,,,0,,,,,,24305,,,,,,,,,,,,,,,,,,,,,,,,,,,,,,28,,,,,,0,,,,,,,,,,,,,,,,,,,,,,,,,,,,
2013-12-11,S1F0BN9C,ST3000DM001,3000592982016,0,,193258176,,,,,,,,0,,,,,,12357,,,,,,,,,,,,,,,,,,,,,,,,,,,,,,21,,,,,,0,,,,,,,,,,,,,,,,,,,,,,,,,,,,
2013-12-11,PL1321LAG31WGH,Hitachi HDS5C4040ALE630,4000787030016,0,,0,,,,,,,,0,,,,,,5961,,,,,,,,,,,,,,,,,,,,,,,,,,,,,,20,,,,,,0,,,,,,,,,,,,,,,,,,,,,,,,,,,,
2013-12-11,PL1311LAG28NNH,Hitachi HDS5C4040ALE630,4000787030016,0,,0,,,,,,,,0,,,,,,6993,,,,,,,,,,,,,,,,,,,,,,,,,,,,,,25,,,,,,0,,,,,,,,,,,,,,,,,,,,,,,,,,,,
2013-12-11,5XW036GM,ST31500541AS,1500301910016,0,,133620474,,,,,,,,0,,,,,,36405,,,,,,,,,,,,,,,,,,,,,,,,,,,,,,16,,,,,,0,,,,,,,,,,,,,,,,,,,,,,,,,,,,
2013-12-11,W300CXPK,ST4000DM000,4000787030016,0,,22062056,,,,,,,,0,,,,,,909,,,,,,,,,,,,,,,,,,,,,,,,,,,,,,23,,,,,,0,,,,,,,,,,,,,,,,,,,,,,,,,,,,
2013-12-11,S1F0S656,ST3000DM001,3000592982016,0,,171302056,,,,,,,,27184,,,,,,10493,,,,,,,,,,,,,,,,,,,,,,,,,,,,,,23,,,,,,120,,,,,,,,,,,,,,,,,,,,,,,,,,,,
2013-12-11,5YD8MVBC,ST1500DL003,1500301910016,0,,133872,,,,,,,,0,,,,,,4378,,,,,,,,,,,,,,,,,,,,,,,,,,,,,,27,,,,,,0,,,,,,,,,,,,,,,,,,,,,,,,,,,,
2013-12-11,PL1321LAG2Z7YH,Hitachi HDS5C4040ALE630,4000787030016,0,,0,,,,,,,,0,,,,,,5668,,,,,,,,,,,,,,,,,,,,,,,,,,,,,,18,,,,,,0,,,,,,,,,,,,,,,,,,,,,,,,,,,,
2013-12-11,PL2311LAG1J3GC,Hitachi HDS5C4040ALE630,4000787030016,0,,0,,,,,,,,0,,,,,,7760,,,,,,,,,,,,,,,,,,,,,,,,,,,,,,22,,,,,,0,,,,,,,,,,,,,,,,,,,,,,,,,,,,
2013-12-11,5XW03M8K,ST31500541AS,1500301910016,0,,78233204,,,,,,,,0,,,,,,36941,,,,,,,,,,,,,,,,,,,,,,,,,,,,,,22,,,,,,0,,,,,,,,,,,,,,,,,,,,,,,,,,,,
2013-12-11,PL1311LAG3A4BH,Hitachi HDS5C4040ALE630,4000787030016,0,,0,,,,,,,,0,,,,,,6637,,,,,,,,,,,,,,,,,,,,,,,,,,,,,,27,,,,,,0,,,,,,,,,,,,,,,,,,,,,,,,,,,,
2013-12-11,MJ1311YNG3DRLA,Hitachi HDS5C3030ALA630,3000592982016,0,,0,,,,,,,,0,,,,,,19325,,,,,,,,,,,,,,,,,,,,,,,,,,,,,,25,,,,,,0,,,,,,,,,,,,,,,,,,,,,,,,,,,,
2013-12-11,JK1101B9HSM8NT,Hitachi HDS722020ALA330,2000398934016,0,,0,,,,,,,,0,,,,,,26010,,,,,,,,,,,,,,,,,,,,,,,,,,,,,,28,,,,,,0,,,,,,,,,,,,,,,,,,,,,,,,,,,,
2013-12-11,PL1311LAG1K5WA,Hitachi HDS5C4040ALE630,4000787030016,0,,0,,,,,,,,0,,,,,,7757,,,,,,,,,,,,,,,,,,,,,,,,,,,,,,19,,,,,,0,,,,,,,,,,,,,,,,,,,,,,,,,,,,
2013-12-11,Z1F069VW,ST3000DM001,3000592982016,0,,17988344,,,,,,,,0,,,,,,14734,,,,,,,,,,,,,,,,,,,,,,,,,,,,,,21,,,,,,0,,,,,,,,,,,,,,,,,,,,,,,,,,,,
2013-12-11,WD-WCAU45449557,WDC WD10EACS,1000204886016,0,,6,,,,,,,,0,,,,,,42359,,,,,,,,,,,,,,,,,,,,,,,,,,,,,,20,,,,,,0,,,,,,,,,,,,,,,,,,,,,,,,,,,,
2013-12-11,5XW0L6BV,ST31500541AS,1500301910016,0,,9456678,,,,,,,,0,,,,,,12284,,,,,,,,,,,,,,,,,,,,,,,,,,,,,,21,,,,,,0,,,,,,,,,,,,,,,,,,,,,,,,,,,,
2013-12-11,S1F0S5B2,ST3000DM001,3000592982016,0,,185459136,,,,,,,,0,,,,,,10726,,,,,,,,,,,,,,,,,,,,,,,,,,,,,,24,,,,,,0,,,,,,,,,,,,,,,,,,,,,,,,,,,,
2013-12-11,MJ1311YNG1ARLA,Hitachi HDS5C3030ALA630,3000592982016,0,,0,,,,,,,,0,,,,,,20498,,,,,,,,,,,,,,,,,,,,,,,,,,,,,,31,,,,,,0,,,,,,,,,,,,,,,,,,,,,,,,,,,,
2013-12-11,W1F08JPC,ST3000DM001,3000592982016,0,,142332720,,,,,,,,0,,,,,,13859,,,,,,,,,,,,,,,,,,,,,,,,,,,,,,27,,,,,,8,,,,,,,,,,,,,,,,,,,,,,,,,,,,
2013-12-11,MJ0351YNGA392A,Hitachi HDS5C3030ALA630,3000592982016,0,,0,,,,,,,,0,,,,,,8613,,,,,,,,,,,,,,,,,,,,,,,,,,,,,,32,,,,,,0,,,,,,,,,,,,,,,,,,,,,,,,,,,,
2013-12-11,JK11A4B8JR22VW,Hitachi HDS722020ALA330,2000398934016,0,,0,,,,,,,,1,,,,,,23821,,,,,,,,,,,,,,,,,,,,,,,,,,,,,,25,,,,,,0,,,,,,,,,,,,,,,,,,,,,,,,,,,,
2013-12-11,9XW01Z28,ST31500541AS,1500301910016,0,,207615285,,,,,,,,0,,,,,,35227,,,,,,,,,,,,,,,,,,,,,,,,,,,,,,19,,,,,,0,,,,,,,,,,,,,,,,,,,,,,,,,,,,
2013-12-11,5XW1TZHY,ST32000542AS,2000398934016,0,,176961032,,,,,,,,0,,,,,,15217,,,,,,,,,,,,,,,,,,,,,,,,,,,,,,21,,,,,,0,,,,,,,,,,,,,,,,,,,,,,,,,,,,
2013-12-11,Z1Z059JL,ST4000DX000,4000787030016,0,,101248488,,,,,,,,0,,,,,,5379,,,,,,,,,,,,,,,,,,,,,,,,,,,,,,23,,,,,,0,,,,,,,,,,,,,,,,,,,,,,,,,,,,
2013-12-11,Z290VDJS,ST33000651AS,3000592982016,0,,45438722,,,,,,,,1578,,,,,,18074,,,,,,,,,,,,,,,,,,,,,,,,,,,,,,27,,,,,,0,,,,,,,,,,,,,,,,,,,,,,,,,,,,
2013-12-11,JK1104B8JPAWMW,Hitachi HDS722020ALA330,2000398934016,0,,0,,,,,,,,0,,,,,,23991,,,,,,,,,,,,,,,,,,,,,,,,,,,,,,35,,,,,,0,,,,,,,,,,,,,,,,,,,,,,,,,,,,
2013-12-11,JK11A8B9J4LYDF,Hitachi HDS722020ALA330,2000398934016,0,,0,,,,,,,,0,,,,,,23487,,,,,,,,,,,,,,,,,,,,,,,,,,,,,,29,,,,,,0,,,,,,,,,,,,,,,,,,,,,,,,,,,,
2013-12-11,Z1F1BXB3,ST3000DM001,3000592982016,0,,7288952,,,,,,,,0,,,,,,8499,,,,,,,,,,,,,,,,,,,,,,,,,,,,,,24,,,,,,0,,,,,,,,,,,,,,,,,,,,,,,,,,,,
2013-12-11,Z1Z059JQ,ST4000DX000,4000787030016,0,,44336351,,,,,,,,0,,,,,,5378,,,,,,,,,,,,,,,,,,,,,,,,,,,,,,27,,,,,,0,,,,,,,,,,,,,,,,,,,,,,,,,,,,
2013-12-11,5XW18JA7,ST32000542AS,2000398934016,0,,1024610,,,,,,,,0,,,,,,13014,,,,,,,,,,,,,,,,,,,,,,,,,,,,,,25,,,,,,0,,,,,,,,,,,,,,,,,,,,,,,,,,,,
2013-12-11,MJ0351YNG9TNSA,Hitachi HDS5C3030ALA630,3000592982016,0,,0,,,,,,,,0,,,,,,9973,,,,,,,,,,,,,,,,,,,,,,,,,,,,,,26,,,,,,0,,,,,,,,,,,,,,,,,,,,,,,,,,,,
2013-12-11,WD-WMC1T0881847,WDC WD30EFRX,3000592982016,0,,0,,,,,,,,0,,,,,,8840,,,,,,,,,,,,,,,,,,,,,,,,,,,,,,26,,,,,,0,,,,,,,,,,,,,,,,,,,,,,,,,,,,
2013-12-11,JK11A8B9J0AG6F,Hitachi HDS722020ALA330,2000398934016,0,,2,,,,,,,,0,,,,,,23822,,,,,,,,,,,,,,,,,,,,,,,,,,,,,,37,,,,,,0,,,,,,,,,,,,,,,,,,,,,,,,,,,,
2013-12-11,JK11A8B9J72NKF,Hitachi HDS722020ALA330,2000398934016,0,,21,,,,,,,,0,,,,,,22685,,,,,,,,,,,,,,,,,,,,,,,,,,,,,,25,,,,,,0,,,,,,,,,,,,,,,,,,,,,,,,,,,,
2013-12-11,W1F0A4NB,ST3000DM001,3000592982016,0,,183204304,,,,,,,,0,,,,,,13346,,,,,,,,,,,,,,,,,,,,,,,,,,,,,,27,,,,,,0,,,,,,,,,,,,,,,,,,,,,,,,,,,,
2013-12-11,JK1104B8GEV3YW,Hitachi HDS722020ALA330,2000398934016,0,,0,,,,,,,,0,,,,,,27543,,,,,,,,,,,,,,,,,,,,,,,,,,,,,,22,,,,,,0,,,,,,,,,,,,,,,,,,,,,,,,,,,,
2013-12-11,9VS1JPCZ,ST31500341AS,1500301910016,0,,140528089,,,,,,,,6,,,,,,40409,,,,,,,,,,,,,,,,,,,,,,,,,,,,,,32,,,,,,0,,,,,,,,,,,,,,,,,,,,,,,,,,,,
2013-12-11,W300908X,ST4000DM000,4000787030016,0,,132022456,,,,,,,,0,,,,,,4165,,,,,,,,,,,,,,,,,,,,,,,,,,,,,,23,,,,,,0,,,,,,,,,,,,,,,,,,,,,,,,,,,,
2013-12-11,PL1311LAG3B45H,Hitachi HDS5C4040ALE630,4000787030016,0,,0,,,,,,,,0,,,,,,5670,,,,,,,,,,,,,,,,,,,,,,,,,,,,,,18,,,,,,0,,,,,,,,,,,,,,,,,,,,,,,,,,,,
2013-12-11,JK1175YAHU2YHX,Hitachi HDS722020ALA330,2000398934016,0,,65536,,,,,,,,0,,,,,,30501,,,,,,,,,,,,,,,,,,,,,,,,,,,,,,32,,,,,,0,,,,,,,,,,,,,,,,,,,,,,,,,,,,
2013-12-11,PL1321LAG35NLH,Hitachi HDS5C4040ALE630,4000787030016,0,,0,,,,,,,,0,,,,,,5961,,,,,,,,,,,,,,,,,,,,,,,,,,,,,,21,,,,,,0,,,,,,,,,,,,,,,,,,,,,,,,,,,,
2013-12-11,PL1321LAGAVG6H,Hitachi HDS5C4040ALE630,4000787030016,0,,0,,,,,,,,0,,,,,,5075,,,,,,,,,,,,,,,,,,,,,,,,,,,,,,26,,,,,,0,,,,,,,,,,,,,,,,,,,,,,,,,,,,
2013-12-11,JK11A8B9J7EPVF,Hitachi HDS722020ALA330,2000398934016,0,,0,,,,,,,,0,,,,,,22686,,,,,,,,,,,,,,,,,,,,,,,,,,,,,,27,,,,,,0,,,,,,,,,,,,,,,,,,,,,,,,,,,,
2013-12-11,PL1311LAG29RYH,Hitachi HDS5C4040ALE630,4000787030016,0,,0,,,,,,,,0,,,,,,5958,,,,,,,,,,,,,,,,,,,,,,,,,,,,,,25,,,,,,0,,,,,,,,,,,,,,,,,,,,,,,,,,,,
2013-12-11,JK11A5B8HZ91LX,Hitachi HDS722020ALA330,2000398934016,0,,0,,,,,,,,0,,,,,,23636,,,,,,,,,,,,,,,,,,,,,,,,,,,,,,27,,,,,,0,,,,,,,,,,,,,,,,,,,,,,,,,,,,
2013-12-11,MJ0351YNGAAE2A,Hitachi HDS5C3030ALA630,3000592982016,0,,0,,,,,,,,0,,,,,,8505,,,,,,,,,,,,,,,,,,,,,,,,,,,,,,23,,,,,,0,,,,,,,,,,,,,,,,,,,,,,,,,,,,
2013-12-11,WD-WCAV5M828498,WDC WD10EADS,1000204886016,0,,0,,,,,,,,0,,,,,,1319,,,,,,,,,,,,,,,,,,,,,,,,,,,,,,33,,,,,,0,,,,,,,,,,,,,,,,,,,,,,,,,,,,
2013-12-11,MJ0351YNGA42UA,Hitachi HDS5C3030ALA630,3000592982016,0,,0,,,,,,,,0,,,,,,8615,,,,,,,,,,,,,,,,,,,,,,,,,,,,,,32,,,,,,0,,,,,,,,,,,,,,,,,,,,,,,,,,,,
2013-12-11,MK0313YHG882JC,Hitachi HDS723030ALA640,3000592982016,0,,917562,,,,,,,,0,,,,,,21462,,,,,,,,,,,,,,,,,,,,,,,,,,,,,,32,,,,,,0,,,,,,,,,,,,,,,,,,,,,,,,,,,,
2013-12-11,WD-WCAU47310048,WDC WD10EADS,1000204886016,0,,2,,,,,,,,0,,,,,,40547,,,,,,,,,,,,,,,,,,,,,,,,,,,,,,31,,,,,,0,,,,,,,,,,,,,,,,,,,,,,,,,,,,
2013-12-11,MJ0351YNGA6TDA,Hitachi HDS5C3030ALA630,3000592982016,0,,0,,,,,,,,0,,,,,,8056,,,,,,,,,,,,,,,,,,,,,,,,,,,,,,26,,,,,,0,,,,,,,,,,,,,,,,,,,,,,,,,,,,
2013-12-11,W3002NN9,ST4000DM000,4000787030016,0,,56274856,,,,,,,,0,,,,,,2244,,,,,,,,,,,,,,,,,,,,,,,,,,,,,,18,,,,,,0,,,,,,,,,,,,,,,,,,,,,,,,,,,,
2013-12-11,MJ0351YNG9WELA,Hitachi HDS5C3030ALA630,3000592982016,0,,0,,,,,,,,0,,,,,,8870,,,,,,,,,,,,,,,,,,,,,,,,,,,,,,28,,,,,,0,,,,,,,,,,,,,,,,,,,,,,,,,,,,
2013-12-11,WD-WCAU45640755,WDC WD10EADS,1000204886016,0,,23,,,,,,,,0,,,,,,40498,,,,,,,,,,,,,,,,,,,,,,,,,,,,,,29,,,,,,0,,,,,,,,,,,,,,,,,,,,,,,,,,,,
2013-12-11,JK11A8B9J895WF,Hitachi HDS722020ALA330,2000398934016,0,,0,,,,,,,,0,,,,,,26027,,,,,,,,,,,,,,,,,,,,,,,,,,,,,,27,,,,,,0,,,,,,,,,,,,,,,,,,,,,,,,,,,,
2013-12-11,Z290VYQT,ST33000651AS,3000592982016,0,,61131424,,,,,,,,0,,,,,,15915,,,,,,,,,,,,,,,,,,,,,,,,,,,,,,28,,,,,,0,,,,,,,,,,,,,,,,,,,,,,,,,,,,
2013-12-11,9XW00RB1,ST32000542AS,2000398934016,0,,49615535,,,,,,,,168,,,,,,13014,,,,,,,,,,,,,,,,,,,,,,,,,,,,,,21,,,,,,0,,,,,,,,,,,,,,,,,,,,,,,,,,,,
2013-12-11,MJ0351YNG9WJ6A,Hitachi HDS5C3030ALA630,3000592982016,0,,0,,,,,,,,0,,,,,,9552,,,,,,,,,,,,,,,,,,,,,,,,,,,,,,30,,,,,,0,,,,,,,,,,,,,,,,,,,,,,,,,,,,
2013-12-11,MJ0351YNGA143A,Hitachi HDS5C3030ALA630,3000592982016,0,,0,,,,,,,,0,,,,,,8615,,,,,,,,,,,,,,,,,,,,,,,,,,,,,,29,,,,,,0,,,,,,,,,,,,,,,,,,,,,,,,,,,,
2013-12-11,PL1311LAG2AYPH,Hitachi HDS5C4040ALE630,4000787030016,0,,0,,,,,,,,0,,,,,,7385,,,,,,,,,,,,,,,,,,,,,,,,,,,,,,28,,,,,,0,,,,,,,,,,,,,,,,,,,,,,,,,,,,
2013-12-11,WD-WCAU45644279,WDC WD10EADS,1000204886016,0,,1,,,,,,,,0,,,,,,41099,,,,,,,,,,,,,,,,,,,,,,,,,,,,,,22,,,,,,0,,,,,,,,,,,,,,,,,,,,,,,,,,,,
2013-12-11,PL1311LAG3E3SH,Hitachi HDS5C4040ALE630,4000787030016,0,,0,,,,,,,,0,,,,,,5302,,,,,,,,,,,,,,,,,,,,,,,,,,,,,,27,,,,,,0,,,,,,,,,,,,,,,,,,,,,,,,,,,,
2013-12-11,W1F1BFMS,ST3000DM001,3000592982016,0,,24321976,,,,,,,,0,,,,,,8205,,,,,,,,,,,,,,,,,,,,,,,,,,,,,,24,,,,,,0,,,,,,,,,,,,,,,,,,,,,,,,,,,,
2013-12-11,JK11A8B9J3W43F,Hitachi HDS722020ALA330,2000398934016,0,,131072,,,,,,,,9,,,,,,23320,,,,,,,,,,,,,,,,,,,,,,,,,,,,,,30,,,,,,0,,,,,,,,,,,,,,,,,,,,,,,,,,,,
2013-12-11,MJ1321YNG0MJ8A,Hitachi HDS5C3030ALA630,3000592982016,0,,393216,,,,,,,,0,,,,,,19763,,,,,,,,,,,,,,,,,,,,,,,,,,,,,,25,,,,,,0,,,,,,,,,,,,,,,,,,,,,,,,,,,,
2013-12-11,JK11A8B9GNLERF,Hitachi HDS722020ALA330,2000398934016,0,,0,,,,,,,,0,,,,,,23577,,,,,,,,,,,,,,,,,,,,,,,,,,,,,,25,,,,,,0,,,,,,,,,,,,,,,,,,,,,,,,,,,,
2013-12-11,W1F0TNLL,ST3000DM001,3000592982016,0,,217730400,,,,,,,,0,,,,,,10719,,,,,,,,,,,,,,,,,,,,,,,,,,,,,,25,,,,,,0,,,,,,,,,,,,,,,,,,,,,,,,,,,,
2013-12-11,W1F0ACHB,ST3000DM001,3000592982016,0,,113055600,,,,,,,,0,,,,,,12315,,,,,,,,,,,,,,,,,,,,,,,,,,,,,,30,,,,,,0,,,,,,,,,,,,,,,,,,,,,,,,,,,,
2013-12-11,MJ0351YNG9RG7A,Hitachi HDS5C3030ALA630,3000592982016,0,,0,,,,,,,,0,,,,,,8830,,,,,,,,,,,,,,,,,,,,,,,,,,,,,,30,,,,,,0,,,,,,,,,,,,,,,,,,,,,,,,,,,,
2013-12-11,MJ0351YNGA0WZA,Hitachi HDS5C3030ALA630,3000592982016,0,,0,,,,,,,,0,,,,,,10000,,,,,,,,,,,,,,,,,,,,,,,,,,,,,,33,,,,,,0,,,,,,,,,,,,,,,,,,,,,,,,,,,,
2013-12-11,MJ0351YNGA0NJA,Hitachi HDS5C3030ALA630,3000592982016,0,,0,,,,,,,,0,,,,,,9129,,,,,,,,,,,,,,,,,,,,,,,,,,,,,,28,,,,,,0,,,,,,,,,,,,,,,,,,,,,,,,,,,,
2013-12-11,MJ0351YNGA6RVA,Hitachi HDS5C3030ALA630,3000592982016,0,,0,,,,,,,,0,,,,,,8663,,,,,,,,,,,,,,,,,,,,,,,,,,,,,,27,,,,,,0,,,,,,,,,,,,,,,,,,,,,,,,,,,,
2013-12-11,JK11A8B9J7B36F,Hitachi HDS722020ALA330,2000398934016,0,,0,,,,,,,,0,,,,,,22702,,,,,,,,,,,,,,,,,,,,,,,,,,,,,,30,,,,,,0,,,,,,,,,,,,,,,,,,,,,,,,,,,,
2013-12-11,PL1311LAG3AVPH,Hitachi HDS5C4040ALE630,4000787030016,0,,0,,,,,,,,0,,,,,,5920,,,,,,,,,,,,,,,,,,,,,,,,,,,,,,21,,,,,,0,,,,,,,,,,,,,,,,,,,,,,,,,,,,
2013-12-11,W1F1335J,ST3000DM001,3000592982016,0,,64221344,,,,,,,,0,,,,,,8164,,,,,,,,,,,,,,,,,,,,,,,,,,,,,,28,,,,,,0,,,,,,,,,,,,,,,,,,,,,,,,,,,,
2013-12-11,PL1331LAGAUHRH,Hitachi HDS5C4040ALE630,4000787030016,0,,0,,,,,,,,0,,,,,,2981,,,,,,,,,,,,,,,,,,,,,,,,,,,,,,22,,,,,,0,,,,,,,,,,,,,,,,,,,,,,,,,,,,
2013-12-11,S1F0CE60,ST3000DM001,3000592982016,0,,234491448,,,,,,,,0,,,,,,6007,,,,,,,,,,,,,,,,,,,,,,,,,,,,,,25,,,,,,0,,,,,,,,,,,,,,,,,,,,,,,,,,,,
2013-12-11,PL1311LAG2BWNH,Hitachi HDS5C4040ALE630,4000787030016,0,,0,,,,,,,,0,,,,,,7401,,,,,,,,,,,,,,,,,,,,,,,,,,,,,,26,,,,,,0,,,,,,,,,,,,,,,,,,,,,,,,,,,,
2013-12-11,MJ0351YNG9YREA,Hitachi HDS5C3030ALA630,3000592982016,0,,0,,,,,,,,0,,,,,,9989,,,,,,,,,,,,,,,,,,,,,,,,,,,,,,25,,,,,,0,,,,,,,,,,,,,,,,,,,,,,,,,,,,
2013-12-11,MJ1311YNG7ESEA,Hitachi HDS5C3030ALA630,3000592982016,0,,0,,,,,,,,0,,,,,,14596,,,,,,,,,,,,,,,,,,,,,,,,,,,,,,25,,,,,,0,,,,,,,,,,,,,,,,,,,,,,,,,,,,
2013-12-11,W3005N87,ST4000DM000,4000787030016,0,,15449816,,,,,,,,0,,,,,,2901,,,,,,,,,,,,,,,,,,,,,,,,,,,,,,29,,,,,,0,,,,,,,,,,,,,,,,,,,,,,,,,,,,
2013-12-11,JK1101B8JMWZSZ,Hitachi HDS722020ALA330,2000398934016,0,,0,,,,,,,,0,,,,,,23988,,,,,,,,,,,,,,,,,,,,,,,,,,,,,,27,,,,,,0,,,,,,,,,,,,,,,,,,,,,,,,,,,,
2013-12-11,MK0311YHGKLXUA,Hitachi HDS723030ALA640,3000592982016,0,,0,,,,,,,,0,,,,,,21460,,,,,,,,,,,,,,,,,,,,,,,,,,,,,,25,,,,,,0,,,,,,,,,,,,,,,,,,,,,,,,,,,,
2013-12-11,W1F067V5,ST3000DM001,3000592982016,0,,61330960,,,,,,,,0,,,,,,10725,,,,,,,,,,,,,,,,,,,,,,,,,,,,,,20,,,,,,0,,,,,,,,,,,,,,,,,,,,,,,,,,,,
2013-12-11,S1F0LE2X,ST3000DM001,3000592982016,0,,119079720,,,,,,,,0,,,,,,11755,,,,,,,,,,,,,,,,,,,,,,,,,,,,,,29,,,,,,0,,,,,,,,,,,,,,,,,,,,,,,,,,,,
2013-12-11,S1F0TQ7R,ST3000DM001,3000592982016,0,,72572744,,,,,,,,0,,,,,,10500,,,,,,,,,,,,,,,,,,,,,,,,,,,,,,23,,,,,,0,,,,,,,,,,,,,,,,,,,,,,,,,,,,
2013-12-11,S1F0TQ7S,ST3000DM001,3000592982016,0,,122159344,,,,,,,,0,,,,,,10759,,,,,,,,,,,,,,,,,,,,,,,,,,,,,,25,,,,,,0,,,,,,,,,,,,,,,,,,,,,,,,,,,,
2013-12-11,W1F06RAW,ST3000DM001,3000592982016,0,,35171912,,,,,,,,0,,,,,,11601,,,,,,,,,,,,,,,,,,,,,,,,,,,,,,25,,,,,,0,,,,,,,,,,,,,,,,,,,,,,,,,,,,
2013-12-11,S1F0LE2R,ST3000DM001,3000592982016,0,,204128064,,,,,,,,0,,,,,,12180,,,,,,,,,,,,,,,,,,,,,,,,,,,,,,35,,,,,,0,,,,,,,,,,,,,,,,,,,,,,,,,,,,
2013-12-11,JK11A8B9J3UTYF,Hitachi HDS722020ALA330,2000398934016,0,,0,,,,,,,,0,,,,,,24544,,,,,,,,,,,,,,,,,,,,,,,,,,,,,,27,,,,,,0,,,,,,,,,,,,,,,,,,,,,,,,,,,,
2013-12-11,WD-WCAU42491159,WDC WD10EACS,1000204886016,0,,0,,,,,,,,0,,,,,,42836,,,,,,,,,,,,,,,,,,,,,,,,,,,,,,17,,,,,,0,,,,,,,,,,,,,,,,,,,,,,,,,,,,
2013-12-11,S1F0TQ70,ST3000DM001,3000592982016,0,,132000,,,,,,,,0,,,,,,10835,,,,,,,,,,,,,,,,,,,,,,,,,,,,,,36,,,,,,0,,,,,,,,,,,,,,,,,,,,,,,,,,,,
2013-12-11,S1F0HWXJ,ST3000DM001,3000592982016,0,,124231400,,,,,,,,0,,,,,,4380,,,,,,,,,,,,,,,,,,,,,,,,,,,,,,31,,,,,,0,,,,,,,,,,,,,,,,,,,,,,,,,,,,
2013-12-11,JK1130YAGK8HLT,Hitachi HDS722020ALA330,2000398934016,0,,0,,,,,,,,0,,,,,,21315,,,,,,,,,,,,,,,,,,,,,,,,,,,,,,25,,,,,,0,,,,,,,,,,,,,,,,,,,,,,,,,,,,
2013-12-11,6XW0QV14,ST31500541AS,1500301910016,0,,192623528,,,,,,,,0,,,,,,26350,,,,,,,,,,,,,,,,,,,,,,,,,,,,,,19,,,,,,0,,,,,,,,,,,,,,,,,,,,,,,,,,,,
2013-12-11,MJ1311YNG3K4PA,Hitachi HDS5C3030ALA630,3000592982016,0,,0,,,,,,,,0,,,,,,19253,,,,,,,,,,,,,,,,,,,,,,,,,,,,,,27,,,,,,0,,,,,,,,,,,,,,,,,,,,,,,,,,,,
2013-12-11,WD-WCATR2525283,WDC WD1001FALS,1000204886016,0,,0,,,,,,,,0,,,,,,9677,,,,,,,,,,,,,,,,,,,,,,,,,,,,,,26,,,,,,0,,,,,,,,,,,,,,,,,,,,,,,,,,,,
2013-12-11,JK1101B9JP7XMR,Hitachi HDS722020ALA330,2000398934016,0,,0,,,,,,,,0,,,,,,23586,,,,,,,,,,,,,,,,,,,,,,,,,,,,,,31,,,,,,0,,,,,,,,,,,,,,,,,,,,,,,,,,,,
2013-12-11,W300D70G,ST4000DM000,4000787030016,0,,240808632,,,,,,,,0,,,,,,909,,,,,,,,,,,,,,,,,,,,,,,,,,,,,,24,,,,,,0,,,,,,,,,,,,,,,,,,,,,,,,,,,,
2013-12-11,JK11A4B8J6XXXW,Hitachi HDS722020ALA330,2000398934016,0,,0,,,,,,,,0,,,,,,26025,,,,,,,,,,,,,,,,,,,,,,,,,,,,,,28,,,,,,0,,,,,,,,,,,,,,,,,,,,,,,,,,,,
2013-12-11,Z1Z03FTJ,ST4000DX000,4000787030016,0,,184989386,,,,,,,,0,,,,,,7130,,,,,,,,,,,,,,,,,,,,,,,,,,,,,,38,,,,,,0,,,,,,,,,,,,,,,,,,,,,,,,,,,,
2013-12-11,S1F0ARC5,ST3000DM001,3000592982016,0,,12438032,,,,,,,,0,,,,,,12345,,,,,,,,,,,,,,,,,,,,,,,,,,,,,,25,,,,,,0,,,,,,,,,,,,,,,,,,,,,,,,,,,,
2013-12-11,MJ1313YNG1EA1C,Hitachi HDS5C3030ALA630,3000592982016,0,,0,,,,,,,,0,,,,,,18592,,,,,,,,,,,,,,,,,,,,,,,,,,,,,,24,,,,,,0,,,,,,,,,,,,,,,,,,,,,,,,,,,,
2013-12-11,S1F0CTM2,ST3000DM001,3000592982016,0,,80826984,,,,,,,,0,,,,,,12839,,,,,,,,,,,,,,,,,,,,,,,,,,,,,,31,,,,,,0,,,,,,,,,,,,,,,,,,,,,,,,,,,,
2013-12-11,5XW0WJSS,ST31500541AS,1500301910016,0,,183250239,,,,,,,,0,,,,,,13443,,,,,,,,,,,,,,,,,,,,,,,,,,,,,,21,,,,,,0,,,,,,,,,,,,,,,,,,,,,,,,,,,,
2013-12-11,W3006NK4,ST4000DM000,4000787030016,0,,112915952,,,,,,,,0,,,,,,2902,,,,,,,,,,,,,,,,,,,,,,,,,,,,,,29,,,,,,0,,,,,,,,,,,,,,,,,,,,,,,,,,,,
2013-12-11,MJ0351YNGA616A,Hitachi HDS5C3030ALA630,3000592982016,0,,0,,,,,,,,0,,,,,,9163,,,,,,,,,,,,,,,,,,,,,,,,,,,,,,28,,,,,,0,,,,,,,,,,,,,,,,,,,,,,,,,,,,
2013-12-11,W3006NKQ,ST4000DM000,4000787030016,0,,239722200,,,,,,,,0,,,,,,2844,,,,,,,,,,,,,,,,,,,,,,,,,,,,,,24,,,,,,0,,,,,,,,,,,,,,,,,,,,,,,,,,,,
2013-12-11,MJ0351YNG9YLLA,Hitachi HDS5C3030ALA630,3000592982016,0,,0,,,,,,,,0,,,,,,9525,,,,,,,,,,,,,,,,,,,,,,,,,,,,,,32,,,,,,0,,,,,,,,,,,,,,,,,,,,,,,,,,,,
2013-12-11,PL1321LAG2YY9H,Hitachi HDS5C4040ALE630,4000787030016,0,,0,,,,,,,,0,,,,,,6652,,,,,,,,,,,,,,,,,,,,,,,,,,,,,,25,,,,,,0,,,,,,,,,,,,,,,,,,,,,,,,,,,,
2013-12-11,S1F0CTMQ,ST3000DM001,3000592982016,0,,225506816,,,,,,,,0,,,,,,12395,,,,,,,,,,,,,,,,,,,,,,,,,,,,,,25,,,,,,0,,,,,,,,,,,,,,,,,,,,,,,,,,,,
2013-12-11,JK1101YAK90VLV,Hitachi HDS722020ALA330,2000398934016,0,,0,,,,,,,,0,,,,,,29654,,,,,,,,,,,,,,,,,,,,,,,,,,,,,,29,,,,,,0,,,,,,,,,,,,,,,,,,,,,,,,,,,,
2013-12-11,PL1301LAG2VL6A,Hitachi HDS5C4040ALE630,4000787030016,0,,0,,,,,,,,0,,,,,,5139,,,,,,,,,,,,,,,,,,,,,,,,,,,,,,28,,,,,,0,,,,,,,,,,,,,,,,,,,,,,,,,,,,
2013-12-11,PL1331LAGAK4NH,Hitachi HDS5C4040ALE630,4000787030016,0,,0,,,,,,,,0,,,,,,5074,,,,,,,,,,,,,,,,,,,,,,,,,,,,,,26,,,,,,0,,,,,,,,,,,,,,,,,,,,,,,,,,,,
2013-12-11,Z1F0QH9C,ST3000DM001,3000592982016,0,,96228456,,,,,,,,0,,,,,,11026,,,,,,,,,,,,,,,,,,,,,,,,,,,,,,24,,,,,,0,,,,,,,,,,,,,,,,,,,,,,,,,,,,
2013-12-11,MJ1311YNG6BK5A,Hitachi HDS5C3030ALA630,3000592982016,0,,0,,,,,,,,0,,,,,,14685,,,,,,,,,,,,,,,,,,,,,,,,,,,,,,19,,,,,,0,,,,,,,,,,,,,,,,,,,,,,,,,,,,
2013-12-11,MJ0351YNGABUPA,Hitachi HDS5C3030ALA630,3000592982016,0,,0,,,,,,,,0,,,,,,7989,,,,,,,,,,,,,,,,,,,,,,,,,,,,,,25,,,,,,0,,,,,,,,,,,,,,,,,,,,,,,,,,,,
2013-12-11,MJ1311YNG31MXA,Hitachi HDS5C3030ALA630,3000592982016,0,,10,,,,,,,,0,,,,,,18386,,,,,,,,,,,,,,,,,,,,,,,,,,,,,,20,,,,,,0,,,,,,,,,,,,,,,,,,,,,,,,,,,,
2013-12-11,Z300PAPT,ST4000DM000,4000787030016,0,,126422896,,,,,,,,0,,,,,,1231,,,,,,,,,,,,,,,,,,,,,,,,,,,,,,18,,,,,,0,,,,,,,,,,,,,,,,,,,,,,,,,,,,
2013-12-11,JK11A8B9J95ZDF,Hitachi HDS722020ALA330,2000398934016,0,,0,,,,,,,,0,,,,,,25539,,,,,,,,,,,,,,,,,,,,,,,,,,,,,,27,,,,,,0,,,,,,,,,,,,,,,,,,,,,,,,,,,,
2013-12-11,MJ1311YNG5H65A,Hitachi HDS5C3030ALA630,3000592982016,0,,0,,,,,,,,0,,,,,,14601,,,,,,,,,,,,,,,,,,,,,,,,,,,,,,22,,,,,,0,,,,,,,,,,,,,,,,,,,,,,,,,,,,
2013-12-11,JK1105B8GHWJZX,Hitachi HDS722020ALA330,2000398934016,0,,0,,,,,,,,7,,,,,,27160,,,,,,,,,,,,,,,,,,,,,,,,,,,,,,29,,,,,,0,,,,,,,,,,,,,,,,,,,,,,,,,,,,
2013-12-11,W1F09WSY,ST3000DM001,3000592982016,0,,180438256,,,,,,,,0,,,,,,15367,,,,,,,,,,,,,,,,,,,,,,,,,,,,,,23,,,,,,0,,,,,,,,,,,,,,,,,,,,,,,,,,,,
2013-12-11,MJ1311YNG4HD0A,Hitachi HDS5C3030ALA630,3000592982016,0,,0,,,,,,,,0,,,,,,14330,,,,,,,,,,,,,,,,,,,,,,,,,,,,,,33,,,,,,0,,,,,,,,,,,,,,,,,,,,,,,,,,,,
2013-12-11,Z300PAP9,ST4000DM000,4000787030016,0,,4133536,,,,,,,,0,,,,,,1226,,,,,,,,,,,,,,,,,,,,,,,,,,,,,,23,,,,,,0,,,,,,,,,,,,,,,,,,,,,,,,,,,,
2013-12-11,Z290LHJ6,ST33000651AS,3000592982016,0,,83717718,,,,,,,,0,,,,,,17050,,,,,,,,,,,,,,,,,,,,,,,,,,,,,,23,,,,,,0,,,,,,,,,,,,,,,,,,,,,,,,,,,,
2013-12-11,WD-WMC1T0747015,WDC WD30EFRX,3000592982016,0,,0,,,,,,,,0,,,,,,8840,,,,,,,,,,,,,,,,,,,,,,,,,,,,,,26,,,,,,0,,,,,,,,,,,,,,,,,,,,,,,,,,,,
2013-12-11,PL1321LAG2STZH,Hitachi HDS5C4040ALE630,4000787030016,0,,0,,,,,,,,0,,,,,,5958,,,,,,,,,,,,,,,,,,,,,,,,,,,,,,25,,,,,,0,,,,,,,,,,,,,,,,,,,,,,,,,,,,
2013-12-11,MJ0351YNGAA07A,Hitachi HDS5C3030ALA630,3000592982016,0,,0,,,,,,,,0,,,,,,8214,,,,,,,,,,,,,,,,,,,,,,,,,,,,,,26,,,,,,0,,,,,,,,,,,,,,,,,,,,,,,,,,,,
2013-12-11,W300L07S,ST4000DM000,4000787030016,0,,29019032,,,,,,,,0,,,,,,772,,,,,,,,,,,,,,,,,,,,,,,,,,,,,,22,,,,,,0,,,,,,,,,,,,,,,,,,,,,,,,,,,,
2013-12-11,JK1105B8JS0N8X,Hitachi HDS722020ALA330,2000398934016,0,,0,,,,,,,,0,,,,,,22301,,,,,,,,,,,,,,,,,,,,,,,,,,,,,,27,,,,,,0,,,,,,,,,,,,,,,,,,,,,,,,,,,,
2013-12-11,5XW03HX4,ST31500541AS,1500301910016,0,,146713691,,,,,,,,0,,,,,,36450,,,,,,,,,,,,,,,,,,,,,,,,,,,,,,16,,,,,,0,,,,,,,,,,,,,,,,,,,,,,,,,,,,
2013-12-11,W300L07X,ST4000DM000,4000787030016,0,,114294832,,,,,,,,0,,,,,,772,,,,,,,,,,,,,,,,,,,,,,,,,,,,,,22,,,,,,0,,,,,,,,,,,,,,,,,,,,,,,,,,,,
2013-12-11,JK11A8B9J4J6SF,Hitachi HDS722020ALA330,2000398934016,0,,0,,,,,,,,0,,,,,,25541,,,,,,,,,,,,,,,,,,,,,,,,,,,,,,27,,,,,,0,,,,,,,,,,,,,,,,,,,,,,,,,,,,
2013-12-11,W1F03SYF,ST3000DM001,3000592982016,0,,201497848,,,,,,,,0,,,,,,17065,,,,,,,,,,,,,,,,,,,,,,,,,,,,,,26,,,,,,0,,,,,,,,,,,,,,,,,,,,,,,,,,,,
2013-12-11,S1F0T0P7,ST3000DM001,3000592982016,0,,29793792,,,,,,,,0,,,,,,10760,,,,,,,,,,,,,,,,,,,,,,,,,,,,,,26,,,,,,0,,,,,,,,,,,,,,,,,,,,,,,,,,,,
2013-12-11,Z300JD0X,ST4000DM000,4000787030016,0,,145722320,,,,,,,,0,,,,,,2241,,,,,,,,,,,,,,,,,,,,,,,,,,,,,,21,,,,,,0,,,,,,,,,,,,,,,,,,,,,,,,,,,,
2013-12-11,JK1105B8GEUKXX,Hitachi HDS722020ALA330,2000398934016,0,,0,,,,,,,,0,,,,,,26858,,,,,,,,,,,,,,,,,,,,,,,,,,,,,,26,,,,,,0,,,,,,,,,,,,,,,,,,,,,,,,,,,,
2013-12-11,MJ1311YNG2XY8A,Hitachi HDS5C3030ALA630,3000592982016,0,,0,,,,,,,,0,,,,,,18200,,,,,,,,,,,,,,,,,,,,,,,,,,,,,,28,,,,,,0,,,,,,,,,,,,,,,,,,,,,,,,,,,,
2013-12-11,PL1311LAG38LRH,Hitachi HDS5C4040ALE630,4000787030016,0,,0,,,,,,,,0,,,,,,5302,,,,,,,,,,,,,,,,,,,,,,,,,,,,,,27,,,,,,0,,,,,,,,,,,,,,,,,,,,,,,,,,,,
2013-12-11,6XW0ZYMB,ST31500541AS,1500301910016,0,,119961496,,,,,,,,0,,,,,,19629,,,,,,,,,,,,,,,,,,,,,,,,,,,,,,24,,,,,,0,,,,,,,,,,,,,,,,,,,,,,,,,,,,
2013-12-11,5XW038YF,ST31500541AS,1500301910016,0,,235462161,,,,,,,,972,,,,,,35227,,,,,,,,,,,,,,,,,,,,,,,,,,,,,,20,,,,,,0,,,,,,,,,,,,,,,,,,,,,,,,,,,,
2013-12-11,Z1F0LDQX,ST3000DM001,3000592982016,0,,91466256,,,,,,,,29008,,,,,,11699,,,,,,,,,,,,,,,,,,,,,,,,,,,,,,28,,,,,,48,,,,,,,,,,,,,,,,,,,,,,,,,,,,
2013-12-11,JK1101B9KNELHF,Hitachi HDS722020ALA330,2000398934016,0,,0,,,,,,,,0,,,,,,23075,,,,,,,,,,,,,,,,,,,,,,,,,,,,,,32,,,,,,0,,,,,,,,,,,,,,,,,,,,,,,,,,,,
2013-12-11,JK11A8B9J7BMMF,Hitachi HDS722020ALA330,2000398934016,0,,0,,,,,,,,0,,,,,,23580,,,,,,,,,,,,,,,,,,,,,,,,,,,,,,29,,,,,,0,,,,,,,,,,,,,,,,,,,,,,,,,,,,
2013-12-11,5XW03BSD,ST31500541AS,1500301910016,0,,168166048,,,,,,,,0,,,,,,37434,,,,,,,,,,,,,,,,,,,,,,,,,,,,,,25,,,,,,0,,,,,,,,,,,,,,,,,,,,,,,,,,,,
2013-12-11,MJ1311YNG1AUXA,Hitachi HDS5C3030ALA630,3000592982016,0,,0,,,,,,,,0,,,,,,20498,,,,,,,,,,,,,,,,,,,,,,,,,,,,,,31,,,,,,0,,,,,,,,,,,,,,,,,,,,,,,,,,,,
2013-12-11,JK1101B9J39BEF,Hitachi HDS722020ALA330,2000398934016,0,,0,,,,,,,,0,,,,,,23105,,,,,,,,,,,,,,,,,,,,,,,,,,,,,,22,,,,,,0,,,,,,,,,,,,,,,,,,,,,,,,,,,,
2013-12-11,MJ1311YNG7KTLA,Hitachi HDS5C3030ALA630,3000592982016,0,,0,,,,,,,,0,,,,,,14624,,,,,,,,,,,,,,,,,,,,,,,,,,,,,,25,,,,,,0,,,,,,,,,,,,,,,,,,,,,,,,,,,,
2013-12-11,WD-WMC1T3156439,WDC WD30EFRX,3000592982016,0,,0,,,,,,,,0,,,,,,1829,,,,,,,,,,,,,,,,,,,,,,,,,,,,,,28,,,,,,0,,,,,,,,,,,,,,,,,,,,,,,,,,,,
2013-12-11,W300L073,ST4000DM000,4000787030016,0,,194498872,,,,,,,,0,,,,,,909,,,,,,,,,,,,,,,,,,,,,,,,,,,,,,20,,,,,,0,,,,,,,,,,,,,,,,,,,,,,,,,,,,
2013-12-11,WD-WCC1T1247371,WDC WD30EFRX,3000592982016,0,,0,,,,,,,,0,,,,,,1306,,,,,,,,,,,,,,,,,,,,,,,,,,,,,,27,,,,,,0,,,,,,,,,,,,,,,,,,,,,,,,,,,,
2013-12-11,MJ0351YNGAD1KA,Hitachi HDS5C3030ALA630,3000592982016,0,,0,,,,,,,,0,,,,,,7986,,,,,,,,,,,,,,,,,,,,,,,,,,,,,,30,,,,,,0,,,,,,,,,,,,,,,,,,,,,,,,,,,,
2013-12-11,Z300VBEX,ST4000DM000,4000787030016,0,,227668480,,,,,,,,0,,,,,,799,,,,,,,,,,,,,,,,,,,,,,,,,,,,,,21,,,,,,0,,,,,,,,,,,,,,,,,,,,,,,,,,,,
2013-12-11,JK2171B9J0NRLL,Hitachi HDS722020ALA330,2000398934016,0,,0,,,,,,,,0,,,,,,26010,,,,,,,,,,,,,,,,,,,,,,,,,,,,,,28,,,,,,0,,,,,,,,,,,,,,,,,,,,,,,,,,,,
2013-12-11,JK11A8B9J7HHHF,Hitachi HDS722020ALA330,2000398934016,0,,0,,,,,,,,0,,,,,,25539,,,,,,,,,,,,,,,,,,,,,,,,,,,,,,29,,,,,,0,,,,,,,,,,,,,,,,,,,,,,,,,,,,
2013-12-11,JK11A8B9J84RAF,Hitachi HDS722020ALA330,2000398934016,0,,0,,,,,,,,0,,,,,,25123,,,,,,,,,,,,,,,,,,,,,,,,,,,,,,29,,,,,,0,,,,,,,,,,,,,,,,,,,,,,,,,,,,
2013-12-11,W300C8KK,ST4000DM000,4000787030016,0,,210597104,,,,,,,,0,,,,,,4140,,,,,,,,,,,,,,,,,,,,,,,,,,,,,,23,,,,,,0,,,,,,,,,,,,,,,,,,,,,,,,,,,,
2013-12-11,6XW0AA6M,ST31500541AS,1500301910016,0,,75190454,,,,,,,,0,,,,,,32232,,,,,,,,,,,,,,,,,,,,,,,,,,,,,,25,,,,,,0,,,,,,,,,,,,,,,,,,,,,,,,,,,,
2013-12-11,JK1101B9GEGMLT,Hitachi HDS722020ALA330,2000398934016,0,,2,,,,,,,,0,,,,,,27487,,,,,,,,,,,,,,,,,,,,,,,,,,,,,,27,,,,,,0,,,,,,,,,,,,,,,,,,,,,,,,,,,,
2013-12-11,W1F0JXDL,ST3000DM001,3000592982016,0,,134305040,,,,,,,,0,,,,,,12156,,,,,,,,,,,,,,,,,,,,,,,,,,,,,,28,,,,,,0,,,,,,,,,,,,,,,,,,,,,,,,,,,,
2013-12-11,5XW02Z9K,ST31500541AS,1500301910016,0,,182951101,,,,,,,,0,,,,,,36962,,,,,,,,,,,,,,,,,,,,,,,,,,,,,,22,,,,,,0,,,,,,,,,,,,,,,,,,,,,,,,,,,,
2013-12-11,JK2171B9J0H8NL,Hitachi HDS722020ALA330,2000398934016,0,,65537,,,,,,,,0,,,,,,26010,,,,,,,,,,,,,,,,,,,,,,,,,,,,,,28,,,,,,0,,,,,,,,,,,,,,,,,,,,,,,,,,,,
2013-12-11,5XW1ZJMR,ST32000542AS,2000398934016,0,,176319520,,,,,,,,0,,,,,,7228,,,,,,,,,,,,,,,,,,,,,,,,,,,,,,26,,,,,,0,,,,,,,,,,,,,,,,,,,,,,,,,,,,
2013-12-11,W300BWNZ,ST4000DM000,4000787030016,0,,222841264,,,,,,,,0,,,,,,4187,,,,,,,,,,,,,,,,,,,,,,,,,,,,,,30,,,,,,0,,,,,,,,,,,,,,,,,,,,,,,,,,,,
2013-12-11,MJ0351YNGA6W4A,Hitachi HDS5C3030ALA630,3000592982016,0,,0,,,,,,,,0,,,,,,8659,,,,,,,,,,,,,,,,,,,,,,,,,,,,,,30,,,,,,0,,,,,,,,,,,,,,,,,,,,,,,,,,,,
2013-12-11,S1F0LCVC,ST3000DM001,3000592982016,0,,103307072,,,,,,,,0,,,,,,12025,,,,,,,,,,,,,,,,,,,,,,,,,,,,,,29,,,,,,0,,,,,,,,,,,,,,,,,,,,,,,,,,,,
2013-12-11,PL1311LAG23J7A,Hitachi HDS5C4040ALE630,4000787030016,0,,0,,,,,,,,0,,,,,,7402,,,,,,,,,,,,,,,,,,,,,,,,,,,,,,23,,,,,,0,,,,,,,,,,,,,,,,,,,,,,,,,,,,
2013-12-11,S1F0QZYJ,ST3000DM001,3000592982016,0,,74443400,,,,,,,,0,,,,,,11688,,,,,,,,,,,,,,,,,,,,,,,,,,,,,,26,,,,,,0,,,,,,,,,,,,,,,,,,,,,,,,,,,,
2013-12-11,PL1311LAG21HTA,Hitachi HDS5C4040ALE630,4000787030016,0,,0,,,,,,,,0,,,,,,7461,,,,,,,,,,,,,,,,,,,,,,,,,,,,,,28,,,,,,0,,,,,,,,,,,,,,,,,,,,,,,,,,,,
2013-12-11,W1F08D6C,ST3000DM001,3000592982016,0,,190732632,,,,,,,,0,,,,,,16190,,,,,,,,,,,,,,,,,,,,,,,,,,,,,,23,,,,,,0,,,,,,,,,,,,,,,,,,,,,,,,,,,,
2013-12-11,W300BPZ8,ST4000DM000,4000787030016,0,,115365064,,,,,,,,0,,,,,,4138,,,,,,,,,,,,,,,,,,,,,,,,,,,,,,24,,,,,,0,,,,,,,,,,,,,,,,,,,,,,,,,,,,
2013-12-11,S1F0RQYP,ST3000DM001,3000592982016,0,,163028824,,,,,,,,0,,,,,,10837,,,,,,,,,,,,,,,,,,,,,,,,,,,,,,29,,,,,,0,,,,,,,,,,,,,,,,,,,,,,,,,,,,
2013-12-11,MJ1321YNG0NP0A,Hitachi HDS5C3030ALA630,3000592982016,0,,0,,,,,,,,0,,,,,,9077,,,,,,,,,,,,,,,,,,,,,,,,,,,,,,26,,,,,,0,,,,,,,,,,,,,,,,,,,,,,,,,,,,
2013-12-11,JK11A8YBKYURZF,Hitachi HDS722020ALA330,2000398934016,0,,2,,,,,,,,0,,,,,,27871,,,,,,,,,,,,,,,,,,,,,,,,,,,,,,25,,,,,,0,,,,,,,,,,,,,,,,,,,,,,,,,,,,
2013-12-11,MJ1311YNG3G3ZA,Hitachi HDS5C3030ALA630,3000592982016,0,,0,,,,,,,,0,,,,,,19373,,,,,,,,,,,,,,,,,,,,,,,,,,,,,,26,,,,,,0,,,,,,,,,,,,,,,,,,,,,,,,,,,,
2013-12-11,PL1321LAG361ZH,Hitachi HDS5C4040ALE630,4000787030016,0,,0,,,,,,,,0,,,,,,5958,,,,,,,,,,,,,,,,,,,,,,,,,,,,,,24,,,,,,0,,,,,,,,,,,,,,,,,,,,,,,,,,,,
2013-12-11,W300BN18,ST4000DM000,4000787030016,0,,194523304,,,,,,,,0,,,,,,3586,,,,,,,,,,,,,,,,,,,,,,,,,,,,,,23,,,,,,0,,,,,,,,,,,,,,,,,,,,,,,,,,,,
2013-12-11,PL1311LAG3AY3H,Hitachi HDS5C4040ALE630,4000787030016,0,,0,,,,,,,,0,,,,,,6993,,,,,,,,,,,,,,,,,,,,,,,,,,,,,,21,,,,,,0,,,,,,,,,,,,,,,,,,,,,,,,,,,,
2013-12-11,PL1311LAG3DWUH,Hitachi HDS5C4040ALE630,4000787030016,0,,0,,,,,,,,0,,,,,,5036,,,,,,,,,,,,,,,,,,,,,,,,,,,,,,27,,,,,,0,,,,,,,,,,,,,,,,,,,,,,,,,,,,
2013-12-11,9XW0CXPW,ST32000542AS,2000398934016,0,,184776783,,,,,,,,421,,,,,,11047,,,,,,,,,,,,,,,,,,,,,,,,,,,,,,18,,,,,,0,,,,,,,,,,,,,,,,,,,,,,,,,,,,
2013-12-11,6XW03AC6,ST31500541AS,1500301910016,0,,229832265,,,,,,,,0,,,,,,37443,,,,,,,,,,,,,,,,,,,,,,,,,,,,,,21,,,,,,0,,,,,,,,,,,,,,,,,,,,,,,,,,,,
2013-12-11,9XK0QHN1,ST33000651AS,3000592982016,0,,215642853,,,,,,,,0,,,,,,18074,,,,,,,,,,,,,,,,,,,,,,,,,,,,,,24,,,,,,0,,,,,,,,,,,,,,,,,,,,,,,,,,,,
2013-12-11,MJ0351YNGA6ARA,Hitachi HDS5C3030ALA630,3000592982016,0,,0,,,,,,,,0,,,,,,8641,,,,,,,,,,,,,,,,,,,,,,,,,,,,,,26,,,,,,0,,,,,,,,,,,,,,,,,,,,,,,,,,,,
2013-12-11,W1F0M492,ST3000DM001,3000592982016,0,,28775960,,,,,,,,0,,,,,,11611,,,,,,,,,,,,,,,,,,,,,,,,,,,,,,32,,,,,,0,,,,,,,,,,,,,,,,,,,,,,,,,,,,
2013-12-11,MJ0351YNGA6LVA,Hitachi HDS5C3030ALA630,3000592982016,0,,0,,,,,,,,0,,,,,,8661,,,,,,,,,,,,,,,,,,,,,,,,,,,,,,29,,,,,,0,,,,,,,,,,,,,,,,,,,,,,,,,,,,
2013-12-11,Z1Z03EWL,ST4000DX000,4000787030016,0,,119078520,,,,,,,,0,,,,,,7132,,,,,,,,,,,,,,,,,,,,,,,,,,,,,,38,,,,,,0,,,,,,,,,,,,,,,,,,,,,,,,,,,,
2013-12-11,JK1105B8GGL95X,Hitachi HDS722020ALA330,2000398934016,0,,0,,,,,,,,0,,,,,,26858,,,,,,,,,,,,,,,,,,,,,,,,,,,,,,28,,,,,,0,,,,,,,,,,,,,,,,,,,,,,,,,,,,
2013-12-11,W1F0952V,ST3000DM001,3000592982016,0,,145148224,,,,,,,,0,,,,,,13371,,,,,,,,,,,,,,,,,,,,,,,,,,,,,,22,,,,,,0,,,,,,,,,,,,,,,,,,,,,,,,,,,,
2013-12-11,PL1321LAG35GWH,Hitachi HDS5C4040ALE630,4000787030016,0,,0,,,,,,,,0,,,,,,5056,,,,,,,,,,,,,,,,,,,,,,,,,,,,,,31,,,,,,0,,,,,,,,,,,,,,,,,,,,,,,,,,,,
2013-12-11,WD-WCC1T1247982,WDC WD30EFRX,3000592982016,0,,0,,,,,,,,0,,,,,,1306,,,,,,,,,,,,,,,,,,,,,,,,,,,,,,29,,,,,,0,,,,,,,,,,,,,,,,,,,,,,,,,,,,
2013-12-11,MJ1311YNG0HKWA,Hitachi HDS5C3030ALA630,3000592982016,0,,0,,,,,,,,0,,,,,,20498,,,,,,,,,,,,,,,,,,,,,,,,,,,,,,31,,,,,,0,,,,,,,,,,,,,,,,,,,,,,,,,,,,
2013-12-11,WD-WCAU45403344,WDC WD10EADS,1000204886016,0,,5,,,,,,,,0,,,,,,41363,,,,,,,,,,,,,,,,,,,,,,,,,,,,,,28,,,,,,0,,,,,,,,,,,,,,,,,,,,,,,,,,,,
2013-12-11,Z1F0L5JQ,ST3000DM001,3000592982016,0,,243681464,,,,,,,,0,,,,,,12169,,,,,,,,,,,,,,,,,,,,,,,,,,,,,,27,,,,,,0,,,,,,,,,,,,,,,,,,,,,,,,,,,,
2013-12-11,MJ1321YNG0NJZA,Hitachi HDS5C3030ALA630,3000592982016,0,,458752,,,,,,,,0,,,,,,20507,,,,,,,,,,,,,,,,,,,,,,,,,,,,,,23,,,,,,0,,,,,,,,,,,,,,,,,,,,,,,,,,,,
2013-12-11,W300BN1L,ST4000DM000,4000787030016,0,,54788808,,,,,,,,0,,,,,,3611,,,,,,,,,,,,,,,,,,,,,,,,,,,,,,23,,,,,,0,,,,,,,,,,,,,,,,,,,,,,,,,,,,
2013-12-11,Z1F0LWPT,ST3000DM001,3000592982016,0,,59416792,,,,,,,,0,,,,,,12170,,,,,,,,,,,,,,,,,,,,,,,,,,,,,,21,,,,,,0,,,,,,,,,,,,,,,,,,,,,,,,,,,,
2013-12-11,Z300KGJN,ST4000DM000,4000787030016,0,,198463904,,,,,,,,0,,,,,,1445,,,,,,,,,,,,,,,,,,,,,,,,,,,,,,25,,,,,,0,,,,,,,,,,,,,,,,,,,,,,,,,,,,
2013-12-11,PL1311LAG2B9ZH,Hitachi HDS5C4040ALE630,4000787030016,0,,0,,,,,,,,0,,,,,,7419,,,,,,,,,,,,,,,,,,,,,,,,,,,,,,23,,,,,,0,,,,,,,,,,,,,,,,,,,,,,,,,,,,
2013-12-11,PL1321LAGB3AGH,Hitachi HDS5C4040ALE630,4000787030016,0,,0,,,,,,,,0,,,,,,5074,,,,,,,,,,,,,,,,,,,,,,,,,,,,,,27,,,,,,0,,,,,,,,,,,,,,,,,,,,,,,,,,,,
2013-12-11,JK11A8B9J35B1F,Hitachi HDS722020ALA330,2000398934016,0,,0,,,,,,,,0,,,,,,23636,,,,,,,,,,,,,,,,,,,,,,,,,,,,,,29,,,,,,0,,,,,,,,,,,,,,,,,,,,,,,,,,,,
2013-12-11,W300BN1W,ST4000DM000,4000787030016,0,,44297648,,,,,,,,0,,,,,,3585,,,,,,,,,,,,,,,,,,,,,,,,,,,,,,19,,,,,,0,,,,,,,,,,,,,,,,,,,,,,,,,,,,
2013-12-11,W1F08R5W,ST3000DM001,3000592982016,0,,24942576,,,,,,,,896,,,,,,14726,,,,,,,,,,,,,,,,,,,,,,,,,,,,,,27,,,,,,0,,,,,,,,,,,,,,,,,,,,,,,,,,,,
2013-12-11,JK1104B8JRX2EW,Hitachi HDS722020ALA330,2000398934016,0,,0,,,,,,,,0,,,,,,23319,,,,,,,,,,,,,,,,,,,,,,,,,,,,,,30,,,,,,0,,,,,,,,,,,,,,,,,,,,,,,,,,,,
2013-12-11,S1F0BA0N,ST3000DM001,3000592982016,0,,66658096,,,,,,,,0,,,,,,12360,,,,,,,,,,,,,,,,,,,,,,,,,,,,,,21,,,,,,0,,,,,,,,,,,,,,,,,,,,,,,,,,,,
2013-12-11,JK11A8B9J3LMZF,Hitachi HDS722020ALA330,2000398934016,0,,0,,,,,,,,0,,,,,,23821,,,,,,,,,,,,,,,,,,,,,,,,,,,,,,37,,,,,,0,,,,,,,,,,,,,,,,,,,,,,,,,,,,
2013-12-11,JK1105B8GED0AX,Hitachi HDS722020ALA330,2000398934016,0,,65536,,,,,,,,0,,,,,,27160,,,,,,,,,,,,,,,,,,,,,,,,,,,,,,28,,,,,,0,,,,,,,,,,,,,,,,,,,,,,,,,,,,
2013-12-11,PL1311LAG167RA,Hitachi HDS5C4040ALE630,4000787030016,0,,0,,,,,,,,0,,,,,,7453,,,,,,,,,,,,,,,,,,,,,,,,,,,,,,21,,,,,,0,,,,,,,,,,,,,,,,,,,,,,,,,,,,
2013-12-11,JK11H1B9HHBD1R,Hitachi HDS722020ALA330,2000398934016,0,,0,,,,,,,,0,,,,,,21099,,,,,,,,,,,,,,,,,,,,,,,,,,,,,,28,,,,,,0,,,,,,,,,,,,,,,,,,,,,,,,,,,,
2013-12-11,Z300JE19,ST4000DM000,4000787030016,0,,201827936,,,,,,,,0,,,,,,2217,,,,,,,,,,,,,,,,,,,,,,,,,,,,,,21,,,,,,0,,,,,,,,,,,,,,,,,,,,,,,,,,,,
2013-12-11,S1F03427,ST3000DM001,3000592982016,0,,184846296,,,,,,,,0,,,,,,15578,,,,,,,,,,,,,,,,,,,,,,,,,,,,,,22,,,,,,0,,,,,,,,,,,,,,,,,,,,,,,,,,,,
2013-12-11,JK1104B8GBLESW,Hitachi HDS722020ALA330,2000398934016,0,,0,,,,,,,,0,,,,,,27487,,,,,,,,,,,,,,,,,,,,,,,,,,,,,,23,,,,,,0,,,,,,,,,,,,,,,,,,,,,,,,,,,,
2013-12-11,6XW05Z86,ST31500541AS,1500301910016,0,,17725398,,,,,,,,0,,,,,,37154,,,,,,,,,,,,,,,,,,,,,,,,,,,,,,22,,,,,,0,,,,,,,,,,,,,,,,,,,,,,,,,,,,
2013-12-11,9XW02Z1Z,ST31500541AS,1500301910016,0,,204350314,,,,,,,,0,,,,,,33340,,,,,,,,,,,,,,,,,,,,,,,,,,,,,,22,,,,,,0,,,,,,,,,,,,,,,,,,,,,,,,,,,,
2013-12-11,9VS23EMK,ST31500341AS,1500301910016,0,,50609773,,,,,,,,66,,,,,,38109,,,,,,,,,,,,,,,,,,,,,,,,,,,,,,20,,,,,,0,,,,,,,,,,,,,,,,,,,,,,,,,,,,
2013-12-11,5XW13HC4,ST31500541AS,1500301910016,0,,148669096,,,,,,,,0,,,,,,8710,,,,,,,,,,,,,,,,,,,,,,,,,,,,,,22,,,,,,0,,,,,,,,,,,,,,,,,,,,,,,,,,,,
2013-12-11,PL1311LAG3BSAH,Hitachi HDS5C4040ALE630,4000787030016,0,,0,,,,,,,,0,,,,,,5125,,,,,,,,,,,,,,,,,,,,,,,,,,,,,,29,,,,,,0,,,,,,,,,,,,,,,,,,,,,,,,,,,,
2013-12-11,W1F0C784,ST3000DM001,3000592982016,0,,163734520,,,,,,,,0,,,,,,12420,,,,,,,,,,,,,,,,,,,,,,,,,,,,,,30,,,,,,0,,,,,,,,,,,,,,,,,,,,,,,,,,,,
2013-12-11,JK11A8B9J87PTF,Hitachi HDS722020ALA330,2000398934016,0,,0,,,,,,,,0,,,,,,24970,,,,,,,,,,,,,,,,,,,,,,,,,,,,,,30,,,,,,0,,,,,,,,,,,,,,,,,,,,,,,,,,,,
2013-12-11,Z1F1A2TP,ST3000DM001,3000592982016,0,,54673872,,,,,,,,0,,,,,,4641,,,,,,,,,,,,,,,,,,,,,,,,,,,,,,30,,,,,,0,,,,,,,,,,,,,,,,,,,,,,,,,,,,
2013-12-11,JK1105B8JPKXZX,Hitachi HDS722020ALA330,2000398934016,0,,65536,,,,,,,,0,,,,,,22686,,,,,,,,,,,,,,,,,,,,,,,,,,,,,,26,,,,,,0,,,,,,,,,,,,,,,,,,,,,,,,,,,,
2013-12-11,JK1101B9JPP85F,Hitachi HDS722020ALA330,2000398934016,0,,1,,,,,,,,1,,,,,,23947,,,,,,,,,,,,,,,,,,,,,,,,,,,,,,29,,,,,,0,,,,,,,,,,,,,,,,,,,,,,,,,,,,
2013-12-11,WD-WMAWZ0285667,WDC WD30EZRX,3000592982016,0,,0,,,,,,,,0,,,,,,12706,,,,,,,,,,,,,,,,,,,,,,,,,,,,,,24,,,,,,0,,,,,,,,,,,,,,,,,,,,,,,,,,,,
2013-12-11,W3006C46,ST4000DM000,4000787030016,0,,52850472,,,,,,,,0,,,,,,2856,,,,,,,,,,,,,,,,,,,,,,,,,,,,,,23,,,,,,0,,,,,,,,,,,,,,,,,,,,,,,,,,,,
2013-12-11,WD-WCAU45330207,WDC WD10EADS,1000204886016,0,,5,,,,,,,,0,,,,,,41412,,,,,,,,,,,,,,,,,,,,,,,,,,,,,,24,,,,,,0,,,,,,,,,,,,,,,,,,,,,,,,,,,,
2013-12-11,JK1105B8GDLZ2X,Hitachi HDS722020ALA330,2000398934016,0,,3,,,,,,,,1,,,,,,27168,,,,,,,,,,,,,,,,,,,,,,,,,,,,,,29,,,,,,0,,,,,,,,,,,,,,,,,,,,,,,,,,,,
2013-12-11,S1F0342H,ST3000DM001,3000592982016,0,,202759928,,,,,,,,0,,,,,,15623,,,,,,,,,,,,,,,,,,,,,,,,,,,,,,26,,,,,,0,,,,,,,,,,,,,,,,,,,,,,,,,,,,
2013-12-11,6XW0XNVQ,ST31500541AS,1500301910016,0,,57241857,,,,,,,,0,,,,,,33850,,,,,,,,,,,,,,,,,,,,,,,,,,,,,,24,,,,,,0,,,,,,,,,,,,,,,,,,,,,,,,,,,,
2013-12-11,Z300XFQH,ST4000DM000,4000787030016,0,,51282480,,,,,,,,0,,,,,,923,,,,,,,,,,,,,,,,,,,,,,,,,,,,,,26,,,,,,0,,,,,,,,,,,,,,,,,,,,,,,,,,,,
2013-12-11,S1F05AFP,ST3000DM001,3000592982016,0,,187053192,,,,,,,,0,,,,,,13356,,,,,,,,,,,,,,,,,,,,,,,,,,,,,,21,,,,,,0,,,,,,,,,,,,,,,,,,,,,,,,,,,,
2013-12-11,JK1171YBK1MVMF,Hitachi HDS722020ALA330,2000398934016,0,,65536,,,,,,,,1,,,,,,29912,,,,,,,,,,,,,,,,,,,,,,,,,,,,,,27,,,,,,0,,,,,,,,,,,,,,,,,,,,,,,,,,,,
2013-12-11,MK0313YHGBGYUC,Hitachi HDS723030ALA640,3000592982016,0,,0,,,,,,,,0,,,,,,21462,,,,,,,,,,,,,,,,,,,,,,,,,,,,,,33,,,,,,0,,,,,,,,,,,,,,,,,,,,,,,,,,,,
2013-12-11,PL1311LAG28GMH,Hitachi HDS5C4040ALE630,4000787030016,0,,0,,,,,,,,0,,,,,,6993,,,,,,,,,,,,,,,,,,,,,,,,,,,,,,21,,,,,,0,,,,,,,,,,,,,,,,,,,,,,,,,,,,
2013-12-11,JK1105B8GGAYGX,Hitachi HDS722020ALA330,2000398934016,0,,0,,,,,,,,0,,,,,,26858,,,,,,,,,,,,,,,,,,,,,,,,,,,,,,29,,,,,,0,,,,,,,,,,,,,,,,,,,,,,,,,,,,
2013-12-11,PL1311LAG2B6LH,Hitachi HDS5C4040ALE630,4000787030016,0,,0,,,,,,,,0,,,,,,6568,,,,,,,,,,,,,,,,,,,,,,,,,,,,,,28,,,,,,0,,,,,,,,,,,,,,,,,,,,,,,,,,,,
2013-12-11,JK11A8B9HNDXWF,Hitachi HDS722020ALA330,2000398934016,0,,0,,,,,,,,0,,,,,,24632,,,,,,,,,,,,,,,,,,,,,,,,,,,,,,25,,,,,,0,,,,,,,,,,,,,,,,,,,,,,,,,,,,
2013-12-11,W1F0THPN,ST3000DM001,3000592982016,0,,211461800,,,,,,,,0,,,,,,11754,,,,,,,,,,,,,,,,,,,,,,,,,,,,,,28,,,,,,0,,,,,,,,,,,,,,,,,,,,,,,,,,,,
2013-12-11,MJ1311YNG3JTJA,Hitachi HDS5C3030ALA630,3000592982016,0,,0,,,,,,,,0,,,,,,19252,,,,,,,,,,,,,,,,,,,,,,,,,,,,,,22,,,,,,0,,,,,,,,,,,,,,,,,,,,,,,,,,,,
2013-12-11,MJ0351YNGA61SA,Hitachi HDS5C3030ALA630,3000592982016,0,,0,,,,,,,,0,,,,,,9131,,,,,,,,,,,,,,,,,,,,,,,,,,,,,,28,,,,,,0,,,,,,,,,,,,,,,,,,,,,,,,,,,,
2013-12-11,JK11A8B9GNGLTF,Hitachi HDS722020ALA330,2000398934016,0,,0,,,,,,,,0,,,,,,26492,,,,,,,,,,,,,,,,,,,,,,,,,,,,,,26,,,,,,0,,,,,,,,,,,,,,,,,,,,,,,,,,,,
2013-12-11,JK1101B9KNEM1F,Hitachi HDS722020ALA330,2000398934016,0,,0,,,,,,,,0,,,,,,23074,,,,,,,,,,,,,,,,,,,,,,,,,,,,,,35,,,,,,0,,,,,,,,,,,,,,,,,,,,,,,,,,,,
2013-12-11,WD-WMC1T0028850,WDC WD30EFRX,3000592982016,0,,0,,,,,,,,0,,,,,,8840,,,,,,,,,,,,,,,,,,,,,,,,,,,,,,27,,,,,,0,,,,,,,,,,,,,,,,,,,,,,,,,,,,
2013-12-11,JK11A8B9J89ZZF,Hitachi HDS722020ALA330,2000398934016,0,,0,,,,,,,,0,,,,,,25123,,,,,,,,,,,,,,,,,,,,,,,,,,,,,,26,,,,,,0,,,,,,,,,,,,,,,,,,,,,,,,,,,,
2013-12-11,Z1F01HY3,ST3000DM001,3000592982016,0,,88957464,,,,,,,,0,,,,,,17151,,,,,,,,,,,,,,,,,,,,,,,,,,,,,,27,,,,,,0,,,,,,,,,,,,,,,,,,,,,,,,,,,,
2013-12-11,W1F0BF4D,ST3000DM001,3000592982016,0,,241812832,,,,,,,,0,,,,,,12840,,,,,,,,,,,,,,,,,,,,,,,,,,,,,,25,,,,,,0,,,,,,,,,,,,,,,,,,,,,,,,,,,,
2013-12-11,JK1105B8GBL58X,Hitachi HDS722020ALA330,2000398934016,0,,65537,,,,,,,,0,,,,,,26858,,,,,,,,,,,,,,,,,,,,,,,,,,,,,,28,,,,,,0,,,,,,,,,,,,,,,,,,,,,,,,,,,,
2013-12-11,WD-WCAU45640513,WDC WD10EADS,1000204886016,0,,1,,,,,,,,0,,,,,,41089,,,,,,,,,,,,,,,,,,,,,,,,,,,,,,28,,,,,,0,,,,,,,,,,,,,,,,,,,,,,,,,,,,
2013-12-11,JK1175YAHU2WZX,Hitachi HDS722020ALA330,2000398934016,0,,65537,,,,,,,,0,,,,,,30501,,,,,,,,,,,,,,,,,,,,,,,,,,,,,,33,,,,,,0,,,,,,,,,,,,,,,,,,,,,,,,,,,,
2013-12-11,WD-WCAU45640517,WDC WD10EADS,1000204886016,0,,4,,,,,,,,0,,,,,,41067,,,,,,,,,,,,,,,,,,,,,,,,,,,,,,28,,,,,,0,,,,,,,,,,,,,,,,,,,,,,,,,,,,
2013-12-11,PL1321LAGAYHVH,Hitachi HDS5C4040ALE630,4000787030016,0,,0,,,,,,,,0,,,,,,5066,,,,,,,,,,,,,,,,,,,,,,,,,,,,,,27,,,,,,0,,,,,,,,,,,,,,,,,,,,,,,,,,,,
2013-12-11,6XW00ZV4,ST31500541AS,1500301910016,0,,165039169,,,,,,,,0,,,,,,36918,,,,,,,,,,,,,,,,,,,,,,,,,,,,,,22,,,,,,0,,,,,,,,,,,,,,,,,,,,,,,,,,,,
2013-12-11,W1F1Q5EF,ST3000DM001,3000592982016,0,,75127248,,,,,,,,0,,,,,,3682,,,,,,,,,,,,,,,,,,,,,,,,,,,,,,30,,,,,,0,,,,,,,,,,,,,,,,,,,,,,,,,,,,
2013-12-11,6XW1E6SZ,ST32000542AS,2000398934016,0,,99439812,,,,,,,,0,,,,,,20890,,,,,,,,,,,,,,,,,,,,,,,,,,,,,,21,,,,,,0,,,,,,,,,,,,,,,,,,,,,,,,,,,,
2013-12-11,JK1101B9JP86GR,Hitachi HDS722020ALA330,2000398934016,0,,0,,,,,,,,0,,,,,,24099,,,,,,,,,,,,,,,,,,,,,,,,,,,,,,25,,,,,,0,,,,,,,,,,,,,,,,,,,,,,,,,,,,
2013-12-11,W300KQGH,ST4000DM000,4000787030016,0,,193676232,,,,,,,,0,,,,,,919,,,,,,,,,,,,,,,,,,,,,,,,,,,,,,18,,,,,,0,,,,,,,,,,,,,,,,,,,,,,,,,,,,
2013-12-11,6XW0YLPP,ST31500541AS,1500301910016,0,,34210893,,,,,,,,0,,,,,,32737,,,,,,,,,,,,,,,,,,,,,,,,,,,,,,23,,,,,,0,,,,,,,,,,,,,,,,,,,,,,,,,,,,
2013-12-11,PL1321LAG33MSH,Hitachi HDS5C4040ALE630,4000787030016,0,,0,,,,,,,,0,,,,,,6619,,,,,,,,,,,,,,,,,,,,,,,,,,,,,,24,,,,,,0,,,,,,,,,,,,,,,,,,,,,,,,,,,,
2013-12-11,JK11A8B9J9HYWF,Hitachi HDS722020ALA330,2000398934016,0,,0,,,,,,,,0,,,,,,24970,,,,,,,,,,,,,,,,,,,,,,,,,,,,,,29,,,,,,0,,,,,,,,,,,,,,,,,,,,,,,,,,,,
2013-12-11,Z300PLVV,ST4000DM000,4000787030016,0,,107753248,,,,,,,,0,,,,,,1142,,,,,,,,,,,,,,,,,,,,,,,,,,,,,,25,,,,,,0,,,,,,,,,,,,,,,,,,,,,,,,,,,,
2013-12-11,JK11A8B9J74PWF,Hitachi HDS722020ALA330,2000398934016,0,,0,,,,,,,,0,,,,,,25119,,,,,,,,,,,,,,,,,,,,,,,,,,,,,,34,,,,,,0,,,,,,,,,,,,,,,,,,,,,,,,,,,,
2013-12-11,W1F0THP4,ST3000DM001,3000592982016,0,,208155352,,,,,,,,0,,,,,,7181,,,,,,,,,,,,,,,,,,,,,,,,,,,,,,28,,,,,,0,,,,,,,,,,,,,,,,,,,,,,,,,,,,
2013-12-11,MJ0351YNG9WA3A,Hitachi HDS5C3030ALA630,3000592982016,0,,0,,,,,,,,0,,,,,,9938,,,,,,,,,,,,,,,,,,,,,,,,,,,,,,28,,,,,,0,,,,,,,,,,,,,,,,,,,,,,,,,,,,
2013-12-11,S1F0513K,ST3000DM001,3000592982016,0,,51881104,,,,,,,,0,,,,,,13348,,,,,,,,,,,,,,,,,,,,,,,,,,,,,,30,,,,,,0,,,,,,,,,,,,,,,,,,,,,,,,,,,,
2013-12-11,6XW03BBA,ST31500541AS,1500301910016,0,,102001088,,,,,,,,0,,,,,,36960,,,,,,,,,,,,,,,,,,,,,,,,,,,,,,23,,,,,,0,,,,,,,,,,,,,,,,,,,,,,,,,,,,
2013-12-11,6XW04ABJ,ST31500541AS,1500301910016,0,,25321987,,,,,,,,0,,,,,,22369,,,,,,,,,,,,,,,,,,,,,,,,,,,,,,19,,,,,,0,,,,,,,,,,,,,,,,,,,,,,,,,,,,
2013-12-11,JK11A8B9J3A6HF,Hitachi HDS722020ALA330,2000398934016,0,,0,,,,,,,,0,,,,,,24432,,,,,,,,,,,,,,,,,,,,,,,,,,,,,,29,,,,,,0,,,,,,,,,,,,,,,,,,,,,,,,,,,,
2013-12-11,W3006MEJ,ST4000DM000,4000787030016,0,,103714032,,,,,,,,0,,,,,,2844,,,,,,,,,,,,,,,,,,,,,,,,,,,,,,24,,,,,,0,,,,,,,,,,,,,,,,,,,,,,,,,,,,
2013-12-11,MK0301YHGLWKUA,Hitachi HDS723030ALA640,3000592982016,0,,0,,,,,,,,0,,,,,,17036,,,,,,,,,,,,,,,,,,,,,,,,,,,,,,27,,,,,,0,,,,,,,,,,,,,,,,,,,,,,,,,,,,
2013-12-11,6XW0TVX6,ST31500541AS,1500301910016,0,,155741459,,,,,,,,0,,,,,,34195,,,,,,,,,,,,,,,,,,,,,,,,,,,,,,22,,,,,,0,,,,,,,,,,,,,,,,,,,,,,,,,,,,
2013-12-11,S1F0R35W,ST3000DM001,3000592982016,0,,190929960,,,,,,,,0,,,,,,11021,,,,,,,,,,,,,,,,,,,,,,,,,,,,,,25,,,,,,0,,,,,,,,,,,,,,,,,,,,,,,,,,,,
2013-12-11,MJ0351YNGA27RA,Hitachi HDS5C3030ALA630,3000592982016,0,,0,,,,,,,,0,,,,,,9672,,,,,,,,,,,,,,,,,,,,,,,,,,,,,,27,,,,,,0,,,,,,,,,,,,,,,,,,,,,,,,,,,,
2013-12-11,JK1171B9HS6RKT,Hitachi HDS722020ALA330,2000398934016,0,,0,,,,,,,,1,,,,,,22703,,,,,,,,,,,,,,,,,,,,,,,,,,,,,,26,,,,,,0,,,,,,,,,,,,,,,,,,,,,,,,,,,,
2013-12-11,JK1171YAK20H6N,Hitachi HDS722020ALA330,2000398934016,0,,65538,,,,,,,,0,,,,,,29669,,,,,,,,,,,,,,,,,,,,,,,,,,,,,,31,,,,,,0,,,,,,,,,,,,,,,,,,,,,,,,,,,,
2013-12-11,Z300JZ84,ST4000DM000,4000787030016,0,,175634712,,,,,,,,0,,,,,,2239,,,,,,,,,,,,,,,,,,,,,,,,,,,,,,18,,,,,,0,,,,,,,,,,,,,,,,,,,,,,,,,,,,
2013-12-11,S1F07XY7,ST3000DM001,3000592982016,0,,98952576,,,,,,,,0,,,,,,13869,,,,,,,,,,,,,,,,,,,,,,,,,,,,,,25,,,,,,0,,,,,,,,,,,,,,,,,,,,,,,,,,,,
2013-12-11,Z1F0FSBY,ST3000DM001,3000592982016,0,,166481080,,,,,,,,0,,,,,,12155,,,,,,,,,,,,,,,,,,,,,,,,,,,,,,22,,,,,,0,,,,,,,,,,,,,,,,,,,,,,,,,,,,
2013-12-11,PL1321LAG33V7H,Hitachi HDS5C4040ALE630,4000787030016,0,,0,,,,,,,,0,,,,,,6568,,,,,,,,,,,,,,,,,,,,,,,,,,,,,,31,,,,,,0,,,,,,,,,,,,,,,,,,,,,,,,,,,,
2013-12-11,9VS1YAHF,ST31500341AS,1500301910016,0,,141793579,,,,,,,,1,,,,,,39474,,,,,,,,,,,,,,,,,,,,,,,,,,,,,,31,,,,,,0,,,,,,,,,,,,,,,,,,,,,,,,,,,,
2013-12-11,WD-WMAWZ0320132,WDC WD30EZRX,3000592982016,0,,0,,,,,,,,0,,,,,,12702,,,,,,,,,,,,,,,,,,,,,,,,,,,,,,23,,,,,,0,,,,,,,,,,,,,,,,,,,,,,,,,,,,
2013-12-11,JK11A8B9HMB5RF,Hitachi HDS722020ALA330,2000398934016,0,,0,,,,,,,,0,,,,,,26010,,,,,,,,,,,,,,,,,,,,,,,,,,,,,,24,,,,,,0,,,,,,,,,,,,,,,,,,,,,,,,,,,,
2013-12-11,9XK03BA1,ST33000651AS,3000592982016,0,,169855058,,,,,,,,0,,,,,,16903,,,,,,,,,,,,,,,,,,,,,,,,,,,,,,23,,,,,,0,,,,,,,,,,,,,,,,,,,,,,,,,,,,
2013-12-11,PL1310LAG0173A,Hitachi HDS5C4040ALE630,4000787030016,0,,0,,,,,,,,0,,,,,,12997,,,,,,,,,,,,,,,,,,,,,,,,,,,,,,26,,,,,,0,,,,,,,,,,,,,,,,,,,,,,,,,,,,
2013-12-11,JK11A8B9GPHDKF,Hitachi HDS722020ALA330,2000398934016,0,,0,,,,,,,,0,,,,,,26764,,,,,,,,,,,,,,,,,,,,,,,,,,,,,,27,,,,,,0,,,,,,,,,,,,,,,,,,,,,,,,,,,,
2013-12-11,5XW0402T,ST31500541AS,1500301910016,0,,125194214,,,,,,,,0,,,,,,26328,,,,,,,,,,,,,,,,,,,,,,,,,,,,,,16,,,,,,0,,,,,,,,,,,,,,,,,,,,,,,,,,,,
2013-12-11,JK1170YBJXTHPD,Hitachi HDS722020ALA330,2000398934016,0,,0,,,,,,,,0,,,,,,28154,,,,,,,,,,,,,,,,,,,,,,,,,,,,,,23,,,,,,0,,,,,,,,,,,,,,,,,,,,,,,,,,,,
2013-12-11,W300K1QA,ST4000DM000,4000787030016,0,,73923456,,,,,,,,0,,,,,,948,,,,,,,,,,,,,,,,,,,,,,,,,,,,,,18,,,,,,0,,,,,,,,,,,,,,,,,,,,,,,,,,,,
2013-12-11,W30069R7,ST4000DM000,4000787030016,0,,28141992,,,,,,,,0,,,,,,2901,,,,,,,,,,,,,,,,,,,,,,,,,,,,,,29,,,,,,0,,,,,,,,,,,,,,,,,,,,,,,,,,,,
2013-12-11,W30069R2,ST4000DM000,4000787030016,0,,45708504,,,,,,,,0,,,,,,2681,,,,,,,,,,,,,,,,,,,,,,,,,,,,,,24,,,,,,0,,,,,,,,,,,,,,,,,,,,,,,,,,,,
2013-12-11,MJ1321YNG1AKAA,Hitachi HDS5C3030ALA630,3000592982016,0,,0,,,,,,,,0,,,,,,19372,,,,,,,,,,,,,,,,,,,,,,,,,,,,,,24,,,,,,0,,,,,,,,,,,,,,,,,,,,,,,,,,,,
2013-12-11,PL2311LAG1ES3C,Hitachi HDS5C4040ALE630,4000787030016,0,,0,,,,,,,,0,,,,,,6075,,,,,,,,,,,,,,,,,,,,,,,,,,,,,,19,,,,,,0,,,,,,,,,,,,,,,,,,,,,,,,,,,,
2013-12-11,JK1101B9JN8A6R,Hitachi HDS722020ALA330,2000398934016,0,,0,,,,,,,,0,,,,,,23991,,,,,,,,,,,,,,,,,,,,,,,,,,,,,,29,,,,,,0,,,,,,,,,,,,,,,,,,,,,,,,,,,,
2013-12-11,S1F1073Z,ST3000DM001,3000592982016,0,,181231680,,,,,,,,0,,,,,,8128,,,,,,,,,,,,,,,,,,,,,,,,,,,,,,26,,,,,,0,,,,,,,,,,,,,,,,,,,,,,,,,,,,
2013-12-11,JK11A8B9J7415F,Hitachi HDS722020ALA330,2000398934016,0,,0,,,,,,,,0,,,,,,24628,,,,,,,,,,,,,,,,,,,,,,,,,,,,,,29,,,,,,0,,,,,,,,,,,,,,,,,,,,,,,,,,,,
2013-12-11,Z290YEXX,ST33000651AS,3000592982016,0,,133864837,,,,,,,,0,,,,,,15916,,,,,,,,,,,,,,,,,,,,,,,,,,,,,,24,,,,,,0,,,,,,,,,,,,,,,,,,,,,,,,,,,,
2013-12-11,Z300GQ02,ST4000DM000,4000787030016,0,,215272376,,,,,,,,0,,,,,,3584,,,,,,,,,,,,,,,,,,,,,,,,,,,,,,26,,,,,,0,,,,,,,,,,,,,,,,,,,,,,,,,,,,
2013-12-11,MJ0351YNGAD2AA,Hitachi HDS5C3030ALA630,3000592982016,0,,0,,,,,,,,0,,,,,,8617,,,,,,,,,,,,,,,,,,,,,,,,,,,,,,30,,,,,,0,,,,,,,,,,,,,,,,,,,,,,,,,,,,
2013-12-11,S1F01CAK,ST3000DM001,3000592982016,0,,178689568,,,,,,,,0,,,,,,15591,,,,,,,,,,,,,,,,,,,,,,,,,,,,,,23,,,,,,0,,,,,,,,,,,,,,,,,,,,,,,,,,,,
2013-12-11,6XW02WYE,ST31500541AS,1500301910016,0,,82892016,,,,,,,,0,,,,,,36961,,,,,,,,,,,,,,,,,,,,,,,,,,,,,,22,,,,,,0,,,,,,,,,,,,,,,,,,,,,,,,,,,,
2013-12-11,MK0301YHG7ZW2A,Hitachi HDS723030ALA640,3000592982016,0,,0,,,,,,,,0,,,,,,17017,,,,,,,,,,,,,,,,,,,,,,,,,,,,,,28,,,,,,0,,,,,,,,,,,,,,,,,,,,,,,,,,,,
2013-12-11,Z300PBL1,ST4000DM000,4000787030016,0,,129114112,,,,,,,,0,,,,,,1450,,,,,,,,,,,,,,,,,,,,,,,,,,,,,,25,,,,,,0,,,,,,,,,,,,,,,,,,,,,,,,,,,,
2013-12-11,MJ0351YNG9YN8A,Hitachi HDS5C3030ALA630,3000592982016,0,,0,,,,,,,,0,,,,,,9972,,,,,,,,,,,,,,,,,,,,,,,,,,,,,,25,,,,,,0,,,,,,,,,,,,,,,,,,,,,,,,,,,,
2013-12-11,W1F0T371,ST3000DM001,3000592982016,0,,98190664,,,,,,,,0,,,,,,11686,,,,,,,,,,,,,,,,,,,,,,,,,,,,,,24,,,,,,0,,,,,,,,,,,,,,,,,,,,,,,,,,,,
2013-12-11,PL2311LAG1KSUC,Hitachi HDS5C4040ALE630,4000787030016,0,,0,,,,,,,,0,,,,,,7404,,,,,,,,,,,,,,,,,,,,,,,,,,,,,,26,,,,,,0,,,,,,,,,,,,,,,,,,,,,,,,,,,,
2013-12-11,W300J6GK,ST4000DM000,4000787030016,0,,111712488,,,,,,,,0,,,,,,1703,,,,,,,,,,,,,,,,,,,,,,,,,,,,,,24,,,,,,0,,,,,,,,,,,,,,,,,,,,,,,,,,,,
2013-12-11,S1F0CVYQ,ST3000DM001,3000592982016,0,,197729320,,,,,,,,0,,,,,,12419,,,,,,,,,,,,,,,,,,,,,,,,,,,,,,32,,,,,,0,,,,,,,,,,,,,,,,,,,,,,,,,,,,
2013-12-11,MJ1311YNG3K56A,Hitachi HDS5C3030ALA630,3000592982016,0,,0,,,,,,,,0,,,,,,19251,,,,,,,,,,,,,,,,,,,,,,,,,,,,,,22,,,,,,0,,,,,,,,,,,,,,,,,,,,,,,,,,,,
2013-12-11,PL1311LAG1S2SA,Hitachi HDS5C4040ALE630,4000787030016,0,,0,,,,,,,,0,,,,,,7453,,,,,,,,,,,,,,,,,,,,,,,,,,,,,,20,,,,,,0,,,,,,,,,,,,,,,,,,,,,,,,,,,,
2013-12-11,6XW046KK,ST31500541AS,1500301910016,0,,7214646,,,,,,,,0,,,,,,33215,,,,,,,,,,,,,,,,,,,,,,,,,,,,,,20,,,,,,0,,,,,,,,,,,,,,,,,,,,,,,,,,,,
2013-12-11,JK11A8B9J9KZYF,Hitachi HDS722020ALA330,2000398934016,0,,0,,,,,,,,0,,,,,,24493,,,,,,,,,,,,,,,,,,,,,,,,,,,,,,30,,,,,,0,,,,,,,,,,,,,,,,,,,,,,,,,,,,
2013-12-11,Z1F0R7EX,ST3000DM001,3000592982016,0,,73897608,,,,,,,,0,,,,,,11020,,,,,,,,,,,,,,,,,,,,,,,,,,,,,,22,,,,,,0,,,,,,,,,,,,,,,,,,,,,,,,,,,,
2013-12-11,S1F01SJV,ST3000DM001,3000592982016,0,,117683392,,,,,,,,0,,,,,,15622,,,,,,,,,,,,,,,,,,,,,,,,,,,,,,24,,,,,,0,,,,,,,,,,,,,,,,,,,,,,,,,,,,
2013-12-11,S1F0CVY5,ST3000DM001,3000592982016,0,,177670168,,,,,,,,384,,,,,,12366,,,,,,,,,,,,,,,,,,,,,,,,,,,,,,25,,,,,,0,,,,,,,,,,,,,,,,,,,,,,,,,,,,
2013-12-11,W1F0HNRZ,ST3000DM001,3000592982016,0,,176828520,,,,,,,,0,,,,,,12179,,,,,,,,,,,,,,,,,,,,,,,,,,,,,,35,,,,,,0,,,,,,,,,,,,,,,,,,,,,,,,,,,,
2013-12-11,W1F0AP7T,ST3000DM001,3000592982016,0,,2693152,,,,,,,,0,,,,,,13362,,,,,,,,,,,,,,,,,,,,,,,,,,,,,,22,,,,,,16,,,,,,,,,,,,,,,,,,,,,,,,,,,,
2013-12-11,Z300GQ0K,ST4000DM000,4000787030016,0,,47576216,,,,,,,,0,,,,,,3630,,,,,,,,,,,,,,,,,,,,,,,,,,,,,,23,,,,,,0,,,,,,,,,,,,,,,,,,,,,,,,,,,,
2013-12-11,JK11A8B9J6VJKF,Hitachi HDS722020ALA330,2000398934016,0,,0,,,,,,,,0,,,,,,24624,,,,,,,,,,,,,,,,,,,,,,,,,,,,,,28,,,,,,0,,,,,,,,,,,,,,,,,,,,,,,,,,,,
2013-12-11,WD-WCAV5C831331,WDC WD10EADS,1000204886016,0,,32,,,,,,,,0,,,,,,17661,,,,,,,,,,,,,,,,,,,,,,,,,,,,,,27,,,,,,7,,,,,,,,,,,,,,,,,,,,,,,,,,,,
2013-12-11,9VS1DEPT,ST31500341AS,1500301910016,0,,53284149,,,,,,,,1,,,,,,39481,,,,,,,,,,,,,,,,,,,,,,,,,,,,,,29,,,,,,0,,,,,,,,,,,,,,,,,,,,,,,,,,,,
2013-12-11,JK1171B9HLK6RT,Hitachi HDS722020ALA330,2000398934016,0,,131072,,,,,,,,0,,,,,,25730,,,,,,,,,,,,,,,,,,,,,,,,,,,,,,26,,,,,,0,,,,,,,,,,,,,,,,,,,,,,,,,,,,
2013-12-11,JK11A8B9J0U2ZF,Hitachi HDS722020ALA330,2000398934016,0,,0,,,,,,,,0,,,,,,26144,,,,,,,,,,,,,,,,,,,,,,,,,,,,,,29,,,,,,0,,,,,,,,,,,,,,,,,,,,,,,,,,,,
2013-12-11,6XW0382L,ST31500541AS,1500301910016,0,,22477559,,,,,,,,0,,,,,,36624,,,,,,,,,,,,,,,,,,,,,,,,,,,,,,22,,,,,,0,,,,,,,,,,,,,,,,,,,,,,,,,,,,
2013-12-11,Z300GQ0T,ST4000DM000,4000787030016,0,,61558920,,,,,,,,0,,,,,,3362,,,,,,,,,,,,,,,,,,,,,,,,,,,,,,20,,,,,,0,,,,,,,,,,,,,,,,,,,,,,,,,,,,
2013-12-11,Z300GQ0W,ST4000DM000,4000787030016,0,,176587360,,,,,,,,0,,,,,,3583,,,,,,,,,,,,,,,,,,,,,,,,,,,,,,23,,,,,,0,,,,,,,,,,,,,,,,,,,,,,,,,,,,
2013-12-11,MK0313YHGA9YAC,Hitachi HDS723030ALA640,3000592982016,0,,0,,,,,,,,0,,,,,,18088,,,,,,,,,,,,,,,,,,,,,,,,,,,,,,32,,,,,,0,,,,,,,,,,,,,,,,,,,,,,,,,,,,
2013-12-11,W300CKDH,ST4000DM000,4000787030016,0,,31796296,,,,,,,,0,,,,,,4353,,,,,,,,,,,,,,,,,,,,,,,,,,,,,,26,,,,,,0,,,,,,,,,,,,,,,,,,,,,,,,,,,,
2013-12-11,JK1104B8GE7E3W,Hitachi HDS722020ALA330,2000398934016,0,,0,,,,,,,,0,,,,,,26838,,,,,,,,,,,,,,,,,,,,,,,,,,,,,,29,,,,,,0,,,,,,,,,,,,,,,,,,,,,,,,,,,,
2013-12-11,PL1311LAG2HUEH,Hitachi HDS5C4040ALE630,4000787030016,0,,0,,,,,,,,0,,,,,,5950,,,,,,,,,,,,,,,,,,,,,,,,,,,,,,25,,,,,,0,,,,,,,,,,,,,,,,,,,,,,,,,,,,
2013-12-11,JK11A4B8J7SGGW,Hitachi HDS722020ALA330,2000398934016,0,,0,,,,,,,,0,,,,,,26025,,,,,,,,,,,,,,,,,,,,,,,,,,,,,,24,,,,,,0,,,,,,,,,,,,,,,,,,,,,,,,,,,,
2013-12-11,MK0333YHGPHP3C,Hitachi HDS723030ALA640,3000592982016,0,,0,,,,,,,,0,,,,,,17763,,,,,,,,,,,,,,,,,,,,,,,,,,,,,,21,,,,,,0,,,,,,,,,,,,,,,,,,,,,,,,,,,,
2013-12-11,WD-WCAWZ1737610,WDC WD30EZRX,3000592982016,0,,0,,,,,,,,0,,,,,,16128,,,,,,,,,,,,,,,,,,,,,,,,,,,,,,23,,,,,,0,,,,,,,,,,,,,,,,,,,,,,,,,,,,
2013-12-11,MJ1323YNG1R12C,Hitachi HDS5C3030ALA630,3000592982016,0,,0,,,,,,,,0,,,,,,19372,,,,,,,,,,,,,,,,,,,,,,,,,,,,,,25,,,,,,0,,,,,,,,,,,,,,,,,,,,,,,,,,,,
2013-12-11,PL2311LAG1KYGC,Hitachi HDS5C4040ALE630,4000787030016,0,,0,,,,,,,,0,,,,,,7457,,,,,,,,,,,,,,,,,,,,,,,,,,,,,,29,,,,,,0,,,,,,,,,,,,,,,,,,,,,,,,,,,,
2013-12-11,JK11A8YBKRWKPF,Hitachi HDS722020ALA330,2000398934016,0,,196612,,,,,,,,0,,,,,,3345,,,,,,,,,,,,,,,,,,,,,,,,,,,,,,26,,,,,,0,,,,,,,,,,,,,,,,,,,,,,,,,,,,
2013-12-11,JK1105B8GGB0SX,Hitachi HDS722020ALA330,2000398934016,0,,0,,,,,,,,0,,,,,,27221,,,,,,,,,,,,,,,,,,,,,,,,,,,,,,30,,,,,,0,,,,,,,,,,,,,,,,,,,,,,,,,,,,
2013-12-11,MK0311YHGG62XA,Hitachi HDS723030ALA640,3000592982016,0,,0,,,,,,,,0,,,,,,16802,,,,,,,,,,,,,,,,,,,,,,,,,,,,,,28,,,,,,0,,,,,,,,,,,,,,,,,,,,,,,,,,,,
2013-12-11,S1F0QSX8,ST3000DM001,3000592982016,0,,137722184,,,,,,,,0,,,,,,11049,,,,,,,,,,,,,,,,,,,,,,,,,,,,,,24,,,,,,0,,,,,,,,,,,,,,,,,,,,,,,,,,,,
2013-12-11,PL1301LAG2VNWA,Hitachi HDS5C4040ALE630,4000787030016,0,,0,,,,,,,,0,,,,,,5961,,,,,,,,,,,,,,,,,,,,,,,,,,,,,,20,,,,,,0,,,,,,,,,,,,,,,,,,,,,,,,,,,,
2013-12-11,Z300WE9H,ST4000DM000,4000787030016,0,,91573400,,,,,,,,0,,,,,,945,,,,,,,,,,,,,,,,,,,,,,,,,,,,,,23,,,,,,0,,,,,,,,,,,,,,,,,,,,,,,,,,,,
2013-12-11,S1F0QSX5,ST3000DM001,3000592982016,0,,100870144,,,,,,,,0,,,,,,11019,,,,,,,,,,,,,,,,,,,,,,,,,,,,,,23,,,,,,0,,,,,,,,,,,,,,,,,,,,,,,,,,,,
2013-12-11,Z300PMAE,ST4000DM000,4000787030016,0,,53087784,,,,,,,,0,,,,,,1231,,,,,,,,,,,,,,,,,,,,,,,,,,,,,,17,,,,,,0,,,,,,,,,,,,,,,,,,,,,,,,,,,,
2013-12-11,W300JRW6,ST4000DM000,4000787030016,0,,201193720,,,,,,,,0,,,,,,2222,,,,,,,,,,,,,,,,,,,,,,,,,,,,,,25,,,,,,0,,,,,,,,,,,,,,,,,,,,,,,,,,,,
2013-12-11,6XW01B9W,ST31500541AS,1500301910016,0,,169949935,,,,,,,,0,,,,,,36420,,,,,,,,,,,,,,,,,,,,,,,,,,,,,,20,,,,,,0,,,,,,,,,,,,,,,,,,,,,,,,,,,,
2013-12-11,JK11A8B9J1NHLF,Hitachi HDS722020ALA330,2000398934016,0,,65536,,,,,,,,0,,,,,,23319,,,,,,,,,,,,,,,,,,,,,,,,,,,,,,31,,,,,,0,,,,,,,,,,,,,,,,,,,,,,,,,,,,
2013-12-11,JK1101B8GLG9PZ,Hitachi HDS722020ALA330,2000398934016,0,,0,,,,,,,,0,,,,,,26764,,,,,,,,,,,,,,,,,,,,,,,,,,,,,,24,,,,,,0,,,,,,,,,,,,,,,,,,,,,,,,,,,,
2013-12-11,Z300PMA3,ST4000DM000,4000787030016,0,,232013056,,,,,,,,0,,,,,,1227,,,,,,,,,,,,,,,,,,,,,,,,,,,,,,17,,,,,,0,,,,,,,,,,,,,,,,,,,,,,,,,,,,
2013-12-11,WD-WCAU42492151,WDC WD10EACS,1000204886016,0,,0,,,,,,,,0,,,,,,43131,,,,,,,,,,,,,,,,,,,,,,,,,,,,,,17,,,,,,0,,,,,,,,,,,,,,,,,,,,,,,,,,,,
2013-12-11,MK0331YHGM1STA,Hitachi HDS723030ALA640,3000592982016,0,,0,,,,,,,,0,,,,,,17017,,,,,,,,,,,,,,,,,,,,,,,,,,,,,,27,,,,,,0,,,,,,,,,,,,,,,,,,,,,,,,,,,,
2013-12-11,W1F0NB60,ST3000DM001,3000592982016,0,,203409936,,,,,,,,0,,,,,,11609,,,,,,,,,,,,,,,,,,,,,,,,,,,,,,32,,,,,,0,,,,,,,,,,,,,,,,,,,,,,,,,,,,
2013-12-11,WD-WCAWZ0781460,WDC WD30EZRX,3000592982016,0,,0,,,,,,,,0,,,,,,15836,,,,,,,,,,,,,,,,,,,,,,,,,,,,,,22,,,,,,0,,,,,,,,,,,,,,,,,,,,,,,,,,,,
2013-12-11,W1F0T99F,ST3000DM001,3000592982016,0,,207551024,,,,,,,,0,,,,,,11025,,,,,,,,,,,,,,,,,,,,,,,,,,,,,,27,,,,,,0,,,,,,,,,,,,,,,,,,,,,,,,,,,,
2013-12-11,Z300C8SK,ST4000DM000,4000787030016,0,,238469616,,,,,,,,0,,,,,,2256,,,,,,,,,,,,,,,,,,,,,,,,,,,,,,22,,,,,,0,,,,,,,,,,,,,,,,,,,,,,,,,,,,
2013-12-11,Z300J9QX,ST4000DM000,4000787030016,0,,169367592,,,,,,,,0,,,,,,2218,,,,,,,,,,,,,,,,,,,,,,,,,,,,,,23,,,,,,0,,,,,,,,,,,,,,,,,,,,,,,,,,,,
2013-12-11,S1F02P76,ST3000DM001,3000592982016,0,,31183680,,,,,,,,0,,,,,,15263,,,,,,,,,,,,,,,,,,,,,,,,,,,,,,23,,,,,,0,,,,,,,,,,,,,,,,,,,,,,,,,,,,
2013-12-11,W300CJZZ,ST4000DM000,4000787030016,0,,35504632,,,,,,,,0,,,,,,2177,,,,,,,,,,,,,,,,,,,,,,,,,,,,,,20,,,,,,0,,,,,,,,,,,,,,,,,,,,,,,,,,,,
2013-12-11,S1F12ZZ2,ST3000DM001,3000592982016,0,,232262640,,,,,,,,0,,,,,,8127,,,,,,,,,,,,,,,,,,,,,,,,,,,,,,24,,,,,,0,,,,,,,,,,,,,,,,,,,,,,,,,,,,
2013-12-11,MK0311YHGNGXAD,Hitachi HDS723030ALA640,3000592982016,0,,0,,,,,,,,0,,,,,,17018,,,,,,,,,,,,,,,,,,,,,,,,,,,,,,30,,,,,,0,,,,,,,,,,,,,,,,,,,,,,,,,,,,
2013-12-11,6XW02FNL,ST31500541AS,1500301910016,0,,144545144,,,,,,,,0,,,,,,35439,,,,,,,,,,,,,,,,,,,,,,,,,,,,,,19,,,,,,0,,,,,,,,,,,,,,,,,,,,,,,,,,,,
2013-12-11,W300D5WP,ST4000DM000,4000787030016,0,,170136616,,,,,,,,0,,,,,,4140,,,,,,,,,,,,,,,,,,,,,,,,,,,,,,25,,,,,,0,,,,,,,,,,,,,,,,,,,,,,,,,,,,
2013-12-11,Z300K1QK,ST4000DM000,4000787030016,0,,110439456,,,,,,,,0,,,,,,2243,,,,,,,,,,,,,,,,,,,,,,,,,,,,,,19,,,,,,0,,,,,,,,,,,,,,,,,,,,,,,,,,,,
2013-12-11,Z300CMZR,ST4000DM000,4000787030016,0,,152992728,,,,,,,,0,,,,,,2843,,,,,,,,,,,,,,,,,,,,,,,,,,,,,,18,,,,,,0,,,,,,,,,,,,,,,,,,,,,,,,,,,,
2013-12-11,6XW034FC,ST31500541AS,1500301910016,0,,50337926,,,,,,,,0,,,,,,36411,,,,,,,,,,,,,,,,,,,,,,,,,,,,,,19,,,,,,0,,,,,,,,,,,,,,,,,,,,,,,,,,,,
2013-12-11,PL1311LAG26VUA,Hitachi HDS5C4040ALE630,4000787030016,0,,0,,,,,,,,0,,,,,,7412,,,,,,,,,,,,,,,,,,,,,,,,,,,,,,25,,,,,,0,,,,,,,,,,,,,,,,,,,,,,,,,,,,
2013-12-11,6XW039JP,ST31500541AS,1500301910016,0,,206511802,,,,,,,,0,,,,,,36524,,,,,,,,,,,,,,,,,,,,,,,,,,,,,,26,,,,,,0,,,,,,,,,,,,,,,,,,,,,,,,,,,,
2013-12-11,W300BNJ9,ST4000DM000,4000787030016,0,,235206392,,,,,,,,0,,,,,,4189,,,,,,,,,,,,,,,,,,,,,,,,,,,,,,22,,,,,,0,,,,,,,,,,,,,,,,,,,,,,,,,,,,
2013-12-11,W300BNJ2,ST4000DM000,4000787030016,0,,98941832,,,,,,,,0,,,,,,4042,,,,,,,,,,,,,,,,,,,,,,,,,,,,,,23,,,,,,0,,,,,,,,,,,,,,,,,,,,,,,,,,,,
2013-12-11,Z1Z03EN4,ST4000DX000,4000787030016,0,,15060704,,,,,,,,0,,,,,,7132,,,,,,,,,,,,,,,,,,,,,,,,,,,,,,35,,,,,,0,,,,,,,,,,,,,,,,,,,,,,,,,,,,
2013-12-11,MJ1311YNG36KHA,Hitachi HDS5C3030ALA630,3000592982016,0,,65537,,,,,,,,0,,,,,,18036,,,,,,,,,,,,,,,,,,,,,,,,,,,,,,24,,,,,,0,,,,,,,,,,,,,,,,,,,,,,,,,,,,
2013-12-11,S1F05R72,ST3000DM001,3000592982016,0,,29759184,,,,,,,,0,,,,,,7687,,,,,,,,,,,,,,,,,,,,,,,,,,,,,,27,,,,,,0,,,,,,,,,,,,,,,,,,,,,,,,,,,,
2013-12-11,S1F0T24J,ST3000DM001,3000592982016,0,,177255584,,,,,,,,0,,,,,,10538,,,,,,,,,,,,,,,,,,,,,,,,,,,,,,26,,,,,,0,,,,,,,,,,,,,,,,,,,,,,,,,,,,
2013-12-11,MJ0351YNG9VZ7A,Hitachi HDS5C3030ALA630,3000592982016,0,,0,,,,,,,,0,,,,,,9941,,,,,,,,,,,,,,,,,,,,,,,,,,,,,,25,,,,,,0,,,,,,,,,,,,,,,,,,,,,,,,,,,,
2013-12-11,W300BNJX,ST4000DM000,4000787030016,0,,226168856,,,,,,,,0,,,,,,4047,,,,,,,,,,,,,,,,,,,,,,,,,,,,,,20,,,,,,0,,,,,,,,,,,,,,,,,,,,,,,,,,,,
2013-12-11,6XW0TSTJ,ST31500541AS,1500301910016,0,,228465845,,,,,,,,0,,,,,,33841,,,,,,,,,,,,,,,,,,,,,,,,,,,,,,20,,,,,,0,,,,,,,,,,,,,,,,,,,,,,,,,,,,
2013-12-11,PL1311LAG20DJA,Hitachi HDS5C4040ALE630,4000787030016,0,,0,,,,,,,,0,,,,,,7437,,,,,,,,,,,,,,,,,,,,,,,,,,,,,,23,,,,,,0,,,,,,,,,,,,,,,,,,,,,,,,,,,,
2013-12-11,W300D6VP,ST4000DM000,4000787030016,0,,92537352,,,,,,,,0,,,,,,4140,,,,,,,,,,,,,,,,,,,,,,,,,,,,,,24,,,,,,0,,,,,,,,,,,,,,,,,,,,,,,,,,,,
2013-12-11,JK11A8B9J7P2YF,Hitachi HDS722020ALA330,2000398934016,0,,0,,,,,,,,0,,,,,,25584,,,,,,,,,,,,,,,,,,,,,,,,,,,,,,28,,,,,,0,,,,,,,,,,,,,,,,,,,,,,,,,,,,
2013-12-11,W1F0B0WA,ST3000DM001,3000592982016,0,,149515424,,,,,,,,0,,,,,,14212,,,,,,,,,,,,,,,,,,,,,,,,,,,,,,24,,,,,,0,,,,,,,,,,,,,,,,,,,,,,,,,,,,
2013-12-11,Z300HR5P,ST4000DM000,4000787030016,0,,165564024,,,,,,,,0,,,,,,2901,,,,,,,,,,,,,,,,,,,,,,,,,,,,,,26,,,,,,0,,,,,,,,,,,,,,,,,,,,,,,,,,,,
2013-12-11,Z300KG1C,ST4000DM000,4000787030016,0,,126110312,,,,,,,,0,,,,,,1226,,,,,,,,,,,,,,,,,,,,,,,,,,,,,,23,,,,,,0,,,,,,,,,,,,,,,,,,,,,,,,,,,,
2013-12-11,MJ1321YNG0JZXA,Hitachi HDS5C3030ALA630,3000592982016,0,,0,,,,,,,,0,,,,,,20066,,,,,,,,,,,,,,,,,,,,,,,,,,,,,,24,,,,,,0,,,,,,,,,,,,,,,,,,,,,,,,,,,,
2013-12-11,JK11A8B9JPYPJF,Hitachi HDS722020ALA330,2000398934016,0,,0,,,,,,,,0,,,,,,24112,,,,,,,,,,,,,,,,,,,,,,,,,,,,,,29,,,,,,0,,,,,,,,,,,,,,,,,,,,,,,,,,,,
2013-12-11,PL1311LAG3AJNH,Hitachi HDS5C4040ALE630,4000787030016,0,,0,,,,,,,,0,,,,,,6655,,,,,,,,,,,,,,,,,,,,,,,,,,,,,,22,,,,,,0,,,,,,,,,,,,,,,,,,,,,,,,,,,,
2013-12-11,MK0333YHGPJERC,Hitachi HDS723030ALA640,3000592982016,0,,0,,,,,,,,0,,,,,,18088,,,,,,,,,,,,,,,,,,,,,,,,,,,,,,31,,,,,,0,,,,,,,,,,,,,,,,,,,,,,,,,,,,
2013-12-11,PL1311LAG31MYH,Hitachi HDS5C4040ALE630,4000787030016,0,,0,,,,,,,,0,,,,,,5923,,,,,,,,,,,,,,,,,,,,,,,,,,,,,,21,,,,,,0,,,,,,,,,,,,,,,,,,,,,,,,,,,,
2013-12-11,JK1101B9JPLX0F,Hitachi HDS722020ALA330,2000398934016,0,,0,,,,,,,,1,,,,,,23991,,,,,,,,,,,,,,,,,,,,,,,,,,,,,,24,,,,,,0,,,,,,,,,,,,,,,,,,,,,,,,,,,,
2013-12-11,W300AZ39,ST4000DM000,4000787030016,0,,208157648,,,,,,,,0,,,,,,1871,,,,,,,,,,,,,,,,,,,,,,,,,,,,,,24,,,,,,0,,,,,,,,,,,,,,,,,,,,,,,,,,,,
2013-12-11,Z290XV6V,ST33000651AS,3000592982016,0,,240696359,,,,,,,,0,,,,,,15604,,,,,,,,,,,,,,,,,,,,,,,,,,,,,,21,,,,,,0,,,,,,,,,,,,,,,,,,,,,,,,,,,,
2013-12-11,JK11A8B9J7DJTF,Hitachi HDS722020ALA330,2000398934016,0,,0,,,,,,,,0,,,,,,24970,,,,,,,,,,,,,,,,,,,,,,,,,,,,,,31,,,,,,0,,,,,,,,,,,,,,,,,,,,,,,,,,,,
2013-12-11,MJ0351YNGA5UTA,Hitachi HDS5C3030ALA630,3000592982016,0,,0,,,,,,,,0,,,,,,9315,,,,,,,,,,,,,,,,,,,,,,,,,,,,,,31,,,,,,0,,,,,,,,,,,,,,,,,,,,,,,,,,,,
2013-12-11,MJ0351YNG9VHVA,Hitachi HDS5C3030ALA630,3000592982016,0,,0,,,,,,,,0,,,,,,9972,,,,,,,,,,,,,,,,,,,,,,,,,,,,,,28,,,,,,0,,,,,,,,,,,,,,,,,,,,,,,,,,,,
2013-12-11,PL1311LAG3D7XH,Hitachi HDS5C4040ALE630,4000787030016,0,,0,,,,,,,,0,,,,,,6650,,,,,,,,,,,,,,,,,,,,,,,,,,,,,,20,,,,,,0,,,,,,,,,,,,,,,,,,,,,,,,,,,,
2013-12-11,Z300P8T3,ST4000DM000,4000787030016,0,,8676288,,,,,,,,0,,,,,,1233,,,,,,,,,,,,,,,,,,,,,,,,,,,,,,20,,,,,,0,,,,,,,,,,,,,,,,,,,,,,,,,,,,
2013-12-11,JK11A8B9J7DYTF,Hitachi HDS722020ALA330,2000398934016,0,,0,,,,,,,,0,,,,,,24629,,,,,,,,,,,,,,,,,,,,,,,,,,,,,,25,,,,,,0,,,,,,,,,,,,,,,,,,,,,,,,,,,,
2013-12-11,Z300P8T5,ST4000DM000,4000787030016,0,,48250264,,,,,,,,0,,,,,,1114,,,,,,,,,,,,,,,,,,,,,,,,,,,,,,30,,,,,,0,,,,,,,,,,,,,,,,,,,,,,,,,,,,
2013-12-11,W300H3PP,ST4000DM000,4000787030016,0,,82919432,,,,,,,,0,,,,,,815,,,,,,,,,,,,,,,,,,,,,,,,,,,,,,17,,,,,,0,,,,,,,,,,,,,,,,,,,,,,,,,,,,
2013-12-11,Z300P8T7,ST4000DM000,4000787030016,0,,3051920,,,,,,,,0,,,,,,1451,,,,,,,,,,,,,,,,,,,,,,,,,,,,,,26,,,,,,0,,,,,,,,,,,,,,,,,,,,,,,,,,,,
2013-12-11,JK1174YAK8RKLW,Hitachi HDS722020ALA330,2000398934016,0,,1,,,,,,,,1,,,,,,29018,,,,,,,,,,,,,,,,,,,,,,,,,,,,,,28,,,,,,0,,,,,,,,,,,,,,,,,,,,,,,,,,,,
2013-12-11,JK1171B9HLW1AT,Hitachi HDS722020ALA330,2000398934016,0,,0,,,,,,,,0,,,,,,25668,,,,,,,,,,,,,,,,,,,,,,,,,,,,,,24,,,,,,0,,,,,,,,,,,,,,,,,,,,,,,,,,,,
2013-12-11,Z1F0M2DY,ST3000DM001,3000592982016,0,,134957688,,,,,,,,0,,,,,,9266,,,,,,,,,,,,,,,,,,,,,,,,,,,,,,19,,,,,,8,,,,,,,,,,,,,,,,,,,,,,,,,,,,
2013-12-11,Z300P8MQ,ST4000DM000,4000787030016,0,,146014992,,,,,,,,0,,,,,,1233,,,,,,,,,,,,,,,,,,,,,,,,,,,,,,21,,,,,,0,,,,,,,,,,,,,,,,,,,,,,,,,,,,
2013-12-11,JK11A5B8J37HWX,Hitachi HDS722020ALA330,2000398934016,0,,1,,,,,,,,0,,,,,,23821,,,,,,,,,,,,,,,,,,,,,,,,,,,,,,37,,,,,,0,,,,,,,,,,,,,,,,,,,,,,,,,,,,
2013-12-11,W1F0X5E7,ST3000DM001,3000592982016,0,,167567904,,,,,,,,0,,,,,,10720,,,,,,,,,,,,,,,,,,,,,,,,,,,,,,27,,,,,,0,,,,,,,,,,,,,,,,,,,,,,,,,,,,
2013-12-11,MJ0351YNGA3M2A,Hitachi HDS5C3030ALA630,3000592982016,0,,0,,,,,,,,0,,,,,,8211,,,,,,,,,,,,,,,,,,,,,,,,,,,,,,35,,,,,,0,,,,,,,,,,,,,,,,,,,,,,,,,,,,
2013-12-11,Z300P8TT,ST4000DM000,4000787030016,0,,16015320,,,,,,,,0,,,,,,1233,,,,,,,,,,,,,,,,,,,,,,,,,,,,,,23,,,,,,0,,,,,,,,,,,,,,,,,,,,,,,,,,,,
2013-12-11,Z300P8TV,ST4000DM000,4000787030016,0,,102515808,,,,,,,,0,,,,,,1094,,,,,,,,,,,,,,,,,,,,,,,,,,,,,,21,,,,,,0,,,,,,,,,,,,,,,,,,,,,,,,,,,,
2013-12-11,5XW0CBY5,ST31500541AS,1500301910016,0,,66469094,,,,,,,,0,,,,,,27239,,,,,,,,,,,,,,,,,,,,,,,,,,,,,,16,,,,,,0,,,,,,,,,,,,,,,,,,,,,,,,,,,,
2013-12-11,MJ1311YNG355VA,Hitachi HDS5C3030ALA630,3000592982016,0,,0,,,,,,,,0,,,,,,19253,,,,,,,,,,,,,,,,,,,,,,,,,,,,,,28,,,,,,0,,,,,,,,,,,,,,,,,,,,,,,,,,,,
2013-12-11,13H8B2RGS,TOSHIBA DT01ACA300,3000592982016,0,,0,,,,,,,,0,,,,,,2679,,,,,,,,,,,,,,,,,,,,,,,,,,,,,,26,,,,,,0,,,,,,,,,,,,,,,,,,,,,,,,,,,,
2013-12-11,JK1101B9JP5SMU,Hitachi HDS722020ALA330,2000398934016,0,,0,,,,,,,,0,,,,,,24112,,,,,,,,,,,,,,,,,,,,,,,,,,,,,,28,,,,,,0,,,,,,,,,,,,,,,,,,,,,,,,,,,,
2013-12-11,MJ1311YNG7LRDA,Hitachi HDS5C3030ALA630,3000592982016,0,,0,,,,,,,,0,,,,,,14310,,,,,,,,,,,,,,,,,,,,,,,,,,,,,,23,,,,,,0,,,,,,,,,,,,,,,,,,,,,,,,,,,,
2013-12-11,Z300KCP9,ST4000DM000,4000787030016,0,,109522576,,,,,,,,0,,,,,,2241,,,,,,,,,,,,,,,,,,,,,,,,,,,,,,18,,,,,,0,,,,,,,,,,,,,,,,,,,,,,,,,,,,
2013-12-11,MK0313YHGBAATC,Hitachi HDS723030ALA640,3000592982016,0,,0,,,,,,,,0,,,,,,21462,,,,,,,,,,,,,,,,,,,,,,,,,,,,,,29,,,,,,0,,,,,,,,,,,,,,,,,,,,,,,,,,,,
2013-12-11,Z300KCP3,ST4000DM000,4000787030016,0,,223989784,,,,,,,,0,,,,,,2241,,,,,,,,,,,,,,,,,,,,,,,,,,,,,,19,,,,,,0,,,,,,,,,,,,,,,,,,,,,,,,,,,,
2013-12-11,MJ1311YNG01NWA,Hitachi HDS5C3030ALA630,3000592982016,0,,0,,,,,,,,0,,,,,,14625,,,,,,,,,,,,,,,,,,,,,,,,,,,,,,22,,,,,,0,,,,,,,,,,,,,,,,,,,,,,,,,,,,
2013-12-11,PL1311LAG2BVWH,Hitachi HDS5C4040ALE630,4000787030016,0,,0,,,,,,,,0,,,,,,7384,,,,,,,,,,,,,,,,,,,,,,,,,,,,,,29,,,,,,0,,,,,,,,,,,,,,,,,,,,,,,,,,,,
2013-12-11,S1F0R2RJ,ST3000DM001,3000592982016,0,,83725160,,,,,,,,0,,,,,,11612,,,,,,,,,,,,,,,,,,,,,,,,,,,,,,27,,,,,,0,,,,,,,,,,,,,,,,,,,,,,,,,,,,
2013-12-11,W1F0SWXK,ST3000DM001,3000592982016,0,,145872328,,,,,,,,0,,,,,,11682,,,,,,,,,,,,,,,,,,,,,,,,,,,,,,32,,,,,,0,,,,,,,,,,,,,,,,,,,,,,,,,,,,
2013-12-11,MJ0351YNGA5AXA,Hitachi HDS5C3030ALA630,3000592982016,0,,0,,,,,,,,0,,,,,,8505,,,,,,,,,,,,,,,,,,,,,,,,,,,,,,24,,,,,,0,,,,,,,,,,,,,,,,,,,,,,,,,,,,
2013-12-11,WD-WCAWZ0859159,WDC WD30EZRX,3000592982016,0,,0,,,,,,,,0,,,,,,17612,,,,,,,,,,,,,,,,,,,,,,,,,,,,,,21,,,,,,2,,,,,,,,,,,,,,,,,,,,,,,,,,,,
2013-12-11,PL1321LAG3440H,Hitachi HDS5C4040ALE630,4000787030016,0,,0,,,,,,,,0,,,,,,5125,,,,,,,,,,,,,,,,,,,,,,,,,,,,,,26,,,,,,0,,,,,,,,,,,,,,,,,,,,,,,,,,,,
2013-12-11,PL1311LAG3DX6H,Hitachi HDS5C4040ALE630,4000787030016,0,,0,,,,,,,,0,,,,,,6070,,,,,,,,,,,,,,,,,,,,,,,,,,,,,,22,,,,,,0,,,,,,,,,,,,,,,,,,,,,,,,,,,,
2013-12-11,Z300MYET,ST4000DM000,4000787030016,0,,130269256,,,,,,,,0,,,,,,2921,,,,,,,,,,,,,,,,,,,,,,,,,,,,,,22,,,,,,0,,,,,,,,,,,,,,,,,,,,,,,,,,,,
2013-12-11,PL1311LAG38N5H,Hitachi HDS5C4040ALE630,4000787030016,0,,0,,,,,,,,0,,,,,,6654,,,,,,,,,,,,,,,,,,,,,,,,,,,,,,21,,,,,,0,,,,,,,,,,,,,,,,,,,,,,,,,,,,
2013-12-11,PL1311LAG3D6JH,Hitachi HDS5C4040ALE630,4000787030016,0,,0,,,,,,,,0,,,,,,6571,,,,,,,,,,,,,,,,,,,,,,,,,,,,,,28,,,,,,0,,,,,,,,,,,,,,,,,,,,,,,,,,,,
2013-12-11,PL1311LAG2BABH,Hitachi HDS5C4040ALE630,4000787030016,0,,0,,,,,,,,0,,,,,,7414,,,,,,,,,,,,,,,,,,,,,,,,,,,,,,21,,,,,,0,,,,,,,,,,,,,,,,,,,,,,,,,,,,
2013-12-11,JK11A8B9J9L1ZF,Hitachi HDS722020ALA330,2000398934016,0,,0,,,,,,,,0,,,,,,24493,,,,,,,,,,,,,,,,,,,,,,,,,,,,,,26,,,,,,0,,,,,,,,,,,,,,,,,,,,,,,,,,,,
2013-12-11,JK1101B9JRJ5BF,Hitachi HDS722020ALA330,2000398934016,0,,131072,,,,,,,,0,,,,,,22300,,,,,,,,,,,,,,,,,,,,,,,,,,,,,,30,,,,,,0,,,,,,,,,,,,,,,,,,,,,,,,,,,,
2013-12-11,JK1105B8GG3YPX,Hitachi HDS722020ALA330,2000398934016,0,,0,,,,,,,,0,,,,,,27160,,,,,,,,,,,,,,,,,,,,,,,,,,,,,,27,,,,,,0,,,,,,,,,,,,,,,,,,,,,,,,,,,,
2013-12-11,JK11A8B9J3L6WF,Hitachi HDS722020ALA330,2000398934016,0,,196614,,,,,,,,0,,,,,,23828,,,,,,,,,,,,,,,,,,,,,,,,,,,,,,29,,,,,,0,,,,,,,,,,,,,,,,,,,,,,,,,,,,
2013-12-11,WD-WCAU49568751,WDC WD10EADS,1000204886016,0,,0,,,,,,,,0,,,,,,30264,,,,,,,,,,,,,,,,,,,,,,,,,,,,,,27,,,,,,0,,,,,,,,,,,,,,,,,,,,,,,,,,,,
2013-12-11,Z290T4E7,ST33000651AS,3000592982016,0,,91709685,,,,,,,,0,,,,,,15604,,,,,,,,,,,,,,,,,,,,,,,,,,,,,,21,,,,,,0,,,,,,,,,,,,,,,,,,,,,,,,,,,,
2013-12-11,JK11A5B8J7SMDX,Hitachi HDS722020ALA330,2000398934016,0,,0,,,,,,,,4,,,,,,22698,,,,,,,,,,,,,,,,,,,,,,,,,,,,,,28,,,,,,0,,,,,,,,,,,,,,,,,,,,,,,,,,,,
2013-12-11,MJ0351YNG9V1AA,Hitachi HDS5C3030ALA630,3000592982016,0,,0,,,,,,,,0,,,,,,9671,,,,,,,,,,,,,,,,,,,,,,,,,,,,,,30,,,,,,0,,,,,,,,,,,,,,,,,,,,,,,,,,,,
2013-12-11,PL1321LAGAZJ3H,Hitachi HDS5C4040ALE630,4000787030016,0,,0,,,,,,,,0,,,,,,5072,,,,,,,,,,,,,,,,,,,,,,,,,,,,,,28,,,,,,0,,,,,,,,,,,,,,,,,,,,,,,,,,,,
2013-12-11,JK1101B8GKV8JZ,Hitachi HDS722020ALA330,2000398934016,0,,0,,,,,,,,0,,,,,,26763,,,,,,,,,,,,,,,,,,,,,,,,,,,,,,24,,,,,,0,,,,,,,,,,,,,,,,,,,,,,,,,,,,
2013-12-11,6XW019JY,ST31500541AS,1500301910016,0,,107897146,,,,,,,,0,,,,,,35784,,,,,,,,,,,,,,,,,,,,,,,,,,,,,,18,,,,,,0,,,,,,,,,,,,,,,,,,,,,,,,,,,,
2013-12-11,W1F0RTN8,ST3000DM001,3000592982016,0,,116037192,,,,,,,,0,,,,,,10721,,,,,,,,,,,,,,,,,,,,,,,,,,,,,,23,,,,,,0,,,,,,,,,,,,,,,,,,,,,,,,,,,,
2013-12-11,Z3001M3Z,ST4000DM000,4000787030016,0,,92486880,,,,,,,,0,,,,,,5417,,,,,,,,,,,,,,,,,,,,,,,,,,,,,,23,,,,,,0,,,,,,,,,,,,,,,,,,,,,,,,,,,,
2013-12-11,S1F022QE,ST3000DM001,3000592982016,0,,72631408,,,,,,,,0,,,,,,14214,,,,,,,,,,,,,,,,,,,,,,,,,,,,,,23,,,,,,0,,,,,,,,,,,,,,,,,,,,,,,,,,,,
2013-12-11,9VS1G7V7,ST31500341AS,1500301910016,0,,47586874,,,,,,,,16,,,,,,40409,,,,,,,,,,,,,,,,,,,,,,,,,,,,,,31,,,,,,0,,,,,,,,,,,,,,,,,,,,,,,,,,,,
2013-12-11,PL1321LAG33ZMH,Hitachi HDS5C4040ALE630,4000787030016,0,,0,,,,,,,,0,,,,,,5036,,,,,,,,,,,,,,,,,,,,,,,,,,,,,,30,,,,,,0,,,,,,,,,,,,,,,,,,,,,,,,,,,,
2013-12-11,MK0311YHGGM47A,Hitachi HDS723030ALA640,3000592982016,0,,0,,,,,,,,0,,,,,,17016,,,,,,,,,,,,,,,,,,,,,,,,,,,,,,24,,,,,,0,,,,,,,,,,,,,,,,,,,,,,,,,,,,
2013-12-11,W1F0Z3KR,ST3000DM001,3000592982016,0,,165336320,,,,,,,,0,,,,,,10727,,,,,,,,,,,,,,,,,,,,,,,,,,,,,,23,,,,,,0,,,,,,,,,,,,,,,,,,,,,,,,,,,,
2013-12-11,S1F0R3PY,ST3000DM001,3000592982016,0,,197886472,,,,,,,,0,,,,,,11022,,,,,,,,,,,,,,,,,,,,,,,,,,,,,,25,,,,,,0,,,,,,,,,,,,,,,,,,,,,,,,,,,,
2013-12-11,W1F0X70N,ST3000DM001,3000592982016,0,,81623728,,,,,,,,0,,,,,,11608,,,,,,,,,,,,,,,,,,,,,,,,,,,,,,30,,,,,,0,,,,,,,,,,,,,,,,,,,,,,,,,,,,
2013-12-11,S1F0R3PB,ST3000DM001,3000592982016,0,,96925680,,,,,,,,0,,,,,,11673,,,,,,,,,,,,,,,,,,,,,,,,,,,,,,27,,,,,,0,,,,,,,,,,,,,,,,,,,,,,,,,,,,
2013-12-11,MJ1311YNG3K2SA,Hitachi HDS5C3030ALA630,3000592982016,0,,0,,,,,,,,0,,,,,,19587,,,,,,,,,,,,,,,,,,,,,,,,,,,,,,23,,,,,,0,,,,,,,,,,,,,,,,,,,,,,,,,,,,
2013-12-11,W1F0YJ6K,ST3000DM001,3000592982016,0,,193463096,,,,,,,,0,,,,,,8046,,,,,,,,,,,,,,,,,,,,,,,,,,,,,,24,,,,,,0,,,,,,,,,,,,,,,,,,,,,,,,,,,,
2013-12-11,S1F1368E,ST3000DM001,3000592982016,0,,185536552,,,,,,,,0,,,,,,7993,,,,,,,,,,,,,,,,,,,,,,,,,,,,,,25,,,,,,0,,,,,,,,,,,,,,,,,,,,,,,,,,,,
2013-12-11,JK1171YAK1VVUN,Hitachi HDS722020ALA330,2000398934016,0,,1,,,,,,,,0,,,,,,29668,,,,,,,,,,,,,,,,,,,,,,,,,,,,,,26,,,,,,0,,,,,,,,,,,,,,,,,,,,,,,,,,,,
2013-12-11,W300CG8G,ST4000DM000,4000787030016,0,,49407792,,,,,,,,0,,,,,,3238,,,,,,,,,,,,,,,,,,,,,,,,,,,,,,21,,,,,,0,,,,,,,,,,,,,,,,,,,,,,,,,,,,
2013-12-11,W3002NQ7,ST4000DM000,4000787030016,0,,193921120,,,,,,,,0,,,,,,2244,,,,,,,,,,,,,,,,,,,,,,,,,,,,,,19,,,,,,0,,,,,,,,,,,,,,,,,,,,,,,,,,,,
2013-12-11,MJ0351YNG9XWKA,Hitachi HDS5C3030ALA630,3000592982016,0,,0,,,,,,,,0,,,,,,9939,,,,,,,,,,,,,,,,,,,,,,,,,,,,,,25,,,,,,0,,,,,,,,,,,,,,,,,,,,,,,,,,,,
2013-12-11,Z300GPS0,ST4000DM000,4000787030016,0,,35315088,,,,,,,,0,,,,,,2899,,,,,,,,,,,,,,,,,,,,,,,,,,,,,,26,,,,,,0,,,,,,,,,,,,,,,,,,,,,,,,,,,,
2013-12-11,Z300GPS2,ST4000DM000,4000787030016,0,,64002928,,,,,,,,0,,,,,,3583,,,,,,,,,,,,,,,,,,,,,,,,,,,,,,20,,,,,,0,,,,,,,,,,,,,,,,,,,,,,,,,,,,
2013-12-11,Z300GPS5,ST4000DM000,4000787030016,0,,26328352,,,,,,,,0,,,,,,3584,,,,,,,,,,,,,,,,,,,,,,,,,,,,,,26,,,,,,0,,,,,,,,,,,,,,,,,,,,,,,,,,,,
2013-12-11,Z300GPSH,ST4000DM000,4000787030016,0,,209396160,,,,,,,,0,,,,,,3621,,,,,,,,,,,,,,,,,,,,,,,,,,,,,,20,,,,,,0,,,,,,,,,,,,,,,,,,,,,,,,,,,,
2013-12-11,JK11A4B8JR4LDW,Hitachi HDS722020ALA330,2000398934016,0,,0,,,,,,,,5,,,,,,23823,,,,,,,,,,,,,,,,,,,,,,,,,,,,,,22,,,,,,0,,,,,,,,,,,,,,,,,,,,,,,,,,,,
2013-12-11,MJ1311YNG7J07A,Hitachi HDS5C3030ALA630,3000592982016,0,,0,,,,,,,,0,,,,,,14574,,,,,,,,,,,,,,,,,,,,,,,,,,,,,,21,,,,,,0,,,,,,,,,,,,,,,,,,,,,,,,,,,,
2013-12-11,Z300GPSA,ST4000DM000,4000787030016,0,,42599304,,,,,,,,0,,,,,,3582,,,,,,,,,,,,,,,,,,,,,,,,,,,,,,25,,,,,,0,,,,,,,,,,,,,,,,,,,,,,,,,,,,
2013-12-11,S1F05DR3,ST3000DM001,3000592982016,0,,23127280,,,,,,,,0,,,,,,13362,,,,,,,,,,,,,,,,,,,,,,,,,,,,,,24,,,,,,0,,,,,,,,,,,,,,,,,,,,,,,,,,,,
2013-12-11,PL2311LAG1PR8C,Hitachi HDS5C4040ALE630,4000787030016,0,,0,,,,,,,,0,,,,,,7461,,,,,,,,,,,,,,,,,,,,,,,,,,,,,,26,,,,,,0,,,,,,,,,,,,,,,,,,,,,,,,,,,,
2013-12-11,JK11A8B9J7REMF,Hitachi HDS722020ALA330,2000398934016,0,,0,,,,,,,,0,,,,,,24632,,,,,,,,,,,,,,,,,,,,,,,,,,,,,,30,,,,,,0,,,,,,,,,,,,,,,,,,,,,,,,,,,,
2013-12-11,WD-WCAU47265056,WDC WD10EADS,1000204886016,0,,0,,,,,,,,0,,,,,,40537,,,,,,,,,,,,,,,,,,,,,,,,,,,,,,29,,,,,,0,,,,,,,,,,,,,,,,,,,,,,,,,,,,
2013-12-11,MJ1311YNG2Z4NA,Hitachi HDS5C3030ALA630,3000592982016,0,,0,,,,,,,,0,,,,,,19587,,,,,,,,,,,,,,,,,,,,,,,,,,,,,,27,,,,,,0,,,,,,,,,,,,,,,,,,,,,,,,,,,,
2013-12-11,W300CG83,ST4000DM000,4000787030016,0,,108798800,,,,,,,,0,,,,,,2177,,,,,,,,,,,,,,,,,,,,,,,,,,,,,,21,,,,,,0,,,,,,,,,,,,,,,,,,,,,,,,,,,,
2013-12-11,JK11A8B9J26TDF,Hitachi HDS722020ALA330,2000398934016,0,,196608,,,,,,,,0,,,,,,22703,,,,,,,,,,,,,,,,,,,,,,,,,,,,,,26,,,,,,0,,,,,,,,,,,,,,,,,,,,,,,,,,,,
2013-12-11,Z300GPSS,ST4000DM000,4000787030016,0,,172087832,,,,,,,,0,,,,,,3582,,,,,,,,,,,,,,,,,,,,,,,,,,,,,,20,,,,,,0,,,,,,,,,,,,,,,,,,,,,,,,,,,,
2013-12-11,Z300GPST,ST4000DM000,4000787030016,0,,96434944,,,,,,,,8,,,,,,3584,,,,,,,,,,,,,,,,,,,,,,,,,,,,,,24,,,,,,0,,,,,,,,,,,,,,,,,,,,,,,,,,,,
2013-12-11,W1F0Z62G,ST3000DM001,3000592982016,0,,168474160,,,,,,,,0,,,,,,10742,,,,,,,,,,,,,,,,,,,,,,,,,,,,,,24,,,,,,0,,,,,,,,,,,,,,,,,,,,,,,,,,,,
2013-12-11,S1F02BHF,ST3000DM001,3000592982016,0,,172570488,,,,,,,,0,,,,,,15263,,,,,,,,,,,,,,,,,,,,,,,,,,,,,,24,,,,,,0,,,,,,,,,,,,,,,,,,,,,,,,,,,,
2013-12-11,6XW0SGVV,ST31500541AS,1500301910016,0,,143315714,,,,,,,,0,,,,,,33851,,,,,,,,,,,,,,,,,,,,,,,,,,,,,,22,,,,,,0,,,,,,,,,,,,,,,,,,,,,,,,,,,,
2013-12-11,MJ1323YNG1NXWC,Hitachi HDS5C3030ALA630,3000592982016,0,,0,,,,,,,,0,,,,,,20082,,,,,,,,,,,,,,,,,,,,,,,,,,,,,,31,,,,,,0,,,,,,,,,,,,,,,,,,,,,,,,,,,,
2013-12-11,PL2321LAGASHXJ,Hitachi HDS5C4040ALE630,4000787030016,0,,0,,,,,,,,0,,,,,,5077,,,,,,,,,,,,,,,,,,,,,,,,,,,,,,25,,,,,,0,,,,,,,,,,,,,,,,,,,,,,,,,,,,
2013-12-11,6XW01XMW,ST31500541AS,1500301910016,0,,184821114,,,,,,,,0,,,,,,36643,,,,,,,,,,,,,,,,,,,,,,,,,,,,,,23,,,,,,0,,,,,,,,,,,,,,,,,,,,,,,,,,,,
2013-12-11,JK1171YAG7ZH1S,Hitachi HDS722020ALA330,2000398934016,0,,0,,,,,,,,0,,,,,,16754,,,,,,,,,,,,,,,,,,,,,,,,,,,,,,27,,,,,,0,,,,,,,,,,,,,,,,,,,,,,,,,,,,
2013-12-11,W1F0X704,ST3000DM001,3000592982016,0,,12585160,,,,,,,,0,,,,,,10720,,,,,,,,,,,,,,,,,,,,,,,,,,,,,,25,,,,,,0,,,,,,,,,,,,,,,,,,,,,,,,,,,,
2013-12-11,PL1321LAG358VH,Hitachi HDS5C4040ALE630,4000787030016,0,,0,,,,,,,,0,,,,,,6649,,,,,,,,,,,,,,,,,,,,,,,,,,,,,,20,,,,,,0,,,,,,,,,,,,,,,,,,,,,,,,,,,,
2013-12-11,W1F0ZVD8,ST3000DM001,3000592982016,0,,156692128,,,,,,,,0,,,,,,8211,,,,,,,,,,,,,,,,,,,,,,,,,,,,,,26,,,,,,0,,,,,,,,,,,,,,,,,,,,,,,,,,,,
2013-12-11,6XW06S0H,ST31500541AS,1500301910016,0,,179300133,,,,,,,,0,,,,,,37279,,,,,,,,,,,,,,,,,,,,,,,,,,,,,,24,,,,,,0,,,,,,,,,,,,,,,,,,,,,,,,,,,,
2013-12-11,W1F05X69,ST3000DM001,3000592982016,0,,46596584,,,,,,,,0,,,,,,11596,,,,,,,,,,,,,,,,,,,,,,,,,,,,,,25,,,,,,0,,,,,,,,,,,,,,,,,,,,,,,,,,,,
2013-12-11,W1F14NE5,ST3000DM001,3000592982016,0,,213142976,,,,,,,,0,,,,,,7994,,,,,,,,,,,,,,,,,,,,,,,,,,,,,,29,,,,,,0,,,,,,,,,,,,,,,,,,,,,,,,,,,,
2013-12-11,MJ1311YNG1UTHA,Hitachi HDS5C3030ALA630,3000592982016,0,,0,,,,,,,,0,,,,,,18066,,,,,,,,,,,,,,,,,,,,,,,,,,,,,,22,,,,,,0,,,,,,,,,,,,,,,,,,,,,,,,,,,,
2013-12-11,MJ0351YNG9XXNA,Hitachi HDS5C3030ALA630,3000592982016,0,,0,,,,,,,,0,,,,,,8545,,,,,,,,,,,,,,,,,,,,,,,,,,,,,,28,,,,,,0,,,,,,,,,,,,,,,,,,,,,,,,,,,,
2013-12-11,PL1311LAG23VKA,Hitachi HDS5C4040ALE630,4000787030016,0,,0,,,,,,,,0,,,,,,7415,,,,,,,,,,,,,,,,,,,,,,,,,,,,,,19,,,,,,0,,,,,,,,,,,,,,,,,,,,,,,,,,,,
2013-12-11,WD-WMC1T1444813,WDC WD30EFRX,3000592982016,0,,0,,,,,,,,0,,,,,,7709,,,,,,,,,,,,,,,,,,,,,,,,,,,,,,25,,,,,,0,,,,,,,,,,,,,,,,,,,,,,,,,,,,
2013-12-11,S1F04VGJ,ST3000DM001,3000592982016,0,,116095280,,,,,,,,0,,,,,,13867,,,,,,,,,,,,,,,,,,,,,,,,,,,,,,25,,,,,,8,,,,,,,,,,,,,,,,,,,,,,,,,,,,
2013-12-11,JK11A8B9J3AVMF,Hitachi HDS722020ALA330,2000398934016,0,,0,,,,,,,,0,,,,,,23586,,,,,,,,,,,,,,,,,,,,,,,,,,,,,,28,,,,,,0,,,,,,,,,,,,,,,,,,,,,,,,,,,,
2013-12-11,Z300GQK0,ST4000DM000,4000787030016,0,,33996304,,,,,,,,0,,,,,,3630,,,,,,,,,,,,,,,,,,,,,,,,,,,,,,23,,,,,,0,,,,,,,,,,,,,,,,,,,,,,,,,,,,
2013-12-11,Z300GQK1,ST4000DM000,4000787030016,0,,184503864,,,,,,,,0,,,,,,3588,,,,,,,,,,,,,,,,,,,,,,,,,,,,,,24,,,,,,0,,,,,,,,,,,,,,,,,,,,,,,,,,,,
2013-12-11,6XW05A73,ST31500541AS,1500301910016,0,,34658802,,,,,,,,0,,,,,,36249,,,,,,,,,,,,,,,,,,,,,,,,,,,,,,20,,,,,,0,,,,,,,,,,,,,,,,,,,,,,,,,,,,
2013-12-11,MJ1323YNG1SBJC,Hitachi HDS5C3030ALA630,3000592982016,0,,0,,,,,,,,0,,,,,,20082,,,,,,,,,,,,,,,,,,,,,,,,,,,,,,32,,,,,,0,,,,,,,,,,,,,,,,,,,,,,,,,,,,
2013-12-11,JK11A4B8J7S0ZW,Hitachi HDS722020ALA330,2000398934016,0,,0,,,,,,,,0,,,,,,25125,,,,,,,,,,,,,,,,,,,,,,,,,,,,,,30,,,,,,0,,,,,,,,,,,,,,,,,,,,,,,,,,,,
2013-12-11,W1F0EMBE,ST3000DM001,3000592982016,0,,79533720,,,,,,,,0,,,,,,10592,,,,,,,,,,,,,,,,,,,,,,,,,,,,,,26,,,,,,0,,,,,,,,,,,,,,,,,,,,,,,,,,,,
2013-12-11,MJ0351YNG9WPBA,Hitachi HDS5C3030ALA630,3000592982016,0,,0,,,,,,,,0,,,,,,9524,,,,,,,,,,,,,,,,,,,,,,,,,,,,,,34,,,,,,0,,,,,,,,,,,,,,,,,,,,,,,,,,,,
2013-12-11,MJ1311YNG2WKZA,Hitachi HDS5C3030ALA630,3000592982016,0,,0,,,,,,,,0,,,,,,18040,,,,,,,,,,,,,,,,,,,,,,,,,,,,,,26,,,,,,0,,,,,,,,,,,,,,,,,,,,,,,,,,,,
2013-12-11,Z300GQKK,ST4000DM000,4000787030016,0,,10812768,,,,,,,,0,,,,,,3584,,,,,,,,,,,,,,,,,,,,,,,,,,,,,,24,,,,,,0,,,,,,,,,,,,,,,,,,,,,,,,,,,,
2013-12-11,Z300GQKL,ST4000DM000,4000787030016,0,,4390064,,,,,,,,0,,,,,,3583,,,,,,,,,,,,,,,,,,,,,,,,,,,,,,24,,,,,,0,,,,,,,,,,,,,,,,,,,,,,,,,,,,
2013-12-11,PL1321LAG33E0H,Hitachi HDS5C4040ALE630,4000787030016,0,,0,,,,,,,,0,,,,,,6650,,,,,,,,,,,,,,,,,,,,,,,,,,,,,,21,,,,,,0,,,,,,,,,,,,,,,,,,,,,,,,,,,,
2013-12-11,MJ0351YNGA2BMA,Hitachi HDS5C3030ALA630,3000592982016,0,,0,,,,,,,,0,,,,,,9975,,,,,,,,,,,,,,,,,,,,,,,,,,,,,,26,,,,,,0,,,,,,,,,,,,,,,,,,,,,,,,,,,,
2013-12-11,JK11A8B9J6MP5F,Hitachi HDS722020ALA330,2000398934016,0,,0,,,,,,,,0,,,,,,22698,,,,,,,,,,,,,,,,,,,,,,,,,,,,,,32,,,,,,0,,,,,,,,,,,,,,,,,,,,,,,,,,,,
2013-12-11,JK11A8B9J8637F,Hitachi HDS722020ALA330,2000398934016,0,,0,,,,,,,,0,,,,,,26025,,,,,,,,,,,,,,,,,,,,,,,,,,,,,,28,,,,,,0,,,,,,,,,,,,,,,,,,,,,,,,,,,,
2013-12-11,6XW03L93,ST31500541AS,1500301910016,0,,226098217,,,,,,,,0,,,,,,36444,,,,,,,,,,,,,,,,,,,,,,,,,,,,,,20,,,,,,0,,,,,,,,,,,,,,,,,,,,,,,,,,,,
2013-12-11,WD-WCAWZ1220331,WDC WD30EZRX,3000592982016,0,,6,,,,,,,,0,,,,,,17625,,,,,,,,,,,,,,,,,,,,,,,,,,,,,,24,,,,,,0,,,,,,,,,,,,,,,,,,,,,,,,,,,,
2013-12-11,MJ1321YNG0H9RA,Hitachi HDS5C3030ALA630,3000592982016,0,,0,,,,,,,,0,,,,,,20479,,,,,,,,,,,,,,,,,,,,,,,,,,,,,,28,,,,,,0,,,,,,,,,,,,,,,,,,,,,,,,,,,,
2013-12-11,JK11A8B9J77MTF,Hitachi HDS722020ALA330,2000398934016,0,,0,,,,,,,,0,,,,,,22413,,,,,,,,,,,,,,,,,,,,,,,,,,,,,,25,,,,,,0,,,,,,,,,,,,,,,,,,,,,,,,,,,,
2013-12-11,PK1331PAJ33M0S,HGST HDS724040ALE640,4000787030016,0,,0,,,,,,,,0,,,,,,2026,,,,,,,,,,,,,,,,,,,,,,,,,,,,,,23,,,,,,0,,,,,,,,,,,,,,,,,,,,,,,,,,,,
2013-12-11,MJ1323YNG1692C,Hitachi HDS5C3030ALA630,3000592982016,0,,0,,,,,,,,0,,,,,,20509,,,,,,,,,,,,,,,,,,,,,,,,,,,,,,24,,,,,,0,,,,,,,,,,,,,,,,,,,,,,,,,,,,
2013-12-11,MJ0351YNG9UETA,Hitachi HDS5C3030ALA630,3000592982016,0,,0,,,,,,,,0,,,,,,9274,,,,,,,,,,,,,,,,,,,,,,,,,,,,,,25,,,,,,0,,,,,,,,,,,,,,,,,,,,,,,,,,,,
2013-12-11,MJ1311YNG6R3JA,Hitachi HDS5C3030ALA630,3000592982016,0,,0,,,,,,,,0,,,,,,14685,,,,,,,,,,,,,,,,,,,,,,,,,,,,,,21,,,,,,0,,,,,,,,,,,,,,,,,,,,,,,,,,,,
2013-12-11,MJ0351YNG9ZYAA,Hitachi HDS5C3030ALA630,3000592982016,0,,0,,,,,,,,0,,,,,,9146,,,,,,,,,,,,,,,,,,,,,,,,,,,,,,29,,,,,,0,,,,,,,,,,,,,,,,,,,,,,,,,,,,
2013-12-11,Z300NRXA,ST4000DM000,4000787030016,0,,21501496,,,,,,,,0,,,,,,1093,,,,,,,,,,,,,,,,,,,,,,,,,,,,,,26,,,,,,0,,,,,,,,,,,,,,,,,,,,,,,,,,,,
2013-12-11,PL1311LAG276MA,Hitachi HDS5C4040ALE630,4000787030016,0,,0,,,,,,,,0,,,,,,5186,,,,,,,,,,,,,,,,,,,,,,,,,,,,,,24,,,,,,0,,,,,,,,,,,,,,,,,,,,,,,,,,,,
2013-12-11,Z300E153,ST4000DM000,4000787030016,0,,202720552,,,,,,,,0,,,,,,2843,,,,,,,,,,,,,,,,,,,,,,,,,,,,,,18,,,,,,0,,,,,,,,,,,,,,,,,,,,,,,,,,,,
2013-12-11,MJ0351YNG9UP4A,Hitachi HDS5C3030ALA630,3000592982016,0,,0,,,,,,,,0,,,,,,9483,,,,,,,,,,,,,,,,,,,,,,,,,,,,,,27,,,,,,0,,,,,,,,,,,,,,,,,,,,,,,,,,,,
2013-12-11,PL1311LAG2E9AH,Hitachi HDS5C4040ALE630,4000787030016,0,,0,,,,,,,,0,,,,,,5920,,,,,,,,,,,,,,,,,,,,,,,,,,,,,,21,,,,,,0,,,,,,,,,,,,,,,,,,,,,,,,,,,,
2013-12-11,PL1321LAGAYH2H,Hitachi HDS5C4040ALE630,4000787030016,0,,0,,,,,,,,0,,,,,,5074,,,,,,,,,,,,,,,,,,,,,,,,,,,,,,26,,,,,,0,,,,,,,,,,,,,,,,,,,,,,,,,,,,
2013-12-11,MJ1323YNG1MTEC,Hitachi HDS5C3030ALA630,3000592982016,0,,0,,,,,,,,0,,,,,,19773,,,,,,,,,,,,,,,,,,,,,,,,,,,,,,23,,,,,,0,,,,,,,,,,,,,,,,,,,,,,,,,,,,
2013-12-11,MJ0351YNGAAESA,Hitachi HDS5C3030ALA630,3000592982016,0,,0,,,,,,,,0,,,,,,8619,,,,,,,,,,,,,,,,,,,,,,,,,,,,,,29,,,,,,0,,,,,,,,,,,,,,,,,,,,,,,,,,,,
2013-12-11,MJ1323YNG1EN3C,Hitachi HDS5C3030ALA630,3000592982016,0,,0,,,,,,,,0,,,,,,19759,,,,,,,,,,,,,,,,,,,,,,,,,,,,,,28,,,,,,0,,,,,,,,,,,,,,,,,,,,,,,,,,,,
2013-12-11,WD-WCAWZ1107594,WDC WD30EZRX,3000592982016,0,,0,,,,,,,,0,,,,,,15833,,,,,,,,,,,,,,,,,,,,,,,,,,,,,,23,,,,,,135,,,,,,,,,,,,,,,,,,,,,,,,,,,,
2013-12-11,9XK0LFWV,ST33000651AS,3000592982016,0,,194153289,,,,,,,,0,,,,,,17742,,,,,,,,,,,,,,,,,,,,,,,,,,,,,,20,,,,,,0,,,,,,,,,,,,,,,,,,,,,,,,,,,,
2013-12-11,W1F09K04,ST3000DM001,3000592982016,0,,133185680,,,,,,,,0,,,,,,14729,,,,,,,,,,,,,,,,,,,,,,,,,,,,,,27,,,,,,0,,,,,,,,,,,,,,,,,,,,,,,,,,,,
2013-12-11,PL2311LAG1PGBC,Hitachi HDS5C4040ALE630,4000787030016,0,,0,,,,,,,,0,,,,,,5191,,,,,,,,,,,,,,,,,,,,,,,,,,,,,,26,,,,,,0,,,,,,,,,,,,,,,,,,,,,,,,,,,,
2013-12-11,MJ0351YNGA0D2A,Hitachi HDS5C3030ALA630,3000592982016,0,,0,,,,,,,,0,,,,,,9311,,,,,,,,,,,,,,,,,,,,,,,,,,,,,,30,,,,,,0,,,,,,,,,,,,,,,,,,,,,,,,,,,,
2013-12-11,5XW1SC2D,ST32000542AS,2000398934016,0,,6034512,,,,,,,,0,,,,,,7245,,,,,,,,,,,,,,,,,,,,,,,,,,,,,,22,,,,,,0,,,,,,,,,,,,,,,,,,,,,,,,,,,,
2013-12-11,MJ1311YNG7KSYA,Hitachi HDS5C3030ALA630,3000592982016,0,,0,,,,,,,,0,,,,,,14596,,,,,,,,,,,,,,,,,,,,,,,,,,,,,,25,,,,,,0,,,,,,,,,,,,,,,,,,,,,,,,,,,,
2013-12-11,S1F0QXRG,ST3000DM001,3000592982016,0,,44210264,,,,,,,,0,,,,,,11608,,,,,,,,,,,,,,,,,,,,,,,,,,,,,,31,,,,,,0,,,,,,,,,,,,,,,,,,,,,,,,,,,,
2013-12-11,JK11A8B9J77KJF,Hitachi HDS722020ALA330,2000398934016,0,,0,,,,,,,,0,,,,,,24912,,,,,,,,,,,,,,,,,,,,,,,,,,,,,,33,,,,,,0,,,,,,,,,,,,,,,,,,,,,,,,,,,,
2013-12-11,W300E1B9,ST4000DM000,4000787030016,0,,49671288,,,,,,,,0,,,,,,4188,,,,,,,,,,,,,,,,,,,,,,,,,,,,,,28,,,,,,0,,,,,,,,,,,,,,,,,,,,,,,,,,,,
2013-12-11,6XW056AK,ST31500541AS,1500301910016,0,,17506281,,,,,,,,0,,,,,,37053,,,,,,,,,,,,,,,,,,,,,,,,,,,,,,24,,,,,,0,,,,,,,,,,,,,,,,,,,,,,,,,,,,
2013-12-11,PL1321LAG35R1H,Hitachi HDS5C4040ALE630,4000787030016,0,,0,,,,,,,,0,,,,,,6648,,,,,,,,,,,,,,,,,,,,,,,,,,,,,,22,,,,,,0,,,,,,,,,,,,,,,,,,,,,,,,,,,,
2013-12-11,MJ0351YNG9Z5TA,Hitachi HDS5C3030ALA630,3000592982016,0,,0,,,,,,,,0,,,,,,9904,,,,,,,,,,,,,,,,,,,,,,,,,,,,,,25,,,,,,0,,,,,,,,,,,,,,,,,,,,,,,,,,,,
2013-12-11,JK11A8B9J75PZF,Hitachi HDS722020ALA330,2000398934016,0,,0,,,,,,,,0,,,,,,21478,,,,,,,,,,,,,,,,,,,,,,,,,,,,,,25,,,,,,0,,,,,,,,,,,,,,,,,,,,,,,,,,,,
2013-12-11,6XW01V4N,ST31500541AS,1500301910016,0,,155952154,,,,,,,,0,,,,,,36941,,,,,,,,,,,,,,,,,,,,,,,,,,,,,,24,,,,,,0,,,,,,,,,,,,,,,,,,,,,,,,,,,,
2013-12-11,MK0311YHG2GAXA,Hitachi HDS723030ALA640,3000592982016,0,,0,,,,,,,,0,,,,,,22347,,,,,,,,,,,,,,,,,,,,,,,,,,,,,,28,,,,,,0,,,,,,,,,,,,,,,,,,,,,,,,,,,,
2013-12-11,JK11A8B9JR06MF,Hitachi HDS722020ALA330,2000398934016,0,,0,,,,,,,,0,,,,,,24112,,,,,,,,,,,,,,,,,,,,,,,,,,,,,,29,,,,,,0,,,,,,,,,,,,,,,,,,,,,,,,,,,,
2013-12-11,MK0311YHG1R0RA,Hitachi HDS723030ALA640,3000592982016,0,,0,,,,,,,,0,,,,,,16682,,,,,,,,,,,,,,,,,,,,,,,,,,,,,,24,,,,,,0,,,,,,,,,,,,,,,,,,,,,,,,,,,,
2013-12-11,PL2311LAG1NPMC,Hitachi HDS5C4040ALE630,4000787030016,0,,0,,,,,,,,0,,,,,,2691,,,,,,,,,,,,,,,,,,,,,,,,,,,,,,26,,,,,,0,,,,,,,,,,,,,,,,,,,,,,,,,,,,
2013-12-11,W300H74K,ST4000DM000,4000787030016,0,,99919432,,,,,,,,0,,,,,,2223,,,,,,,,,,,,,,,,,,,,,,,,,,,,,,27,,,,,,0,,,,,,,,,,,,,,,,,,,,,,,,,,,,
2013-12-11,JK11A8B9J3AN0F,Hitachi HDS722020ALA330,2000398934016,0,,0,,,,,,,,0,,,,,,24112,,,,,,,,,,,,,,,,,,,,,,,,,,,,,,29,,,,,,0,,,,,,,,,,,,,,,,,,,,,,,,,,,,
2013-12-11,JK11A8B9J932AF,Hitachi HDS722020ALA330,2000398934016,0,,65536,,,,,,,,0,,,,,,24970,,,,,,,,,,,,,,,,,,,,,,,,,,,,,,28,,,,,,0,,,,,,,,,,,,,,,,,,,,,,,,,,,,
2013-12-11,PL1321LAG34G4H,Hitachi HDS5C4040ALE630,4000787030016,0,,0,,,,,,,,0,,,,,,6652,,,,,,,,,,,,,,,,,,,,,,,,,,,,,,28,,,,,,0,,,,,,,,,,,,,,,,,,,,,,,,,,,,
2013-12-11,PL1311LAG3DJWH,Hitachi HDS5C4040ALE630,4000787030016,0,,0,,,,,,,,0,,,,,,5670,,,,,,,,,,,,,,,,,,,,,,,,,,,,,,18,,,,,,0,,,,,,,,,,,,,,,,,,,,,,,,,,,,
2013-12-11,S1F069NN,ST3000DM001,3000592982016,0,,134359424,,,,,,,,0,,,,,,13879,,,,,,,,,,,,,,,,,,,,,,,,,,,,,,22,,,,,,0,,,,,,,,,,,,,,,,,,,,,,,,,,,,
2013-12-11,MJ1321YNG10S4A,Hitachi HDS5C3030ALA630,3000592982016,0,,0,,,,,,,,0,,,,,,19372,,,,,,,,,,,,,,,,,,,,,,,,,,,,,,23,,,,,,0,,,,,,,,,,,,,,,,,,,,,,,,,,,,
2013-12-11,PL1311LAG3A7ZH,Hitachi HDS5C4040ALE630,4000787030016,0,,0,,,,,,,,0,,,,,,5131,,,,,,,,,,,,,,,,,,,,,,,,,,,,,,29,,,,,,0,,,,,,,,,,,,,,,,,,,,,,,,,,,,
2013-12-11,MJ0351YNG9ZH6A,Hitachi HDS5C3030ALA630,3000592982016,0,,0,,,,,,,,0,,,,,,9989,,,,,,,,,,,,,,,,,,,,,,,,,,,,,,27,,,,,,0,,,,,,,,,,,,,,,,,,,,,,,,,,,,
2013-12-11,PL1311LAG3E92H,Hitachi HDS5C4040ALE630,4000787030016,0,,0,,,,,,,,0,,,,,,5950,,,,,,,,,,,,,,,,,,,,,,,,,,,,,,23,,,,,,0,,,,,,,,,,,,,,,,,,,,,,,,,,,,
2013-12-11,MJ1323YNG1GE4C,Hitachi HDS5C3030ALA630,3000592982016,0,,0,,,,,,,,0,,,,,,19630,,,,,,,,,,,,,,,,,,,,,,,,,,,,,,26,,,,,,0,,,,,,,,,,,,,,,,,,,,,,,,,,,,
2013-12-11,JK1101B9JPHNXF,Hitachi HDS722020ALA330,2000398934016,0,,131072,,,,,,,,0,,,,,,23635,,,,,,,,,,,,,,,,,,,,,,,,,,,,,,31,,,,,,0,,,,,,,,,,,,,,,,,,,,,,,,,,,,
2013-12-11,PL1310LAG0283A,Hitachi HDS5C4040ALE630,4000787030016,0,,0,,,,,,,,0,,,,,,12998,,,,,,,,,,,,,,,,,,,,,,,,,,,,,,25,,,,,,0,,,,,,,,,,,,,,,,,,,,,,,,,,,,
2013-12-11,MJ1311YNG7K06A,Hitachi HDS5C3030ALA630,3000592982016,0,,0,,,,,,,,0,,,,,,14625,,,,,,,,,,,,,,,,,,,,,,,,,,,,,,26,,,,,,0,,,,,,,,,,,,,,,,,,,,,,,,,,,,
2013-12-11,W300D3HT,ST4000DM000,4000787030016,0,,183346488,,,,,,,,0,,,,,,4140,,,,,,,,,,,,,,,,,,,,,,,,,,,,,,25,,,,,,0,,,,,,,,,,,,,,,,,,,,,,,,,,,,
2013-12-11,MJ1311YNG2SMJA,Hitachi HDS5C3030ALA630,3000592982016,0,,0,,,,,,,,0,,,,,,19253,,,,,,,,,,,,,,,,,,,,,,,,,,,,,,28,,,,,,0,,,,,,,,,,,,,,,,,,,,,,,,,,,,
2013-12-11,W300D3HL,ST4000DM000,4000787030016,0,,40704024,,,,,,,,0,,,,,,2142,,,,,,,,,,,,,,,,,,,,,,,,,,,,,,23,,,,,,0,,,,,,,,,,,,,,,,,,,,,,,,,,,,
2013-12-11,MJ0351YNG9VW7A,Hitachi HDS5C3030ALA630,3000592982016,0,,0,,,,,,,,0,,,,,,9941,,,,,,,,,,,,,,,,,,,,,,,,,,,,,,22,,,,,,0,,,,,,,,,,,,,,,,,,,,,,,,,,,,
2013-12-11,PL1311LAG38JXH,Hitachi HDS5C4040ALE630,4000787030016,0,,0,,,,,,,,0,,,,,,6655,,,,,,,,,,,,,,,,,,,,,,,,,,,,,,21,,,,,,0,,,,,,,,,,,,,,,,,,,,,,,,,,,,
2013-12-11,Z300PC6J,ST4000DM000,4000787030016,0,,147940528,,,,,,,,0,,,,,,1233,,,,,,,,,,,,,,,,,,,,,,,,,,,,,,21,,,,,,0,,,,,,,,,,,,,,,,,,,,,,,,,,,,
2013-12-11,MJ1311YNG77GPA,Hitachi HDS5C3030ALA630,3000592982016,0,,0,,,,,,,,0,,,,,,14595,,,,,,,,,,,,,,,,,,,,,,,,,,,,,,26,,,,,,0,,,,,,,,,,,,,,,,,,,,,,,,,,,,
2013-12-11,PL1331LAGABE9H,Hitachi HDS5C4040ALE630,4000787030016,0,,0,,,,,,,,0,,,,,,5072,,,,,,,,,,,,,,,,,,,,,,,,,,,,,,31,,,,,,0,,,,,,,,,,,,,,,,,,,,,,,,,,,,
2013-12-11,W300K212,ST4000DM000,4000787030016,0,,31652752,,,,,,,,0,,,,,,948,,,,,,,,,,,,,,,,,,,,,,,,,,,,,,22,,,,,,0,,,,,,,,,,,,,,,,,,,,,,,,,,,,
2013-12-11,Z300PC6Y,ST4000DM000,4000787030016,0,,160264936,,,,,,,,0,,,,,,1232,,,,,,,,,,,,,,,,,,,,,,,,,,,,,,21,,,,,,0,,,,,,,,,,,,,,,,,,,,,,,,,,,,
2013-12-11,S1F0RWXR,ST3000DM001,3000592982016,0,,29554968,,,,,,,,0,,,,,,10836,,,,,,,,,,,,,,,,,,,,,,,,,,,,,,28,,,,,,0,,,,,,,,,,,,,,,,,,,,,,,,,,,,
2013-12-11,S1F0RWXP,ST3000DM001,3000592982016,0,,140524520,,,,,,,,0,,,,,,10398,,,,,,,,,,,,,,,,,,,,,,,,,,,,,,27,,,,,,0,,,,,,,,,,,,,,,,,,,,,,,,,,,,
2013-12-11,W300K21A,ST4000DM000,4000787030016,0,,149079688,,,,,,,,0,,,,,,919,,,,,,,,,,,,,,,,,,,,,,,,,,,,,,20,,,,,,0,,,,,,,,,,,,,,,,,,,,,,,,,,,,
2013-12-11,S1F0PGHQ,ST3000DM001,3000592982016,0,,172181104,,,,,,,,0,,,,,,11690,,,,,,,,,,,,,,,,,,,,,,,,,,,,,,23,,,,,,0,,,,,,,,,,,,,,,,,,,,,,,,,,,,
2013-12-11,JK11A8B9J70UXF,Hitachi HDS722020ALA330,2000398934016,0,,0,,,,,,,,5,,,,,,22695,,,,,,,,,,,,,,,,,,,,,,,,,,,,,,26,,,,,,0,,,,,,,,,,,,,,,,,,,,,,,,,,,,
2013-12-11,5XW2K8A5,ST32000542AS,2000398934016,0,,201210385,,,,,,,,0,,,,,,10186,,,,,,,,,,,,,,,,,,,,,,,,,,,,,,18,,,,,,0,,,,,,,,,,,,,,,,,,,,,,,,,,,,
2013-12-11,9XW01XHQ,ST31500541AS,1500301910016,0,,229279754,,,,,,,,0,,,,,,34326,,,,,,,,,,,,,,,,,,,,,,,,,,,,,,18,,,,,,0,,,,,,,,,,,,,,,,,,,,,,,,,,,,
2013-12-11,JK1101B9JNT0EU,Hitachi HDS722020ALA330,2000398934016,0,,0,,,,,,,,0,,,,,,24112,,,,,,,,,,,,,,,,,,,,,,,,,,,,,,24,,,,,,0,,,,,,,,,,,,,,,,,,,,,,,,,,,,
2013-12-11,S1F0192X,ST3000DM001,3000592982016,0,,76351632,,,,,,,,0,,,,,,15223,,,,,,,,,,,,,,,,,,,,,,,,,,,,,,19,,,,,,0,,,,,,,,,,,,,,,,,,,,,,,,,,,,
2013-12-11,W30090YW,ST4000DM000,4000787030016,0,,208399056,,,,,,,,0,,,,,,4140,,,,,,,,,,,,,,,,,,,,,,,,,,,,,,22,,,,,,0,,,,,,,,,,,,,,,,,,,,,,,,,,,,
2013-12-11,W300KA0J,ST4000DM000,4000787030016,0,,56635248,,,,,,,,0,,,,,,909,,,,,,,,,,,,,,,,,,,,,,,,,,,,,,21,,,,,,0,,,,,,,,,,,,,,,,,,,,,,,,,,,,
2013-12-11,JK11A8B9J3B4XF,Hitachi HDS722020ALA330,2000398934016,0,,0,,,,,,,,0,,,,,,24398,,,,,,,,,,,,,,,,,,,,,,,,,,,,,,26,,,,,,0,,,,,,,,,,,,,,,,,,,,,,,,,,,,
2013-12-11,9VS0QY3T,ST31500341AS,1500301910016,0,,121263267,,,,,,,,25,,,,,,28723,,,,,,,,,,,,,,,,,,,,,,,,,,,,,,22,,,,,,0,,,,,,,,,,,,,,,,,,,,,,,,,,,,
2013-12-11,MJ0351YNG9ZDBA,Hitachi HDS5C3030ALA630,3000592982016,0,,0,,,,,,,,0,,,,,,9553,,,,,,,,,,,,,,,,,,,,,,,,,,,,,,29,,,,,,0,,,,,,,,,,,,,,,,,,,,,,,,,,,,
2013-12-11,JK11A1YAJHHJLV,Hitachi HDS722020ALA330,2000398934016,0,,65537,,,,,,,,0,,,,,,28851,,,,,,,,,,,,,,,,,,,,,,,,,,,,,,31,,,,,,0,,,,,,,,,,,,,,,,,,,,,,,,,,,,
2013-12-11,MK0331YHGLJBZA,Hitachi HDS723030ALA640,3000592982016,0,,0,,,,,,,,0,,,,,,17754,,,,,,,,,,,,,,,,,,,,,,,,,,,,,,24,,,,,,0,,,,,,,,,,,,,,,,,,,,,,,,,,,,
2013-12-11,PL1311LAG39ZKH,Hitachi HDS5C4040ALE630,4000787030016,0,,0,,,,,,,,0,,,,,,5125,,,,,,,,,,,,,,,,,,,,,,,,,,,,,,28,,,,,,0,,,,,,,,,,,,,,,,,,,,,,,,,,,,
2013-12-11,PL1311LAG38S0H,Hitachi HDS5C4040ALE630,4000787030016,0,,0,,,,,,,,0,,,,,,6648,,,,,,,,,,,,,,,,,,,,,,,,,,,,,,20,,,,,,0,,,,,,,,,,,,,,,,,,,,,,,,,,,,
2013-12-11,JK11A8B9JPP3ZF,Hitachi HDS722020ALA330,2000398934016,0,,0,,,,,,,,0,,,,,,24112,,,,,,,,,,,,,,,,,,,,,,,,,,,,,,29,,,,,,0,,,,,,,,,,,,,,,,,,,,,,,,,,,,
2013-12-11,JK1101B9KL45NF,Hitachi HDS722020ALA330,2000398934016,0,,0,,,,,,,,0,,,,,,22955,,,,,,,,,,,,,,,,,,,,,,,,,,,,,,22,,,,,,0,,,,,,,,,,,,,,,,,,,,,,,,,,,,
2013-12-11,MK0311YHGDX5BA,Hitachi HDS723030ALA640,3000592982016,0,,0,,,,,,,,0,,,,,,21459,,,,,,,,,,,,,,,,,,,,,,,,,,,,,,23,,,,,,0,,,,,,,,,,,,,,,,,,,,,,,,,,,,
2013-12-11,JK11A8B9J30PMF,Hitachi HDS722020ALA330,2000398934016,0,,0,,,,,,,,1,,,,,,24463,,,,,,,,,,,,,,,,,,,,,,,,,,,,,,28,,,,,,0,,,,,,,,,,,,,,,,,,,,,,,,,,,,
2013-12-11,MK0301YHGLX39A,Hitachi HDS723030ALA640,3000592982016,0,,65536,,,,,,,,0,,,,,,16078,,,,,,,,,,,,,,,,,,,,,,,,,,,,,,26,,,,,,0,,,,,,,,,,,,,,,,,,,,,,,,,,,,
2013-12-11,MJ1311YNG36X2A,Hitachi HDS5C3030ALA630,3000592982016,0,,0,,,,,,,,0,,,,,,18203,,,,,,,,,,,,,,,,,,,,,,,,,,,,,,25,,,,,,0,,,,,,,,,,,,,,,,,,,,,,,,,,,,
2013-12-11,9XK0BKY8,ST33000651AS,3000592982016,0,,3577934,,,,,,,,0,,,,,,16718,,,,,,,,,,,,,,,,,,,,,,,,,,,,,,27,,,,,,0,,,,,,,,,,,,,,,,,,,,,,,,,,,,
2013-12-11,MJ1311YNG7ESZA,Hitachi HDS5C3030ALA630,3000592982016,0,,0,,,,,,,,0,,,,,,14682,,,,,,,,,,,,,,,,,,,,,,,,,,,,,,19,,,,,,0,,,,,,,,,,,,,,,,,,,,,,,,,,,,
2013-12-11,PL1311LAG28YJH,Hitachi HDS5C4040ALE630,4000787030016,0,,0,,,,,,,,0,,,,,,7759,,,,,,,,,,,,,,,,,,,,,,,,,,,,,,21,,,,,,0,,,,,,,,,,,,,,,,,,,,,,,,,,,,
2013-12-11,Z300K8MM,ST4000DM000,4000787030016,0,,51503432,,,,,,,,0,,,,,,1848,,,,,,,,,,,,,,,,,,,,,,,,,,,,,,22,,,,,,0,,,,,,,,,,,,,,,,,,,,,,,,,,,,
2013-12-11,JK11A8B9J3BHUF,Hitachi HDS722020ALA330,2000398934016,0,,0,,,,,,,,0,,,,,,24393,,,,,,,,,,,,,,,,,,,,,,,,,,,,,,31,,,,,,0,,,,,,,,,,,,,,,,,,,,,,,,,,,,
2013-12-11,MJ1311YNG385MA,Hitachi HDS5C3030ALA630,3000592982016,0,,2,,,,,,,,0,,,,,,18594,,,,,,,,,,,,,,,,,,,,,,,,,,,,,,22,,,,,,0,,,,,,,,,,,,,,,,,,,,,,,,,,,,
2013-12-11,S1F0S4EG,ST3000DM001,3000592982016,0,,130234280,,,,,,,,0,,,,,,10540,,,,,,,,,,,,,,,,,,,,,,,,,,,,,,25,,,,,,0,,,,,,,,,,,,,,,,,,,,,,,,,,,,
2013-12-11,S1F0S4EA,ST3000DM001,3000592982016,0,,217336560,,,,,,,,0,,,,,,10838,,,,,,,,,,,,,,,,,,,,,,,,,,,,,,29,,,,,,0,,,,,,,,,,,,,,,,,,,,,,,,,,,,
2013-12-11,Z300K8ME,ST4000DM000,4000787030016,0,,238958920,,,,,,,,0,,,,,,2238,,,,,,,,,,,,,,,,,,,,,,,,,,,,,,22,,,,,,0,,,,,,,,,,,,,,,,,,,,,,,,,,,,
2013-12-11,S1F0CW5Q,ST3000DM001,3000592982016,0,,205770600,,,,,,,,0,,,,,,12358,,,,,,,,,,,,,,,,,,,,,,,,,,,,,,25,,,,,,0,,,,,,,,,,,,,,,,,,,,,,,,,,,,
2013-12-11,Z1F036HA,ST3000DM001,3000592982016,0,,97199448,,,,,,,,0,,,,,,13595,,,,,,,,,,,,,,,,,,,,,,,,,,,,,,21,,,,,,0,,,,,,,,,,,,,,,,,,,,,,,,,,,,
2013-12-11,PL1321LAGA92AH,Hitachi HDS5C4040ALE630,4000787030016,0,,0,,,,,,,,0,,,,,,5064,,,,,,,,,,,,,,,,,,,,,,,,,,,,,,30,,,,,,0,,,,,,,,,,,,,,,,,,,,,,,,,,,,
2013-12-11,S1F05PW6,ST3000DM001,3000592982016,0,,226608840,,,,,,,,88,,,,,,12356,,,,,,,,,,,,,,,,,,,,,,,,,,,,,,23,,,,,,0,,,,,,,,,,,,,,,,,,,,,,,,,,,,
2013-12-11,PL1321LAG33GXH,Hitachi HDS5C4040ALE630,4000787030016,0,,0,,,,,,,,0,,,,,,5932,,,,,,,,,,,,,,,,,,,,,,,,,,,,,,27,,,,,,0,,,,,,,,,,,,,,,,,,,,,,,,,,,,
2013-12-11,W1F08RAH,ST3000DM001,3000592982016,0,,205008792,,,,,,,,0,,,,,,15342,,,,,,,,,,,,,,,,,,,,,,,,,,,,,,27,,,,,,0,,,,,,,,,,,,,,,,,,,,,,,,,,,,
2013-12-11,WD-WMAVU1876286,WDC WD10EADS,1000204886016,0,,0,,,,,,,,0,,,,,,26907,,,,,,,,,,,,,,,,,,,,,,,,,,,,,,23,,,,,,0,,,,,,,,,,,,,,,,,,,,,,,,,,,,
2013-12-11,PL1321LAG35A0H,Hitachi HDS5C4040ALE630,4000787030016,0,,65536,,,,,,,,0,,,,,,6648,,,,,,,,,,,,,,,,,,,,,,,,,,,,,,20,,,,,,0,,,,,,,,,,,,,,,,,,,,,,,,,,,,
2013-12-11,Z1F0LLJN,ST3000DM001,3000592982016,0,,110615880,,,,,,,,0,,,,,,12248,,,,,,,,,,,,,,,,,,,,,,,,,,,,,,26,,,,,,0,,,,,,,,,,,,,,,,,,,,,,,,,,,,
2013-12-11,WD-WMAWZ0226051,WDC WD30EZRX,3000592982016,0,,0,,,,,,,,0,,,,,,12924,,,,,,,,,,,,,,,,,,,,,,,,,,,,,,24,,,,,,3,,,,,,,,,,,,,,,,,,,,,,,,,,,,
2013-12-11,Z300TBSY,ST4000DM000,4000787030016,0,,226569952,,,,,,,,0,,,,,,815,,,,,,,,,,,,,,,,,,,,,,,,,,,,,,20,,,,,,0,,,,,,,,,,,,,,,,,,,,,,,,,,,,
2013-12-11,PL1311LAG2HW8H,Hitachi HDS5C4040ALE630,4000787030016,0,,0,,,,,,,,0,,,,,,3631,,,,,,,,,,,,,,,,,,,,,,,,,,,,,,27,,,,,,0,,,,,,,,,,,,,,,,,,,,,,,,,,,,
2013-12-11,S1F0A2CP,ST3000DM001,3000592982016,0,,232252296,,,,,,,,0,,,,,,12317,,,,,,,,,,,,,,,,,,,,,,,,,,,,,,30,,,,,,0,,,,,,,,,,,,,,,,,,,,,,,,,,,,
2013-12-11,PL1310LAG0712A,Hitachi HDS5C4040ALE630,4000787030016,0,,0,,,,,,,,0,,,,,,12997,,,,,,,,,,,,,,,,,,,,,,,,,,,,,,28,,,,,,0,,,,,,,,,,,,,,,,,,,,,,,,,,,,
2013-12-11,W1F09BTN,ST3000DM001,3000592982016,0,,89601496,,,,,,,,0,,,,,,14733,,,,,,,,,,,,,,,,,,,,,,,,,,,,,,26,,,,,,0,,,,,,,,,,,,,,,,,,,,,,,,,,,,
2013-12-11,Z300NP0S,ST4000DM000,4000787030016,0,,77684584,,,,,,,,0,,,,,,1093,,,,,,,,,,,,,,,,,,,,,,,,,,,,,,25,,,,,,0,,,,,,,,,,,,,,,,,,,,,,,,,,,,
2013-12-11,W300JF50,ST4000DM000,4000787030016,0,,225041200,,,,,,,,0,,,,,,2876,,,,,,,,,,,,,,,,,,,,,,,,,,,,,,25,,,,,,0,,,,,,,,,,,,,,,,,,,,,,,,,,,,
2013-12-11,JK11A8B9J7J1DF,Hitachi HDS722020ALA330,2000398934016,0,,0,,,,,,,,0,,,,,,24914,,,,,,,,,,,,,,,,,,,,,,,,,,,,,,27,,,,,,0,,,,,,,,,,,,,,,,,,,,,,,,,,,,
2013-12-11,Z300KF5Z,ST4000DM000,4000787030016,0,,185328392,,,,,,,,0,,,,,,1226,,,,,,,,,,,,,,,,,,,,,,,,,,,,,,23,,,,,,0,,,,,,,,,,,,,,,,,,,,,,,,,,,,
2013-12-11,S1F02HA8,ST3000DM001,3000592982016,0,,70335792,,,,,,,,2440,,,,,,15592,,,,,,,,,,,,,,,,,,,,,,,,,,,,,,23,,,,,,136,,,,,,,,,,,,,,,,,,,,,,,,,,,,
2013-12-11,JK11A8B9J0BP4F,Hitachi HDS722020ALA330,2000398934016,0,,0,,,,,,,,0,,,,,,26010,,,,,,,,,,,,,,,,,,,,,,,,,,,,,,28,,,,,,0,,,,,,,,,,,,,,,,,,,,,,,,,,,,
2013-12-11,WD-WCAU45640499,WDC WD10EADS,1000204886016,0,,4,,,,,,,,0,,,,,,41098,,,,,,,,,,,,,,,,,,,,,,,,,,,,,,30,,,,,,0,,,,,,,,,,,,,,,,,,,,,,,,,,,,
2013-12-11,S1F136KC,ST3000DM001,3000592982016,0,,215509920,,,,,,,,0,,,,,,8129,,,,,,,,,,,,,,,,,,,,,,,,,,,,,,23,,,,,,80,,,,,,,,,,,,,,,,,,,,,,,,,,,,
2013-12-11,MK0333YHGPXE6C,Hitachi HDS723030ALA640,3000592982016,0,,0,,,,,,,,0,,,,,,18088,,,,,,,,,,,,,,,,,,,,,,,,,,,,,,28,,,,,,0,,,,,,,,,,,,,,,,,,,,,,,,,,,,
2013-12-11,S1F136KG,ST3000DM001,3000592982016,0,,164129912,,,,,,,,0,,,,,,8128,,,,,,,,,,,,,,,,,,,,,,,,,,,,,,23,,,,,,0,,,,,,,,,,,,,,,,,,,,,,,,,,,,
2013-12-11,JK11A8B9JPZGMF,Hitachi HDS722020ALA330,2000398934016,0,,0,,,,,,,,0,,,,,,23560,,,,,,,,,,,,,,,,,,,,,,,,,,,,,,29,,,,,,0,,,,,,,,,,,,,,,,,,,,,,,,,,,,
2013-12-11,MJ0351YNGA6ZEA,Hitachi HDS5C3030ALA630,3000592982016,0,,0,,,,,,,,0,,,,,,8545,,,,,,,,,,,,,,,,,,,,,,,,,,,,,,29,,,,,,0,,,,,,,,,,,,,,,,,,,,,,,,,,,,
2013-12-11,PL1311LAG298UH,Hitachi HDS5C4040ALE630,4000787030016,0,,0,,,,,,,,0,,,,,,7402,,,,,,,,,,,,,,,,,,,,,,,,,,,,,,25,,,,,,0,,,,,,,,,,,,,,,,,,,,,,,,,,,,
2013-12-11,JK11A8B9J7M6ZF,Hitachi HDS722020ALA330,2000398934016,0,,0,,,,,,,,0,,,,,,24914,,,,,,,,,,,,,,,,,,,,,,,,,,,,,,26,,,,,,0,,,,,,,,,,,,,,,,,,,,,,,,,,,,
2013-12-11,W1F1ZVME,ST3000DM001,3000592982016,0,,182751632,,,,,,,,0,,,,,,3026,,,,,,,,,,,,,,,,,,,,,,,,,,,,,,22,,,,,,0,,,,,,,,,,,,,,,,,,,,,,,,,,,,
2013-12-11,WD-WCAV5R389393,WDC WD10EADS,1000204886016,0,,0,,,,,,,,0,,,,,,19108,,,,,,,,,,,,,,,,,,,,,,,,,,,,,,28,,,,,,0,,,,,,,,,,,,,,,,,,,,,,,,,,,,
2013-12-11,MJ0351YNG9U5YA,Hitachi HDS5C3030ALA630,3000592982016,0,,0,,,,,,,,0,,,,,,9552,,,,,,,,,,,,,,,,,,,,,,,,,,,,,,31,,,,,,0,,,,,,,,,,,,,,,,,,,,,,,,,,,,
2013-12-11,S1F03652,ST3000DM001,3000592982016,0,,14543576,,,,,,,,0,,,,,,15192,,,,,,,,,,,,,,,,,,,,,,,,,,,,,,25,,,,,,144,,,,,,,,,,,,,,,,,,,,,,,,,,,,
2013-12-11,5YD6DFCX,ST1500DL003,1500301910016,0,,50314584,,,,,,,,0,,,,,,5531,,,,,,,,,,,,,,,,,,,,,,,,,,,,,,22,,,,,,0,,,,,,,,,,,,,,,,,,,,,,,,,,,,
2013-12-11,MK0301YHGMZLPD,Hitachi HDS723030ALA640,3000592982016,0,,0,,,,,,,,0,,,,,,17018,,,,,,,,,,,,,,,,,,,,,,,,,,,,,,26,,,,,,0,,,,,,,,,,,,,,,,,,,,,,,,,,,,
2013-12-11,MJ1311YNG337HA,Hitachi HDS5C3030ALA630,3000592982016,0,,0,,,,,,,,0,,,,,,18041,,,,,,,,,,,,,,,,,,,,,,,,,,,,,,25,,,,,,0,,,,,,,,,,,,,,,,,,,,,,,,,,,,
2013-12-11,W300FXFJ,ST4000DM000,4000787030016,0,,166062848,,,,,,,,0,,,,,,2222,,,,,,,,,,,,,,,,,,,,,,,,,,,,,,25,,,,,,0,,,,,,,,,,,,,,,,,,,,,,,,,,,,
2013-12-11,MJ1311YNG336JA,Hitachi HDS5C3030ALA630,3000592982016,0,,0,,,,,,,,0,,,,,,18203,,,,,,,,,,,,,,,,,,,,,,,,,,,,,,25,,,,,,0,,,,,,,,,,,,,,,,,,,,,,,,,,,,
2013-12-11,MJ0351YNG9YZVA,Hitachi HDS5C3030ALA630,3000592982016,0,,0,,,,,,,,0,,,,,,9906,,,,,,,,,,,,,,,,,,,,,,,,,,,,,,24,,,,,,0,,,,,,,,,,,,,,,,,,,,,,,,,,,,
2013-12-11,PL1311LAG2096A,Hitachi HDS5C4040ALE630,4000787030016,0,,0,,,,,,,,0,,,,,,7462,,,,,,,,,,,,,,,,,,,,,,,,,,,,,,25,,,,,,0,,,,,,,,,,,,,,,,,,,,,,,,,,,,
2013-12-11,Z3001FYN,ST4000DM000,4000787030016,0,,11532112,,,,,,,,0,,,,,,5418,,,,,,,,,,,,,,,,,,,,,,,,,,,,,,25,,,,,,0,,,,,,,,,,,,,,,,,,,,,,,,,,,,
2013-12-11,JK11A8B9J90UJF,Hitachi HDS722020ALA330,2000398934016,0,,0,,,,,,,,2,,,,,,25580,,,,,,,,,,,,,,,,,,,,,,,,,,,,,,26,,,,,,0,,,,,,,,,,,,,,,,,,,,,,,,,,,,
2013-12-11,JK1101B9JPJBPF,Hitachi HDS722020ALA330,2000398934016,0,,1,,,,,,,,0,,,,,,23991,,,,,,,,,,,,,,,,,,,,,,,,,,,,,,24,,,,,,0,,,,,,,,,,,,,,,,,,,,,,,,,,,,
2013-12-11,S1F0LRH7,ST3000DM001,3000592982016,0,,191006384,,,,,,,,0,,,,,,12224,,,,,,,,,,,,,,,,,,,,,,,,,,,,,,24,,,,,,0,,,,,,,,,,,,,,,,,,,,,,,,,,,,
2013-12-11,JK1104B8GDXPMW,Hitachi HDS722020ALA330,2000398934016,0,,0,,,,,,,,0,,,,,,26839,,,,,,,,,,,,,,,,,,,,,,,,,,,,,,29,,,,,,0,,,,,,,,,,,,,,,,,,,,,,,,,,,,
2013-12-11,Z300E1P8,ST4000DM000,4000787030016,0,,134471432,,,,,,,,0,,,,,,2857,,,,,,,,,,,,,,,,,,,,,,,,,,,,,,22,,,,,,0,,,,,,,,,,,,,,,,,,,,,,,,,,,,
2013-12-11,W1F0TWJV,ST3000DM001,3000592982016,0,,21063056,,,,,,,,0,,,,,,11621,,,,,,,,,,,,,,,,,,,,,,,,,,,,,,21,,,,,,0,,,,,,,,,,,,,,,,,,,,,,,,,,,,
2013-12-11,JK11A8B9GPHS5F,Hitachi HDS722020ALA330,2000398934016,0,,0,,,,,,,,18,,,,,,26764,,,,,,,,,,,,,,,,,,,,,,,,,,,,,,25,,,,,,0,,,,,,,,,,,,,,,,,,,,,,,,,,,,
2013-12-11,JK1104B8JPAKKW,Hitachi HDS722020ALA330,2000398934016,0,,1,,,,,,,,0,,,,,,23992,,,,,,,,,,,,,,,,,,,,,,,,,,,,,,30,,,,,,0,,,,,,,,,,,,,,,,,,,,,,,,,,,,
2013-12-11,Z300KK8G,ST4000DM000,4000787030016,0,,163844808,,,,,,,,0,,,,,,152,,,,,,,,,,,,,,,,,,,,,,,,,,,,,,23,,,,,,0,,,,,,,,,,,,,,,,,,,,,,,,,,,,
2013-12-11,JK11A8B9J3UGUF,Hitachi HDS722020ALA330,2000398934016,0,,0,,,,,,,,0,,,,,,23828,,,,,,,,,,,,,,,,,,,,,,,,,,,,,,29,,,,,,0,,,,,,,,,,,,,,,,,,,,,,,,,,,,
2013-12-11,JK1105B8GG4M1X,Hitachi HDS722020ALA330,2000398934016,0,,0,,,,,,,,0,,,,,,26859,,,,,,,,,,,,,,,,,,,,,,,,,,,,,,32,,,,,,0,,,,,,,,,,,,,,,,,,,,,,,,,,,,
2013-12-11,MJ0351YNG9YGJA,Hitachi HDS5C3030ALA630,3000592982016,0,,0,,,,,,,,0,,,,,,8617,,,,,,,,,,,,,,,,,,,,,,,,,,,,,,27,,,,,,0,,,,,,,,,,,,,,,,,,,,,,,,,,,,
2013-12-11,MJ0351YNG9T05A,Hitachi HDS5C3030ALA630,3000592982016,0,,0,,,,,,,,0,,,,,,8830,,,,,,,,,,,,,,,,,,,,,,,,,,,,,,28,,,,,,0,,,,,,,,,,,,,,,,,,,,,,,,,,,,
2013-12-11,JK11A8B9J7G8JF,Hitachi HDS722020ALA330,2000398934016,0,,0,,,,,,,,0,,,,,,26027,,,,,,,,,,,,,,,,,,,,,,,,,,,,,,27,,,,,,0,,,,,,,,,,,,,,,,,,,,,,,,,,,,
2013-12-11,S1F05WT9,ST3000DM001,3000592982016,0,,51164968,,,,,,,,0,,,,,,13361,,,,,,,,,,,,,,,,,,,,,,,,,,,,,,25,,,,,,0,,,,,,,,,,,,,,,,,,,,,,,,,,,,
2013-12-11,Z290XLKR,ST33000651AS,3000592982016,0,,24655362,,,,,,,,0,,,,,,15916,,,,,,,,,,,,,,,,,,,,,,,,,,,,,,27,,,,,,0,,,,,,,,,,,,,,,,,,,,,,,,,,,,
2013-12-11,WD-WCAU47235928,WDC WD10EADS,1000204886016,0,,1,,,,,,,,0,,,,,,40425,,,,,,,,,,,,,,,,,,,,,,,,,,,,,,28,,,,,,0,,,,,,,,,,,,,,,,,,,,,,,,,,,,
2013-12-11,9XW020GK,ST31500541AS,1500301910016,0,,188361440,,,,,,,,0,,,,,,35757,,,,,,,,,,,,,,,,,,,,,,,,,,,,,,22,,,,,,0,,,,,,,,,,,,,,,,,,,,,,,,,,,,
2013-12-11,JK1171B8GNP0DS,Hitachi HDS722020ALA330,2000398934016,0,,1,,,,,,,,0,,,,,,26492,,,,,,,,,,,,,,,,,,,,,,,,,,,,,,27,,,,,,0,,,,,,,,,,,,,,,,,,,,,,,,,,,,
2013-12-11,JK1101B9JNEKWR,Hitachi HDS722020ALA330,2000398934016,0,,0,,,,,,,,0,,,,,,23319,,,,,,,,,,,,,,,,,,,,,,,,,,,,,,32,,,,,,0,,,,,,,,,,,,,,,,,,,,,,,,,,,,
2013-12-11,JK1101B9JPJMRF,Hitachi HDS722020ALA330,2000398934016,0,,0,,,,,,,,0,,,,,,23989,,,,,,,,,,,,,,,,,,,,,,,,,,,,,,26,,,,,,0,,,,,,,,,,,,,,,,,,,,,,,,,,,,
2013-12-11,JK1101B9GDWLWF,Hitachi HDS722020ALA330,2000398934016,0,,0,,,,,,,,0,,,,,,27540,,,,,,,,,,,,,,,,,,,,,,,,,,,,,,26,,,,,,0,,,,,,,,,,,,,,,,,,,,,,,,,,,,
2013-12-11,JK11A4B8J842XW,Hitachi HDS722020ALA330,2000398934016,0,,0,,,,,,,,0,,,,,,25119,,,,,,,,,,,,,,,,,,,,,,,,,,,,,,32,,,,,,0,,,,,,,,,,,,,,,,,,,,,,,,,,,,
2013-12-11,MJ1311YNG7AUBA,Hitachi HDS5C3030ALA630,3000592982016,0,,0,,,,,,,,0,,,,,,14621,,,,,,,,,,,,,,,,,,,,,,,,,,,,,,23,,,,,,0,,,,,,,,,,,,,,,,,,,,,,,,,,,,
2013-12-11,JK11A8B9J978GF,Hitachi HDS722020ALA330,2000398934016,0,,0,,,,,,,,0,,,,,,24496,,,,,,,,,,,,,,,,,,,,,,,,,,,,,,30,,,,,,0,,,,,,,,,,,,,,,,,,,,,,,,,,,,
2013-12-11,PL1331LAGAGGLH,Hitachi HDS5C4040ALE630,4000787030016,0,,0,,,,,,,,0,,,,,,5076,,,,,,,,,,,,,,,,,,,,,,,,,,,,,,25,,,,,,0,,,,,,,,,,,,,,,,,,,,,,,,,,,,
2013-12-11,MJ0351YNGA03HA,Hitachi HDS5C3030ALA630,3000592982016,0,,0,,,,,,,,0,,,,,,9913,,,,,,,,,,,,,,,,,,,,,,,,,,,,,,35,,,,,,0,,,,,,,,,,,,,,,,,,,,,,,,,,,,
2013-12-11,JK1101B9KM0GBF,Hitachi HDS722020ALA330,2000398934016,0,,0,,,,,,,,0,,,,,,23099,,,,,,,,,,,,,,,,,,,,,,,,,,,,,,25,,,,,,0,,,,,,,,,,,,,,,,,,,,,,,,,,,,
2013-12-11,S1F05WTE,ST3000DM001,3000592982016,0,,210700272,,,,,,,,35856,,,,,,14233,,,,,,,,,,,,,,,,,,,,,,,,,,,,,,23,,,,,,32,,,,,,,,,,,,,,,,,,,,,,,,,,,,
2013-12-11,PL1321LAG329DH,Hitachi HDS5C4040ALE630,4000787030016,0,,0,,,,,,,,0,,,,,,5921,,,,,,,,,,,,,,,,,,,,,,,,,,,,,,22,,,,,,0,,,,,,,,,,,,,,,,,,,,,,,,,,,,
2013-12-11,Z290XLK2,ST33000651AS,3000592982016,0,,213702169,,,,,,,,0,,,,,,18074,,,,,,,,,,,,,,,,,,,,,,,,,,,,,,29,,,,,,0,,,,,,,,,,,,,,,,,,,,,,,,,,,,
2013-12-11,JK1171B9H8PKHT,Hitachi HDS722020ALA330,2000398934016,0,,0,,,,,,,,0,,,,,,24306,,,,,,,,,,,,,,,,,,,,,,,,,,,,,,28,,,,,,0,,,,,,,,,,,,,,,,,,,,,,,,,,,,
2013-12-11,S1F05WTQ,ST3000DM001,3000592982016,0,,219174176,,,,,,,,0,,,,,,14233,,,,,,,,,,,,,,,,,,,,,,,,,,,,,,23,,,,,,0,,,,,,,,,,,,,,,,,,,,,,,,,,,,
2013-12-11,JK1101B9JRLTRF,Hitachi HDS722020ALA330,2000398934016,0,,0,,,,,,,,0,,,,,,23319,,,,,,,,,,,,,,,,,,,,,,,,,,,,,,28,,,,,,0,,,,,,,,,,,,,,,,,,,,,,,,,,,,
2013-12-11,JK11A8B9J7WX3F,Hitachi HDS722020ALA330,2000398934016,0,,0,,,,,,,,0,,,,,,24666,,,,,,,,,,,,,,,,,,,,,,,,,,,,,,25,,,,,,0,,,,,,,,,,,,,,,,,,,,,,,,,,,,
2013-12-11,Z300W396,ST4000DM000,4000787030016,0,,26694600,,,,,,,,0,,,,,,923,,,,,,,,,,,,,,,,,,,,,,,,,,,,,,23,,,,,,0,,,,,,,,,,,,,,,,,,,,,,,,,,,,
2013-12-11,WD-WCAU47310927,WDC WD10EADS,1000204886016,0,,0,,,,,,,,0,,,,,,40839,,,,,,,,,,,,,,,,,,,,,,,,,,,,,,32,,,,,,0,,,,,,,,,,,,,,,,,,,,,,,,,,,,
2013-12-11,MJ1311YNG73HVA,Hitachi HDS5C3030ALA630,3000592982016,0,,0,,,,,,,,0,,,,,,14289,,,,,,,,,,,,,,,,,,,,,,,,,,,,,,30,,,,,,0,,,,,,,,,,,,,,,,,,,,,,,,,,,,
2013-12-11,JK11A8B9GPAULF,Hitachi HDS722020ALA330,2000398934016,0,,0,,,,,,,,0,,,,,,24214,,,,,,,,,,,,,,,,,,,,,,,,,,,,,,28,,,,,,0,,,,,,,,,,,,,,,,,,,,,,,,,,,,
2013-12-11,W300J3B0,ST4000DM000,4000787030016,0,,77870480,,,,,,,,0,,,,,,815,,,,,,,,,,,,,,,,,,,,,,,,,,,,,,20,,,,,,0,,,,,,,,,,,,,,,,,,,,,,,,,,,,
2013-12-11,MJ1311YNG5GVWA,Hitachi HDS5C3030ALA630,3000592982016,0,,0,,,,,,,,0,,,,,,14600,,,,,,,,,,,,,,,,,,,,,,,,,,,,,,21,,,,,,0,,,,,,,,,,,,,,,,,,,,,,,,,,,,
2013-12-11,S1F0TPC9,ST3000DM001,3000592982016,0,,3071608,,,,,,,,0,,,,,,10835,,,,,,,,,,,,,,,,,,,,,,,,,,,,,,35,,,,,,0,,,,,,,,,,,,,,,,,,,,,,,,,,,,
2013-12-11,W300A3G8,ST4000DM000,4000787030016,0,,140041048,,,,,,,,0,,,,,,1703,,,,,,,,,,,,,,,,,,,,,,,,,,,,,,24,,,,,,0,,,,,,,,,,,,,,,,,,,,,,,,,,,,
2013-12-11,PL1311LAG1RPMA,Hitachi HDS5C4040ALE630,4000787030016,0,,0,,,,,,,,0,,,,,,5191,,,,,,,,,,,,,,,,,,,,,,,,,,,,,,26,,,,,,0,,,,,,,,,,,,,,,,,,,,,,,,,,,,
2013-12-11,S1F0TPCT,ST3000DM001,3000592982016,0,,162498208,,,,,,,,0,,,,,,10720,,,,,,,,,,,,,,,,,,,,,,,,,,,,,,21,,,,,,0,,,,,,,,,,,,,,,,,,,,,,,,,,,,
2013-12-11,JK1101B9GEDWZT,Hitachi HDS722020ALA330,2000398934016,0,,65536,,,,,,,,0,,,,,,27542,,,,,,,,,,,,,,,,,,,,,,,,,,,,,,26,,,,,,0,,,,,,,,,,,,,,,,,,,,,,,,,,,,
2013-12-11,MJ1323YNG1T0EC,Hitachi HDS5C3030ALA630,3000592982016,0,,14548992,,,,,,,,0,,,,,,19731,,,,,,,,,,,,,,,,,,,,,,,,,,,,,,22,,,,,,0,,,,,,,,,,,,,,,,,,,,,,,,,,,,
2013-12-11,W300J3BB,ST4000DM000,4000787030016,0,,52615792,,,,,,,,0,,,,,,815,,,,,,,,,,,,,,,,,,,,,,,,,,,,,,21,,,,,,0,,,,,,,,,,,,,,,,,,,,,,,,,,,,
2013-12-11,WD-WCC1T1262523,WDC WD30EFRX,3000592982016,0,,0,,,,,,,,0,,,,,,1021,,,,,,,,,,,,,,,,,,,,,,,,,,,,,,21,,,,,,0,,,,,,,,,,,,,,,,,,,,,,,,,,,,
2013-12-11,Z300W39A,ST4000DM000,4000787030016,0,,213936352,,,,,,,,0,,,,,,918,,,,,,,,,,,,,,,,,,,,,,,,,,,,,,19,,,,,,0,,,,,,,,,,,,,,,,,,,,,,,,,,,,
2013-12-11,PL1321LAG32AGH,Hitachi HDS5C4040ALE630,4000787030016,0,,0,,,,,,,,0,,,,,,5958,,,,,,,,,,,,,,,,,,,,,,,,,,,,,,25,,,,,,0,,,,,,,,,,,,,,,,,,,,,,,,,,,,
2013-12-11,6XW04RZ1,ST31500541AS,1500301910016,0,,174701380,,,,,,,,0,,,,,,37068,,,,,,,,,,,,,,,,,,,,,,,,,,,,,,25,,,,,,0,,,,,,,,,,,,,,,,,,,,,,,,,,,,
2013-12-11,W1F11Z8N,ST3000DM001,3000592982016,0,,23255248,,,,,,,,0,,,,,,10229,,,,,,,,,,,,,,,,,,,,,,,,,,,,,,28,,,,,,0,,,,,,,,,,,,,,,,,,,,,,,,,,,,
2013-12-11,PL1321LAG34XBH,Hitachi HDS5C4040ALE630,4000787030016,0,,0,,,,,,,,0,,,,,,5137,,,,,,,,,,,,,,,,,,,,,,,,,,,,,,25,,,,,,0,,,,,,,,,,,,,,,,,,,,,,,,,,,,
2013-12-11,PL1311LAG2EDLH,Hitachi HDS5C4040ALE630,4000787030016,0,,0,,,,,,,,0,,,,,,7417,,,,,,,,,,,,,,,,,,,,,,,,,,,,,,21,,,,,,0,,,,,,,,,,,,,,,,,,,,,,,,,,,,
2013-12-11,Z300GYTS,ST4000DM000,4000787030016,0,,32190088,,,,,,,,0,,,,,,2899,,,,,,,,,,,,,,,,,,,,,,,,,,,,,,28,,,,,,0,,,,,,,,,,,,,,,,,,,,,,,,,,,,
2013-12-11,PL1311LAG1JTDA,Hitachi HDS5C4040ALE630,4000787030016,0,,0,,,,,,,,0,,,,,,7457,,,,,,,,,,,,,,,,,,,,,,,,,,,,,,27,,,,,,0,,,,,,,,,,,,,,,,,,,,,,,,,,,,
2013-12-11,MK0331YHGRMW7A,Hitachi HDS723030ALA640,3000592982016,0,,0,,,,,,,,0,,,,,,17355,,,,,,,,,,,,,,,,,,,,,,,,,,,,,,24,,,,,,0,,,,,,,,,,,,,,,,,,,,,,,,,,,,
2013-12-11,Z300NKN2,ST4000DM000,4000787030016,0,,238242576,,,,,,,,0,,,,,,1092,,,,,,,,,,,,,,,,,,,,,,,,,,,,,,26,,,,,,0,,,,,,,,,,,,,,,,,,,,,,,,,,,,
2013-12-11,JK1101B9JLVHYF,Hitachi HDS722020ALA330,2000398934016,0,,0,,,,,,,,1,,,,,,24099,,,,,,,,,,,,,,,,,,,,,,,,,,,,,,29,,,,,,0,,,,,,,,,,,,,,,,,,,,,,,,,,,,
2013-12-11,S1F06KQP,ST3000DM001,3000592982016,0,,155201352,,,,,,,,0,,,,,,13748,,,,,,,,,,,,,,,,,,,,,,,,,,,,,,23,,,,,,0,,,,,,,,,,,,,,,,,,,,,,,,,,,,
2013-12-11,S1F01AB8,ST3000DM001,3000592982016,0,,8114584,,,,,,,,1464,,,,,,15418,,,,,,,,,,,,,,,,,,,,,,,,,,,,,,27,,,,,,128,,,,,,,,,,,,,,,,,,,,,,,,,,,,
2013-12-11,Z300CQWS,ST4000DM000,4000787030016,0,,106467288,,,,,,,,0,,,,,,2272,,,,,,,,,,,,,,,,,,,,,,,,,,,,,,20,,,,,,0,,,,,,,,,,,,,,,,,,,,,,,,,,,,
2013-12-11,MJ1311YNG7ESSA,Hitachi HDS5C3030ALA630,3000592982016,0,,0,,,,,,,,0,,,,,,14593,,,,,,,,,,,,,,,,,,,,,,,,,,,,,,25,,,,,,0,,,,,,,,,,,,,,,,,,,,,,,,,,,,
2013-12-11,9XW01V39,ST31500541AS,1500301910016,0,,235647994,,,,,,,,0,,,,,,34325,,,,,,,,,,,,,,,,,,,,,,,,,,,,,,16,,,,,,0,,,,,,,,,,,,,,,,,,,,,,,,,,,,
2013-12-11,S1F06TCP,ST3000DM001,3000592982016,0,,235051968,,,,,,,,0,,,,,,13747,,,,,,,,,,,,,,,,,,,,,,,,,,,,,,21,,,,,,0,,,,,,,,,,,,,,,,,,,,,,,,,,,,
2013-12-11,S1F06TCM,ST3000DM001,3000592982016,0,,185768336,,,,,,,,0,,,,,,14234,,,,,,,,,,,,,,,,,,,,,,,,,,,,,,21,,,,,,0,,,,,,,,,,,,,,,,,,,,,,,,,,,,
2013-12-11,9VS29X5H,ST31500341AS,1500301910016,0,,127978629,,,,,,,,14,,,,,,38482,,,,,,,,,,,,,,,,,,,,,,,,,,,,,,23,,,,,,0,,,,,,,,,,,,,,,,,,,,,,,,,,,,
2013-12-11,Z300CQWE,ST4000DM000,4000787030016,0,,26389576,,,,,,,,0,,,,,,2245,,,,,,,,,,,,,,,,,,,,,,,,,,,,,,22,,,,,,0,,,,,,,,,,,,,,,,,,,,,,,,,,,,
2013-12-11,S1F06TCK,ST3000DM001,3000592982016,0,,169696152,,,,,,,,0,,,,,,13748,,,,,,,,,,,,,,,,,,,,,,,,,,,,,,23,,,,,,0,,,,,,,,,,,,,,,,,,,,,,,,,,,,
2013-12-11,MJ1311YNG5JDDA,Hitachi HDS5C3030ALA630,3000592982016,0,,0,,,,,,,,0,,,,,,14330,,,,,,,,,,,,,,,,,,,,,,,,,,,,,,35,,,,,,0,,,,,,,,,,,,,,,,,,,,,,,,,,,,
2013-12-11,JK1101B9JRM4WF,Hitachi HDS722020ALA330,2000398934016,0,,1376281,,,,,,,,3,,,,,,23125,,,,,,,,,,,,,,,,,,,,,,,,,,,,,,26,,,,,,0,,,,,,,,,,,,,,,,,,,,,,,,,,,,
2013-12-11,WD-WMC1T0898903,WDC WD30EFRX,3000592982016,0,,0,,,,,,,,0,,,,,,8840,,,,,,,,,,,,,,,,,,,,,,,,,,,,,,29,,,,,,0,,,,,,,,,,,,,,,,,,,,,,,,,,,,
2013-12-11,Z300CQW9,ST4000DM000,4000787030016,0,,156666520,,,,,,,,0,,,,,,2257,,,,,,,,,,,,,,,,,,,,,,,,,,,,,,23,,,,,,0,,,,,,,,,,,,,,,,,,,,,,,,,,,,
2013-12-11,MJ0351YNG9S2JA,Hitachi HDS5C3030ALA630,3000592982016,0,,0,,,,,,,,0,,,,,,9163,,,,,,,,,,,,,,,,,,,,,,,,,,,,,,30,,,,,,0,,,,,,,,,,,,,,,,,,,,,,,,,,,,
2013-12-11,PL1311LAG25P1A,Hitachi HDS5C4040ALE630,4000787030016,0,,0,,,,,,,,0,,,,,,6653,,,,,,,,,,,,,,,,,,,,,,,,,,,,,,28,,,,,,0,,,,,,,,,,,,,,,,,,,,,,,,,,,,
2013-12-11,JK1101B9KBK5ZF,Hitachi HDS722020ALA330,2000398934016,0,,0,,,,,,,,0,,,,,,22862,,,,,,,,,,,,,,,,,,,,,,,,,,,,,,28,,,,,,0,,,,,,,,,,,,,,,,,,,,,,,,,,,,
2013-12-11,S1F0TQCF,ST3000DM001,3000592982016,0,,37685680,,,,,,,,0,,,,,,10760,,,,,,,,,,,,,,,,,,,,,,,,,,,,,,27,,,,,,0,,,,,,,,,,,,,,,,,,,,,,,,,,,,
2013-12-11,MJ0351YNG9UAJA,Hitachi HDS5C3030ALA630,3000592982016,0,,0,,,,,,,,0,,,,,,9552,,,,,,,,,,,,,,,,,,,,,,,,,,,,,,31,,,,,,0,,,,,,,,,,,,,,,,,,,,,,,,,,,,
2013-12-11,MJ1323YNG1M2VC,Hitachi HDS5C3030ALA630,3000592982016,0,,0,,,,,,,,0,,,,,,19744,,,,,,,,,,,,,,,,,,,,,,,,,,,,,,25,,,,,,0,,,,,,,,,,,,,,,,,,,,,,,,,,,,
2013-12-11,W300BKWJ,ST4000DM000,4000787030016,0,,198930816,,,,,,,,0,,,,,,2247,,,,,,,,,,,,,,,,,,,,,,,,,,,,,,21,,,,,,0,,,,,,,,,,,,,,,,,,,,,,,,,,,,
2013-12-11,Z300NKNY,ST4000DM000,4000787030016,0,,69776576,,,,,,,,0,,,,,,1233,,,,,,,,,,,,,,,,,,,,,,,,,,,,,,20,,,,,,0,,,,,,,,,,,,,,,,,,,,,,,,,,,,
2013-12-11,S1F0TQCV,ST3000DM001,3000592982016,0,,213250736,,,,,,,,0,,,,,,10727,,,,,,,,,,,,,,,,,,,,,,,,,,,,,,25,,,,,,0,,,,,,,,,,,,,,,,,,,,,,,,,,,,
2013-12-11,W300D3S2,ST4000DM000,4000787030016,0,,131284504,,,,,,,,0,,,,,,2177,,,,,,,,,,,,,,,,,,,,,,,,,,,,,,22,,,,,,0,,,,,,,,,,,,,,,,,,,,,,,,,,,,
2013-12-11,Z290KJHL,ST33000651AS,3000592982016,0,,128520277,,,,,,,,0,,,,,,15916,,,,,,,,,,,,,,,,,,,,,,,,,,,,,,27,,,,,,0,,,,,,,,,,,,,,,,,,,,,,,,,,,,
2013-12-11,MJ1311YNG36DLA,Hitachi HDS5C3030ALA630,3000592982016,0,,131072,,,,,,,,0,,,,,,18387,,,,,,,,,,,,,,,,,,,,,,,,,,,,,,23,,,,,,0,,,,,,,,,,,,,,,,,,,,,,,,,,,,
2013-12-11,9XW01RRZ,ST31500541AS,1500301910016,0,,65857457,,,,,,,,0,,,,,,35030,,,,,,,,,,,,,,,,,,,,,,,,,,,,,,20,,,,,,0,,,,,,,,,,,,,,,,,,,,,,,,,,,,
2013-12-11,PL1311LAG3E80H,Hitachi HDS5C4040ALE630,4000787030016,0,,0,,,,,,,,0,,,,,,5142,,,,,,,,,,,,,,,,,,,,,,,,,,,,,,25,,,,,,0,,,,,,,,,,,,,,,,,,,,,,,,,,,,
2013-12-11,6XW0E36K,ST32000542AS,2000398934016,0,,15758716,,,,,,,,0,,,,,,26712,,,,,,,,,,,,,,,,,,,,,,,,,,,,,,26,,,,,,0,,,,,,,,,,,,,,,,,,,,,,,,,,,,
2013-12-11,JK1105B8GDMALX,Hitachi HDS722020ALA330,2000398934016,0,,3145783,,,,,,,,0,,,,,,26858,,,,,,,,,,,,,,,,,,,,,,,,,,,,,,30,,,,,,0,,,,,,,,,,,,,,,,,,,,,,,,,,,,
2013-12-11,JK11A5B8J7SSPX,Hitachi HDS722020ALA330,2000398934016,0,,0,,,,,,,,0,,,,,,22415,,,,,,,,,,,,,,,,,,,,,,,,,,,,,,27,,,,,,0,,,,,,,,,,,,,,,,,,,,,,,,,,,,
2013-12-11,PL1311LAG3B92H,Hitachi HDS5C4040ALE630,4000787030016,0,,0,,,,,,,,0,,,,,,5962,,,,,,,,,,,,,,,,,,,,,,,,,,,,,,19,,,,,,0,,,,,,,,,,,,,,,,,,,,,,,,,,,,
2013-12-11,PL1311LAG38SMH,Hitachi HDS5C4040ALE630,4000787030016,0,,0,,,,,,,,0,,,,,,5058,,,,,,,,,,,,,,,,,,,,,,,,,,,,,,28,,,,,,0,,,,,,,,,,,,,,,,,,,,,,,,,,,,
2013-12-11,W1F09DT2,ST3000DM001,3000592982016,0,,204115216,,,,,,,,0,,,,,,15365,,,,,,,,,,,,,,,,,,,,,,,,,,,,,,20,,,,,,0,,,,,,,,,,,,,,,,,,,,,,,,,,,,
2013-12-11,MJ1323YNG1BL2C,Hitachi HDS5C3030ALA630,3000592982016,0,,0,,,,,,,,0,,,,,,19745,,,,,,,,,,,,,,,,,,,,,,,,,,,,,,27,,,,,,0,,,,,,,,,,,,,,,,,,,,,,,,,,,,
2013-12-11,JK11A5B8J7SM0X,Hitachi HDS722020ALA330,2000398934016,0,,0,,,,,,,,0,,,,,,22698,,,,,,,,,,,,,,,,,,,,,,,,,,,,,,31,,,,,,0,,,,,,,,,,,,,,,,,,,,,,,,,,,,
2013-12-11,Z300CXGF,ST4000DM000,4000787030016,0,,120240976,,,,,,,,0,,,,,,2243,,,,,,,,,,,,,,,,,,,,,,,,,,,,,,20,,,,,,0,,,,,,,,,,,,,,,,,,,,,,,,,,,,
2013-12-11,S1F0S4X2,ST3000DM001,3000592982016,0,,48481816,,,,,,,,0,,,,,,10501,,,,,,,,,,,,,,,,,,,,,,,,,,,,,,23,,,,,,0,,,,,,,,,,,,,,,,,,,,,,,,,,,,
2013-12-11,W300AX6L,ST4000DM000,4000787030016,0,,141091304,,,,,,,,0,,,,,,4139,,,,,,,,,,,,,,,,,,,,,,,,,,,,,,23,,,,,,0,,,,,,,,,,,,,,,,,,,,,,,,,,,,
2013-12-11,WD-WCAU47261869,WDC WD10EADS,1000204886016,0,,0,,,,,,,,0,,,,,,40806,,,,,,,,,,,,,,,,,,,,,,,,,,,,,,29,,,,,,0,,,,,,,,,,,,,,,,,,,,,,,,,,,,
2013-12-11,WD-WCAU47261868,WDC WD10EADS,1000204886016,0,,0,,,,,,,,0,,,,,,40863,,,,,,,,,,,,,,,,,,,,,,,,,,,,,,31,,,,,,0,,,,,,,,,,,,,,,,,,,,,,,,,,,,
2013-12-11,WD-WCAU47261867,WDC WD10EADS,1000204886016,0,,0,,,,,,,,0,,,,,,40844,,,,,,,,,,,,,,,,,,,,,,,,,,,,,,31,,,,,,0,,,,,,,,,,,,,,,,,,,,,,,,,,,,
2013-12-11,WD-WCAU47261864,WDC WD10EADS,1000204886016,0,,1,,,,,,,,0,,,,,,40821,,,,,,,,,,,,,,,,,,,,,,,,,,,,,,26,,,,,,0,,,,,,,,,,,,,,,,,,,,,,,,,,,,
2013-12-11,S1F0S4XE,ST3000DM001,3000592982016,0,,125551560,,,,,,,,0,,,,,,10836,,,,,,,,,,,,,,,,,,,,,,,,,,,,,,28,,,,,,0,,,,,,,,,,,,,,,,,,,,,,,,,,,,
2013-12-11,JK1101B8HZM1KZ,Hitachi HDS722020ALA330,2000398934016,0,,0,,,,,,,,0,,,,,,22703,,,,,,,,,,,,,,,,,,,,,,,,,,,,,,26,,,,,,0,,,,,,,,,,,,,,,,,,,,,,,,,,,,
2013-12-11,W1F0YKBQ,ST3000DM001,3000592982016,0,,232639032,,,,,,,,0,,,,,,8163,,,,,,,,,,,,,,,,,,,,,,,,,,,,,,27,,,,,,0,,,,,,,,,,,,,,,,,,,,,,,,,,,,
2013-12-11,MJ0351YNG9UGPA,Hitachi HDS5C3030ALA630,3000592982016,0,,0,,,,,,,,0,,,,,,7612,,,,,,,,,,,,,,,,,,,,,,,,,,,,,,23,,,,,,0,,,,,,,,,,,,,,,,,,,,,,,,,,,,
2013-12-11,MJ1311YNG3JE6A,Hitachi HDS5C3030ALA630,3000592982016,0,,0,,,,,,,,0,,,,,,19254,,,,,,,,,,,,,,,,,,,,,,,,,,,,,,25,,,,,,0,,,,,,,,,,,,,,,,,,,,,,,,,,,,
2013-12-11,W1F08HL6,ST3000DM001,3000592982016,0,,137091280,,,,,,,,0,,,,,,13361,,,,,,,,,,,,,,,,,,,,,,,,,,,,,,24,,,,,,0,,,,,,,,,,,,,,,,,,,,,,,,,,,,
2013-12-11,MJ0351YNG9SH2A,Hitachi HDS5C3030ALA630,3000592982016,0,,0,,,,,,,,0,,,,,,8617,,,,,,,,,,,,,,,,,,,,,,,,,,,,,,30,,,,,,0,,,,,,,,,,,,,,,,,,,,,,,,,,,,
2013-12-11,S1F036XG,ST3000DM001,3000592982016,0,,37648344,,,,,,,,0,,,,,,14720,,,,,,,,,,,,,,,,,,,,,,,,,,,,,,21,,,,,,24,,,,,,,,,,,,,,,,,,,,,,,,,,,,
2013-12-11,JK11A8B9GNL6SF,Hitachi HDS722020ALA330,2000398934016,0,,0,,,,,,,,0,,,,,,26763,,,,,,,,,,,,,,,,,,,,,,,,,,,,,,24,,,,,,0,,,,,,,,,,,,,,,,,,,,,,,,,,,,
2013-12-11,Z1F0MXFY,ST3000DM001,3000592982016,0,,223424160,,,,,,,,0,,,,,,8184,,,,,,,,,,,,,,,,,,,,,,,,,,,,,,23,,,,,,0,,,,,,,,,,,,,,,,,,,,,,,,,,,,
2013-12-11,PL1311LAG2BLZH,Hitachi HDS5C4040ALE630,4000787030016,0,,0,,,,,,,,0,,,,,,6655,,,,,,,,,,,,,,,,,,,,,,,,,,,,,,21,,,,,,0,,,,,,,,,,,,,,,,,,,,,,,,,,,,
2013-12-11,WD-WCC070161145,WDC WD30EZRX,3000592982016,0,,6,,,,,,,,0,,,,,,8603,,,,,,,,,,,,,,,,,,,,,,,,,,,,,,22,,,,,,67,,,,,,,,,,,,,,,,,,,,,,,,,,,,
2013-12-11,MJ1311YNG3904A,Hitachi HDS5C3030ALA630,3000592982016,0,,0,,,,,,,,0,,,,,,18928,,,,,,,,,,,,,,,,,,,,,,,,,,,,,,26,,,,,,0,,,,,,,,,,,,,,,,,,,,,,,,,,,,
2013-12-11,MJ0351YNGA190A,Hitachi HDS5C3030ALA630,3000592982016,0,,0,,,,,,,,0,,,,,,9132,,,,,,,,,,,,,,,,,,,,,,,,,,,,,,28,,,,,,0,,,,,,,,,,,,,,,,,,,,,,,,,,,,
2013-12-11,W1F0996H,ST3000DM001,3000592982016,0,,208859520,,,,,,,,0,,,,,,14728,,,,,,,,,,,,,,,,,,,,,,,,,,,,,,22,,,,,,0,,,,,,,,,,,,,,,,,,,,,,,,,,,,
2013-12-11,W1F0VL9X,ST3000DM001,3000592982016,0,,100601616,,,,,,,,0,,,,,,11641,,,,,,,,,,,,,,,,,,,,,,,,,,,,,,21,,,,,,0,,,,,,,,,,,,,,,,,,,,,,,,,,,,
2013-12-11,5XW15BZV,ST31500541AS,1500301910016,0,,28392895,,,,,,,,0,,,,,,11539,,,,,,,,,,,,,,,,,,,,,,,,,,,,,,15,,,,,,0,,,,,,,,,,,,,,,,,,,,,,,,,,,,
2013-12-11,MJ1311YNG1ASPA,Hitachi HDS5C3030ALA630,3000592982016,0,,0,,,,,,,,0,,,,,,20731,,,,,,,,,,,,,,,,,,,,,,,,,,,,,,25,,,,,,0,,,,,,,,,,,,,,,,,,,,,,,,,,,,
2013-12-11,JK1171B9HKVG5T,Hitachi HDS722020ALA330,2000398934016,0,,0,,,,,,,,0,,,,,,25981,,,,,,,,,,,,,,,,,,,,,,,,,,,,,,29,,,,,,0,,,,,,,,,,,,,,,,,,,,,,,,,,,,
2013-12-11,W300BY36,ST4000DM000,4000787030016,0,,47610104,,,,,,,,0,,,,,,4138,,,,,,,,,,,,,,,,,,,,,,,,,,,,,,25,,,,,,0,,,,,,,,,,,,,,,,,,,,,,,,,,,,
2013-12-11,Z300W5K0,ST4000DM000,4000787030016,0,,174992312,,,,,,,,0,,,,,,919,,,,,,,,,,,,,,,,,,,,,,,,,,,,,,20,,,,,,0,,,,,,,,,,,,,,,,,,,,,,,,,,,,
2013-12-11,PL1321LAG364GH,Hitachi HDS5C4040ALE630,4000787030016,0,,0,,,,,,,,0,,,,,,5052,,,,,,,,,,,,,,,,,,,,,,,,,,,,,,27,,,,,,0,,,,,,,,,,,,,,,,,,,,,,,,,,,,
2013-12-11,W1F08HLT,ST3000DM001,3000592982016,0,,107699168,,,,,,,,0,,,,,,13373,,,,,,,,,,,,,,,,,,,,,,,,,,,,,,20,,,,,,0,,,,,,,,,,,,,,,,,,,,,,,,,,,,
2013-12-11,JK11A8B9HX07DF,Hitachi HDS722020ALA330,2000398934016,0,,0,,,,,,,,2,,,,,,26010,,,,,,,,,,,,,,,,,,,,,,,,,,,,,,24,,,,,,0,,,,,,,,,,,,,,,,,,,,,,,,,,,,
2013-12-11,Z300XEGB,ST4000DM000,4000787030016,0,,36148392,,,,,,,,0,,,,,,920,,,,,,,,,,,,,,,,,,,,,,,,,,,,,,19,,,,,,0,,,,,,,,,,,,,,,,,,,,,,,,,,,,
2013-12-11,MJ1323YNG18JBC,Hitachi HDS5C3030ALA630,3000592982016,0,,0,,,,,,,,0,,,,,,20507,,,,,,,,,,,,,,,,,,,,,,,,,,,,,,28,,,,,,0,,,,,,,,,,,,,,,,,,,,,,,,,,,,
2013-12-11,PL1321LAGAXJKH,Hitachi HDS5C4040ALE630,4000787030016,0,,0,,,,,,,,0,,,,,,5064,,,,,,,,,,,,,,,,,,,,,,,,,,,,,,30,,,,,,0,,,,,,,,,,,,,,,,,,,,,,,,,,,,
2013-12-11,MJ1311YNG7K51A,Hitachi HDS5C3030ALA630,3000592982016,0,,0,,,,,,,,0,,,,,,14682,,,,,,,,,,,,,,,,,,,,,,,,,,,,,,19,,,,,,0,,,,,,,,,,,,,,,,,,,,,,,,,,,,
2013-12-11,JK11A4B8J3218W,Hitachi HDS722020ALA330,2000398934016,0,,0,,,,,,,,0,,,,,,26027,,,,,,,,,,,,,,,,,,,,,,,,,,,,,,26,,,,,,0,,,,,,,,,,,,,,,,,,,,,,,,,,,,
2013-12-11,S1F0AADQ,ST3000DM001,3000592982016,0,,232609024,,,,,,,,0,,,,,,12318,,,,,,,,,,,,,,,,,,,,,,,,,,,,,,30,,,,,,0,,,,,,,,,,,,,,,,,,,,,,,,,,,,
2013-12-11,JK11A8B9GP4ZVF,Hitachi HDS722020ALA330,2000398934016,0,,0,,,,,,,,0,,,,,,23577,,,,,,,,,,,,,,,,,,,,,,,,,,,,,,24,,,,,,0,,,,,,,,,,,,,,,,,,,,,,,,,,,,
2013-12-11,MJ0351YNGA6GMA,Hitachi HDS5C3030ALA630,3000592982016,0,,0,,,,,,,,0,,,,,,7938,,,,,,,,,,,,,,,,,,,,,,,,,,,,,,22,,,,,,0,,,,,,,,,,,,,,,,,,,,,,,,,,,,
2013-12-11,Z300XEG8,ST4000DM000,4000787030016,0,,113673672,,,,,,,,0,,,,,,612,,,,,,,,,,,,,,,,,,,,,,,,,,,,,,18,,,,,,0,,,,,,,,,,,,,,,,,,,,,,,,,,,,
2013-12-11,Z300K0R8,ST4000DM000,4000787030016,0,,157854456,,,,,,,,0,,,,,,2238,,,,,,,,,,,,,,,,,,,,,,,,,,,,,,19,,,,,,0,,,,,,,,,,,,,,,,,,,,,,,,,,,,
2013-12-11,MK0301YHGEJ0HA,Hitachi HDS723030ALA640,3000592982016,0,,17760443,,,,,,,,0,,,,,,17010,,,,,,,,,,,,,,,,,,,,,,,,,,,,,,32,,,,,,0,,,,,,,,,,,,,,,,,,,,,,,,,,,,
2013-12-11,Z300KKG8,ST4000DM000,4000787030016,0,,147740904,,,,,,,,0,,,,,,1225,,,,,,,,,,,,,,,,,,,,,,,,,,,,,,24,,,,,,0,,,,,,,,,,,,,,,,,,,,,,,,,,,,
2013-12-11,WD-WMC1T0746466,WDC WD30EFRX,3000592982016,0,,0,,,,,,,,0,,,,,,8840,,,,,,,,,,,,,,,,,,,,,,,,,,,,,,28,,,,,,0,,,,,,,,,,,,,,,,,,,,,,,,,,,,
2013-12-11,WD-WCAU42421459,WDC WD10EACS,1000204886016,0,,1,,,,,,,,0,,,,,,42828,,,,,,,,,,,,,,,,,,,,,,,,,,,,,,20,,,,,,0,,,,,,,,,,,,,,,,,,,,,,,,,,,,
2013-12-11,9VS22171,ST31500341AS,1500301910016,0,,191889037,,,,,,,,20,,,,,,38101,,,,,,,,,,,,,,,,,,,,,,,,,,,,,,21,,,,,,0,,,,,,,,,,,,,,,,,,,,,,,,,,,,
2013-12-11,9VS3HND3,ST31500341AS,1500301910016,0,,42434364,,,,,,,,12,,,,,,30403,,,,,,,,,,,,,,,,,,,,,,,,,,,,,,32,,,,,,0,,,,,,,,,,,,,,,,,,,,,,,,,,,,
2013-12-11,Z290RBAK,ST33000651AS,3000592982016,0,,147329643,,,,,,,,0,,,,,,17050,,,,,,,,,,,,,,,,,,,,,,,,,,,,,,26,,,,,,0,,,,,,,,,,,,,,,,,,,,,,,,,,,,
2013-12-11,MJ1311YNG38NSA,Hitachi HDS5C3030ALA630,3000592982016,0,,0,,,,,,,,0,,,,,,18065,,,,,,,,,,,,,,,,,,,,,,,,,,,,,,23,,,,,,0,,,,,,,,,,,,,,,,,,,,,,,,,,,,
2013-12-11,JK1105B8GED1ZX,Hitachi HDS722020ALA330,2000398934016,0,,1,,,,,,,,0,,,,,,27169,,,,,,,,,,,,,,,,,,,,,,,,,,,,,,24,,,,,,0,,,,,,,,,,,,,,,,,,,,,,,,,,,,
2013-12-11,W300D4PR,ST4000DM000,4000787030016,0,,45772272,,,,,,,,0,,,,,,4291,,,,,,,,,,,,,,,,,,,,,,,,,,,,,,23,,,,,,0,,,,,,,,,,,,,,,,,,,,,,,,,,,,
2013-12-11,PL1310LAG0BWTA,Hitachi HDS5C4040ALE630,4000787030016,0,,0,,,,,,,,0,,,,,,12997,,,,,,,,,,,,,,,,,,,,,,,,,,,,,,26,,,,,,0,,,,,,,,,,,,,,,,,,,,,,,,,,,,
2013-12-11,JK11A8B9GMRP3F,Hitachi HDS722020ALA330,2000398934016,0,,0,,,,,,,,0,,,,,,26763,,,,,,,,,,,,,,,,,,,,,,,,,,,,,,25,,,,,,0,,,,,,,,,,,,,,,,,,,,,,,,,,,,
2013-12-11,5XW2KEB7,ST32000542AS,2000398934016,0,,231037363,,,,,,,,0,,,,,,16928,,,,,,,,,,,,,,,,,,,,,,,,,,,,,,26,,,,,,0,,,,,,,,,,,,,,,,,,,,,,,,,,,,
2013-12-11,MJ1311YNG2RW8A,Hitachi HDS5C3030ALA630,3000592982016,0,,33357824,,,,,,,,0,,,,,,18386,,,,,,,,,,,,,,,,,,,,,,,,,,,,,,23,,,,,,0,,,,,,,,,,,,,,,,,,,,,,,,,,,,
2013-12-11,PL1311LAG3AHXH,Hitachi HDS5C4040ALE630,4000787030016,0,,0,,,,,,,,0,,,,,,5925,,,,,,,,,,,,,,,,,,,,,,,,,,,,,,22,,,,,,0,,,,,,,,,,,,,,,,,,,,,,,,,,,,
2013-12-11,S1F0LQDQ,ST3000DM001,3000592982016,0,,44462104,,,,,,,,0,,,,,,7874,,,,,,,,,,,,,,,,,,,,,,,,,,,,,,25,,,,,,0,,,,,,,,,,,,,,,,,,,,,,,,,,,,
2013-12-11,9VS29FZ9,ST31500341AS,1500301910016,0,,45613960,,,,,,,,2,,,,,,38491,,,,,,,,,,,,,,,,,,,,,,,,,,,,,,21,,,,,,0,,,,,,,,,,,,,,,,,,,,,,,,,,,,
2013-12-11,PL1311LAG281VH,Hitachi HDS5C4040ALE630,4000787030016,0,,0,,,,,,,,0,,,,,,6074,,,,,,,,,,,,,,,,,,,,,,,,,,,,,,17,,,,,,0,,,,,,,,,,,,,,,,,,,,,,,,,,,,
2013-12-11,5XW2MVQN,ST32000542AS,2000398934016,0,,95057753,,,,,,,,0,,,,,,7227,,,,,,,,,,,,,,,,,,,,,,,,,,,,,,25,,,,,,0,,,,,,,,,,,,,,,,,,,,,,,,,,,,
2013-12-11,WD-WCAWZ1149333,WDC WD30EZRX,3000592982016,0,,0,,,,,,,,0,,,,,,17618,,,,,,,,,,,,,,,,,,,,,,,,,,,,,,21,,,,,,0,,,,,,,,,,,,,,,,,,,,,,,,,,,,
2013-12-11,W1F08PTA,ST3000DM001,3000592982016,0,,221597992,,,,,,,,0,,,,,,15216,,,,,,,,,,,,,,,,,,,,,,,,,,,,,,23,,,,,,32,,,,,,,,,,,,,,,,,,,,,,,,,,,,
2013-12-11,W300D81E,ST4000DM000,4000787030016,0,,202002512,,,,,,,,0,,,,,,4165,,,,,,,,,,,,,,,,,,,,,,,,,,,,,,25,,,,,,0,,,,,,,,,,,,,,,,,,,,,,,,,,,,
2013-12-11,PL1321LAGAXVMH,Hitachi HDS5C4040ALE630,4000787030016,0,,0,,,,,,,,0,,,,,,5064,,,,,,,,,,,,,,,,,,,,,,,,,,,,,,30,,,,,,0,,,,,,,,,,,,,,,,,,,,,,,,,,,,
2013-12-11,MK0333YHGPDYSC,Hitachi HDS723030ALA640,3000592982016,0,,0,,,,,,,,0,,,,,,17033,,,,,,,,,,,,,,,,,,,,,,,,,,,,,,27,,,,,,0,,,,,,,,,,,,,,,,,,,,,,,,,,,,
2013-12-11,MJ1323YNG1JMZC,Hitachi HDS5C3030ALA630,3000592982016,0,,0,,,,,,,,0,,,,,,19772,,,,,,,,,,,,,,,,,,,,,,,,,,,,,,22,,,,,,0,,,,,,,,,,,,,,,,,,,,,,,,,,,,
2013-12-11,JK1101B9J3ARZF,Hitachi HDS722020ALA330,2000398934016,0,,0,,,,,,,,0,,,,,,23823,,,,,,,,,,,,,,,,,,,,,,,,,,,,,,23,,,,,,0,,,,,,,,,,,,,,,,,,,,,,,,,,,,
2013-12-11,S1F0GKFX,ST3000DM001,3000592982016,0,,229029984,,,,,,,,0,,,,,,11723,,,,,,,,,,,,,,,,,,,,,,,,,,,,,,27,,,,,,0,,,,,,,,,,,,,,,,,,,,,,,,,,,,
2013-12-11,PL1321LAG34Z1H,Hitachi HDS5C4040ALE630,4000787030016,0,,0,,,,,,,,0,,,,,,6654,,,,,,,,,,,,,,,,,,,,,,,,,,,,,,20,,,,,,0,,,,,,,,,,,,,,,,,,,,,,,,,,,,
2013-12-11,JK1101B8KNDKTS,Hitachi HDS722020ALA330,2000398934016,0,,0,,,,,,,,19,,,,,,23099,,,,,,,,,,,,,,,,,,,,,,,,,,,,,,26,,,,,,0,,,,,,,,,,,,,,,,,,,,,,,,,,,,
2013-12-11,JK1101B9JPNVZF,Hitachi HDS722020ALA330,2000398934016,0,,0,,,,,,,,1,,,,,,24100,,,,,,,,,,,,,,,,,,,,,,,,,,,,,,26,,,,,,0,,,,,,,,,,,,,,,,,,,,,,,,,,,,
2013-12-11,JK1181YAJ4DBHV,Hitachi HDS722020ALA330,2000398934016,0,,0,,,,,,,,0,,,,,,30255,,,,,,,,,,,,,,,,,,,,,,,,,,,,,,23,,,,,,0,,,,,,,,,,,,,,,,,,,,,,,,,,,,
2013-12-11,JK1101B9GE5AGF,Hitachi HDS722020ALA330,2000398934016,0,,0,,,,,,,,0,,,,,,26929,,,,,,,,,,,,,,,,,,,,,,,,,,,,,,25,,,,,,0,,,,,,,,,,,,,,,,,,,,,,,,,,,,
2013-12-11,JK11A8B9J3A42F,Hitachi HDS722020ALA330,2000398934016,0,,0,,,,,,,,0,,,,,,24432,,,,,,,,,,,,,,,,,,,,,,,,,,,,,,28,,,,,,0,,,,,,,,,,,,,,,,,,,,,,,,,,,,
2013-12-11,W3004WAF,ST4000DM000,4000787030016,0,,55992880,,,,,,,,0,,,,,,2875,,,,,,,,,,,,,,,,,,,,,,,,,,,,,,22,,,,,,0,,,,,,,,,,,,,,,,,,,,,,,,,,,,
2013-12-11,W300BJ2Y,ST4000DM000,4000787030016,0,,65991560,,,,,,,,0,,,,,,4189,,,,,,,,,,,,,,,,,,,,,,,,,,,,,,26,,,,,,0,,,,,,,,,,,,,,,,,,,,,,,,,,,,
2013-12-11,MJ0351YNGAAHVA,Hitachi HDS5C3030ALA630,3000592982016,0,,0,,,,,,,,0,,,,,,8212,,,,,,,,,,,,,,,,,,,,,,,,,,,,,,33,,,,,,0,,,,,,,,,,,,,,,,,,,,,,,,,,,,
2013-12-11,MK0311YHGKAWPA,Hitachi HDS723030ALA640,3000592982016,0,,0,,,,,,,,0,,,,,,16682,,,,,,,,,,,,,,,,,,,,,,,,,,,,,,28,,,,,,0,,,,,,,,,,,,,,,,,,,,,,,,,,,,
2013-12-11,W3009YKQ,ST4000DM000,4000787030016,0,,64426264,,,,,,,,0,,,,,,3328,,,,,,,,,,,,,,,,,,,,,,,,,,,,,,20,,,,,,0,,,,,,,,,,,,,,,,,,,,,,,,,,,,
2013-12-11,W300BJ2A,ST4000DM000,4000787030016,0,,220782168,,,,,,,,0,,,,,,4044,,,,,,,,,,,,,,,,,,,,,,,,,,,,,,21,,,,,,0,,,,,,,,,,,,,,,,,,,,,,,,,,,,
2013-12-11,S1F09080,ST3000DM001,3000592982016,0,,166486832,,,,,,,,0,,,,,,12422,,,,,,,,,,,,,,,,,,,,,,,,,,,,,,34,,,,,,0,,,,,,,,,,,,,,,,,,,,,,,,,,,,
2013-12-11,PL1311LAG20W7A,Hitachi HDS5C4040ALE630,4000787030016,0,,0,,,,,,,,0,,,,,,7461,,,,,,,,,,,,,,,,,,,,,,,,,,,,,,27,,,,,,0,,,,,,,,,,,,,,,,,,,,,,,,,,,,
2013-12-11,JK11A8B9J30MGF,Hitachi HDS722020ALA330,2000398934016,0,,0,,,,,,,,5,,,,,,23948,,,,,,,,,,,,,,,,,,,,,,,,,,,,,,24,,,,,,0,,,,,,,,,,,,,,,,,,,,,,,,,,,,
2013-12-11,Z1F0NLV7,ST3000DM001,3000592982016,0,,174443928,,,,,,,,0,,,,,,12616,,,,,,,,,,,,,,,,,,,,,,,,,,,,,,26,,,,,,0,,,,,,,,,,,,,,,,,,,,,,,,,,,,
2013-12-11,PL1331LAG5GUKH,HGST HMS5C4040ALE640,4000787030016,0,,0,,,,,,,,0,,,,,,9402,,,,,,,,,,,,,,,,,,,,,,,,,,,,,,27,,,,,,0,,,,,,,,,,,,,,,,,,,,,,,,,,,,
2013-12-11,Z300MQR9,ST4000DM000,4000787030016,0,,214359400,,,,,,,,0,,,,,,2921,,,,,,,,,,,,,,,,,,,,,,,,,,,,,,23,,,,,,0,,,,,,,,,,,,,,,,,,,,,,,,,,,,
2013-12-11,Z300MQR7,ST4000DM000,4000787030016,0,,168862472,,,,,,,,0,,,,,,2880,,,,,,,,,,,,,,,,,,,,,,,,,,,,,,22,,,,,,0,,,,,,,,,,,,,,,,,,,,,,,,,,,,
2013-12-11,9VS3JLLS,ST31500341AS,1500301910016,0,,44078865,,,,,,,,10,,,,,,32907,,,,,,,,,,,,,,,,,,,,,,,,,,,,,,22,,,,,,0,,,,,,,,,,,,,,,,,,,,,,,,,,,,
2013-12-11,PL1311LAG1RLLA,Hitachi HDS5C4040ALE630,4000787030016,0,,0,,,,,,,,0,,,,,,7404,,,,,,,,,,,,,,,,,,,,,,,,,,,,,,28,,,,,,0,,,,,,,,,,,,,,,,,,,,,,,,,,,,
2013-12-11,6XW01CTW,ST320005XXXX,2000398934016,0,,51782574,,,,,,,,0,,,,,,29401,,,,,,,,,,,,,,,,,,,,,,,,,,,,,,24,,,,,,0,,,,,,,,,,,,,,,,,,,,,,,,,,,,
2013-12-11,Z2623WBAS,TOSHIBA DT01ACA300,3000592982016,0,,0,,,,,,,,0,,,,,,6612,,,,,,,,,,,,,,,,,,,,,,,,,,,,,,26,,,,,,0,,,,,,,,,,,,,,,,,,,,,,,,,,,,
2013-12-11,JK11A8B9J42PDF,Hitachi HDS722020ALA330,2000398934016,0,,0,,,,,,,,0,,,,,,23544,,,,,,,,,,,,,,,,,,,,,,,,,,,,,,39,,,,,,0,,,,,,,,,,,,,,,,,,,,,,,,,,,,
2013-12-11,MJ1311YNG3986A,Hitachi HDS5C3030ALA630,3000592982016,0,,0,,,,,,,,0,,,,,,19587,,,,,,,,,,,,,,,,,,,,,,,,,,,,,,28,,,,,,0,,,,,,,,,,,,,,,,,,,,,,,,,,,,
2013-12-11,S1F01701,ST3000DM001,3000592982016,0,,95118392,,,,,,,,0,,,,,,15319,,,,,,,,,,,,,,,,,,,,,,,,,,,,,,18,,,,,,0,,,,,,,,,,,,,,,,,,,,,,,,,,,,
2013-12-11,Z300MHY4,ST4000DM000,4000787030016,0,,76406288,,,,,,,,0,,,,,,2893,,,,,,,,,,,,,,,,,,,,,,,,,,,,,,26,,,,,,0,,,,,,,,,,,,,,,,,,,,,,,,,,,,
2013-12-11,MJ1311YNG3GM6A,Hitachi HDS5C3030ALA630,3000592982016,0,,0,,,,,,,,0,,,,,,19254,,,,,,,,,,,,,,,,,,,,,,,,,,,,,,24,,,,,,0,,,,,,,,,,,,,,,,,,,,,,,,,,,,
2013-12-11,Z300HKS9,ST4000DM000,4000787030016,0,,47114664,,,,,,,,0,,,,,,2844,,,,,,,,,,,,,,,,,,,,,,,,,,,,,,27,,,,,,0,,,,,,,,,,,,,,,,,,,,,,,,,,,,
2013-12-11,S1F0T1J1,ST3000DM001,3000592982016,0,,108035200,,,,,,,,0,,,,,,10836,,,,,,,,,,,,,,,,,,,,,,,,,,,,,,27,,,,,,0,,,,,,,,,,,,,,,,,,,,,,,,,,,,
2013-12-11,PL1321LAG34ALH,Hitachi HDS5C4040ALE630,4000787030016,0,,0,,,,,,,,0,,,,,,5961,,,,,,,,,,,,,,,,,,,,,,,,,,,,,,20,,,,,,0,,,,,,,,,,,,,,,,,,,,,,,,,,,,
2013-12-11,MJ1311YNG27JXA,Hitachi HDS5C3030ALA630,3000592982016,0,,0,,,,,,,,0,,,,,,18367,,,,,,,,,,,,,,,,,,,,,,,,,,,,,,26,,,,,,0,,,,,,,,,,,,,,,,,,,,,,,,,,,,
2013-12-11,MJ1323YNG1N5UC,Hitachi HDS5C3030ALA630,3000592982016,0,,0,,,,,,,,0,,,,,,19372,,,,,,,,,,,,,,,,,,,,,,,,,,,,,,23,,,,,,0,,,,,,,,,,,,,,,,,,,,,,,,,,,,
2013-12-11,MJ1311YNG7K7RA,Hitachi HDS5C3030ALA630,3000592982016,0,,0,,,,,,,,0,,,,,,14596,,,,,,,,,,,,,,,,,,,,,,,,,,,,,,27,,,,,,0,,,,,,,,,,,,,,,,,,,,,,,,,,,,
2013-12-11,5XW014S9,ST31500541AS,1500301910016,0,,141387989,,,,,,,,656,,,,,,35226,,,,,,,,,,,,,,,,,,,,,,,,,,,,,,19,,,,,,0,,,,,,,,,,,,,,,,,,,,,,,,,,,,
2013-12-11,Z300MQRC,ST4000DM000,4000787030016,0,,50359488,,,,,,,,0,,,,,,2845,,,,,,,,,,,,,,,,,,,,,,,,,,,,,,26,,,,,,0,,,,,,,,,,,,,,,,,,,,,,,,,,,,
2013-12-11,MK0301YHGMH4DD,Hitachi HDS723030ALA640,3000592982016,0,,0,,,,,,,,0,,,,,,16078,,,,,,,,,,,,,,,,,,,,,,,,,,,,,,25,,,,,,0,,,,,,,,,,,,,,,,,,,,,,,,,,,,
2013-12-11,S1F0B2XW,ST3000DM001,3000592982016,0,,94673928,,,,,,,,0,,,,,,12878,,,,,,,,,,,,,,,,,,,,,,,,,,,,,,26,,,,,,0,,,,,,,,,,,,,,,,,,,,,,,,,,,,
2013-12-11,PL1311LAG2H3WA,Hitachi HDS5C4040ALE630,4000787030016,0,,0,,,,,,,,0,,,,,,5668,,,,,,,,,,,,,,,,,,,,,,,,,,,,,,22,,,,,,0,,,,,,,,,,,,,,,,,,,,,,,,,,,,
2013-12-11,9VS3J8BQ,ST31500341AS,1500301910016,0,,237651928,,,,,,,,63,,,,,,32895,,,,,,,,,,,,,,,,,,,,,,,,,,,,,,29,,,,,,0,,,,,,,,,,,,,,,,,,,,,,,,,,,,
2013-12-11,Z300GYLN,ST4000DM000,4000787030016,0,,207732160,,,,,,,,0,,,,,,3580,,,,,,,,,,,,,,,,,,,,,,,,,,,,,,23,,,,,,0,,,,,,,,,,,,,,,,,,,,,,,,,,,,
2013-12-11,MJ1323YNG1NKLC,Hitachi HDS5C3030ALA630,3000592982016,0,,0,,,,,,,,0,,,,,,19748,,,,,,,,,,,,,,,,,,,,,,,,,,,,,,27,,,,,,0,,,,,,,,,,,,,,,,,,,,,,,,,,,,
2013-12-11,Z300GYLW,ST4000DM000,4000787030016,0,,88025584,,,,,,,,0,,,,,,3580,,,,,,,,,,,,,,,,,,,,,,,,,,,,,,20,,,,,,0,,,,,,,,,,,,,,,,,,,,,,,,,,,,
2013-12-11,Z300GYLQ,ST4000DM000,4000787030016,0,,33472752,,,,,,,,0,,,,,,3584,,,,,,,,,,,,,,,,,,,,,,,,,,,,,,24,,,,,,0,,,,,,,,,,,,,,,,,,,,,,,,,,,,
2013-12-11,Z300GYLP,ST4000DM000,4000787030016,0,,195316968,,,,,,,,0,,,,,,3588,,,,,,,,,,,,,,,,,,,,,,,,,,,,,,26,,,,,,0,,,,,,,,,,,,,,,,,,,,,,,,,,,,
2013-12-11,Z300GYLR,ST4000DM000,4000787030016,0,,232386552,,,,,,,,0,,,,,,3583,,,,,,,,,,,,,,,,,,,,,,,,,,,,,,20,,,,,,0,,,,,,,,,,,,,,,,,,,,,,,,,,,,
2013-12-11,MJ1323YNG1N5JC,Hitachi HDS5C3030ALA630,3000592982016,0,,0,,,,,,,,0,,,,,,19770,,,,,,,,,,,,,,,,,,,,,,,,,,,,,,24,,,,,,0,,,,,,,,,,,,,,,,,,,,,,,,,,,,
2013-12-11,JK11A8B9J7569F,Hitachi HDS722020ALA330,2000398934016,0,,0,,,,,,,,0,,,,,,25583,,,,,,,,,,,,,,,,,,,,,,,,,,,,,,27,,,,,,0,,,,,,,,,,,,,,,,,,,,,,,,,,,,
2013-12-11,MJ0351YNG9X9YA,Hitachi HDS5C3030ALA630,3000592982016,0,,0,,,,,,,,0,,,,,,9906,,,,,,,,,,,,,,,,,,,,,,,,,,,,,,26,,,,,,0,,,,,,,,,,,,,,,,,,,,,,,,,,,,
2013-12-11,S1F04DL4,ST3000DM001,3000592982016,0,,229424560,,,,,,,,40,,,,,,15619,,,,,,,,,,,,,,,,,,,,,,,,,,,,,,23,,,,,,304,,,,,,,,,,,,,,,,,,,,,,,,,,,,
2013-12-11,MJ0351YNG9RV7A,Hitachi HDS5C3030ALA630,3000592982016,0,,0,,,,,,,,0,,,,,,7609,,,,,,,,,,,,,,,,,,,,,,,,,,,,,,25,,,,,,0,,,,,,,,,,,,,,,,,,,,,,,,,,,,
2013-12-11,MJ0351YNG9YHBA,Hitachi HDS5C3030ALA630,3000592982016,0,,0,,,,,,,,0,,,,,,7989,,,,,,,,,,,,,,,,,,,,,,,,,,,,,,27,,,,,,0,,,,,,,,,,,,,,,,,,,,,,,,,,,,
2013-12-11,PL1311LAG1RUGA,Hitachi HDS5C4040ALE630,4000787030016,0,,0,,,,,,,,0,,,,,,7459,,,,,,,,,,,,,,,,,,,,,,,,,,,,,,23,,,,,,0,,,,,,,,,,,,,,,,,,,,,,,,,,,,
2013-12-11,MJ0351YNGABU7A,Hitachi HDS5C3030ALA630,3000592982016,0,,0,,,,,,,,0,,,,,,8547,,,,,,,,,,,,,,,,,,,,,,,,,,,,,,29,,,,,,0,,,,,,,,,,,,,,,,,,,,,,,,,,,,
2013-12-11,JK11A1YAJH38JV,Hitachi HDS722020ALA330,2000398934016,0,,0,,,,,,,,0,,,,,,28841,,,,,,,,,,,,,,,,,,,,,,,,,,,,,,26,,,,,,0,,,,,,,,,,,,,,,,,,,,,,,,,,,,
2013-12-11,MJ0351YNG9S4VA,Hitachi HDS5C3030ALA630,3000592982016,0,,0,,,,,,,,0,,,,,,8661,,,,,,,,,,,,,,,,,,,,,,,,,,,,,,28,,,,,,0,,,,,,,,,,,,,,,,,,,,,,,,,,,,
2013-12-11,9VS1YMEF,ST31500341AS,1500301910016,0,,102366296,,,,,,,,4,,,,,,39097,,,,,,,,,,,,,,,,,,,,,,,,,,,,,,27,,,,,,0,,,,,,,,,,,,,,,,,,,,,,,,,,,,
2013-12-11,JK11A8B9J7GMZF,Hitachi HDS722020ALA330,2000398934016,0,,0,,,,,,,,5,,,,,,24545,,,,,,,,,,,,,,,,,,,,,,,,,,,,,,26,,,,,,0,,,,,,,,,,,,,,,,,,,,,,,,,,,,
2013-12-11,PL1321LAG34BBH,Hitachi HDS5C4040ALE630,4000787030016,0,,0,,,,,,,,0,,,,,,5668,,,,,,,,,,,,,,,,,,,,,,,,,,,,,,22,,,,,,0,,,,,,,,,,,,,,,,,,,,,,,,,,,,
2013-12-11,Z300KY19,ST4000DM000,4000787030016,0,,169739120,,,,,,,,0,,,,,,1093,,,,,,,,,,,,,,,,,,,,,,,,,,,,,,24,,,,,,0,,,,,,,,,,,,,,,,,,,,,,,,,,,,
2013-12-11,W300D36L,ST4000DM000,4000787030016,0,,48202232,,,,,,,,0,,,,,,4140,,,,,,,,,,,,,,,,,,,,,,,,,,,,,,25,,,,,,0,,,,,,,,,,,,,,,,,,,,,,,,,,,,
2013-12-11,Z300GYL4,ST4000DM000,4000787030016,0,,243243544,,,,,,,,0,,,,,,3625,,,,,,,,,,,,,,,,,,,,,,,,,,,,,,23,,,,,,0,,,,,,,,,,,,,,,,,,,,,,,,,,,,
2013-12-11,MJ0351YNG9X7RA,Hitachi HDS5C3030ALA630,3000592982016,0,,0,,,,,,,,0,,,,,,8214,,,,,,,,,,,,,,,,,,,,,,,,,,,,,,28,,,,,,0,,,,,,,,,,,,,,,,,,,,,,,,,,,,
2013-12-11,Z300GYL1,ST4000DM000,4000787030016,0,,30192144,,,,,,,,0,,,,,,3627,,,,,,,,,,,,,,,,,,,,,,,,,,,,,,24,,,,,,0,,,,,,,,,,,,,,,,,,,,,,,,,,,,
2013-12-11,Z300GYL3,ST4000DM000,4000787030016,0,,129887632,,,,,,,,0,,,,,,3621,,,,,,,,,,,,,,,,,,,,,,,,,,,,,,23,,,,,,0,,,,,,,,,,,,,,,,,,,,,,,,,,,,
2013-12-11,MJ0351YNG9Z1KA,Hitachi HDS5C3030ALA630,3000592982016,0,,0,,,,,,,,0,,,,,,9941,,,,,,,,,,,,,,,,,,,,,,,,,,,,,,26,,,,,,0,,,,,,,,,,,,,,,,,,,,,,,,,,,,
2013-12-11,W300D36Z,ST4000DM000,4000787030016,0,,159090056,,,,,,,,0,,,,,,4166,,,,,,,,,,,,,,,,,,,,,,,,,,,,,,23,,,,,,0,,,,,,,,,,,,,,,,,,,,,,,,,,,,
2013-12-11,JK11A8YBKYTDGF,Hitachi HDS722020ALA330,2000398934016,0,,0,,,,,,,,0,,,,,,27861,,,,,,,,,,,,,,,,,,,,,,,,,,,,,,25,,,,,,0,,,,,,,,,,,,,,,,,,,,,,,,,,,,
2013-12-11,S1F079MA,ST3000DM001,3000592982016,0,,90698896,,,,,,,,0,,,,,,12358,,,,,,,,,,,,,,,,,,,,,,,,,,,,,,25,,,,,,0,,,,,,,,,,,,,,,,,,,,,,,,,,,,
2013-12-11,5XW09J56,ST31500541AS,1500301910016,0,,209674951,,,,,,,,0,,,,,,22176,,,,,,,,,,,,,,,,,,,,,,,,,,,,,,21,,,,,,0,,,,,,,,,,,,,,,,,,,,,,,,,,,,
2013-12-11,MK0303YHGGGMPC,Hitachi HDS723030ALA640,3000592982016,0,,0,,,,,,,,0,,,,,,17018,,,,,,,,,,,,,,,,,,,,,,,,,,,,,,25,,,,,,0,,,,,,,,,,,,,,,,,,,,,,,,,,,,
2013-12-11,WD-WCAV5V405288,WDC WD10EADX,1000204886016,0,,0,,,,,,,,0,,,,,,8536,,,,,,,,,,,,,,,,,,,,,,,,,,,,,,25,,,,,,0,,,,,,,,,,,,,,,,,,,,,,,,,,,,
2013-12-11,MK0311YHG1NP2A,Hitachi HDS723030ALA640,3000592982016,0,,131073,,,,,,,,0,,,,,,22347,,,,,,,,,,,,,,,,,,,,,,,,,,,,,,26,,,,,,0,,,,,,,,,,,,,,,,,,,,,,,,,,,,
2013-12-11,MJ1311YNG3EUMA,Hitachi HDS5C3030ALA630,3000592982016,0,,0,,,,,,,,0,,,,,,19324,,,,,,,,,,,,,,,,,,,,,,,,,,,,,,25,,,,,,0,,,,,,,,,,,,,,,,,,,,,,,,,,,,
2013-12-11,MK0331YHGT2XTA,Hitachi HDS723030ALA640,3000592982016,0,,0,,,,,,,,0,,,,,,14732,,,,,,,,,,,,,,,,,,,,,,,,,,,,,,25,,,,,,0,,,,,,,,,,,,,,,,,,,,,,,,,,,,
2013-12-11,W1F0Q1RJ,ST3000DM001,3000592982016,0,,197114232,,,,,,,,0,,,,,,12172,,,,,,,,,,,,,,,,,,,,,,,,,,,,,,33,,,,,,0,,,,,,,,,,,,,,,,,,,,,,,,,,,,
2013-12-11,JK11A4B8JR4LJW,Hitachi HDS722020ALA330,2000398934016,0,,0,,,,,,,,0,,,,,,23822,,,,,,,,,,,,,,,,,,,,,,,,,,,,,,26,,,,,,0,,,,,,,,,,,,,,,,,,,,,,,,,,,,
2013-12-11,Z300NLKL,ST4000DM000,4000787030016,0,,7256912,,,,,,,,0,,,,,,1093,,,,,,,,,,,,,,,,,,,,,,,,,,,,,,28,,,,,,0,,,,,,,,,,,,,,,,,,,,,,,,,,,,
2013-12-11,JK11A4B8J7S1RW,Hitachi HDS722020ALA330,2000398934016,0,,0,,,,,,,,0,,,,,,24970,,,,,,,,,,,,,,,,,,,,,,,,,,,,,,33,,,,,,0,,,,,,,,,,,,,,,,,,,,,,,,,,,,
2013-12-11,MJ1323YNG1M53C,Hitachi HDS5C3030ALA630,3000592982016,0,,110034944,,,,,,,,0,,,,,,19731,,,,,,,,,,,,,,,,,,,,,,,,,,,,,,22,,,,,,0,,,,,,,,,,,,,,,,,,,,,,,,,,,,
2013-12-11,W300BXPS,ST4000DM000,4000787030016,0,,87685368,,,,,,,,0,,,,,,4138,,,,,,,,,,,,,,,,,,,,,,,,,,,,,,25,,,,,,0,,,,,,,,,,,,,,,,,,,,,,,,,,,,
2013-12-11,JK11A8B9J3BBVF,Hitachi HDS722020ALA330,2000398934016,0,,0,,,,,,,,0,,,,,,22703,,,,,,,,,,,,,,,,,,,,,,,,,,,,,,30,,,,,,0,,,,,,,,,,,,,,,,,,,,,,,,,,,,
2013-12-11,S1F0S78C,ST3000DM001,3000592982016,0,,119318920,,,,,,,,27160,,,,,,10719,,,,,,,,,,,,,,,,,,,,,,,,,,,,,,27,,,,,,80,,,,,,,,,,,,,,,,,,,,,,,,,,,,
2013-12-11,Z1Z04FAS,ST4000DX000,4000787030016,0,,205901439,,,,,,,,0,,,,,,5379,,,,,,,,,,,,,,,,,,,,,,,,,,,,,,27,,,,,,0,,,,,,,,,,,,,,,,,,,,,,,,,,,,
2013-12-11,MJ0351YNGAD4JA,Hitachi HDS5C3030ALA630,3000592982016,0,,0,,,,,,,,0,,,,,,8611,,,,,,,,,,,,,,,,,,,,,,,,,,,,,,31,,,,,,0,,,,,,,,,,,,,,,,,,,,,,,,,,,,
2013-12-11,PL1311LAG3D95H,Hitachi HDS5C4040ALE630,4000787030016,0,,0,,,,,,,,0,,,,,,5138,,,,,,,,,,,,,,,,,,,,,,,,,,,,,,30,,,,,,0,,,,,,,,,,,,,,,,,,,,,,,,,,,,
2013-12-11,Z300PB8G,ST4000DM000,4000787030016,0,,194820728,,,,,,,,0,,,,,,1225,,,,,,,,,,,,,,,,,,,,,,,,,,,,,,21,,,,,,0,,,,,,,,,,,,,,,,,,,,,,,,,,,,
2013-12-11,Z300GZ8P,ST4000DM000,4000787030016,0,,202814512,,,,,,,,0,,,,,,3583,,,,,,,,,,,,,,,,,,,,,,,,,,,,,,21,,,,,,0,,,,,,,,,,,,,,,,,,,,,,,,,,,,
2013-12-11,Z300GZ8T,ST4000DM000,4000787030016,0,,68221112,,,,,,,,0,,,,,,3586,,,,,,,,,,,,,,,,,,,,,,,,,,,,,,20,,,,,,0,,,,,,,,,,,,,,,,,,,,,,,,,,,,
2013-12-11,Z300GZ8Z,ST4000DM000,4000787030016,0,,117961768,,,,,,,,0,,,,,,3582,,,,,,,,,,,,,,,,,,,,,,,,,,,,,,20,,,,,,0,,,,,,,,,,,,,,,,,,,,,,,,,,,,
2013-12-11,Z300PB8N,ST4000DM000,4000787030016,0,,68979344,,,,,,,,0,,,,,,1451,,,,,,,,,,,,,,,,,,,,,,,,,,,,,,27,,,,,,0,,,,,,,,,,,,,,,,,,,,,,,,,,,,
2013-12-11,Z300GZ8X,ST4000DM000,4000787030016,0,,11560200,,,,,,,,0,,,,,,3583,,,,,,,,,,,,,,,,,,,,,,,,,,,,,,27,,,,,,0,,,,,,,,,,,,,,,,,,,,,,,,,,,,
2013-12-11,W300JPZ2,ST4000DM000,4000787030016,0,,68142456,,,,,,,,0,,,,,,2240,,,,,,,,,,,,,,,,,,,,,,,,,,,,,,21,,,,,,0,,,,,,,,,,,,,,,,,,,,,,,,,,,,
2013-12-11,MJ1311YNG7LVJA,Hitachi HDS5C3030ALA630,3000592982016,0,,0,,,,,,,,0,,,,,,14620,,,,,,,,,,,,,,,,,,,,,,,,,,,,,,24,,,,,,0,,,,,,,,,,,,,,,,,,,,,,,,,,,,
2013-12-11,W300A67R,ST4000DM000,4000787030016,0,,112199184,,,,,,,,0,,,,,,4187,,,,,,,,,,,,,,,,,,,,,,,,,,,,,,31,,,,,,0,,,,,,,,,,,,,,,,,,,,,,,,,,,,
2013-12-11,Z300GZ8G,ST4000DM000,4000787030016,0,,15852576,,,,,,,,0,,,,,,3346,,,,,,,,,,,,,,,,,,,,,,,,,,,,,,20,,,,,,0,,,,,,,,,,,,,,,,,,,,,,,,,,,,
2013-12-11,Z300GZ8D,ST4000DM000,4000787030016,0,,37659928,,,,,,,,0,,,,,,3630,,,,,,,,,,,,,,,,,,,,,,,,,,,,,,23,,,,,,0,,,,,,,,,,,,,,,,,,,,,,,,,,,,
2013-12-11,Z300GZ8K,ST4000DM000,4000787030016,0,,171460280,,,,,,,,0,,,,,,2610,,,,,,,,,,,,,,,,,,,,,,,,,,,,,,22,,,,,,0,,,,,,,,,,,,,,,,,,,,,,,,,,,,
2013-12-11,Z300GZ8H,ST4000DM000,4000787030016,0,,31909696,,,,,,,,0,,,,,,3583,,,,,,,,,,,,,,,,,,,,,,,,,,,,,,23,,,,,,0,,,,,,,,,,,,,,,,,,,,,,,,,,,,
2013-12-11,Z300GZ8N,ST4000DM000,4000787030016,0,,96414976,,,,,,,,0,,,,,,2900,,,,,,,,,,,,,,,,,,,,,,,,,,,,,,28,,,,,,0,,,,,,,,,,,,,,,,,,,,,,,,,,,,
2013-12-11,JK11A1YAJHHHHV,Hitachi HDS722020ALA330,2000398934016,0,,65536,,,,,,,,0,,,,,,28743,,,,,,,,,,,,,,,,,,,,,,,,,,,,,,27,,,,,,0,,,,,,,,,,,,,,,,,,,,,,,,,,,,
2013-12-11,Z300W5VT,ST4000DM000,4000787030016,0,,235918576,,,,,,,,0,,,,,,945,,,,,,,,,,,,,,,,,,,,,,,,,,,,,,23,,,,,,0,,,,,,,,,,,,,,,,,,,,,,,,,,,,
2013-12-11,WD-WCC1T1504265,WDC WD30EFRX,3000592982016,0,,0,,,,,,,,0,,,,,,684,,,,,,,,,,,,,,,,,,,,,,,,,,,,,,21,,,,,,0,,,,,,,,,,,,,,,,,,,,,,,,,,,,
2013-12-11,MJ1313YNG1DT9C,Hitachi HDS5C3030ALA630,3000592982016,0,,0,,,,,,,,0,,,,,,21796,,,,,,,,,,,,,,,,,,,,,,,,,,,,,,25,,,,,,0,,,,,,,,,,,,,,,,,,,,,,,,,,,,
2013-12-11,Z300CMNE,ST4000DM000,4000787030016,0,,151879632,,,,,,,,0,,,,,,2246,,,,,,,,,,,,,,,,,,,,,,,,,,,,,,24,,,,,,0,,,,,,,,,,,,,,,,,,,,,,,,,,,,
2013-12-11,WD-WCAWZ0958805,WDC WD30EZRX,3000592982016,0,,0,,,,,,,,0,,,,,,17392,,,,,,,,,,,,,,,,,,,,,,,,,,,,,,24,,,,,,0,,,,,,,,,,,,,,,,,,,,,,,,,,,,
2013-12-11,WD-WMAWZ0218000,WDC WD30EZRX,3000592982016,0,,7,,,,,,,,0,,,,,,12934,,,,,,,,,,,,,,,,,,,,,,,,,,,,,,24,,,,,,0,,,,,,,,,,,,,,,,,,,,,,,,,,,,
2013-12-11,6XW03DA3,ST31500541AS,1500301910016,0,,178071330,,,,,,,,0,,,,,,35784,,,,,,,,,,,,,,,,,,,,,,,,,,,,,,20,,,,,,0,,,,,,,,,,,,,,,,,,,,,,,,,,,,
2013-12-11,MJ1311YNG3HBMA,Hitachi HDS5C3030ALA630,3000592982016,0,,0,,,,,,,,0,,,,,,18939,,,,,,,,,,,,,,,,,,,,,,,,,,,,,,26,,,,,,0,,,,,,,,,,,,,,,,,,,,,,,,,,,,
2013-12-11,PL1311LAG3AVKH,Hitachi HDS5C4040ALE630,4000787030016,0,,0,,,,,,,,0,,,,,,5951,,,,,,,,,,,,,,,,,,,,,,,,,,,,,,19,,,,,,0,,,,,,,,,,,,,,,,,,,,,,,,,,,,
2013-12-11,Z300GZ81,ST4000DM000,4000787030016,0,,33537208,,,,,,,,0,,,,,,3588,,,,,,,,,,,,,,,,,,,,,,,,,,,,,,25,,,,,,0,,,,,,,,,,,,,,,,,,,,,,,,,,,,
2013-12-11,Z300GZ84,ST4000DM000,4000787030016,0,,23917080,,,,,,,,0,,,,,,3584,,,,,,,,,,,,,,,,,,,,,,,,,,,,,,24,,,,,,0,,,,,,,,,,,,,,,,,,,,,,,,,,,,
2013-12-11,PL1321LAGAY0NH,Hitachi HDS5C4040ALE630,4000787030016,0,,0,,,,,,,,0,,,,,,5074,,,,,,,,,,,,,,,,,,,,,,,,,,,,,,26,,,,,,0,,,,,,,,,,,,,,,,,,,,,,,,,,,,
2013-12-11,Z300WTF7,ST4000DM000,4000787030016,0,,40965272,,,,,,,,0,,,,,,815,,,,,,,,,,,,,,,,,,,,,,,,,,,,,,18,,,,,,0,,,,,,,,,,,,,,,,,,,,,,,,,,,,
2013-12-11,Z300GZ88,ST4000DM000,4000787030016,0,,140139232,,,,,,,,0,,,,,,3581,,,,,,,,,,,,,,,,,,,,,,,,,,,,,,22,,,,,,0,,,,,,,,,,,,,,,,,,,,,,,,,,,,
2013-12-11,JK1101B9GEJRNF,Hitachi HDS722020ALA330,2000398934016,0,,0,,,,,,,,0,,,,,,26837,,,,,,,,,,,,,,,,,,,,,,,,,,,,,,25,,,,,,0,,,,,,,,,,,,,,,,,,,,,,,,,,,,
2013-12-11,WD-WCAU45337585,WDC WD10EACS,1000204886016,0,,5,,,,,,,,0,,,,,,42372,,,,,,,,,,,,,,,,,,,,,,,,,,,,,,22,,,,,,0,,,,,,,,,,,,,,,,,,,,,,,,,,,,
2013-12-11,PL1311LAG2HWBH,Hitachi HDS5C4040ALE630,4000787030016,0,,0,,,,,,,,0,,,,,,5049,,,,,,,,,,,,,,,,,,,,,,,,,,,,,,29,,,,,,0,,,,,,,,,,,,,,,,,,,,,,,,,,,,
2013-12-11,W300BYV8,ST4000DM000,4000787030016,0,,146015640,,,,,,,,0,,,,,,4183,,,,,,,,,,,,,,,,,,,,,,,,,,,,,,25,,,,,,0,,,,,,,,,,,,,,,,,,,,,,,,,,,,
2013-12-11,JK11A8B9J7DK9F,Hitachi HDS722020ALA330,2000398934016,0,,0,,,,,,,,0,,,,,,25125,,,,,,,,,,,,,,,,,,,,,,,,,,,,,,30,,,,,,0,,,,,,,,,,,,,,,,,,,,,,,,,,,,
2013-12-11,MJ0351YNG9ZGDA,Hitachi HDS5C3030ALA630,3000592982016,0,,0,,,,,,,,0,,,,,,8883,,,,,,,,,,,,,,,,,,,,,,,,,,,,,,30,,,,,,0,,,,,,,,,,,,,,,,,,,,,,,,,,,,
2013-12-11,W1F0ZDTJ,ST3000DM001,3000592982016,0,,137942864,,,,,,,,0,,,,,,7994,,,,,,,,,,,,,,,,,,,,,,,,,,,,,,20,,,,,,0,,,,,,,,,,,,,,,,,,,,,,,,,,,,
2013-12-11,5XW04A6J,ST31500541AS,1500301910016,0,,80687287,,,,,,,,0,,,,,,29086,,,,,,,,,,,,,,,,,,,,,,,,,,,,,,20,,,,,,0,,,,,,,,,,,,,,,,,,,,,,,,,,,,
2013-12-11,S1F0S6DM,ST3000DM001,3000592982016,0,,207994824,,,,,,,,0,,,,,,10771,,,,,,,,,,,,,,,,,,,,,,,,,,,,,,25,,,,,,0,,,,,,,,,,,,,,,,,,,,,,,,,,,,
2013-12-11,PL1311LAG28WYH,Hitachi HDS5C4040ALE630,4000787030016,0,,0,,,,,,,,0,,,,,,7757,,,,,,,,,,,,,,,,,,,,,,,,,,,,,,25,,,,,,0,,,,,,,,,,,,,,,,,,,,,,,,,,,,
2013-12-11,Z300CWG5,ST4000DM000,4000787030016,0,,59548936,,,,,,,,0,,,,,,2272,,,,,,,,,,,,,,,,,,,,,,,,,,,,,,23,,,,,,0,,,,,,,,,,,,,,,,,,,,,,,,,,,,
2013-12-11,W1F0TYQ9,ST3000DM001,3000592982016,0,,196569408,,,,,,,,0,,,,,,10727,,,,,,,,,,,,,,,,,,,,,,,,,,,,,,20,,,,,,0,,,,,,,,,,,,,,,,,,,,,,,,,,,,
2013-12-11,JK1101B9GEA8YF,Hitachi HDS722020ALA330,2000398934016,0,,0,,,,,,,,1,,,,,,27160,,,,,,,,,,,,,,,,,,,,,,,,,,,,,,25,,,,,,0,,,,,,,,,,,,,,,,,,,,,,,,,,,,
2013-12-11,S1F0S6DB,ST3000DM001,3000592982016,0,,101954384,,,,,,,,0,,,,,,10835,,,,,,,,,,,,,,,,,,,,,,,,,,,,,,31,,,,,,0,,,,,,,,,,,,,,,,,,,,,,,,,,,,
2013-12-11,JK1105B8GDMS3X,Hitachi HDS722020ALA330,2000398934016,0,,0,,,,,,,,35,,,,,,26766,,,,,,,,,,,,,,,,,,,,,,,,,,,,,,28,,,,,,4,,,,,,,,,,,,,,,,,,,,,,,,,,,,
2013-12-11,PL1321LAG33XWH,Hitachi HDS5C4040ALE630,4000787030016,0,,0,,,,,,,,0,,,,,,6650,,,,,,,,,,,,,,,,,,,,,,,,,,,,,,19,,,,,,0,,,,,,,,,,,,,,,,,,,,,,,,,,,,
2013-12-11,WD-WCAU45305711,WDC WD10EADS,1000204886016,0,,1,,,,,,,,0,,,,,,41269,,,,,,,,,,,,,,,,,,,,,,,,,,,,,,23,,,,,,0,,,,,,,,,,,,,,,,,,,,,,,,,,,,
2013-12-11,MJ1311YNG6AVTA,Hitachi HDS5C3030ALA630,3000592982016,0,,0,,,,,,,,0,,,,,,14574,,,,,,,,,,,,,,,,,,,,,,,,,,,,,,23,,,,,,0,,,,,,,,,,,,,,,,,,,,,,,,,,,,
2013-12-11,6XW0043C,ST31500541AS,1500301910016,0,,69039515,,,,,,,,0,,,,,,29086,,,,,,,,,,,,,,,,,,,,,,,,,,,,,,22,,,,,,0,,,,,,,,,,,,,,,,,,,,,,,,,,,,
2013-12-11,6XW0043G,ST31500541AS,1500301910016,0,,171864643,,,,,,,,0,,,,,,35440,,,,,,,,,,,,,,,,,,,,,,,,,,,,,,20,,,,,,0,,,,,,,,,,,,,,,,,,,,,,,,,,,,
2013-12-11,MJ0351YNG9UX0A,Hitachi HDS5C3030ALA630,3000592982016,0,,0,,,,,,,,0,,,,,,9719,,,,,,,,,,,,,,,,,,,,,,,,,,,,,,31,,,,,,0,,,,,,,,,,,,,,,,,,,,,,,,,,,,
2013-12-11,Z1Z058PG,ST4000DX000,4000787030016,0,,48860012,,,,,,,,0,,,,,,5077,,,,,,,,,,,,,,,,,,,,,,,,,,,,,,33,,,,,,0,,,,,,,,,,,,,,,,,,,,,,,,,,,,
2013-12-11,JK1171YAK2044N,Hitachi HDS722020ALA330,2000398934016,0,,131072,,,,,,,,0,,,,,,29912,,,,,,,,,,,,,,,,,,,,,,,,,,,,,,27,,,,,,0,,,,,,,,,,,,,,,,,,,,,,,,,,,,
2013-12-11,JK11A8B9J0902F,Hitachi HDS722020ALA330,2000398934016,0,,0,,,,,,,,0,,,,,,26145,,,,,,,,,,,,,,,,,,,,,,,,,,,,,,27,,,,,,0,,,,,,,,,,,,,,,,,,,,,,,,,,,,
2013-12-11,PL1321LAG34G5H,Hitachi HDS5C4040ALE630,4000787030016,0,,0,,,,,,,,0,,,,,,6652,,,,,,,,,,,,,,,,,,,,,,,,,,,,,,27,,,,,,0,,,,,,,,,,,,,,,,,,,,,,,,,,,,
2013-12-11,6XW03VCN,ST31500541AS,1500301910016,0,,236693064,,,,,,,,0,,,,,,35749,,,,,,,,,,,,,,,,,,,,,,,,,,,,,,19,,,,,,0,,,,,,,,,,,,,,,,,,,,,,,,,,,,
2013-12-11,JK1101B9KNEVSF,Hitachi HDS722020ALA330,2000398934016,0,,1,,,,,,,,0,,,,,,23098,,,,,,,,,,,,,,,,,,,,,,,,,,,,,,28,,,,,,0,,,,,,,,,,,,,,,,,,,,,,,,,,,,
2013-12-11,MJ0351YNGAD25A,Hitachi HDS5C3030ALA630,3000592982016,0,,0,,,,,,,,0,,,,,,7985,,,,,,,,,,,,,,,,,,,,,,,,,,,,,,30,,,,,,0,,,,,,,,,,,,,,,,,,,,,,,,,,,,
2013-12-11,MJ1313YNG1ZVTC,Hitachi HDS5C3030ALA630,3000592982016,0,,0,,,,,,,,0,,,,,,21796,,,,,,,,,,,,,,,,,,,,,,,,,,,,,,25,,,,,,0,,,,,,,,,,,,,,,,,,,,,,,,,,,,
2013-12-11,JK1101B8H5RXLZ,Hitachi HDS722020ALA330,2000398934016,0,,0,,,,,,,,0,,,,,,18984,,,,,,,,,,,,,,,,,,,,,,,,,,,,,,25,,,,,,0,,,,,,,,,,,,,,,,,,,,,,,,,,,,
2013-12-11,MJ1311YNG7G90A,Hitachi HDS5C3030ALA630,3000592982016,0,,0,,,,,,,,0,,,,,,14598,,,,,,,,,,,,,,,,,,,,,,,,,,,,,,29,,,,,,0,,,,,,,,,,,,,,,,,,,,,,,,,,,,
2013-12-11,Z300PA3D,ST4000DM000,4000787030016,0,,213077736,,,,,,,,0,,,,,,1234,,,,,,,,,,,,,,,,,,,,,,,,,,,,,,21,,,,,,0,,,,,,,,,,,,,,,,,,,,,,,,,,,,
2013-12-11,6XW12G45,ST31500541AS,1500301910016,0,,116147982,,,,,,,,0,,,,,,19628,,,,,,,,,,,,,,,,,,,,,,,,,,,,,,21,,,,,,0,,,,,,,,,,,,,,,,,,,,,,,,,,,,
2013-12-11,MJ1321YNG09DLA,Hitachi HDS5C3030ALA630,3000592982016,0,,0,,,,,,,,0,,,,,,20509,,,,,,,,,,,,,,,,,,,,,,,,,,,,,,25,,,,,,0,,,,,,,,,,,,,,,,,,,,,,,,,,,,
2013-12-11,MJ0351YNGA3K9A,Hitachi HDS5C3030ALA630,3000592982016,0,,0,,,,,,,,0,,,,,,9315,,,,,,,,,,,,,,,,,,,,,,,,,,,,,,30,,,,,,0,,,,,,,,,,,,,,,,,,,,,,,,,,,,
2013-12-11,JK1101B9GDPG6F,Hitachi HDS722020ALA330,2000398934016,0,,1,,,,,,,,0,,,,,,27737,,,,,,,,,,,,,,,,,,,,,,,,,,,,,,24,,,,,,0,,,,,,,,,,,,,,,,,,,,,,,,,,,,
2013-12-11,W300B4Q1,ST4000DM000,4000787030016,0,,40486712,,,,,,,,0,,,,,,2224,,,,,,,,,,,,,,,,,,,,,,,,,,,,,,21,,,,,,0,,,,,,,,,,,,,,,,,,,,,,,,,,,,
2013-12-11,JK11A8B9J79RLF,Hitachi HDS722020ALA330,2000398934016,0,,0,,,,,,,,0,,,,,,24545,,,,,,,,,,,,,,,,,,,,,,,,,,,,,,25,,,,,,0,,,,,,,,,,,,,,,,,,,,,,,,,,,,
2013-12-11,MJ1311YNG3LXDA,Hitachi HDS5C3030ALA630,3000592982016,0,,44434008,,,,,,,,0,,,,,,18938,,,,,,,,,,,,,,,,,,,,,,,,,,,,,,27,,,,,,0,,,,,,,,,,,,,,,,,,,,,,,,,,,,
2013-12-11,9VS3FEBM,ST31500341AS,1500301910016,0,,40695787,,,,,,,,1,,,,,,32915,,,,,,,,,,,,,,,,,,,,,,,,,,,,,,25,,,,,,0,,,,,,,,,,,,,,,,,,,,,,,,,,,,
2013-12-11,PL1311LAG25KLA,Hitachi HDS5C4040ALE630,4000787030016,0,,0,,,,,,,,0,,,,,,7385,,,,,,,,,,,,,,,,,,,,,,,,,,,,,,29,,,,,,0,,,,,,,,,,,,,,,,,,,,,,,,,,,,
2013-12-11,MK0311YHGG46EA,Hitachi HDS723030ALA640,3000592982016,0,,0,,,,,,,,0,,,,,,16077,,,,,,,,,,,,,,,,,,,,,,,,,,,,,,28,,,,,,0,,,,,,,,,,,,,,,,,,,,,,,,,,,,
2013-12-11,9VS2AYXC,ST31500341AS,1500301910016,0,,191676948,,,,,,,,10,,,,,,38663,,,,,,,,,,,,,,,,,,,,,,,,,,,,,,21,,,,,,0,,,,,,,,,,,,,,,,,,,,,,,,,,,,
2013-12-11,9VS3G4ED,ST31500341AS,1500301910016,0,,226139373,,,,,,,,691,,,,,,32607,,,,,,,,,,,,,,,,,,,,,,,,,,,,,,27,,,,,,1,,,,,,,,,,,,,,,,,,,,,,,,,,,,
2013-12-11,JK1130YAHDKDUT,Hitachi HDS722020ALA330,2000398934016,0,,393223,,,,,,,,0,,,,,,30171,,,,,,,,,,,,,,,,,,,,,,,,,,,,,,29,,,,,,0,,,,,,,,,,,,,,,,,,,,,,,,,,,,
2013-12-11,MJ1311YNG7EK1A,Hitachi HDS5C3030ALA630,3000592982016,0,,0,,,,,,,,0,,,,,,14574,,,,,,,,,,,,,,,,,,,,,,,,,,,,,,23,,,,,,0,,,,,,,,,,,,,,,,,,,,,,,,,,,,
2013-12-11,WD-WCAU45656592,WDC WD10EADS,1000204886016,0,,2,,,,,,,,0,,,,,,41085,,,,,,,,,,,,,,,,,,,,,,,,,,,,,,30,,,,,,8,,,,,,,,,,,,,,,,,,,,,,,,,,,,
2013-12-11,W300JG56,ST4000DM000,4000787030016,0,,137842784,,,,,,,,0,,,,,,2239,,,,,,,,,,,,,,,,,,,,,,,,,,,,,,18,,,,,,0,,,,,,,,,,,,,,,,,,,,,,,,,,,,
2013-12-11,JK1101B9JNV5EF,Hitachi HDS722020ALA330,2000398934016,0,,0,,,,,,,,0,,,,,,23992,,,,,,,,,,,,,,,,,,,,,,,,,,,,,,37,,,,,,0,,,,,,,,,,,,,,,,,,,,,,,,,,,,
2013-12-11,W30058H8,ST4000DM000,4000787030016,0,,136805296,,,,,,,,0,,,,,,4140,,,,,,,,,,,,,,,,,,,,,,,,,,,,,,25,,,,,,0,,,,,,,,,,,,,,,,,,,,,,,,,,,,
2013-12-11,W1F08JX5,ST3000DM001,3000592982016,0,,152942712,,,,,,,,0,,,,,,13362,,,,,,,,,,,,,,,,,,,,,,,,,,,,,,25,,,,,,0,,,,,,,,,,,,,,,,,,,,,,,,,,,,
2013-12-11,JK11A8B9J3BT5F,Hitachi HDS722020ALA330,2000398934016,0,,65536,,,,,,,,0,,,,,,24431,,,,,,,,,,,,,,,,,,,,,,,,,,,,,,27,,,,,,0,,,,,,,,,,,,,,,,,,,,,,,,,,,,
2013-12-11,W1F08JX1,ST3000DM001,3000592982016,0,,23612064,,,,,,,,0,,,,,,14729,,,,,,,,,,,,,,,,,,,,,,,,,,,,,,26,,,,,,0,,,,,,,,,,,,,,,,,,,,,,,,,,,,
2013-12-11,W300CXXL,ST4000DM000,4000787030016,0,,42690120,,,,,,,,0,,,,,,4136,,,,,,,,,,,,,,,,,,,,,,,,,,,,,,20,,,,,,0,,,,,,,,,,,,,,,,,,,,,,,,,,,,
2013-12-11,S1F0JPVL,ST3000DM001,3000592982016,0,,195991008,,,,,,,,0,,,,,,10806,,,,,,,,,,,,,,,,,,,,,,,,,,,,,,25,,,,,,0,,,,,,,,,,,,,,,,,,,,,,,,,,,,
2013-12-11,MJ1311YNG2SUSA,Hitachi HDS5C3030ALA630,3000592982016,0,,0,,,,,,,,0,,,,,,19621,,,,,,,,,,,,,,,,,,,,,,,,,,,,,,24,,,,,,0,,,,,,,,,,,,,,,,,,,,,,,,,,,,
2013-12-11,W300JG5Y,ST4000DM000,4000787030016,0,,132880672,,,,,,,,0,,,,,,2240,,,,,,,,,,,,,,,,,,,,,,,,,,,,,,19,,,,,,0,,,,,,,,,,,,,,,,,,,,,,,,,,,,
2013-12-11,S1F10FDX,ST3000DM001,3000592982016,0,,143062520,,,,,,,,0,,,,,,8652,,,,,,,,,,,,,,,,,,,,,,,,,,,,,,27,,,,,,0,,,,,,,,,,,,,,,,,,,,,,,,,,,,
2013-12-11,Z1F0LD6K,ST3000DM001,3000592982016,0,,130818112,,,,,,,,0,,,,,,12248,,,,,,,,,,,,,,,,,,,,,,,,,,,,,,25,,,,,,0,,,,,,,,,,,,,,,,,,,,,,,,,,,,
2013-12-11,W1F0X4WN,ST3000DM001,3000592982016,0,,218620656,,,,,,,,0,,,,,,11640,,,,,,,,,,,,,,,,,,,,,,,,,,,,,,24,,,,,,0,,,,,,,,,,,,,,,,,,,,,,,,,,,,
2013-12-11,STF605MH1MMKXW,Hitachi HDT721010SLA360,1000204886016,0,,20054317,,,,,,,,0,,,,,,40583,,,,,,,,,,,,,,,,,,,,,,,,,,,,,,31,,,,,,0,,,,,,,,,,,,,,,,,,,,,,,,,,,,
2013-12-11,S1F0S5J6,ST3000DM001,3000592982016,0,,164438848,,,,,,,,0,,,,,,10838,,,,,,,,,,,,,,,,,,,,,,,,,,,,,,27,,,,,,0,,,,,,,,,,,,,,,,,,,,,,,,,,,,
2013-12-11,W300C9DT,ST4000DM000,4000787030016,0,,197264432,,,,,,,,0,,,,,,4183,,,,,,,,,,,,,,,,,,,,,,,,,,,,,,24,,,,,,0,,,,,,,,,,,,,,,,,,,,,,,,,,,,
2013-12-11,JK11A8B9J7EVVF,Hitachi HDS722020ALA330,2000398934016,0,,0,,,,,,,,0,,,,,,22685,,,,,,,,,,,,,,,,,,,,,,,,,,,,,,25,,,,,,0,,,,,,,,,,,,,,,,,,,,,,,,,,,,
2013-12-11,PL1311LAG3A5HH,Hitachi HDS5C4040ALE630,4000787030016,0,,0,,,,,,,,0,,,,,,6639,,,,,,,,,,,,,,,,,,,,,,,,,,,,,,28,,,,,,0,,,,,,,,,,,,,,,,,,,,,,,,,,,,
2013-12-11,JK11A8B9J7EYPF,Hitachi HDS722020ALA330,2000398934016,0,,0,,,,,,,,0,,,,,,26003,,,,,,,,,,,,,,,,,,,,,,,,,,,,,,27,,,,,,0,,,,,,,,,,,,,,,,,,,,,,,,,,,,
2013-12-11,W300CQ9Q,ST4000DM000,4000787030016,0,,108514064,,,,,,,,0,,,,,,2876,,,,,,,,,,,,,,,,,,,,,,,,,,,,,,25,,,,,,0,,,,,,,,,,,,,,,,,,,,,,,,,,,,
2013-12-11,JK11A8B9GPNUXF,Hitachi HDS722020ALA330,2000398934016,0,,0,,,,,,,,0,,,,,,26763,,,,,,,,,,,,,,,,,,,,,,,,,,,,,,28,,,,,,0,,,,,,,,,,,,,,,,,,,,,,,,,,,,
2013-12-11,W3009NCV,ST4000DM000,4000787030016,0,,214391360,,,,,,,,0,,,,,,4042,,,,,,,,,,,,,,,,,,,,,,,,,,,,,,24,,,,,,0,,,,,,,,,,,,,,,,,,,,,,,,,,,,
2013-12-11,W1F077NQ,ST3000DM001,3000592982016,0,,152282472,,,,,,,,0,,,,,,14728,,,,,,,,,,,,,,,,,,,,,,,,,,,,,,23,,,,,,0,,,,,,,,,,,,,,,,,,,,,,,,,,,,
2013-12-11,6XW1Q523,ST32000542AS,2000398934016,0,,41142836,,,,,,,,0,,,,,,15217,,,,,,,,,,,,,,,,,,,,,,,,,,,,,,22,,,,,,0,,,,,,,,,,,,,,,,,,,,,,,,,,,,
2013-12-11,JK1101B9KLXV7F,Hitachi HDS722020ALA330,2000398934016,0,,0,,,,,,,,0,,,,,,23097,,,,,,,,,,,,,,,,,,,,,,,,,,,,,,26,,,,,,0,,,,,,,,,,,,,,,,,,,,,,,,,,,,
2013-12-11,PL1311LAG2AYXH,Hitachi HDS5C4040ALE630,4000787030016,0,,0,,,,,,,,0,,,,,,2376,,,,,,,,,,,,,,,,,,,,,,,,,,,,,,19,,,,,,0,,,,,,,,,,,,,,,,,,,,,,,,,,,,
2013-12-11,MJ1311YNG3BTJA,Hitachi HDS5C3030ALA630,3000592982016,0,,0,,,,,,,,0,,,,,,19588,,,,,,,,,,,,,,,,,,,,,,,,,,,,,,27,,,,,,0,,,,,,,,,,,,,,,,,,,,,,,,,,,,
2013-12-11,MJ0351YNG9SN2A,Hitachi HDS5C3030ALA630,3000592982016,0,,0,,,,,,,,0,,,,,,9913,,,,,,,,,,,,,,,,,,,,,,,,,,,,,,34,,,,,,0,,,,,,,,,,,,,,,,,,,,,,,,,,,,
2013-12-11,9XK0CJ4E,ST33000651AS,3000592982016,0,,211272121,,,,,,,,0,,,,,,16520,,,,,,,,,,,,,,,,,,,,,,,,,,,,,,28,,,,,,0,,,,,,,,,,,,,,,,,,,,,,,,,,,,
2013-12-11,MJ0351YNG9WUYA,Hitachi HDS5C3030ALA630,3000592982016,0,,0,,,,,,,,0,,,,,,9142,,,,,,,,,,,,,,,,,,,,,,,,,,,,,,28,,,,,,0,,,,,,,,,,,,,,,,,,,,,,,,,,,,
2013-12-11,MJ1311YNG6XKTA,Hitachi HDS5C3030ALA630,3000592982016,0,,0,,,,,,,,0,,,,,,14680,,,,,,,,,,,,,,,,,,,,,,,,,,,,,,29,,,,,,0,,,,,,,,,,,,,,,,,,,,,,,,,,,,
2013-12-11,Z300NR7K,ST4000DM000,4000787030016,0,,107213864,,,,,,,,0,,,,,,1142,,,,,,,,,,,,,,,,,,,,,,,,,,,,,,28,,,,,,0,,,,,,,,,,,,,,,,,,,,,,,,,,,,
2013-12-11,Z300NR7V,ST4000DM000,4000787030016,0,,117552728,,,,,,,,0,,,,,,105,,,,,,,,,,,,,,,,,,,,,,,,,,,,,,21,,,,,,0,,,,,,,,,,,,,,,,,,,,,,,,,,,,
2013-12-11,WD-WMAWZ0225593,WDC WD30EZRX,3000592982016,0,,0,,,,,,,,0,,,,,,12942,,,,,,,,,,,,,,,,,,,,,,,,,,,,,,23,,,,,,0,,,,,,,,,,,,,,,,,,,,,,,,,,,,
2013-12-11,JK1171B8GNNRMS,Hitachi HDS722020ALA330,2000398934016,0,,0,,,,,,,,0,,,,,,26492,,,,,,,,,,,,,,,,,,,,,,,,,,,,,,27,,,,,,0,,,,,,,,,,,,,,,,,,,,,,,,,,,,
2013-12-11,Z1F067K0,ST3000DM001,3000592982016,0,,45536200,,,,,,,,0,,,,,,14733,,,,,,,,,,,,,,,,,,,,,,,,,,,,,,21,,,,,,0,,,,,,,,,,,,,,,,,,,,,,,,,,,,
2013-12-11,5XW03565,ST31500541AS,1500301910016,0,,185175932,,,,,,,,368,,,,,,37068,,,,,,,,,,,,,,,,,,,,,,,,,,,,,,28,,,,,,0,,,,,,,,,,,,,,,,,,,,,,,,,,,,
2013-12-11,JK11A8B9J756DF,Hitachi HDS722020ALA330,2000398934016,0,,0,,,,,,,,0,,,,,,24627,,,,,,,,,,,,,,,,,,,,,,,,,,,,,,28,,,,,,0,,,,,,,,,,,,,,,,,,,,,,,,,,,,
2013-12-11,JK1101B9JPLALF,Hitachi HDS722020ALA330,2000398934016,0,,0,,,,,,,,0,,,,,,23989,,,,,,,,,,,,,,,,,,,,,,,,,,,,,,26,,,,,,0,,,,,,,,,,,,,,,,,,,,,,,,,,,,
2013-12-11,MJ1311YNG3KTLA,Hitachi HDS5C3030ALA630,3000592982016,0,,0,,,,,,,,1,,,,,,18941,,,,,,,,,,,,,,,,,,,,,,,,,,,,,,27,,,,,,0,,,,,,,,,,,,,,,,,,,,,,,,,,,,
2013-12-11,MJ1311YNG1UV1A,Hitachi HDS5C3030ALA630,3000592982016,0,,1,,,,,,,,0,,,,,,18948,,,,,,,,,,,,,,,,,,,,,,,,,,,,,,24,,,,,,0,,,,,,,,,,,,,,,,,,,,,,,,,,,,
2013-12-11,MJ0351YNGAA9RA,Hitachi HDS5C3030ALA630,3000592982016,0,,0,,,,,,,,0,,,,,,8210,,,,,,,,,,,,,,,,,,,,,,,,,,,,,,36,,,,,,0,,,,,,,,,,,,,,,,,,,,,,,,,,,,
2013-12-11,MK0311YHG1R13A,Hitachi HDS723030ALA640,3000592982016,0,,0,,,,,,,,0,,,,,,16682,,,,,,,,,,,,,,,,,,,,,,,,,,,,,,29,,,,,,0,,,,,,,,,,,,,,,,,,,,,,,,,,,,
2013-12-11,JK1101B9JP3GJF,Hitachi HDS722020ALA330,2000398934016,0,,0,,,,,,,,0,,,,,,23587,,,,,,,,,,,,,,,,,,,,,,,,,,,,,,32,,,,,,0,,,,,,,,,,,,,,,,,,,,,,,,,,,,
2013-12-11,MJ1323YNG1PBPC,Hitachi HDS5C3030ALA630,3000592982016,0,,0,,,,,,,,0,,,,,,19310,,,,,,,,,,,,,,,,,,,,,,,,,,,,,,27,,,,,,0,,,,,,,,,,,,,,,,,,,,,,,,,,,,
2013-12-11,MK0333YHGPGPJC,Hitachi HDS723030ALA640,3000592982016,0,,65538,,,,,,,,0,,,,,,18088,,,,,,,,,,,,,,,,,,,,,,,,,,,,,,33,,,,,,0,,,,,,,,,,,,,,,,,,,,,,,,,,,,
2013-12-11,6XW01J37,ST31500541AS,1500301910016,0,,224464909,,,,,,,,0,,,,,,35759,,,,,,,,,,,,,,,,,,,,,,,,,,,,,,20,,,,,,0,,,,,,,,,,,,,,,,,,,,,,,,,,,,
2013-12-11,6XW03B7G,ST31500541AS,1500301910016,0,,38697127,,,,,,,,0,,,,,,35756,,,,,,,,,,,,,,,,,,,,,,,,,,,,,,20,,,,,,0,,,,,,,,,,,,,,,,,,,,,,,,,,,,
2013-12-11,W1F1DNYH,ST3000DM001,3000592982016,0,,224835064,,,,,,,,0,,,,,,8650,,,,,,,,,,,,,,,,,,,,,,,,,,,,,,28,,,,,,0,,,,,,,,,,,,,,,,,,,,,,,,,,,,
2013-12-11,W1F09T5M,ST3000DM001,3000592982016,0,,237473976,,,,,,,,0,,,,,,13372,,,,,,,,,,,,,,,,,,,,,,,,,,,,,,20,,,,,,0,,,,,,,,,,,,,,,,,,,,,,,,,,,,
2013-12-11,5XW0356A,ST31500541AS,1500301910016,0,,203707426,,,,,,,,0,,,,,,35758,,,,,,,,,,,,,,,,,,,,,,,,,,,,,,21,,,,,,0,,,,,,,,,,,,,,,,,,,,,,,,,,,,
2013-12-11,W30091C6,ST4000DM000,4000787030016,0,,87243312,,,,,,,,0,,,,,,4140,,,,,,,,,,,,,,,,,,,,,,,,,,,,,,23,,,,,,0,,,,,,,,,,,,,,,,,,,,,,,,,,,,
2013-12-11,JK11A8B9J29NJF,Hitachi HDS722020ALA330,2000398934016,0,,0,,,,,,,,0,,,,,,24463,,,,,,,,,,,,,,,,,,,,,,,,,,,,,,28,,,,,,0,,,,,,,,,,,,,,,,,,,,,,,,,,,,
2013-12-11,MJ0351YNGAD8LA,Hitachi HDS5C3030ALA630,3000592982016,0,,0,,,,,,,,0,,,,,,8617,,,,,,,,,,,,,,,,,,,,,,,,,,,,,,31,,,,,,0,,,,,,,,,,,,,,,,,,,,,,,,,,,,
2013-12-11,PL1311LAG19U3A,Hitachi HDS5C4040ALE630,4000787030016,0,,0,,,,,,,,0,,,,,,6614,,,,,,,,,,,,,,,,,,,,,,,,,,,,,,27,,,,,,0,,,,,,,,,,,,,,,,,,,,,,,,,,,,
2013-12-11,WD-WCAU45536612,WDC WD10EADS,1000204886016,0,,0,,,,,,,,0,,,,,,40414,,,,,,,,,,,,,,,,,,,,,,,,,,,,,,28,,,,,,0,,,,,,,,,,,,,,,,,,,,,,,,,,,,
2013-12-11,JK1175YAHU76WX,Hitachi HDS722020ALA330,2000398934016,0,,2490428,,,,,,,,0,,,,,,30501,,,,,,,,,,,,,,,,,,,,,,,,,,,,,,33,,,,,,0,,,,,,,,,,,,,,,,,,,,,,,,,,,,
2013-12-11,JK11A8B9J37NTF,Hitachi HDS722020ALA330,2000398934016,0,,0,,,,,,,,0,,,,,,24428,,,,,,,,,,,,,,,,,,,,,,,,,,,,,,30,,,,,,0,,,,,,,,,,,,,,,,,,,,,,,,,,,,
2013-12-11,JK11A8B9HUMAJF,Hitachi HDS722020ALA330,2000398934016,0,,0,,,,,,,,51,,,,,,23106,,,,,,,,,,,,,,,,,,,,,,,,,,,,,,26,,,,,,2,,,,,,,,,,,,,,,,,,,,,,,,,,,,
2013-12-11,PL1311LAG20H4A,Hitachi HDS5C4040ALE630,4000787030016,0,,0,,,,,,,,0,,,,,,7452,,,,,,,,,,,,,,,,,,,,,,,,,,,,,,22,,,,,,0,,,,,,,,,,,,,,,,,,,,,,,,,,,,
2013-12-11,6XW058PT,ST31500541AS,1500301910016,0,,230614930,,,,,,,,0,,,,,,37280,,,,,,,,,,,,,,,,,,,,,,,,,,,,,,24,,,,,,0,,,,,,,,,,,,,,,,,,,,,,,,,,,,
2013-12-11,JK1101B9JN2D2R,Hitachi HDS722020ALA330,2000398934016,0,,0,,,,,,,,0,,,,,,23320,,,,,,,,,,,,,,,,,,,,,,,,,,,,,,25,,,,,,0,,,,,,,,,,,,,,,,,,,,,,,,,,,,
2013-12-11,WD-WCAU47584534,WDC WD10EADS,1000204886016,0,,92,,,,,,,,0,,,,,,40528,,,,,,,,,,,,,,,,,,,,,,,,,,,,,,30,,,,,,0,,,,,,,,,,,,,,,,,,,,,,,,,,,,
2013-12-11,W3006CQ8,ST4000DM000,4000787030016,0,,140347840,,,,,,,,0,,,,,,2856,,,,,,,,,,,,,,,,,,,,,,,,,,,,,,19,,,,,,0,,,,,,,,,,,,,,,,,,,,,,,,,,,,
2013-12-11,JK11A4B8J8435W,Hitachi HDS722020ALA330,2000398934016,0,,0,,,,,,,,0,,,,,,24970,,,,,,,,,,,,,,,,,,,,,,,,,,,,,,31,,,,,,0,,,,,,,,,,,,,,,,,,,,,,,,,,,,
2013-12-11,MJ1311YNG39WDA,Hitachi HDS5C3030ALA630,3000592982016,0,,0,,,,,,,,0,,,,,,14290,,,,,,,,,,,,,,,,,,,,,,,,,,,,,,25,,,,,,0,,,,,,,,,,,,,,,,,,,,,,,,,,,,
2013-12-11,MJ0351YNGA318A,Hitachi HDS5C3030ALA630,3000592982016,0,,0,,,,,,,,0,,,,,,8505,,,,,,,,,,,,,,,,,,,,,,,,,,,,,,23,,,,,,0,,,,,,,,,,,,,,,,,,,,,,,,,,,,
2013-12-11,JK1170B9JJVGGD,Hitachi HDS722020ALA330,2000398934016,0,,0,,,,,,,,0,,,,,,22686,,,,,,,,,,,,,,,,,,,,,,,,,,,,,,27,,,,,,0,,,,,,,,,,,,,,,,,,,,,,,,,,,,
2013-12-11,W300AHW9,ST4000DM000,4000787030016,0,,104817952,,,,,,,,0,,,,,,4168,,,,,,,,,,,,,,,,,,,,,,,,,,,,,,29,,,,,,0,,,,,,,,,,,,,,,,,,,,,,,,,,,,
2013-12-11,6XW04TY0,ST31500541AS,1500301910016,0,,11966410,,,,,,,,0,,,,,,36955,,,,,,,,,,,,,,,,,,,,,,,,,,,,,,19,,,,,,0,,,,,,,,,,,,,,,,,,,,,,,,,,,,
2013-12-11,JK11A4B8J7SDWW,Hitachi HDS722020ALA330,2000398934016,0,,0,,,,,,,,0,,,,,,26027,,,,,,,,,,,,,,,,,,,,,,,,,,,,,,27,,,,,,0,,,,,,,,,,,,,,,,,,,,,,,,,,,,
2013-12-11,WD-WCC1T1276346,WDC WD30EFRX,3000592982016,0,,0,,,,,,,,0,,,,,,1714,,,,,,,,,,,,,,,,,,,,,,,,,,,,,,24,,,,,,0,,,,,,,,,,,,,,,,,,,,,,,,,,,,
2013-12-11,WD-WCAU42479711,WDC WD10EACS,1000204886016,0,,0,,,,,,,,0,,,,,,42825,,,,,,,,,,,,,,,,,,,,,,,,,,,,,,17,,,,,,0,,,,,,,,,,,,,,,,,,,,,,,,,,,,
2013-12-11,MJ1313YNG1YHYC,Hitachi HDS5C3030ALA630,3000592982016,0,,0,,,,,,,,0,,,,,,21796,,,,,,,,,,,,,,,,,,,,,,,,,,,,,,26,,,,,,0,,,,,,,,,,,,,,,,,,,,,,,,,,,,
2013-12-11,PL1331LAGB881H,Hitachi HDS5C4040ALE630,4000787030016,0,,0,,,,,,,,0,,,,,,2981,,,,,,,,,,,,,,,,,,,,,,,,,,,,,,25,,,,,,0,,,,,,,,,,,,,,,,,,,,,,,,,,,,
2013-12-11,9XK0GF39,ST33000651AS,3000592982016,0,,181336471,,,,,,,,0,,,,,,16736,,,,,,,,,,,,,,,,,,,,,,,,,,,,,,26,,,,,,0,,,,,,,,,,,,,,,,,,,,,,,,,,,,
2013-12-11,WD-WMC4N1011681,WDC WD30EFRX,3000592982016,0,,0,,,,,,,,0,,,,,,656,,,,,,,,,,,,,,,,,,,,,,,,,,,,,,22,,,,,,0,,,,,,,,,,,,,,,,,,,,,,,,,,,,
2013-12-11,W1F097FV,ST3000DM001,3000592982016,0,,211058456,,,,,,,,0,,,,,,13356,,,,,,,,,,,,,,,,,,,,,,,,,,,,,,23,,,,,,0,,,,,,,,,,,,,,,,,,,,,,,,,,,,
2013-12-11,WD-WCAWZ0167273,WDC WD30EZRS,3000592982016,0,,0,,,,,,,,0,,,,,,12199,,,,,,,,,,,,,,,,,,,,,,,,,,,,,,23,,,,,,1,,,,,,,,,,,,,,,,,,,,,,,,,,,,
2013-12-11,W1F0DBK1,ST3000DM001,3000592982016,0,,89204728,,,,,,,,0,,,,,,12362,,,,,,,,,,,,,,,,,,,,,,,,,,,,,,21,,,,,,0,,,,,,,,,,,,,,,,,,,,,,,,,,,,
2013-12-11,JK1174YAK4N7TW,Hitachi HDS722020ALA330,2000398934016,0,,0,,,,,,,,0,,,,,,28154,,,,,,,,,,,,,,,,,,,,,,,,,,,,,,26,,,,,,0,,,,,,,,,,,,,,,,,,,,,,,,,,,,
2013-12-11,5XW0AYMF,ST31500541AS,1500301910016,0,,14161604,,,,,,,,0,,,,,,25727,,,,,,,,,,,,,,,,,,,,,,,,,,,,,,25,,,,,,0,,,,,,,,,,,,,,,,,,,,,,,,,,,,
2013-12-11,MJ1311YNG7JTTA,Hitachi HDS5C3030ALA630,3000592982016,0,,0,,,,,,,,0,,,,,,14620,,,,,,,,,,,,,,,,,,,,,,,,,,,,,,22,,,,,,0,,,,,,,,,,,,,,,,,,,,,,,,,,,,
2013-12-11,PL1311LAG2DYXH,Hitachi HDS5C4040ALE630,4000787030016,0,,0,,,,,,,,0,,,,,,7386,,,,,,,,,,,,,,,,,,,,,,,,,,,,,,23,,,,,,0,,,,,,,,,,,,,,,,,,,,,,,,,,,,
2013-12-11,JK11A8B9J30A7F,Hitachi HDS722020ALA330,2000398934016,0,,0,,,,,,,,0,,,,,,24112,,,,,,,,,,,,,,,,,,,,,,,,,,,,,,28,,,,,,0,,,,,,,,,,,,,,,,,,,,,,,,,,,,
2013-12-11,9XK0AE8Q,ST33000651AS,3000592982016,0,,229459173,,,,,,,,0,,,,,,17738,,,,,,,,,,,,,,,,,,,,,,,,,,,,,,23,,,,,,0,,,,,,,,,,,,,,,,,,,,,,,,,,,,
2013-12-11,W1F09NT5,ST3000DM001,3000592982016,0,,129883376,,,,,,,,0,,,,,,12360,,,,,,,,,,,,,,,,,,,,,,,,,,,,,,25,,,,,,8,,,,,,,,,,,,,,,,,,,,,,,,,,,,
2013-12-11,JK11A4B8J7RUSW,Hitachi HDS722020ALA330,2000398934016,0,,65536,,,,,,,,0,,,,,,26024,,,,,,,,,,,,,,,,,,,,,,,,,,,,,,28,,,,,,0,,,,,,,,,,,,,,,,,,,,,,,,,,,,
2013-12-11,MJ1311YNG3HBVA,Hitachi HDS5C3030ALA630,3000592982016,0,,0,,,,,,,,0,,,,,,18066,,,,,,,,,,,,,,,,,,,,,,,,,,,,,,24,,,,,,0,,,,,,,,,,,,,,,,,,,,,,,,,,,,
2013-12-11,MJ0351YNG9Z45A,Hitachi HDS5C3030ALA630,3000592982016,0,,0,,,,,,,,0,,,,,,8141,,,,,,,,,,,,,,,,,,,,,,,,,,,,,,31,,,,,,0,,,,,,,,,,,,,,,,,,,,,,,,,,,,
2013-12-11,MJ0351YNG9Y0XA,Hitachi HDS5C3030ALA630,3000592982016,0,,0,,,,,,,,0,,,,,,9146,,,,,,,,,,,,,,,,,,,,,,,,,,,,,,30,,,,,,0,,,,,,,,,,,,,,,,,,,,,,,,,,,,
2013-12-11,5XW0KRNA,ST32000542AS,2000398934016,0,,234935345,,,,,,,,0,,,,,,26707,,,,,,,,,,,,,,,,,,,,,,,,,,,,,,29,,,,,,0,,,,,,,,,,,,,,,,,,,,,,,,,,,,
2013-12-11,W1F09NTV,ST3000DM001,3000592982016,0,,81024272,,,,,,,,712,,,,,,13880,,,,,,,,,,,,,,,,,,,,,,,,,,,,,,27,,,,,,0,,,,,,,,,,,,,,,,,,,,,,,,,,,,
2013-12-11,W1F09VVR,ST3000DM001,3000592982016,0,,56001488,,,,,,,,0,,,,,,14709,,,,,,,,,,,,,,,,,,,,,,,,,,,,,,25,,,,,,16,,,,,,,,,,,,,,,,,,,,,,,,,,,,
2013-12-11,WD-WCAU47266157,WDC WD10EADS,1000204886016,0,,4,,,,,,,,0,,,,,,40927,,,,,,,,,,,,,,,,,,,,,,,,,,,,,,27,,,,,,0,,,,,,,,,,,,,,,,,,,,,,,,,,,,
2013-12-11,MJ0351YNG9ZGYA,Hitachi HDS5C3030ALA630,3000592982016,0,,0,,,,,,,,0,,,,,,9483,,,,,,,,,,,,,,,,,,,,,,,,,,,,,,29,,,,,,0,,,,,,,,,,,,,,,,,,,,,,,,,,,,
2013-12-11,MJ1311YNG7KRVA,Hitachi HDS5C3030ALA630,3000592982016,0,,65536,,,,,,,,0,,,,,,14680,,,,,,,,,,,,,,,,,,,,,,,,,,,,,,29,,,,,,0,,,,,,,,,,,,,,,,,,,,,,,,,,,,
2013-12-11,S1F06WCQ,ST3000DM001,3000592982016,0,,121719320,,,,,,,,0,,,,,,13914,,,,,,,,,,,,,,,,,,,,,,,,,,,,,,24,,,,,,8,,,,,,,,,,,,,,,,,,,,,,,,,,,,
2013-12-11,6XW07VYX,ST31500541AS,1500301910016,0,,205560836,,,,,,,,0,,,,,,9473,,,,,,,,,,,,,,,,,,,,,,,,,,,,,,25,,,,,,0,,,,,,,,,,,,,,,,,,,,,,,,,,,,
2013-12-11,9XW0004A,ST31500541AS,1500301910016,0,,219883348,,,,,,,,0,,,,,,25948,,,,,,,,,,,,,,,,,,,,,,,,,,,,,,19,,,,,,0,,,,,,,,,,,,,,,,,,,,,,,,,,,,
2013-12-11,MK0311YHGK6HRA,Hitachi HDS723030ALA640,3000592982016,0,,0,,,,,,,,0,,,,,,14732,,,,,,,,,,,,,,,,,,,,,,,,,,,,,,30,,,,,,0,,,,,,,,,,,,,,,,,,,,,,,,,,,,
2013-12-11,S1F02T18,ST3000DM001,3000592982016,0,,76716568,,,,,,,,0,,,,,,16149,,,,,,,,,,,,,,,,,,,,,,,,,,,,,,21,,,,,,0,,,,,,,,,,,,,,,,,,,,,,,,,,,,
2013-12-11,Z300CWZ9,ST4000DM000,4000787030016,0,,135854184,,,,,,,,0,,,,,,2241,,,,,,,,,,,,,,,,,,,,,,,,,,,,,,24,,,,,,0,,,,,,,,,,,,,,,,,,,,,,,,,,,,
2013-12-11,MK0331YHGRS1PA,Hitachi HDS723030ALA640,3000592982016,0,,0,,,,,,,,0,,,,,,17357,,,,,,,,,,,,,,,,,,,,,,,,,,,,,,27,,,,,,0,,,,,,,,,,,,,,,,,,,,,,,,,,,,
2013-12-11,WD-WCC1T1278777,WDC WD30EFRX,3000592982016,0,,0,,,,,,,,0,,,,,,1185,,,,,,,,,,,,,,,,,,,,,,,,,,,,,,24,,,,,,0,,,,,,,,,,,,,,,,,,,,,,,,,,,,
2013-12-11,MJ1311YNG36GAA,Hitachi HDS5C3030ALA630,3000592982016,0,,0,,,,,,,,0,,,,,,18386,,,,,,,,,,,,,,,,,,,,,,,,,,,,,,22,,,,,,0,,,,,,,,,,,,,,,,,,,,,,,,,,,,
2013-12-11,MJ0351YNGA8LRA,Hitachi HDS5C3030ALA630,3000592982016,0,,0,,,,,,,,0,,,,,,8506,,,,,,,,,,,,,,,,,,,,,,,,,,,,,,25,,,,,,0,,,,,,,,,,,,,,,,,,,,,,,,,,,,
2013-12-11,W300J3D5,ST4000DM000,4000787030016,0,,241680392,,,,,,,,0,,,,,,815,,,,,,,,,,,,,,,,,,,,,,,,,,,,,,21,,,,,,0,,,,,,,,,,,,,,,,,,,,,,,,,,,,
2013-12-11,JK1105B8GG4MNX,Hitachi HDS722020ALA330,2000398934016,0,,65537,,,,,,,,0,,,,,,26766,,,,,,,,,,,,,,,,,,,,,,,,,,,,,,26,,,,,,0,,,,,,,,,,,,,,,,,,,,,,,,,,,,
2013-12-11,PL1311LAG3A4WH,Hitachi HDS5C4040ALE630,4000787030016,0,,0,,,,,,,,0,,,,,,5304,,,,,,,,,,,,,,,,,,,,,,,,,,,,,,25,,,,,,0,,,,,,,,,,,,,,,,,,,,,,,,,,,,
2013-12-11,MJ1311YNG7KTDA,Hitachi HDS5C3030ALA630,3000592982016,0,,0,,,,,,,,0,,,,,,14291,,,,,,,,,,,,,,,,,,,,,,,,,,,,,,29,,,,,,0,,,,,,,,,,,,,,,,,,,,,,,,,,,,
2013-12-11,W1F0LSFS,ST3000DM001,3000592982016,0,,111791400,,,,,,,,0,,,,,,11637,,,,,,,,,,,,,,,,,,,,,,,,,,,,,,23,,,,,,0,,,,,,,,,,,,,,,,,,,,,,,,,,,,
2013-12-11,WD-WMC1T1611074,WDC WD30EFRX,3000592982016,0,,0,,,,,,,,0,,,,,,7390,,,,,,,,,,,,,,,,,,,,,,,,,,,,,,23,,,,,,0,,,,,,,,,,,,,,,,,,,,,,,,,,,,
2013-12-11,WD-WCAU4A729191,WDC WD10EADS,1000204886016,0,,0,,,,,,,,0,,,,,,27249,,,,,,,,,,,,,,,,,,,,,,,,,,,,,,25,,,,,,0,,,,,,,,,,,,,,,,,,,,,,,,,,,,
2013-12-11,S1F0WWHD,ST3000DM001,3000592982016,0,,23209240,,,,,,,,0,,,,,,7993,,,,,,,,,,,,,,,,,,,,,,,,,,,,,,21,,,,,,0,,,,,,,,,,,,,,,,,,,,,,,,,,,,
2013-12-11,JK1101B9GKSM2F,Hitachi HDS722020ALA330,2000398934016,0,,65537,,,,,,,,0,,,,,,26480,,,,,,,,,,,,,,,,,,,,,,,,,,,,,,28,,,,,,0,,,,,,,,,,,,,,,,,,,,,,,,,,,,
2013-12-11,W300C8S2,ST4000DM000,4000787030016,0,,133295520,,,,,,,,0,,,,,,4290,,,,,,,,,,,,,,,,,,,,,,,,,,,,,,22,,,,,,0,,,,,,,,,,,,,,,,,,,,,,,,,,,,
2013-12-11,Z300CWZY,ST4000DM000,4000787030016,0,,57825120,,,,,,,,0,,,,,,2261,,,,,,,,,,,,,,,,,,,,,,,,,,,,,,21,,,,,,0,,,,,,,,,,,,,,,,,,,,,,,,,,,,
2013-12-11,MJ1321YNG0M5EA,Hitachi HDS5C3030ALA630,3000592982016,0,,0,,,,,,,,0,,,,,,20507,,,,,,,,,,,,,,,,,,,,,,,,,,,,,,24,,,,,,0,,,,,,,,,,,,,,,,,,,,,,,,,,,,
2013-12-11,S1F0S5WJ,ST3000DM001,3000592982016,0,,95830664,,,,,,,,0,,,,,,10741,,,,,,,,,,,,,,,,,,,,,,,,,,,,,,23,,,,,,0,,,,,,,,,,,,,,,,,,,,,,,,,,,,
2013-12-11,6XW033X8,ST31500541AS,1500301910016,0,,116850643,,,,,,,,0,,,,,,36973,,,,,,,,,,,,,,,,,,,,,,,,,,,,,,24,,,,,,0,,,,,,,,,,,,,,,,,,,,,,,,,,,,
2013-12-11,WD-WCAWZ0506409,WDC WD30EZRX,3000592982016,0,,328,,,,,,,,0,,,,,,16996,,,,,,,,,,,,,,,,,,,,,,,,,,,,,,22,,,,,,3,,,,,,,,,,,,,,,,,,,,,,,,,,,,
2013-12-11,JK11A1YAJHDDKV,Hitachi HDS722020ALA330,2000398934016,0,,65536,,,,,,,,0,,,,,,28905,,,,,,,,,,,,,,,,,,,,,,,,,,,,,,28,,,,,,0,,,,,,,,,,,,,,,,,,,,,,,,,,,,
2013-12-11,JK11A8B9J80XRF,Hitachi HDS722020ALA330,2000398934016,0,,0,,,,,,,,0,,,,,,26025,,,,,,,,,,,,,,,,,,,,,,,,,,,,,,27,,,,,,0,,,,,,,,,,,,,,,,,,,,,,,,,,,,
2013-12-11,S1F0S5WY,ST3000DM001,3000592982016,0,,18054976,,,,,,,,0,,,,,,10719,,,,,,,,,,,,,,,,,,,,,,,,,,,,,,29,,,,,,0,,,,,,,,,,,,,,,,,,,,,,,,,,,,
2013-12-11,W1F09EWH,ST3000DM001,3000592982016,0,,139846256,,,,,,,,0,,,,,,15215,,,,,,,,,,,,,,,,,,,,,,,,,,,,,,25,,,,,,0,,,,,,,,,,,,,,,,,,,,,,,,,,,,
2013-12-11,6XW01E02,ST31500541AS,1500301910016,0,,25599930,,,,,,,,0,,,,,,36069,,,,,,,,,,,,,,,,,,,,,,,,,,,,,,20,,,,,,0,,,,,,,,,,,,,,,,,,,,,,,,,,,,
2013-12-11,PK1331PAJ35RHS,HGST HDS724040ALE640,4000787030016,0,,0,,,,,,,,0,,,,,,2026,,,,,,,,,,,,,,,,,,,,,,,,,,,,,,24,,,,,,0,,,,,,,,,,,,,,,,,,,,,,,,,,,,
2013-12-11,W300KW4M,ST4000DM000,4000787030016,0,,56932080,,,,,,,,0,,,,,,799,,,,,,,,,,,,,,,,,,,,,,,,,,,,,,19,,,,,,0,,,,,,,,,,,,,,,,,,,,,,,,,,,,
2013-12-11,JK11A8B9HWJ67F,Hitachi HDS722020ALA330,2000398934016,0,,65536,,,,,,,,0,,,,,,26144,,,,,,,,,,,,,,,,,,,,,,,,,,,,,,24,,,,,,0,,,,,,,,,,,,,,,,,,,,,,,,,,,,
2013-12-11,5XW149D0,ST32000542AS,2000398934016,0,,20001451,,,,,,,,0,,,,,,11064,,,,,,,,,,,,,,,,,,,,,,,,,,,,,,26,,,,,,0,,,,,,,,,,,,,,,,,,,,,,,,,,,,
2013-12-11,9VS3GV6J,ST31500341AS,1500301910016,0,,57216882,,,,,,,,4,,,,,,18374,,,,,,,,,,,,,,,,,,,,,,,,,,,,,,26,,,,,,0,,,,,,,,,,,,,,,,,,,,,,,,,,,,
2013-12-11,WD-WCAU44853524,WDC WD10EACS,1000204886016,0,,0,,,,,,,,1,,,,,,43283,,,,,,,,,,,,,,,,,,,,,,,,,,,,,,20,,,,,,0,,,,,,,,,,,,,,,,,,,,,,,,,,,,
2013-12-11,PL2311LAG1PGYC,Hitachi HDS5C4040ALE630,4000787030016,0,,0,,,,,,,,0,,,,,,7453,,,,,,,,,,,,,,,,,,,,,,,,,,,,,,20,,,,,,0,,,,,,,,,,,,,,,,,,,,,,,,,,,,
2013-12-11,9VS1H6GT,ST31500341AS,1500301910016,0,,480194,,,,,,,,8,,,,,,40406,,,,,,,,,,,,,,,,,,,,,,,,,,,,,,31,,,,,,0,,,,,,,,,,,,,,,,,,,,,,,,,,,,
2013-12-11,MJ1321YNG0J6SA,Hitachi HDS5C3030ALA630,3000592982016,0,,2,,,,,,,,0,,,,,,20480,,,,,,,,,,,,,,,,,,,,,,,,,,,,,,30,,,,,,0,,,,,,,,,,,,,,,,,,,,,,,,,,,,
2013-12-11,PL1311LAG3ANXH,Hitachi HDS5C4040ALE630,4000787030016,0,,0,,,,,,,,0,,,,,,6071,,,,,,,,,,,,,,,,,,,,,,,,,,,,,,19,,,,,,0,,,,,,,,,,,,,,,,,,,,,,,,,,,,
2013-12-11,PL1311LAG3DDTH,Hitachi HDS5C4040ALE630,4000787030016,0,,0,,,,,,,,0,,,,,,5668,,,,,,,,,,,,,,,,,,,,,,,,,,,,,,21,,,,,,0,,,,,,,,,,,,,,,,,,,,,,,,,,,,
2013-12-11,W300B5H1,ST4000DM000,4000787030016,0,,98558952,,,,,,,,0,,,,,,4140,,,,,,,,,,,,,,,,,,,,,,,,,,,,,,24,,,,,,0,,,,,,,,,,,,,,,,,,,,,,,,,,,,
2013-12-11,Z300X5TJ,ST4000DM000,4000787030016,0,,93199112,,,,,,,,0,,,,,,815,,,,,,,,,,,,,,,,,,,,,,,,,,,,,,21,,,,,,0,,,,,,,,,,,,,,,,,,,,,,,,,,,,
2013-12-11,MJ1311YNG72V1A,Hitachi HDS5C3030ALA630,3000592982016,0,,0,,,,,,,,0,,,,,,14593,,,,,,,,,,,,,,,,,,,,,,,,,,,,,,24,,,,,,0,,,,,,,,,,,,,,,,,,,,,,,,,,,,
2013-12-11,W1F0X3Q5,ST3000DM001,3000592982016,0,,90848824,,,,,,,,0,,,,,,11021,,,,,,,,,,,,,,,,,,,,,,,,,,,,,,24,,,,,,0,,,,,,,,,,,,,,,,,,,,,,,,,,,,
2013-12-11,JK11A8B9J7B2YF,Hitachi HDS722020ALA330,2000398934016,0,,0,,,,,,,,0,,,,,,23488,,,,,,,,,,,,,,,,,,,,,,,,,,,,,,28,,,,,,0,,,,,,,,,,,,,,,,,,,,,,,,,,,,
2013-12-11,PL1311LAG256NA,Hitachi HDS5C4040ALE630,4000787030016,0,,0,,,,,,,,0,,,,,,6616,,,,,,,,,,,,,,,,,,,,,,,,,,,,,,27,,,,,,0,,,,,,,,,,,,,,,,,,,,,,,,,,,,
2013-12-11,MJ0351YNGA6RAA,Hitachi HDS5C3030ALA630,3000592982016,0,,0,,,,,,,,745,,,,,,8665,,,,,,,,,,,,,,,,,,,,,,,,,,,,,,26,,,,,,0,,,,,,,,,,,,,,,,,,,,,,,,,,,,
2013-12-11,JK11A8B9J7184F,Hitachi HDS722020ALA330,2000398934016,0,,0,,,,,,,,0,,,,,,24544,,,,,,,,,,,,,,,,,,,,,,,,,,,,,,28,,,,,,0,,,,,,,,,,,,,,,,,,,,,,,,,,,,
2013-12-11,MK0311YHGHYWLA,Hitachi HDS723030ALA640,3000592982016,0,,0,,,,,,,,3,,,,,,16735,,,,,,,,,,,,,,,,,,,,,,,,,,,,,,26,,,,,,0,,,,,,,,,,,,,,,,,,,,,,,,,,,,
2013-12-11,PL1311LAG3B3SH,Hitachi HDS5C4040ALE630,4000787030016,0,,0,,,,,,,,0,,,,,,5921,,,,,,,,,,,,,,,,,,,,,,,,,,,,,,21,,,,,,0,,,,,,,,,,,,,,,,,,,,,,,,,,,,
2013-12-11,6XW001RN,ST31500541AS,1500301910016,0,,242634755,,,,,,,,0,,,,,,37435,,,,,,,,,,,,,,,,,,,,,,,,,,,,,,24,,,,,,0,,,,,,,,,,,,,,,,,,,,,,,,,,,,
2013-12-11,S1F02LR1,ST3000DM001,3000592982016,0,,30564768,,,,,,,,0,,,,,,15417,,,,,,,,,,,,,,,,,,,,,,,,,,,,,,25,,,,,,0,,,,,,,,,,,,,,,,,,,,,,,,,,,,
2013-12-11,S1F06W9X,ST3000DM001,3000592982016,0,,34810208,,,,,,,,0,,,,,,13913,,,,,,,,,,,,,,,,,,,,,,,,,,,,,,21,,,,,,32,,,,,,,,,,,,,,,,,,,,,,,,,,,,
2013-12-11,PL1321LAG367BH,Hitachi HDS5C4040ALE630,4000787030016,0,,0,,,,,,,,0,,,,,,5668,,,,,,,,,,,,,,,,,,,,,,,,,,,,,,19,,,,,,0,,,,,,,,,,,,,,,,,,,,,,,,,,,,
2013-12-11,S1F13HWA,ST3000DM001,3000592982016,0,,117214840,,,,,,,,0,,,,,,8188,,,,,,,,,,,,,,,,,,,,,,,,,,,,,,24,,,,,,0,,,,,,,,,,,,,,,,,,,,,,,,,,,,
2013-12-11,WD-WCC1T1265950,WDC WD30EFRX,3000592982016,0,,0,,,,,,,,0,,,,,,846,,,,,,,,,,,,,,,,,,,,,,,,,,,,,,21,,,,,,0,,,,,,,,,,,,,,,,,,,,,,,,,,,,
2013-12-11,JK11A8B9J7YMPF,Hitachi HDS722020ALA330,2000398934016,0,,0,,,,,,,,0,,,,,,24543,,,,,,,,,,,,,,,,,,,,,,,,,,,,,,29,,,,,,0,,,,,,,,,,,,,,,,,,,,,,,,,,,,
2013-12-11,MJ1311YNG348KA,Hitachi HDS5C3030ALA630,3000592982016,0,,0,,,,,,,,0,,,,,,19617,,,,,,,,,,,,,,,,,,,,,,,,,,,,,,26,,,,,,0,,,,,,,,,,,,,,,,,,,,,,,,,,,,
2013-12-11,JK11A1YAJHEHUV,Hitachi HDS722020ALA330,2000398934016,0,,0,,,,,,,,0,,,,,,28743,,,,,,,,,,,,,,,,,,,,,,,,,,,,,,25,,,,,,0,,,,,,,,,,,,,,,,,,,,,,,,,,,,
2013-12-11,Z300W3F3,ST4000DM000,4000787030016,0,,14226216,,,,,,,,0,,,,,,799,,,,,,,,,,,,,,,,,,,,,,,,,,,,,,21,,,,,,0,,,,,,,,,,,,,,,,,,,,,,,,,,,,
2013-12-11,MJ0351YNG9WUDA,Hitachi HDS5C3030ALA630,3000592982016,0,,0,,,,,,,,0,,,,,,9671,,,,,,,,,,,,,,,,,,,,,,,,,,,,,,30,,,,,,0,,,,,,,,,,,,,,,,,,,,,,,,,,,,
2013-12-11,PL1311LAG24SMA,Hitachi HDS5C4040ALE630,4000787030016,0,,0,,,,,,,,0,,,,,,6614,,,,,,,,,,,,,,,,,,,,,,,,,,,,,,27,,,,,,0,,,,,,,,,,,,,,,,,,,,,,,,,,,,
2013-12-11,W3005QJ3,ST4000DM000,4000787030016,0,,220112696,,,,,,,,0,,,,,,2856,,,,,,,,,,,,,,,,,,,,,,,,,,,,,,19,,,,,,0,,,,,,,,,,,,,,,,,,,,,,,,,,,,
2013-12-11,W1F03BVR,ST3000DM001,3000592982016,0,,124879648,,,,,,,,0,,,,,,15592,,,,,,,,,,,,,,,,,,,,,,,,,,,,,,22,,,,,,0,,,,,,,,,,,,,,,,,,,,,,,,,,,,
2013-12-11,MK0311YHG4RR6A,Hitachi HDS723030ALA640,3000592982016,0,,0,,,,,,,,0,,,,,,14731,,,,,,,,,,,,,,,,,,,,,,,,,,,,,,30,,,,,,0,,,,,,,,,,,,,,,,,,,,,,,,,,,,
2013-12-11,Z300W3FX,ST4000DM000,4000787030016,0,,175122472,,,,,,,,0,,,,,,923,,,,,,,,,,,,,,,,,,,,,,,,,,,,,,26,,,,,,0,,,,,,,,,,,,,,,,,,,,,,,,,,,,
2013-12-11,6XW020RT,ST31500541AS,1500301910016,0,,29567709,,,,,,,,0,,,,,,30600,,,,,,,,,,,,,,,,,,,,,,,,,,,,,,20,,,,,,0,,,,,,,,,,,,,,,,,,,,,,,,,,,,
2013-12-11,Z300W3FV,ST4000DM000,4000787030016,0,,18693744,,,,,,,,0,,,,,,799,,,,,,,,,,,,,,,,,,,,,,,,,,,,,,22,,,,,,0,,,,,,,,,,,,,,,,,,,,,,,,,,,,
2013-12-11,MK0333YHGPG1AC,Hitachi HDS723030ALA640,3000592982016,0,,0,,,,,,,,0,,,,,,17762,,,,,,,,,,,,,,,,,,,,,,,,,,,,,,23,,,,,,0,,,,,,,,,,,,,,,,,,,,,,,,,,,,
2013-12-11,JK11A8B9J391LF,Hitachi HDS722020ALA330,2000398934016,0,,0,,,,,,,,3,,,,,,23544,,,,,,,,,,,,,,,,,,,,,,,,,,,,,,39,,,,,,0,,,,,,,,,,,,,,,,,,,,,,,,,,,,
2013-12-11,Z300DLR1,ST4000DM000,4000787030016,0,,68841848,,,,,,,,0,,,,,,2215,,,,,,,,,,,,,,,,,,,,,,,,,,,,,,17,,,,,,0,,,,,,,,,,,,,,,,,,,,,,,,,,,,
2013-12-11,5XW0D26M,ST32000542AS,2000398934016,0,,6424629,,,,,,,,0,,,,,,15216,,,,,,,,,,,,,,,,,,,,,,,,,,,,,,24,,,,,,0,,,,,,,,,,,,,,,,,,,,,,,,,,,,
2013-12-11,PL2311LAG1PP5C,Hitachi HDS5C4040ALE630,4000787030016,0,,0,,,,,,,,0,,,,,,7415,,,,,,,,,,,,,,,,,,,,,,,,,,,,,,22,,,,,,0,,,,,,,,,,,,,,,,,,,,,,,,,,,,
2013-12-11,Z300KGRG,ST4000DM000,4000787030016,0,,16126072,,,,,,,,0,,,,,,1115,,,,,,,,,,,,,,,,,,,,,,,,,,,,,,29,,,,,,0,,,,,,,,,,,,,,,,,,,,,,,,,,,,
2013-12-11,S1F04W9T,ST3000DM001,3000592982016,0,,158719608,,,,,,,,0,,,,,,16176,,,,,,,,,,,,,,,,,,,,,,,,,,,,,,25,,,,,,0,,,,,,,,,,,,,,,,,,,,,,,,,,,,
2013-12-11,W1F03WRQ,ST3000DM001,3000592982016,0,,61304800,,,,,,,,0,,,,,,14719,,,,,,,,,,,,,,,,,,,,,,,,,,,,,,27,,,,,,0,,,,,,,,,,,,,,,,,,,,,,,,,,,,
2013-12-11,MK0333YHGNYKKC,Hitachi HDS723030ALA640,3000592982016,0,,0,,,,,,,,0,,,,,,14283,,,,,,,,,,,,,,,,,,,,,,,,,,,,,,28,,,,,,0,,,,,,,,,,,,,,,,,,,,,,,,,,,,
2013-12-11,MJ1311YNG6VVXA,Hitachi HDS5C3030ALA630,3000592982016,0,,0,,,,,,,,0,,,,,,14680,,,,,,,,,,,,,,,,,,,,,,,,,,,,,,27,,,,,,0,,,,,,,,,,,,,,,,,,,,,,,,,,,,
2013-12-11,JK11A8B9J3BR9F,Hitachi HDS722020ALA330,2000398934016,0,,0,,,,,,,,0,,,,,,24429,,,,,,,,,,,,,,,,,,,,,,,,,,,,,,26,,,,,,0,,,,,,,,,,,,,,,,,,,,,,,,,,,,
2013-12-11,MJ0351YNG9VR2A,Hitachi HDS5C3030ALA630,3000592982016,0,,0,,,,,,,,0,,,,,,9914,,,,,,,,,,,,,,,,,,,,,,,,,,,,,,33,,,,,,0,,,,,,,,,,,,,,,,,,,,,,,,,,,,
2013-12-11,JK11A8B9J7J4WF,Hitachi HDS722020ALA330,2000398934016,0,,0,,,,,,,,0,,,,,,24666,,,,,,,,,,,,,,,,,,,,,,,,,,,,,,28,,,,,,0,,,,,,,,,,,,,,,,,,,,,,,,,,,,
2013-12-11,6XW00VGX,ST31500541AS,1500301910016,0,,132721846,,,,,,,,0,,,,,,37441,,,,,,,,,,,,,,,,,,,,,,,,,,,,,,23,,,,,,0,,,,,,,,,,,,,,,,,,,,,,,,,,,,
2013-12-11,S1F135TN,ST3000DM001,3000592982016,0,,33236976,,,,,,,,0,,,,,,8210,,,,,,,,,,,,,,,,,,,,,,,,,,,,,,28,,,,,,0,,,,,,,,,,,,,,,,,,,,,,,,,,,,
2013-12-11,6XW016QB,ST31500541AS,1500301910016,0,,139321932,,,,,,,,352,,,,,,37170,,,,,,,,,,,,,,,,,,,,,,,,,,,,,,23,,,,,,0,,,,,,,,,,,,,,,,,,,,,,,,,,,,
2013-12-11,6XW06RZ3,ST31500541AS,1500301910016,0,,188478610,,,,,,,,0,,,,,,29739,,,,,,,,,,,,,,,,,,,,,,,,,,,,,,17,,,,,,0,,,,,,,,,,,,,,,,,,,,,,,,,,,,
2013-12-11,S1F04D8S,ST3000DM001,3000592982016,0,,71839504,,,,,,,,0,,,,,,14215,,,,,,,,,,,,,,,,,,,,,,,,,,,,,,18,,,,,,0,,,,,,,,,,,,,,,,,,,,,,,,,,,,
2013-12-11,MJ0351YNGA0SDA,Hitachi HDS5C3030ALA630,3000592982016,0,,0,,,,,,,,0,,,,,,9132,,,,,,,,,,,,,,,,,,,,,,,,,,,,,,25,,,,,,0,,,,,,,,,,,,,,,,,,,,,,,,,,,,
2013-12-11,W1F0X6GR,ST3000DM001,3000592982016,0,,169507264,,,,,,,,0,,,,,,10718,,,,,,,,,,,,,,,,,,,,,,,,,,,,,,25,,,,,,0,,,,,,,,,,,,,,,,,,,,,,,,,,,,
2013-12-11,JK11A8B9J3B0SF,Hitachi HDS722020ALA330,2000398934016,0,,65536,,,,,,,,0,,,,,,23823,,,,,,,,,,,,,,,,,,,,,,,,,,,,,,32,,,,,,0,,,,,,,,,,,,,,,,,,,,,,,,,,,,
2013-12-11,JK1105B8GDV6NX,Hitachi HDS722020ALA330,2000398934016,0,,65536,,,,,,,,0,,,,,,26859,,,,,,,,,,,,,,,,,,,,,,,,,,,,,,35,,,,,,0,,,,,,,,,,,,,,,,,,,,,,,,,,,,
2013-12-11,MJ1323YNG1RS2C,Hitachi HDS5C3030ALA630,3000592982016,0,,0,,,,,,,,0,,,,,,19773,,,,,,,,,,,,,,,,,,,,,,,,,,,,,,23,,,,,,0,,,,,,,,,,,,,,,,,,,,,,,,,,,,
2013-12-11,MJ0351YNG9W1UA,Hitachi HDS5C3030ALA630,3000592982016,0,,0,,,,,,,,0,,,,,,9147,,,,,,,,,,,,,,,,,,,,,,,,,,,,,,30,,,,,,0,,,,,,,,,,,,,,,,,,,,,,,,,,,,
2013-12-11,9XW02JRC,ST31500541AS,1500301910016,0,,114145955,,,,,,,,1058,,,,,,35758,,,,,,,,,,,,,,,,,,,,,,,,,,,,,,18,,,,,,0,,,,,,,,,,,,,,,,,,,,,,,,,,,,
2013-12-11,JK11A8B9J9HXWF,Hitachi HDS722020ALA330,2000398934016,0,,0,,,,,,,,0,,,,,,25580,,,,,,,,,,,,,,,,,,,,,,,,,,,,,,27,,,,,,0,,,,,,,,,,,,,,,,,,,,,,,,,,,,
2013-12-11,6XW016Q1,ST31500541AS,1500301910016,0,,118323695,,,,,,,,0,,,,,,35201,,,,,,,,,,,,,,,,,,,,,,,,,,,,,,23,,,,,,0,,,,,,,,,,,,,,,,,,,,,,,,,,,,
2013-12-11,5XW26EBG,ST31500541AS,1500301910016,0,,47043363,,,,,,,,0,,,,,,11753,,,,,,,,,,,,,,,,,,,,,,,,,,,,,,26,,,,,,0,,,,,,,,,,,,,,,,,,,,,,,,,,,,
2013-12-11,WD-WCAU46075141,WDC WD10EADS,1000204886016,0,,0,,,,,,,,0,,,,,,41881,,,,,,,,,,,,,,,,,,,,,,,,,,,,,,27,,,,,,0,,,,,,,,,,,,,,,,,,,,,,,,,,,,
2013-12-11,Z1Z03F9H,ST4000DX000,4000787030016,0,,232376201,,,,,,,,0,,,,,,7132,,,,,,,,,,,,,,,,,,,,,,,,,,,,,,33,,,,,,0,,,,,,,,,,,,,,,,,,,,,,,,,,,,
2013-12-11,WD-WCAWZ0488822,WDC WD30EZRX,3000592982016,0,,0,,,,,,,,0,,,,,,16127,,,,,,,,,,,,,,,,,,,,,,,,,,,,,,22,,,,,,0,,,,,,,,,,,,,,,,,,,,,,,,,,,,
2013-12-11,JK1101B9KM158F,Hitachi HDS722020ALA330,2000398934016,0,,0,,,,,,,,0,,,,,,23074,,,,,,,,,,,,,,,,,,,,,,,,,,,,,,32,,,,,,0,,,,,,,,,,,,,,,,,,,,,,,,,,,,
2013-12-11,MJ1323YNG1R3XC,Hitachi HDS5C3030ALA630,3000592982016,0,,0,,,,,,,,0,,,,,,19372,,,,,,,,,,,,,,,,,,,,,,,,,,,,,,23,,,,,,0,,,,,,,,,,,,,,,,,,,,,,,,,,,,
2013-12-11,MJ1311YNG3JYVA,Hitachi HDS5C3030ALA630,3000592982016,0,,0,,,,,,,,0,,,,,,19252,,,,,,,,,,,,,,,,,,,,,,,,,,,,,,25,,,,,,0,,,,,,,,,,,,,,,,,,,,,,,,,,,,
2013-12-11,PL1321LAG328TH,Hitachi HDS5C4040ALE630,4000787030016,0,,0,,,,,,,,0,,,,,,5070,,,,,,,,,,,,,,,,,,,,,,,,,,,,,,28,,,,,,0,,,,,,,,,,,,,,,,,,,,,,,,,,,,
2013-12-11,S1F05WMX,ST3000DM001,3000592982016,0,,152243144,,,,,,,,0,,,,,,14237,,,,,,,,,,,,,,,,,,,,,,,,,,,,,,24,,,,,,0,,,,,,,,,,,,,,,,,,,,,,,,,,,,
2013-12-11,PL1311LAG33E5H,Hitachi HDS5C4040ALE630,4000787030016,0,,0,,,,,,,,0,,,,,,5670,,,,,,,,,,,,,,,,,,,,,,,,,,,,,,19,,,,,,0,,,,,,,,,,,,,,,,,,,,,,,,,,,,
2013-12-11,Z300GZ7D,ST4000DM000,4000787030016,0,,88062456,,,,,,,,0,,,,,,3580,,,,,,,,,,,,,,,,,,,,,,,,,,,,,,26,,,,,,0,,,,,,,,,,,,,,,,,,,,,,,,,,,,
2013-12-11,MJ0351YNG9XPSA,Hitachi HDS5C3030ALA630,3000592982016,0,,0,,,,,,,,0,,,,,,9958,,,,,,,,,,,,,,,,,,,,,,,,,,,,,,25,,,,,,0,,,,,,,,,,,,,,,,,,,,,,,,,,,,
2013-12-11,6XW2110M,ST31500541AS,1500301910016,0,,150345443,,,,,,,,0,,,,,,12675,,,,,,,,,,,,,,,,,,,,,,,,,,,,,,21,,,,,,0,,,,,,,,,,,,,,,,,,,,,,,,,,,,
2013-12-11,5XW0ME7A,ST31500541AS,1500301910016,0,,202856535,,,,,,,,0,,,,,,11084,,,,,,,,,,,,,,,,,,,,,,,,,,,,,,23,,,,,,0,,,,,,,,,,,,,,,,,,,,,,,,,,,,
2013-12-11,S1F02FVQ,ST3000DM001,3000592982016,0,,128904072,,,,,,,,0,,,,,,15240,,,,,,,,,,,,,,,,,,,,,,,,,,,,,,19,,,,,,0,,,,,,,,,,,,,,,,,,,,,,,,,,,,
2013-12-11,W1F0ZK0H,ST3000DM001,3000592982016,0,,62594040,,,,,,,,0,,,,,,7990,,,,,,,,,,,,,,,,,,,,,,,,,,,,,,16,,,,,,0,,,,,,,,,,,,,,,,,,,,,,,,,,,,
2013-12-11,W1F0TX5W,ST3000DM001,3000592982016,0,,214411680,,,,,,,,0,,,,,,10502,,,,,,,,,,,,,,,,,,,,,,,,,,,,,,23,,,,,,0,,,,,,,,,,,,,,,,,,,,,,,,,,,,
2013-12-11,JK1105B8GG3S8X,Hitachi HDS722020ALA330,2000398934016,0,,65536,,,,,,,,2,,,,,,27213,,,,,,,,,,,,,,,,,,,,,,,,,,,,,,28,,,,,,4,,,,,,,,,,,,,,,,,,,,,,,,,,,,
2013-12-11,JK1170YBJXT9WD,Hitachi HDS722020ALA330,2000398934016,0,,0,,,,,,,,0,,,,,,28154,,,,,,,,,,,,,,,,,,,,,,,,,,,,,,23,,,,,,0,,,,,,,,,,,,,,,,,,,,,,,,,,,,
2013-12-11,JK11A8B9J6SAMF,Hitachi HDS722020ALA330,2000398934016,0,,0,,,,,,,,0,,,,,,25539,,,,,,,,,,,,,,,,,,,,,,,,,,,,,,30,,,,,,0,,,,,,,,,,,,,,,,,,,,,,,,,,,,
2013-12-11,JK1101B9JNWUUF,Hitachi HDS722020ALA330,2000398934016,0,,0,,,,,,,,0,,,,,,24306,,,,,,,,,,,,,,,,,,,,,,,,,,,,,,25,,,,,,0,,,,,,,,,,,,,,,,,,,,,,,,,,,,
2013-12-11,JK11A8B9J7XA8F,Hitachi HDS722020ALA330,2000398934016,0,,0,,,,,,,,0,,,,,,24914,,,,,,,,,,,,,,,,,,,,,,,,,,,,,,31,,,,,,0,,,,,,,,,,,,,,,,,,,,,,,,,,,,
2013-12-11,W1F14XGD,ST3000DM001,3000592982016,0,,172731336,,,,,,,,0,,,,,,8652,,,,,,,,,,,,,,,,,,,,,,,,,,,,,,29,,,,,,0,,,,,,,,,,,,,,,,,,,,,,,,,,,,
2013-12-11,MJ0351YNG9YEGA,Hitachi HDS5C3030ALA630,3000592982016,0,,0,,,,,,,,0,,,,,,8830,,,,,,,,,,,,,,,,,,,,,,,,,,,,,,30,,,,,,0,,,,,,,,,,,,,,,,,,,,,,,,,,,,
2013-12-11,MJ0351YNG9WP4A,Hitachi HDS5C3030ALA630,3000592982016,0,,0,,,,,,,,0,,,,,,8830,,,,,,,,,,,,,,,,,,,,,,,,,,,,,,31,,,,,,0,,,,,,,,,,,,,,,,,,,,,,,,,,,,
2013-12-11,MJ0351YNGAAKTA,Hitachi HDS5C3030ALA630,3000592982016,0,,0,,,,,,,,0,,,,,,8639,,,,,,,,,,,,,,,,,,,,,,,,,,,,,,29,,,,,,0,,,,,,,,,,,,,,,,,,,,,,,,,,,,
2013-12-11,MJ0351YNGA18EA,Hitachi HDS5C3030ALA630,3000592982016,0,,0,,,,,,,,0,,,,,,9129,,,,,,,,,,,,,,,,,,,,,,,,,,,,,,29,,,,,,0,,,,,,,,,,,,,,,,,,,,,,,,,,,,
2013-12-11,MJ0351YNGAD90A,Hitachi HDS5C3030ALA630,3000592982016,0,,0,,,,,,,,0,,,,,,8142,,,,,,,,,,,,,,,,,,,,,,,,,,,,,,29,,,,,,0,,,,,,,,,,,,,,,,,,,,,,,,,,,,
2013-12-11,S1F11GG5,ST3000DM001,3000592982016,0,,134770296,,,,,,,,0,,,,,,7995,,,,,,,,,,,,,,,,,,,,,,,,,,,,,,19,,,,,,0,,,,,,,,,,,,,,,,,,,,,,,,,,,,
2013-12-11,W3005W1D,ST4000DM000,4000787030016,0,,64800296,,,,,,,,0,,,,,,2680,,,,,,,,,,,,,,,,,,,,,,,,,,,,,,25,,,,,,0,,,,,,,,,,,,,,,,,,,,,,,,,,,,
2013-12-11,W30069JD,ST4000DM000,4000787030016,0,,161739768,,,,,,,,0,,,,,,2920,,,,,,,,,,,,,,,,,,,,,,,,,,,,,,22,,,,,,0,,,,,,,,,,,,,,,,,,,,,,,,,,,,
2013-12-11,W3009P4H,ST4000DM000,4000787030016,0,,97578592,,,,,,,,0,,,,,,2177,,,,,,,,,,,,,,,,,,,,,,,,,,,,,,21,,,,,,0,,,,,,,,,,,,,,,,,,,,,,,,,,,,
2013-12-11,6XW1F2LH,ST32000542AS,2000398934016,0,,65199522,,,,,,,,0,,,,,,12895,,,,,,,,,,,,,,,,,,,,,,,,,,,,,,23,,,,,,0,,,,,,,,,,,,,,,,,,,,,,,,,,,,
2013-12-11,Z300CX8P,ST4000DM000,4000787030016,0,,109601224,,,,,,,,0,,,,,,2243,,,,,,,,,,,,,,,,,,,,,,,,,,,,,,22,,,,,,0,,,,,,,,,,,,,,,,,,,,,,,,,,,,
2013-12-11,JK11A8B9J74ESF,Hitachi HDS722020ALA330,2000398934016,0,,0,,,,,,,,0,,,,,,22702,,,,,,,,,,,,,,,,,,,,,,,,,,,,,,29,,,,,,0,,,,,,,,,,,,,,,,,,,,,,,,,,,,
2013-12-11,6XW016N3,ST31500541AS,1500301910016,0,,201538973,,,,,,,,0,,,,,,36451,,,,,,,,,,,,,,,,,,,,,,,,,,,,,,19,,,,,,0,,,,,,,,,,,,,,,,,,,,,,,,,,,,
2013-12-11,MJ1311YNG3JUPA,Hitachi HDS5C3030ALA630,3000592982016,0,,0,,,,,,,,0,,,,,,18067,,,,,,,,,,,,,,,,,,,,,,,,,,,,,,23,,,,,,0,,,,,,,,,,,,,,,,,,,,,,,,,,,,
2013-12-11,PL1321LAG34SAH,Hitachi HDS5C4040ALE630,4000787030016,0,,0,,,,,,,,0,,,,,,5961,,,,,,,,,,,,,,,,,,,,,,,,,,,,,,20,,,,,,0,,,,,,,,,,,,,,,,,,,,,,,,,,,,
2013-12-11,MJ1323YNG1MPKC,Hitachi HDS5C3030ALA630,3000592982016,0,,0,,,,,,,,0,,,,,,19632,,,,,,,,,,,,,,,,,,,,,,,,,,,,,,22,,,,,,0,,,,,,,,,,,,,,,,,,,,,,,,,,,,
2013-12-11,W300AFBA,ST4000DM000,4000787030016,0,,222523096,,,,,,,,0,,,,,,4160,,,,,,,,,,,,,,,,,,,,,,,,,,,,,,24,,,,,,0,,,,,,,,,,,,,,,,,,,,,,,,,,,,
2013-12-11,PL1321LAG33U8H,Hitachi HDS5C4040ALE630,4000787030016,0,,0,,,,,,,,0,,,,,,5058,,,,,,,,,,,,,,,,,,,,,,,,,,,,,,29,,,,,,0,,,,,,,,,,,,,,,,,,,,,,,,,,,,
2013-12-11,S1F04PTE,ST3000DM001,3000592982016,0,,30858552,,,,,,,,0,,,,,,13361,,,,,,,,,,,,,,,,,,,,,,,,,,,,,,20,,,,,,0,,,,,,,,,,,,,,,,,,,,,,,,,,,,
2013-12-11,Z1F0QLC7,ST3000DM001,3000592982016,0,,41299008,,,,,,,,0,,,,,,11722,,,,,,,,,,,,,,,,,,,,,,,,,,,,,,27,,,,,,0,,,,,,,,,,,,,,,,,,,,,,,,,,,,
2013-12-11,S1F01YSX,ST3000DM001,3000592982016,0,,239713856,,,,,,,,0,,,,,,16081,,,,,,,,,,,,,,,,,,,,,,,,,,,,,,28,,,,,,0,,,,,,,,,,,,,,,,,,,,,,,,,,,,
2013-12-11,Z1F0QLC1,ST3000DM001,3000592982016,0,,178071952,,,,,,,,0,,,,,,12153,,,,,,,,,,,,,,,,,,,,,,,,,,,,,,27,,,,,,0,,,,,,,,,,,,,,,,,,,,,,,,,,,,
2013-12-11,W300AFB4,ST4000DM000,4000787030016,0,,170859816,,,,,,,,0,,,,,,2219,,,,,,,,,,,,,,,,,,,,,,,,,,,,,,22,,,,,,0,,,,,,,,,,,,,,,,,,,,,,,,,,,,
2013-12-11,S1F01MG9,ST3000DM001,3000592982016,0,,119936496,,,,,,,,0,,,,,,15264,,,,,,,,,,,,,,,,,,,,,,,,,,,,,,23,,,,,,0,,,,,,,,,,,,,,,,,,,,,,,,,,,,
2013-12-11,WD-WCAU45458606,WDC WD10EADS,1000204886016,0,,225,,,,,,,,0,,,,,,41276,,,,,,,,,,,,,,,,,,,,,,,,,,,,,,29,,,,,,0,,,,,,,,,,,,,,,,,,,,,,,,,,,,
2013-12-11,MJ0351YNG9Y0EA,Hitachi HDS5C3030ALA630,3000592982016,0,,0,,,,,,,,0,,,,,,8093,,,,,,,,,,,,,,,,,,,,,,,,,,,,,,23,,,,,,0,,,,,,,,,,,,,,,,,,,,,,,,,,,,
2013-12-11,MK0311YHG53VJA,Hitachi HDS723030ALA640,3000592982016,0,,0,,,,,,,,0,,,,,,21793,,,,,,,,,,,,,,,,,,,,,,,,,,,,,,27,,,,,,0,,,,,,,,,,,,,,,,,,,,,,,,,,,,
2013-12-11,6XW0NZG7,ST31500541AS,1500301910016,0,,48920818,,,,,,,,33,,,,,,34424,,,,,,,,,,,,,,,,,,,,,,,,,,,,,,21,,,,,,0,,,,,,,,,,,,,,,,,,,,,,,,,,,,
2013-12-11,6XW07SX2,ST31500541AS,1500301910016,0,,4319308,,,,,,,,0,,,,,,32959,,,,,,,,,,,,,,,,,,,,,,,,,,,,,,19,,,,,,0,,,,,,,,,,,,,,,,,,,,,,,,,,,,
2013-12-11,WD-WCAWZ0813998,WDC WD30EZRX,3000592982016,0,,0,,,,,,,,0,,,,,,15830,,,,,,,,,,,,,,,,,,,,,,,,,,,,,,26,,,,,,70,,,,,,,,,,,,,,,,,,,,,,,,,,,,
2013-12-11,W1F0WKQN,ST3000DM001,3000592982016,0,,39717496,,,,,,,,0,,,,,,10500,,,,,,,,,,,,,,,,,,,,,,,,,,,,,,22,,,,,,0,,,,,,,,,,,,,,,,,,,,,,,,,,,,
2013-12-11,PL1311LAG3EEYH,Hitachi HDS5C4040ALE630,4000787030016,0,,0,,,,,,,,0,,,,,,6653,,,,,,,,,,,,,,,,,,,,,,,,,,,,,,27,,,,,,0,,,,,,,,,,,,,,,,,,,,,,,,,,,,
2013-12-11,Z1F0QGZ3,ST3000DM001,3000592982016,1,,77360032,,,,,,,,0,,,,,,9229,,,,,,,,,,,,,,,,,,,,,,,,,,,,,,22,,,,,,0,,,,,,,,,,,,,,,,,,,,,,,,,,,,
2013-12-11,MJ1321YNG0MUHA,Hitachi HDS5C3030ALA630,3000592982016,0,,0,,,,,,,,0,,,,,,19799,,,,,,,,,,,,,,,,,,,,,,,,,,,,,,28,,,,,,0,,,,,,,,,,,,,,,,,,,,,,,,,,,,
2013-12-11,W3009P49,ST4000DM000,4000787030016,0,,211275352,,,,,,,,0,,,,,,4139,,,,,,,,,,,,,,,,,,,,,,,,,,,,,,23,,,,,,0,,,,,,,,,,,,,,,,,,,,,,,,,,,,
2013-12-11,9VS1QE78,ST31500341AS,1500301910016,0,,135120618,,,,,,,,1,,,,,,40234,,,,,,,,,,,,,,,,,,,,,,,,,,,,,,27,,,,,,0,,,,,,,,,,,,,,,,,,,,,,,,,,,,
2013-12-11,6XW0XNPT,ST31500541AS,1500301910016,0,,116492530,,,,,,,,0,,,,,,29595,,,,,,,,,,,,,,,,,,,,,,,,,,,,,,24,,,,,,0,,,,,,,,,,,,,,,,,,,,,,,,,,,,
2013-12-11,JK11A8B9J6MR9F,Hitachi HDS722020ALA330,2000398934016,0,,0,,,,,,,,0,,,,,,25583,,,,,,,,,,,,,,,,,,,,,,,,,,,,,,27,,,,,,0,,,,,,,,,,,,,,,,,,,,,,,,,,,,
2013-12-11,W1F1CLBY,ST3000DM001,3000592982016,0,,178476992,,,,,,,,0,,,,,,7955,,,,,,,,,,,,,,,,,,,,,,,,,,,,,,19,,,,,,0,,,,,,,,,,,,,,,,,,,,,,,,,,,,
2013-12-11,S1F04ZYD,ST3000DM001,3000592982016,0,,181531408,,,,,,,,0,,,,,,13878,,,,,,,,,,,,,,,,,,,,,,,,,,,,,,28,,,,,,16,,,,,,,,,,,,,,,,,,,,,,,,,,,,
2013-12-11,MJ0351YNGAA0XA,Hitachi HDS5C3030ALA630,3000592982016,0,,0,,,,,,,,0,,,,,,8214,,,,,,,,,,,,,,,,,,,,,,,,,,,,,,29,,,,,,0,,,,,,,,,,,,,,,,,,,,,,,,,,,,
2013-12-11,W1F01NZ4,ST3000DM001,3000592982016,0,,150696456,,,,,,,,808,,,,,,13232,,,,,,,,,,,,,,,,,,,,,,,,,,,,,,24,,,,,,32,,,,,,,,,,,,,,,,,,,,,,,,,,,,
2013-12-11,JK1160YAHNWABT,Hitachi HDS722020ALA330,2000398934016,0,,0,,,,,,,,0,,,,,,24225,,,,,,,,,,,,,,,,,,,,,,,,,,,,,,26,,,,,,0,,,,,,,,,,,,,,,,,,,,,,,,,,,,
2013-12-11,6XW05XH8,ST31500541AS,1500301910016,0,,28940870,,,,,,,,0,,,,,,36929,,,,,,,,,,,,,,,,,,,,,,,,,,,,,,21,,,,,,0,,,,,,,,,,,,,,,,,,,,,,,,,,,,
2013-12-11,W1F0K9C1,ST3000DM001,3000592982016,0,,210829544,,,,,,,,0,,,,,,11694,,,,,,,,,,,,,,,,,,,,,,,,,,,,,,27,,,,,,0,,,,,,,,,,,,,,,,,,,,,,,,,,,,
2013-12-11,JK11A8B9J74WUF,Hitachi HDS722020ALA330,2000398934016,0,,65537,,,,,,,,4,,,,,,22698,,,,,,,,,,,,,,,,,,,,,,,,,,,,,,24,,,,,,0,,,,,,,,,,,,,,,,,,,,,,,,,,,,
2013-12-11,W300BCSM,ST4000DM000,4000787030016,0,,120809024,,,,,,,,0,,,,,,4140,,,,,,,,,,,,,,,,,,,,,,,,,,,,,,22,,,,,,0,,,,,,,,,,,,,,,,,,,,,,,,,,,,
2013-12-11,S1F02G60,ST3000DM001,3000592982016,0,,37680656,,,,,,,,0,,,,,,15623,,,,,,,,,,,,,,,,,,,,,,,,,,,,,,21,,,,,,0,,,,,,,,,,,,,,,,,,,,,,,,,,,,
2013-12-11,JK11A8B9J77GAF,Hitachi HDS722020ALA330,2000398934016,0,,65536,,,,,,,,1,,,,,,22698,,,,,,,,,,,,,,,,,,,,,,,,,,,,,,28,,,,,,0,,,,,,,,,,,,,,,,,,,,,,,,,,,,
2013-12-11,Z1F0LB0V,ST3000DM001,3000592982016,0,,66512936,,,,,,,,0,,,,,,12180,,,,,,,,,,,,,,,,,,,,,,,,,,,,,,31,,,,,,0,,,,,,,,,,,,,,,,,,,,,,,,,,,,
2013-12-11,JK11A8B9J2B9XF,Hitachi HDS722020ALA330,2000398934016,0,,0,,,,,,,,0,,,,,,22868,,,,,,,,,,,,,,,,,,,,,,,,,,,,,,25,,,,,,0,,,,,,,,,,,,,,,,,,,,,,,,,,,,
2013-12-11,MJ0351YNG9ST2A,Hitachi HDS5C3030ALA630,3000592982016,0,,0,,,,,,,,0,,,,,,8830,,,,,,,,,,,,,,,,,,,,,,,,,,,,,,27,,,,,,0,,,,,,,,,,,,,,,,,,,,,,,,,,,,
2013-12-11,MJ1311YNG58NXA,Hitachi HDS5C3030ALA630,3000592982016,0,,0,,,,,,,,0,,,,,,14600,,,,,,,,,,,,,,,,,,,,,,,,,,,,,,22,,,,,,0,,,,,,,,,,,,,,,,,,,,,,,,,,,,
2013-12-11,Z1F04RC1,ST3000DM001,3000592982016,0,,241834552,,,,,,,,0,,,,,,17102,,,,,,,,,,,,,,,,,,,,,,,,,,,,,,29,,,,,,0,,,,,,,,,,,,,,,,,,,,,,,,,,,,
2013-12-11,JK11A8B9JPYRBF,Hitachi HDS722020ALA330,2000398934016,0,,0,,,,,,,,0,,,,,,24112,,,,,,,,,,,,,,,,,,,,,,,,,,,,,,28,,,,,,0,,,,,,,,,,,,,,,,,,,,,,,,,,,,
2013-12-11,JK1130YAGM29GT,Hitachi HDS722020ALA330,2000398934016,0,,0,,,,,,,,0,,,,,,9052,,,,,,,,,,,,,,,,,,,,,,,,,,,,,,28,,,,,,0,,,,,,,,,,,,,,,,,,,,,,,,,,,,
2013-12-11,9XW01P88,ST31500541AS,1500301910016,0,,89104553,,,,,,,,0,,,,,,35024,,,,,,,,,,,,,,,,,,,,,,,,,,,,,,22,,,,,,0,,,,,,,,,,,,,,,,,,,,,,,,,,,,
2013-12-11,MJ0351YNG9Y1AA,Hitachi HDS5C3030ALA630,3000592982016,0,,0,,,,,,,,0,,,,,,9384,,,,,,,,,,,,,,,,,,,,,,,,,,,,,,28,,,,,,0,,,,,,,,,,,,,,,,,,,,,,,,,,,,
2013-12-11,S1F0K43B,ST3000DM001,3000592982016,0,,213108712,,,,,,,,0,,,,,,11021,,,,,,,,,,,,,,,,,,,,,,,,,,,,,,24,,,,,,24,,,,,,,,,,,,,,,,,,,,,,,,,,,,
2013-12-11,PL1321LAG34M6H,Hitachi HDS5C4040ALE630,4000787030016,0,,0,,,,,,,,0,,,,,,6648,,,,,,,,,,,,,,,,,,,,,,,,,,,,,,22,,,,,,0,,,,,,,,,,,,,,,,,,,,,,,,,,,,
2013-12-11,Z300CR28,ST4000DM000,4000787030016,0,,96055128,,,,,,,,0,,,,,,2218,,,,,,,,,,,,,,,,,,,,,,,,,,,,,,21,,,,,,0,,,,,,,,,,,,,,,,,,,,,,,,,,,,
2013-12-11,Z300CR29,ST4000DM000,4000787030016,0,,181000328,,,,,,,,0,,,,,,2243,,,,,,,,,,,,,,,,,,,,,,,,,,,,,,24,,,,,,0,,,,,,,,,,,,,,,,,,,,,,,,,,,,
2013-12-11,JK11A8B9J74LHF,Hitachi HDS722020ALA330,2000398934016,0,,0,,,,,,,,0,,,,,,22696,,,,,,,,,,,,,,,,,,,,,,,,,,,,,,24,,,,,,0,,,,,,,,,,,,,,,,,,,,,,,,,,,,
2013-12-11,Z1F0G0QD,ST3000DM001,3000592982016,0,,100894576,,,,,,,,0,,,,,,8872,,,,,,,,,,,,,,,,,,,,,,,,,,,,,,21,,,,,,0,,,,,,,,,,,,,,,,,,,,,,,,,,,,
2013-12-11,6XW04WQD,ST31500541AS,1500301910016,0,,95969512,,,,,,,,0,,,,,,36960,,,,,,,,,,,,,,,,,,,,,,,,,,,,,,21,,,,,,0,,,,,,,,,,,,,,,,,,,,,,,,,,,,
2013-12-11,MK0303YHGJZA1C,Hitachi HDS723030ALA640,3000592982016,0,,65536,,,,,,,,0,,,,,,21455,,,,,,,,,,,,,,,,,,,,,,,,,,,,,,27,,,,,,0,,,,,,,,,,,,,,,,,,,,,,,,,,,,
2013-12-11,W1F0VFRE,ST3000DM001,3000592982016,0,,160978568,,,,,,,,0,,,,,,11687,,,,,,,,,,,,,,,,,,,,,,,,,,,,,,25,,,,,,0,,,,,,,,,,,,,,,,,,,,,,,,,,,,
2013-12-11,Z300PBDT,ST4000DM000,4000787030016,0,,88255736,,,,,,,,0,,,,,,1232,,,,,,,,,,,,,,,,,,,,,,,,,,,,,,21,,,,,,0,,,,,,,,,,,,,,,,,,,,,,,,,,,,
2013-12-11,5XW00Q54,ST320005XXXX,2000398934016,0,,90684003,,,,,,,,0,,,,,,29710,,,,,,,,,,,,,,,,,,,,,,,,,,,,,,28,,,,,,0,,,,,,,,,,,,,,,,,,,,,,,,,,,,
2013-12-11,S1F0S62V,ST3000DM001,3000592982016,0,,68529904,,,,,,,,0,,,,,,10758,,,,,,,,,,,,,,,,,,,,,,,,,,,,,,26,,,,,,0,,,,,,,,,,,,,,,,,,,,,,,,,,,,
2013-12-11,JK1101B9J2UEMF,Hitachi HDS722020ALA330,2000398934016,0,,1,,,,,,,,0,,,,,,23823,,,,,,,,,,,,,,,,,,,,,,,,,,,,,,26,,,,,,0,,,,,,,,,,,,,,,,,,,,,,,,,,,,
2013-12-11,Z300MF6L,ST4000DM000,4000787030016,0,,235591688,,,,,,,,0,,,,,,1112,,,,,,,,,,,,,,,,,,,,,,,,,,,,,,21,,,,,,0,,,,,,,,,,,,,,,,,,,,,,,,,,,,
2013-12-11,WD-WCAU42492663,WDC WD10EACS,1000204886016,0,,1,,,,,,,,0,,,,,,42789,,,,,,,,,,,,,,,,,,,,,,,,,,,,,,26,,,,,,0,,,,,,,,,,,,,,,,,,,,,,,,,,,,
2013-12-11,9VS1H3Y8,ST31500341AS,1500301910016,0,,47141713,,,,,,,,32,,,,,,40405,,,,,,,,,,,,,,,,,,,,,,,,,,,,,,26,,,,,,0,,,,,,,,,,,,,,,,,,,,,,,,,,,,
2013-12-11,WD-WMC1T1620858,WDC WD30EFRX,3000592982016,0,,0,,,,,,,,0,,,,,,7709,,,,,,,,,,,,,,,,,,,,,,,,,,,,,,26,,,,,,0,,,,,,,,,,,,,,,,,,,,,,,,,,,,
2013-12-11,Z1Z03CD0,ST4000DX000,4000787030016,0,,102963280,,,,,,,,0,,,,,,7131,,,,,,,,,,,,,,,,,,,,,,,,,,,,,,37,,,,,,0,,,,,,,,,,,,,,,,,,,,,,,,,,,,
2013-12-11,MJ1311YNG7G8JA,Hitachi HDS5C3030ALA630,3000592982016,0,,65536,,,,,,,,889,,,,,,14330,,,,,,,,,,,,,,,,,,,,,,,,,,,,,,34,,,,,,0,,,,,,,,,,,,,,,,,,,,,,,,,,,,
2013-12-11,WD-WCAU45693357,WDC WD10EADS,1000204886016,0,,1,,,,,,,,0,,,,,,41766,,,,,,,,,,,,,,,,,,,,,,,,,,,,,,24,,,,,,0,,,,,,,,,,,,,,,,,,,,,,,,,,,,
2013-12-11,W300BPGT,ST4000DM000,4000787030016,0,,182073032,,,,,,,,0,,,,,,4136,,,,,,,,,,,,,,,,,,,,,,,,,,,,,,21,,,,,,0,,,,,,,,,,,,,,,,,,,,,,,,,,,,
2013-12-11,PL1311LAG2ZBAA,Hitachi HDS5C4040ALE630,4000787030016,0,,0,,,,,,,,0,,,,,,6568,,,,,,,,,,,,,,,,,,,,,,,,,,,,,,29,,,,,,0,,,,,,,,,,,,,,,,,,,,,,,,,,,,
2013-12-11,W1F0LYBN,ST3000DM001,3000592982016,0,,75598736,,,,,,,,0,,,,,,12172,,,,,,,,,,,,,,,,,,,,,,,,,,,,,,25,,,,,,0,,,,,,,,,,,,,,,,,,,,,,,,,,,,
2013-12-11,W1F0HTQ2,ST3000DM001,3000592982016,0,,134114384,,,,,,,,0,,,,,,11695,,,,,,,,,,,,,,,,,,,,,,,,,,,,,,26,,,,,,0,,,,,,,,,,,,,,,,,,,,,,,,,,,,
2013-12-11,PK1331PAJ314KS,HGST HDS724040ALE640,4000787030016,0,,0,,,,,,,,0,,,,,,2027,,,,,,,,,,,,,,,,,,,,,,,,,,,,,,27,,,,,,0,,,,,,,,,,,,,,,,,,,,,,,,,,,,
2013-12-11,MJ1321YNG09PTA,Hitachi HDS5C3030ALA630,3000592982016,0,,0,,,,,,,,0,,,,,,20309,,,,,,,,,,,,,,,,,,,,,,,,,,,,,,27,,,,,,0,,,,,,,,,,,,,,,,,,,,,,,,,,,,
2013-12-11,MJ1311YNG2UG2A,Hitachi HDS5C3030ALA630,3000592982016,0,,2162688,,,,,,,,0,,,,,,18387,,,,,,,,,,,,,,,,,,,,,,,,,,,,,,21,,,,,,0,,,,,,,,,,,,,,,,,,,,,,,,,,,,
2013-12-11,W300BMDK,ST4000DM000,4000787030016,0,,49770992,,,,,,,,0,,,,,,4163,,,,,,,,,,,,,,,,,,,,,,,,,,,,,,23,,,,,,0,,,,,,,,,,,,,,,,,,,,,,,,,,,,
2013-12-11,JK1105YAKYYXMX,Hitachi HDS722020ALA330,2000398934016,0,,1,,,,,,,,0,,,,,,27221,,,,,,,,,,,,,,,,,,,,,,,,,,,,,,26,,,,,,0,,,,,,,,,,,,,,,,,,,,,,,,,,,,
2013-12-11,MJ0351YNGA9YUA,Hitachi HDS5C3030ALA630,3000592982016,0,,0,,,,,,,,0,,,,,,8214,,,,,,,,,,,,,,,,,,,,,,,,,,,,,,31,,,,,,0,,,,,,,,,,,,,,,,,,,,,,,,,,,,
2013-12-11,WD-WCAU45485051,WDC WD10EADS,1000204886016,0,,6,,,,,,,,0,,,,,,41274,,,,,,,,,,,,,,,,,,,,,,,,,,,,,,28,,,,,,0,,,,,,,,,,,,,,,,,,,,,,,,,,,,
2013-12-11,5YD3M8DC,ST2000DL001,2000398934016,0,,188279720,,,,,,,,0,,,,,,4843,,,,,,,,,,,,,,,,,,,,,,,,,,,,,,23,,,,,,0,,,,,,,,,,,,,,,,,,,,,,,,,,,,
2013-12-11,S1F03SY4,ST3000DM001,3000592982016,0,,5413584,,,,,,,,0,,,,,,13879,,,,,,,,,,,,,,,,,,,,,,,,,,,,,,26,,,,,,0,,,,,,,,,,,,,,,,,,,,,,,,,,,,
2013-12-11,JK11A5B8J36MXX,Hitachi HDS722020ALA330,2000398934016,0,,65537,,,,,,,,0,,,,,,23636,,,,,,,,,,,,,,,,,,,,,,,,,,,,,,27,,,,,,0,,,,,,,,,,,,,,,,,,,,,,,,,,,,
2013-12-11,WD-WCAU47283146,WDC WD10EADS,1000204886016,0,,2,,,,,,,,0,,,,,,39890,,,,,,,,,,,,,,,,,,,,,,,,,,,,,,23,,,,,,0,,,,,,,,,,,,,,,,,,,,,,,,,,,,
2013-12-11,S1F0PJAJ,ST3000DM001,3000592982016,0,,197677848,,,,,,,,0,,,,,,11690,,,,,,,,,,,,,,,,,,,,,,,,,,,,,,26,,,,,,0,,,,,,,,,,,,,,,,,,,,,,,,,,,,
2013-12-11,PL1311LAG39XKH,Hitachi HDS5C4040ALE630,4000787030016,0,,0,,,,,,,,0,,,,,,5036,,,,,,,,,,,,,,,,,,,,,,,,,,,,,,27,,,,,,0,,,,,,,,,,,,,,,,,,,,,,,,,,,,
2013-12-11,JK1105B8GGA14X,Hitachi HDS722020ALA330,2000398934016,0,,0,,,,,,,,0,,,,,,27160,,,,,,,,,,,,,,,,,,,,,,,,,,,,,,28,,,,,,0,,,,,,,,,,,,,,,,,,,,,,,,,,,,
2013-12-11,MJ0351YNGA8RZA,Hitachi HDS5C3030ALA630,3000592982016,0,,0,,,,,,,,0,,,,,,7974,,,,,,,,,,,,,,,,,,,,,,,,,,,,,,28,,,,,,0,,,,,,,,,,,,,,,,,,,,,,,,,,,,
2013-12-11,S1F12ZRR,ST3000DM001,3000592982016,0,,181258848,,,,,,,,0,,,,,,8024,,,,,,,,,,,,,,,,,,,,,,,,,,,,,,22,,,,,,0,,,,,,,,,,,,,,,,,,,,,,,,,,,,
2013-12-11,6XW0M92Z,ST31500541AS,1500301910016,0,,14411956,,,,,,,,0,,,,,,23037,,,,,,,,,,,,,,,,,,,,,,,,,,,,,,22,,,,,,0,,,,,,,,,,,,,,,,,,,,,,,,,,,,
2013-12-11,JK11A8B9J0L3YF,Hitachi HDS722020ALA330,2000398934016,0,,0,,,,,,,,0,,,,,,26145,,,,,,,,,,,,,,,,,,,,,,,,,,,,,,24,,,,,,0,,,,,,,,,,,,,,,,,,,,,,,,,,,,
2013-12-11,W300BNB9,ST4000DM000,4000787030016,0,,177642776,,,,,,,,0,,,,,,4044,,,,,,,,,,,,,,,,,,,,,,,,,,,,,,21,,,,,,0,,,,,,,,,,,,,,,,,,,,,,,,,,,,
2013-12-11,MJ1323YNG18ANC,Hitachi HDS5C3030ALA630,3000592982016,0,,20,,,,,,,,0,,,,,,20507,,,,,,,,,,,,,,,,,,,,,,,,,,,,,,28,,,,,,0,,,,,,,,,,,,,,,,,,,,,,,,,,,,
2013-12-11,JK1105B8GDMMVX,Hitachi HDS722020ALA330,2000398934016,0,,65536,,,,,,,,0,,,,,,26766,,,,,,,,,,,,,,,,,,,,,,,,,,,,,,27,,,,,,0,,,,,,,,,,,,,,,,,,,,,,,,,,,,
2013-12-11,JK11A8B9J0BN8F,Hitachi HDS722020ALA330,2000398934016,0,,0,,,,,,,,0,,,,,,26010,,,,,,,,,,,,,,,,,,,,,,,,,,,,,,28,,,,,,0,,,,,,,,,,,,,,,,,,,,,,,,,,,,
2013-12-11,Z300K1YS,ST4000DM000,4000787030016,0,,134451120,,,,,,,,0,,,,,,2240,,,,,,,,,,,,,,,,,,,,,,,,,,,,,,19,,,,,,0,,,,,,,,,,,,,,,,,,,,,,,,,,,,
2013-12-11,JK11A8B9J2K3ZF,Hitachi HDS722020ALA330,2000398934016,0,,65538,,,,,,,,0,,,,,,24494,,,,,,,,,,,,,,,,,,,,,,,,,,,,,,32,,,,,,0,,,,,,,,,,,,,,,,,,,,,,,,,,,,
2013-12-11,W3008AZ7,ST4000DM000,4000787030016,0,,222087552,,,,,,,,0,,,,,,4183,,,,,,,,,,,,,,,,,,,,,,,,,,,,,,24,,,,,,0,,,,,,,,,,,,,,,,,,,,,,,,,,,,
2013-12-11,JK11A8B9J3HSWF,Hitachi HDS722020ALA330,2000398934016,0,,0,,,,,,,,0,,,,,,23125,,,,,,,,,,,,,,,,,,,,,,,,,,,,,,38,,,,,,0,,,,,,,,,,,,,,,,,,,,,,,,,,,,
2013-12-11,JK11A8B9J3LLZF,Hitachi HDS722020ALA330,2000398934016,0,,131072,,,,,,,,0,,,,,,23319,,,,,,,,,,,,,,,,,,,,,,,,,,,,,,29,,,,,,0,,,,,,,,,,,,,,,,,,,,,,,,,,,,
2013-12-11,MJ1311YNG2T1KA,Hitachi HDS5C3030ALA630,3000592982016,0,,65536,,,,,,,,0,,,,,,18387,,,,,,,,,,,,,,,,,,,,,,,,,,,,,,20,,,,,,0,,,,,,,,,,,,,,,,,,,,,,,,,,,,
2013-12-11,Z300P9RA,ST4000DM000,4000787030016,0,,146057752,,,,,,,,0,,,,,,1231,,,,,,,,,,,,,,,,,,,,,,,,,,,,,,22,,,,,,0,,,,,,,,,,,,,,,,,,,,,,,,,,,,
2013-12-11,S1F06WT4,ST3000DM001,3000592982016,0,,188151000,,,,,,,,0,,,,,,13913,,,,,,,,,,,,,,,,,,,,,,,,,,,,,,21,,,,,,16,,,,,,,,,,,,,,,,,,,,,,,,,,,,
2013-12-11,W300BGRH,ST4000DM000,4000787030016,0,,212194072,,,,,,,,0,,,,,,4165,,,,,,,,,,,,,,,,,,,,,,,,,,,,,,25,,,,,,0,,,,,,,,,,,,,,,,,,,,,,,,,,,,
2013-12-11,PL1321LAG2B9JH,Hitachi HDS5C4040ALE630,4000787030016,0,,0,,,,,,,,0,,,,,,5950,,,,,,,,,,,,,,,,,,,,,,,,,,,,,,22,,,,,,0,,,,,,,,,,,,,,,,,,,,,,,,,,,,
2013-12-11,W300D6NS,ST4000DM000,4000787030016,0,,231089776,,,,,,,,0,,,,,,3238,,,,,,,,,,,,,,,,,,,,,,,,,,,,,,20,,,,,,0,,,,,,,,,,,,,,,,,,,,,,,,,,,,
2013-12-11,MJ0351YNG9WRTA,Hitachi HDS5C3030ALA630,3000592982016,0,,0,,,,,,,,0,,,,,,9524,,,,,,,,,,,,,,,,,,,,,,,,,,,,,,34,,,,,,0,,,,,,,,,,,,,,,,,,,,,,,,,,,,
2013-12-11,W300BNBT,ST4000DM000,4000787030016,0,,179259136,,,,,,,,0,,,,,,4163,,,,,,,,,,,,,,,,,,,,,,,,,,,,,,20,,,,,,0,,,,,,,,,,,,,,,,,,,,,,,,,,,,
2013-12-11,Z300HM4X,ST4000DM000,4000787030016,0,,109153880,,,,,,,,0,,,,,,2844,,,,,,,,,,,,,,,,,,,,,,,,,,,,,,28,,,,,,0,,,,,,,,,,,,,,,,,,,,,,,,,,,,
2013-12-11,6XW03AFP,ST31500541AS,1500301910016,0,,9999076,,,,,,,,0,,,,,,36624,,,,,,,,,,,,,,,,,,,,,,,,,,,,,,25,,,,,,0,,,,,,,,,,,,,,,,,,,,,,,,,,,,
2013-12-11,PL1311LAG3AE4H,Hitachi HDS5C4040ALE630,4000787030016,0,,0,,,,,,,,0,,,,,,6639,,,,,,,,,,,,,,,,,,,,,,,,,,,,,,28,,,,,,0,,,,,,,,,,,,,,,,,,,,,,,,,,,,
2013-12-11,W1F0VN0M,ST3000DM001,3000592982016,0,,210191360,,,,,,,,0,,,,,,5031,,,,,,,,,,,,,,,,,,,,,,,,,,,,,,22,,,,,,16,,,,,,,,,,,,,,,,,,,,,,,,,,,,
2013-12-11,JK11A5B8J7SPKX,Hitachi HDS722020ALA330,2000398934016,0,,1,,,,,,,,0,,,,,,22698,,,,,,,,,,,,,,,,,,,,,,,,,,,,,,27,,,,,,0,,,,,,,,,,,,,,,,,,,,,,,,,,,,
2013-12-11,6XW037HW,ST31500541AS,1500301910016,0,,95870917,,,,,,,,0,,,,,,36639,,,,,,,,,,,,,,,,,,,,,,,,,,,,,,22,,,,,,0,,,,,,,,,,,,,,,,,,,,,,,,,,,,
2013-12-11,JK11A8B9JPZDMF,Hitachi HDS722020ALA330,2000398934016,0,,0,,,,,,,,0,,,,,,23711,,,,,,,,,,,,,,,,,,,,,,,,,,,,,,29,,,,,,0,,,,,,,,,,,,,,,,,,,,,,,,,,,,
2013-12-11,9VS4EBRM,ST31500341AS,1500301910016,0,,217802563,,,,,,,,180,,,,,,8578,,,,,,,,,,,,,,,,,,,,,,,,,,,,,,19,,,,,,0,,,,,,,,,,,,,,,,,,,,,,,,,,,,
2013-12-11,S1F135KX,ST3000DM001,3000592982016,0,,85031416,,,,,,,,0,,,,,,8179,,,,,,,,,,,,,,,,,,,,,,,,,,,,,,22,,,,,,0,,,,,,,,,,,,,,,,,,,,,,,,,,,,
2013-12-11,JK11A8B9J7DJLF,Hitachi HDS722020ALA330,2000398934016,0,,0,,,,,,,,0,,,,,,25120,,,,,,,,,,,,,,,,,,,,,,,,,,,,,,31,,,,,,0,,,,,,,,,,,,,,,,,,,,,,,,,,,,
2013-12-11,JK11A8B9GP95JF,Hitachi HDS722020ALA330,2000398934016,0,,0,,,,,,,,0,,,,,,26764,,,,,,,,,,,,,,,,,,,,,,,,,,,,,,26,,,,,,0,,,,,,,,,,,,,,,,,,,,,,,,,,,,
2013-12-11,PL1311LAG0SN1A,Hitachi HDS5C4040ALE630,4000787030016,0,,0,,,,,,,,0,,,,,,7004,,,,,,,,,,,,,,,,,,,,,,,,,,,,,,26,,,,,,0,,,,,,,,,,,,,,,,,,,,,,,,,,,,
2013-12-11,MJ1311YNG7JLKA,Hitachi HDS5C3030ALA630,3000592982016,0,,0,,,,,,,,0,,,,,,14621,,,,,,,,,,,,,,,,,,,,,,,,,,,,,,20,,,,,,0,,,,,,,,,,,,,,,,,,,,,,,,,,,,
2013-12-11,W1F08VCT,ST3000DM001,3000592982016,0,,241640112,,,,,,,,0,,,,,,15531,,,,,,,,,,,,,,,,,,,,,,,,,,,,,,23,,,,,,0,,,,,,,,,,,,,,,,,,,,,,,,,,,,
2013-12-11,PL1321LAGAJU7H,Hitachi HDS5C4040ALE630,4000787030016,0,,0,,,,,,,,0,,,,,,5049,,,,,,,,,,,,,,,,,,,,,,,,,,,,,,31,,,,,,0,,,,,,,,,,,,,,,,,,,,,,,,,,,,
2013-12-11,JK11A8B9J3B0HF,Hitachi HDS722020ALA330,2000398934016,0,,0,,,,,,,,0,,,,,,23819,,,,,,,,,,,,,,,,,,,,,,,,,,,,,,27,,,,,,0,,,,,,,,,,,,,,,,,,,,,,,,,,,,
2013-12-11,PL1311LAG24UBA,Hitachi HDS5C4040ALE630,4000787030016,0,,0,,,,,,,,0,,,,,,6993,,,,,,,,,,,,,,,,,,,,,,,,,,,,,,21,,,,,,0,,,,,,,,,,,,,,,,,,,,,,,,,,,,
2013-12-11,PL1321LAGAMLJH,Hitachi HDS5C4040ALE630,4000787030016,0,,0,,,,,,,,0,,,,,,5052,,,,,,,,,,,,,,,,,,,,,,,,,,,,,,28,,,,,,0,,,,,,,,,,,,,,,,,,,,,,,,,,,,
2013-12-11,JK11A8B9GNGN4F,Hitachi HDS722020ALA330,2000398934016,0,,0,,,,,,,,0,,,,,,26764,,,,,,,,,,,,,,,,,,,,,,,,,,,,,,27,,,,,,0,,,,,,,,,,,,,,,,,,,,,,,,,,,,
2013-12-11,5XW02K9C,ST31500541AS,1500301910016,0,,195759211,,,,,,,,0,,,,,,36622,,,,,,,,,,,,,,,,,,,,,,,,,,,,,,24,,,,,,0,,,,,,,,,,,,,,,,,,,,,,,,,,,,
2013-12-11,S1F10E6M,ST3000DM001,3000592982016,0,,50696704,,,,,,,,0,,,,,,7994,,,,,,,,,,,,,,,,,,,,,,,,,,,,,,20,,,,,,0,,,,,,,,,,,,,,,,,,,,,,,,,,,,
2013-12-11,MJ1321YNG0G1EA,Hitachi HDS5C3030ALA630,3000592982016,0,,0,,,,,,,,0,,,,,,19310,,,,,,,,,,,,,,,,,,,,,,,,,,,,,,28,,,,,,0,,,,,,,,,,,,,,,,,,,,,,,,,,,,
2013-12-11,S1F034AA,ST3000DM001,3000592982016,0,,80471072,,,,,,,,0,,,,,,15044,,,,,,,,,,,,,,,,,,,,,,,,,,,,,,23,,,,,,0,,,,,,,,,,,,,,,,,,,,,,,,,,,,
2013-12-11,W300BHTX,ST4000DM000,4000787030016,0,,225522896,,,,,,,,0,,,,,,4189,,,,,,,,,,,,,,,,,,,,,,,,,,,,,,26,,,,,,0,,,,,,,,,,,,,,,,,,,,,,,,,,,,
2013-12-11,MJ0351YNGAAJ0A,Hitachi HDS5C3030ALA630,3000592982016,0,,0,,,,,,,,0,,,,,,8639,,,,,,,,,,,,,,,,,,,,,,,,,,,,,,29,,,,,,0,,,,,,,,,,,,,,,,,,,,,,,,,,,,
2013-12-11,JK11A8B9J9HXLF,Hitachi HDS722020ALA330,2000398934016,0,,0,,,,,,,,0,,,,,,24970,,,,,,,,,,,,,,,,,,,,,,,,,,,,,,29,,,,,,0,,,,,,,,,,,,,,,,,,,,,,,,,,,,
2013-12-11,PL1321LAG34E4H,Hitachi HDS5C4040ALE630,4000787030016,0,,0,,,,,,,,0,,,,,,5668,,,,,,,,,,,,,,,,,,,,,,,,,,,,,,17,,,,,,0,,,,,,,,,,,,,,,,,,,,,,,,,,,,
2013-12-11,W300BHTL,ST4000DM000,4000787030016,0,,149216136,,,,,,,,0,,,,,,4044,,,,,,,,,,,,,,,,,,,,,,,,,,,,,,24,,,,,,0,,,,,,,,,,,,,,,,,,,,,,,,,,,,
2013-12-11,W1F0A2M7,ST3000DM001,3000592982016,0,,90829800,,,,,,,,688,,,,,,14732,,,,,,,,,,,,,,,,,,,,,,,,,,,,,,24,,,,,,0,,,,,,,,,,,,,,,,,,,,,,,,,,,,
2013-12-11,MJ1311YNG7EUKA,Hitachi HDS5C3030ALA630,3000592982016,0,,0,,,,,,,,0,,,,,,14602,,,,,,,,,,,,,,,,,,,,,,,,,,,,,,23,,,,,,0,,,,,,,,,,,,,,,,,,,,,,,,,,,,
2013-12-11,PL1321LAG3542H,Hitachi HDS5C4040ALE630,4000787030016,0,,0,,,,,,,,0,,,,,,5668,,,,,,,,,,,,,,,,,,,,,,,,,,,,,,20,,,,,,0,,,,,,,,,,,,,,,,,,,,,,,,,,,,
2013-12-11,W1F0A2M9,ST3000DM001,3000592982016,0,,70126728,,,,,,,,0,,,,,,15365,,,,,,,,,,,,,,,,,,,,,,,,,,,,,,23,,,,,,0,,,,,,,,,,,,,,,,,,,,,,,,,,,,
2013-12-11,MJ0351YNG9W1WA,Hitachi HDS5C3030ALA630,3000592982016,0,,0,,,,,,,,0,,,,,,9312,,,,,,,,,,,,,,,,,,,,,,,,,,,,,,27,,,,,,0,,,,,,,,,,,,,,,,,,,,,,,,,,,,
2013-12-11,MJ1311YNG3GTBA,Hitachi HDS5C3030ALA630,3000592982016,0,,0,,,,,,,,0,,,,,,18939,,,,,,,,,,,,,,,,,,,,,,,,,,,,,,26,,,,,,0,,,,,,,,,,,,,,,,,,,,,,,,,,,,
2013-12-11,JK1101B9G6BM0F,Hitachi HDS722020ALA330,2000398934016,0,,0,,,,,,,,0,,,,,,27487,,,,,,,,,,,,,,,,,,,,,,,,,,,,,,27,,,,,,0,,,,,,,,,,,,,,,,,,,,,,,,,,,,
2013-12-11,MK0331YHGBX7VA,Hitachi HDS723030ALA640,3000592982016,0,,0,,,,,,,,0,,,,,,16077,,,,,,,,,,,,,,,,,,,,,,,,,,,,,,29,,,,,,0,,,,,,,,,,,,,,,,,,,,,,,,,,,,
2013-12-11,5XW2ABE3,ST32000542AS,2000398934016,0,,80376335,,,,,,,,0,,,,,,13014,,,,,,,,,,,,,,,,,,,,,,,,,,,,,,23,,,,,,0,,,,,,,,,,,,,,,,,,,,,,,,,,,,
2013-12-11,JK1131YAJJNVXV,Hitachi HDS722020ALA330,2000398934016,0,,1,,,,,,,,0,,,,,,30255,,,,,,,,,,,,,,,,,,,,,,,,,,,,,,26,,,,,,0,,,,,,,,,,,,,,,,,,,,,,,,,,,,
2013-12-11,PL2311LAG1UHSC,Hitachi HDS5C4040ALE630,4000787030016,0,,0,,,,,,,,0,,,,,,7463,,,,,,,,,,,,,,,,,,,,,,,,,,,,,,27,,,,,,0,,,,,,,,,,,,,,,,,,,,,,,,,,,,
2013-12-11,WD-WCAWZ0974052,WDC WD30EZRX,3000592982016,0,,0,,,,,,,,0,,,,,,16993,,,,,,,,,,,,,,,,,,,,,,,,,,,,,,23,,,,,,0,,,,,,,,,,,,,,,,,,,,,,,,,,,,
2013-12-11,WD-WMC1T1143383,WDC WD30EFRX,3000592982016,0,,0,,,,,,,,0,,,,,,8840,,,,,,,,,,,,,,,,,,,,,,,,,,,,,,28,,,,,,0,,,,,,,,,,,,,,,,,,,,,,,,,,,,
2013-12-11,6XW00ZAB,ST31500541AS,1500301910016,0,,44616783,,,,,,,,0,,,,,,36622,,,,,,,,,,,,,,,,,,,,,,,,,,,,,,23,,,,,,0,,,,,,,,,,,,,,,,,,,,,,,,,,,,
2013-12-11,JK1104B8JP21JW,Hitachi HDS722020ALA330,2000398934016,0,,0,,,,,,,,0,,,,,,23992,,,,,,,,,,,,,,,,,,,,,,,,,,,,,,31,,,,,,0,,,,,,,,,,,,,,,,,,,,,,,,,,,,
2013-12-11,MJ1311YNG7GX5A,Hitachi HDS5C3030ALA630,3000592982016,0,,0,,,,,,,,0,,,,,,5721,,,,,,,,,,,,,,,,,,,,,,,,,,,,,,25,,,,,,0,,,,,,,,,,,,,,,,,,,,,,,,,,,,
2013-12-11,5XW2JFY5,ST32000542AS,2000398934016,0,,26044214,,,,,,,,0,,,,,,7245,,,,,,,,,,,,,,,,,,,,,,,,,,,,,,24,,,,,,0,,,,,,,,,,,,,,,,,,,,,,,,,,,,
2013-12-11,PL1321LAG357EH,Hitachi HDS5C4040ALE630,4000787030016,0,,0,,,,,,,,0,,,,,,5958,,,,,,,,,,,,,,,,,,,,,,,,,,,,,,24,,,,,,0,,,,,,,,,,,,,,,,,,,,,,,,,,,,
2013-12-11,9XK04H1S,ST33000651AS,3000592982016,0,,44064605,,,,,,,,0,,,,,,16827,,,,,,,,,,,,,,,,,,,,,,,,,,,,,,23,,,,,,0,,,,,,,,,,,,,,,,,,,,,,,,,,,,
2013-12-11,JK1104B8JPAEKW,Hitachi HDS722020ALA330,2000398934016,0,,0,,,,,,,,0,,,,,,23992,,,,,,,,,,,,,,,,,,,,,,,,,,,,,,31,,,,,,0,,,,,,,,,,,,,,,,,,,,,,,,,,,,
2013-12-11,MJ0351YNG9VHNA,Hitachi HDS5C3030ALA630,3000592982016,0,,0,,,,,,,,0,,,,,,9989,,,,,,,,,,,,,,,,,,,,,,,,,,,,,,25,,,,,,0,,,,,,,,,,,,,,,,,,,,,,,,,,,,
2013-12-11,PL1311LAG2B9YH,Hitachi HDS5C4040ALE630,4000787030016,0,,0,,,,,,,,0,,,,,,7413,,,,,,,,,,,,,,,,,,,,,,,,,,,,,,21,,,,,,0,,,,,,,,,,,,,,,,,,,,,,,,,,,,
2013-12-11,S1F0SCPM,ST3000DM001,3000592982016,0,,84651656,,,,,,,,0,,,,,,11641,,,,,,,,,,,,,,,,,,,,,,,,,,,,,,22,,,,,,0,,,,,,,,,,,,,,,,,,,,,,,,,,,,
2013-12-11,MJ0351YNG9P24A,Hitachi HDS5C3030ALA630,3000592982016,0,,0,,,,,,,,0,,,,,,9773,,,,,,,,,,,,,,,,,,,,,,,,,,,,,,27,,,,,,0,,,,,,,,,,,,,,,,,,,,,,,,,,,,
2013-12-11,MK0333YHGPBT3C,Hitachi HDS723030ALA640,3000592982016,0,,0,,,,,,,,0,,,,,,17756,,,,,,,,,,,,,,,,,,,,,,,,,,,,,,25,,,,,,0,,,,,,,,,,,,,,,,,,,,,,,,,,,,
2013-12-11,JK1101B9JN57XT,Hitachi HDS722020ALA330,2000398934016,0,,65536,,,,,,,,0,,,,,,24426,,,,,,,,,,,,,,,,,,,,,,,,,,,,,,28,,,,,,0,,,,,,,,,,,,,,,,,,,,,,,,,,,,
2013-12-11,MJ1311YNG60Y1A,Hitachi HDS5C3030ALA630,3000592982016,0,,0,,,,,,,,0,,,,,,14621,,,,,,,,,,,,,,,,,,,,,,,,,,,,,,24,,,,,,0,,,,,,,,,,,,,,,,,,,,,,,,,,,,
2013-12-11,9XW0217C,ST31500541AS,1500301910016,0,,58255743,,,,,,,,306,,,,,,35030,,,,,,,,,,,,,,,,,,,,,,,,,,,,,,18,,,,,,0,,,,,,,,,,,,,,,,,,,,,,,,,,,,
2013-12-11,PL1321LAG3477H,Hitachi HDS5C4040ALE630,4000787030016,0,,0,,,,,,,,0,,,,,,6654,,,,,,,,,,,,,,,,,,,,,,,,,,,,,,21,,,,,,0,,,,,,,,,,,,,,,,,,,,,,,,,,,,
2013-12-11,WD-WMC1T0594069,WDC WD30EFRX,3000592982016,0,,0,,,,,,,,0,,,,,,8840,,,,,,,,,,,,,,,,,,,,,,,,,,,,,,28,,,,,,0,,,,,,,,,,,,,,,,,,,,,,,,,,,,
2013-12-11,MJ1321YNG0L7MA,Hitachi HDS5C3030ALA630,3000592982016,0,,196608,,,,,,,,0,,,,,,20507,,,,,,,,,,,,,,,,,,,,,,,,,,,,,,26,,,,,,0,,,,,,,,,,,,,,,,,,,,,,,,,,,,
2013-12-11,S1F0ACGE,ST3000DM001,3000592982016,0,,12704512,,,,,,,,0,,,,,,12347,,,,,,,,,,,,,,,,,,,,,,,,,,,,,,25,,,,,,0,,,,,,,,,,,,,,,,,,,,,,,,,,,,
2013-12-11,PL1311LAG1YU0A,Hitachi HDS5C4040ALE630,4000787030016,0,,0,,,,,,,,0,,,,,,6075,,,,,,,,,,,,,,,,,,,,,,,,,,,,,,21,,,,,,0,,,,,,,,,,,,,,,,,,,,,,,,,,,,
2013-12-11,W300K1BL,ST4000DM000,4000787030016,0,,116409256,,,,,,,,0,,,,,,948,,,,,,,,,,,,,,,,,,,,,,,,,,,,,,19,,,,,,0,,,,,,,,,,,,,,,,,,,,,,,,,,,,
2013-12-11,JK1101B8KNDPYS,Hitachi HDS722020ALA330,2000398934016,0,,0,,,,,,,,0,,,,,,22955,,,,,,,,,,,,,,,,,,,,,,,,,,,,,,23,,,,,,0,,,,,,,,,,,,,,,,,,,,,,,,,,,,
2013-12-11,W300KLF5,ST4000DM000,4000787030016,0,,230131152,,,,,,,,0,,,,,,772,,,,,,,,,,,,,,,,,,,,,,,,,,,,,,22,,,,,,0,,,,,,,,,,,,,,,,,,,,,,,,,,,,
2013-12-11,6XW03D0G,ST31500541AS,1500301910016,0,,5636780,,,,,,,,0,,,,,,13293,,,,,,,,,,,,,,,,,,,,,,,,,,,,,,17,,,,,,0,,,,,,,,,,,,,,,,,,,,,,,,,,,,
2013-12-11,9XW09Y99,ST32000542AS,2000398934016,0,,27852278,,,,,,,,0,,,,,,31194,,,,,,,,,,,,,,,,,,,,,,,,,,,,,,26,,,,,,0,,,,,,,,,,,,,,,,,,,,,,,,,,,,
2013-12-11,6XW03D0R,ST31500541AS,1500301910016,0,,226119989,,,,,,,,0,,,,,,37287,,,,,,,,,,,,,,,,,,,,,,,,,,,,,,21,,,,,,0,,,,,,,,,,,,,,,,,,,,,,,,,,,,
2013-12-11,MK0333YHGPEV0C,Hitachi HDS723030ALA640,3000592982016,0,,0,,,,,,,,0,,,,,,17032,,,,,,,,,,,,,,,,,,,,,,,,,,,,,,28,,,,,,0,,,,,,,,,,,,,,,,,,,,,,,,,,,,
2013-12-11,6XW03D0V,ST31500541AS,1500301910016,0,,185975064,,,,,,,,0,,,,,,32237,,,,,,,,,,,,,,,,,,,,,,,,,,,,,,21,,,,,,0,,,,,,,,,,,,,,,,,,,,,,,,,,,,
2013-12-11,PL1321LAG3516H,Hitachi HDS5C4040ALE630,4000787030016,0,,0,,,,,,,,0,,,,,,6650,,,,,,,,,,,,,,,,,,,,,,,,,,,,,,18,,,,,,0,,,,,,,,,,,,,,,,,,,,,,,,,,,,
2013-12-11,Z300GPK0,ST4000DM000,4000787030016,0,,94721792,,,,,,,,0,,,,,,3588,,,,,,,,,,,,,,,,,,,,,,,,,,,,,,27,,,,,,0,,,,,,,,,,,,,,,,,,,,,,,,,,,,
2013-12-11,Z300GPK3,ST4000DM000,4000787030016,0,,224406304,,,,,,,,0,,,,,,3652,,,,,,,,,,,,,,,,,,,,,,,,,,,,,,26,,,,,,0,,,,,,,,,,,,,,,,,,,,,,,,,,,,
2013-12-11,Z300GPK2,ST4000DM000,4000787030016,0,,225839112,,,,,,,,0,,,,,,3588,,,,,,,,,,,,,,,,,,,,,,,,,,,,,,26,,,,,,0,,,,,,,,,,,,,,,,,,,,,,,,,,,,
2013-12-11,JK1101B9GD9SSF,Hitachi HDS722020ALA330,2000398934016,0,,0,,,,,,,,2,,,,,,27160,,,,,,,,,,,,,,,,,,,,,,,,,,,,,,22,,,,,,0,,,,,,,,,,,,,,,,,,,,,,,,,,,,
2013-12-11,Z300GPK7,ST4000DM000,4000787030016,0,,104024800,,,,,,,,0,,,,,,3580,,,,,,,,,,,,,,,,,,,,,,,,,,,,,,20,,,,,,0,,,,,,,,,,,,,,,,,,,,,,,,,,,,
2013-12-11,Z300GPK8,ST4000DM000,4000787030016,0,,81522224,,,,,,,,0,,,,,,3621,,,,,,,,,,,,,,,,,,,,,,,,,,,,,,21,,,,,,0,,,,,,,,,,,,,,,,,,,,,,,,,,,,
2013-12-11,MJ0351YNGA13EA,Hitachi HDS5C3030ALA630,3000592982016,0,,0,,,,,,,,0,,,,,,8214,,,,,,,,,,,,,,,,,,,,,,,,,,,,,,30,,,,,,0,,,,,,,,,,,,,,,,,,,,,,,,,,,,
2013-12-11,JK11A8B9J7BM3F,Hitachi HDS722020ALA330,2000398934016,0,,0,,,,,,,,0,,,,,,24912,,,,,,,,,,,,,,,,,,,,,,,,,,,,,,31,,,,,,0,,,,,,,,,,,,,,,,,,,,,,,,,,,,
2013-12-11,MJ1323YNG18T4C,Hitachi HDS5C3030ALA630,3000592982016,0,,0,,,,,,,,0,,,,,,20503,,,,,,,,,,,,,,,,,,,,,,,,,,,,,,29,,,,,,0,,,,,,,,,,,,,,,,,,,,,,,,,,,,
2013-12-11,S1F052W7,ST3000DM001,3000592982016,0,,96981824,,,,,,,,0,,,,,,13868,,,,,,,,,,,,,,,,,,,,,,,,,,,,,,26,,,,,,0,,,,,,,,,,,,,,,,,,,,,,,,,,,,
2013-12-11,MJ0351YNG9XSTA,Hitachi HDS5C3030ALA630,3000592982016,0,,0,,,,,,,,0,,,,,,8871,,,,,,,,,,,,,,,,,,,,,,,,,,,,,,29,,,,,,0,,,,,,,,,,,,,,,,,,,,,,,,,,,,
2013-12-11,Z300GPKQ,ST4000DM000,4000787030016,0,,211616872,,,,,,,,0,,,,,,3583,,,,,,,,,,,,,,,,,,,,,,,,,,,,,,23,,,,,,0,,,,,,,,,,,,,,,,,,,,,,,,,,,,
2013-12-11,Z300GPKP,ST4000DM000,4000787030016,0,,56970232,,,,,,,,0,,,,,,3580,,,,,,,,,,,,,,,,,,,,,,,,,,,,,,23,,,,,,0,,,,,,,,,,,,,,,,,,,,,,,,,,,,
2013-12-11,Z300GPKS,ST4000DM000,4000787030016,0,,56484872,,,,,,,,0,,,,,,3508,,,,,,,,,,,,,,,,,,,,,,,,,,,,,,20,,,,,,0,,,,,,,,,,,,,,,,,,,,,,,,,,,,
2013-12-11,Z300GPKV,ST4000DM000,4000787030016,0,,72376936,,,,,,,,0,,,,,,3582,,,,,,,,,,,,,,,,,,,,,,,,,,,,,,20,,,,,,0,,,,,,,,,,,,,,,,,,,,,,,,,,,,
2013-12-11,Z300GPKX,ST4000DM000,4000787030016,0,,183442104,,,,,,,,0,,,,,,3652,,,,,,,,,,,,,,,,,,,,,,,,,,,,,,26,,,,,,0,,,,,,,,,,,,,,,,,,,,,,,,,,,,
2013-12-11,Z300GPKZ,ST4000DM000,4000787030016,0,,240398576,,,,,,,,0,,,,,,3625,,,,,,,,,,,,,,,,,,,,,,,,,,,,,,24,,,,,,0,,,,,,,,,,,,,,,,,,,,,,,,,,,,
2013-12-11,PL1311LAG2B2JH,Hitachi HDS5C4040ALE630,4000787030016,0,,0,,,,,,,,0,,,,,,5907,,,,,,,,,,,,,,,,,,,,,,,,,,,,,,22,,,,,,0,,,,,,,,,,,,,,,,,,,,,,,,,,,,
2013-12-11,Z300GPKA,ST4000DM000,4000787030016,0,,2235584,,,,,,,,0,,,,,,3581,,,,,,,,,,,,,,,,,,,,,,,,,,,,,,23,,,,,,0,,,,,,,,,,,,,,,,,,,,,,,,,,,,
2013-12-11,Z300E54T,ST4000DM000,4000787030016,0,,202193776,,,,,,,,0,,,,,,1297,,,,,,,,,,,,,,,,,,,,,,,,,,,,,,20,,,,,,0,,,,,,,,,,,,,,,,,,,,,,,,,,,,
2013-12-11,PL1321LAG356AH,Hitachi HDS5C4040ALE630,4000787030016,0,,0,,,,,,,,0,,,,,,5670,,,,,,,,,,,,,,,,,,,,,,,,,,,,,,20,,,,,,0,,,,,,,,,,,,,,,,,,,,,,,,,,,,
2013-12-11,Z300GPKF,ST4000DM000,4000787030016,0,,234166920,,,,,,,,0,,,,,,3361,,,,,,,,,,,,,,,,,,,,,,,,,,,,,,19,,,,,,0,,,,,,,,,,,,,,,,,,,,,,,,,,,,
2013-12-11,Z300GPKJ,ST4000DM000,4000787030016,0,,148919784,,,,,,,,0,,,,,,3588,,,,,,,,,,,,,,,,,,,,,,,,,,,,,,25,,,,,,0,,,,,,,,,,,,,,,,,,,,,,,,,,,,
2013-12-11,Z300GPKL,ST4000DM000,4000787030016,0,,226928512,,,,,,,,0,,,,,,3583,,,,,,,,,,,,,,,,,,,,,,,,,,,,,,23,,,,,,0,,,,,,,,,,,,,,,,,,,,,,,,,,,,
2013-12-11,WD-WCAU47261635,WDC WD10EADS,1000204886016,0,,0,,,,,,,,0,,,,,,40580,,,,,,,,,,,,,,,,,,,,,,,,,,,,,,21,,,,,,0,,,,,,,,,,,,,,,,,,,,,,,,,,,,
2013-12-11,S1F04Z6N,ST3000DM001,3000592982016,0,,52111192,,,,,,,,0,,,,,,16176,,,,,,,,,,,,,,,,,,,,,,,,,,,,,,26,,,,,,0,,,,,,,,,,,,,,,,,,,,,,,,,,,,
2013-12-11,PL2311LAG1UADC,Hitachi HDS5C4040ALE630,4000787030016,0,,0,,,,,,,,0,,,,,,155,,,,,,,,,,,,,,,,,,,,,,,,,,,,,,26,,,,,,0,,,,,,,,,,,,,,,,,,,,,,,,,,,,
2013-12-11,Z300CM5A,ST4000DM000,4000787030016,0,,157648016,,,,,,,,0,,,,,,2225,,,,,,,,,,,,,,,,,,,,,,,,,,,,,,23,,,,,,0,,,,,,,,,,,,,,,,,,,,,,,,,,,,
2013-12-11,MJ1311YNG68YTA,Hitachi HDS5C3030ALA630,3000592982016,0,,0,,,,,,,,0,,,,,,14593,,,,,,,,,,,,,,,,,,,,,,,,,,,,,,24,,,,,,0,,,,,,,,,,,,,,,,,,,,,,,,,,,,
2013-12-11,JK1130YAHDJDVT,Hitachi HDS722020ALA330,2000398934016,0,,393224,,,,,,,,0,,,,,,30172,,,,,,,,,,,,,,,,,,,,,,,,,,,,,,30,,,,,,0,,,,,,,,,,,,,,,,,,,,,,,,,,,,
2013-12-11,JK1101B8KNJKAS,Hitachi HDS722020ALA330,2000398934016,0,,0,,,,,,,,0,,,,,,23099,,,,,,,,,,,,,,,,,,,,,,,,,,,,,,27,,,,,,0,,,,,,,,,,,,,,,,,,,,,,,,,,,,
2013-12-11,PL1311LAG24Y9A,Hitachi HDS5C4040ALE630,4000787030016,0,,0,,,,,,,,0,,,,,,6993,,,,,,,,,,,,,,,,,,,,,,,,,,,,,,20,,,,,,0,,,,,,,,,,,,,,,,,,,,,,,,,,,,
2013-12-11,JK1101B8JL7PJZ,Hitachi HDS722020ALA330,2000398934016,0,,0,,,,,,,,0,,,,,,24099,,,,,,,,,,,,,,,,,,,,,,,,,,,,,,28,,,,,,0,,,,,,,,,,,,,,,,,,,,,,,,,,,,
2013-12-11,JK11A8B9J2B95F,Hitachi HDS722020ALA330,2000398934016,0,,0,,,,,,,,0,,,,,,24462,,,,,,,,,,,,,,,,,,,,,,,,,,,,,,24,,,,,,0,,,,,,,,,,,,,,,,,,,,,,,,,,,,
2013-12-11,S1F0CVDS,ST3000DM001,3000592982016,0,,158336376,,,,,,,,0,,,,,,12368,,,,,,,,,,,,,,,,,,,,,,,,,,,,,,24,,,,,,0,,,,,,,,,,,,,,,,,,,,,,,,,,,,
2013-12-11,W300J6PD,ST4000DM000,4000787030016,0,,40914104,,,,,,,,0,,,,,,2248,,,,,,,,,,,,,,,,,,,,,,,,,,,,,,20,,,,,,0,,,,,,,,,,,,,,,,,,,,,,,,,,,,
2013-12-11,W1F0Z4CF,ST3000DM001,3000592982016,0,,45062600,,,,,,,,0,,,,,,10759,,,,,,,,,,,,,,,,,,,,,,,,,,,,,,26,,,,,,0,,,,,,,,,,,,,,,,,,,,,,,,,,,,
2013-12-11,W300J6P4,ST4000DM000,4000787030016,0,,216384016,,,,,,,,0,,,,,,1703,,,,,,,,,,,,,,,,,,,,,,,,,,,,,,25,,,,,,0,,,,,,,,,,,,,,,,,,,,,,,,,,,,
2013-12-11,W300J6P5,ST4000DM000,4000787030016,0,,127617656,,,,,,,,0,,,,,,1703,,,,,,,,,,,,,,,,,,,,,,,,,,,,,,25,,,,,,0,,,,,,,,,,,,,,,,,,,,,,,,,,,,
2013-12-11,JK1105B8JS1GWX,Hitachi HDS722020ALA330,2000398934016,0,,0,,,,,,,,0,,,,,,23579,,,,,,,,,,,,,,,,,,,,,,,,,,,,,,27,,,,,,0,,,,,,,,,,,,,,,,,,,,,,,,,,,,
2013-12-11,WD-WMC1T1616107,WDC WD30EFRX,3000592982016,0,,0,,,,,,,,0,,,,,,7392,,,,,,,,,,,,,,,,,,,,,,,,,,,,,,21,,,,,,0,,,,,,,,,,,,,,,,,,,,,,,,,,,,
2013-12-11,JK1105B8JS2ELX,Hitachi HDS722020ALA330,2000398934016,0,,0,,,,,,,,1,,,,,,23512,,,,,,,,,,,,,,,,,,,,,,,,,,,,,,27,,,,,,0,,,,,,,,,,,,,,,,,,,,,,,,,,,,
2013-12-11,S1F049N4,ST3000DM001,3000592982016,0,,80471696,,,,,,,,0,,,,,,16150,,,,,,,,,,,,,,,,,,,,,,,,,,,,,,22,,,,,,0,,,,,,,,,,,,,,,,,,,,,,,,,,,,
2013-12-11,6XW07JXV,ST31500541AS,1500301910016,0,,15304602,,,,,,,,0,,,,,,24045,,,,,,,,,,,,,,,,,,,,,,,,,,,,,,21,,,,,,0,,,,,,,,,,,,,,,,,,,,,,,,,,,,
2013-12-11,S1F049N6,ST3000DM001,3000592982016,0,,95048648,,,,,,,,0,,,,,,16190,,,,,,,,,,,,,,,,,,,,,,,,,,,,,,21,,,,,,0,,,,,,,,,,,,,,,,,,,,,,,,,,,,
2013-12-11,6XW0VGN0,ST31500541AS,1500301910016,0,,228614056,,,,,,,,0,,,,,,33328,,,,,,,,,,,,,,,,,,,,,,,,,,,,,,22,,,,,,0,,,,,,,,,,,,,,,,,,,,,,,,,,,,
2013-12-11,6XW01H0J,ST31500541AS,1500301910016,0,,178834125,,,,,,,,0,,,,,,36642,,,,,,,,,,,,,,,,,,,,,,,,,,,,,,22,,,,,,0,,,,,,,,,,,,,,,,,,,,,,,,,,,,
2013-12-11,Z300GQCE,ST4000DM000,4000787030016,0,,171820048,,,,,,,,0,,,,,,3584,,,,,,,,,,,,,,,,,,,,,,,,,,,,,,24,,,,,,0,,,,,,,,,,,,,,,,,,,,,,,,,,,,
2013-12-11,Z300GQCK,ST4000DM000,4000787030016,0,,129457880,,,,,,,,0,,,,,,3583,,,,,,,,,,,,,,,,,,,,,,,,,,,,,,26,,,,,,0,,,,,,,,,,,,,,,,,,,,,,,,,,,,
2013-12-11,Z300GQCL,ST4000DM000,4000787030016,0,,234611752,,,,,,,,0,,,,,,2900,,,,,,,,,,,,,,,,,,,,,,,,,,,,,,28,,,,,,0,,,,,,,,,,,,,,,,,,,,,,,,,,,,
2013-12-11,Z300GQCN,ST4000DM000,4000787030016,0,,101917608,,,,,,,,0,,,,,,3580,,,,,,,,,,,,,,,,,,,,,,,,,,,,,,22,,,,,,0,,,,,,,,,,,,,,,,,,,,,,,,,,,,
2013-12-11,Z300GQCT,ST4000DM000,4000787030016,0,,238099776,,,,,,,,0,,,,,,3583,,,,,,,,,,,,,,,,,,,,,,,,,,,,,,22,,,,,,0,,,,,,,,,,,,,,,,,,,,,,,,,,,,
2013-12-11,Z2903J7P,ST33000651AS,3000592982016,0,,4009607,,,,,,,,0,,,,,,17050,,,,,,,,,,,,,,,,,,,,,,,,,,,,,,22,,,,,,0,,,,,,,,,,,,,,,,,,,,,,,,,,,,
2013-12-11,MJ1311YNG3G0UA,Hitachi HDS5C3030ALA630,3000592982016,0,,65536,,,,,,,,0,,,,,,19588,,,,,,,,,,,,,,,,,,,,,,,,,,,,,,28,,,,,,0,,,,,,,,,,,,,,,,,,,,,,,,,,,,
2013-12-11,Z300GQCZ,ST4000DM000,4000787030016,0,,209136272,,,,,,,,0,,,,,,3582,,,,,,,,,,,,,,,,,,,,,,,,,,,,,,22,,,,,,0,,,,,,,,,,,,,,,,,,,,,,,,,,,,
2013-12-11,S1F07VAA,ST3000DM001,3000592982016,0,,102853464,,,,,,,,0,,,,,,13870,,,,,,,,,,,,,,,,,,,,,,,,,,,,,,25,,,,,,0,,,,,,,,,,,,,,,,,,,,,,,,,,,,
2013-12-11,S1F0QYLY,ST3000DM001,3000592982016,0,,135612440,,,,,,,,0,,,,,,11578,,,,,,,,,,,,,,,,,,,,,,,,,,,,,,25,,,,,,0,,,,,,,,,,,,,,,,,,,,,,,,,,,,
2013-12-11,W3006MVE,ST4000DM000,4000787030016,0,,241414392,,,,,,,,0,,,,,,2857,,,,,,,,,,,,,,,,,,,,,,,,,,,,,,22,,,,,,0,,,,,,,,,,,,,,,,,,,,,,,,,,,,
2013-12-11,S1F0QYLA,ST3000DM001,3000592982016,0,,199550480,,,,,,,,0,,,,,,11690,,,,,,,,,,,,,,,,,,,,,,,,,,,,,,27,,,,,,0,,,,,,,,,,,,,,,,,,,,,,,,,,,,
2013-12-11,Z1F11SL0,ST3000DM001,3000592982016,0,,8740128,,,,,,,,0,,,,,,8022,,,,,,,,,,,,,,,,,,,,,,,,,,,,,,25,,,,,,0,,,,,,,,,,,,,,,,,,,,,,,,,,,,
2013-12-11,MK0301YHGLL1JD,Hitachi HDS723030ALA640,3000592982016,0,,0,,,,,,,,0,,,,,,17012,,,,,,,,,,,,,,,,,,,,,,,,,,,,,,29,,,,,,1,,,,,,,,,,,,,,,,,,,,,,,,,,,,
2013-12-11,MJ1311YNG47DEA,Hitachi HDS5C3030ALA630,3000592982016,0,,0,,,,,,,,0,,,,,,20729,,,,,,,,,,,,,,,,,,,,,,,,,,,,,,30,,,,,,0,,,,,,,,,,,,,,,,,,,,,,,,,,,,
2013-12-11,6XW042MY,ST31500541AS,1500301910016,0,,152793061,,,,,,,,0,,,,,,37434,,,,,,,,,,,,,,,,,,,,,,,,,,,,,,23,,,,,,0,,,,,,,,,,,,,,,,,,,,,,,,,,,,
2013-12-11,MJ1321YNG0KXAA,Hitachi HDS5C3030ALA630,3000592982016,0,,0,,,,,,,,0,,,,,,20512,,,,,,,,,,,,,,,,,,,,,,,,,,,,,,27,,,,,,0,,,,,,,,,,,,,,,,,,,,,,,,,,,,
2013-12-11,Z300PM8T,ST4000DM000,4000787030016,0,,195679032,,,,,,,,0,,,,,,1233,,,,,,,,,,,,,,,,,,,,,,,,,,,,,,21,,,,,,0,,,,,,,,,,,,,,,,,,,,,,,,,,,,
2013-12-11,JK1101B9JP5RJU,Hitachi HDS722020ALA330,2000398934016,0,,0,,,,,,,,0,,,,,,23587,,,,,,,,,,,,,,,,,,,,,,,,,,,,,,31,,,,,,0,,,,,,,,,,,,,,,,,,,,,,,,,,,,
2013-12-11,PL1311LAG24S7A,Hitachi HDS5C4040ALE630,4000787030016,0,,0,,,,,,,,0,,,,,,7419,,,,,,,,,,,,,,,,,,,,,,,,,,,,,,20,,,,,,0,,,,,,,,,,,,,,,,,,,,,,,,,,,,
2013-12-11,WD-WCAWZ1200870,WDC WD30EZRX,3000592982016,0,,0,,,,,,,,0,,,,,,17614,,,,,,,,,,,,,,,,,,,,,,,,,,,,,,24,,,,,,0,,,,,,,,,,,,,,,,,,,,,,,,,,,,
2013-12-11,S1F02S32,ST3000DM001,3000592982016,1,,5779872,,,,,,,,1368,,,,,,15469,,,,,,,,,,,,,,,,,,,,,,,,,,,,,,24,,,,,,1256,,,,,,,,,,,,,,,,,,,,,,,,,,,,
2013-12-11,Z300VMNC,ST4000DM000,4000787030016,0,,151101128,,,,,,,,0,,,,,,108,,,,,,,,,,,,,,,,,,,,,,,,,,,,,,22,,,,,,0,,,,,,,,,,,,,,,,,,,,,,,,,,,,
2013-12-11,MJ1323YNG1LD6C,Hitachi HDS5C3030ALA630,3000592982016,0,,0,,,,,,,,0,,,,,,19773,,,,,,,,,,,,,,,,,,,,,,,,,,,,,,22,,,,,,0,,,,,,,,,,,,,,,,,,,,,,,,,,,,
2013-12-11,6XW01TE5,ST31500541AS,1500301910016,0,,203998434,,,,,,,,0,,,,,,34171,,,,,,,,,,,,,,,,,,,,,,,,,,,,,,22,,,,,,0,,,,,,,,,,,,,,,,,,,,,,,,,,,,
2013-12-11,6XW0BEEQ,ST31500541AS,1500301910016,0,,163742749,,,,,,,,65,,,,,,30551,,,,,,,,,,,,,,,,,,,,,,,,,,,,,,21,,,,,,2,,,,,,,,,,,,,,,,,,,,,,,,,,,,
2013-12-11,PL1321LAG34DMH,Hitachi HDS5C4040ALE630,4000787030016,0,,0,,,,,,,,0,,,,,,6653,,,,,,,,,,,,,,,,,,,,,,,,,,,,,,20,,,,,,0,,,,,,,,,,,,,,,,,,,,,,,,,,,,
2013-12-11,MJ0351YNGA768A,Hitachi HDS5C3030ALA630,3000592982016,0,,0,,,,,,,,0,,,,,,7691,,,,,,,,,,,,,,,,,,,,,,,,,,,,,,25,,,,,,0,,,,,,,,,,,,,,,,,,,,,,,,,,,,
2013-12-11,MJ0351YNGABXYA,Hitachi HDS5C3030ALA630,3000592982016,0,,0,,,,,,,,0,,,,,,8615,,,,,,,,,,,,,,,,,,,,,,,,,,,,,,29,,,,,,0,,,,,,,,,,,,,,,,,,,,,,,,,,,,
2013-12-11,MJ0351YNG9T4SA,Hitachi HDS5C3030ALA630,3000592982016,0,,0,,,,,,,,0,,,,,,8883,,,,,,,,,,,,,,,,,,,,,,,,,,,,,,29,,,,,,0,,,,,,,,,,,,,,,,,,,,,,,,,,,,
2013-12-11,MK0331YHGRTG9A,Hitachi HDS723030ALA640,3000592982016,0,,0,,,,,,,,2,,,,,,17032,,,,,,,,,,,,,,,,,,,,,,,,,,,,,,26,,,,,,36,,,,,,,,,,,,,,,,,,,,,,,,,,,,
2013-12-11,S1F014FV,ST3000DM001,3000592982016,0,,160028472,,,,,,,,0,,,,,,15622,,,,,,,,,,,,,,,,,,,,,,,,,,,,,,21,,,,,,0,,,,,,,,,,,,,,,,,,,,,,,,,,,,
2013-12-11,MJ0351YNG9VP6A,Hitachi HDS5C3030ALA630,3000592982016,0,,0,,,,,,,,0,,,,,,8505,,,,,,,,,,,,,,,,,,,,,,,,,,,,,,26,,,,,,0,,,,,,,,,,,,,,,,,,,,,,,,,,,,
2013-12-11,JK11A8B9JPSGJF,Hitachi HDS722020ALA330,2000398934016,0,,0,,,,,,,,0,,,,,,24112,,,,,,,,,,,,,,,,,,,,,,,,,,,,,,29,,,,,,0,,,,,,,,,,,,,,,,,,,,,,,,,,,,
2013-12-11,W3004ZG5,ST4000DM000,4000787030016,0,,161551968,,,,,,,,0,,,,,,2879,,,,,,,,,,,,,,,,,,,,,,,,,,,,,,18,,,,,,0,,,,,,,,,,,,,,,,,,,,,,,,,,,,
2013-12-11,Z300HQCQ,ST4000DM000,4000787030016,0,,112591928,,,,,,,,0,,,,,,2900,,,,,,,,,,,,,,,,,,,,,,,,,,,,,,25,,,,,,0,,,,,,,,,,,,,,,,,,,,,,,,,,,,
2013-12-11,MJ1313YNG24U6C,Hitachi HDS5C3030ALA630,3000592982016,0,,917548,,,,,,,,5,,,,,,21796,,,,,,,,,,,,,,,,,,,,,,,,,,,,,,26,,,,,,2,,,,,,,,,,,,,,,,,,,,,,,,,,,,
2013-12-11,JK11A8B9J973MF,Hitachi HDS722020ALA330,2000398934016,0,,65536,,,,,,,,0,,,,,,24493,,,,,,,,,,,,,,,,,,,,,,,,,,,,,,30,,,,,,0,,,,,,,,,,,,,,,,,,,,,,,,,,,,
2013-12-11,PL1311LAG1RU3A,Hitachi HDS5C4040ALE630,4000787030016,0,,0,,,,,,,,0,,,,,,7757,,,,,,,,,,,,,,,,,,,,,,,,,,,,,,26,,,,,,0,,,,,,,,,,,,,,,,,,,,,,,,,,,,
2013-12-11,JK11A8B9GNLE1F,Hitachi HDS722020ALA330,2000398934016,0,,0,,,,,,,,0,,,,,,26480,,,,,,,,,,,,,,,,,,,,,,,,,,,,,,27,,,,,,0,,,,,,,,,,,,,,,,,,,,,,,,,,,,
2013-12-11,W300JKFM,ST4000DM000,4000787030016,0,,126328832,,,,,,,,0,,,,,,2240,,,,,,,,,,,,,,,,,,,,,,,,,,,,,,20,,,,,,0,,,,,,,,,,,,,,,,,,,,,,,,,,,,
2013-12-11,9VS2B5HY,ST31500341AS,1500301910016,0,,78078047,,,,,,,,37,,,,,,26716,,,,,,,,,,,,,,,,,,,,,,,,,,,,,,24,,,,,,0,,,,,,,,,,,,,,,,,,,,,,,,,,,,
2013-12-11,W1F09YZF,ST3000DM001,3000592982016,0,,231997968,,,,,,,,0,,,,,,14215,,,,,,,,,,,,,,,,,,,,,,,,,,,,,,20,,,,,,0,,,,,,,,,,,,,,,,,,,,,,,,,,,,
2013-12-11,JK11A8B9J6ZXKF,Hitachi HDS722020ALA330,2000398934016,0,,0,,,,,,,,0,,,,,,26010,,,,,,,,,,,,,,,,,,,,,,,,,,,,,,27,,,,,,0,,,,,,,,,,,,,,,,,,,,,,,,,,,,
2013-12-11,JK11A8B9J2YUBF,Hitachi HDS722020ALA330,2000398934016,0,,0,,,,,,,,0,,,,,,24365,,,,,,,,,,,,,,,,,,,,,,,,,,,,,,29,,,,,,0,,,,,,,,,,,,,,,,,,,,,,,,,,,,
2013-12-11,PL1311LAG25KHA,Hitachi HDS5C4040ALE630,4000787030016,0,,0,,,,,,,,0,,,,,,6568,,,,,,,,,,,,,,,,,,,,,,,,,,,,,,30,,,,,,0,,,,,,,,,,,,,,,,,,,,,,,,,,,,
2013-12-11,W1F0WL1A,ST3000DM001,3000592982016,0,,66242480,,,,,,,,0,,,,,,11020,,,,,,,,,,,,,,,,,,,,,,,,,,,,,,24,,,,,,0,,,,,,,,,,,,,,,,,,,,,,,,,,,,
2013-12-11,W300CVYQ,ST4000DM000,4000787030016,0,,219026824,,,,,,,,0,,,,,,1871,,,,,,,,,,,,,,,,,,,,,,,,,,,,,,25,,,,,,0,,,,,,,,,,,,,,,,,,,,,,,,,,,,
2013-12-11,W300CVYV,ST4000DM000,4000787030016,0,,59439552,,,,,,,,0,,,,,,909,,,,,,,,,,,,,,,,,,,,,,,,,,,,,,22,,,,,,0,,,,,,,,,,,,,,,,,,,,,,,,,,,,
2013-12-11,Z1F103R9,ST3000DM001,3000592982016,0,,198077656,,,,,,,,0,,,,,,6893,,,,,,,,,,,,,,,,,,,,,,,,,,,,,,19,,,,,,0,,,,,,,,,,,,,,,,,,,,,,,,,,,,
2013-12-11,JK11A8B9JR0EEF,Hitachi HDS722020ALA330,2000398934016,0,,0,,,,,,,,0,,,,,,23719,,,,,,,,,,,,,,,,,,,,,,,,,,,,,,25,,,,,,0,,,,,,,,,,,,,,,,,,,,,,,,,,,,
2013-12-11,WD-WCAU47299770,WDC WD10EADS,1000204886016,0,,1,,,,,,,,0,,,,,,40881,,,,,,,,,,,,,,,,,,,,,,,,,,,,,,33,,,,,,0,,,,,,,,,,,,,,,,,,,,,,,,,,,,
2013-12-11,MJ1311YNG3W3SA,Hitachi HDS5C3030ALA630,3000592982016,0,,0,,,,,,,,0,,,,,,8672,,,,,,,,,,,,,,,,,,,,,,,,,,,,,,32,,,,,,0,,,,,,,,,,,,,,,,,,,,,,,,,,,,
2013-12-11,W300JKF0,ST4000DM000,4000787030016,0,,135744688,,,,,,,,0,,,,,,2240,,,,,,,,,,,,,,,,,,,,,,,,,,,,,,21,,,,,,0,,,,,,,,,,,,,,,,,,,,,,,,,,,,
2013-12-11,W300JKF8,ST4000DM000,4000787030016,0,,183259816,,,,,,,,0,,,,,,2239,,,,,,,,,,,,,,,,,,,,,,,,,,,,,,21,,,,,,0,,,,,,,,,,,,,,,,,,,,,,,,,,,,
2013-12-11,9XW01YFW,ST31500541AS,1500301910016,0,,41094756,,,,,,,,0,,,,,,34743,,,,,,,,,,,,,,,,,,,,,,,,,,,,,,19,,,,,,0,,,,,,,,,,,,,,,,,,,,,,,,,,,,
2013-12-11,MK0311YHGHDAJA,Hitachi HDS723030ALA640,3000592982016,0,,0,,,,,,,,0,,,,,,16078,,,,,,,,,,,,,,,,,,,,,,,,,,,,,,26,,,,,,0,,,,,,,,,,,,,,,,,,,,,,,,,,,,
2013-12-11,S1F06PE4,ST3000DM001,3000592982016,0,,242536112,,,,,,,,0,,,,,,14237,,,,,,,,,,,,,,,,,,,,,,,,,,,,,,26,,,,,,0,,,,,,,,,,,,,,,,,,,,,,,,,,,,
2013-12-11,9XW01YFF,ST31500541AS,1500301910016,0,,172978579,,,,,,,,0,,,,,,17614,,,,,,,,,,,,,,,,,,,,,,,,,,,,,,20,,,,,,0,,,,,,,,,,,,,,,,,,,,,,,,,,,,
2013-12-11,S1F06DQ6,ST3000DM001,3000592982016,0,,206439944,,,,,,,,0,,,,,,13360,,,,,,,,,,,,,,,,,,,,,,,,,,,,,,25,,,,,,16,,,,,,,,,,,,,,,,,,,,,,,,,,,,
2013-12-11,S1F01HQG,ST3000DM001,3000592982016,0,,113782472,,,,,,,,0,,,,,,15593,,,,,,,,,,,,,,,,,,,,,,,,,,,,,,21,,,,,,0,,,,,,,,,,,,,,,,,,,,,,,,,,,,
2013-12-11,6XW039Y2,ST31500541AS,1500301910016,0,,65201434,,,,,,,,0,,,,,,36645,,,,,,,,,,,,,,,,,,,,,,,,,,,,,,21,,,,,,0,,,,,,,,,,,,,,,,,,,,,,,,,,,,
2013-12-11,W300C5W0,ST4000DM000,4000787030016,0,,110273064,,,,,,,,0,,,,,,4168,,,,,,,,,,,,,,,,,,,,,,,,,,,,,,29,,,,,,0,,,,,,,,,,,,,,,,,,,,,,,,,,,,
2013-12-11,Z300KCGV,ST4000DM000,4000787030016,0,,79097888,,,,,,,,0,,,,,,2241,,,,,,,,,,,,,,,,,,,,,,,,,,,,,,23,,,,,,0,,,,,,,,,,,,,,,,,,,,,,,,,,,,
2013-12-11,Z300KCGP,ST4000DM000,4000787030016,0,,73636824,,,,,,,,0,,,,,,2241,,,,,,,,,,,,,,,,,,,,,,,,,,,,,,22,,,,,,0,,,,,,,,,,,,,,,,,,,,,,,,,,,,
2013-12-11,Z300KCGQ,ST4000DM000,4000787030016,0,,143940272,,,,,,,,0,,,,,,1848,,,,,,,,,,,,,,,,,,,,,,,,,,,,,,21,,,,,,0,,,,,,,,,,,,,,,,,,,,,,,,,,,,
2013-12-11,Z300KCGZ,ST4000DM000,4000787030016,0,,64531344,,,,,,,,0,,,,,,2241,,,,,,,,,,,,,,,,,,,,,,,,,,,,,,22,,,,,,0,,,,,,,,,,,,,,,,,,,,,,,,,,,,
2013-12-11,MJ1311YNG5LX4A,Hitachi HDS5C3030ALA630,3000592982016,0,,0,,,,,,,,0,,,,,,14601,,,,,,,,,,,,,,,,,,,,,,,,,,,,,,23,,,,,,0,,,,,,,,,,,,,,,,,,,,,,,,,,,,
2013-12-11,JK1105B8JS0ULX,Hitachi HDS722020ALA330,2000398934016,0,,0,,,,,,,,0,,,,,,23579,,,,,,,,,,,,,,,,,,,,,,,,,,,,,,28,,,,,,0,,,,,,,,,,,,,,,,,,,,,,,,,,,,
2013-12-11,WD-WCAU45048077,WDC WD10EADS,1000204886016,0,,3,,,,,,,,0,,,,,,41192,,,,,,,,,,,,,,,,,,,,,,,,,,,,,,22,,,,,,0,,,,,,,,,,,,,,,,,,,,,,,,,,,,
2013-12-11,JK1101B9JPPD3F,Hitachi HDS722020ALA330,2000398934016,0,,0,,,,,,,,0,,,,,,24099,,,,,,,,,,,,,,,,,,,,,,,,,,,,,,29,,,,,,0,,,,,,,,,,,,,,,,,,,,,,,,,,,,
2013-12-11,PL1311LAG333KH,Hitachi HDS5C4040ALE630,4000787030016,0,,0,,,,,,,,0,,,,,,5036,,,,,,,,,,,,,,,,,,,,,,,,,,,,,,29,,,,,,0,,,,,,,,,,,,,,,,,,,,,,,,,,,,
2013-12-11,MJ1321YNG0BAWA,Hitachi HDS5C3030ALA630,3000592982016,0,,0,,,,,,,,0,,,,,,19763,,,,,,,,,,,,,,,,,,,,,,,,,,,,,,26,,,,,,0,,,,,,,,,,,,,,,,,,,,,,,,,,,,
2013-12-11,PK1331PAJ3A5YS,HGST HDS724040ALE640,4000787030016,0,,0,,,,,,,,0,,,,,,2027,,,,,,,,,,,,,,,,,,,,,,,,,,,,,,27,,,,,,0,,,,,,,,,,,,,,,,,,,,,,,,,,,,
2013-12-11,W1F0X5PJ,ST3000DM001,3000592982016,0,,175689488,,,,,,,,0,,,,,,11673,,,,,,,,,,,,,,,,,,,,,,,,,,,,,,24,,,,,,0,,,,,,,,,,,,,,,,,,,,,,,,,,,,
2013-12-11,9XW01AKJ,ST31500541AS,1500301910016,0,,121087870,,,,,,,,943,,,,,,35650,,,,,,,,,,,,,,,,,,,,,,,,,,,,,,19,,,,,,0,,,,,,,,,,,,,,,,,,,,,,,,,,,,
2013-12-11,W1F08E8Y,ST3000DM001,3000592982016,0,,19718232,,,,,,,,0,,,,,,15570,,,,,,,,,,,,,,,,,,,,,,,,,,,,,,25,,,,,,0,,,,,,,,,,,,,,,,,,,,,,,,,,,,
2013-12-11,PL1321LAGAW85H,Hitachi HDS5C4040ALE630,4000787030016,0,,0,,,,,,,,0,,,,,,5052,,,,,,,,,,,,,,,,,,,,,,,,,,,,,,30,,,,,,0,,,,,,,,,,,,,,,,,,,,,,,,,,,,
2013-12-11,W1F0QFLD,ST3000DM001,3000592982016,0,,119081672,,,,,,,,0,,,,,,11023,,,,,,,,,,,,,,,,,,,,,,,,,,,,,,27,,,,,,0,,,,,,,,,,,,,,,,,,,,,,,,,,,,
2013-12-11,Z1F0LSG7,ST3000DM001,3000592982016,0,,63107384,,,,,,,,0,,,,,,12247,,,,,,,,,,,,,,,,,,,,,,,,,,,,,,26,,,,,,0,,,,,,,,,,,,,,,,,,,,,,,,,,,,
2013-12-11,6XW056YD,ST31500541AS,1500301910016,0,,23717237,,,,,,,,0,,,,,,37155,,,,,,,,,,,,,,,,,,,,,,,,,,,,,,24,,,,,,0,,,,,,,,,,,,,,,,,,,,,,,,,,,,
2013-12-11,9XW01AK9,ST31500541AS,1500301910016,0,,143862090,,,,,,,,0,,,,,,35445,,,,,,,,,,,,,,,,,,,,,,,,,,,,,,17,,,,,,0,,,,,,,,,,,,,,,,,,,,,,,,,,,,
2013-12-11,S1F0TQJP,ST3000DM001,3000592982016,0,,38281880,,,,,,,,0,,,,,,10837,,,,,,,,,,,,,,,,,,,,,,,,,,,,,,26,,,,,,0,,,,,,,,,,,,,,,,,,,,,,,,,,,,
2013-12-11,W1F08E8J,ST3000DM001,3000592982016,0,,57613928,,,,,,,,0,,,,,,15246,,,,,,,,,,,,,,,,,,,,,,,,,,,,,,20,,,,,,0,,,,,,,,,,,,,,,,,,,,,,,,,,,,
2013-12-11,MJ0351YNG9ZXUA,Hitachi HDS5C3030ALA630,3000592982016,0,,0,,,,,,,,0,,,,,,9974,,,,,,,,,,,,,,,,,,,,,,,,,,,,,,28,,,,,,0,,,,,,,,,,,,,,,,,,,,,,,,,,,,
2013-12-11,JK1101B9GK7RGF,Hitachi HDS722020ALA330,2000398934016,0,,0,,,,,,,,0,,,,,,26764,,,,,,,,,,,,,,,,,,,,,,,,,,,,,,26,,,,,,0,,,,,,,,,,,,,,,,,,,,,,,,,,,,
2013-12-11,MK0301YHGLBHZA,Hitachi HDS723030ALA640,3000592982016,0,,0,,,,,,,,0,,,,,,17018,,,,,,,,,,,,,,,,,,,,,,,,,,,,,,28,,,,,,0,,,,,,,,,,,,,,,,,,,,,,,,,,,,
2013-12-11,6XW03BX9,ST31500541AS,1500301910016,0,,176279203,,,,,,,,0,,,,,,36917,,,,,,,,,,,,,,,,,,,,,,,,,,,,,,22,,,,,,0,,,,,,,,,,,,,,,,,,,,,,,,,,,,
2013-12-11,MK0301YHGM957D,Hitachi HDS723030ALA640,3000592982016,0,,0,,,,,,,,0,,,,,,17017,,,,,,,,,,,,,,,,,,,,,,,,,,,,,,24,,,,,,0,,,,,,,,,,,,,,,,,,,,,,,,,,,,
2013-12-11,MJ1311YNG7LRYA,Hitachi HDS5C3030ALA630,3000592982016,0,,0,,,,,,,,0,,,,,,14290,,,,,,,,,,,,,,,,,,,,,,,,,,,,,,30,,,,,,0,,,,,,,,,,,,,,,,,,,,,,,,,,,,
2013-12-11,6XW05XGY,ST31500541AS,1500301910016,0,,206683792,,,,,,,,0,,,,,,36956,,,,,,,,,,,,,,,,,,,,,,,,,,,,,,24,,,,,,0,,,,,,,,,,,,,,,,,,,,,,,,,,,,
2013-12-11,JK1175YAK8A5ZX,Hitachi HDS722020ALA330,2000398934016,0,,0,,,,,,,,2,,,,,,29653,,,,,,,,,,,,,,,,,,,,,,,,,,,,,,27,,,,,,0,,,,,,,,,,,,,,,,,,,,,,,,,,,,
2013-12-11,S1F02XFX,ST3000DM001,3000592982016,0,,199424864,,,,,,,,0,,,,,,14728,,,,,,,,,,,,,,,,,,,,,,,,,,,,,,25,,,,,,0,,,,,,,,,,,,,,,,,,,,,,,,,,,,
2013-12-11,W1F0FWXH,ST3000DM001,3000592982016,0,,17557040,,,,,,,,0,,,,,,10901,,,,,,,,,,,,,,,,,,,,,,,,,,,,,,27,,,,,,0,,,,,,,,,,,,,,,,,,,,,,,,,,,,
2013-12-11,MJ1311YNG3EJNA,Hitachi HDS5C3030ALA630,3000592982016,0,,0,,,,,,,,0,,,,,,19309,,,,,,,,,,,,,,,,,,,,,,,,,,,,,,29,,,,,,0,,,,,,,,,,,,,,,,,,,,,,,,,,,,
2013-12-11,JK1101B9JHHDYU,Hitachi HDS722020ALA330,2000398934016,0,,0,,,,,,,,0,,,,,,22955,,,,,,,,,,,,,,,,,,,,,,,,,,,,,,23,,,,,,0,,,,,,,,,,,,,,,,,,,,,,,,,,,,
2013-12-11,PL1321LAGAW7AH,Hitachi HDS5C4040ALE630,4000787030016,0,,0,,,,,,,,0,,,,,,5429,,,,,,,,,,,,,,,,,,,,,,,,,,,,,,23,,,,,,0,,,,,,,,,,,,,,,,,,,,,,,,,,,,
2013-12-11,JK1101YAK87A4V,Hitachi HDS722020ALA330,2000398934016,0,,65537,,,,,,,,0,,,,,,29212,,,,,,,,,,,,,,,,,,,,,,,,,,,,,,29,,,,,,0,,,,,,,,,,,,,,,,,,,,,,,,,,,,
2013-12-11,6XW0TBPM,ST31500541AS,1500301910016,0,,113619479,,,,,,,,17,,,,,,33629,,,,,,,,,,,,,,,,,,,,,,,,,,,,,,24,,,,,,0,,,,,,,,,,,,,,,,,,,,,,,,,,,,
2013-12-11,PL2311LAG1MJLC,Hitachi HDS5C4040ALE630,4000787030016,0,,0,,,,,,,,0,,,,,,7415,,,,,,,,,,,,,,,,,,,,,,,,,,,,,,21,,,,,,0,,,,,,,,,,,,,,,,,,,,,,,,,,,,
2013-12-11,6XW03CVJ,ST31500541AS,1500301910016,0,,11513648,,,,,,,,0,,,,,,34751,,,,,,,,,,,,,,,,,,,,,,,,,,,,,,20,,,,,,0,,,,,,,,,,,,,,,,,,,,,,,,,,,,
2013-12-11,MK0303YHGKEYPC,Hitachi HDS723030ALA640,3000592982016,0,,0,,,,,,,,0,,,,,,21460,,,,,,,,,,,,,,,,,,,,,,,,,,,,,,28,,,,,,0,,,,,,,,,,,,,,,,,,,,,,,,,,,,
2013-12-11,6XW03CVM,ST31500541AS,1500301910016,0,,142326950,,,,,,,,0,,,,,,36942,,,,,,,,,,,,,,,,,,,,,,,,,,,,,,23,,,,,,0,,,,,,,,,,,,,,,,,,,,,,,,,,,,
2013-12-11,6XW03CVS,ST31500541AS,1500301910016,0,,213119740,,,,,,,,0,,,,,,35446,,,,,,,,,,,,,,,,,,,,,,,,,,,,,,17,,,,,,0,,,,,,,,,,,,,,,,,,,,,,,,,,,,
2013-12-11,PL1311LAG38NXH,Hitachi HDS5C4040ALE630,4000787030016,0,,0,,,,,,,,0,,,,,,6639,,,,,,,,,,,,,,,,,,,,,,,,,,,,,,28,,,,,,0,,,,,,,,,,,,,,,,,,,,,,,,,,,,
2013-12-11,PL1311LAG1V5WA,Hitachi HDS5C4040ALE630,4000787030016,0,,0,,,,,,,,0,,,,,,7452,,,,,,,,,,,,,,,,,,,,,,,,,,,,,,23,,,,,,0,,,,,,,,,,,,,,,,,,,,,,,,,,,,
2013-12-11,PL1311LAG2AHXH,Hitachi HDS5C4040ALE630,4000787030016,0,,0,,,,,,,,0,,,,,,5186,,,,,,,,,,,,,,,,,,,,,,,,,,,,,,24,,,,,,0,,,,,,,,,,,,,,,,,,,,,,,,,,,,
2013-12-11,MJ1323YNG104XC,Hitachi HDS5C3030ALA630,3000592982016,0,,0,,,,,,,,0,,,,,,20733,,,,,,,,,,,,,,,,,,,,,,,,,,,,,,25,,,,,,0,,,,,,,,,,,,,,,,,,,,,,,,,,,,
2013-12-11,9XK0E5GD,ST33000651AS,3000592982016,0,,13448972,,,,,,,,0,,,,,,16599,,,,,,,,,,,,,,,,,,,,,,,,,,,,,,24,,,,,,0,,,,,,,,,,,,,,,,,,,,,,,,,,,,
2013-12-11,S1F0CT2V,ST3000DM001,3000592982016,0,,83469904,,,,,,,,0,,,,,,12344,,,,,,,,,,,,,,,,,,,,,,,,,,,,,,28,,,,,,0,,,,,,,,,,,,,,,,,,,,,,,,,,,,
2013-12-11,S1F091BQ,ST3000DM001,3000592982016,0,,229772336,,,,,,,,0,,,,,,12420,,,,,,,,,,,,,,,,,,,,,,,,,,,,,,35,,,,,,0,,,,,,,,,,,,,,,,,,,,,,,,,,,,
2013-12-11,WD-WCAWZ1339669,WDC WD30EZRX,3000592982016,0,,0,,,,,,,,0,,,,,,17598,,,,,,,,,,,,,,,,,,,,,,,,,,,,,,19,,,,,,0,,,,,,,,,,,,,,,,,,,,,,,,,,,,
2013-12-11,S1F0CT2E,ST3000DM001,3000592982016,0,,120048088,,,,,,,,0,,,,,,12359,,,,,,,,,,,,,,,,,,,,,,,,,,,,,,22,,,,,,0,,,,,,,,,,,,,,,,,,,,,,,,,,,,
2013-12-11,MJ1311YNG27A9A,Hitachi HDS5C3030ALA630,3000592982016,0,,0,,,,,,,,0,,,,,,18362,,,,,,,,,,,,,,,,,,,,,,,,,,,,,,21,,,,,,0,,,,,,,,,,,,,,,,,,,,,,,,,,,,
2013-12-11,JK11A4B8J6AYGW,Hitachi HDS722020ALA330,2000398934016,0,,0,,,,,,,,0,,,,,,25661,,,,,,,,,,,,,,,,,,,,,,,,,,,,,,27,,,,,,0,,,,,,,,,,,,,,,,,,,,,,,,,,,,
2013-12-11,WD-WMC1T0889934,WDC WD30EFRX,3000592982016,0,,0,,,,,,,,0,,,,,,8840,,,,,,,,,,,,,,,,,,,,,,,,,,,,,,29,,,,,,0,,,,,,,,,,,,,,,,,,,,,,,,,,,,
2013-12-11,PL1311LAG3B4GH,Hitachi HDS5C4040ALE630,4000787030016,0,,0,,,,,,,,0,,,,,,6654,,,,,,,,,,,,,,,,,,,,,,,,,,,,,,21,,,,,,0,,,,,,,,,,,,,,,,,,,,,,,,,,,,
2013-12-11,S1F06K2P,ST3000DM001,3000592982016,0,,233760104,,,,,,,,0,,,,,,13362,,,,,,,,,,,,,,,,,,,,,,,,,,,,,,26,,,,,,0,,,,,,,,,,,,,,,,,,,,,,,,,,,,
2013-12-11,MJ1323YNG1SD4C,Hitachi HDS5C3030ALA630,3000592982016,0,,0,,,,,,,,0,,,,,,20080,,,,,,,,,,,,,,,,,,,,,,,,,,,,,,34,,,,,,0,,,,,,,,,,,,,,,,,,,,,,,,,,,,
2013-12-11,Z290T735,ST33000651AS,3000592982016,0,,31206552,,,,,,,,0,,,,,,17050,,,,,,,,,,,,,,,,,,,,,,,,,,,,,,27,,,,,,0,,,,,,,,,,,,,,,,,,,,,,,,,,,,
2013-12-11,6XW0XRXG,ST31500541AS,1500301910016,0,,170530531,,,,,,,,0,,,,,,29398,,,,,,,,,,,,,,,,,,,,,,,,,,,,,,22,,,,,,0,,,,,,,,,,,,,,,,,,,,,,,,,,,,
2013-12-11,MK0311YHG4UK2A,Hitachi HDS723030ALA640,3000592982016,0,,0,,,,,,,,0,,,,,,21793,,,,,,,,,,,,,,,,,,,,,,,,,,,,,,25,,,,,,0,,,,,,,,,,,,,,,,,,,,,,,,,,,,
2013-12-11,MJ1311YNG0115A,Hitachi HDS5C3030ALA630,3000592982016,0,,0,,,,,,,,0,,,,,,14624,,,,,,,,,,,,,,,,,,,,,,,,,,,,,,25,,,,,,0,,,,,,,,,,,,,,,,,,,,,,,,,,,,
2013-12-11,W1F08S5D,ST3000DM001,3000592982016,0,,185553368,,,,,,,,0,,,,,,16140,,,,,,,,,,,,,,,,,,,,,,,,,,,,,,20,,,,,,0,,,,,,,,,,,,,,,,,,,,,,,,,,,,
2013-12-11,MJ1311YNG324VA,Hitachi HDS5C3030ALA630,3000592982016,0,,0,,,,,,,,0,,,,,,18405,,,,,,,,,,,,,,,,,,,,,,,,,,,,,,24,,,,,,0,,,,,,,,,,,,,,,,,,,,,,,,,,,,
2013-12-11,S1F0LLYV,ST3000DM001,3000592982016,0,,39141736,,,,,,,,0,,,,,,12246,,,,,,,,,,,,,,,,,,,,,,,,,,,,,,23,,,,,,0,,,,,,,,,,,,,,,,,,,,,,,,,,,,
2013-12-11,S1F0LBMG,ST3000DM001,3000592982016,0,,31731048,,,,,,,,0,,,,,,12024,,,,,,,,,,,,,,,,,,,,,,,,,,,,,,31,,,,,,0,,,,,,,,,,,,,,,,,,,,,,,,,,,,
2013-12-11,JK11A8B9J3UW6F,Hitachi HDS722020ALA330,2000398934016,0,,196611,,,,,,,,116,,,,,,23823,,,,,,,,,,,,,,,,,,,,,,,,,,,,,,23,,,,,,0,,,,,,,,,,,,,,,,,,,,,,,,,,,,
2013-12-11,PL1321LAGAYT1H,Hitachi HDS5C4040ALE630,4000787030016,0,,0,,,,,,,,0,,,,,,5074,,,,,,,,,,,,,,,,,,,,,,,,,,,,,,27,,,,,,0,,,,,,,,,,,,,,,,,,,,,,,,,,,,
2013-12-11,PL1321LAG31Y3H,Hitachi HDS5C4040ALE630,4000787030016,0,,0,,,,,,,,0,,,,,,5961,,,,,,,,,,,,,,,,,,,,,,,,,,,,,,18,,,,,,0,,,,,,,,,,,,,,,,,,,,,,,,,,,,
2013-12-11,5XW00E5M,ST32000542AS,2000398934016,0,,14475027,,,,,,,,0,,,,,,27047,,,,,,,,,,,,,,,,,,,,,,,,,,,,,,24,,,,,,0,,,,,,,,,,,,,,,,,,,,,,,,,,,,
2013-12-11,WD-WCAU44503142,WDC WD10EADS,1000204886016,0,,0,,,,,,,,0,,,,,,42261,,,,,,,,,,,,,,,,,,,,,,,,,,,,,,26,,,,,,0,,,,,,,,,,,,,,,,,,,,,,,,,,,,
2013-12-11,9VS28ZQ6,ST31500341AS,1500301910016,0,,135034991,,,,,,,,61,,,,,,38483,,,,,,,,,,,,,,,,,,,,,,,,,,,,,,24,,,,,,0,,,,,,,,,,,,,,,,,,,,,,,,,,,,
2013-12-11,MJ1323YNG1RR8C,Hitachi HDS5C3030ALA630,3000592982016,0,,0,,,,,,,,0,,,,,,20079,,,,,,,,,,,,,,,,,,,,,,,,,,,,,,34,,,,,,0,,,,,,,,,,,,,,,,,,,,,,,,,,,,
2013-12-11,JK1105B8GED5HX,Hitachi HDS722020ALA330,2000398934016,0,,65536,,,,,,,,0,,,,,,27167,,,,,,,,,,,,,,,,,,,,,,,,,,,,,,32,,,,,,0,,,,,,,,,,,,,,,,,,,,,,,,,,,,
2013-12-11,MJ0351YNGA8Z2A,Hitachi HDS5C3030ALA630,3000592982016,0,,0,,,,,,,,0,,,,,,8210,,,,,,,,,,,,,,,,,,,,,,,,,,,,,,37,,,,,,0,,,,,,,,,,,,,,,,,,,,,,,,,,,,
2013-12-11,MJ0351YNGA0VEA,Hitachi HDS5C3030ALA630,3000592982016,0,,0,,,,,,,,0,,,,,,9975,,,,,,,,,,,,,,,,,,,,,,,,,,,,,,27,,,,,,0,,,,,,,,,,,,,,,,,,,,,,,,,,,,
2013-12-11,JK1101B9JP89HR,Hitachi HDS722020ALA330,2000398934016,0,,0,,,,,,,,0,,,,,,24099,,,,,,,,,,,,,,,,,,,,,,,,,,,,,,24,,,,,,0,,,,,,,,,,,,,,,,,,,,,,,,,,,,
2013-12-11,JK11A8B9J7M6RF,Hitachi HDS722020ALA330,2000398934016,0,,131073,,,,,,,,0,,,,,,26004,,,,,,,,,,,,,,,,,,,,,,,,,,,,,,29,,,,,,0,,,,,,,,,,,,,,,,,,,,,,,,,,,,
2013-12-11,MK0313YHG95KZC,Hitachi HDS723030ALA640,3000592982016,0,,0,,,,,,,,0,,,,,,21459,,,,,,,,,,,,,,,,,,,,,,,,,,,,,,26,,,,,,0,,,,,,,,,,,,,,,,,,,,,,,,,,,,
2013-12-11,5XW0B6A9,ST31500541AS,1500301910016,0,,64431136,,,,,,,,0,,,,,,33261,,,,,,,,,,,,,,,,,,,,,,,,,,,,,,18,,,,,,0,,,,,,,,,,,,,,,,,,,,,,,,,,,,
2013-12-11,S1F0330P,ST3000DM001,3000592982016,0,,28728856,,,,,,,,0,,,,,,15263,,,,,,,,,,,,,,,,,,,,,,,,,,,,,,21,,,,,,8,,,,,,,,,,,,,,,,,,,,,,,,,,,,
2013-12-11,PL1321LAG33R8H,Hitachi HDS5C4040ALE630,4000787030016,0,,0,,,,,,,,0,,,,,,5668,,,,,,,,,,,,,,,,,,,,,,,,,,,,,,20,,,,,,0,,,,,,,,,,,,,,,,,,,,,,,,,,,,
2013-12-11,JK1130YAHDJDKT,Hitachi HDS722020ALA330,2000398934016,0,,0,,,,,,,,0,,,,,,30171,,,,,,,,,,,,,,,,,,,,,,,,,,,,,,30,,,,,,0,,,,,,,,,,,,,,,,,,,,,,,,,,,,
2013-12-11,WD-WMC4N1083462,WDC WD30EFRX,3000592982016,0,,0,,,,,,,,0,,,,,,518,,,,,,,,,,,,,,,,,,,,,,,,,,,,,,22,,,,,,0,,,,,,,,,,,,,,,,,,,,,,,,,,,,
2013-12-11,MJ1311YNG36W3A,Hitachi HDS5C3030ALA630,3000592982016,0,,0,,,,,,,,0,,,,,,18928,,,,,,,,,,,,,,,,,,,,,,,,,,,,,,27,,,,,,0,,,,,,,,,,,,,,,,,,,,,,,,,,,,
2013-12-11,MJ0351YNGAD2NA,Hitachi HDS5C3030ALA630,3000592982016,0,,0,,,,,,,,0,,,,,,7973,,,,,,,,,,,,,,,,,,,,,,,,,,,,,,28,,,,,,0,,,,,,,,,,,,,,,,,,,,,,,,,,,,
2013-12-11,MJ0351YNGA10VA,Hitachi HDS5C3030ALA630,3000592982016,0,,0,,,,,,,,0,,,,,,9975,,,,,,,,,,,,,,,,,,,,,,,,,,,,,,26,,,,,,0,,,,,,,,,,,,,,,,,,,,,,,,,,,,
2013-12-11,JK11A8B9J2Z12F,Hitachi HDS722020ALA330,2000398934016,0,,0,,,,,,,,0,,,,,,23711,,,,,,,,,,,,,,,,,,,,,,,,,,,,,,27,,,,,,0,,,,,,,,,,,,,,,,,,,,,,,,,,,,
2013-12-11,MJ0351YNGAAEVA,Hitachi HDS5C3030ALA630,3000592982016,0,,0,,,,,,,,0,,,,,,8616,,,,,,,,,,,,,,,,,,,,,,,,,,,,,,32,,,,,,0,,,,,,,,,,,,,,,,,,,,,,,,,,,,
2013-12-11,MN1220F32K9HVD,Hitachi HDS723020BLA642,2000398934016,0,,0,,,,,,,,0,,,,,,14279,,,,,,,,,,,,,,,,,,,,,,,,,,,,,,26,,,,,,0,,,,,,,,,,,,,,,,,,,,,,,,,,,,
2013-12-11,WD-WMC1T0861279,WDC WD30EFRX,3000592982016,0,,0,,,,,,,,0,,,,,,8840,,,,,,,,,,,,,,,,,,,,,,,,,,,,,,28,,,,,,0,,,,,,,,,,,,,,,,,,,,,,,,,,,,
2013-12-11,WD-WCAWZ1342923,WDC WD30EZRX,3000592982016,0,,0,,,,,,,,0,,,,,,17615,,,,,,,,,,,,,,,,,,,,,,,,,,,,,,25,,,,,,1,,,,,,,,,,,,,,,,,,,,,,,,,,,,
2013-12-11,W1F0AZN4,ST3000DM001,3000592982016,0,,157226128,,,,,,,,0,,,,,,13913,,,,,,,,,,,,,,,,,,,,,,,,,,,,,,22,,,,,,0,,,,,,,,,,,,,,,,,,,,,,,,,,,,
2013-12-11,W3004Z76,ST4000DM000,4000787030016,0,,52003208,,,,,,,,0,,,,,,2879,,,,,,,,,,,,,,,,,,,,,,,,,,,,,,19,,,,,,0,,,,,,,,,,,,,,,,,,,,,,,,,,,,
2013-12-11,W1F0Z4X0,ST3000DM001,3000592982016,0,,1695728,,,,,,,,0,,,,,,10760,,,,,,,,,,,,,,,,,,,,,,,,,,,,,,25,,,,,,0,,,,,,,,,,,,,,,,,,,,,,,,,,,,
2013-12-11,W1F0Z4X2,ST3000DM001,3000592982016,0,,21275320,,,,,,,,0,,,,,,10727,,,,,,,,,,,,,,,,,,,,,,,,,,,,,,25,,,,,,0,,,,,,,,,,,,,,,,,,,,,,,,,,,,
2013-12-11,WD-WCAV5V405165,WDC WD10EADX,1000204886016,0,,0,,,,,,,,0,,,,,,9107,,,,,,,,,,,,,,,,,,,,,,,,,,,,,,23,,,,,,0,,,,,,,,,,,,,,,,,,,,,,,,,,,,
2013-12-11,W300D47P,ST4000DM000,4000787030016,0,,203788896,,,,,,,,0,,,,,,4163,,,,,,,,,,,,,,,,,,,,,,,,,,,,,,24,,,,,,0,,,,,,,,,,,,,,,,,,,,,,,,,,,,
2013-12-11,MJ1311YNG5YE6A,Hitachi HDS5C3030ALA630,3000592982016,0,,0,,,,,,,,0,,,,,,14310,,,,,,,,,,,,,,,,,,,,,,,,,,,,,,22,,,,,,0,,,,,,,,,,,,,,,,,,,,,,,,,,,,
2013-12-11,MK0331YHGSVH9A,Hitachi HDS723030ALA640,3000592982016,0,,0,,,,,,,,0,,,,,,17017,,,,,,,,,,,,,,,,,,,,,,,,,,,,,,27,,,,,,0,,,,,,,,,,,,,,,,,,,,,,,,,,,,
2013-12-11,9VS1L4ED,ST31500341AS,1500301910016,0,,25957913,,,,,,,,21,,,,,,39097,,,,,,,,,,,,,,,,,,,,,,,,,,,,,,24,,,,,,0,,,,,,,,,,,,,,,,,,,,,,,,,,,,
2013-12-11,S1F08B35,ST3000DM001,3000592982016,0,,128573424,,,,,,,,0,,,,,,12418,,,,,,,,,,,,,,,,,,,,,,,,,,,,,,30,,,,,,0,,,,,,,,,,,,,,,,,,,,,,,,,,,,
2013-12-11,JK11A8B9J38G8F,Hitachi HDS722020ALA330,2000398934016,0,,0,,,,,,,,0,,,,,,24112,,,,,,,,,,,,,,,,,,,,,,,,,,,,,,28,,,,,,0,,,,,,,,,,,,,,,,,,,,,,,,,,,,
2013-12-11,W300D47M,ST4000DM000,4000787030016,0,,104185072,,,,,,,,0,,,,,,3238,,,,,,,,,,,,,,,,,,,,,,,,,,,,,,17,,,,,,0,,,,,,,,,,,,,,,,,,,,,,,,,,,,
2013-12-11,PL2331LAG7HPRJ,Hitachi HDS5C4040ALE630,4000787030016,0,,0,,,,,,,,0,,,,,,5077,,,,,,,,,,,,,,,,,,,,,,,,,,,,,,25,,,,,,0,,,,,,,,,,,,,,,,,,,,,,,,,,,,
2013-12-11,PL1311LAG3EGHH,Hitachi HDS5C4040ALE630,4000787030016,0,,0,,,,,,,,0,,,,,,3631,,,,,,,,,,,,,,,,,,,,,,,,,,,,,,26,,,,,,0,,,,,,,,,,,,,,,,,,,,,,,,,,,,
2013-12-11,PL1311LAG15VNA,Hitachi HDS5C4040ALE630,4000787030016,0,,0,,,,,,,,0,,,,,,6649,,,,,,,,,,,,,,,,,,,,,,,,,,,,,,18,,,,,,0,,,,,,,,,,,,,,,,,,,,,,,,,,,,
2013-12-11,MJ1311YNG2Z12A,Hitachi HDS5C3030ALA630,3000592982016,0,,0,,,,,,,,0,,,,,,18048,,,,,,,,,,,,,,,,,,,,,,,,,,,,,,25,,,,,,0,,,,,,,,,,,,,,,,,,,,,,,,,,,,
2013-12-11,PL1311LAG2768A,Hitachi HDS5C4040ALE630,4000787030016,0,,0,,,,,,,,0,,,,,,5069,,,,,,,,,,,,,,,,,,,,,,,,,,,,,,26,,,,,,0,,,,,,,,,,,,,,,,,,,,,,,,,,,,
2013-12-11,MJ1311YNG7JSHA,Hitachi HDS5C3030ALA630,3000592982016,0,,0,,,,,,,,0,,,,,,14682,,,,,,,,,,,,,,,,,,,,,,,,,,,,,,19,,,,,,0,,,,,,,,,,,,,,,,,,,,,,,,,,,,
2013-12-11,PL1311LAG2E0BH,Hitachi HDS5C4040ALE630,4000787030016,0,,0,,,,,,,,0,,,,,,7414,,,,,,,,,,,,,,,,,,,,,,,,,,,,,,21,,,,,,0,,,,,,,,,,,,,,,,,,,,,,,,,,,,
2013-12-11,W300AJHL,ST4000DM000,4000787030016,0,,16002488,,,,,,,,0,,,,,,4153,,,,,,,,,,,,,,,,,,,,,,,,,,,,,,22,,,,,,0,,,,,,,,,,,,,,,,,,,,,,,,,,,,
2013-12-11,JK1101B9KME26U,Hitachi HDS722020ALA330,2000398934016,0,,0,,,,,,,,104,,,,,,22954,,,,,,,,,,,,,,,,,,,,,,,,,,,,,,25,,,,,,4,,,,,,,,,,,,,,,,,,,,,,,,,,,,
2013-12-11,MK0311YHG3S29A,Hitachi HDS723030ALA640,3000592982016,0,,0,,,,,,,,0,,,,,,21459,,,,,,,,,,,,,,,,,,,,,,,,,,,,,,27,,,,,,0,,,,,,,,,,,,,,,,,,,,,,,,,,,,
2013-12-11,JK11A8B9J1TYVF,Hitachi HDS722020ALA330,2000398934016,0,,65536,,,,,,,,0,,,,,,24431,,,,,,,,,,,,,,,,,,,,,,,,,,,,,,27,,,,,,0,,,,,,,,,,,,,,,,,,,,,,,,,,,,
2013-12-11,Z252A55AS,TOSHIBA DT01ACA300,3000592982016,0,,0,,,,,,,,0,,,,,,6609,,,,,,,,,,,,,,,,,,,,,,,,,,,,,,26,,,,,,0,,,,,,,,,,,,,,,,,,,,,,,,,,,,
2013-12-11,S1F04AAT,ST3000DM001,3000592982016,0,,185077992,,,,,,,,0,,,,,,16193,,,,,,,,,,,,,,,,,,,,,,,,,,,,,,22,,,,,,0,,,,,,,,,,,,,,,,,,,,,,,,,,,,
2013-12-11,JK1101B9G8USYR,Hitachi HDS722020ALA330,2000398934016,0,,0,,,,,,,,0,,,,,,27160,,,,,,,,,,,,,,,,,,,,,,,,,,,,,,26,,,,,,0,,,,,,,,,,,,,,,,,,,,,,,,,,,,
2013-12-11,WD-WCAU47761010,WDC WD10EADS,1000204886016,0,,17,,,,,,,,0,,,,,,40530,,,,,,,,,,,,,,,,,,,,,,,,,,,,,,31,,,,,,0,,,,,,,,,,,,,,,,,,,,,,,,,,,,
2013-12-11,9VS4GF69,ST31500341AS,1500301910016,0,,146736001,,,,,,,,0,,,,,,15632,,,,,,,,,,,,,,,,,,,,,,,,,,,,,,30,,,,,,0,,,,,,,,,,,,,,,,,,,,,,,,,,,,
2013-12-11,JK11A1YAJHHK8V,Hitachi HDS722020ALA330,2000398934016,0,,2,,,,,,,,0,,,,,,28849,,,,,,,,,,,,,,,,,,,,,,,,,,,,,,27,,,,,,0,,,,,,,,,,,,,,,,,,,,,,,,,,,,
2013-12-11,JK1105B8JS1MLX,Hitachi HDS722020ALA330,2000398934016,0,,0,,,,,,,,0,,,,,,22686,,,,,,,,,,,,,,,,,,,,,,,,,,,,,,24,,,,,,0,,,,,,,,,,,,,,,,,,,,,,,,,,,,
2013-12-11,W1F0A3YJ,ST3000DM001,3000592982016,0,,71538568,,,,,,,,0,,,,,,15365,,,,,,,,,,,,,,,,,,,,,,,,,,,,,,23,,,,,,0,,,,,,,,,,,,,,,,,,,,,,,,,,,,
2013-12-11,WD-WCAU44860331,WDC WD10EACS,1000204886016,0,,0,,,,,,,,0,,,,,,43288,,,,,,,,,,,,,,,,,,,,,,,,,,,,,,20,,,,,,0,,,,,,,,,,,,,,,,,,,,,,,,,,,,
2013-12-11,W1F07FYA,ST3000DM001,3000592982016,0,,89765744,,,,,,,,0,,,,,,12357,,,,,,,,,,,,,,,,,,,,,,,,,,,,,,26,,,,,,0,,,,,,,,,,,,,,,,,,,,,,,,,,,,
2013-12-11,PL1311LAG2AS6H,Hitachi HDS5C4040ALE630,4000787030016,0,,0,,,,,,,,0,,,,,,7419,,,,,,,,,,,,,,,,,,,,,,,,,,,,,,19,,,,,,0,,,,,,,,,,,,,,,,,,,,,,,,,,,,
2013-12-11,MJ0351YNG9W3WA,Hitachi HDS5C3030ALA630,3000592982016,0,,0,,,,,,,,0,,,,,,9899,,,,,,,,,,,,,,,,,,,,,,,,,,,,,,29,,,,,,0,,,,,,,,,,,,,,,,,,,,,,,,,,,,
2013-12-11,6XW0ZP6X,ST31500541AS,1500301910016,0,,91904203,,,,,,,,0,,,,,,31096,,,,,,,,,,,,,,,,,,,,,,,,,,,,,,21,,,,,,0,,,,,,,,,,,,,,,,,,,,,,,,,,,,
2013-12-11,PL2321LAG9WTDJ,Hitachi HDS5C4040ALE630,4000787030016,0,,0,,,,,,,,0,,,,,,5074,,,,,,,,,,,,,,,,,,,,,,,,,,,,,,26,,,,,,0,,,,,,,,,,,,,,,,,,,,,,,,,,,,
2013-12-11,9VS1QWGT,ST31500341AS,1500301910016,0,,17585446,,,,,,,,2,,,,,,40074,,,,,,,,,,,,,,,,,,,,,,,,,,,,,,31,,,,,,0,,,,,,,,,,,,,,,,,,,,,,,,,,,,
2013-12-11,PL1331LAGB3YNH,Hitachi HDS5C4040ALE630,4000787030016,0,,0,,,,,,,,0,,,,,,5074,,,,,,,,,,,,,,,,,,,,,,,,,,,,,,26,,,,,,0,,,,,,,,,,,,,,,,,,,,,,,,,,,,
2013-12-11,6XW0WMQ6,ST31500541AS,1500301910016,0,,175925249,,,,,,,,0,,,,,,31292,,,,,,,,,,,,,,,,,,,,,,,,,,,,,,21,,,,,,0,,,,,,,,,,,,,,,,,,,,,,,,,,,,
2013-12-11,S1F0T2FN,ST3000DM001,3000592982016,0,,204773888,,,,,,,,0,,,,,,10727,,,,,,,,,,,,,,,,,,,,,,,,,,,,,,22,,,,,,0,,,,,,,,,,,,,,,,,,,,,,,,,,,,
2013-12-11,PL1331LAG5AWVH,HGST HMS5C4040ALE640,4000787030016,0,,0,,,,,,,,0,,,,,,9401,,,,,,,,,,,,,,,,,,,,,,,,,,,,,,29,,,,,,0,,,,,,,,,,,,,,,,,,,,,,,,,,,,
2013-12-11,W1F0T034,ST3000DM001,3000592982016,0,,200915344,,,,,,,,0,,,,,,11693,,,,,,,,,,,,,,,,,,,,,,,,,,,,,,26,,,,,,0,,,,,,,,,,,,,,,,,,,,,,,,,,,,
2013-12-11,Z300W641,ST4000DM000,4000787030016,0,,13499248,,,,,,,,0,,,,,,772,,,,,,,,,,,,,,,,,,,,,,,,,,,,,,20,,,,,,0,,,,,,,,,,,,,,,,,,,,,,,,,,,,
2013-12-11,JK11A8B9J6PNVF,Hitachi HDS722020ALA330,2000398934016,0,,458761,,,,,,,,136,,,,,,22298,,,,,,,,,,,,,,,,,,,,,,,,,,,,,,32,,,,,,0,,,,,,,,,,,,,,,,,,,,,,,,,,,,
2013-12-11,JK1101B9JKTYAF,Hitachi HDS722020ALA330,2000398934016,0,,131072,,,,,,,,1,,,,,,23579,,,,,,,,,,,,,,,,,,,,,,,,,,,,,,25,,,,,,0,,,,,,,,,,,,,,,,,,,,,,,,,,,,
2013-12-11,MJ1311YNG2XDLA,Hitachi HDS5C3030ALA630,3000592982016,0,,0,,,,,,,,0,,,,,,18594,,,,,,,,,,,,,,,,,,,,,,,,,,,,,,22,,,,,,0,,,,,,,,,,,,,,,,,,,,,,,,,,,,
2013-12-11,JK11A8B9J1RPVF,Hitachi HDS722020ALA330,2000398934016,0,,0,,,,,,,,0,,,,,,22414,,,,,,,,,,,,,,,,,,,,,,,,,,,,,,27,,,,,,0,,,,,,,,,,,,,,,,,,,,,,,,,,,,
2013-12-11,MJ0351YNGABWNA,Hitachi HDS5C3030ALA630,3000592982016,0,,0,,,,,,,,0,,,,,,8141,,,,,,,,,,,,,,,,,,,,,,,,,,,,,,32,,,,,,0,,,,,,,,,,,,,,,,,,,,,,,,,,,,
2013-12-11,WD-WMC4N1100360,WDC WD30EFRX,3000592982016,0,,0,,,,,,,,0,,,,,,633,,,,,,,,,,,,,,,,,,,,,,,,,,,,,,21,,,,,,0,,,,,,,,,,,,,,,,,,,,,,,,,,,,
2013-12-11,WD-WMC4N1100367,WDC WD30EFRX,3000592982016,0,,0,,,,,,,,0,,,,,,179,,,,,,,,,,,,,,,,,,,,,,,,,,,,,,22,,,,,,0,,,,,,,,,,,,,,,,,,,,,,,,,,,,
2013-12-11,WD-WCAU45484201,WDC WD10EADS,1000204886016,0,,1,,,,,,,,0,,,,,,40532,,,,,,,,,,,,,,,,,,,,,,,,,,,,,,30,,,,,,0,,,,,,,,,,,,,,,,,,,,,,,,,,,,
2013-12-11,S1F0CRVQ,ST3000DM001,3000592982016,0,,202350640,,,,,,,,32,,,,,,12418,,,,,,,,,,,,,,,,,,,,,,,,,,,,,,26,,,,,,0,,,,,,,,,,,,,,,,,,,,,,,,,,,,
2013-12-11,6XW048F7,ST31500541AS,1500301910016,0,,152724933,,,,,,,,12,,,,,,26064,,,,,,,,,,,,,,,,,,,,,,,,,,,,,,23,,,,,,0,,,,,,,,,,,,,,,,,,,,,,,,,,,,
2013-12-11,MJ0351YNG9SZHA,Hitachi HDS5C3030ALA630,3000592982016,0,,0,,,,,,,,0,,,,,,9525,,,,,,,,,,,,,,,,,,,,,,,,,,,,,,32,,,,,,0,,,,,,,,,,,,,,,,,,,,,,,,,,,,
2013-12-11,WD-WCAU42474730,WDC WD10EACS,1000204886016,0,,2,,,,,,,,0,,,,,,42834,,,,,,,,,,,,,,,,,,,,,,,,,,,,,,21,,,,,,0,,,,,,,,,,,,,,,,,,,,,,,,,,,,
2013-12-11,JK11A1YAJH3E1V,Hitachi HDS722020ALA330,2000398934016,0,,0,,,,,,,,3,,,,,,28742,,,,,,,,,,,,,,,,,,,,,,,,,,,,,,24,,,,,,0,,,,,,,,,,,,,,,,,,,,,,,,,,,,
2013-12-11,Z300NKF1,ST4000DM000,4000787030016,0,,16725008,,,,,,,,0,,,,,,1092,,,,,,,,,,,,,,,,,,,,,,,,,,,,,,26,,,,,,0,,,,,,,,,,,,,,,,,,,,,,,,,,,,
2013-12-11,JK1101B9JPH6PF,Hitachi HDS722020ALA330,2000398934016,0,,0,,,,,,,,0,,,,,,24463,,,,,,,,,,,,,,,,,,,,,,,,,,,,,,24,,,,,,0,,,,,,,,,,,,,,,,,,,,,,,,,,,,
2013-12-11,MJ1311YNG7LU3A,Hitachi HDS5C3030ALA630,3000592982016,0,,0,,,,,,,,0,,,,,,14290,,,,,,,,,,,,,,,,,,,,,,,,,,,,,,29,,,,,,0,,,,,,,,,,,,,,,,,,,,,,,,,,,,
2013-12-11,JK1101B9GDKEXF,Hitachi HDS722020ALA330,2000398934016,0,,0,,,,,,,,0,,,,,,27540,,,,,,,,,,,,,,,,,,,,,,,,,,,,,,26,,,,,,0,,,,,,,,,,,,,,,,,,,,,,,,,,,,
2013-12-11,JK11A8B9J9L4HF,Hitachi HDS722020ALA330,2000398934016,0,,0,,,,,,,,0,,,,,,25668,,,,,,,,,,,,,,,,,,,,,,,,,,,,,,24,,,,,,0,,,,,,,,,,,,,,,,,,,,,,,,,,,,
2013-12-11,MK0301YHGMEHAD,Hitachi HDS723030ALA640,3000592982016,0,,0,,,,,,,,0,,,,,,17035,,,,,,,,,,,,,,,,,,,,,,,,,,,,,,30,,,,,,0,,,,,,,,,,,,,,,,,,,,,,,,,,,,
2013-12-11,PL1311LAG38PMH,Hitachi HDS5C4040ALE630,4000787030016,0,,0,,,,,,,,0,,,,,,6641,,,,,,,,,,,,,,,,,,,,,,,,,,,,,,26,,,,,,0,,,,,,,,,,,,,,,,,,,,,,,,,,,,
2013-12-11,JK1105B8GEK8RX,Hitachi HDS722020ALA330,2000398934016,0,,0,,,,,,,,0,,,,,,27159,,,,,,,,,,,,,,,,,,,,,,,,,,,,,,28,,,,,,0,,,,,,,,,,,,,,,,,,,,,,,,,,,,
2013-12-11,S1F13M9A,ST3000DM001,3000592982016,0,,118829128,,,,,,,,0,,,,,,8127,,,,,,,,,,,,,,,,,,,,,,,,,,,,,,25,,,,,,0,,,,,,,,,,,,,,,,,,,,,,,,,,,,
2013-12-11,JK11A8B9J3V2KF,Hitachi HDS722020ALA330,2000398934016,0,,1,,,,,,,,0,,,,,,23487,,,,,,,,,,,,,,,,,,,,,,,,,,,,,,23,,,,,,0,,,,,,,,,,,,,,,,,,,,,,,,,,,,
2013-12-11,Z1F0LSXW,ST3000DM001,3000592982016,0,,10922432,,,,,,,,0,,,,,,12024,,,,,,,,,,,,,,,,,,,,,,,,,,,,,,31,,,,,,0,,,,,,,,,,,,,,,,,,,,,,,,,,,,
2013-12-11,JK11A8B9J7ZPYF,Hitachi HDS722020ALA330,2000398934016,0,,0,,,,,,,,30,,,,,,25125,,,,,,,,,,,,,,,,,,,,,,,,,,,,,,26,,,,,,1,,,,,,,,,,,,,,,,,,,,,,,,,,,,
2013-12-11,MK0333YHGNWKWC,Hitachi HDS723030ALA640,3000592982016,0,,0,,,,,,,,0,,,,,,17762,,,,,,,,,,,,,,,,,,,,,,,,,,,,,,26,,,,,,0,,,,,,,,,,,,,,,,,,,,,,,,,,,,
2013-12-11,Z1F1LEMD,ST3000DM001,3000592982016,0,,36133744,,,,,,,,0,,,,,,2691,,,,,,,,,,,,,,,,,,,,,,,,,,,,,,25,,,,,,0,,,,,,,,,,,,,,,,,,,,,,,,,,,,
2013-12-11,9XK0QA7L,ST33000651AS,3000592982016,0,,163144834,,,,,,,,0,,,,,,17738,,,,,,,,,,,,,,,,,,,,,,,,,,,,,,26,,,,,,0,,,,,,,,,,,,,,,,,,,,,,,,,,,,
2013-12-11,JK11A8B9J7W8TF,Hitachi HDS722020ALA330,2000398934016,0,,0,,,,,,,,4,,,,,,24912,,,,,,,,,,,,,,,,,,,,,,,,,,,,,,32,,,,,,0,,,,,,,,,,,,,,,,,,,,,,,,,,,,
2013-12-11,W1F0BB6C,ST3000DM001,3000592982016,0,,128920416,,,,,,,,0,,,,,,14213,,,,,,,,,,,,,,,,,,,,,,,,,,,,,,25,,,,,,0,,,,,,,,,,,,,,,,,,,,,,,,,,,,
2013-12-11,MJ0351YNG9NUZA,Hitachi HDS5C3030ALA630,3000592982016,0,,0,,,,,,,,0,,,,,,9469,,,,,,,,,,,,,,,,,,,,,,,,,,,,,,27,,,,,,0,,,,,,,,,,,,,,,,,,,,,,,,,,,,
2013-12-11,WD-WCC1T1263610,WDC WD30EFRX,3000592982016,0,,0,,,,,,,,0,,,,,,845,,,,,,,,,,,,,,,,,,,,,,,,,,,,,,18,,,,,,0,,,,,,,,,,,,,,,,,,,,,,,,,,,,
2013-12-11,JK11A8B9J2D2WF,Hitachi HDS722020ALA330,2000398934016,0,,0,,,,,,,,0,,,,,,23819,,,,,,,,,,,,,,,,,,,,,,,,,,,,,,28,,,,,,0,,,,,,,,,,,,,,,,,,,,,,,,,,,,
2013-12-11,WD-WCAWZ0809199,WDC WD30EZRX,3000592982016,0,,0,,,,,,,,0,,,,,,8509,,,,,,,,,,,,,,,,,,,,,,,,,,,,,,22,,,,,,0,,,,,,,,,,,,,,,,,,,,,,,,,,,,
2013-12-11,6XW02F2W,ST31500541AS,1500301910016,0,,171239294,,,,,,,,0,,,,,,37153,,,,,,,,,,,,,,,,,,,,,,,,,,,,,,24,,,,,,0,,,,,,,,,,,,,,,,,,,,,,,,,,,,
2013-12-11,JK1101B9HYGD3T,Hitachi HDS722020ALA330,2000398934016,0,,0,,,,,,,,0,,,,,,23104,,,,,,,,,,,,,,,,,,,,,,,,,,,,,,24,,,,,,0,,,,,,,,,,,,,,,,,,,,,,,,,,,,
2013-12-11,Z300NKFY,ST4000DM000,4000787030016,0,,126208632,,,,,,,,0,,,,,,1093,,,,,,,,,,,,,,,,,,,,,,,,,,,,,,29,,,,,,0,,,,,,,,,,,,,,,,,,,,,,,,,,,,
2013-12-11,JK11A8B9HX02LF,Hitachi HDS722020ALA330,2000398934016,0,,0,,,,,,,,0,,,,,,26010,,,,,,,,,,,,,,,,,,,,,,,,,,,,,,24,,,,,,0,,,,,,,,,,,,,,,,,,,,,,,,,,,,
2013-12-11,S1F09GET,ST3000DM001,3000592982016,0,,153007568,,,,,,,,0,,,,,,12347,,,,,,,,,,,,,,,,,,,,,,,,,,,,,,20,,,,,,0,,,,,,,,,,,,,,,,,,,,,,,,,,,,
2013-12-11,WD-WCAWZ0492776,WDC WD30EZRX,3000592982016,0,,0,,,,,,,,0,,,,,,16130,,,,,,,,,,,,,,,,,,,,,,,,,,,,,,20,,,,,,0,,,,,,,,,,,,,,,,,,,,,,,,,,,,
2013-12-11,6XW03MEL,ST31500541AS,1500301910016,0,,21643214,,,,,,,,0,,,,,,36940,,,,,,,,,,,,,,,,,,,,,,,,,,,,,,19,,,,,,0,,,,,,,,,,,,,,,,,,,,,,,,,,,,
2013-12-11,JK1105B8GEDASX,Hitachi HDS722020ALA330,2000398934016,0,,0,,,,,,,,1,,,,,,26858,,,,,,,,,,,,,,,,,,,,,,,,,,,,,,28,,,,,,0,,,,,,,,,,,,,,,,,,,,,,,,,,,,
2013-12-11,WD-WMAWZ0285656,WDC WD30EZRX,3000592982016,0,,0,,,,,,,,0,,,,,,12691,,,,,,,,,,,,,,,,,,,,,,,,,,,,,,21,,,,,,0,,,,,,,,,,,,,,,,,,,,,,,,,,,,
2013-12-11,Z1Z04EC0,ST4000DX000,4000787030016,0,,186037425,,,,,,,,0,,,,,,5379,,,,,,,,,,,,,,,,,,,,,,,,,,,,,,25,,,,,,0,,,,,,,,,,,,,,,,,,,,,,,,,,,,
2013-12-11,JK11A8B9J392SF,Hitachi HDS722020ALA330,2000398934016,0,,0,,,,,,,,0,,,,,,24401,,,,,,,,,,,,,,,,,,,,,,,,,,,,,,26,,,,,,0,,,,,,,,,,,,,,,,,,,,,,,,,,,,
2013-12-11,Z1F0L4YK,ST3000DM001,3000592982016,0,,229207712,,,,,,,,0,,,,,,12180,,,,,,,,,,,,,,,,,,,,,,,,,,,,,,35,,,,,,0,,,,,,,,,,,,,,,,,,,,,,,,,,,,
2013-12-11,9XW01CJQ,ST31500541AS,1500301910016,0,,158172837,,,,,,,,0,,,,,,33603,,,,,,,,,,,,,,,,,,,,,,,,,,,,,,23,,,,,,0,,,,,,,,,,,,,,,,,,,,,,,,,,,,
2013-12-11,WD-WCAU45684875,WDC WD10EADS,1000204886016,0,,11,,,,,,,,0,,,,,,41722,,,,,,,,,,,,,,,,,,,,,,,,,,,,,,29,,,,,,2,,,,,,,,,,,,,,,,,,,,,,,,,,,,
2013-12-11,JK11A8B9J79R8F,Hitachi HDS722020ALA330,2000398934016,0,,0,,,,,,,,0,,,,,,24667,,,,,,,,,,,,,,,,,,,,,,,,,,,,,,29,,,,,,0,,,,,,,,,,,,,,,,,,,,,,,,,,,,
2013-12-11,5YD94W8Y,ST1500DL003,1500301910016,0,,101250232,,,,,,,,0,,,,,,9079,,,,,,,,,,,,,,,,,,,,,,,,,,,,,,23,,,,,,0,,,,,,,,,,,,,,,,,,,,,,,,,,,,
2013-12-11,JK1101YAK93Z1V,Hitachi HDS722020ALA330,2000398934016,0,,0,,,,,,,,4,,,,,,29653,,,,,,,,,,,,,,,,,,,,,,,,,,,,,,27,,,,,,0,,,,,,,,,,,,,,,,,,,,,,,,,,,,
2013-12-11,MK0331YHGS87UA,Hitachi HDS723030ALA640,3000592982016,0,,0,,,,,,,,0,,,,,,16680,,,,,,,,,,,,,,,,,,,,,,,,,,,,,,26,,,,,,0,,,,,,,,,,,,,,,,,,,,,,,,,,,,
2013-12-11,Z300J7X1,ST4000DM000,4000787030016,0,,57578016,,,,,,,,0,,,,,,1113,,,,,,,,,,,,,,,,,,,,,,,,,,,,,,20,,,,,,0,,,,,,,,,,,,,,,,,,,,,,,,,,,,
2013-12-11,Z1F0L4Y0,ST3000DM001,3000592982016,0,,41409680,,,,,,,,0,,,,,,12169,,,,,,,,,,,,,,,,,,,,,,,,,,,,,,25,,,,,,0,,,,,,,,,,,,,,,,,,,,,,,,,,,,
2013-12-11,W1F09PMT,ST3000DM001,3000592982016,0,,243348864,,,,,,,,0,,,,,,13363,,,,,,,,,,,,,,,,,,,,,,,,,,,,,,23,,,,,,0,,,,,,,,,,,,,,,,,,,,,,,,,,,,
2013-12-11,Z300TNH3,ST4000DM000,4000787030016,0,,111338400,,,,,,,,0,,,,,,945,,,,,,,,,,,,,,,,,,,,,,,,,,,,,,23,,,,,,0,,,,,,,,,,,,,,,,,,,,,,,,,,,,
2013-12-11,Z1Z04QWM,ST4000DX000,4000787030016,0,,137420311,,,,,,,,0,,,,,,5379,,,,,,,,,,,,,,,,,,,,,,,,,,,,,,23,,,,,,0,,,,,,,,,,,,,,,,,,,,,,,,,,,,
2013-12-11,9VS2BFRB,ST31500341AS,1500301910016,0,,209240967,,,,,,,,2,,,,,,35518,,,,,,,,,,,,,,,,,,,,,,,,,,,,,,27,,,,,,0,,,,,,,,,,,,,,,,,,,,,,,,,,,,
2013-12-11,JK1101B9KNL0SF,Hitachi HDS722020ALA330,2000398934016,0,,0,,,,,,,,0,,,,,,23125,,,,,,,,,,,,,,,,,,,,,,,,,,,,,,36,,,,,,0,,,,,,,,,,,,,,,,,,,,,,,,,,,,
2013-12-11,S1F088J0,ST3000DM001,3000592982016,0,,112905088,,,,,,,,0,,,,,,12395,,,,,,,,,,,,,,,,,,,,,,,,,,,,,,26,,,,,,0,,,,,,,,,,,,,,,,,,,,,,,,,,,,
2013-12-11,MJ1311YNG3GT8A,Hitachi HDS5C3030ALA630,3000592982016,0,,0,,,,,,,,0,,,,,,19586,,,,,,,,,,,,,,,,,,,,,,,,,,,,,,23,,,,,,0,,,,,,,,,,,,,,,,,,,,,,,,,,,,
2013-12-11,MJ0351YNG9NSLA,Hitachi HDS5C3030ALA630,3000592982016,0,,0,,,,,,,,0,,,,,,9956,,,,,,,,,,,,,,,,,,,,,,,,,,,,,,29,,,,,,0,,,,,,,,,,,,,,,,,,,,,,,,,,,,
2013-12-11,Z300W4K9,ST4000DM000,4000787030016,0,,34493592,,,,,,,,0,,,,,,918,,,,,,,,,,,,,,,,,,,,,,,,,,,,,,20,,,,,,0,,,,,,,,,,,,,,,,,,,,,,,,,,,,
2013-12-11,MJ0351YNG9S31A,Hitachi HDS5C3030ALA630,3000592982016,0,,0,,,,,,,,0,,,,,,9163,,,,,,,,,,,,,,,,,,,,,,,,,,,,,,29,,,,,,0,,,,,,,,,,,,,,,,,,,,,,,,,,,,
2013-12-11,W300B7A6,ST4000DM000,4000787030016,0,,77324400,,,,,,,,0,,,,,,4165,,,,,,,,,,,,,,,,,,,,,,,,,,,,,,23,,,,,,0,,,,,,,,,,,,,,,,,,,,,,,,,,,,
2013-12-11,JK11A8B9J8YT9F,Hitachi HDS722020ALA330,2000398934016,0,,0,,,,,,,,0,,,,,,24467,,,,,,,,,,,,,,,,,,,,,,,,,,,,,,25,,,,,,0,,,,,,,,,,,,,,,,,,,,,,,,,,,,
2013-12-11,Z300WQFB,ST4000DM000,4000787030016,0,,202182816,,,,,,,,0,,,,,,918,,,,,,,,,,,,,,,,,,,,,,,,,,,,,,20,,,,,,0,,,,,,,,,,,,,,,,,,,,,,,,,,,,
2013-12-11,W1F08HDS,ST3000DM001,3000592982016,0,,59259392,,,,,,,,0,,,,,,13362,,,,,,,,,,,,,,,,,,,,,,,,,,,,,,19,,,,,,0,,,,,,,,,,,,,,,,,,,,,,,,,,,,
2013-12-11,PL1311LAG38G7H,Hitachi HDS5C4040ALE630,4000787030016,0,,0,,,,,,,,0,,,,,,5037,,,,,,,,,,,,,,,,,,,,,,,,,,,,,,27,,,,,,0,,,,,,,,,,,,,,,,,,,,,,,,,,,,
2013-12-11,W300CDQ6,ST4000DM000,4000787030016,0,,97209512,,,,,,,,0,,,,,,2243,,,,,,,,,,,,,,,,,,,,,,,,,,,,,,22,,,,,,0,,,,,,,,,,,,,,,,,,,,,,,,,,,,
2013-12-11,W300CDQ1,ST4000DM000,4000787030016,0,,219312168,,,,,,,,0,,,,,,2213,,,,,,,,,,,,,,,,,,,,,,,,,,,,,,25,,,,,,0,,,,,,,,,,,,,,,,,,,,,,,,,,,,
2013-12-11,PL1311LAG3D8NH,Hitachi HDS5C4040ALE630,4000787030016,0,,0,,,,,,,,0,,,,,,5304,,,,,,,,,,,,,,,,,,,,,,,,,,,,,,28,,,,,,0,,,,,,,,,,,,,,,,,,,,,,,,,,,,
2013-12-11,W1F086P0,ST3000DM001,3000592982016,0,,62193752,,,,,,,,0,,,,,,12357,,,,,,,,,,,,,,,,,,,,,,,,,,,,,,26,,,,,,0,,,,,,,,,,,,,,,,,,,,,,,,,,,,
2013-12-11,Z1Z05QFE,ST4000DX000,4000787030016,0,,34239650,,,,,,,,0,,,,,,5379,,,,,,,,,,,,,,,,,,,,,,,,,,,,,,25,,,,,,0,,,,,,,,,,,,,,,,,,,,,,,,,,,,
2013-12-11,JK1175YAK92D4X,Hitachi HDS722020ALA330,2000398934016,0,,0,,,,,,,,0,,,,,,29653,,,,,,,,,,,,,,,,,,,,,,,,,,,,,,28,,,,,,0,,,,,,,,,,,,,,,,,,,,,,,,,,,,
2013-12-11,W1F0ED5X,ST3000DM001,3000592982016,0,,168603800,,,,,,,,0,,,,,,12367,,,,,,,,,,,,,,,,,,,,,,,,,,,,,,24,,,,,,0,,,,,,,,,,,,,,,,,,,,,,,,,,,,
2013-12-11,W1F0TVQJ,ST3000DM001,3000592982016,0,,173812600,,,,,,,,0,,,,,,10738,,,,,,,,,,,,,,,,,,,,,,,,,,,,,,22,,,,,,0,,,,,,,,,,,,,,,,,,,,,,,,,,,,
2013-12-11,JK1101B9JPG2VF,Hitachi HDS722020ALA330,2000398934016,0,,0,,,,,,,,0,,,,,,24463,,,,,,,,,,,,,,,,,,,,,,,,,,,,,,24,,,,,,0,,,,,,,,,,,,,,,,,,,,,,,,,,,,
2013-12-11,Z300KJGX,ST4000DM000,4000787030016,0,,135153352,,,,,,,,0,,,,,,1445,,,,,,,,,,,,,,,,,,,,,,,,,,,,,,25,,,,,,0,,,,,,,,,,,,,,,,,,,,,,,,,,,,
2013-12-11,MJ0351YNGA6E0A,Hitachi HDS5C3030ALA630,3000592982016,0,,0,,,,,,,,0,,,,,,9315,,,,,,,,,,,,,,,,,,,,,,,,,,,,,,30,,,,,,0,,,,,,,,,,,,,,,,,,,,,,,,,,,,
2013-12-11,MJ0351YNGA3YTA,Hitachi HDS5C3030ALA630,3000592982016,0,,0,,,,,,,,0,,,,,,9315,,,,,,,,,,,,,,,,,,,,,,,,,,,,,,28,,,,,,0,,,,,,,,,,,,,,,,,,,,,,,,,,,,
2013-12-11,S1F0LL2X,ST3000DM001,3000592982016,0,,237546520,,,,,,,,0,,,,,,12173,,,,,,,,,,,,,,,,,,,,,,,,,,,,,,23,,,,,,0,,,,,,,,,,,,,,,,,,,,,,,,,,,,
2013-12-11,W300B0SV,ST4000DM000,4000787030016,0,,15512064,,,,,,,,0,,,,,,4160,,,,,,,,,,,,,,,,,,,,,,,,,,,,,,23,,,,,,0,,,,,,,,,,,,,,,,,,,,,,,,,,,,
2013-12-11,9XW06KY6,ST31500541AS,1500301910016,0,,32271061,,,,,,,,0,,,,,,26735,,,,,,,,,,,,,,,,,,,,,,,,,,,,,,18,,,,,,0,,,,,,,,,,,,,,,,,,,,,,,,,,,,
2013-12-11,MJ0351YNGA49GA,Hitachi HDS5C3030ALA630,3000592982016,0,,0,,,,,,,,0,,,,,,8883,,,,,,,,,,,,,,,,,,,,,,,,,,,,,,29,,,,,,0,,,,,,,,,,,,,,,,,,,,,,,,,,,,
2013-12-11,PK1331PAJ32H1S,HGST HDS724040ALE640,4000787030016,0,,0,,,,,,,,0,,,,,,2026,,,,,,,,,,,,,,,,,,,,,,,,,,,,,,26,,,,,,0,,,,,,,,,,,,,,,,,,,,,,,,,,,,
2013-12-11,W300CY3R,ST4000DM000,4000787030016,0,,86789448,,,,,,,,0,,,,,,4136,,,,,,,,,,,,,,,,,,,,,,,,,,,,,,24,,,,,,0,,,,,,,,,,,,,,,,,,,,,,,,,,,,
2013-12-11,Z300VN83,ST4000DM000,4000787030016,0,,201131328,,,,,,,,0,,,,,,108,,,,,,,,,,,,,,,,,,,,,,,,,,,,,,20,,,,,,0,,,,,,,,,,,,,,,,,,,,,,,,,,,,
2013-12-11,PL1321LAG36GRH,Hitachi HDS5C4040ALE630,4000787030016,0,,0,,,,,,,,0,,,,,,6654,,,,,,,,,,,,,,,,,,,,,,,,,,,,,,21,,,,,,0,,,,,,,,,,,,,,,,,,,,,,,,,,,,
2013-12-11,9VS3HNL5,ST31500341AS,1500301910016,0,,116258564,,,,,,,,18,,,,,,31193,,,,,,,,,,,,,,,,,,,,,,,,,,,,,,22,,,,,,0,,,,,,,,,,,,,,,,,,,,,,,,,,,,
2013-12-11,WD-WMC1T1611759,WDC WD30EFRX,3000592982016,0,,0,,,,,,,,0,,,,,,7708,,,,,,,,,,,,,,,,,,,,,,,,,,,,,,28,,,,,,0,,,,,,,,,,,,,,,,,,,,,,,,,,,,
2013-12-11,Z1F1AG5N,ST3000DM001,3000592982016,0,,191086424,,,,,,,,0,,,,,,7993,,,,,,,,,,,,,,,,,,,,,,,,,,,,,,17,,,,,,0,,,,,,,,,,,,,,,,,,,,,,,,,,,,
2013-12-11,MK0333YHGPY0SC,Hitachi HDS723030ALA640,3000592982016,0,,0,,,,,,,,0,,,,,,17762,,,,,,,,,,,,,,,,,,,,,,,,,,,,,,25,,,,,,0,,,,,,,,,,,,,,,,,,,,,,,,,,,,
2013-12-11,S1F0AALR,ST3000DM001,3000592982016,0,,197724752,,,,,,,,0,,,,,,12417,,,,,,,,,,,,,,,,,,,,,,,,,,,,,,31,,,,,,0,,,,,,,,,,,,,,,,,,,,,,,,,,,,
2013-12-11,6XW1V8J5,ST32000542AS,2000398934016,0,,65789583,,,,,,,,0,,,,,,10056,,,,,,,,,,,,,,,,,,,,,,,,,,,,,,23,,,,,,0,,,,,,,,,,,,,,,,,,,,,,,,,,,,
2013-12-11,MJ0351YNGA95SA,Hitachi HDS5C3030ALA630,3000592982016,0,,0,,,,,,,,0,,,,,,8639,,,,,,,,,,,,,,,,,,,,,,,,,,,,,,27,,,,,,0,,,,,,,,,,,,,,,,,,,,,,,,,,,,
2013-12-11,S1F0GGTA,ST3000DM001,3000592982016,0,,132253368,,,,,,,,0,,,,,,11048,,,,,,,,,,,,,,,,,,,,,,,,,,,,,,25,,,,,,0,,,,,,,,,,,,,,,,,,,,,,,,,,,,
2013-12-11,S1F06VQL,ST3000DM001,3000592982016,0,,155914552,,,,,,,,0,,,,,,13913,,,,,,,,,,,,,,,,,,,,,,,,,,,,,,21,,,,,,0,,,,,,,,,,,,,,,,,,,,,,,,,,,,
2013-12-11,WD-WCAWZ1336822,WDC WD30EZRX,3000592982016,0,,0,,,,,,,,0,,,,,,7643,,,,,,,,,,,,,,,,,,,,,,,,,,,,,,24,,,,,,0,,,,,,,,,,,,,,,,,,,,,,,,,,,,
2013-12-11,6XW010Y9,ST31500541AS,1500301910016,0,,178414158,,,,,,,,0,,,,,,35759,,,,,,,,,,,,,,,,,,,,,,,,,,,,,,23,,,,,,0,,,,,,,,,,,,,,,,,,,,,,,,,,,,
2013-12-11,MJ0351YNG9W2HA,Hitachi HDS5C3030ALA630,3000592982016,0,,0,,,,,,,,0,,,,,,8873,,,,,,,,,,,,,,,,,,,,,,,,,,,,,,27,,,,,,0,,,,,,,,,,,,,,,,,,,,,,,,,,,,
2013-12-11,MJ1323YNG18SAC,Hitachi HDS5C3030ALA630,3000592982016,0,,0,,,,,,,,0,,,,,,20509,,,,,,,,,,,,,,,,,,,,,,,,,,,,,,26,,,,,,0,,,,,,,,,,,,,,,,,,,,,,,,,,,,
2013-12-11,MJ1311YNG2VX7A,Hitachi HDS5C3030ALA630,3000592982016,0,,0,,,,,,,,0,,,,,,19324,,,,,,,,,,,,,,,,,,,,,,,,,,,,,,24,,,,,,0,,,,,,,,,,,,,,,,,,,,,,,,,,,,
2013-12-11,S1F02NG1,ST3000DM001,3000592982016,0,,113244728,,,,,,,,0,,,,,,15222,,,,,,,,,,,,,,,,,,,,,,,,,,,,,,23,,,,,,0,,,,,,,,,,,,,,,,,,,,,,,,,,,,
2013-12-11,S1F0AAL8,ST3000DM001,3000592982016,0,,137061856,,,,,,,,640,,,,,,12174,,,,,,,,,,,,,,,,,,,,,,,,,,,,,,33,,,,,,16,,,,,,,,,,,,,,,,,,,,,,,,,,,,
2013-12-11,PL1311LAG3A9JH,Hitachi HDS5C4040ALE630,4000787030016,0,,0,,,,,,,,0,,,,,,3631,,,,,,,,,,,,,,,,,,,,,,,,,,,,,,27,,,,,,0,,,,,,,,,,,,,,,,,,,,,,,,,,,,
2013-12-11,MJ0351YNG9WARA,Hitachi HDS5C3030ALA630,3000592982016,0,,0,,,,,,,,0,,,,,,9974,,,,,,,,,,,,,,,,,,,,,,,,,,,,,,23,,,,,,0,,,,,,,,,,,,,,,,,,,,,,,,,,,,
2013-12-11,Z300K0ZJ,ST4000DM000,4000787030016,0,,13874208,,,,,,,,0,,,,,,2239,,,,,,,,,,,,,,,,,,,,,,,,,,,,,,20,,,,,,0,,,,,,,,,,,,,,,,,,,,,,,,,,,,
2013-12-11,Z300XG4B,ST4000DM000,4000787030016,0,,116586296,,,,,,,,0,,,,,,918,,,,,,,,,,,,,,,,,,,,,,,,,,,,,,21,,,,,,0,,,,,,,,,,,,,,,,,,,,,,,,,,,,
2013-12-11,6XW037KQ,ST31500541AS,1500301910016,0,,184618921,,,,,,,,0,,,,,,36639,,,,,,,,,,,,,,,,,,,,,,,,,,,,,,24,,,,,,0,,,,,,,,,,,,,,,,,,,,,,,,,,,,
2013-12-11,MK0311YHGM4SKA,Hitachi HDS723030ALA640,3000592982016,0,,0,,,,,,,,0,,,,,,16077,,,,,,,,,,,,,,,,,,,,,,,,,,,,,,26,,,,,,0,,,,,,,,,,,,,,,,,,,,,,,,,,,,
2013-12-11,MJ0351YNGA6YNA,Hitachi HDS5C3030ALA630,3000592982016,0,,0,,,,,,,,0,,,,,,9146,,,,,,,,,,,,,,,,,,,,,,,,,,,,,,30,,,,,,0,,,,,,,,,,,,,,,,,,,,,,,,,,,,
2013-12-11,W1F0TCG0,ST3000DM001,3000592982016,0,,3283552,,,,,,,,0,,,,,,10728,,,,,,,,,,,,,,,,,,,,,,,,,,,,,,25,,,,,,0,,,,,,,,,,,,,,,,,,,,,,,,,,,,
2013-12-11,W300BP6E,ST4000DM000,4000787030016,0,,108736864,,,,,,,,0,,,,,,4146,,,,,,,,,,,,,,,,,,,,,,,,,,,,,,23,,,,,,0,,,,,,,,,,,,,,,,,,,,,,,,,,,,
2013-12-11,JK1104B8JKWJ7W,Hitachi HDS722020ALA330,2000398934016,0,,1,,,,,,,,0,,,,,,23992,,,,,,,,,,,,,,,,,,,,,,,,,,,,,,31,,,,,,0,,,,,,,,,,,,,,,,,,,,,,,,,,,,
2013-12-11,MJ1323YNG16JEC,Hitachi HDS5C3030ALA630,3000592982016,0,,0,,,,,,,,4,,,,,,20733,,,,,,,,,,,,,,,,,,,,,,,,,,,,,,24,,,,,,2,,,,,,,,,,,,,,,,,,,,,,,,,,,,
2013-12-11,5XW1T481,ST32000542AS,2000398934016,0,,157593201,,,,,,,,0,,,,,,13013,,,,,,,,,,,,,,,,,,,,,,,,,,,,,,25,,,,,,0,,,,,,,,,,,,,,,,,,,,,,,,,,,,
2013-12-11,Z300K1B0,ST4000DM000,4000787030016,0,,34012960,,,,,,,,0,,,,,,2241,,,,,,,,,,,,,,,,,,,,,,,,,,,,,,21,,,,,,0,,,,,,,,,,,,,,,,,,,,,,,,,,,,
2013-12-11,JK11A8B9GLJUWF,Hitachi HDS722020ALA330,2000398934016,0,,0,,,,,,,,0,,,,,,26480,,,,,,,,,,,,,,,,,,,,,,,,,,,,,,28,,,,,,0,,,,,,,,,,,,,,,,,,,,,,,,,,,,
2013-12-11,JK2171B9J0J8NL,Hitachi HDS722020ALA330,2000398934016,0,,0,,,,,,,,0,,,,,,22702,,,,,,,,,,,,,,,,,,,,,,,,,,,,,,29,,,,,,0,,,,,,,,,,,,,,,,,,,,,,,,,,,,
2013-12-11,S1F02Z1G,ST3000DM001,3000592982016,0,,168473592,,,,,,,,0,,,,,,15530,,,,,,,,,,,,,,,,,,,,,,,,,,,,,,19,,,,,,0,,,,,,,,,,,,,,,,,,,,,,,,,,,,
2013-12-11,MK0331YHGSH5EA,Hitachi HDS723030ALA640,3000592982016,0,,0,,,,,,,,0,,,,,,17017,,,,,,,,,,,,,,,,,,,,,,,,,,,,,,27,,,,,,0,,,,,,,,,,,,,,,,,,,,,,,,,,,,
2013-12-11,MK0311YHGKD97A,Hitachi HDS723030ALA640,3000592982016,0,,0,,,,,,,,0,,,,,,14732,,,,,,,,,,,,,,,,,,,,,,,,,,,,,,27,,,,,,0,,,,,,,,,,,,,,,,,,,,,,,,,,,,
2013-12-11,MJ1311YNG3L1ZA,Hitachi HDS5C3030ALA630,3000592982016,0,,0,,,,,,,,0,,,,,,19252,,,,,,,,,,,,,,,,,,,,,,,,,,,,,,23,,,,,,0,,,,,,,,,,,,,,,,,,,,,,,,,,,,
2013-12-11,9VS2A1VW,ST31500341AS,1500301910016,0,,75996566,,,,,,,,86,,,,,,38665,,,,,,,,,,,,,,,,,,,,,,,,,,,,,,20,,,,,,0,,,,,,,,,,,,,,,,,,,,,,,,,,,,
2013-12-11,PL1321LAGATK3H,Hitachi HDS5C4040ALE630,4000787030016,0,,0,,,,,,,,0,,,,,,5050,,,,,,,,,,,,,,,,,,,,,,,,,,,,,,30,,,,,,0,,,,,,,,,,,,,,,,,,,,,,,,,,,,
2013-12-11,W300DCXM,ST4000DM000,4000787030016,0,,90384208,,,,,,,,0,,,,,,4188,,,,,,,,,,,,,,,,,,,,,,,,,,,,,,28,,,,,,0,,,,,,,,,,,,,,,,,,,,,,,,,,,,
2013-12-11,S1F0CWS5,ST3000DM001,3000592982016,0,,207931032,,,,,,,,0,,,,,,12364,,,,,,,,,,,,,,,,,,,,,,,,,,,,,,27,,,,,,0,,,,,,,,,,,,,,,,,,,,,,,,,,,,
2013-12-11,JK1101B8KNDLRS,Hitachi HDS722020ALA330,2000398934016,0,,0,,,,,,,,0,,,,,,23099,,,,,,,,,,,,,,,,,,,,,,,,,,,,,,25,,,,,,0,,,,,,,,,,,,,,,,,,,,,,,,,,,,
2013-12-11,5XW1GSEW,ST32000542AS,2000398934016,0,,166194731,,,,,,,,0,,,,,,17230,,,,,,,,,,,,,,,,,,,,,,,,,,,,,,20,,,,,,0,,,,,,,,,,,,,,,,,,,,,,,,,,,,
2013-12-11,PL1321LAG34JRH,Hitachi HDS5C4040ALE630,4000787030016,0,,0,,,,,,,,0,,,,,,6652,,,,,,,,,,,,,,,,,,,,,,,,,,,,,,24,,,,,,0,,,,,,,,,,,,,,,,,,,,,,,,,,,,
2013-12-11,JK11A8B9J3S5HF,Hitachi HDS722020ALA330,2000398934016,0,,0,,,,,,,,0,,,,,,23486,,,,,,,,,,,,,,,,,,,,,,,,,,,,,,29,,,,,,0,,,,,,,,,,,,,,,,,,,,,,,,,,,,
2013-12-11,Z300LGYB,ST4000DM000,4000787030016,0,,118469968,,,,,,,,0,,,,,,1142,,,,,,,,,,,,,,,,,,,,,,,,,,,,,,28,,,,,,0,,,,,,,,,,,,,,,,,,,,,,,,,,,,
2013-12-11,MJ0351YNG9WBPA,Hitachi HDS5C3030ALA630,3000592982016,0,,0,,,,,,,,0,,,,,,9191,,,,,,,,,,,,,,,,,,,,,,,,,,,,,,30,,,,,,0,,,,,,,,,,,,,,,,,,,,,,,,,,,,
2013-12-11,S1F05WAX,ST3000DM001,3000592982016,0,,230272848,,,,,,,,0,,,,,,13914,,,,,,,,,,,,,,,,,,,,,,,,,,,,,,23,,,,,,0,,,,,,,,,,,,,,,,,,,,,,,,,,,,
2013-12-11,PL1311LAG3D4UH,Hitachi HDS5C4040ALE630,4000787030016,0,,0,,,,,,,,0,,,,,,2981,,,,,,,,,,,,,,,,,,,,,,,,,,,,,,26,,,,,,0,,,,,,,,,,,,,,,,,,,,,,,,,,,,
2013-12-11,S1F010SB,ST3000DM001,3000592982016,0,,1665328,,,,,,,,0,,,,,,15189,,,,,,,,,,,,,,,,,,,,,,,,,,,,,,23,,,,,,0,,,,,,,,,,,,,,,,,,,,,,,,,,,,
2013-12-11,JK11A8B9J7T3WF,Hitachi HDS722020ALA330,2000398934016,0,,0,,,,,,,,0,,,,,,24627,,,,,,,,,,,,,,,,,,,,,,,,,,,,,,28,,,,,,0,,,,,,,,,,,,,,,,,,,,,,,,,,,,
2013-12-11,WD-WCAWZ0491314,WDC WD30EZRX,3000592982016,0,,0,,,,,,,,0,,,,,,16127,,,,,,,,,,,,,,,,,,,,,,,,,,,,,,18,,,,,,0,,,,,,,,,,,,,,,,,,,,,,,,,,,,
2013-12-11,JK1105B8GDVGSX,Hitachi HDS722020ALA330,2000398934016,0,,0,,,,,,,,0,,,,,,27168,,,,,,,,,,,,,,,,,,,,,,,,,,,,,,29,,,,,,0,,,,,,,,,,,,,,,,,,,,,,,,,,,,
2013-12-11,JK1101B9KMPMDF,Hitachi HDS722020ALA330,2000398934016,0,,0,,,,,,,,0,,,,,,22862,,,,,,,,,,,,,,,,,,,,,,,,,,,,,,27,,,,,,0,,,,,,,,,,,,,,,,,,,,,,,,,,,,
2013-12-11,S1F0LD15,ST3000DM001,3000592982016,0,,72689600,,,,,,,,0,,,,,,12016,,,,,,,,,,,,,,,,,,,,,,,,,,,,,,29,,,,,,0,,,,,,,,,,,,,,,,,,,,,,,,,,,,
2013-12-11,WD-WCAU45544635,WDC WD10EADS,1000204886016,0,,0,,,,,,,,0,,,,,,42221,,,,,,,,,,,,,,,,,,,,,,,,,,,,,,26,,,,,,0,,,,,,,,,,,,,,,,,,,,,,,,,,,,
2013-12-11,6XW0K7WL,ST31500541AS,1500301910016,0,,73997903,,,,,,,,0,,,,,,27407,,,,,,,,,,,,,,,,,,,,,,,,,,,,,,18,,,,,,0,,,,,,,,,,,,,,,,,,,,,,,,,,,,
2013-12-11,WD-WCAV5D678068,WDC WD10EADS,1000204886016,0,,0,,,,,,,,0,,,,,,19999,,,,,,,,,,,,,,,,,,,,,,,,,,,,,,23,,,,,,0,,,,,,,,,,,,,,,,,,,,,,,,,,,,
2013-12-11,W3008EKS,ST4000DM000,4000787030016,0,,230196336,,,,,,,,0,,,,,,4136,,,,,,,,,,,,,,,,,,,,,,,,,,,,,,19,,,,,,0,,,,,,,,,,,,,,,,,,,,,,,,,,,,
2013-12-11,W300EPV2,ST4000DM000,4000787030016,0,,10390656,,,,,,,,0,,,,,,2875,,,,,,,,,,,,,,,,,,,,,,,,,,,,,,23,,,,,,0,,,,,,,,,,,,,,,,,,,,,,,,,,,,
2013-12-11,W300BA95,ST4000DM000,4000787030016,0,,54472904,,,,,,,,0,,,,,,4134,,,,,,,,,,,,,,,,,,,,,,,,,,,,,,22,,,,,,0,,,,,,,,,,,,,,,,,,,,,,,,,,,,
2013-12-11,6XW04C4L,ST31500541AS,1500301910016,0,,114256061,,,,,,,,0,,,,,,37436,,,,,,,,,,,,,,,,,,,,,,,,,,,,,,23,,,,,,0,,,,,,,,,,,,,,,,,,,,,,,,,,,,
2013-12-11,PL1311LAG23UPA,Hitachi HDS5C4040ALE630,4000787030016,0,,0,,,,,,,,0,,,,,,6075,,,,,,,,,,,,,,,,,,,,,,,,,,,,,,20,,,,,,0,,,,,,,,,,,,,,,,,,,,,,,,,,,,
2013-12-11,W300DZ88,ST4000DM000,4000787030016,0,,159114248,,,,,,,,0,,,,,,4140,,,,,,,,,,,,,,,,,,,,,,,,,,,,,,24,,,,,,0,,,,,,,,,,,,,,,,,,,,,,,,,,,,
2013-12-11,Z300MQZW,ST4000DM000,4000787030016,0,,190239456,,,,,,,,0,,,,,,2890,,,,,,,,,,,,,,,,,,,,,,,,,,,,,,27,,,,,,0,,,,,,,,,,,,,,,,,,,,,,,,,,,,
2013-12-11,Z300MQZR,ST4000DM000,4000787030016,0,,91113176,,,,,,,,0,,,,,,2879,,,,,,,,,,,,,,,,,,,,,,,,,,,,,,21,,,,,,0,,,,,,,,,,,,,,,,,,,,,,,,,,,,
2013-12-11,9VS3G95W,ST31500341AS,1500301910016,0,,203207388,,,,,,,,791,,,,,,32917,,,,,,,,,,,,,,,,,,,,,,,,,,,,,,20,,,,,,0,,,,,,,,,,,,,,,,,,,,,,,,,,,,
2013-12-11,JK1175YAK92L6X,Hitachi HDS722020ALA330,2000398934016,0,,13238544,,,,,,,,0,,,,,,29654,,,,,,,,,,,,,,,,,,,,,,,,,,,,,,24,,,,,,0,,,,,,,,,,,,,,,,,,,,,,,,,,,,
2013-12-11,W300CA1J,ST4000DM000,4000787030016,0,,173324688,,,,,,,,0,,,,,,4183,,,,,,,,,,,,,,,,,,,,,,,,,,,,,,25,,,,,,0,,,,,,,,,,,,,,,,,,,,,,,,,,,,
2013-12-11,PL1321LAG34KPH,Hitachi HDS5C4040ALE630,4000787030016,0,,0,,,,,,,,0,,,,,,5921,,,,,,,,,,,,,,,,,,,,,,,,,,,,,,19,,,,,,0,,,,,,,,,,,,,,,,,,,,,,,,,,,,
2013-12-11,JK1101B9KNWGSF,Hitachi HDS722020ALA330,2000398934016,0,,0,,,,,,,,0,,,,,,23097,,,,,,,,,,,,,,,,,,,,,,,,,,,,,,32,,,,,,0,,,,,,,,,,,,,,,,,,,,,,,,,,,,
2013-12-11,W300AZR3,ST4000DM000,4000787030016,0,,57888840,,,,,,,,0,,,,,,4353,,,,,,,,,,,,,,,,,,,,,,,,,,,,,,26,,,,,,0,,,,,,,,,,,,,,,,,,,,,,,,,,,,
2013-12-11,5XW1PCNJ,ST31500541AS,1500301910016,0,,93858026,,,,,,,,0,,,,,,8919,,,,,,,,,,,,,,,,,,,,,,,,,,,,,,20,,,,,,0,,,,,,,,,,,,,,,,,,,,,,,,,,,,
2013-12-11,JK11A8B9J2BLDF,Hitachi HDS722020ALA330,2000398934016,0,,0,,,,,,,,0,,,,,,24112,,,,,,,,,,,,,,,,,,,,,,,,,,,,,,25,,,,,,0,,,,,,,,,,,,,,,,,,,,,,,,,,,,
2013-12-11,PL1321LAG33W3H,Hitachi HDS5C4040ALE630,4000787030016,0,,0,,,,,,,,0,,,,,,5961,,,,,,,,,,,,,,,,,,,,,,,,,,,,,,20,,,,,,0,,,,,,,,,,,,,,,,,,,,,,,,,,,,
2013-12-11,W1F0B4WS,ST3000DM001,3000592982016,0,,21939968,,,,,,,,0,,,,,,13373,,,,,,,,,,,,,,,,,,,,,,,,,,,,,,20,,,,,,0,,,,,,,,,,,,,,,,,,,,,,,,,,,,
2013-12-11,JK2171B9HZZTDL,Hitachi HDS722020ALA330,2000398934016,0,,262145,,,,,,,,151,,,,,,26010,,,,,,,,,,,,,,,,,,,,,,,,,,,,,,29,,,,,,0,,,,,,,,,,,,,,,,,,,,,,,,,,,,
2013-12-11,Z300NMC1,ST4000DM000,4000787030016,0,,49646832,,,,,,,,0,,,,,,1092,,,,,,,,,,,,,,,,,,,,,,,,,,,,,,26,,,,,,0,,,,,,,,,,,,,,,,,,,,,,,,,,,,
2013-12-11,Z300GYTN,ST4000DM000,4000787030016,0,,95090656,,,,,,,,0,,,,,,2611,,,,,,,,,,,,,,,,,,,,,,,,,,,,,,23,,,,,,0,,,,,,,,,,,,,,,,,,,,,,,,,,,,
2013-12-11,9VS1Q7LF,ST31500341AS,1500301910016,0,,239930101,,,,,,,,11,,,,,,40082,,,,,,,,,,,,,,,,,,,,,,,,,,,,,,23,,,,,,0,,,,,,,,,,,,,,,,,,,,,,,,,,,,
2013-12-11,Z300GYTD,ST4000DM000,4000787030016,0,,94156192,,,,,,,,0,,,,,,3584,,,,,,,,,,,,,,,,,,,,,,,,,,,,,,26,,,,,,0,,,,,,,,,,,,,,,,,,,,,,,,,,,,
2013-12-11,Z300GYTF,ST4000DM000,4000787030016,0,,11405048,,,,,,,,0,,,,,,3582,,,,,,,,,,,,,,,,,,,,,,,,,,,,,,20,,,,,,0,,,,,,,,,,,,,,,,,,,,,,,,,,,,
2013-12-11,Z300P83R,ST4000DM000,4000787030016,0,,93278168,,,,,,,,0,,,,,,1232,,,,,,,,,,,,,,,,,,,,,,,,,,,,,,17,,,,,,0,,,,,,,,,,,,,,,,,,,,,,,,,,,,
2013-12-11,JK1101B8KNBMZS,Hitachi HDS722020ALA330,2000398934016,0,,65536,,,,,,,,0,,,,,,23098,,,,,,,,,,,,,,,,,,,,,,,,,,,,,,29,,,,,,0,,,,,,,,,,,,,,,,,,,,,,,,,,,,
2013-12-11,W300D670,ST4000DM000,4000787030016,0,,32391848,,,,,,,,0,,,,,,4160,,,,,,,,,,,,,,,,,,,,,,,,,,,,,,22,,,,,,0,,,,,,,,,,,,,,,,,,,,,,,,,,,,
2013-12-11,Z300GYTV,ST4000DM000,4000787030016,0,,36176488,,,,,,,,0,,,,,,3581,,,,,,,,,,,,,,,,,,,,,,,,,,,,,,21,,,,,,0,,,,,,,,,,,,,,,,,,,,,,,,,,,,
2013-12-11,Z300GYTP,ST4000DM000,4000787030016,0,,167670104,,,,,,,,0,,,,,,3362,,,,,,,,,,,,,,,,,,,,,,,,,,,,,,19,,,,,,0,,,,,,,,,,,,,,,,,,,,,,,,,,,,
2013-12-11,MJ0351YNGA3X7A,Hitachi HDS5C3030ALA630,3000592982016,0,,0,,,,,,,,0,,,,,,9274,,,,,,,,,,,,,,,,,,,,,,,,,,,,,,27,,,,,,0,,,,,,,,,,,,,,,,,,,,,,,,,,,,
2013-12-11,S1F0T1BB,ST3000DM001,3000592982016,0,,141818072,,,,,,,,0,,,,,,10726,,,,,,,,,,,,,,,,,,,,,,,,,,,,,,22,,,,,,0,,,,,,,,,,,,,,,,,,,,,,,,,,,,
2013-12-11,Z300MHQS,ST4000DM000,4000787030016,0,,225010224,,,,,,,,0,,,,,,2902,,,,,,,,,,,,,,,,,,,,,,,,,,,,,,28,,,,,,0,,,,,,,,,,,,,,,,,,,,,,,,,,,,
2013-12-11,Z300MHQT,ST4000DM000,4000787030016,0,,117144176,,,,,,,,0,,,,,,2880,,,,,,,,,,,,,,,,,,,,,,,,,,,,,,21,,,,,,0,,,,,,,,,,,,,,,,,,,,,,,,,,,,
2013-12-11,MJ1311YNG35A9A,Hitachi HDS5C3030ALA630,3000592982016,0,,0,,,,,,,,0,,,,,,19324,,,,,,,,,,,,,,,,,,,,,,,,,,,,,,24,,,,,,0,,,,,,,,,,,,,,,,,,,,,,,,,,,,
2013-12-11,MJ0351YNG9YHZA,Hitachi HDS5C3030ALA630,3000592982016,0,,0,,,,,,,,0,,,,,,9721,,,,,,,,,,,,,,,,,,,,,,,,,,,,,,29,,,,,,0,,,,,,,,,,,,,,,,,,,,,,,,,,,,
2013-12-11,JK1101B9JNWYPF,Hitachi HDS722020ALA330,2000398934016,0,,0,,,,,,,,0,,,,,,24305,,,,,,,,,,,,,,,,,,,,,,,,,,,,,,27,,,,,,0,,,,,,,,,,,,,,,,,,,,,,,,,,,,
2013-12-11,Z300GYT5,ST4000DM000,4000787030016,0,,66286096,,,,,,,,0,,,,,,3345,,,,,,,,,,,,,,,,,,,,,,,,,,,,,,21,,,,,,0,,,,,,,,,,,,,,,,,,,,,,,,,,,,
2013-12-11,Z300GYT1,ST4000DM000,4000787030016,0,,166653264,,,,,,,,0,,,,,,3652,,,,,,,,,,,,,,,,,,,,,,,,,,,,,,26,,,,,,0,,,,,,,,,,,,,,,,,,,,,,,,,,,,
2013-12-11,Z300GYT0,ST4000DM000,4000787030016,0,,136408792,,,,,,,,0,,,,,,3621,,,,,,,,,,,,,,,,,,,,,,,,,,,,,,23,,,,,,0,,,,,,,,,,,,,,,,,,,,,,,,,,,,
2013-12-11,6XW02GR0,ST31500541AS,1500301910016,0,,43099677,,,,,,,,0,,,,,,37052,,,,,,,,,,,,,,,,,,,,,,,,,,,,,,24,,,,,,0,,,,,,,,,,,,,,,,,,,,,,,,,,,,
2013-12-11,MJ1311YNG5MVLA,Hitachi HDS5C3030ALA630,3000592982016,0,,0,,,,,,,,0,,,,,,14574,,,,,,,,,,,,,,,,,,,,,,,,,,,,,,24,,,,,,0,,,,,,,,,,,,,,,,,,,,,,,,,,,,
2013-12-11,MJ1311YNG3G57A,Hitachi HDS5C3030ALA630,3000592982016,0,,0,,,,,,,,0,,,,,,18928,,,,,,,,,,,,,,,,,,,,,,,,,,,,,,28,,,,,,0,,,,,,,,,,,,,,,,,,,,,,,,,,,,
2013-12-11,Z300V9VK,ST4000DM000,4000787030016,0,,158170800,,,,,,,,0,,,,,,108,,,,,,,,,,,,,,,,,,,,,,,,,,,,,,20,,,,,,0,,,,,,,,,,,,,,,,,,,,,,,,,,,,
2013-12-11,JK11A8B9J0BNWF,Hitachi HDS722020ALA330,2000398934016,0,,0,,,,,,,,0,,,,,,26010,,,,,,,,,,,,,,,,,,,,,,,,,,,,,,29,,,,,,0,,,,,,,,,,,,,,,,,,,,,,,,,,,,
2013-12-11,WD-WCAWZ1048255,WDC WD30EZRX,3000592982016,0,,0,,,,,,,,0,,,,,,176,,,,,,,,,,,,,,,,,,,,,,,,,,,,,,25,,,,,,0,,,,,,,,,,,,,,,,,,,,,,,,,,,,
2013-12-11,JK11A8B9J9D2GF,Hitachi HDS722020ALA330,2000398934016,0,,0,,,,,,,,1,,,,,,26004,,,,,,,,,,,,,,,,,,,,,,,,,,,,,,28,,,,,,0,,,,,,,,,,,,,,,,,,,,,,,,,,,,
2013-12-11,W1F0B4W4,ST3000DM001,3000592982016,0,,54126184,,,,,,,,0,,,,,,13886,,,,,,,,,,,,,,,,,,,,,,,,,,,,,,26,,,,,,8,,,,,,,,,,,,,,,,,,,,,,,,,,,,
2013-12-11,PL1321LAGAVZ2H,Hitachi HDS5C4040ALE630,4000787030016,0,,0,,,,,,,,0,,,,,,5429,,,,,,,,,,,,,,,,,,,,,,,,,,,,,,24,,,,,,0,,,,,,,,,,,,,,,,,,,,,,,,,,,,
2013-12-11,PL1321LAG34BZH,Hitachi HDS5C4040ALE630,4000787030016,0,,0,,,,,,,,0,,,,,,6619,,,,,,,,,,,,,,,,,,,,,,,,,,,,,,27,,,,,,0,,,,,,,,,,,,,,,,,,,,,,,,,,,,
2013-12-11,9XW0388K,ST31500541AS,1500301910016,0,,178011123,,,,,,,,0,,,,,,33347,,,,,,,,,,,,,,,,,,,,,,,,,,,,,,19,,,,,,0,,,,,,,,,,,,,,,,,,,,,,,,,,,,
2013-12-11,MJ1311YNG7JPJA,Hitachi HDS5C3030ALA630,3000592982016,0,,0,,,,,,,,0,,,,,,14600,,,,,,,,,,,,,,,,,,,,,,,,,,,,,,25,,,,,,0,,,,,,,,,,,,,,,,,,,,,,,,,,,,
2013-12-11,S1F0CWG2,ST3000DM001,3000592982016,0,,42913088,,,,,,,,0,,,,,,12875,,,,,,,,,,,,,,,,,,,,,,,,,,,,,,27,,,,,,0,,,,,,,,,,,,,,,,,,,,,,,,,,,,
2013-12-11,Z300NLC4,ST4000DM000,4000787030016,0,,126936960,,,,,,,,0,,,,,,1093,,,,,,,,,,,,,,,,,,,,,,,,,,,,,,26,,,,,,0,,,,,,,,,,,,,,,,,,,,,,,,,,,,
2013-12-11,JK1101B9G6HZ2F,Hitachi HDS722020ALA330,2000398934016,0,,0,,,,,,,,0,,,,,,27738,,,,,,,,,,,,,,,,,,,,,,,,,,,,,,20,,,,,,0,,,,,,,,,,,,,,,,,,,,,,,,,,,,
2013-12-11,Z300K26W,ST4000DM000,4000787030016,0,,39563776,,,,,,,,0,,,,,,2240,,,,,,,,,,,,,,,,,,,,,,,,,,,,,,21,,,,,,0,,,,,,,,,,,,,,,,,,,,,,,,,,,,
2013-12-11,6XW05ZC4,ST31500541AS,1500301910016,0,,210253516,,,,,,,,0,,,,,,37288,,,,,,,,,,,,,,,,,,,,,,,,,,,,,,20,,,,,,0,,,,,,,,,,,,,,,,,,,,,,,,,,,,
2013-12-11,W1F0A65M,ST3000DM001,3000592982016,0,,212437192,,,,,,,,0,,,,,,13345,,,,,,,,,,,,,,,,,,,,,,,,,,,,,,26,,,,,,0,,,,,,,,,,,,,,,,,,,,,,,,,,,,
2013-12-11,W1F0A65N,ST3000DM001,3000592982016,0,,9346120,,,,,,,,0,,,,,,13794,,,,,,,,,,,,,,,,,,,,,,,,,,,,,,26,,,,,,0,,,,,,,,,,,,,,,,,,,,,,,,,,,,
2013-12-11,PL1311LAG386JH,Hitachi HDS5C4040ALE630,4000787030016,0,,0,,,,,,,,0,,,,,,6641,,,,,,,,,,,,,,,,,,,,,,,,,,,,,,26,,,,,,0,,,,,,,,,,,,,,,,,,,,,,,,,,,,
2013-12-11,9XW01RAG,ST31500541AS,1500301910016,0,,185471111,,,,,,,,0,,,,,,35047,,,,,,,,,,,,,,,,,,,,,,,,,,,,,,17,,,,,,0,,,,,,,,,,,,,,,,,,,,,,,,,,,,
2013-12-11,PL1311LAG3AU8H,Hitachi HDS5C4040ALE630,4000787030016,0,,0,,,,,,,,0,,,,,,6650,,,,,,,,,,,,,,,,,,,,,,,,,,,,,,21,,,,,,0,,,,,,,,,,,,,,,,,,,,,,,,,,,,
2013-12-11,JK11A8YBKU62PF,Hitachi HDS722020ALA330,2000398934016,0,,0,,,,,,,,0,,,,,,12894,,,,,,,,,,,,,,,,,,,,,,,,,,,,,,25,,,,,,0,,,,,,,,,,,,,,,,,,,,,,,,,,,,
2013-12-11,S1F0S471,ST3000DM001,3000592982016,0,,77260632,,,,,,,,0,,,,,,10720,,,,,,,,,,,,,,,,,,,,,,,,,,,,,,21,,,,,,0,,,,,,,,,,,,,,,,,,,,,,,,,,,,
2013-12-11,W300KKW8,ST4000DM000,4000787030016,0,,12720280,,,,,,,,0,,,,,,919,,,,,,,,,,,,,,,,,,,,,,,,,,,,,,20,,,,,,0,,,,,,,,,,,,,,,,,,,,,,,,,,,,
2013-12-11,MJ1311YNG3EUUA,Hitachi HDS5C3030ALA630,3000592982016,0,,0,,,,,,,,0,,,,,,19324,,,,,,,,,,,,,,,,,,,,,,,,,,,,,,26,,,,,,0,,,,,,,,,,,,,,,,,,,,,,,,,,,,
2013-12-11,W1F1MTM2,ST3000DM001,3000592982016,0,,215691496,,,,,,,,0,,,,,,8158,,,,,,,,,,,,,,,,,,,,,,,,,,,,,,28,,,,,,0,,,,,,,,,,,,,,,,,,,,,,,,,,,,
2013-12-11,9XW01RAV,ST31500541AS,1500301910016,0,,3811553,,,,,,,,0,,,,,,34196,,,,,,,,,,,,,,,,,,,,,,,,,,,,,,20,,,,,,0,,,,,,,,,,,,,,,,,,,,,,,,,,,,
2013-12-11,PL1311LAG2Z8ZA,Hitachi HDS5C4040ALE630,4000787030016,0,,0,,,,,,,,0,,,,,,5125,,,,,,,,,,,,,,,,,,,,,,,,,,,,,,26,,,,,,0,,,,,,,,,,,,,,,,,,,,,,,,,,,,
2013-12-11,6XW0VKET,ST31500541AS,1500301910016,0,,147522855,,,,,,,,53,,,,,,33855,,,,,,,,,,,,,,,,,,,,,,,,,,,,,,19,,,,,,0,,,,,,,,,,,,,,,,,,,,,,,,,,,,
2013-12-11,MJ1311YNG0GN7A,Hitachi HDS5C3030ALA630,3000592982016,0,,0,,,,,,,,0,,,,,,18362,,,,,,,,,,,,,,,,,,,,,,,,,,,,,,26,,,,,,0,,,,,,,,,,,,,,,,,,,,,,,,,,,,
2013-12-11,W300KKWF,ST4000DM000,4000787030016,0,,50960968,,,,,,,,0,,,,,,909,,,,,,,,,,,,,,,,,,,,,,,,,,,,,,21,,,,,,0,,,,,,,,,,,,,,,,,,,,,,,,,,,,
2013-12-11,W300KKWA,ST4000DM000,4000787030016,0,,168099168,,,,,,,,0,,,,,,885,,,,,,,,,,,,,,,,,,,,,,,,,,,,,,21,,,,,,0,,,,,,,,,,,,,,,,,,,,,,,,,,,,
2013-12-11,W1F0A658,ST3000DM001,3000592982016,0,,117210496,,,,,,,,0,,,,,,14710,,,,,,,,,,,,,,,,,,,,,,,,,,,,,,24,,,,,,0,,,,,,,,,,,,,,,,,,,,,,,,,,,,
2013-12-11,MJ1311YNG3HAMA,Hitachi HDS5C3030ALA630,3000592982016,0,,65536,,,,,,,,0,,,,,,18939,,,,,,,,,,,,,,,,,,,,,,,,,,,,,,25,,,,,,0,,,,,,,,,,,,,,,,,,,,,,,,,,,,
2013-12-11,9XW01RA4,ST31500541AS,1500301910016,0,,72543636,,,,,,,,0,,,,,,35027,,,,,,,,,,,,,,,,,,,,,,,,,,,,,,22,,,,,,0,,,,,,,,,,,,,,,,,,,,,,,,,,,,
2013-12-11,9XW01RA6,ST31500541AS,1500301910016,0,,107630192,,,,,,,,0,,,,,,34200,,,,,,,,,,,,,,,,,,,,,,,,,,,,,,18,,,,,,0,,,,,,,,,,,,,,,,,,,,,,,,,,,,
2013-12-11,JK11A8B9J3A1NF,Hitachi HDS722020ALA330,2000398934016,0,,0,,,,,,,,0,,,,,,23946,,,,,,,,,,,,,,,,,,,,,,,,,,,,,,26,,,,,,0,,,,,,,,,,,,,,,,,,,,,,,,,,,,
2013-12-11,JK1171YBK1N1EF,Hitachi HDS722020ALA330,2000398934016,0,,0,,,,,,,,0,,,,,,29914,,,,,,,,,,,,,,,,,,,,,,,,,,,,,,27,,,,,,0,,,,,,,,,,,,,,,,,,,,,,,,,,,,
2013-12-11,9VS3JQ1H,ST31500341AS,1500301910016,0,,188526438,,,,,,,,607,,,,,,21611,,,,,,,,,,,,,,,,,,,,,,,,,,,,,,26,,,,,,0,,,,,,,,,,,,,,,,,,,,,,,,,,,,
2013-12-11,PL1311LAG33N7H,Hitachi HDS5C4040ALE630,4000787030016,0,,0,,,,,,,,0,,,,,,5069,,,,,,,,,,,,,,,,,,,,,,,,,,,,,,27,,,,,,0,,,,,,,,,,,,,,,,,,,,,,,,,,,,
2013-12-11,PL1311LAG2HVHH,Hitachi HDS5C4040ALE630,4000787030016,0,,0,,,,,,,,0,,,,,,5036,,,,,,,,,,,,,,,,,,,,,,,,,,,,,,26,,,,,,0,,,,,,,,,,,,,,,,,,,,,,,,,,,,
2013-12-11,MJ1311YNG5963A,Hitachi HDS5C3030ALA630,3000592982016,0,,0,,,,,,,,0,,,,,,14601,,,,,,,,,,,,,,,,,,,,,,,,,,,,,,20,,,,,,0,,,,,,,,,,,,,,,,,,,,,,,,,,,,
2013-12-11,Z300WME7,ST4000DM000,4000787030016,0,,17253880,,,,,,,,0,,,,,,799,,,,,,,,,,,,,,,,,,,,,,,,,,,,,,21,,,,,,0,,,,,,,,,,,,,,,,,,,,,,,,,,,,
2013-12-11,6XW02CSM,ST31500541AS,1500301910016,0,,41690718,,,,,,,,0,,,,,,36622,,,,,,,,,,,,,,,,,,,,,,,,,,,,,,23,,,,,,0,,,,,,,,,,,,,,,,,,,,,,,,,,,,
2013-12-11,Z300DZRG,ST4000DM000,4000787030016,0,,168596840,,,,,,,,0,,,,,,2272,,,,,,,,,,,,,,,,,,,,,,,,,,,,,,22,,,,,,0,,,,,,,,,,,,,,,,,,,,,,,,,,,,
2013-12-11,MK0311YHGJ1V5A,Hitachi HDS723030ALA640,3000592982016,0,,0,,,,,,,,0,,,,,,16659,,,,,,,,,,,,,,,,,,,,,,,,,,,,,,28,,,,,,0,,,,,,,,,,,,,,,,,,,,,,,,,,,,
2013-12-11,6XW02CSY,ST31500541AS,1500301910016,0,,230845578,,,,,,,,0,,,,,,36432,,,,,,,,,,,,,,,,,,,,,,,,,,,,,,18,,,,,,0,,,,,,,,,,,,,,,,,,,,,,,,,,,,
2013-12-11,W1F0LBD3,ST3000DM001,3000592982016,0,,95452696,,,,,,,,0,,,,,,11639,,,,,,,,,,,,,,,,,,,,,,,,,,,,,,23,,,,,,0,,,,,,,,,,,,,,,,,,,,,,,,,,,,
2013-12-11,JK11A5B8J37JEX,Hitachi HDS722020ALA330,2000398934016,0,,65537,,,,,,,,0,,,,,,23821,,,,,,,,,,,,,,,,,,,,,,,,,,,,,,37,,,,,,0,,,,,,,,,,,,,,,,,,,,,,,,,,,,
2013-12-11,JK11A8B9J3BYHF,Hitachi HDS722020ALA330,2000398934016,0,,1,,,,,,,,0,,,,,,24431,,,,,,,,,,,,,,,,,,,,,,,,,,,,,,26,,,,,,0,,,,,,,,,,,,,,,,,,,,,,,,,,,,
2013-12-11,W300K159,ST4000DM000,4000787030016,0,,98993760,,,,,,,,0,,,,,,920,,,,,,,,,,,,,,,,,,,,,,,,,,,,,,18,,,,,,0,,,,,,,,,,,,,,,,,,,,,,,,,,,,
2013-12-11,Z300PB0L,ST4000DM000,4000787030016,0,,19891232,,,,,,,,0,,,,,,1093,,,,,,,,,,,,,,,,,,,,,,,,,,,,,,27,,,,,,0,,,,,,,,,,,,,,,,,,,,,,,,,,,,
2013-12-11,MJ1311YNG7LPZA,Hitachi HDS5C3030ALA630,3000592982016,0,,0,,,,,,,,0,,,,,,14310,,,,,,,,,,,,,,,,,,,,,,,,,,,,,,23,,,,,,0,,,,,,,,,,,,,,,,,,,,,,,,,,,,
2013-12-11,JK11A8B9GP7VZF,Hitachi HDS722020ALA330,2000398934016,0,,0,,,,,,,,0,,,,,,26493,,,,,,,,,,,,,,,,,,,,,,,,,,,,,,23,,,,,,0,,,,,,,,,,,,,,,,,,,,,,,,,,,,
2013-12-11,Z300PB0A,ST4000DM000,4000787030016,0,,70216848,,,,,,,,0,,,,,,1093,,,,,,,,,,,,,,,,,,,,,,,,,,,,,,26,,,,,,0,,,,,,,,,,,,,,,,,,,,,,,,,,,,
2013-12-11,Z300PB0S,ST4000DM000,4000787030016,0,,154328840,,,,,,,,0,,,,,,1093,,,,,,,,,,,,,,,,,,,,,,,,,,,,,,26,,,,,,0,,,,,,,,,,,,,,,,,,,,,,,,,,,,
2013-12-11,S1F0B4VL,ST3000DM001,3000592982016,0,,184736024,,,,,,,,760,,,,,,12366,,,,,,,,,,,,,,,,,,,,,,,,,,,,,,25,,,,,,0,,,,,,,,,,,,,,,,,,,,,,,,,,,,
2013-12-11,JK11A8B9J2BA1F,Hitachi HDS722020ALA330,2000398934016,0,,1,,,,,,,,0,,,,,,24398,,,,,,,,,,,,,,,,,,,,,,,,,,,,,,31,,,,,,0,,,,,,,,,,,,,,,,,,,,,,,,,,,,
2013-12-11,S1F0JBBM,ST3000DM001,3000592982016,0,,229406256,,,,,,,,0,,,,,,12178,,,,,,,,,,,,,,,,,,,,,,,,,,,,,,32,,,,,,0,,,,,,,,,,,,,,,,,,,,,,,,,,,,
2013-12-11,W300K15V,ST4000DM000,4000787030016,0,,58641672,,,,,,,,0,,,,,,923,,,,,,,,,,,,,,,,,,,,,,,,,,,,,,25,,,,,,0,,,,,,,,,,,,,,,,,,,,,,,,,,,,
2013-12-11,Z300PB01,ST4000DM000,4000787030016,0,,59542848,,,,,,,,0,,,,,,1092,,,,,,,,,,,,,,,,,,,,,,,,,,,,,,29,,,,,,0,,,,,,,,,,,,,,,,,,,,,,,,,,,,
2013-12-11,JK1171B9HLWPHT,Hitachi HDS722020ALA330,2000398934016,0,,1,,,,,,,,0,,,,,,25667,,,,,,,,,,,,,,,,,,,,,,,,,,,,,,24,,,,,,0,,,,,,,,,,,,,,,,,,,,,,,,,,,,
2013-12-11,5XW03DBT,ST31500541AS,1500301910016,0,,64514322,,,,,,,,0,,,,,,36441,,,,,,,,,,,,,,,,,,,,,,,,,,,,,,19,,,,,,0,,,,,,,,,,,,,,,,,,,,,,,,,,,,
2013-12-11,MJ1321YNG17XUA,Hitachi HDS5C3030ALA630,3000592982016,0,,0,,,,,,,,0,,,,,,20480,,,,,,,,,,,,,,,,,,,,,,,,,,,,,,28,,,,,,0,,,,,,,,,,,,,,,,,,,,,,,,,,,,
2013-12-11,5XW03PVE,ST31500541AS,1500301910016,0,,220146703,,,,,,,,0,,,,,,36397,,,,,,,,,,,,,,,,,,,,,,,,,,,,,,19,,,,,,0,,,,,,,,,,,,,,,,,,,,,,,,,,,,
2013-12-11,W1F08PZS,ST3000DM001,3000592982016,0,,28124440,,,,,,,,0,,,,,,16150,,,,,,,,,,,,,,,,,,,,,,,,,,,,,,22,,,,,,0,,,,,,,,,,,,,,,,,,,,,,,,,,,,
2013-12-11,JK1105B8G6K4EX,Hitachi HDS722020ALA330,2000398934016,0,,196608,,,,,,,,0,,,,,,26766,,,,,,,,,,,,,,,,,,,,,,,,,,,,,,26,,,,,,0,,,,,,,,,,,,,,,,,,,,,,,,,,,,
2013-12-11,PL1311LAG3DXUH,Hitachi HDS5C4040ALE630,4000787030016,0,,0,,,,,,,,0,,,,,,3631,,,,,,,,,,,,,,,,,,,,,,,,,,,,,,28,,,,,,0,,,,,,,,,,,,,,,,,,,,,,,,,,,,
2013-12-11,PL1321LAG2HL9H,Hitachi HDS5C4040ALE630,4000787030016,0,,0,,,,,,,,0,,,,,,5920,,,,,,,,,,,,,,,,,,,,,,,,,,,,,,22,,,,,,0,,,,,,,,,,,,,,,,,,,,,,,,,,,,
2013-12-11,PL1311LAG3DWAH,Hitachi HDS5C4040ALE630,4000787030016,0,,0,,,,,,,,0,,,,,,5304,,,,,,,,,,,,,,,,,,,,,,,,,,,,,,24,,,,,,0,,,,,,,,,,,,,,,,,,,,,,,,,,,,
2013-12-11,JK11A8B9J4J1YF,Hitachi HDS722020ALA330,2000398934016,0,,0,,,,,,,,0,,,,,,24493,,,,,,,,,,,,,,,,,,,,,,,,,,,,,,31,,,,,,0,,,,,,,,,,,,,,,,,,,,,,,,,,,,
2013-12-11,S1F0CV5C,ST3000DM001,3000592982016,0,,227930336,,,,,,,,168,,,,,,12417,,,,,,,,,,,,,,,,,,,,,,,,,,,,,,24,,,,,,0,,,,,,,,,,,,,,,,,,,,,,,,,,,,
2013-12-11,PL1311LAG3BRUH,Hitachi HDS5C4040ALE630,4000787030016,0,,0,,,,,,,,0,,,,,,6654,,,,,,,,,,,,,,,,,,,,,,,,,,,,,,21,,,,,,0,,,,,,,,,,,,,,,,,,,,,,,,,,,,
2013-12-11,JK11A8B9GPD4PF,Hitachi HDS722020ALA330,2000398934016,0,,65536,,,,,,,,0,,,,,,26480,,,,,,,,,,,,,,,,,,,,,,,,,,,,,,29,,,,,,0,,,,,,,,,,,,,,,,,,,,,,,,,,,,
2013-12-11,MJ1311YNG331PA,Hitachi HDS5C3030ALA630,3000592982016,0,,0,,,,,,,,0,,,,,,18404,,,,,,,,,,,,,,,,,,,,,,,,,,,,,,24,,,,,,0,,,,,,,,,,,,,,,,,,,,,,,,,,,,
2013-12-11,5XW02V7V,ST31500541AS,1500301910016,0,,217820496,,,,,,,,21,,,,,,35201,,,,,,,,,,,,,,,,,,,,,,,,,,,,,,21,,,,,,0,,,,,,,,,,,,,,,,,,,,,,,,,,,,
2013-12-11,JK11A8B9J86KNF,Hitachi HDS722020ALA330,2000398934016,0,,131073,,,,,,,,4,,,,,,26024,,,,,,,,,,,,,,,,,,,,,,,,,,,,,,27,,,,,,0,,,,,,,,,,,,,,,,,,,,,,,,,,,,
2013-12-11,JK1171B9HWWTKT,Hitachi HDS722020ALA330,2000398934016,0,,0,,,,,,,,0,,,,,,22703,,,,,,,,,,,,,,,,,,,,,,,,,,,,,,25,,,,,,0,,,,,,,,,,,,,,,,,,,,,,,,,,,,
2013-12-11,JK1101B9KD7S5F,Hitachi HDS722020ALA330,2000398934016,0,,0,,,,,,,,0,,,,,,22862,,,,,,,,,,,,,,,,,,,,,,,,,,,,,,28,,,,,,0,,,,,,,,,,,,,,,,,,,,,,,,,,,,
2013-12-11,W300D623,ST4000DM000,4000787030016,0,,165975592,,,,,,,,0,,,,,,4140,,,,,,,,,,,,,,,,,,,,,,,,,,,,,,25,,,,,,0,,,,,,,,,,,,,,,,,,,,,,,,,,,,
2013-12-11,PL1311LAG3B6BH,Hitachi HDS5C4040ALE630,4000787030016,0,,0,,,,,,,,0,,,,,,5959,,,,,,,,,,,,,,,,,,,,,,,,,,,,,,16,,,,,,0,,,,,,,,,,,,,,,,,,,,,,,,,,,,
2013-12-11,PL1311LAG38RNH,Hitachi HDS5C4040ALE630,4000787030016,0,,0,,,,,,,,0,,,,,,6655,,,,,,,,,,,,,,,,,,,,,,,,,,,,,,17,,,,,,0,,,,,,,,,,,,,,,,,,,,,,,,,,,,
2013-12-11,PL1321LAGATKVH,Hitachi HDS5C4040ALE630,4000787030016,0,,0,,,,,,,,0,,,,,,5066,,,,,,,,,,,,,,,,,,,,,,,,,,,,,,27,,,,,,0,,,,,,,,,,,,,,,,,,,,,,,,,,,,
2013-12-11,Z1F0LAWB,ST3000DM001,3000592982016,0,,242966944,,,,,,,,0,,,,,,10822,,,,,,,,,,,,,,,,,,,,,,,,,,,,,,25,,,,,,0,,,,,,,,,,,,,,,,,,,,,,,,,,,,
2013-12-11,JK11A8B9J87RXF,Hitachi HDS722020ALA330,2000398934016,0,,0,,,,,,,,0,,,,,,24492,,,,,,,,,,,,,,,,,,,,,,,,,,,,,,29,,,,,,0,,,,,,,,,,,,,,,,,,,,,,,,,,,,
2013-12-11,Z300CRFG,ST4000DM000,4000787030016,0,,16736264,,,,,,,,0,,,,,,1297,,,,,,,,,,,,,,,,,,,,,,,,,,,,,,21,,,,,,0,,,,,,,,,,,,,,,,,,,,,,,,,,,,
2013-12-11,JK11A1YAJBU7AV,Hitachi HDS722020ALA330,2000398934016,0,,262145,,,,,,,,0,,,,,,20764,,,,,,,,,,,,,,,,,,,,,,,,,,,,,,28,,,,,,0,,,,,,,,,,,,,,,,,,,,,,,,,,,,
2013-12-11,W1F1A4S9,ST3000DM001,3000592982016,0,,24280672,,,,,,,,1696,,,,,,8136,,,,,,,,,,,,,,,,,,,,,,,,,,,,,,22,,,,,,152,,,,,,,,,,,,,,,,,,,,,,,,,,,,
2013-12-11,9XW019ZD,ST31500541AS,1500301910016,0,,77541435,,,,,,,,0,,,,,,35227,,,,,,,,,,,,,,,,,,,,,,,,,,,,,,20,,,,,,0,,,,,,,,,,,,,,,,,,,,,,,,,,,,
2013-12-11,PL1311LAG2NEWH,Hitachi HDS5C4040ALE630,4000787030016,0,,0,,,,,,,,0,,,,,,5070,,,,,,,,,,,,,,,,,,,,,,,,,,,,,,29,,,,,,0,,,,,,,,,,,,,,,,,,,,,,,,,,,,
2013-12-11,5XW00B95,ST31500541AS,1500301910016,0,,128290043,,,,,,,,0,,,,,,32807,,,,,,,,,,,,,,,,,,,,,,,,,,,,,,20,,,,,,0,,,,,,,,,,,,,,,,,,,,,,,,,,,,
2013-12-11,MK0301YHGEUHGA,Hitachi HDS723030ALA640,3000592982016,0,,0,,,,,,,,0,,,,,,17017,,,,,,,,,,,,,,,,,,,,,,,,,,,,,,24,,,,,,0,,,,,,,,,,,,,,,,,,,,,,,,,,,,
2013-12-11,Z300CMFH,ST4000DM000,4000787030016,0,,23728600,,,,,,,,0,,,,,,2246,,,,,,,,,,,,,,,,,,,,,,,,,,,,,,23,,,,,,0,,,,,,,,,,,,,,,,,,,,,,,,,,,,
2013-12-11,W1F0SAGQ,ST3000DM001,3000592982016,0,,40153976,,,,,,,,0,,,,,,11018,,,,,,,,,,,,,,,,,,,,,,,,,,,,,,20,,,,,,0,,,,,,,,,,,,,,,,,,,,,,,,,,,,
2013-12-11,6XW105QG,ST31500541AS,1500301910016,0,,157779483,,,,,,,,0,,,,,,31318,,,,,,,,,,,,,,,,,,,,,,,,,,,,,,22,,,,,,0,,,,,,,,,,,,,,,,,,,,,,,,,,,,
2013-12-11,S1F0S6L1,ST3000DM001,3000592982016,0,,163654928,,,,,,,,0,,,,,,10759,,,,,,,,,,,,,,,,,,,,,,,,,,,,,,24,,,,,,0,,,,,,,,,,,,,,,,,,,,,,,,,,,,
2013-12-11,PL1321LAG2Z8KH,Hitachi HDS5C4040ALE630,4000787030016,0,,0,,,,,,,,0,,,,,,6652,,,,,,,,,,,,,,,,,,,,,,,,,,,,,,25,,,,,,0,,,,,,,,,,,,,,,,,,,,,,,,,,,,
2013-12-11,W300BM00,ST4000DM000,4000787030016,0,,181958464,,,,,,,,0,,,,,,4163,,,,,,,,,,,,,,,,,,,,,,,,,,,,,,23,,,,,,0,,,,,,,,,,,,,,,,,,,,,,,,,,,,
2013-12-11,W1F0X7WJ,ST3000DM001,3000592982016,0,,30993400,,,,,,,,0,,,,,,10835,,,,,,,,,,,,,,,,,,,,,,,,,,,,,,34,,,,,,16,,,,,,,,,,,,,,,,,,,,,,,,,,,,
2013-12-11,W300CWZY,ST4000DM000,4000787030016,0,,107832528,,,,,,,,0,,,,,,1871,,,,,,,,,,,,,,,,,,,,,,,,,,,,,,25,,,,,,0,,,,,,,,,,,,,,,,,,,,,,,,,,,,
2013-12-11,Z300WDQA,ST4000DM000,4000787030016,0,,242272864,,,,,,,,0,,,,,,918,,,,,,,,,,,,,,,,,,,,,,,,,,,,,,20,,,,,,0,,,,,,,,,,,,,,,,,,,,,,,,,,,,
2013-12-11,JK11A8YBKY71RF,Hitachi HDS722020ALA330,2000398934016,0,,0,,,,,,,,0,,,,,,16296,,,,,,,,,,,,,,,,,,,,,,,,,,,,,,25,,,,,,0,,,,,,,,,,,,,,,,,,,,,,,,,,,,
2013-12-11,9XK05925,ST33000651AS,3000592982016,0,,160358505,,,,,,,,0,,,,,,16821,,,,,,,,,,,,,,,,,,,,,,,,,,,,,,27,,,,,,0,,,,,,,,,,,,,,,,,,,,,,,,,,,,
2013-12-11,JK11A8B9J33ZGF,Hitachi HDS722020ALA330,2000398934016,0,,65536,,,,,,,,0,,,,,,23829,,,,,,,,,,,,,,,,,,,,,,,,,,,,,,29,,,,,,0,,,,,,,,,,,,,,,,,,,,,,,,,,,,
2013-12-11,W1F0TGSS,ST3000DM001,3000592982016,0,,61731416,,,,,,,,0,,,,,,11694,,,,,,,,,,,,,,,,,,,,,,,,,,,,,,24,,,,,,0,,,,,,,,,,,,,,,,,,,,,,,,,,,,
2013-12-11,Z1Z04S62,ST4000DX000,4000787030016,0,,172810574,,,,,,,,0,,,,,,5039,,,,,,,,,,,,,,,,,,,,,,,,,,,,,,34,,,,,,0,,,,,,,,,,,,,,,,,,,,,,,,,,,,
2013-12-11,6XW00KA5,ST31500541AS,1500301910016,0,,113757255,,,,,,,,0,,,,,,36956,,,,,,,,,,,,,,,,,,,,,,,,,,,,,,23,,,,,,0,,,,,,,,,,,,,,,,,,,,,,,,,,,,
2013-12-11,W300DZX6,ST4000DM000,4000787030016,0,,192497112,,,,,,,,0,,,,,,4290,,,,,,,,,,,,,,,,,,,,,,,,,,,,,,23,,,,,,0,,,,,,,,,,,,,,,,,,,,,,,,,,,,
2013-12-11,JK1131YAHL28NV,Hitachi HDS722020ALA330,2000398934016,0,,0,,,,,,,,0,,,,,,19948,,,,,,,,,,,,,,,,,,,,,,,,,,,,,,24,,,,,,0,,,,,,,,,,,,,,,,,,,,,,,,,,,,
2013-12-11,MJ1321YNG0L0KA,Hitachi HDS5C3030ALA630,3000592982016,0,,0,,,,,,,,0,,,,,,20512,,,,,,,,,,,,,,,,,,,,,,,,,,,,,,25,,,,,,0,,,,,,,,,,,,,,,,,,,,,,,,,,,,
2013-12-11,Z290WNK4,ST33000651AS,3000592982016,0,,69660039,,,,,,,,0,,,,,,15604,,,,,,,,,,,,,,,,,,,,,,,,,,,,,,22,,,,,,0,,,,,,,,,,,,,,,,,,,,,,,,,,,,
2013-12-11,MJ0351YNG9RUDA,Hitachi HDS5C3030ALA630,3000592982016,0,,0,,,,,,,,0,,,,,,7612,,,,,,,,,,,,,,,,,,,,,,,,,,,,,,24,,,,,,0,,,,,,,,,,,,,,,,,,,,,,,,,,,,
2013-12-11,PL1311LAG2HX6H,Hitachi HDS5C4040ALE630,4000787030016,0,,0,,,,,,,,0,,,,,,5069,,,,,,,,,,,,,,,,,,,,,,,,,,,,,,26,,,,,,0,,,,,,,,,,,,,,,,,,,,,,,,,,,,
2013-12-11,MJ1321YNG0N80A,Hitachi HDS5C3030ALA630,3000592982016,0,,0,,,,,,,,0,,,,,,19946,,,,,,,,,,,,,,,,,,,,,,,,,,,,,,26,,,,,,0,,,,,,,,,,,,,,,,,,,,,,,,,,,,
2013-12-11,JK11A8B9J3VH0F,Hitachi HDS722020ALA330,2000398934016,0,,0,,,,,,,,0,,,,,,23122,,,,,,,,,,,,,,,,,,,,,,,,,,,,,,24,,,,,,0,,,,,,,,,,,,,,,,,,,,,,,,,,,,
2013-12-11,PL1311LAG26YZA,Hitachi HDS5C4040ALE630,4000787030016,0,,0,,,,,,,,0,,,,,,6075,,,,,,,,,,,,,,,,,,,,,,,,,,,,,,20,,,,,,0,,,,,,,,,,,,,,,,,,,,,,,,,,,,
2013-12-11,MK0311YHGEY82A,Hitachi HDS723030ALA640,3000592982016,0,,0,,,,,,,,0,,,,,,12430,,,,,,,,,,,,,,,,,,,,,,,,,,,,,,22,,,,,,0,,,,,,,,,,,,,,,,,,,,,,,,,,,,
2013-12-11,W300DCC5,ST4000DM000,4000787030016,0,,117663368,,,,,,,,0,,,,,,4188,,,,,,,,,,,,,,,,,,,,,,,,,,,,,,31,,,,,,0,,,,,,,,,,,,,,,,,,,,,,,,,,,,
2013-12-11,MJ0351YNGAAHKA,Hitachi HDS5C3030ALA630,3000592982016,0,,0,,,,,,,,0,,,,,,8613,,,,,,,,,,,,,,,,,,,,,,,,,,,,,,32,,,,,,0,,,,,,,,,,,,,,,,,,,,,,,,,,,,
2013-12-11,MJ1311YNG7KR8A,Hitachi HDS5C3030ALA630,3000592982016,0,,0,,,,,,,,0,,,,,,14621,,,,,,,,,,,,,,,,,,,,,,,,,,,,,,20,,,,,,0,,,,,,,,,,,,,,,,,,,,,,,,,,,,
2013-12-11,W300DZ2P,ST4000DM000,4000787030016,0,,144506808,,,,,,,,0,,,,,,4183,,,,,,,,,,,,,,,,,,,,,,,,,,,,,,24,,,,,,0,,,,,,,,,,,,,,,,,,,,,,,,,,,,
2013-12-11,JK11A8B9J7736F,Hitachi HDS722020ALA330,2000398934016,0,,0,,,,,,,,0,,,,,,22702,,,,,,,,,,,,,,,,,,,,,,,,,,,,,,31,,,,,,0,,,,,,,,,,,,,,,,,,,,,,,,,,,,
2013-12-11,W1F028MX,ST3000DM001,3000592982016,0,,56031832,,,,,,,,0,,,,,,11069,,,,,,,,,,,,,,,,,,,,,,,,,,,,,,24,,,,,,0,,,,,,,,,,,,,,,,,,,,,,,,,,,,
2013-12-11,6XW00SYH,ST31500541AS,1500301910016,0,,70248492,,,,,,,,0,,,,,,36429,,,,,,,,,,,,,,,,,,,,,,,,,,,,,,20,,,,,,0,,,,,,,,,,,,,,,,,,,,,,,,,,,,
2013-12-11,JK1174YAK8RNBW,Hitachi HDS722020ALA330,2000398934016,0,,0,,,,,,,,0,,,,,,29018,,,,,,,,,,,,,,,,,,,,,,,,,,,,,,28,,,,,,0,,,,,,,,,,,,,,,,,,,,,,,,,,,,
2013-12-11,MJ1311YNG02U1A,Hitachi HDS5C3030ALA630,3000592982016,0,,0,,,,,,,,0,,,,,,14625,,,,,,,,,,,,,,,,,,,,,,,,,,,,,,23,,,,,,0,,,,,,,,,,,,,,,,,,,,,,,,,,,,
2013-12-11,Z1F0KQWF,ST3000DM001,3000592982016,0,,47199680,,,,,,,,0,,,,,,11692,,,,,,,,,,,,,,,,,,,,,,,,,,,,,,27,,,,,,0,,,,,,,,,,,,,,,,,,,,,,,,,,,,
2013-12-11,9VS1K2ZB,ST31500341AS,1500301910016,0,,130345124,,,,,,,,44,,,,,,40405,,,,,,,,,,,,,,,,,,,,,,,,,,,,,,31,,,,,,0,,,,,,,,,,,,,,,,,,,,,,,,,,,,
2013-12-11,W300E26D,ST4000DM000,4000787030016,0,,41152360,,,,,,,,0,,,,,,4290,,,,,,,,,,,,,,,,,,,,,,,,,,,,,,21,,,,,,0,,,,,,,,,,,,,,,,,,,,,,,,,,,,
2013-12-11,MJ0351YNG9W6BA,Hitachi HDS5C3030ALA630,3000592982016,0,,0,,,,,,,,0,,,,,,9986,,,,,,,,,,,,,,,,,,,,,,,,,,,,,,29,,,,,,0,,,,,,,,,,,,,,,,,,,,,,,,,,,,
2013-12-11,MK0311YHGNU82A,Hitachi HDS723030ALA640,3000592982016,0,,0,,,,,,,,0,,,,,,17017,,,,,,,,,,,,,,,,,,,,,,,,,,,,,,25,,,,,,0,,,,,,,,,,,,,,,,,,,,,,,,,,,,
2013-12-11,WD-WCAWZ0815050,WDC WD30EZRX,3000592982016,0,,21,,,,,,,,0,,,,,,16990,,,,,,,,,,,,,,,,,,,,,,,,,,,,,,23,,,,,,0,,,,,,,,,,,,,,,,,,,,,,,,,,,,
2013-12-11,MK0311YHGL3EKA,Hitachi HDS723030ALA640,3000592982016,0,,0,,,,,,,,0,,,,,,21462,,,,,,,,,,,,,,,,,,,,,,,,,,,,,,33,,,,,,0,,,,,,,,,,,,,,,,,,,,,,,,,,,,
2013-12-11,W30045Y9,ST4000DM000,4000787030016,0,,189570624,,,,,,,,0,,,,,,2243,,,,,,,,,,,,,,,,,,,,,,,,,,,,,,20,,,,,,0,,,,,,,,,,,,,,,,,,,,,,,,,,,,
2013-12-11,W30045Y4,ST4000DM000,4000787030016,0,,62732608,,,,,,,,0,,,,,,2243,,,,,,,,,,,,,,,,,,,,,,,,,,,,,,19,,,,,,0,,,,,,,,,,,,,,,,,,,,,,,,,,,,
2013-12-11,W30045Y5,ST4000DM000,4000787030016,0,,218524824,,,,,,,,0,,,,,,2243,,,,,,,,,,,,,,,,,,,,,,,,,,,,,,19,,,,,,0,,,,,,,,,,,,,,,,,,,,,,,,,,,,
2013-12-11,MJ0351YNG9ZS2A,Hitachi HDS5C3030ALA630,3000592982016,0,,0,,,,,,,,0,,,,,,8873,,,,,,,,,,,,,,,,,,,,,,,,,,,,,,26,,,,,,0,,,,,,,,,,,,,,,,,,,,,,,,,,,,
2013-12-11,W300JN4V,ST4000DM000,4000787030016,0,,172724464,,,,,,,,0,,,,,,2224,,,,,,,,,,,,,,,,,,,,,,,,,,,,,,28,,,,,,0,,,,,,,,,,,,,,,,,,,,,,,,,,,,
2013-12-11,WD-WMAWZ0321997,WDC WD30EZRX,3000592982016,0,,0,,,,,,,,0,,,,,,12697,,,,,,,,,,,,,,,,,,,,,,,,,,,,,,24,,,,,,0,,,,,,,,,,,,,,,,,,,,,,,,,,,,
2013-12-11,6XW0PY09,ST31500541AS,1500301910016,0,,174804793,,,,,,,,0,,,,,,33323,,,,,,,,,,,,,,,,,,,,,,,,,,,,,,21,,,,,,0,,,,,,,,,,,,,,,,,,,,,,,,,,,,
2013-12-11,S1F0LDZB,ST3000DM001,3000592982016,0,,41942152,,,,,,,,0,,,,,,12170,,,,,,,,,,,,,,,,,,,,,,,,,,,,,,24,,,,,,0,,,,,,,,,,,,,,,,,,,,,,,,,,,,
2013-12-11,W1F0R3JF,ST3000DM001,3000592982016,0,,4547176,,,,,,,,6656,,,,,,12616,,,,,,,,,,,,,,,,,,,,,,,,,,,,,,24,,,,,,16,,,,,,,,,,,,,,,,,,,,,,,,,,,,
2013-12-11,Z300SHGG,ST4000DM000,4000787030016,0,,40808800,,,,,,,,0,,,,,,799,,,,,,,,,,,,,,,,,,,,,,,,,,,,,,21,,,,,,0,,,,,,,,,,,,,,,,,,,,,,,,,,,,
2013-12-11,W300BWS5,ST4000DM000,4000787030016,0,,116361600,,,,,,,,0,,,,,,4153,,,,,,,,,,,,,,,,,,,,,,,,,,,,,,23,,,,,,0,,,,,,,,,,,,,,,,,,,,,,,,,,,,
2013-12-11,WD-WCAWZ1989175,WDC WD30EZRX,3000592982016,0,,0,,,,,,,,0,,,,,,105,,,,,,,,,,,,,,,,,,,,,,,,,,,,,,26,,,,,,0,,,,,,,,,,,,,,,,,,,,,,,,,,,,
2013-12-11,WD-WMC1T1331811,WDC WD30EFRX,3000592982016,0,,0,,,,,,,,0,,,,,,7708,,,,,,,,,,,,,,,,,,,,,,,,,,,,,,28,,,,,,0,,,,,,,,,,,,,,,,,,,,,,,,,,,,
2013-12-11,WD-WCAV5F157585,WDC WD10EARS,1000204886016,0,,0,,,,,,,,0,,,,,,25845,,,,,,,,,,,,,,,,,,,,,,,,,,,,,,29,,,,,,0,,,,,,,,,,,,,,,,,,,,,,,,,,,,
2013-12-11,S1F03C27,ST3000DM001,3000592982016,0,,115123072,,,,,,,,0,,,,,,16198,,,,,,,,,,,,,,,,,,,,,,,,,,,,,,25,,,,,,0,,,,,,,,,,,,,,,,,,,,,,,,,,,,
2013-12-11,JK11A8B9J7XAHF,Hitachi HDS722020ALA330,2000398934016,0,,0,,,,,,,,0,,,,,,24914,,,,,,,,,,,,,,,,,,,,,,,,,,,,,,27,,,,,,0,,,,,,,,,,,,,,,,,,,,,,,,,,,,
2013-12-11,MJ1311YNG32TAA,Hitachi HDS5C3030ALA630,3000592982016,0,,0,,,,,,,,0,,,,,,19620,,,,,,,,,,,,,,,,,,,,,,,,,,,,,,26,,,,,,0,,,,,,,,,,,,,,,,,,,,,,,,,,,,
2013-12-11,9VS1K4L5,ST31500341AS,1500301910016,0,,238183985,,,,,,,,17,,,,,,40405,,,,,,,,,,,,,,,,,,,,,,,,,,,,,,31,,,,,,0,,,,,,,,,,,,,,,,,,,,,,,,,,,,
2013-12-11,W30045YP,ST4000DM000,4000787030016,0,,72226896,,,,,,,,0,,,,,,2244,,,,,,,,,,,,,,,,,,,,,,,,,,,,,,21,,,,,,0,,,,,,,,,,,,,,,,,,,,,,,,,,,,
2013-12-11,Z300MQAY,ST4000DM000,4000787030016,0,,184970624,,,,,,,,0,,,,,,2899,,,,,,,,,,,,,,,,,,,,,,,,,,,,,,22,,,,,,0,,,,,,,,,,,,,,,,,,,,,,,,,,,,
2013-12-11,6XW04WFB,ST31500541AS,1500301910016,0,,64636707,,,,,,,,195,,,,,,37170,,,,,,,,,,,,,,,,,,,,,,,,,,,,,,21,,,,,,0,,,,,,,,,,,,,,,,,,,,,,,,,,,,
2013-12-11,W300H34J,ST4000DM000,4000787030016,0,,85043896,,,,,,,,0,,,,,,909,,,,,,,,,,,,,,,,,,,,,,,,,,,,,,21,,,,,,0,,,,,,,,,,,,,,,,,,,,,,,,,,,,
2013-12-11,W300H34N,ST4000DM000,4000787030016,0,,172325760,,,,,,,,0,,,,,,919,,,,,,,,,,,,,,,,,,,,,,,,,,,,,,20,,,,,,0,,,,,,,,,,,,,,,,,,,,,,,,,,,,
2013-12-11,PL1311LAG2GZXH,Hitachi HDS5C4040ALE630,4000787030016,0,,0,,,,,,,,0,,,,,,5921,,,,,,,,,,,,,,,,,,,,,,,,,,,,,,23,,,,,,0,,,,,,,,,,,,,,,,,,,,,,,,,,,,
2013-12-11,W3006DA1,ST4000DM000,4000787030016,0,,13410552,,,,,,,,0,,,,,,2902,,,,,,,,,,,,,,,,,,,,,,,,,,,,,,28,,,,,,0,,,,,,,,,,,,,,,,,,,,,,,,,,,,
2013-12-11,MJ1311YNG49VJA,Hitachi HDS5C3030ALA630,3000592982016,0,,2,,,,,,,,0,,,,,,174,,,,,,,,,,,,,,,,,,,,,,,,,,,,,,26,,,,,,0,,,,,,,,,,,,,,,,,,,,,,,,,,,,
2013-12-11,MJ1323YNG1M1YC,Hitachi HDS5C3030ALA630,3000592982016,0,,0,,,,,,,,0,,,,,,19731,,,,,,,,,,,,,,,,,,,,,,,,,,,,,,21,,,,,,0,,,,,,,,,,,,,,,,,,,,,,,,,,,,
2013-12-11,MJ1321YNG17JKA,Hitachi HDS5C3030ALA630,3000592982016,0,,65539,,,,,,,,0,,,,,,19760,,,,,,,,,,,,,,,,,,,,,,,,,,,,,,28,,,,,,0,,,,,,,,,,,,,,,,,,,,,,,,,,,,
2013-12-11,PL1311LAG2998H,Hitachi HDS5C4040ALE630,4000787030016,0,,0,,,,,,,,0,,,,,,7412,,,,,,,,,,,,,,,,,,,,,,,,,,,,,,24,,,,,,0,,,,,,,,,,,,,,,,,,,,,,,,,,,,
2013-12-11,PL1311LAG3EAKH,Hitachi HDS5C4040ALE630,4000787030016,0,,0,,,,,,,,0,,,,,,5932,,,,,,,,,,,,,,,,,,,,,,,,,,,,,,27,,,,,,0,,,,,,,,,,,,,,,,,,,,,,,,,,,,
2013-12-11,MJ1323YNG197XC,Hitachi HDS5C3030ALA630,3000592982016,0,,0,,,,,,,,0,,,,,,20503,,,,,,,,,,,,,,,,,,,,,,,,,,,,,,28,,,,,,0,,,,,,,,,,,,,,,,,,,,,,,,,,,,
2013-12-11,MJ0351YNG9TB2A,Hitachi HDS5C3030ALA630,3000592982016,0,,0,,,,,,,,0,,,,,,9475,,,,,,,,,,,,,,,,,,,,,,,,,,,,,,27,,,,,,0,,,,,,,,,,,,,,,,,,,,,,,,,,,,
2013-12-11,PL2311LAG1M95C,Hitachi HDS5C4040ALE630,4000787030016,0,,0,,,,,,,,0,,,,,,7413,,,,,,,,,,,,,,,,,,,,,,,,,,,,,,22,,,,,,0,,,,,,,,,,,,,,,,,,,,,,,,,,,,
2013-12-11,MJ1311YNG3G5LA,Hitachi HDS5C3030ALA630,3000592982016,0,,0,,,,,,,,0,,,,,,19255,,,,,,,,,,,,,,,,,,,,,,,,,,,,,,22,,,,,,0,,,,,,,,,,,,,,,,,,,,,,,,,,,,
2013-12-11,W300HEC6,ST4000DM000,4000787030016,0,,69274904,,,,,,,,0,,,,,,2240,,,,,,,,,,,,,,,,,,,,,,,,,,,,,,20,,,,,,0,,,,,,,,,,,,,,,,,,,,,,,,,,,,
2013-12-11,W1F09LZR,ST3000DM001,3000592982016,0,,106483944,,,,,,,,0,,,,,,13345,,,,,,,,,,,,,,,,,,,,,,,,,,,,,,29,,,,,,0,,,,,,,,,,,,,,,,,,,,,,,,,,,,
2013-12-11,9VS34KX0,ST31500341AS,1500301910016,0,,14422260,,,,,,,,9,,,,,,32872,,,,,,,,,,,,,,,,,,,,,,,,,,,,,,24,,,,,,0,,,,,,,,,,,,,,,,,,,,,,,,,,,,
2013-12-11,JK11A8B9J4U5TF,Hitachi HDS722020ALA330,2000398934016,0,,0,,,,,,,,1,,,,,,25120,,,,,,,,,,,,,,,,,,,,,,,,,,,,,,36,,,,,,0,,,,,,,,,,,,,,,,,,,,,,,,,,,,
2013-12-11,MJ0351YNG9TRYA,Hitachi HDS5C3030ALA630,3000592982016,0,,0,,,,,,,,0,,,,,,8873,,,,,,,,,,,,,,,,,,,,,,,,,,,,,,29,,,,,,0,,,,,,,,,,,,,,,,,,,,,,,,,,,,
2013-12-11,JK11A8B9J7GREF,Hitachi HDS722020ALA330,2000398934016,0,,0,,,,,,,,0,,,,,,23576,,,,,,,,,,,,,,,,,,,,,,,,,,,,,,26,,,,,,0,,,,,,,,,,,,,,,,,,,,,,,,,,,,
2013-12-11,Z300KN4M,ST4000DM000,4000787030016,0,,146062000,,,,,,,,0,,,,,,2257,,,,,,,,,,,,,,,,,,,,,,,,,,,,,,22,,,,,,0,,,,,,,,,,,,,,,,,,,,,,,,,,,,
2013-12-11,W1F0C7C4,ST3000DM001,3000592982016,0,,12907784,,,,,,,,0,,,,,,12321,,,,,,,,,,,,,,,,,,,,,,,,,,,,,,30,,,,,,0,,,,,,,,,,,,,,,,,,,,,,,,,,,,
2013-12-11,JK11A8B9GPMXYF,Hitachi HDS722020ALA330,2000398934016,0,,0,,,,,,,,0,,,,,,23581,,,,,,,,,,,,,,,,,,,,,,,,,,,,,,33,,,,,,0,,,,,,,,,,,,,,,,,,,,,,,,,,,,
2013-12-11,W1F0C7C0,ST3000DM001,3000592982016,0,,117742912,,,,,,,,120,,,,,,12357,,,,,,,,,,,,,,,,,,,,,,,,,,,,,,23,,,,,,0,,,,,,,,,,,,,,,,,,,,,,,,,,,,
2013-12-11,JK1171B9HAK7DT,Hitachi HDS722020ALA330,2000398934016,0,,0,,,,,,,,0,,,,,,24305,,,,,,,,,,,,,,,,,,,,,,,,,,,,,,28,,,,,,0,,,,,,,,,,,,,,,,,,,,,,,,,,,,
2013-12-11,Z1F06R0G,ST3000DM001,3000592982016,0,,34115352,,,,,,,,0,,,,,,15827,,,,,,,,,,,,,,,,,,,,,,,,,,,,,,21,,,,,,0,,,,,,,,,,,,,,,,,,,,,,,,,,,,
2013-12-11,JK1101B9J3M5WF,Hitachi HDS722020ALA330,2000398934016,0,,0,,,,,,,,0,,,,,,21473,,,,,,,,,,,,,,,,,,,,,,,,,,,,,,28,,,,,,0,,,,,,,,,,,,,,,,,,,,,,,,,,,,
2013-12-11,PK1331PAJ3KB0S,HGST HDS724040ALE640,4000787030016,0,,0,,,,,,,,0,,,,,,2026,,,,,,,,,,,,,,,,,,,,,,,,,,,,,,24,,,,,,0,,,,,,,,,,,,,,,,,,,,,,,,,,,,
2013-12-11,JK1101B9JPLZEF,Hitachi HDS722020ALA330,2000398934016,0,,0,,,,,,,,0,,,,,,23990,,,,,,,,,,,,,,,,,,,,,,,,,,,,,,29,,,,,,0,,,,,,,,,,,,,,,,,,,,,,,,,,,,
2013-12-11,MJ0351YNG9XZSA,Hitachi HDS5C3030ALA630,3000592982016,0,,0,,,,,,,,0,,,,,,9146,,,,,,,,,,,,,,,,,,,,,,,,,,,,,,30,,,,,,0,,,,,,,,,,,,,,,,,,,,,,,,,,,,
2013-12-11,Z1F0MR6M,ST3000DM001,3000592982016,0,,151225832,,,,,,,,0,,,,,,11694,,,,,,,,,,,,,,,,,,,,,,,,,,,,,,28,,,,,,0,,,,,,,,,,,,,,,,,,,,,,,,,,,,
2013-12-11,MJ1311YNG77H7A,Hitachi HDS5C3030ALA630,3000592982016,0,,0,,,,,,,,0,,,,,,14597,,,,,,,,,,,,,,,,,,,,,,,,,,,,,,29,,,,,,0,,,,,,,,,,,,,,,,,,,,,,,,,,,,
2013-12-11,S1F0W45F,ST3000DM001,3000592982016,0,,174069512,,,,,,,,0,,,,,,7992,,,,,,,,,,,,,,,,,,,,,,,,,,,,,,29,,,,,,0,,,,,,,,,,,,,,,,,,,,,,,,,,,,
2013-12-11,JK11A5B8J10BAX,Hitachi HDS722020ALA330,2000398934016,0,,65536,,,,,,,,0,,,,,,23820,,,,,,,,,,,,,,,,,,,,,,,,,,,,,,24,,,,,,0,,,,,,,,,,,,,,,,,,,,,,,,,,,,
2013-12-11,PL1311LAG35MMH,Hitachi HDS5C4040ALE630,4000787030016,0,,0,,,,,,,,0,,,,,,5125,,,,,,,,,,,,,,,,,,,,,,,,,,,,,,28,,,,,,0,,,,,,,,,,,,,,,,,,,,,,,,,,,,
2013-12-11,JK11A8B9J3S6ZF,Hitachi HDS722020ALA330,2000398934016,0,,1,,,,,,,,0,,,,,,23828,,,,,,,,,,,,,,,,,,,,,,,,,,,,,,29,,,,,,0,,,,,,,,,,,,,,,,,,,,,,,,,,,,
2013-12-11,MJ1311YNG78HLA,Hitachi HDS5C3030ALA630,3000592982016,0,,0,,,,,,,,0,,,,,,14597,,,,,,,,,,,,,,,,,,,,,,,,,,,,,,29,,,,,,1,,,,,,,,,,,,,,,,,,,,,,,,,,,,
2013-12-11,S1F0QT05,ST3000DM001,3000592982016,0,,143523480,,,,,,,,0,,,,,,11022,,,,,,,,,,,,,,,,,,,,,,,,,,,,,,25,,,,,,0,,,,,,,,,,,,,,,,,,,,,,,,,,,,
2013-12-11,JK11A8B9J7WX4F,Hitachi HDS722020ALA330,2000398934016,0,,0,,,,,,,,0,,,,,,24665,,,,,,,,,,,,,,,,,,,,,,,,,,,,,,27,,,,,,0,,,,,,,,,,,,,,,,,,,,,,,,,,,,
2013-12-11,MJ0351YNG9YRUA,Hitachi HDS5C3030ALA630,3000592982016,0,,0,,,,,,,,0,,,,,,8870,,,,,,,,,,,,,,,,,,,,,,,,,,,,,,28,,,,,,0,,,,,,,,,,,,,,,,,,,,,,,,,,,,
2013-12-11,S1F019SQ,ST3000DM001,3000592982016,0,,141125408,,,,,,,,0,,,,,,15419,,,,,,,,,,,,,,,,,,,,,,,,,,,,,,23,,,,,,0,,,,,,,,,,,,,,,,,,,,,,,,,,,,
2013-12-11,JK11A8B9J78M2F,Hitachi HDS722020ALA330,2000398934016,0,,0,,,,,,,,0,,,,,,23579,,,,,,,,,,,,,,,,,,,,,,,,,,,,,,25,,,,,,0,,,,,,,,,,,,,,,,,,,,,,,,,,,,
2013-12-11,Z300GPFG,ST4000DM000,4000787030016,0,,198039160,,,,,,,,0,,,,,,3583,,,,,,,,,,,,,,,,,,,,,,,,,,,,,,21,,,,,,0,,,,,,,,,,,,,,,,,,,,,,,,,,,,
2013-12-11,W1F0DPAT,ST3000DM001,3000592982016,0,,31149808,,,,,,,,0,,,,,,12879,,,,,,,,,,,,,,,,,,,,,,,,,,,,,,26,,,,,,0,,,,,,,,,,,,,,,,,,,,,,,,,,,,
2013-12-11,W1F09LZL,ST3000DM001,3000592982016,0,,178908792,,,,,,,,0,,,,,,14214,,,,,,,,,,,,,,,,,,,,,,,,,,,,,,22,,,,,,0,,,,,,,,,,,,,,,,,,,,,,,,,,,,
2013-12-11,MJ1311YNG2XVSA,Hitachi HDS5C3030ALA630,3000592982016,0,,0,,,,,,,,0,,,,,,19586,,,,,,,,,,,,,,,,,,,,,,,,,,,,,,20,,,,,,0,,,,,,,,,,,,,,,,,,,,,,,,,,,,
2013-12-11,PL1311LAG21EJA,Hitachi HDS5C4040ALE630,4000787030016,0,,0,,,,,,,,0,,,,,,7757,,,,,,,,,,,,,,,,,,,,,,,,,,,,,,23,,,,,,0,,,,,,,,,,,,,,,,,,,,,,,,,,,,
2013-12-11,W30062HL,ST4000DM000,4000787030016,0,,236116088,,,,,,,,0,,,,,,2920,,,,,,,,,,,,,,,,,,,,,,,,,,,,,,19,,,,,,0,,,,,,,,,,,,,,,,,,,,,,,,,,,,
2013-12-11,MJ1311YNG7EP0A,Hitachi HDS5C3030ALA630,3000592982016,0,,0,,,,,,,,0,,,,,,14596,,,,,,,,,,,,,,,,,,,,,,,,,,,,,,24,,,,,,0,,,,,,,,,,,,,,,,,,,,,,,,,,,,
2013-12-11,PL1321LAG344TH,Hitachi HDS5C4040ALE630,4000787030016,0,,0,,,,,,,,0,,,,,,5070,,,,,,,,,,,,,,,,,,,,,,,,,,,,,,29,,,,,,0,,,,,,,,,,,,,,,,,,,,,,,,,,,,
2013-12-11,MJ1311YNG7JZ9A,Hitachi HDS5C3030ALA630,3000592982016,0,,0,,,,,,,,0,,,,,,14621,,,,,,,,,,,,,,,,,,,,,,,,,,,,,,23,,,,,,0,,,,,,,,,,,,,,,,,,,,,,,,,,,,
2013-12-11,Z1F1FZN5,ST3000DM001,3000592982016,0,,184577184,,,,,,,,0,,,,,,9568,,,,,,,,,,,,,,,,,,,,,,,,,,,,,,19,,,,,,0,,,,,,,,,,,,,,,,,,,,,,,,,,,,
2013-12-11,MJ0351YNGA756A,Hitachi HDS5C3030ALA630,3000592982016,0,,0,,,,,,,,0,,,,,,7691,,,,,,,,,,,,,,,,,,,,,,,,,,,,,,25,,,,,,0,,,,,,,,,,,,,,,,,,,,,,,,,,,,
2013-12-11,PL1311LAG3G96H,Hitachi HDS5C4040ALE630,4000787030016,0,,0,,,,,,,,0,,,,,,5125,,,,,,,,,,,,,,,,,,,,,,,,,,,,,,29,,,,,,0,,,,,,,,,,,,,,,,,,,,,,,,,,,,
2013-12-11,MJ1311YNG2ZTXA,Hitachi HDS5C3030ALA630,3000592982016,0,,0,,,,,,,,0,,,,,,18939,,,,,,,,,,,,,,,,,,,,,,,,,,,,,,27,,,,,,0,,,,,,,,,,,,,,,,,,,,,,,,,,,,
2013-12-11,PL1311LAG3AAMH,Hitachi HDS5C4040ALE630,4000787030016,0,,0,,,,,,,,0,,,,,,6654,,,,,,,,,,,,,,,,,,,,,,,,,,,,,,20,,,,,,0,,,,,,,,,,,,,,,,,,,,,,,,,,,,
2013-12-11,6XW0C745,ST31500541AS,1500301910016,0,,11256727,,,,,,,,0,,,,,,33261,,,,,,,,,,,,,,,,,,,,,,,,,,,,,,18,,,,,,0,,,,,,,,,,,,,,,,,,,,,,,,,,,,
2013-12-11,MJ0351YNG9Z6LA,Hitachi HDS5C3030ALA630,3000592982016,0,,0,,,,,,,,0,,,,,,9477,,,,,,,,,,,,,,,,,,,,,,,,,,,,,,26,,,,,,0,,,,,,,,,,,,,,,,,,,,,,,,,,,,
2013-12-11,JK11A8B9J9DAGF,Hitachi HDS722020ALA330,2000398934016,0,,0,,,,,,,,0,,,,,,24983,,,,,,,,,,,,,,,,,,,,,,,,,,,,,,28,,,,,,0,,,,,,,,,,,,,,,,,,,,,,,,,,,,
2013-12-11,Z290P6E5,ST33000651AS,3000592982016,0,,82526044,,,,,,,,0,,,,,,17737,,,,,,,,,,,,,,,,,,,,,,,,,,,,,,26,,,,,,0,,,,,,,,,,,,,,,,,,,,,,,,,,,,
2013-12-11,JK1171YAK1YGPN,Hitachi HDS722020ALA330,2000398934016,0,,0,,,,,,,,0,,,,,,29668,,,,,,,,,,,,,,,,,,,,,,,,,,,,,,31,,,,,,0,,,,,,,,,,,,,,,,,,,,,,,,,,,,
2013-12-11,Z300WG5N,ST4000DM000,4000787030016,0,,53592480,,,,,,,,0,,,,,,923,,,,,,,,,,,,,,,,,,,,,,,,,,,,,,27,,,,,,0,,,,,,,,,,,,,,,,,,,,,,,,,,,,
2013-12-11,MJ1311YNG7EURA,Hitachi HDS5C3030ALA630,3000592982016,0,,0,,,,,,,,0,,,,,,14310,,,,,,,,,,,,,,,,,,,,,,,,,,,,,,26,,,,,,0,,,,,,,,,,,,,,,,,,,,,,,,,,,,
2013-12-11,MJ0351YNG9SRSA,Hitachi HDS5C3030ALA630,3000592982016,0,,0,,,,,,,,0,,,,,,8509,,,,,,,,,,,,,,,,,,,,,,,,,,,,,,27,,,,,,0,,,,,,,,,,,,,,,,,,,,,,,,,,,,
2013-12-11,5XW02YS4,ST31500541AS,1500301910016,0,,145079231,,,,,,,,0,,,,,,37288,,,,,,,,,,,,,,,,,,,,,,,,,,,,,,26,,,,,,0,,,,,,,,,,,,,,,,,,,,,,,,,,,,
2013-12-11,MJ0351YNG9T1HA,Hitachi HDS5C3030ALA630,3000592982016,0,,0,,,,,,,,0,,,,,,9142,,,,,,,,,,,,,,,,,,,,,,,,,,,,,,28,,,,,,0,,,,,,,,,,,,,,,,,,,,,,,,,,,,
2013-12-11,Z300H3TW,ST4000DM000,4000787030016,0,,238353696,,,,,,,,0,,,,,,1331,,,,,,,,,,,,,,,,,,,,,,,,,,,,,,22,,,,,,0,,,,,,,,,,,,,,,,,,,,,,,,,,,,
2013-12-11,MJ1311YNG3AUHA,Hitachi HDS5C3030ALA630,3000592982016,0,,0,,,,,,,,0,,,,,,19254,,,,,,,,,,,,,,,,,,,,,,,,,,,,,,27,,,,,,0,,,,,,,,,,,,,,,,,,,,,,,,,,,,
2013-12-11,Z300H3TC,ST4000DM000,4000787030016,0,,240653632,,,,,,,,0,,,,,,2856,,,,,,,,,,,,,,,,,,,,,,,,,,,,,,22,,,,,,0,,,,,,,,,,,,,,,,,,,,,,,,,,,,
2013-12-11,PL1321LAG2HPVH,Hitachi HDS5C4040ALE630,4000787030016,0,,0,,,,,,,,0,,,,,,6652,,,,,,,,,,,,,,,,,,,,,,,,,,,,,,22,,,,,,0,,,,,,,,,,,,,,,,,,,,,,,,,,,,
2013-12-11,W1F09XA6,ST3000DM001,3000592982016,0,,81131264,,,,,,,,0,,,,,,14719,,,,,,,,,,,,,,,,,,,,,,,,,,,,,,23,,,,,,0,,,,,,,,,,,,,,,,,,,,,,,,,,,,
2013-12-11,W1F093LG,ST3000DM001,3000592982016,0,,226525872,,,,,,,,0,,,,,,14729,,,,,,,,,,,,,,,,,,,,,,,,,,,,,,23,,,,,,0,,,,,,,,,,,,,,,,,,,,,,,,,,,,
2013-12-11,W300J8BR,ST4000DM000,4000787030016,0,,176488960,,,,,,,,0,,,,,,2239,,,,,,,,,,,,,,,,,,,,,,,,,,,,,,18,,,,,,0,,,,,,,,,,,,,,,,,,,,,,,,,,,,
2013-12-11,JK11A8B9J89Z5F,Hitachi HDS722020ALA330,2000398934016,0,,0,,,,,,,,0,,,,,,25125,,,,,,,,,,,,,,,,,,,,,,,,,,,,,,29,,,,,,0,,,,,,,,,,,,,,,,,,,,,,,,,,,,
2013-12-11,MJ0351YNG9UXXA,Hitachi HDS5C3030ALA630,3000592982016,0,,0,,,,,,,,0,,,,,,9722,,,,,,,,,,,,,,,,,,,,,,,,,,,,,,30,,,,,,0,,,,,,,,,,,,,,,,,,,,,,,,,,,,
2013-12-11,Z1F0Q8RT,ST3000DM001,3000592982016,0,,57162312,,,,,,,,0,,,,,,12154,,,,,,,,,,,,,,,,,,,,,,,,,,,,,,22,,,,,,0,,,,,,,,,,,,,,,,,,,,,,,,,,,,
2013-12-11,MJ1311YNG7KRNA,Hitachi HDS5C3030ALA630,3000592982016,0,,0,,,,,,,,0,,,,,,14331,,,,,,,,,,,,,,,,,,,,,,,,,,,,,,34,,,,,,0,,,,,,,,,,,,,,,,,,,,,,,,,,,,
2013-12-11,MJ0351YNG9ZNKA,Hitachi HDS5C3030ALA630,3000592982016,0,,0,,,,,,,,0,,,,,,9483,,,,,,,,,,,,,,,,,,,,,,,,,,,,,,31,,,,,,0,,,,,,,,,,,,,,,,,,,,,,,,,,,,
2013-12-11,Z300BLVV,ST4000DM000,4000787030016,0,,149685240,,,,,,,,0,,,,,,2261,,,,,,,,,,,,,,,,,,,,,,,,,,,,,,21,,,,,,0,,,,,,,,,,,,,,,,,,,,,,,,,,,,
2013-12-11,9VS1QFQ3,ST31500341AS,1500301910016,0,,34412619,,,,,,,,3,,,,,,40072,,,,,,,,,,,,,,,,,,,,,,,,,,,,,,29,,,,,,0,,,,,,,,,,,,,,,,,,,,,,,,,,,,
2013-12-11,MJ0351YNG9UJJA,Hitachi HDS5C3030ALA630,3000592982016,0,,0,,,,,,,,0,,,,,,9524,,,,,,,,,,,,,,,,,,,,,,,,,,,,,,35,,,,,,0,,,,,,,,,,,,,,,,,,,,,,,,,,,,
2013-12-11,JK1130YAG19PGT,Hitachi HDS722020ALA330,2000398934016,0,,1,,,,,,,,0,,,,,,19250,,,,,,,,,,,,,,,,,,,,,,,,,,,,,,27,,,,,,0,,,,,,,,,,,,,,,,,,,,,,,,,,,,
2013-12-11,Z300CWRP,ST4000DM000,4000787030016,0,,227884896,,,,,,,,0,,,,,,2243,,,,,,,,,,,,,,,,,,,,,,,,,,,,,,19,,,,,,0,,,,,,,,,,,,,,,,,,,,,,,,,,,,
2013-12-11,Z300KFRP,ST4000DM000,4000787030016,0,,203230312,,,,,,,,0,,,,,,152,,,,,,,,,,,,,,,,,,,,,,,,,,,,,,24,,,,,,0,,,,,,,,,,,,,,,,,,,,,,,,,,,,
2013-12-11,MK0311YHGKV7PA,Hitachi HDS723030ALA640,3000592982016,0,,0,,,,,,,,0,,,,,,17017,,,,,,,,,,,,,,,,,,,,,,,,,,,,,,23,,,,,,0,,,,,,,,,,,,,,,,,,,,,,,,,,,,
2013-12-11,WD-WCC1T1263421,WDC WD30EFRX,3000592982016,0,,0,,,,,,,,0,,,,,,683,,,,,,,,,,,,,,,,,,,,,,,,,,,,,,24,,,,,,0,,,,,,,,,,,,,,,,,,,,,,,,,,,,
2013-12-11,Z3005HFF,ST4000DM000,4000787030016,0,,90557952,,,,,,,,0,,,,,,2589,,,,,,,,,,,,,,,,,,,,,,,,,,,,,,21,,,,,,0,,,,,,,,,,,,,,,,,,,,,,,,,,,,
2013-12-11,S1F06XA2,ST3000DM001,3000592982016,0,,209359728,,,,,,,,0,,,,,,14233,,,,,,,,,,,,,,,,,,,,,,,,,,,,,,24,,,,,,0,,,,,,,,,,,,,,,,,,,,,,,,,,,,
2013-12-11,Z300CMY2,ST4000DM000,4000787030016,0,,206826864,,,,,,,,0,,,,,,2385,,,,,,,,,,,,,,,,,,,,,,,,,,,,,,24,,,,,,0,,,,,,,,,,,,,,,,,,,,,,,,,,,,
2013-12-11,JK11A8B9JR1PAF,Hitachi HDS722020ALA330,2000398934016,0,,0,,,,,,,,0,,,,,,23718,,,,,,,,,,,,,,,,,,,,,,,,,,,,,,27,,,,,,0,,,,,,,,,,,,,,,,,,,,,,,,,,,,
2013-12-11,MK0311YHGJZT5A,Hitachi HDS723030ALA640,3000592982016,0,,0,,,,,,,,0,,,,,,16735,,,,,,,,,,,,,,,,,,,,,,,,,,,,,,26,,,,,,0,,,,,,,,,,,,,,,,,,,,,,,,,,,,
2013-12-11,JK11A4B8JR5H1W,Hitachi HDS722020ALA330,2000398934016,0,,0,,,,,,,,0,,,,,,23822,,,,,,,,,,,,,,,,,,,,,,,,,,,,,,26,,,,,,0,,,,,,,,,,,,,,,,,,,,,,,,,,,,
2013-12-11,MJ0351YNGA8LZA,Hitachi HDS5C3030ALA630,3000592982016,0,,0,,,,,,,,0,,,,,,8603,,,,,,,,,,,,,,,,,,,,,,,,,,,,,,32,,,,,,0,,,,,,,,,,,,,,,,,,,,,,,,,,,,
2013-12-11,MK0333YHGNDSXC,Hitachi HDS723030ALA640,3000592982016,0,,0,,,,,,,,0,,,,,,17762,,,,,,,,,,,,,,,,,,,,,,,,,,,,,,22,,,,,,0,,,,,,,,,,,,,,,,,,,,,,,,,,,,
2013-12-11,JK11A8B9J7G41F,Hitachi HDS722020ALA330,2000398934016,0,,0,,,,,,,,0,,,,,,24467,,,,,,,,,,,,,,,,,,,,,,,,,,,,,,28,,,,,,0,,,,,,,,,,,,,,,,,,,,,,,,,,,,
2013-12-11,WD-WCAU45546440,WDC WD10EADS,1000204886016,0,,0,,,,,,,,0,,,,,,42224,,,,,,,,,,,,,,,,,,,,,,,,,,,,,,26,,,,,,0,,,,,,,,,,,,,,,,,,,,,,,,,,,,
2013-12-11,MJ1311YNG3KX8A,Hitachi HDS5C3030ALA630,3000592982016,0,,0,,,,,,,,0,,,,,,19254,,,,,,,,,,,,,,,,,,,,,,,,,,,,,,24,,,,,,0,,,,,,,,,,,,,,,,,,,,,,,,,,,,
2013-12-11,Z1F02QSW,ST3000DM001,3000592982016,0,,176644080,,,,,,,,0,,,,,,16787,,,,,,,,,,,,,,,,,,,,,,,,,,,,,,28,,,,,,0,,,,,,,,,,,,,,,,,,,,,,,,,,,,
2013-12-11,W1F09VC3,ST3000DM001,3000592982016,0,,2629424,,,,,,,,0,,,,,,13342,,,,,,,,,,,,,,,,,,,,,,,,,,,,,,30,,,,,,0,,,,,,,,,,,,,,,,,,,,,,,,,,,,
2013-12-11,Z1Z047M7,ST4000DX000,4000787030016,0,,199521806,,,,,,,,0,,,,,,5037,,,,,,,,,,,,,,,,,,,,,,,,,,,,,,32,,,,,,0,,,,,,,,,,,,,,,,,,,,,,,,,,,,
2013-12-11,JK11A8B9J7YU5F,Hitachi HDS722020ALA330,2000398934016,0,,0,,,,,,,,0,,,,,,25120,,,,,,,,,,,,,,,,,,,,,,,,,,,,,,35,,,,,,0,,,,,,,,,,,,,,,,,,,,,,,,,,,,
2013-12-11,W300JMS7,ST4000DM000,4000787030016,0,,80988984,,,,,,,,0,,,,,,2875,,,,,,,,,,,,,,,,,,,,,,,,,,,,,,24,,,,,,0,,,,,,,,,,,,,,,,,,,,,,,,,,,,
2013-12-11,S1F06FHL,ST3000DM001,3000592982016,0,,84051728,,,,,,,,0,,,,,,13824,,,,,,,,,,,,,,,,,,,,,,,,,,,,,,22,,,,,,0,,,,,,,,,,,,,,,,,,,,,,,,,,,,
2013-12-11,MJ1321YNG13PVA,Hitachi HDS5C3030ALA630,3000592982016,0,,0,,,,,,,,0,,,,,,20729,,,,,,,,,,,,,,,,,,,,,,,,,,,,,,31,,,,,,0,,,,,,,,,,,,,,,,,,,,,,,,,,,,
2013-12-11,Z300KFR5,ST4000DM000,4000787030016,0,,194212952,,,,,,,,0,,,,,,152,,,,,,,,,,,,,,,,,,,,,,,,,,,,,,23,,,,,,0,,,,,,,,,,,,,,,,,,,,,,,,,,,,
2013-12-11,JK11A8B9J2YHJF,Hitachi HDS722020ALA330,2000398934016,0,,0,,,,,,,,0,,,,,,24544,,,,,,,,,,,,,,,,,,,,,,,,,,,,,,26,,,,,,0,,,,,,,,,,,,,,,,,,,,,,,,,,,,
2013-12-11,WD-WCAWZ1295346,WDC WD30EZRX,3000592982016,0,,0,,,,,,,,0,,,,,,17601,,,,,,,,,,,,,,,,,,,,,,,,,,,,,,22,,,,,,0,,,,,,,,,,,,,,,,,,,,,,,,,,,,
2013-12-11,JK1101B9JPMLKF,Hitachi HDS722020ALA330,2000398934016,0,,0,,,,,,,,0,,,,,,23947,,,,,,,,,,,,,,,,,,,,,,,,,,,,,,26,,,,,,0,,,,,,,,,,,,,,,,,,,,,,,,,,,,
2013-12-11,W300BZ7R,ST4000DM000,4000787030016,0,,231556784,,,,,,,,0,,,,,,2248,,,,,,,,,,,,,,,,,,,,,,,,,,,,,,21,,,,,,0,,,,,,,,,,,,,,,,,,,,,,,,,,,,
2013-12-11,PL1311LAG2E03H,Hitachi HDS5C4040ALE630,4000787030016,0,,0,,,,,,,,0,,,,,,7461,,,,,,,,,,,,,,,,,,,,,,,,,,,,,,28,,,,,,0,,,,,,,,,,,,,,,,,,,,,,,,,,,,
2013-12-11,W3009039,ST4000DM000,4000787030016,0,,12166560,,,,,,,,0,,,,,,945,,,,,,,,,,,,,,,,,,,,,,,,,,,,,,25,,,,,,0,,,,,,,,,,,,,,,,,,,,,,,,,,,,
2013-12-11,WD-WCC070169032,WDC WD30EZRX,3000592982016,0,,0,,,,,,,,0,,,,,,8606,,,,,,,,,,,,,,,,,,,,,,,,,,,,,,26,,,,,,0,,,,,,,,,,,,,,,,,,,,,,,,,,,,
2013-12-11,W300BZ7H,ST4000DM000,4000787030016,0,,193344448,,,,,,,,0,,,,,,4188,,,,,,,,,,,,,,,,,,,,,,,,,,,,,,28,,,,,,0,,,,,,,,,,,,,,,,,,,,,,,,,,,,
2013-12-11,MJ0351YNGA6TSA,Hitachi HDS5C3030ALA630,3000592982016,0,,0,,,,,,,,0,,,,,,8883,,,,,,,,,,,,,,,,,,,,,,,,,,,,,,31,,,,,,0,,,,,,,,,,,,,,,,,,,,,,,,,,,,
2013-12-11,JK1105B8JPKW9X,Hitachi HDS722020ALA330,2000398934016,0,,262146,,,,,,,,0,,,,,,22684,,,,,,,,,,,,,,,,,,,,,,,,,,,,,,25,,,,,,0,,,,,,,,,,,,,,,,,,,,,,,,,,,,
2013-12-11,MJ0351YNG9VZBA,Hitachi HDS5C3030ALA630,3000592982016,0,,0,,,,,,,,0,,,,,,9989,,,,,,,,,,,,,,,,,,,,,,,,,,,,,,25,,,,,,0,,,,,,,,,,,,,,,,,,,,,,,,,,,,
2013-12-11,PL1311LAG3ADWH,Hitachi HDS5C4040ALE630,4000787030016,0,,0,,,,,,,,0,,,,,,6639,,,,,,,,,,,,,,,,,,,,,,,,,,,,,,28,,,,,,0,,,,,,,,,,,,,,,,,,,,,,,,,,,,
2013-12-11,JK1101B9KNPBBF,Hitachi HDS722020ALA330,2000398934016,0,,0,,,,,,,,0,,,,,,22955,,,,,,,,,,,,,,,,,,,,,,,,,,,,,,25,,,,,,0,,,,,,,,,,,,,,,,,,,,,,,,,,,,
2013-12-11,PL1321LAG35ESH,Hitachi HDS5C4040ALE630,4000787030016,0,,0,,,,,,,,0,,,,,,6568,,,,,,,,,,,,,,,,,,,,,,,,,,,,,,30,,,,,,0,,,,,,,,,,,,,,,,,,,,,,,,,,,,
2013-12-11,W1F08JMN,ST3000DM001,3000592982016,0,,53279376,,,,,,,,0,,,,,,13361,,,,,,,,,,,,,,,,,,,,,,,,,,,,,,22,,,,,,0,,,,,,,,,,,,,,,,,,,,,,,,,,,,
2013-12-11,Z1Z053W6,ST4000DX000,4000787030016,0,,104440875,,,,,,,,0,,,,,,5078,,,,,,,,,,,,,,,,,,,,,,,,,,,,,,34,,,,,,0,,,,,,,,,,,,,,,,,,,,,,,,,,,,
2013-12-11,JK11A5B8J36RLX,Hitachi HDS722020ALA330,2000398934016,0,,0,,,,,,,,0,,,,,,23820,,,,,,,,,,,,,,,,,,,,,,,,,,,,,,27,,,,,,0,,,,,,,,,,,,,,,,,,,,,,,,,,,,
2013-12-11,S1F13KG3,ST3000DM001,3000592982016,0,,38403784,,,,,,,,0,,,,,,8186,,,,,,,,,,,,,,,,,,,,,,,,,,,,,,21,,,,,,0,,,,,,,,,,,,,,,,,,,,,,,,,,,,
2013-12-11,JK11A4B8J3HV1W,Hitachi HDS722020ALA330,2000398934016,0,,1,,,,,,,,0,,,,,,25119,,,,,,,,,,,,,,,,,,,,,,,,,,,,,,33,,,,,,0,,,,,,,,,,,,,,,,,,,,,,,,,,,,
2013-12-11,PL1311LAG24T5A,Hitachi HDS5C4040ALE630,4000787030016,0,,0,,,,,,,,0,,,,,,7760,,,,,,,,,,,,,,,,,,,,,,,,,,,,,,19,,,,,,0,,,,,,,,,,,,,,,,,,,,,,,,,,,,
2013-12-11,JK1101B9KNLV2F,Hitachi HDS722020ALA330,2000398934016,0,,0,,,,,,,,0,,,,,,23125,,,,,,,,,,,,,,,,,,,,,,,,,,,,,,38,,,,,,0,,,,,,,,,,,,,,,,,,,,,,,,,,,,
2013-12-11,S1F0QY8S,ST3000DM001,3000592982016,0,,52013800,,,,,,,,0,,,,,,11639,,,,,,,,,,,,,,,,,,,,,,,,,,,,,,25,,,,,,0,,,,,,,,,,,,,,,,,,,,,,,,,,,,
2013-12-11,Z1Z053WQ,ST4000DX000,4000787030016,0,,121212272,,,,,,,,0,,,,,,5077,,,,,,,,,,,,,,,,,,,,,,,,,,,,,,33,,,,,,0,,,,,,,,,,,,,,,,,,,,,,,,,,,,
2013-12-11,JK11A8B9J3ZSDF,Hitachi HDS722020ALA330,2000398934016,0,,0,,,,,,,,0,,,,,,25539,,,,,,,,,,,,,,,,,,,,,,,,,,,,,,26,,,,,,0,,,,,,,,,,,,,,,,,,,,,,,,,,,,
2013-12-11,W1F0QR6C,ST3000DM001,3000592982016,0,,90987352,,,,,,,,0,,,,,,12616,,,,,,,,,,,,,,,,,,,,,,,,,,,,,,24,,,,,,0,,,,,,,,,,,,,,,,,,,,,,,,,,,,
2013-12-11,JK1174YAK8RD6W,Hitachi HDS722020ALA330,2000398934016,0,,65537,,,,,,,,0,,,,,,29018,,,,,,,,,,,,,,,,,,,,,,,,,,,,,,29,,,,,,0,,,,,,,,,,,,,,,,,,,,,,,,,,,,
2013-12-11,W1F0QR6N,ST3000DM001,3000592982016,0,,125330088,,,,,,,,0,,,,,,12548,,,,,,,,,,,,,,,,,,,,,,,,,,,,,,24,,,,,,0,,,,,,,,,,,,,,,,,,,,,,,,,,,,
2013-12-11,MJ1311YNG5A6ZA,Hitachi HDS5C3030ALA630,3000592982016,0,,0,,,,,,,,0,,,,,,14625,,,,,,,,,,,,,,,,,,,,,,,,,,,,,,26,,,,,,0,,,,,,,,,,,,,,,,,,,,,,,,,,,,
2013-12-11,PL1321LAG35NWH,Hitachi HDS5C4040ALE630,4000787030016,0,,0,,,,,,,,0,,,,,,6650,,,,,,,,,,,,,,,,,,,,,,,,,,,,,,25,,,,,,0,,,,,,,,,,,,,,,,,,,,,,,,,,,,
2013-12-11,S1F02ZE0,ST3000DM001,3000592982016,0,,97005520,,,,,,,,0,,,,,,15347,,,,,,,,,,,,,,,,,,,,,,,,,,,,,,26,,,,,,0,,,,,,,,,,,,,,,,,,,,,,,,,,,,
2013-12-11,S1F02ZE3,ST3000DM001,3000592982016,0,,207844464,,,,,,,,0,,,,,,15193,,,,,,,,,,,,,,,,,,,,,,,,,,,,,,22,,,,,,0,,,,,,,,,,,,,,,,,,,,,,,,,,,,
2013-12-11,PL1321LAG31R4H,Hitachi HDS5C4040ALE630,4000787030016,0,,0,,,,,,,,0,,,,,,5139,,,,,,,,,,,,,,,,,,,,,,,,,,,,,,30,,,,,,0,,,,,,,,,,,,,,,,,,,,,,,,,,,,
2013-12-11,Z290WJAB,ST33000651AS,3000592982016,0,,208122304,,,,,,,,0,,,,,,17050,,,,,,,,,,,,,,,,,,,,,,,,,,,,,,26,,,,,,0,,,,,,,,,,,,,,,,,,,,,,,,,,,,
2013-12-11,Z1F0531X,ST3000DM001,3000592982016,0,,77780256,,,,,,,,0,,,,,,2870,,,,,,,,,,,,,,,,,,,,,,,,,,,,,,27,,,,,,0,,,,,,,,,,,,,,,,,,,,,,,,,,,,
2013-12-11,JK1105B8GGA4PX,Hitachi HDS722020ALA330,2000398934016,0,,1,,,,,,,,0,,,,,,26766,,,,,,,,,,,,,,,,,,,,,,,,,,,,,,26,,,,,,0,,,,,,,,,,,,,,,,,,,,,,,,,,,,
2013-12-11,Z300E2D4,ST4000DM000,4000787030016,0,,123478944,,,,,,,,0,,,,,,2272,,,,,,,,,,,,,,,,,,,,,,,,,,,,,,22,,,,,,0,,,,,,,,,,,,,,,,,,,,,,,,,,,,
2013-12-11,PL1311LAG28RDH,Hitachi HDS5C4040ALE630,4000787030016,0,,0,,,,,,,,0,,,,,,6653,,,,,,,,,,,,,,,,,,,,,,,,,,,,,,27,,,,,,0,,,,,,,,,,,,,,,,,,,,,,,,,,,,
2013-12-11,9XK0BMJY,ST33000651AS,3000592982016,0,,65598452,,,,,,,,0,,,,,,16865,,,,,,,,,,,,,,,,,,,,,,,,,,,,,,24,,,,,,0,,,,,,,,,,,,,,,,,,,,,,,,,,,,
2013-12-11,W1F0HP5G,ST3000DM001,3000592982016,0,,204865216,,,,,,,,0,,,,,,10941,,,,,,,,,,,,,,,,,,,,,,,,,,,,,,28,,,,,,0,,,,,,,,,,,,,,,,,,,,,,,,,,,,
2013-12-11,PL1311LAG28HEH,Hitachi HDS5C4040ALE630,4000787030016,0,,0,,,,,,,,0,,,,,,7457,,,,,,,,,,,,,,,,,,,,,,,,,,,,,,28,,,,,,0,,,,,,,,,,,,,,,,,,,,,,,,,,,,
2013-12-11,6XW01L7S,ST31500541AS,1500301910016,0,,146194071,,,,,,,,0,,,,,,36645,,,,,,,,,,,,,,,,,,,,,,,,,,,,,,22,,,,,,0,,,,,,,,,,,,,,,,,,,,,,,,,,,,
2013-12-11,Z300W3NG,ST4000DM000,4000787030016,0,,44008120,,,,,,,,0,,,,,,918,,,,,,,,,,,,,,,,,,,,,,,,,,,,,,20,,,,,,0,,,,,,,,,,,,,,,,,,,,,,,,,,,,
2013-12-11,S1F02PJV,ST3000DM001,3000592982016,0,,159635080,,,,,,,,0,,,,,,15480,,,,,,,,,,,,,,,,,,,,,,,,,,,,,,24,,,,,,32,,,,,,,,,,,,,,,,,,,,,,,,,,,,
2013-12-11,Z300E2DH,ST4000DM000,4000787030016,0,,39082600,,,,,,,,0,,,,,,2239,,,,,,,,,,,,,,,,,,,,,,,,,,,,,,18,,,,,,0,,,,,,,,,,,,,,,,,,,,,,,,,,,,
2013-12-11,6XW15W9K,ST32000542AS,2000398934016,0,,47177155,,,,,,,,0,,,,,,14103,,,,,,,,,,,,,,,,,,,,,,,,,,,,,,23,,,,,,0,,,,,,,,,,,,,,,,,,,,,,,,,,,,
2013-12-11,PL1311LAG2ADJH,Hitachi HDS5C4040ALE630,4000787030016,0,,0,,,,,,,,0,,,,,,5302,,,,,,,,,,,,,,,,,,,,,,,,,,,,,,27,,,,,,0,,,,,,,,,,,,,,,,,,,,,,,,,,,,
2013-12-11,6XW00WG1,ST31500541AS,1500301910016,0,,11429777,,,,,,,,0,,,,,,35760,,,,,,,,,,,,,,,,,,,,,,,,,,,,,,21,,,,,,0,,,,,,,,,,,,,,,,,,,,,,,,,,,,
2013-12-11,S1F02ZEE,ST3000DM001,3000592982016,0,,88719512,,,,,,,,0,,,,,,15421,,,,,,,,,,,,,,,,,,,,,,,,,,,,,,23,,,,,,0,,,,,,,,,,,,,,,,,,,,,,,,,,,,
2013-12-11,Z300E2DY,ST4000DM000,4000787030016,0,,233137112,,,,,,,,0,,,,,,2246,,,,,,,,,,,,,,,,,,,,,,,,,,,,,,24,,,,,,0,,,,,,,,,,,,,,,,,,,,,,,,,,,,
2013-12-11,S1F02ZEG,ST3000DM001,3000592982016,0,,223604488,,,,,,,,1464,,,,,,16201,,,,,,,,,,,,,,,,,,,,,,,,,,,,,,22,,,,,,0,,,,,,,,,,,,,,,,,,,,,,,,,,,,
2013-12-11,JK1101B9JNVASF,Hitachi HDS722020ALA330,2000398934016,0,,0,,,,,,,,0,,,,,,23991,,,,,,,,,,,,,,,,,,,,,,,,,,,,,,35,,,,,,0,,,,,,,,,,,,,,,,,,,,,,,,,,,,
2013-12-11,MJ1311YNG7AEVA,Hitachi HDS5C3030ALA630,3000592982016,0,,0,,,,,,,,0,,,,,,14685,,,,,,,,,,,,,,,,,,,,,,,,,,,,,,21,,,,,,0,,,,,,,,,,,,,,,,,,,,,,,,,,,,
2013-12-11,JK1101B9JPJ93F,Hitachi HDS722020ALA330,2000398934016,0,,0,,,,,,,,0,,,,,,24401,,,,,,,,,,,,,,,,,,,,,,,,,,,,,,30,,,,,,0,,,,,,,,,,,,,,,,,,,,,,,,,,,,
2013-12-11,W1F08EL8,ST3000DM001,3000592982016,0,,102316800,,,,,,,,0,,,,,,13796,,,,,,,,,,,,,,,,,,,,,,,,,,,,,,25,,,,,,0,,,,,,,,,,,,,,,,,,,,,,,,,,,,
2013-12-11,MJ1321YNG0TSXA,Hitachi HDS5C3030ALA630,3000592982016,0,,0,,,,,,,,0,,,,,,19801,,,,,,,,,,,,,,,,,,,,,,,,,,,,,,27,,,,,,0,,,,,,,,,,,,,,,,,,,,,,,,,,,,
2013-12-11,PL1311LAG2BA3H,Hitachi HDS5C4040ALE630,4000787030016,0,,0,,,,,,,,0,,,,,,7402,,,,,,,,,,,,,,,,,,,,,,,,,,,,,,23,,,,,,0,,,,,,,,,,,,,,,,,,,,,,,,,,,,
2013-12-11,W300BH7Y,ST4000DM000,4000787030016,0,,7656768,,,,,,,,0,,,,,,3611,,,,,,,,,,,,,,,,,,,,,,,,,,,,,,21,,,,,,0,,,,,,,,,,,,,,,,,,,,,,,,,,,,
2013-12-11,MJ0351YNG9W1MA,Hitachi HDS5C3030ALA630,3000592982016,0,,0,,,,,,,,0,,,,,,8873,,,,,,,,,,,,,,,,,,,,,,,,,,,,,,27,,,,,,0,,,,,,,,,,,,,,,,,,,,,,,,,,,,
2013-12-11,S1F118JP,ST3000DM001,3000592982016,0,,101051536,,,,,,,,0,,,,,,7991,,,,,,,,,,,,,,,,,,,,,,,,,,,,,,16,,,,,,0,,,,,,,,,,,,,,,,,,,,,,,,,,,,
2013-12-11,MJ1311YNG6VVPA,Hitachi HDS5C3030ALA630,3000592982016,0,,0,,,,,,,,0,,,,,,14681,,,,,,,,,,,,,,,,,,,,,,,,,,,,,,26,,,,,,0,,,,,,,,,,,,,,,,,,,,,,,,,,,,
2013-12-11,W300BH7A,ST4000DM000,4000787030016,0,,17356648,,,,,,,,0,,,,,,3611,,,,,,,,,,,,,,,,,,,,,,,,,,,,,,23,,,,,,0,,,,,,,,,,,,,,,,,,,,,,,,,,,,
2013-12-11,JK11A4YAKDWKJW,Hitachi HDS722020ALA330,2000398934016,0,,0,,,,,,,,0,,,,,,27871,,,,,,,,,,,,,,,,,,,,,,,,,,,,,,23,,,,,,0,,,,,,,,,,,,,,,,,,,,,,,,,,,,
2013-12-11,W300BH7B,ST4000DM000,4000787030016,0,,183752912,,,,,,,,0,,,,,,3604,,,,,,,,,,,,,,,,,,,,,,,,,,,,,,24,,,,,,0,,,,,,,,,,,,,,,,,,,,,,,,,,,,
2013-12-11,Z300PMGW,ST4000DM000,4000787030016,0,,14550528,,,,,,,,0,,,,,,1232,,,,,,,,,,,,,,,,,,,,,,,,,,,,,,18,,,,,,0,,,,,,,,,,,,,,,,,,,,,,,,,,,,
2013-12-11,JK1105B8GGAEKX,Hitachi HDS722020ALA330,2000398934016,0,,0,,,,,,,,0,,,,,,26858,,,,,,,,,,,,,,,,,,,,,,,,,,,,,,28,,,,,,0,,,,,,,,,,,,,,,,,,,,,,,,,,,,
2013-12-11,W300CJ77,ST4000DM000,4000787030016,0,,20021920,,,,,,,,0,,,,,,2224,,,,,,,,,,,,,,,,,,,,,,,,,,,,,,23,,,,,,0,,,,,,,,,,,,,,,,,,,,,,,,,,,,
2013-12-11,JK11A8B9J0LSXF,Hitachi HDS722020ALA330,2000398934016,0,,65536,,,,,,,,0,,,,,,23636,,,,,,,,,,,,,,,,,,,,,,,,,,,,,,30,,,,,,0,,,,,,,,,,,,,,,,,,,,,,,,,,,,
2013-12-11,Z300JBZ0,ST4000DM000,4000787030016,0,,173881752,,,,,,,,0,,,,,,2241,,,,,,,,,,,,,,,,,,,,,,,,,,,,,,22,,,,,,0,,,,,,,,,,,,,,,,,,,,,,,,,,,,
2013-12-11,JK11A8B9J5HHPF,Hitachi HDS722020ALA330,2000398934016,0,,0,,,,,,,,0,,,,,,24496,,,,,,,,,,,,,,,,,,,,,,,,,,,,,,29,,,,,,0,,,,,,,,,,,,,,,,,,,,,,,,,,,,
2013-12-11,W3005QB0,ST4000DM000,4000787030016,0,,29882296,,,,,,,,0,,,,,,2890,,,,,,,,,,,,,,,,,,,,,,,,,,,,,,26,,,,,,0,,,,,,,,,,,,,,,,,,,,,,,,,,,,
2013-12-11,6XW0SREP,ST31500541AS,1500301910016,0,,239551681,,,,,,,,0,,,,,,33863,,,,,,,,,,,,,,,,,,,,,,,,,,,,,,18,,,,,,0,,,,,,,,,,,,,,,,,,,,,,,,,,,,
2013-12-11,MJ1311YNG2WUBA,Hitachi HDS5C3030ALA630,3000592982016,0,,0,,,,,,,,0,,,,,,18928,,,,,,,,,,,,,,,,,,,,,,,,,,,,,,29,,,,,,0,,,,,,,,,,,,,,,,,,,,,,,,,,,,
2013-12-11,MJ0351YNGA6KRA,Hitachi HDS5C3030ALA630,3000592982016,0,,0,,,,,,,,0,,,,,,9147,,,,,,,,,,,,,,,,,,,,,,,,,,,,,,29,,,,,,0,,,,,,,,,,,,,,,,,,,,,,,,,,,,
2013-12-11,S1F06W1Z,ST3000DM001,3000592982016,0,,112770272,,,,,,,,0,,,,,,13913,,,,,,,,,,,,,,,,,,,,,,,,,,,,,,23,,,,,,0,,,,,,,,,,,,,,,,,,,,,,,,,,,,
2013-12-11,Z300XC4P,ST4000DM000,4000787030016,0,,109653240,,,,,,,,0,,,,,,923,,,,,,,,,,,,,,,,,,,,,,,,,,,,,,24,,,,,,0,,,,,,,,,,,,,,,,,,,,,,,,,,,,
2013-12-11,PL1301LAG2X3LA,Hitachi HDS5C4040ALE630,4000787030016,0,,0,,,,,,,,0,,,,,,5961,,,,,,,,,,,,,,,,,,,,,,,,,,,,,,19,,,,,,0,,,,,,,,,,,,,,,,,,,,,,,,,,,,
2013-12-11,JK11A8B9J7GTDF,Hitachi HDS722020ALA330,2000398934016,0,,0,,,,,,,,0,,,,,,23577,,,,,,,,,,,,,,,,,,,,,,,,,,,,,,24,,,,,,0,,,,,,,,,,,,,,,,,,,,,,,,,,,,
2013-12-11,MJ1311YNG0AUVA,Hitachi HDS5C3030ALA630,3000592982016,0,,0,,,,,,,,0,,,,,,20498,,,,,,,,,,,,,,,,,,,,,,,,,,,,,,31,,,,,,0,,,,,,,,,,,,,,,,,,,,,,,,,,,,
2013-12-11,S1F02JPP,ST3000DM001,3000592982016,0,,155157608,,,,,,,,0,,,,,,14214,,,,,,,,,,,,,,,,,,,,,,,,,,,,,,19,,,,,,0,,,,,,,,,,,,,,,,,,,,,,,,,,,,
2013-12-11,9XK0PYAK,ST33000651AS,3000592982016,0,,220644991,,,,,,,,0,,,,,,17738,,,,,,,,,,,,,,,,,,,,,,,,,,,,,,25,,,,,,0,,,,,,,,,,,,,,,,,,,,,,,,,,,,
2013-12-11,MJ1311YNG70WZA,Hitachi HDS5C3030ALA630,3000592982016,0,,0,,,,,,,,0,,,,,,14289,,,,,,,,,,,,,,,,,,,,,,,,,,,,,,28,,,,,,0,,,,,,,,,,,,,,,,,,,,,,,,,,,,
2013-12-11,W300BH77,ST4000DM000,4000787030016,0,,10426560,,,,,,,,0,,,,,,3587,,,,,,,,,,,,,,,,,,,,,,,,,,,,,,23,,,,,,0,,,,,,,,,,,,,,,,,,,,,,,,,,,,
2013-12-11,W3009HD0,ST4000DM000,4000787030016,0,,29098400,,,,,,,,0,,,,,,4166,,,,,,,,,,,,,,,,,,,,,,,,,,,,,,22,,,,,,0,,,,,,,,,,,,,,,,,,,,,,,,,,,,
2013-12-11,MJ0351YNG9Z19A,Hitachi HDS5C3030ALA630,3000592982016,0,,0,,,,,,,,0,,,,,,9271,,,,,,,,,,,,,,,,,,,,,,,,,,,,,,28,,,,,,0,,,,,,,,,,,,,,,,,,,,,,,,,,,,
2013-12-11,6XW1Y3FX,ST32000542AS,2000398934016,0,,154848485,,,,,,,,0,,,,,,13014,,,,,,,,,,,,,,,,,,,,,,,,,,,,,,26,,,,,,0,,,,,,,,,,,,,,,,,,,,,,,,,,,,
2013-12-11,W3003HW9,ST4000DM000,4000787030016,0,,163817264,,,,,,,,0,,,,,,2680,,,,,,,,,,,,,,,,,,,,,,,,,,,,,,25,,,,,,0,,,,,,,,,,,,,,,,,,,,,,,,,,,,
2013-12-11,MK0301YHGLRBWA,Hitachi HDS723030ALA640,3000592982016,0,,131093,,,,,,,,1152,,,,,,16660,,,,,,,,,,,,,,,,,,,,,,,,,,,,,,29,,,,,,0,,,,,,,,,,,,,,,,,,,,,,,,,,,,
2013-12-11,PL1311LAG3B0ZH,Hitachi HDS5C4040ALE630,4000787030016,0,,0,,,,,,,,0,,,,,,5056,,,,,,,,,,,,,,,,,,,,,,,,,,,,,,32,,,,,,0,,,,,,,,,,,,,,,,,,,,,,,,,,,,
2013-12-11,S1F03NDX,ST3000DM001,3000592982016,0,,197536144,,,,,,,,0,,,,,,13908,,,,,,,,,,,,,,,,,,,,,,,,,,,,,,26,,,,,,8,,,,,,,,,,,,,,,,,,,,,,,,,,,,
2013-12-11,MJ1311YNG5E9LA,Hitachi HDS5C3030ALA630,3000592982016,0,,0,,,,,,,,0,,,,,,14330,,,,,,,,,,,,,,,,,,,,,,,,,,,,,,33,,,,,,0,,,,,,,,,,,,,,,,,,,,,,,,,,,,
2013-12-11,Z300NQVH,ST4000DM000,4000787030016,0,,66595128,,,,,,,,0,,,,,,1092,,,,,,,,,,,,,,,,,,,,,,,,,,,,,,25,,,,,,0,,,,,,,,,,,,,,,,,,,,,,,,,,,,
2013-12-11,MJ1311YNG3MG2A,Hitachi HDS5C3030ALA630,3000592982016,0,,0,,,,,,,,0,,,,,,14310,,,,,,,,,,,,,,,,,,,,,,,,,,,,,,27,,,,,,0,,,,,,,,,,,,,,,,,,,,,,,,,,,,
2013-12-11,JK1101B9JPBJVR,Hitachi HDS722020ALA330,2000398934016,0,,0,,,,,,,,0,,,,,,24426,,,,,,,,,,,,,,,,,,,,,,,,,,,,,,30,,,,,,0,,,,,,,,,,,,,,,,,,,,,,,,,,,,
2013-12-11,Z300PL8E,ST4000DM000,4000787030016,0,,233648224,,,,,,,,0,,,,,,1228,,,,,,,,,,,,,,,,,,,,,,,,,,,,,,22,,,,,,0,,,,,,,,,,,,,,,,,,,,,,,,,,,,
2013-12-11,Z300PL8F,ST4000DM000,4000787030016,0,,183174408,,,,,,,,0,,,,,,1451,,,,,,,,,,,,,,,,,,,,,,,,,,,,,,26,,,,,,0,,,,,,,,,,,,,,,,,,,,,,,,,,,,
2013-12-11,W300A8CX,ST4000DM000,4000787030016,0,,37439224,,,,,,,,0,,,,,,4134,,,,,,,,,,,,,,,,,,,,,,,,,,,,,,25,,,,,,0,,,,,,,,,,,,,,,,,,,,,,,,,,,,
2013-12-11,PL1321LAG347PH,Hitachi HDS5C4040ALE630,4000787030016,0,,0,,,,,,,,0,,,,,,6570,,,,,,,,,,,,,,,,,,,,,,,,,,,,,,29,,,,,,0,,,,,,,,,,,,,,,,,,,,,,,,,,,,
2013-12-11,MK0311YHGAHGPA,Hitachi HDS723030ALA640,3000592982016,0,,65536,,,,,,,,0,,,,,,16805,,,,,,,,,,,,,,,,,,,,,,,,,,,,,,26,,,,,,0,,,,,,,,,,,,,,,,,,,,,,,,,,,,
2013-12-11,5XW0S6V4,ST32000542AS,2000398934016,0,,35602169,,,,,,,,0,,,,,,17230,,,,,,,,,,,,,,,,,,,,,,,,,,,,,,26,,,,,,0,,,,,,,,,,,,,,,,,,,,,,,,,,,,
2013-12-11,5XW2785N,ST31500541AS,1500301910016,0,,206910352,,,,,,,,0,,,,,,10356,,,,,,,,,,,,,,,,,,,,,,,,,,,,,,20,,,,,,0,,,,,,,,,,,,,,,,,,,,,,,,,,,,
2013-12-11,Z300NQVV,ST4000DM000,4000787030016,0,,93872848,,,,,,,,0,,,,,,1092,,,,,,,,,,,,,,,,,,,,,,,,,,,,,,26,,,,,,0,,,,,,,,,,,,,,,,,,,,,,,,,,,,
2013-12-11,PL1321LAG35LEH,Hitachi HDS5C4040ALE630,4000787030016,0,,0,,,,,,,,0,,,,,,5958,,,,,,,,,,,,,,,,,,,,,,,,,,,,,,27,,,,,,0,,,,,,,,,,,,,,,,,,,,,,,,,,,,
2013-12-11,JK11A8B9J85N0F,Hitachi HDS722020ALA330,2000398934016,0,,0,,,,,,,,0,,,,,,26027,,,,,,,,,,,,,,,,,,,,,,,,,,,,,,28,,,,,,0,,,,,,,,,,,,,,,,,,,,,,,,,,,,
2013-12-11,S1F0S7C1,ST3000DM001,3000592982016,0,,189598616,,,,,,,,0,,,,,,10771,,,,,,,,,,,,,,,,,,,,,,,,,,,,,,21,,,,,,0,,,,,,,,,,,,,,,,,,,,,,,,,,,,
2013-12-11,W1F0B12Y,ST3000DM001,3000592982016,0,,11101488,,,,,,,,0,,,,,,13358,,,,,,,,,,,,,,,,,,,,,,,,,,,,,,24,,,,,,0,,,,,,,,,,,,,,,,,,,,,,,,,,,,
2013-12-11,JK11A8B9J75NGF,Hitachi HDS722020ALA330,2000398934016,0,,0,,,,,,,,0,,,,,,24666,,,,,,,,,,,,,,,,,,,,,,,,,,,,,,28,,,,,,0,,,,,,,,,,,,,,,,,,,,,,,,,,,,
2013-12-11,S1F0LE9E,ST3000DM001,3000592982016,0,,185766008,,,,,,,,0,,,,,,12170,,,,,,,,,,,,,,,,,,,,,,,,,,,,,,23,,,,,,0,,,,,,,,,,,,,,,,,,,,,,,,,,,,
2013-12-11,Z300S0DC,ST4000DM000,4000787030016,0,,239497128,,,,,,,,0,,,,,,683,,,,,,,,,,,,,,,,,,,,,,,,,,,,,,25,,,,,,0,,,,,,,,,,,,,,,,,,,,,,,,,,,,
2013-12-11,JK1105B8GDLYUX,Hitachi HDS722020ALA330,2000398934016,0,,1,,,,,,,,0,,,,,,27160,,,,,,,,,,,,,,,,,,,,,,,,,,,,,,28,,,,,,0,,,,,,,,,,,,,,,,,,,,,,,,,,,,
2013-12-11,9VS3G4QQ,ST31500341AS,1500301910016,0,,41282322,,,,,,,,4,,,,,,31439,,,,,,,,,,,,,,,,,,,,,,,,,,,,,,24,,,,,,0,,,,,,,,,,,,,,,,,,,,,,,,,,,,
2013-12-11,JK1160YAHNZULT,Hitachi HDS722020ALA330,2000398934016,0,,0,,,,,,,,0,,,,,,23310,,,,,,,,,,,,,,,,,,,,,,,,,,,,,,32,,,,,,0,,,,,,,,,,,,,,,,,,,,,,,,,,,,
2013-12-11,JK11A8B9J7N52F,Hitachi HDS722020ALA330,2000398934016,0,,0,,,,,,,,0,,,,,,24667,,,,,,,,,,,,,,,,,,,,,,,,,,,,,,27,,,,,,0,,,,,,,,,,,,,,,,,,,,,,,,,,,,
2013-12-11,9VS25BJM,ST31500341AS,1500301910016,0,,90770594,,,,,,,,0,,,,,,23902,,,,,,,,,,,,,,,,,,,,,,,,,,,,,,23,,,,,,0,,,,,,,,,,,,,,,,,,,,,,,,,,,,
2013-12-11,JK1105B8GG3S0X,Hitachi HDS722020ALA330,2000398934016,0,,65536,,,,,,,,0,,,,,,26858,,,,,,,,,,,,,,,,,,,,,,,,,,,,,,25,,,,,,0,,,,,,,,,,,,,,,,,,,,,,,,,,,,
2013-12-11,MJ1311YNG32LBA,Hitachi HDS5C3030ALA630,3000592982016,0,,0,,,,,,,,0,,,,,,18316,,,,,,,,,,,,,,,,,,,,,,,,,,,,,,21,,,,,,0,,,,,,,,,,,,,,,,,,,,,,,,,,,,
2013-12-11,MJ0351YNGA94TA,Hitachi HDS5C3030ALA630,3000592982016,0,,0,,,,,,,,0,,,,,,7975,,,,,,,,,,,,,,,,,,,,,,,,,,,,,,29,,,,,,0,,,,,,,,,,,,,,,,,,,,,,,,,,,,
2013-12-11,JK11A8B9J3VN4F,Hitachi HDS722020ALA330,2000398934016,0,,0,,,,,,,,3,,,,,,23823,,,,,,,,,,,,,,,,,,,,,,,,,,,,,,23,,,,,,0,,,,,,,,,,,,,,,,,,,,,,,,,,,,
2013-12-11,MJ1311YNG6XJ7A,Hitachi HDS5C3030ALA630,3000592982016,0,,0,,,,,,,,0,,,,,,14598,,,,,,,,,,,,,,,,,,,,,,,,,,,,,,29,,,,,,0,,,,,,,,,,,,,,,,,,,,,,,,,,,,
2013-12-11,PL1310LAG01AKA,Hitachi HDS5C4040ALE630,4000787030016,0,,196608,,,,,,,,0,,,,,,12997,,,,,,,,,,,,,,,,,,,,,,,,,,,,,,26,,,,,,0,,,,,,,,,,,,,,,,,,,,,,,,,,,,
2013-12-11,MK0311YHGM9P7D,Hitachi HDS723030ALA640,3000592982016,0,,0,,,,,,,,0,,,,,,17018,,,,,,,,,,,,,,,,,,,,,,,,,,,,,,29,,,,,,0,,,,,,,,,,,,,,,,,,,,,,,,,,,,
2013-12-11,MK0311YHGKL0WA,Hitachi HDS723030ALA640,3000592982016,0,,0,,,,,,,,0,,,,,,21453,,,,,,,,,,,,,,,,,,,,,,,,,,,,,,26,,,,,,0,,,,,,,,,,,,,,,,,,,,,,,,,,,,
2013-12-11,JK1101B9KN2PMF,Hitachi HDS722020ALA330,2000398934016,0,,0,,,,,,,,0,,,,,,23074,,,,,,,,,,,,,,,,,,,,,,,,,,,,,,34,,,,,,0,,,,,,,,,,,,,,,,,,,,,,,,,,,,
2013-12-11,WD-WCAU45266209,WDC WD10EADS,1000204886016,0,,14,,,,,,,,0,,,,,,40879,,,,,,,,,,,,,,,,,,,,,,,,,,,,,,19,,,,,,0,,,,,,,,,,,,,,,,,,,,,,,,,,,,
2013-12-11,MJ1321YNG0K9NA,Hitachi HDS5C3030ALA630,3000592982016,0,,0,,,,,,,,0,,,,,,10692,,,,,,,,,,,,,,,,,,,,,,,,,,,,,,29,,,,,,0,,,,,,,,,,,,,,,,,,,,,,,,,,,,
2013-12-11,W300J2NY,ST4000DM000,4000787030016,0,,157921240,,,,,,,,0,,,,,,815,,,,,,,,,,,,,,,,,,,,,,,,,,,,,,21,,,,,,0,,,,,,,,,,,,,,,,,,,,,,,,,,,,
2013-12-11,JK1101B9H5HSHF,Hitachi HDS722020ALA330,2000398934016,0,,1,,,,,,,,1,,,,,,11771,,,,,,,,,,,,,,,,,,,,,,,,,,,,,,29,,,,,,0,,,,,,,,,,,,,,,,,,,,,,,,,,,,
2013-12-11,Z1Z04JRV,ST4000DX000,4000787030016,0,,122479622,,,,,,,,0,,,,,,5040,,,,,,,,,,,,,,,,,,,,,,,,,,,,,,30,,,,,,0,,,,,,,,,,,,,,,,,,,,,,,,,,,,
2013-12-11,6XW04HX5,ST31500541AS,1500301910016,0,,171035870,,,,,,,,0,,,,,,37287,,,,,,,,,,,,,,,,,,,,,,,,,,,,,,24,,,,,,0,,,,,,,,,,,,,,,,,,,,,,,,,,,,
2013-12-11,MJ1321YNG0H1MA,Hitachi HDS5C3030ALA630,3000592982016,0,,3670022,,,,,,,,0,,,,,,20067,,,,,,,,,,,,,,,,,,,,,,,,,,,,,,23,,,,,,0,,,,,,,,,,,,,,,,,,,,,,,,,,,,
2013-12-11,JK1171YBK1N0ZF,Hitachi HDS722020ALA330,2000398934016,0,,65536,,,,,,,,0,,,,,,29018,,,,,,,,,,,,,,,,,,,,,,,,,,,,,,27,,,,,,0,,,,,,,,,,,,,,,,,,,,,,,,,,,,
2013-12-11,WD-WCAU47204634,WDC WD10EADS,1000204886016,0,,1,,,,,,,,0,,,,,,40934,,,,,,,,,,,,,,,,,,,,,,,,,,,,,,30,,,,,,0,,,,,,,,,,,,,,,,,,,,,,,,,,,,
2013-12-11,S1F0L0A2,ST3000DM001,3000592982016,0,,114267120,,,,,,,,0,,,,,,12179,,,,,,,,,,,,,,,,,,,,,,,,,,,,,,34,,,,,,0,,,,,,,,,,,,,,,,,,,,,,,,,,,,
2013-12-11,W300BNTK,ST4000DM000,4000787030016,0,,90189336,,,,,,,,0,,,,,,3585,,,,,,,,,,,,,,,,,,,,,,,,,,,,,,22,,,,,,0,,,,,,,,,,,,,,,,,,,,,,,,,,,,
2013-12-11,MJ1311YNG3G43A,Hitachi HDS5C3030ALA630,3000592982016,0,,0,,,,,,,,0,,,,,,19254,,,,,,,,,,,,,,,,,,,,,,,,,,,,,,25,,,,,,0,,,,,,,,,,,,,,,,,,,,,,,,,,,,
2013-12-11,PL1311LAG1YMPA,Hitachi HDS5C4040ALE630,4000787030016,0,,0,,,,,,,,0,,,,,,5191,,,,,,,,,,,,,,,,,,,,,,,,,,,,,,26,,,,,,0,,,,,,,,,,,,,,,,,,,,,,,,,,,,
2013-12-11,JK11A8B9J7A7TF,Hitachi HDS722020ALA330,2000398934016,0,,0,,,,,,,,1,,,,,,25541,,,,,,,,,,,,,,,,,,,,,,,,,,,,,,26,,,,,,0,,,,,,,,,,,,,,,,,,,,,,,,,,,,
2013-12-11,JK11A8B9J2BBJF,Hitachi HDS722020ALA330,2000398934016,0,,0,,,,,,,,0,,,,,,24401,,,,,,,,,,,,,,,,,,,,,,,,,,,,,,28,,,,,,0,,,,,,,,,,,,,,,,,,,,,,,,,,,,
2013-12-11,MJ0351YNG9Y0MA,Hitachi HDS5C3030ALA630,3000592982016,0,,0,,,,,,,,0,,,,,,7937,,,,,,,,,,,,,,,,,,,,,,,,,,,,,,22,,,,,,0,,,,,,,,,,,,,,,,,,,,,,,,,,,,
2013-12-11,JK1101B9KNMYEF,Hitachi HDS722020ALA330,2000398934016,0,,65537,,,,,,,,0,,,,,,23097,,,,,,,,,,,,,,,,,,,,,,,,,,,,,,31,,,,,,0,,,,,,,,,,,,,,,,,,,,,,,,,,,,
2013-12-11,W1F0WKYN,ST3000DM001,3000592982016,0,,36977192,,,,,,,,0,,,,,,10500,,,,,,,,,,,,,,,,,,,,,,,,,,,,,,23,,,,,,0,,,,,,,,,,,,,,,,,,,,,,,,,,,,
2013-12-11,Z300T0F0,ST4000DM000,4000787030016,0,,9507664,,,,,,,,0,,,,,,325,,,,,,,,,,,,,,,,,,,,,,,,,,,,,,20,,,,,,0,,,,,,,,,,,,,,,,,,,,,,,,,,,,
2013-12-11,PL1311LAG28P3H,Hitachi HDS5C4040ALE630,4000787030016,0,,0,,,,,,,,0,,,,,,7401,,,,,,,,,,,,,,,,,,,,,,,,,,,,,,27,,,,,,0,,,,,,,,,,,,,,,,,,,,,,,,,,,,
2013-12-11,MJ1311YNG3EJMA,Hitachi HDS5C3030ALA630,3000592982016,0,,0,,,,,,,,0,,,,,,19251,,,,,,,,,,,,,,,,,,,,,,,,,,,,,,25,,,,,,0,,,,,,,,,,,,,,,,,,,,,,,,,,,,
2013-12-11,MJ1311YNG7LRUA,Hitachi HDS5C3030ALA630,3000592982016,0,,0,,,,,,,,0,,,,,,14600,,,,,,,,,,,,,,,,,,,,,,,,,,,,,,24,,,,,,0,,,,,,,,,,,,,,,,,,,,,,,,,,,,
2013-12-11,W3001XRH,ST4000DM000,4000787030016,0,,212988680,,,,,,,,0,,,,,,2875,,,,,,,,,,,,,,,,,,,,,,,,,,,,,,21,,,,,,0,,,,,,,,,,,,,,,,,,,,,,,,,,,,
2013-12-11,MJ1311YNG3EVKA,Hitachi HDS5C3030ALA630,3000592982016,0,,0,,,,,,,,0,,,,,,18928,,,,,,,,,,,,,,,,,,,,,,,,,,,,,,29,,,,,,0,,,,,,,,,,,,,,,,,,,,,,,,,,,,
2013-12-11,Z1Z037B9,ST4000DX000,4000787030016,0,,193846866,,,,,,,,0,,,,,,5379,,,,,,,,,,,,,,,,,,,,,,,,,,,,,,26,,,,,,0,,,,,,,,,,,,,,,,,,,,,,,,,,,,
2013-12-11,MJ1311YNG1Z36A,Hitachi HDS5C3030ALA630,3000592982016,0,,0,,,,,,,,0,,,,,,18065,,,,,,,,,,,,,,,,,,,,,,,,,,,,,,29,,,,,,0,,,,,,,,,,,,,,,,,,,,,,,,,,,,
2013-12-11,MK0313YHGBZDAC,Hitachi HDS723030ALA640,3000592982016,0,,1,,,,,,,,0,,,,,,21455,,,,,,,,,,,,,,,,,,,,,,,,,,,,,,24,,,,,,0,,,,,,,,,,,,,,,,,,,,,,,,,,,,
2013-12-11,PL1321LAG31Y0H,Hitachi HDS5C4040ALE630,4000787030016,0,,0,,,,,,,,0,,,,,,5137,,,,,,,,,,,,,,,,,,,,,,,,,,,,,,29,,,,,,0,,,,,,,,,,,,,,,,,,,,,,,,,,,,
2013-12-11,PL1321LAG2BX8H,Hitachi HDS5C4040ALE630,4000787030016,0,,524289,,,,,,,,0,,,,,,6649,,,,,,,,,,,,,,,,,,,,,,,,,,,,,,19,,,,,,0,,,,,,,,,,,,,,,,,,,,,,,,,,,,
2013-12-11,W300CMBC,ST4000DM000,4000787030016,0,,191489792,,,,,,,,0,,,,,,4140,,,,,,,,,,,,,,,,,,,,,,,,,,,,,,24,,,,,,0,,,,,,,,,,,,,,,,,,,,,,,,,,,,
2013-12-11,S1F01JE0,ST3000DM001,3000592982016,0,,149232736,,,,,,,,0,,,,,,15342,,,,,,,,,,,,,,,,,,,,,,,,,,,,,,26,,,,,,0,,,,,,,,,,,,,,,,,,,,,,,,,,,,
2013-12-11,Z3004WYG,ST4000DM000,4000787030016,0,,145834432,,,,,,,,0,,,,,,5417,,,,,,,,,,,,,,,,,,,,,,,,,,,,,,22,,,,,,0,,,,,,,,,,,,,,,,,,,,,,,,,,,,
2013-12-11,W300JTET,ST4000DM000,4000787030016,0,,24381952,,,,,,,,0,,,,,,2222,,,,,,,,,,,,,,,,,,,,,,,,,,,,,,25,,,,,,0,,,,,,,,,,,,,,,,,,,,,,,,,,,,
2013-12-11,JK11A8B9J7BB1F,Hitachi HDS722020ALA330,2000398934016,0,,65537,,,,,,,,0,,,,,,23320,,,,,,,,,,,,,,,,,,,,,,,,,,,,,,27,,,,,,0,,,,,,,,,,,,,,,,,,,,,,,,,,,,
2013-12-11,MJ1311YNG7G9LA,Hitachi HDS5C3030ALA630,3000592982016,0,,0,,,,,,,,0,,,,,,14681,,,,,,,,,,,,,,,,,,,,,,,,,,,,,,25,,,,,,0,,,,,,,,,,,,,,,,,,,,,,,,,,,,
2013-12-11,Z300K03A,ST4000DM000,4000787030016,0,,119259632,,,,,,,,0,,,,,,2257,,,,,,,,,,,,,,,,,,,,,,,,,,,,,,20,,,,,,0,,,,,,,,,,,,,,,,,,,,,,,,,,,,
2013-12-11,MJ1321YNG0J5NA,Hitachi HDS5C3030ALA630,3000592982016,0,,0,,,,,,,,0,,,,,,20067,,,,,,,,,,,,,,,,,,,,,,,,,,,,,,25,,,,,,0,,,,,,,,,,,,,,,,,,,,,,,,,,,,
2013-12-11,MJ1311YNG4EN8A,Hitachi HDS5C3030ALA630,3000592982016,0,,0,,,,,,,,0,,,,,,20733,,,,,,,,,,,,,,,,,,,,,,,,,,,,,,25,,,,,,0,,,,,,,,,,,,,,,,,,,,,,,,,,,,
2013-12-11,WD-WCAWZ1313374,WDC WD30EZRS,3000592982016,0,,0,,,,,,,,0,,,,,,12340,,,,,,,,,,,,,,,,,,,,,,,,,,,,,,22,,,,,,0,,,,,,,,,,,,,,,,,,,,,,,,,,,,
2013-12-11,MJ1321YNG07NWA,Hitachi HDS5C3030ALA630,3000592982016,0,,1,,,,,,,,0,,,,,,20732,,,,,,,,,,,,,,,,,,,,,,,,,,,,,,23,,,,,,0,,,,,,,,,,,,,,,,,,,,,,,,,,,,
2013-12-11,PL1321LAG33U0H,Hitachi HDS5C4040ALE630,4000787030016,0,,0,,,,,,,,0,,,,,,6654,,,,,,,,,,,,,,,,,,,,,,,,,,,,,,19,,,,,,0,,,,,,,,,,,,,,,,,,,,,,,,,,,,
2013-12-11,9XK0CBRY,ST33000651AS,3000592982016,0,,1057293,,,,,,,,0,,,,,,16760,,,,,,,,,,,,,,,,,,,,,,,,,,,,,,28,,,,,,0,,,,,,,,,,,,,,,,,,,,,,,,,,,,
2013-12-11,S1F0TNNA,ST3000DM001,3000592982016,0,,2799696,,,,,,,,0,,,,,,10760,,,,,,,,,,,,,,,,,,,,,,,,,,,,,,22,,,,,,0,,,,,,,,,,,,,,,,,,,,,,,,,,,,
2013-12-11,6XW05LT3,ST31500541AS,1500301910016,0,,211531925,,,,,,,,0,,,,,,10075,,,,,,,,,,,,,,,,,,,,,,,,,,,,,,31,,,,,,0,,,,,,,,,,,,,,,,,,,,,,,,,,,,
2013-12-11,MJ1321YNG0P7PA,Hitachi HDS5C3030ALA630,3000592982016,0,,0,,,,,,,,3,,,,,,20731,,,,,,,,,,,,,,,,,,,,,,,,,,,,,,26,,,,,,0,,,,,,,,,,,,,,,,,,,,,,,,,,,,
2013-12-11,JK1105B8G2SXVX,Hitachi HDS722020ALA330,2000398934016,0,,589836,,,,,,,,1,,,,,,27160,,,,,,,,,,,,,,,,,,,,,,,,,,,,,,32,,,,,,0,,,,,,,,,,,,,,,,,,,,,,,,,,,,
2013-12-11,PL1311LAG3D85H,Hitachi HDS5C4040ALE630,4000787030016,0,,0,,,,,,,,0,,,,,,5962,,,,,,,,,,,,,,,,,,,,,,,,,,,,,,20,,,,,,0,,,,,,,,,,,,,,,,,,,,,,,,,,,,
2013-12-11,MJ1311YNG7KT7A,Hitachi HDS5C3030ALA630,3000592982016,0,,0,,,,,,,,0,,,,,,14596,,,,,,,,,,,,,,,,,,,,,,,,,,,,,,25,,,,,,0,,,,,,,,,,,,,,,,,,,,,,,,,,,,
2013-12-11,W300DYSJ,ST4000DM000,4000787030016,0,,228420032,,,,,,,,0,,,,,,4183,,,,,,,,,,,,,,,,,,,,,,,,,,,,,,23,,,,,,0,,,,,,,,,,,,,,,,,,,,,,,,,,,,
2013-12-11,W1F09LPX,ST3000DM001,3000592982016,0,,158806928,,,,,,,,0,,,,,,13361,,,,,,,,,,,,,,,,,,,,,,,,,,,,,,23,,,,,,0,,,,,,,,,,,,,,,,,,,,,,,,,,,,
2013-12-11,JK11A8B9J917RF,Hitachi HDS722020ALA330,2000398934016,0,,0,,,,,,,,0,,,,,,26003,,,,,,,,,,,,,,,,,,,,,,,,,,,,,,24,,,,,,0,,,,,,,,,,,,,,,,,,,,,,,,,,,,
2013-12-11,9XW01ZT9,ST31500541AS,1500301910016,0,,51754216,,,,,,,,0,,,,,,34328,,,,,,,,,,,,,,,,,,,,,,,,,,,,,,15,,,,,,0,,,,,,,,,,,,,,,,,,,,,,,,,,,,
2013-12-11,MJ0351YNG9YK5A,Hitachi HDS5C3030ALA630,3000592982016,0,,0,,,,,,,,0,,,,,,9999,,,,,,,,,,,,,,,,,,,,,,,,,,,,,,33,,,,,,0,,,,,,,,,,,,,,,,,,,,,,,,,,,,
2013-12-11,W300J678,ST4000DM000,4000787030016,0,,103446176,,,,,,,,0,,,,,,2240,,,,,,,,,,,,,,,,,,,,,,,,,,,,,,20,,,,,,0,,,,,,,,,,,,,,,,,,,,,,,,,,,,
2013-12-11,W300J672,ST4000DM000,4000787030016,0,,227759992,,,,,,,,0,,,,,,2222,,,,,,,,,,,,,,,,,,,,,,,,,,,,,,24,,,,,,0,,,,,,,,,,,,,,,,,,,,,,,,,,,,
2013-12-11,PL1311LAG3AXDH,Hitachi HDS5C4040ALE630,4000787030016,0,,0,,,,,,,,0,,,,,,5925,,,,,,,,,,,,,,,,,,,,,,,,,,,,,,21,,,,,,0,,,,,,,,,,,,,,,,,,,,,,,,,,,,
2013-12-11,6XW02GDD,ST31500541AS,1500301910016,0,,101087697,,,,,,,,0,,,,,,37154,,,,,,,,,,,,,,,,,,,,,,,,,,,,,,22,,,,,,0,,,,,,,,,,,,,,,,,,,,,,,,,,,,
2013-12-11,JK11A4B8JMM9XW,Hitachi HDS722020ALA330,2000398934016,0,,0,,,,,,,,0,,,,,,23821,,,,,,,,,,,,,,,,,,,,,,,,,,,,,,37,,,,,,0,,,,,,,,,,,,,,,,,,,,,,,,,,,,
2013-12-11,W1F0Q9F6,ST3000DM001,3000592982016,0,,237218040,,,,,,,,0,,,,,,12548,,,,,,,,,,,,,,,,,,,,,,,,,,,,,,25,,,,,,0,,,,,,,,,,,,,,,,,,,,,,,,,,,,
2013-12-11,Z300JC9G,ST4000DM000,4000787030016,0,,243608824,,,,,,,,0,,,,,,2241,,,,,,,,,,,,,,,,,,,,,,,,,,,,,,22,,,,,,0,,,,,,,,,,,,,,,,,,,,,,,,,,,,
2013-12-11,W1F09EDT,ST3000DM001,3000592982016,0,,101025560,,,,,,,,0,,,,,,13885,,,,,,,,,,,,,,,,,,,,,,,,,,,,,,24,,,,,,0,,,,,,,,,,,,,,,,,,,,,,,,,,,,
2013-12-11,Z300KWTX,ST4000DM000,4000787030016,0,,147886720,,,,,,,,0,,,,,,106,,,,,,,,,,,,,,,,,,,,,,,,,,,,,,23,,,,,,0,,,,,,,,,,,,,,,,,,,,,,,,,,,,
2013-12-11,W1F03CMF,ST3000DM001,3000592982016,0,,58230992,,,,,,,,1056,,,,,,15263,,,,,,,,,,,,,,,,,,,,,,,,,,,,,,23,,,,,,48,,,,,,,,,,,,,,,,,,,,,,,,,,,,
2013-12-11,MJ0351YNG9WK5A,Hitachi HDS5C3030ALA630,3000592982016,0,,0,,,,,,,,0,,,,,,7611,,,,,,,,,,,,,,,,,,,,,,,,,,,,,,24,,,,,,0,,,,,,,,,,,,,,,,,,,,,,,,,,,,
2013-12-11,W300CKT2,ST4000DM000,4000787030016,0,,53395016,,,,,,,,0,,,,,,777,,,,,,,,,,,,,,,,,,,,,,,,,,,,,,23,,,,,,0,,,,,,,,,,,,,,,,,,,,,,,,,,,,
2013-12-11,W1F09ED8,ST3000DM001,3000592982016,0,,85191048,,,,,,,,0,,,,,,13914,,,,,,,,,,,,,,,,,,,,,,,,,,,,,,23,,,,,,8,,,,,,,,,,,,,,,,,,,,,,,,,,,,
2013-12-11,JK1105B8JS2K2X,Hitachi HDS722020ALA330,2000398934016,0,,131074,,,,,,,,1,,,,,,23512,,,,,,,,,,,,,,,,,,,,,,,,,,,,,,24,,,,,,0,,,,,,,,,,,,,,,,,,,,,,,,,,,,
2013-12-11,S1F03JK6,ST3000DM001,3000592982016,0,,52400808,,,,,,,,0,,,,,,13822,,,,,,,,,,,,,,,,,,,,,,,,,,,,,,23,,,,,,0,,,,,,,,,,,,,,,,,,,,,,,,,,,,
2013-12-11,MJ1311YNG7AMEA,Hitachi HDS5C3030ALA630,3000592982016,0,,0,,,,,,,,0,,,,,,14621,,,,,,,,,,,,,,,,,,,,,,,,,,,,,,23,,,,,,0,,,,,,,,,,,,,,,,,,,,,,,,,,,,
2013-12-11,JK1131YAJK43RV,Hitachi HDS722020ALA330,2000398934016,0,,0,,,,,,,,0,,,,,,30254,,,,,,,,,,,,,,,,,,,,,,,,,,,,,,27,,,,,,0,,,,,,,,,,,,,,,,,,,,,,,,,,,,
2013-12-11,9XW01CK8,ST31500541AS,1500301910016,0,,161764756,,,,,,,,0,,,,,,35658,,,,,,,,,,,,,,,,,,,,,,,,,,,,,,17,,,,,,0,,,,,,,,,,,,,,,,,,,,,,,,,,,,
2013-12-11,W1F09PL5,ST3000DM001,3000592982016,0,,18821880,,,,,,,,0,,,,,,14235,,,,,,,,,,,,,,,,,,,,,,,,,,,,,,23,,,,,,8,,,,,,,,,,,,,,,,,,,,,,,,,,,,
2013-12-11,W300BMLS,ST4000DM000,4000787030016,0,,47350408,,,,,,,,0,,,,,,3611,,,,,,,,,,,,,,,,,,,,,,,,,,,,,,24,,,,,,0,,,,,,,,,,,,,,,,,,,,,,,,,,,,
2013-12-11,MK0303YHGBHWVC,Hitachi HDS723030ALA640,3000592982016,0,,0,,,,,,,,0,,,,,,21455,,,,,,,,,,,,,,,,,,,,,,,,,,,,,,27,,,,,,0,,,,,,,,,,,,,,,,,,,,,,,,,,,,
2013-12-11,W300DYS3,ST4000DM000,4000787030016,0,,107675512,,,,,,,,0,,,,,,3238,,,,,,,,,,,,,,,,,,,,,,,,,,,,,,21,,,,,,0,,,,,,,,,,,,,,,,,,,,,,,,,,,,
2013-12-11,W300BGZ4,ST4000DM000,4000787030016,0,,19305240,,,,,,,,8,,,,,,4160,,,,,,,,,,,,,,,,,,,,,,,,,,,,,,25,,,,,,0,,,,,,,,,,,,,,,,,,,,,,,,,,,,
2013-12-11,W300BGZ1,ST4000DM000,4000787030016,0,,66110992,,,,,,,,0,,,,,,2385,,,,,,,,,,,,,,,,,,,,,,,,,,,,,,24,,,,,,0,,,,,,,,,,,,,,,,,,,,,,,,,,,,
2013-12-11,Z1F1QBKE,ST3000DM001,3000592982016,0,,88709288,,,,,,,,0,,,,,,7375,,,,,,,,,,,,,,,,,,,,,,,,,,,,,,22,,,,,,0,,,,,,,,,,,,,,,,,,,,,,,,,,,,
2013-12-11,6XW29TNW,ST32000542AS,2000398934016,0,,160959708,,,,,,,,0,,,,,,15217,,,,,,,,,,,,,,,,,,,,,,,,,,,,,,18,,,,,,0,,,,,,,,,,,,,,,,,,,,,,,,,,,,
2013-12-11,JK1105B8GH0LLX,Hitachi HDS722020ALA330,2000398934016,0,,0,,,,,,,,0,,,,,,27160,,,,,,,,,,,,,,,,,,,,,,,,,,,,,,26,,,,,,0,,,,,,,,,,,,,,,,,,,,,,,,,,,,
2013-12-11,Z300KGAE,ST4000DM000,4000787030016,0,,169468512,,,,,,,,0,,,,,,2220,,,,,,,,,,,,,,,,,,,,,,,,,,,,,,23,,,,,,0,,,,,,,,,,,,,,,,,,,,,,,,,,,,
2013-12-11,MJ1311YNG0020A,Hitachi HDS5C3030ALA630,3000592982016,0,,0,,,,,,,,0,,,,,,14330,,,,,,,,,,,,,,,,,,,,,,,,,,,,,,34,,,,,,0,,,,,,,,,,,,,,,,,,,,,,,,,,,,
2013-12-11,MJ0351YNG9WRLA,Hitachi HDS5C3030ALA630,3000592982016,0,,0,,,,,,,,0,,,,,,8870,,,,,,,,,,,,,,,,,,,,,,,,,,,,,,27,,,,,,0,,,,,,,,,,,,,,,,,,,,,,,,,,,,
2013-12-11,MK0311YHGE9V7A,Hitachi HDS723030ALA640,3000592982016,0,,0,,,,,,,,0,,,,,,16078,,,,,,,,,,,,,,,,,,,,,,,,,,,,,,30,,,,,,0,,,,,,,,,,,,,,,,,,,,,,,,,,,,
2013-12-11,MJ0351YNGA3H3A,Hitachi HDS5C3030ALA630,3000592982016,0,,0,,,,,,,,0,,,,,,9132,,,,,,,,,,,,,,,,,,,,,,,,,,,,,,26,,,,,,0,,,,,,,,,,,,,,,,,,,,,,,,,,,,
2013-12-11,MK0313YHG95RYC,Hitachi HDS723030ALA640,3000592982016,0,,0,,,,,,,,0,,,,,,21455,,,,,,,,,,,,,,,,,,,,,,,,,,,,,,28,,,,,,0,,,,,,,,,,,,,,,,,,,,,,,,,,,,
2013-12-11,JK1171B8GNP36S,Hitachi HDS722020ALA330,2000398934016,0,,0,,,,,,,,0,,,,,,27542,,,,,,,,,,,,,,,,,,,,,,,,,,,,,,23,,,,,,0,,,,,,,,,,,,,,,,,,,,,,,,,,,,
2013-12-11,JK1171YBK1M5UF,Hitachi HDS722020ALA330,2000398934016,0,,65538,,,,,,,,2,,,,,,29668,,,,,,,,,,,,,,,,,,,,,,,,,,,,,,27,,,,,,0,,,,,,,,,,,,,,,,,,,,,,,,,,,,
2013-12-11,MJ1321YNG0GWVA,Hitachi HDS5C3030ALA630,3000592982016,0,,0,,,,,,,,0,,,,,,20732,,,,,,,,,,,,,,,,,,,,,,,,,,,,,,24,,,,,,0,,,,,,,,,,,,,,,,,,,,,,,,,,,,
2013-12-11,W1F09Z2W,ST3000DM001,3000592982016,0,,138441088,,,,,,,,0,,,,,,13775,,,,,,,,,,,,,,,,,,,,,,,,,,,,,,27,,,,,,0,,,,,,,,,,,,,,,,,,,,,,,,,,,,
2013-12-11,W1F0L2EW,ST3000DM001,3000592982016,0,,227788856,,,,,,,,0,,,,,,12618,,,,,,,,,,,,,,,,,,,,,,,,,,,,,,24,,,,,,0,,,,,,,,,,,,,,,,,,,,,,,,,,,,
2013-12-11,JK11A8B9GP9KMF,Hitachi HDS722020ALA330,2000398934016,0,,0,,,,,,,,0,,,,,,23582,,,,,,,,,,,,,,,,,,,,,,,,,,,,,,33,,,,,,0,,,,,,,,,,,,,,,,,,,,,,,,,,,,
2013-12-11,W300KW0H,ST4000DM000,4000787030016,0,,132455744,,,,,,,,0,,,,,,772,,,,,,,,,,,,,,,,,,,,,,,,,,,,,,22,,,,,,0,,,,,,,,,,,,,,,,,,,,,,,,,,,,
2013-12-11,W1F0SCL1,ST3000DM001,3000592982016,0,,67081096,,,,,,,,0,,,,,,7019,,,,,,,,,,,,,,,,,,,,,,,,,,,,,,26,,,,,,0,,,,,,,,,,,,,,,,,,,,,,,,,,,,
2013-12-11,MJ0351YNG9Z8XA,Hitachi HDS5C3030ALA630,3000592982016,0,,0,,,,,,,,0,,,,,,9469,,,,,,,,,,,,,,,,,,,,,,,,,,,,,,26,,,,,,0,,,,,,,,,,,,,,,,,,,,,,,,,,,,
2013-12-11,Z300GQDQ,ST4000DM000,4000787030016,0,,125514912,,,,,,,,0,,,,,,3580,,,,,,,,,,,,,,,,,,,,,,,,,,,,,,26,,,,,,0,,,,,,,,,,,,,,,,,,,,,,,,,,,,
2013-12-11,W300BWEE,ST4000DM000,4000787030016,0,,4672240,,,,,,,,0,,,,,,4153,,,,,,,,,,,,,,,,,,,,,,,,,,,,,,21,,,,,,24,,,,,,,,,,,,,,,,,,,,,,,,,,,,
2013-12-11,MJ0351YNG9WU7A,Hitachi HDS5C3030ALA630,3000592982016,0,,0,,,,,,,,0,,,,,,9142,,,,,,,,,,,,,,,,,,,,,,,,,,,,,,30,,,,,,0,,,,,,,,,,,,,,,,,,,,,,,,,,,,
2013-12-11,5XW03L6J,ST31500541AS,1500301910016,0,,106651302,,,,,,,,0,,,,,,37052,,,,,,,,,,,,,,,,,,,,,,,,,,,,,,22,,,,,,0,,,,,,,,,,,,,,,,,,,,,,,,,,,,
2013-12-11,Z1F0GMQZ,ST3000DM001,3000592982016,0,,17630936,,,,,,,,0,,,,,,8882,,,,,,,,,,,,,,,,,,,,,,,,,,,,,,24,,,,,,0,,,,,,,,,,,,,,,,,,,,,,,,,,,,
2013-12-11,Z300P898,ST4000DM000,4000787030016,0,,11721544,,,,,,,,0,,,,,,1094,,,,,,,,,,,,,,,,,,,,,,,,,,,,,,22,,,,,,0,,,,,,,,,,,,,,,,,,,,,,,,,,,,
2013-12-11,W300BGZA,ST4000DM000,4000787030016,0,,96127152,,,,,,,,0,,,,,,3611,,,,,,,,,,,,,,,,,,,,,,,,,,,,,,21,,,,,,0,,,,,,,,,,,,,,,,,,,,,,,,,,,,
2013-12-11,JK1101B9J34YWF,Hitachi HDS722020ALA330,2000398934016,0,,0,,,,,,,,0,,,,,,22703,,,,,,,,,,,,,,,,,,,,,,,,,,,,,,29,,,,,,0,,,,,,,,,,,,,,,,,,,,,,,,,,,,
2013-12-11,JK11A8B9J8062F,Hitachi HDS722020ALA330,2000398934016,0,,1,,,,,,,,0,,,,,,25123,,,,,,,,,,,,,,,,,,,,,,,,,,,,,,28,,,,,,0,,,,,,,,,,,,,,,,,,,,,,,,,,,,
2013-12-11,MJ0351YNGABP2A,Hitachi HDS5C3030ALA630,3000592982016,0,,0,,,,,,,,0,,,,,,8548,,,,,,,,,,,,,,,,,,,,,,,,,,,,,,29,,,,,,0,,,,,,,,,,,,,,,,,,,,,,,,,,,,
2013-12-11,MJ1311YNG6VVKA,Hitachi HDS5C3030ALA630,3000592982016,0,,0,,,,,,,,0,,,,,,14597,,,,,,,,,,,,,,,,,,,,,,,,,,,,,,28,,,,,,0,,,,,,,,,,,,,,,,,,,,,,,,,,,,
2013-12-11,PL2311LAG1MZZC,Hitachi HDS5C4040ALE630,4000787030016,0,,0,,,,,,,,0,,,,,,7459,,,,,,,,,,,,,,,,,,,,,,,,,,,,,,26,,,,,,0,,,,,,,,,,,,,,,,,,,,,,,,,,,,
2013-12-11,Z300XFDG,ST4000DM000,4000787030016,0,,135830824,,,,,,,,0,,,,,,613,,,,,,,,,,,,,,,,,,,,,,,,,,,,,,22,,,,,,0,,,,,,,,,,,,,,,,,,,,,,,,,,,,
2013-12-11,PL2321LAGASPPJ,Hitachi HDS5C4040ALE630,4000787030016,0,,0,,,,,,,,0,,,,,,5075,,,,,,,,,,,,,,,,,,,,,,,,,,,,,,26,,,,,,0,,,,,,,,,,,,,,,,,,,,,,,,,,,,
2013-12-11,MJ0351YNGAAJHA,Hitachi HDS5C3030ALA630,3000592982016,0,,0,,,,,,,,0,,,,,,7975,,,,,,,,,,,,,,,,,,,,,,,,,,,,,,26,,,,,,0,,,,,,,,,,,,,,,,,,,,,,,,,,,,
2013-12-11,6XW006F2,ST31500541AS,1500301910016,0,,131527274,,,,,,,,0,,,,,,36069,,,,,,,,,,,,,,,,,,,,,,,,,,,,,,19,,,,,,0,,,,,,,,,,,,,,,,,,,,,,,,,,,,
2013-12-11,JK1104B8GDBDJW,Hitachi HDS722020ALA330,2000398934016,0,,0,,,,,,,,0,,,,,,27487,,,,,,,,,,,,,,,,,,,,,,,,,,,,,,27,,,,,,0,,,,,,,,,,,,,,,,,,,,,,,,,,,,
2013-12-11,S1F0349V,ST3000DM001,3000592982016,0,,19933288,,,,,,,,200,,,,,,15621,,,,,,,,,,,,,,,,,,,,,,,,,,,,,,25,,,,,,0,,,,,,,,,,,,,,,,,,,,,,,,,,,,
2013-12-11,W300BQW4,ST4000DM000,4000787030016,0,,63242144,,,,,,,,0,,,,,,3603,,,,,,,,,,,,,,,,,,,,,,,,,,,,,,22,,,,,,0,,,,,,,,,,,,,,,,,,,,,,,,,,,,
2013-12-11,W1F0X6TM,ST3000DM001,3000592982016,0,,117890632,,,,,,,,0,,,,,,11640,,,,,,,,,,,,,,,,,,,,,,,,,,,,,,22,,,,,,0,,,,,,,,,,,,,,,,,,,,,,,,,,,,
2013-12-11,MJ1311YNG7ATPA,Hitachi HDS5C3030ALA630,3000592982016,0,,0,,,,,,,,0,,,,,,14291,,,,,,,,,,,,,,,,,,,,,,,,,,,,,,30,,,,,,0,,,,,,,,,,,,,,,,,,,,,,,,,,,,
2013-12-11,W1F0X6TV,ST3000DM001,3000592982016,0,,22084192,,,,,,,,0,,,,,,11672,,,,,,,,,,,,,,,,,,,,,,,,,,,,,,25,,,,,,0,,,,,,,,,,,,,,,,,,,,,,,,,,,,
2013-12-11,S1F135CE,ST3000DM001,3000592982016,0,,224347848,,,,,,,,0,,,,,,7992,,,,,,,,,,,,,,,,,,,,,,,,,,,,,,28,,,,,,0,,,,,,,,,,,,,,,,,,,,,,,,,,,,
2013-12-11,Z300WCT5,ST4000DM000,4000787030016,0,,204627408,,,,,,,,0,,,,,,945,,,,,,,,,,,,,,,,,,,,,,,,,,,,,,23,,,,,,0,,,,,,,,,,,,,,,,,,,,,,,,,,,,
2013-12-11,Z300WCT4,ST4000DM000,4000787030016,0,,179602840,,,,,,,,0,,,,,,772,,,,,,,,,,,,,,,,,,,,,,,,,,,,,,22,,,,,,0,,,,,,,,,,,,,,,,,,,,,,,,,,,,
2013-12-11,S1F06L8L,ST3000DM001,3000592982016,0,,80985384,,,,,,,,0,,,,,,13796,,,,,,,,,,,,,,,,,,,,,,,,,,,,,,27,,,,,,0,,,,,,,,,,,,,,,,,,,,,,,,,,,,
2013-12-11,S1F0KY6R,ST3000DM001,3000592982016,0,,136330208,,,,,,,,0,,,,,,11693,,,,,,,,,,,,,,,,,,,,,,,,,,,,,,28,,,,,,0,,,,,,,,,,,,,,,,,,,,,,,,,,,,
2013-12-11,W300BQWS,ST4000DM000,4000787030016,0,,171836984,,,,,,,,0,,,,,,4189,,,,,,,,,,,,,,,,,,,,,,,,,,,,,,22,,,,,,0,,,,,,,,,,,,,,,,,,,,,,,,,,,,
2013-12-11,W1F034ZE,ST3000DM001,3000592982016,0,,12360040,,,,,,,,0,,,,,,13355,,,,,,,,,,,,,,,,,,,,,,,,,,,,,,24,,,,,,0,,,,,,,,,,,,,,,,,,,,,,,,,,,,
2013-12-11,W30045MM,ST4000DM000,4000787030016,0,,117839592,,,,,,,,0,,,,,,2244,,,,,,,,,,,,,,,,,,,,,,,,,,,,,,18,,,,,,0,,,,,,,,,,,,,,,,,,,,,,,,,,,,
2013-12-11,PL1311LAG38P1H,Hitachi HDS5C4040ALE630,4000787030016,0,,0,,,,,,,,0,,,,,,5036,,,,,,,,,,,,,,,,,,,,,,,,,,,,,,28,,,,,,0,,,,,,,,,,,,,,,,,,,,,,,,,,,,
2013-12-11,MJ1311YNG36KXA,Hitachi HDS5C3030ALA630,3000592982016,0,,0,,,,,,,,0,,,,,,18941,,,,,,,,,,,,,,,,,,,,,,,,,,,,,,24,,,,,,0,,,,,,,,,,,,,,,,,,,,,,,,,,,,
2013-12-11,6XW0TYVQ,ST31500541AS,1500301910016,0,,145672118,,,,,,,,0,,,,,,30783,,,,,,,,,,,,,,,,,,,,,,,,,,,,,,21,,,,,,0,,,,,,,,,,,,,,,,,,,,,,,,,,,,
2013-12-11,JK11A8B9J87PYF,Hitachi HDS722020ALA330,2000398934016,0,,0,,,,,,,,0,,,,,,25542,,,,,,,,,,,,,,,,,,,,,,,,,,,,,,26,,,,,,0,,,,,,,,,,,,,,,,,,,,,,,,,,,,
2013-12-11,S1F04C6G,ST3000DM001,3000592982016,0,,125471448,,,,,,,,0,,,,,,15403,,,,,,,,,,,,,,,,,,,,,,,,,,,,,,23,,,,,,0,,,,,,,,,,,,,,,,,,,,,,,,,,,,
2013-12-11,Z1F16G31,ST3000DM001,3000592982016,0,,54333848,,,,,,,,0,,,,,,5155,,,,,,,,,,,,,,,,,,,,,,,,,,,,,,24,,,,,,0,,,,,,,,,,,,,,,,,,,,,,,,,,,,
2013-12-11,S1F04C6D,ST3000DM001,3000592982016,0,,185848160,,,,,,,,0,,,,,,15193,,,,,,,,,,,,,,,,,,,,,,,,,,,,,,20,,,,,,0,,,,,,,,,,,,,,,,,,,,,,,,,,,,
2013-12-11,JK1104B8GGLU9W,Hitachi HDS722020ALA330,2000398934016,0,,0,,,,,,,,0,,,,,,27542,,,,,,,,,,,,,,,,,,,,,,,,,,,,,,22,,,,,,0,,,,,,,,,,,,,,,,,,,,,,,,,,,,
2013-12-11,Z300GYR3,ST4000DM000,4000787030016,0,,235493144,,,,,,,,0,,,,,,3582,,,,,,,,,,,,,,,,,,,,,,,,,,,,,,25,,,,,,0,,,,,,,,,,,,,,,,,,,,,,,,,,,,
2013-12-11,S1F04C6X,ST3000DM001,3000592982016,0,,59352224,,,,,,,,0,,,,,,16199,,,,,,,,,,,,,,,,,,,,,,,,,,,,,,26,,,,,,0,,,,,,,,,,,,,,,,,,,,,,,,,,,,
2013-12-11,MK0333YHGPSRLC,Hitachi HDS723030ALA640,3000592982016,0,,65536,,,,,,,,0,,,,,,17030,,,,,,,,,,,,,,,,,,,,,,,,,,,,,,29,,,,,,0,,,,,,,,,,,,,,,,,,,,,,,,,,,,
2013-12-11,JK1181YAJ49SUV,Hitachi HDS722020ALA330,2000398934016,0,,0,,,,,,,,0,,,,,,30255,,,,,,,,,,,,,,,,,,,,,,,,,,,,,,24,,,,,,0,,,,,,,,,,,,,,,,,,,,,,,,,,,,
2013-12-11,6XW060XN,ST31500541AS,1500301910016,0,,19666686,,,,,,,,0,,,,,,37067,,,,,,,,,,,,,,,,,,,,,,,,,,,,,,27,,,,,,0,,,,,,,,,,,,,,,,,,,,,,,,,,,,
2013-12-11,MJ0351YNG9R3EA,Hitachi HDS5C3030ALA630,3000592982016,0,,0,,,,,,,,0,,,,,,9956,,,,,,,,,,,,,,,,,,,,,,,,,,,,,,28,,,,,,0,,,,,,,,,,,,,,,,,,,,,,,,,,,,
2013-12-11,W1F0VZRX,ST3000DM001,3000592982016,0,,80984112,,,,,,,,0,,,,,,11022,,,,,,,,,,,,,,,,,,,,,,,,,,,,,,26,,,,,,0,,,,,,,,,,,,,,,,,,,,,,,,,,,,
2013-12-11,MJ1321YNG1AJNA,Hitachi HDS5C3030ALA630,3000592982016,0,,0,,,,,,,,0,,,,,,19798,,,,,,,,,,,,,,,,,,,,,,,,,,,,,,29,,,,,,0,,,,,,,,,,,,,,,,,,,,,,,,,,,,
2013-12-11,JK11A8B9J74J8F,Hitachi HDS722020ALA330,2000398934016,0,,65536,,,,,,,,0,,,,,,23512,,,,,,,,,,,,,,,,,,,,,,,,,,,,,,25,,,,,,0,,,,,,,,,,,,,,,,,,,,,,,,,,,,
2013-12-11,MK0313YHGDHUVC,Hitachi HDS723030ALA640,3000592982016,0,,1,,,,,,,,0,,,,,,21453,,,,,,,,,,,,,,,,,,,,,,,,,,,,,,27,,,,,,0,,,,,,,,,,,,,,,,,,,,,,,,,,,,
2013-12-11,6XW060XP,ST31500541AS,1500301910016,0,,111868653,,,,,,,,0,,,,,,37067,,,,,,,,,,,,,,,,,,,,,,,,,,,,,,27,,,,,,0,,,,,,,,,,,,,,,,,,,,,,,,,,,,
2013-12-11,9VS4DY0X,ST31500341AS,1500301910016,0,,120596493,,,,,,,,5,,,,,,18388,,,,,,,,,,,,,,,,,,,,,,,,,,,,,,22,,,,,,0,,,,,,,,,,,,,,,,,,,,,,,,,,,,
2013-12-11,JK11A8B9J2U89F,Hitachi HDS722020ALA330,2000398934016,0,,65536,,,,,,,,0,,,,,,24463,,,,,,,,,,,,,,,,,,,,,,,,,,,,,,28,,,,,,0,,,,,,,,,,,,,,,,,,,,,,,,,,,,
2013-12-11,Z1Z05P03,ST4000DX000,4000787030016,0,,93987907,,,,,,,,0,,,,,,5381,,,,,,,,,,,,,,,,,,,,,,,,,,,,,,27,,,,,,0,,,,,,,,,,,,,,,,,,,,,,,,,,,,
2013-12-11,WD-WCAU47201340,WDC WD10EADS,1000204886016,0,,4,,,,,,,,0,,,,,,40515,,,,,,,,,,,,,,,,,,,,,,,,,,,,,,29,,,,,,0,,,,,,,,,,,,,,,,,,,,,,,,,,,,
2013-12-11,JK11A8B9J3HRLF,Hitachi HDS722020ALA330,2000398934016,0,,0,,,,,,,,0,,,,,,23543,,,,,,,,,,,,,,,,,,,,,,,,,,,,,,35,,,,,,0,,,,,,,,,,,,,,,,,,,,,,,,,,,,
2013-12-11,PK1331PAJ315NS,HGST HDS724040ALE640,4000787030016,0,,0,,,,,,,,0,,,,,,2027,,,,,,,,,,,,,,,,,,,,,,,,,,,,,,27,,,,,,0,,,,,,,,,,,,,,,,,,,,,,,,,,,,
2013-12-11,MK0331YHGRTPJA,Hitachi HDS723030ALA640,3000592982016,0,,0,,,,,,,,0,,,,,,17357,,,,,,,,,,,,,,,,,,,,,,,,,,,,,,27,,,,,,0,,,,,,,,,,,,,,,,,,,,,,,,,,,,
2013-12-11,9VS3K11J,ST31500341AS,1500301910016,0,,195714450,,,,,,,,0,,,,,,32909,,,,,,,,,,,,,,,,,,,,,,,,,,,,,,24,,,,,,0,,,,,,,,,,,,,,,,,,,,,,,,,,,,
2013-12-11,MJ0351YNG9RXLA,Hitachi HDS5C3030ALA630,3000592982016,0,,0,,,,,,,,0,,,,,,8830,,,,,,,,,,,,,,,,,,,,,,,,,,,,,,30,,,,,,0,,,,,,,,,,,,,,,,,,,,,,,,,,,,
2013-12-11,5XW08NNC,ST31500541AS,1500301910016,0,,22399198,,,,,,,,0,,,,,,21027,,,,,,,,,,,,,,,,,,,,,,,,,,,,,,22,,,,,,0,,,,,,,,,,,,,,,,,,,,,,,,,,,,
2013-12-11,Z300GQD9,ST4000DM000,4000787030016,0,,92906424,,,,,,,,0,,,,,,3584,,,,,,,,,,,,,,,,,,,,,,,,,,,,,,24,,,,,,0,,,,,,,,,,,,,,,,,,,,,,,,,,,,
2013-12-11,MJ1311YNG60Z6A,Hitachi HDS5C3030ALA630,3000592982016,0,,0,,,,,,,,0,,,,,,14685,,,,,,,,,,,,,,,,,,,,,,,,,,,,,,20,,,,,,0,,,,,,,,,,,,,,,,,,,,,,,,,,,,
2013-12-11,W1F0TANT,ST3000DM001,3000592982016,0,,141039144,,,,,,,,0,,,,,,11620,,,,,,,,,,,,,,,,,,,,,,,,,,,,,,22,,,,,,0,,,,,,,,,,,,,,,,,,,,,,,,,,,,
2013-12-11,Z300K2AA,ST4000DM000,4000787030016,0,,103499232,,,,,,,,0,,,,,,2241,,,,,,,,,,,,,,,,,,,,,,,,,,,,,,19,,,,,,0,,,,,,,,,,,,,,,,,,,,,,,,,,,,
2013-12-11,MJ0351YNGA6VSA,Hitachi HDS5C3030ALA630,3000592982016,0,,0,,,,,,,,0,,,,,,8663,,,,,,,,,,,,,,,,,,,,,,,,,,,,,,27,,,,,,0,,,,,,,,,,,,,,,,,,,,,,,,,,,,
2013-12-11,W3009RTQ,ST4000DM000,4000787030016,0,,111046584,,,,,,,,0,,,,,,4160,,,,,,,,,,,,,,,,,,,,,,,,,,,,,,22,,,,,,0,,,,,,,,,,,,,,,,,,,,,,,,,,,,
2013-12-11,JK11A5B8J7SMTX,Hitachi HDS722020ALA330,2000398934016,0,,65536,,,,,,,,0,,,,,,22698,,,,,,,,,,,,,,,,,,,,,,,,,,,,,,27,,,,,,0,,,,,,,,,,,,,,,,,,,,,,,,,,,,
2013-12-11,JK1101B9JNHK4R,Hitachi HDS722020ALA330,2000398934016,0,,1,,,,,,,,2,,,,,,23579,,,,,,,,,,,,,,,,,,,,,,,,,,,,,,25,,,,,,0,,,,,,,,,,,,,,,,,,,,,,,,,,,,
2013-12-11,MJ1311YNG3KKVA,Hitachi HDS5C3030ALA630,3000592982016,0,,0,,,,,,,,0,,,,,,19254,,,,,,,,,,,,,,,,,,,,,,,,,,,,,,24,,,,,,0,,,,,,,,,,,,,,,,,,,,,,,,,,,,
2013-12-11,MK0331YHGP77JA,Hitachi HDS723030ALA640,3000592982016,0,,0,,,,,,,,0,,,,,,17030,,,,,,,,,,,,,,,,,,,,,,,,,,,,,,30,,,,,,0,,,,,,,,,,,,,,,,,,,,,,,,,,,,
2013-12-11,W1F09SB0,ST3000DM001,3000592982016,0,,183147448,,,,,,,,0,,,,,,14236,,,,,,,,,,,,,,,,,,,,,,,,,,,,,,23,,,,,,0,,,,,,,,,,,,,,,,,,,,,,,,,,,,
2013-12-11,MJ1311YNG0EM6A,Hitachi HDS5C3030ALA630,3000592982016,0,,260,,,,,,,,0,,,,,,18385,,,,,,,,,,,,,,,,,,,,,,,,,,,,,,23,,,,,,0,,,,,,,,,,,,,,,,,,,,,,,,,,,,
2013-12-11,Z1Z05JPD,ST4000DX000,4000787030016,0,,13886499,,,,,,,,0,,,,,,5379,,,,,,,,,,,,,,,,,,,,,,,,,,,,,,26,,,,,,0,,,,,,,,,,,,,,,,,,,,,,,,,,,,
2013-12-11,W3002G52,ST4000DM000,4000787030016,0,,181971984,,,,,,,,0,,,,,,2244,,,,,,,,,,,,,,,,,,,,,,,,,,,,,,17,,,,,,0,,,,,,,,,,,,,,,,,,,,,,,,,,,,
2013-12-11,MK0331YHGRXKKA,Hitachi HDS723030ALA640,3000592982016,0,,327685,,,,,,,,0,,,,,,17017,,,,,,,,,,,,,,,,,,,,,,,,,,,,,,29,,,,,,0,,,,,,,,,,,,,,,,,,,,,,,,,,,,
2013-12-11,W300B39Y,ST4000DM000,4000787030016,0,,54649800,,,,,,,,0,,,,,,3603,,,,,,,,,,,,,,,,,,,,,,,,,,,,,,22,,,,,,0,,,,,,,,,,,,,,,,,,,,,,,,,,,,
2013-12-11,S1F04ZNE,ST3000DM001,3000592982016,0,,229666960,,,,,,,,0,,,,,,13868,,,,,,,,,,,,,,,,,,,,,,,,,,,,,,27,,,,,,0,,,,,,,,,,,,,,,,,,,,,,,,,,,,
2013-12-11,W300K1ZY,ST4000DM000,4000787030016,0,,165279192,,,,,,,,0,,,,,,920,,,,,,,,,,,,,,,,,,,,,,,,,,,,,,22,,,,,,0,,,,,,,,,,,,,,,,,,,,,,,,,,,,
2013-12-11,W3006DC0,ST4000DM000,4000787030016,0,,184637912,,,,,,,,0,,,,,,2901,,,,,,,,,,,,,,,,,,,,,,,,,,,,,,27,,,,,,0,,,,,,,,,,,,,,,,,,,,,,,,,,,,
2013-12-11,PL1311LAG1ADHA,Hitachi HDS5C4040ALE630,4000787030016,0,,0,,,,,,,,0,,,,,,7459,,,,,,,,,,,,,,,,,,,,,,,,,,,,,,25,,,,,,0,,,,,,,,,,,,,,,,,,,,,,,,,,,,
2013-12-11,5XW03400,ST31500541AS,1500301910016,0,,27668765,,,,,,,,0,,,,,,35232,,,,,,,,,,,,,,,,,,,,,,,,,,,,,,21,,,,,,0,,,,,,,,,,,,,,,,,,,,,,,,,,,,
2013-12-11,MK0311YHG318DA,Hitachi HDS723030ALA640,3000592982016,0,,0,,,,,,,,0,,,,,,22347,,,,,,,,,,,,,,,,,,,,,,,,,,,,,,27,,,,,,0,,,,,,,,,,,,,,,,,,,,,,,,,,,,
2013-12-11,MJ0351YNG9Z0EA,Hitachi HDS5C3030ALA630,3000592982016,0,,0,,,,,,,,0,,,,,,9939,,,,,,,,,,,,,,,,,,,,,,,,,,,,,,24,,,,,,0,,,,,,,,,,,,,,,,,,,,,,,,,,,,
2013-12-11,Z1F0LKJR,ST3000DM001,3000592982016,0,,105261472,,,,,,,,0,,,,,,10944,,,,,,,,,,,,,,,,,,,,,,,,,,,,,,21,,,,,,0,,,,,,,,,,,,,,,,,,,,,,,,,,,,
2013-12-11,Z1F12VLB,ST3000DM001,3000592982016,0,,72481192,,,,,,,,0,,,,,,3683,,,,,,,,,,,,,,,,,,,,,,,,,,,,,,22,,,,,,0,,,,,,,,,,,,,,,,,,,,,,,,,,,,
2013-12-11,JK11A8B9J7G4KF,Hitachi HDS722020ALA330,2000398934016,0,,0,,,,,,,,0,,,,,,24983,,,,,,,,,,,,,,,,,,,,,,,,,,,,,,30,,,,,,0,,,,,,,,,,,,,,,,,,,,,,,,,,,,
2013-12-11,W1F0TSPZ,ST3000DM001,3000592982016,0,,183610816,,,,,,,,0,,,,,,10835,,,,,,,,,,,,,,,,,,,,,,,,,,,,,,33,,,,,,48,,,,,,,,,,,,,,,,,,,,,,,,,,,,
2013-12-11,JK1101B9GBZR0F,Hitachi HDS722020ALA330,2000398934016,0,,0,,,,,,,,48,,,,,,26927,,,,,,,,,,,,,,,,,,,,,,,,,,,,,,25,,,,,,0,,,,,,,,,,,,,,,,,,,,,,,,,,,,
2013-12-11,JK11A8B9J3P3KF,Hitachi HDS722020ALA330,2000398934016,0,,0,,,,,,,,0,,,,,,23125,,,,,,,,,,,,,,,,,,,,,,,,,,,,,,35,,,,,,0,,,,,,,,,,,,,,,,,,,,,,,,,,,,
2013-12-11,PL1311LAG3BTTH,Hitachi HDS5C4040ALE630,4000787030016,0,,0,,,,,,,,0,,,,,,6655,,,,,,,,,,,,,,,,,,,,,,,,,,,,,,20,,,,,,0,,,,,,,,,,,,,,,,,,,,,,,,,,,,
2013-12-11,MK0313YHGKT1TC,Hitachi HDS723030ALA640,3000592982016,0,,0,,,,,,,,0,,,,,,21462,,,,,,,,,,,,,,,,,,,,,,,,,,,,,,33,,,,,,0,,,,,,,,,,,,,,,,,,,,,,,,,,,,
2013-12-11,5XW1P4M8,ST32000542AS,2000398934016,0,,12716959,,,,,,,,0,,,,,,15216,,,,,,,,,,,,,,,,,,,,,,,,,,,,,,23,,,,,,0,,,,,,,,,,,,,,,,,,,,,,,,,,,,
2013-12-11,MJ0351YNG9Y06A,Hitachi HDS5C3030ALA630,3000592982016,0,,0,,,,,,,,0,,,,,,9146,,,,,,,,,,,,,,,,,,,,,,,,,,,,,,30,,,,,,0,,,,,,,,,,,,,,,,,,,,,,,,,,,,
2013-12-11,W300KLN9,ST4000DM000,4000787030016,0,,25026464,,,,,,,,0,,,,,,957,,,,,,,,,,,,,,,,,,,,,,,,,,,,,,20,,,,,,0,,,,,,,,,,,,,,,,,,,,,,,,,,,,
2013-12-11,JK1174YAK3YGVW,Hitachi HDS722020ALA330,2000398934016,0,,0,,,,,,,,0,,,,,,28809,,,,,,,,,,,,,,,,,,,,,,,,,,,,,,23,,,,,,0,,,,,,,,,,,,,,,,,,,,,,,,,,,,
2013-12-11,MJ0351YNGA8K0A,Hitachi HDS5C3030ALA630,3000592982016,0,,0,,,,,,,,0,,,,,,8617,,,,,,,,,,,,,,,,,,,,,,,,,,,,,,31,,,,,,0,,,,,,,,,,,,,,,,,,,,,,,,,,,,
2013-12-11,Z300GPCZ,ST4000DM000,4000787030016,0,,28160160,,,,,,,,0,,,,,,2899,,,,,,,,,,,,,,,,,,,,,,,,,,,,,,27,,,,,,0,,,,,,,,,,,,,,,,,,,,,,,,,,,,
2013-12-11,JK11A8B9J3LXTF,Hitachi HDS722020ALA330,2000398934016,0,,0,,,,,,,,0,,,,,,23125,,,,,,,,,,,,,,,,,,,,,,,,,,,,,,34,,,,,,0,,,,,,,,,,,,,,,,,,,,,,,,,,,,
2013-12-11,Z300GPCS,ST4000DM000,4000787030016,0,,217895632,,,,,,,,0,,,,,,3621,,,,,,,,,,,,,,,,,,,,,,,,,,,,,,22,,,,,,0,,,,,,,,,,,,,,,,,,,,,,,,,,,,
2013-12-11,PL1311LAG2081A,Hitachi HDS5C4040ALE630,4000787030016,0,,0,,,,,,,,0,,,,,,6616,,,,,,,,,,,,,,,,,,,,,,,,,,,,,,27,,,,,,0,,,,,,,,,,,,,,,,,,,,,,,,,,,,
2013-12-11,Z300GPCT,ST4000DM000,4000787030016,0,,165546016,,,,,,,,0,,,,,,3580,,,,,,,,,,,,,,,,,,,,,,,,,,,,,,22,,,,,,0,,,,,,,,,,,,,,,,,,,,,,,,,,,,
2013-12-11,Z300GPCV,ST4000DM000,4000787030016,0,,4291064,,,,,,,,0,,,,,,3582,,,,,,,,,,,,,,,,,,,,,,,,,,,,,,26,,,,,,0,,,,,,,,,,,,,,,,,,,,,,,,,,,,
2013-12-11,MK0313YHGJWZUC,Hitachi HDS723030ALA640,3000592982016,0,,0,,,,,,,,0,,,,,,14732,,,,,,,,,,,,,,,,,,,,,,,,,,,,,,26,,,,,,0,,,,,,,,,,,,,,,,,,,,,,,,,,,,
2013-12-11,Z300GPCJ,ST4000DM000,4000787030016,0,,161103064,,,,,,,,0,,,,,,3582,,,,,,,,,,,,,,,,,,,,,,,,,,,,,,26,,,,,,0,,,,,,,,,,,,,,,,,,,,,,,,,,,,
2013-12-11,Z300GPCM,ST4000DM000,4000787030016,0,,114812456,,,,,,,,0,,,,,,3583,,,,,,,,,,,,,,,,,,,,,,,,,,,,,,23,,,,,,0,,,,,,,,,,,,,,,,,,,,,,,,,,,,
2013-12-11,Z300GPCL,ST4000DM000,4000787030016,0,,240406928,,,,,,,,0,,,,,,3580,,,,,,,,,,,,,,,,,,,,,,,,,,,,,,24,,,,,,0,,,,,,,,,,,,,,,,,,,,,,,,,,,,
2013-12-11,S1F024CE,ST3000DM001,3000592982016,0,,237837144,,,,,,,,0,,,,,,14726,,,,,,,,,,,,,,,,,,,,,,,,,,,,,,27,,,,,,0,,,,,,,,,,,,,,,,,,,,,,,,,,,,
2013-12-11,Z300GPCC,ST4000DM000,4000787030016,0,,66239088,,,,,,,,0,,,,,,3586,,,,,,,,,,,,,,,,,,,,,,,,,,,,,,20,,,,,,0,,,,,,,,,,,,,,,,,,,,,,,,,,,,
2013-12-11,Z300GPCG,ST4000DM000,4000787030016,0,,196750032,,,,,,,,0,,,,,,3630,,,,,,,,,,,,,,,,,,,,,,,,,,,,,,24,,,,,,0,,,,,,,,,,,,,,,,,,,,,,,,,,,,
2013-12-11,JK1105B8GDETZX,Hitachi HDS722020ALA330,2000398934016,0,,1,,,,,,,,0,,,,,,27221,,,,,,,,,,,,,,,,,,,,,,,,,,,,,,31,,,,,,0,,,,,,,,,,,,,,,,,,,,,,,,,,,,
2013-12-11,MJ1311YNG30MHA,Hitachi HDS5C3030ALA630,3000592982016,0,,0,,,,,,,,0,,,,,,18041,,,,,,,,,,,,,,,,,,,,,,,,,,,,,,25,,,,,,0,,,,,,,,,,,,,,,,,,,,,,,,,,,,
2013-12-11,MK0311YHG2Y4RA,Hitachi HDS723030ALA640,3000592982016,0,,0,,,,,,,,0,,,,,,22347,,,,,,,,,,,,,,,,,,,,,,,,,,,,,,26,,,,,,0,,,,,,,,,,,,,,,,,,,,,,,,,,,,
2013-12-11,MJ0351YNGAD2TA,Hitachi HDS5C3030ALA630,3000592982016,0,,0,,,,,,,,0,,,,,,8141,,,,,,,,,,,,,,,,,,,,,,,,,,,,,,28,,,,,,0,,,,,,,,,,,,,,,,,,,,,,,,,,,,
2013-12-11,MJ1323YNG1NY8C,Hitachi HDS5C3030ALA630,3000592982016,0,,458752,,,,,,,,0,,,,,,19731,,,,,,,,,,,,,,,,,,,,,,,,,,,,,,24,,,,,,0,,,,,,,,,,,,,,,,,,,,,,,,,,,,
2013-12-11,JK11A8B9J3B53F,Hitachi HDS722020ALA330,2000398934016,0,,0,,,,,,,,0,,,,,,23947,,,,,,,,,,,,,,,,,,,,,,,,,,,,,,27,,,,,,0,,,,,,,,,,,,,,,,,,,,,,,,,,,,
2013-12-11,MK0331YHGPTRKA,Hitachi HDS723030ALA640,3000592982016,0,,0,,,,,,,,0,,,,,,17762,,,,,,,,,,,,,,,,,,,,,,,,,,,,,,25,,,,,,0,,,,,,,,,,,,,,,,,,,,,,,,,,,,
2013-12-11,PL1331LAGB9MAH,Hitachi HDS5C4040ALE630,4000787030016,0,,0,,,,,,,,0,,,,,,5428,,,,,,,,,,,,,,,,,,,,,,,,,,,,,,20,,,,,,0,,,,,,,,,,,,,,,,,,,,,,,,,,,,
2013-12-11,PL1311LAG17ZZA,Hitachi HDS5C4040ALE630,4000787030016,0,,0,,,,,,,,0,,,,,,5186,,,,,,,,,,,,,,,,,,,,,,,,,,,,,,26,,,,,,0,,,,,,,,,,,,,,,,,,,,,,,,,,,,
2013-12-11,MJ1321YNG0Y28A,Hitachi HDS5C3030ALA630,3000592982016,0,,0,,,,,,,,0,,,,,,20067,,,,,,,,,,,,,,,,,,,,,,,,,,,,,,26,,,,,,0,,,,,,,,,,,,,,,,,,,,,,,,,,,,
2013-12-11,S1F0TNSA,ST3000DM001,3000592982016,0,,162127024,,,,,,,,0,,,,,,10728,,,,,,,,,,,,,,,,,,,,,,,,,,,,,,26,,,,,,0,,,,,,,,,,,,,,,,,,,,,,,,,,,,
2013-12-11,W300J5ZL,ST4000DM000,4000787030016,0,,94588048,,,,,,,,0,,,,,,2248,,,,,,,,,,,,,,,,,,,,,,,,,,,,,,22,,,,,,0,,,,,,,,,,,,,,,,,,,,,,,,,,,,
2013-12-11,W300J5ZF,ST4000DM000,4000787030016,0,,196081656,,,,,,,,0,,,,,,2248,,,,,,,,,,,,,,,,,,,,,,,,,,,,,,18,,,,,,0,,,,,,,,,,,,,,,,,,,,,,,,,,,,
2013-12-11,S1F04KSC,ST3000DM001,3000592982016,0,,146555016,,,,,,,,0,,,,,,13358,,,,,,,,,,,,,,,,,,,,,,,,,,,,,,24,,,,,,0,,,,,,,,,,,,,,,,,,,,,,,,,,,,
2013-12-11,MJ0351YNG9V56A,Hitachi HDS5C3030ALA630,3000592982016,0,,0,,,,,,,,0,,,,,,9999,,,,,,,,,,,,,,,,,,,,,,,,,,,,,,34,,,,,,0,,,,,,,,,,,,,,,,,,,,,,,,,,,,
2013-12-11,W300J5ZQ,ST4000DM000,4000787030016,0,,79890744,,,,,,,,0,,,,,,2239,,,,,,,,,,,,,,,,,,,,,,,,,,,,,,23,,,,,,0,,,,,,,,,,,,,,,,,,,,,,,,,,,,
2013-12-11,JK11A8B9GP942F,Hitachi HDS722020ALA330,2000398934016,0,,0,,,,,,,,0,,,,,,26762,,,,,,,,,,,,,,,,,,,,,,,,,,,,,,28,,,,,,0,,,,,,,,,,,,,,,,,,,,,,,,,,,,
2013-12-11,W1F0RXXD,ST3000DM001,3000592982016,0,,104475664,,,,,,,,0,,,,,,11024,,,,,,,,,,,,,,,,,,,,,,,,,,,,,,28,,,,,,0,,,,,,,,,,,,,,,,,,,,,,,,,,,,
2013-12-11,Z3004H6W,ST4000DM000,4000787030016,0,,216799552,,,,,,,,0,,,,,,5419,,,,,,,,,,,,,,,,,,,,,,,,,,,,,,22,,,,,,0,,,,,,,,,,,,,,,,,,,,,,,,,,,,
2013-12-11,PL1311LAG38H7H,Hitachi HDS5C4040ALE630,4000787030016,0,,0,,,,,,,,0,,,,,,5962,,,,,,,,,,,,,,,,,,,,,,,,,,,,,,20,,,,,,0,,,,,,,,,,,,,,,,,,,,,,,,,,,,
2013-12-11,JK1105B8GED65X,Hitachi HDS722020ALA330,2000398934016,0,,0,,,,,,,,0,,,,,,27168,,,,,,,,,,,,,,,,,,,,,,,,,,,,,,29,,,,,,0,,,,,,,,,,,,,,,,,,,,,,,,,,,,
2013-12-11,JK1171B9HDHXET,Hitachi HDS722020ALA330,2000398934016,0,,0,,,,,,,,0,,,,,,24305,,,,,,,,,,,,,,,,,,,,,,,,,,,,,,27,,,,,,0,,,,,,,,,,,,,,,,,,,,,,,,,,,,
2013-12-11,6XW0225Q,ST31500541AS,1500301910016,0,,183652686,,,,,,,,0,,,,,,35171,,,,,,,,,,,,,,,,,,,,,,,,,,,,,,22,,,,,,0,,,,,,,,,,,,,,,,,,,,,,,,,,,,
2013-12-11,Z300W55V,ST4000DM000,4000787030016,0,,23781672,,,,,,,,0,,,,,,923,,,,,,,,,,,,,,,,,,,,,,,,,,,,,,24,,,,,,0,,,,,,,,,,,,,,,,,,,,,,,,,,,,
2013-12-11,6XW05AG4,ST31500541AS,1500301910016,0,,81970184,,,,,,,,0,,,,,,37286,,,,,,,,,,,,,,,,,,,,,,,,,,,,,,27,,,,,,0,,,,,,,,,,,,,,,,,,,,,,,,,,,,
2013-12-11,MJ0351YNGAA13A,Hitachi HDS5C3030ALA630,3000592982016,0,,0,,,,,,,,0,,,,,,7989,,,,,,,,,,,,,,,,,,,,,,,,,,,,,,29,,,,,,0,,,,,,,,,,,,,,,,,,,,,,,,,,,,
2013-12-11,JK11A8B9J7ZREF,Hitachi HDS722020ALA330,2000398934016,0,,0,,,,,,,,0,,,,,,25120,,,,,,,,,,,,,,,,,,,,,,,,,,,,,,32,,,,,,0,,,,,,,,,,,,,,,,,,,,,,,,,,,,
2013-12-11,Z300H1MB,ST4000DM000,4000787030016,0,,219167448,,,,,,,,0,,,,,,1298,,,,,,,,,,,,,,,,,,,,,,,,,,,,,,21,,,,,,0,,,,,,,,,,,,,,,,,,,,,,,,,,,,
2013-12-11,JK1105B8G6ALJX,Hitachi HDS722020ALA330,2000398934016,0,,0,,,,,,,,0,,,,,,27160,,,,,,,,,,,,,,,,,,,,,,,,,,,,,,29,,,,,,0,,,,,,,,,,,,,,,,,,,,,,,,,,,,
2013-12-11,MJ1311YNG73STA,Hitachi HDS5C3030ALA630,3000592982016,0,,0,,,,,,,,0,,,,,,14291,,,,,,,,,,,,,,,,,,,,,,,,,,,,,,28,,,,,,0,,,,,,,,,,,,,,,,,,,,,,,,,,,,
2013-12-11,W300BMW8,ST4000DM000,4000787030016,0,,18404296,,,,,,,,0,,,,,,4189,,,,,,,,,,,,,,,,,,,,,,,,,,,,,,25,,,,,,0,,,,,,,,,,,,,,,,,,,,,,,,,,,,
2013-12-11,Z1F01PLN,ST3000DM001,3000592982016,0,,183815872,,,,,,,,0,,,,,,18079,,,,,,,,,,,,,,,,,,,,,,,,,,,,,,27,,,,,,0,,,,,,,,,,,,,,,,,,,,,,,,,,,,
2013-12-11,MJ1311YNG5XDRA,Hitachi HDS5C3030ALA630,3000592982016,0,,0,,,,,,,,0,,,,,,14685,,,,,,,,,,,,,,,,,,,,,,,,,,,,,,21,,,,,,0,,,,,,,,,,,,,,,,,,,,,,,,,,,,
2013-12-11,Z1Z04XQR,ST4000DX000,4000787030016,0,,64599235,,,,,,,,0,,,,,,5039,,,,,,,,,,,,,,,,,,,,,,,,,,,,,,33,,,,,,0,,,,,,,,,,,,,,,,,,,,,,,,,,,,
2013-12-11,W300J6H7,ST4000DM000,4000787030016,0,,105233248,,,,,,,,0,,,,,,2240,,,,,,,,,,,,,,,,,,,,,,,,,,,,,,21,,,,,,0,,,,,,,,,,,,,,,,,,,,,,,,,,,,
2013-12-11,JK11A4B8J7SGJW,Hitachi HDS722020ALA330,2000398934016,0,,0,,,,,,,,0,,,,,,25123,,,,,,,,,,,,,,,,,,,,,,,,,,,,,,30,,,,,,0,,,,,,,,,,,,,,,,,,,,,,,,,,,,
2013-12-11,JK1101B9GEG8YF,Hitachi HDS722020ALA330,2000398934016,0,,1,,,,,,,,0,,,,,,27486,,,,,,,,,,,,,,,,,,,,,,,,,,,,,,26,,,,,,0,,,,,,,,,,,,,,,,,,,,,,,,,,,,
2013-12-11,PL1311LAG3EG5H,Hitachi HDS5C4040ALE630,4000787030016,0,,0,,,,,,,,0,,,,,,6648,,,,,,,,,,,,,,,,,,,,,,,,,,,,,,21,,,,,,0,,,,,,,,,,,,,,,,,,,,,,,,,,,,
2013-12-11,Z300MQ6F,ST4000DM000,4000787030016,0,,232886688,,,,,,,,0,,,,,,2900,,,,,,,,,,,,,,,,,,,,,,,,,,,,,,24,,,,,,0,,,,,,,,,,,,,,,,,,,,,,,,,,,,
2013-12-11,MJ1311YNG7G8UA,Hitachi HDS5C3030ALA630,3000592982016,0,,196621,,,,,,,,0,,,,,,14595,,,,,,,,,,,,,,,,,,,,,,,,,,,,,,29,,,,,,0,,,,,,,,,,,,,,,,,,,,,,,,,,,,
2013-12-11,5XW03MQ6,ST31500541AS,1500301910016,0,,21258972,,,,,,,,0,,,,,,37288,,,,,,,,,,,,,,,,,,,,,,,,,,,,,,25,,,,,,0,,,,,,,,,,,,,,,,,,,,,,,,,,,,
2013-12-11,W300J6HT,ST4000DM000,4000787030016,0,,133614040,,,,,,,,0,,,,,,2224,,,,,,,,,,,,,,,,,,,,,,,,,,,,,,27,,,,,,0,,,,,,,,,,,,,,,,,,,,,,,,,,,,
2013-12-11,JK11A8B9J2B9MF,Hitachi HDS722020ALA330,2000398934016,0,,0,,,,,,,,8,,,,,,24396,,,,,,,,,,,,,,,,,,,,,,,,,,,,,,31,,,,,,1,,,,,,,,,,,,,,,,,,,,,,,,,,,,
2013-12-11,WD-WCAU42422174,WDC WD10EACS,1000204886016,0,,8,,,,,,,,0,,,,,,42790,,,,,,,,,,,,,,,,,,,,,,,,,,,,,,26,,,,,,0,,,,,,,,,,,,,,,,,,,,,,,,,,,,
2013-12-11,MJ1321YNG0K5PA,Hitachi HDS5C3030ALA630,3000592982016,0,,0,,,,,,,,0,,,,,,20480,,,,,,,,,,,,,,,,,,,,,,,,,,,,,,27,,,,,,0,,,,,,,,,,,,,,,,,,,,,,,,,,,,
2013-12-11,W300J6HE,ST4000DM000,4000787030016,0,,99573640,,,,,,,,0,,,,,,2248,,,,,,,,,,,,,,,,,,,,,,,,,,,,,,23,,,,,,0,,,,,,,,,,,,,,,,,,,,,,,,,,,,
2013-12-11,6XW02G90,ST31500541AS,1500301910016,0,,131203603,,,,,,,,0,,,,,,35750,,,,,,,,,,,,,,,,,,,,,,,,,,,,,,20,,,,,,0,,,,,,,,,,,,,,,,,,,,,,,,,,,,
2013-12-11,MJ1311YNG787PA,Hitachi HDS5C3030ALA630,3000592982016,0,,0,,,,,,,,0,,,,,,14685,,,,,,,,,,,,,,,,,,,,,,,,,,,,,,19,,,,,,0,,,,,,,,,,,,,,,,,,,,,,,,,,,,
2013-12-11,JK1101B9JRMP5F,Hitachi HDS722020ALA330,2000398934016,0,,0,,,,,,,,0,,,,,,23319,,,,,,,,,,,,,,,,,,,,,,,,,,,,,,34,,,,,,0,,,,,,,,,,,,,,,,,,,,,,,,,,,,
2013-12-11,W300BMWA,ST4000DM000,4000787030016,0,,174276832,,,,,,,,0,,,,,,3588,,,,,,,,,,,,,,,,,,,,,,,,,,,,,,25,,,,,,0,,,,,,,,,,,,,,,,,,,,,,,,,,,,
2013-12-11,W300DY6P,ST4000DM000,4000787030016,0,,105075648,,,,,,,,0,,,,,,4140,,,,,,,,,,,,,,,,,,,,,,,,,,,,,,25,,,,,,0,,,,,,,,,,,,,,,,,,,,,,,,,,,,
2013-12-11,JK1101B9G7GBMF,Hitachi HDS722020ALA330,2000398934016,0,,0,,,,,,,,0,,,,,,27737,,,,,,,,,,,,,,,,,,,,,,,,,,,,,,20,,,,,,0,,,,,,,,,,,,,,,,,,,,,,,,,,,,
2013-12-11,S1F0QZ3V,ST3000DM001,3000592982016,0,,130791896,,,,,,,,0,,,,,,11684,,,,,,,,,,,,,,,,,,,,,,,,,,,,,,33,,,,,,0,,,,,,,,,,,,,,,,,,,,,,,,,,,,
2013-12-11,JK11A8B9J9177F,Hitachi HDS722020ALA330,2000398934016,0,,0,,,,,,,,0,,,,,,25584,,,,,,,,,,,,,,,,,,,,,,,,,,,,,,24,,,,,,0,,,,,,,,,,,,,,,,,,,,,,,,,,,,
2013-12-11,JK1170B9JJVG3D,Hitachi HDS722020ALA330,2000398934016,0,,0,,,,,,,,0,,,,,,22687,,,,,,,,,,,,,,,,,,,,,,,,,,,,,,25,,,,,,0,,,,,,,,,,,,,,,,,,,,,,,,,,,,
2013-12-11,S1F12ZAS,ST3000DM001,3000592982016,0,,177632160,,,,,,,,0,,,,,,8128,,,,,,,,,,,,,,,,,,,,,,,,,,,,,,25,,,,,,0,,,,,,,,,,,,,,,,,,,,,,,,,,,,
2013-12-11,Z1F0LKBP,ST3000DM001,3000592982016,0,,35038704,,,,,,,,0,,,,,,12170,,,,,,,,,,,,,,,,,,,,,,,,,,,,,,23,,,,,,0,,,,,,,,,,,,,,,,,,,,,,,,,,,,
2013-12-11,S1F017TL,ST3000DM001,3000592982016,0,,76725752,,,,,,,,0,,,,,,13340,,,,,,,,,,,,,,,,,,,,,,,,,,,,,,27,,,,,,0,,,,,,,,,,,,,,,,,,,,,,,,,,,,
2013-12-11,JK11A8B9J80EZF,Hitachi HDS722020ALA330,2000398934016,0,,0,,,,,,,,0,,,,,,24914,,,,,,,,,,,,,,,,,,,,,,,,,,,,,,29,,,,,,0,,,,,,,,,,,,,,,,,,,,,,,,,,,,
2013-12-11,6XW05D1B,ST31500541AS,1500301910016,0,,104667293,,,,,,,,0,,,,,,36956,,,,,,,,,,,,,,,,,,,,,,,,,,,,,,23,,,,,,0,,,,,,,,,,,,,,,,,,,,,,,,,,,,
2013-12-11,WD-WMC4N1050718,WDC WD30EFRX,3000592982016,0,,0,,,,,,,,0,,,,,,636,,,,,,,,,,,,,,,,,,,,,,,,,,,,,,19,,,,,,0,,,,,,,,,,,,,,,,,,,,,,,,,,,,
2013-12-11,JK11A8B9J0UKZF,Hitachi HDS722020ALA330,2000398934016,0,,0,,,,,,,,0,,,,,,26144,,,,,,,,,,,,,,,,,,,,,,,,,,,,,,29,,,,,,0,,,,,,,,,,,,,,,,,,,,,,,,,,,,
2013-12-11,W300D5BL,ST4000DM000,4000787030016,0,,202140344,,,,,,,,0,,,,,,3238,,,,,,,,,,,,,,,,,,,,,,,,,,,,,,19,,,,,,0,,,,,,,,,,,,,,,,,,,,,,,,,,,,
2013-12-11,MJ1311YNG5XZLA,Hitachi HDS5C3030ALA630,3000592982016,0,,0,,,,,,,,0,,,,,,14290,,,,,,,,,,,,,,,,,,,,,,,,,,,,,,32,,,,,,0,,,,,,,,,,,,,,,,,,,,,,,,,,,,
2013-12-11,MJ1311YNG38BAA,Hitachi HDS5C3030ALA630,3000592982016,0,,0,,,,,,,,0,,,,,,19251,,,,,,,,,,,,,,,,,,,,,,,,,,,,,,25,,,,,,0,,,,,,,,,,,,,,,,,,,,,,,,,,,,
2013-12-11,6XW039QW,ST31500541AS,1500301910016,0,,87008531,,,,,,,,0,,,,,,35446,,,,,,,,,,,,,,,,,,,,,,,,,,,,,,17,,,,,,0,,,,,,,,,,,,,,,,,,,,,,,,,,,,
2013-12-11,Z300NRHZ,ST4000DM000,4000787030016,0,,85095248,,,,,,,,0,,,,,,1447,,,,,,,,,,,,,,,,,,,,,,,,,,,,,,27,,,,,,0,,,,,,,,,,,,,,,,,,,,,,,,,,,,
2013-12-11,PK1331PAJ2NLDS,HGST HDS724040ALE640,4000787030016,0,,0,,,,,,,,0,,,,,,2026,,,,,,,,,,,,,,,,,,,,,,,,,,,,,,27,,,,,,0,,,,,,,,,,,,,,,,,,,,,,,,,,,,
2013-12-11,PL1321LAG36EMH,Hitachi HDS5C4040ALE630,4000787030016,0,,0,,,,,,,,0,,,,,,5668,,,,,,,,,,,,,,,,,,,,,,,,,,,,,,20,,,,,,0,,,,,,,,,,,,,,,,,,,,,,,,,,,,
2013-12-11,PL1311LAG2NGMH,Hitachi HDS5C4040ALE630,4000787030016,0,,0,,,,,,,,0,,,,,,5949,,,,,,,,,,,,,,,,,,,,,,,,,,,,,,24,,,,,,0,,,,,,,,,,,,,,,,,,,,,,,,,,,,
2013-12-11,JK11A8B9J716RF,Hitachi HDS722020ALA330,2000398934016,0,,0,,,,,,,,0,,,,,,23488,,,,,,,,,,,,,,,,,,,,,,,,,,,,,,24,,,,,,0,,,,,,,,,,,,,,,,,,,,,,,,,,,,
2013-12-11,W300BNW0,ST4000DM000,4000787030016,0,,201497392,,,,,,,,0,,,,,,3586,,,,,,,,,,,,,,,,,,,,,,,,,,,,,,21,,,,,,0,,,,,,,,,,,,,,,,,,,,,,,,,,,,
2013-12-11,W300D9EF,ST4000DM000,4000787030016,0,,135294264,,,,,,,,0,,,,,,4165,,,,,,,,,,,,,,,,,,,,,,,,,,,,,,23,,,,,,0,,,,,,,,,,,,,,,,,,,,,,,,,,,,
2013-12-11,MK0333YHGPK79C,Hitachi HDS723030ALA640,3000592982016,0,,0,,,,,,,,0,,,,,,17755,,,,,,,,,,,,,,,,,,,,,,,,,,,,,,20,,,,,,0,,,,,,,,,,,,,,,,,,,,,,,,,,,,
2013-12-11,PL1311LAG38JAH,Hitachi HDS5C4040ALE630,4000787030016,0,,0,,,,,,,,0,,,,,,5923,,,,,,,,,,,,,,,,,,,,,,,,,,,,,,20,,,,,,0,,,,,,,,,,,,,,,,,,,,,,,,,,,,
2013-12-11,MK0311YHG445TA,Hitachi HDS723030ALA640,3000592982016,0,,0,,,,,,,,0,,,,,,21792,,,,,,,,,,,,,,,,,,,,,,,,,,,,,,26,,,,,,0,,,,,,,,,,,,,,,,,,,,,,,,,,,,
2013-12-11,PL1311LAG3E7BH,Hitachi HDS5C4040ALE630,4000787030016,0,,0,,,,,,,,0,,,,,,5125,,,,,,,,,,,,,,,,,,,,,,,,,,,,,,29,,,,,,0,,,,,,,,,,,,,,,,,,,,,,,,,,,,
2013-12-11,5XW0KD07,ST32000542AS,2000398934016,0,,98549634,,,,,,,,13,,,,,,15216,,,,,,,,,,,,,,,,,,,,,,,,,,,,,,21,,,,,,0,,,,,,,,,,,,,,,,,,,,,,,,,,,,
2013-12-11,MJ1311YNG354EA,Hitachi HDS5C3030ALA630,3000592982016,0,,0,,,,,,,,0,,,,,,18040,,,,,,,,,,,,,,,,,,,,,,,,,,,,,,26,,,,,,0,,,,,,,,,,,,,,,,,,,,,,,,,,,,
2013-12-11,JK11A8B9J7WXEF,Hitachi HDS722020ALA330,2000398934016,0,,1,,,,,,,,0,,,,,,24666,,,,,,,,,,,,,,,,,,,,,,,,,,,,,,26,,,,,,0,,,,,,,,,,,,,,,,,,,,,,,,,,,,
2013-12-11,6XW03BPX,ST31500541AS,1500301910016,0,,96937199,,,,,,,,1012,,,,,,35443,,,,,,,,,,,,,,,,,,,,,,,,,,,,,,18,,,,,,0,,,,,,,,,,,,,,,,,,,,,,,,,,,,
2013-12-11,WD-WCAU45058398,WDC WD10EACS,1000204886016,0,,2,,,,,,,,0,,,,,,42380,,,,,,,,,,,,,,,,,,,,,,,,,,,,,,20,,,,,,0,,,,,,,,,,,,,,,,,,,,,,,,,,,,
2013-12-11,JK11A8B9J2LDHF,Hitachi HDS722020ALA330,2000398934016,0,,0,,,,,,,,0,,,,,,24502,,,,,,,,,,,,,,,,,,,,,,,,,,,,,,29,,,,,,0,,,,,,,,,,,,,,,,,,,,,,,,,,,,
2013-12-11,MJ1311YNG2XB4A,Hitachi HDS5C3030ALA630,3000592982016,0,,0,,,,,,,,0,,,,,,18406,,,,,,,,,,,,,,,,,,,,,,,,,,,,,,22,,,,,,0,,,,,,,,,,,,,,,,,,,,,,,,,,,,
2013-12-11,W1F09TN1,ST3000DM001,3000592982016,0,,76023448,,,,,,,,0,,,,,,13362,,,,,,,,,,,,,,,,,,,,,,,,,,,,,,20,,,,,,0,,,,,,,,,,,,,,,,,,,,,,,,,,,,
2013-12-11,6XW03BPD,ST31500541AS,1500301910016,0,,126484322,,,,,,,,0,,,,,,35444,,,,,,,,,,,,,,,,,,,,,,,,,,,,,,21,,,,,,0,,,,,,,,,,,,,,,,,,,,,,,,,,,,
2013-12-11,MJ1311YNG5VAMA,Hitachi HDS5C3030ALA630,3000592982016,0,,0,,,,,,,,0,,,,,,14682,,,,,,,,,,,,,,,,,,,,,,,,,,,,,,19,,,,,,0,,,,,,,,,,,,,,,,,,,,,,,,,,,,
2013-12-11,JK11A5B8J7SN1X,Hitachi HDS722020ALA330,2000398934016,0,,4,,,,,,,,0,,,,,,22695,,,,,,,,,,,,,,,,,,,,,,,,,,,,,,27,,,,,,0,,,,,,,,,,,,,,,,,,,,,,,,,,,,
2013-12-11,JK11A8B9J9KU3F,Hitachi HDS722020ALA330,2000398934016,0,,0,,,,,,,,0,,,,,,24970,,,,,,,,,,,,,,,,,,,,,,,,,,,,,,31,,,,,,0,,,,,,,,,,,,,,,,,,,,,,,,,,,,
2013-12-11,JK1101B9GE2Z6F,Hitachi HDS722020ALA330,2000398934016,0,,65536,,,,,,,,0,,,,,,27542,,,,,,,,,,,,,,,,,,,,,,,,,,,,,,21,,,,,,0,,,,,,,,,,,,,,,,,,,,,,,,,,,,
2013-12-11,PL1311LAG35EXH,Hitachi HDS5C4040ALE630,4000787030016,0,,0,,,,,,,,0,,,,,,6654,,,,,,,,,,,,,,,,,,,,,,,,,,,,,,24,,,,,,0,,,,,,,,,,,,,,,,,,,,,,,,,,,,
2013-12-11,S1F0Y8MA,ST3000DM001,3000592982016,0,,3258672,,,,,,,,0,,,,,,7992,,,,,,,,,,,,,,,,,,,,,,,,,,,,,,19,,,,,,0,,,,,,,,,,,,,,,,,,,,,,,,,,,,
2013-12-11,MK0331YHGHKN8A,Hitachi HDS723030ALA640,3000592982016,0,,0,,,,,,,,0,,,,,,9746,,,,,,,,,,,,,,,,,,,,,,,,,,,,,,22,,,,,,0,,,,,,,,,,,,,,,,,,,,,,,,,,,,
2013-12-11,9VS3HLH4,ST31500341AS,1500301910016,0,,211200023,,,,,,,,18,,,,,,31323,,,,,,,,,,,,,,,,,,,,,,,,,,,,,,24,,,,,,0,,,,,,,,,,,,,,,,,,,,,,,,,,,,
2013-12-11,MJ0351YNGA3BGA,Hitachi HDS5C3030ALA630,3000592982016,0,,0,,,,,,,,0,,,,,,8093,,,,,,,,,,,,,,,,,,,,,,,,,,,,,,25,,,,,,0,,,,,,,,,,,,,,,,,,,,,,,,,,,,
2013-12-11,MJ1311YNG7JLTA,Hitachi HDS5C3030ALA630,3000592982016,0,,0,,,,,,,,0,,,,,,14621,,,,,,,,,,,,,,,,,,,,,,,,,,,,,,24,,,,,,0,,,,,,,,,,,,,,,,,,,,,,,,,,,,
2013-12-11,S1F08S38,ST3000DM001,3000592982016,0,,215880056,,,,,,,,0,,,,,,12366,,,,,,,,,,,,,,,,,,,,,,,,,,,,,,27,,,,,,0,,,,,,,,,,,,,,,,,,,,,,,,,,,,
2013-12-11,JK11A8B9J2MJ7F,Hitachi HDS722020ALA330,2000398934016,0,,0,,,,,,,,0,,,,,,24463,,,,,,,,,,,,,,,,,,,,,,,,,,,,,,27,,,,,,0,,,,,,,,,,,,,,,,,,,,,,,,,,,,
2013-12-11,W1F08E0E,ST3000DM001,3000592982016,0,,224936808,,,,,,,,0,,,,,,15241,,,,,,,,,,,,,,,,,,,,,,,,,,,,,,23,,,,,,0,,,,,,,,,,,,,,,,,,,,,,,,,,,,
2013-12-11,PL1311LAG289PH,Hitachi HDS5C4040ALE630,4000787030016,0,,0,,,,,,,,0,,,,,,7434,,,,,,,,,,,,,,,,,,,,,,,,,,,,,,23,,,,,,0,,,,,,,,,,,,,,,,,,,,,,,,,,,,
2013-12-11,W300BHAZ,ST4000DM000,4000787030016,0,,61962968,,,,,,,,0,,,,,,4160,,,,,,,,,,,,,,,,,,,,,,,,,,,,,,23,,,,,,0,,,,,,,,,,,,,,,,,,,,,,,,,,,,
2013-12-11,W1F0A287,ST3000DM001,3000592982016,0,,50285120,,,,,,,,0,,,,,,13373,,,,,,,,,,,,,,,,,,,,,,,,,,,,,,24,,,,,,0,,,,,,,,,,,,,,,,,,,,,,,,,,,,
2013-12-11,9VS3J32V,ST31500341AS,1500301910016,0,,73198943,,,,,,,,155,,,,,,32875,,,,,,,,,,,,,,,,,,,,,,,,,,,,,,22,,,,,,0,,,,,,,,,,,,,,,,,,,,,,,,,,,,
2013-12-11,JK11A8B9J7M72F,Hitachi HDS722020ALA330,2000398934016,0,,0,,,,,,,,0,,,,,,24666,,,,,,,,,,,,,,,,,,,,,,,,,,,,,,26,,,,,,0,,,,,,,,,,,,,,,,,,,,,,,,,,,,
2013-12-11,W1F08VPZ,ST3000DM001,3000592982016,0,,65120976,,,,,,,,0,,,,,,14727,,,,,,,,,,,,,,,,,,,,,,,,,,,,,,24,,,,,,0,,,,,,,,,,,,,,,,,,,,,,,,,,,,
2013-12-11,PL1311LAG1VMDA,Hitachi HDS5C4040ALE630,4000787030016,0,,0,,,,,,,,0,,,,,,7453,,,,,,,,,,,,,,,,,,,,,,,,,,,,,,23,,,,,,0,,,,,,,,,,,,,,,,,,,,,,,,,,,,
2013-12-11,W300BHAE,ST4000DM000,4000787030016,0,,131280952,,,,,,,,0,,,,,,4160,,,,,,,,,,,,,,,,,,,,,,,,,,,,,,26,,,,,,0,,,,,,,,,,,,,,,,,,,,,,,,,,,,
2013-12-11,WD-WCAV5K154730,WDC WD10EADS,1000204886016,0,,0,,,,,,,,0,,,,,,19866,,,,,,,,,,,,,,,,,,,,,,,,,,,,,,27,,,,,,0,,,,,,,,,,,,,,,,,,,,,,,,,,,,
2013-12-11,JK11A8B9J919GF,Hitachi HDS722020ALA330,2000398934016,0,,0,,,,,,,,0,,,,,,25541,,,,,,,,,,,,,,,,,,,,,,,,,,,,,,24,,,,,,0,,,,,,,,,,,,,,,,,,,,,,,,,,,,
2013-12-11,WD-WMC1T1611849,WDC WD30EFRX,3000592982016,0,,0,,,,,,,,0,,,,,,7390,,,,,,,,,,,,,,,,,,,,,,,,,,,,,,23,,,,,,0,,,,,,,,,,,,,,,,,,,,,,,,,,,,
2013-12-11,MJ1321YNG09DYA,Hitachi HDS5C3030ALA630,3000592982016,0,,0,,,,,,,,0,,,,,,20503,,,,,,,,,,,,,,,,,,,,,,,,,,,,,,28,,,,,,0,,,,,,,,,,,,,,,,,,,,,,,,,,,,
2013-12-11,MJ0351YNGA5VBA,Hitachi HDS5C3030ALA630,3000592982016,0,,0,,,,,,,,0,,,,,,7688,,,,,,,,,,,,,,,,,,,,,,,,,,,,,,26,,,,,,0,,,,,,,,,,,,,,,,,,,,,,,,,,,,
2013-12-11,MJ1311YNG3HH5A,Hitachi HDS5C3030ALA630,3000592982016,0,,1,,,,,,,,0,,,,,,18941,,,,,,,,,,,,,,,,,,,,,,,,,,,,,,24,,,,,,0,,,,,,,,,,,,,,,,,,,,,,,,,,,,
2013-12-11,MJ0351YNG9WSGA,Hitachi HDS5C3030ALA630,3000592982016,0,,0,,,,,,,,0,,,,,,9477,,,,,,,,,,,,,,,,,,,,,,,,,,,,,,25,,,,,,0,,,,,,,,,,,,,,,,,,,,,,,,,,,,
2013-12-11,MJ0351YNGAD35A,Hitachi HDS5C3030ALA630,3000592982016,0,,0,,,,,,,,0,,,,,,8210,,,,,,,,,,,,,,,,,,,,,,,,,,,,,,35,,,,,,0,,,,,,,,,,,,,,,,,,,,,,,,,,,,
2013-12-11,PL2311LAG1PR6C,Hitachi HDS5C4040ALE630,4000787030016,0,,0,,,,,,,,0,,,,,,7386,,,,,,,,,,,,,,,,,,,,,,,,,,,,,,28,,,,,,0,,,,,,,,,,,,,,,,,,,,,,,,,,,,
2013-12-11,6XW0TBXY,ST31500541AS,1500301910016,0,,113367585,,,,,,,,617,,,,,,33857,,,,,,,,,,,,,,,,,,,,,,,,,,,,,,21,,,,,,0,,,,,,,,,,,,,,,,,,,,,,,,,,,,
2013-12-11,MJ1321YNG0MMSA,Hitachi HDS5C3030ALA630,3000592982016,0,,0,,,,,,,,0,,,,,,19798,,,,,,,,,,,,,,,,,,,,,,,,,,,,,,28,,,,,,0,,,,,,,,,,,,,,,,,,,,,,,,,,,,
2013-12-11,S1F05PGH,ST3000DM001,3000592982016,0,,217107288,,,,,,,,0,,,,,,12419,,,,,,,,,,,,,,,,,,,,,,,,,,,,,,31,,,,,,0,,,,,,,,,,,,,,,,,,,,,,,,,,,,
2013-12-11,W1F0X5HS,ST3000DM001,3000592982016,0,,130297672,,,,,,,,0,,,,,,10836,,,,,,,,,,,,,,,,,,,,,,,,,,,,,,34,,,,,,0,,,,,,,,,,,,,,,,,,,,,,,,,,,,
2013-12-11,W1F0X5HV,ST3000DM001,3000592982016,0,,115276768,,,,,,,,0,,,,,,11685,,,,,,,,,,,,,,,,,,,,,,,,,,,,,,27,,,,,,0,,,,,,,,,,,,,,,,,,,,,,,,,,,,
2013-12-11,JK1131YAJA4WJV,Hitachi HDS722020ALA330,2000398934016,0,,0,,,,,,,,0,,,,,,30255,,,,,,,,,,,,,,,,,,,,,,,,,,,,,,26,,,,,,0,,,,,,,,,,,,,,,,,,,,,,,,,,,,
2013-12-11,PL1331LAGB4S3H,Hitachi HDS5C4040ALE630,4000787030016,0,,0,,,,,,,,0,,,,,,2981,,,,,,,,,,,,,,,,,,,,,,,,,,,,,,26,,,,,,0,,,,,,,,,,,,,,,,,,,,,,,,,,,,
2013-12-11,JK11A8B9J9HW9F,Hitachi HDS722020ALA330,2000398934016,0,,1,,,,,,,,0,,,,,,25584,,,,,,,,,,,,,,,,,,,,,,,,,,,,,,25,,,,,,0,,,,,,,,,,,,,,,,,,,,,,,,,,,,
2013-12-11,JK11A8B9J72AHF,Hitachi HDS722020ALA330,2000398934016,0,,0,,,,,,,,0,,,,,,21477,,,,,,,,,,,,,,,,,,,,,,,,,,,,,,28,,,,,,0,,,,,,,,,,,,,,,,,,,,,,,,,,,,
2013-12-11,Z1F0LV63,ST3000DM001,3000592982016,0,,211173360,,,,,,,,0,,,,,,12180,,,,,,,,,,,,,,,,,,,,,,,,,,,,,,32,,,,,,8,,,,,,,,,,,,,,,,,,,,,,,,,,,,
2013-12-11,MJ0351YNG9ZK9A,Hitachi HDS5C3030ALA630,3000592982016,0,,0,,,,,,,,0,,,,,,9142,,,,,,,,,,,,,,,,,,,,,,,,,,,,,,28,,,,,,0,,,,,,,,,,,,,,,,,,,,,,,,,,,,
2013-12-11,MK0311YHGGMJGA,Hitachi HDS723030ALA640,3000592982016,0,,1,,,,,,,,0,,,,,,16805,,,,,,,,,,,,,,,,,,,,,,,,,,,,,,26,,,,,,0,,,,,,,,,,,,,,,,,,,,,,,,,,,,
2013-12-11,Z3006275,ST4000DM000,4000787030016,0,,125525872,,,,,,,,0,,,,,,5417,,,,,,,,,,,,,,,,,,,,,,,,,,,,,,23,,,,,,0,,,,,,,,,,,,,,,,,,,,,,,,,,,,
2013-12-11,S1F02AEJ,ST3000DM001,3000592982016,0,,125106520,,,,,,,,0,,,,,,14994,,,,,,,,,,,,,,,,,,,,,,,,,,,,,,23,,,,,,16,,,,,,,,,,,,,,,,,,,,,,,,,,,,
2013-12-11,MJ1311YNG3KMKA,Hitachi HDS5C3030ALA630,3000592982016,0,,0,,,,,,,,0,,,,,,19588,,,,,,,,,,,,,,,,,,,,,,,,,,,,,,27,,,,,,0,,,,,,,,,,,,,,,,,,,,,,,,,,,,
2013-12-11,JK1101B8KNA2TS,Hitachi HDS722020ALA330,2000398934016,0,,0,,,,,,,,0,,,,,,23099,,,,,,,,,,,,,,,,,,,,,,,,,,,,,,26,,,,,,0,,,,,,,,,,,,,,,,,,,,,,,,,,,,
2013-12-11,Z300JDYL,ST4000DM000,4000787030016,0,,65279408,,,,,,,,0,,,,,,2874,,,,,,,,,,,,,,,,,,,,,,,,,,,,,,21,,,,,,0,,,,,,,,,,,,,,,,,,,,,,,,,,,,
2013-12-11,MJ0351YNGA6NAA,Hitachi HDS5C3030ALA630,3000592982016,0,,0,,,,,,,,0,,,,,,8657,,,,,,,,,,,,,,,,,,,,,,,,,,,,,,29,,,,,,0,,,,,,,,,,,,,,,,,,,,,,,,,,,,
2013-12-11,JK1105B8J53LEX,Hitachi HDS722020ALA330,2000398934016,0,,1,,,,,,,,0,,,,,,1307,,,,,,,,,,,,,,,,,,,,,,,,,,,,,,24,,,,,,0,,,,,,,,,,,,,,,,,,,,,,,,,,,,
2013-12-11,S1F0AEFT,ST3000DM001,3000592982016,0,,210427736,,,,,,,,0,,,,,,12315,,,,,,,,,,,,,,,,,,,,,,,,,,,,,,30,,,,,,0,,,,,,,,,,,,,,,,,,,,,,,,,,,,
2013-12-11,JK11A8B9J3UN9F,Hitachi HDS722020ALA330,2000398934016,0,,0,,,,,,,,0,,,,,,23106,,,,,,,,,,,,,,,,,,,,,,,,,,,,,,25,,,,,,0,,,,,,,,,,,,,,,,,,,,,,,,,,,,
2013-12-11,PL1321LAG351KH,Hitachi HDS5C4040ALE630,4000787030016,0,,0,,,,,,,,0,,,,,,6570,,,,,,,,,,,,,,,,,,,,,,,,,,,,,,30,,,,,,0,,,,,,,,,,,,,,,,,,,,,,,,,,,,
2013-12-11,Z300GPX5,ST4000DM000,4000787030016,0,,179066576,,,,,,,,0,,,,,,3581,,,,,,,,,,,,,,,,,,,,,,,,,,,,,,26,,,,,,0,,,,,,,,,,,,,,,,,,,,,,,,,,,,
2013-12-11,Z300GPX6,ST4000DM000,4000787030016,0,,212119864,,,,,,,,0,,,,,,2899,,,,,,,,,,,,,,,,,,,,,,,,,,,,,,24,,,,,,0,,,,,,,,,,,,,,,,,,,,,,,,,,,,
2013-12-11,Z300GPX7,ST4000DM000,4000787030016,0,,103740912,,,,,,,,0,,,,,,3625,,,,,,,,,,,,,,,,,,,,,,,,,,,,,,22,,,,,,0,,,,,,,,,,,,,,,,,,,,,,,,,,,,
2013-12-11,Z300E5AH,ST4000DM000,4000787030016,0,,132166560,,,,,,,,0,,,,,,1331,,,,,,,,,,,,,,,,,,,,,,,,,,,,,,19,,,,,,0,,,,,,,,,,,,,,,,,,,,,,,,,,,,
2013-12-11,W300KZZT,ST4000DM000,4000787030016,0,,59476968,,,,,,,,0,,,,,,772,,,,,,,,,,,,,,,,,,,,,,,,,,,,,,22,,,,,,0,,,,,,,,,,,,,,,,,,,,,,,,,,,,
2013-12-11,W300KZZE,ST4000DM000,4000787030016,0,,100027560,,,,,,,,0,,,,,,919,,,,,,,,,,,,,,,,,,,,,,,,,,,,,,21,,,,,,0,,,,,,,,,,,,,,,,,,,,,,,,,,,,
2013-12-11,W1F0A6KV,ST3000DM001,3000592982016,0,,187612080,,,,,,,,0,,,,,,14235,,,,,,,,,,,,,,,,,,,,,,,,,,,,,,24,,,,,,0,,,,,,,,,,,,,,,,,,,,,,,,,,,,
2013-12-11,MJ0351YNG9U1WA,Hitachi HDS5C3030ALA630,3000592982016,0,,0,,,,,,,,0,,,,,,7609,,,,,,,,,,,,,,,,,,,,,,,,,,,,,,25,,,,,,0,,,,,,,,,,,,,,,,,,,,,,,,,,,,
2013-12-11,JK1171B8GNNZBS,Hitachi HDS722020ALA330,2000398934016,0,,2,,,,,,,,0,,,,,,26492,,,,,,,,,,,,,,,,,,,,,,,,,,,,,,27,,,,,,0,,,,,,,,,,,,,,,,,,,,,,,,,,,,
2013-12-11,MJ1311YNG623HA,Hitachi HDS5C3030ALA630,3000592982016,0,,0,,,,,,,,0,,,,,,14310,,,,,,,,,,,,,,,,,,,,,,,,,,,,,,23,,,,,,0,,,,,,,,,,,,,,,,,,,,,,,,,,,,
2013-12-11,MJ1311YNG0UX8A,Hitachi HDS5C3030ALA630,3000592982016,0,,0,,,,,,,,0,,,,,,20480,,,,,,,,,,,,,,,,,,,,,,,,,,,,,,28,,,,,,0,,,,,,,,,,,,,,,,,,,,,,,,,,,,
2013-12-11,W300G9TC,ST4000DM000,4000787030016,0,,237264232,,,,,,,,0,,,,,,815,,,,,,,,,,,,,,,,,,,,,,,,,,,,,,20,,,,,,0,,,,,,,,,,,,,,,,,,,,,,,,,,,,
2013-12-11,W1F0A6KM,ST3000DM001,3000592982016,0,,167489976,,,,,,,,0,,,,,,13820,,,,,,,,,,,,,,,,,,,,,,,,,,,,,,23,,,,,,0,,,,,,,,,,,,,,,,,,,,,,,,,,,,
2013-12-11,Z300GPXH,ST4000DM000,4000787030016,0,,96925016,,,,,,,,0,,,,,,3588,,,,,,,,,,,,,,,,,,,,,,,,,,,,,,23,,,,,,0,,,,,,,,,,,,,,,,,,,,,,,,,,,,
2013-12-11,WD-WCAU49956855,WDC WD10EADS,1000204886016,0,,0,,,,,,,,3,,,,,,33665,,,,,,,,,,,,,,,,,,,,,,,,,,,,,,28,,,,,,0,,,,,,,,,,,,,,,,,,,,,,,,,,,,
2013-12-11,Z300GPXK,ST4000DM000,4000787030016,0,,200356064,,,,,,,,0,,,,,,3581,,,,,,,,,,,,,,,,,,,,,,,,,,,,,,26,,,,,,0,,,,,,,,,,,,,,,,,,,,,,,,,,,,
2013-12-11,Z300GPXL,ST4000DM000,4000787030016,0,,217519520,,,,,,,,0,,,,,,3583,,,,,,,,,,,,,,,,,,,,,,,,,,,,,,24,,,,,,0,,,,,,,,,,,,,,,,,,,,,,,,,,,,
2013-12-11,Z300GPXB,ST4000DM000,4000787030016,0,,85470648,,,,,,,,0,,,,,,3362,,,,,,,,,,,,,,,,,,,,,,,,,,,,,,21,,,,,,0,,,,,,,,,,,,,,,,,,,,,,,,,,,,
2013-12-11,Z300GPXD,ST4000DM000,4000787030016,0,,61976408,,,,,,,,0,,,,,,3582,,,,,,,,,,,,,,,,,,,,,,,,,,,,,,19,,,,,,0,,,,,,,,,,,,,,,,,,,,,,,,,,,,
2013-12-11,S1F02HQZ,ST3000DM001,3000592982016,0,,103029808,,,,,,,,0,,,,,,15622,,,,,,,,,,,,,,,,,,,,,,,,,,,,,,20,,,,,,0,,,,,,,,,,,,,,,,,,,,,,,,,,,,
2013-12-11,MJ0351YNGA6EWA,Hitachi HDS5C3030ALA630,3000592982016,0,,0,,,,,,,,0,,,,,,9271,,,,,,,,,,,,,,,,,,,,,,,,,,,,,,27,,,,,,0,,,,,,,,,,,,,,,,,,,,,,,,,,,,
2013-12-11,S1F0SBAZ,ST3000DM001,3000592982016,0,,208219096,,,,,,,,0,,,,,,10739,,,,,,,,,,,,,,,,,,,,,,,,,,,,,,27,,,,,,0,,,,,,,,,,,,,,,,,,,,,,,,,,,,
2013-12-11,Z300GPXQ,ST4000DM000,4000787030016,0,,132184728,,,,,,,,0,,,,,,3580,,,,,,,,,,,,,,,,,,,,,,,,,,,,,,22,,,,,,0,,,,,,,,,,,,,,,,,,,,,,,,,,,,
2013-12-11,6XW01QJ9,ST31500541AS,1500301910016,0,,60080288,,,,,,,,0,,,,,,35438,,,,,,,,,,,,,,,,,,,,,,,,,,,,,,19,,,,,,0,,,,,,,,,,,,,,,,,,,,,,,,,,,,
2013-12-11,MJ0351YNG9SX2A,Hitachi HDS5C3030ALA630,3000592982016,0,,0,,,,,,,,0,,,,,,7973,,,,,,,,,,,,,,,,,,,,,,,,,,,,,,28,,,,,,0,,,,,,,,,,,,,,,,,,,,,,,,,,,,
2013-12-11,PL1321LAG31W8H,Hitachi HDS5C4040ALE630,4000787030016,0,,0,,,,,,,,0,,,,,,5137,,,,,,,,,,,,,,,,,,,,,,,,,,,,,,25,,,,,,0,,,,,,,,,,,,,,,,,,,,,,,,,,,,
2013-12-11,WD-WCAU45692971,WDC WD10EADS,1000204886016,0,,0,,,,,,,,0,,,,,,38982,,,,,,,,,,,,,,,,,,,,,,,,,,,,,,26,,,,,,0,,,,,,,,,,,,,,,,,,,,,,,,,,,,
2013-12-11,JK11A8B9J7DGDF,Hitachi HDS722020ALA330,2000398934016,0,,65536,,,,,,,,0,,,,,,24495,,,,,,,,,,,,,,,,,,,,,,,,,,,,,,29,,,,,,0,,,,,,,,,,,,,,,,,,,,,,,,,,,,
2013-12-11,PL1311LAG2AZHH,Hitachi HDS5C4040ALE630,4000787030016,0,,0,,,,,,,,0,,,,,,7411,,,,,,,,,,,,,,,,,,,,,,,,,,,,,,22,,,,,,0,,,,,,,,,,,,,,,,,,,,,,,,,,,,
2013-12-11,W300J6K7,ST4000DM000,4000787030016,0,,235053464,,,,,,,,0,,,,,,2224,,,,,,,,,,,,,,,,,,,,,,,,,,,,,,26,,,,,,0,,,,,,,,,,,,,,,,,,,,,,,,,,,,
2013-12-11,JK11A8B9J9HZ3F,Hitachi HDS722020ALA330,2000398934016,0,,0,,,,,,,,0,,,,,,25541,,,,,,,,,,,,,,,,,,,,,,,,,,,,,,25,,,,,,0,,,,,,,,,,,,,,,,,,,,,,,,,,,,
2013-12-11,Z300GZB4,ST4000DM000,4000787030016,0,,23417400,,,,,,,,0,,,,,,3583,,,,,,,,,,,,,,,,,,,,,,,,,,,,,,25,,,,,,0,,,,,,,,,,,,,,,,,,,,,,,,,,,,
2013-12-11,Z300GZB7,ST4000DM000,4000787030016,0,,126727032,,,,,,,,0,,,,,,3627,,,,,,,,,,,,,,,,,,,,,,,,,,,,,,21,,,,,,0,,,,,,,,,,,,,,,,,,,,,,,,,,,,
2013-12-11,Z300GZB0,ST4000DM000,4000787030016,0,,191751656,,,,,,,,0,,,,,,3627,,,,,,,,,,,,,,,,,,,,,,,,,,,,,,24,,,,,,0,,,,,,,,,,,,,,,,,,,,,,,,,,,,
2013-12-11,Z300GZB2,ST4000DM000,4000787030016,0,,28018552,,,,,,,,0,,,,,,3588,,,,,,,,,,,,,,,,,,,,,,,,,,,,,,27,,,,,,0,,,,,,,,,,,,,,,,,,,,,,,,,,,,
2013-12-11,Z300GZB3,ST4000DM000,4000787030016,0,,227910464,,,,,,,,0,,,,,,3652,,,,,,,,,,,,,,,,,,,,,,,,,,,,,,26,,,,,,0,,,,,,,,,,,,,,,,,,,,,,,,,,,,
2013-12-11,Z300GZB8,ST4000DM000,4000787030016,0,,34716200,,,,,,,,0,,,,,,3345,,,,,,,,,,,,,,,,,,,,,,,,,,,,,,21,,,,,,0,,,,,,,,,,,,,,,,,,,,,,,,,,,,
2013-12-11,Z300GZB9,ST4000DM000,4000787030016,0,,90099256,,,,,,,,0,,,,,,3582,,,,,,,,,,,,,,,,,,,,,,,,,,,,,,21,,,,,,0,,,,,,,,,,,,,,,,,,,,,,,,,,,,
2013-12-11,JK1171YAG5L7WS,Hitachi HDS722020ALA330,2000398934016,0,,0,,,,,,,,0,,,,,,20763,,,,,,,,,,,,,,,,,,,,,,,,,,,,,,34,,,,,,0,,,,,,,,,,,,,,,,,,,,,,,,,,,,
2013-12-11,W1F06CYS,ST3000DM001,3000592982016,0,,61277248,,,,,,,,0,,,,,,5355,,,,,,,,,,,,,,,,,,,,,,,,,,,,,,24,,,,,,0,,,,,,,,,,,,,,,,,,,,,,,,,,,,
2013-12-11,W300KTHA,ST4000DM000,4000787030016,0,,115600664,,,,,,,,0,,,,,,919,,,,,,,,,,,,,,,,,,,,,,,,,,,,,,21,,,,,,0,,,,,,,,,,,,,,,,,,,,,,,,,,,,
2013-12-11,JK1101B9J2WHAF,Hitachi HDS722020ALA330,2000398934016,0,,0,,,,,,,,0,,,,,,24213,,,,,,,,,,,,,,,,,,,,,,,,,,,,,,24,,,,,,0,,,,,,,,,,,,,,,,,,,,,,,,,,,,
2013-12-11,W300KTH8,ST4000DM000,4000787030016,0,,165132240,,,,,,,,0,,,,,,885,,,,,,,,,,,,,,,,,,,,,,,,,,,,,,21,,,,,,0,,,,,,,,,,,,,,,,,,,,,,,,,,,,
2013-12-11,JK1105B8JS1PJX,Hitachi HDS722020ALA330,2000398934016,0,,0,,,,,,,,0,,,,,,23320,,,,,,,,,,,,,,,,,,,,,,,,,,,,,,27,,,,,,0,,,,,,,,,,,,,,,,,,,,,,,,,,,,
2013-12-11,6XW01EX6,ST31500541AS,1500301910016,0,,65201134,,,,,,,,0,,,,,,37053,,,,,,,,,,,,,,,,,,,,,,,,,,,,,,22,,,,,,0,,,,,,,,,,,,,,,,,,,,,,,,,,,,
2013-12-11,MK0331YHGM7Z0A,Hitachi HDS723030ALA640,3000592982016,0,,0,,,,,,,,0,,,,,,17355,,,,,,,,,,,,,,,,,,,,,,,,,,,,,,27,,,,,,0,,,,,,,,,,,,,,,,,,,,,,,,,,,,
2013-12-11,Z300GZBE,ST4000DM000,4000787030016,0,,27366928,,,,,,,,0,,,,,,3362,,,,,,,,,,,,,,,,,,,,,,,,,,,,,,20,,,,,,0,,,,,,,,,,,,,,,,,,,,,,,,,,,,
2013-12-11,JK11A8B9J3A55F,Hitachi HDS722020ALA330,2000398934016,0,,0,,,,,,,,0,,,,,,22703,,,,,,,,,,,,,,,,,,,,,,,,,,,,,,27,,,,,,0,,,,,,,,,,,,,,,,,,,,,,,,,,,,
2013-12-11,Z300GZBN,ST4000DM000,4000787030016,0,,132534832,,,,,,,,0,,,,,,3580,,,,,,,,,,,,,,,,,,,,,,,,,,,,,,22,,,,,,0,,,,,,,,,,,,,,,,,,,,,,,,,,,,
2013-12-11,Z300GZBH,ST4000DM000,4000787030016,0,,40576616,,,,,,,,0,,,,,,3583,,,,,,,,,,,,,,,,,,,,,,,,,,,,,,24,,,,,,0,,,,,,,,,,,,,,,,,,,,,,,,,,,,
2013-12-11,Z300GZBJ,ST4000DM000,4000787030016,0,,3329080,,,,,,,,0,,,,,,2900,,,,,,,,,,,,,,,,,,,,,,,,,,,,,,27,,,,,,0,,,,,,,,,,,,,,,,,,,,,,,,,,,,
2013-12-11,MJ1321YNG12LZA,Hitachi HDS5C3030ALA630,3000592982016,0,,0,,,,,,,,0,,,,,,19373,,,,,,,,,,,,,,,,,,,,,,,,,,,,,,25,,,,,,0,,,,,,,,,,,,,,,,,,,,,,,,,,,,
2013-12-11,Z300GZBV,ST4000DM000,4000787030016,0,,64368616,,,,,,,,0,,,,,,3581,,,,,,,,,,,,,,,,,,,,,,,,,,,,,,24,,,,,,0,,,,,,,,,,,,,,,,,,,,,,,,,,,,
2013-12-11,Z300GZBW,ST4000DM000,4000787030016,0,,186347040,,,,,,,,0,,,,,,3580,,,,,,,,,,,,,,,,,,,,,,,,,,,,,,27,,,,,,0,,,,,,,,,,,,,,,,,,,,,,,,,,,,
2013-12-11,PL1311LAG3AXAH,Hitachi HDS5C4040ALE630,4000787030016,0,,0,,,,,,,,0,,,,,,6655,,,,,,,,,,,,,,,,,,,,,,,,,,,,,,18,,,,,,0,,,,,,,,,,,,,,,,,,,,,,,,,,,,
2013-12-11,Z300GZBS,ST4000DM000,4000787030016,0,,160891120,,,,,,,,0,,,,,,3361,,,,,,,,,,,,,,,,,,,,,,,,,,,,,,20,,,,,,0,,,,,,,,,,,,,,,,,,,,,,,,,,,,
2013-12-11,6XW1PN1Q,ST32000542AS,2000398934016,0,,17632186,,,,,,,,0,,,,,,4372,,,,,,,,,,,,,,,,,,,,,,,,,,,,,,18,,,,,,0,,,,,,,,,,,,,,,,,,,,,,,,,,,,
2013-12-11,9VS1K7W6,ST31500341AS,1500301910016,0,,194389115,,,,,,,,10,,,,,,16807,,,,,,,,,,,,,,,,,,,,,,,,,,,,,,24,,,,,,0,,,,,,,,,,,,,,,,,,,,,,,,,,,,
2013-12-11,MJ1321YNG0EGSA,Hitachi HDS5C3030ALA630,3000592982016,0,,39,,,,,,,,0,,,,,,20731,,,,,,,,,,,,,,,,,,,,,,,,,,,,,,22,,,,,,0,,,,,,,,,,,,,,,,,,,,,,,,,,,,
2013-12-11,JK1105B8GGA88X,Hitachi HDS722020ALA330,2000398934016,0,,0,,,,,,,,0,,,,,,27167,,,,,,,,,,,,,,,,,,,,,,,,,,,,,,33,,,,,,0,,,,,,,,,,,,,,,,,,,,,,,,,,,,
2013-12-11,5XW07E2J,ST31500541AS,1500301910016,0,,27702176,,,,,,,,0,,,,,,23878,,,,,,,,,,,,,,,,,,,,,,,,,,,,,,19,,,,,,0,,,,,,,,,,,,,,,,,,,,,,,,,,,,
2013-12-11,MK0333YHGPE3EC,Hitachi HDS723030ALA640,3000592982016,0,,0,,,,,,,,0,,,,,,17032,,,,,,,,,,,,,,,,,,,,,,,,,,,,,,31,,,,,,0,,,,,,,,,,,,,,,,,,,,,,,,,,,,
2013-12-11,JK11A8B9J1E5JF,Hitachi HDS722020ALA330,2000398934016,0,,0,,,,,,,,0,,,,,,23712,,,,,,,,,,,,,,,,,,,,,,,,,,,,,,30,,,,,,0,,,,,,,,,,,,,,,,,,,,,,,,,,,,
2013-12-11,MJ1311YNG58GPA,Hitachi HDS5C3030ALA630,3000592982016,0,,0,,,,,,,,0,,,,,,14624,,,,,,,,,,,,,,,,,,,,,,,,,,,,,,24,,,,,,0,,,,,,,,,,,,,,,,,,,,,,,,,,,,
2013-12-11,JK11A8B9J0TG5F,Hitachi HDS722020ALA330,2000398934016,0,,0,,,,,,,,0,,,,,,26329,,,,,,,,,,,,,,,,,,,,,,,,,,,,,,23,,,,,,0,,,,,,,,,,,,,,,,,,,,,,,,,,,,
2013-12-11,MJ1321YNG0EWRA,Hitachi HDS5C3030ALA630,3000592982016,0,,0,,,,,,,,0,,,,,,20732,,,,,,,,,,,,,,,,,,,,,,,,,,,,,,27,,,,,,0,,,,,,,,,,,,,,,,,,,,,,,,,,,,
2013-12-11,MJ0351YNG9SBWA,Hitachi HDS5C3030ALA630,3000592982016,0,,0,,,,,,,,0,,,,,,8617,,,,,,,,,,,,,,,,,,,,,,,,,,,,,,30,,,,,,0,,,,,,,,,,,,,,,,,,,,,,,,,,,,
2013-12-11,MK0311YHG2YBSA,Hitachi HDS723030ALA640,3000592982016,0,,393216,,,,,,,,0,,,,,,22347,,,,,,,,,,,,,,,,,,,,,,,,,,,,,,26,,,,,,0,,,,,,,,,,,,,,,,,,,,,,,,,,,,
2013-12-11,Z300KH3S,ST4000DM000,4000787030016,0,,169797368,,,,,,,,0,,,,,,1226,,,,,,,,,,,,,,,,,,,,,,,,,,,,,,24,,,,,,0,,,,,,,,,,,,,,,,,,,,,,,,,,,,
2013-12-11,Z300KH3R,ST4000DM000,4000787030016,0,,31495872,,,,,,,,0,,,,,,1226,,,,,,,,,,,,,,,,,,,,,,,,,,,,,,23,,,,,,0,,,,,,,,,,,,,,,,,,,,,,,,,,,,
2013-12-11,6XW0W6K0,ST31500541AS,1500301910016,0,,217334751,,,,,,,,0,,,,,,34195,,,,,,,,,,,,,,,,,,,,,,,,,,,,,,22,,,,,,0,,,,,,,,,,,,,,,,,,,,,,,,,,,,
2013-12-11,MJ1311YNG6H7JA,Hitachi HDS5C3030ALA630,3000592982016,0,,0,,,,,,,,0,,,,,,18789,,,,,,,,,,,,,,,,,,,,,,,,,,,,,,25,,,,,,0,,,,,,,,,,,,,,,,,,,,,,,,,,,,
2013-12-11,MK0311YHGKG3HA,Hitachi HDS723030ALA640,3000592982016,0,,358,,,,,,,,0,,,,,,21458,,,,,,,,,,,,,,,,,,,,,,,,,,,,,,28,,,,,,0,,,,,,,,,,,,,,,,,,,,,,,,,,,,
2013-12-11,WD-WCAU4A484380,WDC WD10EADS,1000204886016,0,,0,,,,,,,,0,,,,,,38048,,,,,,,,,,,,,,,,,,,,,,,,,,,,,,27,,,,,,0,,,,,,,,,,,,,,,,,,,,,,,,,,,,
2013-12-11,6XW042P3,ST31500541AS,1500301910016,0,,224068036,,,,,,,,0,,,,,,37060,,,,,,,,,,,,,,,,,,,,,,,,,,,,,,21,,,,,,0,,,,,,,,,,,,,,,,,,,,,,,,,,,,
2013-12-11,MJ1323YNG1PZ5C,Hitachi HDS5C3030ALA630,3000592982016,0,,0,,,,,,,,0,,,,,,19763,,,,,,,,,,,,,,,,,,,,,,,,,,,,,,28,,,,,,0,,,,,,,,,,,,,,,,,,,,,,,,,,,,
2013-12-11,S1F0141R,ST3000DM001,3000592982016,0,,22102320,,,,,,,,0,,,,,,15400,,,,,,,,,,,,,,,,,,,,,,,,,,,,,,18,,,,,,0,,,,,,,,,,,,,,,,,,,,,,,,,,,,
2013-12-11,JK1101B8GKUZUZ,Hitachi HDS722020ALA330,2000398934016,0,,65536,,,,,,,,7,,,,,,26764,,,,,,,,,,,,,,,,,,,,,,,,,,,,,,27,,,,,,0,,,,,,,,,,,,,,,,,,,,,,,,,,,,
2013-12-11,PL2310LAG0N1GC,Hitachi HDS5C4040ALE630,4000787030016,0,,0,,,,,,,,0,,,,,,12997,,,,,,,,,,,,,,,,,,,,,,,,,,,,,,27,,,,,,0,,,,,,,,,,,,,,,,,,,,,,,,,,,,
2013-12-11,MJ1323YNG1M40C,Hitachi HDS5C3030ALA630,3000592982016,0,,65536,,,,,,,,0,,,,,,20079,,,,,,,,,,,,,,,,,,,,,,,,,,,,,,34,,,,,,0,,,,,,,,,,,,,,,,,,,,,,,,,,,,
2013-12-11,MJ1311YNG39N5A,Hitachi HDS5C3030ALA630,3000592982016,0,,0,,,,,,,,0,,,,,,19323,,,,,,,,,,,,,,,,,,,,,,,,,,,,,,27,,,,,,0,,,,,,,,,,,,,,,,,,,,,,,,,,,,
2013-12-11,S1F0S545,ST3000DM001,3000592982016,0,,36372712,,,,,,,,0,,,,,,10727,,,,,,,,,,,,,,,,,,,,,,,,,,,,,,25,,,,,,0,,,,,,,,,,,,,,,,,,,,,,,,,,,,
2013-12-11,Z300CNTJ,ST4000DM000,4000787030016,0,,46932384,,,,,,,,0,,,,,,2241,,,,,,,,,,,,,,,,,,,,,,,,,,,,,,21,,,,,,0,,,,,,,,,,,,,,,,,,,,,,,,,,,,
2013-12-11,PL1311LAG380SH,Hitachi HDS5C4040ALE630,4000787030016,0,,0,,,,,,,,0,,,,,,5069,,,,,,,,,,,,,,,,,,,,,,,,,,,,,,28,,,,,,0,,,,,,,,,,,,,,,,,,,,,,,,,,,,
2013-12-11,WD-WMC1T1854567,WDC WD30EFRX,3000592982016,0,,0,,,,,,,,0,,,,,,7390,,,,,,,,,,,,,,,,,,,,,,,,,,,,,,25,,,,,,0,,,,,,,,,,,,,,,,,,,,,,,,,,,,
2013-12-11,PL1311LAG1A1ZA,Hitachi HDS5C4040ALE630,4000787030016,0,,0,,,,,,,,0,,,,,,7757,,,,,,,,,,,,,,,,,,,,,,,,,,,,,,23,,,,,,0,,,,,,,,,,,,,,,,,,,,,,,,,,,,
2013-12-11,MJ1311YNG61Z0A,Hitachi HDS5C3030ALA630,3000592982016,0,,0,,,,,,,,0,,,,,,14620,,,,,,,,,,,,,,,,,,,,,,,,,,,,,,25,,,,,,0,,,,,,,,,,,,,,,,,,,,,,,,,,,,
2013-12-11,Z300K17P,ST4000DM000,4000787030016,0,,44613144,,,,,,,,0,,,,,,2216,,,,,,,,,,,,,,,,,,,,,,,,,,,,,,21,,,,,,0,,,,,,,,,,,,,,,,,,,,,,,,,,,,
2013-12-11,Z290Q87C,ST33000651AS,3000592982016,0,,45106380,,,,,,,,0,,,,,,15603,,,,,,,,,,,,,,,,,,,,,,,,,,,,,,26,,,,,,0,,,,,,,,,,,,,,,,,,,,,,,,,,,,
2013-12-11,MK0301YHH0517A,Hitachi HDS723030ALA640,3000592982016,0,,0,,,,,,,,0,,,,,,18931,,,,,,,,,,,,,,,,,,,,,,,,,,,,,,26,,,,,,0,,,,,,,,,,,,,,,,,,,,,,,,,,,,
2013-12-11,S1F04WBC,ST3000DM001,3000592982016,0,,103395488,,,,,,,,0,,,,,,16199,,,,,,,,,,,,,,,,,,,,,,,,,,,,,,25,,,,,,0,,,,,,,,,,,,,,,,,,,,,,,,,,,,
2013-12-11,PL1311LAG1Z9RA,Hitachi HDS5C4040ALE630,4000787030016,0,,0,,,,,,,,0,,,,,,5186,,,,,,,,,,,,,,,,,,,,,,,,,,,,,,27,,,,,,0,,,,,,,,,,,,,,,,,,,,,,,,,,,,
2013-12-11,PL1321LAG346WH,Hitachi HDS5C4040ALE630,4000787030016,0,,0,,,,,,,,0,,,,,,6653,,,,,,,,,,,,,,,,,,,,,,,,,,,,,,21,,,,,,0,,,,,,,,,,,,,,,,,,,,,,,,,,,,
2013-12-11,MJ1311YNG2XDTA,Hitachi HDS5C3030ALA630,3000592982016,0,,0,,,,,,,,0,,,,,,18405,,,,,,,,,,,,,,,,,,,,,,,,,,,,,,23,,,,,,0,,,,,,,,,,,,,,,,,,,,,,,,,,,,
2013-12-11,JK11A8B9J7XAMF,Hitachi HDS722020ALA330,2000398934016,0,,0,,,,,,,,0,,,,,,24912,,,,,,,,,,,,,,,,,,,,,,,,,,,,,,31,,,,,,0,,,,,,,,,,,,,,,,,,,,,,,,,,,,
2013-12-11,PL1311LAG200HA,Hitachi HDS5C4040ALE630,4000787030016,0,,0,,,,,,,,0,,,,,,7457,,,,,,,,,,,,,,,,,,,,,,,,,,,,,,27,,,,,,0,,,,,,,,,,,,,,,,,,,,,,,,,,,,
2013-12-11,JK1160YAHP0HAT,Hitachi HDS722020ALA330,2000398934016,0,,0,,,,,,,,0,,,,,,24323,,,,,,,,,,,,,,,,,,,,,,,,,,,,,,30,,,,,,0,,,,,,,,,,,,,,,,,,,,,,,,,,,,
2013-12-11,S1F0TPS0,ST3000DM001,3000592982016,0,,186818944,,,,,,,,0,,,,,,10758,,,,,,,,,,,,,,,,,,,,,,,,,,,,,,20,,,,,,0,,,,,,,,,,,,,,,,,,,,,,,,,,,,
2013-12-11,S1F0TPS7,ST3000DM001,3000592982016,0,,231827512,,,,,,,,0,,,,,,10718,,,,,,,,,,,,,,,,,,,,,,,,,,,,,,26,,,,,,0,,,,,,,,,,,,,,,,,,,,,,,,,,,,
2013-12-11,9VS1XFW0,ST31500341AS,1500301910016,0,,76529967,,,,,,,,5,,,,,,30849,,,,,,,,,,,,,,,,,,,,,,,,,,,,,,19,,,,,,0,,,,,,,,,,,,,,,,,,,,,,,,,,,,
2013-12-11,WD-WMAWZ0093318,WDC WD30EZRX,3000592982016,0,,0,,,,,,,,0,,,,,,8451,,,,,,,,,,,,,,,,,,,,,,,,,,,,,,26,,,,,,0,,,,,,,,,,,,,,,,,,,,,,,,,,,,
2013-12-11,MJ1323YNG1MRPC,Hitachi HDS5C3030ALA630,3000592982016,0,,0,,,,,,,,0,,,,,,19310,,,,,,,,,,,,,,,,,,,,,,,,,,,,,,24,,,,,,0,,,,,,,,,,,,,,,,,,,,,,,,,,,,
2013-12-11,JK11A8B9J77H4F,Hitachi HDS722020ALA330,2000398934016,0,,0,,,,,,,,0,,,,,,22698,,,,,,,,,,,,,,,,,,,,,,,,,,,,,,31,,,,,,0,,,,,,,,,,,,,,,,,,,,,,,,,,,,
2013-12-11,JK11A1YAJH56ZV,Hitachi HDS722020ALA330,2000398934016,0,,0,,,,,,,,0,,,,,,28851,,,,,,,,,,,,,,,,,,,,,,,,,,,,,,30,,,,,,0,,,,,,,,,,,,,,,,,,,,,,,,,,,,
2013-12-11,9XW01VCG,ST31500541AS,1500301910016,0,,241489045,,,,,,,,0,,,,,,34759,,,,,,,,,,,,,,,,,,,,,,,,,,,,,,19,,,,,,0,,,,,,,,,,,,,,,,,,,,,,,,,,,,
2013-12-11,MJ0351YNG9YH9A,Hitachi HDS5C3030ALA630,3000592982016,0,,0,,,,,,,,0,,,,,,9999,,,,,,,,,,,,,,,,,,,,,,,,,,,,,,35,,,,,,0,,,,,,,,,,,,,,,,,,,,,,,,,,,,
2013-12-11,JK11A8B9J7WXXF,Hitachi HDS722020ALA330,2000398934016,0,,0,,,,,,,,0,,,,,,24666,,,,,,,,,,,,,,,,,,,,,,,,,,,,,,26,,,,,,0,,,,,,,,,,,,,,,,,,,,,,,,,,,,
2013-12-11,W300E0GP,ST4000DM000,4000787030016,0,,241489312,,,,,,,,0,,,,,,4139,,,,,,,,,,,,,,,,,,,,,,,,,,,,,,23,,,,,,0,,,,,,,,,,,,,,,,,,,,,,,,,,,,
2013-12-11,9XW01VCT,ST31500541AS,1500301910016,0,,202909633,,,,,,,,0,,,,,,35635,,,,,,,,,,,,,,,,,,,,,,,,,,,,,,22,,,,,,0,,,,,,,,,,,,,,,,,,,,,,,,,,,,
2013-12-11,Z1F0LSPT,ST3000DM001,3000592982016,0,,133419840,,,,,,,,0,,,,,,12015,,,,,,,,,,,,,,,,,,,,,,,,,,,,,,30,,,,,,0,,,,,,,,,,,,,,,,,,,,,,,,,,,,
2013-12-11,MJ1311YNG2SMUA,Hitachi HDS5C3030ALA630,3000592982016,0,,0,,,,,,,,0,,,,,,19254,,,,,,,,,,,,,,,,,,,,,,,,,,,,,,24,,,,,,0,,,,,,,,,,,,,,,,,,,,,,,,,,,,
2013-12-11,5XW28TPS,ST32000542AS,2000398934016,0,,167062010,,,,,,,,0,,,,,,17227,,,,,,,,,,,,,,,,,,,,,,,,,,,,,,23,,,,,,0,,,,,,,,,,,,,,,,,,,,,,,,,,,,
2013-12-11,WD-WCAU47768112,WDC WD10EADS,1000204886016,0,,2,,,,,,,,0,,,,,,40574,,,,,,,,,,,,,,,,,,,,,,,,,,,,,,30,,,,,,0,,,,,,,,,,,,,,,,,,,,,,,,,,,,
2013-12-11,WD-WMC1T3180560,WDC WD30EFRX,3000592982016,0,,0,,,,,,,,0,,,,,,2326,,,,,,,,,,,,,,,,,,,,,,,,,,,,,,26,,,,,,0,,,,,,,,,,,,,,,,,,,,,,,,,,,,
2013-12-11,W30045ZP,ST4000DM000,4000787030016,0,,229151488,,,,,,,,0,,,,,,2244,,,,,,,,,,,,,,,,,,,,,,,,,,,,,,20,,,,,,0,,,,,,,,,,,,,,,,,,,,,,,,,,,,
2013-12-11,PL1311LAG3ATSH,Hitachi HDS5C4040ALE630,4000787030016,0,,0,,,,,,,,0,,,,,,5056,,,,,,,,,,,,,,,,,,,,,,,,,,,,,,32,,,,,,0,,,,,,,,,,,,,,,,,,,,,,,,,,,,
2013-12-11,S1F06GGL,ST3000DM001,3000592982016,0,,78035680,,,,,,,,0,,,,,,13342,,,,,,,,,,,,,,,,,,,,,,,,,,,,,,27,,,,,,8,,,,,,,,,,,,,,,,,,,,,,,,,,,,
2013-12-11,S1F06JEJ,ST3000DM001,3000592982016,0,,44686048,,,,,,,,0,,,,,,13821,,,,,,,,,,,,,,,,,,,,,,,,,,,,,,24,,,,,,0,,,,,,,,,,,,,,,,,,,,,,,,,,,,
2013-12-11,WD-WCAWZ0984840,WDC WD30EZRX,3000592982016,0,,0,,,,,,,,0,,,,,,17992,,,,,,,,,,,,,,,,,,,,,,,,,,,,,,24,,,,,,0,,,,,,,,,,,,,,,,,,,,,,,,,,,,
2013-12-11,S1F03107,ST3000DM001,3000592982016,0,,99866288,,,,,,,,0,,,,,,15619,,,,,,,,,,,,,,,,,,,,,,,,,,,,,,24,,,,,,0,,,,,,,,,,,,,,,,,,,,,,,,,,,,
2013-12-11,JK11A8B9J7831F,Hitachi HDS722020ALA330,2000398934016,0,,0,,,,,,,,0,,,,,,23577,,,,,,,,,,,,,,,,,,,,,,,,,,,,,,26,,,,,,0,,,,,,,,,,,,,,,,,,,,,,,,,,,,
2013-12-11,MJ0351YNGA904A,Hitachi HDS5C3030ALA630,3000592982016,0,,0,,,,,,,,0,,,,,,7989,,,,,,,,,,,,,,,,,,,,,,,,,,,,,,28,,,,,,0,,,,,,,,,,,,,,,,,,,,,,,,,,,,
2013-12-11,PL1311LAG2DLLH,Hitachi HDS5C4040ALE630,4000787030016,0,,0,,,,,,,,0,,,,,,6641,,,,,,,,,,,,,,,,,,,,,,,,,,,,,,26,,,,,,0,,,,,,,,,,,,,,,,,,,,,,,,,,,,
2013-12-11,JK11A8B9J7VTYF,Hitachi HDS722020ALA330,2000398934016,0,,0,,,,,,,,0,,,,,,25122,,,,,,,,,,,,,,,,,,,,,,,,,,,,,,31,,,,,,0,,,,,,,,,,,,,,,,,,,,,,,,,,,,
2013-12-11,JK1171YAK1YLUN,Hitachi HDS722020ALA330,2000398934016,0,,0,,,,,,,,0,,,,,,29668,,,,,,,,,,,,,,,,,,,,,,,,,,,,,,30,,,,,,0,,,,,,,,,,,,,,,,,,,,,,,,,,,,
2013-12-11,6XW0LXYF,ST31500541AS,1500301910016,0,,110505490,,,,,,,,0,,,,,,22084,,,,,,,,,,,,,,,,,,,,,,,,,,,,,,19,,,,,,0,,,,,,,,,,,,,,,,,,,,,,,,,,,,
2013-12-11,Z300WWLM,ST4000DM000,4000787030016,0,,152145936,,,,,,,,0,,,,,,919,,,,,,,,,,,,,,,,,,,,,,,,,,,,,,22,,,,,,0,,,,,,,,,,,,,,,,,,,,,,,,,,,,
2013-12-11,6XW0XS3Q,ST31500541AS,1500301910016,0,,97740602,,,,,,,,0,,,,,,34167,,,,,,,,,,,,,,,,,,,,,,,,,,,,,,22,,,,,,0,,,,,,,,,,,,,,,,,,,,,,,,,,,,
2013-12-11,W300B6ER,ST4000DM000,4000787030016,0,,89376592,,,,,,,,0,,,,,,3585,,,,,,,,,,,,,,,,,,,,,,,,,,,,,,21,,,,,,0,,,,,,,,,,,,,,,,,,,,,,,,,,,,
2013-12-11,Z300XECM,ST4000DM000,4000787030016,0,,202756144,,,,,,,,0,,,,,,923,,,,,,,,,,,,,,,,,,,,,,,,,,,,,,22,,,,,,0,,,,,,,,,,,,,,,,,,,,,,,,,,,,
2013-12-11,6XW08HTZ,ST31500541AS,1500301910016,0,,147371973,,,,,,,,0,,,,,,26061,,,,,,,,,,,,,,,,,,,,,,,,,,,,,,19,,,,,,0,,,,,,,,,,,,,,,,,,,,,,,,,,,,
2013-12-11,S1F00WY4,ST3000DM001,3000592982016,0,,174641120,,,,,,,,0,,,,,,15591,,,,,,,,,,,,,,,,,,,,,,,,,,,,,,21,,,,,,0,,,,,,,,,,,,,,,,,,,,,,,,,,,,
2013-12-11,PL1311LAG3DL8H,Hitachi HDS5C4040ALE630,4000787030016,0,,0,,,,,,,,0,,,,,,3629,,,,,,,,,,,,,,,,,,,,,,,,,,,,,,29,,,,,,0,,,,,,,,,,,,,,,,,,,,,,,,,,,,
2013-12-11,MK0311YHGKD6SA,Hitachi HDS723030ALA640,3000592982016,0,,65538,,,,,,,,0,,,,,,17011,,,,,,,,,,,,,,,,,,,,,,,,,,,,,,29,,,,,,0,,,,,,,,,,,,,,,,,,,,,,,,,,,,
2013-12-11,5YD92W05,ST1500DL003,1500301910016,0,,42872560,,,,,,,,0,,,,,,9224,,,,,,,,,,,,,,,,,,,,,,,,,,,,,,22,,,,,,0,,,,,,,,,,,,,,,,,,,,,,,,,,,,
2013-12-11,PL1311LAG2AH7H,Hitachi HDS5C4040ALE630,4000787030016,0,,0,,,,,,,,0,,,,,,5036,,,,,,,,,,,,,,,,,,,,,,,,,,,,,,28,,,,,,0,,,,,,,,,,,,,,,,,,,,,,,,,,,,
2013-12-11,W300KKH2,ST4000DM000,4000787030016,0,,237326400,,,,,,,,0,,,,,,885,,,,,,,,,,,,,,,,,,,,,,,,,,,,,,21,,,,,,0,,,,,,,,,,,,,,,,,,,,,,,,,,,,
2013-12-11,WD-WCAWZ1005330,WDC WD30EZRX,3000592982016,0,,1,,,,,,,,0,,,,,,17601,,,,,,,,,,,,,,,,,,,,,,,,,,,,,,19,,,,,,0,,,,,,,,,,,,,,,,,,,,,,,,,,,,
2013-12-11,W1F08Q5G,ST3000DM001,3000592982016,0,,83274408,,,,,,,,2760,,,,,,16176,,,,,,,,,,,,,,,,,,,,,,,,,,,,,,24,,,,,,32,,,,,,,,,,,,,,,,,,,,,,,,,,,,
2013-12-11,Z300K8ZZ,ST4000DM000,4000787030016,0,,8858488,,,,,,,,0,,,,,,2241,,,,,,,,,,,,,,,,,,,,,,,,,,,,,,21,,,,,,0,,,,,,,,,,,,,,,,,,,,,,,,,,,,
2013-12-11,9XW01QC8,ST31500541AS,1500301910016,0,,145220616,,,,,,,,1869,,,,,,35225,,,,,,,,,,,,,,,,,,,,,,,,,,,,,,21,,,,,,0,,,,,,,,,,,,,,,,,,,,,,,,,,,,
2013-12-11,W1F08PDK,ST3000DM001,3000592982016,0,,85649368,,,,,,,,0,,,,,,2295,,,,,,,,,,,,,,,,,,,,,,,,,,,,,,23,,,,,,0,,,,,,,,,,,,,,,,,,,,,,,,,,,,
2013-12-11,MJ1321YNG0L13A,Hitachi HDS5C3030ALA630,3000592982016,0,,0,,,,,,,,0,,,,,,20512,,,,,,,,,,,,,,,,,,,,,,,,,,,,,,25,,,,,,0,,,,,,,,,,,,,,,,,,,,,,,,,,,,
2013-12-11,JK11A8B9J2K7WF,Hitachi HDS722020ALA330,2000398934016,0,,0,,,,,,,,0,,,,,,23577,,,,,,,,,,,,,,,,,,,,,,,,,,,,,,28,,,,,,0,,,,,,,,,,,,,,,,,,,,,,,,,,,,
2013-12-11,MJ1321YNG17BZA,Hitachi HDS5C3030ALA630,3000592982016,0,,0,,,,,,,,0,,,,,,19763,,,,,,,,,,,,,,,,,,,,,,,,,,,,,,26,,,,,,0,,,,,,,,,,,,,,,,,,,,,,,,,,,,
2013-12-11,W300BBDL,ST4000DM000,4000787030016,0,,188776328,,,,,,,,0,,,,,,4140,,,,,,,,,,,,,,,,,,,,,,,,,,,,,,22,,,,,,0,,,,,,,,,,,,,,,,,,,,,,,,,,,,
2013-12-11,Z300WEZL,ST4000DM000,4000787030016,0,,86413744,,,,,,,,0,,,,,,945,,,,,,,,,,,,,,,,,,,,,,,,,,,,,,23,,,,,,0,,,,,,,,,,,,,,,,,,,,,,,,,,,,
2013-12-11,S1F06TSY,ST3000DM001,3000592982016,0,,136884552,,,,,,,,6440,,,,,,13748,,,,,,,,,,,,,,,,,,,,,,,,,,,,,,20,,,,,,0,,,,,,,,,,,,,,,,,,,,,,,,,,,,
2013-12-11,MJ1313YNG1HLJC,Hitachi HDS5C3030ALA630,3000592982016,0,,0,,,,,,,,0,,,,,,11384,,,,,,,,,,,,,,,,,,,,,,,,,,,,,,31,,,,,,0,,,,,,,,,,,,,,,,,,,,,,,,,,,,
2013-12-11,PL2311LAG1TX2C,Hitachi HDS5C4040ALE630,4000787030016,0,,0,,,,,,,,0,,,,,,7760,,,,,,,,,,,,,,,,,,,,,,,,,,,,,,18,,,,,,0,,,,,,,,,,,,,,,,,,,,,,,,,,,,
2013-12-11,Z300K9TL,ST4000DM000,4000787030016,0,,221357384,,,,,,,,0,,,,,,2245,,,,,,,,,,,,,,,,,,,,,,,,,,,,,,20,,,,,,0,,,,,,,,,,,,,,,,,,,,,,,,,,,,
2013-12-11,MJ1311YNG7LSBA,Hitachi HDS5C3030ALA630,3000592982016,0,,0,,,,,,,,0,,,,,,14291,,,,,,,,,,,,,,,,,,,,,,,,,,,,,,27,,,,,,0,,,,,,,,,,,,,,,,,,,,,,,,,,,,
2013-12-11,6XW035K2,ST31500541AS,1500301910016,0,,95738908,,,,,,,,0,,,,,,35918,,,,,,,,,,,,,,,,,,,,,,,,,,,,,,15,,,,,,0,,,,,,,,,,,,,,,,,,,,,,,,,,,,
2013-12-11,MJ0351YNG9W85A,Hitachi HDS5C3030ALA630,3000592982016,0,,0,,,,,,,,0,,,,,,8883,,,,,,,,,,,,,,,,,,,,,,,,,,,,,,30,,,,,,0,,,,,,,,,,,,,,,,,,,,,,,,,,,,
2013-12-11,WD-WMAWZ0312677,WDC WD30EZRX,3000592982016,0,,0,,,,,,,,0,,,,,,12693,,,,,,,,,,,,,,,,,,,,,,,,,,,,,,23,,,,,,0,,,,,,,,,,,,,,,,,,,,,,,,,,,,
2013-12-11,MK0331YHGR0NJA,Hitachi HDS723030ALA640,3000592982016,0,,0,,,,,,,,0,,,,,,17030,,,,,,,,,,,,,,,,,,,,,,,,,,,,,,30,,,,,,0,,,,,,,,,,,,,,,,,,,,,,,,,,,,
2013-12-11,S1F0S3JS,ST3000DM001,3000592982016,0,,70542368,,,,,,,,0,,,,,,10835,,,,,,,,,,,,,,,,,,,,,,,,,,,,,,33,,,,,,0,,,,,,,,,,,,,,,,,,,,,,,,,,,,
2013-12-11,6XW03ZB0,ST31500541AS,1500301910016,0,,146485456,,,,,,,,0,,,,,,37060,,,,,,,,,,,,,,,,,,,,,,,,,,,,,,22,,,,,,0,,,,,,,,,,,,,,,,,,,,,,,,,,,,
2013-12-11,JK11A8B9J3HG4F,Hitachi HDS722020ALA330,2000398934016,0,,327685,,,,,,,,0,,,,,,21478,,,,,,,,,,,,,,,,,,,,,,,,,,,,,,25,,,,,,0,,,,,,,,,,,,,,,,,,,,,,,,,,,,
2013-12-11,W300KL08,ST4000DM000,4000787030016,0,,200034224,,,,,,,,0,,,,,,920,,,,,,,,,,,,,,,,,,,,,,,,,,,,,,21,,,,,,0,,,,,,,,,,,,,,,,,,,,,,,,,,,,
2013-12-11,Z1F0N8QM,ST3000DM001,3000592982016,0,,205738736,,,,,,,,0,,,,,,7992,,,,,,,,,,,,,,,,,,,,,,,,,,,,,,20,,,,,,0,,,,,,,,,,,,,,,,,,,,,,,,,,,,
2013-12-11,S1F02YSF,ST3000DM001,3000592982016,0,,96339936,,,,,,,,0,,,,,,16198,,,,,,,,,,,,,,,,,,,,,,,,,,,,,,25,,,,,,0,,,,,,,,,,,,,,,,,,,,,,,,,,,,
2013-12-11,W3005PYL,ST4000DM000,4000787030016,0,,212952376,,,,,,,,0,,,,,,2890,,,,,,,,,,,,,,,,,,,,,,,,,,,,,,26,,,,,,0,,,,,,,,,,,,,,,,,,,,,,,,,,,,
2013-12-11,MJ1311YNG6U0JA,Hitachi HDS5C3030ALA630,3000592982016,0,,0,,,,,,,,0,,,,,,14289,,,,,,,,,,,,,,,,,,,,,,,,,,,,,,30,,,,,,0,,,,,,,,,,,,,,,,,,,,,,,,,,,,
2013-12-11,S1F02YSL,ST3000DM001,3000592982016,0,,175136640,,,,,,,,6768,,,,,,14728,,,,,,,,,,,,,,,,,,,,,,,,,,,,,,23,,,,,,0,,,,,,,,,,,,,,,,,,,,,,,,,,,,
2013-12-11,JK1105B8JS0KAX,Hitachi HDS722020ALA330,2000398934016,0,,0,,,,,,,,0,,,,,,22685,,,,,,,,,,,,,,,,,,,,,,,,,,,,,,23,,,,,,0,,,,,,,,,,,,,,,,,,,,,,,,,,,,
2013-12-11,MJ1311YNG39AYA,Hitachi HDS5C3030ALA630,3000592982016,0,,0,,,,,,,,0,,,,,,19588,,,,,,,,,,,,,,,,,,,,,,,,,,,,,,25,,,,,,0,,,,,,,,,,,,,,,,,,,,,,,,,,,,
2013-12-11,MK0311YHG4YHEA,Hitachi HDS723030ALA640,3000592982016,0,,1,,,,,,,,0,,,,,,21793,,,,,,,,,,,,,,,,,,,,,,,,,,,,,,26,,,,,,0,,,,,,,,,,,,,,,,,,,,,,,,,,,,
2013-12-11,W300DDH0,ST4000DM000,4000787030016,0,,48410176,,,,,,,,0,,,,,,4140,,,,,,,,,,,,,,,,,,,,,,,,,,,,,,22,,,,,,0,,,,,,,,,,,,,,,,,,,,,,,,,,,,
2013-12-11,S1F02YSS,ST3000DM001,3000592982016,0,,31438624,,,,,,,,5536,,,,,,14993,,,,,,,,,,,,,,,,,,,,,,,,,,,,,,23,,,,,,8,,,,,,,,,,,,,,,,,,,,,,,,,,,,
2013-12-11,JK11A8B9J0BS4F,Hitachi HDS722020ALA330,2000398934016,0,,0,,,,,,,,0,,,,,,26328,,,,,,,,,,,,,,,,,,,,,,,,,,,,,,27,,,,,,0,,,,,,,,,,,,,,,,,,,,,,,,,,,,
2013-12-11,PK1331PAJ349YS,HGST HDS724040ALE640,4000787030016,0,,0,,,,,,,,0,,,,,,2027,,,,,,,,,,,,,,,,,,,,,,,,,,,,,,28,,,,,,0,,,,,,,,,,,,,,,,,,,,,,,,,,,,
2013-12-11,S1F02MGA,ST3000DM001,3000592982016,0,,86325848,,,,,,,,0,,,,,,15343,,,,,,,,,,,,,,,,,,,,,,,,,,,,,,27,,,,,,0,,,,,,,,,,,,,,,,,,,,,,,,,,,,
2013-12-11,W1F0NSDM,ST3000DM001,3000592982016,0,,60138256,,,,,,,,0,,,,,,12546,,,,,,,,,,,,,,,,,,,,,,,,,,,,,,25,,,,,,0,,,,,,,,,,,,,,,,,,,,,,,,,,,,
2013-12-11,MJ1311YNG7G8VA,Hitachi HDS5C3030ALA630,3000592982016,0,,0,,,,,,,,0,,,,,,14595,,,,,,,,,,,,,,,,,,,,,,,,,,,,,,28,,,,,,0,,,,,,,,,,,,,,,,,,,,,,,,,,,,
2013-12-11,MJ1311YNG350KA,Hitachi HDS5C3030ALA630,3000592982016,0,,0,,,,,,,,0,,,,,,18203,,,,,,,,,,,,,,,,,,,,,,,,,,,,,,26,,,,,,9,,,,,,,,,,,,,,,,,,,,,,,,,,,,
2013-12-11,S1F10D0P,ST3000DM001,3000592982016,0,,139612744,,,,,,,,0,,,,,,7994,,,,,,,,,,,,,,,,,,,,,,,,,,,,,,28,,,,,,0,,,,,,,,,,,,,,,,,,,,,,,,,,,,
2013-12-11,PL1311LAG3AA9H,Hitachi HDS5C4040ALE630,4000787030016,0,,0,,,,,,,,0,,,,,,6654,,,,,,,,,,,,,,,,,,,,,,,,,,,,,,18,,,,,,0,,,,,,,,,,,,,,,,,,,,,,,,,,,,
2013-12-11,5XW0LCBH,ST32000542AS,2000398934016,0,,135500650,,,,,,,,0,,,,,,30891,,,,,,,,,,,,,,,,,,,,,,,,,,,,,,26,,,,,,0,,,,,,,,,,,,,,,,,,,,,,,,,,,,
2013-12-11,JK1105B8GGA7MX,Hitachi HDS722020ALA330,2000398934016,0,,65536,,,,,,,,0,,,,,,26859,,,,,,,,,,,,,,,,,,,,,,,,,,,,,,29,,,,,,0,,,,,,,,,,,,,,,,,,,,,,,,,,,,
2013-12-11,Z1F0NMF3,ST3000DM001,3000592982016,0,,183957824,,,,,,,,0,,,,,,12617,,,,,,,,,,,,,,,,,,,,,,,,,,,,,,22,,,,,,0,,,,,,,,,,,,,,,,,,,,,,,,,,,,
2013-12-11,JK1105B8GH0RWX,Hitachi HDS722020ALA330,2000398934016,0,,0,,,,,,,,0,,,,,,27214,,,,,,,,,,,,,,,,,,,,,,,,,,,,,,23,,,,,,0,,,,,,,,,,,,,,,,,,,,,,,,,,,,
2013-12-11,W1F006GQ,ST3000DM001,3000592982016,0,,113489648,,,,,,,,0,,,,,,6339,,,,,,,,,,,,,,,,,,,,,,,,,,,,,,27,,,,,,0,,,,,,,,,,,,,,,,,,,,,,,,,,,,
2013-12-11,W1F09X5F,ST3000DM001,3000592982016,0,,141170192,,,,,,,,0,,,,,,13347,,,,,,,,,,,,,,,,,,,,,,,,,,,,,,25,,,,,,0,,,,,,,,,,,,,,,,,,,,,,,,,,,,
2013-12-11,MK0311YHGGD55A,Hitachi HDS723030ALA640,3000592982016,0,,0,,,,,,,,0,,,,,,16078,,,,,,,,,,,,,,,,,,,,,,,,,,,,,,25,,,,,,0,,,,,,,,,,,,,,,,,,,,,,,,,,,,
2013-12-11,9VS3GSFP,ST31500341AS,1500301910016,0,,87327370,,,,,,,,48,,,,,,32874,,,,,,,,,,,,,,,,,,,,,,,,,,,,,,19,,,,,,0,,,,,,,,,,,,,,,,,,,,,,,,,,,,
2013-12-11,JK1101B9JPHJ2F,Hitachi HDS722020ALA330,2000398934016,0,,0,,,,,,,,0,,,,,,23990,,,,,,,,,,,,,,,,,,,,,,,,,,,,,,23,,,,,,0,,,,,,,,,,,,,,,,,,,,,,,,,,,,
2013-12-11,PL1311LAG298HH,Hitachi HDS5C4040ALE630,4000787030016,0,,0,,,,,,,,0,,,,,,7414,,,,,,,,,,,,,,,,,,,,,,,,,,,,,,20,,,,,,0,,,,,,,,,,,,,,,,,,,,,,,,,,,,
2013-12-11,PL1311LAG2B1EH,Hitachi HDS5C4040ALE630,4000787030016,0,,0,,,,,,,,0,,,,,,6075,,,,,,,,,,,,,,,,,,,,,,,,,,,,,,20,,,,,,0,,,,,,,,,,,,,,,,,,,,,,,,,,,,
2013-12-11,6XW01KCB,ST31500541AS,1500301910016,0,,163000444,,,,,,,,0,,,,,,36062,,,,,,,,,,,,,,,,,,,,,,,,,,,,,,19,,,,,,0,,,,,,,,,,,,,,,,,,,,,,,,,,,,
2013-12-11,MJ1311YNG3KWJA,Hitachi HDS5C3030ALA630,3000592982016,0,,0,,,,,,,,0,,,,,,19587,,,,,,,,,,,,,,,,,,,,,,,,,,,,,,22,,,,,,0,,,,,,,,,,,,,,,,,,,,,,,,,,,,
2013-12-11,MJ0351YNG9YGUA,Hitachi HDS5C3030ALA630,3000592982016,0,,0,,,,,,,,0,,,,,,9958,,,,,,,,,,,,,,,,,,,,,,,,,,,,,,26,,,,,,0,,,,,,,,,,,,,,,,,,,,,,,,,,,,
2013-12-11,JK1105B8GB0G3X,Hitachi HDS722020ALA330,2000398934016,0,,0,,,,,,,,0,,,,,,26764,,,,,,,,,,,,,,,,,,,,,,,,,,,,,,29,,,,,,0,,,,,,,,,,,,,,,,,,,,,,,,,,,,
2013-12-11,MK0331YHGRMX4A,Hitachi HDS723030ALA640,3000592982016,0,,0,,,,,,,,0,,,,,,17032,,,,,,,,,,,,,,,,,,,,,,,,,,,,,,27,,,,,,0,,,,,,,,,,,,,,,,,,,,,,,,,,,,
2013-12-11,JK1105B8GGRBTX,Hitachi HDS722020ALA330,2000398934016,0,,3,,,,,,,,0,,,,,,26766,,,,,,,,,,,,,,,,,,,,,,,,,,,,,,28,,,,,,0,,,,,,,,,,,,,,,,,,,,,,,,,,,,
2013-12-11,PL2311LAG1RKDC,Hitachi HDS5C4040ALE630,4000787030016,0,,0,,,,,,,,0,,,,,,7757,,,,,,,,,,,,,,,,,,,,,,,,,,,,,,27,,,,,,0,,,,,,,,,,,,,,,,,,,,,,,,,,,,
2013-12-11,JK1105B8GDV7ZX,Hitachi HDS722020ALA330,2000398934016,0,,0,,,,,,,,0,,,,,,27214,,,,,,,,,,,,,,,,,,,,,,,,,,,,,,24,,,,,,0,,,,,,,,,,,,,,,,,,,,,,,,,,,,
2013-12-11,6XW16KMM,ST32000542AS,2000398934016,0,,138723226,,,,,,,,0,,,,,,31705,,,,,,,,,,,,,,,,,,,,,,,,,,,,,,25,,,,,,0,,,,,,,,,,,,,,,,,,,,,,,,,,,,
2013-12-11,PL1321LAG33HKH,Hitachi HDS5C4040ALE630,4000787030016,0,,0,,,,,,,,0,,,,,,5921,,,,,,,,,,,,,,,,,,,,,,,,,,,,,,22,,,,,,0,,,,,,,,,,,,,,,,,,,,,,,,,,,,
2013-12-11,WD-WCAWZ0826082,WDC WD30EZRX,3000592982016,0,,0,,,,,,,,0,,,,,,18020,,,,,,,,,,,,,,,,,,,,,,,,,,,,,,23,,,,,,0,,,,,,,,,,,,,,,,,,,,,,,,,,,,
2013-12-11,S1F10RWZ,ST3000DM001,3000592982016,0,,90790784,,,,,,,,0,,,,,,8128,,,,,,,,,,,,,,,,,,,,,,,,,,,,,,27,,,,,,0,,,,,,,,,,,,,,,,,,,,,,,,,,,,
2013-12-11,JK11A8B9J2UEKF,Hitachi HDS722020ALA330,2000398934016,0,,0,,,,,,,,0,,,,,,22215,,,,,,,,,,,,,,,,,,,,,,,,,,,,,,30,,,,,,0,,,,,,,,,,,,,,,,,,,,,,,,,,,,
2013-12-11,JK1101YAK7A1AV,Hitachi HDS722020ALA330,2000398934016,0,,0,,,,,,,,0,,,,,,29211,,,,,,,,,,,,,,,,,,,,,,,,,,,,,,27,,,,,,0,,,,,,,,,,,,,,,,,,,,,,,,,,,,
2013-12-11,MK0303YHGKT2JC,Hitachi HDS723030ALA640,3000592982016,0,,0,,,,,,,,0,,,,,,21455,,,,,,,,,,,,,,,,,,,,,,,,,,,,,,28,,,,,,0,,,,,,,,,,,,,,,,,,,,,,,,,,,,
2013-12-11,Z290WVQW,ST33000651AS,3000592982016,0,,92223125,,,,,,,,0,,,,,,18073,,,,,,,,,,,,,,,,,,,,,,,,,,,,,,28,,,,,,0,,,,,,,,,,,,,,,,,,,,,,,,,,,,
2013-12-11,5XW27YHZ,ST32000542AS,2000398934016,0,,93972886,,,,,,,,0,,,,,,15216,,,,,,,,,,,,,,,,,,,,,,,,,,,,,,23,,,,,,0,,,,,,,,,,,,,,,,,,,,,,,,,,,,
2013-12-11,Z290THE7,ST33000651AS,3000592982016,0,,68783769,,,,,,,,0,,,,,,15603,,,,,,,,,,,,,,,,,,,,,,,,,,,,,,25,,,,,,0,,,,,,,,,,,,,,,,,,,,,,,,,,,,
2013-12-11,5XW0SD0A,ST32000542AS,2000398934016,0,,62247959,,,,,,,,18,,,,,,13013,,,,,,,,,,,,,,,,,,,,,,,,,,,,,,25,,,,,,0,,,,,,,,,,,,,,,,,,,,,,,,,,,,
2013-12-11,JK11A8B9J1SBPF,Hitachi HDS722020ALA330,2000398934016,0,,0,,,,,,,,0,,,,,,24432,,,,,,,,,,,,,,,,,,,,,,,,,,,,,,28,,,,,,0,,,,,,,,,,,,,,,,,,,,,,,,,,,,
2013-12-11,JK1175YAHU33GX,Hitachi HDS722020ALA330,2000398934016,0,,0,,,,,,,,0,,,,,,30500,,,,,,,,,,,,,,,,,,,,,,,,,,,,,,33,,,,,,0,,,,,,,,,,,,,,,,,,,,,,,,,,,,
2013-12-11,Z290XMD4,ST33000651AS,3000592982016,0,,9428043,,,,,,,,0,,,,,,15915,,,,,,,,,,,,,,,,,,,,,,,,,,,,,,27,,,,,,0,,,,,,,,,,,,,,,,,,,,,,,,,,,,
2013-12-11,Z300X6GT,ST4000DM000,4000787030016,0,,159767672,,,,,,,,0,,,,,,612,,,,,,,,,,,,,,,,,,,,,,,,,,,,,,19,,,,,,0,,,,,,,,,,,,,,,,,,,,,,,,,,,,
2013-12-11,MJ1323YNG18NKC,Hitachi HDS5C3030ALA630,3000592982016,0,,0,,,,,,,,0,,,,,,20731,,,,,,,,,,,,,,,,,,,,,,,,,,,,,,32,,,,,,0,,,,,,,,,,,,,,,,,,,,,,,,,,,,
2013-12-11,MJ0351YNGA0HJA,Hitachi HDS5C3030ALA630,3000592982016,0,,0,,,,,,,,0,,,,,,8547,,,,,,,,,,,,,,,,,,,,,,,,,,,,,,26,,,,,,0,,,,,,,,,,,,,,,,,,,,,,,,,,,,
2013-12-11,WD-WCAVY5759297,WDC WD10EADS,1000204886016,0,,0,,,,,,,,0,,,,,,18727,,,,,,,,,,,,,,,,,,,,,,,,,,,,,,24,,,,,,0,,,,,,,,,,,,,,,,,,,,,,,,,,,,
2013-12-11,W1F0S0HA,ST3000DM001,3000592982016,0,,109111488,,,,,,,,0,,,,,,12173,,,,,,,,,,,,,,,,,,,,,,,,,,,,,,32,,,,,,0,,,,,,,,,,,,,,,,,,,,,,,,,,,,
2013-12-11,MJ0351YNG9XE2A,Hitachi HDS5C3030ALA630,3000592982016,0,,0,,,,,,,,0,,,,,,9190,,,,,,,,,,,,,,,,,,,,,,,,,,,,,,28,,,,,,0,,,,,,,,,,,,,,,,,,,,,,,,,,,,
2013-12-11,JK1101B9JNE43U,Hitachi HDS722020ALA330,2000398934016,0,,0,,,,,,,,0,,,,,,23990,,,,,,,,,,,,,,,,,,,,,,,,,,,,,,25,,,,,,0,,,,,,,,,,,,,,,,,,,,,,,,,,,,
2013-12-11,PL1311LAG3DAMH,Hitachi HDS5C4040ALE630,4000787030016,0,,0,,,,,,,,0,,,,,,6648,,,,,,,,,,,,,,,,,,,,,,,,,,,,,,22,,,,,,0,,,,,,,,,,,,,,,,,,,,,,,,,,,,
2013-12-11,JK11A8B9J3W58F,Hitachi HDS722020ALA330,2000398934016,0,,0,,,,,,,,0,,,,,,23320,,,,,,,,,,,,,,,,,,,,,,,,,,,,,,30,,,,,,0,,,,,,,,,,,,,,,,,,,,,,,,,,,,
2013-12-11,MJ0351YNGA0DHA,Hitachi HDS5C3030ALA630,3000592982016,0,,0,,,,,,,,0,,,,,,8883,,,,,,,,,,,,,,,,,,,,,,,,,,,,,,28,,,,,,0,,,,,,,,,,,,,,,,,,,,,,,,,,,,
2013-12-11,WD-WMC1T1203374,WDC WD30EFRX,3000592982016,0,,0,,,,,,,,0,,,,,,7392,,,,,,,,,,,,,,,,,,,,,,,,,,,,,,22,,,,,,0,,,,,,,,,,,,,,,,,,,,,,,,,,,,
2013-12-11,MK0333YHGPEW6C,Hitachi HDS723030ALA640,3000592982016,0,,0,,,,,,,,0,,,,,,17032,,,,,,,,,,,,,,,,,,,,,,,,,,,,,,26,,,,,,0,,,,,,,,,,,,,,,,,,,,,,,,,,,,
2013-12-11,JK11A8B9J7LTPF,Hitachi HDS722020ALA330,2000398934016,0,,0,,,,,,,,0,,,,,,24625,,,,,,,,,,,,,,,,,,,,,,,,,,,,,,29,,,,,,0,,,,,,,,,,,,,,,,,,,,,,,,,,,,
2013-12-11,W3008TPY,ST4000DM000,4000787030016,0,,169666504,,,,,,,,0,,,,,,4160,,,,,,,,,,,,,,,,,,,,,,,,,,,,,,23,,,,,,0,,,,,,,,,,,,,,,,,,,,,,,,,,,,
2013-12-11,JK1171YBK0W5SF,Hitachi HDS722020ALA330,2000398934016,0,,5,,,,,,,,0,,,,,,29019,,,,,,,,,,,,,,,,,,,,,,,,,,,,,,28,,,,,,0,,,,,,,,,,,,,,,,,,,,,,,,,,,,
2013-12-11,JK1105B8GAJPEX,Hitachi HDS722020ALA330,2000398934016,0,,65537,,,,,,,,0,,,,,,27160,,,,,,,,,,,,,,,,,,,,,,,,,,,,,,25,,,,,,0,,,,,,,,,,,,,,,,,,,,,,,,,,,,
2013-12-11,MK0313YHG9RY2C,Hitachi HDS723030ALA640,3000592982016,0,,0,,,,,,,,0,,,,,,16802,,,,,,,,,,,,,,,,,,,,,,,,,,,,,,29,,,,,,0,,,,,,,,,,,,,,,,,,,,,,,,,,,,
2013-12-11,Z1F0LT6Z,ST3000DM001,3000592982016,0,,134611528,,,,,,,,0,,,,,,12171,,,,,,,,,,,,,,,,,,,,,,,,,,,,,,19,,,,,,0,,,,,,,,,,,,,,,,,,,,,,,,,,,,
2013-12-11,WD-WCAU45634840,WDC WD10EADS,1000204886016,0,,7,,,,,,,,0,,,,,,42307,,,,,,,,,,,,,,,,,,,,,,,,,,,,,,23,,,,,,0,,,,,,,,,,,,,,,,,,,,,,,,,,,,
2013-12-11,Z1F0LT6P,ST3000DM001,3000592982016,0,,111035952,,,,,,,,0,,,,,,12171,,,,,,,,,,,,,,,,,,,,,,,,,,,,,,21,,,,,,0,,,,,,,,,,,,,,,,,,,,,,,,,,,,
2013-12-11,JK1171YBK1BKYF,Hitachi HDS722020ALA330,2000398934016,0,,0,,,,,,,,0,,,,,,29018,,,,,,,,,,,,,,,,,,,,,,,,,,,,,,23,,,,,,0,,,,,,,,,,,,,,,,,,,,,,,,,,,,
2013-12-11,JK11A8B9J300UF,Hitachi HDS722020ALA330,2000398934016,0,,0,,,,,,,,0,,,,,,23946,,,,,,,,,,,,,,,,,,,,,,,,,,,,,,28,,,,,,0,,,,,,,,,,,,,,,,,,,,,,,,,,,,
2013-12-11,MJ0351YNG9YMNA,Hitachi HDS5C3030ALA630,3000592982016,0,,0,,,,,,,,0,,,,,,9974,,,,,,,,,,,,,,,,,,,,,,,,,,,,,,29,,,,,,0,,,,,,,,,,,,,,,,,,,,,,,,,,,,
2013-12-11,Z1F0Q9H0,ST3000DM001,3000592982016,0,,186472232,,,,,,,,0,,,,,,9269,,,,,,,,,,,,,,,,,,,,,,,,,,,,,,30,,,,,,0,,,,,,,,,,,,,,,,,,,,,,,,,,,,
2013-12-11,MJ0351YNG9XVMA,Hitachi HDS5C3030ALA630,3000592982016,0,,0,,,,,,,,0,,,,,,9191,,,,,,,,,,,,,,,,,,,,,,,,,,,,,,29,,,,,,0,,,,,,,,,,,,,,,,,,,,,,,,,,,,
2013-12-11,W1F0AYFV,ST3000DM001,3000592982016,0,,60538368,,,,,,,,0,,,,,,14214,,,,,,,,,,,,,,,,,,,,,,,,,,,,,,23,,,,,,0,,,,,,,,,,,,,,,,,,,,,,,,,,,,
2013-12-11,W1F0AYFW,ST3000DM001,3000592982016,0,,3910040,,,,,,,,0,,,,,,13361,,,,,,,,,,,,,,,,,,,,,,,,,,,,,,24,,,,,,0,,,,,,,,,,,,,,,,,,,,,,,,,,,,
2013-12-11,W1F0A3JE,ST3000DM001,3000592982016,0,,243170856,,,,,,,,0,,,,,,14235,,,,,,,,,,,,,,,,,,,,,,,,,,,,,,24,,,,,,0,,,,,,,,,,,,,,,,,,,,,,,,,,,,
2013-12-11,MJ1311YNG0T4MA,Hitachi HDS5C3030ALA630,3000592982016,0,,0,,,,,,,,0,,,,,,10069,,,,,,,,,,,,,,,,,,,,,,,,,,,,,,28,,,,,,0,,,,,,,,,,,,,,,,,,,,,,,,,,,,
2013-12-11,JK11A8B9HW9AZF,Hitachi HDS722020ALA330,2000398934016,0,,0,,,,,,,,0,,,,,,26010,,,,,,,,,,,,,,,,,,,,,,,,,,,,,,25,,,,,,0,,,,,,,,,,,,,,,,,,,,,,,,,,,,
2013-12-11,W300AEVV,ST4000DM000,4000787030016,0,,225830296,,,,,,,,0,,,,,,4183,,,,,,,,,,,,,,,,,,,,,,,,,,,,,,25,,,,,,0,,,,,,,,,,,,,,,,,,,,,,,,,,,,
2013-12-11,S1F04BYP,ST3000DM001,3000592982016,0,,70534456,,,,,,,,13864,,,,,,15458,,,,,,,,,,,,,,,,,,,,,,,,,,,,,,16,,,,,,24,,,,,,,,,,,,,,,,,,,,,,,,,,,,
2013-12-11,PL1321LAG34GNH,Hitachi HDS5C4040ALE630,4000787030016,0,,0,,,,,,,,0,,,,,,5069,,,,,,,,,,,,,,,,,,,,,,,,,,,,,,26,,,,,,0,,,,,,,,,,,,,,,,,,,,,,,,,,,,
2013-12-11,JK11A8B9J3S4BF,Hitachi HDS722020ALA330,2000398934016,0,,0,,,,,,,,5,,,,,,23828,,,,,,,,,,,,,,,,,,,,,,,,,,,,,,29,,,,,,1,,,,,,,,,,,,,,,,,,,,,,,,,,,,
2013-12-11,Z300MX2Z,ST4000DM000,4000787030016,0,,146931728,,,,,,,,0,,,,,,2921,,,,,,,,,,,,,,,,,,,,,,,,,,,,,,23,,,,,,0,,,,,,,,,,,,,,,,,,,,,,,,,,,,
2013-12-11,MJ1321YNG0PDJA,Hitachi HDS5C3030ALA630,3000592982016,0,,5,,,,,,,,0,,,,,,20507,,,,,,,,,,,,,,,,,,,,,,,,,,,,,,25,,,,,,0,,,,,,,,,,,,,,,,,,,,,,,,,,,,
2013-12-11,MJ0351YNG9XNHA,Hitachi HDS5C3030ALA630,3000592982016,0,,0,,,,,,,,0,,,,,,8830,,,,,,,,,,,,,,,,,,,,,,,,,,,,,,30,,,,,,0,,,,,,,,,,,,,,,,,,,,,,,,,,,,
2013-12-11,WD-WCC070167230,WDC WD30EZRX,3000592982016,0,,0,,,,,,,,0,,,,,,8606,,,,,,,,,,,,,,,,,,,,,,,,,,,,,,23,,,,,,0,,,,,,,,,,,,,,,,,,,,,,,,,,,,
2013-12-11,9VS3JXXT,ST31500341AS,1500301910016,0,,89537037,,,,,,,,175,,,,,,32910,,,,,,,,,,,,,,,,,,,,,,,,,,,,,,20,,,,,,0,,,,,,,,,,,,,,,,,,,,,,,,,,,,
2013-12-11,JK11A8B9JPTJ6F,Hitachi HDS722020ALA330,2000398934016,0,,0,,,,,,,,0,,,,,,23718,,,,,,,,,,,,,,,,,,,,,,,,,,,,,,29,,,,,,0,,,,,,,,,,,,,,,,,,,,,,,,,,,,
2013-12-11,W30065H8,ST4000DM000,4000787030016,0,,239759232,,,,,,,,0,,,,,,2856,,,,,,,,,,,,,,,,,,,,,,,,,,,,,,20,,,,,,0,,,,,,,,,,,,,,,,,,,,,,,,,,,,
2013-12-11,Z300XG16,ST4000DM000,4000787030016,0,,88233808,,,,,,,,0,,,,,,886,,,,,,,,,,,,,,,,,,,,,,,,,,,,,,23,,,,,,0,,,,,,,,,,,,,,,,,,,,,,,,,,,,
2013-12-11,WD-WCAV5L539747,WDC WD10EADS,1000204886016,0,,0,,,,,,,,0,,,,,,20897,,,,,,,,,,,,,,,,,,,,,,,,,,,,,,28,,,,,,0,,,,,,,,,,,,,,,,,,,,,,,,,,,,
2013-12-11,Z300WH6N,ST4000DM000,4000787030016,0,,36990464,,,,,,,,0,,,,,,923,,,,,,,,,,,,,,,,,,,,,,,,,,,,,,25,,,,,,0,,,,,,,,,,,,,,,,,,,,,,,,,,,,
2013-12-11,Z300H19P,ST4000DM000,4000787030016,0,,166055064,,,,,,,,0,,,,,,1331,,,,,,,,,,,,,,,,,,,,,,,,,,,,,,20,,,,,,0,,,,,,,,,,,,,,,,,,,,,,,,,,,,
2013-12-11,JK1175YAHPTZVX,Hitachi HDS722020ALA330,2000398934016,0,,13,,,,,,,,0,,,,,,30501,,,,,,,,,,,,,,,,,,,,,,,,,,,,,,32,,,,,,0,,,,,,,,,,,,,,,,,,,,,,,,,,,,
2013-12-11,MJ1311YNG3GH7A,Hitachi HDS5C3030ALA630,3000592982016,0,,0,,,,,,,,0,,,,,,19251,,,,,,,,,,,,,,,,,,,,,,,,,,,,,,26,,,,,,0,,,,,,,,,,,,,,,,,,,,,,,,,,,,
2013-12-11,JK11A8B9J9109F,Hitachi HDS722020ALA330,2000398934016,0,,1,,,,,,,,0,,,,,,25542,,,,,,,,,,,,,,,,,,,,,,,,,,,,,,24,,,,,,0,,,,,,,,,,,,,,,,,,,,,,,,,,,,
2013-12-11,MK0311YHG20ZXA,Hitachi HDS723030ALA640,3000592982016,0,,131077,,,,,,,,0,,,,,,21457,,,,,,,,,,,,,,,,,,,,,,,,,,,,,,26,,,,,,0,,,,,,,,,,,,,,,,,,,,,,,,,,,,
2013-12-11,MJ0351YNG9TRZA,Hitachi HDS5C3030ALA630,3000592982016,0,,0,,,,,,,,0,,,,,,8884,,,,,,,,,,,,,,,,,,,,,,,,,,,,,,30,,,,,,0,,,,,,,,,,,,,,,,,,,,,,,,,,,,
2013-12-11,6XW05B3H,ST31500541AS,1500301910016,0,,242801072,,,,,,,,0,,,,,,36451,,,,,,,,,,,,,,,,,,,,,,,,,,,,,,16,,,,,,0,,,,,,,,,,,,,,,,,,,,,,,,,,,,
2013-12-11,S1F0LD9K,ST3000DM001,3000592982016,0,,49379120,,,,,,,,0,,,,,,10942,,,,,,,,,,,,,,,,,,,,,,,,,,,,,,26,,,,,,0,,,,,,,,,,,,,,,,,,,,,,,,,,,,
2013-12-11,WD-WCAWZ0495876,WDC WD30EZRX,3000592982016,0,,0,,,,,,,,0,,,,,,16986,,,,,,,,,,,,,,,,,,,,,,,,,,,,,,22,,,,,,0,,,,,,,,,,,,,,,,,,,,,,,,,,,,
2013-12-11,MJ1311YNG7AHKA,Hitachi HDS5C3030ALA630,3000592982016,0,,0,,,,,,,,0,,,,,,14291,,,,,,,,,,,,,,,,,,,,,,,,,,,,,,29,,,,,,0,,,,,,,,,,,,,,,,,,,,,,,,,,,,
2013-12-11,Z300GPP1,ST4000DM000,4000787030016,0,,82485768,,,,,,,,0,,,,,,3584,,,,,,,,,,,,,,,,,,,,,,,,,,,,,,23,,,,,,0,,,,,,,,,,,,,,,,,,,,,,,,,,,,
2013-12-11,6XW05DE7,ST31500541AS,1500301910016,0,,402014,,,,,,,,13,,,,,,33143,,,,,,,,,,,,,,,,,,,,,,,,,,,,,,20,,,,,,0,,,,,,,,,,,,,,,,,,,,,,,,,,,,
2013-12-11,W1F11CR1,ST3000DM001,3000592982016,0,,209854888,,,,,,,,0,,,,,,7993,,,,,,,,,,,,,,,,,,,,,,,,,,,,,,28,,,,,,0,,,,,,,,,,,,,,,,,,,,,,,,,,,,
2013-12-11,PL1321LAGAXG2H,Hitachi HDS5C4040ALE630,4000787030016,0,,0,,,,,,,,0,,,,,,5076,,,,,,,,,,,,,,,,,,,,,,,,,,,,,,28,,,,,,0,,,,,,,,,,,,,,,,,,,,,,,,,,,,
2013-12-11,S1F0TQNP,ST3000DM001,3000592982016,0,,125536664,,,,,,,,0,,,,,,10728,,,,,,,,,,,,,,,,,,,,,,,,,,,,,,23,,,,,,0,,,,,,,,,,,,,,,,,,,,,,,,,,,,
2013-12-11,MK0331YHGKNHHA,Hitachi HDS723030ALA640,3000592982016,0,,0,,,,,,,,0,,,,,,17358,,,,,,,,,,,,,,,,,,,,,,,,,,,,,,21,,,,,,2,,,,,,,,,,,,,,,,,,,,,,,,,,,,
2013-12-11,JK11A8B9J38EUF,Hitachi HDS722020ALA330,2000398934016,0,,0,,,,,,,,0,,,,,,23511,,,,,,,,,,,,,,,,,,,,,,,,,,,,,,28,,,,,,0,,,,,,,,,,,,,,,,,,,,,,,,,,,,
2013-12-11,PL1311LAG1JZGA,Hitachi HDS5C4040ALE630,4000787030016,0,,0,,,,,,,,0,,,,,,7437,,,,,,,,,,,,,,,,,,,,,,,,,,,,,,26,,,,,,0,,,,,,,,,,,,,,,,,,,,,,,,,,,,
2013-12-11,JK1101B9GEMNYF,Hitachi HDS722020ALA330,2000398934016,0,,0,,,,,,,,0,,,,,,27734,,,,,,,,,,,,,,,,,,,,,,,,,,,,,,23,,,,,,0,,,,,,,,,,,,,,,,,,,,,,,,,,,,
2013-12-11,5XW0MESC,ST32000542AS,2000398934016,0,,194843240,,,,,,,,0,,,,,,26002,,,,,,,,,,,,,,,,,,,,,,,,,,,,,,18,,,,,,0,,,,,,,,,,,,,,,,,,,,,,,,,,,,
2013-12-11,JK1130YAG1BMHT,Hitachi HDS722020ALA330,2000398934016,0,,0,,,,,,,,0,,,,,,14907,,,,,,,,,,,,,,,,,,,,,,,,,,,,,,30,,,,,,0,,,,,,,,,,,,,,,,,,,,,,,,,,,,
2013-12-11,Z300GPP8,ST4000DM000,4000787030016,0,,18308560,,,,,,,,0,,,,,,3361,,,,,,,,,,,,,,,,,,,,,,,,,,,,,,20,,,,,,0,,,,,,,,,,,,,,,,,,,,,,,,,,,,
2013-12-11,MJ1311YNG5L5GA,Hitachi HDS5C3030ALA630,3000592982016,0,,0,,,,,,,,0,,,,,,14601,,,,,,,,,,,,,,,,,,,,,,,,,,,,,,23,,,,,,0,,,,,,,,,,,,,,,,,,,,,,,,,,,,
2013-12-11,WD-WCAU45665566,WDC WD10EADS,1000204886016,0,,4,,,,,,,,0,,,,,,41816,,,,,,,,,,,,,,,,,,,,,,,,,,,,,,28,,,,,,0,,,,,,,,,,,,,,,,,,,,,,,,,,,,
2013-12-11,6XW045VA,ST31500541AS,1500301910016,0,,127855713,,,,,,,,0,,,,,,35750,,,,,,,,,,,,,,,,,,,,,,,,,,,,,,20,,,,,,0,,,,,,,,,,,,,,,,,,,,,,,,,,,,
2013-12-11,PL1311LAG2B04H,Hitachi HDS5C4040ALE630,4000787030016,0,,0,,,,,,,,0,,,,,,7415,,,,,,,,,,,,,,,,,,,,,,,,,,,,,,24,,,,,,0,,,,,,,,,,,,,,,,,,,,,,,,,,,,
2013-12-11,W300B4S0,ST4000DM000,4000787030016,0,,217657008,,,,,,,,0,,,,,,2225,,,,,,,,,,,,,,,,,,,,,,,,,,,,,,24,,,,,,0,,,,,,,,,,,,,,,,,,,,,,,,,,,,
2013-12-11,9VS1WVD9,ST31500341AS,1500301910016,0,,165590182,,,,,,,,5,,,,,,39091,,,,,,,,,,,,,,,,,,,,,,,,,,,,,,28,,,,,,0,,,,,,,,,,,,,,,,,,,,,,,,,,,,
2013-12-11,PL2311LAG1HHMC,Hitachi HDS5C4040ALE630,4000787030016,0,,0,,,,,,,,0,,,,,,6075,,,,,,,,,,,,,,,,,,,,,,,,,,,,,,21,,,,,,0,,,,,,,,,,,,,,,,,,,,,,,,,,,,
2013-12-11,W3002Q8X,ST4000DM000,4000787030016,0,,51996624,,,,,,,,0,,,,,,2244,,,,,,,,,,,,,,,,,,,,,,,,,,,,,,19,,,,,,0,,,,,,,,,,,,,,,,,,,,,,,,,,,,
2013-12-11,MJ1311YNG369LA,Hitachi HDS5C3030ALA630,3000592982016,0,,65536,,,,,,,,0,,,,,,19586,,,,,,,,,,,,,,,,,,,,,,,,,,,,,,20,,,,,,0,,,,,,,,,,,,,,,,,,,,,,,,,,,,
2013-12-11,JK11A4B8JAH54W,Hitachi HDS722020ALA330,2000398934016,0,,0,,,,,,,,0,,,,,,23822,,,,,,,,,,,,,,,,,,,,,,,,,,,,,,35,,,,,,0,,,,,,,,,,,,,,,,,,,,,,,,,,,,
2013-12-11,Z290YG1Q,ST33000651AS,3000592982016,0,,62405846,,,,,,,,0,,,,,,17739,,,,,,,,,,,,,,,,,,,,,,,,,,,,,,25,,,,,,0,,,,,,,,,,,,,,,,,,,,,,,,,,,,
2013-12-11,W1F03XKJ,ST3000DM001,3000592982016,0,,36292680,,,,,,,,0,,,,,,13362,,,,,,,,,,,,,,,,,,,,,,,,,,,,,,21,,,,,,0,,,,,,,,,,,,,,,,,,,,,,,,,,,,
2013-12-11,JK11A8B9J3KY1F,Hitachi HDS722020ALA330,2000398934016,0,,0,,,,,,,,0,,,,,,23946,,,,,,,,,,,,,,,,,,,,,,,,,,,,,,28,,,,,,0,,,,,,,,,,,,,,,,,,,,,,,,,,,,
2013-12-11,MJ0351YNG9XP7A,Hitachi HDS5C3030ALA630,3000592982016,0,,0,,,,,,,,0,,,,,,9191,,,,,,,,,,,,,,,,,,,,,,,,,,,,,,29,,,,,,0,,,,,,,,,,,,,,,,,,,,,,,,,,,,
2013-12-11,JK11A8B9J7NLDF,Hitachi HDS722020ALA330,2000398934016,0,,3,,,,,,,,0,,,,,,23577,,,,,,,,,,,,,,,,,,,,,,,,,,,,,,27,,,,,,0,,,,,,,,,,,,,,,,,,,,,,,,,,,,
2013-12-11,5XW039L7,ST31500541AS,1500301910016,0,,188300430,,,,,,,,0,,,,,,36946,,,,,,,,,,,,,,,,,,,,,,,,,,,,,,24,,,,,,0,,,,,,,,,,,,,,,,,,,,,,,,,,,,
2013-12-11,WD-WCC1T1501799,WDC WD30EFRX,3000592982016,0,,0,,,,,,,,0,,,,,,873,,,,,,,,,,,,,,,,,,,,,,,,,,,,,,22,,,,,,0,,,,,,,,,,,,,,,,,,,,,,,,,,,,
2013-12-11,MJ1311YNG5EA2A,Hitachi HDS5C3030ALA630,3000592982016,0,,65536,,,,,,,,0,,,,,,14685,,,,,,,,,,,,,,,,,,,,,,,,,,,,,,17,,,,,,0,,,,,,,,,,,,,,,,,,,,,,,,,,,,
2013-12-11,MJ1321YNG0KG8A,Hitachi HDS5C3030ALA630,3000592982016,0,,0,,,,,,,,0,,,,,,20512,,,,,,,,,,,,,,,,,,,,,,,,,,,,,,25,,,,,,0,,,,,,,,,,,,,,,,,,,,,,,,,,,,
2013-12-11,W1F09SA5,ST3000DM001,3000592982016,0,,117552864,,,,,,,,0,,,,,,13348,,,,,,,,,,,,,,,,,,,,,,,,,,,,,,24,,,,,,0,,,,,,,,,,,,,,,,,,,,,,,,,,,,
2013-12-11,MJ0351YNG9SV1A,Hitachi HDS5C3030ALA630,3000592982016,0,,0,,,,,,,,0,,,,,,9469,,,,,,,,,,,,,,,,,,,,,,,,,,,,,,25,,,,,,0,,,,,,,,,,,,,,,,,,,,,,,,,,,,
2013-12-11,MK0331YHGPB6TA,Hitachi HDS723030ALA640,3000592982016,0,,0,,,,,,,,0,,,,,,17353,,,,,,,,,,,,,,,,,,,,,,,,,,,,,,25,,,,,,0,,,,,,,,,,,,,,,,,,,,,,,,,,,,
2013-12-11,W300B37Q,ST4000DM000,4000787030016,0,,86155008,,,,,,,,0,,,,,,3588,,,,,,,,,,,,,,,,,,,,,,,,,,,,,,23,,,,,,0,,,,,,,,,,,,,,,,,,,,,,,,,,,,
2013-12-11,Z300W4XJ,ST4000DM000,4000787030016,0,,135973856,,,,,,,,0,,,,,,918,,,,,,,,,,,,,,,,,,,,,,,,,,,,,,20,,,,,,0,,,,,,,,,,,,,,,,,,,,,,,,,,,,
2013-12-11,PL1321LAGA978H,Hitachi HDS5C4040ALE630,4000787030016,0,,0,,,,,,,,0,,,,,,5052,,,,,,,,,,,,,,,,,,,,,,,,,,,,,,28,,,,,,0,,,,,,,,,,,,,,,,,,,,,,,,,,,,
2013-12-11,6XW21VVA,ST32000542AS,2000398934016,0,,76388809,,,,,,,,0,,,,,,17229,,,,,,,,,,,,,,,,,,,,,,,,,,,,,,18,,,,,,0,,,,,,,,,,,,,,,,,,,,,,,,,,,,
2013-12-11,MJ1311YNG3KZPA,Hitachi HDS5C3030ALA630,3000592982016,0,,0,,,,,,,,0,,,,,,19310,,,,,,,,,,,,,,,,,,,,,,,,,,,,,,25,,,,,,0,,,,,,,,,,,,,,,,,,,,,,,,,,,,
2013-12-11,JK11A8B9J3HBVF,Hitachi HDS722020ALA330,2000398934016,0,,2,,,,,,,,0,,,,,,23319,,,,,,,,,,,,,,,,,,,,,,,,,,,,,,31,,,,,,0,,,,,,,,,,,,,,,,,,,,,,,,,,,,
2013-12-11,S1F0LK0E,ST3000DM001,3000592982016,0,,38290880,,,,,,,,0,,,,,,11024,,,,,,,,,,,,,,,,,,,,,,,,,,,,,,23,,,,,,0,,,,,,,,,,,,,,,,,,,,,,,,,,,,
2013-12-11,MK0311YHGJTN0A,Hitachi HDS723030ALA640,3000592982016,0,,0,,,,,,,,0,,,,,,3867,,,,,,,,,,,,,,,,,,,,,,,,,,,,,,25,,,,,,0,,,,,,,,,,,,,,,,,,,,,,,,,,,,
2013-12-11,W300B37M,ST4000DM000,4000787030016,0,,175107760,,,,,,,,0,,,,,,3328,,,,,,,,,,,,,,,,,,,,,,,,,,,,,,16,,,,,,0,,,,,,,,,,,,,,,,,,,,,,,,,,,,
2013-12-11,MK0311YHG6S2XA,Hitachi HDS723030ALA640,3000592982016,0,,0,,,,,,,,0,,,,,,14732,,,,,,,,,,,,,,,,,,,,,,,,,,,,,,29,,,,,,0,,,,,,,,,,,,,,,,,,,,,,,,,,,,
2013-12-11,PL1311LAG2E89H,Hitachi HDS5C4040ALE630,4000787030016,0,,0,,,,,,,,0,,,,,,5962,,,,,,,,,,,,,,,,,,,,,,,,,,,,,,18,,,,,,0,,,,,,,,,,,,,,,,,,,,,,,,,,,,
2013-12-11,6XW00QH0,ST31500541AS,1500301910016,0,,95139553,,,,,,,,0,,,,,,36961,,,,,,,,,,,,,,,,,,,,,,,,,,,,,,18,,,,,,0,,,,,,,,,,,,,,,,,,,,,,,,,,,,
2013-12-11,Z1F0RL5B,ST3000DM001,3000592982016,0,,59395816,,,,,,,,0,,,,,,11754,,,,,,,,,,,,,,,,,,,,,,,,,,,,,,27,,,,,,0,,,,,,,,,,,,,,,,,,,,,,,,,,,,
2013-12-11,PL1311LAG3DA1H,Hitachi HDS5C4040ALE630,4000787030016,0,,0,,,,,,,,0,,,,,,5049,,,,,,,,,,,,,,,,,,,,,,,,,,,,,,29,,,,,,0,,,,,,,,,,,,,,,,,,,,,,,,,,,,
2013-12-11,W1F09SAL,ST3000DM001,3000592982016,0,,98578352,,,,,,,,0,,,,,,13347,,,,,,,,,,,,,,,,,,,,,,,,,,,,,,28,,,,,,0,,,,,,,,,,,,,,,,,,,,,,,,,,,,
2013-12-11,MJ0351YNG9T7UA,Hitachi HDS5C3030ALA630,3000592982016,0,,0,,,,,,,,0,,,,,,9477,,,,,,,,,,,,,,,,,,,,,,,,,,,,,,27,,,,,,0,,,,,,,,,,,,,,,,,,,,,,,,,,,,
2013-12-11,6XW05VQR,ST31500541AS,1500301910016,1,,122808219,,,,,,,,0,,,,,,37054,,,,,,,,,,,,,,,,,,,,,,,,,,,,,,23,,,,,,16,,,,,,,,,,,,,,,,,,,,,,,,,,,,
2013-12-11,WD-WCAWZ1045815,WDC WD30EZRX,3000592982016,0,,0,,,,,,,,0,,,,,,17006,,,,,,,,,,,,,,,,,,,,,,,,,,,,,,22,,,,,,2,,,,,,,,,,,,,,,,,,,,,,,,,,,,
2013-12-11,JK11A8B9J367BF,Hitachi HDS722020ALA330,2000398934016,0,,0,,,,,,,,0,,,,,,22868,,,,,,,,,,,,,,,,,,,,,,,,,,,,,,24,,,,,,0,,,,,,,,,,,,,,,,,,,,,,,,,,,,
2013-12-11,PL1311LAG3GEYH,Hitachi HDS5C4040ALE630,4000787030016,0,,0,,,,,,,,0,,,,,,5959,,,,,,,,,,,,,,,,,,,,,,,,,,,,,,17,,,,,,0,,,,,,,,,,,,,,,,,,,,,,,,,,,,
2013-12-11,MJ0351YNG9P1XA,Hitachi HDS5C3030ALA630,3000592982016,0,,0,,,,,,,,0,,,,,,9773,,,,,,,,,,,,,,,,,,,,,,,,,,,,,,29,,,,,,0,,,,,,,,,,,,,,,,,,,,,,,,,,,,
2013-12-11,WD-WMC1T0905744,WDC WD30EFRX,3000592982016,0,,0,,,,,,,,0,,,,,,8840,,,,,,,,,,,,,,,,,,,,,,,,,,,,,,27,,,,,,0,,,,,,,,,,,,,,,,,,,,,,,,,,,,
2013-12-11,5XW03DJT,ST31500541AS,1500301910016,0,,14301732,,,,,,,,0,,,,,,37065,,,,,,,,,,,,,,,,,,,,,,,,,,,,,,27,,,,,,0,,,,,,,,,,,,,,,,,,,,,,,,,,,,
2013-12-11,MJ0351YNG92EUA,Hitachi HDS5C3030ALA630,3000592982016,0,,0,,,,,,,,0,,,,,,9913,,,,,,,,,,,,,,,,,,,,,,,,,,,,,,33,,,,,,0,,,,,,,,,,,,,,,,,,,,,,,,,,,,
2013-12-11,MJ1321YNG0DY3A,Hitachi HDS5C3030ALA630,3000592982016,0,,0,,,,,,,,216,,,,,,20733,,,,,,,,,,,,,,,,,,,,,,,,,,,,,,26,,,,,,0,,,,,,,,,,,,,,,,,,,,,,,,,,,,
2013-12-11,Z300W5FS,ST4000DM000,4000787030016,0,,200174232,,,,,,,,0,,,,,,815,,,,,,,,,,,,,,,,,,,,,,,,,,,,,,18,,,,,,0,,,,,,,,,,,,,,,,,,,,,,,,,,,,
2013-12-11,Z300DZZB,ST4000DM000,4000787030016,0,,237784200,,,,,,,,0,,,,,,2216,,,,,,,,,,,,,,,,,,,,,,,,,,,,,,21,,,,,,0,,,,,,,,,,,,,,,,,,,,,,,,,,,,
2013-12-11,WD-WCAU47356356,WDC WD10EADS,1000204886016,0,,1,,,,,,,,0,,,,,,40807,,,,,,,,,,,,,,,,,,,,,,,,,,,,,,32,,,,,,0,,,,,,,,,,,,,,,,,,,,,,,,,,,,
2013-12-11,Z1F06KYP,ST3000DM001,3000592982016,1,,18042288,,,,,,,,0,,,,,,16988,,,,,,,,,,,,,,,,,,,,,,,,,,,,,,23,,,,,,0,,,,,,,,,,,,,,,,,,,,,,,,,,,,
2013-12-11,MJ1311YNG7ENWA,Hitachi HDS5C3030ALA630,3000592982016,0,,0,,,,,,,,0,,,,,,14598,,,,,,,,,,,,,,,,,,,,,,,,,,,,,,27,,,,,,0,,,,,,,,,,,,,,,,,,,,,,,,,,,,
2013-12-11,W1F09MHF,ST3000DM001,3000592982016,0,,197766552,,,,,,,,0,,,,,,13745,,,,,,,,,,,,,,,,,,,,,,,,,,,,,,24,,,,,,0,,,,,,,,,,,,,,,,,,,,,,,,,,,,
2013-12-11,PL1311LAG2Z8RA,Hitachi HDS5C4040ALE630,4000787030016,0,,0,,,,,,,,0,,,,,,5958,,,,,,,,,,,,,,,,,,,,,,,,,,,,,,25,,,,,,0,,,,,,,,,,,,,,,,,,,,,,,,,,,,
2013-12-11,MJ0351YNG9ZDKA,Hitachi HDS5C3030ALA630,3000592982016,0,,0,,,,,,,,0,,,,,,9552,,,,,,,,,,,,,,,,,,,,,,,,,,,,,,30,,,,,,0,,,,,,,,,,,,,,,,,,,,,,,,,,,,
2013-12-11,W1F18TKX,ST3000DM001,3000592982016,0,,112312680,,,,,,,,0,,,,,,7991,,,,,,,,,,,,,,,,,,,,,,,,,,,,,,19,,,,,,0,,,,,,,,,,,,,,,,,,,,,,,,,,,,
2013-12-11,6XW1C5AH,ST32000542AS,2000398934016,0,,90614662,,,,,,,,0,,,,,,15216,,,,,,,,,,,,,,,,,,,,,,,,,,,,,,20,,,,,,0,,,,,,,,,,,,,,,,,,,,,,,,,,,,
2013-12-11,Z1F0LVJP,ST3000DM001,3000592982016,0,,72077048,,,,,,,,0,,,,,,11654,,,,,,,,,,,,,,,,,,,,,,,,,,,,,,27,,,,,,0,,,,,,,,,,,,,,,,,,,,,,,,,,,,
2013-12-11,MJ0351YNG9Z32A,Hitachi HDS5C3030ALA630,3000592982016,0,,0,,,,,,,,0,,,,,,9999,,,,,,,,,,,,,,,,,,,,,,,,,,,,,,33,,,,,,0,,,,,,,,,,,,,,,,,,,,,,,,,,,,
2013-12-11,MJ0351YNG9RX7A,Hitachi HDS5C3030ALA630,3000592982016,0,,0,,,,,,,,0,,,,,,9552,,,,,,,,,,,,,,,,,,,,,,,,,,,,,,30,,,,,,0,,,,,,,,,,,,,,,,,,,,,,,,,,,,
2013-12-11,Z1F1QJJX,ST3000DM001,3000592982016,0,,122194440,,,,,,,,0,,,,,,4807,,,,,,,,,,,,,,,,,,,,,,,,,,,,,,33,,,,,,0,,,,,,,,,,,,,,,,,,,,,,,,,,,,
2013-12-11,Z1F0LVJA,ST3000DM001,3000592982016,0,,82374680,,,,,,,,0,,,,,,12179,,,,,,,,,,,,,,,,,,,,,,,,,,,,,,35,,,,,,0,,,,,,,,,,,,,,,,,,,,,,,,,,,,
2013-12-11,6XW036PQ,ST31500541AS,1500301910016,0,,16407325,,,,,,,,0,,,,,,37144,,,,,,,,,,,,,,,,,,,,,,,,,,,,,,25,,,,,,0,,,,,,,,,,,,,,,,,,,,,,,,,,,,
2013-12-11,S1F00Q5G,ST3000DM001,3000592982016,0,,153256232,,,,,,,,0,,,,,,15622,,,,,,,,,,,,,,,,,,,,,,,,,,,,,,22,,,,,,0,,,,,,,,,,,,,,,,,,,,,,,,,,,,
2013-12-11,JK11A8B9HWBE3F,Hitachi HDS722020ALA330,2000398934016,0,,0,,,,,,,,0,,,,,,26328,,,,,,,,,,,,,,,,,,,,,,,,,,,,,,25,,,,,,0,,,,,,,,,,,,,,,,,,,,,,,,,,,,
2013-12-11,6XW038V6,ST31500541AS,1500301910016,0,,235551125,,,,,,,,0,,,,,,36638,,,,,,,,,,,,,,,,,,,,,,,,,,,,,,25,,,,,,0,,,,,,,,,,,,,,,,,,,,,,,,,,,,
2013-12-11,6XW038V7,ST31500541AS,1500301910016,0,,86772282,,,,,,,,0,,,,,,37443,,,,,,,,,,,,,,,,,,,,,,,,,,,,,,23,,,,,,0,,,,,,,,,,,,,,,,,,,,,,,,,,,,
2013-12-11,9XW09LZ6,ST32000542AS,2000398934016,0,,118167174,,,,,,,,0,,,,,,30565,,,,,,,,,,,,,,,,,,,,,,,,,,,,,,30,,,,,,1,,,,,,,,,,,,,,,,,,,,,,,,,,,,
2013-12-11,PL1311LAG3BRMH,Hitachi HDS5C4040ALE630,4000787030016,0,,0,,,,,,,,0,,,,,,5058,,,,,,,,,,,,,,,,,,,,,,,,,,,,,,30,,,,,,0,,,,,,,,,,,,,,,,,,,,,,,,,,,,
2013-12-11,S1F0AAQA,ST3000DM001,3000592982016,0,,142312752,,,,,,,,1120,,,,,,12363,,,,,,,,,,,,,,,,,,,,,,,,,,,,,,26,,,,,,0,,,,,,,,,,,,,,,,,,,,,,,,,,,,
2013-12-11,W300BM8M,ST4000DM000,4000787030016,0,,94866416,,,,,,,,0,,,,,,4187,,,,,,,,,,,,,,,,,,,,,,,,,,,,,,29,,,,,,0,,,,,,,,,,,,,,,,,,,,,,,,,,,,
2013-12-11,WD-WCAU45557838,WDC WD10EACS,1000204886016,0,,17,,,,,,,,0,,,,,,42350,,,,,,,,,,,,,,,,,,,,,,,,,,,,,,22,,,,,,0,,,,,,,,,,,,,,,,,,,,,,,,,,,,
2013-12-11,MJ0351YNGA07WA,Hitachi HDS5C3030ALA630,3000592982016,0,,0,,,,,,,,0,,,,,,8092,,,,,,,,,,,,,,,,,,,,,,,,,,,,,,26,,,,,,0,,,,,,,,,,,,,,,,,,,,,,,,,,,,
2013-12-11,JK11A8B9J7LS6F,Hitachi HDS722020ALA330,2000398934016,0,,0,,,,,,,,0,,,,,,25120,,,,,,,,,,,,,,,,,,,,,,,,,,,,,,30,,,,,,0,,,,,,,,,,,,,,,,,,,,,,,,,,,,
2013-12-11,PL1321LAGABDZH,Hitachi HDS5C4040ALE630,4000787030016,0,,0,,,,,,,,0,,,,,,5052,,,,,,,,,,,,,,,,,,,,,,,,,,,,,,31,,,,,,0,,,,,,,,,,,,,,,,,,,,,,,,,,,,
2013-12-11,MJ1311YNG2V7NA,Hitachi HDS5C3030ALA630,3000592982016,0,,0,,,,,,,,0,,,,,,19588,,,,,,,,,,,,,,,,,,,,,,,,,,,,,,29,,,,,,0,,,,,,,,,,,,,,,,,,,,,,,,,,,,
2013-12-11,Z300CW7T,ST4000DM000,4000787030016,0,,47685456,,,,,,,,0,,,,,,2272,,,,,,,,,,,,,,,,,,,,,,,,,,,,,,24,,,,,,0,,,,,,,,,,,,,,,,,,,,,,,,,,,,
2013-12-11,PL1311LAG28XKH,Hitachi HDS5C4040ALE630,4000787030016,0,,0,,,,,,,,0,,,,,,7385,,,,,,,,,,,,,,,,,,,,,,,,,,,,,,27,,,,,,0,,,,,,,,,,,,,,,,,,,,,,,,,,,,
2013-12-11,PL1321LAG34P0H,Hitachi HDS5C4040ALE630,4000787030016,0,,0,,,,,,,,0,,,,,,6649,,,,,,,,,,,,,,,,,,,,,,,,,,,,,,21,,,,,,0,,,,,,,,,,,,,,,,,,,,,,,,,,,,
2013-12-11,S1F089QG,ST3000DM001,3000592982016,0,,238011544,,,,,,,,60440,,,,,,12876,,,,,,,,,,,,,,,,,,,,,,,,,,,,,,27,,,,,,8,,,,,,,,,,,,,,,,,,,,,,,,,,,,
2013-12-11,MJ0351YNGAA1LA,Hitachi HDS5C3030ALA630,3000592982016,0,,0,,,,,,,,0,,,,,,8618,,,,,,,,,,,,,,,,,,,,,,,,,,,,,,31,,,,,,0,,,,,,,,,,,,,,,,,,,,,,,,,,,,
2013-12-11,JK11A8B9GPBRTF,Hitachi HDS722020ALA330,2000398934016,0,,0,,,,,,,,0,,,,,,26478,,,,,,,,,,,,,,,,,,,,,,,,,,,,,,29,,,,,,0,,,,,,,,,,,,,,,,,,,,,,,,,,,,
2013-12-11,S1F0CS0M,ST3000DM001,3000592982016,0,,150545328,,,,,,,,0,,,,,,12420,,,,,,,,,,,,,,,,,,,,,,,,,,,,,,35,,,,,,0,,,,,,,,,,,,,,,,,,,,,,,,,,,,
2013-12-11,MJ0351YNGA0H5A,Hitachi HDS5C3030ALA630,3000592982016,0,,0,,,,,,,,0,,,,,,8611,,,,,,,,,,,,,,,,,,,,,,,,,,,,,,32,,,,,,0,,,,,,,,,,,,,,,,,,,,,,,,,,,,
2013-12-11,S1F0CS0A,ST3000DM001,3000592982016,0,,202727864,,,,,,,,0,,,,,,12397,,,,,,,,,,,,,,,,,,,,,,,,,,,,,,22,,,,,,0,,,,,,,,,,,,,,,,,,,,,,,,,,,,
2013-12-11,6XW037VF,ST31500541AS,1500301910016,0,,174939882,,,,,,,,0,,,,,,35782,,,,,,,,,,,,,,,,,,,,,,,,,,,,,,18,,,,,,0,,,,,,,,,,,,,,,,,,,,,,,,,,,,
2013-12-11,6XW038VJ,ST31500541AS,1500301910016,0,,49978629,,,,,,,,0,,,,,,35446,,,,,,,,,,,,,,,,,,,,,,,,,,,,,,18,,,,,,0,,,,,,,,,,,,,,,,,,,,,,,,,,,,
2013-12-11,MJ1311YNG5VGTA,Hitachi HDS5C3030ALA630,3000592982016,0,,0,,,,,,,,0,,,,,,14574,,,,,,,,,,,,,,,,,,,,,,,,,,,,,,23,,,,,,0,,,,,,,,,,,,,,,,,,,,,,,,,,,,
2013-12-11,W300D4ET,ST4000DM000,4000787030016,0,,214960608,,,,,,,,0,,,,,,909,,,,,,,,,,,,,,,,,,,,,,,,,,,,,,22,,,,,,0,,,,,,,,,,,,,,,,,,,,,,,,,,,,
2013-12-11,W300DZB1,ST4000DM000,4000787030016,0,,176902440,,,,,,,,0,,,,,,4188,,,,,,,,,,,,,,,,,,,,,,,,,,,,,,28,,,,,,0,,,,,,,,,,,,,,,,,,,,,,,,,,,,
2013-12-11,6XW038VA,ST31500541AS,1500301910016,0,,67597319,,,,,,,,0,,,,,,35775,,,,,,,,,,,,,,,,,,,,,,,,,,,,,,22,,,,,,0,,,,,,,,,,,,,,,,,,,,,,,,,,,,
2013-12-11,Z1F1AD1T,ST3000DM001,3000592982016,0,,168660248,,,,,,,,0,,,,,,7374,,,,,,,,,,,,,,,,,,,,,,,,,,,,,,25,,,,,,0,,,,,,,,,,,,,,,,,,,,,,,,,,,,
2013-12-11,MK0331YHGLJ9ZA,Hitachi HDS723030ALA640,3000592982016,0,,0,,,,,,,,0,,,,,,17761,,,,,,,,,,,,,,,,,,,,,,,,,,,,,,26,,,,,,0,,,,,,,,,,,,,,,,,,,,,,,,,,,,
2013-12-11,JK1171YAK1VS0N,Hitachi HDS722020ALA330,2000398934016,0,,0,,,,,,,,0,,,,,,29915,,,,,,,,,,,,,,,,,,,,,,,,,,,,,,28,,,,,,0,,,,,,,,,,,,,,,,,,,,,,,,,,,,
2013-12-11,MJ0351YNGA6P5A,Hitachi HDS5C3030ALA630,3000592982016,0,,0,,,,,,,,0,,,,,,8657,,,,,,,,,,,,,,,,,,,,,,,,,,,,,,28,,,,,,0,,,,,,,,,,,,,,,,,,,,,,,,,,,,
2013-12-11,6XW038VR,ST31500541AS,1500301910016,0,,227045305,,,,,,,,0,,,,,,36917,,,,,,,,,,,,,,,,,,,,,,,,,,,,,,23,,,,,,0,,,,,,,,,,,,,,,,,,,,,,,,,,,,
2013-12-11,6XW037VX,ST31500541AS,1500301910016,0,,8928931,,,,,,,,1,,,,,,37441,,,,,,,,,,,,,,,,,,,,,,,,,,,,,,23,,,,,,0,,,,,,,,,,,,,,,,,,,,,,,,,,,,
2013-12-11,JK11A8B9J7J6WF,Hitachi HDS722020ALA330,2000398934016,0,,0,,,,,,,,0,,,,,,26027,,,,,,,,,,,,,,,,,,,,,,,,,,,,,,27,,,,,,0,,,,,,,,,,,,,,,,,,,,,,,,,,,,
2013-12-11,JK11A8B9GPBVMF,Hitachi HDS722020ALA330,2000398934016,0,,0,,,,,,,,0,,,,,,26764,,,,,,,,,,,,,,,,,,,,,,,,,,,,,,23,,,,,,0,,,,,,,,,,,,,,,,,,,,,,,,,,,,
2013-12-11,MJ0351YNG9VPBA,Hitachi HDS5C3030ALA630,3000592982016,0,,65536,,,,,,,,0,,,,,,9941,,,,,,,,,,,,,,,,,,,,,,,,,,,,,,25,,,,,,0,,,,,,,,,,,,,,,,,,,,,,,,,,,,
2013-12-11,S1F05NB5,ST3000DM001,3000592982016,0,,58308920,,,,,,,,0,,,,,,12356,,,,,,,,,,,,,,,,,,,,,,,,,,,,,,24,,,,,,0,,,,,,,,,,,,,,,,,,,,,,,,,,,,
2013-12-11,MJ0351YNG9XX5A,Hitachi HDS5C3030ALA630,3000592982016,0,,0,,,,,,,,0,,,,,,9191,,,,,,,,,,,,,,,,,,,,,,,,,,,,,,31,,,,,,0,,,,,,,,,,,,,,,,,,,,,,,,,,,,
2013-12-11,JK1105B8GGL5MX,Hitachi HDS722020ALA330,2000398934016,0,,0,,,,,,,,31,,,,,,26858,,,,,,,,,,,,,,,,,,,,,,,,,,,,,,35,,,,,,0,,,,,,,,,,,,,,,,,,,,,,,,,,,,
2013-12-11,W3004YH5,ST4000DM000,4000787030016,0,,233838096,,,,,,,,0,,,,,,2878,,,,,,,,,,,,,,,,,,,,,,,,,,,,,,20,,,,,,0,,,,,,,,,,,,,,,,,,,,,,,,,,,,
2013-12-11,PL1321LAG36DEH,Hitachi HDS5C4040ALE630,4000787030016,0,,0,,,,,,,,0,,,,,,6648,,,,,,,,,,,,,,,,,,,,,,,,,,,,,,22,,,,,,0,,,,,,,,,,,,,,,,,,,,,,,,,,,,
2013-12-11,PL1311LAG3A5XH,Hitachi HDS5C4040ALE630,4000787030016,0,,0,,,,,,,,0,,,,,,5302,,,,,,,,,,,,,,,,,,,,,,,,,,,,,,26,,,,,,0,,,,,,,,,,,,,,,,,,,,,,,,,,,,
2013-12-11,MJ1311YNG3L1MA,Hitachi HDS5C3030ALA630,3000592982016,0,,0,,,,,,,,0,,,,,,19325,,,,,,,,,,,,,,,,,,,,,,,,,,,,,,24,,,,,,0,,,,,,,,,,,,,,,,,,,,,,,,,,,,
2013-12-11,S1F0359V,ST3000DM001,3000592982016,0,,233132056,,,,,,,,0,,,,,,15187,,,,,,,,,,,,,,,,,,,,,,,,,,,,,,22,,,,,,8,,,,,,,,,,,,,,,,,,,,,,,,,,,,
2013-12-11,MJ1311YNG3ATNA,Hitachi HDS5C3030ALA630,3000592982016,0,,0,,,,,,,,0,,,,,,19324,,,,,,,,,,,,,,,,,,,,,,,,,,,,,,28,,,,,,0,,,,,,,,,,,,,,,,,,,,,,,,,,,,
2013-12-11,9VS5ALMB,ST31500341AS,1500301910016,0,,56568792,,,,,,,,4,,,,,,12946,,,,,,,,,,,,,,,,,,,,,,,,,,,,,,31,,,,,,0,,,,,,,,,,,,,,,,,,,,,,,,,,,,
2013-12-11,S1F04A3B,ST3000DM001,3000592982016,0,,72587064,,,,,,,,0,,,,,,16198,,,,,,,,,,,,,,,,,,,,,,,,,,,,,,21,,,,,,0,,,,,,,,,,,,,,,,,,,,,,,,,,,,
2013-12-11,5XW02P18,ST31500541AS,1500301910016,0,,126734657,,,,,,,,0,,,,,,35225,,,,,,,,,,,,,,,,,,,,,,,,,,,,,,22,,,,,,0,,,,,,,,,,,,,,,,,,,,,,,,,,,,
2013-12-11,JK11A8B9J3D9AF,Hitachi HDS722020ALA330,2000398934016,0,,65536,,,,,,,,0,,,,,,23990,,,,,,,,,,,,,,,,,,,,,,,,,,,,,,28,,,,,,0,,,,,,,,,,,,,,,,,,,,,,,,,,,,
2013-12-11,S1F04A3Q,ST3000DM001,3000592982016,0,,81765168,,,,,,,,0,,,,,,13912,,,,,,,,,,,,,,,,,,,,,,,,,,,,,,22,,,,,,0,,,,,,,,,,,,,,,,,,,,,,,,,,,,
2013-12-11,JK11A8B9J8854F,Hitachi HDS722020ALA330,2000398934016,0,,196612,,,,,,,,0,,,,,,26010,,,,,,,,,,,,,,,,,,,,,,,,,,,,,,29,,,,,,0,,,,,,,,,,,,,,,,,,,,,,,,,,,,
2013-12-11,S1F03593,ST3000DM001,3000592982016,0,,98315104,,,,,,,,0,,,,,,15592,,,,,,,,,,,,,,,,,,,,,,,,,,,,,,19,,,,,,0,,,,,,,,,,,,,,,,,,,,,,,,,,,,
2013-12-11,S1F05NBE,ST3000DM001,3000592982016,0,,163871056,,,,,,,,296,,,,,,12417,,,,,,,,,,,,,,,,,,,,,,,,,,,,,,31,,,,,,0,,,,,,,,,,,,,,,,,,,,,,,,,,,,
2013-12-11,S1F0RVG8,ST3000DM001,3000592982016,0,,221254704,,,,,,,,0,,,,,,10726,,,,,,,,,,,,,,,,,,,,,,,,,,,,,,22,,,,,,0,,,,,,,,,,,,,,,,,,,,,,,,,,,,
2013-12-11,MJ1321YNG0E35A,Hitachi HDS5C3030ALA630,3000592982016,0,,0,,,,,,,,0,,,,,,20503,,,,,,,,,,,,,,,,,,,,,,,,,,,,,,29,,,,,,0,,,,,,,,,,,,,,,,,,,,,,,,,,,,
2013-12-11,JK1101B9JP3HUF,Hitachi HDS722020ALA330,2000398934016,0,,65536,,,,,,,,0,,,,,,24112,,,,,,,,,,,,,,,,,,,,,,,,,,,,,,28,,,,,,0,,,,,,,,,,,,,,,,,,,,,,,,,,,,
2013-12-11,S1F05HRF,ST3000DM001,3000592982016,0,,110320224,,,,,,,,0,,,,,,13908,,,,,,,,,,,,,,,,,,,,,,,,,,,,,,26,,,,,,0,,,,,,,,,,,,,,,,,,,,,,,,,,,,
2013-12-11,PL1331LAG5AXTH,HGST HMS5C4040ALE640,4000787030016,0,,0,,,,,,,,0,,,,,,9401,,,,,,,,,,,,,,,,,,,,,,,,,,,,,,32,,,,,,0,,,,,,,,,,,,,,,,,,,,,,,,,,,,
2013-12-11,W1F0T7Z5,ST3000DM001,3000592982016,0,,59912936,,,,,,,,0,,,,,,5719,,,,,,,,,,,,,,,,,,,,,,,,,,,,,,20,,,,,,0,,,,,,,,,,,,,,,,,,,,,,,,,,,,
2013-12-11,S1F0322R,ST3000DM001,3000592982016,0,,92400920,,,,,,,,0,,,,,,15346,,,,,,,,,,,,,,,,,,,,,,,,,,,,,,28,,,,,,0,,,,,,,,,,,,,,,,,,,,,,,,,,,,
2013-12-11,MJ1321YNG1766A,Hitachi HDS5C3030ALA630,3000592982016,0,,0,,,,,,,,0,,,,,,19798,,,,,,,,,,,,,,,,,,,,,,,,,,,,,,28,,,,,,0,,,,,,,,,,,,,,,,,,,,,,,,,,,,
2013-12-11,Z300DM10,ST4000DM000,4000787030016,0,,123993248,,,,,,,,0,,,,,,2262,,,,,,,,,,,,,,,,,,,,,,,,,,,,,,22,,,,,,0,,,,,,,,,,,,,,,,,,,,,,,,,,,,
2013-12-11,JK11A8B9J7MEEF,Hitachi HDS722020ALA330,2000398934016,0,,1,,,,,,,,0,,,,,,22696,,,,,,,,,,,,,,,,,,,,,,,,,,,,,,24,,,,,,0,,,,,,,,,,,,,,,,,,,,,,,,,,,,
2013-12-11,JK1105B8GGL2EX,Hitachi HDS722020ALA330,2000398934016,0,,0,,,,,,,,0,,,,,,26766,,,,,,,,,,,,,,,,,,,,,,,,,,,,,,28,,,,,,0,,,,,,,,,,,,,,,,,,,,,,,,,,,,
2013-12-11,W300D53D,ST4000DM000,4000787030016,0,,170058504,,,,,,,,0,,,,,,4153,,,,,,,,,,,,,,,,,,,,,,,,,,,,,,22,,,,,,0,,,,,,,,,,,,,,,,,,,,,,,,,,,,
2013-12-11,MK0333YHGPED9C,Hitachi HDS723030ALA640,3000592982016,0,,0,,,,,,,,0,,,,,,18088,,,,,,,,,,,,,,,,,,,,,,,,,,,,,,31,,,,,,0,,,,,,,,,,,,,,,,,,,,,,,,,,,,
2013-12-11,9XW023X7,ST31500541AS,1500301910016,0,,204109865,,,,,,,,57,,,,,,35656,,,,,,,,,,,,,,,,,,,,,,,,,,,,,,19,,,,,,0,,,,,,,,,,,,,,,,,,,,,,,,,,,,
2013-12-11,S1F0LDB5,ST3000DM001,3000592982016,0,,32025536,,,,,,,,11384,,,,,,11756,,,,,,,,,,,,,,,,,,,,,,,,,,,,,,26,,,,,,0,,,,,,,,,,,,,,,,,,,,,,,,,,,,
2013-12-11,S1F06G9G,ST3000DM001,3000592982016,0,,37174016,,,,,,,,0,,,,,,13360,,,,,,,,,,,,,,,,,,,,,,,,,,,,,,22,,,,,,0,,,,,,,,,,,,,,,,,,,,,,,,,,,,
2013-12-11,MK0311YHGDX67A,Hitachi HDS723030ALA640,3000592982016,0,,0,,,,,,,,0,,,,,,21458,,,,,,,,,,,,,,,,,,,,,,,,,,,,,,26,,,,,,0,,,,,,,,,,,,,,,,,,,,,,,,,,,,
2013-12-11,MJ0351YNG9UK7A,Hitachi HDS5C3030ALA630,3000592982016,0,,0,,,,,,,,0,,,,,,9274,,,,,,,,,,,,,,,,,,,,,,,,,,,,,,27,,,,,,0,,,,,,,,,,,,,,,,,,,,,,,,,,,,
2013-12-11,JK11A8B9J838HF,Hitachi HDS722020ALA330,2000398934016,0,,0,,,,,,,,0,,,,,,26024,,,,,,,,,,,,,,,,,,,,,,,,,,,,,,24,,,,,,0,,,,,,,,,,,,,,,,,,,,,,,,,,,,
2013-12-11,S1F06G9Y,ST3000DM001,3000592982016,0,,17289616,,,,,,,,0,,,,,,13879,,,,,,,,,,,,,,,,,,,,,,,,,,,,,,24,,,,,,0,,,,,,,,,,,,,,,,,,,,,,,,,,,,
2013-12-11,MK0301YHGKDE1A,Hitachi HDS723030ALA640,3000592982016,0,,1,,,,,,,,0,,,,,,17012,,,,,,,,,,,,,,,,,,,,,,,,,,,,,,28,,,,,,0,,,,,,,,,,,,,,,,,,,,,,,,,,,,
2013-12-11,W3009NS3,ST4000DM000,4000787030016,0,,210591488,,,,,,,,0,,,,,,2272,,,,,,,,,,,,,,,,,,,,,,,,,,,,,,23,,,,,,0,,,,,,,,,,,,,,,,,,,,,,,,,,,,
2013-12-11,WD-WCAU45613665,WDC WD10EACS,1000204886016,0,,0,,,,,,,,0,,,,,,42380,,,,,,,,,,,,,,,,,,,,,,,,,,,,,,25,,,,,,0,,,,,,,,,,,,,,,,,,,,,,,,,,,,
2013-12-11,9VS2AXN9,ST31500341AS,1500301910016,0,,220924832,,,,,,,,391,,,,,,38654,,,,,,,,,,,,,,,,,,,,,,,,,,,,,,23,,,,,,0,,,,,,,,,,,,,,,,,,,,,,,,,,,,
2013-12-11,JK1101B9JNV6ZF,Hitachi HDS722020ALA330,2000398934016,0,,0,,,,,,,,1,,,,,,24426,,,,,,,,,,,,,,,,,,,,,,,,,,,,,,24,,,,,,0,,,,,,,,,,,,,,,,,,,,,,,,,,,,
2013-12-11,W1F0H973,ST3000DM001,3000592982016,0,,154870504,,,,,,,,0,,,,,,11655,,,,,,,,,,,,,,,,,,,,,,,,,,,,,,26,,,,,,0,,,,,,,,,,,,,,,,,,,,,,,,,,,,
2013-12-11,S1F13B32,ST3000DM001,3000592982016,0,,42053288,,,,,,,,0,,,,,,8127,,,,,,,,,,,,,,,,,,,,,,,,,,,,,,26,,,,,,0,,,,,,,,,,,,,,,,,,,,,,,,,,,,
2013-12-11,JK1101B9H937MF,Hitachi HDS722020ALA330,2000398934016,0,,0,,,,,,,,0,,,,,,19105,,,,,,,,,,,,,,,,,,,,,,,,,,,,,,39,,,,,,0,,,,,,,,,,,,,,,,,,,,,,,,,,,,
2013-12-11,PL1311LAG24PWA,Hitachi HDS5C4040ALE630,4000787030016,0,,0,,,,,,,,0,,,,,,6653,,,,,,,,,,,,,,,,,,,,,,,,,,,,,,29,,,,,,0,,,,,,,,,,,,,,,,,,,,,,,,,,,,
2013-12-11,MJ0351YNG9RMPA,Hitachi HDS5C3030ALA630,3000592982016,0,,0,,,,,,,,0,,,,,,9163,,,,,,,,,,,,,,,,,,,,,,,,,,,,,,29,,,,,,0,,,,,,,,,,,,,,,,,,,,,,,,,,,,
2013-12-11,9XW023XC,ST31500541AS,1500301910016,0,,120496495,,,,,,,,0,,,,,,35031,,,,,,,,,,,,,,,,,,,,,,,,,,,,,,22,,,,,,0,,,,,,,,,,,,,,,,,,,,,,,,,,,,
2013-12-11,6XW0SPWY,ST31500541AS,1500301910016,0,,16439824,,,,,,,,0,,,,,,34078,,,,,,,,,,,,,,,,,,,,,,,,,,,,,,23,,,,,,0,,,,,,,,,,,,,,,,,,,,,,,,,,,,
2013-12-11,S1F05QDD,ST3000DM001,3000592982016,0,,122639344,,,,,,,,0,,,,,,12360,,,,,,,,,,,,,,,,,,,,,,,,,,,,,,24,,,,,,0,,,,,,,,,,,,,,,,,,,,,,,,,,,,
2013-12-11,9XW01DMD,ST31500541AS,1500301910016,0,,116263713,,,,,,,,0,,,,,,35661,,,,,,,,,,,,,,,,,,,,,,,,,,,,,,23,,,,,,0,,,,,,,,,,,,,,,,,,,,,,,,,,,,
2013-12-11,W1F0ASAA,ST3000DM001,3000592982016,0,,126437512,,,,,,,,0,,,,,,13912,,,,,,,,,,,,,,,,,,,,,,,,,,,,,,23,,,,,,0,,,,,,,,,,,,,,,,,,,,,,,,,,,,
2013-12-11,PL1311LAG2HU7H,Hitachi HDS5C4040ALE630,4000787030016,0,,0,,,,,,,,0,,,,,,3631,,,,,,,,,,,,,,,,,,,,,,,,,,,,,,27,,,,,,0,,,,,,,,,,,,,,,,,,,,,,,,,,,,
2013-12-11,9XW023XP,ST31500541AS,1500301910016,0,,20151487,,,,,,,,0,,,,,,34745,,,,,,,,,,,,,,,,,,,,,,,,,,,,,,17,,,,,,0,,,,,,,,,,,,,,,,,,,,,,,,,,,,
2013-12-11,13H89KSGS,TOSHIBA DT01ACA300,3000592982016,0,,0,,,,,,,,0,,,,,,5075,,,,,,,,,,,,,,,,,,,,,,,,,,,,,,30,,,,,,0,,,,,,,,,,,,,,,,,,,,,,,,,,,,
2013-12-11,W3009R8E,ST4000DM000,4000787030016,0,,87047960,,,,,,,,0,,,,,,4136,,,,,,,,,,,,,,,,,,,,,,,,,,,,,,20,,,,,,0,,,,,,,,,,,,,,,,,,,,,,,,,,,,
2013-12-11,W30088ZB,ST4000DM000,4000787030016,0,,11895344,,,,,,,,0,,,,,,4167,,,,,,,,,,,,,,,,,,,,,,,,,,,,,,27,,,,,,0,,,,,,,,,,,,,,,,,,,,,,,,,,,,
2013-12-11,5XW067TD,ST31500541AS,1500301910016,0,,159486665,,,,,,,,0,,,,,,29233,,,,,,,,,,,,,,,,,,,,,,,,,,,,,,19,,,,,,0,,,,,,,,,,,,,,,,,,,,,,,,,,,,
2013-12-11,6XW0XPRJ,ST31500541AS,1500301910016,0,,222038352,,,,,,,,0,,,,,,31115,,,,,,,,,,,,,,,,,,,,,,,,,,,,,,31,,,,,,0,,,,,,,,,,,,,,,,,,,,,,,,,,,,
2013-12-11,WD-WMC4N0920988,WDC WD30EFRX,3000592982016,0,,0,,,,,,,,0,,,,,,157,,,,,,,,,,,,,,,,,,,,,,,,,,,,,,22,,,,,,0,,,,,,,,,,,,,,,,,,,,,,,,,,,,
2013-12-11,6XW0XCRY,ST31500541AS,1500301910016,0,,70466525,,,,,,,,0,,,,,,29970,,,,,,,,,,,,,,,,,,,,,,,,,,,,,,21,,,,,,0,,,,,,,,,,,,,,,,,,,,,,,,,,,,
2013-12-11,W1F0VNT7,ST3000DM001,3000592982016,0,,18104144,,,,,,,,0,,,,,,8210,,,,,,,,,,,,,,,,,,,,,,,,,,,,,,27,,,,,,0,,,,,,,,,,,,,,,,,,,,,,,,,,,,
2013-12-11,PL2311LAG1PK2C,Hitachi HDS5C4040ALE630,4000787030016,0,,0,,,,,,,,0,,,,,,7462,,,,,,,,,,,,,,,,,,,,,,,,,,,,,,27,,,,,,0,,,,,,,,,,,,,,,,,,,,,,,,,,,,
2013-12-11,JK11A5B8KK8SKX,Hitachi HDS722020ALA330,2000398934016,0,,1,,,,,,,,3,,,,,,10761,,,,,,,,,,,,,,,,,,,,,,,,,,,,,,28,,,,,,2,,,,,,,,,,,,,,,,,,,,,,,,,,,,
2013-12-11,JK11A4B8J61H4W,Hitachi HDS722020ALA330,2000398934016,0,,1,,,,,,,,0,,,,,,25120,,,,,,,,,,,,,,,,,,,,,,,,,,,,,,35,,,,,,0,,,,,,,,,,,,,,,,,,,,,,,,,,,,
2013-12-11,WD-WCAU42480701,WDC WD10EACS,1000204886016,0,,3,,,,,,,,0,,,,,,42821,,,,,,,,,,,,,,,,,,,,,,,,,,,,,,20,,,,,,0,,,,,,,,,,,,,,,,,,,,,,,,,,,,
2013-12-11,JK1131YAJEJL4V,Hitachi HDS722020ALA330,2000398934016,0,,0,,,,,,,,0,,,,,,30256,,,,,,,,,,,,,,,,,,,,,,,,,,,,,,28,,,,,,0,,,,,,,,,,,,,,,,,,,,,,,,,,,,
2013-12-11,JK1101B9KMAY8F,Hitachi HDS722020ALA330,2000398934016,0,,5177484,,,,,,,,0,,,,,,22954,,,,,,,,,,,,,,,,,,,,,,,,,,,,,,25,,,,,,0,,,,,,,,,,,,,,,,,,,,,,,,,,,,
2013-12-11,6XW0VHPR,ST31500541AS,1500301910016,0,,163273022,,,,,,,,0,,,,,,33365,,,,,,,,,,,,,,,,,,,,,,,,,,,,,,22,,,,,,0,,,,,,,,,,,,,,,,,,,,,,,,,,,,
2013-12-11,JK11A8B9J3P8MF,Hitachi HDS722020ALA330,2000398934016,0,,0,,,,,,,,0,,,,,,23711,,,,,,,,,,,,,,,,,,,,,,,,,,,,,,26,,,,,,0,,,,,,,,,,,,,,,,,,,,,,,,,,,,
2013-12-11,MJ1311YNG1WNMA,Hitachi HDS5C3030ALA630,3000592982016,0,,0,,,,,,,,0,,,,,,18364,,,,,,,,,,,,,,,,,,,,,,,,,,,,,,28,,,,,,0,,,,,,,,,,,,,,,,,,,,,,,,,,,,
2013-12-11,PL1321LAG31XJH,Hitachi HDS5C4040ALE630,4000787030016,0,,0,,,,,,,,0,,,,,,6654,,,,,,,,,,,,,,,,,,,,,,,,,,,,,,21,,,,,,0,,,,,,,,,,,,,,,,,,,,,,,,,,,,
2013-12-11,MJ0351YNG9YTKA,Hitachi HDS5C3030ALA630,3000592982016,0,,0,,,,,,,,0,,,,,,9939,,,,,,,,,,,,,,,,,,,,,,,,,,,,,,26,,,,,,0,,,,,,,,,,,,,,,,,,,,,,,,,,,,
2013-12-11,W300JK91,ST4000DM000,4000787030016,0,,29980144,,,,,,,,0,,,,,,2248,,,,,,,,,,,,,,,,,,,,,,,,,,,,,,23,,,,,,0,,,,,,,,,,,,,,,,,,,,,,,,,,,,
2013-12-11,JK1101B9KP1A9F,Hitachi HDS722020ALA330,2000398934016,0,,0,,,,,,,,0,,,,,,23099,,,,,,,,,,,,,,,,,,,,,,,,,,,,,,27,,,,,,0,,,,,,,,,,,,,,,,,,,,,,,,,,,,
2013-12-11,6XW0H7VX,ST31500541AS,1500301910016,0,,1484623,,,,,,,,0,,,,,,29878,,,,,,,,,,,,,,,,,,,,,,,,,,,,,,28,,,,,,0,,,,,,,,,,,,,,,,,,,,,,,,,,,,
2013-12-11,Z300MGBW,ST4000DM000,4000787030016,0,,21425248,,,,,,,,0,,,,,,2879,,,,,,,,,,,,,,,,,,,,,,,,,,,,,,23,,,,,,0,,,,,,,,,,,,,,,,,,,,,,,,,,,,
2013-12-11,MJ1311YNG3H7KA,Hitachi HDS5C3030ALA630,3000592982016,0,,0,,,,,,,,0,,,,,,19372,,,,,,,,,,,,,,,,,,,,,,,,,,,,,,26,,,,,,0,,,,,,,,,,,,,,,,,,,,,,,,,,,,
2013-12-11,Z1F06R8W,ST3000DM001,3000592982016,0,,69929800,,,,,,,,0,,,,,,14909,,,,,,,,,,,,,,,,,,,,,,,,,,,,,,24,,,,,,0,,,,,,,,,,,,,,,,,,,,,,,,,,,,
2013-12-11,W3008RCX,ST4000DM000,4000787030016,0,,6513680,,,,,,,,0,,,,,,2248,,,,,,,,,,,,,,,,,,,,,,,,,,,,,,22,,,,,,0,,,,,,,,,,,,,,,,,,,,,,,,,,,,
2013-12-11,5XW1P1TH,ST32000542AS,2000398934016,0,,109218697,,,,,,,,0,,,,,,7818,,,,,,,,,,,,,,,,,,,,,,,,,,,,,,18,,,,,,0,,,,,,,,,,,,,,,,,,,,,,,,,,,,
2013-12-11,MJ1311YNG7KU8A,Hitachi HDS5C3030ALA630,3000592982016,0,,0,,,,,,,,0,,,,,,14291,,,,,,,,,,,,,,,,,,,,,,,,,,,,,,29,,,,,,0,,,,,,,,,,,,,,,,,,,,,,,,,,,,
2013-12-11,9XW01R4G,ST31500541AS,1500301910016,0,,96093739,,,,,,,,0,,,,,,35759,,,,,,,,,,,,,,,,,,,,,,,,,,,,,,19,,,,,,0,,,,,,,,,,,,,,,,,,,,,,,,,,,,
2013-12-11,MJ0351YNG9SXAA,Hitachi HDS5C3030ALA630,3000592982016,0,,0,,,,,,,,0,,,,,,7938,,,,,,,,,,,,,,,,,,,,,,,,,,,,,,23,,,,,,0,,,,,,,,,,,,,,,,,,,,,,,,,,,,
2013-12-11,MJ0351YNG9XWYA,Hitachi HDS5C3030ALA630,3000592982016,0,,0,,,,,,,,0,,,,,,9525,,,,,,,,,,,,,,,,,,,,,,,,,,,,,,34,,,,,,0,,,,,,,,,,,,,,,,,,,,,,,,,,,,
2013-12-11,W300DD6P,ST4000DM000,4000787030016,0,,98835648,,,,,,,,0,,,,,,4353,,,,,,,,,,,,,,,,,,,,,,,,,,,,,,25,,,,,,0,,,,,,,,,,,,,,,,,,,,,,,,,,,,
2013-12-11,S1F02A66,ST3000DM001,3000592982016,0,,229626352,,,,,,,,0,,,,,,16153,,,,,,,,,,,,,,,,,,,,,,,,,,,,,,22,,,,,,0,,,,,,,,,,,,,,,,,,,,,,,,,,,,
2013-12-11,MJ1311YNG364RA,Hitachi HDS5C3030ALA630,3000592982016,0,,9502720,,,,,,,,0,,,,,,19588,,,,,,,,,,,,,,,,,,,,,,,,,,,,,,25,,,,,,0,,,,,,,,,,,,,,,,,,,,,,,,,,,,
2013-12-11,S1F0TMLM,ST3000DM001,3000592982016,0,,67500568,,,,,,,,0,,,,,,10760,,,,,,,,,,,,,,,,,,,,,,,,,,,,,,23,,,,,,0,,,,,,,,,,,,,,,,,,,,,,,,,,,,
2013-12-11,6XW044S3,ST31500541AS,1500301910016,0,,175699105,,,,,,,,0,,,,,,37170,,,,,,,,,,,,,,,,,,,,,,,,,,,,,,23,,,,,,0,,,,,,,,,,,,,,,,,,,,,,,,,,,,
2013-12-11,PL1311LAG2SZRH,Hitachi HDS5C4040ALE630,4000787030016,0,,0,,,,,,,,0,,,,,,5670,,,,,,,,,,,,,,,,,,,,,,,,,,,,,,20,,,,,,0,,,,,,,,,,,,,,,,,,,,,,,,,,,,
2013-12-11,PL1311LAG2E5TH,Hitachi HDS5C4040ALE630,4000787030016,0,,0,,,,,,,,0,,,,,,4703,,,,,,,,,,,,,,,,,,,,,,,,,,,,,,27,,,,,,0,,,,,,,,,,,,,,,,,,,,,,,,,,,,
2013-12-11,PL1311LAG2990H,Hitachi HDS5C4040ALE630,4000787030016,0,,0,,,,,,,,0,,,,,,7413,,,,,,,,,,,,,,,,,,,,,,,,,,,,,,21,,,,,,0,,,,,,,,,,,,,,,,,,,,,,,,,,,,
2013-12-11,9XW01R40,ST31500541AS,1500301910016,0,,76958836,,,,,,,,0,,,,,,34757,,,,,,,,,,,,,,,,,,,,,,,,,,,,,,21,,,,,,0,,,,,,,,,,,,,,,,,,,,,,,,,,,,
2013-12-11,MJ1311YNG733PA,Hitachi HDS5C3030ALA630,3000592982016,0,,0,,,,,,,,0,,,,,,14619,,,,,,,,,,,,,,,,,,,,,,,,,,,,,,24,,,,,,0,,,,,,,,,,,,,,,,,,,,,,,,,,,,
2013-12-11,9VS1Z2LK,ST31500341AS,1500301910016,0,,225623986,,,,,,,,31,,,,,,39092,,,,,,,,,,,,,,,,,,,,,,,,,,,,,,27,,,,,,0,,,,,,,,,,,,,,,,,,,,,,,,,,,,
2013-12-11,W300B63J,ST4000DM000,4000787030016,0,,123710120,,,,,,,,0,,,,,,3611,,,,,,,,,,,,,,,,,,,,,,,,,,,,,,22,,,,,,0,,,,,,,,,,,,,,,,,,,,,,,,,,,,
2013-12-11,MJ1311YNG32V6A,Hitachi HDS5C3030ALA630,3000592982016,0,,0,,,,,,,,0,,,,,,18592,,,,,,,,,,,,,,,,,,,,,,,,,,,,,,25,,,,,,0,,,,,,,,,,,,,,,,,,,,,,,,,,,,
2013-12-11,W3008RC2,ST4000DM000,4000787030016,0,,31904944,,,,,,,,0,,,,,,4167,,,,,,,,,,,,,,,,,,,,,,,,,,,,,,30,,,,,,0,,,,,,,,,,,,,,,,,,,,,,,,,,,,
2013-12-11,MJ1311YNG37LVA,Hitachi HDS5C3030ALA630,3000592982016,0,,0,,,,,,,,0,,,,,,19310,,,,,,,,,,,,,,,,,,,,,,,,,,,,,,28,,,,,,0,,,,,,,,,,,,,,,,,,,,,,,,,,,,
2013-12-11,MJ0351YNG9YUKA,Hitachi HDS5C3030ALA630,3000592982016,0,,0,,,,,,,,0,,,,,,9974,,,,,,,,,,,,,,,,,,,,,,,,,,,,,,25,,,,,,0,,,,,,,,,,,,,,,,,,,,,,,,,,,,
2013-12-11,W300B63S,ST4000DM000,4000787030016,0,,187722656,,,,,,,,0,,,,,,3238,,,,,,,,,,,,,,,,,,,,,,,,,,,,,,17,,,,,,0,,,,,,,,,,,,,,,,,,,,,,,,,,,,
2013-12-11,S1F04CMR,ST3000DM001,3000592982016,0,,35991256,,,,,,,,0,,,,,,13357,,,,,,,,,,,,,,,,,,,,,,,,,,,,,,25,,,,,,0,,,,,,,,,,,,,,,,,,,,,,,,,,,,
2013-12-11,W300B63Q,ST4000DM000,4000787030016,0,,104361480,,,,,,,,0,,,,,,4047,,,,,,,,,,,,,,,,,,,,,,,,,,,,,,24,,,,,,0,,,,,,,,,,,,,,,,,,,,,,,,,,,,
2013-12-11,S1F019KV,ST3000DM001,3000592982016,0,,211052800,,,,,,,,0,,,,,,13345,,,,,,,,,,,,,,,,,,,,,,,,,,,,,,29,,,,,,8,,,,,,,,,,,,,,,,,,,,,,,,,,,,
2013-12-11,6XW02YPL,ST31500541AS,1500301910016,0,,100977923,,,,,,,,22,,,,,,36064,,,,,,,,,,,,,,,,,,,,,,,,,,,,,,19,,,,,,0,,,,,,,,,,,,,,,,,,,,,,,,,,,,
2013-12-11,JK11A8B9JR1MLF,Hitachi HDS722020ALA330,2000398934016,0,,0,,,,,,,,0,,,,,,23709,,,,,,,,,,,,,,,,,,,,,,,,,,,,,,30,,,,,,0,,,,,,,,,,,,,,,,,,,,,,,,,,,,
2013-12-11,PL1321LAG32AYH,Hitachi HDS5C4040ALE630,4000787030016,0,,0,,,,,,,,0,,,,,,5950,,,,,,,,,,,,,,,,,,,,,,,,,,,,,,22,,,,,,0,,,,,,,,,,,,,,,,,,,,,,,,,,,,
2013-12-11,Z290WF08,ST33000651AS,3000592982016,0,,44123585,,,,,,,,0,,,,,,18074,,,,,,,,,,,,,,,,,,,,,,,,,,,,,,26,,,,,,0,,,,,,,,,,,,,,,,,,,,,,,,,,,,
2013-12-11,6XW0W4GF,ST31500541AS,1500301910016,0,,942023,,,,,,,,1962,,,,,,34200,,,,,,,,,,,,,,,,,,,,,,,,,,,,,,23,,,,,,0,,,,,,,,,,,,,,,,,,,,,,,,,,,,
2013-12-11,MK0331YHGPASTA,Hitachi HDS723030ALA640,3000592982016,0,,0,,,,,,,,0,,,,,,17356,,,,,,,,,,,,,,,,,,,,,,,,,,,,,,23,,,,,,0,,,,,,,,,,,,,,,,,,,,,,,,,,,,
2013-12-11,JK1101YAJJH86Z,Hitachi HDS722020ALA330,2000398934016,0,,262145,,,,,,,,0,,,,,,26859,,,,,,,,,,,,,,,,,,,,,,,,,,,,,,36,,,,,,0,,,,,,,,,,,,,,,,,,,,,,,,,,,,
2013-12-11,S1F02957,ST3000DM001,3000592982016,0,,6533912,,,,,,,,368,,,,,,15237,,,,,,,,,,,,,,,,,,,,,,,,,,,,,,18,,,,,,0,,,,,,,,,,,,,,,,,,,,,,,,,,,,
2013-12-11,Z1F0LVQ2,ST3000DM001,3000592982016,0,,27138696,,,,,,,,0,,,,,,12248,,,,,,,,,,,,,,,,,,,,,,,,,,,,,,25,,,,,,8,,,,,,,,,,,,,,,,,,,,,,,,,,,,
2013-12-11,S1F0PK51,ST3000DM001,3000592982016,0,,46945432,,,,,,,,0,,,,,,11690,,,,,,,,,,,,,,,,,,,,,,,,,,,,,,26,,,,,,0,,,,,,,,,,,,,,,,,,,,,,,,,,,,
2013-12-11,W1F0R27Q,ST3000DM001,3000592982016,0,,103651840,,,,,,,,0,,,,,,12617,,,,,,,,,,,,,,,,,,,,,,,,,,,,,,21,,,,,,16,,,,,,,,,,,,,,,,,,,,,,,,,,,,
2013-12-11,Z300GZ5R,ST4000DM000,4000787030016,0,,178508544,,,,,,,,0,,,,,,3582,,,,,,,,,,,,,,,,,,,,,,,,,,,,,,24,,,,,,0,,,,,,,,,,,,,,,,,,,,,,,,,,,,
2013-12-11,Z300GZ5W,ST4000DM000,4000787030016,0,,221823880,,,,,,,,0,,,,,,3346,,,,,,,,,,,,,,,,,,,,,,,,,,,,,,18,,,,,,0,,,,,,,,,,,,,,,,,,,,,,,,,,,,
2013-12-11,MJ0351YNG9PYVA,Hitachi HDS5C3030ALA630,3000592982016,0,,0,,,,,,,,0,,,,,,9958,,,,,,,,,,,,,,,,,,,,,,,,,,,,,,29,,,,,,0,,,,,,,,,,,,,,,,,,,,,,,,,,,,
2013-12-11,MJ0351YNGAD7MA,Hitachi HDS5C3030ALA630,3000592982016,0,,0,,,,,,,,0,,,,,,8142,,,,,,,,,,,,,,,,,,,,,,,,,,,,,,29,,,,,,0,,,,,,,,,,,,,,,,,,,,,,,,,,,,
2013-12-11,W1F0R27B,ST3000DM001,3000592982016,0,,19926584,,,,,,,,0,,,,,,12616,,,,,,,,,,,,,,,,,,,,,,,,,,,,,,21,,,,,,0,,,,,,,,,,,,,,,,,,,,,,,,,,,,
2013-12-11,Z300GZ5B,ST4000DM000,4000787030016,0,,186165648,,,,,,,,0,,,,,,3630,,,,,,,,,,,,,,,,,,,,,,,,,,,,,,24,,,,,,0,,,,,,,,,,,,,,,,,,,,,,,,,,,,
2013-12-11,MJ0351YNG9W26A,Hitachi HDS5C3030ALA630,3000592982016,0,,0,,,,,,,,0,,,,,,9958,,,,,,,,,,,,,,,,,,,,,,,,,,,,,,26,,,,,,0,,,,,,,,,,,,,,,,,,,,,,,,,,,,
2013-12-11,Z300GZ5K,ST4000DM000,4000787030016,0,,170372712,,,,,,,,0,,,,,,3584,,,,,,,,,,,,,,,,,,,,,,,,,,,,,,25,,,,,,0,,,,,,,,,,,,,,,,,,,,,,,,,,,,
2013-12-11,Z300GZ51,ST4000DM000,4000787030016,0,,169588440,,,,,,,,0,,,,,,3581,,,,,,,,,,,,,,,,,,,,,,,,,,,,,,22,,,,,,0,,,,,,,,,,,,,,,,,,,,,,,,,,,,
2013-12-11,Z300GZ50,ST4000DM000,4000787030016,0,,223935664,,,,,,,,0,,,,,,3581,,,,,,,,,,,,,,,,,,,,,,,,,,,,,,26,,,,,,0,,,,,,,,,,,,,,,,,,,,,,,,,,,,
2013-12-11,Z300GZ52,ST4000DM000,4000787030016,0,,20251768,,,,,,,,0,,,,,,3581,,,,,,,,,,,,,,,,,,,,,,,,,,,,,,26,,,,,,0,,,,,,,,,,,,,,,,,,,,,,,,,,,,
2013-12-11,Z300GZ55,ST4000DM000,4000787030016,0,,239753688,,,,,,,,0,,,,,,3581,,,,,,,,,,,,,,,,,,,,,,,,,,,,,,24,,,,,,0,,,,,,,,,,,,,,,,,,,,,,,,,,,,
2013-12-11,MJ1311YNG3E9RA,Hitachi HDS5C3030ALA630,3000592982016,0,,0,,,,,,,,0,,,,,,20732,,,,,,,,,,,,,,,,,,,,,,,,,,,,,,27,,,,,,0,,,,,,,,,,,,,,,,,,,,,,,,,,,,
2013-12-11,Z300GZ59,ST4000DM000,4000787030016,0,,36278064,,,,,,,,0,,,,,,3624,,,,,,,,,,,,,,,,,,,,,,,,,,,,,,21,,,,,,0,,,,,,,,,,,,,,,,,,,,,,,,,,,,
2013-12-11,Z300CM8Y,ST4000DM000,4000787030016,0,,17169256,,,,,,,,0,,,,,,2241,,,,,,,,,,,,,,,,,,,,,,,,,,,,,,22,,,,,,0,,,,,,,,,,,,,,,,,,,,,,,,,,,,
2013-12-11,WD-WCAWZ0494676,WDC WD30EZRX,3000592982016,0,,0,,,,,,,,0,,,,,,16128,,,,,,,,,,,,,,,,,,,,,,,,,,,,,,19,,,,,,0,,,,,,,,,,,,,,,,,,,,,,,,,,,,
2013-12-11,JK1101B8KND4XS,Hitachi HDS722020ALA330,2000398934016,0,,0,,,,,,,,0,,,,,,23100,,,,,,,,,,,,,,,,,,,,,,,,,,,,,,25,,,,,,0,,,,,,,,,,,,,,,,,,,,,,,,,,,,
2013-12-11,6XW1TFS2,ST32000542AS,2000398934016,0,,51828614,,,,,,,,0,,,,,,13014,,,,,,,,,,,,,,,,,,,,,,,,,,,,,,26,,,,,,0,,,,,,,,,,,,,,,,,,,,,,,,,,,,
2013-12-11,S1F048Y3,ST3000DM001,3000592982016,0,,198321112,,,,,,,,0,,,,,,16150,,,,,,,,,,,,,,,,,,,,,,,,,,,,,,23,,,,,,0,,,,,,,,,,,,,,,,,,,,,,,,,,,,
2013-12-11,W1F093DV,ST3000DM001,3000592982016,0,,73178152,,,,,,,,0,,,,,,15471,,,,,,,,,,,,,,,,,,,,,,,,,,,,,,23,,,,,,0,,,,,,,,,,,,,,,,,,,,,,,,,,,,
2013-12-11,Z1F0LVQM,ST3000DM001,3000592982016,0,,122603264,,,,,,,,0,,,,,,12168,,,,,,,,,,,,,,,,,,,,,,,,,,,,,,26,,,,,,0,,,,,,,,,,,,,,,,,,,,,,,,,,,,
2013-12-11,S1F018CZ,ST3000DM001,3000592982016,0,,98447536,,,,,,,,0,,,,,,5331,,,,,,,,,,,,,,,,,,,,,,,,,,,,,,25,,,,,,0,,,,,,,,,,,,,,,,,,,,,,,,,,,,
2013-12-11,PL2321LAGAS06J,Hitachi HDS5C4040ALE630,4000787030016,0,,0,,,,,,,,0,,,,,,5429,,,,,,,,,,,,,,,,,,,,,,,,,,,,,,23,,,,,,0,,,,,,,,,,,,,,,,,,,,,,,,,,,,
2013-12-11,JK11A8B9J76EEF,Hitachi HDS722020ALA330,2000398934016,0,,1,,,,,,,,0,,,,,,24544,,,,,,,,,,,,,,,,,,,,,,,,,,,,,,30,,,,,,0,,,,,,,,,,,,,,,,,,,,,,,,,,,,
2013-12-11,S1F048Y4,ST3000DM001,3000592982016,0,,19157952,,,,,,,,0,,,,,,16198,,,,,,,,,,,,,,,,,,,,,,,,,,,,,,26,,,,,,0,,,,,,,,,,,,,,,,,,,,,,,,,,,,
2013-12-11,MJ1311YNG5RBAA,Hitachi HDS5C3030ALA630,3000592982016,0,,0,,,,,,,,0,,,,,,14310,,,,,,,,,,,,,,,,,,,,,,,,,,,,,,27,,,,,,0,,,,,,,,,,,,,,,,,,,,,,,,,,,,
2013-12-11,S1F018CE,ST3000DM001,3000592982016,0,,140480888,,,,,,,,0,,,,,,15619,,,,,,,,,,,,,,,,,,,,,,,,,,,,,,25,,,,,,16,,,,,,,,,,,,,,,,,,,,,,,,,,,,
2013-12-11,Z1F0LVQV,ST3000DM001,3000592982016,0,,93787832,,,,,,,,0,,,,,,10797,,,,,,,,,,,,,,,,,,,,,,,,,,,,,,24,,,,,,0,,,,,,,,,,,,,,,,,,,,,,,,,,,,
2013-12-11,Z300CWJQ,ST4000DM000,4000787030016,0,,149080224,,,,,,,,0,,,,,,2218,,,,,,,,,,,,,,,,,,,,,,,,,,,,,,21,,,,,,0,,,,,,,,,,,,,,,,,,,,,,,,,,,,
2013-12-11,Z300PAH6,ST4000DM000,4000787030016,0,,173040328,,,,,,,,0,,,,,,1114,,,,,,,,,,,,,,,,,,,,,,,,,,,,,,29,,,,,,0,,,,,,,,,,,,,,,,,,,,,,,,,,,,
2013-12-11,Z1F1632F,ST3000DM001,3000592982016,0,,176238248,,,,,,,,0,,,,,,8165,,,,,,,,,,,,,,,,,,,,,,,,,,,,,,27,,,,,,0,,,,,,,,,,,,,,,,,,,,,,,,,,,,
2013-12-11,S1F033MX,ST3000DM001,3000592982016,0,,16851352,,,,,,,,0,,,,,,14213,,,,,,,,,,,,,,,,,,,,,,,,,,,,,,23,,,,,,0,,,,,,,,,,,,,,,,,,,,,,,,,,,,
2013-12-11,JK11A8B9J395VF,Hitachi HDS722020ALA330,2000398934016,0,,0,,,,,,,,0,,,,,,24491,,,,,,,,,,,,,,,,,,,,,,,,,,,,,,33,,,,,,0,,,,,,,,,,,,,,,,,,,,,,,,,,,,
2013-12-11,W1F0A121,ST3000DM001,3000592982016,0,,236117008,,,,,,,,0,,,,,,14729,,,,,,,,,,,,,,,,,,,,,,,,,,,,,,22,,,,,,0,,,,,,,,,,,,,,,,,,,,,,,,,,,,
2013-12-11,JK11A8B9JR1NBF,Hitachi HDS722020ALA330,2000398934016,0,,0,,,,,,,,0,,,,,,24112,,,,,,,,,,,,,,,,,,,,,,,,,,,,,,26,,,,,,0,,,,,,,,,,,,,,,,,,,,,,,,,,,,
2013-12-11,MJ1323YNG1BZ3C,Hitachi HDS5C3030ALA630,3000592982016,0,,0,,,,,,,,0,,,,,,19633,,,,,,,,,,,,,,,,,,,,,,,,,,,,,,22,,,,,,0,,,,,,,,,,,,,,,,,,,,,,,,,,,,
2013-12-11,Z300CMQ6,ST4000DM000,4000787030016,0,,234314712,,,,,,,,0,,,,,,2243,,,,,,,,,,,,,,,,,,,,,,,,,,,,,,19,,,,,,0,,,,,,,,,,,,,,,,,,,,,,,,,,,,
2013-12-11,Z300DPB8,ST4000DM000,4000787030016,0,,126239064,,,,,,,,0,,,,,,2843,,,,,,,,,,,,,,,,,,,,,,,,,,,,,,18,,,,,,0,,,,,,,,,,,,,,,,,,,,,,,,,,,,
2013-12-11,WD-WCAU45694008,WDC WD10EACS,1000204886016,0,,10,,,,,,,,0,,,,,,42383,,,,,,,,,,,,,,,,,,,,,,,,,,,,,,25,,,,,,0,,,,,,,,,,,,,,,,,,,,,,,,,,,,
2013-12-11,Z300CMQW,ST4000DM000,4000787030016,0,,197561856,,,,,,,,0,,,,,,2224,,,,,,,,,,,,,,,,,,,,,,,,,,,,,,22,,,,,,0,,,,,,,,,,,,,,,,,,,,,,,,,,,,
2013-12-11,Z300JD0Y,ST4000DM000,4000787030016,0,,136600320,,,,,,,,0,,,,,,1445,,,,,,,,,,,,,,,,,,,,,,,,,,,,,,26,,,,,,0,,,,,,,,,,,,,,,,,,,,,,,,,,,,
2013-12-11,Z300GZ1F,ST4000DM000,4000787030016,0,,147180200,,,,,,,,0,,,,,,3630,,,,,,,,,,,,,,,,,,,,,,,,,,,,,,24,,,,,,0,,,,,,,,,,,,,,,,,,,,,,,,,,,,
2013-12-11,Z300CMQP,ST4000DM000,4000787030016,0,,65336520,,,,,,,,0,,,,,,2246,,,,,,,,,,,,,,,,,,,,,,,,,,,,,,22,,,,,,0,,,,,,,,,,,,,,,,,,,,,,,,,,,,
2013-12-11,W1F1CM57,ST3000DM001,3000592982016,0,,25881944,,,,,,,,0,,,,,,7993,,,,,,,,,,,,,,,,,,,,,,,,,,,,,,15,,,,,,0,,,,,,,,,,,,,,,,,,,,,,,,,,,,
2013-12-11,6XW0TEDT,ST31500541AS,1500301910016,0,,210761043,,,,,,,,0,,,,,,22031,,,,,,,,,,,,,,,,,,,,,,,,,,,,,,20,,,,,,0,,,,,,,,,,,,,,,,,,,,,,,,,,,,
2013-12-11,JK11A8B9HWL5JF,Hitachi HDS722020ALA330,2000398934016,0,,65537,,,,,,,,0,,,,,,26010,,,,,,,,,,,,,,,,,,,,,,,,,,,,,,27,,,,,,0,,,,,,,,,,,,,,,,,,,,,,,,,,,,
2013-12-11,W1F17DKS,ST3000DM001,3000592982016,0,,141156064,,,,,,,,0,,,,,,8652,,,,,,,,,,,,,,,,,,,,,,,,,,,,,,25,,,,,,0,,,,,,,,,,,,,,,,,,,,,,,,,,,,
2013-12-11,PL1321LAG2Y5NH,Hitachi HDS5C4040ALE630,4000787030016,0,,0,,,,,,,,0,,,,,,6652,,,,,,,,,,,,,,,,,,,,,,,,,,,,,,24,,,,,,0,,,,,,,,,,,,,,,,,,,,,,,,,,,,
2013-12-11,Z300CWJ1,ST4000DM000,4000787030016,0,,202929800,,,,,,,,0,,,,,,2219,,,,,,,,,,,,,,,,,,,,,,,,,,,,,,24,,,,,,0,,,,,,,,,,,,,,,,,,,,,,,,,,,,
2013-12-11,MK0311YHGJMGTA,Hitachi HDS723030ALA640,3000592982016,0,,0,,,,,,,,0,,,,,,16679,,,,,,,,,,,,,,,,,,,,,,,,,,,,,,29,,,,,,0,,,,,,,,,,,,,,,,,,,,,,,,,,,,
2013-12-11,Z300PAHC,ST4000DM000,4000787030016,0,,115806928,,,,,,,,0,,,,,,1114,,,,,,,,,,,,,,,,,,,,,,,,,,,,,,30,,,,,,0,,,,,,,,,,,,,,,,,,,,,,,,,,,,
2013-12-11,JK11A8B9J7635F,Hitachi HDS722020ALA330,2000398934016,0,,0,,,,,,,,0,,,,,,22695,,,,,,,,,,,,,,,,,,,,,,,,,,,,,,27,,,,,,0,,,,,,,,,,,,,,,,,,,,,,,,,,,,
2013-12-11,W1F0A418,ST3000DM001,3000592982016,0,,116679288,,,,,,,,0,,,,,,15216,,,,,,,,,,,,,,,,,,,,,,,,,,,,,,25,,,,,,0,,,,,,,,,,,,,,,,,,,,,,,,,,,,
2013-12-11,JK11A8B9GPEVEF,Hitachi HDS722020ALA330,2000398934016,0,,0,,,,,,,,0,,,,,,26763,,,,,,,,,,,,,,,,,,,,,,,,,,,,,,23,,,,,,0,,,,,,,,,,,,,,,,,,,,,,,,,,,,
2013-12-11,MJ1311YNG5HXLA,Hitachi HDS5C3030ALA630,3000592982016,0,,0,,,,,,,,0,,,,,,14289,,,,,,,,,,,,,,,,,,,,,,,,,,,,,,28,,,,,,0,,,,,,,,,,,,,,,,,,,,,,,,,,,,
2013-12-11,WD-WCAU47302028,WDC WD10EADS,1000204886016,0,,2,,,,,,,,0,,,,,,40612,,,,,,,,,,,,,,,,,,,,,,,,,,,,,,22,,,,,,0,,,,,,,,,,,,,,,,,,,,,,,,,,,,
2013-12-11,S1F0QY05,ST3000DM001,3000592982016,0,,62668040,,,,,,,,0,,,,,,11683,,,,,,,,,,,,,,,,,,,,,,,,,,,,,,31,,,,,,0,,,,,,,,,,,,,,,,,,,,,,,,,,,,
2013-12-11,W3004ZHD,ST4000DM000,4000787030016,0,,205863240,,,,,,,,0,,,,,,2873,,,,,,,,,,,,,,,,,,,,,,,,,,,,,,22,,,,,,0,,,,,,,,,,,,,,,,,,,,,,,,,,,,
2013-12-11,JK1131YAJHRBBV,Hitachi HDS722020ALA330,2000398934016,0,,1,,,,,,,,0,,,,,,30255,,,,,,,,,,,,,,,,,,,,,,,,,,,,,,27,,,,,,0,,,,,,,,,,,,,,,,,,,,,,,,,,,,
2013-12-11,PL1311LAG28ERH,Hitachi HDS5C4040ALE630,4000787030016,0,,0,,,,,,,,0,,,,,,4367,,,,,,,,,,,,,,,,,,,,,,,,,,,,,,21,,,,,,0,,,,,,,,,,,,,,,,,,,,,,,,,,,,
2013-12-11,MK0331YHGSVDAA,Hitachi HDS723030ALA640,3000592982016,0,,1,,,,,,,,0,,,,,,17353,,,,,,,,,,,,,,,,,,,,,,,,,,,,,,23,,,,,,0,,,,,,,,,,,,,,,,,,,,,,,,,,,,
2013-12-11,MJ1311YNG6VW4A,Hitachi HDS5C3030ALA630,3000592982016,0,,0,,,,,,,,0,,,,,,14595,,,,,,,,,,,,,,,,,,,,,,,,,,,,,,28,,,,,,0,,,,,,,,,,,,,,,,,,,,,,,,,,,,
2013-12-11,S1F0S5GM,ST3000DM001,3000592982016,0,,211180624,,,,,,,,0,,,,,,10727,,,,,,,,,,,,,,,,,,,,,,,,,,,,,,22,,,,,,0,,,,,,,,,,,,,,,,,,,,,,,,,,,,
2013-12-11,WD-WCAU47261903,WDC WD10EADS,1000204886016,0,,11,,,,,,,,0,,,,,,40871,,,,,,,,,,,,,,,,,,,,,,,,,,,,,,29,,,,,,0,,,,,,,,,,,,,,,,,,,,,,,,,,,,
2013-12-11,Z300CWN2,ST4000DM000,4000787030016,0,,17800464,,,,,,,,0,,,,,,2243,,,,,,,,,,,,,,,,,,,,,,,,,,,,,,20,,,,,,0,,,,,,,,,,,,,,,,,,,,,,,,,,,,
2013-12-11,S1F0S5G9,ST3000DM001,3000592982016,0,,99106568,,,,,,,,0,,,,,,10472,,,,,,,,,,,,,,,,,,,,,,,,,,,,,,27,,,,,,0,,,,,,,,,,,,,,,,,,,,,,,,,,,,
2013-12-11,S1F032MV,ST3000DM001,3000592982016,0,,217616296,,,,,,,,0,,,,,,15264,,,,,,,,,,,,,,,,,,,,,,,,,,,,,,25,,,,,,8,,,,,,,,,,,,,,,,,,,,,,,,,,,,
2013-12-11,S1F00VNQ,ST3000DM001,3000592982016,0,,93665168,,,,,,,,0,,,,,,16147,,,,,,,,,,,,,,,,,,,,,,,,,,,,,,19,,,,,,16,,,,,,,,,,,,,,,,,,,,,,,,,,,,
2013-12-11,S1F032MR,ST3000DM001,3000592982016,0,,146049928,,,,,,,,0,,,,,,14725,,,,,,,,,,,,,,,,,,,,,,,,,,,,,,28,,,,,,0,,,,,,,,,,,,,,,,,,,,,,,,,,,,
2013-12-11,MJ1311YNG2T5UA,Hitachi HDS5C3030ALA630,3000592982016,0,,0,,,,,,,,0,,,,,,19587,,,,,,,,,,,,,,,,,,,,,,,,,,,,,,28,,,,,,0,,,,,,,,,,,,,,,,,,,,,,,,,,,,
2013-12-11,JK1171YAK2049N,Hitachi HDS722020ALA330,2000398934016,0,,131072,,,,,,,,0,,,,,,29914,,,,,,,,,,,,,,,,,,,,,,,,,,,,,,24,,,,,,0,,,,,,,,,,,,,,,,,,,,,,,,,,,,
2013-12-11,MJ1323YNG0ZUXC,Hitachi HDS5C3030ALA630,3000592982016,0,,0,,,,,,,,0,,,,,,20509,,,,,,,,,,,,,,,,,,,,,,,,,,,,,,26,,,,,,0,,,,,,,,,,,,,,,,,,,,,,,,,,,,
2013-12-11,6XW17E4S,ST32000542AS,2000398934016,0,,142539428,,,,,,,,0,,,,,,15217,,,,,,,,,,,,,,,,,,,,,,,,,,,,,,22,,,,,,0,,,,,,,,,,,,,,,,,,,,,,,,,,,,
2013-12-11,MK0311YHG1L57A,Hitachi HDS723030ALA640,3000592982016,0,,0,,,,,,,,18,,,,,,21792,,,,,,,,,,,,,,,,,,,,,,,,,,,,,,27,,,,,,0,,,,,,,,,,,,,,,,,,,,,,,,,,,,
2013-12-11,W1F0A41T,ST3000DM001,3000592982016,0,,161146856,,,,,,,,0,,,,,,14236,,,,,,,,,,,,,,,,,,,,,,,,,,,,,,24,,,,,,0,,,,,,,,,,,,,,,,,,,,,,,,,,,,
2013-12-11,W1F0Q99R,ST3000DM001,3000592982016,0,,217362336,,,,,,,,0,,,,,,12617,,,,,,,,,,,,,,,,,,,,,,,,,,,,,,21,,,,,,0,,,,,,,,,,,,,,,,,,,,,,,,,,,,
2013-12-11,W3004ZH2,ST4000DM000,4000787030016,0,,28154608,,,,,,,,0,,,,,,2873,,,,,,,,,,,,,,,,,,,,,,,,,,,,,,23,,,,,,0,,,,,,,,,,,,,,,,,,,,,,,,,,,,
2013-12-11,MJ0351YNGA8VTA,Hitachi HDS5C3030ALA630,3000592982016,0,,0,,,,,,,,0,,,,,,8618,,,,,,,,,,,,,,,,,,,,,,,,,,,,,,31,,,,,,0,,,,,,,,,,,,,,,,,,,,,,,,,,,,
2013-12-11,JK1170YAJDAEDT,Hitachi HDS722020ALA330,2000398934016,0,,131072,,,,,,,,0,,,,,,27871,,,,,,,,,,,,,,,,,,,,,,,,,,,,,,24,,,,,,0,,,,,,,,,,,,,,,,,,,,,,,,,,,,
2013-12-11,S1F06YMV,ST3000DM001,3000592982016,0,,66794664,,,,,,,,0,,,,,,13915,,,,,,,,,,,,,,,,,,,,,,,,,,,,,,21,,,,,,0,,,,,,,,,,,,,,,,,,,,,,,,,,,,
2013-12-11,JK11A8B9GNLDYF,Hitachi HDS722020ALA330,2000398934016,0,,1,,,,,,,,0,,,,,,24214,,,,,,,,,,,,,,,,,,,,,,,,,,,,,,28,,,,,,0,,,,,,,,,,,,,,,,,,,,,,,,,,,,
2013-12-11,S1F0QY0Q,ST3000DM001,3000592982016,0,,18032496,,,,,,,,0,,,,,,11689,,,,,,,,,,,,,,,,,,,,,,,,,,,,,,23,,,,,,0,,,,,,,,,,,,,,,,,,,,,,,,,,,,
2013-12-11,W1F0A41M,ST3000DM001,3000592982016,0,,70708400,,,,,,,,0,,,,,,13347,,,,,,,,,,,,,,,,,,,,,,,,,,,,,,27,,,,,,0,,,,,,,,,,,,,,,,,,,,,,,,,,,,
2013-12-11,JK11A8B9J3GDZF,Hitachi HDS722020ALA330,2000398934016,0,,0,,,,,,,,0,,,,,,25539,,,,,,,,,,,,,,,,,,,,,,,,,,,,,,29,,,,,,0,,,,,,,,,,,,,,,,,,,,,,,,,,,,
2013-12-11,PL1311LAG398NH,Hitachi HDS5C4040ALE630,4000787030016,0,,0,,,,,,,,0,,,,,,6639,,,,,,,,,,,,,,,,,,,,,,,,,,,,,,29,,,,,,0,,,,,,,,,,,,,,,,,,,,,,,,,,,,
2013-12-11,PL2311LAG1MLUC,Hitachi HDS5C4040ALE630,4000787030016,0,,0,,,,,,,,0,,,,,,7463,,,,,,,,,,,,,,,,,,,,,,,,,,,,,,25,,,,,,0,,,,,,,,,,,,,,,,,,,,,,,,,,,,
2013-12-11,PL1311LAG3DZNH,Hitachi HDS5C4040ALE630,4000787030016,0,,0,,,,,,,,0,,,,,,6639,,,,,,,,,,,,,,,,,,,,,,,,,,,,,,27,,,,,,0,,,,,,,,,,,,,,,,,,,,,,,,,,,,
2013-12-11,9VS3BELX,ST31500341AS,1500301910016,0,,5692416,,,,,,,,15,,,,,,32915,,,,,,,,,,,,,,,,,,,,,,,,,,,,,,19,,,,,,0,,,,,,,,,,,,,,,,,,,,,,,,,,,,
2013-12-11,S1F0QF3R,ST3000DM001,3000592982016,0,,62048640,,,,,,,,0,,,,,,8651,,,,,,,,,,,,,,,,,,,,,,,,,,,,,,25,,,,,,0,,,,,,,,,,,,,,,,,,,,,,,,,,,,
2013-12-11,JK11A1YAJHBD6V,Hitachi HDS722020ALA330,2000398934016,0,,0,,,,,,,,0,,,,,,28971,,,,,,,,,,,,,,,,,,,,,,,,,,,,,,30,,,,,,0,,,,,,,,,,,,,,,,,,,,,,,,,,,,
2013-12-11,S1F0QF3K,ST3000DM001,3000592982016,0,,88176240,,,,,,,,0,,,,,,10835,,,,,,,,,,,,,,,,,,,,,,,,,,,,,,34,,,,,,0,,,,,,,,,,,,,,,,,,,,,,,,,,,,
2013-12-11,Z300P9MA,ST4000DM000,4000787030016,0,,201264056,,,,,,,,0,,,,,,1232,,,,,,,,,,,,,,,,,,,,,,,,,,,,,,21,,,,,,0,,,,,,,,,,,,,,,,,,,,,,,,,,,,
2013-12-11,Z1F1AF54,ST3000DM001,3000592982016,0,,70485792,,,,,,,,0,,,,,,7992,,,,,,,,,,,,,,,,,,,,,,,,,,,,,,19,,,,,,0,,,,,,,,,,,,,,,,,,,,,,,,,,,,
2013-12-11,6XW0XQMV,ST31500541AS,1500301910016,0,,6110502,,,,,,,,0,,,,,,30974,,,,,,,,,,,,,,,,,,,,,,,,,,,,,,25,,,,,,0,,,,,,,,,,,,,,,,,,,,,,,,,,,,
2013-12-11,PL2311LAG1L9PC,Hitachi HDS5C4040ALE630,4000787030016,0,,0,,,,,,,,0,,,,,,7462,,,,,,,,,,,,,,,,,,,,,,,,,,,,,,24,,,,,,0,,,,,,,,,,,,,,,,,,,,,,,,,,,,
2013-12-11,Z252MY8AS,TOSHIBA DT01ACA300,3000592982016,0,,0,,,,,,,,0,,,,,,6615,,,,,,,,,,,,,,,,,,,,,,,,,,,,,,27,,,,,,0,,,,,,,,,,,,,,,,,,,,,,,,,,,,
2013-12-11,MJ1311YNG3KETA,Hitachi HDS5C3030ALA630,3000592982016,0,,0,,,,,,,,0,,,,,,19586,,,,,,,,,,,,,,,,,,,,,,,,,,,,,,20,,,,,,0,,,,,,,,,,,,,,,,,,,,,,,,,,,,
2013-12-11,MJ0351YNG9WUTA,Hitachi HDS5C3030ALA630,3000592982016,0,,0,,,,,,,,0,,,,,,9142,,,,,,,,,,,,,,,,,,,,,,,,,,,,,,27,,,,,,0,,,,,,,,,,,,,,,,,,,,,,,,,,,,
2013-12-11,WD-WCAWZ0970647,WDC WD30EZRX,3000592982016,0,,1,,,,,,,,0,,,,,,16977,,,,,,,,,,,,,,,,,,,,,,,,,,,,,,23,,,,,,4,,,,,,,,,,,,,,,,,,,,,,,,,,,,
2013-12-11,MJ1311YNG7J36A,Hitachi HDS5C3030ALA630,3000592982016,0,,0,,,,,,,,0,,,,,,14330,,,,,,,,,,,,,,,,,,,,,,,,,,,,,,31,,,,,,0,,,,,,,,,,,,,,,,,,,,,,,,,,,,
2013-12-11,5YD49GRH,ST1500DL003,1500301910016,0,,24975808,,,,,,,,0,,,,,,6057,,,,,,,,,,,,,,,,,,,,,,,,,,,,,,19,,,,,,0,,,,,,,,,,,,,,,,,,,,,,,,,,,,
2013-12-11,MJ1311YNG7EU6A,Hitachi HDS5C3030ALA630,3000592982016,0,,0,,,,,,,,0,,,,,,14598,,,,,,,,,,,,,,,,,,,,,,,,,,,,,,27,,,,,,0,,,,,,,,,,,,,,,,,,,,,,,,,,,,
2013-12-11,JK1101B9JPUX0F,Hitachi HDS722020ALA330,2000398934016,0,,0,,,,,,,,0,,,,,,23948,,,,,,,,,,,,,,,,,,,,,,,,,,,,,,23,,,,,,0,,,,,,,,,,,,,,,,,,,,,,,,,,,,
2013-12-11,MJ1321YNG0GX8A,Hitachi HDS5C3030ALA630,3000592982016,0,,0,,,,,,,,0,,,,,,20498,,,,,,,,,,,,,,,,,,,,,,,,,,,,,,28,,,,,,0,,,,,,,,,,,,,,,,,,,,,,,,,,,,
2013-12-11,MK0311YHGKKSEA,Hitachi HDS723030ALA640,3000592982016,0,,0,,,,,,,,0,,,,,,14732,,,,,,,,,,,,,,,,,,,,,,,,,,,,,,28,,,,,,0,,,,,,,,,,,,,,,,,,,,,,,,,,,,
2013-12-11,Z300XF92,ST4000DM000,4000787030016,0,,75925576,,,,,,,,0,,,,,,613,,,,,,,,,,,,,,,,,,,,,,,,,,,,,,22,,,,,,0,,,,,,,,,,,,,,,,,,,,,,,,,,,,
2013-12-11,MJ1321YNG0WPDA,Hitachi HDS5C3030ALA630,3000592982016,0,,0,,,,,,,,0,,,,,,20067,,,,,,,,,,,,,,,,,,,,,,,,,,,,,,22,,,,,,0,,,,,,,,,,,,,,,,,,,,,,,,,,,,
2013-12-11,JK11A4YAKDWNGW,Hitachi HDS722020ALA330,2000398934016,0,,0,,,,,,,,0,,,,,,27871,,,,,,,,,,,,,,,,,,,,,,,,,,,,,,27,,,,,,0,,,,,,,,,,,,,,,,,,,,,,,,,,,,
2013-12-11,WD-WCAWZ1149811,WDC WD30EZRX,3000592982016,0,,0,,,,,,,,0,,,,,,17610,,,,,,,,,,,,,,,,,,,,,,,,,,,,,,25,,,,,,1,,,,,,,,,,,,,,,,,,,,,,,,,,,,
2013-12-11,MK0311YHG17Z4A,Hitachi HDS723030ALA640,3000592982016,0,,0,,,,,,,,0,,,,,,16682,,,,,,,,,,,,,,,,,,,,,,,,,,,,,,25,,,,,,3,,,,,,,,,,,,,,,,,,,,,,,,,,,,
2013-12-11,JK1101B9JJMVMF,Hitachi HDS722020ALA330,2000398934016,0,,0,,,,,,,,1,,,,,,23577,,,,,,,,,,,,,,,,,,,,,,,,,,,,,,23,,,,,,0,,,,,,,,,,,,,,,,,,,,,,,,,,,,
2013-12-11,WD-WCAU47310929,WDC WD10EADS,1000204886016,0,,0,,,,,,,,0,,,,,,40806,,,,,,,,,,,,,,,,,,,,,,,,,,,,,,27,,,,,,0,,,,,,,,,,,,,,,,,,,,,,,,,,,,
2013-12-11,PL1321LAG3439H,Hitachi HDS5C4040ALE630,4000787030016,0,,0,,,,,,,,0,,,,,,5949,,,,,,,,,,,,,,,,,,,,,,,,,,,,,,23,,,,,,0,,,,,,,,,,,,,,,,,,,,,,,,,,,,
2013-12-11,W1F1BFHS,ST3000DM001,3000592982016,0,,167583704,,,,,,,,0,,,,,,8044,,,,,,,,,,,,,,,,,,,,,,,,,,,,,,21,,,,,,0,,,,,,,,,,,,,,,,,,,,,,,,,,,,
2013-12-11,S1F02EXL,ST3000DM001,3000592982016,0,,198699208,,,,,,,,0,,,,,,15222,,,,,,,,,,,,,,,,,,,,,,,,,,,,,,22,,,,,,0,,,,,,,,,,,,,,,,,,,,,,,,,,,,
2013-12-11,PL2311LAG1UTHC,Hitachi HDS5C4040ALE630,4000787030016,0,,0,,,,,,,,0,,,,,,7759,,,,,,,,,,,,,,,,,,,,,,,,,,,,,,24,,,,,,0,,,,,,,,,,,,,,,,,,,,,,,,,,,,
2013-12-11,PL1321LAG365GH,Hitachi HDS5C4040ALE630,4000787030016,0,,0,,,,,,,,0,,,,,,6652,,,,,,,,,,,,,,,,,,,,,,,,,,,,,,28,,,,,,0,,,,,,,,,,,,,,,,,,,,,,,,,,,,
2013-12-11,MK0311YHG4LDUA,Hitachi HDS723030ALA640,3000592982016,0,,0,,,,,,,,0,,,,,,21793,,,,,,,,,,,,,,,,,,,,,,,,,,,,,,28,,,,,,0,,,,,,,,,,,,,,,,,,,,,,,,,,,,
2013-12-11,JK11A8B9J8AEEF,Hitachi HDS722020ALA330,2000398934016,0,,0,,,,,,,,0,,,,,,26011,,,,,,,,,,,,,,,,,,,,,,,,,,,,,,25,,,,,,0,,,,,,,,,,,,,,,,,,,,,,,,,,,,
2013-12-11,Z300PLZS,ST4000DM000,4000787030016,0,,114191064,,,,,,,,0,,,,,,1229,,,,,,,,,,,,,,,,,,,,,,,,,,,,,,21,,,,,,0,,,,,,,,,,,,,,,,,,,,,,,,,,,,
2013-12-11,WD-WCAU45639033,WDC WD10EADS,1000204886016,0,,1,,,,,,,,0,,,,,,40935,,,,,,,,,,,,,,,,,,,,,,,,,,,,,,20,,,,,,0,,,,,,,,,,,,,,,,,,,,,,,,,,,,
2013-12-11,MJ1311YNG3EBMA,Hitachi HDS5C3030ALA630,3000592982016,0,,0,,,,,,,,0,,,,,,18949,,,,,,,,,,,,,,,,,,,,,,,,,,,,,,26,,,,,,0,,,,,,,,,,,,,,,,,,,,,,,,,,,,
2013-12-11,9VS24NSP,ST31500341AS,1500301910016,0,,78874729,,,,,,,,4,,,,,,18388,,,,,,,,,,,,,,,,,,,,,,,,,,,,,,24,,,,,,0,,,,,,,,,,,,,,,,,,,,,,,,,,,,
2013-12-11,MJ1311YNG7AJVA,Hitachi HDS5C3030ALA630,3000592982016,0,,0,,,,,,,,0,,,,,,14601,,,,,,,,,,,,,,,,,,,,,,,,,,,,,,22,,,,,,0,,,,,,,,,,,,,,,,,,,,,,,,,,,,
2013-12-11,S1F0CTHC,ST3000DM001,3000592982016,0,,56499256,,,,,,,,2312,,,,,,12361,,,,,,,,,,,,,,,,,,,,,,,,,,,,,,22,,,,,,0,,,,,,,,,,,,,,,,,,,,,,,,,,,,
2013-12-11,MK0331YHGRMZZA,Hitachi HDS723030ALA640,3000592982016,0,,0,,,,,,,,0,,,,,,17030,,,,,,,,,,,,,,,,,,,,,,,,,,,,,,31,,,,,,0,,,,,,,,,,,,,,,,,,,,,,,,,,,,
2013-12-11,9VS28YBZ,ST31500341AS,1500301910016,0,,20170076,,,,,,,,0,,,,,,38106,,,,,,,,,,,,,,,,,,,,,,,,,,,,,,19,,,,,,0,,,,,,,,,,,,,,,,,,,,,,,,,,,,
2013-12-11,9VS3FX1D,ST31500341AS,1500301910016,0,,208474395,,,,,,,,394,,,,,,32919,,,,,,,,,,,,,,,,,,,,,,,,,,,,,,24,,,,,,3,,,,,,,,,,,,,,,,,,,,,,,,,,,,
2013-12-11,JK11A8B9J0T31F,Hitachi HDS722020ALA330,2000398934016,0,,1,,,,,,,,0,,,,,,26313,,,,,,,,,,,,,,,,,,,,,,,,,,,,,,27,,,,,,0,,,,,,,,,,,,,,,,,,,,,,,,,,,,
2013-12-11,WD-WCC070199092,WDC WD30EZRX,3000592982016,0,,0,,,,,,,,0,,,,,,8604,,,,,,,,,,,,,,,,,,,,,,,,,,,,,,27,,,,,,0,,,,,,,,,,,,,,,,,,,,,,,,,,,,
2013-12-11,9XW01R9Z,ST31500541AS,1500301910016,0,,215407383,,,,,,,,0,,,,,,34324,,,,,,,,,,,,,,,,,,,,,,,,,,,,,,19,,,,,,0,,,,,,,,,,,,,,,,,,,,,,,,,,,,
2013-12-11,S1F026JE,ST3000DM001,3000592982016,0,,242291512,,,,,,,,0,,,,,,14211,,,,,,,,,,,,,,,,,,,,,,,,,,,,,,22,,,,,,0,,,,,,,,,,,,,,,,,,,,,,,,,,,,
2013-12-11,JK11A1YAJHD96V,Hitachi HDS722020ALA330,2000398934016,0,,0,,,,,,,,0,,,,,,28904,,,,,,,,,,,,,,,,,,,,,,,,,,,,,,32,,,,,,0,,,,,,,,,,,,,,,,,,,,,,,,,,,,
2013-12-11,Z300LERQ,ST4000DM000,4000787030016,0,,173653360,,,,,,,,0,,,,,,1142,,,,,,,,,,,,,,,,,,,,,,,,,,,,,,28,,,,,,0,,,,,,,,,,,,,,,,,,,,,,,,,,,,
2013-12-11,JK1101B8KM7NBZ,Hitachi HDS722020ALA330,2000398934016,0,,0,,,,,,,,0,,,,,,22955,,,,,,,,,,,,,,,,,,,,,,,,,,,,,,23,,,,,,0,,,,,,,,,,,,,,,,,,,,,,,,,,,,
2013-12-11,MJ0351YNGA9P1A,Hitachi HDS5C3030ALA630,3000592982016,0,,0,,,,,,,,0,,,,,,7975,,,,,,,,,,,,,,,,,,,,,,,,,,,,,,26,,,,,,0,,,,,,,,,,,,,,,,,,,,,,,,,,,,
2013-12-11,JK1105B8JS147X,Hitachi HDS722020ALA330,2000398934016,0,,0,,,,,,,,0,,,,,,23320,,,,,,,,,,,,,,,,,,,,,,,,,,,,,,25,,,,,,0,,,,,,,,,,,,,,,,,,,,,,,,,,,,
2013-12-11,W3006NLD,ST4000DM000,4000787030016,0,,197483760,,,,,,,,0,,,,,,2902,,,,,,,,,,,,,,,,,,,,,,,,,,,,,,28,,,,,,0,,,,,,,,,,,,,,,,,,,,,,,,,,,,
2013-12-11,WD-WCAU47098019,WDC WD10EADS,1000204886016,0,,4,,,,,,,,0,,,,,,40238,,,,,,,,,,,,,,,,,,,,,,,,,,,,,,23,,,,,,0,,,,,,,,,,,,,,,,,,,,,,,,,,,,
2013-12-11,Z300KCEP,ST4000DM000,4000787030016,0,,59078584,,,,,,,,0,,,,,,2217,,,,,,,,,,,,,,,,,,,,,,,,,,,,,,22,,,,,,0,,,,,,,,,,,,,,,,,,,,,,,,,,,,
2013-12-11,S1F03H44,ST3000DM001,3000592982016,0,,39103776,,,,,,,,0,,,,,,12877,,,,,,,,,,,,,,,,,,,,,,,,,,,,,,21,,,,,,0,,,,,,,,,,,,,,,,,,,,,,,,,,,,
2013-12-11,JK1101YBKTXEDF,Hitachi HDS722020ALA330,2000398934016,0,,0,,,,,,,,0,,,,,,20308,,,,,,,,,,,,,,,,,,,,,,,,,,,,,,23,,,,,,0,,,,,,,,,,,,,,,,,,,,,,,,,,,,
2013-12-11,WD-WCC1T1249414,WDC WD30EFRX,3000592982016,0,,0,,,,,,,,0,,,,,,1452,,,,,,,,,,,,,,,,,,,,,,,,,,,,,,25,,,,,,0,,,,,,,,,,,,,,,,,,,,,,,,,,,,
2013-12-11,JK11A4B8J7S4HW,Hitachi HDS722020ALA330,2000398934016,0,,131072,,,,,,,,0,,,,,,26025,,,,,,,,,,,,,,,,,,,,,,,,,,,,,,27,,,,,,0,,,,,,,,,,,,,,,,,,,,,,,,,,,,
2013-12-11,Z300NPTA,ST4000DM000,4000787030016,0,,79550736,,,,,,,,0,,,,,,1233,,,,,,,,,,,,,,,,,,,,,,,,,,,,,,20,,,,,,0,,,,,,,,,,,,,,,,,,,,,,,,,,,,
2013-12-11,MJ0351YNGA0E5A,Hitachi HDS5C3030ALA630,3000592982016,0,,0,,,,,,,,0,,,,,,9315,,,,,,,,,,,,,,,,,,,,,,,,,,,,,,30,,,,,,0,,,,,,,,,,,,,,,,,,,,,,,,,,,,
2013-12-11,PL2311LAG1DN7C,Hitachi HDS5C4040ALE630,4000787030016,0,,0,,,,,,,,0,,,,,,7414,,,,,,,,,,,,,,,,,,,,,,,,,,,,,,22,,,,,,0,,,,,,,,,,,,,,,,,,,,,,,,,,,,
2013-12-11,S1F0CSJC,ST3000DM001,3000592982016,0,,230382024,,,,,,,,0,,,,,,12366,,,,,,,,,,,,,,,,,,,,,,,,,,,,,,25,,,,,,0,,,,,,,,,,,,,,,,,,,,,,,,,,,,
2013-12-11,PL1311LAG27ULH,Hitachi HDS5C4040ALE630,4000787030016,0,,0,,,,,,,,0,,,,,,6640,,,,,,,,,,,,,,,,,,,,,,,,,,,,,,28,,,,,,0,,,,,,,,,,,,,,,,,,,,,,,,,,,,
2013-12-11,MJ0351YNGA3Y3A,Hitachi HDS5C3030ALA630,3000592982016,0,,0,,,,,,,,0,,,,,,9147,,,,,,,,,,,,,,,,,,,,,,,,,,,,,,30,,,,,,0,,,,,,,,,,,,,,,,,,,,,,,,,,,,
2013-12-11,MK0331YHGRMDTA,Hitachi HDS723030ALA640,3000592982016,0,,0,,,,,,,,0,,,,,,17355,,,,,,,,,,,,,,,,,,,,,,,,,,,,,,24,,,,,,0,,,,,,,,,,,,,,,,,,,,,,,,,,,,
2013-12-11,JK11A8B9J7A07F,Hitachi HDS722020ALA330,2000398934016,0,,0,,,,,,,,0,,,,,,24912,,,,,,,,,,,,,,,,,,,,,,,,,,,,,,32,,,,,,0,,,,,,,,,,,,,,,,,,,,,,,,,,,,
2013-12-11,S1F0CSJ7,ST3000DM001,3000592982016,0,,53704560,,,,,,,,0,,,,,,12422,,,,,,,,,,,,,,,,,,,,,,,,,,,,,,34,,,,,,0,,,,,,,,,,,,,,,,,,,,,,,,,,,,
2013-12-11,JK11A8B9HZ1NGF,Hitachi HDS722020ALA330,2000398934016,0,,0,,,,,,,,0,,,,,,26329,,,,,,,,,,,,,,,,,,,,,,,,,,,,,,25,,,,,,0,,,,,,,,,,,,,,,,,,,,,,,,,,,,
2013-12-11,Z300NPT1,ST4000DM000,4000787030016,0,,7452424,,,,,,,,0,,,,,,1232,,,,,,,,,,,,,,,,,,,,,,,,,,,,,,17,,,,,,0,,,,,,,,,,,,,,,,,,,,,,,,,,,,
2013-12-11,JK11A8B9J7PH6F,Hitachi HDS722020ALA330,2000398934016,0,,0,,,,,,,,0,,,,,,22411,,,,,,,,,,,,,,,,,,,,,,,,,,,,,,27,,,,,,0,,,,,,,,,,,,,,,,,,,,,,,,,,,,
2013-12-11,MJ1311YNG25Z4A,Hitachi HDS5C3030ALA630,3000592982016,0,,0,,,,,,,,0,,,,,,5314,,,,,,,,,,,,,,,,,,,,,,,,,,,,,,31,,,,,,0,,,,,,,,,,,,,,,,,,,,,,,,,,,,
2013-12-11,PL1311LAG2NHBH,Hitachi HDS5C4040ALE630,4000787030016,0,,0,,,,,,,,0,,,,,,5131,,,,,,,,,,,,,,,,,,,,,,,,,,,,,,31,,,,,,0,,,,,,,,,,,,,,,,,,,,,,,,,,,,
2013-12-11,JK1101B9J2D49F,Hitachi HDS722020ALA330,2000398934016,0,,1,,,,,,,,0,,,,,,23821,,,,,,,,,,,,,,,,,,,,,,,,,,,,,,28,,,,,,0,,,,,,,,,,,,,,,,,,,,,,,,,,,,
2013-12-11,PL1311LAG3AGJH,Hitachi HDS5C4040ALE630,4000787030016,0,,0,,,,,,,,0,,,,,,6641,,,,,,,,,,,,,,,,,,,,,,,,,,,,,,25,,,,,,0,,,,,,,,,,,,,,,,,,,,,,,,,,,,
2013-12-11,5XW03HWP,ST31500541AS,1500301910016,0,,199273711,,,,,,,,0,,,,,,36403,,,,,,,,,,,,,,,,,,,,,,,,,,,,,,18,,,,,,0,,,,,,,,,,,,,,,,,,,,,,,,,,,,
2013-12-11,JK1101B9JNHSKR,Hitachi HDS722020ALA330,2000398934016,0,,65536,,,,,,,,0,,,,,,23989,,,,,,,,,,,,,,,,,,,,,,,,,,,,,,26,,,,,,0,,,,,,,,,,,,,,,,,,,,,,,,,,,,
2013-12-11,MJ0351YNGAD1HA,Hitachi HDS5C3030ALA630,3000592982016,0,,0,,,,,,,,0,,,,,,8617,,,,,,,,,,,,,,,,,,,,,,,,,,,,,,27,,,,,,0,,,,,,,,,,,,,,,,,,,,,,,,,,,,
2013-12-11,5XW03HWH,ST31500541AS,1500301910016,0,,110062479,,,,,,,,0,,,,,,36444,,,,,,,,,,,,,,,,,,,,,,,,,,,,,,20,,,,,,0,,,,,,,,,,,,,,,,,,,,,,,,,,,,
2013-12-11,PL1311LAG273YA,Hitachi HDS5C4040ALE630,4000787030016,0,,0,,,,,,,,0,,,,,,7415,,,,,,,,,,,,,,,,,,,,,,,,,,,,,,22,,,,,,0,,,,,,,,,,,,,,,,,,,,,,,,,,,,
2013-12-11,9VS2B7DX,ST31500341AS,1500301910016,0,,174433540,,,,,,,,12,,,,,,38100,,,,,,,,,,,,,,,,,,,,,,,,,,,,,,22,,,,,,0,,,,,,,,,,,,,,,,,,,,,,,,,,,,
2013-12-11,MJ1311YNG3EGKA,Hitachi HDS5C3030ALA630,3000592982016,0,,0,,,,,,,,0,,,,,,19251,,,,,,,,,,,,,,,,,,,,,,,,,,,,,,26,,,,,,0,,,,,,,,,,,,,,,,,,,,,,,,,,,,
2013-12-11,S1F0S33G,ST3000DM001,3000592982016,0,,124311056,,,,,,,,0,,,,,,10727,,,,,,,,,,,,,,,,,,,,,,,,,,,,,,25,,,,,,0,,,,,,,,,,,,,,,,,,,,,,,,,,,,
2013-12-11,JK11A8B9GPAXWF,Hitachi HDS722020ALA330,2000398934016,0,,0,,,,,,,,0,,,,,,26480,,,,,,,,,,,,,,,,,,,,,,,,,,,,,,28,,,,,,0,,,,,,,,,,,,,,,,,,,,,,,,,,,,
2013-12-11,JK1101B8GLG59Z,Hitachi HDS722020ALA330,2000398934016,0,,0,,,,,,,,0,,,,,,26763,,,,,,,,,,,,,,,,,,,,,,,,,,,,,,24,,,,,,0,,,,,,,,,,,,,,,,,,,,,,,,,,,,
2013-12-11,JK1171B8GNP63S,Hitachi HDS722020ALA330,2000398934016,0,,0,,,,,,,,0,,,,,,27540,,,,,,,,,,,,,,,,,,,,,,,,,,,,,,26,,,,,,0,,,,,,,,,,,,,,,,,,,,,,,,,,,,
2013-12-11,JK11A8B9J91A9F,Hitachi HDS722020ALA330,2000398934016,0,,0,,,,,,,,0,,,,,,25583,,,,,,,,,,,,,,,,,,,,,,,,,,,,,,24,,,,,,0,,,,,,,,,,,,,,,,,,,,,,,,,,,,
2013-12-11,W300C8F6,ST4000DM000,4000787030016,0,,107765464,,,,,,,,0,,,,,,4165,,,,,,,,,,,,,,,,,,,,,,,,,,,,,,25,,,,,,0,,,,,,,,,,,,,,,,,,,,,,,,,,,,
2013-12-11,W1F03ESC,ST3000DM001,3000592982016,0,,79102128,,,,,,,,0,,,,,,15216,,,,,,,,,,,,,,,,,,,,,,,,,,,,,,24,,,,,,0,,,,,,,,,,,,,,,,,,,,,,,,,,,,
2013-12-11,6XW01X0W,ST31500541AS,1500301910016,0,,190854427,,,,,,,,0,,,,,,36641,,,,,,,,,,,,,,,,,,,,,,,,,,,,,,22,,,,,,0,,,,,,,,,,,,,,,,,,,,,,,,,,,,
2013-12-11,W300AF2G,ST4000DM000,4000787030016,0,,59556800,,,,,,,,0,,,,,,4153,,,,,,,,,,,,,,,,,,,,,,,,,,,,,,21,,,,,,0,,,,,,,,,,,,,,,,,,,,,,,,,,,,
2013-12-11,S1F01JMF,ST3000DM001,3000592982016,0,,154398784,,,,,,,,0,,,,,,16176,,,,,,,,,,,,,,,,,,,,,,,,,,,,,,25,,,,,,80,,,,,,,,,,,,,,,,,,,,,,,,,,,,
2013-12-11,W1F09H9N,ST3000DM001,3000592982016,0,,38260704,,,,,,,,0,,,,,,13362,,,,,,,,,,,,,,,,,,,,,,,,,,,,,,21,,,,,,0,,,,,,,,,,,,,,,,,,,,,,,,,,,,
2013-12-11,Z30055QY,ST4000DM000,4000787030016,0,,101947736,,,,,,,,0,,,,,,5418,,,,,,,,,,,,,,,,,,,,,,,,,,,,,,19,,,,,,0,,,,,,,,,,,,,,,,,,,,,,,,,,,,
2013-12-11,W1F0AQ3N,ST3000DM001,3000592982016,0,,99003904,,,,,,,,0,,,,,,13372,,,,,,,,,,,,,,,,,,,,,,,,,,,,,,23,,,,,,0,,,,,,,,,,,,,,,,,,,,,,,,,,,,
2013-12-11,JK1101B9KN5NHF,Hitachi HDS722020ALA330,2000398934016,0,,0,,,,,,,,0,,,,,,22955,,,,,,,,,,,,,,,,,,,,,,,,,,,,,,22,,,,,,0,,,,,,,,,,,,,,,,,,,,,,,,,,,,
2013-12-11,PL1331LAGA6A1H,Hitachi HDS5C4040ALE630,4000787030016,0,,0,,,,,,,,0,,,,,,5071,,,,,,,,,,,,,,,,,,,,,,,,,,,,,,28,,,,,,0,,,,,,,,,,,,,,,,,,,,,,,,,,,,
2013-12-11,JK1171YAK1Y8BN,Hitachi HDS722020ALA330,2000398934016,0,,0,,,,,,,,0,,,,,,29668,,,,,,,,,,,,,,,,,,,,,,,,,,,,,,31,,,,,,0,,,,,,,,,,,,,,,,,,,,,,,,,,,,
2013-12-11,MK0311YHG489BA,Hitachi HDS723030ALA640,3000592982016,0,,1,,,,,,,,0,,,,,,21792,,,,,,,,,,,,,,,,,,,,,,,,,,,,,,27,,,,,,0,,,,,,,,,,,,,,,,,,,,,,,,,,,,
2013-12-11,MJ0351YNG9U7VA,Hitachi HDS5C3030ALA630,3000592982016,0,,0,,,,,,,,0,,,,,,9552,,,,,,,,,,,,,,,,,,,,,,,,,,,,,,31,,,,,,0,,,,,,,,,,,,,,,,,,,,,,,,,,,,
2013-12-11,MK0311YHG2H3ZA,Hitachi HDS723030ALA640,3000592982016,0,,655362,,,,,,,,0,,,,,,22347,,,,,,,,,,,,,,,,,,,,,,,,,,,,,,26,,,,,,0,,,,,,,,,,,,,,,,,,,,,,,,,,,,
2013-12-11,JK11A8B9J77HXF,Hitachi HDS722020ALA330,2000398934016,0,,0,,,,,,,,0,,,,,,22698,,,,,,,,,,,,,,,,,,,,,,,,,,,,,,32,,,,,,0,,,,,,,,,,,,,,,,,,,,,,,,,,,,
2013-12-11,PL1311LAG3AXLH,Hitachi HDS5C4040ALE630,4000787030016,0,,0,,,,,,,,0,,,,,,5049,,,,,,,,,,,,,,,,,,,,,,,,,,,,,,30,,,,,,0,,,,,,,,,,,,,,,,,,,,,,,,,,,,
2013-12-11,MK0301YHGK2PDA,Hitachi HDS723030ALA640,3000592982016,0,,0,,,,,,,,0,,,,,,17011,,,,,,,,,,,,,,,,,,,,,,,,,,,,,,29,,,,,,0,,,,,,,,,,,,,,,,,,,,,,,,,,,,
2013-12-11,PL1311LAG1RR2A,Hitachi HDS5C4040ALE630,4000787030016,0,,0,,,,,,,,0,,,,,,6653,,,,,,,,,,,,,,,,,,,,,,,,,,,,,,28,,,,,,0,,,,,,,,,,,,,,,,,,,,,,,,,,,,
2013-12-11,MJ1311YNG36PLA,Hitachi HDS5C3030ALA630,3000592982016,0,,14,,,,,,,,0,,,,,,18405,,,,,,,,,,,,,,,,,,,,,,,,,,,,,,24,,,,,,0,,,,,,,,,,,,,,,,,,,,,,,,,,,,
2013-12-11,W300BCCM,ST4000DM000,4000787030016,0,,59965320,,,,,,,,0,,,,,,1703,,,,,,,,,,,,,,,,,,,,,,,,,,,,,,21,,,,,,0,,,,,,,,,,,,,,,,,,,,,,,,,,,,
2013-12-11,5XW00W79,ST31500541AS,1500301910016,0,,129458110,,,,,,,,0,,,,,,35225,,,,,,,,,,,,,,,,,,,,,,,,,,,,,,21,,,,,,0,,,,,,,,,,,,,,,,,,,,,,,,,,,,
2013-12-11,MJ1311YNG784TA,Hitachi HDS5C3030ALA630,3000592982016,0,,0,,,,,,,,0,,,,,,14601,,,,,,,,,,,,,,,,,,,,,,,,,,,,,,23,,,,,,0,,,,,,,,,,,,,,,,,,,,,,,,,,,,
2013-12-11,MJ1313YNG22R2C,Hitachi HDS5C3030ALA630,3000592982016,0,,0,,,,,,,,0,,,,,,7534,,,,,,,,,,,,,,,,,,,,,,,,,,,,,,24,,,,,,0,,,,,,,,,,,,,,,,,,,,,,,,,,,,
2013-12-11,JK1101B9GEMK0F,Hitachi HDS722020ALA330,2000398934016,0,,0,,,,,,,,9,,,,,,27737,,,,,,,,,,,,,,,,,,,,,,,,,,,,,,19,,,,,,0,,,,,,,,,,,,,,,,,,,,,,,,,,,,
2013-12-11,PL1311LAG38LUH,Hitachi HDS5C4040ALE630,4000787030016,0,,0,,,,,,,,0,,,,,,5304,,,,,,,,,,,,,,,,,,,,,,,,,,,,,,27,,,,,,0,,,,,,,,,,,,,,,,,,,,,,,,,,,,
2013-12-11,W300L08E,ST4000DM000,4000787030016,0,,66957048,,,,,,,,0,,,,,,948,,,,,,,,,,,,,,,,,,,,,,,,,,,,,,18,,,,,,0,,,,,,,,,,,,,,,,,,,,,,,,,,,,
2013-12-11,PL1321LAG34Y1H,Hitachi HDS5C4040ALE630,4000787030016,0,,0,,,,,,,,0,,,,,,5125,,,,,,,,,,,,,,,,,,,,,,,,,,,,,,28,,,,,,0,,,,,,,,,,,,,,,,,,,,,,,,,,,,
2013-12-11,Z30052QE,ST4000DM000,4000787030016,0,,110226848,,,,,,,,0,,,,,,1667,,,,,,,,,,,,,,,,,,,,,,,,,,,,,,23,,,,,,0,,,,,,,,,,,,,,,,,,,,,,,,,,,,
2013-12-11,W1F0P1Y0,ST3000DM001,3000592982016,0,,173407880,,,,,,,,0,,,,,,11025,,,,,,,,,,,,,,,,,,,,,,,,,,,,,,26,,,,,,0,,,,,,,,,,,,,,,,,,,,,,,,,,,,
2013-12-11,JK1171YAK1ZATN,Hitachi HDS722020ALA330,2000398934016,0,,0,,,,,,,,0,,,,,,29668,,,,,,,,,,,,,,,,,,,,,,,,,,,,,,29,,,,,,0,,,,,,,,,,,,,,,,,,,,,,,,,,,,
2013-12-11,W1F0PAXH,ST3000DM001,3000592982016,0,,195029552,,,,,,,,0,,,,,,8209,,,,,,,,,,,,,,,,,,,,,,,,,,,,,,24,,,,,,0,,,,,,,,,,,,,,,,,,,,,,,,,,,,
2013-12-11,WD-WMC1T1611355,WDC WD30EFRX,3000592982016,0,,0,,,,,,,,0,,,,,,7709,,,,,,,,,,,,,,,,,,,,,,,,,,,,,,26,,,,,,0,,,,,,,,,,,,,,,,,,,,,,,,,,,,
2013-12-11,W1F03CEQ,ST3000DM001,3000592982016,0,,192541448,,,,,,,,0,,,,,,15458,,,,,,,,,,,,,,,,,,,,,,,,,,,,,,18,,,,,,0,,,,,,,,,,,,,,,,,,,,,,,,,,,,
2013-12-11,W1F0S9NQ,ST3000DM001,3000592982016,0,,156900384,,,,,,,,8368,,,,,,11640,,,,,,,,,,,,,,,,,,,,,,,,,,,,,,24,,,,,,0,,,,,,,,,,,,,,,,,,,,,,,,,,,,
2013-12-11,6XW03AFT,ST31500541AS,1500301910016,0,,62426272,,,,,,,,0,,,,,,35445,,,,,,,,,,,,,,,,,,,,,,,,,,,,,,18,,,,,,0,,,,,,,,,,,,,,,,,,,,,,,,,,,,
2013-12-11,PL1321LAG35GTH,Hitachi HDS5C4040ALE630,4000787030016,0,,0,,,,,,,,0,,,,,,6648,,,,,,,,,,,,,,,,,,,,,,,,,,,,,,23,,,,,,0,,,,,,,,,,,,,,,,,,,,,,,,,,,,
2013-12-11,6XW00WTW,ST31500541AS,1500301910016,0,,80827546,,,,,,,,0,,,,,,36936,,,,,,,,,,,,,,,,,,,,,,,,,,,,,,24,,,,,,0,,,,,,,,,,,,,,,,,,,,,,,,,,,,
2013-12-11,PL1321LAGATXRH,Hitachi HDS5C4040ALE630,4000787030016,0,,0,,,,,,,,0,,,,,,5428,,,,,,,,,,,,,,,,,,,,,,,,,,,,,,21,,,,,,0,,,,,,,,,,,,,,,,,,,,,,,,,,,,
2013-12-11,6XW03AFC,ST31500541AS,1500301910016,0,,164834091,,,,,,,,105,,,,,,36642,,,,,,,,,,,,,,,,,,,,,,,,,,,,,,21,,,,,,0,,,,,,,,,,,,,,,,,,,,,,,,,,,,
2013-12-11,W300BN2C,ST4000DM000,4000787030016,0,,33489504,,,,,,,,0,,,,,,4044,,,,,,,,,,,,,,,,,,,,,,,,,,,,,,22,,,,,,0,,,,,,,,,,,,,,,,,,,,,,,,,,,,
2013-12-11,6XW00WTE,ST31500541AS,1500301910016,0,,154850802,,,,,,,,0,,,,,,36422,,,,,,,,,,,,,,,,,,,,,,,,,,,,,,17,,,,,,0,,,,,,,,,,,,,,,,,,,,,,,,,,,,
2013-12-11,W300BN2F,ST4000DM000,4000787030016,0,,50138800,,,,,,,,0,,,,,,4047,,,,,,,,,,,,,,,,,,,,,,,,,,,,,,20,,,,,,0,,,,,,,,,,,,,,,,,,,,,,,,,,,,
2013-12-11,W300BN2M,ST4000DM000,4000787030016,0,,87288272,,,,,,,,0,,,,,,4163,,,,,,,,,,,,,,,,,,,,,,,,,,,,,,22,,,,,,0,,,,,,,,,,,,,,,,,,,,,,,,,,,,
2013-12-11,PL1331LAGB4E1H,Hitachi HDS5C4040ALE630,4000787030016,0,,0,,,,,,,,0,,,,,,5077,,,,,,,,,,,,,,,,,,,,,,,,,,,,,,23,,,,,,0,,,,,,,,,,,,,,,,,,,,,,,,,,,,
2013-12-11,MJ1321YNG151TA,Hitachi HDS5C3030ALA630,3000592982016,0,,0,,,,,,,,0,,,,,,20067,,,,,,,,,,,,,,,,,,,,,,,,,,,,,,25,,,,,,0,,,,,,,,,,,,,,,,,,,,,,,,,,,,
2013-12-11,PL1331LAG5AR5H,HGST HMS5C4040ALE640,4000787030016,0,,0,,,,,,,,0,,,,,,9402,,,,,,,,,,,,,,,,,,,,,,,,,,,,,,31,,,,,,0,,,,,,,,,,,,,,,,,,,,,,,,,,,,
2013-12-11,MJ1311YNG23TVA,Hitachi HDS5C3030ALA630,3000592982016,0,,0,,,,,,,,0,,,,,,18362,,,,,,,,,,,,,,,,,,,,,,,,,,,,,,24,,,,,,0,,,,,,,,,,,,,,,,,,,,,,,,,,,,
2013-12-11,Z300WKD5,ST4000DM000,4000787030016,0,,197302952,,,,,,,,0,,,,,,108,,,,,,,,,,,,,,,,,,,,,,,,,,,,,,20,,,,,,0,,,,,,,,,,,,,,,,,,,,,,,,,,,,
2013-12-11,MJ1323YNG1K06C,Hitachi HDS5C3030ALA630,3000592982016,0,,0,,,,,,,,0,,,,,,19760,,,,,,,,,,,,,,,,,,,,,,,,,,,,,,28,,,,,,0,,,,,,,,,,,,,,,,,,,,,,,,,,,,
2013-12-11,JK1170YAJDAJYT,Hitachi HDS722020ALA330,2000398934016,0,,0,,,,,,,,0,,,,,,28683,,,,,,,,,,,,,,,,,,,,,,,,,,,,,,26,,,,,,0,,,,,,,,,,,,,,,,,,,,,,,,,,,,
2013-12-11,MJ1311YNG3K07A,Hitachi HDS5C3030ALA630,3000592982016,0,,65551,,,,,,,,0,,,,,,19587,,,,,,,,,,,,,,,,,,,,,,,,,,,,,,24,,,,,,0,,,,,,,,,,,,,,,,,,,,,,,,,,,,
2013-12-11,MJ1311YNG5XD1A,Hitachi HDS5C3030ALA630,3000592982016,0,,0,,,,,,,,0,,,,,,14685,,,,,,,,,,,,,,,,,,,,,,,,,,,,,,22,,,,,,0,,,,,,,,,,,,,,,,,,,,,,,,,,,,
2013-12-11,9VS02Q60,ST31500341AS,1500301910016,0,,164421797,,,,,,,,192,,,,,,6991,,,,,,,,,,,,,,,,,,,,,,,,,,,,,,22,,,,,,0,,,,,,,,,,,,,,,,,,,,,,,,,,,,
2013-12-11,W300BN23,ST4000DM000,4000787030016,0,,98759000,,,,,,,,0,,,,,,4162,,,,,,,,,,,,,,,,,,,,,,,,,,,,,,21,,,,,,0,,,,,,,,,,,,,,,,,,,,,,,,,,,,
2013-12-11,MK0311YHGHYMNA,Hitachi HDS723030ALA640,3000592982016,0,,0,,,,,,,,0,,,,,,14731,,,,,,,,,,,,,,,,,,,,,,,,,,,,,,26,,,,,,0,,,,,,,,,,,,,,,,,,,,,,,,,,,,
2013-12-11,S1F03PXX,ST3000DM001,3000592982016,0,,13428440,,,,,,,,0,,,,,,13796,,,,,,,,,,,,,,,,,,,,,,,,,,,,,,25,,,,,,0,,,,,,,,,,,,,,,,,,,,,,,,,,,,
2013-12-11,PL1311LAG2ZB1A,Hitachi HDS5C4040ALE630,4000787030016,0,,0,,,,,,,,0,,,,,,6650,,,,,,,,,,,,,,,,,,,,,,,,,,,,,,17,,,,,,0,,,,,,,,,,,,,,,,,,,,,,,,,,,,
2013-12-11,PL1311LAG2ADYH,Hitachi HDS5C4040ALE630,4000787030016,0,,0,,,,,,,,0,,,,,,6075,,,,,,,,,,,,,,,,,,,,,,,,,,,,,,21,,,,,,0,,,,,,,,,,,,,,,,,,,,,,,,,,,,
2013-12-11,MK0313YHGBK80C,Hitachi HDS723030ALA640,3000592982016,0,,0,,,,,,,,0,,,,,,21455,,,,,,,,,,,,,,,,,,,,,,,,,,,,,,26,,,,,,0,,,,,,,,,,,,,,,,,,,,,,,,,,,,
2013-12-11,JK11A8B9J7H9VF,Hitachi HDS722020ALA330,2000398934016,0,,65536,,,,,,,,0,,,,,,23579,,,,,,,,,,,,,,,,,,,,,,,,,,,,,,26,,,,,,0,,,,,,,,,,,,,,,,,,,,,,,,,,,,
2013-12-11,MJ1311YNG7A04A,Hitachi HDS5C3030ALA630,3000592982016,0,,0,,,,,,,,0,,,,,,14620,,,,,,,,,,,,,,,,,,,,,,,,,,,,,,26,,,,,,0,,,,,,,,,,,,,,,,,,,,,,,,,,,,
2013-12-11,W1F0ACV0,ST3000DM001,3000592982016,0,,152537040,,,,,,,,0,,,,,,12357,,,,,,,,,,,,,,,,,,,,,,,,,,,,,,27,,,,,,0,,,,,,,,,,,,,,,,,,,,,,,,,,,,
2013-12-11,JK11A8B9J7NZXF,Hitachi HDS722020ALA330,2000398934016,0,,0,,,,,,,,2,,,,,,23579,,,,,,,,,,,,,,,,,,,,,,,,,,,,,,25,,,,,,0,,,,,,,,,,,,,,,,,,,,,,,,,,,,
2013-12-11,JK1105B8JPKXYX,Hitachi HDS722020ALA330,2000398934016,0,,0,,,,,,,,0,,,,,,22698,,,,,,,,,,,,,,,,,,,,,,,,,,,,,,31,,,,,,0,,,,,,,,,,,,,,,,,,,,,,,,,,,,
2013-12-11,W300E1GZ,ST4000DM000,4000787030016,0,,235788800,,,,,,,,0,,,,,,4138,,,,,,,,,,,,,,,,,,,,,,,,,,,,,,24,,,,,,0,,,,,,,,,,,,,,,,,,,,,,,,,,,,
2013-12-11,MJ0351YNGAAMTA,Hitachi HDS5C3030ALA630,3000592982016,0,,0,,,,,,,,0,,,,,,8612,,,,,,,,,,,,,,,,,,,,,,,,,,,,,,33,,,,,,0,,,,,,,,,,,,,,,,,,,,,,,,,,,,
2013-12-11,S1F0341F,ST3000DM001,3000592982016,0,,145943128,,,,,,,,0,,,,,,15621,,,,,,,,,,,,,,,,,,,,,,,,,,,,,,26,,,,,,0,,,,,,,,,,,,,,,,,,,,,,,,,,,,
2013-12-11,Z300JBM4,ST4000DM000,4000787030016,0,,192278808,,,,,,,,0,,,,,,2220,,,,,,,,,,,,,,,,,,,,,,,,,,,,,,24,,,,,,0,,,,,,,,,,,,,,,,,,,,,,,,,,,,
2013-12-11,S1F031D7,ST3000DM001,3000592982016,0,,85406976,,,,,,,,0,,,,,,15623,,,,,,,,,,,,,,,,,,,,,,,,,,,,,,22,,,,,,8,,,,,,,,,,,,,,,,,,,,,,,,,,,,
2013-12-11,6XW0182W,ST31500541AS,1500301910016,0,,86794664,,,,,,,,0,,,,,,35757,,,,,,,,,,,,,,,,,,,,,,,,,,,,,,17,,,,,,0,,,,,,,,,,,,,,,,,,,,,,,,,,,,
2013-12-11,JK11A8B9J3LMYF,Hitachi HDS722020ALA330,2000398934016,0,,0,,,,,,,,0,,,,,,23823,,,,,,,,,,,,,,,,,,,,,,,,,,,,,,23,,,,,,0,,,,,,,,,,,,,,,,,,,,,,,,,,,,
2013-12-11,6XW0XNYB,ST31500541AS,1500301910016,0,,67117703,,,,,,,,0,,,,,,30235,,,,,,,,,,,,,,,,,,,,,,,,,,,,,,19,,,,,,0,,,,,,,,,,,,,,,,,,,,,,,,,,,,
2013-12-11,Z300MH6G,ST4000DM000,4000787030016,0,,190455240,,,,,,,,0,,,,,,2901,,,,,,,,,,,,,,,,,,,,,,,,,,,,,,27,,,,,,0,,,,,,,,,,,,,,,,,,,,,,,,,,,,
2013-12-11,S1F031DR,ST3000DM001,3000592982016,0,,129399864,,,,,,,,0,,,,,,15456,,,,,,,,,,,,,,,,,,,,,,,,,,,,,,20,,,,,,0,,,,,,,,,,,,,,,,,,,,,,,,,,,,
2013-12-11,JK11A8B9J8HN7F,Hitachi HDS722020ALA330,2000398934016,0,,0,,,,,,,,0,,,,,,25541,,,,,,,,,,,,,,,,,,,,,,,,,,,,,,27,,,,,,0,,,,,,,,,,,,,,,,,,,,,,,,,,,,
2013-12-11,S1F03FQP,ST3000DM001,3000592982016,0,,142580296,,,,,,,,14312,,,,,,15340,,,,,,,,,,,,,,,,,,,,,,,,,,,,,,28,,,,,,0,,,,,,,,,,,,,,,,,,,,,,,,,,,,
2013-12-11,JK1171YAK1Z8DN,Hitachi HDS722020ALA330,2000398934016,0,,1,,,,,,,,0,,,,,,29912,,,,,,,,,,,,,,,,,,,,,,,,,,,,,,28,,,,,,0,,,,,,,,,,,,,,,,,,,,,,,,,,,,
2013-12-11,PL1311LAG3DYNH,Hitachi HDS5C4040ALE630,4000787030016,0,,0,,,,,,,,0,,,,,,5056,,,,,,,,,,,,,,,,,,,,,,,,,,,,,,31,,,,,,0,,,,,,,,,,,,,,,,,,,,,,,,,,,,
2013-12-11,MJ0351YNGA6LUA,Hitachi HDS5C3030ALA630,3000592982016,0,,0,,,,,,,,0,,,,,,8665,,,,,,,,,,,,,,,,,,,,,,,,,,,,,,29,,,,,,0,,,,,,,,,,,,,,,,,,,,,,,,,,,,
2013-12-11,6XW02FVG,ST31500541AS,1500301910016,0,,122310950,,,,,,,,0,,,,,,36062,,,,,,,,,,,,,,,,,,,,,,,,,,,,,,19,,,,,,0,,,,,,,,,,,,,,,,,,,,,,,,,,,,
2013-12-11,JK11A8B9J3H9PF,Hitachi HDS722020ALA330,2000398934016,0,,0,,,,,,,,0,,,,,,23106,,,,,,,,,,,,,,,,,,,,,,,,,,,,,,26,,,,,,0,,,,,,,,,,,,,,,,,,,,,,,,,,,,
2013-12-11,9VS21R17,ST31500341AS,1500301910016,0,,187756631,,,,,,,,9,,,,,,35523,,,,,,,,,,,,,,,,,,,,,,,,,,,,,,26,,,,,,0,,,,,,,,,,,,,,,,,,,,,,,,,,,,
2013-12-11,MJ1311YNG3KPYA,Hitachi HDS5C3030ALA630,3000592982016,0,,0,,,,,,,,0,,,,,,18066,,,,,,,,,,,,,,,,,,,,,,,,,,,,,,24,,,,,,0,,,,,,,,,,,,,,,,,,,,,,,,,,,,
2013-12-11,Z1Z06GE3,ST4000DX000,4000787030016,0,,125697060,,,,,,,,0,,,,,,5039,,,,,,,,,,,,,,,,,,,,,,,,,,,,,,31,,,,,,0,,,,,,,,,,,,,,,,,,,,,,,,,,,,
2013-12-11,PL1311LAG23SBA,Hitachi HDS5C4040ALE630,4000787030016,0,,0,,,,,,,,0,,,,,,7435,,,,,,,,,,,,,,,,,,,,,,,,,,,,,,26,,,,,,0,,,,,,,,,,,,,,,,,,,,,,,,,,,,
2013-12-11,9XW021GV,ST31500541AS,1500301910016,0,,41992738,,,,,,,,0,,,,,,35231,,,,,,,,,,,,,,,,,,,,,,,,,,,,,,19,,,,,,0,,,,,,,,,,,,,,,,,,,,,,,,,,,,
2013-12-11,W300KQHS,ST4000DM000,4000787030016,0,,22707808,,,,,,,,0,,,,,,919,,,,,,,,,,,,,,,,,,,,,,,,,,,,,,18,,,,,,0,,,,,,,,,,,,,,,,,,,,,,,,,,,,
2013-12-11,Z290XKCA,ST33000651AS,3000592982016,0,,145325475,,,,,,,,0,,,,,,15604,,,,,,,,,,,,,,,,,,,,,,,,,,,,,,26,,,,,,0,,,,,,,,,,,,,,,,,,,,,,,,,,,,
2013-12-11,6XW01TL6,ST31500541AS,1500301910016,0,,124940200,,,,,,,,0,,,,,,36402,,,,,,,,,,,,,,,,,,,,,,,,,,,,,,19,,,,,,0,,,,,,,,,,,,,,,,,,,,,,,,,,,,
2013-12-11,MJ1311YNG32UAA,Hitachi HDS5C3030ALA630,3000592982016,0,,1,,,,,,,,0,,,,,,18939,,,,,,,,,,,,,,,,,,,,,,,,,,,,,,27,,,,,,0,,,,,,,,,,,,,,,,,,,,,,,,,,,,
2013-12-11,JK1101B9JNN3GF,Hitachi HDS722020ALA330,2000398934016,0,,65536,,,,,,,,0,,,,,,23990,,,,,,,,,,,,,,,,,,,,,,,,,,,,,,29,,,,,,0,,,,,,,,,,,,,,,,,,,,,,,,,,,,
2013-12-11,W300KQHF,ST4000DM000,4000787030016,0,,114950704,,,,,,,,0,,,,,,772,,,,,,,,,,,,,,,,,,,,,,,,,,,,,,23,,,,,,0,,,,,,,,,,,,,,,,,,,,,,,,,,,,
2013-12-11,WD-WMAWZ0285652,WDC WD30EZRX,3000592982016,0,,3,,,,,,,,1,,,,,,12704,,,,,,,,,,,,,,,,,,,,,,,,,,,,,,23,,,,,,0,,,,,,,,,,,,,,,,,,,,,,,,,,,,
2013-12-11,JK11A8B9GPAY4F,Hitachi HDS722020ALA330,2000398934016,0,,0,,,,,,,,0,,,,,,26492,,,,,,,,,,,,,,,,,,,,,,,,,,,,,,28,,,,,,0,,,,,,,,,,,,,,,,,,,,,,,,,,,,
2013-12-11,PL2311LAG1UGBC,Hitachi HDS5C4040ALE630,4000787030016,0,,0,,,,,,,,0,,,,,,7415,,,,,,,,,,,,,,,,,,,,,,,,,,,,,,23,,,,,,0,,,,,,,,,,,,,,,,,,,,,,,,,,,,
2013-12-11,S1F11G2C,ST3000DM001,3000592982016,0,,74449848,,,,,,,,0,,,,,,8207,,,,,,,,,,,,,,,,,,,,,,,,,,,,,,26,,,,,,0,,,,,,,,,,,,,,,,,,,,,,,,,,,,
2013-12-11,W1F0AQBT,ST3000DM001,3000592982016,0,,177730984,,,,,,,,0,,,,,,13360,,,,,,,,,,,,,,,,,,,,,,,,,,,,,,25,,,,,,24,,,,,,,,,,,,,,,,,,,,,,,,,,,,
2013-12-11,PL1331LAGAGHNH,Hitachi HDS5C4040ALE630,4000787030016,0,,0,,,,,,,,42,,,,,,5071,,,,,,,,,,,,,,,,,,,,,,,,,,,,,,31,,,,,,0,,,,,,,,,,,,,,,,,,,,,,,,,,,,
2013-12-11,JK1101B9JLWHLF,Hitachi HDS722020ALA330,2000398934016,0,,0,,,,,,,,0,,,,,,23948,,,,,,,,,,,,,,,,,,,,,,,,,,,,,,24,,,,,,0,,,,,,,,,,,,,,,,,,,,,,,,,,,,
2013-12-11,W1F09D0J,ST3000DM001,3000592982016,0,,97300976,,,,,,,,0,,,,,,15364,,,,,,,,,,,,,,,,,,,,,,,,,,,,,,19,,,,,,0,,,,,,,,,,,,,,,,,,,,,,,,,,,,
2013-12-11,MJ0351YNGA62NA,Hitachi HDS5C3030ALA630,3000592982016,0,,0,,,,,,,,0,,,,,,9163,,,,,,,,,,,,,,,,,,,,,,,,,,,,,,30,,,,,,0,,,,,,,,,,,,,,,,,,,,,,,,,,,,
2013-12-11,JK11A8B9J3D1MF,Hitachi HDS722020ALA330,2000398934016,0,,1,,,,,,,,0,,,,,,23636,,,,,,,,,,,,,,,,,,,,,,,,,,,,,,29,,,,,,0,,,,,,,,,,,,,,,,,,,,,,,,,,,,
2013-12-11,PL1311LAG3DVLH,Hitachi HDS5C4040ALE630,4000787030016,0,,0,,,,,,,,0,,,,,,5670,,,,,,,,,,,,,,,,,,,,,,,,,,,,,,19,,,,,,0,,,,,,,,,,,,,,,,,,,,,,,,,,,,
2013-12-11,MJ0351YNGA0GUA,Hitachi HDS5C3030ALA630,3000592982016,0,,0,,,,,,,,0,,,,,,8092,,,,,,,,,,,,,,,,,,,,,,,,,,,,,,25,,,,,,0,,,,,,,,,,,,,,,,,,,,,,,,,,,,
2013-12-11,W1F09WFS,ST3000DM001,3000592982016,0,,211127600,,,,,,,,0,,,,,,14733,,,,,,,,,,,,,,,,,,,,,,,,,,,,,,24,,,,,,0,,,,,,,,,,,,,,,,,,,,,,,,,,,,
2013-12-11,PL1311LAG3E9GH,Hitachi HDS5C4040ALE630,4000787030016,0,,0,,,,,,,,0,,,,,,5932,,,,,,,,,,,,,,,,,,,,,,,,,,,,,,28,,,,,,0,,,,,,,,,,,,,,,,,,,,,,,,,,,,
2013-12-11,S1F02FCE,ST3000DM001,3000592982016,0,,16301744,,,,,,,,0,,,,,,15265,,,,,,,,,,,,,,,,,,,,,,,,,,,,,,21,,,,,,16,,,,,,,,,,,,,,,,,,,,,,,,,,,,
2013-12-11,MK0331YHGM8PXA,Hitachi HDS723030ALA640,3000592982016,0,,0,,,,,,,,0,,,,,,17354,,,,,,,,,,,,,,,,,,,,,,,,,,,,,,24,,,,,,0,,,,,,,,,,,,,,,,,,,,,,,,,,,,
2013-12-11,PL1311LAG24RMA,Hitachi HDS5C4040ALE630,4000787030016,0,,0,,,,,,,,0,,,,,,7402,,,,,,,,,,,,,,,,,,,,,,,,,,,,,,26,,,,,,0,,,,,,,,,,,,,,,,,,,,,,,,,,,,
2013-12-11,JK11A8B9J8MJVF,Hitachi HDS722020ALA330,2000398934016,0,,65538,,,,,,,,0,,,,,,25541,,,,,,,,,,,,,,,,,,,,,,,,,,,,,,28,,,,,,0,,,,,,,,,,,,,,,,,,,,,,,,,,,,
2013-12-11,PL1311LAG28VNH,Hitachi HDS5C4040ALE630,4000787030016,0,,0,,,,,,,,0,,,,,,7414,,,,,,,,,,,,,,,,,,,,,,,,,,,,,,21,,,,,,0,,,,,,,,,,,,,,,,,,,,,,,,,,,,
2013-12-11,PL1321LAG357UH,Hitachi HDS5C4040ALE630,4000787030016,0,,0,,,,,,,,0,,,,,,6652,,,,,,,,,,,,,,,,,,,,,,,,,,,,,,25,,,,,,0,,,,,,,,,,,,,,,,,,,,,,,,,,,,
2013-12-11,S1F0CTD7,ST3000DM001,3000592982016,0,,101697408,,,,,,,,0,,,,,,12359,,,,,,,,,,,,,,,,,,,,,,,,,,,,,,23,,,,,,0,,,,,,,,,,,,,,,,,,,,,,,,,,,,
2013-12-11,MJ0351YNGA74JA,Hitachi HDS5C3030ALA630,3000592982016,0,,0,,,,,,,,0,,,,,,7828,,,,,,,,,,,,,,,,,,,,,,,,,,,,,,24,,,,,,0,,,,,,,,,,,,,,,,,,,,,,,,,,,,
2013-12-11,W300H3HK,ST4000DM000,4000787030016,0,,59200784,,,,,,,,0,,,,,,772,,,,,,,,,,,,,,,,,,,,,,,,,,,,,,23,,,,,,0,,,,,,,,,,,,,,,,,,,,,,,,,,,,
2013-12-11,6XW0VNSL,ST31500541AS,1500301910016,0,,215565158,,,,,,,,21,,,,,,33863,,,,,,,,,,,,,,,,,,,,,,,,,,,,,,24,,,,,,0,,,,,,,,,,,,,,,,,,,,,,,,,,,,
2013-12-11,PL2311LAG1U0BC,Hitachi HDS5C4040ALE630,4000787030016,0,,0,,,,,,,,0,,,,,,7756,,,,,,,,,,,,,,,,,,,,,,,,,,,,,,26,,,,,,0,,,,,,,,,,,,,,,,,,,,,,,,,,,,
2013-12-11,JK11A8B9J3L77F,Hitachi HDS722020ALA330,2000398934016,0,,0,,,,,,,,0,,,,,,23822,,,,,,,,,,,,,,,,,,,,,,,,,,,,,,26,,,,,,0,,,,,,,,,,,,,,,,,,,,,,,,,,,,
2013-12-11,W1F09W1R,ST3000DM001,3000592982016,1,,233280656,,,,,,,,3768,,,,,,15216,,,,,,,,,,,,,,,,,,,,,,,,,,,,,,23,,,,,,896,,,,,,,,,,,,,,,,,,,,,,,,,,,,
2013-12-11,S1F0G2V8,ST3000DM001,3000592982016,0,,90848680,,,,,,,,0,,,,,,11049,,,,,,,,,,,,,,,,,,,,,,,,,,,,,,21,,,,,,0,,,,,,,,,,,,,,,,,,,,,,,,,,,,
2013-12-11,PL1311LAG1Z6ZA,Hitachi HDS5C4040ALE630,4000787030016,0,,0,,,,,,,,0,,,,,,7438,,,,,,,,,,,,,,,,,,,,,,,,,,,,,,23,,,,,,0,,,,,,,,,,,,,,,,,,,,,,,,,,,,
2013-12-11,JK1171YBK1U34F,Hitachi HDS722020ALA330,2000398934016,0,,0,,,,,,,,0,,,,,,29668,,,,,,,,,,,,,,,,,,,,,,,,,,,,,,27,,,,,,0,,,,,,,,,,,,,,,,,,,,,,,,,,,,
2013-12-11,PL1311LAG3AANH,Hitachi HDS5C4040ALE630,4000787030016,0,,0,,,,,,,,0,,,,,,6649,,,,,,,,,,,,,,,,,,,,,,,,,,,,,,21,,,,,,0,,,,,,,,,,,,,,,,,,,,,,,,,,,,
2013-12-11,5XW1Z43M,ST31500541AS,1500301910016,0,,83031557,,,,,,,,0,,,,,,10750,,,,,,,,,,,,,,,,,,,,,,,,,,,,,,23,,,,,,0,,,,,,,,,,,,,,,,,,,,,,,,,,,,
2013-12-11,JK1101YAK5LDKV,Hitachi HDS722020ALA330,2000398934016,0,,4,,,,,,,,0,,,,,,29212,,,,,,,,,,,,,,,,,,,,,,,,,,,,,,29,,,,,,0,,,,,,,,,,,,,,,,,,,,,,,,,,,,
2013-12-11,6XW02704,ST31500541AS,1500301910016,0,,181246749,,,,,,,,0,,,,,,36381,,,,,,,,,,,,,,,,,,,,,,,,,,,,,,21,,,,,,0,,,,,,,,,,,,,,,,,,,,,,,,,,,,
2013-12-11,Z300KL52,ST4000DM000,4000787030016,0,,142455696,,,,,,,,0,,,,,,2257,,,,,,,,,,,,,,,,,,,,,,,,,,,,,,20,,,,,,0,,,,,,,,,,,,,,,,,,,,,,,,,,,,
2013-12-11,MJ0351YNG9XGNA,Hitachi HDS5C3030ALA630,3000592982016,0,,0,,,,,,,,1,,,,,,7938,,,,,,,,,,,,,,,,,,,,,,,,,,,,,,24,,,,,,0,,,,,,,,,,,,,,,,,,,,,,,,,,,,
2013-12-11,MK0311YHGJTMZA,Hitachi HDS723030ALA640,3000592982016,0,,65536,,,,,,,,0,,,,,,17017,,,,,,,,,,,,,,,,,,,,,,,,,,,,,,25,,,,,,0,,,,,,,,,,,,,,,,,,,,,,,,,,,,
2013-12-11,S1F0RSRB,ST3000DM001,3000592982016,0,,12327760,,,,,,,,0,,,,,,10742,,,,,,,,,,,,,,,,,,,,,,,,,,,,,,26,,,,,,0,,,,,,,,,,,,,,,,,,,,,,,,,,,,
2013-12-11,JK1174YAK8RP4W,Hitachi HDS722020ALA330,2000398934016,0,,0,,,,,,,,0,,,,,,29018,,,,,,,,,,,,,,,,,,,,,,,,,,,,,,27,,,,,,0,,,,,,,,,,,,,,,,,,,,,,,,,,,,
2013-12-11,MJ0351YNGA61TA,Hitachi HDS5C3030ALA630,3000592982016,0,,0,,,,,,,,0,,,,,,9142,,,,,,,,,,,,,,,,,,,,,,,,,,,,,,31,,,,,,0,,,,,,,,,,,,,,,,,,,,,,,,,,,,
2013-12-11,6XW00ZQF,ST31500541AS,1500301910016,0,,91323732,,,,,,,,0,,,,,,36380,,,,,,,,,,,,,,,,,,,,,,,,,,,,,,19,,,,,,0,,,,,,,,,,,,,,,,,,,,,,,,,,,,
2013-12-11,PL1310LAG0NNRA,Hitachi HDS5C4040ALE630,4000787030016,0,,0,,,,,,,,0,,,,,,12998,,,,,,,,,,,,,,,,,,,,,,,,,,,,,,25,,,,,,0,,,,,,,,,,,,,,,,,,,,,,,,,,,,
2013-12-11,W300FRV2,ST4000DM000,4000787030016,0,,59402048,,,,,,,,0,,,,,,2239,,,,,,,,,,,,,,,,,,,,,,,,,,,,,,21,,,,,,0,,,,,,,,,,,,,,,,,,,,,,,,,,,,
2013-12-11,MJ1311YNG6T95A,Hitachi HDS5C3030ALA630,3000592982016,0,,0,,,,,,,,0,,,,,,14680,,,,,,,,,,,,,,,,,,,,,,,,,,,,,,26,,,,,,0,,,,,,,,,,,,,,,,,,,,,,,,,,,,
2013-12-11,PL1321LAGAZDRH,Hitachi HDS5C4040ALE630,4000787030016,0,,0,,,,,,,,0,,,,,,5050,,,,,,,,,,,,,,,,,,,,,,,,,,,,,,31,,,,,,0,,,,,,,,,,,,,,,,,,,,,,,,,,,,
2013-12-11,6XW00ZQQ,ST31500541AS,1500301910016,0,,134764086,,,,,,,,0,,,,,,34740,,,,,,,,,,,,,,,,,,,,,,,,,,,,,,22,,,,,,0,,,,,,,,,,,,,,,,,,,,,,,,,,,,
2013-12-11,6XW00ZQZ,ST31500541AS,1500301910016,0,,121334736,,,,,,,,0,,,,,,34740,,,,,,,,,,,,,,,,,,,,,,,,,,,,,,20,,,,,,0,,,,,,,,,,,,,,,,,,,,,,,,,,,,
2013-12-11,S1F02XDM,ST3000DM001,3000592982016,0,,198096376,,,,,,,,0,,,,,,15191,,,,,,,,,,,,,,,,,,,,,,,,,,,,,,19,,,,,,0,,,,,,,,,,,,,,,,,,,,,,,,,,,,
2013-12-11,W1F0WJHE,ST3000DM001,3000592982016,0,,175786224,,,,,,,,0,,,,,,11638,,,,,,,,,,,,,,,,,,,,,,,,,,,,,,26,,,,,,0,,,,,,,,,,,,,,,,,,,,,,,,,,,,
2013-12-11,Z300GQ3X,ST4000DM000,4000787030016,0,,171832064,,,,,,,,0,,,,,,3584,,,,,,,,,,,,,,,,,,,,,,,,,,,,,,25,,,,,,0,,,,,,,,,,,,,,,,,,,,,,,,,,,,
2013-12-11,MJ0351YNGA5AMA,Hitachi HDS5C3030ALA630,3000592982016,0,,0,,,,,,,,0,,,,,,9312,,,,,,,,,,,,,,,,,,,,,,,,,,,,,,31,,,,,,0,,,,,,,,,,,,,,,,,,,,,,,,,,,,
2013-12-11,JK11A8B9J8T6RF,Hitachi HDS722020ALA330,2000398934016,0,,0,,,,,,,,0,,,,,,24494,,,,,,,,,,,,,,,,,,,,,,,,,,,,,,29,,,,,,0,,,,,,,,,,,,,,,,,,,,,,,,,,,,
2013-12-11,Z300PLSP,ST4000DM000,4000787030016,0,,171682920,,,,,,,,0,,,,,,1094,,,,,,,,,,,,,,,,,,,,,,,,,,,,,,22,,,,,,0,,,,,,,,,,,,,,,,,,,,,,,,,,,,
2013-12-11,Z300GQ3F,ST4000DM000,4000787030016,0,,160343792,,,,,,,,0,,,,,,3580,,,,,,,,,,,,,,,,,,,,,,,,,,,,,,24,,,,,,0,,,,,,,,,,,,,,,,,,,,,,,,,,,,
2013-12-11,PL1321LAG31YMH,Hitachi HDS5C4040ALE630,4000787030016,0,,0,,,,,,,,0,,,,,,5070,,,,,,,,,,,,,,,,,,,,,,,,,,,,,,29,,,,,,0,,,,,,,,,,,,,,,,,,,,,,,,,,,,
2013-12-11,Z300MPN4,ST4000DM000,4000787030016,0,,96076464,,,,,,,,0,,,,,,2921,,,,,,,,,,,,,,,,,,,,,,,,,,,,,,22,,,,,,0,,,,,,,,,,,,,,,,,,,,,,,,,,,,
2013-12-11,5XW2PW42,ST31500541AS,1500301910016,0,,117100597,,,,,,,,0,,,,,,12960,,,,,,,,,,,,,,,,,,,,,,,,,,,,,,19,,,,,,0,,,,,,,,,,,,,,,,,,,,,,,,,,,,
2013-12-11,MK0333YHGNAGYC,Hitachi HDS723030ALA640,3000592982016,0,,2,,,,,,,,0,,,,,,17762,,,,,,,,,,,,,,,,,,,,,,,,,,,,,,26,,,,,,0,,,,,,,,,,,,,,,,,,,,,,,,,,,,
2013-12-11,9VS2BC2S,ST31500341AS,1500301910016,0,,79938477,,,,,,,,1,,,,,,35525,,,,,,,,,,,,,,,,,,,,,,,,,,,,,,26,,,,,,0,,,,,,,,,,,,,,,,,,,,,,,,,,,,
2013-12-11,JK11A8B9J37TEF,Hitachi HDS722020ALA330,2000398934016,0,,0,,,,,,,,0,,,,,,22415,,,,,,,,,,,,,,,,,,,,,,,,,,,,,,22,,,,,,0,,,,,,,,,,,,,,,,,,,,,,,,,,,,
2013-12-11,Z300GQ30,ST4000DM000,4000787030016,0,,60976160,,,,,,,,0,,,,,,3652,,,,,,,,,,,,,,,,,,,,,,,,,,,,,,25,,,,,,0,,,,,,,,,,,,,,,,,,,,,,,,,,,,
2013-12-11,W3008XMW,ST4000DM000,4000787030016,0,,209125368,,,,,,,,0,,,,,,4154,,,,,,,,,,,,,,,,,,,,,,,,,,,,,,22,,,,,,0,,,,,,,,,,,,,,,,,,,,,,,,,,,,
2013-12-11,Z300GQ33,ST4000DM000,4000787030016,0,,191902712,,,,,,,,0,,,,,,3582,,,,,,,,,,,,,,,,,,,,,,,,,,,,,,23,,,,,,0,,,,,,,,,,,,,,,,,,,,,,,,,,,,
2013-12-11,S1F04475,ST3000DM001,3000592982016,0,,195699616,,,,,,,,56,,,,,,13868,,,,,,,,,,,,,,,,,,,,,,,,,,,,,,24,,,,,,0,,,,,,,,,,,,,,,,,,,,,,,,,,,,
2013-12-11,Z300GQ38,ST4000DM000,4000787030016,0,,67049760,,,,,,,,0,,,,,,3630,,,,,,,,,,,,,,,,,,,,,,,,,,,,,,23,,,,,,0,,,,,,,,,,,,,,,,,,,,,,,,,,,,
2013-12-11,PL1321LAGAVX5H,Hitachi HDS5C4040ALE630,4000787030016,0,,0,,,,,,,,0,,,,,,5049,,,,,,,,,,,,,,,,,,,,,,,,,,,,,,31,,,,,,0,,,,,,,,,,,,,,,,,,,,,,,,,,,,
2013-12-11,6XW04WF0,ST31500541AS,1500301910016,0,,78392013,,,,,,,,0,,,,,,36960,,,,,,,,,,,,,,,,,,,,,,,,,,,,,,20,,,,,,0,,,,,,,,,,,,,,,,,,,,,,,,,,,,
2013-12-11,PL1321LAG34MAH,Hitachi HDS5C4040ALE630,4000787030016,0,,0,,,,,,,,0,,,,,,6616,,,,,,,,,,,,,,,,,,,,,,,,,,,,,,26,,,,,,0,,,,,,,,,,,,,,,,,,,,,,,,,,,,
2013-12-11,MJ1323YNG1NUKC,Hitachi HDS5C3030ALA630,3000592982016,0,,0,,,,,,,,0,,,,,,19748,,,,,,,,,,,,,,,,,,,,,,,,,,,,,,27,,,,,,0,,,,,,,,,,,,,,,,,,,,,,,,,,,,
2013-12-11,MK0333YHGNDBEC,Hitachi HDS723030ALA640,3000592982016,0,,65536,,,,,,,,0,,,,,,17756,,,,,,,,,,,,,,,,,,,,,,,,,,,,,,20,,,,,,0,,,,,,,,,,,,,,,,,,,,,,,,,,,,
2013-12-11,W1F08Z45,ST3000DM001,3000592982016,0,,2093648,,,,,,,,0,,,,,,14733,,,,,,,,,,,,,,,,,,,,,,,,,,,,,,24,,,,,,0,,,,,,,,,,,,,,,,,,,,,,,,,,,,
2013-12-11,PL1321LAG2ZUMH,Hitachi HDS5C4040ALE630,4000787030016,0,,0,,,,,,,,0,,,,,,6648,,,,,,,,,,,,,,,,,,,,,,,,,,,,,,23,,,,,,0,,,,,,,,,,,,,,,,,,,,,,,,,,,,
2013-12-11,W300CLWG,ST4000DM000,4000787030016,0,,68417120,,,,,,,,0,,,,,,4183,,,,,,,,,,,,,,,,,,,,,,,,,,,,,,25,,,,,,0,,,,,,,,,,,,,,,,,,,,,,,,,,,,
2013-12-11,W300CLWE,ST4000DM000,4000787030016,0,,191264312,,,,,,,,0,,,,,,3238,,,,,,,,,,,,,,,,,,,,,,,,,,,,,,19,,,,,,0,,,,,,,,,,,,,,,,,,,,,,,,,,,,
2013-12-11,Z1F01E4Z,ST3000DM001,3000592982016,0,,163070056,,,,,,,,0,,,,,,17066,,,,,,,,,,,,,,,,,,,,,,,,,,,,,,25,,,,,,0,,,,,,,,,,,,,,,,,,,,,,,,,,,,
2013-12-11,W1F09LCT,ST3000DM001,3000592982016,0,,44347880,,,,,,,,0,,,,,,14212,,,,,,,,,,,,,,,,,,,,,,,,,,,,,,24,,,,,,0,,,,,,,,,,,,,,,,,,,,,,,,,,,,
2013-12-11,PL1311LAG3D6WH,Hitachi HDS5C4040ALE630,4000787030016,0,,0,,,,,,,,0,,,,,,5125,,,,,,,,,,,,,,,,,,,,,,,,,,,,,,27,,,,,,0,,,,,,,,,,,,,,,,,,,,,,,,,,,,
2013-12-11,W1F03557,ST3000DM001,3000592982016,0,,234688656,,,,,,,,0,,,,,,14729,,,,,,,,,,,,,,,,,,,,,,,,,,,,,,26,,,,,,0,,,,,,,,,,,,,,,,,,,,,,,,,,,,
2013-12-11,6XW02G12,ST31500541AS,1500301910016,0,,159166577,,,,,,,,0,,,,,,36067,,,,,,,,,,,,,,,,,,,,,,,,,,,,,,22,,,,,,0,,,,,,,,,,,,,,,,,,,,,,,,,,,,
2013-12-11,MJ0351YNGA3J7A,Hitachi HDS5C3030ALA630,3000592982016,0,,0,,,,,,,,0,,,,,,9312,,,,,,,,,,,,,,,,,,,,,,,,,,,,,,30,,,,,,0,,,,,,,,,,,,,,,,,,,,,,,,,,,,
2013-12-11,W1F08Z4K,ST3000DM001,3000592982016,0,,223033824,,,,,,,,0,,,,,,13822,,,,,,,,,,,,,,,,,,,,,,,,,,,,,,26,,,,,,0,,,,,,,,,,,,,,,,,,,,,,,,,,,,
2013-12-11,PL1311LAG20WSA,Hitachi HDS5C4040ALE630,4000787030016,0,,0,,,,,,,,0,,,,,,6653,,,,,,,,,,,,,,,,,,,,,,,,,,,,,,28,,,,,,0,,,,,,,,,,,,,,,,,,,,,,,,,,,,
2013-12-11,6XW04MEK,ST31500541AS,1500301910016,0,,36754186,,,,,,,,0,,,,,,36443,,,,,,,,,,,,,,,,,,,,,,,,,,,,,,19,,,,,,0,,,,,,,,,,,,,,,,,,,,,,,,,,,,
2013-12-11,MJ1313YNG1E4AC,Hitachi HDS5C3030ALA630,3000592982016,0,,0,,,,,,,,0,,,,,,21796,,,,,,,,,,,,,,,,,,,,,,,,,,,,,,27,,,,,,0,,,,,,,,,,,,,,,,,,,,,,,,,,,,
2013-12-11,9VS3JGVF,ST31500341AS,1500301910016,0,,104201070,,,,,,,,2,,,,,,30664,,,,,,,,,,,,,,,,,,,,,,,,,,,,,,24,,,,,,0,,,,,,,,,,,,,,,,,,,,,,,,,,,,
2013-12-11,S1F0A743,ST3000DM001,3000592982016,0,,207970536,,,,,,,,0,,,,,,12420,,,,,,,,,,,,,,,,,,,,,,,,,,,,,,33,,,,,,0,,,,,,,,,,,,,,,,,,,,,,,,,,,,
2013-12-11,WD-WCAU45684901,WDC WD10EADS,1000204886016,0,,3,,,,,,,,0,,,,,,41788,,,,,,,,,,,,,,,,,,,,,,,,,,,,,,30,,,,,,0,,,,,,,,,,,,,,,,,,,,,,,,,,,,
2013-12-11,Z1Z05405,ST4000DX000,4000787030016,0,,2233242,,,,,,,,0,,,,,,5378,,,,,,,,,,,,,,,,,,,,,,,,,,,,,,24,,,,,,0,,,,,,,,,,,,,,,,,,,,,,,,,,,,
2013-12-11,JK1171YBK1A0VF,Hitachi HDS722020ALA330,2000398934016,0,,0,,,,,,,,0,,,,,,29018,,,,,,,,,,,,,,,,,,,,,,,,,,,,,,27,,,,,,0,,,,,,,,,,,,,,,,,,,,,,,,,,,,
2013-12-11,PL1311LAG33WWH,Hitachi HDS5C4040ALE630,4000787030016,0,,0,,,,,,,,0,,,,,,6654,,,,,,,,,,,,,,,,,,,,,,,,,,,,,,21,,,,,,0,,,,,,,,,,,,,,,,,,,,,,,,,,,,
2013-12-11,MJ1311YNG5XTAA,Hitachi HDS5C3030ALA630,3000592982016,0,,0,,,,,,,,0,,,,,,14621,,,,,,,,,,,,,,,,,,,,,,,,,,,,,,25,,,,,,0,,,,,,,,,,,,,,,,,,,,,,,,,,,,
2013-12-11,9XW02C2S,ST31500541AS,1500301910016,0,,69311924,,,,,,,,0,,,,,,29423,,,,,,,,,,,,,,,,,,,,,,,,,,,,,,23,,,,,,0,,,,,,,,,,,,,,,,,,,,,,,,,,,,
2013-12-11,JK11A8B9J52RZF,Hitachi HDS722020ALA330,2000398934016,0,,0,,,,,,,,0,,,,,,24913,,,,,,,,,,,,,,,,,,,,,,,,,,,,,,31,,,,,,0,,,,,,,,,,,,,,,,,,,,,,,,,,,,
2013-12-11,JK11A8B9J7PPDF,Hitachi HDS722020ALA330,2000398934016,0,,1,,,,,,,,0,,,,,,21477,,,,,,,,,,,,,,,,,,,,,,,,,,,,,,27,,,,,,0,,,,,,,,,,,,,,,,,,,,,,,,,,,,
2013-12-11,MK0311YHGG7GEA,Hitachi HDS723030ALA640,3000592982016,0,,0,,,,,,,,0,,,,,,16660,,,,,,,,,,,,,,,,,,,,,,,,,,,,,,23,,,,,,0,,,,,,,,,,,,,,,,,,,,,,,,,,,,
2013-12-11,Z1F0LKJN,ST3000DM001,3000592982016,0,,106995632,,,,,,,,0,,,,,,12180,,,,,,,,,,,,,,,,,,,,,,,,,,,,,,33,,,,,,0,,,,,,,,,,,,,,,,,,,,,,,,,,,,
2013-12-11,PL1311LAG3DW3H,Hitachi HDS5C4040ALE630,4000787030016,0,,0,,,,,,,,0,,,,,,5958,,,,,,,,,,,,,,,,,,,,,,,,,,,,,,25,,,,,,0,,,,,,,,,,,,,,,,,,,,,,,,,,,,
2013-12-11,W300C5GE,ST4000DM000,4000787030016,0,,55522104,,,,,,,,0,,,,,,4136,,,,,,,,,,,,,,,,,,,,,,,,,,,,,,23,,,,,,0,,,,,,,,,,,,,,,,,,,,,,,,,,,,
2013-12-11,JK1101B9J309VF,Hitachi HDS722020ALA330,2000398934016,0,,0,,,,,,,,0,,,,,,23823,,,,,,,,,,,,,,,,,,,,,,,,,,,,,,26,,,,,,0,,,,,,,,,,,,,,,,,,,,,,,,,,,,
2013-12-11,PL1321LAGB2SNH,Hitachi HDS5C4040ALE630,4000787030016,0,,0,,,,,,,,0,,,,,,5428,,,,,,,,,,,,,,,,,,,,,,,,,,,,,,23,,,,,,0,,,,,,,,,,,,,,,,,,,,,,,,,,,,
2013-12-11,WD-WCAU4D873584,WDC WD10EADS,1000204886016,0,,0,,,,,,,,0,,,,,,27160,,,,,,,,,,,,,,,,,,,,,,,,,,,,,,22,,,,,,0,,,,,,,,,,,,,,,,,,,,,,,,,,,,
2013-12-11,PL2311LAG1UJAC,Hitachi HDS5C4040ALE630,4000787030016,0,,0,,,,,,,,0,,,,,,7461,,,,,,,,,,,,,,,,,,,,,,,,,,,,,,27,,,,,,0,,,,,,,,,,,,,,,,,,,,,,,,,,,,
2013-12-11,PL2321LAGAS41J,Hitachi HDS5C4040ALE630,4000787030016,0,,0,,,,,,,,0,,,,,,5052,,,,,,,,,,,,,,,,,,,,,,,,,,,,,,28,,,,,,0,,,,,,,,,,,,,,,,,,,,,,,,,,,,
2013-12-11,PL1321LAG35G1H,Hitachi HDS5C4040ALE630,4000787030016,0,,0,,,,,,,,0,,,,,,6653,,,,,,,,,,,,,,,,,,,,,,,,,,,,,,21,,,,,,0,,,,,,,,,,,,,,,,,,,,,,,,,,,,
2013-12-11,WD-WMAWZ0276288,WDC WD30EZRX,3000592982016,0,,0,,,,,,,,0,,,,,,12942,,,,,,,,,,,,,,,,,,,,,,,,,,,,,,25,,,,,,0,,,,,,,,,,,,,,,,,,,,,,,,,,,,
2013-12-11,JK1101B9JL0A4F,Hitachi HDS722020ALA330,2000398934016,0,,0,,,,,,,,0,,,,,,23587,,,,,,,,,,,,,,,,,,,,,,,,,,,,,,27,,,,,,0,,,,,,,,,,,,,,,,,,,,,,,,,,,,
2013-12-11,9XK04KNX,ST33000651AS,3000592982016,0,,106606755,,,,,,,,0,,,,,,16944,,,,,,,,,,,,,,,,,,,,,,,,,,,,,,26,,,,,,0,,,,,,,,,,,,,,,,,,,,,,,,,,,,
2013-12-11,Z300P8WC,ST4000DM000,4000787030016,0,,119759184,,,,,,,,0,,,,,,1094,,,,,,,,,,,,,,,,,,,,,,,,,,,,,,22,,,,,,0,,,,,,,,,,,,,,,,,,,,,,,,,,,,
2013-12-11,MJ1311YNG5NPZA,Hitachi HDS5C3030ALA630,3000592982016,0,,0,,,,,,,,0,,,,,,14620,,,,,,,,,,,,,,,,,,,,,,,,,,,,,,24,,,,,,0,,,,,,,,,,,,,,,,,,,,,,,,,,,,
2013-12-11,MJ1311YNG36RPA,Hitachi HDS5C3030ALA630,3000592982016,0,,0,,,,,,,,0,,,,,,19254,,,,,,,,,,,,,,,,,,,,,,,,,,,,,,25,,,,,,0,,,,,,,,,,,,,,,,,,,,,,,,,,,,
2013-12-11,Z300P8WH,ST4000DM000,4000787030016,0,,212572016,,,,,,,,0,,,,,,1233,,,,,,,,,,,,,,,,,,,,,,,,,,,,,,19,,,,,,0,,,,,,,,,,,,,,,,,,,,,,,,,,,,
2013-12-11,Z300P8WN,ST4000DM000,4000787030016,0,,54385112,,,,,,,,0,,,,,,1231,,,,,,,,,,,,,,,,,,,,,,,,,,,,,,18,,,,,,0,,,,,,,,,,,,,,,,,,,,,,,,,,,,
2013-12-11,Z300P8WP,ST4000DM000,4000787030016,0,,211068064,,,,,,,,0,,,,,,1114,,,,,,,,,,,,,,,,,,,,,,,,,,,,,,27,,,,,,0,,,,,,,,,,,,,,,,,,,,,,,,,,,,
2013-12-11,Z300P8WQ,ST4000DM000,4000787030016,0,,166537440,,,,,,,,0,,,,,,1233,,,,,,,,,,,,,,,,,,,,,,,,,,,,,,18,,,,,,0,,,,,,,,,,,,,,,,,,,,,,,,,,,,
2013-12-11,Z300P8WY,ST4000DM000,4000787030016,0,,146973600,,,,,,,,0,,,,,,1142,,,,,,,,,,,,,,,,,,,,,,,,,,,,,,25,,,,,,0,,,,,,,,,,,,,,,,,,,,,,,,,,,,
2013-12-11,S1F034TQ,ST3000DM001,3000592982016,0,,204455384,,,,,,,,0,,,,,,15591,,,,,,,,,,,,,,,,,,,,,,,,,,,,,,19,,,,,,0,,,,,,,,,,,,,,,,,,,,,,,,,,,,
2013-12-11,S1F0RR5M,ST3000DM001,3000592982016,0,,223437952,,,,,,,,0,,,,,,10741,,,,,,,,,,,,,,,,,,,,,,,,,,,,,,27,,,,,,0,,,,,,,,,,,,,,,,,,,,,,,,,,,,
2013-12-11,5XW02HWT,ST31500541AS,1500301910016,0,,152874672,,,,,,,,6,,,,,,37161,,,,,,,,,,,,,,,,,,,,,,,,,,,,,,23,,,,,,0,,,,,,,,,,,,,,,,,,,,,,,,,,,,
2013-12-11,6XW03CX6,ST31500541AS,1500301910016,0,,129541553,,,,,,,,0,,,,,,35775,,,,,,,,,,,,,,,,,,,,,,,,,,,,,,20,,,,,,0,,,,,,,,,,,,,,,,,,,,,,,,,,,,
2013-12-11,6XW11R7B,ST32000542AS,2000398934016,0,,180222025,,,,,,,,0,,,,,,31705,,,,,,,,,,,,,,,,,,,,,,,,,,,,,,23,,,,,,0,,,,,,,,,,,,,,,,,,,,,,,,,,,,
2013-12-11,JK1130YAHRW4HT,Hitachi HDS722020ALA330,2000398934016,0,,0,,,,,,,,0,,,,,,30171,,,,,,,,,,,,,,,,,,,,,,,,,,,,,,28,,,,,,0,,,,,,,,,,,,,,,,,,,,,,,,,,,,
2013-12-11,JK11A8B9HXLJNF,Hitachi HDS722020ALA330,2000398934016,0,,0,,,,,,,,0,,,,,,26145,,,,,,,,,,,,,,,,,,,,,,,,,,,,,,25,,,,,,0,,,,,,,,,,,,,,,,,,,,,,,,,,,,
2013-12-11,MJ1311YNG25LGA,Hitachi HDS5C3030ALA630,3000592982016,0,,0,,,,,,,,0,,,,,,18361,,,,,,,,,,,,,,,,,,,,,,,,,,,,,,25,,,,,,0,,,,,,,,,,,,,,,,,,,,,,,,,,,,
2013-12-11,MJ0351YNGA0J2A,Hitachi HDS5C3030ALA630,3000592982016,0,,0,,,,,,,,0,,,,,,9142,,,,,,,,,,,,,,,,,,,,,,,,,,,,,,30,,,,,,0,,,,,,,,,,,,,,,,,,,,,,,,,,,,
2013-12-11,9XW01XPM,ST31500541AS,1500301910016,0,,54678465,,,,,,,,0,,,,,,34745,,,,,,,,,,,,,,,,,,,,,,,,,,,,,,16,,,,,,0,,,,,,,,,,,,,,,,,,,,,,,,,,,,
2013-12-11,JK11A8B9J79MLF,Hitachi HDS722020ALA330,2000398934016,0,,0,,,,,,,,0,,,,,,24629,,,,,,,,,,,,,,,,,,,,,,,,,,,,,,25,,,,,,0,,,,,,,,,,,,,,,,,,,,,,,,,,,,
2013-12-11,MJ1311YNG3GB2A,Hitachi HDS5C3030ALA630,3000592982016,0,,0,,,,,,,,0,,,,,,19587,,,,,,,,,,,,,,,,,,,,,,,,,,,,,,29,,,,,,0,,,,,,,,,,,,,,,,,,,,,,,,,,,,
2013-12-11,9XW09TG1,ST32000542AS,2000398934016,0,,149189987,,,,,,,,11,,,,,,31074,,,,,,,,,,,,,,,,,,,,,,,,,,,,,,18,,,,,,0,,,,,,,,,,,,,,,,,,,,,,,,,,,,
2013-12-11,Z300K1TG,ST4000DM000,4000787030016,0,,198740872,,,,,,,,0,,,,,,2240,,,,,,,,,,,,,,,,,,,,,,,,,,,,,,19,,,,,,0,,,,,,,,,,,,,,,,,,,,,,,,,,,,
2013-12-11,S1F06WCE,ST3000DM001,3000592982016,0,,52505136,,,,,,,,0,,,,,,13825,,,,,,,,,,,,,,,,,,,,,,,,,,,,,,24,,,,,,0,,,,,,,,,,,,,,,,,,,,,,,,,,,,
2013-12-11,PL1311LAG295HH,Hitachi HDS5C4040ALE630,4000787030016,0,,0,,,,,,,,0,,,,,,7760,,,,,,,,,,,,,,,,,,,,,,,,,,,,,,18,,,,,,0,,,,,,,,,,,,,,,,,,,,,,,,,,,,
2013-12-11,5XW0CWFK,ST31500541AS,1500301910016,0,,88949810,,,,,,,,0,,,,,,15238,,,,,,,,,,,,,,,,,,,,,,,,,,,,,,26,,,,,,0,,,,,,,,,,,,,,,,,,,,,,,,,,,,
2013-12-11,Z300K1TN,ST4000DM000,4000787030016,0,,90406368,,,,,,,,0,,,,,,2241,,,,,,,,,,,,,,,,,,,,,,,,,,,,,,21,,,,,,0,,,,,,,,,,,,,,,,,,,,,,,,,,,,
2013-12-11,WD-WCAWZ0974795,WDC WD30EZRX,3000592982016,0,,0,,,,,,,,0,,,,,,16080,,,,,,,,,,,,,,,,,,,,,,,,,,,,,,21,,,,,,0,,,,,,,,,,,,,,,,,,,,,,,,,,,,
2013-12-11,Z300MY3A,ST4000DM000,4000787030016,0,,80111808,,,,,,,,0,,,,,,2890,,,,,,,,,,,,,,,,,,,,,,,,,,,,,,26,,,,,,0,,,,,,,,,,,,,,,,,,,,,,,,,,,,
2013-12-11,MK0301YHGNHJXD,Hitachi HDS723030ALA640,3000592982016,0,,0,,,,,,,,0,,,,,,16680,,,,,,,,,,,,,,,,,,,,,,,,,,,,,,26,,,,,,0,,,,,,,,,,,,,,,,,,,,,,,,,,,,
2013-12-11,5XW1W9EL,ST32000542AS,2000398934016,0,,108934363,,,,,,,,327,,,,,,13014,,,,,,,,,,,,,,,,,,,,,,,,,,,,,,20,,,,,,0,,,,,,,,,,,,,,,,,,,,,,,,,,,,
2013-12-11,JK1101B9GL8TPF,Hitachi HDS722020ALA330,2000398934016,0,,0,,,,,,,,0,,,,,,26763,,,,,,,,,,,,,,,,,,,,,,,,,,,,,,27,,,,,,0,,,,,,,,,,,,,,,,,,,,,,,,,,,,
2013-12-11,W300B2KL,ST4000DM000,4000787030016,0,,179118992,,,,,,,,0,,,,,,4353,,,,,,,,,,,,,,,,,,,,,,,,,,,,,,26,,,,,,0,,,,,,,,,,,,,,,,,,,,,,,,,,,,
2013-12-11,W300B2KJ,ST4000DM000,4000787030016,0,,208158392,,,,,,,,0,,,,,,3604,,,,,,,,,,,,,,,,,,,,,,,,,,,,,,22,,,,,,0,,,,,,,,,,,,,,,,,,,,,,,,,,,,
2013-12-11,W300B2KF,ST4000DM000,4000787030016,0,,171315320,,,,,,,,0,,,,,,3587,,,,,,,,,,,,,,,,,,,,,,,,,,,,,,23,,,,,,0,,,,,,,,,,,,,,,,,,,,,,,,,,,,
2013-12-11,PL1311LAG24U5A,Hitachi HDS5C4040ALE630,4000787030016,0,,0,,,,,,,,0,,,,,,7402,,,,,,,,,,,,,,,,,,,,,,,,,,,,,,25,,,,,,0,,,,,,,,,,,,,,,,,,,,,,,,,,,,
2013-12-11,MJ1321YNG0GMJA,Hitachi HDS5C3030ALA630,3000592982016,0,,0,,,,,,,,0,,,,,,20729,,,,,,,,,,,,,,,,,,,,,,,,,,,,,,32,,,,,,0,,,,,,,,,,,,,,,,,,,,,,,,,,,,
2013-12-11,W1F0D1YY,ST3000DM001,3000592982016,0,,222464768,,,,,,,,0,,,,,,12360,,,,,,,,,,,,,,,,,,,,,,,,,,,,,,26,,,,,,0,,,,,,,,,,,,,,,,,,,,,,,,,,,,
2013-12-11,S1F13BTN,ST3000DM001,3000592982016,0,,213401176,,,,,,,,0,,,,,,7994,,,,,,,,,,,,,,,,,,,,,,,,,,,,,,21,,,,,,0,,,,,,,,,,,,,,,,,,,,,,,,,,,,
2013-12-11,JK1130YAHS16VT,Hitachi HDS722020ALA330,2000398934016,0,,262151,,,,,,,,0,,,,,,30171,,,,,,,,,,,,,,,,,,,,,,,,,,,,,,28,,,,,,0,,,,,,,,,,,,,,,,,,,,,,,,,,,,
2013-12-11,JK11A8YBKS473F,Hitachi HDS722020ALA330,2000398934016,0,,0,,,,,,,,0,,,,,,27871,,,,,,,,,,,,,,,,,,,,,,,,,,,,,,26,,,,,,0,,,,,,,,,,,,,,,,,,,,,,,,,,,,
2013-12-11,JK1105B8GG3MAX,Hitachi HDS722020ALA330,2000398934016,0,,1,,,,,,,,0,,,,,,27167,,,,,,,,,,,,,,,,,,,,,,,,,,,,,,33,,,,,,0,,,,,,,,,,,,,,,,,,,,,,,,,,,,
2013-12-11,MJ1311YNG7K75A,Hitachi HDS5C3030ALA630,3000592982016,0,,0,,,,,,,,0,,,,,,14622,,,,,,,,,,,,,,,,,,,,,,,,,,,,,,22,,,,,,0,,,,,,,,,,,,,,,,,,,,,,,,,,,,
2013-12-11,MK0301YHGLYT1A,Hitachi HDS723030ALA640,3000592982016,0,,0,,,,,,,,0,,,,,,16077,,,,,,,,,,,,,,,,,,,,,,,,,,,,,,30,,,,,,0,,,,,,,,,,,,,,,,,,,,,,,,,,,,
2013-12-11,WD-WCAU45542528,WDC WD10EACS,1000204886016,0,,76,,,,,,,,0,,,,,,42386,,,,,,,,,,,,,,,,,,,,,,,,,,,,,,23,,,,,,0,,,,,,,,,,,,,,,,,,,,,,,,,,,,
2013-12-11,S1F024ZZ,ST3000DM001,3000592982016,0,,150845360,,,,,,,,0,,,,,,15239,,,,,,,,,,,,,,,,,,,,,,,,,,,,,,21,,,,,,0,,,,,,,,,,,,,,,,,,,,,,,,,,,,
2013-12-11,Z1F19QHH,ST3000DM001,3000592982016,0,,120295368,,,,,,,,0,,,,,,8178,,,,,,,,,,,,,,,,,,,,,,,,,,,,,,20,,,,,,0,,,,,,,,,,,,,,,,,,,,,,,,,,,,
2013-12-11,JK1105B8JS1H1X,Hitachi HDS722020ALA330,2000398934016,0,,0,,,,,,,,0,,,,,,22698,,,,,,,,,,,,,,,,,,,,,,,,,,,,,,30,,,,,,0,,,,,,,,,,,,,,,,,,,,,,,,,,,,
2013-12-11,PL1311LAG2A2LA,Hitachi HDS5C4040ALE630,4000787030016,0,,0,,,,,,,,0,,,,,,6616,,,,,,,,,,,,,,,,,,,,,,,,,,,,,,24,,,,,,0,,,,,,,,,,,,,,,,,,,,,,,,,,,,
2013-12-11,JK11A4B8J378WW,Hitachi HDS722020ALA330,2000398934016,0,,1,,,,,,,,0,,,,,,26024,,,,,,,,,,,,,,,,,,,,,,,,,,,,,,27,,,,,,0,,,,,,,,,,,,,,,,,,,,,,,,,,,,
2013-12-11,PL1311LAG16ZAA,Hitachi HDS5C4040ALE630,4000787030016,0,,0,,,,,,,,0,,,,,,6653,,,,,,,,,,,,,,,,,,,,,,,,,,,,,,25,,,,,,0,,,,,,,,,,,,,,,,,,,,,,,,,,,,
2013-12-11,Z1F19QH0,ST3000DM001,3000592982016,0,,33960240,,,,,,,,0,,,,,,8203,,,,,,,,,,,,,,,,,,,,,,,,,,,,,,26,,,,,,0,,,,,,,,,,,,,,,,,,,,,,,,,,,,
2013-12-11,W300A8VN,ST4000DM000,4000787030016,0,,157153480,,,,,,,,0,,,,,,4140,,,,,,,,,,,,,,,,,,,,,,,,,,,,,,25,,,,,,0,,,,,,,,,,,,,,,,,,,,,,,,,,,,
2013-12-11,MJ0351YNG9URYA,Hitachi HDS5C3030ALA630,3000592982016,0,,0,,,,,,,,0,,,,,,9905,,,,,,,,,,,,,,,,,,,,,,,,,,,,,,24,,,,,,0,,,,,,,,,,,,,,,,,,,,,,,,,,,,
2013-12-11,MK0311YHGKKE7A,Hitachi HDS723030ALA640,3000592982016,0,,65536,,,,,,,,75,,,,,,16682,,,,,,,,,,,,,,,,,,,,,,,,,,,,,,23,,,,,,0,,,,,,,,,,,,,,,,,,,,,,,,,,,,
2013-12-11,PL1321LAG3572H,Hitachi HDS5C4040ALE630,4000787030016,0,,0,,,,,,,,0,,,,,,6653,,,,,,,,,,,,,,,,,,,,,,,,,,,,,,26,,,,,,0,,,,,,,,,,,,,,,,,,,,,,,,,,,,
2013-12-11,JK11A8B9J3EVMF,Hitachi HDS722020ALA330,2000398934016,0,,0,,,,,,,,0,,,,,,22699,,,,,,,,,,,,,,,,,,,,,,,,,,,,,,28,,,,,,0,,,,,,,,,,,,,,,,,,,,,,,,,,,,
2013-12-11,WD-WCAU42456127,WDC WD10EACS,1000204886016,0,,1,,,,,,,,0,,,,,,43133,,,,,,,,,,,,,,,,,,,,,,,,,,,,,,17,,,,,,0,,,,,,,,,,,,,,,,,,,,,,,,,,,,
2013-12-11,JK11A8B9J7E6ZF,Hitachi HDS722020ALA330,2000398934016,0,,0,,,,,,,,0,,,,,,22687,,,,,,,,,,,,,,,,,,,,,,,,,,,,,,25,,,,,,0,,,,,,,,,,,,,,,,,,,,,,,,,,,,
2013-12-11,Z290VRQ9,ST33000651AS,3000592982016,0,,54057482,,,,,,,,0,,,,,,15603,,,,,,,,,,,,,,,,,,,,,,,,,,,,,,24,,,,,,0,,,,,,,,,,,,,,,,,,,,,,,,,,,,
2013-12-11,JK1101B9JPEXYR,Hitachi HDS722020ALA330,2000398934016,0,,65536,,,,,,,,0,,,,,,23988,,,,,,,,,,,,,,,,,,,,,,,,,,,,,,25,,,,,,0,,,,,,,,,,,,,,,,,,,,,,,,,,,,
2013-12-11,MJ1311YNG7BXSA,Hitachi HDS5C3030ALA630,3000592982016,0,,0,,,,,,,,0,,,,,,14620,,,,,,,,,,,,,,,,,,,,,,,,,,,,,,20,,,,,,0,,,,,,,,,,,,,,,,,,,,,,,,,,,,
2013-12-11,Z300GPP9,ST4000DM000,4000787030016,0,,162415384,,,,,,,,0,,,,,,3627,,,,,,,,,,,,,,,,,,,,,,,,,,,,,,21,,,,,,0,,,,,,,,,,,,,,,,,,,,,,,,,,,,
2013-12-11,W1F0REFW,ST3000DM001,3000592982016,0,,143997680,,,,,,,,0,,,,,,12616,,,,,,,,,,,,,,,,,,,,,,,,,,,,,,25,,,,,,0,,,,,,,,,,,,,,,,,,,,,,,,,,,,
2013-12-11,JK11A8B9GNL1YF,Hitachi HDS722020ALA330,2000398934016,0,,65536,,,,,,,,1,,,,,,26480,,,,,,,,,,,,,,,,,,,,,,,,,,,,,,29,,,,,,0,,,,,,,,,,,,,,,,,,,,,,,,,,,,
2013-12-11,6XW0XRHS,ST31500541AS,1500301910016,0,,122471247,,,,,,,,0,,,,,,22657,,,,,,,,,,,,,,,,,,,,,,,,,,,,,,19,,,,,,0,,,,,,,,,,,,,,,,,,,,,,,,,,,,
2013-12-11,Z300K91A,ST4000DM000,4000787030016,0,,7617888,,,,,,,,0,,,,,,2257,,,,,,,,,,,,,,,,,,,,,,,,,,,,,,21,,,,,,0,,,,,,,,,,,,,,,,,,,,,,,,,,,,
2013-12-11,PL2310LAG04XJC,Hitachi HDS5C4040ALE630,4000787030016,0,,0,,,,,,,,0,,,,,,12997,,,,,,,,,,,,,,,,,,,,,,,,,,,,,,27,,,,,,0,,,,,,,,,,,,,,,,,,,,,,,,,,,,
2013-12-11,W30091BN,ST4000DM000,4000787030016,0,,99756168,,,,,,,,0,,,,,,4168,,,,,,,,,,,,,,,,,,,,,,,,,,,,,,27,,,,,,0,,,,,,,,,,,,,,,,,,,,,,,,,,,,
2013-12-11,S1F0LBSM,ST3000DM001,3000592982016,0,,117904360,,,,,,,,0,,,,,,12248,,,,,,,,,,,,,,,,,,,,,,,,,,,,,,23,,,,,,0,,,,,,,,,,,,,,,,,,,,,,,,,,,,
2013-12-11,WD-WCAU47258811,WDC WD10EADS,1000204886016,0,,2,,,,,,,,0,,,,,,40634,,,,,,,,,,,,,,,,,,,,,,,,,,,,,,20,,,,,,0,,,,,,,,,,,,,,,,,,,,,,,,,,,,
2013-12-11,Z300H35G,ST4000DM000,4000787030016,0,,72347760,,,,,,,,0,,,,,,1331,,,,,,,,,,,,,,,,,,,,,,,,,,,,,,23,,,,,,0,,,,,,,,,,,,,,,,,,,,,,,,,,,,
2013-12-11,W30091BC,ST4000DM000,4000787030016,0,,182525504,,,,,,,,0,,,,,,4166,,,,,,,,,,,,,,,,,,,,,,,,,,,,,,24,,,,,,0,,,,,,,,,,,,,,,,,,,,,,,,,,,,
2013-12-11,JK11A8B9J7BK4F,Hitachi HDS722020ALA330,2000398934016,0,,0,,,,,,,,0,,,,,,22022,,,,,,,,,,,,,,,,,,,,,,,,,,,,,,27,,,,,,0,,,,,,,,,,,,,,,,,,,,,,,,,,,,
2013-12-11,W1F08GKT,ST3000DM001,3000592982016,0,,126895224,,,,,,,,680,,,,,,13913,,,,,,,,,,,,,,,,,,,,,,,,,,,,,,24,,,,,,0,,,,,,,,,,,,,,,,,,,,,,,,,,,,
2013-12-11,W1F08GKZ,ST3000DM001,3000592982016,0,,12061136,,,,,,,,0,,,,,,16145,,,,,,,,,,,,,,,,,,,,,,,,,,,,,,19,,,,,,0,,,,,,,,,,,,,,,,,,,,,,,,,,,,
2013-12-11,W1F08GKC,ST3000DM001,3000592982016,0,,43318648,,,,,,,,0,,,,,,16199,,,,,,,,,,,,,,,,,,,,,,,,,,,,,,24,,,,,,0,,,,,,,,,,,,,,,,,,,,,,,,,,,,
2013-12-11,W1F08GKF,ST3000DM001,3000592982016,0,,64889688,,,,,,,,264,,,,,,16150,,,,,,,,,,,,,,,,,,,,,,,,,,,,,,20,,,,,,0,,,,,,,,,,,,,,,,,,,,,,,,,,,,
2013-12-11,WD-WCAWZ1334452,WDC WD30EZRX,3000592982016,0,,0,,,,,,,,0,,,,,,16991,,,,,,,,,,,,,,,,,,,,,,,,,,,,,,22,,,,,,2,,,,,,,,,,,,,,,,,,,,,,,,,,,,
2013-12-11,Z300GPPT,ST4000DM000,4000787030016,0,,122779448,,,,,,,,0,,,,,,3584,,,,,,,,,,,,,,,,,,,,,,,,,,,,,,22,,,,,,0,,,,,,,,,,,,,,,,,,,,,,,,,,,,
2013-12-11,Z300GPPX,ST4000DM000,4000787030016,0,,96344216,,,,,,,,0,,,,,,3582,,,,,,,,,,,,,,,,,,,,,,,,,,,,,,22,,,,,,0,,,,,,,,,,,,,,,,,,,,,,,,,,,,
2013-12-11,Z300GPPY,ST4000DM000,4000787030016,0,,58612120,,,,,,,,0,,,,,,3582,,,,,,,,,,,,,,,,,,,,,,,,,,,,,,23,,,,,,0,,,,,,,,,,,,,,,,,,,,,,,,,,,,
2013-12-11,JK1105B8GB6DVX,Hitachi HDS722020ALA330,2000398934016,0,,0,,,,,,,,0,,,,,,26859,,,,,,,,,,,,,,,,,,,,,,,,,,,,,,30,,,,,,0,,,,,,,,,,,,,,,,,,,,,,,,,,,,
2013-12-11,MJ0351YNG9XZ2A,Hitachi HDS5C3030ALA630,3000592982016,0,,0,,,,,,,,0,,,,,,8093,,,,,,,,,,,,,,,,,,,,,,,,,,,,,,23,,,,,,0,,,,,,,,,,,,,,,,,,,,,,,,,,,,
2013-12-11,JK1131YAJGSR0V,Hitachi HDS722020ALA330,2000398934016,0,,0,,,,,,,,0,,,,,,30254,,,,,,,,,,,,,,,,,,,,,,,,,,,,,,28,,,,,,0,,,,,,,,,,,,,,,,,,,,,,,,,,,,
2013-12-11,Z300GPPG,ST4000DM000,4000787030016,0,,238386240,,,,,,,,0,,,,,,3582,,,,,,,,,,,,,,,,,,,,,,,,,,,,,,20,,,,,,0,,,,,,,,,,,,,,,,,,,,,,,,,,,,
2013-12-11,W3009A7W,ST4000DM000,4000787030016,0,,165040400,,,,,,,,0,,,,,,4147,,,,,,,,,,,,,,,,,,,,,,,,,,,,,,21,,,,,,0,,,,,,,,,,,,,,,,,,,,,,,,,,,,
2013-12-11,PL1321LAGAB5PH,Hitachi HDS5C4040ALE630,4000787030016,0,,0,,,,,,,,0,,,,,,5076,,,,,,,,,,,,,,,,,,,,,,,,,,,,,,23,,,,,,0,,,,,,,,,,,,,,,,,,,,,,,,,,,,
2013-12-11,MJ1311YNG227SA,Hitachi HDS5C3030ALA630,3000592982016,0,,0,,,,,,,,0,,,,,,19586,,,,,,,,,,,,,,,,,,,,,,,,,,,,,,23,,,,,,0,,,,,,,,,,,,,,,,,,,,,,,,,,,,
2013-12-11,Z300GPPN,ST4000DM000,4000787030016,0,,43406624,,,,,,,,0,,,,,,3582,,,,,,,,,,,,,,,,,,,,,,,,,,,,,,21,,,,,,0,,,,,,,,,,,,,,,,,,,,,,,,,,,,
2013-12-11,PL1331LAGB2H3H,Hitachi HDS5C4040ALE630,4000787030016,0,,0,,,,,,,,0,,,,,,5071,,,,,,,,,,,,,,,,,,,,,,,,,,,,,,32,,,,,,0,,,,,,,,,,,,,,,,,,,,,,,,,,,,
2013-12-11,Z300CM8B,ST4000DM000,4000787030016,0,,1779416,,,,,,,,0,,,,,,2224,,,,,,,,,,,,,,,,,,,,,,,,,,,,,,20,,,,,,0,,,,,,,,,,,,,,,,,,,,,,,,,,,,
2013-12-11,Z1F0E1CS,ST3000DM001,3000592982016,0,,54593696,,,,,,,,0,,,,,,11693,,,,,,,,,,,,,,,,,,,,,,,,,,,,,,27,,,,,,0,,,,,,,,,,,,,,,,,,,,,,,,,,,,
2013-12-11,Z300CM8F,ST4000DM000,4000787030016,0,,241486624,,,,,,,,0,,,,,,2243,,,,,,,,,,,,,,,,,,,,,,,,,,,,,,22,,,,,,0,,,,,,,,,,,,,,,,,,,,,,,,,,,,
2013-12-11,Z300CM8J,ST4000DM000,4000787030016,0,,86519872,,,,,,,,0,,,,,,2219,,,,,,,,,,,,,,,,,,,,,,,,,,,,,,23,,,,,,0,,,,,,,,,,,,,,,,,,,,,,,,,,,,
2013-12-11,5YD48V4R,ST1500DL003,1500301910016,0,,21189344,,,,,,,,0,,,,,,3799,,,,,,,,,,,,,,,,,,,,,,,,,,,,,,28,,,,,,0,,,,,,,,,,,,,,,,,,,,,,,,,,,,
2013-12-11,Z1F19L62,ST3000DM001,3000592982016,0,,27524056,,,,,,,,0,,,,,,8204,,,,,,,,,,,,,,,,,,,,,,,,,,,,,,27,,,,,,0,,,,,,,,,,,,,,,,,,,,,,,,,,,,
2013-12-11,PL1311LAG14K1A,Hitachi HDS5C4040ALE630,4000787030016,0,,0,,,,,,,,0,,,,,,7759,,,,,,,,,,,,,,,,,,,,,,,,,,,,,,22,,,,,,0,,,,,,,,,,,,,,,,,,,,,,,,,,,,
2013-12-11,W1F0X731,ST3000DM001,3000592982016,0,,164464616,,,,,,,,0,,,,,,10743,,,,,,,,,,,,,,,,,,,,,,,,,,,,,,26,,,,,,0,,,,,,,,,,,,,,,,,,,,,,,,,,,,
2013-12-11,JK1101B8GLG5EZ,Hitachi HDS722020ALA330,2000398934016,0,,0,,,,,,,,0,,,,,,26764,,,,,,,,,,,,,,,,,,,,,,,,,,,,,,26,,,,,,0,,,,,,,,,,,,,,,,,,,,,,,,,,,,
2013-12-11,JK11A8B9J9KPXF,Hitachi HDS722020ALA330,2000398934016,0,,0,,,,,,,,0,,,,,,24983,,,,,,,,,,,,,,,,,,,,,,,,,,,,,,27,,,,,,0,,,,,,,,,,,,,,,,,,,,,,,,,,,,
2013-12-11,6XW01EP3,ST31500541AS,1500301910016,0,,67913901,,,,,,,,0,,,,,,35775,,,,,,,,,,,,,,,,,,,,,,,,,,,,,,21,,,,,,0,,,,,,,,,,,,,,,,,,,,,,,,,,,,
2013-12-11,W1F0X73A,ST3000DM001,3000592982016,0,,78236816,,,,,,,,0,,,,,,10737,,,,,,,,,,,,,,,,,,,,,,,,,,,,,,21,,,,,,0,,,,,,,,,,,,,,,,,,,,,,,,,,,,
2013-12-11,S1F049RE,ST3000DM001,3000592982016,0,,16243840,,,,,,,,0,,,,,,16198,,,,,,,,,,,,,,,,,,,,,,,,,,,,,,25,,,,,,0,,,,,,,,,,,,,,,,,,,,,,,,,,,,
2013-12-11,Z300CM85,ST4000DM000,4000787030016,0,,66411664,,,,,,,,0,,,,,,2224,,,,,,,,,,,,,,,,,,,,,,,,,,,,,,19,,,,,,0,,,,,,,,,,,,,,,,,,,,,,,,,,,,
2013-12-11,MJ1323YNG1LHKC,Hitachi HDS5C3030ALA630,3000592982016,0,,16384615,,,,,,,,1,,,,,,19766,,,,,,,,,,,,,,,,,,,,,,,,,,,,,,26,,,,,,6296,,,,,,,,,,,,,,,,,,,,,,,,,,,,
2013-12-11,9VS0XFQ7,ST31500341AS,1500301910016,0,,224127805,,,,,,,,17,,,,,,18388,,,,,,,,,,,,,,,,,,,,,,,,,,,,,,25,,,,,,0,,,,,,,,,,,,,,,,,,,,,,,,,,,,
2013-12-11,JK11A8B9J7MGDF,Hitachi HDS722020ALA330,2000398934016,0,,0,,,,,,,,0,,,,,,23577,,,,,,,,,,,,,,,,,,,,,,,,,,,,,,25,,,,,,0,,,,,,,,,,,,,,,,,,,,,,,,,,,,
2013-12-11,W1F0W5XL,ST3000DM001,3000592982016,0,,190794544,,,,,,,,0,,,,,,11638,,,,,,,,,,,,,,,,,,,,,,,,,,,,,,24,,,,,,0,,,,,,,,,,,,,,,,,,,,,,,,,,,,
2013-12-11,JK1175YAHU7DNX,Hitachi HDS722020ALA330,2000398934016,0,,4456532,,,,,,,,2,,,,,,30492,,,,,,,,,,,,,,,,,,,,,,,,,,,,,,29,,,,,,0,,,,,,,,,,,,,,,,,,,,,,,,,,,,
2013-12-11,JK11A8B9J5HSKF,Hitachi HDS722020ALA330,2000398934016,0,,0,,,,,,,,0,,,,,,24983,,,,,,,,,,,,,,,,,,,,,,,,,,,,,,30,,,,,,0,,,,,,,,,,,,,,,,,,,,,,,,,,,,
2013-12-11,PL1311LAG1B83A,Hitachi HDS5C4040ALE630,4000787030016,0,,0,,,,,,,,0,,,,,,6614,,,,,,,,,,,,,,,,,,,,,,,,,,,,,,27,,,,,,0,,,,,,,,,,,,,,,,,,,,,,,,,,,,
2013-12-11,JK1105B8GG4NRX,Hitachi HDS722020ALA330,2000398934016,0,,0,,,,,,,,0,,,,,,26767,,,,,,,,,,,,,,,,,,,,,,,,,,,,,,23,,,,,,0,,,,,,,,,,,,,,,,,,,,,,,,,,,,
2013-12-11,MJ0351YNG9RW8A,Hitachi HDS5C3030ALA630,3000592982016,0,,0,,,,,,,,0,,,,,,8870,,,,,,,,,,,,,,,,,,,,,,,,,,,,,,27,,,,,,0,,,,,,,,,,,,,,,,,,,,,,,,,,,,
2013-12-11,PL1311LAG3BA0H,Hitachi HDS5C4040ALE630,4000787030016,0,,0,,,,,,,,0,,,,,,5302,,,,,,,,,,,,,,,,,,,,,,,,,,,,,,28,,,,,,0,,,,,,,,,,,,,,,,,,,,,,,,,,,,
2013-12-11,MK0311YHGK2MDA,Hitachi HDS723030ALA640,3000592982016,0,,0,,,,,,,,0,,,,,,14732,,,,,,,,,,,,,,,,,,,,,,,,,,,,,,29,,,,,,0,,,,,,,,,,,,,,,,,,,,,,,,,,,,
2013-12-11,S1F0QYYB,ST3000DM001,3000592982016,0,,176811552,,,,,,,,0,,,,,,11688,,,,,,,,,,,,,,,,,,,,,,,,,,,,,,26,,,,,,0,,,,,,,,,,,,,,,,,,,,,,,,,,,,
2013-12-11,6XW03V1L,ST31500541AS,1500301910016,0,,200453165,,,,,,,,0,,,,,,37280,,,,,,,,,,,,,,,,,,,,,,,,,,,,,,23,,,,,,0,,,,,,,,,,,,,,,,,,,,,,,,,,,,
2013-12-11,W300HCPE,ST4000DM000,4000787030016,0,,33171672,,,,,,,,0,,,,,,2224,,,,,,,,,,,,,,,,,,,,,,,,,,,,,,27,,,,,,0,,,,,,,,,,,,,,,,,,,,,,,,,,,,
2013-12-11,MJ1311YNG36P8A,Hitachi HDS5C3030ALA630,3000592982016,0,,0,,,,,,,,0,,,,,,18315,,,,,,,,,,,,,,,,,,,,,,,,,,,,,,22,,,,,,0,,,,,,,,,,,,,,,,,,,,,,,,,,,,
2013-12-11,W300D29E,ST4000DM000,4000787030016,0,,177640664,,,,,,,,0,,,,,,777,,,,,,,,,,,,,,,,,,,,,,,,,,,,,,23,,,,,,0,,,,,,,,,,,,,,,,,,,,,,,,,,,,
2013-12-11,PL1311LAG3EGXH,Hitachi HDS5C4040ALE630,4000787030016,0,,0,,,,,,,,0,,,,,,5670,,,,,,,,,,,,,,,,,,,,,,,,,,,,,,15,,,,,,0,,,,,,,,,,,,,,,,,,,,,,,,,,,,
2013-12-11,S1F04BPM,ST3000DM001,3000592982016,0,,96540864,,,,,,,,14752,,,,,,15190,,,,,,,,,,,,,,,,,,,,,,,,,,,,,,25,,,,,,48,,,,,,,,,,,,,,,,,,,,,,,,,,,,
2013-12-11,W1F0Z4HX,ST3000DM001,3000592982016,0,,145524712,,,,,,,,0,,,,,,10721,,,,,,,,,,,,,,,,,,,,,,,,,,,,,,26,,,,,,0,,,,,,,,,,,,,,,,,,,,,,,,,,,,
2013-12-11,WD-WCAU47204573,WDC WD10EADS,1000204886016,0,,5,,,,,,,,0,,,,,,40889,,,,,,,,,,,,,,,,,,,,,,,,,,,,,,32,,,,,,0,,,,,,,,,,,,,,,,,,,,,,,,,,,,
2013-12-11,W1F0Z4HE,ST3000DM001,3000592982016,0,,110359672,,,,,,,,0,,,,,,10771,,,,,,,,,,,,,,,,,,,,,,,,,,,,,,23,,,,,,0,,,,,,,,,,,,,,,,,,,,,,,,,,,,
2013-12-11,MJ0351YNG9XXAA,Hitachi HDS5C3030ALA630,3000592982016,0,,0,,,,,,,,0,,,,,,9475,,,,,,,,,,,,,,,,,,,,,,,,,,,,,,28,,,,,,0,,,,,,,,,,,,,,,,,,,,,,,,,,,,
2013-12-11,JK1101B9JRN30F,Hitachi HDS722020ALA330,2000398934016,0,,0,,,,,,,,0,,,,,,21478,,,,,,,,,,,,,,,,,,,,,,,,,,,,,,24,,,,,,0,,,,,,,,,,,,,,,,,,,,,,,,,,,,
2013-12-11,JK1101B9GEHPTT,Hitachi HDS722020ALA330,2000398934016,0,,2,,,,,,,,0,,,,,,27487,,,,,,,,,,,,,,,,,,,,,,,,,,,,,,28,,,,,,0,,,,,,,,,,,,,,,,,,,,,,,,,,,,
2013-12-11,MK0311YHGGUG1A,Hitachi HDS723030ALA640,3000592982016,0,,1,,,,,,,,0,,,,,,17012,,,,,,,,,,,,,,,,,,,,,,,,,,,,,,27,,,,,,0,,,,,,,,,,,,,,,,,,,,,,,,,,,,
2013-12-11,9VS101V3,ST31500341AS,1500301910016,0,,95987281,,,,,,,,2,,,,,,40073,,,,,,,,,,,,,,,,,,,,,,,,,,,,,,30,,,,,,0,,,,,,,,,,,,,,,,,,,,,,,,,,,,
2013-12-11,MJ0351YNG9YTPA,Hitachi HDS5C3030ALA630,3000592982016,0,,0,,,,,,,,0,,,,,,8870,,,,,,,,,,,,,,,,,,,,,,,,,,,,,,28,,,,,,0,,,,,,,,,,,,,,,,,,,,,,,,,,,,
2013-12-11,MJ0351YNGABXTA,Hitachi HDS5C3030ALA630,3000592982016,0,,0,,,,,,,,0,,,,,,8214,,,,,,,,,,,,,,,,,,,,,,,,,,,,,,29,,,,,,0,,,,,,,,,,,,,,,,,,,,,,,,,,,,
2013-12-11,JK11A4YAKDWN6W,Hitachi HDS722020ALA330,2000398934016,0,,131072,,,,,,,,0,,,,,,27871,,,,,,,,,,,,,,,,,,,,,,,,,,,,,,27,,,,,,0,,,,,,,,,,,,,,,,,,,,,,,,,,,,
2013-12-11,6XW01V17,ST31500541AS,1500301910016,0,,128460343,,,,,,,,529,,,,,,36643,,,,,,,,,,,,,,,,,,,,,,,,,,,,,,22,,,,,,0,,,,,,,,,,,,,,,,,,,,,,,,,,,,
2013-12-11,JK11A8B9J8H86F,Hitachi HDS722020ALA330,2000398934016,0,,0,,,,,,,,0,,,,,,24983,,,,,,,,,,,,,,,,,,,,,,,,,,,,,,29,,,,,,0,,,,,,,,,,,,,,,,,,,,,,,,,,,,
2013-12-11,W300E1GT,ST4000DM000,4000787030016,0,,144965768,,,,,,,,0,,,,,,4140,,,,,,,,,,,,,,,,,,,,,,,,,,,,,,25,,,,,,0,,,,,,,,,,,,,,,,,,,,,,,,,,,,
2013-12-11,WD-WCAWZ0994509,WDC WD30EZRX,3000592982016,0,,2,,,,,,,,0,,,,,,17010,,,,,,,,,,,,,,,,,,,,,,,,,,,,,,20,,,,,,1,,,,,,,,,,,,,,,,,,,,,,,,,,,,
2013-12-11,MJ1311YNG7GYAA,Hitachi HDS5C3030ALA630,3000592982016,0,,0,,,,,,,,0,,,,,,14575,,,,,,,,,,,,,,,,,,,,,,,,,,,,,,20,,,,,,0,,,,,,,,,,,,,,,,,,,,,,,,,,,,
2013-12-11,MJ1311YNG2UD4A,Hitachi HDS5C3030ALA630,3000592982016,0,,59,,,,,,,,5,,,,,,18385,,,,,,,,,,,,,,,,,,,,,,,,,,,,,,24,,,,,,2,,,,,,,,,,,,,,,,,,,,,,,,,,,,
2013-12-11,5XW2HTTJ,ST32000542AS,2000398934016,0,,87085099,,,,,,,,0,,,,,,7199,,,,,,,,,,,,,,,,,,,,,,,,,,,,,,24,,,,,,0,,,,,,,,,,,,,,,,,,,,,,,,,,,,
2013-12-11,Z300H2CQ,ST4000DM000,4000787030016,0,,127903472,,,,,,,,0,,,,,,1298,,,,,,,,,,,,,,,,,,,,,,,,,,,,,,22,,,,,,0,,,,,,,,,,,,,,,,,,,,,,,,,,,,
2013-12-11,Z300E23S,ST4000DM000,4000787030016,0,,131115112,,,,,,,,0,,,,,,2857,,,,,,,,,,,,,,,,,,,,,,,,,,,,,,24,,,,,,0,,,,,,,,,,,,,,,,,,,,,,,,,,,,
2013-12-11,PL1311LAG1RVGA,Hitachi HDS5C4040ALE630,4000787030016,0,,0,,,,,,,,0,,,,,,7759,,,,,,,,,,,,,,,,,,,,,,,,,,,,,,22,,,,,,0,,,,,,,,,,,,,,,,,,,,,,,,,,,,
2013-12-11,Z300KGG0,ST4000DM000,4000787030016,0,,101234304,,,,,,,,0,,,,,,105,,,,,,,,,,,,,,,,,,,,,,,,,,,,,,24,,,,,,0,,,,,,,,,,,,,,,,,,,,,,,,,,,,
2013-12-11,JK11A8B9J3AYBF,Hitachi HDS722020ALA330,2000398934016,0,,0,,,,,,,,0,,,,,,24492,,,,,,,,,,,,,,,,,,,,,,,,,,,,,,31,,,,,,0,,,,,,,,,,,,,,,,,,,,,,,,,,,,
2013-12-11,Z300P94R,ST4000DM000,4000787030016,0,,223345080,,,,,,,,0,,,,,,1231,,,,,,,,,,,,,,,,,,,,,,,,,,,,,,21,,,,,,0,,,,,,,,,,,,,,,,,,,,,,,,,,,,
2013-12-11,W300C4RN,ST4000DM000,4000787030016,0,,7065400,,,,,,,,0,,,,,,4140,,,,,,,,,,,,,,,,,,,,,,,,,,,,,,24,,,,,,0,,,,,,,,,,,,,,,,,,,,,,,,,,,,
2013-12-11,Z300P94W,ST4000DM000,4000787030016,0,,159475056,,,,,,,,0,,,,,,1450,,,,,,,,,,,,,,,,,,,,,,,,,,,,,,23,,,,,,0,,,,,,,,,,,,,,,,,,,,,,,,,,,,
2013-12-11,W300C11T,ST4000DM000,4000787030016,0,,213766856,,,,,,,,0,,,,,,4136,,,,,,,,,,,,,,,,,,,,,,,,,,,,,,22,,,,,,0,,,,,,,,,,,,,,,,,,,,,,,,,,,,
2013-12-11,Z300P94Z,ST4000DM000,4000787030016,0,,210979528,,,,,,,,0,,,,,,1094,,,,,,,,,,,,,,,,,,,,,,,,,,,,,,22,,,,,,0,,,,,,,,,,,,,,,,,,,,,,,,,,,,
2013-12-11,MJ1311YNG611HA,Hitachi HDS5C3030ALA630,3000592982016,0,,0,,,,,,,,0,,,,,,14621,,,,,,,,,,,,,,,,,,,,,,,,,,,,,,23,,,,,,0,,,,,,,,,,,,,,,,,,,,,,,,,,,,
2013-12-11,MJ0351YNG9UP1A,Hitachi HDS5C3030ALA630,3000592982016,0,,0,,,,,,,,0,,,,,,9483,,,,,,,,,,,,,,,,,,,,,,,,,,,,,,28,,,,,,0,,,,,,,,,,,,,,,,,,,,,,,,,,,,
2013-12-11,Z300XE6J,ST4000DM000,4000787030016,0,,43514864,,,,,,,,0,,,,,,918,,,,,,,,,,,,,,,,,,,,,,,,,,,,,,20,,,,,,0,,,,,,,,,,,,,,,,,,,,,,,,,,,,
2013-12-11,JK1101B9JP3RDF,Hitachi HDS722020ALA330,2000398934016,0,,0,,,,,,,,0,,,,,,24100,,,,,,,,,,,,,,,,,,,,,,,,,,,,,,25,,,,,,0,,,,,,,,,,,,,,,,,,,,,,,,,,,,
2013-12-11,9VS28B7T,ST31500341AS,1500301910016,0,,219101112,,,,,,,,120,,,,,,38494,,,,,,,,,,,,,,,,,,,,,,,,,,,,,,25,,,,,,0,,,,,,,,,,,,,,,,,,,,,,,,,,,,
2013-12-11,5XW029ZZ,ST31500541AS,1500301910016,0,,70024634,,,,,,,,0,,,,,,37433,,,,,,,,,,,,,,,,,,,,,,,,,,,,,,23,,,,,,0,,,,,,,,,,,,,,,,,,,,,,,,,,,,
2013-12-11,MJ0351YNG9YH1A,Hitachi HDS5C3030ALA630,3000592982016,0,,0,,,,,,,,0,,,,,,9773,,,,,,,,,,,,,,,,,,,,,,,,,,,,,,26,,,,,,0,,,,,,,,,,,,,,,,,,,,,,,,,,,,
2013-12-11,JK11A8B9J12L9F,Hitachi HDS722020ALA330,2000398934016,0,,0,,,,,,,,0,,,,,,23946,,,,,,,,,,,,,,,,,,,,,,,,,,,,,,27,,,,,,0,,,,,,,,,,,,,,,,,,,,,,,,,,,,
2013-12-11,9VS0VSFA,ST31500341AS,1500301910016,0,,183273969,,,,,,,,18,,,,,,17766,,,,,,,,,,,,,,,,,,,,,,,,,,,,,,25,,,,,,0,,,,,,,,,,,,,,,,,,,,,,,,,,,,
2013-12-11,6XW03BEW,ST31500541AS,1500301910016,0,,243992602,,,,,,,,0,,,,,,36916,,,,,,,,,,,,,,,,,,,,,,,,,,,,,,22,,,,,,0,,,,,,,,,,,,,,,,,,,,,,,,,,,,
2013-12-11,JK1101B8JP8TLZ,Hitachi HDS722020ALA330,2000398934016,0,,0,,,,,,,,0,,,,,,24426,,,,,,,,,,,,,,,,,,,,,,,,,,,,,,26,,,,,,0,,,,,,,,,,,,,,,,,,,,,,,,,,,,
2013-12-11,S1F0318A,ST3000DM001,3000592982016,0,,128121856,,,,,,,,0,,,,,,15344,,,,,,,,,,,,,,,,,,,,,,,,,,,,,,24,,,,,,0,,,,,,,,,,,,,,,,,,,,,,,,,,,,
2013-12-11,W1F0KTDQ,ST3000DM001,3000592982016,0,,167569984,,,,,,,,0,,,,,,11022,,,,,,,,,,,,,,,,,,,,,,,,,,,,,,24,,,,,,0,,,,,,,,,,,,,,,,,,,,,,,,,,,,
2013-12-11,5YD5SC1K,ST1500DL003,1500301910016,0,,7110144,,,,,,,,0,,,,,,3347,,,,,,,,,,,,,,,,,,,,,,,,,,,,,,23,,,,,,0,,,,,,,,,,,,,,,,,,,,,,,,,,,,
2013-12-11,JK1105B8GG4UJX,Hitachi HDS722020ALA330,2000398934016,0,,786440,,,,,,,,7,,,,,,27212,,,,,,,,,,,,,,,,,,,,,,,,,,,,,,26,,,,,,2,,,,,,,,,,,,,,,,,,,,,,,,,,,,
2013-12-11,6XW03WCC,ST31500541AS,1500301910016,0,,46070229,,,,,,,,0,,,,,,35783,,,,,,,,,,,,,,,,,,,,,,,,,,,,,,18,,,,,,0,,,,,,,,,,,,,,,,,,,,,,,,,,,,
2013-12-11,PL1311LAG3E91H,Hitachi HDS5C4040ALE630,4000787030016,0,,0,,,,,,,,0,,,,,,2981,,,,,,,,,,,,,,,,,,,,,,,,,,,,,,22,,,,,,0,,,,,,,,,,,,,,,,,,,,,,,,,,,,
2013-12-11,6XW03BE0,ST31500541AS,1500301910016,0,,84183041,,,,,,,,0,,,,,,36914,,,,,,,,,,,,,,,,,,,,,,,,,,,,,,19,,,,,,0,,,,,,,,,,,,,,,,,,,,,,,,,,,,
2013-12-11,MJ1323YNG10ARC,Hitachi HDS5C3030ALA630,3000592982016,0,,0,,,,,,,,0,,,,,,19310,,,,,,,,,,,,,,,,,,,,,,,,,,,,,,29,,,,,,0,,,,,,,,,,,,,,,,,,,,,,,,,,,,
2013-12-11,9VS1QWWL,ST31500341AS,1500301910016,0,,90985942,,,,,,,,12,,,,,,40235,,,,,,,,,,,,,,,,,,,,,,,,,,,,,,28,,,,,,0,,,,,,,,,,,,,,,,,,,,,,,,,,,,
2013-12-11,JK11A8B9J8HP6F,Hitachi HDS722020ALA330,2000398934016,0,,0,,,,,,,,0,,,,,,25539,,,,,,,,,,,,,,,,,,,,,,,,,,,,,,28,,,,,,0,,,,,,,,,,,,,,,,,,,,,,,,,,,,
2013-12-11,MJ0351YNGA3KLA,Hitachi HDS5C3030ALA630,3000592982016,0,,0,,,,,,,,0,,,,,,8639,,,,,,,,,,,,,,,,,,,,,,,,,,,,,,30,,,,,,0,,,,,,,,,,,,,,,,,,,,,,,,,,,,
2013-12-11,JK1101B9JPGB1F,Hitachi HDS722020ALA330,2000398934016,0,,0,,,,,,,,0,,,,,,24099,,,,,,,,,,,,,,,,,,,,,,,,,,,,,,25,,,,,,0,,,,,,,,,,,,,,,,,,,,,,,,,,,,
2013-12-11,6XW0W9AP,ST31500541AS,1500301910016,0,,43418163,,,,,,,,0,,,,,,33842,,,,,,,,,,,,,,,,,,,,,,,,,,,,,,21,,,,,,0,,,,,,,,,,,,,,,,,,,,,,,,,,,,
2013-12-11,JK1105B8GEJZAX,Hitachi HDS722020ALA330,2000398934016,0,,0,,,,,,,,1,,,,,,26858,,,,,,,,,,,,,,,,,,,,,,,,,,,,,,29,,,,,,0,,,,,,,,,,,,,,,,,,,,,,,,,,,,
2013-12-11,MK0333YHGPEXSC,Hitachi HDS723030ALA640,3000592982016,0,,0,,,,,,,,0,,,,,,17357,,,,,,,,,,,,,,,,,,,,,,,,,,,,,,25,,,,,,0,,,,,,,,,,,,,,,,,,,,,,,,,,,,
2013-12-11,JK1101B9KMYJ1F,Hitachi HDS722020ALA330,2000398934016,0,,0,,,,,,,,0,,,,,,23099,,,,,,,,,,,,,,,,,,,,,,,,,,,,,,23,,,,,,0,,,,,,,,,,,,,,,,,,,,,,,,,,,,
2013-12-11,Z300CPGZ,ST4000DM000,4000787030016,0,,197320224,,,,,,,,0,,,,,,2241,,,,,,,,,,,,,,,,,,,,,,,,,,,,,,21,,,,,,0,,,,,,,,,,,,,,,,,,,,,,,,,,,,
2013-12-11,S1F06JMQ,ST3000DM001,3000592982016,0,,30420512,,,,,,,,0,,,,,,13342,,,,,,,,,,,,,,,,,,,,,,,,,,,,,,29,,,,,,0,,,,,,,,,,,,,,,,,,,,,,,,,,,,
2013-12-11,MK0311YHGEUTZA,Hitachi HDS723030ALA640,3000592982016,0,,0,,,,,,,,0,,,,,,16075,,,,,,,,,,,,,,,,,,,,,,,,,,,,,,29,,,,,,0,,,,,,,,,,,,,,,,,,,,,,,,,,,,
2013-12-11,MJ1311YNG36NYA,Hitachi HDS5C3030ALA630,3000592982016,0,,0,,,,,,,,0,,,,,,18203,,,,,,,,,,,,,,,,,,,,,,,,,,,,,,28,,,,,,0,,,,,,,,,,,,,,,,,,,,,,,,,,,,
2013-12-11,PL1311LAG1RPUA,Hitachi HDS5C4040ALE630,4000787030016,0,,0,,,,,,,,0,,,,,,7457,,,,,,,,,,,,,,,,,,,,,,,,,,,,,,27,,,,,,0,,,,,,,,,,,,,,,,,,,,,,,,,,,,
2013-12-11,JK11A8B9J7839F,Hitachi HDS722020ALA330,2000398934016,0,,0,,,,,,,,0,,,,,,22696,,,,,,,,,,,,,,,,,,,,,,,,,,,,,,27,,,,,,0,,,,,,,,,,,,,,,,,,,,,,,,,,,,
2013-12-11,W300JRZL,ST4000DM000,4000787030016,0,,147380928,,,,,,,,0,,,,,,2248,,,,,,,,,,,,,,,,,,,,,,,,,,,,,,19,,,,,,0,,,,,,,,,,,,,,,,,,,,,,,,,,,,
2013-12-11,MJ1311YNG7K4PA,Hitachi HDS5C3030ALA630,3000592982016,0,,0,,,,,,,,0,,,,,,14682,,,,,,,,,,,,,,,,,,,,,,,,,,,,,,19,,,,,,0,,,,,,,,,,,,,,,,,,,,,,,,,,,,
2013-12-11,W300JRZK,ST4000DM000,4000787030016,0,,117702888,,,,,,,,0,,,,,,2220,,,,,,,,,,,,,,,,,,,,,,,,,,,,,,22,,,,,,0,,,,,,,,,,,,,,,,,,,,,,,,,,,,
2013-12-11,PL1311LAG20HXA,Hitachi HDS5C4040ALE630,4000787030016,0,,0,,,,,,,,0,,,,,,6653,,,,,,,,,,,,,,,,,,,,,,,,,,,,,,29,,,,,,0,,,,,,,,,,,,,,,,,,,,,,,,,,,,
2013-12-11,S1F0CT93,ST3000DM001,3000592982016,0,,143335536,,,,,,,,0,,,,,,12419,,,,,,,,,,,,,,,,,,,,,,,,,,,,,,35,,,,,,0,,,,,,,,,,,,,,,,,,,,,,,,,,,,
2013-12-11,Z300K8RZ,ST4000DM000,4000787030016,0,,67142736,,,,,,,,0,,,,,,2257,,,,,,,,,,,,,,,,,,,,,,,,,,,,,,22,,,,,,0,,,,,,,,,,,,,,,,,,,,,,,,,,,,
2013-12-11,JK1101B9JNUYUF,Hitachi HDS722020ALA330,2000398934016,0,,65536,,,,,,,,0,,,,,,24462,,,,,,,,,,,,,,,,,,,,,,,,,,,,,,29,,,,,,0,,,,,,,,,,,,,,,,,,,,,,,,,,,,
2013-12-11,Z300K9CM,ST4000DM000,4000787030016,0,,195242904,,,,,,,,0,,,,,,2245,,,,,,,,,,,,,,,,,,,,,,,,,,,,,,21,,,,,,0,,,,,,,,,,,,,,,,,,,,,,,,,,,,
2013-12-11,MK0311YHGDX20A,Hitachi HDS723030ALA640,3000592982016,0,,0,,,,,,,,0,,,,,,21459,,,,,,,,,,,,,,,,,,,,,,,,,,,,,,26,,,,,,0,,,,,,,,,,,,,,,,,,,,,,,,,,,,
2013-12-11,Z300WWDW,ST4000DM000,4000787030016,0,,91138768,,,,,,,,0,,,,,,918,,,,,,,,,,,,,,,,,,,,,,,,,,,,,,18,,,,,,0,,,,,,,,,,,,,,,,,,,,,,,,,,,,
2013-12-11,WD-WCAU45484864,WDC WD10EADS,1000204886016,0,,0,,,,,,,,0,,,,,,41869,,,,,,,,,,,,,,,,,,,,,,,,,,,,,,23,,,,,,0,,,,,,,,,,,,,,,,,,,,,,,,,,,,
2013-12-11,JK11A8B9JPYKDF,Hitachi HDS722020ALA330,2000398934016,0,,0,,,,,,,,0,,,,,,23719,,,,,,,,,,,,,,,,,,,,,,,,,,,,,,26,,,,,,0,,,,,,,,,,,,,,,,,,,,,,,,,,,,
2013-12-11,Z1F0LLED,ST3000DM001,3000592982016,0,,17842336,,,,,,,,0,,,,,,12016,,,,,,,,,,,,,,,,,,,,,,,,,,,,,,28,,,,,,0,,,,,,,,,,,,,,,,,,,,,,,,,,,,
2013-12-11,W300D3KA,ST4000DM000,4000787030016,0,,117984016,,,,,,,,0,,,,,,4136,,,,,,,,,,,,,,,,,,,,,,,,,,,,,,23,,,,,,0,,,,,,,,,,,,,,,,,,,,,,,,,,,,
2013-12-11,MK0311YHG1U9AA,Hitachi HDS723030ALA640,3000592982016,0,,0,,,,,,,,0,,,,,,16680,,,,,,,,,,,,,,,,,,,,,,,,,,,,,,29,,,,,,0,,,,,,,,,,,,,,,,,,,,,,,,,,,,
2013-12-11,S1F0CW20,ST3000DM001,3000592982016,0,,24555576,,,,,,,,0,,,,,,12419,,,,,,,,,,,,,,,,,,,,,,,,,,,,,,33,,,,,,0,,,,,,,,,,,,,,,,,,,,,,,,,,,,
2013-12-11,Z1F0LSHN,ST3000DM001,3000592982016,0,,175458552,,,,,,,,0,,,,,,11693,,,,,,,,,,,,,,,,,,,,,,,,,,,,,,23,,,,,,0,,,,,,,,,,,,,,,,,,,,,,,,,,,,
2013-12-11,JK11A8B9J4JJJF,Hitachi HDS722020ALA330,2000398934016,0,,0,,,,,,,,0,,,,,,25542,,,,,,,,,,,,,,,,,,,,,,,,,,,,,,25,,,,,,0,,,,,,,,,,,,,,,,,,,,,,,,,,,,
2013-12-11,MJ0351YNGAD41A,Hitachi HDS5C3030ALA630,3000592982016,0,,0,,,,,,,,0,,,,,,8214,,,,,,,,,,,,,,,,,,,,,,,,,,,,,,29,,,,,,0,,,,,,,,,,,,,,,,,,,,,,,,,,,,
2013-12-11,W300B6M4,ST4000DM000,4000787030016,0,,91375392,,,,,,,,0,,,,,,4189,,,,,,,,,,,,,,,,,,,,,,,,,,,,,,25,,,,,,0,,,,,,,,,,,,,,,,,,,,,,,,,,,,
2013-12-11,PL1311LAG3DSUH,Hitachi HDS5C4040ALE630,4000787030016,0,,0,,,,,,,,0,,,,,,5925,,,,,,,,,,,,,,,,,,,,,,,,,,,,,,18,,,,,,0,,,,,,,,,,,,,,,,,,,,,,,,,,,,
2013-12-11,5XW033LA,ST31500541AS,1500301910016,0,,82215418,,,,,,,,0,,,,,,35227,,,,,,,,,,,,,,,,,,,,,,,,,,,,,,22,,,,,,0,,,,,,,,,,,,,,,,,,,,,,,,,,,,
2013-12-11,PL1321LAG2SRPH,Hitachi HDS5C4040ALE630,4000787030016,0,,0,,,,,,,,0,,,,,,6654,,,,,,,,,,,,,,,,,,,,,,,,,,,,,,18,,,,,,0,,,,,,,,,,,,,,,,,,,,,,,,,,,,
2013-12-11,Z252MP6AS,TOSHIBA DT01ACA300,3000592982016,0,,0,,,,,,,,0,,,,,,6615,,,,,,,,,,,,,,,,,,,,,,,,,,,,,,25,,,,,,0,,,,,,,,,,,,,,,,,,,,,,,,,,,,
2013-12-11,JK11A8B9JR1HMF,Hitachi HDS722020ALA330,2000398934016,0,,0,,,,,,,,0,,,,,,23710,,,,,,,,,,,,,,,,,,,,,,,,,,,,,,28,,,,,,0,,,,,,,,,,,,,,,,,,,,,,,,,,,,
2013-12-11,PL1311LAG3A2BH,Hitachi HDS5C4040ALE630,4000787030016,0,,0,,,,,,,,0,,,,,,5304,,,,,,,,,,,,,,,,,,,,,,,,,,,,,,27,,,,,,0,,,,,,,,,,,,,,,,,,,,,,,,,,,,
2013-12-11,S1F0CT9A,ST3000DM001,3000592982016,0,,100339512,,,,,,,,0,,,,,,12359,,,,,,,,,,,,,,,,,,,,,,,,,,,,,,27,,,,,,0,,,,,,,,,,,,,,,,,,,,,,,,,,,,
2013-12-11,S1F06K96,ST3000DM001,3000592982016,0,,217696880,,,,,,,,0,,,,,,13342,,,,,,,,,,,,,,,,,,,,,,,,,,,,,,29,,,,,,0,,,,,,,,,,,,,,,,,,,,,,,,,,,,
2013-12-11,JK1101YAK7MYXV,Hitachi HDS722020ALA330,2000398934016,0,,1,,,,,,,,0,,,,,,29211,,,,,,,,,,,,,,,,,,,,,,,,,,,,,,29,,,,,,0,,,,,,,,,,,,,,,,,,,,,,,,,,,,
2013-12-11,W300KL8M,ST4000DM000,4000787030016,0,,181498096,,,,,,,,0,,,,,,920,,,,,,,,,,,,,,,,,,,,,,,,,,,,,,22,,,,,,0,,,,,,,,,,,,,,,,,,,,,,,,,,,,
2013-12-11,W300KL8K,ST4000DM000,4000787030016,0,,128952304,,,,,,,,0,,,,,,919,,,,,,,,,,,,,,,,,,,,,,,,,,,,,,21,,,,,,0,,,,,,,,,,,,,,,,,,,,,,,,,,,,
2013-12-11,Z1F1R76A,ST3000DM001,3000592982016,0,,144920888,,,,,,,,0,,,,,,7368,,,,,,,,,,,,,,,,,,,,,,,,,,,,,,23,,,,,,0,,,,,,,,,,,,,,,,,,,,,,,,,,,,
2013-12-11,MJ0351YNGA6NTA,Hitachi HDS5C3030ALA630,3000592982016,0,,0,,,,,,,,0,,,,,,7224,,,,,,,,,,,,,,,,,,,,,,,,,,,,,,25,,,,,,0,,,,,,,,,,,,,,,,,,,,,,,,,,,,
2013-12-11,9VS3G2YE,ST31500341AS,1500301910016,0,,117242855,,,,,,,,11,,,,,,30666,,,,,,,,,,,,,,,,,,,,,,,,,,,,,,30,,,,,,0,,,,,,,,,,,,,,,,,,,,,,,,,,,,
2013-12-11,JK11A8B9J38A9F,Hitachi HDS722020ALA330,2000398934016,0,,0,,,,,,,,0,,,,,,23991,,,,,,,,,,,,,,,,,,,,,,,,,,,,,,24,,,,,,0,,,,,,,,,,,,,,,,,,,,,,,,,,,,
2013-12-11,PL1311LAG2A3XA,Hitachi HDS5C4040ALE630,4000787030016,0,,0,,,,,,,,0,,,,,,6075,,,,,,,,,,,,,,,,,,,,,,,,,,,,,,20,,,,,,0,,,,,,,,,,,,,,,,,,,,,,,,,,,,
2013-12-11,PL1311LAG298PH,Hitachi HDS5C4040ALE630,4000787030016,0,,0,,,,,,,,0,,,,,,7415,,,,,,,,,,,,,,,,,,,,,,,,,,,,,,18,,,,,,0,,,,,,,,,,,,,,,,,,,,,,,,,,,,
2013-12-11,Z300K9LF,ST4000DM000,4000787030016,0,,89103048,,,,,,,,0,,,,,,2244,,,,,,,,,,,,,,,,,,,,,,,,,,,,,,23,,,,,,0,,,,,,,,,,,,,,,,,,,,,,,,,,,,
2013-12-11,MJ0351YNG9VKMA,Hitachi HDS5C3030ALA630,3000592982016,0,,0,,,,,,,,0,,,,,,9901,,,,,,,,,,,,,,,,,,,,,,,,,,,,,,28,,,,,,0,,,,,,,,,,,,,,,,,,,,,,,,,,,,
2013-12-11,Z1F0RGVK,ST3000DM001,3000592982016,0,,7607840,,,,,,,,0,,,,,,11021,,,,,,,,,,,,,,,,,,,,,,,,,,,,,,25,,,,,,0,,,,,,,,,,,,,,,,,,,,,,,,,,,,
2013-12-11,MK0333YHGPUXGC,Hitachi HDS723030ALA640,3000592982016,0,,0,,,,,,,,0,,,,,,17354,,,,,,,,,,,,,,,,,,,,,,,,,,,,,,26,,,,,,0,,,,,,,,,,,,,,,,,,,,,,,,,,,,
2013-12-11,PL1321LAG36LHH,Hitachi HDS5C4040ALE630,4000787030016,0,,0,,,,,,,,0,,,,,,6653,,,,,,,,,,,,,,,,,,,,,,,,,,,,,,20,,,,,,0,,,,,,,,,,,,,,,,,,,,,,,,,,,,
2013-12-11,JK11A8B9J7YSEF,Hitachi HDS722020ALA330,2000398934016,0,,0,,,,,,,,0,,,,,,24912,,,,,,,,,,,,,,,,,,,,,,,,,,,,,,33,,,,,,0,,,,,,,,,,,,,,,,,,,,,,,,,,,,
2013-12-11,S1F0LBZE,ST3000DM001,3000592982016,0,,229410752,,,,,,,,0,,,,,,12249,,,,,,,,,,,,,,,,,,,,,,,,,,,,,,24,,,,,,0,,,,,,,,,,,,,,,,,,,,,,,,,,,,
2013-12-11,W1F14FRG,ST3000DM001,3000592982016,0,,113944872,,,,,,,,0,,,,,,8180,,,,,,,,,,,,,,,,,,,,,,,,,,,,,,21,,,,,,0,,,,,,,,,,,,,,,,,,,,,,,,,,,,
2013-12-11,S1F0JGJV,ST3000DM001,3000592982016,0,,93483440,,,,,,,,0,,,,,,12156,,,,,,,,,,,,,,,,,,,,,,,,,,,,,,27,,,,,,0,,,,,,,,,,,,,,,,,,,,,,,,,,,,
2013-12-11,PL1311LAG38NWH,Hitachi HDS5C4040ALE630,4000787030016,0,,0,,,,,,,,0,,,,,,6653,,,,,,,,,,,,,,,,,,,,,,,,,,,,,,28,,,,,,0,,,,,,,,,,,,,,,,,,,,,,,,,,,,
2013-12-11,MK0301YHGMXUUD,Hitachi HDS723030ALA640,3000592982016,0,,0,,,,,,,,0,,,,,,17036,,,,,,,,,,,,,,,,,,,,,,,,,,,,,,31,,,,,,0,,,,,,,,,,,,,,,,,,,,,,,,,,,,
2013-12-11,Z1F0AHAT,ST3000DM001,3000592982016,0,,129407248,,,,,,,,0,,,,,,8572,,,,,,,,,,,,,,,,,,,,,,,,,,,,,,25,,,,,,0,,,,,,,,,,,,,,,,,,,,,,,,,,,,
2013-12-11,Z300K9L3,ST4000DM000,4000787030016,0,,98024528,,,,,,,,0,,,,,,2241,,,,,,,,,,,,,,,,,,,,,,,,,,,,,,23,,,,,,0,,,,,,,,,,,,,,,,,,,,,,,,,,,,
2013-12-11,S1F0S3B6,ST3000DM001,3000592982016,0,,227404912,,,,,,,,0,,,,,,10837,,,,,,,,,,,,,,,,,,,,,,,,,,,,,,28,,,,,,0,,,,,,,,,,,,,,,,,,,,,,,,,,,,
2013-12-11,MK0301YHGNEMAD,Hitachi HDS723030ALA640,3000592982016,0,,0,,,,,,,,0,,,,,,17018,,,,,,,,,,,,,,,,,,,,,,,,,,,,,,24,,,,,,0,,,,,,,,,,,,,,,,,,,,,,,,,,,,
2013-12-11,JK11A8B9J30EZF,Hitachi HDS722020ALA330,2000398934016,0,,0,,,,,,,,0,,,,,,24397,,,,,,,,,,,,,,,,,,,,,,,,,,,,,,33,,,,,,0,,,,,,,,,,,,,,,,,,,,,,,,,,,,
2013-12-11,PL1321LAG363HH,Hitachi HDS5C4040ALE630,4000787030016,0,,0,,,,,,,,0,,,,,,5958,,,,,,,,,,,,,,,,,,,,,,,,,,,,,,23,,,,,,0,,,,,,,,,,,,,,,,,,,,,,,,,,,,
2013-12-11,JK11A8B9J79RHF,Hitachi HDS722020ALA330,2000398934016,0,,0,,,,,,,,0,,,,,,24625,,,,,,,,,,,,,,,,,,,,,,,,,,,,,,28,,,,,,0,,,,,,,,,,,,,,,,,,,,,,,,,,,,
2013-12-11,JK11A8B9J52ZBF,Hitachi HDS722020ALA330,2000398934016,0,,0,,,,,,,,0,,,,,,24467,,,,,,,,,,,,,,,,,,,,,,,,,,,,,,28,,,,,,0,,,,,,,,,,,,,,,,,,,,,,,,,,,,
2013-12-11,W3004XCD,ST4000DM000,4000787030016,0,,173653976,,,,,,,,0,,,,,,2873,,,,,,,,,,,,,,,,,,,,,,,,,,,,,,22,,,,,,0,,,,,,,,,,,,,,,,,,,,,,,,,,,,
2013-12-11,JK11A8B9J70ZRF,Hitachi HDS722020ALA330,2000398934016,0,,0,,,,,,,,0,,,,,,24544,,,,,,,,,,,,,,,,,,,,,,,,,,,,,,29,,,,,,0,,,,,,,,,,,,,,,,,,,,,,,,,,,,
2013-12-11,MJ1323YNG1MNPC,Hitachi HDS5C3030ALA630,3000592982016,0,,0,,,,,,,,0,,,,,,19760,,,,,,,,,,,,,,,,,,,,,,,,,,,,,,28,,,,,,0,,,,,,,,,,,,,,,,,,,,,,,,,,,,
2013-12-11,PL1311LAG397UH,Hitachi HDS5C4040ALE630,4000787030016,0,,0,,,,,,,,0,,,,,,6993,,,,,,,,,,,,,,,,,,,,,,,,,,,,,,24,,,,,,0,,,,,,,,,,,,,,,,,,,,,,,,,,,,
2013-12-11,MJ1311YNG7H2LA,Hitachi HDS5C3030ALA630,3000592982016,0,,0,,,,,,,,0,,,,,,14601,,,,,,,,,,,,,,,,,,,,,,,,,,,,,,22,,,,,,0,,,,,,,,,,,,,,,,,,,,,,,,,,,,
2013-12-11,PL1311LAG2E46H,Hitachi HDS5C4040ALE630,4000787030016,0,,0,,,,,,,,0,,,,,,7402,,,,,,,,,,,,,,,,,,,,,,,,,,,,,,31,,,,,,0,,,,,,,,,,,,,,,,,,,,,,,,,,,,
2013-12-11,W1F0W2DH,ST3000DM001,3000592982016,0,,108433584,,,,,,,,0,,,,,,10760,,,,,,,,,,,,,,,,,,,,,,,,,,,,,,26,,,,,,0,,,,,,,,,,,,,,,,,,,,,,,,,,,,
2013-12-11,W1F0T3H5,ST3000DM001,3000592982016,0,,80519968,,,,,,,,0,,,,,,10743,,,,,,,,,,,,,,,,,,,,,,,,,,,,,,22,,,,,,0,,,,,,,,,,,,,,,,,,,,,,,,,,,,
2013-12-11,PL1311LAG3DAUH,Hitachi HDS5C4040ALE630,4000787030016,0,,0,,,,,,,,0,,,,,,5036,,,,,,,,,,,,,,,,,,,,,,,,,,,,,,26,,,,,,0,,,,,,,,,,,,,,,,,,,,,,,,,,,,
2013-12-11,JK11A8B9J38G3F,Hitachi HDS722020ALA330,2000398934016,0,,0,,,,,,,,0,,,,,,24112,,,,,,,,,,,,,,,,,,,,,,,,,,,,,,24,,,,,,0,,,,,,,,,,,,,,,,,,,,,,,,,,,,
2013-12-11,MK0311YHG33BHA,Hitachi HDS723030ALA640,3000592982016,0,,4063261,,,,,,,,0,,,,,,22346,,,,,,,,,,,,,,,,,,,,,,,,,,,,,,25,,,,,,0,,,,,,,,,,,,,,,,,,,,,,,,,,,,
2013-12-11,9VS3K65S,ST31500341AS,1500301910016,0,,150846689,,,,,,,,13,,,,,,18386,,,,,,,,,,,,,,,,,,,,,,,,,,,,,,25,,,,,,0,,,,,,,,,,,,,,,,,,,,,,,,,,,,
2013-12-11,Z252EGAAS,TOSHIBA DT01ACA300,3000592982016,0,,0,,,,,,,,0,,,,,,6612,,,,,,,,,,,,,,,,,,,,,,,,,,,,,,27,,,,,,0,,,,,,,,,,,,,,,,,,,,,,,,,,,,
2013-12-11,MJ1323YNG1T25C,Hitachi HDS5C3030ALA630,3000592982016,0,,0,,,,,,,,0,,,,,,20082,,,,,,,,,,,,,,,,,,,,,,,,,,,,,,34,,,,,,0,,,,,,,,,,,,,,,,,,,,,,,,,,,,
2013-12-11,MJ0351YNG9T00A,Hitachi HDS5C3030ALA630,3000592982016,0,,0,,,,,,,,0,,,,,,9274,,,,,,,,,,,,,,,,,,,,,,,,,,,,,,24,,,,,,0,,,,,,,,,,,,,,,,,,,,,,,,,,,,
2013-12-11,PL2311LAG1LEKC,Hitachi HDS5C4040ALE630,4000787030016,0,,0,,,,,,,,0,,,,,,7757,,,,,,,,,,,,,,,,,,,,,,,,,,,,,,25,,,,,,0,,,,,,,,,,,,,,,,,,,,,,,,,,,,
2013-12-11,PL2311LAG1R8LC,Hitachi HDS5C4040ALE630,4000787030016,0,,0,,,,,,,,0,,,,,,7463,,,,,,,,,,,,,,,,,,,,,,,,,,,,,,25,,,,,,0,,,,,,,,,,,,,,,,,,,,,,,,,,,,
2013-12-11,Z300NS80,ST4000DM000,4000787030016,0,,203363560,,,,,,,,0,,,,,,1142,,,,,,,,,,,,,,,,,,,,,,,,,,,,,,24,,,,,,0,,,,,,,,,,,,,,,,,,,,,,,,,,,,
2013-12-11,S1F0BD97,ST3000DM001,3000592982016,0,,125151208,,,,,,,,0,,,,,,12363,,,,,,,,,,,,,,,,,,,,,,,,,,,,,,24,,,,,,0,,,,,,,,,,,,,,,,,,,,,,,,,,,,
2013-12-11,MJ0351YNG9UD6A,Hitachi HDS5C3030ALA630,3000592982016,0,,0,,,,,,,,0,,,,,,8883,,,,,,,,,,,,,,,,,,,,,,,,,,,,,,31,,,,,,0,,,,,,,,,,,,,,,,,,,,,,,,,,,,
2013-12-11,9VS3J12J,ST31500341AS,1500301910016,0,,222193689,,,,,,,,61,,,,,,32915,,,,,,,,,,,,,,,,,,,,,,,,,,,,,,23,,,,,,0,,,,,,,,,,,,,,,,,,,,,,,,,,,,
2013-12-11,JK11A8B9J9HUWF,Hitachi HDS722020ALA330,2000398934016,0,,0,,,,,,,,0,,,,,,25584,,,,,,,,,,,,,,,,,,,,,,,,,,,,,,28,,,,,,0,,,,,,,,,,,,,,,,,,,,,,,,,,,,
2013-12-11,S1F05SPW,ST3000DM001,3000592982016,0,,107391432,,,,,,,,0,,,,,,12359,,,,,,,,,,,,,,,,,,,,,,,,,,,,,,22,,,,,,0,,,,,,,,,,,,,,,,,,,,,,,,,,,,
2013-12-11,W1F0TLXY,ST3000DM001,3000592982016,0,,61138424,,,,,,,,0,,,,,,10471,,,,,,,,,,,,,,,,,,,,,,,,,,,,,,26,,,,,,0,,,,,,,,,,,,,,,,,,,,,,,,,,,,
2013-12-11,PL2311LAG1U06C,Hitachi HDS5C4040ALE630,4000787030016,0,,0,,,,,,,,0,,,,,,7415,,,,,,,,,,,,,,,,,,,,,,,,,,,,,,20,,,,,,0,,,,,,,,,,,,,,,,,,,,,,,,,,,,
2013-12-11,PL1311LAG2NH5H,Hitachi HDS5C4040ALE630,4000787030016,0,,0,,,,,,,,0,,,,,,6993,,,,,,,,,,,,,,,,,,,,,,,,,,,,,,21,,,,,,0,,,,,,,,,,,,,,,,,,,,,,,,,,,,
2013-12-11,MJ0351YNGA5RPA,Hitachi HDS5C3030ALA630,3000592982016,0,,0,,,,,,,,0,,,,,,9132,,,,,,,,,,,,,,,,,,,,,,,,,,,,,,26,,,,,,0,,,,,,,,,,,,,,,,,,,,,,,,,,,,
2013-12-11,W1F1CJ3G,ST3000DM001,3000592982016,0,,118343656,,,,,,,,0,,,,,,8023,,,,,,,,,,,,,,,,,,,,,,,,,,,,,,23,,,,,,0,,,,,,,,,,,,,,,,,,,,,,,,,,,,
2013-12-11,JK11A8B9J3LVLF,Hitachi HDS722020ALA330,2000398934016,0,,0,,,,,,,,0,,,,,,23106,,,,,,,,,,,,,,,,,,,,,,,,,,,,,,25,,,,,,0,,,,,,,,,,,,,,,,,,,,,,,,,,,,
2013-12-11,MJ1311YNG01KJA,Hitachi HDS5C3030ALA630,3000592982016,0,,0,,,,,,,,0,,,,,,14625,,,,,,,,,,,,,,,,,,,,,,,,,,,,,,25,,,,,,0,,,,,,,,,,,,,,,,,,,,,,,,,,,,
2013-12-11,S1F05WQC,ST3000DM001,3000592982016,0,,136343880,,,,,,,,0,,,,,,14209,,,,,,,,,,,,,,,,,,,,,,,,,,,,,,20,,,,,,0,,,,,,,,,,,,,,,,,,,,,,,,,,,,
2013-12-11,PL1311LAG3E8HH,Hitachi HDS5C4040ALE630,4000787030016,0,,0,,,,,,,,0,,,,,,5049,,,,,,,,,,,,,,,,,,,,,,,,,,,,,,29,,,,,,0,,,,,,,,,,,,,,,,,,,,,,,,,,,,
2013-12-11,JK11A8B9J96VBF,Hitachi HDS722020ALA330,2000398934016,0,,0,,,,,,,,0,,,,,,25539,,,,,,,,,,,,,,,,,,,,,,,,,,,,,,27,,,,,,0,,,,,,,,,,,,,,,,,,,,,,,,,,,,
2013-12-11,JK11A8B9J7B78F,Hitachi HDS722020ALA330,2000398934016,0,,0,,,,,,,,0,,,,,,22696,,,,,,,,,,,,,,,,,,,,,,,,,,,,,,26,,,,,,0,,,,,,,,,,,,,,,,,,,,,,,,,,,,
2013-12-11,MJ0351YNGA6B8A,Hitachi HDS5C3030ALA630,3000592982016,0,,0,,,,,,,,0,,,,,,8545,,,,,,,,,,,,,,,,,,,,,,,,,,,,,,29,,,,,,0,,,,,,,,,,,,,,,,,,,,,,,,,,,,
2013-12-11,6XW0V1EG,ST31500541AS,1500301910016,0,,189089972,,,,,,,,29,,,,,,33260,,,,,,,,,,,,,,,,,,,,,,,,,,,,,,21,,,,,,0,,,,,,,,,,,,,,,,,,,,,,,,,,,,
2013-12-11,MK0301YHGMG27D,Hitachi HDS723030ALA640,3000592982016,0,,0,,,,,,,,0,,,,,,16077,,,,,,,,,,,,,,,,,,,,,,,,,,,,,,29,,,,,,0,,,,,,,,,,,,,,,,,,,,,,,,,,,,
2013-12-11,JK11A8B9J8APKF,Hitachi HDS722020ALA330,2000398934016,0,,0,,,,,,,,0,,,,,,25539,,,,,,,,,,,,,,,,,,,,,,,,,,,,,,26,,,,,,0,,,,,,,,,,,,,,,,,,,,,,,,,,,,
2013-12-11,MK0311YHGL3BTA,Hitachi HDS723030ALA640,3000592982016,0,,0,,,,,,,,0,,,,,,21460,,,,,,,,,,,,,,,,,,,,,,,,,,,,,,25,,,,,,0,,,,,,,,,,,,,,,,,,,,,,,,,,,,
2013-12-11,Z262G2UAS,TOSHIBA DT01ACA300,3000592982016,0,,0,,,,,,,,0,,,,,,6615,,,,,,,,,,,,,,,,,,,,,,,,,,,,,,23,,,,,,0,,,,,,,,,,,,,,,,,,,,,,,,,,,,
2013-12-11,MK0311YHG1S0VA,Hitachi HDS723030ALA640,3000592982016,0,,0,,,,,,,,0,,,,,,16682,,,,,,,,,,,,,,,,,,,,,,,,,,,,,,26,,,,,,0,,,,,,,,,,,,,,,,,,,,,,,,,,,,
2013-12-11,JK11A8B9JR1X7F,Hitachi HDS722020ALA330,2000398934016,0,,0,,,,,,,,0,,,,,,23710,,,,,,,,,,,,,,,,,,,,,,,,,,,,,,26,,,,,,0,,,,,,,,,,,,,,,,,,,,,,,,,,,,
2013-12-11,PL1321LAG345BH,Hitachi HDS5C4040ALE630,4000787030016,0,,0,,,,,,,,0,,,,,,5923,,,,,,,,,,,,,,,,,,,,,,,,,,,,,,20,,,,,,0,,,,,,,,,,,,,,,,,,,,,,,,,,,,
2013-12-11,MJ0351YNG9YZSA,Hitachi HDS5C3030ALA630,3000592982016,0,,0,,,,,,,,0,,,,,,9672,,,,,,,,,,,,,,,,,,,,,,,,,,,,,,27,,,,,,72,,,,,,,,,,,,,,,,,,,,,,,,,,,,
2013-12-11,MJ0351YNGAAEMA,Hitachi HDS5C3030ALA630,3000592982016,0,,0,,,,,,,,0,,,,,,7975,,,,,,,,,,,,,,,,,,,,,,,,,,,,,,26,,,,,,0,,,,,,,,,,,,,,,,,,,,,,,,,,,,
2013-12-11,MJ0351YNGA3KEA,Hitachi HDS5C3030ALA630,3000592982016,0,,0,,,,,,,,0,,,,,,8505,,,,,,,,,,,,,,,,,,,,,,,,,,,,,,24,,,,,,0,,,,,,,,,,,,,,,,,,,,,,,,,,,,
2013-12-11,WD-WCAWZ2106944,WDC WD30EZRX,3000592982016,0,,0,,,,,,,,0,,,,,,12943,,,,,,,,,,,,,,,,,,,,,,,,,,,,,,25,,,,,,0,,,,,,,,,,,,,,,,,,,,,,,,,,,,
2013-12-11,WD-WCAU47264488,WDC WD10EADS,1000204886016,0,,0,,,,,,,,0,,,,,,40641,,,,,,,,,,,,,,,,,,,,,,,,,,,,,,22,,,,,,0,,,,,,,,,,,,,,,,,,,,,,,,,,,,
2013-12-11,MJ1323YNG1M7EC,Hitachi HDS5C3030ALA630,3000592982016,0,,0,,,,,,,,0,,,,,,19773,,,,,,,,,,,,,,,,,,,,,,,,,,,,,,25,,,,,,0,,,,,,,,,,,,,,,,,,,,,,,,,,,,
2013-12-11,WD-WCAU45241747,WDC WD10EADS,1000204886016,0,,9,,,,,,,,1,,,,,,41307,,,,,,,,,,,,,,,,,,,,,,,,,,,,,,19,,,,,,0,,,,,,,,,,,,,,,,,,,,,,,,,,,,
2013-12-11,S1F04MVQ,ST3000DM001,3000592982016,0,,29876856,,,,,,,,0,,,,,,13356,,,,,,,,,,,,,,,,,,,,,,,,,,,,,,22,,,,,,0,,,,,,,,,,,,,,,,,,,,,,,,,,,,
2013-12-11,JK11A1YAK1RULV,Hitachi HDS722020ALA330,2000398934016,0,,0,,,,,,,,0,,,,,,3340,,,,,,,,,,,,,,,,,,,,,,,,,,,,,,24,,,,,,0,,,,,,,,,,,,,,,,,,,,,,,,,,,,
2013-12-11,PL1311LAG25JBA,Hitachi HDS5C4040ALE630,4000787030016,0,,0,,,,,,,,0,,,,,,6075,,,,,,,,,,,,,,,,,,,,,,,,,,,,,,20,,,,,,0,,,,,,,,,,,,,,,,,,,,,,,,,,,,
2013-12-11,MJ1321YNG0PDBA,Hitachi HDS5C3030ALA630,3000592982016,0,,0,,,,,,,,0,,,,,,19801,,,,,,,,,,,,,,,,,,,,,,,,,,,,,,27,,,,,,0,,,,,,,,,,,,,,,,,,,,,,,,,,,,
2013-12-11,PL1311LAG2956H,Hitachi HDS5C4040ALE630,4000787030016,0,,0,,,,,,,,0,,,,,,7404,,,,,,,,,,,,,,,,,,,,,,,,,,,,,,29,,,,,,0,,,,,,,,,,,,,,,,,,,,,,,,,,,,
2013-12-11,JK11A8B9JM0NJF,Hitachi HDS722020ALA330,2000398934016,0,,65536,,,,,,,,0,,,,,,23718,,,,,,,,,,,,,,,,,,,,,,,,,,,,,,29,,,,,,0,,,,,,,,,,,,,,,,,,,,,,,,,,,,
2013-12-11,Z290XLF0,ST33000651AS,3000592982016,0,,204153638,,,,,,,,160,,,,,,15603,,,,,,,,,,,,,,,,,,,,,,,,,,,,,,27,,,,,,0,,,,,,,,,,,,,,,,,,,,,,,,,,,,
2013-12-11,9XW020DP,ST31500541AS,1500301910016,0,,168608067,,,,,,,,0,,,,,,35658,,,,,,,,,,,,,,,,,,,,,,,,,,,,,,16,,,,,,0,,,,,,,,,,,,,,,,,,,,,,,,,,,,
2013-12-11,Z300W346,ST4000DM000,4000787030016,0,,2731096,,,,,,,,0,,,,,,613,,,,,,,,,,,,,,,,,,,,,,,,,,,,,,22,,,,,,0,,,,,,,,,,,,,,,,,,,,,,,,,,,,
2013-12-11,Z300XG9A,ST4000DM000,4000787030016,0,,130892128,,,,,,,,0,,,,,,612,,,,,,,,,,,,,,,,,,,,,,,,,,,,,,22,,,,,,0,,,,,,,,,,,,,,,,,,,,,,,,,,,,
2013-12-11,9XW020DF,ST31500541AS,1500301910016,0,,215594697,,,,,,,,0,,,,,,35440,,,,,,,,,,,,,,,,,,,,,,,,,,,,,,18,,,,,,0,,,,,,,,,,,,,,,,,,,,,,,,,,,,
2013-12-11,9XW020DL,ST31500541AS,1500301910016,0,,79651733,,,,,,,,0,,,,,,35760,,,,,,,,,,,,,,,,,,,,,,,,,,,,,,20,,,,,,0,,,,,,,,,,,,,,,,,,,,,,,,,,,,
2013-12-11,JK11A1YAJH3KDV,Hitachi HDS722020ALA330,2000398934016,0,,196611,,,,,,,,0,,,,,,28851,,,,,,,,,,,,,,,,,,,,,,,,,,,,,,30,,,,,,0,,,,,,,,,,,,,,,,,,,,,,,,,,,,
2013-12-11,JK11A8B9J48BXF,Hitachi HDS722020ALA330,2000398934016,0,,0,,,,,,,,0,,,,,,22861,,,,,,,,,,,,,,,,,,,,,,,,,,,,,,26,,,,,,0,,,,,,,,,,,,,,,,,,,,,,,,,,,,
2013-12-11,JK11A8B9J7NRRF,Hitachi HDS722020ALA330,2000398934016,0,,0,,,,,,,,0,,,,,,22699,,,,,,,,,,,,,,,,,,,,,,,,,,,,,,27,,,,,,0,,,,,,,,,,,,,,,,,,,,,,,,,,,,
2013-12-11,W1F0SZQ3,ST3000DM001,3000592982016,0,,163514672,,,,,,,,0,,,,,,11047,,,,,,,,,,,,,,,,,,,,,,,,,,,,,,25,,,,,,0,,,,,,,,,,,,,,,,,,,,,,,,,,,,
2013-12-11,Z300NKKB,ST4000DM000,4000787030016,0,,14022464,,,,,,,,0,,,,,,1092,,,,,,,,,,,,,,,,,,,,,,,,,,,,,,28,,,,,,0,,,,,,,,,,,,,,,,,,,,,,,,,,,,
2013-12-11,MJ1323YNG16L8C,Hitachi HDS5C3030ALA630,3000592982016,0,,0,,,,,,,,0,,,,,,20503,,,,,,,,,,,,,,,,,,,,,,,,,,,,,,27,,,,,,0,,,,,,,,,,,,,,,,,,,,,,,,,,,,
2013-12-11,Z300K9LT,ST4000DM000,4000787030016,0,,223087144,,,,,,,,0,,,,,,1857,,,,,,,,,,,,,,,,,,,,,,,,,,,,,,22,,,,,,0,,,,,,,,,,,,,,,,,,,,,,,,,,,,
2013-12-11,13H883WAS,TOSHIBA DT01ACA300,3000592982016,0,,0,,,,,,,,0,,,,,,2621,,,,,,,,,,,,,,,,,,,,,,,,,,,,,,22,,,,,,0,,,,,,,,,,,,,,,,,,,,,,,,,,,,
2013-12-11,JK1101YAK7EHKV,Hitachi HDS722020ALA330,2000398934016,0,,0,,,,,,,,0,,,,,,29210,,,,,,,,,,,,,,,,,,,,,,,,,,,,,,32,,,,,,0,,,,,,,,,,,,,,,,,,,,,,,,,,,,
2013-12-11,9VS3JEKB,ST31500341AS,1500301910016,0,,20976875,,,,,,,,1102,,,,,,32917,,,,,,,,,,,,,,,,,,,,,,,,,,,,,,24,,,,,,0,,,,,,,,,,,,,,,,,,,,,,,,,,,,
2013-12-11,5XW1LZ7D,ST32000542AS,2000398934016,0,,185190625,,,,,,,,0,,,,,,13014,,,,,,,,,,,,,,,,,,,,,,,,,,,,,,23,,,,,,0,,,,,,,,,,,,,,,,,,,,,,,,,,,,
2013-12-11,MK0311YHG4UDKA,Hitachi HDS723030ALA640,3000592982016,0,,0,,,,,,,,0,,,,,,21793,,,,,,,,,,,,,,,,,,,,,,,,,,,,,,27,,,,,,0,,,,,,,,,,,,,,,,,,,,,,,,,,,,
2013-12-11,W1F08X1Q,ST3000DM001,3000592982016,0,,66966240,,,,,,,,3064,,,,,,16176,,,,,,,,,,,,,,,,,,,,,,,,,,,,,,26,,,,,,8,,,,,,,,,,,,,,,,,,,,,,,,,,,,
2013-12-11,S1F073GL,ST3000DM001,3000592982016,0,,92120384,,,,,,,,0,,,,,,12345,,,,,,,,,,,,,,,,,,,,,,,,,,,,,,22,,,,,,0,,,,,,,,,,,,,,,,,,,,,,,,,,,,
2013-12-11,PL1311LAG3ED9H,Hitachi HDS5C4040ALE630,4000787030016,0,,0,,,,,,,,0,,,,,,5302,,,,,,,,,,,,,,,,,,,,,,,,,,,,,,27,,,,,,0,,,,,,,,,,,,,,,,,,,,,,,,,,,,
2013-12-11,MJ0351YNG9W75A,Hitachi HDS5C3030ALA630,3000592982016,0,,0,,,,,,,,0,,,,,,9721,,,,,,,,,,,,,,,,,,,,,,,,,,,,,,27,,,,,,0,,,,,,,,,,,,,,,,,,,,,,,,,,,,
2013-12-11,JK11A8B9J0KGLF,Hitachi HDS722020ALA330,2000398934016,0,,2031671,,,,,,,,0,,,,,,26329,,,,,,,,,,,,,,,,,,,,,,,,,,,,,,23,,,,,,0,,,,,,,,,,,,,,,,,,,,,,,,,,,,
2013-12-11,PL1311LAG1RPHA,Hitachi HDS5C4040ALE630,4000787030016,0,,0,,,,,,,,0,,,,,,6654,,,,,,,,,,,,,,,,,,,,,,,,,,,,,,26,,,,,,0,,,,,,,,,,,,,,,,,,,,,,,,,,,,
2013-12-11,S1F05A2K,ST3000DM001,3000592982016,0,,48702872,,,,,,,,0,,,,,,13356,,,,,,,,,,,,,,,,,,,,,,,,,,,,,,25,,,,,,0,,,,,,,,,,,,,,,,,,,,,,,,,,,,
2013-12-11,JK11A8B9J77AKF,Hitachi HDS722020ALA330,2000398934016,0,,0,,,,,,,,43,,,,,,24502,,,,,,,,,,,,,,,,,,,,,,,,,,,,,,29,,,,,,0,,,,,,,,,,,,,,,,,,,,,,,,,,,,
2013-12-11,W300B6VD,ST4000DM000,4000787030016,0,,128155136,,,,,,,,0,,,,,,3587,,,,,,,,,,,,,,,,,,,,,,,,,,,,,,21,,,,,,0,,,,,,,,,,,,,,,,,,,,,,,,,,,,
2013-12-11,6XW00V98,ST31500541AS,1500301910016,0,,153999445,,,,,,,,0,,,,,,36426,,,,,,,,,,,,,,,,,,,,,,,,,,,,,,19,,,,,,0,,,,,,,,,,,,,,,,,,,,,,,,,,,,
2013-12-11,MK0311YHGJMSEA,Hitachi HDS723030ALA640,3000592982016,0,,0,,,,,,,,0,,,,,,16801,,,,,,,,,,,,,,,,,,,,,,,,,,,,,,30,,,,,,0,,,,,,,,,,,,,,,,,,,,,,,,,,,,
2013-12-11,WD-WCAU45893189,WDC WD10EACS,1000204886016,0,,5,,,,,,,,0,,,,,,42393,,,,,,,,,,,,,,,,,,,,,,,,,,,,,,19,,,,,,0,,,,,,,,,,,,,,,,,,,,,,,,,,,,
2013-12-11,MJ1311YNG1APUA,Hitachi HDS5C3030ALA630,3000592982016,0,,0,,,,,,,,0,,,,,,20498,,,,,,,,,,,,,,,,,,,,,,,,,,,,,,31,,,,,,0,,,,,,,,,,,,,,,,,,,,,,,,,,,,
2013-12-11,S1F092EB,ST3000DM001,3000592982016,0,,45912312,,,,,,,,0,,,,,,12840,,,,,,,,,,,,,,,,,,,,,,,,,,,,,,27,,,,,,0,,,,,,,,,,,,,,,,,,,,,,,,,,,,
2013-12-11,W1F094V0,ST3000DM001,3000592982016,0,,155044632,,,,,,,,0,,,,,,13316,,,,,,,,,,,,,,,,,,,,,,,,,,,,,,23,,,,,,0,,,,,,,,,,,,,,,,,,,,,,,,,,,,
2013-12-11,S1F05P5Z,ST3000DM001,3000592982016,0,,87778496,,,,,,,,0,,,,,,12366,,,,,,,,,,,,,,,,,,,,,,,,,,,,,,22,,,,,,0,,,,,,,,,,,,,,,,,,,,,,,,,,,,
2013-12-11,MJ0351YNG9SV9A,Hitachi HDS5C3030ALA630,3000592982016,0,,0,,,,,,,,0,,,,,,9469,,,,,,,,,,,,,,,,,,,,,,,,,,,,,,24,,,,,,0,,,,,,,,,,,,,,,,,,,,,,,,,,,,
2013-12-11,MJ0351YNGAAN0A,Hitachi HDS5C3030ALA630,3000592982016,0,,0,,,,,,,,0,,,,,,8639,,,,,,,,,,,,,,,,,,,,,,,,,,,,,,29,,,,,,0,,,,,,,,,,,,,,,,,,,,,,,,,,,,
2013-12-11,JK1131YAGEE3JV,Hitachi HDS722020ALA330,2000398934016,0,,0,,,,,,,,0,,,,,,27051,,,,,,,,,,,,,,,,,,,,,,,,,,,,,,25,,,,,,0,,,,,,,,,,,,,,,,,,,,,,,,,,,,
2013-12-11,JK1105B8GE1H3X,Hitachi HDS722020ALA330,2000398934016,0,,1,,,,,,,,0,,,,,,26767,,,,,,,,,,,,,,,,,,,,,,,,,,,,,,23,,,,,,0,,,,,,,,,,,,,,,,,,,,,,,,,,,,
2013-12-11,S1F05P5V,ST3000DM001,3000592982016,0,,56578272,,,,,,,,0,,,,,,12358,,,,,,,,,,,,,,,,,,,,,,,,,,,,,,26,,,,,,0,,,,,,,,,,,,,,,,,,,,,,,,,,,,
2013-12-11,PL2311LAG1PRXC,Hitachi HDS5C4040ALE630,4000787030016,0,,0,,,,,,,,0,,,,,,7461,,,,,,,,,,,,,,,,,,,,,,,,,,,,,,29,,,,,,0,,,,,,,,,,,,,,,,,,,,,,,,,,,,
2013-12-11,6XW0TY78,ST31500541AS,1500301910016,0,,6946016,,,,,,,,0,,,,,,26011,,,,,,,,,,,,,,,,,,,,,,,,,,,,,,22,,,,,,0,,,,,,,,,,,,,,,,,,,,,,,,,,,,
2013-12-11,WD-WCAWZ1329958,WDC WD30EZRX,3000592982016,0,,0,,,,,,,,0,,,,,,17600,,,,,,,,,,,,,,,,,,,,,,,,,,,,,,22,,,,,,0,,,,,,,,,,,,,,,,,,,,,,,,,,,,
2013-12-11,MJ1311YNG3884A,Hitachi HDS5C3030ALA630,3000592982016,0,,0,,,,,,,,0,,,,,,18948,,,,,,,,,,,,,,,,,,,,,,,,,,,,,,24,,,,,,0,,,,,,,,,,,,,,,,,,,,,,,,,,,,
2013-12-11,JK11A8B9HZ1M8F,Hitachi HDS722020ALA330,2000398934016,0,,0,,,,,,,,0,,,,,,26328,,,,,,,,,,,,,,,,,,,,,,,,,,,,,,26,,,,,,0,,,,,,,,,,,,,,,,,,,,,,,,,,,,
2013-12-11,S1F05P51,ST3000DM001,3000592982016,0,,94768280,,,,,,,,0,,,,,,12365,,,,,,,,,,,,,,,,,,,,,,,,,,,,,,26,,,,,,0,,,,,,,,,,,,,,,,,,,,,,,,,,,,
2013-12-11,MJ1323YNG1NWHC,Hitachi HDS5C3030ALA630,3000592982016,0,,851968,,,,,,,,0,,,,,,19731,,,,,,,,,,,,,,,,,,,,,,,,,,,,,,25,,,,,,0,,,,,,,,,,,,,,,,,,,,,,,,,,,,
2013-12-11,WD-WCAU42496389,WDC WD10EACS,1000204886016,0,,0,,,,,,,,0,,,,,,43119,,,,,,,,,,,,,,,,,,,,,,,,,,,,,,17,,,,,,0,,,,,,,,,,,,,,,,,,,,,,,,,,,,
2013-12-11,MJ0351YNG9KS3A,Hitachi HDS5C3030ALA630,3000592982016,0,,0,,,,,,,,0,,,,,,9913,,,,,,,,,,,,,,,,,,,,,,,,,,,,,,33,,,,,,0,,,,,,,,,,,,,,,,,,,,,,,,,,,,
2013-12-11,MK0331YHGS87XA,Hitachi HDS723030ALA640,3000592982016,0,,0,,,,,,,,0,,,,,,17356,,,,,,,,,,,,,,,,,,,,,,,,,,,,,,21,,,,,,0,,,,,,,,,,,,,,,,,,,,,,,,,,,,
2013-12-11,MJ0351YNGA3XGA,Hitachi HDS5C3030ALA630,3000592982016,0,,0,,,,,,,,0,,,,,,9131,,,,,,,,,,,,,,,,,,,,,,,,,,,,,,24,,,,,,0,,,,,,,,,,,,,,,,,,,,,,,,,,,,
2013-12-11,6XW01Q5T,ST31500541AS,1500301910016,0,,72861086,,,,,,,,0,,,,,,36378,,,,,,,,,,,,,,,,,,,,,,,,,,,,,,23,,,,,,0,,,,,,,,,,,,,,,,,,,,,,,,,,,,
2013-12-11,PL1311LAG3EA4H,Hitachi HDS5C4040ALE630,4000787030016,0,,0,,,,,,,,0,,,,,,6655,,,,,,,,,,,,,,,,,,,,,,,,,,,,,,18,,,,,,0,,,,,,,,,,,,,,,,,,,,,,,,,,,,
2013-12-11,WD-WMC4N1067919,WDC WD30EFRX,3000592982016,0,,0,,,,,,,,0,,,,,,174,,,,,,,,,,,,,,,,,,,,,,,,,,,,,,25,,,,,,0,,,,,,,,,,,,,,,,,,,,,,,,,,,,
2013-12-11,JK11A8YBKXX7RF,Hitachi HDS722020ALA330,2000398934016,0,,0,,,,,,,,3,,,,,,27861,,,,,,,,,,,,,,,,,,,,,,,,,,,,,,24,,,,,,0,,,,,,,,,,,,,,,,,,,,,,,,,,,,
2013-12-11,MJ1313YNG1YK5C,Hitachi HDS5C3030ALA630,3000592982016,0,,0,,,,,,,,0,,,,,,21796,,,,,,,,,,,,,,,,,,,,,,,,,,,,,,22,,,,,,0,,,,,,,,,,,,,,,,,,,,,,,,,,,,
2013-12-11,MJ1311YNG3L4XA,Hitachi HDS5C3030ALA630,3000592982016,0,,0,,,,,,,,0,,,,,,19586,,,,,,,,,,,,,,,,,,,,,,,,,,,,,,20,,,,,,0,,,,,,,,,,,,,,,,,,,,,,,,,,,,
2013-12-11,W300B0HE,ST4000DM000,4000787030016,0,,112594440,,,,,,,,0,,,,,,4183,,,,,,,,,,,,,,,,,,,,,,,,,,,,,,25,,,,,,0,,,,,,,,,,,,,,,,,,,,,,,,,,,,
2013-12-11,WD-WMC1T1611143,WDC WD30EFRX,3000592982016,0,,0,,,,,,,,0,,,,,,7390,,,,,,,,,,,,,,,,,,,,,,,,,,,,,,23,,,,,,0,,,,,,,,,,,,,,,,,,,,,,,,,,,,
2013-12-11,JK11A8YBKYTW0F,Hitachi HDS722020ALA330,2000398934016,0,,1,,,,,,,,0,,,,,,27845,,,,,,,,,,,,,,,,,,,,,,,,,,,,,,28,,,,,,0,,,,,,,,,,,,,,,,,,,,,,,,,,,,
2013-12-11,W3005PLD,ST4000DM000,4000787030016,0,,152983056,,,,,,,,0,,,,,,2902,,,,,,,,,,,,,,,,,,,,,,,,,,,,,,29,,,,,,0,,,,,,,,,,,,,,,,,,,,,,,,,,,,
2013-12-11,S1F02MRT,ST3000DM001,3000592982016,0,,30928968,,,,,,,,0,,,,,,16176,,,,,,,,,,,,,,,,,,,,,,,,,,,,,,25,,,,,,0,,,,,,,,,,,,,,,,,,,,,,,,,,,,
2013-12-11,9XW01RQ4,ST31500541AS,1500301910016,0,,154307501,,,,,,,,8,,,,,,34745,,,,,,,,,,,,,,,,,,,,,,,,,,,,,,17,,,,,,0,,,,,,,,,,,,,,,,,,,,,,,,,,,,
2013-12-11,9VS3H1JB,ST31500341AS,1500301910016,0,,54185769,,,,,,,,37,,,,,,30932,,,,,,,,,,,,,,,,,,,,,,,,,,,,,,30,,,,,,0,,,,,,,,,,,,,,,,,,,,,,,,,,,,
2013-12-11,9XW03BQS,ST31500541AS,1500301910016,0,,204399770,,,,,,,,0,,,,,,32330,,,,,,,,,,,,,,,,,,,,,,,,,,,,,,26,,,,,,0,,,,,,,,,,,,,,,,,,,,,,,,,,,,
2013-12-11,MJ1311YNG4R03A,Hitachi HDS5C3030ALA630,3000592982016,0,,0,,,,,,,,0,,,,,,14685,,,,,,,,,,,,,,,,,,,,,,,,,,,,,,20,,,,,,0,,,,,,,,,,,,,,,,,,,,,,,,,,,,
2013-12-11,MJ1321YNG0P74A,Hitachi HDS5C3030ALA630,3000592982016,0,,0,,,,,,,,0,,,,,,20067,,,,,,,,,,,,,,,,,,,,,,,,,,,,,,23,,,,,,0,,,,,,,,,,,,,,,,,,,,,,,,,,,,
2013-12-11,JK11A8B9J3KW7F,Hitachi HDS722020ALA330,2000398934016,0,,0,,,,,,,,0,,,,,,23822,,,,,,,,,,,,,,,,,,,,,,,,,,,,,,36,,,,,,0,,,,,,,,,,,,,,,,,,,,,,,,,,,,
2013-12-11,JK1101YAJSE66V,Hitachi HDS722020ALA330,2000398934016,0,,1,,,,,,,,6,,,,,,29211,,,,,,,,,,,,,,,,,,,,,,,,,,,,,,31,,,,,,0,,,,,,,,,,,,,,,,,,,,,,,,,,,,
2013-12-11,9XW01RQY,ST31500541AS,1500301910016,0,,109117325,,,,,,,,0,,,,,,17991,,,,,,,,,,,,,,,,,,,,,,,,,,,,,,23,,,,,,0,,,,,,,,,,,,,,,,,,,,,,,,,,,,
2013-12-11,MJ0351YNGA364A,Hitachi HDS5C3030ALA630,3000592982016,0,,0,,,,,,,,0,,,,,,8093,,,,,,,,,,,,,,,,,,,,,,,,,,,,,,27,,,,,,0,,,,,,,,,,,,,,,,,,,,,,,,,,,,
2013-12-11,Z300J7MQ,ST4000DM000,4000787030016,0,,111163520,,,,,,,,0,,,,,,1113,,,,,,,,,,,,,,,,,,,,,,,,,,,,,,21,,,,,,0,,,,,,,,,,,,,,,,,,,,,,,,,,,,
2013-12-11,9XW03BQ8,ST31500541AS,1500301910016,0,,182901476,,,,,,,,0,,,,,,33333,,,,,,,,,,,,,,,,,,,,,,,,,,,,,,22,,,,,,0,,,,,,,,,,,,,,,,,,,,,,,,,,,,
2013-12-11,5XW03DR6,ST31500541AS,1500301910016,0,,64620993,,,,,,,,0,,,,,,37288,,,,,,,,,,,,,,,,,,,,,,,,,,,,,,28,,,,,,0,,,,,,,,,,,,,,,,,,,,,,,,,,,,
2013-12-11,PL1311LAG3AUHH,Hitachi HDS5C4040ALE630,4000787030016,0,,0,,,,,,,,0,,,,,,5037,,,,,,,,,,,,,,,,,,,,,,,,,,,,,,26,,,,,,0,,,,,,,,,,,,,,,,,,,,,,,,,,,,
2013-12-11,JK1171YAK1X9UN,Hitachi HDS722020ALA330,2000398934016,0,,0,,,,,,,,1,,,,,,29912,,,,,,,,,,,,,,,,,,,,,,,,,,,,,,27,,,,,,1,,,,,,,,,,,,,,,,,,,,,,,,,,,,
2013-12-11,W300CJ43,ST4000DM000,4000787030016,0,,78830096,,,,,,,,0,,,,,,2222,,,,,,,,,,,,,,,,,,,,,,,,,,,,,,23,,,,,,0,,,,,,,,,,,,,,,,,,,,,,,,,,,,
2013-12-11,6XW08FTH,ST31500541AS,1500301910016,0,,16956555,,,,,,,,0,,,,,,29236,,,,,,,,,,,,,,,,,,,,,,,,,,,,,,20,,,,,,0,,,,,,,,,,,,,,,,,,,,,,,,,,,,
2013-12-11,Z300CXDS,ST4000DM000,4000787030016,0,,103695648,,,,,,,,0,,,,,,2246,,,,,,,,,,,,,,,,,,,,,,,,,,,,,,23,,,,,,0,,,,,,,,,,,,,,,,,,,,,,,,,,,,
2013-12-11,JK11A8B9J7HAUF,Hitachi HDS722020ALA330,2000398934016,0,,0,,,,,,,,0,,,,,,25539,,,,,,,,,,,,,,,,,,,,,,,,,,,,,,29,,,,,,0,,,,,,,,,,,,,,,,,,,,,,,,,,,,
2013-12-11,Z300CXDW,ST4000DM000,4000787030016,0,,121178048,,,,,,,,0,,,,,,2243,,,,,,,,,,,,,,,,,,,,,,,,,,,,,,20,,,,,,0,,,,,,,,,,,,,,,,,,,,,,,,,,,,
2013-12-11,PL1311LAG24M4A,Hitachi HDS5C4040ALE630,4000787030016,0,,0,,,,,,,,0,,,,,,7386,,,,,,,,,,,,,,,,,,,,,,,,,,,,,,25,,,,,,0,,,,,,,,,,,,,,,,,,,,,,,,,,,,
2013-12-11,6XW03ZWW,ST31500541AS,1500301910016,0,,92244879,,,,,,,,0,,,,,,37289,,,,,,,,,,,,,,,,,,,,,,,,,,,,,,22,,,,,,0,,,,,,,,,,,,,,,,,,,,,,,,,,,,
2013-12-11,JK11A1YAJH8G6V,Hitachi HDS722020ALA330,2000398934016,0,,0,,,,,,,,0,,,,,,28973,,,,,,,,,,,,,,,,,,,,,,,,,,,,,,28,,,,,,0,,,,,,,,,,,,,,,,,,,,,,,,,,,,
2013-12-11,9XW0ABQJ,ST31500541AS,1500301910016,0,,151812690,,,,,,,,0,,,,,,10888,,,,,,,,,,,,,,,,,,,,,,,,,,,,,,25,,,,,,0,,,,,,,,,,,,,,,,,,,,,,,,,,,,
2013-12-11,Z300KLNZ,ST4000DM000,4000787030016,0,,11087664,,,,,,,,0,,,,,,2218,,,,,,,,,,,,,,,,,,,,,,,,,,,,,,23,,,,,,0,,,,,,,,,,,,,,,,,,,,,,,,,,,,
2013-12-11,PL1311LAG3B1SH,Hitachi HDS5C4040ALE630,4000787030016,0,,0,,,,,,,,0,,,,,,6639,,,,,,,,,,,,,,,,,,,,,,,,,,,,,,28,,,,,,0,,,,,,,,,,,,,,,,,,,,,,,,,,,,
2013-12-11,PL1311LAG3B8EH,Hitachi HDS5C4040ALE630,4000787030016,0,,0,,,,,,,,0,,,,,,5959,,,,,,,,,,,,,,,,,,,,,,,,,,,,,,19,,,,,,0,,,,,,,,,,,,,,,,,,,,,,,,,,,,
2013-12-11,Z1Z05QM0,ST4000DX000,4000787030016,0,,113131620,,,,,,,,0,,,,,,5077,,,,,,,,,,,,,,,,,,,,,,,,,,,,,,33,,,,,,0,,,,,,,,,,,,,,,,,,,,,,,,,,,,
2013-12-11,6XW022J2,ST31500541AS,1500301910016,0,,80646305,,,,,,,,0,,,,,,35754,,,,,,,,,,,,,,,,,,,,,,,,,,,,,,18,,,,,,0,,,,,,,,,,,,,,,,,,,,,,,,,,,,
2013-12-11,PL1321LAG36GEH,Hitachi HDS5C4040ALE630,4000787030016,0,,0,,,,,,,,0,,,,,,6653,,,,,,,,,,,,,,,,,,,,,,,,,,,,,,28,,,,,,0,,,,,,,,,,,,,,,,,,,,,,,,,,,,
2013-12-11,W1F0P6E1,ST3000DM001,3000592982016,0,,108265064,,,,,,,,0,,,,,,9268,,,,,,,,,,,,,,,,,,,,,,,,,,,,,,25,,,,,,0,,,,,,,,,,,,,,,,,,,,,,,,,,,,
2013-12-11,Z2529ZDAS,TOSHIBA DT01ACA300,3000592982016,0,,0,,,,,,,,0,,,,,,6615,,,,,,,,,,,,,,,,,,,,,,,,,,,,,,27,,,,,,0,,,,,,,,,,,,,,,,,,,,,,,,,,,,
2013-12-11,Z300W5N6,ST4000DM000,4000787030016,0,,86090200,,,,,,,,0,,,,,,815,,,,,,,,,,,,,,,,,,,,,,,,,,,,,,18,,,,,,0,,,,,,,,,,,,,,,,,,,,,,,,,,,,
2013-12-11,MJ1311YNG26RWA,Hitachi HDS5C3030ALA630,3000592982016,0,,0,,,,,,,,0,,,,,,14330,,,,,,,,,,,,,,,,,,,,,,,,,,,,,,33,,,,,,0,,,,,,,,,,,,,,,,,,,,,,,,,,,,
2013-12-11,JK11A8B9J1ALDF,Hitachi HDS722020ALA330,2000398934016,0,,0,,,,,,,,0,,,,,,23712,,,,,,,,,,,,,,,,,,,,,,,,,,,,,,31,,,,,,0,,,,,,,,,,,,,,,,,,,,,,,,,,,,
2013-12-11,JK11A8B9J3B1SF,Hitachi HDS722020ALA330,2000398934016,0,,0,,,,,,,,0,,,,,,23820,,,,,,,,,,,,,,,,,,,,,,,,,,,,,,28,,,,,,0,,,,,,,,,,,,,,,,,,,,,,,,,,,,
2013-12-11,S1F0S0NC,ST3000DM001,3000592982016,0,,117814520,,,,,,,,0,,,,,,10743,,,,,,,,,,,,,,,,,,,,,,,,,,,,,,24,,,,,,0,,,,,,,,,,,,,,,,,,,,,,,,,,,,
2013-12-11,W3009F9G,ST4000DM000,4000787030016,0,,61465584,,,,,,,,0,,,,,,4140,,,,,,,,,,,,,,,,,,,,,,,,,,,,,,23,,,,,,0,,,,,,,,,,,,,,,,,,,,,,,,,,,,
2013-12-11,5XW0BQKL,ST31500541AS,1500301910016,0,,142320124,,,,,,,,0,,,,,,33255,,,,,,,,,,,,,,,,,,,,,,,,,,,,,,21,,,,,,0,,,,,,,,,,,,,,,,,,,,,,,,,,,,
2013-12-11,JK2171B9J29YRL,Hitachi HDS722020ALA330,2000398934016,0,,65536,,,,,,,,0,,,,,,22413,,,,,,,,,,,,,,,,,,,,,,,,,,,,,,28,,,,,,0,,,,,,,,,,,,,,,,,,,,,,,,,,,,
2013-12-11,W1F0P6EK,ST3000DM001,3000592982016,0,,110588080,,,,,,,,0,,,,,,11024,,,,,,,,,,,,,,,,,,,,,,,,,,,,,,29,,,,,,0,,,,,,,,,,,,,,,,,,,,,,,,,,,,
2013-12-11,6XW04W5G,ST31500541AS,1500301910016,0,,129861205,,,,,,,,0,,,,,,36955,,,,,,,,,,,,,,,,,,,,,,,,,,,,,,23,,,,,,0,,,,,,,,,,,,,,,,,,,,,,,,,,,,
2013-12-11,Z1Z05AF0,ST4000DX000,4000787030016,0,,65718422,,,,,,,,0,,,,,,5077,,,,,,,,,,,,,,,,,,,,,,,,,,,,,,33,,,,,,0,,,,,,,,,,,,,,,,,,,,,,,,,,,,
2013-12-11,MJ1311YNG02NUA,Hitachi HDS5C3030ALA630,3000592982016,0,,0,,,,,,,,0,,,,,,19253,,,,,,,,,,,,,,,,,,,,,,,,,,,,,,27,,,,,,0,,,,,,,,,,,,,,,,,,,,,,,,,,,,
2013-12-11,PL1321LAG35EWH,Hitachi HDS5C4040ALE630,4000787030016,0,,0,,,,,,,,0,,,,,,6648,,,,,,,,,,,,,,,,,,,,,,,,,,,,,,20,,,,,,0,,,,,,,,,,,,,,,,,,,,,,,,,,,,
2013-12-11,S1F00NPV,ST3000DM001,3000592982016,0,,145692328,,,,,,,,0,,,,,,16179,,,,,,,,,,,,,,,,,,,,,,,,,,,,,,23,,,,,,0,,,,,,,,,,,,,,,,,,,,,,,,,,,,
2013-12-11,MJ0351YNG9W2UA,Hitachi HDS5C3030ALA630,3000592982016,0,,0,,,,,,,,0,,,,,,9958,,,,,,,,,,,,,,,,,,,,,,,,,,,,,,28,,,,,,0,,,,,,,,,,,,,,,,,,,,,,,,,,,,
2013-12-11,JK1101B9JPEUSR,Hitachi HDS722020ALA330,2000398934016,0,,1,,,,,,,,0,,,,,,24426,,,,,,,,,,,,,,,,,,,,,,,,,,,,,,29,,,,,,0,,,,,,,,,,,,,,,,,,,,,,,,,,,,
2013-12-11,9VS3HNGG,ST31500341AS,1500301910016,0,,172389193,,,,,,,,14,,,,,,31537,,,,,,,,,,,,,,,,,,,,,,,,,,,,,,21,,,,,,0,,,,,,,,,,,,,,,,,,,,,,,,,,,,
2013-12-11,Z300VCB2,ST4000DM000,4000787030016,0,,94901936,,,,,,,,0,,,,,,920,,,,,,,,,,,,,,,,,,,,,,,,,,,,,,23,,,,,,0,,,,,,,,,,,,,,,,,,,,,,,,,,,,
2013-12-11,6XW038NK,ST31500541AS,1500301910016,0,,17534888,,,,,,,,0,,,,,,35446,,,,,,,,,,,,,,,,,,,,,,,,,,,,,,20,,,,,,2,,,,,,,,,,,,,,,,,,,,,,,,,,,,
2013-12-11,MJ1311YNG35H7A,Hitachi HDS5C3030ALA630,3000592982016,0,,0,,,,,,,,0,,,,,,18315,,,,,,,,,,,,,,,,,,,,,,,,,,,,,,25,,,,,,0,,,,,,,,,,,,,,,,,,,,,,,,,,,,
2013-12-11,PL1321LAG342RH,Hitachi HDS5C4040ALE630,4000787030016,0,,0,,,,,,,,0,,,,,,6651,,,,,,,,,,,,,,,,,,,,,,,,,,,,,,25,,,,,,0,,,,,,,,,,,,,,,,,,,,,,,,,,,,
2013-12-11,MJ0351YNGA6WEA,Hitachi HDS5C3030ALA630,3000592982016,0,,0,,,,,,,,0,,,,,,8054,,,,,,,,,,,,,,,,,,,,,,,,,,,,,,26,,,,,,0,,,,,,,,,,,,,,,,,,,,,,,,,,,,
2013-12-11,JK1104B8JPBV3W,Hitachi HDS722020ALA330,2000398934016,0,,0,,,,,,,,0,,,,,,23991,,,,,,,,,,,,,,,,,,,,,,,,,,,,,,34,,,,,,0,,,,,,,,,,,,,,,,,,,,,,,,,,,,
2013-12-11,PL2311LAG1MHSC,Hitachi HDS5C4040ALE630,4000787030016,0,,0,,,,,,,,0,,,,,,7757,,,,,,,,,,,,,,,,,,,,,,,,,,,,,,26,,,,,,0,,,,,,,,,,,,,,,,,,,,,,,,,,,,
2013-12-11,PL1311LAG3D4XH,Hitachi HDS5C4040ALE630,4000787030016,0,,0,,,,,,,,0,,,,,,5949,,,,,,,,,,,,,,,,,,,,,,,,,,,,,,23,,,,,,0,,,,,,,,,,,,,,,,,,,,,,,,,,,,
2013-12-11,JK11A4YAKDWMWW,Hitachi HDS722020ALA330,2000398934016,0,,1,,,,,,,,0,,,,,,27871,,,,,,,,,,,,,,,,,,,,,,,,,,,,,,26,,,,,,0,,,,,,,,,,,,,,,,,,,,,,,,,,,,
2013-12-11,MJ0351YNG9VPJA,Hitachi HDS5C3030ALA630,3000592982016,0,,0,,,,,,,,0,,,,,,7974,,,,,,,,,,,,,,,,,,,,,,,,,,,,,,29,,,,,,0,,,,,,,,,,,,,,,,,,,,,,,,,,,,
2013-12-11,MJ1321YNG13K3A,Hitachi HDS5C3030ALA630,3000592982016,0,,0,,,,,,,,0,,,,,,19310,,,,,,,,,,,,,,,,,,,,,,,,,,,,,,25,,,,,,0,,,,,,,,,,,,,,,,,,,,,,,,,,,,
2013-12-11,Z1F1B6H4,ST3000DM001,3000592982016,0,,39631624,,,,,,,,0,,,,,,7992,,,,,,,,,,,,,,,,,,,,,,,,,,,,,,19,,,,,,0,,,,,,,,,,,,,,,,,,,,,,,,,,,,
2013-12-11,Z1F0YNN2,ST3000DM001,3000592982016,0,,99878344,,,,,,,,0,,,,,,7179,,,,,,,,,,,,,,,,,,,,,,,,,,,,,,26,,,,,,0,,,,,,,,,,,,,,,,,,,,,,,,,,,,
2013-12-11,JK11A8B9J87RHF,Hitachi HDS722020ALA330,2000398934016,0,,0,,,,,,,,0,,,,,,24493,,,,,,,,,,,,,,,,,,,,,,,,,,,,,,30,,,,,,0,,,,,,,,,,,,,,,,,,,,,,,,,,,,
2013-12-11,9VS1JSBM,ST31500341AS,1500301910016,0,,202925984,,,,,,,,4,,,,,,40408,,,,,,,,,,,,,,,,,,,,,,,,,,,,,,33,,,,,,0,,,,,,,,,,,,,,,,,,,,,,,,,,,,
2013-12-11,JK11A8B9J33JJR,Hitachi HDS722020ALA330,2000398934016,0,,0,,,,,,,,0,,,,,,23709,,,,,,,,,,,,,,,,,,,,,,,,,,,,,,30,,,,,,0,,,,,,,,,,,,,,,,,,,,,,,,,,,,
2013-12-11,6XW0Q470,ST31500541AS,1500301910016,0,,172847451,,,,,,,,0,,,,,,34171,,,,,,,,,,,,,,,,,,,,,,,,,,,,,,20,,,,,,0,,,,,,,,,,,,,,,,,,,,,,,,,,,,
2013-12-11,PL1321LAG346YH,Hitachi HDS5C4040ALE630,4000787030016,0,,0,,,,,,,,0,,,,,,6654,,,,,,,,,,,,,,,,,,,,,,,,,,,,,,19,,,,,,0,,,,,,,,,,,,,,,,,,,,,,,,,,,,
2013-12-11,JK1131YAJGSMSV,Hitachi HDS722020ALA330,2000398934016,0,,0,,,,,,,,0,,,,,,30254,,,,,,,,,,,,,,,,,,,,,,,,,,,,,,27,,,,,,0,,,,,,,,,,,,,,,,,,,,,,,,,,,,
2013-12-11,WD-WCAWZ0445329,WDC WD30EZRX,3000592982016,0,,0,,,,,,,,0,,,,,,16994,,,,,,,,,,,,,,,,,,,,,,,,,,,,,,23,,,,,,0,,,,,,,,,,,,,,,,,,,,,,,,,,,,
2013-12-11,MJ1311YNG3JGNA,Hitachi HDS5C3030ALA630,3000592982016,0,,0,,,,,,,,0,,,,,,19254,,,,,,,,,,,,,,,,,,,,,,,,,,,,,,26,,,,,,0,,,,,,,,,,,,,,,,,,,,,,,,,,,,
2013-12-11,PL1311LAG3EJLH,Hitachi HDS5C4040ALE630,4000787030016,0,,0,,,,,,,,0,,,,,,6654,,,,,,,,,,,,,,,,,,,,,,,,,,,,,,22,,,,,,0,,,,,,,,,,,,,,,,,,,,,,,,,,,,
2013-12-11,JK1101B9GLDD1R,Hitachi HDS722020ALA330,2000398934016,0,,0,,,,,,,,0,,,,,,26764,,,,,,,,,,,,,,,,,,,,,,,,,,,,,,28,,,,,,0,,,,,,,,,,,,,,,,,,,,,,,,,,,,
2013-12-11,JK11A1YAJH5S1V,Hitachi HDS722020ALA330,2000398934016,0,,0,,,,,,,,2,,,,,,28973,,,,,,,,,,,,,,,,,,,,,,,,,,,,,,27,,,,,,0,,,,,,,,,,,,,,,,,,,,,,,,,,,,
2013-12-11,JK11A8B9J3N5RF,Hitachi HDS722020ALA330,2000398934016,0,,1114113,,,,,,,,0,,,,,,23318,,,,,,,,,,,,,,,,,,,,,,,,,,,,,,34,,,,,,0,,,,,,,,,,,,,,,,,,,,,,,,,,,,
2013-12-11,MJ0351YNG9XRKA,Hitachi HDS5C3030ALA630,3000592982016,0,,0,,,,,,,,0,,,,,,9906,,,,,,,,,,,,,,,,,,,,,,,,,,,,,,23,,,,,,0,,,,,,,,,,,,,,,,,,,,,,,,,,,,
2013-12-11,Z300PM7K,ST4000DM000,4000787030016,0,,3561856,,,,,,,,0,,,,,,1114,,,,,,,,,,,,,,,,,,,,,,,,,,,,,,26,,,,,,0,,,,,,,,,,,,,,,,,,,,,,,,,,,,
2013-12-11,JK1101B9GN4EEF,Hitachi HDS722020ALA330,2000398934016,0,,0,,,,,,,,0,,,,,,26493,,,,,,,,,,,,,,,,,,,,,,,,,,,,,,23,,,,,,0,,,,,,,,,,,,,,,,,,,,,,,,,,,,
2013-12-11,MJ0351YNG9XNWA,Hitachi HDS5C3030ALA630,3000592982016,0,,0,,,,,,,,0,,,,,,9190,,,,,,,,,,,,,,,,,,,,,,,,,,,,,,30,,,,,,0,,,,,,,,,,,,,,,,,,,,,,,,,,,,
2013-12-11,9VS3JS9F,ST31500341AS,1500301910016,0,,62465856,,,,,,,,28,,,,,,32927,,,,,,,,,,,,,,,,,,,,,,,,,,,,,,22,,,,,,0,,,,,,,,,,,,,,,,,,,,,,,,,,,,
2013-12-11,6XW0YDHY,ST31500541AS,1500301910016,0,,30948613,,,,,,,,0,,,,,,30969,,,,,,,,,,,,,,,,,,,,,,,,,,,,,,21,,,,,,0,,,,,,,,,,,,,,,,,,,,,,,,,,,,
2013-12-11,6XW1XSM4,ST32000542AS,2000398934016,0,,108794968,,,,,,,,0,,,,,,8005,,,,,,,,,,,,,,,,,,,,,,,,,,,,,,20,,,,,,0,,,,,,,,,,,,,,,,,,,,,,,,,,,,
2013-12-11,S1F06TRK,ST3000DM001,3000592982016,0,,237413264,,,,,,,,0,,,,,,13880,,,,,,,,,,,,,,,,,,,,,,,,,,,,,,23,,,,,,0,,,,,,,,,,,,,,,,,,,,,,,,,,,,
2013-12-11,JK11A8B9GPD2VF,Hitachi HDS722020ALA330,2000398934016,0,,0,,,,,,,,0,,,,,,26762,,,,,,,,,,,,,,,,,,,,,,,,,,,,,,28,,,,,,0,,,,,,,,,,,,,,,,,,,,,,,,,,,,
2013-12-11,WD-WCAV5V405085,WDC WD10EADX,1000204886016,0,,0,,,,,,,,0,,,,,,12117,,,,,,,,,,,,,,,,,,,,,,,,,,,,,,26,,,,,,0,,,,,,,,,,,,,,,,,,,,,,,,,,,,
2013-12-11,Z300PM73,ST4000DM000,4000787030016,0,,41730768,,,,,,,,0,,,,,,1234,,,,,,,,,,,,,,,,,,,,,,,,,,,,,,21,,,,,,0,,,,,,,,,,,,,,,,,,,,,,,,,,,,
2013-12-11,PL1311LAG3EZAH,Hitachi HDS5C4040ALE630,4000787030016,0,,0,,,,,,,,0,,,,,,5959,,,,,,,,,,,,,,,,,,,,,,,,,,,,,,17,,,,,,0,,,,,,,,,,,,,,,,,,,,,,,,,,,,
2013-12-11,PL1321LAG34Z2H,Hitachi HDS5C4040ALE630,4000787030016,0,,0,,,,,,,,0,,,,,,6568,,,,,,,,,,,,,,,,,,,,,,,,,,,,,,27,,,,,,0,,,,,,,,,,,,,,,,,,,,,,,,,,,,
2013-12-11,MJ1311YNG3GUVA,Hitachi HDS5C3030ALA630,3000592982016,0,,0,,,,,,,,0,,,,,,18941,,,,,,,,,,,,,,,,,,,,,,,,,,,,,,24,,,,,,0,,,,,,,,,,,,,,,,,,,,,,,,,,,,
2013-12-11,WD-WMAWZ0276716,WDC WD30EZRX,3000592982016,0,,0,,,,,,,,0,,,,,,12942,,,,,,,,,,,,,,,,,,,,,,,,,,,,,,25,,,,,,0,,,,,,,,,,,,,,,,,,,,,,,,,,,,
2013-12-11,S1F05QL5,ST3000DM001,3000592982016,0,,90829136,,,,,,,,0,,,,,,12362,,,,,,,,,,,,,,,,,,,,,,,,,,,,,,23,,,,,,0,,,,,,,,,,,,,,,,,,,,,,,,,,,,
2013-12-11,W300E19W,ST4000DM000,4000787030016,0,,28429688,,,,,,,,0,,,,,,4290,,,,,,,,,,,,,,,,,,,,,,,,,,,,,,23,,,,,,0,,,,,,,,,,,,,,,,,,,,,,,,,,,,
2013-12-11,JK11A8B9JR1HDF,Hitachi HDS722020ALA330,2000398934016,0,,0,,,,,,,,0,,,,,,23711,,,,,,,,,,,,,,,,,,,,,,,,,,,,,,30,,,,,,0,,,,,,,,,,,,,,,,,,,,,,,,,,,,
2013-12-11,WD-WCC070198561,WDC WD30EZRX,3000592982016,0,,0,,,,,,,,0,,,,,,8612,,,,,,,,,,,,,,,,,,,,,,,,,,,,,,23,,,,,,0,,,,,,,,,,,,,,,,,,,,,,,,,,,,
2013-12-11,MJ0351YNGAA1RA,Hitachi HDS5C3030ALA630,3000592982016,0,,0,,,,,,,,0,,,,,,8617,,,,,,,,,,,,,,,,,,,,,,,,,,,,,,28,,,,,,0,,,,,,,,,,,,,,,,,,,,,,,,,,,,
2013-12-11,MJ1311YNG7ANLA,Hitachi HDS5C3030ALA630,3000592982016,0,,0,,,,,,,,0,,,,,,14290,,,,,,,,,,,,,,,,,,,,,,,,,,,,,,31,,,,,,0,,,,,,,,,,,,,,,,,,,,,,,,,,,,
2013-12-11,W300AZYQ,ST4000DM000,4000787030016,0,,92530384,,,,,,,,0,,,,,,4146,,,,,,,,,,,,,,,,,,,,,,,,,,,,,,23,,,,,,0,,,,,,,,,,,,,,,,,,,,,,,,,,,,
2013-12-11,JK11A1YAJH2B5V,Hitachi HDS722020ALA330,2000398934016,0,,0,,,,,,,,0,,,,,,28971,,,,,,,,,,,,,,,,,,,,,,,,,,,,,,30,,,,,,0,,,,,,,,,,,,,,,,,,,,,,,,,,,,
2013-12-11,PL1321LAG343ZH,Hitachi HDS5C4040ALE630,4000787030016,0,,0,,,,,,,,0,,,,,,5925,,,,,,,,,,,,,,,,,,,,,,,,,,,,,,20,,,,,,0,,,,,,,,,,,,,,,,,,,,,,,,,,,,
2013-12-11,MJ0351YNG9Z1TA,Hitachi HDS5C3030ALA630,3000592982016,0,,0,,,,,,,,0,,,,,,9956,,,,,,,,,,,,,,,,,,,,,,,,,,,,,,29,,,,,,0,,,,,,,,,,,,,,,,,,,,,,,,,,,,
2013-12-11,MK0333YHGPWX3C,Hitachi HDS723030ALA640,3000592982016,0,,0,,,,,,,,0,,,,,,17756,,,,,,,,,,,,,,,,,,,,,,,,,,,,,,24,,,,,,0,,,,,,,,,,,,,,,,,,,,,,,,,,,,
2013-12-11,Z300PKPB,ST4000DM000,4000787030016,0,,41829808,,,,,,,,0,,,,,,1225,,,,,,,,,,,,,,,,,,,,,,,,,,,,,,21,,,,,,0,,,,,,,,,,,,,,,,,,,,,,,,,,,,
2013-12-11,PL2311LAG1TWKC,Hitachi HDS5C4040ALE630,4000787030016,0,,0,,,,,,,,0,,,,,,7417,,,,,,,,,,,,,,,,,,,,,,,,,,,,,,21,,,,,,0,,,,,,,,,,,,,,,,,,,,,,,,,,,,
2013-12-11,WD-WCAWZ0504503,WDC WD30EZRX,3000592982016,0,,106,,,,,,,,0,,,,,,15832,,,,,,,,,,,,,,,,,,,,,,,,,,,,,,26,,,,,,6,,,,,,,,,,,,,,,,,,,,,,,,,,,,
2013-12-11,W1F0Q8HY,ST3000DM001,3000592982016,0,,165314072,,,,,,,,0,,,,,,8029,,,,,,,,,,,,,,,,,,,,,,,,,,,,,,24,,,,,,0,,,,,,,,,,,,,,,,,,,,,,,,,,,,
2013-12-11,JK1105B8GEUDMX,Hitachi HDS722020ALA330,2000398934016,0,,1,,,,,,,,0,,,,,,27167,,,,,,,,,,,,,,,,,,,,,,,,,,,,,,33,,,,,,0,,,,,,,,,,,,,,,,,,,,,,,,,,,,
2013-12-11,6XW105C9,ST31500541AS,1500301910016,0,,49689718,,,,,,,,0,,,,,,30083,,,,,,,,,,,,,,,,,,,,,,,,,,,,,,27,,,,,,0,,,,,,,,,,,,,,,,,,,,,,,,,,,,
2013-12-11,JK1105B8GDV65X,Hitachi HDS722020ALA330,2000398934016,0,,1,,,,,,,,2,,,,,,27221,,,,,,,,,,,,,,,,,,,,,,,,,,,,,,30,,,,,,0,,,,,,,,,,,,,,,,,,,,,,,,,,,,
2013-12-11,9VS4XRME,ST31500341AS,1500301910016,0,,33334059,,,,,,,,4,,,,,,16299,,,,,,,,,,,,,,,,,,,,,,,,,,,,,,25,,,,,,0,,,,,,,,,,,,,,,,,,,,,,,,,,,,
2013-12-11,S1F0A9QT,ST3000DM001,3000592982016,0,,214406968,,,,,,,,0,,,,,,12420,,,,,,,,,,,,,,,,,,,,,,,,,,,,,,32,,,,,,0,,,,,,,,,,,,,,,,,,,,,,,,,,,,
2013-12-11,S1F0LTQC,ST3000DM001,3000592982016,0,,116771544,,,,,,,,0,,,,,,7689,,,,,,,,,,,,,,,,,,,,,,,,,,,,,,28,,,,,,0,,,,,,,,,,,,,,,,,,,,,,,,,,,,
2013-12-11,9VS1XBX8,ST31500341AS,1500301910016,0,,40672224,,,,,,,,1,,,,,,38955,,,,,,,,,,,,,,,,,,,,,,,,,,,,,,23,,,,,,0,,,,,,,,,,,,,,,,,,,,,,,,,,,,
2013-12-11,6XW105CP,ST31500541AS,1500301910016,0,,183850457,,,,,,,,0,,,,,,30969,,,,,,,,,,,,,,,,,,,,,,,,,,,,,,23,,,,,,0,,,,,,,,,,,,,,,,,,,,,,,,,,,,
2013-12-11,JK1101B9JP658U,Hitachi HDS722020ALA330,2000398934016,0,,0,,,,,,,,0,,,,,,22298,,,,,,,,,,,,,,,,,,,,,,,,,,,,,,31,,,,,,0,,,,,,,,,,,,,,,,,,,,,,,,,,,,
2013-12-11,MK0301YHGL50LA,Hitachi HDS723030ALA640,3000592982016,0,,0,,,,,,,,0,,,,,,17752,,,,,,,,,,,,,,,,,,,,,,,,,,,,,,24,,,,,,0,,,,,,,,,,,,,,,,,,,,,,,,,,,,
2013-12-11,S1F115Z6,ST3000DM001,3000592982016,0,,45732664,,,,,,,,0,,,,,,8127,,,,,,,,,,,,,,,,,,,,,,,,,,,,,,23,,,,,,0,,,,,,,,,,,,,,,,,,,,,,,,,,,,
2013-12-11,6XW05YNY,ST31500541AS,1500301910016,0,,230742166,,,,,,,,0,,,,,,37061,,,,,,,,,,,,,,,,,,,,,,,,,,,,,,20,,,,,,0,,,,,,,,,,,,,,,,,,,,,,,,,,,,
2013-12-11,MJ1323YNG1GBKC,Hitachi HDS5C3030ALA630,3000592982016,0,,0,,,,,,,,0,,,,,,19629,,,,,,,,,,,,,,,,,,,,,,,,,,,,,,26,,,,,,0,,,,,,,,,,,,,,,,,,,,,,,,,,,,
2013-12-11,6XW05YNS,ST31500541AS,1500301910016,0,,51930389,,,,,,,,0,,,,,,36955,,,,,,,,,,,,,,,,,,,,,,,,,,,,,,24,,,,,,0,,,,,,,,,,,,,,,,,,,,,,,,,,,,
2013-12-11,S1F0175R,ST3000DM001,3000592982016,0,,215291944,,,,,,,,0,,,,,,13758,,,,,,,,,,,,,,,,,,,,,,,,,,,,,,22,,,,,,0,,,,,,,,,,,,,,,,,,,,,,,,,,,,
2013-12-11,JK11A8B9J7T49F,Hitachi HDS722020ALA330,2000398934016,0,,0,,,,,,,,0,,,,,,25539,,,,,,,,,,,,,,,,,,,,,,,,,,,,,,25,,,,,,0,,,,,,,,,,,,,,,,,,,,,,,,,,,,
2013-12-11,Z300MGJK,ST4000DM000,4000787030016,0,,55767968,,,,,,,,0,,,,,,2899,,,,,,,,,,,,,,,,,,,,,,,,,,,,,,22,,,,,,0,,,,,,,,,,,,,,,,,,,,,,,,,,,,
2013-12-11,MJ0351YNG9VY7A,Hitachi HDS5C3030ALA630,3000592982016,0,,0,,,,,,,,0,,,,,,9722,,,,,,,,,,,,,,,,,,,,,,,,,,,,,,29,,,,,,0,,,,,,,,,,,,,,,,,,,,,,,,,,,,
2013-12-11,JK1171YAK204MN,Hitachi HDS722020ALA330,2000398934016,0,,131075,,,,,,,,0,,,,,,29914,,,,,,,,,,,,,,,,,,,,,,,,,,,,,,25,,,,,,0,,,,,,,,,,,,,,,,,,,,,,,,,,,,
2013-12-11,PL1311LAG3E03H,Hitachi HDS5C4040ALE630,4000787030016,0,,0,,,,,,,,0,,,,,,6655,,,,,,,,,,,,,,,,,,,,,,,,,,,,,,20,,,,,,0,,,,,,,,,,,,,,,,,,,,,,,,,,,,
2013-12-11,W300KKL4,ST4000DM000,4000787030016,0,,168017752,,,,,,,,0,,,,,,948,,,,,,,,,,,,,,,,,,,,,,,,,,,,,,20,,,,,,0,,,,,,,,,,,,,,,,,,,,,,,,,,,,
2013-12-11,W3006E5B,ST4000DM000,4000787030016,0,,150233408,,,,,,,,0,,,,,,2920,,,,,,,,,,,,,,,,,,,,,,,,,,,,,,21,,,,,,0,,,,,,,,,,,,,,,,,,,,,,,,,,,,
2013-12-11,MJ1311YNG7KU0A,Hitachi HDS5C3030ALA630,3000592982016,0,,0,,,,,,,,0,,,,,,14290,,,,,,,,,,,,,,,,,,,,,,,,,,,,,,32,,,,,,0,,,,,,,,,,,,,,,,,,,,,,,,,,,,
2013-12-11,S1F0S75N,ST3000DM001,3000592982016,0,,106651352,,,,,,,,0,,,,,,10835,,,,,,,,,,,,,,,,,,,,,,,,,,,,,,35,,,,,,0,,,,,,,,,,,,,,,,,,,,,,,,,,,,
2013-12-11,S1F0S75S,ST3000DM001,3000592982016,0,,171507712,,,,,,,,0,,,,,,10501,,,,,,,,,,,,,,,,,,,,,,,,,,,,,,24,,,,,,0,,,,,,,,,,,,,,,,,,,,,,,,,,,,
2013-12-11,S1F0S75P,ST3000DM001,3000592982016,0,,10134720,,,,,,,,0,,,,,,10835,,,,,,,,,,,,,,,,,,,,,,,,,,,,,,31,,,,,,0,,,,,,,,,,,,,,,,,,,,,,,,,,,,
2013-12-11,MJ1323YNG1SJVC,Hitachi HDS5C3030ALA630,3000592982016,0,,0,,,,,,,,0,,,,,,19773,,,,,,,,,,,,,,,,,,,,,,,,,,,,,,22,,,,,,0,,,,,,,,,,,,,,,,,,,,,,,,,,,,
2013-12-11,PL1311LAG2E05H,Hitachi HDS5C4040ALE630,4000787030016,0,,0,,,,,,,,0,,,,,,5186,,,,,,,,,,,,,,,,,,,,,,,,,,,,,,26,,,,,,0,,,,,,,,,,,,,,,,,,,,,,,,,,,,
2013-12-11,9VS3J3SN,ST31500341AS,1500301910016,0,,204358510,,,,,,,,15,,,,,,32917,,,,,,,,,,,,,,,,,,,,,,,,,,,,,,26,,,,,,0,,,,,,,,,,,,,,,,,,,,,,,,,,,,
2013-12-11,WD-WCAU45901671,WDC WD10EACS,1000204886016,0,,11,,,,,,,,0,,,,,,42371,,,,,,,,,,,,,,,,,,,,,,,,,,,,,,20,,,,,,0,,,,,,,,,,,,,,,,,,,,,,,,,,,,
2013-12-11,JK11A8B9J0DEEF,Hitachi HDS722020ALA330,2000398934016,0,,0,,,,,,,,0,,,,,,26010,,,,,,,,,,,,,,,,,,,,,,,,,,,,,,24,,,,,,0,,,,,,,,,,,,,,,,,,,,,,,,,,,,
2013-12-11,MJ1311YNG314TA,Hitachi HDS5C3030ALA630,3000592982016,0,,0,,,,,,,,0,,,,,,18066,,,,,,,,,,,,,,,,,,,,,,,,,,,,,,25,,,,,,0,,,,,,,,,,,,,,,,,,,,,,,,,,,,
2013-12-11,5XW02M1E,ST31500541AS,1500301910016,0,,225077580,,,,,,,,0,,,,,,37058,,,,,,,,,,,,,,,,,,,,,,,,,,,,,,20,,,,,,0,,,,,,,,,,,,,,,,,,,,,,,,,,,,
2013-12-11,PL1311LAG1RZUA,Hitachi HDS5C4040ALE630,4000787030016,0,,0,,,,,,,,0,,,,,,7415,,,,,,,,,,,,,,,,,,,,,,,,,,,,,,18,,,,,,0,,,,,,,,,,,,,,,,,,,,,,,,,,,,
2013-12-11,PL1321LAGAZGEH,Hitachi HDS5C4040ALE630,4000787030016,0,,0,,,,,,,,0,,,,,,5428,,,,,,,,,,,,,,,,,,,,,,,,,,,,,,20,,,,,,0,,,,,,,,,,,,,,,,,,,,,,,,,,,,
2013-12-11,Z300NLN8,ST4000DM000,4000787030016,0,,231931456,,,,,,,,0,,,,,,1093,,,,,,,,,,,,,,,,,,,,,,,,,,,,,,28,,,,,,0,,,,,,,,,,,,,,,,,,,,,,,,,,,,
2013-12-11,W3004ZZQ,ST4000DM000,4000787030016,0,,40225176,,,,,,,,0,,,,,,2681,,,,,,,,,,,,,,,,,,,,,,,,,,,,,,25,,,,,,0,,,,,,,,,,,,,,,,,,,,,,,,,,,,
2013-12-11,W300KKLQ,ST4000DM000,4000787030016,0,,57078288,,,,,,,,0,,,,,,919,,,,,,,,,,,,,,,,,,,,,,,,,,,,,,20,,,,,,0,,,,,,,,,,,,,,,,,,,,,,,,,,,,
2013-12-11,JK11A8B9J78KTF,Hitachi HDS722020ALA330,2000398934016,0,,65538,,,,,,,,0,,,,,,24544,,,,,,,,,,,,,,,,,,,,,,,,,,,,,,28,,,,,,0,,,,,,,,,,,,,,,,,,,,,,,,,,,,
2013-12-11,Z300H3DN,ST4000DM000,4000787030016,0,,243151648,,,,,,,,0,,,,,,1298,,,,,,,,,,,,,,,,,,,,,,,,,,,,,,22,,,,,,0,,,,,,,,,,,,,,,,,,,,,,,,,,,,
2013-12-11,MJ0351YNGA8WPA,Hitachi HDS5C3030ALA630,3000592982016,0,,0,,,,,,,,0,,,,,,7974,,,,,,,,,,,,,,,,,,,,,,,,,,,,,,28,,,,,,0,,,,,,,,,,,,,,,,,,,,,,,,,,,,
2013-12-11,PL1311LAG1VGVA,Hitachi HDS5C4040ALE630,4000787030016,0,,0,,,,,,,,0,,,,,,7386,,,,,,,,,,,,,,,,,,,,,,,,,,,,,,26,,,,,,0,,,,,,,,,,,,,,,,,,,,,,,,,,,,
2013-12-11,6XW03NX9,ST31500541AS,1500301910016,0,,90341034,,,,,,,,0,,,,,,31398,,,,,,,,,,,,,,,,,,,,,,,,,,,,,,19,,,,,,0,,,,,,,,,,,,,,,,,,,,,,,,,,,,
2013-12-11,6XW03A5L,ST31500541AS,1500301910016,0,,241895925,,,,,,,,0,,,,,,36643,,,,,,,,,,,,,,,,,,,,,,,,,,,,,,19,,,,,,0,,,,,,,,,,,,,,,,,,,,,,,,,,,,
2013-12-11,W1F09RPW,ST3000DM001,3000592982016,0,,220143624,,,,,,,,0,,,,,,13913,,,,,,,,,,,,,,,,,,,,,,,,,,,,,,22,,,,,,0,,,,,,,,,,,,,,,,,,,,,,,,,,,,
2013-12-11,MJ1311YNG7K3MA,Hitachi HDS5C3030ALA630,3000592982016,0,,0,,,,,,,,0,,,,,,14310,,,,,,,,,,,,,,,,,,,,,,,,,,,,,,26,,,,,,0,,,,,,,,,,,,,,,,,,,,,,,,,,,,
2013-12-11,MJ1311YNG2RYSA,Hitachi HDS5C3030ALA630,3000592982016,0,,0,,,,,,,,0,,,,,,18941,,,,,,,,,,,,,,,,,,,,,,,,,,,,,,23,,,,,,0,,,,,,,,,,,,,,,,,,,,,,,,,,,,
2013-12-11,Z300PLE8,ST4000DM000,4000787030016,0,,121415808,,,,,,,,0,,,,,,1229,,,,,,,,,,,,,,,,,,,,,,,,,,,,,,21,,,,,,0,,,,,,,,,,,,,,,,,,,,,,,,,,,,
2013-12-11,Z300PLE3,ST4000DM000,4000787030016,0,,173275744,,,,,,,,0,,,,,,1233,,,,,,,,,,,,,,,,,,,,,,,,,,,,,,21,,,,,,0,,,,,,,,,,,,,,,,,,,,,,,,,,,,
2013-12-11,9XW01RL1,ST31500541AS,1500301910016,0,,165377363,,,,,,,,0,,,,,,34744,,,,,,,,,,,,,,,,,,,,,,,,,,,,,,16,,,,,,0,,,,,,,,,,,,,,,,,,,,,,,,,,,,
2013-12-11,9XW01RL7,ST31500541AS,1500301910016,0,,52123541,,,,,,,,0,,,,,,35746,,,,,,,,,,,,,,,,,,,,,,,,,,,,,,21,,,,,,0,,,,,,,,,,,,,,,,,,,,,,,,,,,,
2013-12-11,JK1105B8GABT4X,Hitachi HDS722020ALA330,2000398934016,0,,0,,,,,,,,0,,,,,,27160,,,,,,,,,,,,,,,,,,,,,,,,,,,,,,31,,,,,,0,,,,,,,,,,,,,,,,,,,,,,,,,,,,
2013-12-11,S1F015JG,ST3000DM001,3000592982016,0,,145461608,,,,,,,,0,,,,,,15460,,,,,,,,,,,,,,,,,,,,,,,,,,,,,,16,,,,,,136,,,,,,,,,,,,,,,,,,,,,,,,,,,,
2013-12-11,Z300PLEZ,ST4000DM000,4000787030016,0,,129082008,,,,,,,,0,,,,,,1112,,,,,,,,,,,,,,,,,,,,,,,,,,,,,,21,,,,,,0,,,,,,,,,,,,,,,,,,,,,,,,,,,,
2013-12-11,5XW02XKG,ST31500541AS,1500301910016,0,,79995939,,,,,,,,0,,,,,,37280,,,,,,,,,,,,,,,,,,,,,,,,,,,,,,23,,,,,,0,,,,,,,,,,,,,,,,,,,,,,,,,,,,
2013-12-11,WD-WMC1T3157131,WDC WD30EFRX,3000592982016,0,,0,,,,,,,,0,,,,,,1851,,,,,,,,,,,,,,,,,,,,,,,,,,,,,,25,,,,,,0,,,,,,,,,,,,,,,,,,,,,,,,,,,,
2013-12-11,W1F099YL,ST3000DM001,3000592982016,0,,171206432,,,,,,,,0,,,,,,14714,,,,,,,,,,,,,,,,,,,,,,,,,,,,,,22,,,,,,0,,,,,,,,,,,,,,,,,,,,,,,,,,,,
2013-12-11,JK1101B9J2YUYF,Hitachi HDS722020ALA330,2000398934016,0,,0,,,,,,,,0,,,,,,22703,,,,,,,,,,,,,,,,,,,,,,,,,,,,,,29,,,,,,0,,,,,,,,,,,,,,,,,,,,,,,,,,,,
2013-12-11,S1F11S2Q,ST3000DM001,3000592982016,0,,37840352,,,,,,,,0,,,,,,7993,,,,,,,,,,,,,,,,,,,,,,,,,,,,,,19,,,,,,0,,,,,,,,,,,,,,,,,,,,,,,,,,,,
2013-12-11,JK1101B9GBPZ0F,Hitachi HDS722020ALA330,2000398934016,0,,0,,,,,,,,0,,,,,,27734,,,,,,,,,,,,,,,,,,,,,,,,,,,,,,23,,,,,,0,,,,,,,,,,,,,,,,,,,,,,,,,,,,
2013-12-11,S1F0B3YQ,ST3000DM001,3000592982016,0,,197117072,,,,,,,,0,,,,,,12842,,,,,,,,,,,,,,,,,,,,,,,,,,,,,,24,,,,,,0,,,,,,,,,,,,,,,,,,,,,,,,,,,,
2013-12-11,WD-WCAU44869077,WDC WD10EACS,1000204886016,0,,0,,,,,,,,0,,,,,,43343,,,,,,,,,,,,,,,,,,,,,,,,,,,,,,20,,,,,,0,,,,,,,,,,,,,,,,,,,,,,,,,,,,
2013-12-11,5XW07NPW,ST31500541AS,1500301910016,0,,143661833,,,,,,,,0,,,,,,14465,,,,,,,,,,,,,,,,,,,,,,,,,,,,,,19,,,,,,0,,,,,,,,,,,,,,,,,,,,,,,,,,,,
2013-12-11,PL1311LAG2DT0H,Hitachi HDS5C4040ALE630,4000787030016,0,,0,,,,,,,,0,,,,,,6993,,,,,,,,,,,,,,,,,,,,,,,,,,,,,,24,,,,,,0,,,,,,,,,,,,,,,,,,,,,,,,,,,,
2013-12-11,S1F06XQ5,ST3000DM001,3000592982016,0,,204535576,,,,,,,,0,,,,,,13819,,,,,,,,,,,,,,,,,,,,,,,,,,,,,,21,,,,,,0,,,,,,,,,,,,,,,,,,,,,,,,,,,,
2013-12-11,JK11A8B9J94R7F,Hitachi HDS722020ALA330,2000398934016,0,,0,,,,,,,,0,,,,,,24970,,,,,,,,,,,,,,,,,,,,,,,,,,,,,,27,,,,,,0,,,,,,,,,,,,,,,,,,,,,,,,,,,,
2013-12-11,Z300PA0P,ST4000DM000,4000787030016,0,,114862544,,,,,,,,0,,,,,,1114,,,,,,,,,,,,,,,,,,,,,,,,,,,,,,29,,,,,,0,,,,,,,,,,,,,,,,,,,,,,,,,,,,
2013-12-11,Z300JD88,ST4000DM000,4000787030016,0,,220629184,,,,,,,,0,,,,,,2217,,,,,,,,,,,,,,,,,,,,,,,,,,,,,,21,,,,,,0,,,,,,,,,,,,,,,,,,,,,,,,,,,,
2013-12-11,5XW033AT,ST31500541AS,1500301910016,0,,166851443,,,,,,,,0,,,,,,36432,,,,,,,,,,,,,,,,,,,,,,,,,,,,,,20,,,,,,0,,,,,,,,,,,,,,,,,,,,,,,,,,,,
2013-12-11,S1F0S6GZ,ST3000DM001,3000592982016,0,,56133224,,,,,,,,0,,,,,,10538,,,,,,,,,,,,,,,,,,,,,,,,,,,,,,27,,,,,,0,,,,,,,,,,,,,,,,,,,,,,,,,,,,
2013-12-11,S1F0CRX3,ST3000DM001,3000592982016,0,,234110192,,,,,,,,0,,,,,,12345,,,,,,,,,,,,,,,,,,,,,,,,,,,,,,25,,,,,,0,,,,,,,,,,,,,,,,,,,,,,,,,,,,
2013-12-11,PL1311LAG28DLH,Hitachi HDS5C4040ALE630,4000787030016,0,,0,,,,,,,,0,,,,,,7386,,,,,,,,,,,,,,,,,,,,,,,,,,,,,,25,,,,,,0,,,,,,,,,,,,,,,,,,,,,,,,,,,,
2013-12-11,6XW022Q4,ST31500541AS,1500301910016,0,,185594619,,,,,,,,0,,,,,,35755,,,,,,,,,,,,,,,,,,,,,,,,,,,,,,19,,,,,,0,,,,,,,,,,,,,,,,,,,,,,,,,,,,
2013-12-11,JK11A8B9J7W9KF,Hitachi HDS722020ALA330,2000398934016,0,,0,,,,,,,,0,,,,,,24666,,,,,,,,,,,,,,,,,,,,,,,,,,,,,,29,,,,,,0,,,,,,,,,,,,,,,,,,,,,,,,,,,,
2013-12-11,Z300CWB9,ST4000DM000,4000787030016,0,,6457504,,,,,,,,0,,,,,,1298,,,,,,,,,,,,,,,,,,,,,,,,,,,,,,20,,,,,,0,,,,,,,,,,,,,,,,,,,,,,,,,,,,
2013-12-11,MJ0351YNG9YJ2A,Hitachi HDS5C3030ALA630,3000592982016,0,,0,,,,,,,,0,,,,,,9999,,,,,,,,,,,,,,,,,,,,,,,,,,,,,,34,,,,,,0,,,,,,,,,,,,,,,,,,,,,,,,,,,,
2013-12-11,S1F0S6G2,ST3000DM001,3000592982016,0,,232281096,,,,,,,,0,,,,,,10719,,,,,,,,,,,,,,,,,,,,,,,,,,,,,,23,,,,,,0,,,,,,,,,,,,,,,,,,,,,,,,,,,,
2013-12-11,PL1331LAGB4PPH,Hitachi HDS5C4040ALE630,4000787030016,0,,0,,,,,,,,0,,,,,,5072,,,,,,,,,,,,,,,,,,,,,,,,,,,,,,30,,,,,,0,,,,,,,,,,,,,,,,,,,,,,,,,,,,
2013-12-11,PL1311LAG19Y7A,Hitachi HDS5C4040ALE630,4000787030016,0,,0,,,,,,,,0,,,,,,7757,,,,,,,,,,,,,,,,,,,,,,,,,,,,,,23,,,,,,0,,,,,,,,,,,,,,,,,,,,,,,,,,,,
2013-12-11,MJ0351YNG9ZP4A,Hitachi HDS5C3030ALA630,3000592982016,0,,0,,,,,,,,0,,,,,,9483,,,,,,,,,,,,,,,,,,,,,,,,,,,,,,30,,,,,,0,,,,,,,,,,,,,,,,,,,,,,,,,,,,
2013-12-11,PL2311LAG1JANC,Hitachi HDS5C4040ALE630,4000787030016,0,,0,,,,,,,,0,,,,,,7453,,,,,,,,,,,,,,,,,,,,,,,,,,,,,,20,,,,,,0,,,,,,,,,,,,,,,,,,,,,,,,,,,,
2013-12-11,JK11A8B9J8D6VF,Hitachi HDS722020ALA330,2000398934016,0,,1,,,,,,,,0,,,,,,24970,,,,,,,,,,,,,,,,,,,,,,,,,,,,,,28,,,,,,0,,,,,,,,,,,,,,,,,,,,,,,,,,,,
2013-12-11,WD-WMC4N0794939,WDC WD30EFRX,3000592982016,0,,0,,,,,,,,0,,,,,,636,,,,,,,,,,,,,,,,,,,,,,,,,,,,,,30,,,,,,0,,,,,,,,,,,,,,,,,,,,,,,,,,,,
2013-12-11,MK0311YHG54KZA,Hitachi HDS723030ALA640,3000592982016,0,,0,,,,,,,,0,,,,,,21793,,,,,,,,,,,,,,,,,,,,,,,,,,,,,,27,,,,,,0,,,,,,,,,,,,,,,,,,,,,,,,,,,,
2013-12-11,W300CBAR,ST4000DM000,4000787030016,0,,59771256,,,,,,,,0,,,,,,4183,,,,,,,,,,,,,,,,,,,,,,,,,,,,,,24,,,,,,0,,,,,,,,,,,,,,,,,,,,,,,,,,,,
2013-12-11,MJ1323YNG1SEYC,Hitachi HDS5C3030ALA630,3000592982016,0,,0,,,,,,,,0,,,,,,19760,,,,,,,,,,,,,,,,,,,,,,,,,,,,,,30,,,,,,0,,,,,,,,,,,,,,,,,,,,,,,,,,,,
2013-12-11,Z262E7ZAS,TOSHIBA DT01ACA300,3000592982016,0,,0,,,,,,,,0,,,,,,6612,,,,,,,,,,,,,,,,,,,,,,,,,,,,,,26,,,,,,0,,,,,,,,,,,,,,,,,,,,,,,,,,,,
2013-12-11,W300CBAB,ST4000DM000,4000787030016,0,,67135584,,,,,,,,0,,,,,,2222,,,,,,,,,,,,,,,,,,,,,,,,,,,,,,24,,,,,,0,,,,,,,,,,,,,,,,,,,,,,,,,,,,
2013-12-11,PL1311LAG38BXH,Hitachi HDS5C4040ALE630,4000787030016,0,,0,,,,,,,,0,,,,,,3631,,,,,,,,,,,,,,,,,,,,,,,,,,,,,,25,,,,,,0,,,,,,,,,,,,,,,,,,,,,,,,,,,,
2013-12-11,W300D2HC,ST4000DM000,4000787030016,0,,183578184,,,,,,,,0,,,,,,4153,,,,,,,,,,,,,,,,,,,,,,,,,,,,,,23,,,,,,0,,,,,,,,,,,,,,,,,,,,,,,,,,,,
2013-12-11,W300D2HH,ST4000DM000,4000787030016,0,,100405080,,,,,,,,0,,,,,,4047,,,,,,,,,,,,,,,,,,,,,,,,,,,,,,22,,,,,,0,,,,,,,,,,,,,,,,,,,,,,,,,,,,
2013-12-11,MJ0351YNG9WKNA,Hitachi HDS5C3030ALA630,3000592982016,0,,0,,,,,,,,0,,,,,,8830,,,,,,,,,,,,,,,,,,,,,,,,,,,,,,30,,,,,,0,,,,,,,,,,,,,,,,,,,,,,,,,,,,
2013-12-11,MJ1321YNG0R4GA,Hitachi HDS5C3030ALA630,3000592982016,0,,0,,,,,,,,0,,,,,,20729,,,,,,,,,,,,,,,,,,,,,,,,,,,,,,31,,,,,,0,,,,,,,,,,,,,,,,,,,,,,,,,,,,
2013-12-11,Z1F0MCCA,ST3000DM001,3000592982016,0,,230455600,,,,,,,,0,,,,,,8205,,,,,,,,,,,,,,,,,,,,,,,,,,,,,,25,,,,,,0,,,,,,,,,,,,,,,,,,,,,,,,,,,,
2013-12-11,W3008J5W,ST4000DM000,4000787030016,0,,162763504,,,,,,,,0,,,,,,2222,,,,,,,,,,,,,,,,,,,,,,,,,,,,,,23,,,,,,0,,,,,,,,,,,,,,,,,,,,,,,,,,,,
2013-12-11,5XW03H86,ST31500541AS,1500301910016,0,,168775321,,,,,,,,0,,,,,,37280,,,,,,,,,,,,,,,,,,,,,,,,,,,,,,22,,,,,,0,,,,,,,,,,,,,,,,,,,,,,,,,,,,
2013-12-11,S1F0LSAS,ST3000DM001,3000592982016,0,,155047984,,,,,,,,0,,,,,,7875,,,,,,,,,,,,,,,,,,,,,,,,,,,,,,28,,,,,,0,,,,,,,,,,,,,,,,,,,,,,,,,,,,
2013-12-11,W1F1A4H9,ST3000DM001,3000592982016,0,,170024584,,,,,,,,0,,,,,,7992,,,,,,,,,,,,,,,,,,,,,,,,,,,,,,21,,,,,,0,,,,,,,,,,,,,,,,,,,,,,,,,,,,
2013-12-11,9XW01Z9A,ST31500541AS,1500301910016,0,,62143074,,,,,,,,0,,,,,,35046,,,,,,,,,,,,,,,,,,,,,,,,,,,,,,16,,,,,,0,,,,,,,,,,,,,,,,,,,,,,,,,,,,
2013-12-11,W1F0AZ9T,ST3000DM001,3000592982016,0,,147549832,,,,,,,,0,,,,,,14237,,,,,,,,,,,,,,,,,,,,,,,,,,,,,,21,,,,,,0,,,,,,,,,,,,,,,,,,,,,,,,,,,,
2013-12-11,JK1101B9GEG5PF,Hitachi HDS722020ALA330,2000398934016,0,,0,,,,,,,,0,,,,,,26929,,,,,,,,,,,,,,,,,,,,,,,,,,,,,,26,,,,,,0,,,,,,,,,,,,,,,,,,,,,,,,,,,,
2013-12-11,W1F0AZ9V,ST3000DM001,3000592982016,0,,175260544,,,,,,,,0,,,,,,13371,,,,,,,,,,,,,,,,,,,,,,,,,,,,,,24,,,,,,0,,,,,,,,,,,,,,,,,,,,,,,,,,,,
2013-12-11,MJ1323YNG190UC,Hitachi HDS5C3030ALA630,3000592982016,0,,0,,,,,,,,0,,,,,,20503,,,,,,,,,,,,,,,,,,,,,,,,,,,,,,28,,,,,,0,,,,,,,,,,,,,,,,,,,,,,,,,,,,
2013-12-11,PL1311LAG28EJH,Hitachi HDS5C4040ALE630,4000787030016,0,,0,,,,,,,,0,,,,,,7415,,,,,,,,,,,,,,,,,,,,,,,,,,,,,,21,,,,,,0,,,,,,,,,,,,,,,,,,,,,,,,,,,,
2013-12-11,PL1311LAG351EH,Hitachi HDS5C4040ALE630,4000787030016,0,,0,,,,,,,,0,,,,,,6641,,,,,,,,,,,,,,,,,,,,,,,,,,,,,,25,,,,,,0,,,,,,,,,,,,,,,,,,,,,,,,,,,,
2013-12-11,W1F0LZFB,ST3000DM001,3000592982016,0,,241307920,,,,,,,,0,,,,,,11684,,,,,,,,,,,,,,,,,,,,,,,,,,,,,,34,,,,,,0,,,,,,,,,,,,,,,,,,,,,,,,,,,,
2013-12-11,Z300WHH7,ST4000DM000,4000787030016,0,,205771256,,,,,,,,0,,,,,,612,,,,,,,,,,,,,,,,,,,,,,,,,,,,,,22,,,,,,0,,,,,,,,,,,,,,,,,,,,,,,,,,,,
2013-12-11,PL1311LAG38REH,Hitachi HDS5C4040ALE630,4000787030016,0,,0,,,,,,,,0,,,,,,5125,,,,,,,,,,,,,,,,,,,,,,,,,,,,,,30,,,,,,0,,,,,,,,,,,,,,,,,,,,,,,,,,,,
2013-12-11,W1F08DV4,ST3000DM001,3000592982016,0,,195136456,,,,,,,,0,,,,,,15265,,,,,,,,,,,,,,,,,,,,,,,,,,,,,,23,,,,,,0,,,,,,,,,,,,,,,,,,,,,,,,,,,,
2013-12-11,MJ1323YNG0ZUPC,Hitachi HDS5C3030ALA630,3000592982016,0,,0,,,,,,,,0,,,,,,20503,,,,,,,,,,,,,,,,,,,,,,,,,,,,,,29,,,,,,0,,,,,,,,,,,,,,,,,,,,,,,,,,,,
2013-12-11,W3004Y7M,ST4000DM000,4000787030016,0,,46116992,,,,,,,,0,,,,,,2879,,,,,,,,,,,,,,,,,,,,,,,,,,,,,,18,,,,,,0,,,,,,,,,,,,,,,,,,,,,,,,,,,,
2013-12-11,Z1Z053GQ,ST4000DX000,4000787030016,0,,49045163,,,,,,,,0,,,,,,5039,,,,,,,,,,,,,,,,,,,,,,,,,,,,,,35,,,,,,0,,,,,,,,,,,,,,,,,,,,,,,,,,,,
2013-12-11,S1F032EM,ST3000DM001,3000592982016,0,,63710688,,,,,,,,0,,,,,,15459,,,,,,,,,,,,,,,,,,,,,,,,,,,,,,17,,,,,,0,,,,,,,,,,,,,,,,,,,,,,,,,,,,
2013-12-11,JK11A8B9J7HAGF,Hitachi HDS722020ALA330,2000398934016,0,,0,,,,,,,,0,,,,,,22695,,,,,,,,,,,,,,,,,,,,,,,,,,,,,,27,,,,,,0,,,,,,,,,,,,,,,,,,,,,,,,,,,,
2013-12-11,JK1101B9JS4E5R,Hitachi HDS722020ALA330,2000398934016,0,,0,,,,,,,,0,,,,,,23579,,,,,,,,,,,,,,,,,,,,,,,,,,,,,,28,,,,,,0,,,,,,,,,,,,,,,,,,,,,,,,,,,,
2013-12-11,W300JG8D,ST4000DM000,4000787030016,0,,84007264,,,,,,,,0,,,,,,2240,,,,,,,,,,,,,,,,,,,,,,,,,,,,,,18,,,,,,0,,,,,,,,,,,,,,,,,,,,,,,,,,,,
2013-12-11,WD-WCAU46846622,WDC WD10EADS,1000204886016,0,,0,,,,,,,,0,,,,,,38823,,,,,,,,,,,,,,,,,,,,,,,,,,,,,,26,,,,,,0,,,,,,,,,,,,,,,,,,,,,,,,,,,,
2013-12-11,JK1105B8G8JYBX,Hitachi HDS722020ALA330,2000398934016,0,,65536,,,,,,,,0,,,,,,26860,,,,,,,,,,,,,,,,,,,,,,,,,,,,,,32,,,,,,0,,,,,,,,,,,,,,,,,,,,,,,,,,,,
2013-12-11,6XW0347L,ST31500541AS,1500301910016,0,,2704137,,,,,,,,0,,,,,,37170,,,,,,,,,,,,,,,,,,,,,,,,,,,,,,21,,,,,,0,,,,,,,,,,,,,,,,,,,,,,,,,,,,
2013-12-11,6XW00RPQ,ST31500541AS,1500301910016,0,,17752116,,,,,,,,0,,,,,,36910,,,,,,,,,,,,,,,,,,,,,,,,,,,,,,20,,,,,,0,,,,,,,,,,,,,,,,,,,,,,,,,,,,
2013-12-11,W30045TX,ST4000DM000,4000787030016,0,,168054840,,,,,,,,0,,,,,,2244,,,,,,,,,,,,,,,,,,,,,,,,,,,,,,19,,,,,,0,,,,,,,,,,,,,,,,,,,,,,,,,,,,
2013-12-11,JK1130YAGM1D4T,Hitachi HDS722020ALA330,2000398934016,0,,0,,,,,,,,1,,,,,,10194,,,,,,,,,,,,,,,,,,,,,,,,,,,,,,29,,,,,,0,,,,,,,,,,,,,,,,,,,,,,,,,,,,
2013-12-11,PL2311LAG1UJKC,Hitachi HDS5C4040ALE630,4000787030016,0,,0,,,,,,,,0,,,,,,7759,,,,,,,,,,,,,,,,,,,,,,,,,,,,,,21,,,,,,0,,,,,,,,,,,,,,,,,,,,,,,,,,,,
2013-12-11,MJ0351YNG9RJDA,Hitachi HDS5C3030ALA630,3000592982016,0,,0,,,,,,,,0,,,,,,9958,,,,,,,,,,,,,,,,,,,,,,,,,,,,,,25,,,,,,0,,,,,,,,,,,,,,,,,,,,,,,,,,,,
2013-12-11,PL1321LAG362KH,Hitachi HDS5C4040ALE630,4000787030016,0,,0,,,,,,,,0,,,,,,5933,,,,,,,,,,,,,,,,,,,,,,,,,,,,,,27,,,,,,0,,,,,,,,,,,,,,,,,,,,,,,,,,,,
2013-12-11,Z300NR2Z,ST4000DM000,4000787030016,0,,151016368,,,,,,,,0,,,,,,1233,,,,,,,,,,,,,,,,,,,,,,,,,,,,,,21,,,,,,0,,,,,,,,,,,,,,,,,,,,,,,,,,,,
2013-12-11,6XW1EPK2,ST32000542AS,2000398934016,0,,50352611,,,,,,,,0,,,,,,17231,,,,,,,,,,,,,,,,,,,,,,,,,,,,,,16,,,,,,0,,,,,,,,,,,,,,,,,,,,,,,,,,,,
2013-12-11,PL2311LAG1MPAC,Hitachi HDS5C4040ALE630,4000787030016,0,,0,,,,,,,,0,,,,,,7759,,,,,,,,,,,,,,,,,,,,,,,,,,,,,,22,,,,,,0,,,,,,,,,,,,,,,,,,,,,,,,,,,,
2013-12-11,MJ0351YNGA0WGA,Hitachi HDS5C3030ALA630,3000592982016,0,,0,,,,,,,,0,,,,,,9672,,,,,,,,,,,,,,,,,,,,,,,,,,,,,,30,,,,,,0,,,,,,,,,,,,,,,,,,,,,,,,,,,,
2013-12-11,W300B5PW,ST4000DM000,4000787030016,0,,58398320,,,,,,,,0,,,,,,4290,,,,,,,,,,,,,,,,,,,,,,,,,,,,,,25,,,,,,0,,,,,,,,,,,,,,,,,,,,,,,,,,,,
2013-12-11,W1F04FMB,ST3000DM001,3000592982016,0,,229580096,,,,,,,,0,,,,,,3635,,,,,,,,,,,,,,,,,,,,,,,,,,,,,,28,,,,,,0,,,,,,,,,,,,,,,,,,,,,,,,,,,,
2013-12-11,PL1311LAG187YA,Hitachi HDS5C4040ALE630,4000787030016,0,,0,,,,,,,,0,,,,,,5186,,,,,,,,,,,,,,,,,,,,,,,,,,,,,,26,,,,,,0,,,,,,,,,,,,,,,,,,,,,,,,,,,,
2013-12-11,Z1F0M0XP,ST3000DM001,3000592982016,0,,230000072,,,,,,,,0,,,,,,11687,,,,,,,,,,,,,,,,,,,,,,,,,,,,,,24,,,,,,0,,,,,,,,,,,,,,,,,,,,,,,,,,,,
2013-12-11,MJ1311YNG3K0TA,Hitachi HDS5C3030ALA630,3000592982016,0,,0,,,,,,,,0,,,,,,19588,,,,,,,,,,,,,,,,,,,,,,,,,,,,,,27,,,,,,0,,,,,,,,,,,,,,,,,,,,,,,,,,,,
2013-12-11,JK11A8B9J73KXF,Hitachi HDS722020ALA330,2000398934016,0,,0,,,,,,,,0,,,,,,25583,,,,,,,,,,,,,,,,,,,,,,,,,,,,,,29,,,,,,0,,,,,,,,,,,,,,,,,,,,,,,,,,,,
2013-12-11,MJ0351YNGA6BLA,Hitachi HDS5C3030ALA630,3000592982016,0,,0,,,,,,,,0,,,,,,8545,,,,,,,,,,,,,,,,,,,,,,,,,,,,,,27,,,,,,0,,,,,,,,,,,,,,,,,,,,,,,,,,,,
2013-12-11,Z1Z059QB,ST4000DX000,4000787030016,0,,154152285,,,,,,,,0,,,,,,5077,,,,,,,,,,,,,,,,,,,,,,,,,,,,,,29,,,,,,0,,,,,,,,,,,,,,,,,,,,,,,,,,,,
2013-12-11,MJ0351YNGA58XA,Hitachi HDS5C3030ALA630,3000592982016,0,,0,,,,,,,,0,,,,,,8613,,,,,,,,,,,,,,,,,,,,,,,,,,,,,,32,,,,,,0,,,,,,,,,,,,,,,,,,,,,,,,,,,,
2013-12-11,S1F02CJN,ST3000DM001,3000592982016,0,,74334408,,,,,,,,22448,,,,,,13912,,,,,,,,,,,,,,,,,,,,,,,,,,,,,,26,,,,,,96,,,,,,,,,,,,,,,,,,,,,,,,,,,,
2013-12-11,Z1Z05HDV,ST4000DX000,4000787030016,0,,144022939,,,,,,,,0,,,,,,5379,,,,,,,,,,,,,,,,,,,,,,,,,,,,,,25,,,,,,0,,,,,,,,,,,,,,,,,,,,,,,,,,,,
2013-12-11,S1F04TB7,ST3000DM001,3000592982016,0,,8746056,,,,,,,,0,,,,,,16201,,,,,,,,,,,,,,,,,,,,,,,,,,,,,,26,,,,,,0,,,,,,,,,,,,,,,,,,,,,,,,,,,,
2013-12-11,JK11A8B9J3W46F,Hitachi HDS722020ALA330,2000398934016,0,,65536,,,,,,,,0,,,,,,23486,,,,,,,,,,,,,,,,,,,,,,,,,,,,,,27,,,,,,0,,,,,,,,,,,,,,,,,,,,,,,,,,,,
2013-12-11,JK1171YAK20DBN,Hitachi HDS722020ALA330,2000398934016,0,,0,,,,,,,,0,,,,,,29668,,,,,,,,,,,,,,,,,,,,,,,,,,,,,,26,,,,,,0,,,,,,,,,,,,,,,,,,,,,,,,,,,,
2013-12-11,6XW03B4P,ST31500541AS,1500301910016,0,,150930998,,,,,,,,0,,,,,,36638,,,,,,,,,,,,,,,,,,,,,,,,,,,,,,24,,,,,,0,,,,,,,,,,,,,,,,,,,,,,,,,,,,
2013-12-11,JK11A8B9J3EY3F,Hitachi HDS722020ALA330,2000398934016,0,,0,,,,,,,,0,,,,,,23544,,,,,,,,,,,,,,,,,,,,,,,,,,,,,,39,,,,,,0,,,,,,,,,,,,,,,,,,,,,,,,,,,,
2013-12-11,JK11A8B9J2SSMF,Hitachi HDS722020ALA330,2000398934016,0,,0,,,,,,,,0,,,,,,24462,,,,,,,,,,,,,,,,,,,,,,,,,,,,,,28,,,,,,0,,,,,,,,,,,,,,,,,,,,,,,,,,,,
2013-12-11,JK1101B9KM4Z9F,Hitachi HDS722020ALA330,2000398934016,0,,0,,,,,,,,0,,,,,,22955,,,,,,,,,,,,,,,,,,,,,,,,,,,,,,22,,,,,,0,,,,,,,,,,,,,,,,,,,,,,,,,,,,
2013-12-11,JK1175YAK92H3X,Hitachi HDS722020ALA330,2000398934016,0,,0,,,,,,,,0,,,,,,29653,,,,,,,,,,,,,,,,,,,,,,,,,,,,,,27,,,,,,0,,,,,,,,,,,,,,,,,,,,,,,,,,,,
2013-12-11,JK11A4B8J7S1XW,Hitachi HDS722020ALA330,2000398934016,0,,0,,,,,,,,0,,,,,,25661,,,,,,,,,,,,,,,,,,,,,,,,,,,,,,27,,,,,,0,,,,,,,,,,,,,,,,,,,,,,,,,,,,
2013-12-11,PL1311LAG19U6A,Hitachi HDS5C4040ALE630,4000787030016,0,,0,,,,,,,,0,,,,,,7457,,,,,,,,,,,,,,,,,,,,,,,,,,,,,,27,,,,,,0,,,,,,,,,,,,,,,,,,,,,,,,,,,,
2013-12-11,MK0301YHGMKKXD,Hitachi HDS723030ALA640,3000592982016,0,,2,,,,,,,,1818,,,,,,18088,,,,,,,,,,,,,,,,,,,,,,,,,,,,,,31,,,,,,0,,,,,,,,,,,,,,,,,,,,,,,,,,,,
2013-12-11,MJ1323YNG191YC,Hitachi HDS5C3030ALA630,3000592982016,0,,0,,,,,,,,0,,,,,,20503,,,,,,,,,,,,,,,,,,,,,,,,,,,,,,26,,,,,,0,,,,,,,,,,,,,,,,,,,,,,,,,,,,
2013-12-11,9VS1GHXT,ST31500341AS,1500301910016,0,,121971495,,,,,,,,7,,,,,,39484,,,,,,,,,,,,,,,,,,,,,,,,,,,,,,27,,,,,,0,,,,,,,,,,,,,,,,,,,,,,,,,,,,
2013-12-11,MK0301YHGNA1YD,Hitachi HDS723030ALA640,3000592982016,0,,0,,,,,,,,0,,,,,,18088,,,,,,,,,,,,,,,,,,,,,,,,,,,,,,32,,,,,,0,,,,,,,,,,,,,,,,,,,,,,,,,,,,
2013-12-11,W30098K8,ST4000DM000,4000787030016,0,,130048240,,,,,,,,0,,,,,,944,,,,,,,,,,,,,,,,,,,,,,,,,,,,,,26,,,,,,0,,,,,,,,,,,,,,,,,,,,,,,,,,,,
2013-12-11,WD-WMC4N0884052,WDC WD30EFRX,3000592982016,0,,0,,,,,,,,0,,,,,,636,,,,,,,,,,,,,,,,,,,,,,,,,,,,,,25,,,,,,0,,,,,,,,,,,,,,,,,,,,,,,,,,,,
2013-12-11,PL1321LAG354EH,Hitachi HDS5C4040ALE630,4000787030016,0,,0,,,,,,,,0,,,,,,5668,,,,,,,,,,,,,,,,,,,,,,,,,,,,,,21,,,,,,0,,,,,,,,,,,,,,,,,,,,,,,,,,,,
2013-12-11,MJ1311YNG7538A,Hitachi HDS5C3030ALA630,3000592982016,0,,0,,,,,,,,0,,,,,,14682,,,,,,,,,,,,,,,,,,,,,,,,,,,,,,19,,,,,,0,,,,,,,,,,,,,,,,,,,,,,,,,,,,
2013-12-11,PL1321LAG31XYH,Hitachi HDS5C4040ALE630,4000787030016,0,,0,,,,,,,,0,,,,,,5949,,,,,,,,,,,,,,,,,,,,,,,,,,,,,,22,,,,,,0,,,,,,,,,,,,,,,,,,,,,,,,,,,,
2013-12-11,5YD87XFR,ST1500DL003,1500301910016,0,,187657976,,,,,,,,0,,,,,,9703,,,,,,,,,,,,,,,,,,,,,,,,,,,,,,19,,,,,,0,,,,,,,,,,,,,,,,,,,,,,,,,,,,
2013-12-11,S1F03F6E,ST3000DM001,3000592982016,0,,131865776,,,,,,,,0,,,,,,14724,,,,,,,,,,,,,,,,,,,,,,,,,,,,,,25,,,,,,0,,,,,,,,,,,,,,,,,,,,,,,,,,,,
2013-12-11,MJ1311YNG3K3JA,Hitachi HDS5C3030ALA630,3000592982016,0,,2,,,,,,,,200,,,,,,19587,,,,,,,,,,,,,,,,,,,,,,,,,,,,,,24,,,,,,0,,,,,,,,,,,,,,,,,,,,,,,,,,,,
2013-12-11,JK11A8B9J86N0F,Hitachi HDS722020ALA330,2000398934016,0,,0,,,,,,,,0,,,,,,25123,,,,,,,,,,,,,,,,,,,,,,,,,,,,,,30,,,,,,0,,,,,,,,,,,,,,,,,,,,,,,,,,,,
2013-12-11,MJ1323YNG18U3C,Hitachi HDS5C3030ALA630,3000592982016,0,,0,,,,,,,,0,,,,,,20509,,,,,,,,,,,,,,,,,,,,,,,,,,,,,,26,,,,,,0,,,,,,,,,,,,,,,,,,,,,,,,,,,,
2013-12-11,MK0331YHGKRUEA,Hitachi HDS723030ALA640,3000592982016,0,,0,,,,,,,,0,,,,,,17355,,,,,,,,,,,,,,,,,,,,,,,,,,,,,,25,,,,,,0,,,,,,,,,,,,,,,,,,,,,,,,,,,,
2013-12-11,MJ1323YNG1TP9C,Hitachi HDS5C3030ALA630,3000592982016,0,,65536,,,,,,,,0,,,,,,19770,,,,,,,,,,,,,,,,,,,,,,,,,,,,,,25,,,,,,0,,,,,,,,,,,,,,,,,,,,,,,,,,,,
2013-12-11,6XW0WK21,ST32000542AS,2000398934016,0,,6171300,,,,,,,,0,,,,,,25743,,,,,,,,,,,,,,,,,,,,,,,,,,,,,,24,,,,,,0,,,,,,,,,,,,,,,,,,,,,,,,,,,,
2013-12-11,PL1321LAG34XJH,Hitachi HDS5C4040ALE630,4000787030016,0,,0,,,,,,,,0,,,,,,6619,,,,,,,,,,,,,,,,,,,,,,,,,,,,,,28,,,,,,0,,,,,,,,,,,,,,,,,,,,,,,,,,,,
2013-12-11,MJ1311YNG3KNTA,Hitachi HDS5C3030ALA630,3000592982016,0,,0,,,,,,,,0,,,,,,18941,,,,,,,,,,,,,,,,,,,,,,,,,,,,,,28,,,,,,0,,,,,,,,,,,,,,,,,,,,,,,,,,,,
2013-12-11,MJ1311YNG3EBEA,Hitachi HDS5C3030ALA630,3000592982016,0,,0,,,,,,,,0,,,,,,19254,,,,,,,,,,,,,,,,,,,,,,,,,,,,,,26,,,,,,0,,,,,,,,,,,,,,,,,,,,,,,,,,,,
2013-12-11,PL1311LAG23GMA,Hitachi HDS5C4040ALE630,4000787030016,0,,0,,,,,,,,0,,,,,,5191,,,,,,,,,,,,,,,,,,,,,,,,,,,,,,26,,,,,,0,,,,,,,,,,,,,,,,,,,,,,,,,,,,
2013-12-11,Z300NFFZ,ST4000DM000,4000787030016,0,,105436392,,,,,,,,0,,,,,,2901,,,,,,,,,,,,,,,,,,,,,,,,,,,,,,26,,,,,,0,,,,,,,,,,,,,,,,,,,,,,,,,,,,
2013-12-11,JK1170YAJAXEJT,Hitachi HDS722020ALA330,2000398934016,0,,0,,,,,,,,0,,,,,,28683,,,,,,,,,,,,,,,,,,,,,,,,,,,,,,26,,,,,,0,,,,,,,,,,,,,,,,,,,,,,,,,,,,
2013-12-11,JK1181YAJ41HNV,Hitachi HDS722020ALA330,2000398934016,0,,0,,,,,,,,0,,,,,,30255,,,,,,,,,,,,,,,,,,,,,,,,,,,,,,28,,,,,,0,,,,,,,,,,,,,,,,,,,,,,,,,,,,
2013-12-11,JK1105B8GEK7KX,Hitachi HDS722020ALA330,2000398934016,0,,0,,,,,,,,0,,,,,,27170,,,,,,,,,,,,,,,,,,,,,,,,,,,,,,24,,,,,,0,,,,,,,,,,,,,,,,,,,,,,,,,,,,
2013-12-11,MJ0351YNG9SUZA,Hitachi HDS5C3030ALA630,3000592982016,0,,0,,,,,,,,0,,,,,,9477,,,,,,,,,,,,,,,,,,,,,,,,,,,,,,24,,,,,,0,,,,,,,,,,,,,,,,,,,,,,,,,,,,
2013-12-11,JK1101B9JPPB7F,Hitachi HDS722020ALA330,2000398934016,0,,0,,,,,,,,0,,,,,,23989,,,,,,,,,,,,,,,,,,,,,,,,,,,,,,26,,,,,,0,,,,,,,,,,,,,,,,,,,,,,,,,,,,
2013-12-11,PL1321LAG35K1H,Hitachi HDS5C4040ALE630,4000787030016,0,,0,,,,,,,,0,,,,,,5923,,,,,,,,,,,,,,,,,,,,,,,,,,,,,,21,,,,,,0,,,,,,,,,,,,,,,,,,,,,,,,,,,,
2013-12-11,W1F1821V,ST3000DM001,3000592982016,0,,238727008,,,,,,,,0,,,,,,8649,,,,,,,,,,,,,,,,,,,,,,,,,,,,,,29,,,,,,0,,,,,,,,,,,,,,,,,,,,,,,,,,,,
2013-12-11,Z300XF1M,ST4000DM000,4000787030016,0,,188608560,,,,,,,,0,,,,,,815,,,,,,,,,,,,,,,,,,,,,,,,,,,,,,18,,,,,,0,,,,,,,,,,,,,,,,,,,,,,,,,,,,
2013-12-11,W1F0W3GE,ST3000DM001,3000592982016,0,,45948536,,,,,,,,0,,,,,,10540,,,,,,,,,,,,,,,,,,,,,,,,,,,,,,22,,,,,,0,,,,,,,,,,,,,,,,,,,,,,,,,,,,
2013-12-11,W1F0W1R9,ST3000DM001,3000592982016,0,,185536256,,,,,,,,0,,,,,,10726,,,,,,,,,,,,,,,,,,,,,,,,,,,,,,25,,,,,,0,,,,,,,,,,,,,,,,,,,,,,,,,,,,
2013-12-11,MJ0351YNG9XJEA,Hitachi HDS5C3030ALA630,3000592982016,0,,0,,,,,,,,0,,,,,,9191,,,,,,,,,,,,,,,,,,,,,,,,,,,,,,28,,,,,,0,,,,,,,,,,,,,,,,,,,,,,,,,,,,
2013-12-11,Z3001N58,ST4000DM000,4000787030016,0,,23722152,,,,,,,,0,,,,,,5394,,,,,,,,,,,,,,,,,,,,,,,,,,,,,,24,,,,,,0,,,,,,,,,,,,,,,,,,,,,,,,,,,,
2013-12-11,JK11A8B9J37XJF,Hitachi HDS722020ALA330,2000398934016,0,,0,,,,,,,,0,,,,,,24398,,,,,,,,,,,,,,,,,,,,,,,,,,,,,,31,,,,,,0,,,,,,,,,,,,,,,,,,,,,,,,,,,,
2013-12-11,9XW040Z8,ST31500541AS,1500301910016,0,,235264340,,,,,,,,0,,,,,,26735,,,,,,,,,,,,,,,,,,,,,,,,,,,,,,18,,,,,,0,,,,,,,,,,,,,,,,,,,,,,,,,,,,
2013-12-11,JK1105B8GB686X,Hitachi HDS722020ALA330,2000398934016,0,,65536,,,,,,,,0,,,,,,27160,,,,,,,,,,,,,,,,,,,,,,,,,,,,,,26,,,,,,0,,,,,,,,,,,,,,,,,,,,,,,,,,,,
2013-12-11,W300KL17,ST4000DM000,4000787030016,0,,103566504,,,,,,,,0,,,,,,815,,,,,,,,,,,,,,,,,,,,,,,,,,,,,,18,,,,,,0,,,,,,,,,,,,,,,,,,,,,,,,,,,,
2013-12-11,W1F0JY02,ST3000DM001,3000592982016,0,,32531920,,,,,,,,0,,,,,,12156,,,,,,,,,,,,,,,,,,,,,,,,,,,,,,28,,,,,,0,,,,,,,,,,,,,,,,,,,,,,,,,,,,
2013-12-11,JK1101B8JMV6NZ,Hitachi HDS722020ALA330,2000398934016,0,,131080,,,,,,,,0,,,,,,24426,,,,,,,,,,,,,,,,,,,,,,,,,,,,,,28,,,,,,0,,,,,,,,,,,,,,,,,,,,,,,,,,,,
2013-12-11,JK1101B9JPM1SF,Hitachi HDS722020ALA330,2000398934016,0,,0,,,,,,,,0,,,,,,23989,,,,,,,,,,,,,,,,,,,,,,,,,,,,,,27,,,,,,0,,,,,,,,,,,,,,,,,,,,,,,,,,,,
2013-12-11,MK0311YHGK1T9A,Hitachi HDS723030ALA640,3000592982016,0,,1441792,,,,,,,,0,,,,,,16802,,,,,,,,,,,,,,,,,,,,,,,,,,,,,,28,,,,,,41,,,,,,,,,,,,,,,,,,,,,,,,,,,,
2013-12-11,6XW00Z6Q,ST31500541AS,1500301910016,0,,71533742,,,,,,,,0,,,,,,34740,,,,,,,,,,,,,,,,,,,,,,,,,,,,,,20,,,,,,0,,,,,,,,,,,,,,,,,,,,,,,,,,,,
2013-12-11,6XW03T8V,ST31500541AS,1500301910016,0,,153450565,,,,,,,,330,,,,,,36961,,,,,,,,,,,,,,,,,,,,,,,,,,,,,,22,,,,,,0,,,,,,,,,,,,,,,,,,,,,,,,,,,,
2013-12-11,JK1174YAK8RJ9W,Hitachi HDS722020ALA330,2000398934016,0,,0,,,,,,,,0,,,,,,29018,,,,,,,,,,,,,,,,,,,,,,,,,,,,,,24,,,,,,0,,,,,,,,,,,,,,,,,,,,,,,,,,,,
2013-12-11,MJ1311YNG7EJDA,Hitachi HDS5C3030ALA630,3000592982016,0,,0,,,,,,,,0,,,,,,14310,,,,,,,,,,,,,,,,,,,,,,,,,,,,,,22,,,,,,0,,,,,,,,,,,,,,,,,,,,,,,,,,,,
2013-12-11,Z300NPLS,ST4000DM000,4000787030016,0,,56905848,,,,,,,,0,,,,,,1233,,,,,,,,,,,,,,,,,,,,,,,,,,,,,,21,,,,,,0,,,,,,,,,,,,,,,,,,,,,,,,,,,,
2013-12-11,Z300TDFE,ST4000DM000,4000787030016,0,,106832544,,,,,,,,0,,,,,,799,,,,,,,,,,,,,,,,,,,,,,,,,,,,,,22,,,,,,0,,,,,,,,,,,,,,,,,,,,,,,,,,,,
2013-12-11,MJ1321YNG09HVA,Hitachi HDS5C3030ALA630,3000592982016,0,,131072,,,,,,,,0,,,,,,20479,,,,,,,,,,,,,,,,,,,,,,,,,,,,,,29,,,,,,0,,,,,,,,,,,,,,,,,,,,,,,,,,,,
2013-12-11,Z300NPLZ,ST4000DM000,4000787030016,0,,133137144,,,,,,,,0,,,,,,1233,,,,,,,,,,,,,,,,,,,,,,,,,,,,,,21,,,,,,0,,,,,,,,,,,,,,,,,,,,,,,,,,,,
2013-12-11,MJ1311YNG2XEDA,Hitachi HDS5C3030ALA630,3000592982016,0,,0,,,,,,,,0,,,,,,18066,,,,,,,,,,,,,,,,,,,,,,,,,,,,,,27,,,,,,0,,,,,,,,,,,,,,,,,,,,,,,,,,,,
2013-12-11,6XW057ED,ST31500541AS,1500301910016,0,,48765107,,,,,,,,0,,,,,,36391,,,,,,,,,,,,,,,,,,,,,,,,,,,,,,21,,,,,,0,,,,,,,,,,,,,,,,,,,,,,,,,,,,
2013-12-11,6XW01A3L,ST31500541AS,1500301910016,0,,34678134,,,,,,,,0,,,,,,36916,,,,,,,,,,,,,,,,,,,,,,,,,,,,,,22,,,,,,0,,,,,,,,,,,,,,,,,,,,,,,,,,,,
2013-12-11,6XW057EK,ST31500541AS,1500301910016,0,,162327205,,,,,,,,0,,,,,,36450,,,,,,,,,,,,,,,,,,,,,,,,,,,,,,17,,,,,,0,,,,,,,,,,,,,,,,,,,,,,,,,,,,
2013-12-11,MK0301YHGLEH4A,Hitachi HDS723030ALA640,3000592982016,0,,0,,,,,,,,0,,,,,,16680,,,,,,,,,,,,,,,,,,,,,,,,,,,,,,28,,,,,,0,,,,,,,,,,,,,,,,,,,,,,,,,,,,
2013-12-11,MJ1311YNG60YLA,Hitachi HDS5C3030ALA630,3000592982016,0,,0,,,,,,,,0,,,,,,14621,,,,,,,,,,,,,,,,,,,,,,,,,,,,,,24,,,,,,0,,,,,,,,,,,,,,,,,,,,,,,,,,,,
2013-12-11,MJ0351YNG9SXVA,Hitachi HDS5C3030ALA630,3000592982016,0,,0,,,,,,,,0,,,,,,7938,,,,,,,,,,,,,,,,,,,,,,,,,,,,,,23,,,,,,0,,,,,,,,,,,,,,,,,,,,,,,,,,,,
2013-12-11,Z1Z03FQS,ST4000DX000,4000787030016,0,,92573782,,,,,,,,0,,,,,,7130,,,,,,,,,,,,,,,,,,,,,,,,,,,,,,38,,,,,,0,,,,,,,,,,,,,,,,,,,,,,,,,,,,
2013-12-11,Z30049X8,ST4000DM000,4000787030016,0,,221834696,,,,,,,,0,,,,,,5418,,,,,,,,,,,,,,,,,,,,,,,,,,,,,,20,,,,,,0,,,,,,,,,,,,,,,,,,,,,,,,,,,,
2013-12-11,JK1101YBJJJ3HF,Hitachi HDS722020ALA330,2000398934016,0,,0,,,,,,,,0,,,,,,27167,,,,,,,,,,,,,,,,,,,,,,,,,,,,,,29,,,,,,0,,,,,,,,,,,,,,,,,,,,,,,,,,,,
2013-12-11,Z300XEBJ,ST4000DM000,4000787030016,0,,175972288,,,,,,,,0,,,,,,612,,,,,,,,,,,,,,,,,,,,,,,,,,,,,,18,,,,,,0,,,,,,,,,,,,,,,,,,,,,,,,,,,,
2013-12-11,JK11A8B9J3S6UF,Hitachi HDS722020ALA330,2000398934016,0,,0,,,,,,,,0,,,,,,23822,,,,,,,,,,,,,,,,,,,,,,,,,,,,,,31,,,,,,0,,,,,,,,,,,,,,,,,,,,,,,,,,,,
2013-12-11,PL1321LAGA2V5H,Hitachi HDS5C4040ALE630,4000787030016,0,,0,,,,,,,,0,,,,,,5054,,,,,,,,,,,,,,,,,,,,,,,,,,,,,,27,,,,,,0,,,,,,,,,,,,,,,,,,,,,,,,,,,,
2013-12-11,WD-WCAU47261894,WDC WD10EADS,1000204886016,0,,0,,,,,,,,0,,,,,,40826,,,,,,,,,,,,,,,,,,,,,,,,,,,,,,28,,,,,,0,,,,,,,,,,,,,,,,,,,,,,,,,,,,
2013-12-11,PL1321LAG328LH,Hitachi HDS5C4040ALE630,4000787030016,0,,0,,,,,,,,0,,,,,,6619,,,,,,,,,,,,,,,,,,,,,,,,,,,,,,24,,,,,,0,,,,,,,,,,,,,,,,,,,,,,,,,,,,
2013-12-11,Z290ZW8A,ST33000651AS,3000592982016,0,,47181377,,,,,,,,0,,,,,,15916,,,,,,,,,,,,,,,,,,,,,,,,,,,,,,29,,,,,,0,,,,,,,,,,,,,,,,,,,,,,,,,,,,
2013-12-11,9XW01NJ0,ST31500541AS,1500301910016,0,,210003860,,,,,,,,0,,,,,,35757,,,,,,,,,,,,,,,,,,,,,,,,,,,,,,19,,,,,,0,,,,,,,,,,,,,,,,,,,,,,,,,,,,
2013-12-11,JK1174YAK7854W,Hitachi HDS722020ALA330,2000398934016,0,,0,,,,,,,,0,,,,,,28154,,,,,,,,,,,,,,,,,,,,,,,,,,,,,,28,,,,,,0,,,,,,,,,,,,,,,,,,,,,,,,,,,,
2013-12-11,W300CGCJ,ST4000DM000,4000787030016,0,,174870328,,,,,,,,0,,,,,,4167,,,,,,,,,,,,,,,,,,,,,,,,,,,,,,30,,,,,,0,,,,,,,,,,,,,,,,,,,,,,,,,,,,
2013-12-11,W300CHQJ,ST4000DM000,4000787030016,0,,205149512,,,,,,,,0,,,,,,1871,,,,,,,,,,,,,,,,,,,,,,,,,,,,,,24,,,,,,0,,,,,,,,,,,,,,,,,,,,,,,,,,,,
2013-12-11,S1F12788,ST3000DM001,3000592982016,0,,26980928,,,,,,,,0,,,,,,7990,,,,,,,,,,,,,,,,,,,,,,,,,,,,,,20,,,,,,0,,,,,,,,,,,,,,,,,,,,,,,,,,,,
2013-12-11,PL1311LAG2B87H,Hitachi HDS5C4040ALE630,4000787030016,0,,0,,,,,,,,0,,,,,,7385,,,,,,,,,,,,,,,,,,,,,,,,,,,,,,30,,,,,,0,,,,,,,,,,,,,,,,,,,,,,,,,,,,
2013-12-11,JK11A8B9J8DT9F,Hitachi HDS722020ALA330,2000398934016,0,,0,,,,,,,,0,,,,,,25125,,,,,,,,,,,,,,,,,,,,,,,,,,,,,,30,,,,,,0,,,,,,,,,,,,,,,,,,,,,,,,,,,,
2013-12-11,MJ1311YNG7KTGA,Hitachi HDS5C3030ALA630,3000592982016,0,,0,,,,,,,,0,,,,,,14624,,,,,,,,,,,,,,,,,,,,,,,,,,,,,,24,,,,,,0,,,,,,,,,,,,,,,,,,,,,,,,,,,,
2013-12-11,PL2311LAG1LU9C,Hitachi HDS5C4040ALE630,4000787030016,0,,0,,,,,,,,0,,,,,,7463,,,,,,,,,,,,,,,,,,,,,,,,,,,,,,24,,,,,,0,,,,,,,,,,,,,,,,,,,,,,,,,,,,
2013-12-11,MJ0351YNG9UJWA,Hitachi HDS5C3030ALA630,3000592982016,0,,0,,,,,,,,0,,,,,,9274,,,,,,,,,,,,,,,,,,,,,,,,,,,,,,27,,,,,,0,,,,,,,,,,,,,,,,,,,,,,,,,,,,
2013-12-11,JK11A4B8J5S2TW,Hitachi HDS722020ALA330,2000398934016,0,,1,,,,,,,,0,,,,,,25661,,,,,,,,,,,,,,,,,,,,,,,,,,,,,,29,,,,,,0,,,,,,,,,,,,,,,,,,,,,,,,,,,,
2013-12-11,JK11A8B9J39R8F,Hitachi HDS722020ALA330,2000398934016,0,,0,,,,,,,,0,,,,,,23543,,,,,,,,,,,,,,,,,,,,,,,,,,,,,,35,,,,,,0,,,,,,,,,,,,,,,,,,,,,,,,,,,,
2013-12-11,PL1311LAG3AGBH,Hitachi HDS5C4040ALE630,4000787030016,0,,0,,,,,,,,0,,,,,,6639,,,,,,,,,,,,,,,,,,,,,,,,,,,,,,27,,,,,,0,,,,,,,,,,,,,,,,,,,,,,,,,,,,
2013-12-11,JK11A8B9J768SF,Hitachi HDS722020ALA330,2000398934016,0,,0,,,,,,,,0,,,,,,25583,,,,,,,,,,,,,,,,,,,,,,,,,,,,,,29,,,,,,0,,,,,,,,,,,,,,,,,,,,,,,,,,,,
2013-12-11,W1F09QZ4,ST3000DM001,3000592982016,0,,166833240,,,,,,,,0,,,,,,14234,,,,,,,,,,,,,,,,,,,,,,,,,,,,,,20,,,,,,0,,,,,,,,,,,,,,,,,,,,,,,,,,,,
2013-12-11,W1F09QZ3,ST3000DM001,3000592982016,0,,25354536,,,,,,,,0,,,,,,13888,,,,,,,,,,,,,,,,,,,,,,,,,,,,,,25,,,,,,0,,,,,,,,,,,,,,,,,,,,,,,,,,,,
2013-12-11,S1F0CSBR,ST3000DM001,3000592982016,0,,159776848,,,,,,,,0,,,,,,12365,,,,,,,,,,,,,,,,,,,,,,,,,,,,,,21,,,,,,0,,,,,,,,,,,,,,,,,,,,,,,,,,,,
2013-12-11,MJ1321YNG0P9WA,Hitachi HDS5C3030ALA630,3000592982016,0,,0,,,,,,,,0,,,,,,20512,,,,,,,,,,,,,,,,,,,,,,,,,,,,,,24,,,,,,0,,,,,,,,,,,,,,,,,,,,,,,,,,,,
2013-12-11,MJ1311YNG60XJA,Hitachi HDS5C3030ALA630,3000592982016,0,,0,,,,,,,,0,,,,,,14621,,,,,,,,,,,,,,,,,,,,,,,,,,,,,,23,,,,,,0,,,,,,,,,,,,,,,,,,,,,,,,,,,,
2013-12-11,W300L04Y,ST4000DM000,4000787030016,0,,86020544,,,,,,,,0,,,,,,885,,,,,,,,,,,,,,,,,,,,,,,,,,,,,,23,,,,,,0,,,,,,,,,,,,,,,,,,,,,,,,,,,,
2013-12-11,Z300CWY6,ST4000DM000,4000787030016,0,,135737744,,,,,,,,0,,,,,,2262,,,,,,,,,,,,,,,,,,,,,,,,,,,,,,23,,,,,,0,,,,,,,,,,,,,,,,,,,,,,,,,,,,
2013-12-11,JK1105B8G8KEWX,Hitachi HDS722020ALA330,2000398934016,0,,131072,,,,,,,,3,,,,,,27167,,,,,,,,,,,,,,,,,,,,,,,,,,,,,,32,,,,,,0,,,,,,,,,,,,,,,,,,,,,,,,,,,,
2013-12-11,MJ1311YNG782JA,Hitachi HDS5C3030ALA630,3000592982016,0,,0,,,,,,,,0,,,,,,14598,,,,,,,,,,,,,,,,,,,,,,,,,,,,,,25,,,,,,0,,,,,,,,,,,,,,,,,,,,,,,,,,,,
2013-12-11,MK0311YHGJA0BA,Hitachi HDS723030ALA640,3000592982016,0,,1,,,,,,,,0,,,,,,16734,,,,,,,,,,,,,,,,,,,,,,,,,,,,,,29,,,,,,0,,,,,,,,,,,,,,,,,,,,,,,,,,,,
2013-12-11,S1F06X6Z,ST3000DM001,3000592982016,0,,109035640,,,,,,,,0,,,,,,13913,,,,,,,,,,,,,,,,,,,,,,,,,,,,,,21,,,,,,0,,,,,,,,,,,,,,,,,,,,,,,,,,,,
2013-12-11,Z290P5F2,ST33000651AS,3000592982016,0,,229379062,,,,,,,,0,,,,,,17739,,,,,,,,,,,,,,,,,,,,,,,,,,,,,,25,,,,,,0,,,,,,,,,,,,,,,,,,,,,,,,,,,,
2013-12-11,MJ0351YNG9T0AA,Hitachi HDS5C3030ALA630,3000592982016,0,,0,,,,,,,,0,,,,,,8829,,,,,,,,,,,,,,,,,,,,,,,,,,,,,,30,,,,,,0,,,,,,,,,,,,,,,,,,,,,,,,,,,,
2013-12-11,JK11A8B9J6KWWF,Hitachi HDS722020ALA330,2000398934016,0,,2,,,,,,,,0,,,,,,22693,,,,,,,,,,,,,,,,,,,,,,,,,,,,,,31,,,,,,0,,,,,,,,,,,,,,,,,,,,,,,,,,,,
2013-12-11,W1F08D3T,ST3000DM001,3000592982016,0,,133927960,,,,,,,,0,,,,,,16176,,,,,,,,,,,,,,,,,,,,,,,,,,,,,,24,,,,,,0,,,,,,,,,,,,,,,,,,,,,,,,,,,,
2013-12-11,MK0311YHGEJ9RA,Hitachi HDS723030ALA640,3000592982016,0,,0,,,,,,,,0,,,,,,21459,,,,,,,,,,,,,,,,,,,,,,,,,,,,,,26,,,,,,0,,,,,,,,,,,,,,,,,,,,,,,,,,,,
2013-12-11,Z300J9BZ,ST4000DM000,4000787030016,0,,165398384,,,,,,,,0,,,,,,2218,,,,,,,,,,,,,,,,,,,,,,,,,,,,,,23,,,,,,0,,,,,,,,,,,,,,,,,,,,,,,,,,,,
2013-12-11,WD-WCAU45638618,WDC WD10EADS,1000204886016,0,,2,,,,,,,,0,,,,,,41099,,,,,,,,,,,,,,,,,,,,,,,,,,,,,,26,,,,,,0,,,,,,,,,,,,,,,,,,,,,,,,,,,,
2013-12-11,PK1331PAJ3A0WS,HGST HDS724040ALE640,4000787030016,0,,0,,,,,,,,0,,,,,,2026,,,,,,,,,,,,,,,,,,,,,,,,,,,,,,28,,,,,,0,,,,,,,,,,,,,,,,,,,,,,,,,,,,
2013-12-11,W300DYCC,ST4000DM000,4000787030016,0,,65547424,,,,,,,,0,,,,,,4139,,,,,,,,,,,,,,,,,,,,,,,,,,,,,,22,,,,,,0,,,,,,,,,,,,,,,,,,,,,,,,,,,,
2013-12-11,MJ1311YNG3EG3A,Hitachi HDS5C3030ALA630,3000592982016,0,,0,,,,,,,,0,,,,,,19310,,,,,,,,,,,,,,,,,,,,,,,,,,,,,,27,,,,,,0,,,,,,,,,,,,,,,,,,,,,,,,,,,,
2013-12-11,PL2311LAG1PVEC,Hitachi HDS5C4040ALE630,4000787030016,0,,0,,,,,,,,0,,,,,,7461,,,,,,,,,,,,,,,,,,,,,,,,,,,,,,27,,,,,,0,,,,,,,,,,,,,,,,,,,,,,,,,,,,
2013-12-11,9VS1ZTDJ,ST31500341AS,1500301910016,0,,59469445,,,,,,,,5,,,,,,39091,,,,,,,,,,,,,,,,,,,,,,,,,,,,,,27,,,,,,2,,,,,,,,,,,,,,,,,,,,,,,,,,,,
2013-12-11,6XW0MS5L,ST31500541AS,1500301910016,0,,84510870,,,,,,,,0,,,,,,15468,,,,,,,,,,,,,,,,,,,,,,,,,,,,,,29,,,,,,0,,,,,,,,,,,,,,,,,,,,,,,,,,,,
2013-12-11,JK1101B9JPH1LF,Hitachi HDS722020ALA330,2000398934016,0,,0,,,,,,,,0,,,,,,23946,,,,,,,,,,,,,,,,,,,,,,,,,,,,,,25,,,,,,0,,,,,,,,,,,,,,,,,,,,,,,,,,,,
2013-12-11,MK0301YHGM5M4A,Hitachi HDS723030ALA640,3000592982016,0,,65536,,,,,,,,0,,,,,,17018,,,,,,,,,,,,,,,,,,,,,,,,,,,,,,28,,,,,,0,,,,,,,,,,,,,,,,,,,,,,,,,,,,
2013-12-11,6XW00S3A,ST31500541AS,1500301910016,0,,115859800,,,,,,,,0,,,,,,36068,,,,,,,,,,,,,,,,,,,,,,,,,,,,,,21,,,,,,0,,,,,,,,,,,,,,,,,,,,,,,,,,,,
2013-12-11,JK11A8B9J3B5XF,Hitachi HDS722020ALA330,2000398934016,0,,0,,,,,,,,0,,,,,,24428,,,,,,,,,,,,,,,,,,,,,,,,,,,,,,28,,,,,,0,,,,,,,,,,,,,,,,,,,,,,,,,,,,
2013-12-11,W1F0Q9VT,ST3000DM001,3000592982016,0,,97748384,,,,,,,,0,,,,,,12617,,,,,,,,,,,,,,,,,,,,,,,,,,,,,,21,,,,,,0,,,,,,,,,,,,,,,,,,,,,,,,,,,,
2013-12-11,PL1301LAG34WZH,Hitachi HDS5C4040ALE630,4000787030016,0,,0,,,,,,,,0,,,,,,5138,,,,,,,,,,,,,,,,,,,,,,,,,,,,,,32,,,,,,0,,,,,,,,,,,,,,,,,,,,,,,,,,,,
2013-12-11,W1F0SVA7,ST3000DM001,3000592982016,0,,124686792,,,,,,,,0,,,,,,11753,,,,,,,,,,,,,,,,,,,,,,,,,,,,,,25,,,,,,0,,,,,,,,,,,,,,,,,,,,,,,,,,,,
2013-12-11,W300L00M,ST4000DM000,4000787030016,0,,125763968,,,,,,,,0,,,,,,772,,,,,,,,,,,,,,,,,,,,,,,,,,,,,,22,,,,,,0,,,,,,,,,,,,,,,,,,,,,,,,,,,,
2013-12-11,WD-WCAWZ1518623,WDC WD30EZRX,3000592982016,0,,0,,,,,,,,0,,,,,,7635,,,,,,,,,,,,,,,,,,,,,,,,,,,,,,25,,,,,,0,,,,,,,,,,,,,,,,,,,,,,,,,,,,
2013-12-11,9XK0DZL1,ST33000651AS,3000592982016,0,,208449760,,,,,,,,0,,,,,,18074,,,,,,,,,,,,,,,,,,,,,,,,,,,,,,25,,,,,,0,,,,,,,,,,,,,,,,,,,,,,,,,,,,
2013-12-11,MJ1311YNG6XHLA,Hitachi HDS5C3030ALA630,3000592982016,0,,0,,,,,,,,0,,,,,,14599,,,,,,,,,,,,,,,,,,,,,,,,,,,,,,27,,,,,,0,,,,,,,,,,,,,,,,,,,,,,,,,,,,
2013-12-11,W300L00Z,ST4000DM000,4000787030016,0,,30962176,,,,,,,,0,,,,,,815,,,,,,,,,,,,,,,,,,,,,,,,,,,,,,19,,,,,,0,,,,,,,,,,,,,,,,,,,,,,,,,,,,
2013-12-11,W300JGWY,ST4000DM000,4000787030016,0,,176527976,,,,,,,,0,,,,,,2239,,,,,,,,,,,,,,,,,,,,,,,,,,,,,,18,,,,,,0,,,,,,,,,,,,,,,,,,,,,,,,,,,,
2013-12-11,JK1105B8GGA2KX,Hitachi HDS722020ALA330,2000398934016,0,,0,,,,,,,,0,,,,,,26766,,,,,,,,,,,,,,,,,,,,,,,,,,,,,,28,,,,,,0,,,,,,,,,,,,,,,,,,,,,,,,,,,,
2013-12-11,Z1F0713R,ST3000DM001,3000592982016,0,,36803968,,,,,,,,0,,,,,,17066,,,,,,,,,,,,,,,,,,,,,,,,,,,,,,24,,,,,,0,,,,,,,,,,,,,,,,,,,,,,,,,,,,
2013-12-11,9XW01SVQ,ST31500541AS,1500301910016,0,,63463898,,,,,,,,0,,,,,,35657,,,,,,,,,,,,,,,,,,,,,,,,,,,,,,16,,,,,,0,,,,,,,,,,,,,,,,,,,,,,,,,,,,
2013-12-11,JK11A5B8KMHLDX,Hitachi HDS722020ALA330,2000398934016,0,,0,,,,,,,,0,,,,,,8890,,,,,,,,,,,,,,,,,,,,,,,,,,,,,,23,,,,,,0,,,,,,,,,,,,,,,,,,,,,,,,,,,,
2013-12-11,S1F02CQ7,ST3000DM001,3000592982016,0,,1281168,,,,,,,,0,,,,,,15223,,,,,,,,,,,,,,,,,,,,,,,,,,,,,,23,,,,,,0,,,,,,,,,,,,,,,,,,,,,,,,,,,,
2013-12-11,S1F0LCQX,ST3000DM001,3000592982016,0,,188939112,,,,,,,,0,,,,,,12017,,,,,,,,,,,,,,,,,,,,,,,,,,,,,,28,,,,,,0,,,,,,,,,,,,,,,,,,,,,,,,,,,,
2013-12-11,MJ0351YNGA5ZAA,Hitachi HDS5C3030ALA630,3000592982016,0,,0,,,,,,,,0,,,,,,9129,,,,,,,,,,,,,,,,,,,,,,,,,,,,,,27,,,,,,0,,,,,,,,,,,,,,,,,,,,,,,,,,,,
2013-12-11,Z300CP3G,ST4000DM000,4000787030016,0,,123750344,,,,,,,,0,,,,,,2240,,,,,,,,,,,,,,,,,,,,,,,,,,,,,,22,,,,,,0,,,,,,,,,,,,,,,,,,,,,,,,,,,,
2013-12-11,PL1321LAG35TLH,Hitachi HDS5C4040ALE630,4000787030016,0,,0,,,,,,,,0,,,,,,5138,,,,,,,,,,,,,,,,,,,,,,,,,,,,,,28,,,,,,0,,,,,,,,,,,,,,,,,,,,,,,,,,,,
2013-12-11,MK0311YHG4NH8A,Hitachi HDS723030ALA640,3000592982016,0,,0,,,,,,,,0,,,,,,21792,,,,,,,,,,,,,,,,,,,,,,,,,,,,,,27,,,,,,0,,,,,,,,,,,,,,,,,,,,,,,,,,,,
2013-12-11,6XW03ANK,ST31500541AS,1500301910016,0,,97334485,,,,,,,,0,,,,,,35446,,,,,,,,,,,,,,,,,,,,,,,,,,,,,,19,,,,,,0,,,,,,,,,,,,,,,,,,,,,,,,,,,,
2013-12-11,PL2311LAG1MLHC,Hitachi HDS5C4040ALE630,4000787030016,0,,0,,,,,,,,0,,,,,,7759,,,,,,,,,,,,,,,,,,,,,,,,,,,,,,22,,,,,,0,,,,,,,,,,,,,,,,,,,,,,,,,,,,
2013-12-11,MJ0351YNG9ZL8A,Hitachi HDS5C3030ALA630,3000592982016,0,,0,,,,,,,,0,,,,,,9672,,,,,,,,,,,,,,,,,,,,,,,,,,,,,,30,,,,,,0,,,,,,,,,,,,,,,,,,,,,,,,,,,,
2013-12-11,WD-WCAU42473955,WDC WD10EACS,1000204886016,0,,2,,,,,,,,0,,,,,,42821,,,,,,,,,,,,,,,,,,,,,,,,,,,,,,20,,,,,,0,,,,,,,,,,,,,,,,,,,,,,,,,,,,
2013-12-11,JK11A8B9J3665F,Hitachi HDS722020ALA330,2000398934016,0,,0,,,,,,,,0,,,,,,23709,,,,,,,,,,,,,,,,,,,,,,,,,,,,,,30,,,,,,0,,,,,,,,,,,,,,,,,,,,,,,,,,,,
2013-12-11,6XW03AN0,ST31500541AS,1500301910016,0,,39354415,,,,,,,,0,,,,,,36061,,,,,,,,,,,,,,,,,,,,,,,,,,,,,,20,,,,,,0,,,,,,,,,,,,,,,,,,,,,,,,,,,,
2013-12-11,6XW03AN5,ST31500541AS,1500301910016,0,,98053569,,,,,,,,0,,,,,,36960,,,,,,,,,,,,,,,,,,,,,,,,,,,,,,18,,,,,,0,,,,,,,,,,,,,,,,,,,,,,,,,,,,
2013-12-11,6XW03AN6,ST31500541AS,1500301910016,0,,5318840,,,,,,,,0,,,,,,35445,,,,,,,,,,,,,,,,,,,,,,,,,,,,,,19,,,,,,0,,,,,,,,,,,,,,,,,,,,,,,,,,,,
2013-12-11,5YD972Z6,ST1500DL003,1500301910016,0,,11828016,,,,,,,,0,,,,,,9082,,,,,,,,,,,,,,,,,,,,,,,,,,,,,,23,,,,,,0,,,,,,,,,,,,,,,,,,,,,,,,,,,,
2013-12-11,W300B5KX,ST4000DM000,4000787030016,0,,58477552,,,,,,,,0,,,,,,4140,,,,,,,,,,,,,,,,,,,,,,,,,,,,,,25,,,,,,0,,,,,,,,,,,,,,,,,,,,,,,,,,,,
2013-12-11,W1F0964N,ST3000DM001,3000592982016,0,,144896672,,,,,,,,0,,,,,,13912,,,,,,,,,,,,,,,,,,,,,,,,,,,,,,23,,,,,,0,,,,,,,,,,,,,,,,,,,,,,,,,,,,
2013-12-11,Z300W3ET,ST4000DM000,4000787030016,0,,160420808,,,,,,,,0,,,,,,815,,,,,,,,,,,,,,,,,,,,,,,,,,,,,,17,,,,,,0,,,,,,,,,,,,,,,,,,,,,,,,,,,,
2013-12-11,S1F02ZN0,ST3000DM001,3000592982016,0,,35845376,,,,,,,,0,,,,,,16176,,,,,,,,,,,,,,,,,,,,,,,,,,,,,,23,,,,,,0,,,,,,,,,,,,,,,,,,,,,,,,,,,,
2013-12-11,PL1311LAG1ZD7A,Hitachi HDS5C4040ALE630,4000787030016,0,,0,,,,,,,,0,,,,,,5137,,,,,,,,,,,,,,,,,,,,,,,,,,,,,,31,,,,,,0,,,,,,,,,,,,,,,,,,,,,,,,,,,,
2013-12-11,JK1170YAJDAJAT,Hitachi HDS722020ALA330,2000398934016,0,,0,,,,,,,,0,,,,,,28153,,,,,,,,,,,,,,,,,,,,,,,,,,,,,,26,,,,,,0,,,,,,,,,,,,,,,,,,,,,,,,,,,,
2013-12-11,S1F02PWY,ST3000DM001,3000592982016,0,,207841192,,,,,,,,0,,,,,,16198,,,,,,,,,,,,,,,,,,,,,,,,,,,,,,21,,,,,,0,,,,,,,,,,,,,,,,,,,,,,,,,,,,
2013-12-11,JK11A8B9J3B6NF,Hitachi HDS722020ALA330,2000398934016,0,,0,,,,,,,,0,,,,,,24431,,,,,,,,,,,,,,,,,,,,,,,,,,,,,,27,,,,,,0,,,,,,,,,,,,,,,,,,,,,,,,,,,,
2013-12-11,9XW01F24,ST31500541AS,1500301910016,0,,102648108,,,,,,,,0,,,,,,32763,,,,,,,,,,,,,,,,,,,,,,,,,,,,,,22,,,,,,0,,,,,,,,,,,,,,,,,,,,,,,,,,,,
2013-12-11,MJ1311YNG7LTWA,Hitachi HDS5C3030ALA630,3000592982016,0,,0,,,,,,,,0,,,,,,14685,,,,,,,,,,,,,,,,,,,,,,,,,,,,,,17,,,,,,0,,,,,,,,,,,,,,,,,,,,,,,,,,,,
2013-12-11,9VS31QR3,ST31500341AS,1500301910016,0,,108775986,,,,,,,,0,,,,,,27218,,,,,,,,,,,,,,,,,,,,,,,,,,,,,,29,,,,,,0,,,,,,,,,,,,,,,,,,,,,,,,,,,,
2013-12-11,JK11A8B9J2BJ7F,Hitachi HDS722020ALA330,2000398934016,0,,0,,,,,,,,0,,,,,,24426,,,,,,,,,,,,,,,,,,,,,,,,,,,,,,32,,,,,,0,,,,,,,,,,,,,,,,,,,,,,,,,,,,
2013-12-11,JK11A4YAKBT8RW,Hitachi HDS722020ALA330,2000398934016,0,,0,,,,,,,,0,,,,,,27871,,,,,,,,,,,,,,,,,,,,,,,,,,,,,,27,,,,,,0,,,,,,,,,,,,,,,,,,,,,,,,,,,,
2013-12-11,6XW17N7A,ST32000542AS,2000398934016,0,,181852046,,,,,,,,0,,,,,,27780,,,,,,,,,,,,,,,,,,,,,,,,,,,,,,22,,,,,,0,,,,,,,,,,,,,,,,,,,,,,,,,,,,
2013-12-11,MK0333YHGPGDDC,Hitachi HDS723030ALA640,3000592982016,0,,0,,,,,,,,0,,,,,,16661,,,,,,,,,,,,,,,,,,,,,,,,,,,,,,28,,,,,,0,,,,,,,,,,,,,,,,,,,,,,,,,,,,
2013-12-11,PL2311LAG1U7RC,Hitachi HDS5C4040ALE630,4000787030016,0,,0,,,,,,,,0,,,,,,4858,,,,,,,,,,,,,,,,,,,,,,,,,,,,,,30,,,,,,0,,,,,,,,,,,,,,,,,,,,,,,,,,,,
2013-12-11,JK2171B9J29XUL,Hitachi HDS722020ALA330,2000398934016,0,,65537,,,,,,,,0,,,,,,22413,,,,,,,,,,,,,,,,,,,,,,,,,,,,,,27,,,,,,0,,,,,,,,,,,,,,,,,,,,,,,,,,,,
2013-12-11,JK11A8B9J8YZPF,Hitachi HDS722020ALA330,2000398934016,0,,1,,,,,,,,0,,,,,,24971,,,,,,,,,,,,,,,,,,,,,,,,,,,,,,29,,,,,,0,,,,,,,,,,,,,,,,,,,,,,,,,,,,
2013-12-11,PL1331LAGAHT5H,Hitachi HDS5C4040ALE630,4000787030016,0,,0,,,,,,,,0,,,,,,5429,,,,,,,,,,,,,,,,,,,,,,,,,,,,,,23,,,,,,0,,,,,,,,,,,,,,,,,,,,,,,,,,,,
2013-12-11,13H7X2HAS,TOSHIBA DT01ACA300,3000592982016,0,,0,,,,,,,,0,,,,,,2718,,,,,,,,,,,,,,,,,,,,,,,,,,,,,,29,,,,,,0,,,,,,,,,,,,,,,,,,,,,,,,,,,,
2013-12-11,JK1101B9J2HPDF,Hitachi HDS722020ALA330,2000398934016,0,,131072,,,,,,,,0,,,,,,23823,,,,,,,,,,,,,,,,,,,,,,,,,,,,,,25,,,,,,0,,,,,,,,,,,,,,,,,,,,,,,,,,,,
2013-12-11,WD-WMC1T0867403,WDC WD30EFRX,3000592982016,0,,0,,,,,,,,0,,,,,,8840,,,,,,,,,,,,,,,,,,,,,,,,,,,,,,28,,,,,,0,,,,,,,,,,,,,,,,,,,,,,,,,,,,
2013-12-11,W1F0AME1,ST3000DM001,3000592982016,0,,13725808,,,,,,,,0,,,,,,13913,,,,,,,,,,,,,,,,,,,,,,,,,,,,,,21,,,,,,0,,,,,,,,,,,,,,,,,,,,,,,,,,,,
2013-12-11,WD-WMC1T3170512,WDC WD30EFRX,3000592982016,0,,0,,,,,,,,0,,,,,,2045,,,,,,,,,,,,,,,,,,,,,,,,,,,,,,21,,,,,,0,,,,,,,,,,,,,,,,,,,,,,,,,,,,
2013-12-11,MJ0351YNG9W1PA,Hitachi HDS5C3030ALA630,3000592982016,0,,0,,,,,,,,0,,,,,,9312,,,,,,,,,,,,,,,,,,,,,,,,,,,,,,28,,,,,,0,,,,,,,,,,,,,,,,,,,,,,,,,,,,
2013-12-11,STF605MH1MPWEW,Hitachi HDT721010SLA360,1000204886016,0,,42992314,,,,,,,,0,,,,,,40585,,,,,,,,,,,,,,,,,,,,,,,,,,,,,,30,,,,,,0,,,,,,,,,,,,,,,,,,,,,,,,,,,,
2013-12-11,Z3001GED,ST4000DM000,4000787030016,0,,212240040,,,,,,,,0,,,,,,5417,,,,,,,,,,,,,,,,,,,,,,,,,,,,,,23,,,,,,0,,,,,,,,,,,,,,,,,,,,,,,,,,,,
2013-12-11,Z300XFTB,ST4000DM000,4000787030016,0,,61137920,,,,,,,,0,,,,,,612,,,,,,,,,,,,,,,,,,,,,,,,,,,,,,22,,,,,,0,,,,,,,,,,,,,,,,,,,,,,,,,,,,
2013-12-11,S1F13HPR,ST3000DM001,3000592982016,0,,222690112,,,,,,,,0,,,,,,7991,,,,,,,,,,,,,,,,,,,,,,,,,,,,,,19,,,,,,0,,,,,,,,,,,,,,,,,,,,,,,,,,,,
2013-12-11,S1F13HPP,ST3000DM001,3000592982016,0,,110977936,,,,,,,,0,,,,,,8652,,,,,,,,,,,,,,,,,,,,,,,,,,,,,,29,,,,,,0,,,,,,,,,,,,,,,,,,,,,,,,,,,,
2013-12-11,MK0301YHGEUYLA,Hitachi HDS723030ALA640,3000592982016,0,,0,,,,,,,,0,,,,,,17010,,,,,,,,,,,,,,,,,,,,,,,,,,,,,,33,,,,,,0,,,,,,,,,,,,,,,,,,,,,,,,,,,,
2013-12-11,JK11A8B9J8WZPF,Hitachi HDS722020ALA330,2000398934016,0,,0,,,,,,,,0,,,,,,24468,,,,,,,,,,,,,,,,,,,,,,,,,,,,,,24,,,,,,0,,,,,,,,,,,,,,,,,,,,,,,,,,,,
2013-12-11,PL1311LAG39XSH,Hitachi HDS5C4040ALE630,4000787030016,0,,0,,,,,,,,0,,,,,,5959,,,,,,,,,,,,,,,,,,,,,,,,,,,,,,16,,,,,,0,,,,,,,,,,,,,,,,,,,,,,,,,,,,
2013-12-11,Z1Z05CAJ,ST4000DX000,4000787030016,0,,71110153,,,,,,,,0,,,,,,5040,,,,,,,,,,,,,,,,,,,,,,,,,,,,,,28,,,,,,0,,,,,,,,,,,,,,,,,,,,,,,,,,,,
2013-12-11,PL1311LAG3B3PH,Hitachi HDS5C4040ALE630,4000787030016,0,,0,,,,,,,,0,,,,,,5920,,,,,,,,,,,,,,,,,,,,,,,,,,,,,,21,,,,,,0,,,,,,,,,,,,,,,,,,,,,,,,,,,,
2013-12-11,MJ0351YNGA6KGA,Hitachi HDS5C3030ALA630,3000592982016,0,,0,,,,,,,,0,,,,,,9312,,,,,,,,,,,,,,,,,,,,,,,,,,,,,,31,,,,,,0,,,,,,,,,,,,,,,,,,,,,,,,,,,,
2013-12-11,S1F03FYE,ST3000DM001,3000592982016,0,,106901216,,,,,,,,0,,,,,,15218,,,,,,,,,,,,,,,,,,,,,,,,,,,,,,23,,,,,,0,,,,,,,,,,,,,,,,,,,,,,,,,,,,
2013-12-11,S1F031LE,ST3000DM001,3000592982016,0,,211093208,,,,,,,,0,,,,,,15455,,,,,,,,,,,,,,,,,,,,,,,,,,,,,,20,,,,,,0,,,,,,,,,,,,,,,,,,,,,,,,,,,,
2013-12-11,PL1321LAGABHGH,Hitachi HDS5C4040ALE630,4000787030016,0,,0,,,,,,,,0,,,,,,5072,,,,,,,,,,,,,,,,,,,,,,,,,,,,,,30,,,,,,0,,,,,,,,,,,,,,,,,,,,,,,,,,,,
2013-12-11,S1F04X3G,ST3000DM001,3000592982016,0,,180186600,,,,,,,,0,,,,,,16178,,,,,,,,,,,,,,,,,,,,,,,,,,,,,,26,,,,,,0,,,,,,,,,,,,,,,,,,,,,,,,,,,,
2013-12-11,6XW0BSHB,ST32000542AS,2000398934016,0,,22877569,,,,,,,,0,,,,,,7819,,,,,,,,,,,,,,,,,,,,,,,,,,,,,,20,,,,,,0,,,,,,,,,,,,,,,,,,,,,,,,,,,,
2013-12-11,6XW0432D,ST31500541AS,1500301910016,0,,107271273,,,,,,,,0,,,,,,36403,,,,,,,,,,,,,,,,,,,,,,,,,,,,,,17,,,,,,0,,,,,,,,,,,,,,,,,,,,,,,,,,,,
2013-12-11,S1F13GPY,ST3000DM001,3000592982016,0,,25546408,,,,,,,,0,,,,,,8207,,,,,,,,,,,,,,,,,,,,,,,,,,,,,,28,,,,,,0,,,,,,,,,,,,,,,,,,,,,,,,,,,,
2013-12-11,Z1F06LT5,ST3000DM001,3000592982016,0,,73523448,,,,,,,,0,,,,,,10739,,,,,,,,,,,,,,,,,,,,,,,,,,,,,,22,,,,,,0,,,,,,,,,,,,,,,,,,,,,,,,,,,,
2013-12-11,MJ0351YNGA74BA,Hitachi HDS5C3030ALA630,3000592982016,0,,0,,,,,,,,0,,,,,,8661,,,,,,,,,,,,,,,,,,,,,,,,,,,,,,28,,,,,,0,,,,,,,,,,,,,,,,,,,,,,,,,,,,
2013-12-11,6XW01TDL,ST31500541AS,1500301910016,0,,35958987,,,,,,,,0,,,,,,37067,,,,,,,,,,,,,,,,,,,,,,,,,,,,,,27,,,,,,0,,,,,,,,,,,,,,,,,,,,,,,,,,,,
2013-12-11,Z1F06RVV,ST3000DM001,3000592982016,0,,220610352,,,,,,,,0,,,,,,14732,,,,,,,,,,,,,,,,,,,,,,,,,,,,,,25,,,,,,0,,,,,,,,,,,,,,,,,,,,,,,,,,,,
2013-12-11,MJ1313YNG4XSVC,Hitachi HDS5C3030ALA630,3000592982016,0,,0,,,,,,,,0,,,,,,7153,,,,,,,,,,,,,,,,,,,,,,,,,,,,,,26,,,,,,0,,,,,,,,,,,,,,,,,,,,,,,,,,,,
2013-12-11,PL1311LAG38Z7H,Hitachi HDS5C4040ALE630,4000787030016,0,,0,,,,,,,,0,,,,,,5921,,,,,,,,,,,,,,,,,,,,,,,,,,,,,,20,,,,,,0,,,,,,,,,,,,,,,,,,,,,,,,,,,,
2013-12-11,MJ1321YNG1774A,Hitachi HDS5C3030ALA630,3000592982016,0,,0,,,,,,,,27,,,,,,20732,,,,,,,,,,,,,,,,,,,,,,,,,,,,,,21,,,,,,0,,,,,,,,,,,,,,,,,,,,,,,,,,,,
2013-12-11,Z3005400,ST4000DM000,4000787030016,0,,123369392,,,,,,,,0,,,,,,5420,,,,,,,,,,,,,,,,,,,,,,,,,,,,,,23,,,,,,0,,,,,,,,,,,,,,,,,,,,,,,,,,,,
2013-12-11,JK11A8B9J3KG3F,Hitachi HDS722020ALA330,2000398934016,0,,0,,,,,,,,0,,,,,,23577,,,,,,,,,,,,,,,,,,,,,,,,,,,,,,28,,,,,,0,,,,,,,,,,,,,,,,,,,,,,,,,,,,
2013-12-11,MJ1311YNG6V1DA,Hitachi HDS5C3030ALA630,3000592982016,0,,0,,,,,,,,0,,,,,,14574,,,,,,,,,,,,,,,,,,,,,,,,,,,,,,22,,,,,,0,,,,,,,,,,,,,,,,,,,,,,,,,,,,
2013-12-11,MJ1313YNG1GGZC,Hitachi HDS5C3030ALA630,3000592982016,0,,0,,,,,,,,0,,,,,,21796,,,,,,,,,,,,,,,,,,,,,,,,,,,,,,26,,,,,,0,,,,,,,,,,,,,,,,,,,,,,,,,,,,
2013-12-11,9VS21L3G,ST31500341AS,1500301910016,0,,157063919,,,,,,,,2,,,,,,38107,,,,,,,,,,,,,,,,,,,,,,,,,,,,,,18,,,,,,0,,,,,,,,,,,,,,,,,,,,,,,,,,,,
2013-12-11,MJ1313YNG1Y9SC,Hitachi HDS5C3030ALA630,3000592982016,0,,0,,,,,,,,0,,,,,,21796,,,,,,,,,,,,,,,,,,,,,,,,,,,,,,24,,,,,,0,,,,,,,,,,,,,,,,,,,,,,,,,,,,
2013-12-11,JK1105B8GGA71X,Hitachi HDS722020ALA330,2000398934016,0,,1,,,,,,,,0,,,,,,27168,,,,,,,,,,,,,,,,,,,,,,,,,,,,,,29,,,,,,0,,,,,,,,,,,,,,,,,,,,,,,,,,,,
2013-12-11,W1F0AQJH,ST3000DM001,3000592982016,0,,114857656,,,,,,,,0,,,,,,14213,,,,,,,,,,,,,,,,,,,,,,,,,,,,,,23,,,,,,0,,,,,,,,,,,,,,,,,,,,,,,,,,,,
2013-12-11,JK11A8B9J8E20F,Hitachi HDS722020ALA330,2000398934016,0,,0,,,,,,,,0,,,,,,26011,,,,,,,,,,,,,,,,,,,,,,,,,,,,,,27,,,,,,0,,,,,,,,,,,,,,,,,,,,,,,,,,,,
2013-12-11,WD-WCAU47301756,WDC WD10EADS,1000204886016,0,,2,,,,,,,,0,,,,,,40627,,,,,,,,,,,,,,,,,,,,,,,,,,,,,,23,,,,,,0,,,,,,,,,,,,,,,,,,,,,,,,,,,,
2013-12-11,W1F1NS0C,ST3000DM001,3000592982016,0,,96626688,,,,,,,,0,,,,,,8020,,,,,,,,,,,,,,,,,,,,,,,,,,,,,,24,,,,,,0,,,,,,,,,,,,,,,,,,,,,,,,,,,,
2013-12-11,Z300PL36,ST4000DM000,4000787030016,0,,105671048,,,,,,,,0,,,,,,1447,,,,,,,,,,,,,,,,,,,,,,,,,,,,,,28,,,,,,0,,,,,,,,,,,,,,,,,,,,,,,,,,,,
2013-12-11,S1F0RRXY,ST3000DM001,3000592982016,0,,70688384,,,,,,,,0,,,,,,10758,,,,,,,,,,,,,,,,,,,,,,,,,,,,,,26,,,,,,0,,,,,,,,,,,,,,,,,,,,,,,,,,,,
2013-12-11,W1F0W9SR,ST3000DM001,3000592982016,0,,38397824,,,,,,,,0,,,,,,10726,,,,,,,,,,,,,,,,,,,,,,,,,,,,,,24,,,,,,8,,,,,,,,,,,,,,,,,,,,,,,,,,,,
2013-12-11,MJ0351YNGA02JA,Hitachi HDS5C3030ALA630,3000592982016,0,,0,,,,,,,,0,,,,,,9913,,,,,,,,,,,,,,,,,,,,,,,,,,,,,,33,,,,,,0,,,,,,,,,,,,,,,,,,,,,,,,,,,,
2013-12-11,WD-WCAWZ1697510,WDC WD30EZRX,3000592982016,0,,15,,,,,,,,0,,,,,,12355,,,,,,,,,,,,,,,,,,,,,,,,,,,,,,23,,,,,,1,,,,,,,,,,,,,,,,,,,,,,,,,,,,
2013-12-11,Z300LTZ7,ST4000DM000,4000787030016,0,,200987568,,,,,,,,0,,,,,,2844,,,,,,,,,,,,,,,,,,,,,,,,,,,,,,26,,,,,,0,,,,,,,,,,,,,,,,,,,,,,,,,,,,
2013-12-11,W3009RDE,ST4000DM000,4000787030016,0,,44829832,,,,,,,,0,,,,,,4167,,,,,,,,,,,,,,,,,,,,,,,,,,,,,,27,,,,,,0,,,,,,,,,,,,,,,,,,,,,,,,,,,,
2013-12-11,S1F135SZ,ST3000DM001,3000592982016,0,,150292128,,,,,,,,0,,,,,,8023,,,,,,,,,,,,,,,,,,,,,,,,,,,,,,23,,,,,,0,,,,,,,,,,,,,,,,,,,,,,,,,,,,
2013-12-11,JK11A8B9J7A7AF,Hitachi HDS722020ALA330,2000398934016,0,,0,,,,,,,,0,,,,,,25541,,,,,,,,,,,,,,,,,,,,,,,,,,,,,,30,,,,,,0,,,,,,,,,,,,,,,,,,,,,,,,,,,,
2013-12-11,W1F0WKVX,ST3000DM001,3000592982016,0,,103191024,,,,,,,,0,,,,,,10836,,,,,,,,,,,,,,,,,,,,,,,,,,,,,,24,,,,,,0,,,,,,,,,,,,,,,,,,,,,,,,,,,,
2013-12-11,MJ1311YNG7KR0A,Hitachi HDS5C3030ALA630,3000592982016,0,,0,,,,,,,,0,,,,,,14624,,,,,,,,,,,,,,,,,,,,,,,,,,,,,,25,,,,,,0,,,,,,,,,,,,,,,,,,,,,,,,,,,,
2013-12-11,S1F06E04,ST3000DM001,3000592982016,0,,13843112,,,,,,,,616,,,,,,13358,,,,,,,,,,,,,,,,,,,,,,,,,,,,,,22,,,,,,0,,,,,,,,,,,,,,,,,,,,,,,,,,,,
2013-12-11,MK0301YHGLYMMA,Hitachi HDS723030ALA640,3000592982016,0,,0,,,,,,,,0,,,,,,17018,,,,,,,,,,,,,,,,,,,,,,,,,,,,,,28,,,,,,0,,,,,,,,,,,,,,,,,,,,,,,,,,,,
2013-12-11,MJ1321YNG0PV7A,Hitachi HDS5C3030ALA630,3000592982016,0,,0,,,,,,,,0,,,,,,20507,,,,,,,,,,,,,,,,,,,,,,,,,,,,,,26,,,,,,0,,,,,,,,,,,,,,,,,,,,,,,,,,,,
2013-12-11,JK11A8B9JPS7AF,Hitachi HDS722020ALA330,2000398934016,0,,0,,,,,,,,0,,,,,,23719,,,,,,,,,,,,,,,,,,,,,,,,,,,,,,26,,,,,,0,,,,,,,,,,,,,,,,,,,,,,,,,,,,
2013-12-11,Z1F0R9TM,ST3000DM001,3000592982016,0,,132356128,,,,,,,,0,,,,,,11753,,,,,,,,,,,,,,,,,,,,,,,,,,,,,,27,,,,,,0,,,,,,,,,,,,,,,,,,,,,,,,,,,,
2013-12-11,JK11A4B8HX79KW,Hitachi HDS722020ALA330,2000398934016,0,,0,,,,,,,,0,,,,,,23488,,,,,,,,,,,,,,,,,,,,,,,,,,,,,,25,,,,,,0,,,,,,,,,,,,,,,,,,,,,,,,,,,,
2013-12-11,Z1F01DPH,ST3000DM001,3000592982016,0,,80099144,,,,,,,,0,,,,,,13424,,,,,,,,,,,,,,,,,,,,,,,,,,,,,,25,,,,,,0,,,,,,,,,,,,,,,,,,,,,,,,,,,,
2013-12-11,W3008QLJ,ST4000DM000,4000787030016,0,,67212496,,,,,,,,0,,,,,,2224,,,,,,,,,,,,,,,,,,,,,,,,,,,,,,22,,,,,,0,,,,,,,,,,,,,,,,,,,,,,,,,,,,
2013-12-11,PL2321LAGART9J,Hitachi HDS5C4040ALE630,4000787030016,0,,0,,,,,,,,0,,,,,,5076,,,,,,,,,,,,,,,,,,,,,,,,,,,,,,24,,,,,,0,,,,,,,,,,,,,,,,,,,,,,,,,,,,
2013-12-11,JK1171YAK1ZB2N,Hitachi HDS722020ALA330,2000398934016,0,,0,,,,,,,,0,,,,,,29912,,,,,,,,,,,,,,,,,,,,,,,,,,,,,,28,,,,,,0,,,,,,,,,,,,,,,,,,,,,,,,,,,,
2013-12-11,S1F0RSZP,ST3000DM001,3000592982016,0,,3507864,,,,,,,,0,,,,,,10538,,,,,,,,,,,,,,,,,,,,,,,,,,,,,,25,,,,,,0,,,,,,,,,,,,,,,,,,,,,,,,,,,,
2013-12-11,W1F0VZBG,ST3000DM001,3000592982016,0,,229623424,,,,,,,,0,,,,,,10838,,,,,,,,,,,,,,,,,,,,,,,,,,,,,,24,,,,,,0,,,,,,,,,,,,,,,,,,,,,,,,,,,,
2013-12-11,MJ1323YNG1R3EC,Hitachi HDS5C3030ALA630,3000592982016,0,,0,,,,,,,,0,,,,,,19372,,,,,,,,,,,,,,,,,,,,,,,,,,,,,,22,,,,,,0,,,,,,,,,,,,,,,,,,,,,,,,,,,,
2013-12-11,JK11A8B9J7GABF,Hitachi HDS722020ALA330,2000398934016,0,,0,,,,,,,,0,,,,,,22695,,,,,,,,,,,,,,,,,,,,,,,,,,,,,,28,,,,,,0,,,,,,,,,,,,,,,,,,,,,,,,,,,,
2013-12-11,S1F0RSZZ,ST3000DM001,3000592982016,0,,88922656,,,,,,,,0,,,,,,10741,,,,,,,,,,,,,,,,,,,,,,,,,,,,,,27,,,,,,0,,,,,,,,,,,,,,,,,,,,,,,,,,,,
2013-12-11,9VS19C7B,ST31500341AS,1500301910016,0,,79496301,,,,,,,,44,,,,,,25729,,,,,,,,,,,,,,,,,,,,,,,,,,,,,,31,,,,,,0,,,,,,,,,,,,,,,,,,,,,,,,,,,,
2013-12-11,W300H064,ST4000DM000,4000787030016,0,,2526992,,,,,,,,0,,,,,,2240,,,,,,,,,,,,,,,,,,,,,,,,,,,,,,21,,,,,,0,,,,,,,,,,,,,,,,,,,,,,,,,,,,
2013-12-11,MJ0351YNG9RLXA,Hitachi HDS5C3030ALA630,3000592982016,0,,0,,,,,,,,0,,,,,,9672,,,,,,,,,,,,,,,,,,,,,,,,,,,,,,28,,,,,,0,,,,,,,,,,,,,,,,,,,,,,,,,,,,
2013-12-11,5XW08RJ7,ST31500541AS,1500301910016,0,,77967793,,,,,,,,0,,,,,,26228,,,,,,,,,,,,,,,,,,,,,,,,,,,,,,16,,,,,,0,,,,,,,,,,,,,,,,,,,,,,,,,,,,
2013-12-11,MJ0351YNG9S3GA,Hitachi HDS5C3030ALA630,3000592982016,0,,0,,,,,,,,0,,,,,,8665,,,,,,,,,,,,,,,,,,,,,,,,,,,,,,28,,,,,,0,,,,,,,,,,,,,,,,,,,,,,,,,,,,
2013-12-11,MK0311YHG4RGRA,Hitachi HDS723030ALA640,3000592982016,0,,65536,,,,,,,,0,,,,,,16734,,,,,,,,,,,,,,,,,,,,,,,,,,,,,,29,,,,,,0,,,,,,,,,,,,,,,,,,,,,,,,,,,,
2013-12-11,MJ0351YNG9XLJA,Hitachi HDS5C3030ALA630,3000592982016,0,,0,,,,,,,,0,,,,,,9191,,,,,,,,,,,,,,,,,,,,,,,,,,,,,,27,,,,,,0,,,,,,,,,,,,,,,,,,,,,,,,,,,,
2013-12-11,JK11A8B9J7W53F,Hitachi HDS722020ALA330,2000398934016,0,,0,,,,,,,,0,,,,,,26028,,,,,,,,,,,,,,,,,,,,,,,,,,,,,,25,,,,,,0,,,,,,,,,,,,,,,,,,,,,,,,,,,,
2013-12-11,JK11A8B9J38XJF,Hitachi HDS722020ALA330,2000398934016,0,,0,,,,,,,,0,,,,,,23710,,,,,,,,,,,,,,,,,,,,,,,,,,,,,,30,,,,,,0,,,,,,,,,,,,,,,,,,,,,,,,,,,,
2013-12-11,JK1105B8HVVGLX,Hitachi HDS722020ALA330,2000398934016,0,,1,,,,,,,,0,,,,,,22695,,,,,,,,,,,,,,,,,,,,,,,,,,,,,,28,,,,,,0,,,,,,,,,,,,,,,,,,,,,,,,,,,,
2013-12-11,S1F0TNC3,ST3000DM001,3000592982016,0,,43533984,,,,,,,,0,,,,,,10835,,,,,,,,,,,,,,,,,,,,,,,,,,,,,,31,,,,,,0,,,,,,,,,,,,,,,,,,,,,,,,,,,,
2013-12-11,S1F0TNC6,ST3000DM001,3000592982016,0,,45648400,,,,,,,,0,,,,,,10501,,,,,,,,,,,,,,,,,,,,,,,,,,,,,,22,,,,,,0,,,,,,,,,,,,,,,,,,,,,,,,,,,,
2013-12-11,MJ0351YNG9SHHA,Hitachi HDS5C3030ALA630,3000592982016,0,,0,,,,,,,,0,,,,,,9274,,,,,,,,,,,,,,,,,,,,,,,,,,,,,,26,,,,,,0,,,,,,,,,,,,,,,,,,,,,,,,,,,,
2013-12-11,W1F0QSR6,ST3000DM001,3000592982016,0,,95341936,,,,,,,,0,,,,,,12616,,,,,,,,,,,,,,,,,,,,,,,,,,,,,,21,,,,,,0,,,,,,,,,,,,,,,,,,,,,,,,,,,,
2013-12-11,JK1130YAGYU8KT,Hitachi HDS722020ALA330,2000398934016,0,,65536,,,,,,,,0,,,,,,20139,,,,,,,,,,,,,,,,,,,,,,,,,,,,,,32,,,,,,0,,,,,,,,,,,,,,,,,,,,,,,,,,,,
2013-12-11,S1F02G5J,ST3000DM001,3000592982016,0,,62109680,,,,,,,,0,,,,,,15623,,,,,,,,,,,,,,,,,,,,,,,,,,,,,,22,,,,,,0,,,,,,,,,,,,,,,,,,,,,,,,,,,,
2013-12-11,W30096S2,ST4000DM000,4000787030016,0,,233605968,,,,,,,,0,,,,,,3238,,,,,,,,,,,,,,,,,,,,,,,,,,,,,,17,,,,,,0,,,,,,,,,,,,,,,,,,,,,,,,,,,,
2013-12-11,Z300LN97,ST4000DM000,4000787030016,0,,172333480,,,,,,,,0,,,,,,2890,,,,,,,,,,,,,,,,,,,,,,,,,,,,,,27,,,,,,0,,,,,,,,,,,,,,,,,,,,,,,,,,,,
2013-12-11,S1F02G5A,ST3000DM001,3000592982016,0,,80924720,,,,,,,,0,,,,,,15224,,,,,,,,,,,,,,,,,,,,,,,,,,,,,,24,,,,,,0,,,,,,,,,,,,,,,,,,,,,,,,,,,,
2013-12-11,WD-WCAU45402894,WDC WD10EADS,1000204886016,0,,72933,,,,,,,,31,,,,,,38961,,,,,,,,,,,,,,,,,,,,,,,,,,,,,,28,,,,,,0,,,,,,,,,,,,,,,,,,,,,,,,,,,,
2013-12-11,S1F05182,ST3000DM001,3000592982016,0,,162241880,,,,,,,,0,,,,,,13346,,,,,,,,,,,,,,,,,,,,,,,,,,,,,,30,,,,,,0,,,,,,,,,,,,,,,,,,,,,,,,,,,,
2013-12-11,Z300PBKN,ST4000DM000,4000787030016,0,,212248808,,,,,,,,0,,,,,,1233,,,,,,,,,,,,,,,,,,,,,,,,,,,,,,20,,,,,,0,,,,,,,,,,,,,,,,,,,,,,,,,,,,
2013-12-11,MJ1311YNG6S22A,Hitachi HDS5C3030ALA630,3000592982016,0,,0,,,,,,,,0,,,,,,19107,,,,,,,,,,,,,,,,,,,,,,,,,,,,,,25,,,,,,0,,,,,,,,,,,,,,,,,,,,,,,,,,,,
2013-12-11,6XW05AWJ,ST31500541AS,1500301910016,0,,234958400,,,,,,,,0,,,,,,36393,,,,,,,,,,,,,,,,,,,,,,,,,,,,,,21,,,,,,0,,,,,,,,,,,,,,,,,,,,,,,,,,,,
2013-12-11,Z300PBKV,ST4000DM000,4000787030016,0,,125399640,,,,,,,,0,,,,,,1142,,,,,,,,,,,,,,,,,,,,,,,,,,,,,,27,,,,,,0,,,,,,,,,,,,,,,,,,,,,,,,,,,,
2013-12-11,JK11A8B9J0LWUF,Hitachi HDS722020ALA330,2000398934016,0,,0,,,,,,,,0,,,,,,26328,,,,,,,,,,,,,,,,,,,,,,,,,,,,,,27,,,,,,0,,,,,,,,,,,,,,,,,,,,,,,,,,,,
2013-12-11,MJ0351YNGA3E0A,Hitachi HDS5C3030ALA630,3000592982016,0,,0,,,,,,,,0,,,,,,8093,,,,,,,,,,,,,,,,,,,,,,,,,,,,,,25,,,,,,0,,,,,,,,,,,,,,,,,,,,,,,,,,,,
2013-12-11,MJ1311YNG3GG0A,Hitachi HDS5C3030ALA630,3000592982016,0,,0,,,,,,,,0,,,,,,18928,,,,,,,,,,,,,,,,,,,,,,,,,,,,,,28,,,,,,0,,,,,,,,,,,,,,,,,,,,,,,,,,,,
2013-12-11,6XW0EDFC,ST31500541AS,1500301910016,0,,234883947,,,,,,,,0,,,,,,32471,,,,,,,,,,,,,,,,,,,,,,,,,,,,,,19,,,,,,0,,,,,,,,,,,,,,,,,,,,,,,,,,,,
2013-12-11,Z300MPVY,ST4000DM000,4000787030016,0,,204179288,,,,,,,,0,,,,,,2920,,,,,,,,,,,,,,,,,,,,,,,,,,,,,,19,,,,,,0,,,,,,,,,,,,,,,,,,,,,,,,,,,,
2013-12-11,PL1311LAG3D55H,Hitachi HDS5C4040ALE630,4000787030016,0,,0,,,,,,,,0,,,,,,5925,,,,,,,,,,,,,,,,,,,,,,,,,,,,,,22,,,,,,0,,,,,,,,,,,,,,,,,,,,,,,,,,,,
2013-12-11,PL1311LAG3G7EH,Hitachi HDS5C4040ALE630,4000787030016,0,,0,,,,,,,,0,,,,,,5125,,,,,,,,,,,,,,,,,,,,,,,,,,,,,,29,,,,,,0,,,,,,,,,,,,,,,,,,,,,,,,,,,,
2013-12-11,WD-WCAU45481825,WDC WD10EADS,1000204886016,0,,6,,,,,,,,0,,,,,,41454,,,,,,,,,,,,,,,,,,,,,,,,,,,,,,28,,,,,,0,,,,,,,,,,,,,,,,,,,,,,,,,,,,
2013-12-11,W1F1CMG4,ST3000DM001,3000592982016,0,,183747128,,,,,,,,0,,,,,,7992,,,,,,,,,,,,,,,,,,,,,,,,,,,,,,14,,,,,,0,,,,,,,,,,,,,,,,,,,,,,,,,,,,
2013-12-11,MJ1321YNG0J51A,Hitachi HDS5C3030ALA630,3000592982016,0,,0,,,,,,,,0,,,,,,20067,,,,,,,,,,,,,,,,,,,,,,,,,,,,,,23,,,,,,0,,,,,,,,,,,,,,,,,,,,,,,,,,,,
2013-12-11,W300B77L,ST4000DM000,4000787030016,0,,36029944,,,,,,,,0,,,,,,1715,,,,,,,,,,,,,,,,,,,,,,,,,,,,,,24,,,,,,0,,,,,,,,,,,,,,,,,,,,,,,,,,,,
2013-12-11,MJ0351YNGA8L0A,Hitachi HDS5C3030ALA630,3000592982016,0,,0,,,,,,,,0,,,,,,8505,,,,,,,,,,,,,,,,,,,,,,,,,,,,,,24,,,,,,0,,,,,,,,,,,,,,,,,,,,,,,,,,,,
2013-12-11,S1F02G57,ST3000DM001,3000592982016,0,,10263968,,,,,,,,0,,,,,,13348,,,,,,,,,,,,,,,,,,,,,,,,,,,,,,29,,,,,,0,,,,,,,,,,,,,,,,,,,,,,,,,,,,
2013-12-11,W300AFAS,ST4000DM000,4000787030016,0,,234021008,,,,,,,,0,,,,,,4134,,,,,,,,,,,,,,,,,,,,,,,,,,,,,,25,,,,,,0,,,,,,,,,,,,,,,,,,,,,,,,,,,,
2013-12-11,JK1174YAK8W48W,Hitachi HDS722020ALA330,2000398934016,0,,0,,,,,,,,0,,,,,,29019,,,,,,,,,,,,,,,,,,,,,,,,,,,,,,25,,,,,,0,,,,,,,,,,,,,,,,,,,,,,,,,,,,
2013-12-11,MK0331YHGRMADA,Hitachi HDS723030ALA640,3000592982016,0,,0,,,,,,,,0,,,,,,17762,,,,,,,,,,,,,,,,,,,,,,,,,,,,,,25,,,,,,0,,,,,,,,,,,,,,,,,,,,,,,,,,,,
2013-12-11,MJ0351YNG9XSLA,Hitachi HDS5C3030ALA630,3000592982016,0,,0,,,,,,,,0,,,,,,9941,,,,,,,,,,,,,,,,,,,,,,,,,,,,,,28,,,,,,0,,,,,,,,,,,,,,,,,,,,,,,,,,,,
2013-12-11,6XW04NEL,ST31500541AS,1500301910016,0,,21561864,,,,,,,,0,,,,,,37281,,,,,,,,,,,,,,,,,,,,,,,,,,,,,,23,,,,,,0,,,,,,,,,,,,,,,,,,,,,,,,,,,,
2013-12-11,JK11A8B9J3AKUF,Hitachi HDS722020ALA330,2000398934016,0,,0,,,,,,,,0,,,,,,24112,,,,,,,,,,,,,,,,,,,,,,,,,,,,,,24,,,,,,0,,,,,,,,,,,,,,,,,,,,,,,,,,,,
2013-12-11,MJ1311YNG25M2A,Hitachi HDS5C3030ALA630,3000592982016,0,,0,,,,,,,,0,,,,,,18362,,,,,,,,,,,,,,,,,,,,,,,,,,,,,,21,,,,,,0,,,,,,,,,,,,,,,,,,,,,,,,,,,,
2013-12-11,6XW04NEG,ST32000542AS,2000398934016,0,,203634352,,,,,,,,0,,,,,,7827,,,,,,,,,,,,,,,,,,,,,,,,,,,,,,25,,,,,,0,,,,,,,,,,,,,,,,,,,,,,,,,,,,
2013-12-11,JK11A8B9J79M3F,Hitachi HDS722020ALA330,2000398934016,0,,65536,,,,,,,,1,,,,,,24911,,,,,,,,,,,,,,,,,,,,,,,,,,,,,,27,,,,,,0,,,,,,,,,,,,,,,,,,,,,,,,,,,,
2013-12-11,5XW05AKR,ST31500541AS,1500301910016,0,,11333897,,,,,,,,0,,,,,,20013,,,,,,,,,,,,,,,,,,,,,,,,,,,,,,18,,,,,,0,,,,,,,,,,,,,,,,,,,,,,,,,,,,
2013-12-11,W1F0Q9K0,ST3000DM001,3000592982016,0,,99092016,,,,,,,,0,,,,,,12617,,,,,,,,,,,,,,,,,,,,,,,,,,,,,,24,,,,,,16,,,,,,,,,,,,,,,,,,,,,,,,,,,,
2013-12-11,MJ1311YNG284HA,Hitachi HDS5C3030ALA630,3000592982016,0,,0,,,,,,,,0,,,,,,2866,,,,,,,,,,,,,,,,,,,,,,,,,,,,,,27,,,,,,0,,,,,,,,,,,,,,,,,,,,,,,,,,,,
2013-12-11,JK11A8B9J1GV2F,Hitachi HDS722020ALA330,2000398934016,0,,0,,,,,,,,0,,,,,,23991,,,,,,,,,,,,,,,,,,,,,,,,,,,,,,25,,,,,,0,,,,,,,,,,,,,,,,,,,,,,,,,,,,
2013-12-11,W300J68Y,ST4000DM000,4000787030016,0,,213732352,,,,,,,,0,,,,,,1703,,,,,,,,,,,,,,,,,,,,,,,,,,,,,,24,,,,,,0,,,,,,,,,,,,,,,,,,,,,,,,,,,,
2013-12-11,5XW0MMEC,ST32000542AS,2000398934016,0,,129591444,,,,,,,,0,,,,,,25215,,,,,,,,,,,,,,,,,,,,,,,,,,,,,,23,,,,,,0,,,,,,,,,,,,,,,,,,,,,,,,,,,,
2013-12-11,MJ1311YNG315SA,Hitachi HDS5C3030ALA630,3000592982016,0,,0,,,,,,,,0,,,,,,18065,,,,,,,,,,,,,,,,,,,,,,,,,,,,,,30,,,,,,0,,,,,,,,,,,,,,,,,,,,,,,,,,,,
2013-12-11,Z300CP75,ST4000DM000,4000787030016,0,,53163912,,,,,,,,0,,,,,,1297,,,,,,,,,,,,,,,,,,,,,,,,,,,,,,20,,,,,,0,,,,,,,,,,,,,,,,,,,,,,,,,,,,
2013-12-11,MJ1311YNG397TA,Hitachi HDS5C3030ALA630,3000592982016,0,,0,,,,,,,,0,,,,,,18041,,,,,,,,,,,,,,,,,,,,,,,,,,,,,,26,,,,,,0,,,,,,,,,,,,,,,,,,,,,,,,,,,,
2013-12-11,Z300MF3J,ST4000DM000,4000787030016,0,,200761384,,,,,,,,0,,,,,,1113,,,,,,,,,,,,,,,,,,,,,,,,,,,,,,21,,,,,,0,,,,,,,,,,,,,,,,,,,,,,,,,,,,
2013-12-11,PL1311LAG1ZJ8A,Hitachi HDS5C4040ALE630,4000787030016,0,,0,,,,,,,,0,,,,,,5186,,,,,,,,,,,,,,,,,,,,,,,,,,,,,,25,,,,,,0,,,,,,,,,,,,,,,,,,,,,,,,,,,,
2013-12-11,MK0331YHGRHERD,Hitachi HDS723030ALA640,3000592982016,0,,0,,,,,,,,0,,,,,,17030,,,,,,,,,,,,,,,,,,,,,,,,,,,,,,31,,,,,,0,,,,,,,,,,,,,,,,,,,,,,,,,,,,
2013-12-11,S1F0AD5Z,ST3000DM001,3000592982016,0,,20517104,,,,,,,,1024,,,,,,12366,,,,,,,,,,,,,,,,,,,,,,,,,,,,,,25,,,,,,0,,,,,,,,,,,,,,,,,,,,,,,,,,,,
2013-12-11,JK1105B8GHWESX,Hitachi HDS722020ALA330,2000398934016,0,,131076,,,,,,,,0,,,,,,27167,,,,,,,,,,,,,,,,,,,,,,,,,,,,,,27,,,,,,1,,,,,,,,,,,,,,,,,,,,,,,,,,,,
2013-12-11,6XW0387V,ST31500541AS,1500301910016,0,,160838246,,,,,,,,0,,,,,,37286,,,,,,,,,,,,,,,,,,,,,,,,,,,,,,23,,,,,,0,,,,,,,,,,,,,,,,,,,,,,,,,,,,
2013-12-11,W1F0P1L7,ST3000DM001,3000592982016,0,,45205624,,,,,,,,0,,,,,,11020,,,,,,,,,,,,,,,,,,,,,,,,,,,,,,20,,,,,,0,,,,,,,,,,,,,,,,,,,,,,,,,,,,
2013-12-11,PL1311LAG1RRAA,Hitachi HDS5C4040ALE630,4000787030016,0,,0,,,,,,,,0,,,,,,7756,,,,,,,,,,,,,,,,,,,,,,,,,,,,,,26,,,,,,0,,,,,,,,,,,,,,,,,,,,,,,,,,,,
2013-12-11,W300BVRK,ST4000DM000,4000787030016,0,,38380536,,,,,,,,0,,,,,,1893,,,,,,,,,,,,,,,,,,,,,,,,,,,,,,25,,,,,,0,,,,,,,,,,,,,,,,,,,,,,,,,,,,
2013-12-11,Z1F0LB7B,ST3000DM001,3000592982016,0,,205295864,,,,,,,,0,,,,,,12180,,,,,,,,,,,,,,,,,,,,,,,,,,,,,,32,,,,,,0,,,,,,,,,,,,,,,,,,,,,,,,,,,,
2013-12-11,PL1321LAG3297H,Hitachi HDS5C4040ALE630,4000787030016,0,,0,,,,,,,,0,,,,,,6568,,,,,,,,,,,,,,,,,,,,,,,,,,,,,,30,,,,,,0,,,,,,,,,,,,,,,,,,,,,,,,,,,,
2013-12-11,MJ0351YNG9VJ3A,Hitachi HDS5C3030ALA630,3000592982016,0,,0,,,,,,,,0,,,,,,9773,,,,,,,,,,,,,,,,,,,,,,,,,,,,,,30,,,,,,0,,,,,,,,,,,,,,,,,,,,,,,,,,,,
2013-12-11,6XW1HZ1G,ST32000542AS,2000398934016,0,,235246873,,,,,,,,0,,,,,,13015,,,,,,,,,,,,,,,,,,,,,,,,,,,,,,21,,,,,,0,,,,,,,,,,,,,,,,,,,,,,,,,,,,
2013-12-11,W1F03C2S,ST3000DM001,3000592982016,0,,226313056,,,,,,,,0,,,,,,15459,,,,,,,,,,,,,,,,,,,,,,,,,,,,,,16,,,,,,0,,,,,,,,,,,,,,,,,,,,,,,,,,,,
2013-12-11,W300J680,ST4000DM000,4000787030016,0,,153458592,,,,,,,,0,,,,,,2222,,,,,,,,,,,,,,,,,,,,,,,,,,,,,,26,,,,,,0,,,,,,,,,,,,,,,,,,,,,,,,,,,,
2013-12-11,MJ0351YNG9ZR3A,Hitachi HDS5C3030ALA630,3000592982016,0,,0,,,,,,,,0,,,,,,9312,,,,,,,,,,,,,,,,,,,,,,,,,,,,,,27,,,,,,0,,,,,,,,,,,,,,,,,,,,,,,,,,,,
2013-12-11,9VS28F16,ST31500341AS,1500301910016,0,,72710115,,,,,,,,60,,,,,,38492,,,,,,,,,,,,,,,,,,,,,,,,,,,,,,19,,,,,,0,,,,,,,,,,,,,,,,,,,,,,,,,,,,
2013-12-11,Z300PMFY,ST4000DM000,4000787030016,0,,157252056,,,,,,,,0,,,,,,1233,,,,,,,,,,,,,,,,,,,,,,,,,,,,,,18,,,,,,0,,,,,,,,,,,,,,,,,,,,,,,,,,,,
2013-12-11,W300BDP6,ST4000DM000,4000787030016,0,,128084480,,,,,,,,0,,,,,,4291,,,,,,,,,,,,,,,,,,,,,,,,,,,,,,22,,,,,,0,,,,,,,,,,,,,,,,,,,,,,,,,,,,
2013-12-11,MJ1321YNG0SJ8A,Hitachi HDS5C3030ALA630,3000592982016,0,,0,,,,,,,,0,,,,,,20512,,,,,,,,,,,,,,,,,,,,,,,,,,,,,,22,,,,,,0,,,,,,,,,,,,,,,,,,,,,,,,,,,,
2013-12-11,MJ1311YNG3E7YA,Hitachi HDS5C3030ALA630,3000592982016,0,,0,,,,,,,,0,,,,,,19588,,,,,,,,,,,,,,,,,,,,,,,,,,,,,,29,,,,,,0,,,,,,,,,,,,,,,,,,,,,,,,,,,,
2013-12-11,9VS3HT03,ST31500341AS,1500301910016,0,,40389232,,,,,,,,10,,,,,,32917,,,,,,,,,,,,,,,,,,,,,,,,,,,,,,25,,,,,,0,,,,,,,,,,,,,,,,,,,,,,,,,,,,
2013-12-11,W300D6SJ,ST4000DM000,4000787030016,0,,3998688,,,,,,,,0,,,,,,4290,,,,,,,,,,,,,,,,,,,,,,,,,,,,,,23,,,,,,0,,,,,,,,,,,,,,,,,,,,,,,,,,,,
2013-12-11,JK1101YAK8S9YV,Hitachi HDS722020ALA330,2000398934016,0,,1,,,,,,,,2,,,,,,29212,,,,,,,,,,,,,,,,,,,,,,,,,,,,,,29,,,,,,0,,,,,,,,,,,,,,,,,,,,,,,,,,,,
2013-12-11,MJ0351YNGA8RYA,Hitachi HDS5C3030ALA630,3000592982016,0,,0,,,,,,,,0,,,,,,8617,,,,,,,,,,,,,,,,,,,,,,,,,,,,,,27,,,,,,0,,,,,,,,,,,,,,,,,,,,,,,,,,,,
2013-12-11,MJ1311YNG398BA,Hitachi HDS5C3030ALA630,3000592982016,0,,0,,,,,,,,0,,,,,,19310,,,,,,,,,,,,,,,,,,,,,,,,,,,,,,27,,,,,,0,,,,,,,,,,,,,,,,,,,,,,,,,,,,
2013-12-11,Z1Z03PWN,ST4000DX000,4000787030016,0,,229771151,,,,,,,,0,,,,,,5077,,,,,,,,,,,,,,,,,,,,,,,,,,,,,,34,,,,,,0,,,,,,,,,,,,,,,,,,,,,,,,,,,,
2013-12-11,MJ0351YNG9WRYA,Hitachi HDS5C3030ALA630,3000592982016,0,,0,,,,,,,,0,,,,,,9483,,,,,,,,,,,,,,,,,,,,,,,,,,,,,,28,,,,,,0,,,,,,,,,,,,,,,,,,,,,,,,,,,,
2013-12-11,PL2311LAG1EDUC,Hitachi HDS5C4040ALE630,4000787030016,0,,0,,,,,,,,0,,,,,,7414,,,,,,,,,,,,,,,,,,,,,,,,,,,,,,20,,,,,,0,,,,,,,,,,,,,,,,,,,,,,,,,,,,
2013-12-11,WD-WMC1T1610049,WDC WD30EFRX,3000592982016,0,,0,,,,,,,,0,,,,,,7708,,,,,,,,,,,,,,,,,,,,,,,,,,,,,,28,,,,,,0,,,,,,,,,,,,,,,,,,,,,,,,,,,,
2013-12-11,MJ0351YNGA3ZJA,Hitachi HDS5C3030ALA630,3000592982016,0,,0,,,,,,,,0,,,,,,9311,,,,,,,,,,,,,,,,,,,,,,,,,,,,,,31,,,,,,0,,,,,,,,,,,,,,,,,,,,,,,,,,,,
2013-12-11,MJ1311YNG30NNA,Hitachi HDS5C3030ALA630,3000592982016,0,,0,,,,,,,,0,,,,,,18406,,,,,,,,,,,,,,,,,,,,,,,,,,,,,,24,,,,,,0,,,,,,,,,,,,,,,,,,,,,,,,,,,,
2013-12-11,MJ0351YNG9UZYA,Hitachi HDS5C3030ALA630,3000592982016,0,,0,,,,,,,,0,,,,,,9671,,,,,,,,,,,,,,,,,,,,,,,,,,,,,,30,,,,,,0,,,,,,,,,,,,,,,,,,,,,,,,,,,,
2013-12-11,W300J35W,ST4000DM000,4000787030016,0,,117633280,,,,,,,,0,,,,,,920,,,,,,,,,,,,,,,,,,,,,,,,,,,,,,22,,,,,,0,,,,,,,,,,,,,,,,,,,,,,,,,,,,
2013-12-11,W300J35Q,ST4000DM000,4000787030016,0,,132538536,,,,,,,,0,,,,,,919,,,,,,,,,,,,,,,,,,,,,,,,,,,,,,21,,,,,,0,,,,,,,,,,,,,,,,,,,,,,,,,,,,
2013-12-11,W300D6S3,ST4000DM000,4000787030016,0,,187022880,,,,,,,,0,,,,,,4140,,,,,,,,,,,,,,,,,,,,,,,,,,,,,,22,,,,,,0,,,,,,,,,,,,,,,,,,,,,,,,,,,,
2013-12-11,MJ1311YNG73G1A,Hitachi HDS5C3030ALA630,3000592982016,0,,0,,,,,,,,0,,,,,,14621,,,,,,,,,,,,,,,,,,,,,,,,,,,,,,21,,,,,,0,,,,,,,,,,,,,,,,,,,,,,,,,,,,
2013-12-11,MJ1311YNG30B7A,Hitachi HDS5C3030ALA630,3000592982016,0,,0,,,,,,,,0,,,,,,18405,,,,,,,,,,,,,,,,,,,,,,,,,,,,,,21,,,,,,0,,,,,,,,,,,,,,,,,,,,,,,,,,,,
2013-12-11,WD-WCAU45694759,WDC WD10EADS,1000204886016,0,,0,,,,,,,,0,,,,,,41772,,,,,,,,,,,,,,,,,,,,,,,,,,,,,,27,,,,,,0,,,,,,,,,,,,,,,,,,,,,,,,,,,,
2013-12-11,PL1321LAG35M3H,Hitachi HDS5C4040ALE630,4000787030016,0,,0,,,,,,,,0,,,,,,6568,,,,,,,,,,,,,,,,,,,,,,,,,,,,,,30,,,,,,0,,,,,,,,,,,,,,,,,,,,,,,,,,,,
2013-12-11,MJ1311YNG7AUNA,Hitachi HDS5C3030ALA630,3000592982016,0,,0,,,,,,,,0,,,,,,14290,,,,,,,,,,,,,,,,,,,,,,,,,,,,,,31,,,,,,0,,,,,,,,,,,,,,,,,,,,,,,,,,,,
2013-12-11,S1F034LK,ST3000DM001,3000592982016,0,,142303384,,,,,,,,0,,,,,,15401,,,,,,,,,,,,,,,,,,,,,,,,,,,,,,22,,,,,,8,,,,,,,,,,,,,,,,,,,,,,,,,,,,
2013-12-11,JK1104B8JPA60W,Hitachi HDS722020ALA330,2000398934016,0,,0,,,,,,,,0,,,,,,23992,,,,,,,,,,,,,,,,,,,,,,,,,,,,,,30,,,,,,0,,,,,,,,,,,,,,,,,,,,,,,,,,,,
2013-12-11,W300AZ63,ST4000DM000,4000787030016,0,,61913880,,,,,,,,0,,,,,,2177,,,,,,,,,,,,,,,,,,,,,,,,,,,,,,21,,,,,,0,,,,,,,,,,,,,,,,,,,,,,,,,,,,
2013-12-11,6XW02FE7,ST31500541AS,1500301910016,0,,205393414,,,,,,,,0,,,,,,36375,,,,,,,,,,,,,,,,,,,,,,,,,,,,,,21,,,,,,0,,,,,,,,,,,,,,,,,,,,,,,,,,,,
2013-12-11,W1F0TK8P,ST3000DM001,3000592982016,0,,243353920,,,,,,,,0,,,,,,11639,,,,,,,,,,,,,,,,,,,,,,,,,,,,,,25,,,,,,0,,,,,,,,,,,,,,,,,,,,,,,,,,,,
2013-12-11,9XW0325J,ST31500541AS,1500301910016,0,,242470517,,,,,,,,0,,,,,,33002,,,,,,,,,,,,,,,,,,,,,,,,,,,,,,26,,,,,,0,,,,,,,,,,,,,,,,,,,,,,,,,,,,
2013-12-11,JK1105B8G7SA1X,Hitachi HDS722020ALA330,2000398934016,0,,0,,,,,,,,0,,,,,,27221,,,,,,,,,,,,,,,,,,,,,,,,,,,,,,31,,,,,,0,,,,,,,,,,,,,,,,,,,,,,,,,,,,
2013-12-11,MJ1311YNG7LRAA,Hitachi HDS5C3030ALA630,3000592982016,0,,0,,,,,,,,0,,,,,,14290,,,,,,,,,,,,,,,,,,,,,,,,,,,,,,30,,,,,,0,,,,,,,,,,,,,,,,,,,,,,,,,,,,
2013-12-11,Z300JEGP,ST4000DM000,4000787030016,0,,214536808,,,,,,,,0,,,,,,1447,,,,,,,,,,,,,,,,,,,,,,,,,,,,,,27,,,,,,0,,,,,,,,,,,,,,,,,,,,,,,,,,,,
2013-12-11,JK11A8B9J2TRXR,Hitachi HDS722020ALA330,2000398934016,0,,0,,,,,,,,0,,,,,,24428,,,,,,,,,,,,,,,,,,,,,,,,,,,,,,26,,,,,,0,,,,,,,,,,,,,,,,,,,,,,,,,,,,
2013-12-11,JK11A8B9GNLABF,Hitachi HDS722020ALA330,2000398934016,0,,0,,,,,,,,0,,,,,,26328,,,,,,,,,,,,,,,,,,,,,,,,,,,,,,27,,,,,,0,,,,,,,,,,,,,,,,,,,,,,,,,,,,
2013-12-11,MJ0351YNGA87DA,Hitachi HDS5C3030ALA630,3000592982016,0,,0,,,,,,,,0,,,,,,9233,,,,,,,,,,,,,,,,,,,,,,,,,,,,,,21,,,,,,0,,,,,,,,,,,,,,,,,,,,,,,,,,,,
2013-12-11,S1F12ZQB,ST3000DM001,3000592982016,0,,98460864,,,,,,,,0,,,,,,8128,,,,,,,,,,,,,,,,,,,,,,,,,,,,,,26,,,,,,0,,,,,,,,,,,,,,,,,,,,,,,,,,,,
2013-12-11,MK0301YHGMJX5D,Hitachi HDS723030ALA640,3000592982016,0,,0,,,,,,,,0,,,,,,16734,,,,,,,,,,,,,,,,,,,,,,,,,,,,,,30,,,,,,0,,,,,,,,,,,,,,,,,,,,,,,,,,,,
2013-12-11,S1F12ZQN,ST3000DM001,3000592982016,0,,56589856,,,,,,,,0,,,,,,7994,,,,,,,,,,,,,,,,,,,,,,,,,,,,,,22,,,,,,0,,,,,,,,,,,,,,,,,,,,,,,,,,,,
2013-12-11,6XW03QJT,ST31500541AS,1500301910016,0,,36969293,,,,,,,,0,,,,,,36442,,,,,,,,,,,,,,,,,,,,,,,,,,,,,,19,,,,,,0,,,,,,,,,,,,,,,,,,,,,,,,,,,,
2013-12-11,WD-WCAWZ1327463,WDC WD30EZRX,3000592982016,0,,0,,,,,,,,0,,,,,,18021,,,,,,,,,,,,,,,,,,,,,,,,,,,,,,21,,,,,,0,,,,,,,,,,,,,,,,,,,,,,,,,,,,
2013-12-11,MJ0351YNG9WP6A,Hitachi HDS5C3030ALA630,3000592982016,0,,0,,,,,,,,0,,,,,,9525,,,,,,,,,,,,,,,,,,,,,,,,,,,,,,33,,,,,,0,,,,,,,,,,,,,,,,,,,,,,,,,,,,
2013-12-11,MJ1313YNG22UKC,Hitachi HDS5C3030ALA630,3000592982016,0,,54461036,,,,,,,,0,,,,,,7394,,,,,,,,,,,,,,,,,,,,,,,,,,,,,,25,,,,,,0,,,,,,,,,,,,,,,,,,,,,,,,,,,,
2013-12-11,MK0311YHG2V8UA,Hitachi HDS723030ALA640,3000592982016,0,,0,,,,,,,,0,,,,,,22347,,,,,,,,,,,,,,,,,,,,,,,,,,,,,,23,,,,,,0,,,,,,,,,,,,,,,,,,,,,,,,,,,,
2013-12-11,Z30041ZN,ST4000DM000,4000787030016,0,,68558544,,,,,,,,0,,,,,,2324,,,,,,,,,,,,,,,,,,,,,,,,,,,,,,23,,,,,,0,,,,,,,,,,,,,,,,,,,,,,,,,,,,
2013-12-11,W300B2SZ,ST4000DM000,4000787030016,0,,20559104,,,,,,,,0,,,,,,4189,,,,,,,,,,,,,,,,,,,,,,,,,,,,,,26,,,,,,0,,,,,,,,,,,,,,,,,,,,,,,,,,,,
2013-12-11,S1F0KGFL,ST3000DM001,3000592982016,0,,93728096,,,,,,,,0,,,,,,10728,,,,,,,,,,,,,,,,,,,,,,,,,,,,,,28,,,,,,0,,,,,,,,,,,,,,,,,,,,,,,,,,,,
2013-12-11,W300B2SG,ST4000DM000,4000787030016,0,,177735376,,,,,,,,0,,,,,,4190,,,,,,,,,,,,,,,,,,,,,,,,,,,,,,23,,,,,,0,,,,,,,,,,,,,,,,,,,,,,,,,,,,
2013-12-11,6XW01RT0,ST31500541AS,1500301910016,0,,168266083,,,,,,,,0,,,,,,36070,,,,,,,,,,,,,,,,,,,,,,,,,,,,,,18,,,,,,0,,,,,,,,,,,,,,,,,,,,,,,,,,,,
2013-12-11,W1F034AP,ST3000DM001,3000592982016,0,,7967552,,,,,,,,0,,,,,,13887,,,,,,,,,,,,,,,,,,,,,,,,,,,,,,26,,,,,,0,,,,,,,,,,,,,,,,,,,,,,,,,,,,
2013-12-11,JK11A8B9J993PF,Hitachi HDS722020ALA330,2000398934016,0,,0,,,,,,,,0,,,,,,25580,,,,,,,,,,,,,,,,,,,,,,,,,,,,,,27,,,,,,0,,,,,,,,,,,,,,,,,,,,,,,,,,,,
2013-12-11,Z300KEG2,ST4000DM000,4000787030016,0,,101264288,,,,,,,,0,,,,,,105,,,,,,,,,,,,,,,,,,,,,,,,,,,,,,22,,,,,,0,,,,,,,,,,,,,,,,,,,,,,,,,,,,
2013-12-11,PL1321LAG36EJH,Hitachi HDS5C4040ALE630,4000787030016,0,,0,,,,,,,,0,,,,,,6654,,,,,,,,,,,,,,,,,,,,,,,,,,,,,,18,,,,,,0,,,,,,,,,,,,,,,,,,,,,,,,,,,,
2013-12-11,JK11A8B9J0LT2F,Hitachi HDS722020ALA330,2000398934016,0,,0,,,,,,,,0,,,,,,23709,,,,,,,,,,,,,,,,,,,,,,,,,,,,,,24,,,,,,0,,,,,,,,,,,,,,,,,,,,,,,,,,,,
2013-12-11,JK1101B9JN5A7T,Hitachi HDS722020ALA330,2000398934016,0,,1,,,,,,,,0,,,,,,23586,,,,,,,,,,,,,,,,,,,,,,,,,,,,,,32,,,,,,0,,,,,,,,,,,,,,,,,,,,,,,,,,,,
2013-12-11,JK1101B9KNMZ4F,Hitachi HDS722020ALA330,2000398934016,0,,0,,,,,,,,0,,,,,,23100,,,,,,,,,,,,,,,,,,,,,,,,,,,,,,27,,,,,,0,,,,,,,,,,,,,,,,,,,,,,,,,,,,
2013-12-11,PL1321LAGAYPJH,Hitachi HDS5C4040ALE630,4000787030016,0,,0,,,,,,,,0,,,,,,5077,,,,,,,,,,,,,,,,,,,,,,,,,,,,,,24,,,,,,0,,,,,,,,,,,,,,,,,,,,,,,,,,,,
2013-12-11,JK1101B9KNR9MF,Hitachi HDS722020ALA330,2000398934016,0,,0,,,,,,,,0,,,,,,23125,,,,,,,,,,,,,,,,,,,,,,,,,,,,,,36,,,,,,0,,,,,,,,,,,,,,,,,,,,,,,,,,,,
2013-12-11,WD-WCAWZ0505493,WDC WD30EZRX,3000592982016,0,,6,,,,,,,,0,,,,,,15834,,,,,,,,,,,,,,,,,,,,,,,,,,,,,,23,,,,,,104,,,,,,,,,,,,,,,,,,,,,,,,,,,,
2013-12-11,WD-WCAWZ0505494,WDC WD30EZRX,3000592982016,0,,0,,,,,,,,0,,,,,,16126,,,,,,,,,,,,,,,,,,,,,,,,,,,,,,24,,,,,,0,,,,,,,,,,,,,,,,,,,,,,,,,,,,
2013-12-11,MK0331YHGDL5PA,Hitachi HDS723030ALA640,3000592982016,0,,0,,,,,,,,0,,,,,,9722,,,,,,,,,,,,,,,,,,,,,,,,,,,,,,27,,,,,,0,,,,,,,,,,,,,,,,,,,,,,,,,,,,
2013-12-11,Z300HM1N,ST4000DM000,4000787030016,0,,181093952,,,,,,,,0,,,,,,2900,,,,,,,,,,,,,,,,,,,,,,,,,,,,,,25,,,,,,0,,,,,,,,,,,,,,,,,,,,,,,,,,,,
2013-12-11,MJ1323YNG1PWZC,Hitachi HDS5C3030ALA630,3000592982016,0,,0,,,,,,,,0,,,,,,19372,,,,,,,,,,,,,,,,,,,,,,,,,,,,,,26,,,,,,0,,,,,,,,,,,,,,,,,,,,,,,,,,,,
2013-12-11,JK11A8B9J0MAGF,Hitachi HDS722020ALA330,2000398934016,0,,0,,,,,,,,0,,,,,,26328,,,,,,,,,,,,,,,,,,,,,,,,,,,,,,27,,,,,,0,,,,,,,,,,,,,,,,,,,,,,,,,,,,
2013-12-11,PL2311LAG1UNLC,Hitachi HDS5C4040ALE630,4000787030016,0,,0,,,,,,,,0,,,,,,6074,,,,,,,,,,,,,,,,,,,,,,,,,,,,,,17,,,,,,0,,,,,,,,,,,,,,,,,,,,,,,,,,,,
2013-12-11,PL1311LAG3E9RH,Hitachi HDS5C4040ALE630,4000787030016,0,,0,,,,,,,,0,,,,,,5302,,,,,,,,,,,,,,,,,,,,,,,,,,,,,,28,,,,,,0,,,,,,,,,,,,,,,,,,,,,,,,,,,,
2013-12-11,JK1105B8GED3JX,Hitachi HDS722020ALA330,2000398934016,0,,0,,,,,,,,0,,,,,,26858,,,,,,,,,,,,,,,,,,,,,,,,,,,,,,27,,,,,,0,,,,,,,,,,,,,,,,,,,,,,,,,,,,
2013-12-11,JK11A8B9J7X0TF,Hitachi HDS722020ALA330,2000398934016,0,,0,,,,,,,,0,,,,,,24914,,,,,,,,,,,,,,,,,,,,,,,,,,,,,,26,,,,,,0,,,,,,,,,,,,,,,,,,,,,,,,,,,,
2013-12-11,W1F0TAEP,ST3000DM001,3000592982016,0,,14149680,,,,,,,,0,,,,,,9269,,,,,,,,,,,,,,,,,,,,,,,,,,,,,,26,,,,,,0,,,,,,,,,,,,,,,,,,,,,,,,,,,,
2013-12-11,S1F0S7DN,ST3000DM001,3000592982016,0,,31005064,,,,,,,,0,,,,,,10726,,,,,,,,,,,,,,,,,,,,,,,,,,,,,,22,,,,,,0,,,,,,,,,,,,,,,,,,,,,,,,,,,,
2013-12-11,W1F0VC83,ST3000DM001,3000592982016,0,,211403624,,,,,,,,0,,,,,,11686,,,,,,,,,,,,,,,,,,,,,,,,,,,,,,24,,,,,,0,,,,,,,,,,,,,,,,,,,,,,,,,,,,
2013-12-11,MJ1311YNG388XA,Hitachi HDS5C3030ALA630,3000592982016,0,,0,,,,,,,,0,,,,,,19253,,,,,,,,,,,,,,,,,,,,,,,,,,,,,,26,,,,,,0,,,,,,,,,,,,,,,,,,,,,,,,,,,,
2013-12-11,Z300GPHY,ST4000DM000,4000787030016,0,,193848856,,,,,,,,0,,,,,,3582,,,,,,,,,,,,,,,,,,,,,,,,,,,,,,22,,,,,,0,,,,,,,,,,,,,,,,,,,,,,,,,,,,
2013-12-11,S1F052RK,ST3000DM001,3000592982016,0,,144994792,,,,,,,,0,,,,,,13881,,,,,,,,,,,,,,,,,,,,,,,,,,,,,,24,,,,,,0,,,,,,,,,,,,,,,,,,,,,,,,,,,,
2013-12-11,Z300GPHP,ST4000DM000,4000787030016,0,,139645152,,,,,,,,0,,,,,,3361,,,,,,,,,,,,,,,,,,,,,,,,,,,,,,21,,,,,,0,,,,,,,,,,,,,,,,,,,,,,,,,,,,
2013-12-11,MJ0351YNG9Z01A,Hitachi HDS5C3030ALA630,3000592982016,0,,0,,,,,,,,0,,,,,,7975,,,,,,,,,,,,,,,,,,,,,,,,,,,,,,26,,,,,,0,,,,,,,,,,,,,,,,,,,,,,,,,,,,
2013-12-11,Z300GPHT,ST4000DM000,4000787030016,0,,122346584,,,,,,,,0,,,,,,3584,,,,,,,,,,,,,,,,,,,,,,,,,,,,,,22,,,,,,0,,,,,,,,,,,,,,,,,,,,,,,,,,,,
2013-12-11,Z300GPHV,ST4000DM000,4000787030016,0,,86280584,,,,,,,,0,,,,,,3580,,,,,,,,,,,,,,,,,,,,,,,,,,,,,,22,,,,,,0,,,,,,,,,,,,,,,,,,,,,,,,,,,,
2013-12-11,Z300THM5,ST4000DM000,4000787030016,0,,23078488,,,,,,,,0,,,,,,944,,,,,,,,,,,,,,,,,,,,,,,,,,,,,,25,,,,,,0,,,,,,,,,,,,,,,,,,,,,,,,,,,,
2013-12-11,PL1331LAG5GVKH,HGST HMS5C4040ALE640,4000787030016,0,,0,,,,,,,,0,,,,,,9402,,,,,,,,,,,,,,,,,,,,,,,,,,,,,,31,,,,,,0,,,,,,,,,,,,,,,,,,,,,,,,,,,,
2013-12-11,Z300GPHJ,ST4000DM000,4000787030016,0,,28583256,,,,,,,,0,,,,,,3582,,,,,,,,,,,,,,,,,,,,,,,,,,,,,,22,,,,,,0,,,,,,,,,,,,,,,,,,,,,,,,,,,,
2013-12-11,Z300GPHM,ST4000DM000,4000787030016,0,,9672152,,,,,,,,0,,,,,,3583,,,,,,,,,,,,,,,,,,,,,,,,,,,,,,21,,,,,,0,,,,,,,,,,,,,,,,,,,,,,,,,,,,
2013-12-11,JK11A8YBKYST0F,Hitachi HDS722020ALA330,2000398934016,0,,0,,,,,,,,0,,,,,,27871,,,,,,,,,,,,,,,,,,,,,,,,,,,,,,26,,,,,,0,,,,,,,,,,,,,,,,,,,,,,,,,,,,
2013-12-11,Z300GPHF,ST4000DM000,4000787030016,0,,209962064,,,,,,,,0,,,,,,3588,,,,,,,,,,,,,,,,,,,,,,,,,,,,,,23,,,,,,0,,,,,,,,,,,,,,,,,,,,,,,,,,,,
2013-12-11,6XW0C879,ST32000542AS,2000398934016,0,,158665544,,,,,,,,0,,,,,,10710,,,,,,,,,,,,,,,,,,,,,,,,,,,,,,23,,,,,,0,,,,,,,,,,,,,,,,,,,,,,,,,,,,
2013-12-11,6XW13X5H,ST31500541AS,1500301910016,0,,24450293,,,,,,,,0,,,,,,10100,,,,,,,,,,,,,,,,,,,,,,,,,,,,,,24,,,,,,0,,,,,,,,,,,,,,,,,,,,,,,,,,,,
2013-12-11,S1F0B30K,ST3000DM001,3000592982016,0,,12094256,,,,,,,,1016,,,,,,12842,,,,,,,,,,,,,,,,,,,,,,,,,,,,,,23,,,,,,0,,,,,,,,,,,,,,,,,,,,,,,,,,,,
2013-12-11,PL1311LAG28GXH,Hitachi HDS5C4040ALE630,4000787030016,0,,0,,,,,,,,0,,,,,,7437,,,,,,,,,,,,,,,,,,,,,,,,,,,,,,24,,,,,,0,,,,,,,,,,,,,,,,,,,,,,,,,,,,
2013-12-11,S1F02BMC,ST3000DM001,3000592982016,0,,53001696,,,,,,,,0,,,,,,13360,,,,,,,,,,,,,,,,,,,,,,,,,,,,,,24,,,,,,0,,,,,,,,,,,,,,,,,,,,,,,,,,,,
2013-12-11,MJ1321YNG1AWGA,Hitachi HDS5C3030ALA630,3000592982016,0,,0,,,,,,,,0,,,,,,18594,,,,,,,,,,,,,,,,,,,,,,,,,,,,,,22,,,,,,0,,,,,,,,,,,,,,,,,,,,,,,,,,,,
2013-12-11,PL1321LAGAXTAH,Hitachi HDS5C4040ALE630,4000787030016,0,,0,,,,,,,,0,,,,,,5064,,,,,,,,,,,,,,,,,,,,,,,,,,,,,,30,,,,,,0,,,,,,,,,,,,,,,,,,,,,,,,,,,,
2013-12-11,WD-WMC4N1045428,WDC WD30EFRX,3000592982016,0,,0,,,,,,,,0,,,,,,157,,,,,,,,,,,,,,,,,,,,,,,,,,,,,,25,,,,,,0,,,,,,,,,,,,,,,,,,,,,,,,,,,,
2013-12-11,Z300FRV0,ST4000DM000,4000787030016,0,,138821224,,,,,,,,0,,,,,,3584,,,,,,,,,,,,,,,,,,,,,,,,,,,,,,24,,,,,,0,,,,,,,,,,,,,,,,,,,,,,,,,,,,
2013-12-11,S1F0RSAE,ST3000DM001,3000592982016,0,,60757728,,,,,,,,0,,,,,,10501,,,,,,,,,,,,,,,,,,,,,,,,,,,,,,24,,,,,,0,,,,,,,,,,,,,,,,,,,,,,,,,,,,
2013-12-11,6XW03D55,ST31500541AS,1500301910016,0,,54351917,,,,,,,,0,,,,,,36069,,,,,,,,,,,,,,,,,,,,,,,,,,,,,,20,,,,,,0,,,,,,,,,,,,,,,,,,,,,,,,,,,,
2013-12-11,WD-WCAWZ2106658,WDC WD30EZRX,3000592982016,0,,0,,,,,,,,0,,,,,,438,,,,,,,,,,,,,,,,,,,,,,,,,,,,,,22,,,,,,0,,,,,,,,,,,,,,,,,,,,,,,,,,,,
2013-12-11,PL1311LAG2B6MH,Hitachi HDS5C4040ALE630,4000787030016,0,,0,,,,,,,,0,,,,,,7402,,,,,,,,,,,,,,,,,,,,,,,,,,,,,,29,,,,,,0,,,,,,,,,,,,,,,,,,,,,,,,,,,,
2013-12-11,6XW0J6DC,ST31500541AS,1500301910016,0,,112936391,,,,,,,,0,,,,,,13292,,,,,,,,,,,,,,,,,,,,,,,,,,,,,,22,,,,,,0,,,,,,,,,,,,,,,,,,,,,,,,,,,,
2013-12-11,MK0331YHGLXL8A,Hitachi HDS723030ALA640,3000592982016,0,,0,,,,,,,,7,,,,,,17356,,,,,,,,,,,,,,,,,,,,,,,,,,,,,,20,,,,,,0,,,,,,,,,,,,,,,,,,,,,,,,,,,,
2013-12-11,S1F029NX,ST3000DM001,3000592982016,0,,62890584,,,,,,,,0,,,,,,15481,,,,,,,,,,,,,,,,,,,,,,,,,,,,,,24,,,,,,8,,,,,,,,,,,,,,,,,,,,,,,,,,,,
2013-12-11,S1F0RSAZ,ST3000DM001,3000592982016,0,,204526712,,,,,,,,0,,,,,,10837,,,,,,,,,,,,,,,,,,,,,,,,,,,,,,25,,,,,,0,,,,,,,,,,,,,,,,,,,,,,,,,,,,
2013-12-11,MS79215X09785G,Hitachi HDS723030BLE640,3000592982016,0,,0,,,,,,,,0,,,,,,2691,,,,,,,,,,,,,,,,,,,,,,,,,,,,,,26,,,,,,0,,,,,,,,,,,,,,,,,,,,,,,,,,,,
2013-12-11,Z300GPH6,ST4000DM000,4000787030016,0,,233370952,,,,,,,,0,,,,,,3345,,,,,,,,,,,,,,,,,,,,,,,,,,,,,,18,,,,,,0,,,,,,,,,,,,,,,,,,,,,,,,,,,,
2013-12-11,S1F10GDQ,ST3000DM001,3000592982016,0,,58006096,,,,,,,,0,,,,,,7994,,,,,,,,,,,,,,,,,,,,,,,,,,,,,,20,,,,,,0,,,,,,,,,,,,,,,,,,,,,,,,,,,,
2013-12-11,W1F0RTKP,ST3000DM001,3000592982016,0,,240302712,,,,,,,,0,,,,,,10838,,,,,,,,,,,,,,,,,,,,,,,,,,,,,,27,,,,,,0,,,,,,,,,,,,,,,,,,,,,,,,,,,,
2013-12-11,9VS3HAXG,ST31500341AS,1500301910016,0,,96500559,,,,,,,,44,,,,,,32746,,,,,,,,,,,,,,,,,,,,,,,,,,,,,,29,,,,,,0,,,,,,,,,,,,,,,,,,,,,,,,,,,,
2013-12-11,W1F0W6BD,ST3000DM001,3000592982016,0,,43270096,,,,,,,,0,,,,,,11621,,,,,,,,,,,,,,,,,,,,,,,,,,,,,,22,,,,,,0,,,,,,,,,,,,,,,,,,,,,,,,,,,,
2013-12-11,JK11A8B9J35V2F,Hitachi HDS722020ALA330,2000398934016,0,,0,,,,,,,,0,,,,,,23829,,,,,,,,,,,,,,,,,,,,,,,,,,,,,,25,,,,,,0,,,,,,,,,,,,,,,,,,,,,,,,,,,,
2013-12-11,W1F0AMYN,ST3000DM001,3000592982016,0,,158718872,,,,,,,,176,,,,,,13888,,,,,,,,,,,,,,,,,,,,,,,,,,,,,,22,,,,,,0,,,,,,,,,,,,,,,,,,,,,,,,,,,,
2013-12-11,9VS3JZTZ,ST31500341AS,1500301910016,0,,239028076,,,,,,,,374,,,,,,31170,,,,,,,,,,,,,,,,,,,,,,,,,,,,,,28,,,,,,0,,,,,,,,,,,,,,,,,,,,,,,,,,,,
2013-12-11,S1F11ETS,ST3000DM001,3000592982016,0,,185335144,,,,,,,,0,,,,,,8650,,,,,,,,,,,,,,,,,,,,,,,,,,,,,,26,,,,,,0,,,,,,,,,,,,,,,,,,,,,,,,,,,,
2013-12-11,MJ1311YNG3G0HA,Hitachi HDS5C3030ALA630,3000592982016,0,,0,,,,,,,,0,,,,,,19253,,,,,,,,,,,,,,,,,,,,,,,,,,,,,,25,,,,,,0,,,,,,,,,,,,,,,,,,,,,,,,,,,,
2013-12-11,5YD56K1W,ST1500DL003,1500301910016,0,,38443488,,,,,,,,0,,,,,,1691,,,,,,,,,,,,,,,,,,,,,,,,,,,,,,20,,,,,,0,,,,,,,,,,,,,,,,,,,,,,,,,,,,
2013-12-11,PL1311LAG3811H,Hitachi HDS5C4040ALE630,4000787030016,0,,0,,,,,,,,0,,,,,,6637,,,,,,,,,,,,,,,,,,,,,,,,,,,,,,27,,,,,,0,,,,,,,,,,,,,,,,,,,,,,,,,,,,
2013-12-11,JK1101B9JPL8BF,Hitachi HDS722020ALA330,2000398934016,0,,1,,,,,,,,0,,,,,,23989,,,,,,,,,,,,,,,,,,,,,,,,,,,,,,26,,,,,,0,,,,,,,,,,,,,,,,,,,,,,,,,,,,
2013-12-11,Z300E5QW,ST4000DM000,4000787030016,0,,70742048,,,,,,,,0,,,,,,1331,,,,,,,,,,,,,,,,,,,,,,,,,,,,,,18,,,,,,0,,,,,,,,,,,,,,,,,,,,,,,,,,,,
2013-12-11,W30091JW,ST4000DM000,4000787030016,0,,77548328,,,,,,,,0,,,,,,4291,,,,,,,,,,,,,,,,,,,,,,,,,,,,,,23,,,,,,0,,,,,,,,,,,,,,,,,,,,,,,,,,,,
2013-12-11,JK11A8B9J726VF,Hitachi HDS722020ALA330,2000398934016,0,,0,,,,,,,,0,,,,,,22698,,,,,,,,,,,,,,,,,,,,,,,,,,,,,,28,,,,,,0,,,,,,,,,,,,,,,,,,,,,,,,,,,,
2013-12-11,JK1101B9JPMENF,Hitachi HDS722020ALA330,2000398934016,0,,0,,,,,,,,0,,,,,,23947,,,,,,,,,,,,,,,,,,,,,,,,,,,,,,28,,,,,,0,,,,,,,,,,,,,,,,,,,,,,,,,,,,
2013-12-11,6XW05A24,ST31500541AS,1500301910016,0,,173191515,,,,,,,,109,,,,,,36395,,,,,,,,,,,,,,,,,,,,,,,,,,,,,,21,,,,,,0,,,,,,,,,,,,,,,,,,,,,,,,,,,,
2013-12-11,MK0331YHGPMYDA,Hitachi HDS723030ALA640,3000592982016,0,,0,,,,,,,,0,,,,,,17355,,,,,,,,,,,,,,,,,,,,,,,,,,,,,,24,,,,,,0,,,,,,,,,,,,,,,,,,,,,,,,,,,,
2013-12-11,JK1101B9KLLH4T,Hitachi HDS722020ALA330,2000398934016,0,,131074,,,,,,,,0,,,,,,23100,,,,,,,,,,,,,,,,,,,,,,,,,,,,,,22,,,,,,0,,,,,,,,,,,,,,,,,,,,,,,,,,,,
2013-12-11,PL2311LAG1EZ1C,Hitachi HDS5C4040ALE630,4000787030016,0,,0,,,,,,,,0,,,,,,7757,,,,,,,,,,,,,,,,,,,,,,,,,,,,,,23,,,,,,0,,,,,,,,,,,,,,,,,,,,,,,,,,,,
2013-12-11,Z290N361,ST33000651AS,3000592982016,0,,53621698,,,,,,,,0,,,,,,17738,,,,,,,,,,,,,,,,,,,,,,,,,,,,,,26,,,,,,0,,,,,,,,,,,,,,,,,,,,,,,,,,,,
2013-12-11,MJ1323YNG18T7C,Hitachi HDS5C3030ALA630,3000592982016,0,,0,,,,,,,,0,,,,,,20503,,,,,,,,,,,,,,,,,,,,,,,,,,,,,,26,,,,,,0,,,,,,,,,,,,,,,,,,,,,,,,,,,,
2013-12-11,Z300TKE7,ST4000DM000,4000787030016,0,,186212504,,,,,,,,0,,,,,,108,,,,,,,,,,,,,,,,,,,,,,,,,,,,,,19,,,,,,0,,,,,,,,,,,,,,,,,,,,,,,,,,,,
2013-12-11,MK0301YHGKXDEA,Hitachi HDS723030ALA640,3000592982016,0,,1441838,,,,,,,,0,,,,,,17036,,,,,,,,,,,,,,,,,,,,,,,,,,,,,,29,,,,,,0,,,,,,,,,,,,,,,,,,,,,,,,,,,,
2013-12-11,MJ1311YNG2RRBA,Hitachi HDS5C3030ALA630,3000592982016,0,,0,,,,,,,,0,,,,,,18040,,,,,,,,,,,,,,,,,,,,,,,,,,,,,,25,,,,,,0,,,,,,,,,,,,,,,,,,,,,,,,,,,,
2013-12-11,WD-WCC070197515,WDC WD30EZRX,3000592982016,0,,0,,,,,,,,0,,,,,,8610,,,,,,,,,,,,,,,,,,,,,,,,,,,,,,26,,,,,,0,,,,,,,,,,,,,,,,,,,,,,,,,,,,
2013-12-11,WD-WCAU45544557,WDC WD10EADS,1000204886016,0,,0,,,,,,,,0,,,,,,42263,,,,,,,,,,,,,,,,,,,,,,,,,,,,,,30,,,,,,0,,,,,,,,,,,,,,,,,,,,,,,,,,,,
2013-12-11,MJ1311YNG7G87A,Hitachi HDS5C3030ALA630,3000592982016,0,,0,,,,,,,,0,,,,,,14624,,,,,,,,,,,,,,,,,,,,,,,,,,,,,,25,,,,,,0,,,,,,,,,,,,,,,,,,,,,,,,,,,,
2013-12-11,JK1105B8GHJVRX,Hitachi HDS722020ALA330,2000398934016,0,,65536,,,,,,,,0,,,,,,27213,,,,,,,,,,,,,,,,,,,,,,,,,,,,,,24,,,,,,0,,,,,,,,,,,,,,,,,,,,,,,,,,,,
2013-12-11,JK11A8B9J6KXPF,Hitachi HDS722020ALA330,2000398934016,0,,0,,,,,,,,0,,,,,,21477,,,,,,,,,,,,,,,,,,,,,,,,,,,,,,27,,,,,,0,,,,,,,,,,,,,,,,,,,,,,,,,,,,
2013-12-11,S1F043Y7,ST3000DM001,3000592982016,0,,42178368,,,,,,,,0,,,,,,13914,,,,,,,,,,,,,,,,,,,,,,,,,,,,,,24,,,,,,0,,,,,,,,,,,,,,,,,,,,,,,,,,,,
2013-12-11,W30090L2,ST4000DM000,4000787030016,0,,120799592,,,,,,,,0,,,,,,945,,,,,,,,,,,,,,,,,,,,,,,,,,,,,,21,,,,,,0,,,,,,,,,,,,,,,,,,,,,,,,,,,,
2013-12-11,W300C62V,ST4000DM000,4000787030016,0,,12525816,,,,,,,,0,,,,,,4167,,,,,,,,,,,,,,,,,,,,,,,,,,,,,,31,,,,,,0,,,,,,,,,,,,,,,,,,,,,,,,,,,,
2013-12-11,MJ1311YNG31AXA,Hitachi HDS5C3030ALA630,3000592982016,0,,0,,,,,,,,0,,,,,,18939,,,,,,,,,,,,,,,,,,,,,,,,,,,,,,26,,,,,,0,,,,,,,,,,,,,,,,,,,,,,,,,,,,
2013-12-11,JK11A8B9J7LDDF,Hitachi HDS722020ALA330,2000398934016,0,,0,,,,,,,,0,,,,,,23318,,,,,,,,,,,,,,,,,,,,,,,,,,,,,,35,,,,,,0,,,,,,,,,,,,,,,,,,,,,,,,,,,,
2013-12-11,Z3001H25,ST4000DM000,4000787030016,0,,239826136,,,,,,,,0,,,,,,2507,,,,,,,,,,,,,,,,,,,,,,,,,,,,,,24,,,,,,0,,,,,,,,,,,,,,,,,,,,,,,,,,,,
2013-12-11,W1F1CKXZ,ST3000DM001,3000592982016,0,,198395576,,,,,,,,0,,,,,,8186,,,,,,,,,,,,,,,,,,,,,,,,,,,,,,24,,,,,,0,,,,,,,,,,,,,,,,,,,,,,,,,,,,
2013-12-11,W300C62A,ST4000DM000,4000787030016,0,,3203328,,,,,,,,0,,,,,,4138,,,,,,,,,,,,,,,,,,,,,,,,,,,,,,24,,,,,,0,,,,,,,,,,,,,,,,,,,,,,,,,,,,
2013-12-11,Z300CM0L,ST4000DM000,4000787030016,0,,137000304,,,,,,,,0,,,,,,2218,,,,,,,,,,,,,,,,,,,,,,,,,,,,,,23,,,,,,0,,,,,,,,,,,,,,,,,,,,,,,,,,,,
2013-12-11,W30090LM,ST4000DM000,4000787030016,0,,147445192,,,,,,,,0,,,,,,4160,,,,,,,,,,,,,,,,,,,,,,,,,,,,,,24,,,,,,0,,,,,,,,,,,,,,,,,,,,,,,,,,,,
2013-12-11,Z300CM0P,ST4000DM000,4000787030016,0,,228293352,,,,,,,,0,,,,,,2272,,,,,,,,,,,,,,,,,,,,,,,,,,,,,,21,,,,,,0,,,,,,,,,,,,,,,,,,,,,,,,,,,,
2013-12-11,Z300CM0R,ST4000DM000,4000787030016,0,,121777808,,,,,,,,0,,,,,,1298,,,,,,,,,,,,,,,,,,,,,,,,,,,,,,20,,,,,,0,,,,,,,,,,,,,,,,,,,,,,,,,,,,
2013-12-11,S1F04BXL,ST3000DM001,3000592982016,0,,136091584,,,,,,,,0,,,,,,15620,,,,,,,,,,,,,,,,,,,,,,,,,,,,,,21,,,,,,0,,,,,,,,,,,,,,,,,,,,,,,,,,,,
2013-12-11,JK1105B8GEKBNX,Hitachi HDS722020ALA330,2000398934016,0,,0,,,,,,,,0,,,,,,26766,,,,,,,,,,,,,,,,,,,,,,,,,,,,,,25,,,,,,0,,,,,,,,,,,,,,,,,,,,,,,,,,,,
2013-12-11,JK1104YAKWD8WW,Hitachi HDS722020ALA330,2000398934016,0,,4259909,,,,,,,,0,,,,,,10193,,,,,,,,,,,,,,,,,,,,,,,,,,,,,,25,,,,,,0,,,,,,,,,,,,,,,,,,,,,,,,,,,,
2013-12-11,Z290W1R5,ST33000651AS,3000592982016,0,,235147219,,,,,,,,0,,,,,,15603,,,,,,,,,,,,,,,,,,,,,,,,,,,,,,22,,,,,,0,,,,,,,,,,,,,,,,,,,,,,,,,,,,
2013-12-11,JK11A1YAJHBBZV,Hitachi HDS722020ALA330,2000398934016,0,,0,,,,,,,,0,,,,,,28852,,,,,,,,,,,,,,,,,,,,,,,,,,,,,,30,,,,,,0,,,,,,,,,,,,,,,,,,,,,,,,,,,,
2013-12-11,PL1311LAG2HXDH,Hitachi HDS5C4040ALE630,4000787030016,0,,0,,,,,,,,0,,,,,,5070,,,,,,,,,,,,,,,,,,,,,,,,,,,,,,29,,,,,,0,,,,,,,,,,,,,,,,,,,,,,,,,,,,
2013-12-11,PL1321LAGB2PBH,Hitachi HDS5C4040ALE630,4000787030016,0,,0,,,,,,,,0,,,,,,5076,,,,,,,,,,,,,,,,,,,,,,,,,,,,,,27,,,,,,0,,,,,,,,,,,,,,,,,,,,,,,,,,,,
2013-12-11,W1F0B0AV,ST3000DM001,3000592982016,0,,101072432,,,,,,,,0,,,,,,13881,,,,,,,,,,,,,,,,,,,,,,,,,,,,,,23,,,,,,0,,,,,,,,,,,,,,,,,,,,,,,,,,,,
2013-12-11,Z300P9LA,ST4000DM000,4000787030016,0,,207675544,,,,,,,,0,,,,,,1113,,,,,,,,,,,,,,,,,,,,,,,,,,,,,,20,,,,,,0,,,,,,,,,,,,,,,,,,,,,,,,,,,,
2013-12-11,5XW03KL5,ST31500541AS,1500301910016,0,,241095747,,,,,,,,0,,,,,,36395,,,,,,,,,,,,,,,,,,,,,,,,,,,,,,19,,,,,,0,,,,,,,,,,,,,,,,,,,,,,,,,,,,
2013-12-11,MJ0351YNGA423A,Hitachi HDS5C3030ALA630,3000592982016,0,,0,,,,,,,,0,,,,,,9129,,,,,,,,,,,,,,,,,,,,,,,,,,,,,,29,,,,,,0,,,,,,,,,,,,,,,,,,,,,,,,,,,,
2013-12-11,Z1F0LKWC,ST3000DM001,3000592982016,0,,61808288,,,,,,,,0,,,,,,12322,,,,,,,,,,,,,,,,,,,,,,,,,,,,,,24,,,,,,0,,,,,,,,,,,,,,,,,,,,,,,,,,,,
2013-12-11,9VS3K0ET,ST31500341AS,1500301910016,0,,131875292,,,,,,,,12,,,,,,32910,,,,,,,,,,,,,,,,,,,,,,,,,,,,,,23,,,,,,0,,,,,,,,,,,,,,,,,,,,,,,,,,,,
2013-12-11,MK0301YHGM8EVA,Hitachi HDS723030ALA640,3000592982016,0,,0,,,,,,,,0,,,,,,16660,,,,,,,,,,,,,,,,,,,,,,,,,,,,,,31,,,,,,0,,,,,,,,,,,,,,,,,,,,,,,,,,,,
2013-12-11,6XW0D42Z,ST31500541AS,1500301910016,0,,145566546,,,,,,,,172,,,,,,26926,,,,,,,,,,,,,,,,,,,,,,,,,,,,,,19,,,,,,0,,,,,,,,,,,,,,,,,,,,,,,,,,,,
2013-12-11,JK11A8B9J39U6F,Hitachi HDS722020ALA330,2000398934016,0,,0,,,,,,,,0,,,,,,23586,,,,,,,,,,,,,,,,,,,,,,,,,,,,,,28,,,,,,0,,,,,,,,,,,,,,,,,,,,,,,,,,,,
2013-12-11,W3006BS8,ST4000DM000,4000787030016,0,,66067536,,,,,,,,0,,,,,,2856,,,,,,,,,,,,,,,,,,,,,,,,,,,,,,20,,,,,,0,,,,,,,,,,,,,,,,,,,,,,,,,,,,
2013-12-11,13H85BMGS,TOSHIBA DT01ACA300,3000592982016,0,,0,,,,,,,,0,,,,,,2500,,,,,,,,,,,,,,,,,,,,,,,,,,,,,,26,,,,,,0,,,,,,,,,,,,,,,,,,,,,,,,,,,,
2013-12-11,W1F03Y80,ST3000DM001,3000592982016,0,,212172080,,,,,,,,0,,,,,,13886,,,,,,,,,,,,,,,,,,,,,,,,,,,,,,26,,,,,,0,,,,,,,,,,,,,,,,,,,,,,,,,,,,
2013-12-11,PL2311LAG1UU5C,Hitachi HDS5C4040ALE630,4000787030016,0,,0,,,,,,,,0,,,,,,7757,,,,,,,,,,,,,,,,,,,,,,,,,,,,,,24,,,,,,0,,,,,,,,,,,,,,,,,,,,,,,,,,,,
2013-12-11,WD-WCAU45346565,WDC WD10EADS,1000204886016,0,,5,,,,,,,,0,,,,,,41384,,,,,,,,,,,,,,,,,,,,,,,,,,,,,,26,,,,,,0,,,,,,,,,,,,,,,,,,,,,,,,,,,,
2013-12-11,Z1F0LR24,ST3000DM001,3000592982016,0,,180200480,,,,,,,,0,,,,,,10822,,,,,,,,,,,,,,,,,,,,,,,,,,,,,,25,,,,,,0,,,,,,,,,,,,,,,,,,,,,,,,,,,,
2013-12-11,5XW03KLN,ST31500541AS,1500301910016,0,,25168325,,,,,,,,0,,,,,,36452,,,,,,,,,,,,,,,,,,,,,,,,,,,,,,17,,,,,,0,,,,,,,,,,,,,,,,,,,,,,,,,,,,
2013-12-11,5XW03LXH,ST31500541AS,1500301910016,0,,50598344,,,,,,,,0,,,,,,36379,,,,,,,,,,,,,,,,,,,,,,,,,,,,,,18,,,,,,0,,,,,,,,,,,,,,,,,,,,,,,,,,,,
2013-12-11,Z290XY9G,ST33000651AS,3000592982016,0,,176373981,,,,,,,,0,,,,,,15916,,,,,,,,,,,,,,,,,,,,,,,,,,,,,,27,,,,,,0,,,,,,,,,,,,,,,,,,,,,,,,,,,,
2013-12-11,MJ1311YNG37ZWA,Hitachi HDS5C3030ALA630,3000592982016,0,,0,,,,,,,,0,,,,,,19586,,,,,,,,,,,,,,,,,,,,,,,,,,,,,,23,,,,,,0,,,,,,,,,,,,,,,,,,,,,,,,,,,,
2013-12-11,5XW03LXZ,ST31500541AS,1500301910016,0,,81972865,,,,,,,,0,,,,,,37288,,,,,,,,,,,,,,,,,,,,,,,,,,,,,,21,,,,,,0,,,,,,,,,,,,,,,,,,,,,,,,,,,,
2013-12-11,9VS2962G,ST31500341AS,1500301910016,0,,23346924,,,,,,,,2,,,,,,29760,,,,,,,,,,,,,,,,,,,,,,,,,,,,,,22,,,,,,0,,,,,,,,,,,,,,,,,,,,,,,,,,,,
2013-12-11,W1F095K1,ST3000DM001,3000592982016,0,,108518552,,,,,,,,0,,,,,,13363,,,,,,,,,,,,,,,,,,,,,,,,,,,,,,22,,,,,,0,,,,,,,,,,,,,,,,,,,,,,,,,,,,
2013-12-11,W3007L7Y,ST4000DM000,4000787030016,0,,219710144,,,,,,,,0,,,,,,4140,,,,,,,,,,,,,,,,,,,,,,,,,,,,,,20,,,,,,0,,,,,,,,,,,,,,,,,,,,,,,,,,,,
2013-12-11,PL2311LAG1G20C,Hitachi HDS5C4040ALE630,4000787030016,0,,0,,,,,,,,0,,,,,,7463,,,,,,,,,,,,,,,,,,,,,,,,,,,,,,25,,,,,,0,,,,,,,,,,,,,,,,,,,,,,,,,,,,
2013-12-11,MJ0351YNG9ZE8A,Hitachi HDS5C3030ALA630,3000592982016,0,,0,,,,,,,,0,,,,,,8884,,,,,,,,,,,,,,,,,,,,,,,,,,,,,,30,,,,,,0,,,,,,,,,,,,,,,,,,,,,,,,,,,,
2013-12-11,JK11A8B9J2D87F,Hitachi HDS722020ALA330,2000398934016,0,,0,,,,,,,,0,,,,,,22702,,,,,,,,,,,,,,,,,,,,,,,,,,,,,,28,,,,,,0,,,,,,,,,,,,,,,,,,,,,,,,,,,,
2013-12-11,S1F0QXM0,ST3000DM001,3000592982016,0,,200440696,,,,,,,,0,,,,,,11640,,,,,,,,,,,,,,,,,,,,,,,,,,,,,,26,,,,,,0,,,,,,,,,,,,,,,,,,,,,,,,,,,,
2013-12-11,JK11A8B9J95VTF,Hitachi HDS722020ALA330,2000398934016,0,,0,,,,,,,,0,,,,,,24970,,,,,,,,,,,,,,,,,,,,,,,,,,,,,,25,,,,,,0,,,,,,,,,,,,,,,,,,,,,,,,,,,,
2013-12-11,W1F03KZB,ST3000DM001,3000592982016,0,,125607960,,,,,,,,0,,,,,,11599,,,,,,,,,,,,,,,,,,,,,,,,,,,,,,23,,,,,,0,,,,,,,,,,,,,,,,,,,,,,,,,,,,
2013-12-11,JK11A8B9J7WMXF,Hitachi HDS722020ALA330,2000398934016,0,,0,,,,,,,,0,,,,,,25580,,,,,,,,,,,,,,,,,,,,,,,,,,,,,,26,,,,,,0,,,,,,,,,,,,,,,,,,,,,,,,,,,,
2013-12-11,MJ1321YNG13R8A,Hitachi HDS5C3030ALA630,3000592982016,0,,0,,,,,,,,0,,,,,,20732,,,,,,,,,,,,,,,,,,,,,,,,,,,,,,23,,,,,,0,,,,,,,,,,,,,,,,,,,,,,,,,,,,
2013-12-11,9XK0863C,ST33000651AS,3000592982016,0,,213535703,,,,,,,,0,,,,,,16721,,,,,,,,,,,,,,,,,,,,,,,,,,,,,,27,,,,,,0,,,,,,,,,,,,,,,,,,,,,,,,,,,,
2013-12-11,Z1F11PL0,ST3000DM001,3000592982016,0,,2271336,,,,,,,,0,,,,,,8165,,,,,,,,,,,,,,,,,,,,,,,,,,,,,,25,,,,,,0,,,,,,,,,,,,,,,,,,,,,,,,,,,,
2013-12-11,MJ1311YNG7KSRA,Hitachi HDS5C3030ALA630,3000592982016,0,,0,,,,,,,,0,,,,,,14680,,,,,,,,,,,,,,,,,,,,,,,,,,,,,,27,,,,,,0,,,,,,,,,,,,,,,,,,,,,,,,,,,,
2013-12-11,W1F09TYC,ST3000DM001,3000592982016,0,,110291880,,,,,,,,0,,,,,,13820,,,,,,,,,,,,,,,,,,,,,,,,,,,,,,20,,,,,,8,,,,,,,,,,,,,,,,,,,,,,,,,,,,
2013-12-11,JK1101B9JNT3VU,Hitachi HDS722020ALA330,2000398934016,0,,0,,,,,,,,0,,,,,,24305,,,,,,,,,,,,,,,,,,,,,,,,,,,,,,25,,,,,,0,,,,,,,,,,,,,,,,,,,,,,,,,,,,
2013-12-11,6XW0QLZD,ST31500541AS,1500301910016,0,,78847526,,,,,,,,0,,,,,,10920,,,,,,,,,,,,,,,,,,,,,,,,,,,,,,22,,,,,,0,,,,,,,,,,,,,,,,,,,,,,,,,,,,
2013-12-11,W300915N,ST4000DM000,4000787030016,0,,237788360,,,,,,,,0,,,,,,2272,,,,,,,,,,,,,,,,,,,,,,,,,,,,,,23,,,,,,0,,,,,,,,,,,,,,,,,,,,,,,,,,,,
2013-12-11,JK1170YAJDAP5T,Hitachi HDS722020ALA330,2000398934016,0,,0,,,,,,,,0,,,,,,28684,,,,,,,,,,,,,,,,,,,,,,,,,,,,,,26,,,,,,0,,,,,,,,,,,,,,,,,,,,,,,,,,,,
2013-12-11,WD-WMC1T1611253,WDC WD30EFRX,3000592982016,0,,0,,,,,,,,0,,,,,,7708,,,,,,,,,,,,,,,,,,,,,,,,,,,,,,27,,,,,,0,,,,,,,,,,,,,,,,,,,,,,,,,,,,
2013-12-11,MK0313YHGD7UTC,Hitachi HDS723030ALA640,3000592982016,0,,65540,,,,,,,,0,,,,,,21462,,,,,,,,,,,,,,,,,,,,,,,,,,,,,,34,,,,,,0,,,,,,,,,,,,,,,,,,,,,,,,,,,,
2013-12-11,W1F0H57S,ST3000DM001,3000592982016,0,,139822184,,,,,,,,0,,,,,,10398,,,,,,,,,,,,,,,,,,,,,,,,,,,,,,23,,,,,,0,,,,,,,,,,,,,,,,,,,,,,,,,,,,
2013-12-11,MJ1311YNG77GUA,Hitachi HDS5C3030ALA630,3000592982016,0,,0,,,,,,,,0,,,,,,14620,,,,,,,,,,,,,,,,,,,,,,,,,,,,,,20,,,,,,0,,,,,,,,,,,,,,,,,,,,,,,,,,,,
2013-12-11,PL1311LAG3275H,Hitachi HDS5C4040ALE630,4000787030016,0,,0,,,,,,,,0,,,,,,5670,,,,,,,,,,,,,,,,,,,,,,,,,,,,,,19,,,,,,0,,,,,,,,,,,,,,,,,,,,,,,,,,,,
2013-12-11,WD-WMC1T0038633,WDC WD30EFRX,3000592982016,0,,0,,,,,,,,0,,,,,,8840,,,,,,,,,,,,,,,,,,,,,,,,,,,,,,29,,,,,,0,,,,,,,,,,,,,,,,,,,,,,,,,,,,
2013-12-11,PL1311LAG25JJA,Hitachi HDS5C4040ALE630,4000787030016,0,,0,,,,,,,,0,,,,,,7402,,,,,,,,,,,,,,,,,,,,,,,,,,,,,,32,,,,,,0,,,,,,,,,,,,,,,,,,,,,,,,,,,,
2013-12-11,JK11A8B9JR1HUF,Hitachi HDS722020ALA330,2000398934016,0,,0,,,,,,,,0,,,,,,23711,,,,,,,,,,,,,,,,,,,,,,,,,,,,,,28,,,,,,0,,,,,,,,,,,,,,,,,,,,,,,,,,,,
2013-12-11,S1F06ZX2,ST3000DM001,3000592982016,0,,126125896,,,,,,,,0,,,,,,7994,,,,,,,,,,,,,,,,,,,,,,,,,,,,,,27,,,,,,0,,,,,,,,,,,,,,,,,,,,,,,,,,,,
2013-12-11,6XW05Z6S,ST31500541AS,1500301910016,0,,49387993,,,,,,,,0,,,,,,37071,,,,,,,,,,,,,,,,,,,,,,,,,,,,,,24,,,,,,0,,,,,,,,,,,,,,,,,,,,,,,,,,,,
2013-12-11,Z300H94Q,ST4000DM000,4000787030016,0,,96158112,,,,,,,,0,,,,,,1298,,,,,,,,,,,,,,,,,,,,,,,,,,,,,,21,,,,,,0,,,,,,,,,,,,,,,,,,,,,,,,,,,,
2013-12-11,MJ0351YNGA5V7A,Hitachi HDS5C3030ALA630,3000592982016,0,,0,,,,,,,,0,,,,,,9315,,,,,,,,,,,,,,,,,,,,,,,,,,,,,,28,,,,,,0,,,,,,,,,,,,,,,,,,,,,,,,,,,,
2013-12-11,MJ1323YNG1NR9C,Hitachi HDS5C3030ALA630,3000592982016,0,,0,,,,,,,,0,,,,,,19745,,,,,,,,,,,,,,,,,,,,,,,,,,,,,,25,,,,,,0,,,,,,,,,,,,,,,,,,,,,,,,,,,,
2013-12-11,MJ1321YNG0PX2A,Hitachi HDS5C3030ALA630,3000592982016,0,,65590,,,,,,,,0,,,,,,20507,,,,,,,,,,,,,,,,,,,,,,,,,,,,,,22,,,,,,0,,,,,,,,,,,,,,,,,,,,,,,,,,,,
2013-12-11,6XW05Z6C,ST31500541AS,1500301910016,0,,152552102,,,,,,,,0,,,,,,37068,,,,,,,,,,,,,,,,,,,,,,,,,,,,,,24,,,,,,0,,,,,,,,,,,,,,,,,,,,,,,,,,,,
2013-12-11,JK1105B8GB06BX,Hitachi HDS722020ALA330,2000398934016,0,,1,,,,,,,,0,,,,,,27160,,,,,,,,,,,,,,,,,,,,,,,,,,,,,,26,,,,,,0,,,,,,,,,,,,,,,,,,,,,,,,,,,,
2013-12-11,WD-WCAWZ1143735,WDC WD30EZRX,3000592982016,0,,0,,,,,,,,0,,,,,,17616,,,,,,,,,,,,,,,,,,,,,,,,,,,,,,23,,,,,,0,,,,,,,,,,,,,,,,,,,,,,,,,,,,
2013-12-11,Z300KCJZ,ST4000DM000,4000787030016,0,,199996648,,,,,,,,0,,,,,,2216,,,,,,,,,,,,,,,,,,,,,,,,,,,,,,17,,,,,,0,,,,,,,,,,,,,,,,,,,,,,,,,,,,
2013-12-11,MJ1311YNG5ULDA,Hitachi HDS5C3030ALA630,3000592982016,0,,0,,,,,,,,0,,,,,,14620,,,,,,,,,,,,,,,,,,,,,,,,,,,,,,23,,,,,,0,,,,,,,,,,,,,,,,,,,,,,,,,,,,
2013-12-11,Z300KCJQ,ST4000DM000,4000787030016,0,,215439568,,,,,,,,0,,,,,,2257,,,,,,,,,,,,,,,,,,,,,,,,,,,,,,23,,,,,,0,,,,,,,,,,,,,,,,,,,,,,,,,,,,
2013-12-11,6XW05Z69,ST31500541AS,1500301910016,0,,110690848,,,,,,,,0,,,,,,37289,,,,,,,,,,,,,,,,,,,,,,,,,,,,,,21,,,,,,0,,,,,,,,,,,,,,,,,,,,,,,,,,,,
2013-12-11,JK11A4B8HY123W,Hitachi HDS722020ALA330,2000398934016,0,,0,,,,,,,,1,,,,,,23319,,,,,,,,,,,,,,,,,,,,,,,,,,,,,,33,,,,,,0,,,,,,,,,,,,,,,,,,,,,,,,,,,,
2013-12-11,W1F0P28Q,ST3000DM001,3000592982016,0,,207679608,,,,,,,,0,,,,,,11020,,,,,,,,,,,,,,,,,,,,,,,,,,,,,,21,,,,,,0,,,,,,,,,,,,,,,,,,,,,,,,,,,,
2013-12-11,MJ0351YNG9URNA,Hitachi HDS5C3030ALA630,3000592982016,0,,0,,,,,,,,0,,,,,,9913,,,,,,,,,,,,,,,,,,,,,,,,,,,,,,32,,,,,,0,,,,,,,,,,,,,,,,,,,,,,,,,,,,
2013-12-11,MK0313YHG9S30C,Hitachi HDS723030ALA640,3000592982016,0,,0,,,,,,,,0,,,,,,16805,,,,,,,,,,,,,,,,,,,,,,,,,,,,,,24,,,,,,0,,,,,,,,,,,,,,,,,,,,,,,,,,,,
2013-12-11,Z300KEZD,ST4000DM000,4000787030016,0,,158473600,,,,,,,,0,,,,,,152,,,,,,,,,,,,,,,,,,,,,,,,,,,,,,24,,,,,,0,,,,,,,,,,,,,,,,,,,,,,,,,,,,
2013-12-11,JK11A8B9J364NF,Hitachi HDS722020ALA330,2000398934016,0,,0,,,,,,,,0,,,,,,23710,,,,,,,,,,,,,,,,,,,,,,,,,,,,,,31,,,,,,0,,,,,,,,,,,,,,,,,,,,,,,,,,,,
2013-12-11,JK11A8B9J7VZBF,Hitachi HDS722020ALA330,2000398934016,0,,0,,,,,,,,0,,,,,,26027,,,,,,,,,,,,,,,,,,,,,,,,,,,,,,27,,,,,,0,,,,,,,,,,,,,,,,,,,,,,,,,,,,
2013-12-11,MJ0351YNGA8Z1A,Hitachi HDS5C3030ALA630,3000592982016,0,,0,,,,,,,,0,,,,,,8212,,,,,,,,,,,,,,,,,,,,,,,,,,,,,,36,,,,,,0,,,,,,,,,,,,,,,,,,,,,,,,,,,,
2013-12-11,Z300WJSS,ST4000DM000,4000787030016,0,,167175072,,,,,,,,0,,,,,,108,,,,,,,,,,,,,,,,,,,,,,,,,,,,,,22,,,,,,0,,,,,,,,,,,,,,,,,,,,,,,,,,,,
2013-12-11,S1F0SBLG,ST3000DM001,3000592982016,0,,44503768,,,,,,,,0,,,,,,11639,,,,,,,,,,,,,,,,,,,,,,,,,,,,,,26,,,,,,0,,,,,,,,,,,,,,,,,,,,,,,,,,,,
2013-12-11,PL1331LAGA755H,Hitachi HDS5C4040ALE630,4000787030016,0,,0,,,,,,,,0,,,,,,5076,,,,,,,,,,,,,,,,,,,,,,,,,,,,,,24,,,,,,0,,,,,,,,,,,,,,,,,,,,,,,,,,,,
2013-12-11,S1F0SBLZ,ST3000DM001,3000592982016,0,,206751880,,,,,,,,0,,,,,,10738,,,,,,,,,,,,,,,,,,,,,,,,,,,,,,27,,,,,,0,,,,,,,,,,,,,,,,,,,,,,,,,,,,
2013-12-11,PL1321LAGAXTZH,Hitachi HDS5C4040ALE630,4000787030016,0,,0,,,,,,,,0,,,,,,5429,,,,,,,,,,,,,,,,,,,,,,,,,,,,,,22,,,,,,0,,,,,,,,,,,,,,,,,,,,,,,,,,,,
2013-12-11,JK11A8B9J8018F,Hitachi HDS722020ALA330,2000398934016,0,,0,,,,,,,,0,,,,,,25122,,,,,,,,,,,,,,,,,,,,,,,,,,,,,,32,,,,,,0,,,,,,,,,,,,,,,,,,,,,,,,,,,,
2013-12-11,PL1311LAG2B1UH,Hitachi HDS5C4040ALE630,4000787030016,0,,0,,,,,,,,0,,,,,,7386,,,,,,,,,,,,,,,,,,,,,,,,,,,,,,26,,,,,,0,,,,,,,,,,,,,,,,,,,,,,,,,,,,
2013-12-11,S1F0AEKQ,ST3000DM001,3000592982016,0,,28021664,,,,,,,,0,,,,,,12840,,,,,,,,,,,,,,,,,,,,,,,,,,,,,,27,,,,,,0,,,,,,,,,,,,,,,,,,,,,,,,,,,,
2013-12-11,PL1311LAG1VLTA,Hitachi HDS5C4040ALE630,4000787030016,0,,0,,,,,,,,0,,,,,,7759,,,,,,,,,,,,,,,,,,,,,,,,,,,,,,23,,,,,,0,,,,,,,,,,,,,,,,,,,,,,,,,,,,
2013-12-11,9XW01QS8,ST31500541AS,1500301910016,0,,181149411,,,,,,,,0,,,,,,34169,,,,,,,,,,,,,,,,,,,,,,,,,,,,,,22,,,,,,0,,,,,,,,,,,,,,,,,,,,,,,,,,,,
2013-12-11,JK11A8B9J3MPJF,Hitachi HDS722020ALA330,2000398934016,0,,0,,,,,,,,0,,,,,,23709,,,,,,,,,,,,,,,,,,,,,,,,,,,,,,32,,,,,,0,,,,,,,,,,,,,,,,,,,,,,,,,,,,
2013-12-11,PL1321LAG351TH,Hitachi HDS5C4040ALE630,4000787030016,0,,0,,,,,,,,0,,,,,,6617,,,,,,,,,,,,,,,,,,,,,,,,,,,,,,26,,,,,,0,,,,,,,,,,,,,,,,,,,,,,,,,,,,
2013-12-11,S1F00JRS,ST3000DM001,3000592982016,0,,23448992,,,,,,,,0,,,,,,15402,,,,,,,,,,,,,,,,,,,,,,,,,,,,,,20,,,,,,0,,,,,,,,,,,,,,,,,,,,,,,,,,,,
2013-12-11,PL1321LAG35AMH,Hitachi HDS5C4040ALE630,4000787030016,0,,0,,,,,,,,0,,,,,,6650,,,,,,,,,,,,,,,,,,,,,,,,,,,,,,25,,,,,,0,,,,,,,,,,,,,,,,,,,,,,,,,,,,
2013-12-11,6XW04T6V,ST31500541AS,1500301910016,0,,189212410,,,,,,,,0,,,,,,36955,,,,,,,,,,,,,,,,,,,,,,,,,,,,,,20,,,,,,0,,,,,,,,,,,,,,,,,,,,,,,,,,,,
2013-12-11,S1F03353,ST3000DM001,3000592982016,0,,122889488,,,,,,,,0,,,,,,16177,,,,,,,,,,,,,,,,,,,,,,,,,,,,,,26,,,,,,0,,,,,,,,,,,,,,,,,,,,,,,,,,,,
2013-12-11,PL1311LAG3DETH,Hitachi HDS5C4040ALE630,4000787030016,0,,0,,,,,,,,0,,,,,,5920,,,,,,,,,,,,,,,,,,,,,,,,,,,,,,22,,,,,,0,,,,,,,,,,,,,,,,,,,,,,,,,,,,
2013-12-11,JK1101B9J2YVNF,Hitachi HDS722020ALA330,2000398934016,0,,0,,,,,,,,0,,,,,,22703,,,,,,,,,,,,,,,,,,,,,,,,,,,,,,29,,,,,,0,,,,,,,,,,,,,,,,,,,,,,,,,,,,
2013-12-11,S1F0GSHB,ST3000DM001,3000592982016,0,,7180736,,,,,,,,0,,,,,,11722,,,,,,,,,,,,,,,,,,,,,,,,,,,,,,25,,,,,,0,,,,,,,,,,,,,,,,,,,,,,,,,,,,
2013-12-11,JK11A8B9J7J0GF,Hitachi HDS722020ALA330,2000398934016,0,,0,,,,,,,,0,,,,,,25661,,,,,,,,,,,,,,,,,,,,,,,,,,,,,,28,,,,,,0,,,,,,,,,,,,,,,,,,,,,,,,,,,,
2013-12-11,W1F19LPJ,ST3000DM001,3000592982016,0,,131633632,,,,,,,,0,,,,,,8189,,,,,,,,,,,,,,,,,,,,,,,,,,,,,,23,,,,,,0,,,,,,,,,,,,,,,,,,,,,,,,,,,,
2013-12-11,MJ0351YNG9WPEA,Hitachi HDS5C3030ALA630,3000592982016,0,,0,,,,,,,,0,,,,,,9483,,,,,,,,,,,,,,,,,,,,,,,,,,,,,,30,,,,,,0,,,,,,,,,,,,,,,,,,,,,,,,,,,,
2013-12-11,MK0311YHGKPXDA,Hitachi HDS723030ALA640,3000592982016,0,,65537,,,,,,,,0,,,,,,21459,,,,,,,,,,,,,,,,,,,,,,,,,,,,,,28,,,,,,0,,,,,,,,,,,,,,,,,,,,,,,,,,,,
2013-12-11,MJ1311YNG37KLA,Hitachi HDS5C3030ALA630,3000592982016,0,,0,,,,,,,,0,,,,,,18040,,,,,,,,,,,,,,,,,,,,,,,,,,,,,,25,,,,,,0,,,,,,,,,,,,,,,,,,,,,,,,,,,,
2013-12-11,WD-WMC4N0960097,WDC WD30EFRX,3000592982016,0,,0,,,,,,,,0,,,,,,156,,,,,,,,,,,,,,,,,,,,,,,,,,,,,,19,,,,,,0,,,,,,,,,,,,,,,,,,,,,,,,,,,,
2013-12-11,WD-WCAWZ0276106,WDC WD30EZRS,3000592982016,0,,0,,,,,,,,0,,,,,,12685,,,,,,,,,,,,,,,,,,,,,,,,,,,,,,21,,,,,,0,,,,,,,,,,,,,,,,,,,,,,,,,,,,
2013-12-11,5YD8WRES,ST1500DL003,1500301910016,0,,1898064,,,,,,,,0,,,,,,8743,,,,,,,,,,,,,,,,,,,,,,,,,,,,,,27,,,,,,0,,,,,,,,,,,,,,,,,,,,,,,,,,,,
2013-12-11,MK0311YHGK5BHA,Hitachi HDS723030ALA640,3000592982016,0,,0,,,,,,,,0,,,,,,16078,,,,,,,,,,,,,,,,,,,,,,,,,,,,,,26,,,,,,0,,,,,,,,,,,,,,,,,,,,,,,,,,,,
2013-12-11,JK11A8B9J51PNF,Hitachi HDS722020ALA330,2000398934016,0,,1,,,,,,,,0,,,,,,25538,,,,,,,,,,,,,,,,,,,,,,,,,,,,,,30,,,,,,0,,,,,,,,,,,,,,,,,,,,,,,,,,,,
2013-12-11,JK11A8B9J7X2HF,Hitachi HDS722020ALA330,2000398934016,0,,0,,,,,,,,0,,,,,,24627,,,,,,,,,,,,,,,,,,,,,,,,,,,,,,29,,,,,,0,,,,,,,,,,,,,,,,,,,,,,,,,,,,
2013-12-11,WD-WCAU45522316,WDC WD10EADS,1000204886016,0,,1,,,,,,,,0,,,,,,41243,,,,,,,,,,,,,,,,,,,,,,,,,,,,,,25,,,,,,0,,,,,,,,,,,,,,,,,,,,,,,,,,,,
2013-12-11,S1F02DHT,ST3000DM001,3000592982016,0,,221022224,,,,,,,,0,,,,,,15458,,,,,,,,,,,,,,,,,,,,,,,,,,,,,,16,,,,,,0,,,,,,,,,,,,,,,,,,,,,,,,,,,,
2013-12-11,9XK0PWYQ,ST33000651AS,3000592982016,0,,237701760,,,,,,,,0,,,,,,17738,,,,,,,,,,,,,,,,,,,,,,,,,,,,,,26,,,,,,0,,,,,,,,,,,,,,,,,,,,,,,,,,,,
2013-12-11,JK11A8B9GPHS0F,Hitachi HDS722020ALA330,2000398934016,0,,0,,,,,,,,0,,,,,,26493,,,,,,,,,,,,,,,,,,,,,,,,,,,,,,23,,,,,,0,,,,,,,,,,,,,,,,,,,,,,,,,,,,
2013-12-11,9VS1MH6T,ST31500341AS,1500301910016,0,,46235634,,,,,,,,32,,,,,,40073,,,,,,,,,,,,,,,,,,,,,,,,,,,,,,31,,,,,,0,,,,,,,,,,,,,,,,,,,,,,,,,,,,
2013-12-11,PL2321LAGARWEJ,Hitachi HDS5C4040ALE630,4000787030016,0,,0,,,,,,,,0,,,,,,5077,,,,,,,,,,,,,,,,,,,,,,,,,,,,,,27,,,,,,0,,,,,,,,,,,,,,,,,,,,,,,,,,,,
2013-12-11,JK1101B8KNGLDS,Hitachi HDS722020ALA330,2000398934016,0,,65536,,,,,,,,3,,,,,,22862,,,,,,,,,,,,,,,,,,,,,,,,,,,,,,27,,,,,,0,,,,,,,,,,,,,,,,,,,,,,,,,,,,
2013-12-11,S1F0LBR9,ST3000DM001,3000592982016,0,,224387672,,,,,,,,0,,,,,,12249,,,,,,,,,,,,,,,,,,,,,,,,,,,,,,25,,,,,,0,,,,,,,,,,,,,,,,,,,,,,,,,,,,
2013-12-11,JK11A4B8J7RP4W,Hitachi HDS722020ALA330,2000398934016,0,,262146,,,,,,,,0,,,,,,25661,,,,,,,,,,,,,,,,,,,,,,,,,,,,,,28,,,,,,0,,,,,,,,,,,,,,,,,,,,,,,,,,,,
2013-12-11,6XW01RE6,ST31500541AS,1500301910016,0,,177603421,,,,,,,,0,,,,,,37142,,,,,,,,,,,,,,,,,,,,,,,,,,,,,,23,,,,,,0,,,,,,,,,,,,,,,,,,,,,,,,,,,,
2013-12-11,MJ1323YNG1TD8C,Hitachi HDS5C3030ALA630,3000592982016,0,,0,,,,,,,,0,,,,,,20079,,,,,,,,,,,,,,,,,,,,,,,,,,,,,,34,,,,,,0,,,,,,,,,,,,,,,,,,,,,,,,,,,,
2013-12-11,W1F08S8J,ST3000DM001,3000592982016,0,,124067024,,,,,,,,0,,,,,,13838,,,,,,,,,,,,,,,,,,,,,,,,,,,,,,26,,,,,,0,,,,,,,,,,,,,,,,,,,,,,,,,,,,
2013-12-11,JK1101YAK90XUV,Hitachi HDS722020ALA330,2000398934016,0,,1,,,,,,,,0,,,,,,29654,,,,,,,,,,,,,,,,,,,,,,,,,,,,,,28,,,,,,0,,,,,,,,,,,,,,,,,,,,,,,,,,,,
2013-12-11,MJ1311YNG3G4JA,Hitachi HDS5C3030ALA630,3000592982016,0,,327681,,,,,,,,0,,,,,,18948,,,,,,,,,,,,,,,,,,,,,,,,,,,,,,23,,,,,,0,,,,,,,,,,,,,,,,,,,,,,,,,,,,
2013-12-11,9XW00MV0,ST32000542AS,2000398934016,0,,87397815,,,,,,,,0,,,,,,27213,,,,,,,,,,,,,,,,,,,,,,,,,,,,,,28,,,,,,0,,,,,,,,,,,,,,,,,,,,,,,,,,,,
2013-12-11,MJ1311YNG3GGAA,Hitachi HDS5C3030ALA630,3000592982016,0,,0,,,,,,,,0,,,,,,19311,,,,,,,,,,,,,,,,,,,,,,,,,,,,,,29,,,,,,0,,,,,,,,,,,,,,,,,,,,,,,,,,,,
2013-12-11,Z300WKAK,ST4000DM000,4000787030016,0,,110685752,,,,,,,,0,,,,,,923,,,,,,,,,,,,,,,,,,,,,,,,,,,,,,24,,,,,,0,,,,,,,,,,,,,,,,,,,,,,,,,,,,
2013-12-11,W1F0B52K,ST3000DM001,3000592982016,0,,232468056,,,,,,,,0,,,,,,14213,,,,,,,,,,,,,,,,,,,,,,,,,,,,,,23,,,,,,0,,,,,,,,,,,,,,,,,,,,,,,,,,,,
2013-12-11,JK11A8B9J7GLGF,Hitachi HDS722020ALA330,2000398934016,0,,0,,,,,,,,0,,,,,,23579,,,,,,,,,,,,,,,,,,,,,,,,,,,,,,29,,,,,,0,,,,,,,,,,,,,,,,,,,,,,,,,,,,
2013-12-11,PL2321LAGASRAJ,Hitachi HDS5C4040ALE630,4000787030016,0,,0,,,,,,,,0,,,,,,5428,,,,,,,,,,,,,,,,,,,,,,,,,,,,,,21,,,,,,0,,,,,,,,,,,,,,,,,,,,,,,,,,,,
2013-12-11,W1F12JLS,ST3000DM001,3000592982016,0,,136970088,,,,,,,,0,,,,,,8207,,,,,,,,,,,,,,,,,,,,,,,,,,,,,,25,,,,,,0,,,,,,,,,,,,,,,,,,,,,,,,,,,,
2013-12-11,S1F0368Z,ST3000DM001,3000592982016,0,,6650584,,,,,,,,0,,,,,,15591,,,,,,,,,,,,,,,,,,,,,,,,,,,,,,22,,,,,,0,,,,,,,,,,,,,,,,,,,,,,,,,,,,
2013-12-11,MJ1321YNG0SB6A,Hitachi HDS5C3030ALA630,3000592982016,0,,0,,,,,,,,0,,,,,,19801,,,,,,,,,,,,,,,,,,,,,,,,,,,,,,29,,,,,,0,,,,,,,,,,,,,,,,,,,,,,,,,,,,
2013-12-11,PL1311LAG24DNA,Hitachi HDS5C4040ALE630,4000787030016,0,,0,,,,,,,,0,,,,,,7411,,,,,,,,,,,,,,,,,,,,,,,,,,,,,,21,,,,,,0,,,,,,,,,,,,,,,,,,,,,,,,,,,,
2013-12-11,PL1321LAG33VNH,Hitachi HDS5C4040ALE630,4000787030016,0,,0,,,,,,,,0,,,,,,5922,,,,,,,,,,,,,,,,,,,,,,,,,,,,,,20,,,,,,0,,,,,,,,,,,,,,,,,,,,,,,,,,,,
2013-12-11,PL1311LAG3EH8H,Hitachi HDS5C4040ALE630,4000787030016,0,,0,,,,,,,,0,,,,,,5670,,,,,,,,,,,,,,,,,,,,,,,,,,,,,,16,,,,,,0,,,,,,,,,,,,,,,,,,,,,,,,,,,,
2013-12-11,JK1101B9JPL1HF,Hitachi HDS722020ALA330,2000398934016,0,,0,,,,,,,,0,,,,,,24428,,,,,,,,,,,,,,,,,,,,,,,,,,,,,,30,,,,,,0,,,,,,,,,,,,,,,,,,,,,,,,,,,,
2013-12-11,JK1171YAK2185N,Hitachi HDS722020ALA330,2000398934016,0,,0,,,,,,,,0,,,,,,29915,,,,,,,,,,,,,,,,,,,,,,,,,,,,,,24,,,,,,0,,,,,,,,,,,,,,,,,,,,,,,,,,,,
2013-12-11,W1F0VKAC,ST3000DM001,3000592982016,0,,94659880,,,,,,,,0,,,,,,10835,,,,,,,,,,,,,,,,,,,,,,,,,,,,,,33,,,,,,0,,,,,,,,,,,,,,,,,,,,,,,,,,,,
2013-12-11,9XW02BF1,ST31500541AS,1500301910016,0,,94708669,,,,,,,,0,,,,,,33311,,,,,,,,,,,,,,,,,,,,,,,,,,,,,,30,,,,,,0,,,,,,,,,,,,,,,,,,,,,,,,,,,,
2013-12-11,JK1101B9JP4HUR,Hitachi HDS722020ALA330,2000398934016,0,,0,,,,,,,,0,,,,,,23586,,,,,,,,,,,,,,,,,,,,,,,,,,,,,,31,,,,,,0,,,,,,,,,,,,,,,,,,,,,,,,,,,,
2013-12-11,5XW0YA03,ST31500541AS,1500301910016,0,,180825701,,,,,,,,0,,,,,,21507,,,,,,,,,,,,,,,,,,,,,,,,,,,,,,22,,,,,,0,,,,,,,,,,,,,,,,,,,,,,,,,,,,
2013-12-11,MJ0351YNG9XEKA,Hitachi HDS5C3030ALA630,3000592982016,0,,0,,,,,,,,0,,,,,,9191,,,,,,,,,,,,,,,,,,,,,,,,,,,,,,25,,,,,,0,,,,,,,,,,,,,,,,,,,,,,,,,,,,
2013-12-11,JK1101B9KM4B6F,Hitachi HDS722020ALA330,2000398934016,0,,0,,,,,,,,0,,,,,,23097,,,,,,,,,,,,,,,,,,,,,,,,,,,,,,28,,,,,,0,,,,,,,,,,,,,,,,,,,,,,,,,,,,
2013-12-11,MJ0351YNGA3Z0A,Hitachi HDS5C3030ALA630,3000592982016,0,,0,,,,,,,,0,,,,,,8884,,,,,,,,,,,,,,,,,,,,,,,,,,,,,,30,,,,,,0,,,,,,,,,,,,,,,,,,,,,,,,,,,,
2013-12-11,9VS5BGGH,ST31500341AS,1500301910016,0,,196110988,,,,,,,,1,,,,,,11602,,,,,,,,,,,,,,,,,,,,,,,,,,,,,,21,,,,,,0,,,,,,,,,,,,,,,,,,,,,,,,,,,,
2013-12-11,MJ1323YNG195TC,Hitachi HDS5C3030ALA630,3000592982016,0,,0,,,,,,,,0,,,,,,20731,,,,,,,,,,,,,,,,,,,,,,,,,,,,,,21,,,,,,0,,,,,,,,,,,,,,,,,,,,,,,,,,,,
2013-12-11,MJ0351YNGA0DXA,Hitachi HDS5C3030ALA630,3000592982016,0,,0,,,,,,,,33,,,,,,9274,,,,,,,,,,,,,,,,,,,,,,,,,,,,,,27,,,,,,0,,,,,,,,,,,,,,,,,,,,,,,,,,,,
2013-12-11,PL1321LAGAXURH,Hitachi HDS5C4040ALE630,4000787030016,0,,0,,,,,,,,0,,,,,,5428,,,,,,,,,,,,,,,,,,,,,,,,,,,,,,22,,,,,,0,,,,,,,,,,,,,,,,,,,,,,,,,,,,
2013-12-11,JK11A8B9J3MJTF,Hitachi HDS722020ALA330,2000398934016,0,,0,,,,,,,,0,,,,,,24112,,,,,,,,,,,,,,,,,,,,,,,,,,,,,,29,,,,,,0,,,,,,,,,,,,,,,,,,,,,,,,,,,,
2013-12-11,JK11A4B8J4H1KW,Hitachi HDS722020ALA330,2000398934016,0,,0,,,,,,,,0,,,,,,25120,,,,,,,,,,,,,,,,,,,,,,,,,,,,,,34,,,,,,0,,,,,,,,,,,,,,,,,,,,,,,,,,,,
2013-12-11,6XW01THV,ST31500541AS,1500301910016,0,,152740821,,,,,,,,0,,,,,,35757,,,,,,,,,,,,,,,,,,,,,,,,,,,,,,17,,,,,,0,,,,,,,,,,,,,,,,,,,,,,,,,,,,
2013-12-11,PL2311LAG1R8TC,Hitachi HDS5C4040ALE630,4000787030016,0,,0,,,,,,,,0,,,,,,1478,,,,,,,,,,,,,,,,,,,,,,,,,,,,,,24,,,,,,0,,,,,,,,,,,,,,,,,,,,,,,,,,,,
2013-12-11,JK11A8B9J401XF,Hitachi HDS722020ALA330,2000398934016,0,,0,,,,,,,,0,,,,,,23544,,,,,,,,,,,,,,,,,,,,,,,,,,,,,,39,,,,,,0,,,,,,,,,,,,,,,,,,,,,,,,,,,,
2013-12-11,JK1105B8JS2HPX,Hitachi HDS722020ALA330,2000398934016,0,,0,,,,,,,,0,,,,,,23511,,,,,,,,,,,,,,,,,,,,,,,,,,,,,,24,,,,,,0,,,,,,,,,,,,,,,,,,,,,,,,,,,,
2013-12-11,MJ0351YNG9UJ8A,Hitachi HDS5C3030ALA630,3000592982016,0,,0,,,,,,,,0,,,,,,8883,,,,,,,,,,,,,,,,,,,,,,,,,,,,,,31,,,,,,0,,,,,,,,,,,,,,,,,,,,,,,,,,,,
2013-12-11,Z300CQZA,ST4000DM000,4000787030016,0,,220652144,,,,,,,,0,,,,,,2843,,,,,,,,,,,,,,,,,,,,,,,,,,,,,,18,,,,,,0,,,,,,,,,,,,,,,,,,,,,,,,,,,,
2013-12-11,9XW02BFH,ST31500541AS,1500301910016,0,,16921210,,,,,,,,47,,,,,,33330,,,,,,,,,,,,,,,,,,,,,,,,,,,,,,16,,,,,,3,,,,,,,,,,,,,,,,,,,,,,,,,,,,
2013-12-11,MK0311YHGLA2JA,Hitachi HDS723030ALA640,3000592982016,0,,0,,,,,,,,0,,,,,,21459,,,,,,,,,,,,,,,,,,,,,,,,,,,,,,28,,,,,,0,,,,,,,,,,,,,,,,,,,,,,,,,,,,
2013-12-11,JK1101B9JRMPSF,Hitachi HDS722020ALA330,2000398934016,0,,0,,,,,,,,0,,,,,,22300,,,,,,,,,,,,,,,,,,,,,,,,,,,,,,27,,,,,,0,,,,,,,,,,,,,,,,,,,,,,,,,,,,
2013-12-11,MK0331YHGPM2TA,Hitachi HDS723030ALA640,3000592982016,0,,0,,,,,,,,0,,,,,,17755,,,,,,,,,,,,,,,,,,,,,,,,,,,,,,19,,,,,,0,,,,,,,,,,,,,,,,,,,,,,,,,,,,
2013-12-11,WD-WCAWZ1224905,WDC WD30EZRX,3000592982016,0,,0,,,,,,,,0,,,,,,15833,,,,,,,,,,,,,,,,,,,,,,,,,,,,,,23,,,,,,2,,,,,,,,,,,,,,,,,,,,,,,,,,,,
2013-12-11,Z1F0EGR1,ST3000DM001,3000592982016,0,,40118336,,,,,,,,0,,,,,,10813,,,,,,,,,,,,,,,,,,,,,,,,,,,,,,27,,,,,,0,,,,,,,,,,,,,,,,,,,,,,,,,,,,
2013-12-11,W1F0VKA3,ST3000DM001,3000592982016,0,,232490640,,,,,,,,0,,,,,,11620,,,,,,,,,,,,,,,,,,,,,,,,,,,,,,20,,,,,,0,,,,,,,,,,,,,,,,,,,,,,,,,,,,
2013-12-11,Z300W61H,ST4000DM000,4000787030016,0,,58344712,,,,,,,,0,,,,,,918,,,,,,,,,,,,,,,,,,,,,,,,,,,,,,21,,,,,,0,,,,,,,,,,,,,,,,,,,,,,,,,,,,
2013-12-11,MJ0351YNG9Z5JA,Hitachi HDS5C3030ALA630,3000592982016,0,,0,,,,,,,,0,,,,,,9469,,,,,,,,,,,,,,,,,,,,,,,,,,,,,,27,,,,,,0,,,,,,,,,,,,,,,,,,,,,,,,,,,,
2013-12-11,Z290J6B3,ST33000651AS,3000592982016,0,,111092819,,,,,,,,0,,,,,,17742,,,,,,,,,,,,,,,,,,,,,,,,,,,,,,24,,,,,,0,,,,,,,,,,,,,,,,,,,,,,,,,,,,
2013-12-11,Z300W61F,ST4000DM000,4000787030016,0,,94515232,,,,,,,,0,,,,,,923,,,,,,,,,,,,,,,,,,,,,,,,,,,,,,25,,,,,,0,,,,,,,,,,,,,,,,,,,,,,,,,,,,
2013-12-11,Z300T8EC,ST4000DM000,4000787030016,0,,94266736,,,,,,,,0,,,,,,958,,,,,,,,,,,,,,,,,,,,,,,,,,,,,,19,,,,,,0,,,,,,,,,,,,,,,,,,,,,,,,,,,,
2013-12-11,Z300W61R,ST4000DM000,4000787030016,0,,158298496,,,,,,,,0,,,,,,957,,,,,,,,,,,,,,,,,,,,,,,,,,,,,,21,,,,,,0,,,,,,,,,,,,,,,,,,,,,,,,,,,,
2013-12-11,JK1160YAHP0HTT,Hitachi HDS722020ALA330,2000398934016,0,,0,,,,,,,,68,,,,,,23690,,,,,,,,,,,,,,,,,,,,,,,,,,,,,,25,,,,,,2,,,,,,,,,,,,,,,,,,,,,,,,,,,,
2013-12-11,W300E1TN,ST4000DM000,4000787030016,0,,40690960,,,,,,,,0,,,,,,4140,,,,,,,,,,,,,,,,,,,,,,,,,,,,,,24,,,,,,0,,,,,,,,,,,,,,,,,,,,,,,,,,,,
2013-12-11,MJ0351YNG9SZUA,Hitachi HDS5C3030ALA630,3000592982016,0,,0,,,,,,,,0,,,,,,9552,,,,,,,,,,,,,,,,,,,,,,,,,,,,,,31,,,,,,0,,,,,,,,,,,,,,,,,,,,,,,,,,,,
2013-12-11,WD-WMC0S0816668,WDC WD10EARX,1000204886016,0,,13,,,,,,,,0,,,,,,12847,,,,,,,,,,,,,,,,,,,,,,,,,,,,,,22,,,,,,0,,,,,,,,,,,,,,,,,,,,,,,,,,,,
2013-12-11,S1F0CRYE,ST3000DM001,3000592982016,0,,86854416,,,,,,,,0,,,,,,12418,,,,,,,,,,,,,,,,,,,,,,,,,,,,,,27,,,,,,0,,,,,,,,,,,,,,,,,,,,,,,,,,,,
2013-12-11,PL1311LAG397GH,Hitachi HDS5C4040ALE630,4000787030016,0,,0,,,,,,,,0,,,,,,6993,,,,,,,,,,,,,,,,,,,,,,,,,,,,,,24,,,,,,0,,,,,,,,,,,,,,,,,,,,,,,,,,,,
2013-12-11,6XW01LS2,ST31500541AS,1500301910016,0,,235468344,,,,,,,,0,,,,,,36650,,,,,,,,,,,,,,,,,,,,,,,,,,,,,,24,,,,,,0,,,,,,,,,,,,,,,,,,,,,,,,,,,,
2013-12-11,JK11A8B9J90EZF,Hitachi HDS722020ALA330,2000398934016,0,,1,,,,,,,,0,,,,,,24467,,,,,,,,,,,,,,,,,,,,,,,,,,,,,,28,,,,,,0,,,,,,,,,,,,,,,,,,,,,,,,,,,,
2013-12-11,JK11A8B9J7AAKF,Hitachi HDS722020ALA330,2000398934016,0,,0,,,,,,,,0,,,,,,25580,,,,,,,,,,,,,,,,,,,,,,,,,,,,,,23,,,,,,0,,,,,,,,,,,,,,,,,,,,,,,,,,,,
2013-12-11,MK0301YHGKZ4AA,Hitachi HDS723030ALA640,3000592982016,0,,0,,,,,,,,0,,,,,,16801,,,,,,,,,,,,,,,,,,,,,,,,,,,,,,29,,,,,,0,,,,,,,,,,,,,,,,,,,,,,,,,,,,
2013-12-11,MK0313YHGD6WAC,Hitachi HDS723030ALA640,3000592982016,0,,0,,,,,,,,0,,,,,,21455,,,,,,,,,,,,,,,,,,,,,,,,,,,,,,27,,,,,,0,,,,,,,,,,,,,,,,,,,,,,,,,,,,
2013-12-11,JK11A8B9J7G8AF,Hitachi HDS722020ALA330,2000398934016,0,,1,,,,,,,,0,,,,,,23126,,,,,,,,,,,,,,,,,,,,,,,,,,,,,,23,,,,,,0,,,,,,,,,,,,,,,,,,,,,,,,,,,,
2013-12-11,W1F03D2S,ST3000DM001,3000592982016,0,,215199064,,,,,,,,0,,,,,,16197,,,,,,,,,,,,,,,,,,,,,,,,,,,,,,25,,,,,,0,,,,,,,,,,,,,,,,,,,,,,,,,,,,
2013-12-11,S1F0CRY0,ST3000DM001,3000592982016,0,,13267032,,,,,,,,0,,,,,,12345,,,,,,,,,,,,,,,,,,,,,,,,,,,,,,25,,,,,,0,,,,,,,,,,,,,,,,,,,,,,,,,,,,
2013-12-11,MK0303YHGBJWVC,Hitachi HDS723030ALA640,3000592982016,0,,2,,,,,,,,0,,,,,,21453,,,,,,,,,,,,,,,,,,,,,,,,,,,,,,27,,,,,,0,,,,,,,,,,,,,,,,,,,,,,,,,,,,
2013-12-11,MJ1311YNG3EW7A,Hitachi HDS5C3030ALA630,3000592982016,0,,0,,,,,,,,0,,,,,,19588,,,,,,,,,,,,,,,,,,,,,,,,,,,,,,28,,,,,,0,,,,,,,,,,,,,,,,,,,,,,,,,,,,
2013-12-11,PL1321LAG346XH,Hitachi HDS5C4040ALE630,4000787030016,0,,0,,,,,,,,0,,,,,,6616,,,,,,,,,,,,,,,,,,,,,,,,,,,,,,26,,,,,,0,,,,,,,,,,,,,,,,,,,,,,,,,,,,
2013-12-11,MJ0351YNGA5Z0A,Hitachi HDS5C3030ALA630,3000592982016,0,,0,,,,,,,,0,,,,,,9142,,,,,,,,,,,,,,,,,,,,,,,,,,,,,,30,,,,,,0,,,,,,,,,,,,,,,,,,,,,,,,,,,,
2013-12-11,Z300W613,ST4000DM000,4000787030016,0,,57186720,,,,,,,,0,,,,,,919,,,,,,,,,,,,,,,,,,,,,,,,,,,,,,22,,,,,,0,,,,,,,,,,,,,,,,,,,,,,,,,,,,
2013-12-11,MJ0351YNG9NUWA,Hitachi HDS5C3030ALA630,3000592982016,0,,0,,,,,,,,0,,,,,,9469,,,,,,,,,,,,,,,,,,,,,,,,,,,,,,28,,,,,,0,,,,,,,,,,,,,,,,,,,,,,,,,,,,
2013-12-11,MJ0351YNG9ZEUA,Hitachi HDS5C3030ALA630,3000592982016,0,,0,,,,,,,,0,,,,,,9553,,,,,,,,,,,,,,,,,,,,,,,,,,,,,,30,,,,,,0,,,,,,,,,,,,,,,,,,,,,,,,,,,,
2013-12-11,6XW01C4N,ST31500541AS,1500301910016,0,,28578193,,,,,,,,0,,,,,,26013,,,,,,,,,,,,,,,,,,,,,,,,,,,,,,22,,,,,,0,,,,,,,,,,,,,,,,,,,,,,,,,,,,
2013-12-11,JK1104B8GE69XW,Hitachi HDS722020ALA330,2000398934016,0,,0,,,,,,,,0,,,,,,27487,,,,,,,,,,,,,,,,,,,,,,,,,,,,,,24,,,,,,0,,,,,,,,,,,,,,,,,,,,,,,,,,,,
2013-12-11,MJ0351YNG9Z4XA,Hitachi HDS5C3030ALA630,3000592982016,0,,0,,,,,,,,0,,,,,,9671,,,,,,,,,,,,,,,,,,,,,,,,,,,,,,30,,,,,,0,,,,,,,,,,,,,,,,,,,,,,,,,,,,
2013-12-11,W1F09ZMA,ST3000DM001,3000592982016,0,,208909128,,,,,,,,0,,,,,,13746,,,,,,,,,,,,,,,,,,,,,,,,,,,,,,23,,,,,,0,,,,,,,,,,,,,,,,,,,,,,,,,,,,
2013-12-11,W300JNKT,ST4000DM000,4000787030016,0,,14435104,,,,,,,,0,,,,,,2875,,,,,,,,,,,,,,,,,,,,,,,,,,,,,,26,,,,,,0,,,,,,,,,,,,,,,,,,,,,,,,,,,,
2013-12-11,W1F0KCR5,ST3000DM001,3000592982016,0,,226003464,,,,,,,,0,,,,,,11612,,,,,,,,,,,,,,,,,,,,,,,,,,,,,,26,,,,,,0,,,,,,,,,,,,,,,,,,,,,,,,,,,,
2013-12-11,JK1174YAK7JDKW,Hitachi HDS722020ALA330,2000398934016,0,,0,,,,,,,,0,,,,,,28810,,,,,,,,,,,,,,,,,,,,,,,,,,,,,,24,,,,,,0,,,,,,,,,,,,,,,,,,,,,,,,,,,,
2013-12-11,MJ0351YNGA3HDA,Hitachi HDS5C3030ALA630,3000592982016,0,,0,,,,,,,,0,,,,,,8497,,,,,,,,,,,,,,,,,,,,,,,,,,,,,,26,,,,,,0,,,,,,,,,,,,,,,,,,,,,,,,,,,,
2013-12-11,W1F0MH60,ST3000DM001,3000592982016,0,,236354680,,,,,,,,0,,,,,,10738,,,,,,,,,,,,,,,,,,,,,,,,,,,,,,21,,,,,,0,,,,,,,,,,,,,,,,,,,,,,,,,,,,
2013-12-11,6XW00G64,ST31500541AS,1500301910016,0,,86567537,,,,,,,,0,,,,,,36062,,,,,,,,,,,,,,,,,,,,,,,,,,,,,,20,,,,,,0,,,,,,,,,,,,,,,,,,,,,,,,,,,,
2013-12-11,JK11A8B9J7HRRF,Hitachi HDS722020ALA330,2000398934016,0,,0,,,,,,,,0,,,,,,23577,,,,,,,,,,,,,,,,,,,,,,,,,,,,,,27,,,,,,0,,,,,,,,,,,,,,,,,,,,,,,,,,,,
2013-12-11,S1F05B18,ST3000DM001,3000592982016,0,,158884080,,,,,,,,0,,,,,,13881,,,,,,,,,,,,,,,,,,,,,,,,,,,,,,29,,,,,,0,,,,,,,,,,,,,,,,,,,,,,,,,,,,
2013-12-11,JK11A8B9J9KXSF,Hitachi HDS722020ALA330,2000398934016,0,,3,,,,,,,,0,,,,,,24467,,,,,,,,,,,,,,,,,,,,,,,,,,,,,,28,,,,,,0,,,,,,,,,,,,,,,,,,,,,,,,,,,,
2013-12-11,S1F05B1Q,ST3000DM001,3000592982016,0,,148927344,,,,,,,,0,,,,,,13356,,,,,,,,,,,,,,,,,,,,,,,,,,,,,,22,,,,,,0,,,,,,,,,,,,,,,,,,,,,,,,,,,,
2013-12-11,MJ0351YNG9XN8A,Hitachi HDS5C3030ALA630,3000592982016,0,,0,,,,,,,,0,,,,,,9191,,,,,,,,,,,,,,,,,,,,,,,,,,,,,,30,,,,,,0,,,,,,,,,,,,,,,,,,,,,,,,,,,,
2013-12-11,WD-WCAWZ1737740,WDC WD30EZRX,3000592982016,0,,281,,,,,,,,0,,,,,,17619,,,,,,,,,,,,,,,,,,,,,,,,,,,,,,19,,,,,,0,,,,,,,,,,,,,,,,,,,,,,,,,,,,
2013-12-11,MJ0351YNG9YB7A,Hitachi HDS5C3030ALA630,3000592982016,0,,0,,,,,,,,0,,,,,,9956,,,,,,,,,,,,,,,,,,,,,,,,,,,,,,28,,,,,,0,,,,,,,,,,,,,,,,,,,,,,,,,,,,
2013-12-11,WD-WCC1T1258455,WDC WD30EFRX,3000592982016,0,,0,,,,,,,,0,,,,,,1019,,,,,,,,,,,,,,,,,,,,,,,,,,,,,,20,,,,,,0,,,,,,,,,,,,,,,,,,,,,,,,,,,,
2013-12-11,5XW0L4WM,ST32000542AS,2000398934016,0,,69334065,,,,,,,,110,,,,,,30888,,,,,,,,,,,,,,,,,,,,,,,,,,,,,,18,,,,,,0,,,,,,,,,,,,,,,,,,,,,,,,,,,,
2013-12-11,PL1310LAG0EBVA,Hitachi HDS5C4040ALE630,4000787030016,0,,0,,,,,,,,0,,,,,,12999,,,,,,,,,,,,,,,,,,,,,,,,,,,,,,24,,,,,,0,,,,,,,,,,,,,,,,,,,,,,,,,,,,
2013-12-11,MK0331YHGLJ1BA,Hitachi HDS723030ALA640,3000592982016,0,,0,,,,,,,,0,,,,,,17030,,,,,,,,,,,,,,,,,,,,,,,,,,,,,,32,,,,,,0,,,,,,,,,,,,,,,,,,,,,,,,,,,,
2013-12-11,W300BBQD,ST4000DM000,4000787030016,0,,184757840,,,,,,,,0,,,,,,3610,,,,,,,,,,,,,,,,,,,,,,,,,,,,,,24,,,,,,0,,,,,,,,,,,,,,,,,,,,,,,,,,,,
2013-12-11,S1F06THP,ST3000DM001,3000592982016,0,,239792776,,,,,,,,0,,,,,,13915,,,,,,,,,,,,,,,,,,,,,,,,,,,,,,21,,,,,,0,,,,,,,,,,,,,,,,,,,,,,,,,,,,
2013-12-11,JK1101B8KN9RHS,Hitachi HDS722020ALA330,2000398934016,0,,0,,,,,,,,0,,,,,,23099,,,,,,,,,,,,,,,,,,,,,,,,,,,,,,29,,,,,,0,,,,,,,,,,,,,,,,,,,,,,,,,,,,
2013-12-11,PL1311LAG2AK5H,Hitachi HDS5C4040ALE630,4000787030016,0,,0,,,,,,,,0,,,,,,7457,,,,,,,,,,,,,,,,,,,,,,,,,,,,,,26,,,,,,0,,,,,,,,,,,,,,,,,,,,,,,,,,,,
2013-12-11,MJ0351YNG9S34A,Hitachi HDS5C3030ALA630,3000592982016,0,,0,,,,,,,,0,,,,,,8093,,,,,,,,,,,,,,,,,,,,,,,,,,,,,,24,,,,,,0,,,,,,,,,,,,,,,,,,,,,,,,,,,,
2013-12-11,Z300XH85,ST4000DM000,4000787030016,0,,222960816,,,,,,,,0,,,,,,772,,,,,,,,,,,,,,,,,,,,,,,,,,,,,,22,,,,,,0,,,,,,,,,,,,,,,,,,,,,,,,,,,,
2013-12-11,Z300TT1Q,ST4000DM000,4000787030016,0,,80331984,,,,,,,,0,,,,,,918,,,,,,,,,,,,,,,,,,,,,,,,,,,,,,18,,,,,,0,,,,,,,,,,,,,,,,,,,,,,,,,,,,
2013-12-11,MJ1321YNG2NTYA,Hitachi HDS5C3030ALA630,3000592982016,0,,0,,,,,,,,0,,,,,,18594,,,,,,,,,,,,,,,,,,,,,,,,,,,,,,22,,,,,,0,,,,,,,,,,,,,,,,,,,,,,,,,,,,
2013-12-11,6XW14AHV,ST32000542AS,2000398934016,0,,174998563,,,,,,,,0,,,,,,27380,,,,,,,,,,,,,,,,,,,,,,,,,,,,,,29,,,,,,0,,,,,,,,,,,,,,,,,,,,,,,,,,,,
2013-12-11,PL1311LAG3ED1H,Hitachi HDS5C4040ALE630,4000787030016,0,,0,,,,,,,,0,,,,,,5933,,,,,,,,,,,,,,,,,,,,,,,,,,,,,,28,,,,,,0,,,,,,,,,,,,,,,,,,,,,,,,,,,,
2013-12-11,JK1101B9KNMP5F,Hitachi HDS722020ALA330,2000398934016,0,,4,,,,,,,,0,,,,,,23074,,,,,,,,,,,,,,,,,,,,,,,,,,,,,,32,,,,,,0,,,,,,,,,,,,,,,,,,,,,,,,,,,,
2013-12-11,JK1101B9JN576T,Hitachi HDS722020ALA330,2000398934016,0,,1,,,,,,,,0,,,,,,24099,,,,,,,,,,,,,,,,,,,,,,,,,,,,,,28,,,,,,0,,,,,,,,,,,,,,,,,,,,,,,,,,,,
2013-12-11,S1F07WZP,ST3000DM001,3000592982016,0,,33118968,,,,,,,,0,,,,,,13869,,,,,,,,,,,,,,,,,,,,,,,,,,,,,,22,,,,,,0,,,,,,,,,,,,,,,,,,,,,,,,,,,,
2013-12-11,WD-WCAWZ1567208,WDC WD30EZRX,3000592982016,0,,0,,,,,,,,0,,,,,,18013,,,,,,,,,,,,,,,,,,,,,,,,,,,,,,23,,,,,,0,,,,,,,,,,,,,,,,,,,,,,,,,,,,
2013-12-11,W300BBQ3,ST4000DM000,4000787030016,0,,43619232,,,,,,,,0,,,,,,3588,,,,,,,,,,,,,,,,,,,,,,,,,,,,,,25,,,,,,0,,,,,,,,,,,,,,,,,,,,,,,,,,,,
2013-12-11,JK11A8B9HZ1M0F,Hitachi HDS722020ALA330,2000398934016,0,,0,,,,,,,,0,,,,,,26328,,,,,,,,,,,,,,,,,,,,,,,,,,,,,,27,,,,,,0,,,,,,,,,,,,,,,,,,,,,,,,,,,,
2013-12-11,W1F09CNH,ST3000DM001,3000592982016,0,,195093272,,,,,,,,0,,,,,,14729,,,,,,,,,,,,,,,,,,,,,,,,,,,,,,26,,,,,,0,,,,,,,,,,,,,,,,,,,,,,,,,,,,
2013-12-11,PL1321LAG2ZWNH,Hitachi HDS5C4040ALE630,4000787030016,0,,0,,,,,,,,0,,,,,,6649,,,,,,,,,,,,,,,,,,,,,,,,,,,,,,22,,,,,,0,,,,,,,,,,,,,,,,,,,,,,,,,,,,
2013-12-11,6XW14WE4,ST32000542AS,2000398934016,0,,209704394,,,,,,,,0,,,,,,31706,,,,,,,,,,,,,,,,,,,,,,,,,,,,,,24,,,,,,0,,,,,,,,,,,,,,,,,,,,,,,,,,,,
2013-12-11,Z1F0L2VS,ST3000DM001,3000592982016,0,,151423376,,,,,,,,0,,,,,,11722,,,,,,,,,,,,,,,,,,,,,,,,,,,,,,26,,,,,,0,,,,,,,,,,,,,,,,,,,,,,,,,,,,
2013-12-11,S1F13K8E,ST3000DM001,3000592982016,0,,7280480,,,,,,,,0,,,,,,8652,,,,,,,,,,,,,,,,,,,,,,,,,,,,,,29,,,,,,0,,,,,,,,,,,,,,,,,,,,,,,,,,,,
2013-12-11,W300CY4T,ST4000DM000,4000787030016,0,,66944400,,,,,,,,0,,,,,,4167,,,,,,,,,,,,,,,,,,,,,,,,,,,,,,29,,,,,,0,,,,,,,,,,,,,,,,,,,,,,,,,,,,
2013-12-11,PL1311LAG3DUHH,Hitachi HDS5C4040ALE630,4000787030016,0,,0,,,,,,,,0,,,,,,5056,,,,,,,,,,,,,,,,,,,,,,,,,,,,,,32,,,,,,0,,,,,,,,,,,,,,,,,,,,,,,,,,,,
2013-12-11,5XW1E9WQ,ST31500541AS,1500301910016,0,,192899546,,,,,,,,0,,,,,,12239,,,,,,,,,,,,,,,,,,,,,,,,,,,,,,18,,,,,,0,,,,,,,,,,,,,,,,,,,,,,,,,,,,
2013-12-11,WD-WCAU47301829,WDC WD10EADS,1000204886016,0,,7,,,,,,,,0,,,,,,40603,,,,,,,,,,,,,,,,,,,,,,,,,,,,,,21,,,,,,0,,,,,,,,,,,,,,,,,,,,,,,,,,,,
2013-12-11,MJ0351YNGA6ZSA,Hitachi HDS5C3030ALA630,3000592982016,0,,0,,,,,,,,0,,,,,,8665,,,,,,,,,,,,,,,,,,,,,,,,,,,,,,26,,,,,,0,,,,,,,,,,,,,,,,,,,,,,,,,,,,
2013-12-11,5XW0LSVF,ST32000542AS,2000398934016,0,,222555974,,,,,,,,0,,,,,,15216,,,,,,,,,,,,,,,,,,,,,,,,,,,,,,25,,,,,,0,,,,,,,,,,,,,,,,,,,,,,,,,,,,
2013-12-11,MJ0351YNG9UNLA,Hitachi HDS5C3030ALA630,3000592982016,0,,0,,,,,,,,0,,,,,,7611,,,,,,,,,,,,,,,,,,,,,,,,,,,,,,22,,,,,,0,,,,,,,,,,,,,,,,,,,,,,,,,,,,
2013-12-11,S1F0C95J,ST3000DM001,3000592982016,0,,57973056,,,,,,,,0,,,,,,6029,,,,,,,,,,,,,,,,,,,,,,,,,,,,,,25,,,,,,0,,,,,,,,,,,,,,,,,,,,,,,,,,,,
2013-12-11,JK11A8YBKYTW8F,Hitachi HDS722020ALA330,2000398934016,0,,131072,,,,,,,,0,,,,,,27861,,,,,,,,,,,,,,,,,,,,,,,,,,,,,,25,,,,,,0,,,,,,,,,,,,,,,,,,,,,,,,,,,,
2013-12-11,W300B0PP,ST4000DM000,4000787030016,0,,8649032,,,,,,,,0,,,,,,4160,,,,,,,,,,,,,,,,,,,,,,,,,,,,,,23,,,,,,0,,,,,,,,,,,,,,,,,,,,,,,,,,,,
2013-12-11,PL1331LAGB4WHH,Hitachi HDS5C4040ALE630,4000787030016,0,,0,,,,,,,,0,,,,,,5077,,,,,,,,,,,,,,,,,,,,,,,,,,,,,,29,,,,,,0,,,,,,,,,,,,,,,,,,,,,,,,,,,,
2013-12-11,6XW1CGQ7,ST31500541AS,1500301910016,0,,136849820,,,,,,,,0,,,,,,11254,,,,,,,,,,,,,,,,,,,,,,,,,,,,,,29,,,,,,0,,,,,,,,,,,,,,,,,,,,,,,,,,,,
2013-12-11,W1F0WN8P,ST3000DM001,3000592982016,0,,143519648,,,,,,,,0,,,,,,10742,,,,,,,,,,,,,,,,,,,,,,,,,,,,,,23,,,,,,0,,,,,,,,,,,,,,,,,,,,,,,,,,,,
2013-12-11,PL1311LAG3B2KH,Hitachi HDS5C4040ALE630,4000787030016,0,,0,,,,,,,,0,,,,,,5962,,,,,,,,,,,,,,,,,,,,,,,,,,,,,,19,,,,,,0,,,,,,,,,,,,,,,,,,,,,,,,,,,,
2013-12-11,6XW04N61,ST31500541AS,1500301910016,0,,19190931,,,,,,,,0,,,,,,37066,,,,,,,,,,,,,,,,,,,,,,,,,,,,,,28,,,,,,0,,,,,,,,,,,,,,,,,,,,,,,,,,,,
2013-12-11,W300BLDQ,ST4000DM000,4000787030016,0,,220493080,,,,,,,,0,,,,,,4136,,,,,,,,,,,,,,,,,,,,,,,,,,,,,,22,,,,,,0,,,,,,,,,,,,,,,,,,,,,,,,,,,,
2013-12-11,JK1170YAJDAMLT,Hitachi HDS722020ALA330,2000398934016,0,,0,,,,,,,,0,,,,,,27871,,,,,,,,,,,,,,,,,,,,,,,,,,,,,,28,,,,,,0,,,,,,,,,,,,,,,,,,,,,,,,,,,,
2013-12-11,S1F0A55T,ST3000DM001,3000592982016,0,,58723632,,,,,,,,80,,,,,,12345,,,,,,,,,,,,,,,,,,,,,,,,,,,,,,23,,,,,,0,,,,,,,,,,,,,,,,,,,,,,,,,,,,
2013-12-11,WD-WCAV57900101,WDC WD10EADS,1000204886016,0,,0,,,,,,,,0,,,,,,19978,,,,,,,,,,,,,,,,,,,,,,,,,,,,,,31,,,,,,11,,,,,,,,,,,,,,,,,,,,,,,,,,,,
2013-12-11,JK11A8B9J71VDF,Hitachi HDS722020ALA330,2000398934016,0,,0,,,,,,,,0,,,,,,21477,,,,,,,,,,,,,,,,,,,,,,,,,,,,,,28,,,,,,0,,,,,,,,,,,,,,,,,,,,,,,,,,,,
2013-12-11,W1F0P0KA,ST3000DM001,3000592982016,0,,123932888,,,,,,,,0,,,,,,11020,,,,,,,,,,,,,,,,,,,,,,,,,,,,,,22,,,,,,0,,,,,,,,,,,,,,,,,,,,,,,,,,,,
2013-12-11,Z300J7ED,ST4000DM000,4000787030016,0,,793576,,,,,,,,0,,,,,,1227,,,,,,,,,,,,,,,,,,,,,,,,,,,,,,21,,,,,,0,,,,,,,,,,,,,,,,,,,,,,,,,,,,
2013-12-11,W3004XTE,ST4000DM000,4000787030016,0,,151125048,,,,,,,,0,,,,,,2874,,,,,,,,,,,,,,,,,,,,,,,,,,,,,,21,,,,,,0,,,,,,,,,,,,,,,,,,,,,,,,,,,,
2013-12-11,JK11A8B9J0P79F,Hitachi HDS722020ALA330,2000398934016,0,,0,,,,,,,,0,,,,,,26328,,,,,,,,,,,,,,,,,,,,,,,,,,,,,,25,,,,,,0,,,,,,,,,,,,,,,,,,,,,,,,,,,,
2013-12-11,Z300CXL8,ST4000DM000,4000787030016,0,,205766464,,,,,,,,0,,,,,,1297,,,,,,,,,,,,,,,,,,,,,,,,,,,,,,19,,,,,,0,,,,,,,,,,,,,,,,,,,,,,,,,,,,
2013-12-11,JK11A1YAJHETNV,Hitachi HDS722020ALA330,2000398934016,0,,0,,,,,,,,0,,,,,,28971,,,,,,,,,,,,,,,,,,,,,,,,,,,,,,31,,,,,,0,,,,,,,,,,,,,,,,,,,,,,,,,,,,
2013-12-11,JK1101B9KNKTWF,Hitachi HDS722020ALA330,2000398934016,0,,0,,,,,,,,0,,,,,,23098,,,,,,,,,,,,,,,,,,,,,,,,,,,,,,29,,,,,,0,,,,,,,,,,,,,,,,,,,,,,,,,,,,
2013-12-11,JK11A8B9J8DMNF,Hitachi HDS722020ALA330,2000398934016,0,,0,,,,,,,,0,,,,,,26011,,,,,,,,,,,,,,,,,,,,,,,,,,,,,,25,,,,,,0,,,,,,,,,,,,,,,,,,,,,,,,,,,,
2013-12-11,MJ1311YNG7HGKA,Hitachi HDS5C3030ALA630,3000592982016,0,,0,,,,,,,,0,,,,,,14621,,,,,,,,,,,,,,,,,,,,,,,,,,,,,,23,,,,,,0,,,,,,,,,,,,,,,,,,,,,,,,,,,,
2013-12-11,PL1321LAGAVXEH,Hitachi HDS5C4040ALE630,4000787030016,0,,0,,,,,,,,0,,,,,,5077,,,,,,,,,,,,,,,,,,,,,,,,,,,,,,26,,,,,,0,,,,,,,,,,,,,,,,,,,,,,,,,,,,
2013-12-11,PL1311LAG26BUA,Hitachi HDS5C4040ALE630,4000787030016,0,,0,,,,,,,,0,,,,,,7404,,,,,,,,,,,,,,,,,,,,,,,,,,,,,,27,,,,,,0,,,,,,,,,,,,,,,,,,,,,,,,,,,,
2013-12-11,JK1105B8GGADKX,Hitachi HDS722020ALA330,2000398934016,0,,0,,,,,,,,1,,,,,,27160,,,,,,,,,,,,,,,,,,,,,,,,,,,,,,29,,,,,,0,,,,,,,,,,,,,,,,,,,,,,,,,,,,
2013-12-11,6XW038FD,ST31500541AS,1500301910016,0,,68266166,,,,,,,,0,,,,,,36638,,,,,,,,,,,,,,,,,,,,,,,,,,,,,,24,,,,,,0,,,,,,,,,,,,,,,,,,,,,,,,,,,,
2013-12-11,MJ1323YNG18ZRC,Hitachi HDS5C3030ALA630,3000592982016,0,,0,,,,,,,,0,,,,,,20503,,,,,,,,,,,,,,,,,,,,,,,,,,,,,,27,,,,,,0,,,,,,,,,,,,,,,,,,,,,,,,,,,,
2013-12-11,WD-WCAWZ1322664,WDC WD30EZRX,3000592982016,0,,0,,,,,,,,0,,,,,,17597,,,,,,,,,,,,,,,,,,,,,,,,,,,,,,22,,,,,,0,,,,,,,,,,,,,,,,,,,,,,,,,,,,
2013-12-11,JK11A8YBKRS18F,Hitachi HDS722020ALA330,2000398934016,0,,0,,,,,,,,0,,,,,,27845,,,,,,,,,,,,,,,,,,,,,,,,,,,,,,30,,,,,,0,,,,,,,,,,,,,,,,,,,,,,,,,,,,
2013-12-11,Z300LNPW,ST4000DM000,4000787030016,0,,13865712,,,,,,,,0,,,,,,1227,,,,,,,,,,,,,,,,,,,,,,,,,,,,,,20,,,,,,0,,,,,,,,,,,,,,,,,,,,,,,,,,,,
2013-12-11,PL1311LAG2AJGH,Hitachi HDS5C4040ALE630,4000787030016,0,,0,,,,,,,,0,,,,,,6993,,,,,,,,,,,,,,,,,,,,,,,,,,,,,,25,,,,,,0,,,,,,,,,,,,,,,,,,,,,,,,,,,,
2013-12-11,Z290WASV,ST33000651AS,3000592982016,0,,98767712,,,,,,,,0,,,,,,18073,,,,,,,,,,,,,,,,,,,,,,,,,,,,,,28,,,,,,0,,,,,,,,,,,,,,,,,,,,,,,,,,,,
2013-12-11,MK0311YHGJDHMA,Hitachi HDS723030ALA640,3000592982016,0,,65536,,,,,,,,0,,,,,,21460,,,,,,,,,,,,,,,,,,,,,,,,,,,,,,25,,,,,,9,,,,,,,,,,,,,,,,,,,,,,,,,,,,
2013-12-11,5XW1TWEZ,ST32000542AS,2000398934016,0,,228767958,,,,,,,,0,,,,,,13012,,,,,,,,,,,,,,,,,,,,,,,,,,,,,,25,,,,,,0,,,,,,,,,,,,,,,,,,,,,,,,,,,,
2013-12-11,JK11A8B9J2WJKF,Hitachi HDS722020ALA330,2000398934016,0,,0,,,,,,,,0,,,,,,24501,,,,,,,,,,,,,,,,,,,,,,,,,,,,,,30,,,,,,0,,,,,,,,,,,,,,,,,,,,,,,,,,,,
2013-12-11,PL1311LAG38G0H,Hitachi HDS5C4040ALE630,4000787030016,0,,0,,,,,,,,0,,,,,,6654,,,,,,,,,,,,,,,,,,,,,,,,,,,,,,18,,,,,,0,,,,,,,,,,,,,,,,,,,,,,,,,,,,
2013-12-11,W1F08HAV,ST3000DM001,3000592982016,0,,115955880,,,,,,,,0,,,,,,14708,,,,,,,,,,,,,,,,,,,,,,,,,,,,,,25,,,,,,0,,,,,,,,,,,,,,,,,,,,,,,,,,,,
2013-12-11,S1F0GNMK,ST3000DM001,3000592982016,0,,11673776,,,,,,,,0,,,,,,12174,,,,,,,,,,,,,,,,,,,,,,,,,,,,,,30,,,,,,0,,,,,,,,,,,,,,,,,,,,,,,,,,,,
2013-12-11,WD-WCAU47276225,WDC WD10EADS,1000204886016,0,,0,,,,,,,,0,,,,,,40534,,,,,,,,,,,,,,,,,,,,,,,,,,,,,,22,,,,,,0,,,,,,,,,,,,,,,,,,,,,,,,,,,,
2013-12-11,JK1101B9J2W4WF,Hitachi HDS722020ALA330,2000398934016,0,,0,,,,,,,,0,,,,,,24213,,,,,,,,,,,,,,,,,,,,,,,,,,,,,,24,,,,,,0,,,,,,,,,,,,,,,,,,,,,,,,,,,,
2013-12-11,6XW038F1,ST31500541AS,1500301910016,0,,154530750,,,,,,,,0,,,,,,36625,,,,,,,,,,,,,,,,,,,,,,,,,,,,,,26,,,,,,0,,,,,,,,,,,,,,,,,,,,,,,,,,,,
2013-12-11,MJ1323YNG18AYC,Hitachi HDS5C3030ALA630,3000592982016,0,,0,,,,,,,,0,,,,,,20509,,,,,,,,,,,,,,,,,,,,,,,,,,,,,,23,,,,,,0,,,,,,,,,,,,,,,,,,,,,,,,,,,,
2013-12-11,Z1F0MYCF,ST3000DM001,3000592982016,0,,123616336,,,,,,,,0,,,,,,11686,,,,,,,,,,,,,,,,,,,,,,,,,,,,,,23,,,,,,0,,,,,,,,,,,,,,,,,,,,,,,,,,,,
2013-12-11,9XW0242X,ST31500541AS,1500301910016,0,,240241416,,,,,,,,0,,,,,,35747,,,,,,,,,,,,,,,,,,,,,,,,,,,,,,21,,,,,,0,,,,,,,,,,,,,,,,,,,,,,,,,,,,
2013-12-11,PL1321LAG35DGH,Hitachi HDS5C4040ALE630,4000787030016,0,,0,,,,,,,,0,,,,,,5959,,,,,,,,,,,,,,,,,,,,,,,,,,,,,,20,,,,,,0,,,,,,,,,,,,,,,,,,,,,,,,,,,,
2013-12-11,W1F0APQR,ST3000DM001,3000592982016,0,,39101968,,,,,,,,0,,,,,,13362,,,,,,,,,,,,,,,,,,,,,,,,,,,,,,22,,,,,,0,,,,,,,,,,,,,,,,,,,,,,,,,,,,
2013-12-11,S1F053BV,ST3000DM001,3000592982016,0,,26203768,,,,,,,,0,,,,,,13362,,,,,,,,,,,,,,,,,,,,,,,,,,,,,,20,,,,,,0,,,,,,,,,,,,,,,,,,,,,,,,,,,,
2013-12-11,MJ0351YNGAAHSA,Hitachi HDS5C3030ALA630,3000592982016,0,,0,,,,,,,,0,,,,,,8612,,,,,,,,,,,,,,,,,,,,,,,,,,,,,,33,,,,,,0,,,,,,,,,,,,,,,,,,,,,,,,,,,,
2013-12-11,JK1175YAHU2ZAX,Hitachi HDS722020ALA330,2000398934016,0,,0,,,,,,,,0,,,,,,30501,,,,,,,,,,,,,,,,,,,,,,,,,,,,,,33,,,,,,0,,,,,,,,,,,,,,,,,,,,,,,,,,,,
2013-12-11,PL1321LAG342JH,Hitachi HDS5C4040ALE630,4000787030016,0,,0,,,,,,,,0,,,,,,5668,,,,,,,,,,,,,,,,,,,,,,,,,,,,,,18,,,,,,0,,,,,,,,,,,,,,,,,,,,,,,,,,,,
2013-12-11,PL1321LAG34GUH,Hitachi HDS5C4040ALE630,4000787030016,0,,0,,,,,,,,0,,,,,,6652,,,,,,,,,,,,,,,,,,,,,,,,,,,,,,26,,,,,,0,,,,,,,,,,,,,,,,,,,,,,,,,,,,
2013-12-11,MJ1311YNG60Z3A,Hitachi HDS5C3030ALA630,3000592982016,0,,0,,,,,,,,0,,,,,,14621,,,,,,,,,,,,,,,,,,,,,,,,,,,,,,24,,,,,,0,,,,,,,,,,,,,,,,,,,,,,,,,,,,
2013-12-11,Z300KMXX,ST4000DM000,4000787030016,0,,206319136,,,,,,,,0,,,,,,1848,,,,,,,,,,,,,,,,,,,,,,,,,,,,,,21,,,,,,0,,,,,,,,,,,,,,,,,,,,,,,,,,,,
2013-12-11,JK11A8B9J9KY0F,Hitachi HDS722020ALA330,2000398934016,0,,0,,,,,,,,0,,,,,,24983,,,,,,,,,,,,,,,,,,,,,,,,,,,,,,27,,,,,,0,,,,,,,,,,,,,,,,,,,,,,,,,,,,
2013-12-11,PL2321LAGARYHJ,Hitachi HDS5C4040ALE630,4000787030016,0,,0,,,,,,,,0,,,,,,5077,,,,,,,,,,,,,,,,,,,,,,,,,,,,,,24,,,,,,0,,,,,,,,,,,,,,,,,,,,,,,,,,,,
2013-12-11,JK1101B9GE3Y2F,Hitachi HDS722020ALA330,2000398934016,0,,65536,,,,,,,,0,,,,,,26763,,,,,,,,,,,,,,,,,,,,,,,,,,,,,,28,,,,,,0,,,,,,,,,,,,,,,,,,,,,,,,,,,,
2013-12-11,PL2311LAG1RDGC,Hitachi HDS5C4040ALE630,4000787030016,0,,0,,,,,,,,0,,,,,,7419,,,,,,,,,,,,,,,,,,,,,,,,,,,,,,18,,,,,,0,,,,,,,,,,,,,,,,,,,,,,,,,,,,
2013-12-11,S1F05WBZ,ST3000DM001,3000592982016,0,,109780728,,,,,,,,0,,,,,,14237,,,,,,,,,,,,,,,,,,,,,,,,,,,,,,22,,,,,,0,,,,,,,,,,,,,,,,,,,,,,,,,,,,
2013-12-11,MJ0351YNGA480A,Hitachi HDS5C3030ALA630,3000592982016,0,,0,,,,,,,,0,,,,,,8545,,,,,,,,,,,,,,,,,,,,,,,,,,,,,,29,,,,,,0,,,,,,,,,,,,,,,,,,,,,,,,,,,,
2013-12-11,PL1311LAG3D4PH,Hitachi HDS5C4040ALE630,4000787030016,0,,0,,,,,,,,0,,,,,,5925,,,,,,,,,,,,,,,,,,,,,,,,,,,,,,19,,,,,,0,,,,,,,,,,,,,,,,,,,,,,,,,,,,
2013-12-11,JK1105B8GG491X,Hitachi HDS722020ALA330,2000398934016,0,,65536,,,,,,,,0,,,,,,26859,,,,,,,,,,,,,,,,,,,,,,,,,,,,,,34,,,,,,0,,,,,,,,,,,,,,,,,,,,,,,,,,,,
2013-12-11,S1F0FME5,ST3000DM001,3000592982016,0,,134278536,,,,,,,,0,,,,,,11722,,,,,,,,,,,,,,,,,,,,,,,,,,,,,,23,,,,,,0,,,,,,,,,,,,,,,,,,,,,,,,,,,,
2013-12-11,W1F0P260,ST3000DM001,3000592982016,0,,112142560,,,,,,,,0,,,,,,11024,,,,,,,,,,,,,,,,,,,,,,,,,,,,,,25,,,,,,0,,,,,,,,,,,,,,,,,,,,,,,,,,,,
2013-12-11,JK11A8B9GDZRAF,Hitachi HDS722020ALA330,2000398934016,0,,0,,,,,,,,0,,,,,,26764,,,,,,,,,,,,,,,,,,,,,,,,,,,,,,27,,,,,,0,,,,,,,,,,,,,,,,,,,,,,,,,,,,
2013-12-11,Z1F06511,ST3000DM001,3000592982016,0,,173002664,,,,,,,,0,,,,,,13088,,,,,,,,,,,,,,,,,,,,,,,,,,,,,,19,,,,,,0,,,,,,,,,,,,,,,,,,,,,,,,,,,,
2013-12-11,JK11A8B9J398YF,Hitachi HDS722020ALA330,2000398934016,0,,131072,,,,,,,,0,,,,,,24431,,,,,,,,,,,,,,,,,,,,,,,,,,,,,,28,,,,,,0,,,,,,,,,,,,,,,,,,,,,,,,,,,,
2013-12-11,JK11A8B9J649YF,Hitachi HDS722020ALA330,2000398934016,0,,0,,,,,,,,0,,,,,,22687,,,,,,,,,,,,,,,,,,,,,,,,,,,,,,23,,,,,,0,,,,,,,,,,,,,,,,,,,,,,,,,,,,
2013-12-11,Z1F0C4Q1,ST3000DM001,3000592982016,0,,128014368,,,,,,,,0,,,,,,14123,,,,,,,,,,,,,,,,,,,,,,,,,,,,,,21,,,,,,0,,,,,,,,,,,,,,,,,,,,,,,,,,,,
2013-12-11,W1F0AYK5,ST3000DM001,3000592982016,0,,196244384,,,,,,,,0,,,,,,13824,,,,,,,,,,,,,,,,,,,,,,,,,,,,,,21,,,,,,0,,,,,,,,,,,,,,,,,,,,,,,,,,,,
2013-12-11,MJ1311YNG2YXKA,Hitachi HDS5C3030ALA630,3000592982016,0,,0,,,,,,,,0,,,,,,19325,,,,,,,,,,,,,,,,,,,,,,,,,,,,,,26,,,,,,0,,,,,,,,,,,,,,,,,,,,,,,,,,,,
2013-12-11,W1F09140,ST3000DM001,3000592982016,0,,98895496,,,,,,,,0,,,,,,14731,,,,,,,,,,,,,,,,,,,,,,,,,,,,,,25,,,,,,0,,,,,,,,,,,,,,,,,,,,,,,,,,,,
2013-12-11,S1F05NR8,ST3000DM001,3000592982016,0,,58872960,,,,,,,,0,,,,,,12362,,,,,,,,,,,,,,,,,,,,,,,,,,,,,,25,,,,,,0,,,,,,,,,,,,,,,,,,,,,,,,,,,,
2013-12-11,MJ0351YNG9YMUA,Hitachi HDS5C3030ALA630,3000592982016,0,,0,,,,,,,,0,,,,,,9772,,,,,,,,,,,,,,,,,,,,,,,,,,,,,,28,,,,,,0,,,,,,,,,,,,,,,,,,,,,,,,,,,,
2013-12-11,Z1Z04PR0,ST4000DX000,4000787030016,0,,105912273,,,,,,,,0,,,,,,5379,,,,,,,,,,,,,,,,,,,,,,,,,,,,,,26,,,,,,0,,,,,,,,,,,,,,,,,,,,,,,,,,,,
2013-12-11,PL1321LAG3538H,Hitachi HDS5C4040ALE630,4000787030016,0,,0,,,,,,,,0,,,,,,6654,,,,,,,,,,,,,,,,,,,,,,,,,,,,,,19,,,,,,0,,,,,,,,,,,,,,,,,,,,,,,,,,,,
2013-12-11,S1F0LD2C,ST3000DM001,3000592982016,0,,149876344,,,,,,,,0,,,,,,12319,,,,,,,,,,,,,,,,,,,,,,,,,,,,,,28,,,,,,0,,,,,,,,,,,,,,,,,,,,,,,,,,,,
2013-12-11,MJ1311YNG4WVDA,Hitachi HDS5C3030ALA630,3000592982016,0,,0,,,,,,,,0,,,,,,14331,,,,,,,,,,,,,,,,,,,,,,,,,,,,,,34,,,,,,0,,,,,,,,,,,,,,,,,,,,,,,,,,,,
2013-12-11,PL1311LAG1GN1A,Hitachi HDS5C4040ALE630,4000787030016,0,,0,,,,,,,,0,,,,,,7461,,,,,,,,,,,,,,,,,,,,,,,,,,,,,,26,,,,,,0,,,,,,,,,,,,,,,,,,,,,,,,,,,,
2013-12-11,S1F10QH3,ST3000DM001,3000592982016,0,,204687216,,,,,,,,0,,,,,,8163,,,,,,,,,,,,,,,,,,,,,,,,,,,,,,27,,,,,,0,,,,,,,,,,,,,,,,,,,,,,,,,,,,
2013-12-11,S1F0TP9E,ST3000DM001,3000592982016,0,,40726992,,,,,,,,0,,,,,,10837,,,,,,,,,,,,,,,,,,,,,,,,,,,,,,24,,,,,,0,,,,,,,,,,,,,,,,,,,,,,,,,,,,
2013-12-11,9XW023HH,ST31500541AS,1500301910016,0,,164465569,,,,,,,,0,,,,,,35042,,,,,,,,,,,,,,,,,,,,,,,,,,,,,,19,,,,,,0,,,,,,,,,,,,,,,,,,,,,,,,,,,,
2013-12-11,PL1311LAG2AVGH,Hitachi HDS5C4040ALE630,4000787030016,0,,0,,,,,,,,0,,,,,,7386,,,,,,,,,,,,,,,,,,,,,,,,,,,,,,24,,,,,,0,,,,,,,,,,,,,,,,,,,,,,,,,,,,
2013-12-11,JK1101B8KNDRKS,Hitachi HDS722020ALA330,2000398934016,0,,0,,,,,,,,0,,,,,,22862,,,,,,,,,,,,,,,,,,,,,,,,,,,,,,28,,,,,,0,,,,,,,,,,,,,,,,,,,,,,,,,,,,
2013-12-11,MJ1311YNG783PA,Hitachi HDS5C3030ALA630,3000592982016,0,,0,,,,,,,,0,,,,,,14290,,,,,,,,,,,,,,,,,,,,,,,,,,,,,,27,,,,,,0,,,,,,,,,,,,,,,,,,,,,,,,,,,,
2013-12-11,JK11A8B9J7XAPF,Hitachi HDS722020ALA330,2000398934016,0,,1,,,,,,,,0,,,,,,26004,,,,,,,,,,,,,,,,,,,,,,,,,,,,,,29,,,,,,0,,,,,,,,,,,,,,,,,,,,,,,,,,,,
2013-12-11,W1F0X478,ST3000DM001,3000592982016,0,,121674192,,,,,,,,0,,,,,,11621,,,,,,,,,,,,,,,,,,,,,,,,,,,,,,20,,,,,,0,,,,,,,,,,,,,,,,,,,,,,,,,,,,
2013-12-11,W3008ZKJ,ST4000DM000,4000787030016,0,,129226104,,,,,,,,0,,,,,,4140,,,,,,,,,,,,,,,,,,,,,,,,,,,,,,23,,,,,,0,,,,,,,,,,,,,,,,,,,,,,,,,,,,
2013-12-11,MJ0351YNGA8X5A,Hitachi HDS5C3030ALA630,3000592982016,0,,0,,,,,,,,0,,,,,,8639,,,,,,,,,,,,,,,,,,,,,,,,,,,,,,30,,,,,,0,,,,,,,,,,,,,,,,,,,,,,,,,,,,
2013-12-11,5XW06ZG6,ST31500541AS,1500301910016,0,,130977289,,,,,,,,0,,,,,,20135,,,,,,,,,,,,,,,,,,,,,,,,,,,,,,20,,,,,,0,,,,,,,,,,,,,,,,,,,,,,,,,,,,
2013-12-11,W1F0X47B,ST3000DM001,3000592982016,0,,54746832,,,,,,,,0,,,,,,11641,,,,,,,,,,,,,,,,,,,,,,,,,,,,,,25,,,,,,0,,,,,,,,,,,,,,,,,,,,,,,,,,,,
2013-12-11,W1F08PYR,ST3000DM001,3000592982016,0,,147877320,,,,,,,,0,,,,,,15343,,,,,,,,,,,,,,,,,,,,,,,,,,,,,,28,,,,,,0,,,,,,,,,,,,,,,,,,,,,,,,,,,,
2013-12-11,MJ1311YNG3EAMA,Hitachi HDS5C3030ALA630,3000592982016,0,,0,,,,,,,,0,,,,,,18928,,,,,,,,,,,,,,,,,,,,,,,,,,,,,,28,,,,,,0,,,,,,,,,,,,,,,,,,,,,,,,,,,,
2013-12-11,Z1F00MWR,ST3000DM001,3000592982016,0,,15315176,,,,,,,,0,,,,,,3347,,,,,,,,,,,,,,,,,,,,,,,,,,,,,,26,,,,,,0,,,,,,,,,,,,,,,,,,,,,,,,,,,,
2013-12-11,W1F0X47W,ST3000DM001,3000592982016,0,,115163080,,,,,,,,0,,,,,,11639,,,,,,,,,,,,,,,,,,,,,,,,,,,,,,27,,,,,,0,,,,,,,,,,,,,,,,,,,,,,,,,,,,
2013-12-11,W300BD98,ST4000DM000,4000787030016,0,,54235096,,,,,,,,0,,,,,,1703,,,,,,,,,,,,,,,,,,,,,,,,,,,,,,21,,,,,,0,,,,,,,,,,,,,,,,,,,,,,,,,,,,
2013-12-11,PL1311LAG3DRJH,Hitachi HDS5C4040ALE630,4000787030016,0,,0,,,,,,,,0,,,,,,6654,,,,,,,,,,,,,,,,,,,,,,,,,,,,,,21,,,,,,0,,,,,,,,,,,,,,,,,,,,,,,,,,,,
2013-12-11,MJ1311YNG0NTTA,Hitachi HDS5C3030ALA630,3000592982016,0,,0,,,,,,,,0,,,,,,18362,,,,,,,,,,,,,,,,,,,,,,,,,,,,,,25,,,,,,0,,,,,,,,,,,,,,,,,,,,,,,,,,,,
2013-12-11,9XW0243B,ST31500541AS,1500301910016,0,,71598261,,,,,,,,0,,,,,,31054,,,,,,,,,,,,,,,,,,,,,,,,,,,,,,15,,,,,,0,,,,,,,,,,,,,,,,,,,,,,,,,,,,
2013-12-11,6XW017TG,ST31500541AS,1500301910016,0,,219227178,,,,,,,,0,,,,,,36644,,,,,,,,,,,,,,,,,,,,,,,,,,,,,,20,,,,,,0,,,,,,,,,,,,,,,,,,,,,,,,,,,,
2013-12-11,PL2311LAG1PN3C,Hitachi HDS5C4040ALE630,4000787030016,0,,0,,,,,,,,0,,,,,,7400,,,,,,,,,,,,,,,,,,,,,,,,,,,,,,28,,,,,,0,,,,,,,,,,,,,,,,,,,,,,,,,,,,
2013-12-11,S1F0T1AC,ST3000DM001,3000592982016,0,,108973552,,,,,,,,0,,,,,,10727,,,,,,,,,,,,,,,,,,,,,,,,,,,,,,26,,,,,,0,,,,,,,,,,,,,,,,,,,,,,,,,,,,
2013-12-11,JK11A8B9J3A7UF,Hitachi HDS722020ALA330,2000398934016,0,,0,,,,,,,,0,,,,,,24493,,,,,,,,,,,,,,,,,,,,,,,,,,,,,,29,,,,,,0,,,,,,,,,,,,,,,,,,,,,,,,,,,,
2013-12-11,MJ0351YNG9TRAA,Hitachi HDS5C3030ALA630,3000592982016,0,,0,,,,,,,,0,,,,,,9913,,,,,,,,,,,,,,,,,,,,,,,,,,,,,,35,,,,,,0,,,,,,,,,,,,,,,,,,,,,,,,,,,,
2013-12-11,MJ1323YNG1GJGC,Hitachi HDS5C3030ALA630,3000592982016,0,,0,,,,,,,,0,,,,,,18065,,,,,,,,,,,,,,,,,,,,,,,,,,,,,,28,,,,,,0,,,,,,,,,,,,,,,,,,,,,,,,,,,,
2013-12-11,JK11A8B9J0BNRF,Hitachi HDS722020ALA330,2000398934016,0,,65536,,,,,,,,0,,,,,,26145,,,,,,,,,,,,,,,,,,,,,,,,,,,,,,29,,,,,,0,,,,,,,,,,,,,,,,,,,,,,,,,,,,
2013-12-11,5YD96P6M,ST1500DL003,1500301910016,0,,37389840,,,,,,,,0,,,,,,9584,,,,,,,,,,,,,,,,,,,,,,,,,,,,,,18,,,,,,0,,,,,,,,,,,,,,,,,,,,,,,,,,,,
2013-12-11,MJ1323YNG1R0NC,Hitachi HDS5C3030ALA630,3000592982016,0,,0,,,,,,,,0,,,,,,19629,,,,,,,,,,,,,,,,,,,,,,,,,,,,,,25,,,,,,0,,,,,,,,,,,,,,,,,,,,,,,,,,,,
2013-12-11,MJ1321YNG0PEWA,Hitachi HDS5C3030ALA630,3000592982016,0,,0,,,,,,,,0,,,,,,20507,,,,,,,,,,,,,,,,,,,,,,,,,,,,,,24,,,,,,0,,,,,,,,,,,,,,,,,,,,,,,,,,,,
2013-12-11,JK1101B9JRMRKF,Hitachi HDS722020ALA330,2000398934016,0,,0,,,,,,,,2,,,,,,23580,,,,,,,,,,,,,,,,,,,,,,,,,,,,,,26,,,,,,0,,,,,,,,,,,,,,,,,,,,,,,,,,,,
2013-12-11,JK11A8B9J7AKJF,Hitachi HDS722020ALA330,2000398934016,0,,65537,,,,,,,,21,,,,,,22698,,,,,,,,,,,,,,,,,,,,,,,,,,,,,,28,,,,,,0,,,,,,,,,,,,,,,,,,,,,,,,,,,,
2013-12-11,9VS3J9AE,ST31500341AS,1500301910016,0,,8083138,,,,,,,,5,,,,,,32919,,,,,,,,,,,,,,,,,,,,,,,,,,,,,,22,,,,,,0,,,,,,,,,,,,,,,,,,,,,,,,,,,,
2013-12-11,W300HXR6,ST4000DM000,4000787030016,0,,239443488,,,,,,,,0,,,,,,2239,,,,,,,,,,,,,,,,,,,,,,,,,,,,,,18,,,,,,0,,,,,,,,,,,,,,,,,,,,,,,,,,,,
2013-12-11,Z300NML0,ST4000DM000,4000787030016,0,,21581208,,,,,,,,0,,,,,,1093,,,,,,,,,,,,,,,,,,,,,,,,,,,,,,29,,,,,,0,,,,,,,,,,,,,,,,,,,,,,,,,,,,
2013-12-11,MJ0351YNG9TW4A,Hitachi HDS5C3030ALA630,3000592982016,0,,0,,,,,,,,0,,,,,,8506,,,,,,,,,,,,,,,,,,,,,,,,,,,,,,24,,,,,,0,,,,,,,,,,,,,,,,,,,,,,,,,,,,
2013-12-11,JK1171YBJUX6JF,Hitachi HDS722020ALA330,2000398934016,0,,0,,,,,,,,0,,,,,,29668,,,,,,,,,,,,,,,,,,,,,,,,,,,,,,30,,,,,,0,,,,,,,,,,,,,,,,,,,,,,,,,,,,
2013-12-11,W300KMBN,ST4000DM000,4000787030016,0,,162780152,,,,,,,,0,,,,,,948,,,,,,,,,,,,,,,,,,,,,,,,,,,,,,19,,,,,,0,,,,,,,,,,,,,,,,,,,,,,,,,,,,
2013-12-11,PL1311LAG2B09H,Hitachi HDS5C4040ALE630,4000787030016,0,,0,,,,,,,,0,,,,,,7386,,,,,,,,,,,,,,,,,,,,,,,,,,,,,,24,,,,,,0,,,,,,,,,,,,,,,,,,,,,,,,,,,,
2013-12-11,MJ0351YNGA2DKA,Hitachi HDS5C3030ALA630,3000592982016,0,,0,,,,,,,,0,,,,,,9901,,,,,,,,,,,,,,,,,,,,,,,,,,,,,,29,,,,,,0,,,,,,,,,,,,,,,,,,,,,,,,,,,,
2013-12-11,S1F0A613,ST3000DM001,3000592982016,0,,164461416,,,,,,,,0,,,,,,12875,,,,,,,,,,,,,,,,,,,,,,,,,,,,,,27,,,,,,0,,,,,,,,,,,,,,,,,,,,,,,,,,,,
2013-12-11,PL1311LAG1Z74A,Hitachi HDS5C4040ALE630,4000787030016,0,,0,,,,,,,,0,,,,,,6075,,,,,,,,,,,,,,,,,,,,,,,,,,,,,,19,,,,,,0,,,,,,,,,,,,,,,,,,,,,,,,,,,,
2013-12-11,Z300P869,ST4000DM000,4000787030016,0,,187859064,,,,,,,,0,,,,,,1231,,,,,,,,,,,,,,,,,,,,,,,,,,,,,,21,,,,,,0,,,,,,,,,,,,,,,,,,,,,,,,,,,,
2013-12-11,WD-WCAWZ1346548,WDC WD30EZRX,3000592982016,0,,0,,,,,,,,0,,,,,,16127,,,,,,,,,,,,,,,,,,,,,,,,,,,,,,20,,,,,,0,,,,,,,,,,,,,,,,,,,,,,,,,,,,
2013-12-11,Z300GYW0,ST4000DM000,4000787030016,0,,159332424,,,,,,,,0,,,,,,3588,,,,,,,,,,,,,,,,,,,,,,,,,,,,,,22,,,,,,0,,,,,,,,,,,,,,,,,,,,,,,,,,,,
2013-12-11,Z300GYW3,ST4000DM000,4000787030016,0,,188531272,,,,,,,,0,,,,,,3627,,,,,,,,,,,,,,,,,,,,,,,,,,,,,,21,,,,,,0,,,,,,,,,,,,,,,,,,,,,,,,,,,,
2013-12-11,MK0331YHGSAAEA,Hitachi HDS723030ALA640,3000592982016,0,,0,,,,,,,,0,,,,,,17033,,,,,,,,,,,,,,,,,,,,,,,,,,,,,,30,,,,,,0,,,,,,,,,,,,,,,,,,,,,,,,,,,,
2013-12-11,JK11A8YBKY54NF,Hitachi HDS722020ALA330,2000398934016,0,,0,,,,,,,,0,,,,,,27871,,,,,,,,,,,,,,,,,,,,,,,,,,,,,,25,,,,,,0,,,,,,,,,,,,,,,,,,,,,,,,,,,,
2013-12-11,9VS5AC4L,ST31500341AS,1500301910016,0,,116454442,,,,,,,,0,,,,,,12035,,,,,,,,,,,,,,,,,,,,,,,,,,,,,,32,,,,,,0,,,,,,,,,,,,,,,,,,,,,,,,,,,,
2013-12-11,WD-WCAU45656958,WDC WD10EADS,1000204886016,0,,2,,,,,,,,0,,,,,,41133,,,,,,,,,,,,,,,,,,,,,,,,,,,,,,27,,,,,,0,,,,,,,,,,,,,,,,,,,,,,,,,,,,
2013-12-11,S1F0CWDQ,ST3000DM001,3000592982016,0,,163986248,,,,,,,,0,,,,,,12356,,,,,,,,,,,,,,,,,,,,,,,,,,,,,,23,,,,,,0,,,,,,,,,,,,,,,,,,,,,,,,,,,,
2013-12-11,MK0311YHGKKEPA,Hitachi HDS723030ALA640,3000592982016,0,,0,,,,,,,,0,,,,,,16660,,,,,,,,,,,,,,,,,,,,,,,,,,,,,,23,,,,,,0,,,,,,,,,,,,,,,,,,,,,,,,,,,,
2013-12-11,S1F0CWDY,ST3000DM001,3000592982016,0,,194828120,,,,,,,,0,,,,,,12362,,,,,,,,,,,,,,,,,,,,,,,,,,,,,,26,,,,,,0,,,,,,,,,,,,,,,,,,,,,,,,,,,,
2013-12-11,Z300GYWR,ST4000DM000,4000787030016,0,,31207896,,,,,,,,0,,,,,,3582,,,,,,,,,,,,,,,,,,,,,,,,,,,,,,26,,,,,,0,,,,,,,,,,,,,,,,,,,,,,,,,,,,
2013-12-11,W1F0AP6V,ST3000DM001,3000592982016,0,,77397984,,,,,,,,0,,,,,,13340,,,,,,,,,,,,,,,,,,,,,,,,,,,,,,26,,,,,,0,,,,,,,,,,,,,,,,,,,,,,,,,,,,
2013-12-11,Z300GYWX,ST4000DM000,4000787030016,0,,83788584,,,,,,,,0,,,,,,3584,,,,,,,,,,,,,,,,,,,,,,,,,,,,,,25,,,,,,0,,,,,,,,,,,,,,,,,,,,,,,,,,,,
2013-12-11,Z300GYWZ,ST4000DM000,4000787030016,0,,114903744,,,,,,,,0,,,,,,3630,,,,,,,,,,,,,,,,,,,,,,,,,,,,,,23,,,,,,0,,,,,,,,,,,,,,,,,,,,,,,,,,,,
2013-12-11,W1F0WBTM,ST3000DM001,3000592982016,0,,185564528,,,,,,,,0,,,,,,10539,,,,,,,,,,,,,,,,,,,,,,,,,,,,,,22,,,,,,0,,,,,,,,,,,,,,,,,,,,,,,,,,,,
2013-12-11,S1F0CWD2,ST3000DM001,3000592982016,0,,125631320,,,,,,,,0,,,,,,12344,,,,,,,,,,,,,,,,,,,,,,,,,,,,,,27,,,,,,0,,,,,,,,,,,,,,,,,,,,,,,,,,,,
2013-12-11,PL1331LAGBAY3H,Hitachi HDS5C4040ALE630,4000787030016,0,,0,,,,,,,,0,,,,,,5077,,,,,,,,,,,,,,,,,,,,,,,,,,,,,,24,,,,,,0,,,,,,,,,,,,,,,,,,,,,,,,,,,,
2013-12-11,Z300GYWL,ST4000DM000,4000787030016,0,,179383576,,,,,,,,0,,,,,,3630,,,,,,,,,,,,,,,,,,,,,,,,,,,,,,24,,,,,,0,,,,,,,,,,,,,,,,,,,,,,,,,,,,
2013-12-11,S1F0CWD9,ST3000DM001,3000592982016,0,,115746640,,,,,,,,0,,,,,,12344,,,,,,,,,,,,,,,,,,,,,,,,,,,,,,24,,,,,,0,,,,,,,,,,,,,,,,,,,,,,,,,,,,
2013-12-11,Z300GYWJ,ST4000DM000,4000787030016,0,,76388776,,,,,,,,0,,,,,,2899,,,,,,,,,,,,,,,,,,,,,,,,,,,,,,27,,,,,,0,,,,,,,,,,,,,,,,,,,,,,,,,,,,
2013-12-11,Z300P86K,ST4000DM000,4000787030016,0,,81350320,,,,,,,,0,,,,,,1113,,,,,,,,,,,,,,,,,,,,,,,,,,,,,,20,,,,,,0,,,,,,,,,,,,,,,,,,,,,,,,,,,,
2013-12-11,Z300P86L,ST4000DM000,4000787030016,0,,162656368,,,,,,,,0,,,,,,1227,,,,,,,,,,,,,,,,,,,,,,,,,,,,,,19,,,,,,0,,,,,,,,,,,,,,,,,,,,,,,,,,,,
2013-12-11,Z300P86S,ST4000DM000,4000787030016,0,,96006312,,,,,,,,0,,,,,,1227,,,,,,,,,,,,,,,,,,,,,,,,,,,,,,17,,,,,,0,,,,,,,,,,,,,,,,,,,,,,,,,,,,
2013-12-11,W1F0CDYE,ST3000DM001,3000592982016,0,,35360240,,,,,,,,680,,,,,,12347,,,,,,,,,,,,,,,,,,,,,,,,,,,,,,25,,,,,,0,,,,,,,,,,,,,,,,,,,,,,,,,,,,
2013-12-11,Z300P86Q,ST4000DM000,4000787030016,0,,191310712,,,,,,,,0,,,,,,1094,,,,,,,,,,,,,,,,,,,,,,,,,,,,,,23,,,,,,0,,,,,,,,,,,,,,,,,,,,,,,,,,,,
2013-12-11,W1F09SJ2,ST3000DM001,3000592982016,0,,109025536,,,,,,,,0,,,,,,10352,,,,,,,,,,,,,,,,,,,,,,,,,,,,,,28,,,,,,0,,,,,,,,,,,,,,,,,,,,,,,,,,,,
2013-12-11,Z300P86T,ST4000DM000,4000787030016,0,,239082080,,,,,,,,0,,,,,,1094,,,,,,,,,,,,,,,,,,,,,,,,,,,,,,22,,,,,,0,,,,,,,,,,,,,,,,,,,,,,,,,,,,
2013-12-11,6XW04T9Q,ST31500541AS,1500301910016,0,,79543281,,,,,,,,0,,,,,,36451,,,,,,,,,,,,,,,,,,,,,,,,,,,,,,18,,,,,,0,,,,,,,,,,,,,,,,,,,,,,,,,,,,
2013-12-11,W300B05T,ST4000DM000,4000787030016,0,,2349216,,,,,,,,0,,,,,,2243,,,,,,,,,,,,,,,,,,,,,,,,,,,,,,22,,,,,,0,,,,,,,,,,,,,,,,,,,,,,,,,,,,
2013-12-11,Z300CLM1,ST4000DM000,4000787030016,0,,1782224,,,,,,,,0,,,,,,2246,,,,,,,,,,,,,,,,,,,,,,,,,,,,,,22,,,,,,0,,,,,,,,,,,,,,,,,,,,,,,,,,,,
2013-12-11,MJ0351YNGA6Z6A,Hitachi HDS5C3030ALA630,3000592982016,0,,0,,,,,,,,0,,,,,,8545,,,,,,,,,,,,,,,,,,,,,,,,,,,,,,29,,,,,,0,,,,,,,,,,,,,,,,,,,,,,,,,,,,
2013-12-11,W1F0MZRT,ST3000DM001,3000592982016,0,,235081760,,,,,,,,0,,,,,,11688,,,,,,,,,,,,,,,,,,,,,,,,,,,,,,27,,,,,,0,,,,,,,,,,,,,,,,,,,,,,,,,,,,
2013-12-11,PL1311LAG39YKH,Hitachi HDS5C4040ALE630,4000787030016,0,,0,,,,,,,,0,,,,,,5037,,,,,,,,,,,,,,,,,,,,,,,,,,,,,,26,,,,,,0,,,,,,,,,,,,,,,,,,,,,,,,,,,,
2013-12-11,5XW04DPW,ST31500541AS,1500301910016,0,,8896437,,,,,,,,0,,,,,,18817,,,,,,,,,,,,,,,,,,,,,,,,,,,,,,19,,,,,,0,,,,,,,,,,,,,,,,,,,,,,,,,,,,
2013-12-11,MJ0351YNG9T6TA,Hitachi HDS5C3030ALA630,3000592982016,0,,0,,,,,,,,0,,,,,,9190,,,,,,,,,,,,,,,,,,,,,,,,,,,,,,29,,,,,,0,,,,,,,,,,,,,,,,,,,,,,,,,,,,
2013-12-11,JK11A8B9J8TD2F,Hitachi HDS722020ALA330,2000398934016,0,,0,,,,,,,,0,,,,,,25584,,,,,,,,,,,,,,,,,,,,,,,,,,,,,,25,,,,,,0,,,,,,,,,,,,,,,,,,,,,,,,,,,,
2013-12-11,MJ0351YNGA0U5A,Hitachi HDS5C3030ALA630,3000592982016,0,,655362,,,,,,,,0,,,,,,9999,,,,,,,,,,,,,,,,,,,,,,,,,,,,,,34,,,,,,0,,,,,,,,,,,,,,,,,,,,,,,,,,,,
2013-12-11,JK1100B9GA7KVE,Hitachi HDS722020ALA330,2000398934016,0,,0,,,,,,,,0,,,,,,26838,,,,,,,,,,,,,,,,,,,,,,,,,,,,,,28,,,,,,0,,,,,,,,,,,,,,,,,,,,,,,,,,,,
2013-12-11,WD-WCAU45456512,WDC WD10EADS,1000204886016,0,,29,,,,,,,,0,,,,,,40617,,,,,,,,,,,,,,,,,,,,,,,,,,,,,,29,,,,,,0,,,,,,,,,,,,,,,,,,,,,,,,,,,,
2013-12-11,PL1311LAG1VPNA,Hitachi HDS5C4040ALE630,4000787030016,0,,0,,,,,,,,0,,,,,,7457,,,,,,,,,,,,,,,,,,,,,,,,,,,,,,27,,,,,,0,,,,,,,,,,,,,,,,,,,,,,,,,,,,
2013-12-11,JK11A8B9J70PSF,Hitachi HDS722020ALA330,2000398934016,0,,65536,,,,,,,,0,,,,,,22697,,,,,,,,,,,,,,,,,,,,,,,,,,,,,,29,,,,,,0,,,,,,,,,,,,,,,,,,,,,,,,,,,,
2013-12-11,9VS3HR9B,ST31500341AS,1500301910016,0,,241887872,,,,,,,,8,,,,,,32876,,,,,,,,,,,,,,,,,,,,,,,,,,,,,,23,,,,,,0,,,,,,,,,,,,,,,,,,,,,,,,,,,,
2013-12-11,MJ1311YNG7K3EA,Hitachi HDS5C3030ALA630,3000592982016,0,,0,,,,,,,,0,,,,,,14685,,,,,,,,,,,,,,,,,,,,,,,,,,,,,,17,,,,,,0,,,,,,,,,,,,,,,,,,,,,,,,,,,,
2013-12-11,MJ0351YNG92ENA,Hitachi HDS5C3030ALA630,3000592982016,0,,0,,,,,,,,0,,,,,,9672,,,,,,,,,,,,,,,,,,,,,,,,,,,,,,26,,,,,,0,,,,,,,,,,,,,,,,,,,,,,,,,,,,
2013-12-11,Z300JA5M,ST4000DM000,4000787030016,0,,243516160,,,,,,,,0,,,,,,2224,,,,,,,,,,,,,,,,,,,,,,,,,,,,,,20,,,,,,0,,,,,,,,,,,,,,,,,,,,,,,,,,,,
2013-12-11,MJ1311YNG7K6XA,Hitachi HDS5C3030ALA630,3000592982016,0,,0,,,,,,,,0,,,,,,14683,,,,,,,,,,,,,,,,,,,,,,,,,,,,,,22,,,,,,0,,,,,,,,,,,,,,,,,,,,,,,,,,,,
2013-12-11,S1F0183S,ST3000DM001,3000592982016,0,,118252184,,,,,,,,0,,,,,,16178,,,,,,,,,,,,,,,,,,,,,,,,,,,,,,25,,,,,,0,,,,,,,,,,,,,,,,,,,,,,,,,,,,
2013-12-11,6XW02CT6,ST31500541AS,1500301910016,0,,239899672,,,,,,,,0,,,,,,36649,,,,,,,,,,,,,,,,,,,,,,,,,,,,,,21,,,,,,0,,,,,,,,,,,,,,,,,,,,,,,,,,,,
2013-12-11,Z300JA57,ST4000DM000,4000787030016,0,,229711784,,,,,,,,0,,,,,,2219,,,,,,,,,,,,,,,,,,,,,,,,,,,,,,26,,,,,,0,,,,,,,,,,,,,,,,,,,,,,,,,,,,
2013-12-11,9XW01RDP,ST31500541AS,1500301910016,0,,91565292,,,,,,,,0,,,,,,34196,,,,,,,,,,,,,,,,,,,,,,,,,,,,,,19,,,,,,0,,,,,,,,,,,,,,,,,,,,,,,,,,,,
2013-12-11,PL1311LAG1JXUA,Hitachi HDS5C4040ALE630,4000787030016,0,,0,,,,,,,,0,,,,,,7461,,,,,,,,,,,,,,,,,,,,,,,,,,,,,,24,,,,,,0,,,,,,,,,,,,,,,,,,,,,,,,,,,,
2013-12-11,Z300JA52,ST4000DM000,4000787030016,0,,9541224,,,,,,,,0,,,,,,2224,,,,,,,,,,,,,,,,,,,,,,,,,,,,,,22,,,,,,0,,,,,,,,,,,,,,,,,,,,,,,,,,,,
2013-12-11,MJ0351YNG9VH4A,Hitachi HDS5C3030ALA630,3000592982016,0,,0,,,,,,,,0,,,,,,9989,,,,,,,,,,,,,,,,,,,,,,,,,,,,,,26,,,,,,0,,,,,,,,,,,,,,,,,,,,,,,,,,,,
2013-12-11,9XW01RDY,ST31500541AS,1500301910016,0,,46374830,,,,,,,,0,,,,,,34328,,,,,,,,,,,,,,,,,,,,,,,,,,,,,,17,,,,,,0,,,,,,,,,,,,,,,,,,,,,,,,,,,,
2013-12-11,Z300PLMB,ST4000DM000,4000787030016,0,,191090576,,,,,,,,0,,,,,,1446,,,,,,,,,,,,,,,,,,,,,,,,,,,,,,28,,,,,,0,,,,,,,,,,,,,,,,,,,,,,,,,,,,
2013-12-11,9XW01RDB,ST31500541AS,1500301910016,0,,214313566,,,,,,,,0,,,,,,34745,,,,,,,,,,,,,,,,,,,,,,,,,,,,,,17,,,,,,0,,,,,,,,,,,,,,,,,,,,,,,,,,,,
2013-12-11,S1F01838,ST3000DM001,3000592982016,0,,232471624,,,,,,,,0,,,,,,15223,,,,,,,,,,,,,,,,,,,,,,,,,,,,,,23,,,,,,0,,,,,,,,,,,,,,,,,,,,,,,,,,,,
2013-12-11,9XW01RDJ,ST31500541AS,1500301910016,0,,99877687,,,,,,,,0,,,,,,35651,,,,,,,,,,,,,,,,,,,,,,,,,,,,,,19,,,,,,0,,,,,,,,,,,,,,,,,,,,,,,,,,,,
2013-12-11,MJ1311YNG6T8YA,Hitachi HDS5C3030ALA630,3000592982016,0,,0,,,,,,,,0,,,,,,14619,,,,,,,,,,,,,,,,,,,,,,,,,,,,,,25,,,,,,0,,,,,,,,,,,,,,,,,,,,,,,,,,,,
2013-12-11,5XW1JHJW,ST32000542AS,2000398934016,0,,181380851,,,,,,,,0,,,,,,13013,,,,,,,,,,,,,,,,,,,,,,,,,,,,,,25,,,,,,0,,,,,,,,,,,,,,,,,,,,,,,,,,,,
2013-12-11,PL1311LAG3AU7H,Hitachi HDS5C4040ALE630,4000787030016,0,,0,,,,,,,,0,,,,,,5125,,,,,,,,,,,,,,,,,,,,,,,,,,,,,,29,,,,,,0,,,,,,,,,,,,,,,,,,,,,,,,,,,,
2013-12-11,S1F01DGZ,ST3000DM001,3000592982016,0,,57314912,,,,,,,,0,,,,,,15621,,,,,,,,,,,,,,,,,,,,,,,,,,,,,,24,,,,,,0,,,,,,,,,,,,,,,,,,,,,,,,,,,,
2013-12-11,MJ1321YNG0JKMA,Hitachi HDS5C3030ALA630,3000592982016,0,,0,,,,,,,,0,,,,,,20067,,,,,,,,,,,,,,,,,,,,,,,,,,,,,,27,,,,,,0,,,,,,,,,,,,,,,,,,,,,,,,,,,,
2013-12-11,W1F099AS,ST3000DM001,3000592982016,0,,125979072,,,,,,,,0,,,,,,15217,,,,,,,,,,,,,,,,,,,,,,,,,,,,,,22,,,,,,0,,,,,,,,,,,,,,,,,,,,,,,,,,,,
2013-12-11,9XW01TXL,ST31500541AS,1500301910016,0,,125890900,,,,,,,,0,,,,,,35045,,,,,,,,,,,,,,,,,,,,,,,,,,,,,,19,,,,,,0,,,,,,,,,,,,,,,,,,,,,,,,,,,,
2013-12-11,9XW01TXT,ST31500541AS,1500301910016,0,,59435783,,,,,,,,0,,,,,,34327,,,,,,,,,,,,,,,,,,,,,,,,,,,,,,19,,,,,,0,,,,,,,,,,,,,,,,,,,,,,,,,,,,
2013-12-11,6XW03NPF,ST31500541AS,1500301910016,0,,107317914,,,,,,,,0,,,,,,19782,,,,,,,,,,,,,,,,,,,,,,,,,,,,,,28,,,,,,0,,,,,,,,,,,,,,,,,,,,,,,,,,,,
2013-12-11,PL1311LAG1ZK6A,Hitachi HDS5C4040ALE630,4000787030016,0,,0,,,,,,,,0,,,,,,7459,,,,,,,,,,,,,,,,,,,,,,,,,,,,,,25,,,,,,0,,,,,,,,,,,,,,,,,,,,,,,,,,,,
2013-12-11,MJ1311YNG3EUVA,Hitachi HDS5C3030ALA630,3000592982016,0,,0,,,,,,,,0,,,,,,18928,,,,,,,,,,,,,,,,,,,,,,,,,,,,,,30,,,,,,0,,,,,,,,,,,,,,,,,,,,,,,,,,,,
2013-12-11,MJ1311YNG7G95A,Hitachi HDS5C3030ALA630,3000592982016,0,,0,,,,,,,,0,,,,,,14596,,,,,,,,,,,,,,,,,,,,,,,,,,,,,,27,,,,,,0,,,,,,,,,,,,,,,,,,,,,,,,,,,,
2013-12-11,Z300CMAE,ST4000DM000,4000787030016,0,,77514896,,,,,,,,0,,,,,,2261,,,,,,,,,,,,,,,,,,,,,,,,,,,,,,19,,,,,,0,,,,,,,,,,,,,,,,,,,,,,,,,,,,
2013-12-11,Z300CRCN,ST4000DM000,4000787030016,0,,240610104,,,,,,,,0,,,,,,2857,,,,,,,,,,,,,,,,,,,,,,,,,,,,,,23,,,,,,0,,,,,,,,,,,,,,,,,,,,,,,,,,,,
2013-12-11,PL2311LAG1L84C,Hitachi HDS5C4040ALE630,4000787030016,0,,0,,,,,,,,0,,,,,,7419,,,,,,,,,,,,,,,,,,,,,,,,,,,,,,22,,,,,,0,,,,,,,,,,,,,,,,,,,,,,,,,,,,
2013-12-11,Z300CMAM,ST4000DM000,4000787030016,0,,141690488,,,,,,,,0,,,,,,2245,,,,,,,,,,,,,,,,,,,,,,,,,,,,,,22,,,,,,0,,,,,,,,,,,,,,,,,,,,,,,,,,,,
2013-12-11,6XW0Z3GK,ST31500541AS,1500301910016,0,,51122100,,,,,,,,0,,,,,,30668,,,,,,,,,,,,,,,,,,,,,,,,,,,,,,30,,,,,,0,,,,,,,,,,,,,,,,,,,,,,,,,,,,
2013-12-11,MJ0351YNGAD28A,Hitachi HDS5C3030ALA630,3000592982016,0,,0,,,,,,,,0,,,,,,7975,,,,,,,,,,,,,,,,,,,,,,,,,,,,,,29,,,,,,0,,,,,,,,,,,,,,,,,,,,,,,,,,,,
2013-12-11,Z300CMAS,ST4000DM000,4000787030016,0,,62015320,,,,,,,,0,,,,,,2243,,,,,,,,,,,,,,,,,,,,,,,,,,,,,,20,,,,,,0,,,,,,,,,,,,,,,,,,,,,,,,,,,,
2013-12-11,6XW022Y2,ST31500541AS,1500301910016,0,,169981830,,,,,,,,0,,,,,,36648,,,,,,,,,,,,,,,,,,,,,,,,,,,,,,23,,,,,,0,,,,,,,,,,,,,,,,,,,,,,,,,,,,
2013-12-11,6XW022Y5,ST31500541AS,1500301910016,0,,59030219,,,,,,,,0,,,,,,37070,,,,,,,,,,,,,,,,,,,,,,,,,,,,,,24,,,,,,0,,,,,,,,,,,,,,,,,,,,,,,,,,,,
2013-12-11,JK1105B8GGA30X,Hitachi HDS722020ALA330,2000398934016,0,,0,,,,,,,,0,,,,,,26858,,,,,,,,,,,,,,,,,,,,,,,,,,,,,,28,,,,,,0,,,,,,,,,,,,,,,,,,,,,,,,,,,,
2013-12-11,W1F0X7RT,ST3000DM001,3000592982016,0,,224355320,,,,,,,,0,,,,,,10758,,,,,,,,,,,,,,,,,,,,,,,,,,,,,,21,,,,,,72,,,,,,,,,,,,,,,,,,,,,,,,,,,,
2013-12-11,Z300WDV2,ST4000DM000,4000787030016,0,,149906064,,,,,,,,0,,,,,,887,,,,,,,,,,,,,,,,,,,,,,,,,,,,,,24,,,,,,0,,,,,,,,,,,,,,,,,,,,,,,,,,,,
2013-12-11,Z300W5QT,ST4000DM000,4000787030016,0,,70854968,,,,,,,,0,,,,,,945,,,,,,,,,,,,,,,,,,,,,,,,,,,,,,25,,,,,,0,,,,,,,,,,,,,,,,,,,,,,,,,,,,
2013-12-11,MJ1323YNG11E4C,Hitachi HDS5C3030ALA630,3000592982016,0,,0,,,,,,,,0,,,,,,18066,,,,,,,,,,,,,,,,,,,,,,,,,,,,,,29,,,,,,3,,,,,,,,,,,,,,,,,,,,,,,,,,,,
2013-12-11,5XW03M50,ST31500541AS,1500301910016,0,,206630386,,,,,,,,0,,,,,,36348,,,,,,,,,,,,,,,,,,,,,,,,,,,,,,22,,,,,,0,,,,,,,,,,,,,,,,,,,,,,,,,,,,
2013-12-11,WD-WCAU45241813,WDC WD10EADS,1000204886016,0,,7,,,,,,,,0,,,,,,41370,,,,,,,,,,,,,,,,,,,,,,,,,,,,,,23,,,,,,0,,,,,,,,,,,,,,,,,,,,,,,,,,,,
2013-12-11,Z300PB7K,ST4000DM000,4000787030016,0,,140213696,,,,,,,,0,,,,,,1232,,,,,,,,,,,,,,,,,,,,,,,,,,,,,,21,,,,,,0,,,,,,,,,,,,,,,,,,,,,,,,,,,,
2013-12-11,Z300PA82,ST4000DM000,4000787030016,0,,6018032,,,,,,,,0,,,,,,1200,,,,,,,,,,,,,,,,,,,,,,,,,,,,,,19,,,,,,0,,,,,,,,,,,,,,,,,,,,,,,,,,,,
2013-12-11,W1F0FYLJ,ST3000DM001,3000592982016,0,,156586872,,,,,,,,0,,,,,,11722,,,,,,,,,,,,,,,,,,,,,,,,,,,,,,27,,,,,,0,,,,,,,,,,,,,,,,,,,,,,,,,,,,
2013-12-11,WD-WCAU45402556,WDC WD10EADS,1000204886016,0,,0,,,,,,,,0,,,,,,41256,,,,,,,,,,,,,,,,,,,,,,,,,,,,,,28,,,,,,0,,,,,,,,,,,,,,,,,,,,,,,,,,,,
2013-12-11,6XW00KYW,ST31500541AS,1500301910016,0,,191141293,,,,,,,,0,,,,,,37162,,,,,,,,,,,,,,,,,,,,,,,,,,,,,,23,,,,,,0,,,,,,,,,,,,,,,,,,,,,,,,,,,,
2013-12-11,S1F033AM,ST3000DM001,3000592982016,0,,50999480,,,,,,,,0,,,,,,15239,,,,,,,,,,,,,,,,,,,,,,,,,,,,,,21,,,,,,0,,,,,,,,,,,,,,,,,,,,,,,,,,,,
2013-12-11,S1F0QWV6,ST3000DM001,3000592982016,0,,70965272,,,,,,,,0,,,,,,11612,,,,,,,,,,,,,,,,,,,,,,,,,,,,,,32,,,,,,0,,,,,,,,,,,,,,,,,,,,,,,,,,,,
2013-12-11,PL1311LAG3D8YH,Hitachi HDS5C4040ALE630,4000787030016,0,,0,,,,,,,,0,,,,,,5932,,,,,,,,,,,,,,,,,,,,,,,,,,,,,,25,,,,,,0,,,,,,,,,,,,,,,,,,,,,,,,,,,,
2013-12-11,W1F0W220,ST3000DM001,3000592982016,0,,218029896,,,,,,,,0,,,,,,10728,,,,,,,,,,,,,,,,,,,,,,,,,,,,,,24,,,,,,0,,,,,,,,,,,,,,,,,,,,,,,,,,,,
2013-12-11,MJ0351YNGA56NA,Hitachi HDS5C3030ALA630,3000592982016,0,,0,,,,,,,,0,,,,,,8093,,,,,,,,,,,,,,,,,,,,,,,,,,,,,,26,,,,,,0,,,,,,,,,,,,,,,,,,,,,,,,,,,,
2013-12-11,6XW03SFB,ST31500541AS,1500301910016,0,,136838813,,,,,,,,20,,,,,,34173,,,,,,,,,,,,,,,,,,,,,,,,,,,,,,19,,,,,,0,,,,,,,,,,,,,,,,,,,,,,,,,,,,
2013-12-11,JK11A4B8J7SA6W,Hitachi HDS722020ALA330,2000398934016,0,,2,,,,,,,,0,,,,,,26028,,,,,,,,,,,,,,,,,,,,,,,,,,,,,,24,,,,,,0,,,,,,,,,,,,,,,,,,,,,,,,,,,,
2013-12-11,MJ0351YNGAAHLA,Hitachi HDS5C3030ALA630,3000592982016,0,,0,,,,,,,,0,,,,,,7989,,,,,,,,,,,,,,,,,,,,,,,,,,,,,,26,,,,,,0,,,,,,,,,,,,,,,,,,,,,,,,,,,,
2013-12-11,MK0301YHGME00D,Hitachi HDS723030ALA640,3000592982016,0,,0,,,,,,,,0,,,,,,16661,,,,,,,,,,,,,,,,,,,,,,,,,,,,,,28,,,,,,0,,,,,,,,,,,,,,,,,,,,,,,,,,,,
2013-12-11,MJ1311YNG7JDXA,Hitachi HDS5C3030ALA630,3000592982016,0,,0,,,,,,,,0,,,,,,14620,,,,,,,,,,,,,,,,,,,,,,,,,,,,,,21,,,,,,0,,,,,,,,,,,,,,,,,,,,,,,,,,,,
2013-12-11,PL1311LAG332YH,Hitachi HDS5C4040ALE630,4000787030016,0,,0,,,,,,,,0,,,,,,6654,,,,,,,,,,,,,,,,,,,,,,,,,,,,,,23,,,,,,0,,,,,,,,,,,,,,,,,,,,,,,,,,,,
2013-12-11,W1F0A4AJ,ST3000DM001,3000592982016,0,,122650800,,,,,,,,0,,,,,,14732,,,,,,,,,,,,,,,,,,,,,,,,,,,,,,23,,,,,,0,,,,,,,,,,,,,,,,,,,,,,,,,,,,
2013-12-11,JK11A8YBKXXHKF,Hitachi HDS722020ALA330,2000398934016,0,,0,,,,,,,,0,,,,,,27740,,,,,,,,,,,,,,,,,,,,,,,,,,,,,,20,,,,,,0,,,,,,,,,,,,,,,,,,,,,,,,,,,,
2013-12-11,JK11A8B9JPP1DF,Hitachi HDS722020ALA330,2000398934016,0,,0,,,,,,,,0,,,,,,23719,,,,,,,,,,,,,,,,,,,,,,,,,,,,,,25,,,,,,0,,,,,,,,,,,,,,,,,,,,,,,,,,,,
2013-12-11,W300BM35,ST4000DM000,4000787030016,0,,228643360,,,,,,,,0,,,,,,4048,,,,,,,,,,,,,,,,,,,,,,,,,,,,,,22,,,,,,0,,,,,,,,,,,,,,,,,,,,,,,,,,,,
2013-12-11,Z300PK2J,ST4000DM000,4000787030016,0,,216300976,,,,,,,,0,,,,,,1225,,,,,,,,,,,,,,,,,,,,,,,,,,,,,,21,,,,,,0,,,,,,,,,,,,,,,,,,,,,,,,,,,,
2013-12-11,JK11A4B8J5Y4JW,Hitachi HDS722020ALA330,2000398934016,0,,0,,,,,,,,0,,,,,,26025,,,,,,,,,,,,,,,,,,,,,,,,,,,,,,28,,,,,,0,,,,,,,,,,,,,,,,,,,,,,,,,,,,
2013-12-11,JK1101B9GMTY8F,Hitachi HDS722020ALA330,2000398934016,0,,0,,,,,,,,0,,,,,,26492,,,,,,,,,,,,,,,,,,,,,,,,,,,,,,26,,,,,,0,,,,,,,,,,,,,,,,,,,,,,,,,,,,
2013-12-11,MK0313YHGGE49C,Hitachi HDS723030ALA640,3000592982016,0,,1,,,,,,,,0,,,,,,21455,,,,,,,,,,,,,,,,,,,,,,,,,,,,,,23,,,,,,0,,,,,,,,,,,,,,,,,,,,,,,,,,,,
2013-12-11,MK0311YHGKB2MA,Hitachi HDS723030ALA640,3000592982016,0,,0,,,,,,,,0,,,,,,16680,,,,,,,,,,,,,,,,,,,,,,,,,,,,,,28,,,,,,0,,,,,,,,,,,,,,,,,,,,,,,,,,,,
2013-12-11,S1F089D8,ST3000DM001,3000592982016,0,,110046712,,,,,,,,0,,,,,,12840,,,,,,,,,,,,,,,,,,,,,,,,,,,,,,30,,,,,,0,,,,,,,,,,,,,,,,,,,,,,,,,,,,
2013-12-11,S1F03DEM,ST3000DM001,3000592982016,0,,238708312,,,,,,,,0,,,,,,15571,,,,,,,,,,,,,,,,,,,,,,,,,,,,,,21,,,,,,0,,,,,,,,,,,,,,,,,,,,,,,,,,,,
2013-12-11,MJ1311YNG3AUYA,Hitachi HDS5C3030ALA630,3000592982016,0,,983056,,,,,,,,24,,,,,,18928,,,,,,,,,,,,,,,,,,,,,,,,,,,,,,28,,,,,,0,,,,,,,,,,,,,,,,,,,,,,,,,,,,
2013-12-11,JK11A8B9J09BSF,Hitachi HDS722020ALA330,2000398934016,0,,0,,,,,,,,11,,,,,,23881,,,,,,,,,,,,,,,,,,,,,,,,,,,,,,24,,,,,,1,,,,,,,,,,,,,,,,,,,,,,,,,,,,
2013-12-11,W300BM3V,ST4000DM000,4000787030016,0,,97646480,,,,,,,,0,,,,,,4136,,,,,,,,,,,,,,,,,,,,,,,,,,,,,,23,,,,,,0,,,,,,,,,,,,,,,,,,,,,,,,,,,,
2013-12-11,JK11A8B9J3B2DF,Hitachi HDS722020ALA330,2000398934016,0,,0,,,,,,,,0,,,,,,22702,,,,,,,,,,,,,,,,,,,,,,,,,,,,,,26,,,,,,0,,,,,,,,,,,,,,,,,,,,,,,,,,,,
2013-12-11,PL1331LAGB647H,Hitachi HDS5C4040ALE630,4000787030016,0,,0,,,,,,,,0,,,,,,5077,,,,,,,,,,,,,,,,,,,,,,,,,,,,,,24,,,,,,0,,,,,,,,,,,,,,,,,,,,,,,,,,,,
2013-12-11,WD-WCAV59152933,WDC WD10EADS,1000204886016,0,,0,,,,,,,,0,,,,,,5076,,,,,,,,,,,,,,,,,,,,,,,,,,,,,,30,,,,,,0,,,,,,,,,,,,,,,,,,,,,,,,,,,,
2013-12-11,S1F0VE35,ST3000DM001,3000592982016,0,,151301376,,,,,,,,0,,,,,,10540,,,,,,,,,,,,,,,,,,,,,,,,,,,,,,23,,,,,,0,,,,,,,,,,,,,,,,,,,,,,,,,,,,
2013-12-11,MK0311YHG0PBWA,Hitachi HDS723030ALA640,3000592982016,0,,131072,,,,,,,,0,,,,,,21793,,,,,,,,,,,,,,,,,,,,,,,,,,,,,,24,,,,,,0,,,,,,,,,,,,,,,,,,,,,,,,,,,,
2013-12-11,JK11A8B9J2AHRF,Hitachi HDS722020ALA330,2000398934016,0,,0,,,,,,,,0,,,,,,24970,,,,,,,,,,,,,,,,,,,,,,,,,,,,,,27,,,,,,0,,,,,,,,,,,,,,,,,,,,,,,,,,,,
2013-12-11,6XW01YYY,ST31500541AS,1500301910016,0,,60743944,,,,,,,,0,,,,,,35201,,,,,,,,,,,,,,,,,,,,,,,,,,,,,,23,,,,,,0,,,,,,,,,,,,,,,,,,,,,,,,,,,,
2013-12-11,Z1Z059YA,ST4000DX000,4000787030016,0,,5687298,,,,,,,,0,,,,,,5038,,,,,,,,,,,,,,,,,,,,,,,,,,,,,,35,,,,,,0,,,,,,,,,,,,,,,,,,,,,,,,,,,,
2013-12-11,JK11A8B9J7GNBF,Hitachi HDS722020ALA330,2000398934016,0,,262147,,,,,,,,0,,,,,,24629,,,,,,,,,,,,,,,,,,,,,,,,,,,,,,24,,,,,,0,,,,,,,,,,,,,,,,,,,,,,,,,,,,
2013-12-11,MJ1311YNG3GVBA,Hitachi HDS5C3030ALA630,3000592982016,0,,0,,,,,,,,0,,,,,,18941,,,,,,,,,,,,,,,,,,,,,,,,,,,,,,23,,,,,,0,,,,,,,,,,,,,,,,,,,,,,,,,,,,
2013-12-11,PL1311LAG3DMKH,Hitachi HDS5C4040ALE630,4000787030016,0,,0,,,,,,,,0,,,,,,6616,,,,,,,,,,,,,,,,,,,,,,,,,,,,,,27,,,,,,0,,,,,,,,,,,,,,,,,,,,,,,,,,,,
2013-12-11,MK0311YHGK2J6A,Hitachi HDS723030ALA640,3000592982016,0,,0,,,,,,,,0,,,,,,17018,,,,,,,,,,,,,,,,,,,,,,,,,,,,,,29,,,,,,0,,,,,,,,,,,,,,,,,,,,,,,,,,,,
2013-12-11,MJ1321YNG0B7UA,Hitachi HDS5C3030ALA630,3000592982016,0,,196608,,,,,,,,0,,,,,,20507,,,,,,,,,,,,,,,,,,,,,,,,,,,,,,22,,,,,,0,,,,,,,,,,,,,,,,,,,,,,,,,,,,
2013-12-11,Z300MQDE,ST4000DM000,4000787030016,0,,67437288,,,,,,,,0,,,,,,2899,,,,,,,,,,,,,,,,,,,,,,,,,,,,,,22,,,,,,0,,,,,,,,,,,,,,,,,,,,,,,,,,,,
2013-12-11,6XW0NA0K,ST31500541AS,1500301910016,0,,117792176,,,,,,,,0,,,,,,22656,,,,,,,,,,,,,,,,,,,,,,,,,,,,,,16,,,,,,0,,,,,,,,,,,,,,,,,,,,,,,,,,,,
2013-12-11,MJ0351YNG9W7GA,Hitachi HDS5C3030ALA630,3000592982016,0,,0,,,,,,,,0,,,,,,9901,,,,,,,,,,,,,,,,,,,,,,,,,,,,,,26,,,,,,0,,,,,,,,,,,,,,,,,,,,,,,,,,,,
2013-12-11,MJ0351YNG9Z8RA,Hitachi HDS5C3030ALA630,3000592982016,0,,0,,,,,,,,0,,,,,,9483,,,,,,,,,,,,,,,,,,,,,,,,,,,,,,30,,,,,,0,,,,,,,,,,,,,,,,,,,,,,,,,,,,
2013-12-11,MJ1311YNG6XKYA,Hitachi HDS5C3030ALA630,3000592982016,0,,0,,,,,,,,0,,,,,,14600,,,,,,,,,,,,,,,,,,,,,,,,,,,,,,22,,,,,,0,,,,,,,,,,,,,,,,,,,,,,,,,,,,
2013-12-11,MJ1321YNG0T8RA,Hitachi HDS5C3030ALA630,3000592982016,0,,0,,,,,,,,0,,,,,,20067,,,,,,,,,,,,,,,,,,,,,,,,,,,,,,26,,,,,,0,,,,,,,,,,,,,,,,,,,,,,,,,,,,
2013-12-11,MK0311YHGK755A,Hitachi HDS723030ALA640,3000592982016,0,,0,,,,,,,,0,,,,,,16735,,,,,,,,,,,,,,,,,,,,,,,,,,,,,,28,,,,,,0,,,,,,,,,,,,,,,,,,,,,,,,,,,,
2013-12-11,JK11A8B9J915XF,Hitachi HDS722020ALA330,2000398934016,0,,0,,,,,,,,0,,,,,,25584,,,,,,,,,,,,,,,,,,,,,,,,,,,,,,23,,,,,,0,,,,,,,,,,,,,,,,,,,,,,,,,,,,
2013-12-11,JK11A4B8J7SB9W,Hitachi HDS722020ALA330,2000398934016,0,,1,,,,,,,,0,,,,,,25125,,,,,,,,,,,,,,,,,,,,,,,,,,,,,,27,,,,,,0,,,,,,,,,,,,,,,,,,,,,,,,,,,,
2013-12-11,W1F0B318,ST3000DM001,3000592982016,0,,221322424,,,,,,,,0,,,,,,14211,,,,,,,,,,,,,,,,,,,,,,,,,,,,,,23,,,,,,0,,,,,,,,,,,,,,,,,,,,,,,,,,,,
2013-12-11,PL2311LAG1LRTC,Hitachi HDS5C4040ALE630,4000787030016,0,,0,,,,,,,,0,,,,,,7760,,,,,,,,,,,,,,,,,,,,,,,,,,,,,,22,,,,,,0,,,,,,,,,,,,,,,,,,,,,,,,,,,,
2013-12-11,MJ0351YNG9VZZA,Hitachi HDS5C3030ALA630,3000592982016,0,,0,,,,,,,,0,,,,,,9147,,,,,,,,,,,,,,,,,,,,,,,,,,,,,,27,,,,,,0,,,,,,,,,,,,,,,,,,,,,,,,,,,,
2013-12-11,9XW02Y31,ST31500541AS,1500301910016,0,,68685351,,,,,,,,0,,,,,,26348,,,,,,,,,,,,,,,,,,,,,,,,,,,,,,18,,,,,,2,,,,,,,,,,,,,,,,,,,,,,,,,,,,
2013-12-11,6XW01BDB,ST31500541AS,1500301910016,0,,199869230,,,,,,,,0,,,,,,10602,,,,,,,,,,,,,,,,,,,,,,,,,,,,,,18,,,,,,0,,,,,,,,,,,,,,,,,,,,,,,,,,,,
2013-12-11,PL1311LAG3B5MH,Hitachi HDS5C4040ALE630,4000787030016,0,,0,,,,,,,,0,,,,,,5962,,,,,,,,,,,,,,,,,,,,,,,,,,,,,,19,,,,,,0,,,,,,,,,,,,,,,,,,,,,,,,,,,,
2013-12-11,MK0331YHGD3A2A,Hitachi HDS723030ALA640,3000592982016,0,,0,,,,,,,,0,,,,,,16682,,,,,,,,,,,,,,,,,,,,,,,,,,,,,,23,,,,,,0,,,,,,,,,,,,,,,,,,,,,,,,,,,,
2013-12-11,S1F035CB,ST3000DM001,3000592982016,0,,91526544,,,,,,,,0,,,,,,15237,,,,,,,,,,,,,,,,,,,,,,,,,,,,,,22,,,,,,0,,,,,,,,,,,,,,,,,,,,,,,,,,,,
2013-12-11,W1F09MEX,ST3000DM001,3000592982016,0,,185166760,,,,,,,,0,,,,,,13746,,,,,,,,,,,,,,,,,,,,,,,,,,,,,,21,,,,,,0,,,,,,,,,,,,,,,,,,,,,,,,,,,,
2013-12-11,5XW1YQZY,ST32000542AS,2000398934016,0,,102924967,,,,,,,,0,,,,,,13014,,,,,,,,,,,,,,,,,,,,,,,,,,,,,,27,,,,,,0,,,,,,,,,,,,,,,,,,,,,,,,,,,,
2013-12-11,5XW22J0N,ST31500541AS,1500301910016,0,,238688612,,,,,,,,0,,,,,,9400,,,,,,,,,,,,,,,,,,,,,,,,,,,,,,21,,,,,,0,,,,,,,,,,,,,,,,,,,,,,,,,,,,
2013-12-11,JK11A8B9J2KE2F,Hitachi HDS722020ALA330,2000398934016,0,,1,,,,,,,,0,,,,,,23711,,,,,,,,,,,,,,,,,,,,,,,,,,,,,,27,,,,,,0,,,,,,,,,,,,,,,,,,,,,,,,,,,,
2013-12-11,Z300GPFB,ST4000DM000,4000787030016,0,,3835864,,,,,,,,0,,,,,,3621,,,,,,,,,,,,,,,,,,,,,,,,,,,,,,23,,,,,,0,,,,,,,,,,,,,,,,,,,,,,,,,,,,
2013-12-11,6XW00XE0,ST31500541AS,1500301910016,0,,18358294,,,,,,,,0,,,,,,37280,,,,,,,,,,,,,,,,,,,,,,,,,,,,,,23,,,,,,0,,,,,,,,,,,,,,,,,,,,,,,,,,,,
2013-12-11,Z300E3ZX,ST4000DM000,4000787030016,0,,103829208,,,,,,,,0,,,,,,2215,,,,,,,,,,,,,,,,,,,,,,,,,,,,,,18,,,,,,0,,,,,,,,,,,,,,,,,,,,,,,,,,,,
2013-12-11,MJ1323YNG1KNHC,Hitachi HDS5C3030ALA630,3000592982016,0,,0,,,,,,,,0,,,,,,19764,,,,,,,,,,,,,,,,,,,,,,,,,,,,,,29,,,,,,0,,,,,,,,,,,,,,,,,,,,,,,,,,,,
2013-12-11,Z300E3ZS,ST4000DM000,4000787030016,0,,242924936,,,,,,,,0,,,,,,2216,,,,,,,,,,,,,,,,,,,,,,,,,,,,,,21,,,,,,0,,,,,,,,,,,,,,,,,,,,,,,,,,,,
2013-12-11,MJ0351YNGAAG4A,Hitachi HDS5C3030ALA630,3000592982016,0,,0,,,,,,,,0,,,,,,7976,,,,,,,,,,,,,,,,,,,,,,,,,,,,,,29,,,,,,0,,,,,,,,,,,,,,,,,,,,,,,,,,,,
2013-12-11,JK11A8B9J3MRXF,Hitachi HDS722020ALA330,2000398934016,0,,0,,,,,,,,0,,,,,,23544,,,,,,,,,,,,,,,,,,,,,,,,,,,,,,38,,,,,,0,,,,,,,,,,,,,,,,,,,,,,,,,,,,
2013-12-11,W1F08V4D,ST3000DM001,3000592982016,0,,192855608,,,,,,,,0,,,,,,13371,,,,,,,,,,,,,,,,,,,,,,,,,,,,,,23,,,,,,0,,,,,,,,,,,,,,,,,,,,,,,,,,,,
2013-12-11,PL1321LAG362SH,Hitachi HDS5C4040ALE630,4000787030016,0,,0,,,,,,,,0,,,,,,6070,,,,,,,,,,,,,,,,,,,,,,,,,,,,,,23,,,,,,0,,,,,,,,,,,,,,,,,,,,,,,,,,,,
2013-12-11,MJ1323YNG1J7EC,Hitachi HDS5C3030ALA630,3000592982016,0,,0,,,,,,,,0,,,,,,19633,,,,,,,,,,,,,,,,,,,,,,,,,,,,,,22,,,,,,0,,,,,,,,,,,,,,,,,,,,,,,,,,,,
2013-12-11,MJ0351YNGA0NYA,Hitachi HDS5C3030ALA630,3000592982016,0,,0,,,,,,,,0,,,,,,8497,,,,,,,,,,,,,,,,,,,,,,,,,,,,,,26,,,,,,0,,,,,,,,,,,,,,,,,,,,,,,,,,,,
2013-12-11,JK11A8B9J8ZLHF,Hitachi HDS722020ALA330,2000398934016,0,,2,,,,,,,,0,,,,,,24983,,,,,,,,,,,,,,,,,,,,,,,,,,,,,,24,,,,,,0,,,,,,,,,,,,,,,,,,,,,,,,,,,,
2013-12-11,Z300GPFK,ST4000DM000,4000787030016,0,,198798912,,,,,,,,0,,,,,,3588,,,,,,,,,,,,,,,,,,,,,,,,,,,,,,26,,,,,,0,,,,,,,,,,,,,,,,,,,,,,,,,,,,
2013-12-11,S1F02L40,ST3000DM001,3000592982016,0,,213493976,,,,,,,,0,,,,,,16176,,,,,,,,,,,,,,,,,,,,,,,,,,,,,,23,,,,,,0,,,,,,,,,,,,,,,,,,,,,,,,,,,,
2013-12-11,S1F0A9FK,ST3000DM001,3000592982016,0,,34385448,,,,,,,,0,,,,,,12359,,,,,,,,,,,,,,,,,,,,,,,,,,,,,,25,,,,,,0,,,,,,,,,,,,,,,,,,,,,,,,,,,,
2013-12-11,PL1321LAG34N1H,Hitachi HDS5C4040ALE630,4000787030016,0,,0,,,,,,,,0,,,,,,6648,,,,,,,,,,,,,,,,,,,,,,,,,,,,,,20,,,,,,0,,,,,,,,,,,,,,,,,,,,,,,,,,,,
2013-12-11,Z262EBNAS,TOSHIBA DT01ACA300,3000592982016,0,,0,,,,,,,,0,,,,,,6615,,,,,,,,,,,,,,,,,,,,,,,,,,,,,,24,,,,,,0,,,,,,,,,,,,,,,,,,,,,,,,,,,,
2013-12-11,PL1311LAG2B0RH,Hitachi HDS5C4040ALE630,4000787030016,0,,0,,,,,,,,0,,,,,,7419,,,,,,,,,,,,,,,,,,,,,,,,,,,,,,18,,,,,,0,,,,,,,,,,,,,,,,,,,,,,,,,,,,
2013-12-11,W300JN1N,ST4000DM000,4000787030016,0,,113159440,,,,,,,,0,,,,,,2875,,,,,,,,,,,,,,,,,,,,,,,,,,,,,,24,,,,,,0,,,,,,,,,,,,,,,,,,,,,,,,,,,,
2013-12-11,MJ1321YNG12RKA,Hitachi HDS5C3030ALA630,3000592982016,0,,0,,,,,,,,0,,,,,,20066,,,,,,,,,,,,,,,,,,,,,,,,,,,,,,25,,,,,,0,,,,,,,,,,,,,,,,,,,,,,,,,,,,
2013-12-11,Z300XGDC,ST4000DM000,4000787030016,0,,36863464,,,,,,,,0,,,,,,613,,,,,,,,,,,,,,,,,,,,,,,,,,,,,,23,,,,,,0,,,,,,,,,,,,,,,,,,,,,,,,,,,,
2013-12-11,JK11A8B9J3ABPF,Hitachi HDS722020ALA330,2000398934016,0,,0,,,,,,,,0,,,,,,24216,,,,,,,,,,,,,,,,,,,,,,,,,,,,,,29,,,,,,0,,,,,,,,,,,,,,,,,,,,,,,,,,,,
2013-12-11,9VS2AKPH,ST31500341AS,1500301910016,0,,225292347,,,,,,,,7,,,,,,38626,,,,,,,,,,,,,,,,,,,,,,,,,,,,,,25,,,,,,0,,,,,,,,,,,,,,,,,,,,,,,,,,,,
2013-12-11,WD-WCAU45634921,WDC WD10EADS,1000204886016,0,,47,,,,,,,,0,,,,,,41948,,,,,,,,,,,,,,,,,,,,,,,,,,,,,,24,,,,,,0,,,,,,,,,,,,,,,,,,,,,,,,,,,,
2013-12-11,JK1104B8JS6MWW,Hitachi HDS722020ALA330,2000398934016,0,,0,,,,,,,,0,,,,,,23488,,,,,,,,,,,,,,,,,,,,,,,,,,,,,,25,,,,,,0,,,,,,,,,,,,,,,,,,,,,,,,,,,,
2013-12-11,6VS0360K,ST31500341AS,1500301910016,0,,192017733,,,,,,,,3,,,,,,18388,,,,,,,,,,,,,,,,,,,,,,,,,,,,,,24,,,,,,0,,,,,,,,,,,,,,,,,,,,,,,,,,,,
2013-12-11,JK11A8B9J9HWWF,Hitachi HDS722020ALA330,2000398934016,0,,0,,,,,,,,0,,,,,,24970,,,,,,,,,,,,,,,,,,,,,,,,,,,,,,29,,,,,,0,,,,,,,,,,,,,,,,,,,,,,,,,,,,
2013-12-11,MJ1311YNG5HNVA,Hitachi HDS5C3030ALA630,3000592982016,0,,0,,,,,,,,0,,,,,,14289,,,,,,,,,,,,,,,,,,,,,,,,,,,,,,29,,,,,,0,,,,,,,,,,,,,,,,,,,,,,,,,,,,
2013-12-11,Z300H1AN,ST4000DM000,4000787030016,0,,42409144,,,,,,,,0,,,,,,1297,,,,,,,,,,,,,,,,,,,,,,,,,,,,,,21,,,,,,0,,,,,,,,,,,,,,,,,,,,,,,,,,,,
2013-12-11,W300H37E,ST4000DM000,4000787030016,0,,33718072,,,,,,,,0,,,,,,919,,,,,,,,,,,,,,,,,,,,,,,,,,,,,,21,,,,,,0,,,,,,,,,,,,,,,,,,,,,,,,,,,,
2013-12-11,MJ0351YNGA3B1A,Hitachi HDS5C3030ALA630,3000592982016,0,,0,,,,,,,,0,,,,,,8141,,,,,,,,,,,,,,,,,,,,,,,,,,,,,,32,,,,,,0,,,,,,,,,,,,,,,,,,,,,,,,,,,,
2013-12-11,PL1311LAG3A29H,Hitachi HDS5C4040ALE630,4000787030016,0,,0,,,,,,,,0,,,,,,5670,,,,,,,,,,,,,,,,,,,,,,,,,,,,,,18,,,,,,0,,,,,,,,,,,,,,,,,,,,,,,,,,,,
2013-12-11,W1F0A1WY,ST3000DM001,3000592982016,0,,218039792,,,,,,,,0,,,,,,13342,,,,,,,,,,,,,,,,,,,,,,,,,,,,,,27,,,,,,0,,,,,,,,,,,,,,,,,,,,,,,,,,,,
2013-12-11,PL1321LAG35K9H,Hitachi HDS5C4040ALE630,4000787030016,0,,0,,,,,,,,0,,,,,,5958,,,,,,,,,,,,,,,,,,,,,,,,,,,,,,25,,,,,,0,,,,,,,,,,,,,,,,,,,,,,,,,,,,
2013-12-11,JK1101B9J2PMUF,Hitachi HDS722020ALA330,2000398934016,0,,0,,,,,,,,0,,,,,,24216,,,,,,,,,,,,,,,,,,,,,,,,,,,,,,27,,,,,,0,,,,,,,,,,,,,,,,,,,,,,,,,,,,
2013-12-11,S1F01TMY,ST3000DM001,3000592982016,0,,139186384,,,,,,,,0,,,,,,14215,,,,,,,,,,,,,,,,,,,,,,,,,,,,,,20,,,,,,0,,,,,,,,,,,,,,,,,,,,,,,,,,,,
2013-12-11,MJ0351YNG9XMWA,Hitachi HDS5C3030ALA630,3000592982016,0,,0,,,,,,,,0,,,,,,9904,,,,,,,,,,,,,,,,,,,,,,,,,,,,,,24,,,,,,0,,,,,,,,,,,,,,,,,,,,,,,,,,,,
2013-12-11,5XW00TH4,ST31500541AS,1500301910016,0,,25268970,,,,,,,,552,,,,,,35228,,,,,,,,,,,,,,,,,,,,,,,,,,,,,,19,,,,,,0,,,,,,,,,,,,,,,,,,,,,,,,,,,,
2013-12-11,JK11A8B9J7LVAF,Hitachi HDS722020ALA330,2000398934016,0,,0,,,,,,,,0,,,,,,24545,,,,,,,,,,,,,,,,,,,,,,,,,,,,,,26,,,,,,0,,,,,,,,,,,,,,,,,,,,,,,,,,,,
2013-12-11,W1F0P46N,ST3000DM001,3000592982016,0,,159372960,,,,,,,,0,,,,,,11024,,,,,,,,,,,,,,,,,,,,,,,,,,,,,,28,,,,,,0,,,,,,,,,,,,,,,,,,,,,,,,,,,,
2013-12-11,PL1321LAGAHKDH,Hitachi HDS5C4040ALE630,4000787030016,0,,0,,,,,,,,0,,,,,,5066,,,,,,,,,,,,,,,,,,,,,,,,,,,,,,29,,,,,,0,,,,,,,,,,,,,,,,,,,,,,,,,,,,
2013-12-11,S1F0TCDX,ST3000DM001,3000592982016,0,,139007992,,,,,,,,3016,,,,,,10837,,,,,,,,,,,,,,,,,,,,,,,,,,,,,,29,,,,,,8,,,,,,,,,,,,,,,,,,,,,,,,,,,,
2013-12-11,Z300H3QN,ST4000DM000,4000787030016,0,,162632736,,,,,,,,0,,,,,,1331,,,,,,,,,,,,,,,,,,,,,,,,,,,,,,21,,,,,,0,,,,,,,,,,,,,,,,,,,,,,,,,,,,
2013-12-11,S1F0485E,ST3000DM001,3000592982016,0,,233238544,,,,,,,,0,,,,,,16199,,,,,,,,,,,,,,,,,,,,,,,,,,,,,,23,,,,,,0,,,,,,,,,,,,,,,,,,,,,,,,,,,,
2013-12-11,JK11A8B9J3YP7F,Hitachi HDS722020ALA330,2000398934016,0,,0,,,,,,,,0,,,,,,23543,,,,,,,,,,,,,,,,,,,,,,,,,,,,,,35,,,,,,0,,,,,,,,,,,,,,,,,,,,,,,,,,,,
2013-12-11,9XW03200,ST31500541AS,1500301910016,0,,220564323,,,,,,,,0,,,,,,33346,,,,,,,,,,,,,,,,,,,,,,,,,,,,,,20,,,,,,2,,,,,,,,,,,,,,,,,,,,,,,,,,,,
2013-12-11,S1F06353,ST3000DM001,3000592982016,0,,54883104,,,,,,,,0,,,,,,13885,,,,,,,,,,,,,,,,,,,,,,,,,,,,,,22,,,,,,0,,,,,,,,,,,,,,,,,,,,,,,,,,,,
2013-12-11,JK11A4B8JR75UW,Hitachi HDS722020ALA330,2000398934016,0,,0,,,,,,,,0,,,,,,23821,,,,,,,,,,,,,,,,,,,,,,,,,,,,,,36,,,,,,0,,,,,,,,,,,,,,,,,,,,,,,,,,,,
2013-12-11,MJ0351YNG9YSTA,Hitachi HDS5C3030ALA630,3000592982016,0,,0,,,,,,,,0,,,,,,8214,,,,,,,,,,,,,,,,,,,,,,,,,,,,,,29,,,,,,0,,,,,,,,,,,,,,,,,,,,,,,,,,,,
2013-12-11,W300BHV5,ST4000DM000,4000787030016,0,,115230000,,,,,,,,0,,,,,,3604,,,,,,,,,,,,,,,,,,,,,,,,,,,,,,23,,,,,,0,,,,,,,,,,,,,,,,,,,,,,,,,,,,
2013-12-11,WD-WCC1T1249762,WDC WD30EFRX,3000592982016,0,,0,,,,,,,,0,,,,,,1687,,,,,,,,,,,,,,,,,,,,,,,,,,,,,,19,,,,,,0,,,,,,,,,,,,,,,,,,,,,,,,,,,,
2013-12-11,MJ1323YNG1N1AC,Hitachi HDS5C3030ALA630,3000592982016,0,,0,,,,,,,,0,,,,,,19372,,,,,,,,,,,,,,,,,,,,,,,,,,,,,,21,,,,,,0,,,,,,,,,,,,,,,,,,,,,,,,,,,,
2013-12-11,MJ1311YNG5XBZA,Hitachi HDS5C3030ALA630,3000592982016,0,,0,,,,,,,,0,,,,,,14682,,,,,,,,,,,,,,,,,,,,,,,,,,,,,,18,,,,,,0,,,,,,,,,,,,,,,,,,,,,,,,,,,,
2013-12-11,W1F0Q9NS,ST3000DM001,3000592982016,0,,133579136,,,,,,,,0,,,,,,12879,,,,,,,,,,,,,,,,,,,,,,,,,,,,,,26,,,,,,0,,,,,,,,,,,,,,,,,,,,,,,,,,,,
2013-12-11,WD-WCAU45636788,WDC WD10EACS,1000204886016,0,,10,,,,,,,,0,,,,,,42379,,,,,,,,,,,,,,,,,,,,,,,,,,,,,,24,,,,,,0,,,,,,,,,,,,,,,,,,,,,,,,,,,,
2013-12-11,Z300PLPD,ST4000DM000,4000787030016,0,,36936712,,,,,,,,0,,,,,,1113,,,,,,,,,,,,,,,,,,,,,,,,,,,,,,21,,,,,,0,,,,,,,,,,,,,,,,,,,,,,,,,,,,
2013-12-11,WD-WMC1T1843991,WDC WD30EFRX,3000592982016,0,,0,,,,,,,,0,,,,,,5694,,,,,,,,,,,,,,,,,,,,,,,,,,,,,,24,,,,,,0,,,,,,,,,,,,,,,,,,,,,,,,,,,,
2013-12-11,MJ1311YNG2ZD9A,Hitachi HDS5C3030ALA630,3000592982016,0,,0,,,,,,,,0,,,,,,19586,,,,,,,,,,,,,,,,,,,,,,,,,,,,,,24,,,,,,0,,,,,,,,,,,,,,,,,,,,,,,,,,,,
2013-12-11,MK0301YHGM0MTA,Hitachi HDS723030ALA640,3000592982016,0,,14680309,,,,,,,,0,,,,,,17012,,,,,,,,,,,,,,,,,,,,,,,,,,,,,,29,,,,,,0,,,,,,,,,,,,,,,,,,,,,,,,,,,,
2013-12-11,MJ1311YNG323UA,Hitachi HDS5C3030ALA630,3000592982016,0,,0,,,,,,,,0,,,,,,18405,,,,,,,,,,,,,,,,,,,,,,,,,,,,,,21,,,,,,0,,,,,,,,,,,,,,,,,,,,,,,,,,,,
2013-12-11,JK11A8B9J8HGAF,Hitachi HDS722020ALA330,2000398934016,0,,65536,,,,,,,,0,,,,,,25541,,,,,,,,,,,,,,,,,,,,,,,,,,,,,,23,,,,,,0,,,,,,,,,,,,,,,,,,,,,,,,,,,,
2013-12-11,S1F018N9,ST3000DM001,3000592982016,0,,219407712,,,,,,,,0,,,,,,14214,,,,,,,,,,,,,,,,,,,,,,,,,,,,,,22,,,,,,0,,,,,,,,,,,,,,,,,,,,,,,,,,,,
2013-12-11,PL1311LAG3A83H,Hitachi HDS5C4040ALE630,4000787030016,0,,0,,,,,,,,0,,,,,,3630,,,,,,,,,,,,,,,,,,,,,,,,,,,,,,29,,,,,,0,,,,,,,,,,,,,,,,,,,,,,,,,,,,
2013-12-11,9VS3J2FJ,ST31500341AS,1500301910016,0,,142965250,,,,,,,,30,,,,,,32910,,,,,,,,,,,,,,,,,,,,,,,,,,,,,,19,,,,,,0,,,,,,,,,,,,,,,,,,,,,,,,,,,,
2013-12-11,MJ1311YNG77H2A,Hitachi HDS5C3030ALA630,3000592982016,0,,0,,,,,,,,0,,,,,,14595,,,,,,,,,,,,,,,,,,,,,,,,,,,,,,26,,,,,,0,,,,,,,,,,,,,,,,,,,,,,,,,,,,
2013-12-11,MK0331YHGKTBKA,Hitachi HDS723030ALA640,3000592982016,0,,0,,,,,,,,0,,,,,,17017,,,,,,,,,,,,,,,,,,,,,,,,,,,,,,27,,,,,,0,,,,,,,,,,,,,,,,,,,,,,,,,,,,
2013-12-11,MJ1311YNG7ES8A,Hitachi HDS5C3030ALA630,3000592982016,0,,0,,,,,,,,0,,,,,,14620,,,,,,,,,,,,,,,,,,,,,,,,,,,,,,22,,,,,,0,,,,,,,,,,,,,,,,,,,,,,,,,,,,
2013-12-11,JK1101B9KNJWEF,Hitachi HDS722020ALA330,2000398934016,0,,0,,,,,,,,0,,,,,,23074,,,,,,,,,,,,,,,,,,,,,,,,,,,,,,34,,,,,,0,,,,,,,,,,,,,,,,,,,,,,,,,,,,
2013-12-11,JK11A8B9J2BASF,Hitachi HDS722020ALA330,2000398934016,0,,65537,,,,,,,,0,,,,,,24399,,,,,,,,,,,,,,,,,,,,,,,,,,,,,,30,,,,,,0,,,,,,,,,,,,,,,,,,,,,,,,,,,,
2013-12-11,W1F0EDNY,ST3000DM001,3000592982016,0,,116073496,,,,,,,,0,,,,,,12359,,,,,,,,,,,,,,,,,,,,,,,,,,,,,,24,,,,,,0,,,,,,,,,,,,,,,,,,,,,,,,,,,,
2013-12-11,6XW04G2W,ST31500541AS,1500301910016,0,,178780343,,,,,,,,181,,,,,,37154,,,,,,,,,,,,,,,,,,,,,,,,,,,,,,26,,,,,,0,,,,,,,,,,,,,,,,,,,,,,,,,,,,
2013-12-11,9VS3GD3F,ST31500341AS,1500301910016,0,,125541265,,,,,,,,485,,,,,,32917,,,,,,,,,,,,,,,,,,,,,,,,,,,,,,26,,,,,,0,,,,,,,,,,,,,,,,,,,,,,,,,,,,
2013-12-11,W300J2V0,ST4000DM000,4000787030016,0,,120654464,,,,,,,,0,,,,,,920,,,,,,,,,,,,,,,,,,,,,,,,,,,,,,22,,,,,,0,,,,,,,,,,,,,,,,,,,,,,,,,,,,
2013-12-11,Z300PAEN,ST4000DM000,4000787030016,0,,178438856,,,,,,,,0,,,,,,1114,,,,,,,,,,,,,,,,,,,,,,,,,,,,,,30,,,,,,0,,,,,,,,,,,,,,,,,,,,,,,,,,,,
2013-12-11,WD-WMC1T0949394,WDC WD30EFRX,3000592982016,0,,0,,,,,,,,0,,,,,,8840,,,,,,,,,,,,,,,,,,,,,,,,,,,,,,27,,,,,,0,,,,,,,,,,,,,,,,,,,,,,,,,,,,
2013-12-11,Z300PAED,ST4000DM000,4000787030016,0,,205659200,,,,,,,,0,,,,,,1225,,,,,,,,,,,,,,,,,,,,,,,,,,,,,,23,,,,,,0,,,,,,,,,,,,,,,,,,,,,,,,,,,,
2013-12-11,PL1331LAGAZ6TH,Hitachi HDS5C4040ALE630,4000787030016,0,,0,,,,,,,,0,,,,,,5075,,,,,,,,,,,,,,,,,,,,,,,,,,,,,,27,,,,,,0,,,,,,,,,,,,,,,,,,,,,,,,,,,,
2013-12-11,Z300WG83,ST4000DM000,4000787030016,0,,111033272,,,,,,,,0,,,,,,948,,,,,,,,,,,,,,,,,,,,,,,,,,,,,,20,,,,,,0,,,,,,,,,,,,,,,,,,,,,,,,,,,,
2013-12-11,S1F02T6R,ST3000DM001,3000592982016,0,,96529144,,,,,,,,0,,,,,,15456,,,,,,,,,,,,,,,,,,,,,,,,,,,,,,22,,,,,,0,,,,,,,,,,,,,,,,,,,,,,,,,,,,
2013-12-11,WD-WCAU45305005,WDC WD10EACS,1000204886016,0,,0,,,,,,,,0,,,,,,42392,,,,,,,,,,,,,,,,,,,,,,,,,,,,,,23,,,,,,0,,,,,,,,,,,,,,,,,,,,,,,,,,,,
2013-12-11,JK11A1YAJHB64V,Hitachi HDS722020ALA330,2000398934016,0,,0,,,,,,,,0,,,,,,28741,,,,,,,,,,,,,,,,,,,,,,,,,,,,,,23,,,,,,0,,,,,,,,,,,,,,,,,,,,,,,,,,,,
2013-12-11,PL1321LAG3485H,Hitachi HDS5C4040ALE630,4000787030016,0,,0,,,,,,,,2,,,,,,6570,,,,,,,,,,,,,,,,,,,,,,,,,,,,,,29,,,,,,0,,,,,,,,,,,,,,,,,,,,,,,,,,,,
2013-12-11,Z300CWQJ,ST4000DM000,4000787030016,0,,154952776,,,,,,,,0,,,,,,2272,,,,,,,,,,,,,,,,,,,,,,,,,,,,,,20,,,,,,0,,,,,,,,,,,,,,,,,,,,,,,,,,,,
2013-12-11,W1F00AKJ,ST3000DM001,3000592982016,0,,198887720,,,,,,,,0,,,,,,17085,,,,,,,,,,,,,,,,,,,,,,,,,,,,,,25,,,,,,0,,,,,,,,,,,,,,,,,,,,,,,,,,,,
2013-12-11,Z300WG8S,ST4000DM000,4000787030016,0,,237796624,,,,,,,,0,,,,,,799,,,,,,,,,,,,,,,,,,,,,,,,,,,,,,23,,,,,,0,,,,,,,,,,,,,,,,,,,,,,,,,,,,
2013-12-11,S1F02T63,ST3000DM001,3000592982016,0,,199522616,,,,,,,,0,,,,,,15417,,,,,,,,,,,,,,,,,,,,,,,,,,,,,,26,,,,,,0,,,,,,,,,,,,,,,,,,,,,,,,,,,,
2013-12-11,MJ0351YNGAD7VA,Hitachi HDS5C3030ALA630,3000592982016,0,,0,,,,,,,,0,,,,,,8617,,,,,,,,,,,,,,,,,,,,,,,,,,,,,,30,,,,,,0,,,,,,,,,,,,,,,,,,,,,,,,,,,,
2013-12-11,MJ0351YNGA759A,Hitachi HDS5C3030ALA630,3000592982016,0,,0,,,,,,,,0,,,,,,9163,,,,,,,,,,,,,,,,,,,,,,,,,,,,,,28,,,,,,0,,,,,,,,,,,,,,,,,,,,,,,,,,,,
2013-12-11,Z1F0QQ5F,ST3000DM001,3000592982016,0,,31899040,,,,,,,,0,,,,,,11695,,,,,,,,,,,,,,,,,,,,,,,,,,,,,,27,,,,,,0,,,,,,,,,,,,,,,,,,,,,,,,,,,,
2013-12-11,MJ0351YNG9RH2A,Hitachi HDS5C3030ALA630,3000592982016,0,,0,,,,,,,,0,,,,,,9190,,,,,,,,,,,,,,,,,,,,,,,,,,,,,,31,,,,,,0,,,,,,,,,,,,,,,,,,,,,,,,,,,,
2013-12-11,WD-WCAU45414650,WDC WD10EADS,1000204886016,0,,2,,,,,,,,0,,,,,,41271,,,,,,,,,,,,,,,,,,,,,,,,,,,,,,30,,,,,,0,,,,,,,,,,,,,,,,,,,,,,,,,,,,
2013-12-11,6XW057MD,ST31500541AS,1500301910016,0,,170163938,,,,,,,,0,,,,,,37286,,,,,,,,,,,,,,,,,,,,,,,,,,,,,,23,,,,,,0,,,,,,,,,,,,,,,,,,,,,,,,,,,,
2013-12-11,W1F09WLS,ST3000DM001,3000592982016,0,,118678616,,,,,,,,0,,,,,,13355,,,,,,,,,,,,,,,,,,,,,,,,,,,,,,21,,,,,,0,,,,,,,,,,,,,,,,,,,,,,,,,,,,
2013-12-11,JK11A8B9J37Z1F,Hitachi HDS722020ALA330,2000398934016,0,,0,,,,,,,,0,,,,,,24493,,,,,,,,,,,,,,,,,,,,,,,,,,,,,,29,,,,,,0,,,,,,,,,,,,,,,,,,,,,,,,,,,,
2013-12-11,MJ0351YNGA6N3A,Hitachi HDS5C3030ALA630,3000592982016,0,,0,,,,,,,,0,,,,,,9142,,,,,,,,,,,,,,,,,,,,,,,,,,,,,,30,,,,,,0,,,,,,,,,,,,,,,,,,,,,,,,,,,,
2013-12-11,JK11A8B9J2VJAF,Hitachi HDS722020ALA330,2000398934016,0,,0,,,,,,,,0,,,,,,23543,,,,,,,,,,,,,,,,,,,,,,,,,,,,,,38,,,,,,0,,,,,,,,,,,,,,,,,,,,,,,,,,,,
2013-12-11,MJ0351YNG9ZPKA,Hitachi HDS5C3030ALA630,3000592982016,0,,0,,,,,,,,0,,,,,,9939,,,,,,,,,,,,,,,,,,,,,,,,,,,,,,27,,,,,,0,,,,,,,,,,,,,,,,,,,,,,,,,,,,
2013-12-11,Z1F06A2B,ST3000DM001,3000592982016,0,,13495744,,,,,,,,0,,,,,,14733,,,,,,,,,,,,,,,,,,,,,,,,,,,,,,23,,,,,,0,,,,,,,,,,,,,,,,,,,,,,,,,,,,
2013-12-11,JK1175YAK92M1X,Hitachi HDS722020ALA330,2000398934016,0,,0,,,,,,,,0,,,,,,29653,,,,,,,,,,,,,,,,,,,,,,,,,,,,,,28,,,,,,0,,,,,,,,,,,,,,,,,,,,,,,,,,,,
2013-12-11,PL2311LAG1NY1C,Hitachi HDS5C4040ALE630,4000787030016,0,,0,,,,,,,,0,,,,,,7402,,,,,,,,,,,,,,,,,,,,,,,,,,,,,,25,,,,,,0,,,,,,,,,,,,,,,,,,,,,,,,,,,,
2013-12-11,JK11A5B8J0RWVX,Hitachi HDS722020ALA330,2000398934016,0,,1,,,,,,,,0,,,,,,23820,,,,,,,,,,,,,,,,,,,,,,,,,,,,,,29,,,,,,0,,,,,,,,,,,,,,,,,,,,,,,,,,,,
2013-12-11,MJ0351YNGA8VKA,Hitachi HDS5C3030ALA630,3000592982016,0,,0,,,,,,,,0,,,,,,7989,,,,,,,,,,,,,,,,,,,,,,,,,,,,,,28,,,,,,0,,,,,,,,,,,,,,,,,,,,,,,,,,,,
2013-12-11,Z300J9JE,ST4000DM000,4000787030016,0,,58347912,,,,,,,,0,,,,,,2217,,,,,,,,,,,,,,,,,,,,,,,,,,,,,,24,,,,,,0,,,,,,,,,,,,,,,,,,,,,,,,,,,,
2013-12-11,MJ0351YNGA8XKA,Hitachi HDS5C3030ALA630,3000592982016,0,,0,,,,,,,,0,,,,,,8212,,,,,,,,,,,,,,,,,,,,,,,,,,,,,,35,,,,,,0,,,,,,,,,,,,,,,,,,,,,,,,,,,,
2013-12-11,S1F10FZB,ST3000DM001,3000592982016,0,,77125880,,,,,,,,0,,,,,,8208,,,,,,,,,,,,,,,,,,,,,,,,,,,,,,27,,,,,,0,,,,,,,,,,,,,,,,,,,,,,,,,,,,
2013-12-11,JK11A8B9J7WJUF,Hitachi HDS722020ALA330,2000398934016,0,,0,,,,,,,,0,,,,,,26003,,,,,,,,,,,,,,,,,,,,,,,,,,,,,,29,,,,,,0,,,,,,,,,,,,,,,,,,,,,,,,,,,,
2013-12-11,5XW19Q4T,ST31500541AS,1500301910016,0,,76965523,,,,,,,,0,,,,,,11243,,,,,,,,,,,,,,,,,,,,,,,,,,,,,,22,,,,,,0,,,,,,,,,,,,,,,,,,,,,,,,,,,,
2013-12-11,MJ1311YNG5LKPA,Hitachi HDS5C3030ALA630,3000592982016,0,,0,,,,,,,,0,,,,,,14288,,,,,,,,,,,,,,,,,,,,,,,,,,,,,,32,,,,,,0,,,,,,,,,,,,,,,,,,,,,,,,,,,,
2013-12-11,S1F0KYJF,ST3000DM001,3000592982016,0,,81336200,,,,,,,,0,,,,,,12179,,,,,,,,,,,,,,,,,,,,,,,,,,,,,,35,,,,,,0,,,,,,,,,,,,,,,,,,,,,,,,,,,,
2013-12-11,JK11A8B9J9KW3F,Hitachi HDS722020ALA330,2000398934016,0,,0,,,,,,,,0,,,,,,24497,,,,,,,,,,,,,,,,,,,,,,,,,,,,,,26,,,,,,0,,,,,,,,,,,,,,,,,,,,,,,,,,,,
2013-12-11,JK11A8B9J798ZF,Hitachi HDS722020ALA330,2000398934016,0,,0,,,,,,,,0,,,,,,22702,,,,,,,,,,,,,,,,,,,,,,,,,,,,,,30,,,,,,0,,,,,,,,,,,,,,,,,,,,,,,,,,,,
2013-12-11,PL1331LAGB4KUH,Hitachi HDS5C4040ALE630,4000787030016,0,,0,,,,,,,,0,,,,,,5052,,,,,,,,,,,,,,,,,,,,,,,,,,,,,,29,,,,,,0,,,,,,,,,,,,,,,,,,,,,,,,,,,,
2013-12-11,W300B4KJ,ST4000DM000,4000787030016,0,,56592960,,,,,,,,0,,,,,,4141,,,,,,,,,,,,,,,,,,,,,,,,,,,,,,25,,,,,,0,,,,,,,,,,,,,,,,,,,,,,,,,,,,
2013-12-11,W300B4KE,ST4000DM000,4000787030016,0,,39547712,,,,,,,,0,,,,,,2243,,,,,,,,,,,,,,,,,,,,,,,,,,,,,,23,,,,,,0,,,,,,,,,,,,,,,,,,,,,,,,,,,,
2013-12-11,WD-WCC0S1018743,WDC WD10EARX,1000204886016,0,,0,,,,,,,,0,,,,,,7681,,,,,,,,,,,,,,,,,,,,,,,,,,,,,,26,,,,,,0,,,,,,,,,,,,,,,,,,,,,,,,,,,,
2013-12-11,JK11A8B9J3KUNF,Hitachi HDS722020ALA330,2000398934016,0,,0,,,,,,,,47,,,,,,23711,,,,,,,,,,,,,,,,,,,,,,,,,,,,,,27,,,,,,0,,,,,,,,,,,,,,,,,,,,,,,,,,,,
2013-12-11,PL1301LAG34YBH,Hitachi HDS5C4040ALE630,4000787030016,0,,0,,,,,,,,0,,,,,,5958,,,,,,,,,,,,,,,,,,,,,,,,,,,,,,25,,,,,,0,,,,,,,,,,,,,,,,,,,,,,,,,,,,
2013-12-11,Z300W3ML,ST4000DM000,4000787030016,0,,200447896,,,,,,,,0,,,,,,957,,,,,,,,,,,,,,,,,,,,,,,,,,,,,,22,,,,,,0,,,,,,,,,,,,,,,,,,,,,,,,,,,,
2013-12-11,PL1311LAG24SHA,Hitachi HDS5C4040ALE630,4000787030016,0,,0,,,,,,,,0,,,,,,5186,,,,,,,,,,,,,,,,,,,,,,,,,,,,,,23,,,,,,0,,,,,,,,,,,,,,,,,,,,,,,,,,,,
2013-12-11,MJ1311YNG61ZTA,Hitachi HDS5C3030ALA630,3000592982016,0,,131072,,,,,,,,0,,,,,,14682,,,,,,,,,,,,,,,,,,,,,,,,,,,,,,19,,,,,,0,,,,,,,,,,,,,,,,,,,,,,,,,,,,
2013-12-11,PL1311LAG38VSH,Hitachi HDS5C4040ALE630,4000787030016,0,,0,,,,,,,,0,,,,,,5925,,,,,,,,,,,,,,,,,,,,,,,,,,,,,,20,,,,,,0,,,,,,,,,,,,,,,,,,,,,,,,,,,,
2013-12-11,S1F026RE,ST3000DM001,3000592982016,0,,131785768,,,,,,,,0,,,,,,13347,,,,,,,,,,,,,,,,,,,,,,,,,,,,,,29,,,,,,8,,,,,,,,,,,,,,,,,,,,,,,,,,,,
2013-12-11,MJ1311YNG7J53A,Hitachi HDS5C3030ALA630,3000592982016,0,,0,,,,,,,,0,,,,,,14680,,,,,,,,,,,,,,,,,,,,,,,,,,,,,,27,,,,,,0,,,,,,,,,,,,,,,,,,,,,,,,,,,,
2013-12-11,S1F026RB,ST3000DM001,3000592982016,0,,241440872,,,,,,,,0,,,,,,15456,,,,,,,,,,,,,,,,,,,,,,,,,,,,,,19,,,,,,24,,,,,,,,,,,,,,,,,,,,,,,,,,,,
2013-12-11,W1F0X3L8,ST3000DM001,3000592982016,0,,97642960,,,,,,,,0,,,,,,10835,,,,,,,,,,,,,,,,,,,,,,,,,,,,,,33,,,,,,0,,,,,,,,,,,,,,,,,,,,,,,,,,,,
2013-12-11,PL1321LAG35GDH,Hitachi HDS5C4040ALE630,4000787030016,0,,0,,,,,,,,0,,,,,,5069,,,,,,,,,,,,,,,,,,,,,,,,,,,,,,28,,,,,,0,,,,,,,,,,,,,,,,,,,,,,,,,,,,
2013-12-11,JK11A8B9J79GTF,Hitachi HDS722020ALA330,2000398934016,0,,0,,,,,,,,0,,,,,,22699,,,,,,,,,,,,,,,,,,,,,,,,,,,,,,26,,,,,,0,,,,,,,,,,,,,,,,,,,,,,,,,,,,
2013-12-11,S1F0RQLR,ST3000DM001,3000592982016,0,,21856832,,,,,,,,0,,,,,,10540,,,,,,,,,,,,,,,,,,,,,,,,,,,,,,22,,,,,,0,,,,,,,,,,,,,,,,,,,,,,,,,,,,
2013-12-11,S1F0S5PT,ST3000DM001,3000592982016,0,,128616880,,,,,,,,0,,,,,,10473,,,,,,,,,,,,,,,,,,,,,,,,,,,,,,26,,,,,,0,,,,,,,,,,,,,,,,,,,,,,,,,,,,
2013-12-11,MJ1323YNG1PNWC,Hitachi HDS5C3030ALA630,3000592982016,0,,0,,,,,,,,0,,,,,,19764,,,,,,,,,,,,,,,,,,,,,,,,,,,,,,28,,,,,,0,,,,,,,,,,,,,,,,,,,,,,,,,,,,
2013-12-11,9XK0Q8X0,ST33000651AS,3000592982016,0,,157633997,,,,,,,,0,,,,,,17050,,,,,,,,,,,,,,,,,,,,,,,,,,,,,,23,,,,,,0,,,,,,,,,,,,,,,,,,,,,,,,,,,,
2013-12-11,Z300KHAT,ST4000DM000,4000787030016,0,,183657824,,,,,,,,0,,,,,,1445,,,,,,,,,,,,,,,,,,,,,,,,,,,,,,25,,,,,,0,,,,,,,,,,,,,,,,,,,,,,,,,,,,
2013-12-11,S1F0S5PF,ST3000DM001,3000592982016,0,,188812312,,,,,,,,0,,,,,,10503,,,,,,,,,,,,,,,,,,,,,,,,,,,,,,20,,,,,,0,,,,,,,,,,,,,,,,,,,,,,,,,,,,
2013-12-11,W1F0A33J,ST3000DM001,3000592982016,0,,72721144,,,,,,,,0,,,,,,14236,,,,,,,,,,,,,,,,,,,,,,,,,,,,,,25,,,,,,0,,,,,,,,,,,,,,,,,,,,,,,,,,,,
2013-12-11,Z300NMMM,ST4000DM000,4000787030016,0,,189159120,,,,,,,,0,,,,,,152,,,,,,,,,,,,,,,,,,,,,,,,,,,,,,20,,,,,,0,,,,,,,,,,,,,,,,,,,,,,,,,,,,
2013-12-11,Z300JCQT,ST4000DM000,4000787030016,0,,21831384,,,,,,,,0,,,,,,2221,,,,,,,,,,,,,,,,,,,,,,,,,,,,,,27,,,,,,0,,,,,,,,,,,,,,,,,,,,,,,,,,,,
2013-12-11,S1F13KZK,ST3000DM001,3000592982016,0,,93925400,,,,,,,,0,,,,,,7991,,,,,,,,,,,,,,,,,,,,,,,,,,,,,,26,,,,,,0,,,,,,,,,,,,,,,,,,,,,,,,,,,,
2013-12-11,Z300JCQF,ST4000DM000,4000787030016,0,,167954360,,,,,,,,0,,,,,,1447,,,,,,,,,,,,,,,,,,,,,,,,,,,,,,27,,,,,,0,,,,,,,,,,,,,,,,,,,,,,,,,,,,
2013-12-11,MJ1323YNG1LN8C,Hitachi HDS5C3030ALA630,3000592982016,0,,0,,,,,,,,0,,,,,,19772,,,,,,,,,,,,,,,,,,,,,,,,,,,,,,22,,,,,,0,,,,,,,,,,,,,,,,,,,,,,,,,,,,
2013-12-11,JK1104B8JRWZNW,Hitachi HDS722020ALA330,2000398934016,0,,0,,,,,,,,1433,,,,,,23319,,,,,,,,,,,,,,,,,,,,,,,,,,,,,,29,,,,,,0,,,,,,,,,,,,,,,,,,,,,,,,,,,,
2013-12-11,PL1321LAG2DHGH,Hitachi HDS5C4040ALE630,4000787030016,0,,0,,,,,,,,0,,,,,,5668,,,,,,,,,,,,,,,,,,,,,,,,,,,,,,20,,,,,,0,,,,,,,,,,,,,,,,,,,,,,,,,,,,
2013-12-11,S1F06W4D,ST3000DM001,3000592982016,0,,35405336,,,,,,,,0,,,,,,13822,,,,,,,,,,,,,,,,,,,,,,,,,,,,,,20,,,,,,8,,,,,,,,,,,,,,,,,,,,,,,,,,,,
2013-12-11,PL2321LAGASNYJ,Hitachi HDS5C4040ALE630,4000787030016,0,,0,,,,,,,,0,,,,,,2981,,,,,,,,,,,,,,,,,,,,,,,,,,,,,,25,,,,,,0,,,,,,,,,,,,,,,,,,,,,,,,,,,,
2013-12-11,S1F06W4N,ST3000DM001,3000592982016,0,,45176384,,,,,,,,0,,,,,,13748,,,,,,,,,,,,,,,,,,,,,,,,,,,,,,23,,,,,,0,,,,,,,,,,,,,,,,,,,,,,,,,,,,
2013-12-11,6XW01SBV,ST31500541AS,1500301910016,0,,137724721,,,,,,,,0,,,,,,35444,,,,,,,,,,,,,,,,,,,,,,,,,,,,,,19,,,,,,0,,,,,,,,,,,,,,,,,,,,,,,,,,,,
2013-12-11,WD-WCAU45661712,WDC WD10EADS,1000204886016,0,,1,,,,,,,,0,,,,,,39037,,,,,,,,,,,,,,,,,,,,,,,,,,,,,,29,,,,,,0,,,,,,,,,,,,,,,,,,,,,,,,,,,,
2013-12-11,S1F06W4P,ST3000DM001,3000592982016,0,,162513536,,,,,,,,0,,,,,,13773,,,,,,,,,,,,,,,,,,,,,,,,,,,,,,26,,,,,,0,,,,,,,,,,,,,,,,,,,,,,,,,,,,
2013-12-11,JK11A1YAJ7VX8V,Hitachi HDS722020ALA330,2000398934016,0,,393216,,,,,,,,0,,,,,,11380,,,,,,,,,,,,,,,,,,,,,,,,,,,,,,28,,,,,,0,,,,,,,,,,,,,,,,,,,,,,,,,,,,
2013-12-11,S1F0S1QK,ST3000DM001,3000592982016,0,,193319960,,,,,,,,0,,,,,,10760,,,,,,,,,,,,,,,,,,,,,,,,,,,,,,27,,,,,,0,,,,,,,,,,,,,,,,,,,,,,,,,,,,
2013-12-11,MJ1311YNG7LXYA,Hitachi HDS5C3030ALA630,3000592982016,0,,0,,,,,,,,0,,,,,,14574,,,,,,,,,,,,,,,,,,,,,,,,,,,,,,21,,,,,,0,,,,,,,,,,,,,,,,,,,,,,,,,,,,
2013-12-11,Z290VS2E,ST33000651AS,3000592982016,0,,36799076,,,,,,,,79,,,,,,17739,,,,,,,,,,,,,,,,,,,,,,,,,,,,,,22,,,,,,0,,,,,,,,,,,,,,,,,,,,,,,,,,,,
2013-12-11,MJ0351YNG9W1HA,Hitachi HDS5C3030ALA630,3000592982016,0,,0,,,,,,,,0,,,,,,8142,,,,,,,,,,,,,,,,,,,,,,,,,,,,,,31,,,,,,0,,,,,,,,,,,,,,,,,,,,,,,,,,,,
2013-12-11,Z290XBCC,ST33000651AS,3000592982016,0,,33362542,,,,,,,,0,,,,,,15915,,,,,,,,,,,,,,,,,,,,,,,,,,,,,,29,,,,,,0,,,,,,,,,,,,,,,,,,,,,,,,,,,,
2013-12-11,6XW00WDA,ST31500541AS,1500301910016,0,,120007831,,,,,,,,0,,,,,,36960,,,,,,,,,,,,,,,,,,,,,,,,,,,,,,20,,,,,,0,,,,,,,,,,,,,,,,,,,,,,,,,,,,
2013-12-11,JK11A8B9J3M1RF,Hitachi HDS722020ALA330,2000398934016,0,,1,,,,,,,,0,,,,,,23828,,,,,,,,,,,,,,,,,,,,,,,,,,,,,,28,,,,,,0,,,,,,,,,,,,,,,,,,,,,,,,,,,,
2013-12-11,S1F0GQCL,ST3000DM001,3000592982016,0,,64988760,,,,,,,,0,,,,,,11722,,,,,,,,,,,,,,,,,,,,,,,,,,,,,,26,,,,,,0,,,,,,,,,,,,,,,,,,,,,,,,,,,,
2013-12-11,JK1101B9J2Z8YF,Hitachi HDS722020ALA330,2000398934016,0,,65537,,,,,,,,0,,,,,,22703,,,,,,,,,,,,,,,,,,,,,,,,,,,,,,25,,,,,,0,,,,,,,,,,,,,,,,,,,,,,,,,,,,
2013-12-11,PL1311LAG2B7KH,Hitachi HDS5C4040ALE630,4000787030016,0,,0,,,,,,,,0,,,,,,7411,,,,,,,,,,,,,,,,,,,,,,,,,,,,,,21,,,,,,0,,,,,,,,,,,,,,,,,,,,,,,,,,,,
2013-12-11,PK1331PAJ356BS,HGST HDS724040ALE640,4000787030016,0,,0,,,,,,,,0,,,,,,2027,,,,,,,,,,,,,,,,,,,,,,,,,,,,,,26,,,,,,0,,,,,,,,,,,,,,,,,,,,,,,,,,,,
2013-12-11,W1F0Z5V8,ST3000DM001,3000592982016,0,,127928184,,,,,,,,0,,,,,,10836,,,,,,,,,,,,,,,,,,,,,,,,,,,,,,34,,,,,,0,,,,,,,,,,,,,,,,,,,,,,,,,,,,
2013-12-11,JK11A4B8JPDUDW,Hitachi HDS722020ALA330,2000398934016,0,,0,,,,,,,,0,,,,,,23822,,,,,,,,,,,,,,,,,,,,,,,,,,,,,,27,,,,,,0,,,,,,,,,,,,,,,,,,,,,,,,,,,,
2013-12-11,6XW03A6W,ST31500541AS,1500301910016,0,,226565661,,,,,,,,0,,,,,,35775,,,,,,,,,,,,,,,,,,,,,,,,,,,,,,20,,,,,,0,,,,,,,,,,,,,,,,,,,,,,,,,,,,
2013-12-11,MJ1311YNG3KU4A,Hitachi HDS5C3030ALA630,3000592982016,0,,0,,,,,,,,0,,,,,,18201,,,,,,,,,,,,,,,,,,,,,,,,,,,,,,29,,,,,,0,,,,,,,,,,,,,,,,,,,,,,,,,,,,
2013-12-11,MJ0351YNG9VYEA,Hitachi HDS5C3030ALA630,3000592982016,0,,0,,,,,,,,0,,,,,,9906,,,,,,,,,,,,,,,,,,,,,,,,,,,,,,25,,,,,,0,,,,,,,,,,,,,,,,,,,,,,,,,,,,
2013-12-11,WD-WCAU48411402,WDC WD10EADS,1000204886016,0,,2,,,,,,,,0,,,,,,38066,,,,,,,,,,,,,,,,,,,,,,,,,,,,,,29,,,,,,0,,,,,,,,,,,,,,,,,,,,,,,,,,,,
2013-12-11,JK11A8B9J7PD7F,Hitachi HDS722020ALA330,2000398934016,0,,0,,,,,,,,0,,,,,,26004,,,,,,,,,,,,,,,,,,,,,,,,,,,,,,29,,,,,,0,,,,,,,,,,,,,,,,,,,,,,,,,,,,
2013-12-11,MJ0351YNG9SZ2A,Hitachi HDS5C3030ALA630,3000592982016,0,,0,,,,,,,,0,,,,,,8830,,,,,,,,,,,,,,,,,,,,,,,,,,,,,,28,,,,,,0,,,,,,,,,,,,,,,,,,,,,,,,,,,,
2013-12-11,JK11A8B9J8J10F,Hitachi HDS722020ALA330,2000398934016,0,,0,,,,,,,,0,,,,,,24970,,,,,,,,,,,,,,,,,,,,,,,,,,,,,,27,,,,,,0,,,,,,,,,,,,,,,,,,,,,,,,,,,,
2013-12-11,MJ0351YNGA02RA,Hitachi HDS5C3030ALA630,3000592982016,0,,0,,,,,,,,0,,,,,,9975,,,,,,,,,,,,,,,,,,,,,,,,,,,,,,26,,,,,,0,,,,,,,,,,,,,,,,,,,,,,,,,,,,
2013-12-11,S1F04D52,ST3000DM001,3000592982016,0,,177207904,,,,,,,,0,,,,,,14993,,,,,,,,,,,,,,,,,,,,,,,,,,,,,,23,,,,,,0,,,,,,,,,,,,,,,,,,,,,,,,,,,,
2013-12-11,W1F0X6L1,ST3000DM001,3000592982016,0,,101364992,,,,,,,,0,,,,,,10501,,,,,,,,,,,,,,,,,,,,,,,,,,,,,,20,,,,,,0,,,,,,,,,,,,,,,,,,,,,,,,,,,,
2013-12-11,JK1104B8GDU8DW,Hitachi HDS722020ALA330,2000398934016,0,,1,,,,,,,,8,,,,,,27734,,,,,,,,,,,,,,,,,,,,,,,,,,,,,,23,,,,,,1,,,,,,,,,,,,,,,,,,,,,,,,,,,,
2013-12-11,6XW106HC,ST31500541AS,1500301910016,0,,128445162,,,,,,,,0,,,,,,29369,,,,,,,,,,,,,,,,,,,,,,,,,,,,,,22,,,,,,0,,,,,,,,,,,,,,,,,,,,,,,,,,,,
2013-12-11,JK1105B8JS148X,Hitachi HDS722020ALA330,2000398934016,0,,0,,,,,,,,0,,,,,,23125,,,,,,,,,,,,,,,,,,,,,,,,,,,,,,26,,,,,,0,,,,,,,,,,,,,,,,,,,,,,,,,,,,
2013-12-11,PL1321LAGAXMEH,Hitachi HDS5C4040ALE630,4000787030016,0,,0,,,,,,,,0,,,,,,5050,,,,,,,,,,,,,,,,,,,,,,,,,,,,,,30,,,,,,0,,,,,,,,,,,,,,,,,,,,,,,,,,,,
2013-12-11,MJ0351YNGA04BA,Hitachi HDS5C3030ALA630,3000592982016,0,,0,,,,,,,,0,,,,,,9906,,,,,,,,,,,,,,,,,,,,,,,,,,,,,,24,,,,,,0,,,,,,,,,,,,,,,,,,,,,,,,,,,,
2013-12-11,JK11A8B9J744MF,Hitachi HDS722020ALA330,2000398934016,0,,0,,,,,,,,0,,,,,,22696,,,,,,,,,,,,,,,,,,,,,,,,,,,,,,28,,,,,,0,,,,,,,,,,,,,,,,,,,,,,,,,,,,
2013-12-11,PL1321LAG34X7H,Hitachi HDS5C4040ALE630,4000787030016,0,,0,,,,,,,,0,,,,,,6652,,,,,,,,,,,,,,,,,,,,,,,,,,,,,,26,,,,,,0,,,,,,,,,,,,,,,,,,,,,,,,,,,,
2013-12-11,W3009HG4,ST4000DM000,4000787030016,0,,9738448,,,,,,,,0,,,,,,4048,,,,,,,,,,,,,,,,,,,,,,,,,,,,,,20,,,,,,0,,,,,,,,,,,,,,,,,,,,,,,,,,,,
2013-12-11,WD-WCAWZ1371444,WDC WD30EZRX,3000592982016,0,,0,,,,,,,,0,,,,,,16073,,,,,,,,,,,,,,,,,,,,,,,,,,,,,,21,,,,,,0,,,,,,,,,,,,,,,,,,,,,,,,,,,,
2013-12-11,MJ1311YNG7ADUA,Hitachi HDS5C3030ALA630,3000592982016,0,,0,,,,,,,,0,,,,,,14624,,,,,,,,,,,,,,,,,,,,,,,,,,,,,,25,,,,,,0,,,,,,,,,,,,,,,,,,,,,,,,,,,,
2013-12-11,MJ0351YNG9YLRA,Hitachi HDS5C3030ALA630,3000592982016,0,,0,,,,,,,,0,,,,,,9483,,,,,,,,,,,,,,,,,,,,,,,,,,,,,,30,,,,,,0,,,,,,,,,,,,,,,,,,,,,,,,,,,,
2013-12-11,S1F11MT9,ST3000DM001,3000592982016,0,,34921488,,,,,,,,0,,,,,,7994,,,,,,,,,,,,,,,,,,,,,,,,,,,,,,17,,,,,,0,,,,,,,,,,,,,,,,,,,,,,,,,,,,
2013-12-11,Z1F17ZCN,ST3000DM001,3000592982016,0,,118700464,,,,,,,,0,,,,,,9401,,,,,,,,,,,,,,,,,,,,,,,,,,,,,,24,,,,,,0,,,,,,,,,,,,,,,,,,,,,,,,,,,,
2013-12-11,9VS3JR9C,ST31500341AS,1500301910016,0,,145701409,,,,,,,,251,,,,,,32917,,,,,,,,,,,,,,,,,,,,,,,,,,,,,,25,,,,,,0,,,,,,,,,,,,,,,,,,,,,,,,,,,,
2013-12-11,JK11A8B9J6TV3F,Hitachi HDS722020ALA330,2000398934016,0,,0,,,,,,,,0,,,,,,26010,,,,,,,,,,,,,,,,,,,,,,,,,,,,,,29,,,,,,0,,,,,,,,,,,,,,,,,,,,,,,,,,,,
2013-12-11,MK0313YHG9S3GC,Hitachi HDS723030ALA640,3000592982016,0,,0,,,,,,,,0,,,,,,16734,,,,,,,,,,,,,,,,,,,,,,,,,,,,,,30,,,,,,0,,,,,,,,,,,,,,,,,,,,,,,,,,,,
2013-12-11,6XW00BVQ,ST31500541AS,1500301910016,0,,28775443,,,,,,,,0,,,,,,35995,,,,,,,,,,,,,,,,,,,,,,,,,,,,,,23,,,,,,0,,,,,,,,,,,,,,,,,,,,,,,,,,,,
2013-12-11,MK0311YHG314PA,Hitachi HDS723030ALA640,3000592982016,0,,0,,,,,,,,0,,,,,,22346,,,,,,,,,,,,,,,,,,,,,,,,,,,,,,27,,,,,,0,,,,,,,,,,,,,,,,,,,,,,,,,,,,
2013-12-11,PL2311LAG1UMXC,Hitachi HDS5C4040ALE630,4000787030016,0,,0,,,,,,,,0,,,,,,7412,,,,,,,,,,,,,,,,,,,,,,,,,,,,,,19,,,,,,0,,,,,,,,,,,,,,,,,,,,,,,,,,,,
2013-12-11,W300BH4V,ST4000DM000,4000787030016,0,,161405520,,,,,,,,0,,,,,,4189,,,,,,,,,,,,,,,,,,,,,,,,,,,,,,25,,,,,,0,,,,,,,,,,,,,,,,,,,,,,,,,,,,
2013-12-11,Z300TDCP,ST4000DM000,4000787030016,0,,178481656,,,,,,,,0,,,,,,944,,,,,,,,,,,,,,,,,,,,,,,,,,,,,,25,,,,,,0,,,,,,,,,,,,,,,,,,,,,,,,,,,,
2013-12-11,JK1101B9KNEH4F,Hitachi HDS722020ALA330,2000398934016,0,,0,,,,,,,,267,,,,,,22861,,,,,,,,,,,,,,,,,,,,,,,,,,,,,,29,,,,,,0,,,,,,,,,,,,,,,,,,,,,,,,,,,,
2013-12-11,6XW00MVL,ST31500541AS,1500301910016,0,,149576657,,,,,,,,0,,,,,,34756,,,,,,,,,,,,,,,,,,,,,,,,,,,,,,18,,,,,,0,,,,,,,,,,,,,,,,,,,,,,,,,,,,
2013-12-11,6XW00MVM,ST31500541AS,1500301910016,0,,7383525,,,,,,,,0,,,,,,36069,,,,,,,,,,,,,,,,,,,,,,,,,,,,,,16,,,,,,0,,,,,,,,,,,,,,,,,,,,,,,,,,,,
2013-12-11,W300BH4J,ST4000DM000,4000787030016,0,,115735832,,,,,,,,0,,,,,,3611,,,,,,,,,,,,,,,,,,,,,,,,,,,,,,22,,,,,,0,,,,,,,,,,,,,,,,,,,,,,,,,,,,
2013-12-11,MJ1311YNG6VVSA,Hitachi HDS5C3030ALA630,3000592982016,0,,0,,,,,,,,0,,,,,,14596,,,,,,,,,,,,,,,,,,,,,,,,,,,,,,29,,,,,,0,,,,,,,,,,,,,,,,,,,,,,,,,,,,
2013-12-11,JK11A8B9J31E1F,Hitachi HDS722020ALA330,2000398934016,0,,0,,,,,,,,1,,,,,,23543,,,,,,,,,,,,,,,,,,,,,,,,,,,,,,39,,,,,,0,,,,,,,,,,,,,,,,,,,,,,,,,,,,
2013-12-11,Z300DL92,ST4000DM000,4000787030016,0,,4418512,,,,,,,,0,,,,,,2257,,,,,,,,,,,,,,,,,,,,,,,,,,,,,,24,,,,,,0,,,,,,,,,,,,,,,,,,,,,,,,,,,,
2013-12-11,W1F14HAQ,ST3000DM001,3000592982016,0,,49652472,,,,,,,,0,,,,,,7992,,,,,,,,,,,,,,,,,,,,,,,,,,,,,,28,,,,,,0,,,,,,,,,,,,,,,,,,,,,,,,,,,,
2013-12-11,W1F0X6LN,ST3000DM001,3000592982016,0,,86095232,,,,,,,,0,,,,,,10737,,,,,,,,,,,,,,,,,,,,,,,,,,,,,,23,,,,,,0,,,,,,,,,,,,,,,,,,,,,,,,,,,,
2013-12-11,MK0313YHGAMYZC,Hitachi HDS723030ALA640,3000592982016,0,,65538,,,,,,,,0,,,,,,21453,,,,,,,,,,,,,,,,,,,,,,,,,,,,,,26,,,,,,0,,,,,,,,,,,,,,,,,,,,,,,,,,,,
2013-12-11,6XW037W1,ST31500541AS,1500301910016,0,,33866840,,,,,,,,806,,,,,,37442,,,,,,,,,,,,,,,,,,,,,,,,,,,,,,21,,,,,,0,,,,,,,,,,,,,,,,,,,,,,,,,,,,
2013-12-11,MK0301YHGN0SAD,Hitachi HDS723030ALA640,3000592982016,0,,262165,,,,,,,,0,,,,,,16660,,,,,,,,,,,,,,,,,,,,,,,,,,,,,,29,,,,,,0,,,,,,,,,,,,,,,,,,,,,,,,,,,,
2013-12-11,JK11A8B9J8X05F,Hitachi HDS722020ALA330,2000398934016,0,,0,,,,,,,,0,,,,,,24468,,,,,,,,,,,,,,,,,,,,,,,,,,,,,,24,,,,,,0,,,,,,,,,,,,,,,,,,,,,,,,,,,,
2013-12-11,MJ0351YNGA2WYA,Hitachi HDS5C3030ALA630,3000592982016,0,,0,,,,,,,,0,,,,,,8884,,,,,,,,,,,,,,,,,,,,,,,,,,,,,,30,,,,,,0,,,,,,,,,,,,,,,,,,,,,,,,,,,,
2013-12-11,MJ0351YNG9WM0A,Hitachi HDS5C3030ALA630,3000592982016,0,,0,,,,,,,,0,,,,,,9475,,,,,,,,,,,,,,,,,,,,,,,,,,,,,,26,,,,,,0,,,,,,,,,,,,,,,,,,,,,,,,,,,,
2013-12-11,MJ1323YNG1MJUC,Hitachi HDS5C3030ALA630,3000592982016,0,,65536,,,,,,,,0,,,,,,19372,,,,,,,,,,,,,,,,,,,,,,,,,,,,,,21,,,,,,0,,,,,,,,,,,,,,,,,,,,,,,,,,,,
2013-12-11,JK11A8B9J9KTVF,Hitachi HDS722020ALA330,2000398934016,0,,0,,,,,,,,0,,,,,,24467,,,,,,,,,,,,,,,,,,,,,,,,,,,,,,26,,,,,,0,,,,,,,,,,,,,,,,,,,,,,,,,,,,
2013-12-11,PL1311LAG28P0H,Hitachi HDS5C4040ALE630,4000787030016,0,,0,,,,,,,,0,,,,,,7386,,,,,,,,,,,,,,,,,,,,,,,,,,,,,,28,,,,,,0,,,,,,,,,,,,,,,,,,,,,,,,,,,,
2013-12-11,JK11A4B8JR75NW,Hitachi HDS722020ALA330,2000398934016,0,,0,,,,,,,,0,,,,,,23821,,,,,,,,,,,,,,,,,,,,,,,,,,,,,,36,,,,,,0,,,,,,,,,,,,,,,,,,,,,,,,,,,,
2013-12-11,W300C935,ST4000DM000,4000787030016,0,,41870216,,,,,,,,0,,,,,,4167,,,,,,,,,,,,,,,,,,,,,,,,,,,,,,30,,,,,,0,,,,,,,,,,,,,,,,,,,,,,,,,,,,
2013-12-11,JK1101B9G9RPNF,Hitachi HDS722020ALA330,2000398934016,0,,0,,,,,,,,0,,,,,,27159,,,,,,,,,,,,,,,,,,,,,,,,,,,,,,24,,,,,,0,,,,,,,,,,,,,,,,,,,,,,,,,,,,
2013-12-11,MJ0351YNGA2GXA,Hitachi HDS5C3030ALA630,3000592982016,0,,0,,,,,,,,0,,,,,,8210,,,,,,,,,,,,,,,,,,,,,,,,,,,,,,37,,,,,,0,,,,,,,,,,,,,,,,,,,,,,,,,,,,
2013-12-11,JK1101B9GD5UZF,Hitachi HDS722020ALA330,2000398934016,0,,0,,,,,,,,0,,,,,,27541,,,,,,,,,,,,,,,,,,,,,,,,,,,,,,26,,,,,,0,,,,,,,,,,,,,,,,,,,,,,,,,,,,
2013-12-11,6XW016S4,ST31500541AS,1500301910016,0,,17711729,,,,,,,,0,,,,,,35756,,,,,,,,,,,,,,,,,,,,,,,,,,,,,,20,,,,,,0,,,,,,,,,,,,,,,,,,,,,,,,,,,,
2013-12-11,S1F04THY,ST3000DM001,3000592982016,0,,24753480,,,,,,,,0,,,,,,13348,,,,,,,,,,,,,,,,,,,,,,,,,,,,,,31,,,,,,0,,,,,,,,,,,,,,,,,,,,,,,,,,,,
2013-12-11,W300KFHZ,ST4000DM000,4000787030016,0,,95226648,,,,,,,,0,,,,,,957,,,,,,,,,,,,,,,,,,,,,,,,,,,,,,21,,,,,,0,,,,,,,,,,,,,,,,,,,,,,,,,,,,
2013-12-11,W300BB6L,ST4000DM000,4000787030016,0,,183352456,,,,,,,,0,,,,,,4136,,,,,,,,,,,,,,,,,,,,,,,,,,,,,,19,,,,,,0,,,,,,,,,,,,,,,,,,,,,,,,,,,,
2013-12-11,Z300MZLL,ST4000DM000,4000787030016,0,,36235576,,,,,,,,0,,,,,,2901,,,,,,,,,,,,,,,,,,,,,,,,,,,,,,29,,,,,,0,,,,,,,,,,,,,,,,,,,,,,,,,,,,
2013-12-11,JK1101B9JRLUKF,Hitachi HDS722020ALA330,2000398934016,0,,0,,,,,,,,0,,,,,,23576,,,,,,,,,,,,,,,,,,,,,,,,,,,,,,27,,,,,,0,,,,,,,,,,,,,,,,,,,,,,,,,,,,
2013-12-11,WD-WMC4N0690787,WDC WD30EFRX,3000592982016,0,,0,,,,,,,,0,,,,,,468,,,,,,,,,,,,,,,,,,,,,,,,,,,,,,19,,,,,,0,,,,,,,,,,,,,,,,,,,,,,,,,,,,
2013-12-11,MJ0351YNGA8L8A,Hitachi HDS5C3030ALA630,3000592982016,0,,0,,,,,,,,0,,,,,,8141,,,,,,,,,,,,,,,,,,,,,,,,,,,,,,32,,,,,,0,,,,,,,,,,,,,,,,,,,,,,,,,,,,
2013-12-11,WD-WCAV5V406959,WDC WD10EADX,1000204886016,0,,0,,,,,,,,0,,,,,,9547,,,,,,,,,,,,,,,,,,,,,,,,,,,,,,28,,,,,,0,,,,,,,,,,,,,,,,,,,,,,,,,,,,
2013-12-11,S1F0S387,ST3000DM001,3000592982016,0,,13284080,,,,,,,,0,,,,,,10539,,,,,,,,,,,,,,,,,,,,,,,,,,,,,,25,,,,,,0,,,,,,,,,,,,,,,,,,,,,,,,,,,,
2013-12-11,S1F07XTJ,ST3000DM001,3000592982016,0,,153334384,,,,,,,,0,,,,,,13869,,,,,,,,,,,,,,,,,,,,,,,,,,,,,,25,,,,,,0,,,,,,,,,,,,,,,,,,,,,,,,,,,,
2013-12-11,S1F0S382,ST3000DM001,3000592982016,0,,153287120,,,,,,,,0,,,,,,10539,,,,,,,,,,,,,,,,,,,,,,,,,,,,,,26,,,,,,0,,,,,,,,,,,,,,,,,,,,,,,,,,,,
2013-12-11,6XW01BSR,ST31500541AS,1500301910016,0,,38406644,,,,,,,,0,,,,,,35547,,,,,,,,,,,,,,,,,,,,,,,,,,,,,,21,,,,,,0,,,,,,,,,,,,,,,,,,,,,,,,,,,,
2013-12-11,5XW1G1C8,ST32000542AS,2000398934016,0,,42468779,,,,,,,,0,,,,,,7816,,,,,,,,,,,,,,,,,,,,,,,,,,,,,,20,,,,,,0,,,,,,,,,,,,,,,,,,,,,,,,,,,,
2013-12-11,MJ1311YNG7KT2A,Hitachi HDS5C3030ALA630,3000592982016,0,,0,,,,,,,,0,,,,,,14620,,,,,,,,,,,,,,,,,,,,,,,,,,,,,,26,,,,,,0,,,,,,,,,,,,,,,,,,,,,,,,,,,,
2013-12-11,W1F09Q7R,ST3000DM001,3000592982016,0,,233508960,,,,,,,,0,,,,,,14233,,,,,,,,,,,,,,,,,,,,,,,,,,,,,,23,,,,,,0,,,,,,,,,,,,,,,,,,,,,,,,,,,,
2013-12-11,6XW04WVY,ST31500541AS,1500301910016,0,,211500860,,,,,,,,0,,,,,,37285,,,,,,,,,,,,,,,,,,,,,,,,,,,,,,27,,,,,,0,,,,,,,,,,,,,,,,,,,,,,,,,,,,
2013-12-11,PL1311LAG38GYH,Hitachi HDS5C4040ALE630,4000787030016,0,,0,,,,,,,,0,,,,,,5949,,,,,,,,,,,,,,,,,,,,,,,,,,,,,,24,,,,,,0,,,,,,,,,,,,,,,,,,,,,,,,,,,,
2013-12-11,WD-WCAWZ1173597,WDC WD30EZRX,3000592982016,0,,0,,,,,,,,0,,,,,,16994,,,,,,,,,,,,,,,,,,,,,,,,,,,,,,23,,,,,,0,,,,,,,,,,,,,,,,,,,,,,,,,,,,
2013-12-11,PL1311LAG3D88H,Hitachi HDS5C4040ALE630,4000787030016,0,,0,,,,,,,,0,,,,,,5125,,,,,,,,,,,,,,,,,,,,,,,,,,,,,,29,,,,,,0,,,,,,,,,,,,,,,,,,,,,,,,,,,,
2013-12-11,WD-WCAWZ1346667,WDC WD30EZRX,3000592982016,0,,0,,,,,,,,0,,,,,,17617,,,,,,,,,,,,,,,,,,,,,,,,,,,,,,23,,,,,,0,,,,,,,,,,,,,,,,,,,,,,,,,,,,
2013-12-11,W300CGPW,ST4000DM000,4000787030016,0,,49771672,,,,,,,,0,,,,,,4168,,,,,,,,,,,,,,,,,,,,,,,,,,,,,,27,,,,,,0,,,,,,,,,,,,,,,,,,,,,,,,,,,,
2013-12-11,6XW04WVL,ST31500541AS,1500301910016,0,,220984528,,,,,,,,0,,,,,,37143,,,,,,,,,,,,,,,,,,,,,,,,,,,,,,23,,,,,,0,,,,,,,,,,,,,,,,,,,,,,,,,,,,
2013-12-11,JK11A8B9HWU0DF,Hitachi HDS722020ALA330,2000398934016,0,,0,,,,,,,,0,,,,,,24426,,,,,,,,,,,,,,,,,,,,,,,,,,,,,,25,,,,,,0,,,,,,,,,,,,,,,,,,,,,,,,,,,,
2013-12-11,MJ0351YNGA103A,Hitachi HDS5C3030ALA630,3000592982016,0,,0,,,,,,,,0,,,,,,9975,,,,,,,,,,,,,,,,,,,,,,,,,,,,,,27,,,,,,0,,,,,,,,,,,,,,,,,,,,,,,,,,,,
2013-12-11,Z300PBC7,ST4000DM000,4000787030016,0,,4034120,,,,,,,,0,,,,,,1233,,,,,,,,,,,,,,,,,,,,,,,,,,,,,,17,,,,,,0,,,,,,,,,,,,,,,,,,,,,,,,,,,,
2013-12-11,MJ1311YNG79STA,Hitachi HDS5C3030ALA630,3000592982016,0,,0,,,,,,,,26,,,,,,14685,,,,,,,,,,,,,,,,,,,,,,,,,,,,,,17,,,,,,0,,,,,,,,,,,,,,,,,,,,,,,,,,,,
2013-12-11,MJ1321YNG131HA,Hitachi HDS5C3030ALA630,3000592982016,0,,0,,,,,,,,0,,,,,,19373,,,,,,,,,,,,,,,,,,,,,,,,,,,,,,26,,,,,,0,,,,,,,,,,,,,,,,,,,,,,,,,,,,
2013-12-11,5XW2HMB2,ST32000542AS,2000398934016,0,,146271127,,,,,,,,0,,,,,,13013,,,,,,,,,,,,,,,,,,,,,,,,,,,,,,26,,,,,,0,,,,,,,,,,,,,,,,,,,,,,,,,,,,
2013-12-11,6XW057PG,ST31500541AS,1500301910016,0,,232755002,,,,,,,,0,,,,,,35744,,,,,,,,,,,,,,,,,,,,,,,,,,,,,,24,,,,,,0,,,,,,,,,,,,,,,,,,,,,,,,,,,,
2013-12-11,JK11A8B9J7HA4F,Hitachi HDS722020ALA330,2000398934016,0,,0,,,,,,,,0,,,,,,23511,,,,,,,,,,,,,,,,,,,,,,,,,,,,,,27,,,,,,0,,,,,,,,,,,,,,,,,,,,,,,,,,,,
2013-12-11,PL1311LAG1YGHA,Hitachi HDS5C4040ALE630,4000787030016,0,,0,,,,,,,,0,,,,,,7459,,,,,,,,,,,,,,,,,,,,,,,,,,,,,,26,,,,,,0,,,,,,,,,,,,,,,,,,,,,,,,,,,,
2013-12-11,MJ0351YNG9NL6A,Hitachi HDS5C3030ALA630,3000592982016,0,,0,,,,,,,,0,,,,,,9956,,,,,,,,,,,,,,,,,,,,,,,,,,,,,,28,,,,,,0,,,,,,,,,,,,,,,,,,,,,,,,,,,,
2013-12-11,WD-WCAU46053226,WDC WD10EADS,1000204886016,0,,1,,,,,,,,0,,,,,,41880,,,,,,,,,,,,,,,,,,,,,,,,,,,,,,26,,,,,,0,,,,,,,,,,,,,,,,,,,,,,,,,,,,
2013-12-11,JK1101B9GBXXMF,Hitachi HDS722020ALA330,2000398934016,0,,0,,,,,,,,0,,,,,,27486,,,,,,,,,,,,,,,,,,,,,,,,,,,,,,27,,,,,,0,,,,,,,,,,,,,,,,,,,,,,,,,,,,
2013-12-11,S1F0TNK4,ST3000DM001,3000592982016,0,,15604576,,,,,,,,0,,,,,,10773,,,,,,,,,,,,,,,,,,,,,,,,,,,,,,23,,,,,,0,,,,,,,,,,,,,,,,,,,,,,,,,,,,
2013-12-11,Z300W5GG,ST4000DM000,4000787030016,0,,203566072,,,,,,,,0,,,,,,918,,,,,,,,,,,,,,,,,,,,,,,,,,,,,,21,,,,,,0,,,,,,,,,,,,,,,,,,,,,,,,,,,,
2013-12-11,W300AF99,ST4000DM000,4000787030016,0,,176979016,,,,,,,,0,,,,,,4140,,,,,,,,,,,,,,,,,,,,,,,,,,,,,,25,,,,,,0,,,,,,,,,,,,,,,,,,,,,,,,,,,,
2013-12-11,W1F0LYY0,ST3000DM001,3000592982016,0,,123557384,,,,,,,,0,,,,,,7016,,,,,,,,,,,,,,,,,,,,,,,,,,,,,,22,,,,,,0,,,,,,,,,,,,,,,,,,,,,,,,,,,,
2013-12-11,W1F0FEQL,ST3000DM001,3000592982016,0,,127958600,,,,,,,,0,,,,,,8871,,,,,,,,,,,,,,,,,,,,,,,,,,,,,,17,,,,,,0,,,,,,,,,,,,,,,,,,,,,,,,,,,,
2013-12-11,JK11A8B9J7ZXRF,Hitachi HDS722020ALA330,2000398934016,0,,0,,,,,,,,0,,,,,,25661,,,,,,,,,,,,,,,,,,,,,,,,,,,,,,28,,,,,,0,,,,,,,,,,,,,,,,,,,,,,,,,,,,
2013-12-11,W300J60C,ST4000DM000,4000787030016,0,,62232824,,,,,,,,0,,,,,,2239,,,,,,,,,,,,,,,,,,,,,,,,,,,,,,20,,,,,,0,,,,,,,,,,,,,,,,,,,,,,,,,,,,
2013-12-11,MK0331YHGM10BA,Hitachi HDS723030ALA640,3000592982016,0,,0,,,,,,,,0,,,,,,17356,,,,,,,,,,,,,,,,,,,,,,,,,,,,,,21,,,,,,0,,,,,,,,,,,,,,,,,,,,,,,,,,,,
2013-12-11,W300J60L,ST4000DM000,4000787030016,0,,202104232,,,,,,,,0,,,,,,2248,,,,,,,,,,,,,,,,,,,,,,,,,,,,,,21,,,,,,0,,,,,,,,,,,,,,,,,,,,,,,,,,,,
2013-12-11,9XW01PCY,ST31500541AS,1500301910016,0,,212036389,,,,,,,,0,,,,,,35203,,,,,,,,,,,,,,,,,,,,,,,,,,,,,,24,,,,,,0,,,,,,,,,,,,,,,,,,,,,,,,,,,,
2013-12-11,PL1321LAGAW68H,Hitachi HDS5C4040ALE630,4000787030016,0,,0,,,,,,,,0,,,,,,5064,,,,,,,,,,,,,,,,,,,,,,,,,,,,,,30,,,,,,0,,,,,,,,,,,,,,,,,,,,,,,,,,,,
2013-12-11,MJ1311YNG3EWKA,Hitachi HDS5C3030ALA630,3000592982016,0,,0,,,,,,,,0,,,,,,19254,,,,,,,,,,,,,,,,,,,,,,,,,,,,,,28,,,,,,0,,,,,,,,,,,,,,,,,,,,,,,,,,,,
2013-12-11,JK1101B9KNLUUF,Hitachi HDS722020ALA330,2000398934016,0,,0,,,,,,,,0,,,,,,23125,,,,,,,,,,,,,,,,,,,,,,,,,,,,,,36,,,,,,0,,,,,,,,,,,,,,,,,,,,,,,,,,,,
2013-12-11,MJ1311YNG7EM4A,Hitachi HDS5C3030ALA630,3000592982016,0,,0,,,,,,,,0,,,,,,14597,,,,,,,,,,,,,,,,,,,,,,,,,,,,,,29,,,,,,0,,,,,,,,,,,,,,,,,,,,,,,,,,,,
2013-12-11,5XW02LPQ,ST31500541AS,1500301910016,0,,162553101,,,,,,,,0,,,,,,36396,,,,,,,,,,,,,,,,,,,,,,,,,,,,,,20,,,,,,0,,,,,,,,,,,,,,,,,,,,,,,,,,,,
2013-12-11,5XW05QHT,ST31500541AS,1500301910016,0,,100875046,,,,,,,,0,,,,,,30794,,,,,,,,,,,,,,,,,,,,,,,,,,,,,,16,,,,,,0,,,,,,,,,,,,,,,,,,,,,,,,,,,,
2013-12-11,JK11A8B9J8TG3F,Hitachi HDS722020ALA330,2000398934016,0,,0,,,,,,,,0,,,,,,25580,,,,,,,,,,,,,,,,,,,,,,,,,,,,,,27,,,,,,0,,,,,,,,,,,,,,,,,,,,,,,,,,,,
2013-12-11,MK0301YHGMJ8XD,Hitachi HDS723030ALA640,3000592982016,0,,0,,,,,,,,0,,,,,,17018,,,,,,,,,,,,,,,,,,,,,,,,,,,,,,26,,,,,,0,,,,,,,,,,,,,,,,,,,,,,,,,,,,
2013-12-11,Z300CR7D,ST4000DM000,4000787030016,0,,57616864,,,,,,,,0,,,,,,1297,,,,,,,,,,,,,,,,,,,,,,,,,,,,,,20,,,,,,0,,,,,,,,,,,,,,,,,,,,,,,,,,,,
2013-12-11,MJ0351YNG9TYVA,Hitachi HDS5C3030ALA630,3000592982016,0,,0,,,,,,,,0,,,,,,9191,,,,,,,,,,,,,,,,,,,,,,,,,,,,,,30,,,,,,0,,,,,,,,,,,,,,,,,,,,,,,,,,,,
2013-12-11,JK11A8B9J9L26F,Hitachi HDS722020ALA330,2000398934016,0,,0,,,,,,,,0,,,,,,24970,,,,,,,,,,,,,,,,,,,,,,,,,,,,,,29,,,,,,0,,,,,,,,,,,,,,,,,,,,,,,,,,,,
2013-12-11,Z1Z030A6,ST4000DX000,4000787030016,0,,212186359,,,,,,,,0,,,,,,7133,,,,,,,,,,,,,,,,,,,,,,,,,,,,,,37,,,,,,0,,,,,,,,,,,,,,,,,,,,,,,,,,,,
2013-12-11,5XW25M1P,ST32000542AS,2000398934016,0,,24412555,,,,,,,,0,,,,,,7816,,,,,,,,,,,,,,,,,,,,,,,,,,,,,,21,,,,,,0,,,,,,,,,,,,,,,,,,,,,,,,,,,,
2013-12-11,PL1311LAG2VEAA,Hitachi HDS5C4040ALE630,4000787030016,0,,0,,,,,,,,0,,,,,,5125,,,,,,,,,,,,,,,,,,,,,,,,,,,,,,26,,,,,,0,,,,,,,,,,,,,,,,,,,,,,,,,,,,
2013-12-11,W300J602,ST4000DM000,4000787030016,0,,100946608,,,,,,,,0,,,,,,2239,,,,,,,,,,,,,,,,,,,,,,,,,,,,,,21,,,,,,0,,,,,,,,,,,,,,,,,,,,,,,,,,,,
2013-12-11,JK11A8B9J3A45F,Hitachi HDS722020ALA330,2000398934016,0,,0,,,,,,,,0,,,,,,24394,,,,,,,,,,,,,,,,,,,,,,,,,,,,,,33,,,,,,0,,,,,,,,,,,,,,,,,,,,,,,,,,,,
2013-12-11,JK11A8B9J773MF,Hitachi HDS722020ALA330,2000398934016,0,,0,,,,,,,,0,,,,,,22685,,,,,,,,,,,,,,,,,,,,,,,,,,,,,,27,,,,,,0,,,,,,,,,,,,,,,,,,,,,,,,,,,,
2013-12-11,JK11A4B8J1JNSW,Hitachi HDS722020ALA330,2000398934016,0,,0,,,,,,,,0,,,,,,26027,,,,,,,,,,,,,,,,,,,,,,,,,,,,,,24,,,,,,0,,,,,,,,,,,,,,,,,,,,,,,,,,,,
2013-12-11,W300J608,ST4000DM000,4000787030016,0,,122609808,,,,,,,,0,,,,,,2248,,,,,,,,,,,,,,,,,,,,,,,,,,,,,,19,,,,,,0,,,,,,,,,,,,,,,,,,,,,,,,,,,,
2013-12-11,JK1170YAJDAK6T,Hitachi HDS722020ALA330,2000398934016,0,,196610,,,,,,,,1,,,,,,28154,,,,,,,,,,,,,,,,,,,,,,,,,,,,,,23,,,,,,0,,,,,,,,,,,,,,,,,,,,,,,,,,,,
2013-12-11,JK11A8B9J77GNF,Hitachi HDS722020ALA330,2000398934016,0,,0,,,,,,,,0,,,,,,22686,,,,,,,,,,,,,,,,,,,,,,,,,,,,,,26,,,,,,0,,,,,,,,,,,,,,,,,,,,,,,,,,,,
2013-12-11,MJ0351YNGAD2LA,Hitachi HDS5C3030ALA630,3000592982016,0,,0,,,,,,,,0,,,,,,8210,,,,,,,,,,,,,,,,,,,,,,,,,,,,,,37,,,,,,0,,,,,,,,,,,,,,,,,,,,,,,,,,,,
2013-12-11,Z300PMNP,ST4000DM000,4000787030016,0,,73746456,,,,,,,,0,,,,,,1227,,,,,,,,,,,,,,,,,,,,,,,,,,,,,,18,,,,,,0,,,,,,,,,,,,,,,,,,,,,,,,,,,,
2013-12-11,W300BDH0,ST4000DM000,4000787030016,0,,227410944,,,,,,,,0,,,,,,4165,,,,,,,,,,,,,,,,,,,,,,,,,,,,,,25,,,,,,0,,,,,,,,,,,,,,,,,,,,,,,,,,,,
2013-12-11,9XW01SCT,ST31500541AS,1500301910016,0,,124937444,,,,,,,,0,,,,,,33440,,,,,,,,,,,,,,,,,,,,,,,,,,,,,,18,,,,,,0,,,,,,,,,,,,,,,,,,,,,,,,,,,,
2013-12-11,MK0313YHGN7S4C,Hitachi HDS723030ALA640,3000592982016,0,,196609,,,,,,,,0,,,,,,18088,,,,,,,,,,,,,,,,,,,,,,,,,,,,,,32,,,,,,0,,,,,,,,,,,,,,,,,,,,,,,,,,,,
2013-12-11,W1F0MHBV,ST3000DM001,3000592982016,0,,148026208,,,,,,,,0,,,,,,12617,,,,,,,,,,,,,,,,,,,,,,,,,,,,,,24,,,,,,0,,,,,,,,,,,,,,,,,,,,,,,,,,,,
2013-12-11,WD-WCAU47197092,WDC WD10EADS,1000204886016,0,,1,,,,,,,,0,,,,,,40822,,,,,,,,,,,,,,,,,,,,,,,,,,,,,,33,,,,,,0,,,,,,,,,,,,,,,,,,,,,,,,,,,,
2013-12-11,Z300PMND,ST4000DM000,4000787030016,0,,158634048,,,,,,,,0,,,,,,1114,,,,,,,,,,,,,,,,,,,,,,,,,,,,,,27,,,,,,0,,,,,,,,,,,,,,,,,,,,,,,,,,,,
2013-12-11,W300CKQ9,ST4000DM000,4000787030016,0,,238432040,,,,,,,,0,,,,,,4290,,,,,,,,,,,,,,,,,,,,,,,,,,,,,,24,,,,,,0,,,,,,,,,,,,,,,,,,,,,,,,,,,,
2013-12-11,Z300W3PT,ST4000DM000,4000787030016,0,,234666696,,,,,,,,0,,,,,,918,,,,,,,,,,,,,,,,,,,,,,,,,,,,,,17,,,,,,0,,,,,,,,,,,,,,,,,,,,,,,,,,,,
2013-12-11,Z300XGCG,ST4000DM000,4000787030016,0,,194292464,,,,,,,,0,,,,,,886,,,,,,,,,,,,,,,,,,,,,,,,,,,,,,24,,,,,,0,,,,,,,,,,,,,,,,,,,,,,,,,,,,
2013-12-11,Z300XGCE,ST4000DM000,4000787030016,0,,204131384,,,,,,,,0,,,,,,612,,,,,,,,,,,,,,,,,,,,,,,,,,,,,,21,,,,,,0,,,,,,,,,,,,,,,,,,,,,,,,,,,,
2013-12-11,W300DC28,ST4000DM000,4000787030016,0,,201168080,,,,,,,,0,,,,,,4188,,,,,,,,,,,,,,,,,,,,,,,,,,,,,,28,,,,,,0,,,,,,,,,,,,,,,,,,,,,,,,,,,,
2013-12-11,JK2171B9J0H6EL,Hitachi HDS722020ALA330,2000398934016,0,,0,,,,,,,,0,,,,,,26010,,,,,,,,,,,,,,,,,,,,,,,,,,,,,,29,,,,,,0,,,,,,,,,,,,,,,,,,,,,,,,,,,,
2013-12-11,W300BGYZ,ST4000DM000,4000787030016,0,,164646272,,,,,,,,0,,,,,,4190,,,,,,,,,,,,,,,,,,,,,,,,,,,,,,26,,,,,,0,,,,,,,,,,,,,,,,,,,,,,,,,,,,
2013-12-11,MJ1321YNG0S6NA,Hitachi HDS5C3030ALA630,3000592982016,0,,0,,,,,,,,0,,,,,,19745,,,,,,,,,,,,,,,,,,,,,,,,,,,,,,27,,,,,,0,,,,,,,,,,,,,,,,,,,,,,,,,,,,
2013-12-11,S1F035NK,ST3000DM001,3000592982016,0,,97557552,,,,,,,,0,,,,,,16178,,,,,,,,,,,,,,,,,,,,,,,,,,,,,,27,,,,,,0,,,,,,,,,,,,,,,,,,,,,,,,,,,,
2013-12-11,Z1Z046S6,ST4000DX000,4000787030016,0,,226832242,,,,,,,,0,,,,,,5379,,,,,,,,,,,,,,,,,,,,,,,,,,,,,,27,,,,,,0,,,,,,,,,,,,,,,,,,,,,,,,,,,,
2013-12-11,W300BGYN,ST4000DM000,4000787030016,0,,206457352,,,,,,,,0,,,,,,4189,,,,,,,,,,,,,,,,,,,,,,,,,,,,,,25,,,,,,0,,,,,,,,,,,,,,,,,,,,,,,,,,,,
2013-12-11,JK11A8B9J7A85F,Hitachi HDS722020ALA330,2000398934016,0,,0,,,,,,,,0,,,,,,24665,,,,,,,,,,,,,,,,,,,,,,,,,,,,,,26,,,,,,0,,,,,,,,,,,,,,,,,,,,,,,,,,,,
2013-12-11,W300BGYK,ST4000DM000,4000787030016,0,,113272584,,,,,,,,0,,,,,,3611,,,,,,,,,,,,,,,,,,,,,,,,,,,,,,23,,,,,,0,,,,,,,,,,,,,,,,,,,,,,,,,,,,
2013-12-11,Z1Z041E9,ST4000DX000,4000787030016,0,,61990408,,,,,,,,0,,,,,,5039,,,,,,,,,,,,,,,,,,,,,,,,,,,,,,34,,,,,,0,,,,,,,,,,,,,,,,,,,,,,,,,,,,
2013-12-11,JK11A8B9J0AMTF,Hitachi HDS722020ALA330,2000398934016,0,,0,,,,,,,,0,,,,,,24502,,,,,,,,,,,,,,,,,,,,,,,,,,,,,,29,,,,,,0,,,,,,,,,,,,,,,,,,,,,,,,,,,,
2013-12-11,MJ1311YNG5KZ2A,Hitachi HDS5C3030ALA630,3000592982016,0,,4,,,,,,,,61,,,,,,14681,,,,,,,,,,,,,,,,,,,,,,,,,,,,,,29,,,,,,0,,,,,,,,,,,,,,,,,,,,,,,,,,,,
2013-12-11,MK0311YHGH9KMA,Hitachi HDS723030ALA640,3000592982016,0,,0,,,,,,,,0,,,,,,16802,,,,,,,,,,,,,,,,,,,,,,,,,,,,,,29,,,,,,0,,,,,,,,,,,,,,,,,,,,,,,,,,,,
2013-12-11,MJ1323YNG106SC,Hitachi HDS5C3030ALA630,3000592982016,0,,0,,,,,,,,0,,,,,,18067,,,,,,,,,,,,,,,,,,,,,,,,,,,,,,26,,,,,,0,,,,,,,,,,,,,,,,,,,,,,,,,,,,
2013-12-11,Z300PMN0,ST4000DM000,4000787030016,0,,89509032,,,,,,,,0,,,,,,1227,,,,,,,,,,,,,,,,,,,,,,,,,,,,,,22,,,,,,0,,,,,,,,,,,,,,,,,,,,,,,,,,,,
2013-12-11,Z300PMN6,ST4000DM000,4000787030016,0,,242527696,,,,,,,,0,,,,,,1225,,,,,,,,,,,,,,,,,,,,,,,,,,,,,,24,,,,,,0,,,,,,,,,,,,,,,,,,,,,,,,,,,,
2013-12-11,Z300PMN7,ST4000DM000,4000787030016,0,,155548544,,,,,,,,0,,,,,,1114,,,,,,,,,,,,,,,,,,,,,,,,,,,,,,27,,,,,,0,,,,,,,,,,,,,,,,,,,,,,,,,,,,
2013-12-11,Z300PMN5,ST4000DM000,4000787030016,0,,117289776,,,,,,,,0,,,,,,1114,,,,,,,,,,,,,,,,,,,,,,,,,,,,,,26,,,,,,0,,,,,,,,,,,,,,,,,,,,,,,,,,,,
2013-12-11,W300CLGL,ST4000DM000,4000787030016,0,,55442936,,,,,,,,0,,,,,,2248,,,,,,,,,,,,,,,,,,,,,,,,,,,,,,18,,,,,,0,,,,,,,,,,,,,,,,,,,,,,,,,,,,
2013-12-11,JK1101YAK5SRNV,Hitachi HDS722020ALA330,2000398934016,0,,0,,,,,,,,0,,,,,,29211,,,,,,,,,,,,,,,,,,,,,,,,,,,,,,27,,,,,,0,,,,,,,,,,,,,,,,,,,,,,,,,,,,
2013-12-11,W1F035EP,ST3000DM001,3000592982016,0,,94030496,,,,,,,,0,,,,,,13795,,,,,,,,,,,,,,,,,,,,,,,,,,,,,,26,,,,,,0,,,,,,,,,,,,,,,,,,,,,,,,,,,,
2013-12-11,JK11A8B9J86VVF,Hitachi HDS722020ALA330,2000398934016,0,,0,,,,,,,,0,,,,,,25119,,,,,,,,,,,,,,,,,,,,,,,,,,,,,,35,,,,,,0,,,,,,,,,,,,,,,,,,,,,,,,,,,,
2013-12-11,MJ0351YNG9T82A,Hitachi HDS5C3030ALA630,3000592982016,0,,0,,,,,,,,0,,,,,,9552,,,,,,,,,,,,,,,,,,,,,,,,,,,,,,31,,,,,,0,,,,,,,,,,,,,,,,,,,,,,,,,,,,
2013-12-11,MJ0351YNGA46UA,Hitachi HDS5C3030ALA630,3000592982016,0,,0,,,,,,,,0,,,,,,9163,,,,,,,,,,,,,,,,,,,,,,,,,,,,,,27,,,,,,0,,,,,,,,,,,,,,,,,,,,,,,,,,,,
2013-12-11,S1F0T29K,ST3000DM001,3000592982016,0,,141591272,,,,,,,,0,,,,,,10726,,,,,,,,,,,,,,,,,,,,,,,,,,,,,,23,,,,,,0,,,,,,,,,,,,,,,,,,,,,,,,,,,,
2013-12-11,MJ1311YNG7JLLA,Hitachi HDS5C3030ALA630,3000592982016,0,,0,,,,,,,,0,,,,,,14593,,,,,,,,,,,,,,,,,,,,,,,,,,,,,,24,,,,,,0,,,,,,,,,,,,,,,,,,,,,,,,,,,,
2013-12-11,S1F0T29C,ST3000DM001,3000592982016,0,,131442576,,,,,,,,0,,,,,,10837,,,,,,,,,,,,,,,,,,,,,,,,,,,,,,28,,,,,,0,,,,,,,,,,,,,,,,,,,,,,,,,,,,
2013-12-11,Z300XFCP,ST4000DM000,4000787030016,0,,74884800,,,,,,,,0,,,,,,887,,,,,,,,,,,,,,,,,,,,,,,,,,,,,,24,,,,,,0,,,,,,,,,,,,,,,,,,,,,,,,,,,,
2013-12-11,MJ1321YNG0L6NA,Hitachi HDS5C3030ALA630,3000592982016,0,,0,,,,,,,,0,,,,,,20512,,,,,,,,,,,,,,,,,,,,,,,,,,,,,,24,,,,,,0,,,,,,,,,,,,,,,,,,,,,,,,,,,,
2013-12-11,Z1F19TP2,ST3000DM001,3000592982016,0,,132767968,,,,,,,,0,,,,,,7988,,,,,,,,,,,,,,,,,,,,,,,,,,,,,,28,,,,,,0,,,,,,,,,,,,,,,,,,,,,,,,,,,,
2013-12-11,Z1Z055BN,ST4000DX000,4000787030016,0,,157208698,,,,,,,,0,,,,,,5040,,,,,,,,,,,,,,,,,,,,,,,,,,,,,,30,,,,,,0,,,,,,,,,,,,,,,,,,,,,,,,,,,,
2013-12-11,Z300MR1N,ST4000DM000,4000787030016,0,,149624376,,,,,,,,0,,,,,,2880,,,,,,,,,,,,,,,,,,,,,,,,,,,,,,21,,,,,,0,,,,,,,,,,,,,,,,,,,,,,,,,,,,
2013-12-11,Z300XFC3,ST4000DM000,4000787030016,0,,232936240,,,,,,,,0,,,,,,799,,,,,,,,,,,,,,,,,,,,,,,,,,,,,,21,,,,,,0,,,,,,,,,,,,,,,,,,,,,,,,,,,,
2013-12-11,PL1311LAG336TH,Hitachi HDS5C4040ALE630,4000787030016,0,,0,,,,,,,,0,,,,,,5302,,,,,,,,,,,,,,,,,,,,,,,,,,,,,,27,,,,,,0,,,,,,,,,,,,,,,,,,,,,,,,,,,,
2013-12-11,W300D6KB,ST4000DM000,4000787030016,0,,206569488,,,,,,,,0,,,,,,4167,,,,,,,,,,,,,,,,,,,,,,,,,,,,,,30,,,,,,0,,,,,,,,,,,,,,,,,,,,,,,,,,,,
2013-12-11,6XW09XJR,ST31500541AS,1500301910016,0,,206349788,,,,,,,,214,,,,,,14802,,,,,,,,,,,,,,,,,,,,,,,,,,,,,,21,,,,,,0,,,,,,,,,,,,,,,,,,,,,,,,,,,,
2013-12-11,JK11A4B8J3HXGW,Hitachi HDS722020ALA330,2000398934016,0,,65537,,,,,,,,0,,,,,,23318,,,,,,,,,,,,,,,,,,,,,,,,,,,,,,35,,,,,,0,,,,,,,,,,,,,,,,,,,,,,,,,,,,
2013-12-11,MJ0351YNGA3H0A,Hitachi HDS5C3030ALA630,3000592982016,0,,0,,,,,,,,0,,,,,,7938,,,,,,,,,,,,,,,,,,,,,,,,,,,,,,26,,,,,,0,,,,,,,,,,,,,,,,,,,,,,,,,,,,
2013-12-11,W300D5ZH,ST4000DM000,4000787030016,0,,222943536,,,,,,,,0,,,,,,4167,,,,,,,,,,,,,,,,,,,,,,,,,,,,,,31,,,,,,0,,,,,,,,,,,,,,,,,,,,,,,,,,,,
2013-12-11,JK11A8B9J34DRF,Hitachi HDS722020ALA330,2000398934016,0,,0,,,,,,,,0,,,,,,24432,,,,,,,,,,,,,,,,,,,,,,,,,,,,,,24,,,,,,0,,,,,,,,,,,,,,,,,,,,,,,,,,,,
2013-12-11,5XW1FBAJ,ST32000542AS,2000398934016,0,,122933434,,,,,,,,0,,,,,,7827,,,,,,,,,,,,,,,,,,,,,,,,,,,,,,27,,,,,,0,,,,,,,,,,,,,,,,,,,,,,,,,,,,
2013-12-11,9VS3HY0C,ST31500341AS,1500301910016,0,,180375573,,,,,,,,3,,,,,,32911,,,,,,,,,,,,,,,,,,,,,,,,,,,,,,21,,,,,,0,,,,,,,,,,,,,,,,,,,,,,,,,,,,
2013-12-11,Z300K2BN,ST4000DM000,4000787030016,0,,219100128,,,,,,,,0,,,,,,2239,,,,,,,,,,,,,,,,,,,,,,,,,,,,,,21,,,,,,0,,,,,,,,,,,,,,,,,,,,,,,,,,,,
2013-12-11,Z290VG9Q,ST33000651AS,3000592982016,0,,200185412,,,,,,,,0,,,,,,17050,,,,,,,,,,,,,,,,,,,,,,,,,,,,,,23,,,,,,0,,,,,,,,,,,,,,,,,,,,,,,,,,,,
2013-12-11,Z300GQ8B,ST4000DM000,4000787030016,0,,14583640,,,,,,,,0,,,,,,3580,,,,,,,,,,,,,,,,,,,,,,,,,,,,,,22,,,,,,0,,,,,,,,,,,,,,,,,,,,,,,,,,,,
2013-12-11,MJ1311YNG271XA,Hitachi HDS5C3030ALA630,3000592982016,0,,0,,,,,,,,0,,,,,,18572,,,,,,,,,,,,,,,,,,,,,,,,,,,,,,25,,,,,,0,,,,,,,,,,,,,,,,,,,,,,,,,,,,
2013-12-11,MJ0351YNG9VHEA,Hitachi HDS5C3030ALA630,3000592982016,0,,0,,,,,,,,0,,,,,,9973,,,,,,,,,,,,,,,,,,,,,,,,,,,,,,25,,,,,,0,,,,,,,,,,,,,,,,,,,,,,,,,,,,
2013-12-11,PL1311LAG25ZVA,Hitachi HDS5C4040ALE630,4000787030016,0,,0,,,,,,,,0,,,,,,6074,,,,,,,,,,,,,,,,,,,,,,,,,,,,,,19,,,,,,0,,,,,,,,,,,,,,,,,,,,,,,,,,,,
2013-12-11,S1F0RTQ6,ST3000DM001,3000592982016,0,,181554264,,,,,,,,0,,,,,,10771,,,,,,,,,,,,,,,,,,,,,,,,,,,,,,26,,,,,,0,,,,,,,,,,,,,,,,,,,,,,,,,,,,
2013-12-11,JK11A8B9HZV0VF,Hitachi HDS722020ALA330,2000398934016,0,,0,,,,,,,,0,,,,,,22297,,,,,,,,,,,,,,,,,,,,,,,,,,,,,,32,,,,,,0,,,,,,,,,,,,,,,,,,,,,,,,,,,,
2013-12-11,W300KQ5Q,ST4000DM000,4000787030016,0,,29060952,,,,,,,,0,,,,,,923,,,,,,,,,,,,,,,,,,,,,,,,,,,,,,24,,,,,,0,,,,,,,,,,,,,,,,,,,,,,,,,,,,
2013-12-11,JK1101B9JP6GNU,Hitachi HDS722020ALA330,2000398934016,0,,0,,,,,,,,0,,,,,,24112,,,,,,,,,,,,,,,,,,,,,,,,,,,,,,28,,,,,,0,,,,,,,,,,,,,,,,,,,,,,,,,,,,
2013-12-11,Z300S3GK,ST4000DM000,4000787030016,0,,57892984,,,,,,,,0,,,,,,325,,,,,,,,,,,,,,,,,,,,,,,,,,,,,,21,,,,,,0,,,,,,,,,,,,,,,,,,,,,,,,,,,,
2013-12-11,MJ1311YNG3EJUA,Hitachi HDS5C3030ALA630,3000592982016,0,,0,,,,,,,,0,,,,,,19253,,,,,,,,,,,,,,,,,,,,,,,,,,,,,,25,,,,,,0,,,,,,,,,,,,,,,,,,,,,,,,,,,,
2013-12-11,S1F13CBB,ST3000DM001,3000592982016,0,,147332784,,,,,,,,0,,,,,,8127,,,,,,,,,,,,,,,,,,,,,,,,,,,,,,26,,,,,,0,,,,,,,,,,,,,,,,,,,,,,,,,,,,
2013-12-11,9XW02E8M,ST31500541AS,1500301910016,0,,34557996,,,,,,,,66,,,,,,27916,,,,,,,,,,,,,,,,,,,,,,,,,,,,,,19,,,,,,0,,,,,,,,,,,,,,,,,,,,,,,,,,,,
2013-12-11,PL1311LAG1ZBZA,Hitachi HDS5C4040ALE630,4000787030016,0,,0,,,,,,,,0,,,,,,7453,,,,,,,,,,,,,,,,,,,,,,,,,,,,,,20,,,,,,0,,,,,,,,,,,,,,,,,,,,,,,,,,,,
2013-12-11,PL1311LAG3AHLH,Hitachi HDS5C4040ALE630,4000787030016,0,,0,,,,,,,,0,,,,,,6655,,,,,,,,,,,,,,,,,,,,,,,,,,,,,,19,,,,,,0,,,,,,,,,,,,,,,,,,,,,,,,,,,,
2013-12-11,PL1311LAG24KJA,Hitachi HDS5C4040ALE630,4000787030016,0,,0,,,,,,,,0,,,,,,7402,,,,,,,,,,,,,,,,,,,,,,,,,,,,,,31,,,,,,0,,,,,,,,,,,,,,,,,,,,,,,,,,,,
2013-12-11,MJ1311YNG6VVNA,Hitachi HDS5C3030ALA630,3000592982016,0,,0,,,,,,,,0,,,,,,14597,,,,,,,,,,,,,,,,,,,,,,,,,,,,,,29,,,,,,0,,,,,,,,,,,,,,,,,,,,,,,,,,,,
2013-12-11,S1F0RREN,ST3000DM001,3000592982016,0,,14028776,,,,,,,,0,,,,,,8651,,,,,,,,,,,,,,,,,,,,,,,,,,,,,,26,,,,,,0,,,,,,,,,,,,,,,,,,,,,,,,,,,,
2013-12-11,JK11A8B9J7J3WF,Hitachi HDS722020ALA330,2000398934016,0,,0,,,,,,,,0,,,,,,24911,,,,,,,,,,,,,,,,,,,,,,,,,,,,,,29,,,,,,0,,,,,,,,,,,,,,,,,,,,,,,,,,,,
2013-12-11,W3009RSV,ST4000DM000,4000787030016,0,,210255504,,,,,,,,0,,,,,,4183,,,,,,,,,,,,,,,,,,,,,,,,,,,,,,24,,,,,,0,,,,,,,,,,,,,,,,,,,,,,,,,,,,
2013-12-11,JK11A8B9J79HBF,Hitachi HDS722020ALA330,2000398934016,0,,65536,,,,,,,,0,,,,,,21477,,,,,,,,,,,,,,,,,,,,,,,,,,,,,,26,,,,,,0,,,,,,,,,,,,,,,,,,,,,,,,,,,,
2013-12-11,Z1F13VVV,ST3000DM001,3000592982016,0,,110073896,,,,,,,,0,,,,,,8058,,,,,,,,,,,,,,,,,,,,,,,,,,,,,,23,,,,,,0,,,,,,,,,,,,,,,,,,,,,,,,,,,,
2013-12-11,JK11H1B9GLDJKR,Hitachi HDS722020ALA330,2000398934016,0,,0,,,,,,,,0,,,,,,27540,,,,,,,,,,,,,,,,,,,,,,,,,,,,,,26,,,,,,0,,,,,,,,,,,,,,,,,,,,,,,,,,,,
2013-12-11,JK1130YAHRVKHT,Hitachi HDS722020ALA330,2000398934016,0,,65536,,,,,,,,0,,,,,,30171,,,,,,,,,,,,,,,,,,,,,,,,,,,,,,31,,,,,,0,,,,,,,,,,,,,,,,,,,,,,,,,,,,
2013-12-11,MJ0351YNGA029A,Hitachi HDS5C3030ALA630,3000592982016,0,,0,,,,,,,,0,,,,,,9271,,,,,,,,,,,,,,,,,,,,,,,,,,,,,,27,,,,,,0,,,,,,,,,,,,,,,,,,,,,,,,,,,,
2013-12-11,S1F0RTQV,ST3000DM001,3000592982016,0,,97046312,,,,,,,,0,,,,,,10758,,,,,,,,,,,,,,,,,,,,,,,,,,,,,,27,,,,,,0,,,,,,,,,,,,,,,,,,,,,,,,,,,,
2013-12-11,9XW0CA2H,ST32000542AS,2000398934016,0,,200341052,,,,,,,,0,,,,,,27385,,,,,,,,,,,,,,,,,,,,,,,,,,,,,,26,,,,,,0,,,,,,,,,,,,,,,,,,,,,,,,,,,,
2013-12-11,Z300WM9L,ST4000DM000,4000787030016,0,,71377752,,,,,,,,0,,,,,,945,,,,,,,,,,,,,,,,,,,,,,,,,,,,,,24,,,,,,0,,,,,,,,,,,,,,,,,,,,,,,,,,,,
2013-12-11,Z1F0LL22,ST3000DM001,3000592982016,0,,19817936,,,,,,,,0,,,,,,12180,,,,,,,,,,,,,,,,,,,,,,,,,,,,,,34,,,,,,0,,,,,,,,,,,,,,,,,,,,,,,,,,,,
2013-12-11,JK1101B9JP76JU,Hitachi HDS722020ALA330,2000398934016,0,,1,,,,,,,,0,,,,,,24305,,,,,,,,,,,,,,,,,,,,,,,,,,,,,,27,,,,,,0,,,,,,,,,,,,,,,,,,,,,,,,,,,,
2013-12-11,PL1311LAG3EBEH,Hitachi HDS5C4040ALE630,4000787030016,0,,0,,,,,,,,0,,,,,,5922,,,,,,,,,,,,,,,,,,,,,,,,,,,,,,22,,,,,,0,,,,,,,,,,,,,,,,,,,,,,,,,,,,
2013-12-11,MK0313YHGGLHWC,Hitachi HDS723030ALA640,3000592982016,0,,0,,,,,,,,0,,,,,,21462,,,,,,,,,,,,,,,,,,,,,,,,,,,,,,30,,,,,,0,,,,,,,,,,,,,,,,,,,,,,,,,,,,
2013-12-11,S1F04Z3G,ST3000DM001,3000592982016,0,,161868472,,,,,,,,0,,,,,,16194,,,,,,,,,,,,,,,,,,,,,,,,,,,,,,22,,,,,,0,,,,,,,,,,,,,,,,,,,,,,,,,,,,
2013-12-11,MJ0351YNG9YVEA,Hitachi HDS5C3030ALA630,3000592982016,0,,0,,,,,,,,0,,,,,,9719,,,,,,,,,,,,,,,,,,,,,,,,,,,,,,30,,,,,,0,,,,,,,,,,,,,,,,,,,,,,,,,,,,
2013-12-11,Z1F0N2S5,ST3000DM001,3000592982016,0,,185544568,,,,,,,,0,,,,,,11048,,,,,,,,,,,,,,,,,,,,,,,,,,,,,,25,,,,,,0,,,,,,,,,,,,,,,,,,,,,,,,,,,,
2013-12-11,Z300V63Y,ST4000DM000,4000787030016,0,,41225232,,,,,,,,0,,,,,,799,,,,,,,,,,,,,,,,,,,,,,,,,,,,,,21,,,,,,0,,,,,,,,,,,,,,,,,,,,,,,,,,,,
2013-12-11,PK1331PAJ33Z7S,HGST HDS724040ALE640,4000787030016,0,,0,,,,,,,,0,,,,,,2026,,,,,,,,,,,,,,,,,,,,,,,,,,,,,,23,,,,,,0,,,,,,,,,,,,,,,,,,,,,,,,,,,,
2013-12-11,W30059PQ,ST4000DM000,4000787030016,0,,96186848,,,,,,,,0,,,,,,2856,,,,,,,,,,,,,,,,,,,,,,,,,,,,,,23,,,,,,0,,,,,,,,,,,,,,,,,,,,,,,,,,,,
2013-12-11,WD-WMAWZ0232668,WDC WD30EZRX,3000592982016,0,,2,,,,,,,,0,,,,,,12949,,,,,,,,,,,,,,,,,,,,,,,,,,,,,,22,,,,,,0,,,,,,,,,,,,,,,,,,,,,,,,,,,,
2013-12-11,Z290XAR5,ST33000651AS,3000592982016,0,,193010438,,,,,,,,0,,,,,,18074,,,,,,,,,,,,,,,,,,,,,,,,,,,,,,31,,,,,,0,,,,,,,,,,,,,,,,,,,,,,,,,,,,
2013-12-11,JK1101B9JS40JR,Hitachi HDS722020ALA330,2000398934016,0,,0,,,,,,,,0,,,,,,23320,,,,,,,,,,,,,,,,,,,,,,,,,,,,,,30,,,,,,0,,,,,,,,,,,,,,,,,,,,,,,,,,,,
2013-12-11,JK11A8B9J829NF,Hitachi HDS722020ALA330,2000398934016,0,,0,,,,,,,,0,,,,,,25539,,,,,,,,,,,,,,,,,,,,,,,,,,,,,,30,,,,,,0,,,,,,,,,,,,,,,,,,,,,,,,,,,,
2013-12-11,6XW039E9,ST31500541AS,1500301910016,0,,163849107,,,,,,,,0,,,,,,36641,,,,,,,,,,,,,,,,,,,,,,,,,,,,,,22,,,,,,0,,,,,,,,,,,,,,,,,,,,,,,,,,,,
2013-12-11,6XW105C8,ST31500541AS,1500301910016,0,,54396141,,,,,,,,0,,,,,,29887,,,,,,,,,,,,,,,,,,,,,,,,,,,,,,20,,,,,,0,,,,,,,,,,,,,,,,,,,,,,,,,,,,
2013-12-11,MJ0351YNG9RXSA,Hitachi HDS5C3030ALA630,3000592982016,0,,0,,,,,,,,0,,,,,,8871,,,,,,,,,,,,,,,,,,,,,,,,,,,,,,28,,,,,,0,,,,,,,,,,,,,,,,,,,,,,,,,,,,
2013-12-11,MJ1323YNG1NG9C,Hitachi HDS5C3030ALA630,3000592982016,0,,0,,,,,,,,0,,,,,,19766,,,,,,,,,,,,,,,,,,,,,,,,,,,,,,28,,,,,,0,,,,,,,,,,,,,,,,,,,,,,,,,,,,
2013-12-11,JK11A8B9J0P9XF,Hitachi HDS722020ALA330,2000398934016,0,,0,,,,,,,,0,,,,,,26145,,,,,,,,,,,,,,,,,,,,,,,,,,,,,,28,,,,,,0,,,,,,,,,,,,,,,,,,,,,,,,,,,,
2013-12-11,PL1321LAG31JEH,Hitachi HDS5C4040ALE630,4000787030016,0,,0,,,,,,,,0,,,,,,5140,,,,,,,,,,,,,,,,,,,,,,,,,,,,,,26,,,,,,0,,,,,,,,,,,,,,,,,,,,,,,,,,,,
2013-12-11,JK11A8B9J7HZVF,Hitachi HDS722020ALA330,2000398934016,0,,0,,,,,,,,0,,,,,,24912,,,,,,,,,,,,,,,,,,,,,,,,,,,,,,29,,,,,,0,,,,,,,,,,,,,,,,,,,,,,,,,,,,
2013-12-11,MJ0351YNG9XSYA,Hitachi HDS5C3030ALA630,3000592982016,0,,0,,,,,,,,0,,,,,,8883,,,,,,,,,,,,,,,,,,,,,,,,,,,,,,31,,,,,,0,,,,,,,,,,,,,,,,,,,,,,,,,,,,
2013-12-11,W300FDR0,ST4000DM000,4000787030016,0,,140411400,,,,,,,,0,,,,,,2248,,,,,,,,,,,,,,,,,,,,,,,,,,,,,,19,,,,,,0,,,,,,,,,,,,,,,,,,,,,,,,,,,,
2013-12-11,MJ1323YNG16UVC,Hitachi HDS5C3030ALA630,3000592982016,0,,0,,,,,,,,0,,,,,,20510,,,,,,,,,,,,,,,,,,,,,,,,,,,,,,21,,,,,,0,,,,,,,,,,,,,,,,,,,,,,,,,,,,
2013-12-11,JK1101B8KNDYGS,Hitachi HDS722020ALA330,2000398934016,0,,1,,,,,,,,0,,,,,,22862,,,,,,,,,,,,,,,,,,,,,,,,,,,,,,28,,,,,,0,,,,,,,,,,,,,,,,,,,,,,,,,,,,
2013-12-11,JK11A8B9J86RJF,Hitachi HDS722020ALA330,2000398934016,0,,0,,,,,,,,0,,,,,,25123,,,,,,,,,,,,,,,,,,,,,,,,,,,,,,30,,,,,,0,,,,,,,,,,,,,,,,,,,,,,,,,,,,
2013-12-11,MK0301YHGMD0MD,Hitachi HDS723030ALA640,3000592982016,0,,0,,,,,,,,0,,,,,,16680,,,,,,,,,,,,,,,,,,,,,,,,,,,,,,28,,,,,,0,,,,,,,,,,,,,,,,,,,,,,,,,,,,
2013-12-11,PL1331LAG5AZ7H,HGST HMS5C4040ALE640,4000787030016,0,,0,,,,,,,,0,,,,,,9401,,,,,,,,,,,,,,,,,,,,,,,,,,,,,,30,,,,,,0,,,,,,,,,,,,,,,,,,,,,,,,,,,,
2013-12-11,Z300GQFE,ST4000DM000,4000787030016,0,,195234720,,,,,,,,0,,,,,,3625,,,,,,,,,,,,,,,,,,,,,,,,,,,,,,23,,,,,,0,,,,,,,,,,,,,,,,,,,,,,,,,,,,
2013-12-11,Z300GQFC,ST4000DM000,4000787030016,0,,55421632,,,,,,,,0,,,,,,3581,,,,,,,,,,,,,,,,,,,,,,,,,,,,,,19,,,,,,0,,,,,,,,,,,,,,,,,,,,,,,,,,,,
2013-12-11,Z300TAZV,ST4000DM000,4000787030016,0,,183928192,,,,,,,,0,,,,,,945,,,,,,,,,,,,,,,,,,,,,,,,,,,,,,25,,,,,,0,,,,,,,,,,,,,,,,,,,,,,,,,,,,
2013-12-11,Z300GQF9,ST4000DM000,4000787030016,0,,86013832,,,,,,,,0,,,,,,3581,,,,,,,,,,,,,,,,,,,,,,,,,,,,,,21,,,,,,0,,,,,,,,,,,,,,,,,,,,,,,,,,,,
2013-12-11,Z300GQF8,ST4000DM000,4000787030016,0,,197386984,,,,,,,,0,,,,,,3583,,,,,,,,,,,,,,,,,,,,,,,,,,,,,,24,,,,,,0,,,,,,,,,,,,,,,,,,,,,,,,,,,,
2013-12-11,Z300GQF6,ST4000DM000,4000787030016,0,,30532120,,,,,,,,0,,,,,,3621,,,,,,,,,,,,,,,,,,,,,,,,,,,,,,20,,,,,,0,,,,,,,,,,,,,,,,,,,,,,,,,,,,
2013-12-11,Z300GQF2,ST4000DM000,4000787030016,0,,159556424,,,,,,,,0,,,,,,3583,,,,,,,,,,,,,,,,,,,,,,,,,,,,,,24,,,,,,0,,,,,,,,,,,,,,,,,,,,,,,,,,,,
2013-12-11,W300KLMN,ST4000DM000,4000787030016,0,,92491600,,,,,,,,0,,,,,,920,,,,,,,,,,,,,,,,,,,,,,,,,,,,,,23,,,,,,0,,,,,,,,,,,,,,,,,,,,,,,,,,,,
2013-12-11,Z300GQF0,ST4000DM000,4000787030016,0,,147476224,,,,,,,,0,,,,,,3581,,,,,,,,,,,,,,,,,,,,,,,,,,,,,,22,,,,,,0,,,,,,,,,,,,,,,,,,,,,,,,,,,,
2013-12-11,MJ1313YNG0ZL2C,Hitachi HDS5C3030ALA630,3000592982016,0,,0,,,,,,,,153,,,,,,19310,,,,,,,,,,,,,,,,,,,,,,,,,,,,,,28,,,,,,0,,,,,,,,,,,,,,,,,,,,,,,,,,,,
2013-12-11,PL1321LAGAXT9H,Hitachi HDS5C4040ALE630,4000787030016,0,,0,,,,,,,,0,,,,,,5076,,,,,,,,,,,,,,,,,,,,,,,,,,,,,,24,,,,,,0,,,,,,,,,,,,,,,,,,,,,,,,,,,,
2013-12-11,W1F0LS71,ST3000DM001,3000592982016,0,,46102488,,,,,,,,0,,,,,,12017,,,,,,,,,,,,,,,,,,,,,,,,,,,,,,27,,,,,,0,,,,,,,,,,,,,,,,,,,,,,,,,,,,
2013-12-11,PL2311LAG1L8GC,Hitachi HDS5C4040ALE630,4000787030016,0,,0,,,,,,,,0,,,,,,7400,,,,,,,,,,,,,,,,,,,,,,,,,,,,,,25,,,,,,0,,,,,,,,,,,,,,,,,,,,,,,,,,,,
2013-12-11,Z1F0E0SK,ST3000DM001,3000592982016,0,,35881936,,,,,,,,0,,,,,,4203,,,,,,,,,,,,,,,,,,,,,,,,,,,,,,26,,,,,,0,,,,,,,,,,,,,,,,,,,,,,,,,,,,
2013-12-11,MJ1311YNG7ER4A,Hitachi HDS5C3030ALA630,3000592982016,0,,0,,,,,,,,0,,,,,,14330,,,,,,,,,,,,,,,,,,,,,,,,,,,,,,32,,,,,,0,,,,,,,,,,,,,,,,,,,,,,,,,,,,
2013-12-11,JK1101B9JNW9WF,Hitachi HDS722020ALA330,2000398934016,0,,0,,,,,,,,0,,,,,,23587,,,,,,,,,,,,,,,,,,,,,,,,,,,,,,32,,,,,,0,,,,,,,,,,,,,,,,,,,,,,,,,,,,
2013-12-11,W1F0Z3FW,ST3000DM001,3000592982016,0,,76723352,,,,,,,,0,,,,,,10540,,,,,,,,,,,,,,,,,,,,,,,,,,,,,,24,,,,,,0,,,,,,,,,,,,,,,,,,,,,,,,,,,,
2013-12-11,MJ1311YNG3JUJA,Hitachi HDS5C3030ALA630,3000592982016,0,,0,,,,,,,,0,,,,,,19252,,,,,,,,,,,,,,,,,,,,,,,,,,,,,,24,,,,,,0,,,,,,,,,,,,,,,,,,,,,,,,,,,,
2013-12-11,MK0301YHGMHDHD,Hitachi HDS723030ALA640,3000592982016,0,,0,,,,,,,,0,,,,,,18088,,,,,,,,,,,,,,,,,,,,,,,,,,,,,,28,,,,,,0,,,,,,,,,,,,,,,,,,,,,,,,,,,,
2013-12-11,MJ1323YNG1M3KC,Hitachi HDS5C3030ALA630,3000592982016,0,,1245184,,,,,,,,0,,,,,,19731,,,,,,,,,,,,,,,,,,,,,,,,,,,,,,25,,,,,,0,,,,,,,,,,,,,,,,,,,,,,,,,,,,
2013-12-11,Z1F01CDA,ST3000DM001,3000592982016,0,,60418376,,,,,,,,0,,,,,,10890,,,,,,,,,,,,,,,,,,,,,,,,,,,,,,24,,,,,,0,,,,,,,,,,,,,,,,,,,,,,,,,,,,
2013-12-11,Z300NRMR,ST4000DM000,4000787030016,0,,169230976,,,,,,,,0,,,,,,1233,,,,,,,,,,,,,,,,,,,,,,,,,,,,,,22,,,,,,0,,,,,,,,,,,,,,,,,,,,,,,,,,,,
2013-12-11,PL2331LAG7M8UJ,Hitachi HDS5C4040ALE630,4000787030016,0,,0,,,,,,,,0,,,,,,5064,,,,,,,,,,,,,,,,,,,,,,,,,,,,,,26,,,,,,0,,,,,,,,,,,,,,,,,,,,,,,,,,,,
2013-12-11,Z290S2HH,ST33000651AS,3000592982016,0,,10428193,,,,,,,,0,,,,,,15915,,,,,,,,,,,,,,,,,,,,,,,,,,,,,,29,,,,,,0,,,,,,,,,,,,,,,,,,,,,,,,,,,,
2013-12-11,S1F0495X,ST3000DM001,3000592982016,0,,36481776,,,,,,,,0,,,,,,16198,,,,,,,,,,,,,,,,,,,,,,,,,,,,,,27,,,,,,0,,,,,,,,,,,,,,,,,,,,,,,,,,,,
2013-12-11,JK1104B8JP22JW,Hitachi HDS722020ALA330,2000398934016,0,,589826,,,,,,,,0,,,,,,23992,,,,,,,,,,,,,,,,,,,,,,,,,,,,,,37,,,,,,0,,,,,,,,,,,,,,,,,,,,,,,,,,,,
2013-12-11,W1F0HTGV,ST3000DM001,3000592982016,0,,146837752,,,,,,,,0,,,,,,10810,,,,,,,,,,,,,,,,,,,,,,,,,,,,,,26,,,,,,0,,,,,,,,,,,,,,,,,,,,,,,,,,,,
2013-12-11,6XW1LP14,ST32000542AS,2000398934016,0,,88334716,,,,,,,,0,,,,,,15216,,,,,,,,,,,,,,,,,,,,,,,,,,,,,,20,,,,,,0,,,,,,,,,,,,,,,,,,,,,,,,,,,,
2013-12-11,MJ1311YNG7JE5A,Hitachi HDS5C3030ALA630,3000592982016,0,,0,,,,,,,,0,,,,,,14624,,,,,,,,,,,,,,,,,,,,,,,,,,,,,,25,,,,,,0,,,,,,,,,,,,,,,,,,,,,,,,,,,,
2013-12-11,JK1101B8GNNSUS,Hitachi HDS722020ALA330,2000398934016,0,,0,,,,,,,,0,,,,,,26837,,,,,,,,,,,,,,,,,,,,,,,,,,,,,,26,,,,,,0,,,,,,,,,,,,,,,,,,,,,,,,,,,,
2013-12-11,W1F1TN04,ST3000DM001,3000592982016,0,,2525336,,,,,,,,0,,,,,,2808,,,,,,,,,,,,,,,,,,,,,,,,,,,,,,21,,,,,,0,,,,,,,,,,,,,,,,,,,,,,,,,,,,
2013-12-11,6XW0KTAV,ST31500541AS,1500301910016,0,,139051156,,,,,,,,0,,,,,,27242,,,,,,,,,,,,,,,,,,,,,,,,,,,,,,16,,,,,,0,,,,,,,,,,,,,,,,,,,,,,,,,,,,
2013-12-11,MJ1321YNG14E7A,Hitachi HDS5C3030ALA630,3000592982016,0,,0,,,,,,,,0,,,,,,20732,,,,,,,,,,,,,,,,,,,,,,,,,,,,,,22,,,,,,0,,,,,,,,,,,,,,,,,,,,,,,,,,,,
2013-12-11,MJ1311YNG597VA,Hitachi HDS5C3030ALA630,3000592982016,0,,0,,,,,,,,0,,,,,,14596,,,,,,,,,,,,,,,,,,,,,,,,,,,,,,25,,,,,,0,,,,,,,,,,,,,,,,,,,,,,,,,,,,
2013-12-11,6XW04VC1,ST31500541AS,1500301910016,0,,111070721,,,,,,,,0,,,,,,37280,,,,,,,,,,,,,,,,,,,,,,,,,,,,,,23,,,,,,0,,,,,,,,,,,,,,,,,,,,,,,,,,,,
2013-12-11,PL1321LAG31YVH,Hitachi HDS5C4040ALE630,4000787030016,0,,0,,,,,,,,0,,,,,,5961,,,,,,,,,,,,,,,,,,,,,,,,,,,,,,17,,,,,,0,,,,,,,,,,,,,,,,,,,,,,,,,,,,
2013-12-11,S1F07VLB,ST3000DM001,3000592982016,0,,113661912,,,,,,,,0,,,,,,12347,,,,,,,,,,,,,,,,,,,,,,,,,,,,,,27,,,,,,0,,,,,,,,,,,,,,,,,,,,,,,,,,,,
2013-12-11,JK1101B9KNNX7F,Hitachi HDS722020ALA330,2000398934016,0,,0,,,,,,,,0,,,,,,22955,,,,,,,,,,,,,,,,,,,,,,,,,,,,,,25,,,,,,0,,,,,,,,,,,,,,,,,,,,,,,,,,,,
2013-12-11,JK1171B9HAKBRT,Hitachi HDS722020ALA330,2000398934016,0,,0,,,,,,,,0,,,,,,24305,,,,,,,,,,,,,,,,,,,,,,,,,,,,,,29,,,,,,0,,,,,,,,,,,,,,,,,,,,,,,,,,,,
2013-12-11,MJ1321YNG0SHHA,Hitachi HDS5C3030ALA630,3000592982016,0,,0,,,,,,,,0,,,,,,19745,,,,,,,,,,,,,,,,,,,,,,,,,,,,,,26,,,,,,0,,,,,,,,,,,,,,,,,,,,,,,,,,,,
2013-12-11,JK1101B9JNB27U,Hitachi HDS722020ALA330,2000398934016,0,,0,,,,,,,,0,,,,,,23992,,,,,,,,,,,,,,,,,,,,,,,,,,,,,,32,,,,,,0,,,,,,,,,,,,,,,,,,,,,,,,,,,,
2013-12-11,WD-WCAWZ0831608,WDC WD30EZRX,3000592982016,0,,145,,,,,,,,0,,,,,,17599,,,,,,,,,,,,,,,,,,,,,,,,,,,,,,19,,,,,,2,,,,,,,,,,,,,,,,,,,,,,,,,,,,
2013-12-11,WD-WCAWZ2529848,WDC WD30EZRX,3000592982016,0,,0,,,,,,,,0,,,,,,8825,,,,,,,,,,,,,,,,,,,,,,,,,,,,,,23,,,,,,1,,,,,,,,,,,,,,,,,,,,,,,,,,,,
2013-12-11,WD-WCAU42453993,WDC WD10EACS,1000204886016,0,,0,,,,,,,,0,,,,,,42802,,,,,,,,,,,,,,,,,,,,,,,,,,,,,,19,,,,,,0,,,,,,,,,,,,,,,,,,,,,,,,,,,,
2013-12-11,WD-WCAU47321028,WDC WD10EADS,1000204886016,0,,0,,,,,,,,0,,,,,,40892,,,,,,,,,,,,,,,,,,,,,,,,,,,,,,34,,,,,,0,,,,,,,,,,,,,,,,,,,,,,,,,,,,
2013-12-11,Z300MEWF,ST4000DM000,4000787030016,0,,128444168,,,,,,,,0,,,,,,1112,,,,,,,,,,,,,,,,,,,,,,,,,,,,,,20,,,,,,0,,,,,,,,,,,,,,,,,,,,,,,,,,,,
2013-12-11,MJ0351YNG9YNJA,Hitachi HDS5C3030ALA630,3000592982016,0,,0,,,,,,,,0,,,,,,9274,,,,,,,,,,,,,,,,,,,,,,,,,,,,,,26,,,,,,0,,,,,,,,,,,,,,,,,,,,,,,,,,,,
2013-12-11,Z300NSCF,ST4000DM000,4000787030016,0,,175801000,,,,,,,,0,,,,,,1093,,,,,,,,,,,,,,,,,,,,,,,,,,,,,,26,,,,,,0,,,,,,,,,,,,,,,,,,,,,,,,,,,,
2013-12-11,MJ1311YNG3EDDA,Hitachi HDS5C3030ALA630,3000592982016,0,,0,,,,,,,,0,,,,,,19252,,,,,,,,,,,,,,,,,,,,,,,,,,,,,,25,,,,,,0,,,,,,,,,,,,,,,,,,,,,,,,,,,,
2013-12-11,PL1331LAGB8BTH,Hitachi HDS5C4040ALE630,4000787030016,0,,0,,,,,,,,0,,,,,,5076,,,,,,,,,,,,,,,,,,,,,,,,,,,,,,27,,,,,,0,,,,,,,,,,,,,,,,,,,,,,,,,,,,
2013-12-11,W1F09E9J,ST3000DM001,3000592982016,0,,175263160,,,,,,,,0,,,,,,13912,,,,,,,,,,,,,,,,,,,,,,,,,,,,,,23,,,,,,0,,,,,,,,,,,,,,,,,,,,,,,,,,,,
2013-12-11,PL1311LAG276XA,Hitachi HDS5C4040ALE630,4000787030016,0,,0,,,,,,,,0,,,,,,6653,,,,,,,,,,,,,,,,,,,,,,,,,,,,,,26,,,,,,0,,,,,,,,,,,,,,,,,,,,,,,,,,,,
2013-12-11,W1F09FG1,ST3000DM001,3000592982016,0,,187230072,,,,,,,,0,,,,,,14732,,,,,,,,,,,,,,,,,,,,,,,,,,,,,,28,,,,,,0,,,,,,,,,,,,,,,,,,,,,,,,,,,,
2013-12-11,Z300MQ51,ST4000DM000,4000787030016,0,,10762608,,,,,,,,0,,,,,,2900,,,,,,,,,,,,,,,,,,,,,,,,,,,,,,25,,,,,,0,,,,,,,,,,,,,,,,,,,,,,,,,,,,
2013-12-11,JK11A8B9J3HSMF,Hitachi HDS722020ALA330,2000398934016,0,,0,,,,,,,,0,,,,,,23125,,,,,,,,,,,,,,,,,,,,,,,,,,,,,,33,,,,,,0,,,,,,,,,,,,,,,,,,,,,,,,,,,,
2013-12-11,W3006MY6,ST4000DM000,4000787030016,0,,231023848,,,,,,,,0,,,,,,2875,,,,,,,,,,,,,,,,,,,,,,,,,,,,,,20,,,,,,0,,,,,,,,,,,,,,,,,,,,,,,,,,,,
2013-12-11,Z300P9DB,ST4000DM000,4000787030016,0,,94373648,,,,,,,,0,,,,,,1093,,,,,,,,,,,,,,,,,,,,,,,,,,,,,,26,,,,,,0,,,,,,,,,,,,,,,,,,,,,,,,,,,,
2013-12-11,MJ0351YNG9SP5A,Hitachi HDS5C3030ALA630,3000592982016,0,,0,,,,,,,,0,,,,,,8505,,,,,,,,,,,,,,,,,,,,,,,,,,,,,,23,,,,,,0,,,,,,,,,,,,,,,,,,,,,,,,,,,,
2013-12-11,WD-WMC4N1068493,WDC WD30EFRX,3000592982016,0,,0,,,,,,,,0,,,,,,631,,,,,,,,,,,,,,,,,,,,,,,,,,,,,,24,,,,,,0,,,,,,,,,,,,,,,,,,,,,,,,,,,,
2013-12-11,MK0331YHGSATTA,Hitachi HDS723030ALA640,3000592982016,0,,0,,,,,,,,0,,,,,,16661,,,,,,,,,,,,,,,,,,,,,,,,,,,,,,27,,,,,,0,,,,,,,,,,,,,,,,,,,,,,,,,,,,
2013-12-11,Z300NRKW,ST4000DM000,4000787030016,0,,47523344,,,,,,,,0,,,,,,1094,,,,,,,,,,,,,,,,,,,,,,,,,,,,,,22,,,,,,0,,,,,,,,,,,,,,,,,,,,,,,,,,,,
2013-12-11,5XW03LPQ,ST31500541AS,1500301910016,0,,165754055,,,,,,,,0,,,,,,37288,,,,,,,,,,,,,,,,,,,,,,,,,,,,,,27,,,,,,0,,,,,,,,,,,,,,,,,,,,,,,,,,,,
2013-12-11,JK1105B8G6R0SX,Hitachi HDS722020ALA330,2000398934016,0,,196613,,,,,,,,0,,,,,,26766,,,,,,,,,,,,,,,,,,,,,,,,,,,,,,25,,,,,,0,,,,,,,,,,,,,,,,,,,,,,,,,,,,
2013-12-11,W300BNXY,ST4000DM000,4000787030016,0,,241117376,,,,,,,,0,,,,,,4134,,,,,,,,,,,,,,,,,,,,,,,,,,,,,,21,,,,,,0,,,,,,,,,,,,,,,,,,,,,,,,,,,,
2013-12-11,MJ1311YNG2ZU9A,Hitachi HDS5C3030ALA630,3000592982016,0,,0,,,,,,,,0,,,,,,18067,,,,,,,,,,,,,,,,,,,,,,,,,,,,,,24,,,,,,0,,,,,,,,,,,,,,,,,,,,,,,,,,,,
2013-12-11,MJ0351YNGA3ZWA,Hitachi HDS5C3030ALA630,3000592982016,0,,0,,,,,,,,0,,,,,,8509,,,,,,,,,,,,,,,,,,,,,,,,,,,,,,26,,,,,,0,,,,,,,,,,,,,,,,,,,,,,,,,,,,
2013-12-11,W1F09LNJ,ST3000DM001,3000592982016,0,,171630528,,,,,,,,0,,,,,,13362,,,,,,,,,,,,,,,,,,,,,,,,,,,,,,21,,,,,,8,,,,,,,,,,,,,,,,,,,,,,,,,,,,
2013-12-11,6XW1A5NY,ST32000542AS,2000398934016,0,,182083810,,,,,,,,0,,,,,,31706,,,,,,,,,,,,,,,,,,,,,,,,,,,,,,25,,,,,,0,,,,,,,,,,,,,,,,,,,,,,,,,,,,
2013-12-11,5XW00WMG,ST31500541AS,1500301910016,0,,184566200,,,,,,,,0,,,,,,34739,,,,,,,,,,,,,,,,,,,,,,,,,,,,,,21,,,,,,0,,,,,,,,,,,,,,,,,,,,,,,,,,,,
2013-12-11,W300BNRR,ST4000DM000,4000787030016,0,,72905984,,,,,,,,0,,,,,,2248,,,,,,,,,,,,,,,,,,,,,,,,,,,,,,24,,,,,,0,,,,,,,,,,,,,,,,,,,,,,,,,,,,
2013-12-11,W1F09LNX,ST3000DM001,3000592982016,0,,28121936,,,,,,,,0,,,,,,13797,,,,,,,,,,,,,,,,,,,,,,,,,,,,,,23,,,,,,0,,,,,,,,,,,,,,,,,,,,,,,,,,,,
2013-12-11,MK0301YHGDADVA,Hitachi HDS723030ALA640,3000592982016,0,,1,,,,,,,,0,,,,,,21460,,,,,,,,,,,,,,,,,,,,,,,,,,,,,,22,,,,,,0,,,,,,,,,,,,,,,,,,,,,,,,,,,,
2013-12-11,W1F09LNT,ST3000DM001,3000592982016,0,,129033096,,,,,,,,0,,,,,,13796,,,,,,,,,,,,,,,,,,,,,,,,,,,,,,24,,,,,,0,,,,,,,,,,,,,,,,,,,,,,,,,,,,
2013-12-11,MJ1311YNG7G8PA,Hitachi HDS5C3030ALA630,3000592982016,0,,0,,,,,,,,0,,,,,,14597,,,,,,,,,,,,,,,,,,,,,,,,,,,,,,28,,,,,,0,,,,,,,,,,,,,,,,,,,,,,,,,,,,
2013-12-11,W300ETDE,ST4000DM000,4000787030016,0,,85141440,,,,,,,,0,,,,,,2224,,,,,,,,,,,,,,,,,,,,,,,,,,,,,,28,,,,,,0,,,,,,,,,,,,,,,,,,,,,,,,,,,,
2013-12-11,Z300MQ5Q,ST4000DM000,4000787030016,0,,42735992,,,,,,,,0,,,,,,2845,,,,,,,,,,,,,,,,,,,,,,,,,,,,,,27,,,,,,0,,,,,,,,,,,,,,,,,,,,,,,,,,,,
2013-12-11,Z300MGJL,ST4000DM000,4000787030016,0,,146647952,,,,,,,,0,,,,,,2880,,,,,,,,,,,,,,,,,,,,,,,,,,,,,,21,,,,,,0,,,,,,,,,,,,,,,,,,,,,,,,,,,,
2013-12-11,MJ0351YNGA738A,Hitachi HDS5C3030ALA630,3000592982016,0,,0,,,,,,,,0,,,,,,7688,,,,,,,,,,,,,,,,,,,,,,,,,,,,,,26,,,,,,0,,,,,,,,,,,,,,,,,,,,,,,,,,,,
2013-12-11,JK1101B9KN19ZF,Hitachi HDS722020ALA330,2000398934016,0,,0,,,,,,,,0,,,,,,23074,,,,,,,,,,,,,,,,,,,,,,,,,,,,,,32,,,,,,0,,,,,,,,,,,,,,,,,,,,,,,,,,,,
2013-12-11,JK11A8B9J9KU0F,Hitachi HDS722020ALA330,2000398934016,0,,65536,,,,,,,,0,,,,,,24467,,,,,,,,,,,,,,,,,,,,,,,,,,,,,,28,,,,,,0,,,,,,,,,,,,,,,,,,,,,,,,,,,,
2013-12-11,PL1311LAG350PH,Hitachi HDS5C4040ALE630,4000787030016,0,,0,,,,,,,,0,,,,,,6655,,,,,,,,,,,,,,,,,,,,,,,,,,,,,,17,,,,,,0,,,,,,,,,,,,,,,,,,,,,,,,,,,,
2013-12-11,6XW056RM,ST31500541AS,1500301910016,0,,232259689,,,,,,,,0,,,,,,36452,,,,,,,,,,,,,,,,,,,,,,,,,,,,,,18,,,,,,0,,,,,,,,,,,,,,,,,,,,,,,,,,,,
2013-12-11,W300B9XR,ST4000DM000,4000787030016,0,,196566656,,,,,,,,0,,,,,,4354,,,,,,,,,,,,,,,,,,,,,,,,,,,,,,26,,,,,,0,,,,,,,,,,,,,,,,,,,,,,,,,,,,
2013-12-11,5XW04JW1,ST31500541AS,1500301910016,0,,187528070,,,,,,,,0,,,,,,35227,,,,,,,,,,,,,,,,,,,,,,,,,,,,,,20,,,,,,0,,,,,,,,,,,,,,,,,,,,,,,,,,,,
2013-12-11,Z300WE1D,ST4000DM000,4000787030016,0,,236557752,,,,,,,,0,,,,,,945,,,,,,,,,,,,,,,,,,,,,,,,,,,,,,24,,,,,,0,,,,,,,,,,,,,,,,,,,,,,,,,,,,
2013-12-11,MK0311YHGHYZNA,Hitachi HDS723030ALA640,3000592982016,0,,0,,,,,,,,0,,,,,,16802,,,,,,,,,,,,,,,,,,,,,,,,,,,,,,29,,,,,,0,,,,,,,,,,,,,,,,,,,,,,,,,,,,
2013-12-11,Z300P8BL,ST4000DM000,4000787030016,0,,178619360,,,,,,,,0,,,,,,1231,,,,,,,,,,,,,,,,,,,,,,,,,,,,,,20,,,,,,0,,,,,,,,,,,,,,,,,,,,,,,,,,,,
2013-12-11,Z300P8BK,ST4000DM000,4000787030016,0,,9645080,,,,,,,,0,,,,,,1094,,,,,,,,,,,,,,,,,,,,,,,,,,,,,,22,,,,,,0,,,,,,,,,,,,,,,,,,,,,,,,,,,,
2013-12-11,W300JEZZ,ST4000DM000,4000787030016,0,,241976688,,,,,,,,0,,,,,,799,,,,,,,,,,,,,,,,,,,,,,,,,,,,,,18,,,,,,0,,,,,,,,,,,,,,,,,,,,,,,,,,,,
2013-12-11,Z300P8BH,ST4000DM000,4000787030016,0,,190530840,,,,,,,,0,,,,,,1229,,,,,,,,,,,,,,,,,,,,,,,,,,,,,,21,,,,,,0,,,,,,,,,,,,,,,,,,,,,,,,,,,,
2013-12-11,Z300P8BB,ST4000DM000,4000787030016,0,,193647168,,,,,,,,0,,,,,,1227,,,,,,,,,,,,,,,,,,,,,,,,,,,,,,19,,,,,,0,,,,,,,,,,,,,,,,,,,,,,,,,,,,
2013-12-11,S1F02M9S,ST3000DM001,3000592982016,0,,174691584,,,,,,,,0,,,,,,15400,,,,,,,,,,,,,,,,,,,,,,,,,,,,,,23,,,,,,0,,,,,,,,,,,,,,,,,,,,,,,,,,,,
2013-12-11,6XW01P7M,ST31500541AS,1500301910016,0,,185024968,,,,,,,,0,,,,,,36070,,,,,,,,,,,,,,,,,,,,,,,,,,,,,,17,,,,,,0,,,,,,,,,,,,,,,,,,,,,,,,,,,,
2013-12-11,Z300P8BY,ST4000DM000,4000787030016,0,,234211832,,,,,,,,0,,,,,,1451,,,,,,,,,,,,,,,,,,,,,,,,,,,,,,26,,,,,,0,,,,,,,,,,,,,,,,,,,,,,,,,,,,
2013-12-11,MJ1311YNG3GA2A,Hitachi HDS5C3030ALA630,3000592982016,0,,0,,,,,,,,0,,,,,,19588,,,,,,,,,,,,,,,,,,,,,,,,,,,,,,27,,,,,,0,,,,,,,,,,,,,,,,,,,,,,,,,,,,
2013-12-11,Z300P8BP,ST4000DM000,4000787030016,0,,192571512,,,,,,,,0,,,,,,1093,,,,,,,,,,,,,,,,,,,,,,,,,,,,,,24,,,,,,0,,,,,,,,,,,,,,,,,,,,,,,,,,,,
2013-12-11,9XW01YCD,ST31500541AS,1500301910016,0,,115741534,,,,,,,,0,,,,,,34329,,,,,,,,,,,,,,,,,,,,,,,,,,,,,,19,,,,,,0,,,,,,,,,,,,,,,,,,,,,,,,,,,,
2013-12-11,MJ1321YNG0KH1A,Hitachi HDS5C3030ALA630,3000592982016,0,,0,,,,,,,,0,,,,,,19611,,,,,,,,,,,,,,,,,,,,,,,,,,,,,,24,,,,,,0,,,,,,,,,,,,,,,,,,,,,,,,,,,,
2013-12-11,W300BHN2,ST4000DM000,4000787030016,0,,160433752,,,,,,,,0,,,,,,3586,,,,,,,,,,,,,,,,,,,,,,,,,,,,,,20,,,,,,0,,,,,,,,,,,,,,,,,,,,,,,,,,,,
2013-12-11,6XW0YE02,ST31500541AS,1500301910016,0,,92508053,,,,,,,,0,,,,,,32161,,,,,,,,,,,,,,,,,,,,,,,,,,,,,,23,,,,,,0,,,,,,,,,,,,,,,,,,,,,,,,,,,,
2013-12-11,PL2311LAG1JDKC,Hitachi HDS5C4040ALE630,4000787030016,0,,0,,,,,,,,7,,,,,,7759,,,,,,,,,,,,,,,,,,,,,,,,,,,,,,23,,,,,,0,,,,,,,,,,,,,,,,,,,,,,,,,,,,
2013-12-11,PL1311LAG3946H,Hitachi HDS5C4040ALE630,4000787030016,0,,0,,,,,,,,0,,,,,,5036,,,,,,,,,,,,,,,,,,,,,,,,,,,,,,28,,,,,,0,,,,,,,,,,,,,,,,,,,,,,,,,,,,
2013-12-11,9XW01YCR,ST31500541AS,1500301910016,0,,114791855,,,,,,,,0,,,,,,34727,,,,,,,,,,,,,,,,,,,,,,,,,,,,,,20,,,,,,0,,,,,,,,,,,,,,,,,,,,,,,,,,,,
2013-12-11,S1F06WNA,ST3000DM001,3000592982016,0,,148655296,,,,,,,,0,,,,,,13821,,,,,,,,,,,,,,,,,,,,,,,,,,,,,,21,,,,,,0,,,,,,,,,,,,,,,,,,,,,,,,,,,,
2013-12-11,6XW034TL,ST31500541AS,1500301910016,0,,65776106,,,,,,,,0,,,,,,35782,,,,,,,,,,,,,,,,,,,,,,,,,,,,,,20,,,,,,0,,,,,,,,,,,,,,,,,,,,,,,,,,,,
2013-12-11,6XW04VE9,ST31500541AS,1500301910016,0,,200414629,,,,,,,,0,,,,,,35751,,,,,,,,,,,,,,,,,,,,,,,,,,,,,,21,,,,,,0,,,,,,,,,,,,,,,,,,,,,,,,,,,,
2013-12-11,6XW034TJ,ST31500541AS,1500301910016,0,,114061230,,,,,,,,0,,,,,,36395,,,,,,,,,,,,,,,,,,,,,,,,,,,,,,20,,,,,,0,,,,,,,,,,,,,,,,,,,,,,,,,,,,
2013-12-11,MJ0351YNG9SU8A,Hitachi HDS5C3030ALA630,3000592982016,0,,0,,,,,,,,0,,,,,,8055,,,,,,,,,,,,,,,,,,,,,,,,,,,,,,26,,,,,,0,,,,,,,,,,,,,,,,,,,,,,,,,,,,
2013-12-11,JK1101B9JP3DYF,Hitachi HDS722020ALA330,2000398934016,0,,1,,,,,,,,0,,,,,,24463,,,,,,,,,,,,,,,,,,,,,,,,,,,,,,28,,,,,,0,,,,,,,,,,,,,,,,,,,,,,,,,,,,
2013-12-11,9VS3HZMP,ST31500341AS,1500301910016,0,,94015648,,,,,,,,293,,,,,,32917,,,,,,,,,,,,,,,,,,,,,,,,,,,,,,19,,,,,,0,,,,,,,,,,,,,,,,,,,,,,,,,,,,
2013-12-11,MJ1311YNG7KSJA,Hitachi HDS5C3030ALA630,3000592982016,0,,0,,,,,,,,0,,,,,,14681,,,,,,,,,,,,,,,,,,,,,,,,,,,,,,25,,,,,,0,,,,,,,,,,,,,,,,,,,,,,,,,,,,
2013-12-11,6XW05BBP,ST31500541AS,1500301910016,0,,181131848,,,,,,,,0,,,,,,36449,,,,,,,,,,,,,,,,,,,,,,,,,,,,,,21,,,,,,0,,,,,,,,,,,,,,,,,,,,,,,,,,,,
2013-12-11,JK11A8B9J7N00F,Hitachi HDS722020ALA330,2000398934016,0,,0,,,,,,,,0,,,,,,24666,,,,,,,,,,,,,,,,,,,,,,,,,,,,,,24,,,,,,0,,,,,,,,,,,,,,,,,,,,,,,,,,,,
2013-12-11,PL1311LAG12ULH,Hitachi HDS5C4040ALE630,4000787030016,0,,0,,,,,,,,0,,,,,,7005,,,,,,,,,,,,,,,,,,,,,,,,,,,,,,24,,,,,,0,,,,,,,,,,,,,,,,,,,,,,,,,,,,
2013-12-11,Z300KCB4,ST4000DM000,4000787030016,0,,54569216,,,,,,,,0,,,,,,2240,,,,,,,,,,,,,,,,,,,,,,,,,,,,,,19,,,,,,0,,,,,,,,,,,,,,,,,,,,,,,,,,,,
2013-12-11,JK1175YAHU765X,Hitachi HDS722020ALA330,2000398934016,0,,131074,,,,,,,,0,,,,,,30501,,,,,,,,,,,,,,,,,,,,,,,,,,,,,,29,,,,,,0,,,,,,,,,,,,,,,,,,,,,,,,,,,,
2013-12-11,MJ0351YNG9P2NA,Hitachi HDS5C3030ALA630,3000592982016,0,,0,,,,,,,,0,,,,,,9773,,,,,,,,,,,,,,,,,,,,,,,,,,,,,,27,,,,,,0,,,,,,,,,,,,,,,,,,,,,,,,,,,,
2013-12-11,JK11A8B9J9HW4F,Hitachi HDS722020ALA330,2000398934016,0,,0,,,,,,,,0,,,,,,25665,,,,,,,,,,,,,,,,,,,,,,,,,,,,,,28,,,,,,0,,,,,,,,,,,,,,,,,,,,,,,,,,,,
2013-12-11,MK0311YHG2DGBA,Hitachi HDS723030ALA640,3000592982016,0,,0,,,,,,,,0,,,,,,22347,,,,,,,,,,,,,,,,,,,,,,,,,,,,,,25,,,,,,0,,,,,,,,,,,,,,,,,,,,,,,,,,,,
2013-12-11,MJ0351YNGA681A,Hitachi HDS5C3030ALA630,3000592982016,0,,0,,,,,,,,0,,,,,,8545,,,,,,,,,,,,,,,,,,,,,,,,,,,,,,29,,,,,,0,,,,,,,,,,,,,,,,,,,,,,,,,,,,
2013-12-11,MJ1311YNG77GMA,Hitachi HDS5C3030ALA630,3000592982016,0,,9044050,,,,,,,,659,,,,,,14330,,,,,,,,,,,,,,,,,,,,,,,,,,,,,,30,,,,,,0,,,,,,,,,,,,,,,,,,,,,,,,,,,,
2013-12-11,MK0301YHGM31AA,Hitachi HDS723030ALA640,3000592982016,0,,0,,,,,,,,0,,,,,,17010,,,,,,,,,,,,,,,,,,,,,,,,,,,,,,32,,,,,,0,,,,,,,,,,,,,,,,,,,,,,,,,,,,
2013-12-11,PL1321LAG35X2H,Hitachi HDS5C4040ALE630,4000787030016,0,,0,,,,,,,,0,,,,,,5931,,,,,,,,,,,,,,,,,,,,,,,,,,,,,,27,,,,,,0,,,,,,,,,,,,,,,,,,,,,,,,,,,,
2013-12-11,MK0313YHGBGJTC,Hitachi HDS723030ALA640,3000592982016,0,,0,,,,,,,,0,,,,,,21462,,,,,,,,,,,,,,,,,,,,,,,,,,,,,,33,,,,,,0,,,,,,,,,,,,,,,,,,,,,,,,,,,,
2013-12-11,MJ0351YNG9V8YA,Hitachi HDS5C3030ALA630,3000592982016,0,,0,,,,,,,,0,,,,,,9672,,,,,,,,,,,,,,,,,,,,,,,,,,,,,,29,,,,,,0,,,,,,,,,,,,,,,,,,,,,,,,,,,,
2013-12-11,MJ1311YNG2YTSA,Hitachi HDS5C3030ALA630,3000592982016,0,,0,,,,,,,,0,,,,,,18928,,,,,,,,,,,,,,,,,,,,,,,,,,,,,,30,,,,,,0,,,,,,,,,,,,,,,,,,,,,,,,,,,,
2013-12-11,S1F02AH9,ST3000DM001,3000592982016,0,,127931376,,,,,,,,0,,,,,,15225,,,,,,,,,,,,,,,,,,,,,,,,,,,,,,19,,,,,,0,,,,,,,,,,,,,,,,,,,,,,,,,,,,
2013-12-11,PK1331PAJ31K5S,HGST HDS724040ALE640,4000787030016,0,,0,,,,,,,,0,,,,,,2026,,,,,,,,,,,,,,,,,,,,,,,,,,,,,,26,,,,,,0,,,,,,,,,,,,,,,,,,,,,,,,,,,,
2013-12-11,Z300KCS1,ST4000DM000,4000787030016,0,,142140368,,,,,,,,0,,,,,,2241,,,,,,,,,,,,,,,,,,,,,,,,,,,,,,21,,,,,,0,,,,,,,,,,,,,,,,,,,,,,,,,,,,
2013-12-11,PL1321LAG35HYH,Hitachi HDS5C4040ALE630,4000787030016,0,,0,,,,,,,,0,,,,,,6648,,,,,,,,,,,,,,,,,,,,,,,,,,,,,,23,,,,,,0,,,,,,,,,,,,,,,,,,,,,,,,,,,,
2013-12-11,MJ1311YNG5UYTA,Hitachi HDS5C3030ALA630,3000592982016,0,,0,,,,,,,,0,,,,,,14574,,,,,,,,,,,,,,,,,,,,,,,,,,,,,,25,,,,,,0,,,,,,,,,,,,,,,,,,,,,,,,,,,,
2013-12-11,W1F0A107,ST3000DM001,3000592982016,0,,56577784,,,,,,,,0,,,,,,15216,,,,,,,,,,,,,,,,,,,,,,,,,,,,,,25,,,,,,0,,,,,,,,,,,,,,,,,,,,,,,,,,,,
2013-12-11,MK0333YHGPBN9C,Hitachi HDS723030ALA640,3000592982016,0,,1,,,,,,,,0,,,,,,18088,,,,,,,,,,,,,,,,,,,,,,,,,,,,,,28,,,,,,0,,,,,,,,,,,,,,,,,,,,,,,,,,,,
2013-12-11,6XW1FYY0,ST32000542AS,2000398934016,0,,200224104,,,,,,,,0,,,,,,7245,,,,,,,,,,,,,,,,,,,,,,,,,,,,,,25,,,,,,0,,,,,,,,,,,,,,,,,,,,,,,,,,,,
2013-12-11,PL1311LAG294AH,Hitachi HDS5C4040ALE630,4000787030016,0,,0,,,,,,,,0,,,,,,7415,,,,,,,,,,,,,,,,,,,,,,,,,,,,,,18,,,,,,0,,,,,,,,,,,,,,,,,,,,,,,,,,,,
2013-12-11,MK0301YHGMGUND,Hitachi HDS723030ALA640,3000592982016,0,,196609,,,,,,,,0,,,,,,16680,,,,,,,,,,,,,,,,,,,,,,,,,,,,,,26,,,,,,0,,,,,,,,,,,,,,,,,,,,,,,,,,,,
2013-12-11,Z300KERM,ST4000DM000,4000787030016,0,,152532760,,,,,,,,0,,,,,,1445,,,,,,,,,,,,,,,,,,,,,,,,,,,,,,25,,,,,,0,,,,,,,,,,,,,,,,,,,,,,,,,,,,
2013-12-11,MJ0351YNG9WDYA,Hitachi HDS5C3030ALA630,3000592982016,0,,0,,,,,,,,0,,,,,,9483,,,,,,,,,,,,,,,,,,,,,,,,,,,,,,31,,,,,,0,,,,,,,,,,,,,,,,,,,,,,,,,,,,
2013-12-11,WD-WCAU45242338,WDC WD10EADS,1000204886016,0,,7,,,,,,,,0,,,,,,40500,,,,,,,,,,,,,,,,,,,,,,,,,,,,,,27,,,,,,0,,,,,,,,,,,,,,,,,,,,,,,,,,,,
2013-12-11,WD-WCAWZ2090750,WDC WD30EZRX,3000592982016,0,,0,,,,,,,,0,,,,,,12937,,,,,,,,,,,,,,,,,,,,,,,,,,,,,,26,,,,,,0,,,,,,,,,,,,,,,,,,,,,,,,,,,,
2013-12-11,MJ0351YNG9XZ9A,Hitachi HDS5C3030ALA630,3000592982016,0,,0,,,,,,,,0,,,,,,8665,,,,,,,,,,,,,,,,,,,,,,,,,,,,,,30,,,,,,0,,,,,,,,,,,,,,,,,,,,,,,,,,,,
2013-12-11,WD-WCAU42436248,WDC WD10EACS,1000204886016,0,,0,,,,,,,,0,,,,,,42840,,,,,,,,,,,,,,,,,,,,,,,,,,,,,,17,,,,,,0,,,,,,,,,,,,,,,,,,,,,,,,,,,,
2013-12-11,JK1105B8GB6JUX,Hitachi HDS722020ALA330,2000398934016,0,,2,,,,,,,,0,,,,,,26859,,,,,,,,,,,,,,,,,,,,,,,,,,,,,,32,,,,,,0,,,,,,,,,,,,,,,,,,,,,,,,,,,,
2013-12-11,W1F0X4FC,ST3000DM001,3000592982016,0,,136587280,,,,,,,,0,,,,,,11639,,,,,,,,,,,,,,,,,,,,,,,,,,,,,,27,,,,,,0,,,,,,,,,,,,,,,,,,,,,,,,,,,,
2013-12-11,MJ0351YNG9RTHA,Hitachi HDS5C3030ALA630,3000592982016,0,,0,,,,,,,,0,,,,,,9939,,,,,,,,,,,,,,,,,,,,,,,,,,,,,,22,,,,,,0,,,,,,,,,,,,,,,,,,,,,,,,,,,,
2013-12-11,W300CD1D,ST4000DM000,4000787030016,0,,167275072,,,,,,,,0,,,,,,4289,,,,,,,,,,,,,,,,,,,,,,,,,,,,,,24,,,,,,0,,,,,,,,,,,,,,,,,,,,,,,,,,,,
2013-12-11,MJ0351YNGA6NDA,Hitachi HDS5C3030ALA630,3000592982016,0,,0,,,,,,,,0,,,,,,7689,,,,,,,,,,,,,,,,,,,,,,,,,,,,,,25,,,,,,0,,,,,,,,,,,,,,,,,,,,,,,,,,,,
2013-12-11,PL1311LAG3G2DH,Hitachi HDS5C4040ALE630,4000787030016,0,,0,,,,,,,,0,,,,,,5962,,,,,,,,,,,,,,,,,,,,,,,,,,,,,,22,,,,,,0,,,,,,,,,,,,,,,,,,,,,,,,,,,,
2013-12-11,MJ0351YNGAD36A,Hitachi HDS5C3030ALA630,3000592982016,0,,0,,,,,,,,0,,,,,,7985,,,,,,,,,,,,,,,,,,,,,,,,,,,,,,30,,,,,,0,,,,,,,,,,,,,,,,,,,,,,,,,,,,
2013-12-11,S1F022GN,ST3000DM001,3000592982016,0,,184871320,,,,,,,,448,,,,,,13362,,,,,,,,,,,,,,,,,,,,,,,,,,,,,,23,,,,,,480,,,,,,,,,,,,,,,,,,,,,,,,,,,,
2013-12-11,PL1311LAG24MKA,Hitachi HDS5C4040ALE630,4000787030016,0,,0,,,,,,,,0,,,,,,7412,,,,,,,,,,,,,,,,,,,,,,,,,,,,,,18,,,,,,0,,,,,,,,,,,,,,,,,,,,,,,,,,,,
2013-12-11,5YD88SQ7,ST1500DL003,1500301910016,1,,7408272,,,,,,,,0,,,,,,11561,,,,,,,,,,,,,,,,,,,,,,,,,,,,,,19,,,,,,0,,,,,,,,,,,,,,,,,,,,,,,,,,,,
2013-12-11,MJ1321YNG0E59A,Hitachi HDS5C3030ALA630,3000592982016,0,,10354688,,,,,,,,0,,,,,,20480,,,,,,,,,,,,,,,,,,,,,,,,,,,,,,27,,,,,,0,,,,,,,,,,,,,,,,,,,,,,,,,,,,
2013-12-11,PL1311LAG3AV4H,Hitachi HDS5C4040ALE630,4000787030016,0,,0,,,,,,,,0,,,,,,5932,,,,,,,,,,,,,,,,,,,,,,,,,,,,,,25,,,,,,0,,,,,,,,,,,,,,,,,,,,,,,,,,,,
2013-12-11,JK11A8B9J7WKVF,Hitachi HDS722020ALA330,2000398934016,0,,0,,,,,,,,0,,,,,,24624,,,,,,,,,,,,,,,,,,,,,,,,,,,,,,29,,,,,,0,,,,,,,,,,,,,,,,,,,,,,,,,,,,
2013-12-11,S1F05EFZ,ST3000DM001,3000592982016,0,,95898216,,,,,,,,0,,,,,,13796,,,,,,,,,,,,,,,,,,,,,,,,,,,,,,25,,,,,,0,,,,,,,,,,,,,,,,,,,,,,,,,,,,
2013-12-11,JK1101B9J30PKF,Hitachi HDS722020ALA330,2000398934016,0,,0,,,,,,,,0,,,,,,24213,,,,,,,,,,,,,,,,,,,,,,,,,,,,,,24,,,,,,0,,,,,,,,,,,,,,,,,,,,,,,,,,,,
2013-12-11,W1F1BRM3,ST3000DM001,3000592982016,0,,213620952,,,,,,,,0,,,,,,8024,,,,,,,,,,,,,,,,,,,,,,,,,,,,,,21,,,,,,0,,,,,,,,,,,,,,,,,,,,,,,,,,,,
2013-12-11,W300J887,ST4000DM000,4000787030016,0,,218312792,,,,,,,,0,,,,,,2239,,,,,,,,,,,,,,,,,,,,,,,,,,,,,,20,,,,,,0,,,,,,,,,,,,,,,,,,,,,,,,,,,,
2013-12-11,MK0311YHGBWY6A,Hitachi HDS723030ALA640,3000592982016,0,,0,,,,,,,,0,,,,,,21455,,,,,,,,,,,,,,,,,,,,,,,,,,,,,,28,,,,,,0,,,,,,,,,,,,,,,,,,,,,,,,,,,,
2013-12-11,5XW09SXA,ST31500541AS,1500301910016,0,,192111361,,,,,,,,0,,,,,,18502,,,,,,,,,,,,,,,,,,,,,,,,,,,,,,19,,,,,,0,,,,,,,,,,,,,,,,,,,,,,,,,,,,
2013-12-11,PL1321LAG34Y3H,Hitachi HDS5C4040ALE630,4000787030016,0,,0,,,,,,,,0,,,,,,6619,,,,,,,,,,,,,,,,,,,,,,,,,,,,,,24,,,,,,0,,,,,,,,,,,,,,,,,,,,,,,,,,,,
2013-12-11,S1F048R6,ST3000DM001,3000592982016,0,,96316720,,,,,,,,0,,,,,,16198,,,,,,,,,,,,,,,,,,,,,,,,,,,,,,23,,,,,,0,,,,,,,,,,,,,,,,,,,,,,,,,,,,
2013-12-11,MJ1323YNG1S7XC,Hitachi HDS5C3030ALA630,3000592982016,0,,0,,,,,,,,0,,,,,,20082,,,,,,,,,,,,,,,,,,,,,,,,,,,,,,33,,,,,,0,,,,,,,,,,,,,,,,,,,,,,,,,,,,
2013-12-11,MJ1313YNG20DEC,Hitachi HDS5C3030ALA630,3000592982016,0,,0,,,,,,,,0,,,,,,21797,,,,,,,,,,,,,,,,,,,,,,,,,,,,,,28,,,,,,0,,,,,,,,,,,,,,,,,,,,,,,,,,,,
2013-12-11,JK11A8B9GPHS8F,Hitachi HDS722020ALA330,2000398934016,0,,65536,,,,,,,,0,,,,,,26764,,,,,,,,,,,,,,,,,,,,,,,,,,,,,,27,,,,,,0,,,,,,,,,,,,,,,,,,,,,,,,,,,,
2013-12-11,PL1311LAG3E2BH,Hitachi HDS5C4040ALE630,4000787030016,0,,0,,,,,,,,0,,,,,,5070,,,,,,,,,,,,,,,,,,,,,,,,,,,,,,29,,,,,,0,,,,,,,,,,,,,,,,,,,,,,,,,,,,
2013-12-11,JK1105B8JS29KX,Hitachi HDS722020ALA330,2000398934016,0,,0,,,,,,,,0,,,,,,23488,,,,,,,,,,,,,,,,,,,,,,,,,,,,,,23,,,,,,0,,,,,,,,,,,,,,,,,,,,,,,,,,,,
2013-12-11,PL1321LAG358XH,Hitachi HDS5C4040ALE630,4000787030016,0,,0,,,,,,,,0,,,,,,6654,,,,,,,,,,,,,,,,,,,,,,,,,,,,,,22,,,,,,0,,,,,,,,,,,,,,,,,,,,,,,,,,,,
2013-12-11,MJ1311YNG3GWVA,Hitachi HDS5C3030ALA630,3000592982016,0,,0,,,,,,,,0,,,,,,14289,,,,,,,,,,,,,,,,,,,,,,,,,,,,,,29,,,,,,0,,,,,,,,,,,,,,,,,,,,,,,,,,,,
2013-12-11,JK1101B9KN2S5F,Hitachi HDS722020ALA330,2000398934016,0,,0,,,,,,,,0,,,,,,22954,,,,,,,,,,,,,,,,,,,,,,,,,,,,,,26,,,,,,0,,,,,,,,,,,,,,,,,,,,,,,,,,,,
2013-12-11,S1F048RL,ST3000DM001,3000592982016,0,,18466368,,,,,,,,0,,,,,,16146,,,,,,,,,,,,,,,,,,,,,,,,,,,,,,19,,,,,,0,,,,,,,,,,,,,,,,,,,,,,,,,,,,
2013-12-11,MJ1311YNG324SA,Hitachi HDS5C3030ALA630,3000592982016,0,,0,,,,,,,,0,,,,,,18592,,,,,,,,,,,,,,,,,,,,,,,,,,,,,,24,,,,,,0,,,,,,,,,,,,,,,,,,,,,,,,,,,,
2013-12-11,JK11A4B8JR5LZW,Hitachi HDS722020ALA330,2000398934016,0,,0,,,,,,,,0,,,,,,23823,,,,,,,,,,,,,,,,,,,,,,,,,,,,,,32,,,,,,0,,,,,,,,,,,,,,,,,,,,,,,,,,,,
2013-12-11,JK11A8B9GPBH4F,Hitachi HDS722020ALA330,2000398934016,0,,0,,,,,,,,0,,,,,,26764,,,,,,,,,,,,,,,,,,,,,,,,,,,,,,27,,,,,,0,,,,,,,,,,,,,,,,,,,,,,,,,,,,
2013-12-11,MJ0351YNG9XY2A,Hitachi HDS5C3030ALA630,3000592982016,0,,0,,,,,,,,0,,,,,,9525,,,,,,,,,,,,,,,,,,,,,,,,,,,,,,35,,,,,,0,,,,,,,,,,,,,,,,,,,,,,,,,,,,
2013-12-11,JK11A4B8J7RU1W,Hitachi HDS722020ALA330,2000398934016,0,,0,,,,,,,,0,,,,,,25125,,,,,,,,,,,,,,,,,,,,,,,,,,,,,,30,,,,,,0,,,,,,,,,,,,,,,,,,,,,,,,,,,,
2013-12-11,6XW0JTV2,ST31500541AS,1500301910016,0,,32602416,,,,,,,,26,,,,,,34320,,,,,,,,,,,,,,,,,,,,,,,,,,,,,,22,,,,,,0,,,,,,,,,,,,,,,,,,,,,,,,,,,,
2013-12-11,9XW0ADD3,ST32000542AS,2000398934016,0,,22863571,,,,,,,,0,,,,,,31466,,,,,,,,,,,,,,,,,,,,,,,,,,,,,,24,,,,,,0,,,,,,,,,,,,,,,,,,,,,,,,,,,,
2013-12-11,5YD8NHEJ,ST2000DL001,2000398934016,0,,83197056,,,,,,,,0,,,,,,4625,,,,,,,,,,,,,,,,,,,,,,,,,,,,,,24,,,,,,0,,,,,,,,,,,,,,,,,,,,,,,,,,,,
2013-12-11,PL1321LAGAEDXH,Hitachi HDS5C4040ALE630,4000787030016,0,,0,,,,,,,,0,,,,,,5071,,,,,,,,,,,,,,,,,,,,,,,,,,,,,,32,,,,,,0,,,,,,,,,,,,,,,,,,,,,,,,,,,,
2013-12-11,JK1101B9KNKZGF,Hitachi HDS722020ALA330,2000398934016,0,,0,,,,,,,,7,,,,,,23099,,,,,,,,,,,,,,,,,,,,,,,,,,,,,,28,,,,,,1,,,,,,,,,,,,,,,,,,,,,,,,,,,,
2013-12-11,W3009FB6,ST4000DM000,4000787030016,0,,31373080,,,,,,,,0,,,,,,2385,,,,,,,,,,,,,,,,,,,,,,,,,,,,,,25,,,,,,0,,,,,,,,,,,,,,,,,,,,,,,,,,,,
2013-12-11,JK1104B8GGGBXW,Hitachi HDS722020ALA330,2000398934016,0,,0,,,,,,,,0,,,,,,26838,,,,,,,,,,,,,,,,,,,,,,,,,,,,,,30,,,,,,0,,,,,,,,,,,,,,,,,,,,,,,,,,,,
2013-12-11,JK11A8B9G3DW3F,Hitachi HDS722020ALA330,2000398934016,0,,0,,,,,,,,0,,,,,,26763,,,,,,,,,,,,,,,,,,,,,,,,,,,,,,25,,,,,,0,,,,,,,,,,,,,,,,,,,,,,,,,,,,
2013-12-11,PL1321LAG348NH,Hitachi HDS5C4040ALE630,4000787030016,0,,0,,,,,,,,0,,,,,,5958,,,,,,,,,,,,,,,,,,,,,,,,,,,,,,25,,,,,,0,,,,,,,,,,,,,,,,,,,,,,,,,,,,
2013-12-11,PL2311LAG1TK5C,Hitachi HDS5C4040ALE630,4000787030016,0,,0,,,,,,,,0,,,,,,7757,,,,,,,,,,,,,,,,,,,,,,,,,,,,,,26,,,,,,0,,,,,,,,,,,,,,,,,,,,,,,,,,,,
2013-12-11,5XW1YS7Z,ST32000542AS,2000398934016,0,,21774299,,,,,,,,0,,,,,,15217,,,,,,,,,,,,,,,,,,,,,,,,,,,,,,23,,,,,,0,,,,,,,,,,,,,,,,,,,,,,,,,,,,
2013-12-11,9VS3JPH7,ST31500341AS,1500301910016,0,,206705173,,,,,,,,5,,,,,,32908,,,,,,,,,,,,,,,,,,,,,,,,,,,,,,23,,,,,,0,,,,,,,,,,,,,,,,,,,,,,,,,,,,
2013-12-11,9VS48S98,ST31500341AS,1500301910016,0,,104867858,,,,,,,,17,,,,,,18371,,,,,,,,,,,,,,,,,,,,,,,,,,,,,,26,,,,,,0,,,,,,,,,,,,,,,,,,,,,,,,,,,,
2013-12-11,JK11A8B9GNGRBF,Hitachi HDS722020ALA330,2000398934016,0,,0,,,,,,,,0,,,,,,26480,,,,,,,,,,,,,,,,,,,,,,,,,,,,,,27,,,,,,0,,,,,,,,,,,,,,,,,,,,,,,,,,,,
2013-12-11,W1F08J1G,ST3000DM001,3000592982016,0,,241598840,,,,,,,,0,,,,,,13357,,,,,,,,,,,,,,,,,,,,,,,,,,,,,,25,,,,,,0,,,,,,,,,,,,,,,,,,,,,,,,,,,,
2013-12-11,PL1311LAG1GPBA,Hitachi HDS5C4040ALE630,4000787030016,0,,0,,,,,,,,0,,,,,,5036,,,,,,,,,,,,,,,,,,,,,,,,,,,,,,28,,,,,,0,,,,,,,,,,,,,,,,,,,,,,,,,,,,
2013-12-11,S1F04LLS,ST3000DM001,3000592982016,0,,243263856,,,,,,,,0,,,,,,13358,,,,,,,,,,,,,,,,,,,,,,,,,,,,,,22,,,,,,0,,,,,,,,,,,,,,,,,,,,,,,,,,,,
2013-12-11,MJ0351YNG9SYEA,Hitachi HDS5C3030ALA630,3000592982016,0,,0,,,,,,,,0,,,,,,8830,,,,,,,,,,,,,,,,,,,,,,,,,,,,,,27,,,,,,0,,,,,,,,,,,,,,,,,,,,,,,,,,,,
2013-12-11,MJ0351YNG9XVUA,Hitachi HDS5C3030ALA630,3000592982016,0,,0,,,,,,,,4,,,,,,9469,,,,,,,,,,,,,,,,,,,,,,,,,,,,,,26,,,,,,3,,,,,,,,,,,,,,,,,,,,,,,,,,,,
2013-12-11,W1F08J15,ST3000DM001,3000592982016,0,,203215056,,,,,,,,0,,,,,,13360,,,,,,,,,,,,,,,,,,,,,,,,,,,,,,26,,,,,,0,,,,,,,,,,,,,,,,,,,,,,,,,,,,
2013-12-11,JK11A8B9J74KJF,Hitachi HDS722020ALA330,2000398934016,0,,0,,,,,,,,0,,,,,,22696,,,,,,,,,,,,,,,,,,,,,,,,,,,,,,24,,,,,,0,,,,,,,,,,,,,,,,,,,,,,,,,,,,
2013-12-11,MJ1311YNG68YNA,Hitachi HDS5C3030ALA630,3000592982016,0,,0,,,,,,,,0,,,,,,14601,,,,,,,,,,,,,,,,,,,,,,,,,,,,,,23,,,,,,0,,,,,,,,,,,,,,,,,,,,,,,,,,,,
2013-12-11,JK11A8B9J2UBBF,Hitachi HDS722020ALA330,2000398934016,0,,0,,,,,,,,0,,,,,,22414,,,,,,,,,,,,,,,,,,,,,,,,,,,,,,27,,,,,,0,,,,,,,,,,,,,,,,,,,,,,,,,,,,
2013-12-11,6XW038X6,ST31500541AS,1500301910016,0,,39383290,,,,,,,,0,,,,,,36646,,,,,,,,,,,,,,,,,,,,,,,,,,,,,,19,,,,,,0,,,,,,,,,,,,,,,,,,,,,,,,,,,,
2013-12-11,JK11A8B9J34A8F,Hitachi HDS722020ALA330,2000398934016,0,,0,,,,,,,,0,,,,,,23991,,,,,,,,,,,,,,,,,,,,,,,,,,,,,,29,,,,,,0,,,,,,,,,,,,,,,,,,,,,,,,,,,,
2013-12-11,S1F049HC,ST3000DM001,3000592982016,0,,119788920,,,,,,,,0,,,,,,15620,,,,,,,,,,,,,,,,,,,,,,,,,,,,,,25,,,,,,0,,,,,,,,,,,,,,,,,,,,,,,,,,,,
2013-12-11,WD-WCAU45460564,WDC WD10EADS,1000204886016,0,,16,,,,,,,,0,,,,,,41303,,,,,,,,,,,,,,,,,,,,,,,,,,,,,,26,,,,,,0,,,,,,,,,,,,,,,,,,,,,,,,,,,,
2013-12-11,JK1101B9KMV66F,Hitachi HDS722020ALA330,2000398934016,0,,0,,,,,,,,0,,,,,,23097,,,,,,,,,,,,,,,,,,,,,,,,,,,,,,31,,,,,,0,,,,,,,,,,,,,,,,,,,,,,,,,,,,
2013-12-11,PL1311LAG1RWPA,Hitachi HDS5C4040ALE630,4000787030016,0,,0,,,,,,,,0,,,,,,7759,,,,,,,,,,,,,,,,,,,,,,,,,,,,,,21,,,,,,0,,,,,,,,,,,,,,,,,,,,,,,,,,,,
2013-12-11,MK0313YHGD56EC,Hitachi HDS723030ALA640,3000592982016,0,,0,,,,,,,,0,,,,,,21462,,,,,,,,,,,,,,,,,,,,,,,,,,,,,,33,,,,,,0,,,,,,,,,,,,,,,,,,,,,,,,,,,,
2013-12-11,Z300TJ6Y,ST4000DM000,4000787030016,0,,31066968,,,,,,,,0,,,,,,815,,,,,,,,,,,,,,,,,,,,,,,,,,,,,,18,,,,,,0,,,,,,,,,,,,,,,,,,,,,,,,,,,,
2013-12-11,Z300VMT0,ST4000DM000,4000787030016,0,,155130320,,,,,,,,0,,,,,,109,,,,,,,,,,,,,,,,,,,,,,,,,,,,,,22,,,,,,0,,,,,,,,,,,,,,,,,,,,,,,,,,,,
2013-12-11,S1F04WME,ST3000DM001,3000592982016,0,,188851592,,,,,,,,0,,,,,,16176,,,,,,,,,,,,,,,,,,,,,,,,,,,,,,25,,,,,,0,,,,,,,,,,,,,,,,,,,,,,,,,,,,
2013-12-11,JK1101YAK9093V,Hitachi HDS722020ALA330,2000398934016,0,,65536,,,,,,,,0,,,,,,29654,,,,,,,,,,,,,,,,,,,,,,,,,,,,,,25,,,,,,0,,,,,,,,,,,,,,,,,,,,,,,,,,,,
2013-12-11,PL1321LAGAR75H,Hitachi HDS5C4040ALE630,4000787030016,0,,0,,,,,,,,0,,,,,,5049,,,,,,,,,,,,,,,,,,,,,,,,,,,,,,31,,,,,,0,,,,,,,,,,,,,,,,,,,,,,,,,,,,
2013-12-11,PL1321LAG349PH,Hitachi HDS5C4040ALE630,4000787030016,0,,0,,,,,,,,0,,,,,,6654,,,,,,,,,,,,,,,,,,,,,,,,,,,,,,19,,,,,,0,,,,,,,,,,,,,,,,,,,,,,,,,,,,
2013-12-11,5YD8CF5Z,ST1500DL003,1500301910016,0,,7486384,,,,,,,,0,,,,,,11935,,,,,,,,,,,,,,,,,,,,,,,,,,,,,,21,,,,,,0,,,,,,,,,,,,,,,,,,,,,,,,,,,,
2013-12-11,MJ0351YNG9Z5BA,Hitachi HDS5C3030ALA630,3000592982016,0,,0,,,,,,,,0,,,,,,9974,,,,,,,,,,,,,,,,,,,,,,,,,,,,,,27,,,,,,0,,,,,,,,,,,,,,,,,,,,,,,,,,,,
2013-12-11,W1F0SJ9G,ST3000DM001,3000592982016,0,,97317880,,,,,,,,0,,,,,,11024,,,,,,,,,,,,,,,,,,,,,,,,,,,,,,25,,,,,,0,,,,,,,,,,,,,,,,,,,,,,,,,,,,
2013-12-11,W300ADHG,ST4000DM000,4000787030016,0,,217194104,,,,,,,,0,,,,,,4154,,,,,,,,,,,,,,,,,,,,,,,,,,,,,,21,,,,,,0,,,,,,,,,,,,,,,,,,,,,,,,,,,,
2013-12-11,S1F01HGH,ST3000DM001,3000592982016,0,,236571672,,,,,,,,0,,,,,,15400,,,,,,,,,,,,,,,,,,,,,,,,,,,,,,19,,,,,,0,,,,,,,,,,,,,,,,,,,,,,,,,,,,
2013-12-11,W300E1LE,ST4000DM000,4000787030016,0,,99543128,,,,,,,,0,,,,,,4140,,,,,,,,,,,,,,,,,,,,,,,,,,,,,,25,,,,,,0,,,,,,,,,,,,,,,,,,,,,,,,,,,,
2013-12-11,W3004W9D,ST4000DM000,4000787030016,0,,166103768,,,,,,,,0,,,,,,2873,,,,,,,,,,,,,,,,,,,,,,,,,,,,,,21,,,,,,0,,,,,,,,,,,,,,,,,,,,,,,,,,,,
2013-12-11,MJ0351YNG9WB0A,Hitachi HDS5C3030ALA630,3000592982016,0,,0,,,,,,,,0,,,,,,9974,,,,,,,,,,,,,,,,,,,,,,,,,,,,,,25,,,,,,0,,,,,,,,,,,,,,,,,,,,,,,,,,,,
2013-12-11,JK11A8B9JPJ1GF,Hitachi HDS722020ALA330,2000398934016,0,,0,,,,,,,,0,,,,,,24112,,,,,,,,,,,,,,,,,,,,,,,,,,,,,,29,,,,,,0,,,,,,,,,,,,,,,,,,,,,,,,,,,,
2013-12-11,MK0303YHGNAEVC,Hitachi HDS723030ALA640,3000592982016,0,,0,,,,,,,,0,,,,,,16801,,,,,,,,,,,,,,,,,,,,,,,,,,,,,,29,,,,,,0,,,,,,,,,,,,,,,,,,,,,,,,,,,,
2013-12-11,Z300VMTS,ST4000DM000,4000787030016,0,,178015104,,,,,,,,0,,,,,,923,,,,,,,,,,,,,,,,,,,,,,,,,,,,,,23,,,,,,0,,,,,,,,,,,,,,,,,,,,,,,,,,,,
2013-12-11,MJ1323YNG1EK0C,Hitachi HDS5C3030ALA630,3000592982016,0,,0,,,,,,,,0,,,,,,19762,,,,,,,,,,,,,,,,,,,,,,,,,,,,,,28,,,,,,0,,,,,,,,,,,,,,,,,,,,,,,,,,,,
2013-12-11,Z300VMTC,ST4000DM000,4000787030016,0,,6172272,,,,,,,,0,,,,,,886,,,,,,,,,,,,,,,,,,,,,,,,,,,,,,24,,,,,,0,,,,,,,,,,,,,,,,,,,,,,,,,,,,
2013-12-11,MJ1321YNG0KEYA,Hitachi HDS5C3030ALA630,3000592982016,0,,0,,,,,,,,0,,,,,,20512,,,,,,,,,,,,,,,,,,,,,,,,,,,,,,24,,,,,,0,,,,,,,,,,,,,,,,,,,,,,,,,,,,
2013-12-11,Z262A2AAS,TOSHIBA DT01ACA300,3000592982016,0,,0,,,,,,,,0,,,,,,6615,,,,,,,,,,,,,,,,,,,,,,,,,,,,,,24,,,,,,0,,,,,,,,,,,,,,,,,,,,,,,,,,,,
2013-12-11,JK1101B9KNLPUF,Hitachi HDS722020ALA330,2000398934016,0,,0,,,,,,,,0,,,,,,23097,,,,,,,,,,,,,,,,,,,,,,,,,,,,,,30,,,,,,0,,,,,,,,,,,,,,,,,,,,,,,,,,,,
2013-12-11,W1F0KCZ4,ST3000DM001,3000592982016,0,,36348752,,,,,,,,0,,,,,,12174,,,,,,,,,,,,,,,,,,,,,,,,,,,,,,32,,,,,,0,,,,,,,,,,,,,,,,,,,,,,,,,,,,
2013-12-11,W1F0KCZ0,ST3000DM001,3000592982016,0,,119291576,,,,,,,,0,,,,,,12172,,,,,,,,,,,,,,,,,,,,,,,,,,,,,,24,,,,,,0,,,,,,,,,,,,,,,,,,,,,,,,,,,,
2013-12-11,S1F0B8JK,ST3000DM001,3000592982016,0,,12406424,,,,,,,,0,,,,,,12419,,,,,,,,,,,,,,,,,,,,,,,,,,,,,,35,,,,,,0,,,,,,,,,,,,,,,,,,,,,,,,,,,,
2013-12-11,S1F06JFT,ST3000DM001,3000592982016,0,,36577280,,,,,,,,1264,,,,,,14213,,,,,,,,,,,,,,,,,,,,,,,,,,,,,,21,,,,,,40,,,,,,,,,,,,,,,,,,,,,,,,,,,,
2013-12-11,MJ1311YNG5YYJA,Hitachi HDS5C3030ALA630,3000592982016,0,,0,,,,,,,,0,,,,,,14290,,,,,,,,,,,,,,,,,,,,,,,,,,,,,,28,,,,,,0,,,,,,,,,,,,,,,,,,,,,,,,,,,,
2013-12-11,9VS2A08J,ST31500341AS,1500301910016,0,,174266137,,,,,,,,5,,,,,,38664,,,,,,,,,,,,,,,,,,,,,,,,,,,,,,20,,,,,,0,,,,,,,,,,,,,,,,,,,,,,,,,,,,
2013-12-11,W300BR20,ST4000DM000,4000787030016,0,,205029840,,,,,,,,0,,,,,,3588,,,,,,,,,,,,,,,,,,,,,,,,,,,,,,24,,,,,,0,,,,,,,,,,,,,,,,,,,,,,,,,,,,
2013-12-11,MJ1323YNG1JL0C,Hitachi HDS5C3030ALA630,3000592982016,0,,0,,,,,,,,0,,,,,,19767,,,,,,,,,,,,,,,,,,,,,,,,,,,,,,24,,,,,,0,,,,,,,,,,,,,,,,,,,,,,,,,,,,
2013-12-11,JK11A8B9J8W68F,Hitachi HDS722020ALA330,2000398934016,0,,65536,,,,,,,,0,,,,,,24468,,,,,,,,,,,,,,,,,,,,,,,,,,,,,,28,,,,,,0,,,,,,,,,,,,,,,,,,,,,,,,,,,,
2013-12-11,JK11A8B9J3NH0F,Hitachi HDS722020ALA330,2000398934016,0,,0,,,,,,,,0,,,,,,24914,,,,,,,,,,,,,,,,,,,,,,,,,,,,,,30,,,,,,0,,,,,,,,,,,,,,,,,,,,,,,,,,,,
2013-12-11,MK0333YHGNWRBC,Hitachi HDS723030ALA640,3000592982016,0,,917563,,,,,,,,1,,,,,,17762,,,,,,,,,,,,,,,,,,,,,,,,,,,,,,25,,,,,,0,,,,,,,,,,,,,,,,,,,,,,,,,,,,
2013-12-11,W300E0JE,ST4000DM000,4000787030016,0,,167460224,,,,,,,,0,,,,,,3238,,,,,,,,,,,,,,,,,,,,,,,,,,,,,,21,,,,,,0,,,,,,,,,,,,,,,,,,,,,,,,,,,,
2013-12-11,Z290J4ZM,ST33000651AS,3000592982016,0,,243944993,,,,,,,,0,,,,,,17739,,,,,,,,,,,,,,,,,,,,,,,,,,,,,,26,,,,,,0,,,,,,,,,,,,,,,,,,,,,,,,,,,,
2013-12-11,MJ1321YNG0PREA,Hitachi HDS5C3030ALA630,3000592982016,0,,0,,,,,,,,0,,,,,,20733,,,,,,,,,,,,,,,,,,,,,,,,,,,,,,26,,,,,,0,,,,,,,,,,,,,,,,,,,,,,,,,,,,
2013-12-11,MK0311YHGKLELA,Hitachi HDS723030ALA640,3000592982016,0,,5,,,,,,,,4,,,,,,21455,,,,,,,,,,,,,,,,,,,,,,,,,,,,,,23,,,,,,34,,,,,,,,,,,,,,,,,,,,,,,,,,,,
2013-12-11,W1F0QVW8,ST3000DM001,3000592982016,0,,197887624,,,,,,,,0,,,,,,12423,,,,,,,,,,,,,,,,,,,,,,,,,,,,,,27,,,,,,0,,,,,,,,,,,,,,,,,,,,,,,,,,,,
2013-12-11,MJ0351YNG9YT0A,Hitachi HDS5C3030ALA630,3000592982016,0,,65536,,,,,,,,0,,,,,,8603,,,,,,,,,,,,,,,,,,,,,,,,,,,,,,31,,,,,,0,,,,,,,,,,,,,,,,,,,,,,,,,,,,
2013-12-11,6XW0393T,ST31500541AS,1500301910016,0,,4699336,,,,,,,,0,,,,,,34757,,,,,,,,,,,,,,,,,,,,,,,,,,,,,,18,,,,,,0,,,,,,,,,,,,,,,,,,,,,,,,,,,,
2013-12-11,5XW0T5H8,ST31500541AS,1500301910016,0,,24346639,,,,,,,,0,,,,,,10554,,,,,,,,,,,,,,,,,,,,,,,,,,,,,,22,,,,,,0,,,,,,,,,,,,,,,,,,,,,,,,,,,,
2013-12-11,6XW15RJ9,ST32000542AS,2000398934016,0,,53471011,,,,,,,,0,,,,,,31707,,,,,,,,,,,,,,,,,,,,,,,,,,,,,,24,,,,,,0,,,,,,,,,,,,,,,,,,,,,,,,,,,,
2013-12-11,W300CAQB,ST4000DM000,4000787030016,0,,16598616,,,,,,,,0,,,,,,2224,,,,,,,,,,,,,,,,,,,,,,,,,,,,,,22,,,,,,0,,,,,,,,,,,,,,,,,,,,,,,,,,,,
2013-12-11,JK1101B9JP3D2F,Hitachi HDS722020ALA330,2000398934016,0,,0,,,,,,,,0,,,,,,23586,,,,,,,,,,,,,,,,,,,,,,,,,,,,,,28,,,,,,0,,,,,,,,,,,,,,,,,,,,,,,,,,,,
2013-12-11,JK11A8B9J951RF,Hitachi HDS722020ALA330,2000398934016,0,,0,,,,,,,,0,,,,,,26004,,,,,,,,,,,,,,,,,,,,,,,,,,,,,,24,,,,,,0,,,,,,,,,,,,,,,,,,,,,,,,,,,,
2013-12-11,W1F0M4C6,ST3000DM001,3000592982016,0,,82697176,,,,,,,,0,,,,,,12246,,,,,,,,,,,,,,,,,,,,,,,,,,,,,,24,,,,,,0,,,,,,,,,,,,,,,,,,,,,,,,,,,,
2013-12-11,JK1105B8GDVG3X,Hitachi HDS722020ALA330,2000398934016,0,,0,,,,,,,,0,,,,,,27221,,,,,,,,,,,,,,,,,,,,,,,,,,,,,,30,,,,,,0,,,,,,,,,,,,,,,,,,,,,,,,,,,,
2013-12-11,S1F0T2CM,ST3000DM001,3000592982016,0,,161638360,,,,,,,,0,,,,,,10719,,,,,,,,,,,,,,,,,,,,,,,,,,,,,,20,,,,,,0,,,,,,,,,,,,,,,,,,,,,,,,,,,,
2013-12-11,W1F095X7,ST3000DM001,3000592982016,0,,46073576,,,,,,,,0,,,,,,13359,,,,,,,,,,,,,,,,,,,,,,,,,,,,,,25,,,,,,0,,,,,,,,,,,,,,,,,,,,,,,,,,,,
2013-12-11,MK0313YHGNAMBC,Hitachi HDS723030ALA640,3000592982016,0,,0,,,,,,,,0,,,,,,17012,,,,,,,,,,,,,,,,,,,,,,,,,,,,,,31,,,,,,0,,,,,,,,,,,,,,,,,,,,,,,,,,,,
2013-12-11,W300CEVE,ST4000DM000,4000787030016,0,,143369848,,,,,,,,0,,,,,,778,,,,,,,,,,,,,,,,,,,,,,,,,,,,,,24,,,,,,0,,,,,,,,,,,,,,,,,,,,,,,,,,,,
2013-12-11,Z300WFNP,ST4000DM000,4000787030016,0,,20367024,,,,,,,,0,,,,,,815,,,,,,,,,,,,,,,,,,,,,,,,,,,,,,20,,,,,,0,,,,,,,,,,,,,,,,,,,,,,,,,,,,
2013-12-11,W300KF9G,ST4000DM000,4000787030016,0,,175833416,,,,,,,,0,,,,,,885,,,,,,,,,,,,,,,,,,,,,,,,,,,,,,21,,,,,,0,,,,,,,,,,,,,,,,,,,,,,,,,,,,
2013-12-11,JK11A8B9J84P9F,Hitachi HDS722020ALA330,2000398934016,0,,0,,,,,,,,0,,,,,,25125,,,,,,,,,,,,,,,,,,,,,,,,,,,,,,32,,,,,,0,,,,,,,,,,,,,,,,,,,,,,,,,,,,
2013-12-11,6XW1LMD0,ST31500541AS,1500301910016,0,,62926185,,,,,,,,0,,,,,,12624,,,,,,,,,,,,,,,,,,,,,,,,,,,,,,21,,,,,,0,,,,,,,,,,,,,,,,,,,,,,,,,,,,
2013-12-11,JK1101B8KNDT7S,Hitachi HDS722020ALA330,2000398934016,0,,0,,,,,,,,0,,,,,,22862,,,,,,,,,,,,,,,,,,,,,,,,,,,,,,29,,,,,,0,,,,,,,,,,,,,,,,,,,,,,,,,,,,
2013-12-11,W300BBYD,ST4000DM000,4000787030016,0,,22862832,,,,,,,,0,,,,,,3604,,,,,,,,,,,,,,,,,,,,,,,,,,,,,,23,,,,,,0,,,,,,,,,,,,,,,,,,,,,,,,,,,,
2013-12-11,MJ0351YNG9UWBA,Hitachi HDS5C3030ALA630,3000592982016,0,,0,,,,,,,,0,,,,,,9483,,,,,,,,,,,,,,,,,,,,,,,,,,,,,,27,,,,,,0,,,,,,,,,,,,,,,,,,,,,,,,,,,,
2013-12-11,9VS3HS67,ST31500341AS,1500301910016,0,,27598507,,,,,,,,7,,,,,,31840,,,,,,,,,,,,,,,,,,,,,,,,,,,,,,22,,,,,,0,,,,,,,,,,,,,,,,,,,,,,,,,,,,
2013-12-11,MJ0351YNG9UHBA,Hitachi HDS5C3030ALA630,3000592982016,0,,0,,,,,,,,0,,,,,,7611,,,,,,,,,,,,,,,,,,,,,,,,,,,,,,24,,,,,,0,,,,,,,,,,,,,,,,,,,,,,,,,,,,
2013-12-11,W300B6FF,ST4000DM000,4000787030016,0,,239943512,,,,,,,,0,,,,,,3587,,,,,,,,,,,,,,,,,,,,,,,,,,,,,,20,,,,,,0,,,,,,,,,,,,,,,,,,,,,,,,,,,,
2013-12-11,S1F0S4WV,ST3000DM001,3000592982016,0,,69686960,,,,,,,,0,,,,,,10742,,,,,,,,,,,,,,,,,,,,,,,,,,,,,,28,,,,,,0,,,,,,,,,,,,,,,,,,,,,,,,,,,,
2013-12-11,JK11A8B9J0LMKF,Hitachi HDS722020ALA330,2000398934016,0,,0,,,,,,,,1,,,,,,26329,,,,,,,,,,,,,,,,,,,,,,,,,,,,,,23,,,,,,0,,,,,,,,,,,,,,,,,,,,,,,,,,,,
2013-12-11,JK1100YBJK8LLD,Hitachi HDS722020ALA330,2000398934016,0,,0,,,,,,,,0,,,,,,30253,,,,,,,,,,,,,,,,,,,,,,,,,,,,,,27,,,,,,0,,,,,,,,,,,,,,,,,,,,,,,,,,,,
2013-12-11,JK1170YAJDADJT,Hitachi HDS722020ALA330,2000398934016,0,,0,,,,,,,,0,,,,,,28154,,,,,,,,,,,,,,,,,,,,,,,,,,,,,,24,,,,,,0,,,,,,,,,,,,,,,,,,,,,,,,,,,,
2013-12-11,W300B6F3,ST4000DM000,4000787030016,0,,36448824,,,,,,,,0,,,,,,3586,,,,,,,,,,,,,,,,,,,,,,,,,,,,,,23,,,,,,0,,,,,,,,,,,,,,,,,,,,,,,,,,,,
2013-12-11,W300J41N,ST4000DM000,4000787030016,0,,225998600,,,,,,,,0,,,,,,815,,,,,,,,,,,,,,,,,,,,,,,,,,,,,,22,,,,,,0,,,,,,,,,,,,,,,,,,,,,,,,,,,,
2013-12-11,JK11A1YAJH56WV,Hitachi HDS722020ALA330,2000398934016,0,,65538,,,,,,,,0,,,,,,28972,,,,,,,,,,,,,,,,,,,,,,,,,,,,,,27,,,,,,0,,,,,,,,,,,,,,,,,,,,,,,,,,,,
2013-12-11,MK0311YHGK0ETA,Hitachi HDS723030ALA640,3000592982016,0,,0,,,,,,,,0,,,,,,16734,,,,,,,,,,,,,,,,,,,,,,,,,,,,,,30,,,,,,0,,,,,,,,,,,,,,,,,,,,,,,,,,,,
2013-12-11,MJ1311YNG36DYA,Hitachi HDS5C3030ALA630,3000592982016,0,,0,,,,,,,,0,,,,,,19325,,,,,,,,,,,,,,,,,,,,,,,,,,,,,,25,,,,,,0,,,,,,,,,,,,,,,,,,,,,,,,,,,,
2013-12-11,S1F0S4W5,ST3000DM001,3000592982016,0,,196785464,,,,,,,,0,,,,,,10719,,,,,,,,,,,,,,,,,,,,,,,,,,,,,,27,,,,,,0,,,,,,,,,,,,,,,,,,,,,,,,,,,,
2013-12-11,PL1311LAG383TH,Hitachi HDS5C4040ALE630,4000787030016,0,,0,,,,,,,,0,,,,,,5949,,,,,,,,,,,,,,,,,,,,,,,,,,,,,,23,,,,,,0,,,,,,,,,,,,,,,,,,,,,,,,,,,,
2013-12-11,JK11A1YAJHEH7V,Hitachi HDS722020ALA330,2000398934016,0,,0,,,,,,,,0,,,,,,28971,,,,,,,,,,,,,,,,,,,,,,,,,,,,,,32,,,,,,0,,,,,,,,,,,,,,,,,,,,,,,,,,,,
2013-12-11,MJ1321YNG1799A,Hitachi HDS5C3030ALA630,3000592982016,0,,0,,,,,,,,0,,,,,,19372,,,,,,,,,,,,,,,,,,,,,,,,,,,,,,26,,,,,,0,,,,,,,,,,,,,,,,,,,,,,,,,,,,
2013-12-11,S1F06TP8,ST3000DM001,3000592982016,0,,90792784,,,,,,,,0,,,,,,13820,,,,,,,,,,,,,,,,,,,,,,,,,,,,,,20,,,,,,0,,,,,,,,,,,,,,,,,,,,,,,,,,,,
2013-12-11,Z1F0LGAD,ST3000DM001,3000592982016,0,,176691832,,,,,,,,0,,,,,,12180,,,,,,,,,,,,,,,,,,,,,,,,,,,,,,33,,,,,,104,,,,,,,,,,,,,,,,,,,,,,,,,,,,
2013-12-11,MJ0351YNGA8YWA,Hitachi HDS5C3030ALA630,3000592982016,0,,0,,,,,,,,210,,,,,,8214,,,,,,,,,,,,,,,,,,,,,,,,,,,,,,26,,,,,,0,,,,,,,,,,,,,,,,,,,,,,,,,,,,
2013-12-11,JK1101B9JPJ4NF,Hitachi HDS722020ALA330,2000398934016,0,,917547,,,,,,,,78,,,,,,24398,,,,,,,,,,,,,,,,,,,,,,,,,,,,,,31,,,,,,0,,,,,,,,,,,,,,,,,,,,,,,,,,,,
2013-12-11,Z290LN2S,ST33000651AS,3000592982016,0,,207062957,,,,,,,,0,,,,,,18073,,,,,,,,,,,,,,,,,,,,,,,,,,,,,,25,,,,,,0,,,,,,,,,,,,,,,,,,,,,,,,,,,,
2013-12-11,PL1311LAG1YVZA,Hitachi HDS5C4040ALE630,4000787030016,0,,0,,,,,,,,0,,,,,,7402,,,,,,,,,,,,,,,,,,,,,,,,,,,,,,27,,,,,,0,,,,,,,,,,,,,,,,,,,,,,,,,,,,
2013-12-11,JK11A8B9J39SNF,Hitachi HDS722020ALA330,2000398934016,0,,0,,,,,,,,0,,,,,,23829,,,,,,,,,,,,,,,,,,,,,,,,,,,,,,24,,,,,,0,,,,,,,,,,,,,,,,,,,,,,,,,,,,
2013-12-11,W1F09X0H,ST3000DM001,3000592982016,0,,205082312,,,,,,,,0,,,,,,14733,,,,,,,,,,,,,,,,,,,,,,,,,,,,,,26,,,,,,0,,,,,,,,,,,,,,,,,,,,,,,,,,,,
2013-12-11,W1F0SRNZ,ST3000DM001,3000592982016,0,,2689192,,,,,,,,0,,,,,,11751,,,,,,,,,,,,,,,,,,,,,,,,,,,,,,26,,,,,,0,,,,,,,,,,,,,,,,,,,,,,,,,,,,
2013-12-11,S1F10D7L,ST3000DM001,3000592982016,0,,213900448,,,,,,,,0,,,,,,8178,,,,,,,,,,,,,,,,,,,,,,,,,,,,,,26,,,,,,0,,,,,,,,,,,,,,,,,,,,,,,,,,,,
2013-12-11,MK0331YHGJVU5A,Hitachi HDS723030ALA640,3000592982016,0,,0,,,,,,,,0,,,,,,16660,,,,,,,,,,,,,,,,,,,,,,,,,,,,,,23,,,,,,0,,,,,,,,,,,,,,,,,,,,,,,,,,,,
2013-12-11,MJ0351YNGA8ZDA,Hitachi HDS5C3030ALA630,3000592982016,0,,0,,,,,,,,0,,,,,,8618,,,,,,,,,,,,,,,,,,,,,,,,,,,,,,28,,,,,,0,,,,,,,,,,,,,,,,,,,,,,,,,,,,
2013-12-11,MJ0351YNG9WGGA,Hitachi HDS5C3030ALA630,3000592982016,0,,0,,,,,,,,0,,,,,,9524,,,,,,,,,,,,,,,,,,,,,,,,,,,,,,34,,,,,,0,,,,,,,,,,,,,,,,,,,,,,,,,,,,
2013-12-11,6XW02DLJ,ST31500541AS,1500301910016,0,,114242160,,,,,,,,0,,,,,,36067,,,,,,,,,,,,,,,,,,,,,,,,,,,,,,23,,,,,,0,,,,,,,,,,,,,,,,,,,,,,,,,,,,
2013-12-11,6XW036HE,ST31500541AS,1500301910016,0,,141457362,,,,,,,,22,,,,,,34742,,,,,,,,,,,,,,,,,,,,,,,,,,,,,,21,,,,,,0,,,,,,,,,,,,,,,,,,,,,,,,,,,,
2013-12-11,MJ0351YNGA6E5A,Hitachi HDS5C3030ALA630,3000592982016,0,,0,,,,,,,,0,,,,,,9146,,,,,,,,,,,,,,,,,,,,,,,,,,,,,,30,,,,,,0,,,,,,,,,,,,,,,,,,,,,,,,,,,,
2013-12-11,Z300WWS7,ST4000DM000,4000787030016,0,,50496160,,,,,,,,0,,,,,,945,,,,,,,,,,,,,,,,,,,,,,,,,,,,,,24,,,,,,0,,,,,,,,,,,,,,,,,,,,,,,,,,,,
2013-12-11,WD-WCAWZ0488650,WDC WD30EZRX,3000592982016,0,,0,,,,,,,,0,,,,,,16986,,,,,,,,,,,,,,,,,,,,,,,,,,,,,,23,,,,,,0,,,,,,,,,,,,,,,,,,,,,,,,,,,,
2013-12-11,9VS21QCP,ST31500341AS,1500301910016,0,,114190145,,,,,,,,16,,,,,,35524,,,,,,,,,,,,,,,,,,,,,,,,,,,,,,31,,,,,,0,,,,,,,,,,,,,,,,,,,,,,,,,,,,
2013-12-11,WD-WMC1T1203712,WDC WD30EFRX,3000592982016,0,,0,,,,,,,,0,,,,,,7392,,,,,,,,,,,,,,,,,,,,,,,,,,,,,,22,,,,,,0,,,,,,,,,,,,,,,,,,,,,,,,,,,,
2013-12-11,JK11A8B9JP4T3R,Hitachi HDS722020ALA330,2000398934016,0,,0,,,,,,,,0,,,,,,23719,,,,,,,,,,,,,,,,,,,,,,,,,,,,,,26,,,,,,0,,,,,,,,,,,,,,,,,,,,,,,,,,,,
2013-12-11,Z300KJH4,ST4000DM000,4000787030016,0,,164667704,,,,,,,,0,,,,,,152,,,,,,,,,,,,,,,,,,,,,,,,,,,,,,22,,,,,,0,,,,,,,,,,,,,,,,,,,,,,,,,,,,
2013-12-11,S1F02H39,ST3000DM001,3000592982016,0,,175653296,,,,,,,,0,,,,,,14718,,,,,,,,,,,,,,,,,,,,,,,,,,,,,,27,,,,,,0,,,,,,,,,,,,,,,,,,,,,,,,,,,,
2013-12-11,PL1311LAG2058A,Hitachi HDS5C4040ALE630,4000787030016,0,,0,,,,,,,,0,,,,,,6993,,,,,,,,,,,,,,,,,,,,,,,,,,,,,,24,,,,,,0,,,,,,,,,,,,,,,,,,,,,,,,,,,,
2013-12-11,JK1100YAHARNNT,Hitachi HDS722020ALA330,2000398934016,0,,0,,,,,,,,0,,,,,,21167,,,,,,,,,,,,,,,,,,,,,,,,,,,,,,34,,,,,,0,,,,,,,,,,,,,,,,,,,,,,,,,,,,
2013-12-11,Z300PLE6,ST4000DM000,4000787030016,0,,167953808,,,,,,,,0,,,,,,1229,,,,,,,,,,,,,,,,,,,,,,,,,,,,,,20,,,,,,0,,,,,,,,,,,,,,,,,,,,,,,,,,,,
2013-12-11,MK0333YHGPHU6C,Hitachi HDS723030ALA640,3000592982016,0,,0,,,,,,,,0,,,,,,17356,,,,,,,,,,,,,,,,,,,,,,,,,,,,,,22,,,,,,0,,,,,,,,,,,,,,,,,,,,,,,,,,,,
2013-12-11,W300HQ27,ST4000DM000,4000787030016,0,,195162360,,,,,,,,0,,,,,,1703,,,,,,,,,,,,,,,,,,,,,,,,,,,,,,21,,,,,,0,,,,,,,,,,,,,,,,,,,,,,,,,,,,
2013-12-11,PL1311LAG38NBH,Hitachi HDS5C4040ALE630,4000787030016,0,,0,,,,,,,,0,,,,,,6637,,,,,,,,,,,,,,,,,,,,,,,,,,,,,,26,,,,,,0,,,,,,,,,,,,,,,,,,,,,,,,,,,,
2013-12-11,Z300DLPY,ST4000DM000,4000787030016,0,,118355304,,,,,,,,0,,,,,,2857,,,,,,,,,,,,,,,,,,,,,,,,,,,,,,23,,,,,,0,,,,,,,,,,,,,,,,,,,,,,,,,,,,
2013-12-11,Z300DLPX,ST4000DM000,4000787030016,0,,139736,,,,,,,,0,,,,,,2262,,,,,,,,,,,,,,,,,,,,,,,,,,,,,,22,,,,,,0,,,,,,,,,,,,,,,,,,,,,,,,,,,,
2013-12-11,MJ1311YNG7867A,Hitachi HDS5C3030ALA630,3000592982016,0,,0,,,,,,,,0,,,,,,14310,,,,,,,,,,,,,,,,,,,,,,,,,,,,,,27,,,,,,0,,,,,,,,,,,,,,,,,,,,,,,,,,,,
2013-12-11,MK0331YHGD6DZA,Hitachi HDS723030ALA640,3000592982016,0,,0,,,,,,,,0,,,,,,14731,,,,,,,,,,,,,,,,,,,,,,,,,,,,,,30,,,,,,0,,,,,,,,,,,,,,,,,,,,,,,,,,,,
2013-12-11,JK11A8YBKYU90F,Hitachi HDS722020ALA330,2000398934016,0,,0,,,,,,,,0,,,,,,27845,,,,,,,,,,,,,,,,,,,,,,,,,,,,,,28,,,,,,0,,,,,,,,,,,,,,,,,,,,,,,,,,,,
2013-12-11,MJ1321YNG14RAA,Hitachi HDS5C3030ALA630,3000592982016,0,,0,,,,,,,,0,,,,,,20733,,,,,,,,,,,,,,,,,,,,,,,,,,,,,,24,,,,,,0,,,,,,,,,,,,,,,,,,,,,,,,,,,,
2013-12-11,JK11A8B9J72BJF,Hitachi HDS722020ALA330,2000398934016,0,,0,,,,,,,,0,,,,,,26010,,,,,,,,,,,,,,,,,,,,,,,,,,,,,,27,,,,,,0,,,,,,,,,,,,,,,,,,,,,,,,,,,,
2013-12-11,6XW049YA,ST31500541AS,1500301910016,0,,85956656,,,,,,,,0,,,,,,36441,,,,,,,,,,,,,,,,,,,,,,,,,,,,,,19,,,,,,0,,,,,,,,,,,,,,,,,,,,,,,,,,,,
2013-12-11,W1F0VL6W,ST3000DM001,3000592982016,0,,135076200,,,,,,,,0,,,,,,11639,,,,,,,,,,,,,,,,,,,,,,,,,,,,,,24,,,,,,0,,,,,,,,,,,,,,,,,,,,,,,,,,,,
2013-12-11,MJ1321YNG17SDA,Hitachi HDS5C3030ALA630,3000592982016,0,,0,,,,,,,,0,,,,,,20729,,,,,,,,,,,,,,,,,,,,,,,,,,,,,,32,,,,,,0,,,,,,,,,,,,,,,,,,,,,,,,,,,,
2013-12-11,MJ0351YNG9W2EA,Hitachi HDS5C3030ALA630,3000592982016,0,,720911,,,,,,,,0,,,,,,9956,,,,,,,,,,,,,,,,,,,,,,,,,,,,,,29,,,,,,0,,,,,,,,,,,,,,,,,,,,,,,,,,,,
2013-12-11,Z1F0M7BW,ST3000DM001,3000592982016,0,,189147384,,,,,,,,0,,,,,,8501,,,,,,,,,,,,,,,,,,,,,,,,,,,,,,22,,,,,,0,,,,,,,,,,,,,,,,,,,,,,,,,,,,
2013-12-11,MJ1321YNG0MA6A,Hitachi HDS5C3030ALA630,3000592982016,0,,0,,,,,,,,0,,,,,,20507,,,,,,,,,,,,,,,,,,,,,,,,,,,,,,27,,,,,,0,,,,,,,,,,,,,,,,,,,,,,,,,,,,
2013-12-11,S1F051YX,ST3000DM001,3000592982016,0,,38720632,,,,,,,,0,,,,,,12878,,,,,,,,,,,,,,,,,,,,,,,,,,,,,,22,,,,,,0,,,,,,,,,,,,,,,,,,,,,,,,,,,,
2013-12-11,MJ0351YNG9RE0A,Hitachi HDS5C3030ALA630,3000592982016,0,,0,,,,,,,,0,,,,,,9274,,,,,,,,,,,,,,,,,,,,,,,,,,,,,,24,,,,,,0,,,,,,,,,,,,,,,,,,,,,,,,,,,,
2013-12-11,JK11A8B9J3KK7F,Hitachi HDS722020ALA330,2000398934016,0,,0,,,,,,,,0,,,,,,23543,,,,,,,,,,,,,,,,,,,,,,,,,,,,,,36,,,,,,0,,,,,,,,,,,,,,,,,,,,,,,,,,,,
2013-12-11,9XW01RLB,ST31500541AS,1500301910016,0,,126349935,,,,,,,,0,,,,,,34327,,,,,,,,,,,,,,,,,,,,,,,,,,,,,,18,,,,,,0,,,,,,,,,,,,,,,,,,,,,,,,,,,,
2013-12-11,PL1311LAG3D5VH,Hitachi HDS5C4040ALE630,4000787030016,0,,0,,,,,,,,0,,,,,,6655,,,,,,,,,,,,,,,,,,,,,,,,,,,,,,20,,,,,,0,,,,,,,,,,,,,,,,,,,,,,,,,,,,
2013-12-11,JK11A8B9GBVAUF,Hitachi HDS722020ALA330,2000398934016,0,,65536,,,,,,,,0,,,,,,26493,,,,,,,,,,,,,,,,,,,,,,,,,,,,,,29,,,,,,0,,,,,,,,,,,,,,,,,,,,,,,,,,,,
2013-12-11,MJ1311YNG7JNUA,Hitachi HDS5C3030ALA630,3000592982016,0,,0,,,,,,,,0,,,,,,14330,,,,,,,,,,,,,,,,,,,,,,,,,,,,,,31,,,,,,0,,,,,,,,,,,,,,,,,,,,,,,,,,,,
2013-12-11,PL2310LAG0MBRC,Hitachi HDS5C4040ALE630,4000787030016,0,,0,,,,,,,,0,,,,,,7015,,,,,,,,,,,,,,,,,,,,,,,,,,,,,,25,,,,,,0,,,,,,,,,,,,,,,,,,,,,,,,,,,,
2013-12-11,PL1321LAGAX9RH,Hitachi HDS5C4040ALE630,4000787030016,0,,0,,,,,,,,0,,,,,,5049,,,,,,,,,,,,,,,,,,,,,,,,,,,,,,31,,,,,,0,,,,,,,,,,,,,,,,,,,,,,,,,,,,
2013-12-11,JK1101B9KP1SHF,Hitachi HDS722020ALA330,2000398934016,0,,0,,,,,,,,0,,,,,,23097,,,,,,,,,,,,,,,,,,,,,,,,,,,,,,28,,,,,,0,,,,,,,,,,,,,,,,,,,,,,,,,,,,
2013-12-11,JK1101B9JJZWVF,Hitachi HDS722020ALA330,2000398934016,0,,0,,,,,,,,0,,,,,,23948,,,,,,,,,,,,,,,,,,,,,,,,,,,,,,23,,,,,,0,,,,,,,,,,,,,,,,,,,,,,,,,,,,
2013-12-11,MJ1311YNG3AYTA,Hitachi HDS5C3030ALA630,3000592982016,0,,0,,,,,,,,0,,,,,,18941,,,,,,,,,,,,,,,,,,,,,,,,,,,,,,24,,,,,,0,,,,,,,,,,,,,,,,,,,,,,,,,,,,
2013-12-11,S1F02YVR,ST3000DM001,3000592982016,0,,167062480,,,,,,,,0,,,,,,8520,,,,,,,,,,,,,,,,,,,,,,,,,,,,,,31,,,,,,16,,,,,,,,,,,,,,,,,,,,,,,,,,,,
2013-12-11,W1F0VL69,ST3000DM001,3000592982016,0,,171733664,,,,,,,,0,,,,,,11641,,,,,,,,,,,,,,,,,,,,,,,,,,,,,,23,,,,,,0,,,,,,,,,,,,,,,,,,,,,,,,,,,,
2013-12-11,MJ0351YNG9WHJA,Hitachi HDS5C3030ALA630,3000592982016,0,,0,,,,,,,,0,,,,,,9469,,,,,,,,,,,,,,,,,,,,,,,,,,,,,,24,,,,,,0,,,,,,,,,,,,,,,,,,,,,,,,,,,,
2013-12-11,JK1105B8GGR3DX,Hitachi HDS722020ALA330,2000398934016,0,,0,,,,,,,,0,,,,,,27160,,,,,,,,,,,,,,,,,,,,,,,,,,,,,,31,,,,,,0,,,,,,,,,,,,,,,,,,,,,,,,,,,,
2013-12-11,WD-WCAU45354597,WDC WD10EADS,1000204886016,0,,0,,,,,,,,0,,,,,,41295,,,,,,,,,,,,,,,,,,,,,,,,,,,,,,27,,,,,,0,,,,,,,,,,,,,,,,,,,,,,,,,,,,
2013-12-11,JK1105B8JS1MVX,Hitachi HDS722020ALA330,2000398934016,0,,0,,,,,,,,0,,,,,,23576,,,,,,,,,,,,,,,,,,,,,,,,,,,,,,26,,,,,,0,,,,,,,,,,,,,,,,,,,,,,,,,,,,
2013-12-11,Z30024JC,ST4000DM000,4000787030016,0,,227862424,,,,,,,,0,,,,,,5420,,,,,,,,,,,,,,,,,,,,,,,,,,,,,,23,,,,,,8,,,,,,,,,,,,,,,,,,,,,,,,,,,,
2013-12-11,6XW16XX4,ST32000542AS,2000398934016,0,,85612531,,,,,,,,0,,,,,,31470,,,,,,,,,,,,,,,,,,,,,,,,,,,,,,22,,,,,,0,,,,,,,,,,,,,,,,,,,,,,,,,,,,
2013-12-11,S1F05WJW,ST3000DM001,3000592982016,0,,166201832,,,,,,,,0,,,,,,13748,,,,,,,,,,,,,,,,,,,,,,,,,,,,,,19,,,,,,0,,,,,,,,,,,,,,,,,,,,,,,,,,,,
2013-12-11,S1F05WJY,ST3000DM001,3000592982016,0,,72240448,,,,,,,,0,,,,,,13913,,,,,,,,,,,,,,,,,,,,,,,,,,,,,,21,,,,,,8,,,,,,,,,,,,,,,,,,,,,,,,,,,,
2013-12-11,JK1105B8JS2NWX,Hitachi HDS722020ALA330,2000398934016,0,,131081,,,,,,,,0,,,,,,23512,,,,,,,,,,,,,,,,,,,,,,,,,,,,,,24,,,,,,0,,,,,,,,,,,,,,,,,,,,,,,,,,,,
2013-12-11,JK1101B9JS3XAR,Hitachi HDS722020ALA330,2000398934016,0,,0,,,,,,,,0,,,,,,23126,,,,,,,,,,,,,,,,,,,,,,,,,,,,,,27,,,,,,0,,,,,,,,,,,,,,,,,,,,,,,,,,,,
2013-12-11,PL1321LAG34GMH,Hitachi HDS5C4040ALE630,4000787030016,0,,0,,,,,,,,0,,,,,,6648,,,,,,,,,,,,,,,,,,,,,,,,,,,,,,20,,,,,,0,,,,,,,,,,,,,,,,,,,,,,,,,,,,
2013-12-11,6XW01RV2,ST31500541AS,1500301910016,0,,129417280,,,,,,,,0,,,,,,34744,,,,,,,,,,,,,,,,,,,,,,,,,,,,,,21,,,,,,0,,,,,,,,,,,,,,,,,,,,,,,,,,,,
2013-12-11,W3004WT8,ST4000DM000,4000787030016,0,,32953744,,,,,,,,0,,,,,,2880,,,,,,,,,,,,,,,,,,,,,,,,,,,,,,21,,,,,,0,,,,,,,,,,,,,,,,,,,,,,,,,,,,
2013-12-11,S1F0437Z,ST3000DM001,3000592982016,0,,111982656,,,,,,,,0,,,,,,13869,,,,,,,,,,,,,,,,,,,,,,,,,,,,,,25,,,,,,0,,,,,,,,,,,,,,,,,,,,,,,,,,,,
2013-12-11,JK11A8B9J3B84F,Hitachi HDS722020ALA330,2000398934016,0,,0,,,,,,,,0,,,,,,24432,,,,,,,,,,,,,,,,,,,,,,,,,,,,,,28,,,,,,0,,,,,,,,,,,,,,,,,,,,,,,,,,,,
2013-12-11,MJ0351YNG9VJDA,Hitachi HDS5C3030ALA630,3000592982016,0,,0,,,,,,,,0,,,,,,9972,,,,,,,,,,,,,,,,,,,,,,,,,,,,,,27,,,,,,0,,,,,,,,,,,,,,,,,,,,,,,,,,,,
2013-12-11,MJ1313YNG1YJYC,Hitachi HDS5C3030ALA630,3000592982016,0,,0,,,,,,,,0,,,,,,21796,,,,,,,,,,,,,,,,,,,,,,,,,,,,,,24,,,,,,0,,,,,,,,,,,,,,,,,,,,,,,,,,,,
2013-12-11,WD-WCAWZ2106992,WDC WD30EZRX,3000592982016,0,,0,,,,,,,,0,,,,,,12932,,,,,,,,,,,,,,,,,,,,,,,,,,,,,,25,,,,,,0,,,,,,,,,,,,,,,,,,,,,,,,,,,,
2013-12-11,JK11A8B9J77MBF,Hitachi HDS722020ALA330,2000398934016,0,,0,,,,,,,,0,,,,,,22696,,,,,,,,,,,,,,,,,,,,,,,,,,,,,,28,,,,,,0,,,,,,,,,,,,,,,,,,,,,,,,,,,,
2013-12-11,MJ1321YNG0G9YA,Hitachi HDS5C3030ALA630,3000592982016,0,,0,,,,,,,,0,,,,,,20509,,,,,,,,,,,,,,,,,,,,,,,,,,,,,,26,,,,,,0,,,,,,,,,,,,,,,,,,,,,,,,,,,,
2013-12-11,6XW15T8Y,ST32000542AS,2000398934016,0,,134895459,,,,,,,,0,,,,,,7819,,,,,,,,,,,,,,,,,,,,,,,,,,,,,,14,,,,,,0,,,,,,,,,,,,,,,,,,,,,,,,,,,,
2013-12-11,MJ0351YNG9YGXA,Hitachi HDS5C3030ALA630,3000592982016,0,,0,,,,,,,,0,,,,,,9958,,,,,,,,,,,,,,,,,,,,,,,,,,,,,,26,,,,,,0,,,,,,,,,,,,,,,,,,,,,,,,,,,,
2013-12-11,9XW01G4Y,ST31500541AS,1500301910016,0,,68338049,,,,,,,,0,,,,,,35444,,,,,,,,,,,,,,,,,,,,,,,,,,,,,,17,,,,,,0,,,,,,,,,,,,,,,,,,,,,,,,,,,,
2013-12-11,JK11A8B9J75K7F,Hitachi HDS722020ALA330,2000398934016,0,,0,,,,,,,,0,,,,,,21478,,,,,,,,,,,,,,,,,,,,,,,,,,,,,,27,,,,,,0,,,,,,,,,,,,,,,,,,,,,,,,,,,,
2013-12-11,W3004M44,ST4000DM000,4000787030016,0,,33227640,,,,,,,,0,,,,,,2610,,,,,,,,,,,,,,,,,,,,,,,,,,,,,,25,,,,,,0,,,,,,,,,,,,,,,,,,,,,,,,,,,,
2013-12-11,JK11A8B9J2AMJF,Hitachi HDS722020ALA330,2000398934016,0,,0,,,,,,,,0,,,,,,23829,,,,,,,,,,,,,,,,,,,,,,,,,,,,,,25,,,,,,0,,,,,,,,,,,,,,,,,,,,,,,,,,,,
2013-12-11,PL1311LAG28KMH,Hitachi HDS5C4040ALE630,4000787030016,0,,0,,,,,,,,0,,,,,,7404,,,,,,,,,,,,,,,,,,,,,,,,,,,,,,26,,,,,,0,,,,,,,,,,,,,,,,,,,,,,,,,,,,
2013-12-11,MJ1311YNG27GXA,Hitachi HDS5C3030ALA630,3000592982016,0,,0,,,,,,,,0,,,,,,18572,,,,,,,,,,,,,,,,,,,,,,,,,,,,,,26,,,,,,0,,,,,,,,,,,,,,,,,,,,,,,,,,,,
2013-12-11,JK11A8B9J90ZHF,Hitachi HDS722020ALA330,2000398934016,0,,196608,,,,,,,,0,,,,,,25667,,,,,,,,,,,,,,,,,,,,,,,,,,,,,,27,,,,,,0,,,,,,,,,,,,,,,,,,,,,,,,,,,,
2013-12-11,W30065KJ,ST4000DM000,4000787030016,0,,91227920,,,,,,,,0,,,,,,2611,,,,,,,,,,,,,,,,,,,,,,,,,,,,,,21,,,,,,0,,,,,,,,,,,,,,,,,,,,,,,,,,,,
2013-12-11,JK11A8B9J3A4EF,Hitachi HDS722020ALA330,2000398934016,0,,1,,,,,,,,0,,,,,,22415,,,,,,,,,,,,,,,,,,,,,,,,,,,,,,22,,,,,,0,,,,,,,,,,,,,,,,,,,,,,,,,,,,
2013-12-11,MJ1323YNG1M4VC,Hitachi HDS5C3030ALA630,3000592982016,0,,0,,,,,,,,0,,,,,,20082,,,,,,,,,,,,,,,,,,,,,,,,,,,,,,33,,,,,,0,,,,,,,,,,,,,,,,,,,,,,,,,,,,
2013-12-11,W1F0AM9M,ST3000DM001,3000592982016,0,,44730368,,,,,,,,0,,,,,,13362,,,,,,,,,,,,,,,,,,,,,,,,,,,,,,24,,,,,,0,,,,,,,,,,,,,,,,,,,,,,,,,,,,
2013-12-11,MJ1311YNG3DJ9A,Hitachi HDS5C3030ALA630,3000592982016,0,,0,,,,,,,,0,,,,,,19254,,,,,,,,,,,,,,,,,,,,,,,,,,,,,,21,,,,,,0,,,,,,,,,,,,,,,,,,,,,,,,,,,,
2013-12-11,W300ADSC,ST4000DM000,4000787030016,0,,169904544,,,,,,,,0,,,,,,2177,,,,,,,,,,,,,,,,,,,,,,,,,,,,,,21,,,,,,0,,,,,,,,,,,,,,,,,,,,,,,,,,,,
2013-12-11,JK1105B8GB1MAX,Hitachi HDS722020ALA330,2000398934016,0,,0,,,,,,,,0,,,,,,27214,,,,,,,,,,,,,,,,,,,,,,,,,,,,,,26,,,,,,0,,,,,,,,,,,,,,,,,,,,,,,,,,,,
2013-12-11,MJ1311YNG27JUA,Hitachi HDS5C3030ALA630,3000592982016,0,,0,,,,,,,,0,,,,,,18362,,,,,,,,,,,,,,,,,,,,,,,,,,,,,,26,,,,,,0,,,,,,,,,,,,,,,,,,,,,,,,,,,,
2013-12-11,MJ1323YNG18R2C,Hitachi HDS5C3030ALA630,3000592982016,0,,4,,,,,,,,0,,,,,,20509,,,,,,,,,,,,,,,,,,,,,,,,,,,,,,25,,,,,,0,,,,,,,,,,,,,,,,,,,,,,,,,,,,
2013-12-11,MJ0351YNGA6B3A,Hitachi HDS5C3030ALA630,3000592982016,0,,0,,,,,,,,0,,,,,,8641,,,,,,,,,,,,,,,,,,,,,,,,,,,,,,26,,,,,,0,,,,,,,,,,,,,,,,,,,,,,,,,,,,
2013-12-11,WD-WCAWZ1737850,WDC WD30EZRX,3000592982016,0,,0,,,,,,,,0,,,,,,16077,,,,,,,,,,,,,,,,,,,,,,,,,,,,,,19,,,,,,0,,,,,,,,,,,,,,,,,,,,,,,,,,,,
2013-12-11,JK11A8B9J83XJF,Hitachi HDS722020ALA330,2000398934016,0,,0,,,,,,,,0,,,,,,26028,,,,,,,,,,,,,,,,,,,,,,,,,,,,,,24,,,,,,0,,,,,,,,,,,,,,,,,,,,,,,,,,,,
2013-12-11,W1F0HJWZ,ST3000DM001,3000592982016,0,,215117184,,,,,,,,0,,,,,,11654,,,,,,,,,,,,,,,,,,,,,,,,,,,,,,27,,,,,,0,,,,,,,,,,,,,,,,,,,,,,,,,,,,
2013-12-11,Z300XG2X,ST4000DM000,4000787030016,0,,186435760,,,,,,,,0,,,,,,612,,,,,,,,,,,,,,,,,,,,,,,,,,,,,,18,,,,,,0,,,,,,,,,,,,,,,,,,,,,,,,,,,,
2013-12-11,PL1311LAG3A50H,Hitachi HDS5C4040ALE630,4000787030016,0,,0,,,,,,,,0,,,,,,5302,,,,,,,,,,,,,,,,,,,,,,,,,,,,,,27,,,,,,0,,,,,,,,,,,,,,,,,,,,,,,,,,,,
2013-12-11,MJ1311YNG76SLA,Hitachi HDS5C3030ALA630,3000592982016,0,,0,,,,,,,,0,,,,,,14291,,,,,,,,,,,,,,,,,,,,,,,,,,,,,,29,,,,,,0,,,,,,,,,,,,,,,,,,,,,,,,,,,,
2013-12-11,Z1Z03JP0,ST4000DX000,4000787030016,0,,140976614,,,,,,,,0,,,,,,7132,,,,,,,,,,,,,,,,,,,,,,,,,,,,,,34,,,,,,0,,,,,,,,,,,,,,,,,,,,,,,,,,,,
2013-12-11,6XW0VHHD,ST31500541AS,1500301910016,0,,82641668,,,,,,,,0,,,,,,33852,,,,,,,,,,,,,,,,,,,,,,,,,,,,,,22,,,,,,0,,,,,,,,,,,,,,,,,,,,,,,,,,,,
2013-12-11,W1F0HFQ8,ST3000DM001,3000592982016,0,,34889696,,,,,,,,0,,,,,,11022,,,,,,,,,,,,,,,,,,,,,,,,,,,,,,27,,,,,,0,,,,,,,,,,,,,,,,,,,,,,,,,,,,
2013-12-11,JK11A8YBKYD23F,Hitachi HDS722020ALA330,2000398934016,0,,65536,,,,,,,,0,,,,,,27861,,,,,,,,,,,,,,,,,,,,,,,,,,,,,,28,,,,,,0,,,,,,,,,,,,,,,,,,,,,,,,,,,,
2013-12-11,W300ANMB,ST4000DM000,4000787030016,0,,116250888,,,,,,,,0,,,,,,4167,,,,,,,,,,,,,,,,,,,,,,,,,,,,,,27,,,,,,0,,,,,,,,,,,,,,,,,,,,,,,,,,,,
2013-12-11,JK1130YAHRL3ET,Hitachi HDS722020ALA330,2000398934016,0,,131075,,,,,,,,0,,,,,,30171,,,,,,,,,,,,,,,,,,,,,,,,,,,,,,32,,,,,,0,,,,,,,,,,,,,,,,,,,,,,,,,,,,
2013-12-11,JK11A8B9J7DR6F,Hitachi HDS722020ALA330,2000398934016,0,,0,,,,,,,,0,,,,,,24544,,,,,,,,,,,,,,,,,,,,,,,,,,,,,,29,,,,,,0,,,,,,,,,,,,,,,,,,,,,,,,,,,,
2013-12-11,WD-WCAU45639141,WDC WD10EADS,1000204886016,0,,0,,,,,,,,0,,,,,,42233,,,,,,,,,,,,,,,,,,,,,,,,,,,,,,25,,,,,,0,,,,,,,,,,,,,,,,,,,,,,,,,,,,
2013-12-11,WD-WCAWZ0445548,WDC WD30EZRX,3000592982016,0,,0,,,,,,,,0,,,,,,15832,,,,,,,,,,,,,,,,,,,,,,,,,,,,,,23,,,,,,0,,,,,,,,,,,,,,,,,,,,,,,,,,,,
2013-12-11,PL1321LAGAPE1H,Hitachi HDS5C4040ALE630,4000787030016,0,,0,,,,,,,,0,,,,,,5429,,,,,,,,,,,,,,,,,,,,,,,,,,,,,,23,,,,,,0,,,,,,,,,,,,,,,,,,,,,,,,,,,,
2013-12-11,S1F04DA3,ST3000DM001,3000592982016,0,,174290864,,,,,,,,0,,,,,,16193,,,,,,,,,,,,,,,,,,,,,,,,,,,,,,23,,,,,,24,,,,,,,,,,,,,,,,,,,,,,,,,,,,
2013-12-11,Z300HKL0,ST4000DM000,4000787030016,0,,114963952,,,,,,,,0,,,,,,2899,,,,,,,,,,,,,,,,,,,,,,,,,,,,,,26,,,,,,0,,,,,,,,,,,,,,,,,,,,,,,,,,,,
2013-12-11,JK1101B8JGA7BZ,Hitachi HDS722020ALA330,2000398934016,0,,0,,,,,,,,0,,,,,,24426,,,,,,,,,,,,,,,,,,,,,,,,,,,,,,25,,,,,,0,,,,,,,,,,,,,,,,,,,,,,,,,,,,
2013-12-11,Z1Z03JPR,ST4000DX000,4000787030016,0,,93709129,,,,,,,,0,,,,,,7132,,,,,,,,,,,,,,,,,,,,,,,,,,,,,,34,,,,,,0,,,,,,,,,,,,,,,,,,,,,,,,,,,,
2013-12-11,MJ1311YNG3996A,Hitachi HDS5C3030ALA630,3000592982016,0,,0,,,,,,,,0,,,,,,19310,,,,,,,,,,,,,,,,,,,,,,,,,,,,,,26,,,,,,0,,,,,,,,,,,,,,,,,,,,,,,,,,,,
2013-12-11,MJ0351YNG9XNGA,Hitachi HDS5C3030ALA630,3000592982016,0,,0,,,,,,,,0,,,,,,9524,,,,,,,,,,,,,,,,,,,,,,,,,,,,,,35,,,,,,0,,,,,,,,,,,,,,,,,,,,,,,,,,,,
2013-12-11,JK1105B8GEK96X,Hitachi HDS722020ALA330,2000398934016,0,,0,,,,,,,,0,,,,,,27168,,,,,,,,,,,,,,,,,,,,,,,,,,,,,,28,,,,,,0,,,,,,,,,,,,,,,,,,,,,,,,,,,,
2013-12-11,WD-WCAU47265728,WDC WD10EADS,1000204886016,0,,4,,,,,,,,0,,,,,,40948,,,,,,,,,,,,,,,,,,,,,,,,,,,,,,33,,,,,,0,,,,,,,,,,,,,,,,,,,,,,,,,,,,
2013-12-11,S1F0BPJD,ST3000DM001,3000592982016,0,,114262576,,,,,,,,0,,,,,,12356,,,,,,,,,,,,,,,,,,,,,,,,,,,,,,25,,,,,,0,,,,,,,,,,,,,,,,,,,,,,,,,,,,
2013-12-11,Z300GQJN,ST4000DM000,4000787030016,0,,167692928,,,,,,,,0,,,,,,3627,,,,,,,,,,,,,,,,,,,,,,,,,,,,,,22,,,,,,0,,,,,,,,,,,,,,,,,,,,,,,,,,,,
2013-12-11,13H8AB0GS,TOSHIBA DT01ACA300,3000592982016,0,,0,,,,,,,,0,,,,,,5195,,,,,,,,,,,,,,,,,,,,,,,,,,,,,,26,,,,,,0,,,,,,,,,,,,,,,,,,,,,,,,,,,,
2013-12-11,MK0311YHG53K4A,Hitachi HDS723030ALA640,3000592982016,0,,0,,,,,,,,0,,,,,,21793,,,,,,,,,,,,,,,,,,,,,,,,,,,,,,26,,,,,,0,,,,,,,,,,,,,,,,,,,,,,,,,,,,
2013-12-11,MJ1311YNG300AA,Hitachi HDS5C3030ALA630,3000592982016,0,,0,,,,,,,,0,,,,,,18316,,,,,,,,,,,,,,,,,,,,,,,,,,,,,,21,,,,,,0,,,,,,,,,,,,,,,,,,,,,,,,,,,,
2013-12-11,Z1F0RAHT,ST3000DM001,3000592982016,0,,56203448,,,,,,,,0,,,,,,11021,,,,,,,,,,,,,,,,,,,,,,,,,,,,,,23,,,,,,0,,,,,,,,,,,,,,,,,,,,,,,,,,,,
2013-12-11,JK11A8B9JPTMMF,Hitachi HDS722020ALA330,2000398934016,0,,0,,,,,,,,0,,,,,,24112,,,,,,,,,,,,,,,,,,,,,,,,,,,,,,26,,,,,,0,,,,,,,,,,,,,,,,,,,,,,,,,,,,
2013-12-11,MK0301YHGLMDHD,Hitachi HDS723030ALA640,3000592982016,0,,0,,,,,,,,0,,,,,,17036,,,,,,,,,,,,,,,,,,,,,,,,,,,,,,30,,,,,,0,,,,,,,,,,,,,,,,,,,,,,,,,,,,
2013-12-11,Z1F0LGZ1,ST3000DM001,3000592982016,0,,158387192,,,,,,,,0,,,,,,12248,,,,,,,,,,,,,,,,,,,,,,,,,,,,,,26,,,,,,0,,,,,,,,,,,,,,,,,,,,,,,,,,,,
2013-12-11,S1F013T8,ST3000DM001,3000592982016,0,,163541640,,,,,,,,0,,,,,,15460,,,,,,,,,,,,,,,,,,,,,,,,,,,,,,20,,,,,,40,,,,,,,,,,,,,,,,,,,,,,,,,,,,
2013-12-11,PL1321LAGAZG5H,Hitachi HDS5C4040ALE630,4000787030016,0,,0,,,,,,,,0,,,,,,5076,,,,,,,,,,,,,,,,,,,,,,,,,,,,,,24,,,,,,0,,,,,,,,,,,,,,,,,,,,,,,,,,,,
2013-12-11,MJ1311YNG2U31A,Hitachi HDS5C3030ALA630,3000592982016,0,,0,,,,,,,,0,,,,,,19254,,,,,,,,,,,,,,,,,,,,,,,,,,,,,,23,,,,,,0,,,,,,,,,,,,,,,,,,,,,,,,,,,,
2013-12-11,MJ1311YNG0A41A,Hitachi HDS5C3030ALA630,3000592982016,0,,0,,,,,,,,0,,,,,,18571,,,,,,,,,,,,,,,,,,,,,,,,,,,,,,21,,,,,,0,,,,,,,,,,,,,,,,,,,,,,,,,,,,
2013-12-11,W1F09DBJ,ST3000DM001,3000592982016,0,,150644624,,,,,,,,0,,,,,,14712,,,,,,,,,,,,,,,,,,,,,,,,,,,,,,24,,,,,,0,,,,,,,,,,,,,,,,,,,,,,,,,,,,
2013-12-11,PL1311LAG3AERH,Hitachi HDS5C4040ALE630,4000787030016,0,,0,,,,,,,,0,,,,,,6071,,,,,,,,,,,,,,,,,,,,,,,,,,,,,,18,,,,,,0,,,,,,,,,,,,,,,,,,,,,,,,,,,,
2013-12-11,MJ1311YNG71TSA,Hitachi HDS5C3030ALA630,3000592982016,0,,0,,,,,,,,0,,,,,,14600,,,,,,,,,,,,,,,,,,,,,,,,,,,,,,23,,,,,,0,,,,,,,,,,,,,,,,,,,,,,,,,,,,
2013-12-11,JK11A8B9J84AEF,Hitachi HDS722020ALA330,2000398934016,0,,0,,,,,,,,0,,,,,,26025,,,,,,,,,,,,,,,,,,,,,,,,,,,,,,24,,,,,,0,,,,,,,,,,,,,,,,,,,,,,,,,,,,
2013-12-11,S1F07YDD,ST3000DM001,3000592982016,0,,59321000,,,,,,,,0,,,,,,13868,,,,,,,,,,,,,,,,,,,,,,,,,,,,,,22,,,,,,8,,,,,,,,,,,,,,,,,,,,,,,,,,,,
2013-12-11,S1F0TQME,ST3000DM001,3000592982016,0,,14369496,,,,,,,,0,,,,,,10470,,,,,,,,,,,,,,,,,,,,,,,,,,,,,,25,,,,,,0,,,,,,,,,,,,,,,,,,,,,,,,,,,,
2013-12-11,JK11A8B9J8MYRF,Hitachi HDS722020ALA330,2000398934016,0,,0,,,,,,,,0,,,,,,26004,,,,,,,,,,,,,,,,,,,,,,,,,,,,,,24,,,,,,0,,,,,,,,,,,,,,,,,,,,,,,,,,,,
2013-12-11,5XW039Q3,ST31500541AS,1500301910016,0,,131426833,,,,,,,,422,,,,,,36449,,,,,,,,,,,,,,,,,,,,,,,,,,,,,,20,,,,,,0,,,,,,,,,,,,,,,,,,,,,,,,,,,,
2013-12-11,WD-WMAWZ0276121,WDC WD30EZRX,3000592982016,0,,0,,,,,,,,0,,,,,,12940,,,,,,,,,,,,,,,,,,,,,,,,,,,,,,23,,,,,,0,,,,,,,,,,,,,,,,,,,,,,,,,,,,
2013-12-11,WD-WMC0S0732910,WDC WD10EARX,1000204886016,0,,1,,,,,,,,0,,,,,,12451,,,,,,,,,,,,,,,,,,,,,,,,,,,,,,29,,,,,,0,,,,,,,,,,,,,,,,,,,,,,,,,,,,
2013-12-11,9XW0387Z,ST31500541AS,1500301910016,0,,162300085,,,,,,,,515,,,,,,33325,,,,,,,,,,,,,,,,,,,,,,,,,,,,,,21,,,,,,0,,,,,,,,,,,,,,,,,,,,,,,,,,,,
2013-12-11,9VS1XQ8E,ST31500341AS,1500301910016,0,,153106747,,,,,,,,514,,,,,,38955,,,,,,,,,,,,,,,,,,,,,,,,,,,,,,24,,,,,,0,,,,,,,,,,,,,,,,,,,,,,,,,,,,
2013-12-11,MJ0351YNG9T2UA,Hitachi HDS5C3030ALA630,3000592982016,0,,0,,,,,,,,0,,,,,,8830,,,,,,,,,,,,,,,,,,,,,,,,,,,,,,29,,,,,,0,,,,,,,,,,,,,,,,,,,,,,,,,,,,
2013-12-11,MK0331YHGMUSJA,Hitachi HDS723030ALA640,3000592982016,0,,65536,,,,,,,,0,,,,,,17358,,,,,,,,,,,,,,,,,,,,,,,,,,,,,,21,,,,,,0,,,,,,,,,,,,,,,,,,,,,,,,,,,,
2013-12-11,6XW03SHF,ST31500541AS,1500301910016,0,,74397007,,,,,,,,0,,,,,,37169,,,,,,,,,,,,,,,,,,,,,,,,,,,,,,21,,,,,,0,,,,,,,,,,,,,,,,,,,,,,,,,,,,
2013-12-11,MJ0351YNG9UNYA,Hitachi HDS5C3030ALA630,3000592982016,0,,0,,,,,,,,0,,,,,,9719,,,,,,,,,,,,,,,,,,,,,,,,,,,,,,31,,,,,,0,,,,,,,,,,,,,,,,,,,,,,,,,,,,
2013-12-11,5XW05CNJ,ST31500541AS,1500301910016,0,,201540886,,,,,,,,0,,,,,,35229,,,,,,,,,,,,,,,,,,,,,,,,,,,,,,21,,,,,,0,,,,,,,,,,,,,,,,,,,,,,,,,,,,
2013-12-11,MJ1321YNG10W4A,Hitachi HDS5C3030ALA630,3000592982016,0,,0,,,,,,,,0,,,,,,20729,,,,,,,,,,,,,,,,,,,,,,,,,,,,,,31,,,,,,0,,,,,,,,,,,,,,,,,,,,,,,,,,,,
2013-12-11,MJ1323YNG1TR1C,Hitachi HDS5C3030ALA630,3000592982016,0,,0,,,,,,,,0,,,,,,19747,,,,,,,,,,,,,,,,,,,,,,,,,,,,,,25,,,,,,0,,,,,,,,,,,,,,,,,,,,,,,,,,,,
2013-12-11,JK1101B9GH40SF,Hitachi HDS722020ALA330,2000398934016,0,,1,,,,,,,,0,,,,,,26764,,,,,,,,,,,,,,,,,,,,,,,,,,,,,,28,,,,,,0,,,,,,,,,,,,,,,,,,,,,,,,,,,,
2013-12-11,JK1130YAHDHRYT,Hitachi HDS722020ALA330,2000398934016,0,,2,,,,,,,,1,,,,,,30171,,,,,,,,,,,,,,,,,,,,,,,,,,,,,,30,,,,,,0,,,,,,,,,,,,,,,,,,,,,,,,,,,,
2013-12-11,W300BXM8,ST4000DM000,4000787030016,0,,107195304,,,,,,,,0,,,,,,4160,,,,,,,,,,,,,,,,,,,,,,,,,,,,,,24,,,,,,0,,,,,,,,,,,,,,,,,,,,,,,,,,,,
2013-12-11,JK11A8B9J3VJBF,Hitachi HDS722020ALA330,2000398934016,0,,0,,,,,,,,0,,,,,,23104,,,,,,,,,,,,,,,,,,,,,,,,,,,,,,26,,,,,,0,,,,,,,,,,,,,,,,,,,,,,,,,,,,
2013-12-11,Z300HLT2,ST4000DM000,4000787030016,0,,202890808,,,,,,,,0,,,,,,2893,,,,,,,,,,,,,,,,,,,,,,,,,,,,,,26,,,,,,0,,,,,,,,,,,,,,,,,,,,,,,,,,,,
2013-12-11,PL1321LAGB2RUH,Hitachi HDS5C4040ALE630,4000787030016,0,,0,,,,,,,,0,,,,,,5052,,,,,,,,,,,,,,,,,,,,,,,,,,,,,,27,,,,,,0,,,,,,,,,,,,,,,,,,,,,,,,,,,,
2013-12-11,MJ0351YNGA40NA,Hitachi HDS5C3030ALA630,3000592982016,0,,0,,,,,,,,0,,,,,,9142,,,,,,,,,,,,,,,,,,,,,,,,,,,,,,31,,,,,,0,,,,,,,,,,,,,,,,,,,,,,,,,,,,
2013-12-11,W300L6LB,ST4000DM000,4000787030016,0,,4867312,,,,,,,,0,,,,,,948,,,,,,,,,,,,,,,,,,,,,,,,,,,,,,20,,,,,,0,,,,,,,,,,,,,,,,,,,,,,,,,,,,
2013-12-11,S1F0CWLZ,ST3000DM001,3000592982016,0,,229324392,,,,,,,,0,,,,,,12417,,,,,,,,,,,,,,,,,,,,,,,,,,,,,,28,,,,,,0,,,,,,,,,,,,,,,,,,,,,,,,,,,,
2013-12-11,JK11A4B8J7S8NW,Hitachi HDS722020ALA330,2000398934016,0,,65536,,,,,,,,2,,,,,,25123,,,,,,,,,,,,,,,,,,,,,,,,,,,,,,31,,,,,,0,,,,,,,,,,,,,,,,,,,,,,,,,,,,
2013-12-11,S1F0CWLS,ST3000DM001,3000592982016,0,,62061672,,,,,,,,0,,,,,,12362,,,,,,,,,,,,,,,,,,,,,,,,,,,,,,24,,,,,,0,,,,,,,,,,,,,,,,,,,,,,,,,,,,
2013-12-11,W1F0A60H,ST3000DM001,3000592982016,0,,228569680,,,,,,,,0,,,,,,14711,,,,,,,,,,,,,,,,,,,,,,,,,,,,,,21,,,,,,0,,,,,,,,,,,,,,,,,,,,,,,,,,,,
2013-12-11,Z1Z05PZX,ST4000DX000,4000787030016,0,,9106567,,,,,,,,0,,,,,,5039,,,,,,,,,,,,,,,,,,,,,,,,,,,,,,30,,,,,,0,,,,,,,,,,,,,,,,,,,,,,,,,,,,
2013-12-11,JK11A8B9J2XPZF,Hitachi HDS722020ALA330,2000398934016,0,,0,,,,,,,,0,,,,,,23819,,,,,,,,,,,,,,,,,,,,,,,,,,,,,,29,,,,,,0,,,,,,,,,,,,,,,,,,,,,,,,,,,,
2013-12-11,W1F03AAZ,ST3000DM001,3000592982016,0,,196812864,,,,,,,,0,,,,,,14212,,,,,,,,,,,,,,,,,,,,,,,,,,,,,,23,,,,,,0,,,,,,,,,,,,,,,,,,,,,,,,,,,,
2013-12-11,6XW038SS,ST31500541AS,1500301910016,0,,193229998,,,,,,,,553,,,,,,36961,,,,,,,,,,,,,,,,,,,,,,,,,,,,,,21,,,,,,0,,,,,,,,,,,,,,,,,,,,,,,,,,,,
2013-12-11,Z2623ZGAS,TOSHIBA DT01ACA300,3000592982016,0,,0,,,,,,,,0,,,,,,6609,,,,,,,,,,,,,,,,,,,,,,,,,,,,,,26,,,,,,0,,,,,,,,,,,,,,,,,,,,,,,,,,,,
2013-12-11,6XW038SA,ST31500541AS,1500301910016,0,,15805983,,,,,,,,0,,,,,,36911,,,,,,,,,,,,,,,,,,,,,,,,,,,,,,24,,,,,,0,,,,,,,,,,,,,,,,,,,,,,,,,,,,
2013-12-11,W1F098MA,ST3000DM001,3000592982016,0,,178728768,,,,,,,,0,,,,,,13362,,,,,,,,,,,,,,,,,,,,,,,,,,,,,,22,,,,,,0,,,,,,,,,,,,,,,,,,,,,,,,,,,,
2013-12-11,6XW038SK,ST31500541AS,1500301910016,0,,217835650,,,,,,,,0,,,,,,36642,,,,,,,,,,,,,,,,,,,,,,,,,,,,,,21,,,,,,0,,,,,,,,,,,,,,,,,,,,,,,,,,,,
2013-12-11,Z300W5Y8,ST4000DM000,4000787030016,0,,132567416,,,,,,,,0,,,,,,918,,,,,,,,,,,,,,,,,,,,,,,,,,,,,,17,,,,,,0,,,,,,,,,,,,,,,,,,,,,,,,,,,,
2013-12-11,JK11A8B9J3KR1F,Hitachi HDS722020ALA330,2000398934016,0,,0,,,,,,,,0,,,,,,22702,,,,,,,,,,,,,,,,,,,,,,,,,,,,,,29,,,,,,0,,,,,,,,,,,,,,,,,,,,,,,,,,,,
2013-12-11,S1F06L5L,ST3000DM001,3000592982016,0,,47688728,,,,,,,,0,,,,,,14237,,,,,,,,,,,,,,,,,,,,,,,,,,,,,,22,,,,,,0,,,,,,,,,,,,,,,,,,,,,,,,,,,,
2013-12-11,WD-WCAWZ0539042,WDC WD30EZRX,3000592982016,0,,0,,,,,,,,0,,,,,,16995,,,,,,,,,,,,,,,,,,,,,,,,,,,,,,23,,,,,,0,,,,,,,,,,,,,,,,,,,,,,,,,,,,
2013-12-11,MJ0351YNGA6P0A,Hitachi HDS5C3030ALA630,3000592982016,0,,0,,,,,,,,0,,,,,,9129,,,,,,,,,,,,,,,,,,,,,,,,,,,,,,28,,,,,,0,,,,,,,,,,,,,,,,,,,,,,,,,,,,
2013-12-11,Z300KXWL,ST4000DM000,4000787030016,0,,123945224,,,,,,,,0,,,,,,105,,,,,,,,,,,,,,,,,,,,,,,,,,,,,,23,,,,,,0,,,,,,,,,,,,,,,,,,,,,,,,,,,,
2013-12-11,Z300KLCF,ST4000DM000,4000787030016,0,,119993648,,,,,,,,0,,,,,,2244,,,,,,,,,,,,,,,,,,,,,,,,,,,,,,23,,,,,,0,,,,,,,,,,,,,,,,,,,,,,,,,,,,
2013-12-11,JK1104B8GZT8DW,Hitachi HDS722020ALA330,2000398934016,0,,0,,,,,,,,0,,,,,,26904,,,,,,,,,,,,,,,,,,,,,,,,,,,,,,23,,,,,,0,,,,,,,,,,,,,,,,,,,,,,,,,,,,
2013-12-11,Z300KLCQ,ST4000DM000,4000787030016,0,,19061296,,,,,,,,0,,,,,,2245,,,,,,,,,,,,,,,,,,,,,,,,,,,,,,20,,,,,,0,,,,,,,,,,,,,,,,,,,,,,,,,,,,
2013-12-11,MJ1321YNG17VXA,Hitachi HDS5C3030ALA630,3000592982016,0,,256184546,,,,,,,,0,,,,,,20067,,,,,,,,,,,,,,,,,,,,,,,,,,,,,,25,,,,,,0,,,,,,,,,,,,,,,,,,,,,,,,,,,,
2013-12-11,WD-WMC1T1611444,WDC WD30EFRX,3000592982016,0,,0,,,,,,,,0,,,,,,7390,,,,,,,,,,,,,,,,,,,,,,,,,,,,,,25,,,,,,0,,,,,,,,,,,,,,,,,,,,,,,,,,,,
2013-12-11,JK11A8YBKYRUMF,Hitachi HDS722020ALA330,2000398934016,0,,0,,,,,,,,0,,,,,,27845,,,,,,,,,,,,,,,,,,,,,,,,,,,,,,27,,,,,,0,,,,,,,,,,,,,,,,,,,,,,,,,,,,
2013-12-11,WD-WMC1T1611447,WDC WD30EFRX,3000592982016,0,,0,,,,,,,,0,,,,,,7708,,,,,,,,,,,,,,,,,,,,,,,,,,,,,,28,,,,,,0,,,,,,,,,,,,,,,,,,,,,,,,,,,,
2013-12-11,Z300KLCZ,ST4000DM000,4000787030016,0,,115799200,,,,,,,,0,,,,,,2221,,,,,,,,,,,,,,,,,,,,,,,,,,,,,,25,,,,,,0,,,,,,,,,,,,,,,,,,,,,,,,,,,,
2013-12-11,MJ0351YNG9YS9A,Hitachi HDS5C3030ALA630,3000592982016,0,,0,,,,,,,,0,,,,,,9939,,,,,,,,,,,,,,,,,,,,,,,,,,,,,,22,,,,,,0,,,,,,,,,,,,,,,,,,,,,,,,,,,,
2013-12-11,WD-WCAU45241890,WDC WD10EADS,1000204886016,0,,4,,,,,,,,0,,,,,,41383,,,,,,,,,,,,,,,,,,,,,,,,,,,,,,24,,,,,,0,,,,,,,,,,,,,,,,,,,,,,,,,,,,
2013-12-11,6XW022QD,ST31500541AS,1500301910016,0,,107051051,,,,,,,,0,,,,,,34756,,,,,,,,,,,,,,,,,,,,,,,,,,,,,,20,,,,,,0,,,,,,,,,,,,,,,,,,,,,,,,,,,,
2013-12-11,5XW035GS,ST31500541AS,1500301910016,0,,117347666,,,,,,,,0,,,,,,35758,,,,,,,,,,,,,,,,,,,,,,,,,,,,,,21,,,,,,0,,,,,,,,,,,,,,,,,,,,,,,,,,,,
2013-12-11,MJ0351YNGA43DA,Hitachi HDS5C3030ALA630,3000592982016,0,,0,,,,,,,,0,,,,,,8617,,,,,,,,,,,,,,,,,,,,,,,,,,,,,,31,,,,,,0,,,,,,,,,,,,,,,,,,,,,,,,,,,,
2013-12-11,6XW038S6,ST31500541AS,1500301910016,0,,26348805,,,,,,,,0,,,,,,36565,,,,,,,,,,,,,,,,,,,,,,,,,,,,,,22,,,,,,0,,,,,,,,,,,,,,,,,,,,,,,,,,,,
2013-12-11,W300BYAM,ST4000DM000,4000787030016,0,,203447112,,,,,,,,0,,,,,,909,,,,,,,,,,,,,,,,,,,,,,,,,,,,,,23,,,,,,0,,,,,,,,,,,,,,,,,,,,,,,,,,,,
2013-12-11,W3009F4F,ST4000DM000,4000787030016,0,,36955344,,,,,,,,0,,,,,,4140,,,,,,,,,,,,,,,,,,,,,,,,,,,,,,22,,,,,,0,,,,,,,,,,,,,,,,,,,,,,,,,,,,
2013-12-11,JK11A8BFG9VDTF,Hitachi HDS722020ALA330,2000398934016,0,,0,,,,,,,,0,,,,,,659,,,,,,,,,,,,,,,,,,,,,,,,,,,,,,24,,,,,,0,,,,,,,,,,,,,,,,,,,,,,,,,,,,
2013-12-11,MK0331YHGLGZKA,Hitachi HDS723030ALA640,3000592982016,0,,0,,,,,,,,0,,,,,,17755,,,,,,,,,,,,,,,,,,,,,,,,,,,,,,25,,,,,,0,,,,,,,,,,,,,,,,,,,,,,,,,,,,
2013-12-11,JK1130YAG472JT,Hitachi HDS722020ALA330,2000398934016,0,,65536,,,,,,,,0,,,,,,13587,,,,,,,,,,,,,,,,,,,,,,,,,,,,,,25,,,,,,0,,,,,,,,,,,,,,,,,,,,,,,,,,,,
2013-12-11,JK1101B8JP8T0Z,Hitachi HDS722020ALA330,2000398934016,0,,0,,,,,,,,0,,,,,,24426,,,,,,,,,,,,,,,,,,,,,,,,,,,,,,30,,,,,,0,,,,,,,,,,,,,,,,,,,,,,,,,,,,
2013-12-11,WD-WMAWZ0313750,WDC WD30EZRX,3000592982016,0,,0,,,,,,,,0,,,,,,12694,,,,,,,,,,,,,,,,,,,,,,,,,,,,,,24,,,,,,0,,,,,,,,,,,,,,,,,,,,,,,,,,,,
2013-12-11,S1F0325D,ST3000DM001,3000592982016,0,,86426880,,,,,,,,0,,,,,,15344,,,,,,,,,,,,,,,,,,,,,,,,,,,,,,28,,,,,,0,,,,,,,,,,,,,,,,,,,,,,,,,,,,
2013-12-11,WD-WCAWZ2964300,WDC WD30EZRX,3000592982016,0,,0,,,,,,,,0,,,,,,8002,,,,,,,,,,,,,,,,,,,,,,,,,,,,,,26,,,,,,0,,,,,,,,,,,,,,,,,,,,,,,,,,,,
2013-12-11,W300DCFY,ST4000DM000,4000787030016,0,,112009248,,,,,,,,0,,,,,,4353,,,,,,,,,,,,,,,,,,,,,,,,,,,,,,25,,,,,,0,,,,,,,,,,,,,,,,,,,,,,,,,,,,
2013-12-11,S1F05NAH,ST3000DM001,3000592982016,0,,238060168,,,,,,,,0,,,,,,12345,,,,,,,,,,,,,,,,,,,,,,,,,,,,,,22,,,,,,8,,,,,,,,,,,,,,,,,,,,,,,,,,,,
2013-12-11,S1F05NAJ,ST3000DM001,3000592982016,0,,230403496,,,,,,,,0,,,,,,12366,,,,,,,,,,,,,,,,,,,,,,,,,,,,,,25,,,,,,0,,,,,,,,,,,,,,,,,,,,,,,,,,,,
2013-12-11,MJ1311YNG5DPZA,Hitachi HDS5C3030ALA630,3000592982016,0,,2,,,,,,,,0,,,,,,14574,,,,,,,,,,,,,,,,,,,,,,,,,,,,,,24,,,,,,0,,,,,,,,,,,,,,,,,,,,,,,,,,,,
2013-12-11,S1F10AVQ,ST3000DM001,3000592982016,0,,156685576,,,,,,,,0,,,,,,8180,,,,,,,,,,,,,,,,,,,,,,,,,,,,,,21,,,,,,0,,,,,,,,,,,,,,,,,,,,,,,,,,,,
2013-12-11,MK0333YHGPJ2EC,Hitachi HDS723030ALA640,3000592982016,0,,0,,,,,,,,0,,,,,,17030,,,,,,,,,,,,,,,,,,,,,,,,,,,,,,30,,,,,,0,,,,,,,,,,,,,,,,,,,,,,,,,,,,
2013-12-11,W1F0926V,ST3000DM001,3000592982016,0,,143359632,,,,,,,,0,,,,,,15108,,,,,,,,,,,,,,,,,,,,,,,,,,,,,,22,,,,,,8,,,,,,,,,,,,,,,,,,,,,,,,,,,,
2013-12-11,Z294AZBL,ST33000651AS,3000592982016,0,,160417215,,,,,,,,0,,,,,,3340,,,,,,,,,,,,,,,,,,,,,,,,,,,,,,24,,,,,,0,,,,,,,,,,,,,,,,,,,,,,,,,,,,
2013-12-11,5XW02YCC,ST31500541AS,1500301910016,0,,101228239,,,,,,,,43,,,,,,36442,,,,,,,,,,,,,,,,,,,,,,,,,,,,,,19,,,,,,0,,,,,,,,,,,,,,,,,,,,,,,,,,,,
2013-12-11,S1F05NA7,ST3000DM001,3000592982016,0,,108457160,,,,,,,,664,,,,,,12397,,,,,,,,,,,,,,,,,,,,,,,,,,,,,,23,,,,,,0,,,,,,,,,,,,,,,,,,,,,,,,,,,,
2013-12-11,PL1311LAG25YSA,Hitachi HDS5C4040ALE630,4000787030016,0,,0,,,,,,,,0,,,,,,7411,,,,,,,,,,,,,,,,,,,,,,,,,,,,,,23,,,,,,0,,,,,,,,,,,,,,,,,,,,,,,,,,,,
2013-12-11,S1F03251,ST3000DM001,3000592982016,0,,215127448,,,,,,,,0,,,,,,15191,,,,,,,,,,,,,,,,,,,,,,,,,,,,,,20,,,,,,16,,,,,,,,,,,,,,,,,,,,,,,,,,,,
2013-12-11,MK0333YHGR2ZWC,Hitachi HDS723030ALA640,3000592982016,0,,0,,,,,,,,0,,,,,,17033,,,,,,,,,,,,,,,,,,,,,,,,,,,,,,27,,,,,,0,,,,,,,,,,,,,,,,,,,,,,,,,,,,
2013-12-11,9VS3FE7Y,ST31500341AS,1500301910016,0,,110228233,,,,,,,,2,,,,,,32919,,,,,,,,,,,,,,,,,,,,,,,,,,,,,,19,,,,,,0,,,,,,,,,,,,,,,,,,,,,,,,,,,,
2013-12-11,PL1311LAG3B6MH,Hitachi HDS5C4040ALE630,4000787030016,0,,0,,,,,,,,0,,,,,,5125,,,,,,,,,,,,,,,,,,,,,,,,,,,,,,28,,,,,,0,,,,,,,,,,,,,,,,,,,,,,,,,,,,
2013-12-11,PL1321LAG33XJH,Hitachi HDS5C4040ALE630,4000787030016,0,,0,,,,,,,,0,,,,,,6652,,,,,,,,,,,,,,,,,,,,,,,,,,,,,,25,,,,,,0,,,,,,,,,,,,,,,,,,,,,,,,,,,,
2013-12-11,PL1311LAG38RUH,Hitachi HDS5C4040ALE630,4000787030016,0,,0,,,,,,,,0,,,,,,5037,,,,,,,,,,,,,,,,,,,,,,,,,,,,,,26,,,,,,0,,,,,,,,,,,,,,,,,,,,,,,,,,,,
2013-12-11,JK11A8BFGA6DPF,Hitachi HDS722020ALA330,2000398934016,0,,0,,,,,,,,0,,,,,,3300,,,,,,,,,,,,,,,,,,,,,,,,,,,,,,23,,,,,,0,,,,,,,,,,,,,,,,,,,,,,,,,,,,
2013-12-11,WD-WCAU45415954,WDC WD10EADS,1000204886016,0,,2,,,,,,,,0,,,,,,41341,,,,,,,,,,,,,,,,,,,,,,,,,,,,,,27,,,,,,0,,,,,,,,,,,,,,,,,,,,,,,,,,,,
2013-12-11,MJ1311YNG3K0DA,Hitachi HDS5C3030ALA630,3000592982016,0,,0,,,,,,,,0,,,,,,19618,,,,,,,,,,,,,,,,,,,,,,,,,,,,,,25,,,,,,0,,,,,,,,,,,,,,,,,,,,,,,,,,,,
2013-12-11,W300L5ZT,ST4000DM000,4000787030016,0,,12908456,,,,,,,,0,,,,,,909,,,,,,,,,,,,,,,,,,,,,,,,,,,,,,21,,,,,,0,,,,,,,,,,,,,,,,,,,,,,,,,,,,
2013-12-11,13H8B43GS,TOSHIBA DT01ACA300,3000592982016,0,,0,,,,,,,,0,,,,,,5500,,,,,,,,,,,,,,,,,,,,,,,,,,,,,,29,,,,,,0,,,,,,,,,,,,,,,,,,,,,,,,,,,,
2013-12-11,S2CHJR0Z700122,SAMSUNG HD154UI,1500301910016,0,,0,,,,,,,,0,,,,,,2260,,,,,,,,,,,,,,,,,,,,,,,,,,,,,,15,,,,,,0,,,,,,,,,,,,,,,,,,,,,,,,,,,,
2013-12-11,JK1105B8JS1NXX,Hitachi HDS722020ALA330,2000398934016,0,,327681,,,,,,,,0,,,,,,23512,,,,,,,,,,,,,,,,,,,,,,,,,,,,,,28,,,,,,0,,,,,,,,,,,,,,,,,,,,,,,,,,,,
2013-12-11,MJ1311YNG7AHUA,Hitachi HDS5C3030ALA630,3000592982016,0,,0,,,,,,,,0,,,,,,14290,,,,,,,,,,,,,,,,,,,,,,,,,,,,,,31,,,,,,0,,,,,,,,,,,,,,,,,,,,,,,,,,,,
2013-12-11,W1F0X4X2,ST3000DM001,3000592982016,0,,85936488,,,,,,,,0,,,,,,10771,,,,,,,,,,,,,,,,,,,,,,,,,,,,,,25,,,,,,0,,,,,,,,,,,,,,,,,,,,,,,,,,,,
2013-12-11,S1F04B99,ST3000DM001,3000592982016,0,,40287216,,,,,,,,0,,,,,,15248,,,,,,,,,,,,,,,,,,,,,,,,,,,,,,23,,,,,,0,,,,,,,,,,,,,,,,,,,,,,,,,,,,
2013-12-11,PL1311LAG1S95A,Hitachi HDS5C4040ALE630,4000787030016,0,,0,,,,,,,,0,,,,,,6075,,,,,,,,,,,,,,,,,,,,,,,,,,,,,,15,,,,,,0,,,,,,,,,,,,,,,,,,,,,,,,,,,,
2013-12-11,MJ1311YNG3GEZA,Hitachi HDS5C3030ALA630,3000592982016,0,,0,,,,,,,,0,,,,,,19254,,,,,,,,,,,,,,,,,,,,,,,,,,,,,,25,,,,,,0,,,,,,,,,,,,,,,,,,,,,,,,,,,,
2013-12-11,9VS29SYQ,ST31500341AS,1500301910016,0,,74603742,,,,,,,,4,,,,,,35284,,,,,,,,,,,,,,,,,,,,,,,,,,,,,,20,,,,,,0,,,,,,,,,,,,,,,,,,,,,,,,,,,,
2013-12-11,W1F0A4Y4,ST3000DM001,3000592982016,0,,192202520,,,,,,,,0,,,,,,14693,,,,,,,,,,,,,,,,,,,,,,,,,,,,,,26,,,,,,0,,,,,,,,,,,,,,,,,,,,,,,,,,,,
2013-12-11,MJ0351YNG9W6GA,Hitachi HDS5C3030ALA630,3000592982016,0,,0,,,,,,,,0,,,,,,9901,,,,,,,,,,,,,,,,,,,,,,,,,,,,,,27,,,,,,0,,,,,,,,,,,,,,,,,,,,,,,,,,,,
2013-12-11,W1F0A4YA,ST3000DM001,3000592982016,0,,151550246,,,,,,,,0,,,,,,15368,,,,,,,,,,,,,,,,,,,,,,,,,,,,,,22,,,,,,0,,,,,,,,,,,,,,,,,,,,,,,,,,,,
2013-12-11,PL1311LAG23EWA,Hitachi HDS5C4040ALE630,4000787030016,0,,0,,,,,,,,0,,,,,,7414,,,,,,,,,,,,,,,,,,,,,,,,,,,,,,22,,,,,,0,,,,,,,,,,,,,,,,,,,,,,,,,,,,
2013-12-11,PL1311LAG393RH,Hitachi HDS5C4040ALE630,4000787030016,0,,0,,,,,,,,0,,,,,,6653,,,,,,,,,,,,,,,,,,,,,,,,,,,,,,27,,,,,,0,,,,,,,,,,,,,,,,,,,,,,,,,,,,
2013-12-11,WD-WMAWZ0285764,WDC WD30EZRX,3000592982016,0,,0,,,,,,,,0,,,,,,12696,,,,,,,,,,,,,,,,,,,,,,,,,,,,,,24,,,,,,0,,,,,,,,,,,,,,,,,,,,,,,,,,,,
2013-12-11,WD-WCAU45522184,WDC WD10EADS,1000204886016,0,,1,,,,,,,,0,,,,,,38833,,,,,,,,,,,,,,,,,,,,,,,,,,,,,,26,,,,,,0,,,,,,,,,,,,,,,,,,,,,,,,,,,,
2013-12-11,S1F0A0Q1,ST3000DM001,3000592982016,0,,39140016,,,,,,,,0,,,,,,12876,,,,,,,,,,,,,,,,,,,,,,,,,,,,,,27,,,,,,0,,,,,,,,,,,,,,,,,,,,,,,,,,,,
2013-12-11,JK11A8B9J7A6UF,Hitachi HDS722020ALA330,2000398934016,0,,131072,,,,,,,,0,,,,,,24544,,,,,,,,,,,,,,,,,,,,,,,,,,,,,,28,,,,,,0,,,,,,,,,,,,,,,,,,,,,,,,,,,,
2013-12-11,JK1101B9KMM7VT,Hitachi HDS722020ALA330,2000398934016,0,,0,,,,,,,,0,,,,,,23075,,,,,,,,,,,,,,,,,,,,,,,,,,,,,,33,,,,,,0,,,,,,,,,,,,,,,,,,,,,,,,,,,,
2013-12-11,MJ1311YNG3ATMA,Hitachi HDS5C3030ALA630,3000592982016,0,,0,,,,,,,,0,,,,,,19253,,,,,,,,,,,,,,,,,,,,,,,,,,,,,,29,,,,,,0,,,,,,,,,,,,,,,,,,,,,,,,,,,,
2013-12-11,6XW0CD8G,ST31500541AS,1500301910016,0,,237310153,,,,,,,,85,,,,,,19345,,,,,,,,,,,,,,,,,,,,,,,,,,,,,,19,,,,,,0,,,,,,,,,,,,,,,,,,,,,,,,,,,,
2013-12-11,W300JN9B,ST4000DM000,4000787030016,0,,114890176,,,,,,,,0,,,,,,2875,,,,,,,,,,,,,,,,,,,,,,,,,,,,,,22,,,,,,0,,,,,,,,,,,,,,,,,,,,,,,,,,,,
2013-12-11,6XW19KFD,ST31500541AS,1500301910016,0,,168095000,,,,,,,,0,,,,,,20288,,,,,,,,,,,,,,,,,,,,,,,,,,,,,,21,,,,,,0,,,,,,,,,,,,,,,,,,,,,,,,,,,,
2013-12-11,W300KVZX,ST4000DM000,4000787030016,0,,130009464,,,,,,,,0,,,,,,799,,,,,,,,,,,,,,,,,,,,,,,,,,,,,,18,,,,,,0,,,,,,,,,,,,,,,,,,,,,,,,,,,,
2013-12-11,JK11A8B9J7Z21F,Hitachi HDS722020ALA330,2000398934016,0,,0,,,,,,,,0,,,,,,25122,,,,,,,,,,,,,,,,,,,,,,,,,,,,,,31,,,,,,0,,,,,,,,,,,,,,,,,,,,,,,,,,,,
2013-12-11,W1F0ES51,ST3000DM001,3000592982016,0,,232070128,,,,,,,,0,,,,,,12396,,,,,,,,,,,,,,,,,,,,,,,,,,,,,,27,,,,,,0,,,,,,,,,,,,,,,,,,,,,,,,,,,,
2013-12-11,5XW1RX0W,ST32000542AS,2000398934016,0,,24412507,,,,,,,,0,,,,,,21160,,,,,,,,,,,,,,,,,,,,,,,,,,,,,,18,,,,,,0,,,,,,,,,,,,,,,,,,,,,,,,,,,,
2013-12-11,MJ1311YNG3JRGA,Hitachi HDS5C3030ALA630,3000592982016,0,,0,,,,,,,,0,,,,,,14620,,,,,,,,,,,,,,,,,,,,,,,,,,,,,,23,,,,,,0,,,,,,,,,,,,,,,,,,,,,,,,,,,,
2013-12-11,JK1101YAK8SA7V,Hitachi HDS722020ALA330,2000398934016,0,,0,,,,,,,,0,,,,,,29211,,,,,,,,,,,,,,,,,,,,,,,,,,,,,,31,,,,,,0,,,,,,,,,,,,,,,,,,,,,,,,,,,,
2013-12-11,MJ0351YNG9RSHA,Hitachi HDS5C3030ALA630,3000592982016,0,,0,,,,,,,,0,,,,,,9989,,,,,,,,,,,,,,,,,,,,,,,,,,,,,,27,,,,,,0,,,,,,,,,,,,,,,,,,,,,,,,,,,,
2013-12-11,9XK05ZK0,ST33000651AS,3000592982016,0,,76154493,,,,,,,,0,,,,,,16820,,,,,,,,,,,,,,,,,,,,,,,,,,,,,,28,,,,,,0,,,,,,,,,,,,,,,,,,,,,,,,,,,,
2013-12-11,MJ1311YNG5JP1A,Hitachi HDS5C3030ALA630,3000592982016,0,,0,,,,,,,,0,,,,,,14624,,,,,,,,,,,,,,,,,,,,,,,,,,,,,,22,,,,,,0,,,,,,,,,,,,,,,,,,,,,,,,,,,,
2013-12-11,JK11A8B9J419ZF,Hitachi HDS722020ALA330,2000398934016,0,,65536,,,,,,,,0,,,,,,23544,,,,,,,,,,,,,,,,,,,,,,,,,,,,,,40,,,,,,0,,,,,,,,,,,,,,,,,,,,,,,,,,,,
2013-12-11,6XW0454P,ST31500541AS,1500301910016,0,,113419362,,,,,,,,0,,,,,,37287,,,,,,,,,,,,,,,,,,,,,,,,,,,,,,27,,,,,,0,,,,,,,,,,,,,,,,,,,,,,,,,,,,
2013-12-11,JK1130YAHDEA0T,Hitachi HDS722020ALA330,2000398934016,0,,2097188,,,,,,,,0,,,,,,28849,,,,,,,,,,,,,,,,,,,,,,,,,,,,,,27,,,,,,0,,,,,,,,,,,,,,,,,,,,,,,,,,,,
2013-12-11,JK1160YAHJE2YT,Hitachi HDS722020ALA330,2000398934016,0,,0,,,,,,,,0,,,,,,24220,,,,,,,,,,,,,,,,,,,,,,,,,,,,,,26,,,,,,0,,,,,,,,,,,,,,,,,,,,,,,,,,,,
2013-12-11,JK11A8B9GPMW0F,Hitachi HDS722020ALA330,2000398934016,0,,65536,,,,,,,,0,,,,,,23582,,,,,,,,,,,,,,,,,,,,,,,,,,,,,,33,,,,,,0,,,,,,,,,,,,,,,,,,,,,,,,,,,,
2013-12-11,JK1105B8GG4U5X,Hitachi HDS722020ALA330,2000398934016,0,,0,,,,,,,,0,,,,,,27221,,,,,,,,,,,,,,,,,,,,,,,,,,,,,,34,,,,,,0,,,,,,,,,,,,,,,,,,,,,,,,,,,,
2013-12-11,PL1311LAG3EANH,Hitachi HDS5C4040ALE630,4000787030016,0,,0,,,,,,,,0,,,,,,5932,,,,,,,,,,,,,,,,,,,,,,,,,,,,,,27,,,,,,0,,,,,,,,,,,,,,,,,,,,,,,,,,,,
2013-12-11,WD-WCAU42480774,WDC WD10EACS,1000204886016,0,,0,,,,,,,,0,,,,,,42770,,,,,,,,,,,,,,,,,,,,,,,,,,,,,,27,,,,,,0,,,,,,,,,,,,,,,,,,,,,,,,,,,,
2013-12-11,JK11A8B9GP57PF,Hitachi HDS722020ALA330,2000398934016,0,,0,,,,,,,,0,,,,,,26493,,,,,,,,,,,,,,,,,,,,,,,,,,,,,,29,,,,,,0,,,,,,,,,,,,,,,,,,,,,,,,,,,,
2013-12-11,JK11A8B9J1MU7F,Hitachi HDS722020ALA330,2000398934016,0,,0,,,,,,,,40,,,,,,23710,,,,,,,,,,,,,,,,,,,,,,,,,,,,,,25,,,,,,0,,,,,,,,,,,,,,,,,,,,,,,,,,,,
2013-12-11,Z1F08F7E,ST3000DM001,3000592982016,0,,119828192,,,,,,,,0,,,,,,14734,,,,,,,,,,,,,,,,,,,,,,,,,,,,,,23,,,,,,0,,,,,,,,,,,,,,,,,,,,,,,,,,,,
2013-12-11,Z300KN10,ST4000DM000,4000787030016,0,,219935640,,,,,,,,0,,,,,,2257,,,,,,,,,,,,,,,,,,,,,,,,,,,,,,24,,,,,,0,,,,,,,,,,,,,,,,,,,,,,,,,,,,
2013-12-11,MJ0351YNG9YUNA,Hitachi HDS5C3030ALA630,3000592982016,0,,0,,,,,,,,0,,,,,,9956,,,,,,,,,,,,,,,,,,,,,,,,,,,,,,27,,,,,,0,,,,,,,,,,,,,,,,,,,,,,,,,,,,
2013-12-11,Z300KN1M,ST4000DM000,4000787030016,0,,48712648,,,,,,,,0,,,,,,2256,,,,,,,,,,,,,,,,,,,,,,,,,,,,,,23,,,,,,0,,,,,,,,,,,,,,,,,,,,,,,,,,,,
2013-12-11,5XW05JH4,ST31500541AS,1500301910016,0,,113187833,,,,,,,,92,,,,,,33054,,,,,,,,,,,,,,,,,,,,,,,,,,,,,,17,,,,,,0,,,,,,,,,,,,,,,,,,,,,,,,,,,,
2013-12-11,Z300KN1Y,ST4000DM000,4000787030016,0,,86355856,,,,,,,,0,,,,,,1848,,,,,,,,,,,,,,,,,,,,,,,,,,,,,,22,,,,,,0,,,,,,,,,,,,,,,,,,,,,,,,,,,,
2013-12-11,W1F0WBGF,ST3000DM001,3000592982016,0,,167051192,,,,,,,,0,,,,,,11608,,,,,,,,,,,,,,,,,,,,,,,,,,,,,,29,,,,,,0,,,,,,,,,,,,,,,,,,,,,,,,,,,,
2013-12-11,JK11A8B9J8H1ZF,Hitachi HDS722020ALA330,2000398934016,0,,0,,,,,,,,0,,,,,,24467,,,,,,,,,,,,,,,,,,,,,,,,,,,,,,23,,,,,,0,,,,,,,,,,,,,,,,,,,,,,,,,,,,
2013-12-11,JK11A8B9J3A8GF,Hitachi HDS722020ALA330,2000398934016,0,,0,,,,,,,,0,,,,,,24502,,,,,,,,,,,,,,,,,,,,,,,,,,,,,,34,,,,,,0,,,,,,,,,,,,,,,,,,,,,,,,,,,,
2013-12-11,MJ1321YNG0NASA,Hitachi HDS5C3030ALA630,3000592982016,0,,0,,,,,,,,0,,,,,,19310,,,,,,,,,,,,,,,,,,,,,,,,,,,,,,28,,,,,,0,,,,,,,,,,,,,,,,,,,,,,,,,,,,
2013-12-11,JK1170YAJDAN5T,Hitachi HDS722020ALA330,2000398934016,0,,196617,,,,,,,,0,,,,,,28154,,,,,,,,,,,,,,,,,,,,,,,,,,,,,,27,,,,,,0,,,,,,,,,,,,,,,,,,,,,,,,,,,,
2013-12-11,9VS3J8PZ,ST31500341AS,1500301910016,0,,223617523,,,,,,,,5,,,,,,32874,,,,,,,,,,,,,,,,,,,,,,,,,,,,,,19,,,,,,0,,,,,,,,,,,,,,,,,,,,,,,,,,,,
2013-12-11,Z300BYE9,ST4000DM000,4000787030016,0,,21379568,,,,,,,,0,,,,,,2261,,,,,,,,,,,,,,,,,,,,,,,,,,,,,,19,,,,,,0,,,,,,,,,,,,,,,,,,,,,,,,,,,,
2013-12-11,MJ0351YNG9SJLA,Hitachi HDS5C3030ALA630,3000592982016,0,,0,,,,,,,,0,,,,,,8830,,,,,,,,,,,,,,,,,,,,,,,,,,,,,,27,,,,,,0,,,,,,,,,,,,,,,,,,,,,,,,,,,,
2013-12-11,W3004Q8D,ST4000DM000,4000787030016,0,,57489040,,,,,,,,0,,,,,,2856,,,,,,,,,,,,,,,,,,,,,,,,,,,,,,20,,,,,,0,,,,,,,,,,,,,,,,,,,,,,,,,,,,
2013-12-11,PL1311LAG1JSHA,Hitachi HDS5C4040ALE630,4000787030016,0,,0,,,,,,,,0,,,,,,7459,,,,,,,,,,,,,,,,,,,,,,,,,,,,,,26,,,,,,0,,,,,,,,,,,,,,,,,,,,,,,,,,,,
2013-12-11,MK0311YHGK87JA,Hitachi HDS723030ALA640,3000592982016,0,,0,,,,,,,,0,,,,,,16802,,,,,,,,,,,,,,,,,,,,,,,,,,,,,,29,,,,,,0,,,,,,,,,,,,,,,,,,,,,,,,,,,,
2013-12-11,WD-WCAWZ0985901,WDC WD30EZRX,3000592982016,0,,0,,,,,,,,0,,,,,,12359,,,,,,,,,,,,,,,,,,,,,,,,,,,,,,22,,,,,,0,,,,,,,,,,,,,,,,,,,,,,,,,,,,
2013-12-11,6XW0SH7N,ST31500541AS,1500301910016,0,,234750203,,,,,,,,0,,,,,,33330,,,,,,,,,,,,,,,,,,,,,,,,,,,,,,21,,,,,,0,,,,,,,,,,,,,,,,,,,,,,,,,,,,
2013-12-11,Z300CLZX,ST4000DM000,4000787030016,0,,6656128,,,,,,,,0,,,,,,2385,,,,,,,,,,,,,,,,,,,,,,,,,,,,,,24,,,,,,0,,,,,,,,,,,,,,,,,,,,,,,,,,,,
2013-12-11,9VS1QXWK,ST31500341AS,1500301910016,0,,15296715,,,,,,,,3,,,,,,40234,,,,,,,,,,,,,,,,,,,,,,,,,,,,,,28,,,,,,0,,,,,,,,,,,,,,,,,,,,,,,,,,,,
2013-12-11,Z300PLX2,ST4000DM000,4000787030016,0,,57923688,,,,,,,,0,,,,,,1228,,,,,,,,,,,,,,,,,,,,,,,,,,,,,,22,,,,,,0,,,,,,,,,,,,,,,,,,,,,,,,,,,,
2013-12-11,Z300CLZR,ST4000DM000,4000787030016,0,,52431696,,,,,,,,0,,,,,,2219,,,,,,,,,,,,,,,,,,,,,,,,,,,,,,25,,,,,,0,,,,,,,,,,,,,,,,,,,,,,,,,,,,
2013-12-11,Z1Z03FAP,ST4000DX000,4000787030016,0,,191491431,,,,,,,,0,,,,,,7132,,,,,,,,,,,,,,,,,,,,,,,,,,,,,,39,,,,,,0,,,,,,,,,,,,,,,,,,,,,,,,,,,,
2013-12-11,Z300PLX6,ST4000DM000,4000787030016,0,,34090392,,,,,,,,0,,,,,,1228,,,,,,,,,,,,,,,,,,,,,,,,,,,,,,20,,,,,,0,,,,,,,,,,,,,,,,,,,,,,,,,,,,
2013-12-11,6XW1073T,ST31500541AS,1500301910016,0,,144026858,,,,,,,,0,,,,,,30970,,,,,,,,,,,,,,,,,,,,,,,,,,,,,,20,,,,,,0,,,,,,,,,,,,,,,,,,,,,,,,,,,,
2013-12-11,Z300H3YM,ST4000DM000,4000787030016,0,,82386312,,,,,,,,0,,,,,,1297,,,,,,,,,,,,,,,,,,,,,,,,,,,,,,21,,,,,,0,,,,,,,,,,,,,,,,,,,,,,,,,,,,
2013-12-11,PL1311LAG153JA,Hitachi HDS5C4040ALE630,4000787030016,0,,0,,,,,,,,0,,,,,,5191,,,,,,,,,,,,,,,,,,,,,,,,,,,,,,27,,,,,,0,,,,,,,,,,,,,,,,,,,,,,,,,,,,
2013-12-11,W3006E81,ST4000DM000,4000787030016,0,,7366200,,,,,,,,0,,,,,,2680,,,,,,,,,,,,,,,,,,,,,,,,,,,,,,27,,,,,,0,,,,,,,,,,,,,,,,,,,,,,,,,,,,
2013-12-11,JK1101B9J0A41F,Hitachi HDS722020ALA330,2000398934016,0,,65537,,,,,,,,0,,,,,,23105,,,,,,,,,,,,,,,,,,,,,,,,,,,,,,22,,,,,,0,,,,,,,,,,,,,,,,,,,,,,,,,,,,
2013-12-11,JK11A8B9J3S8PF,Hitachi HDS722020ALA330,2000398934016,0,,65536,,,,,,,,0,,,,,,23822,,,,,,,,,,,,,,,,,,,,,,,,,,,,,,34,,,,,,0,,,,,,,,,,,,,,,,,,,,,,,,,,,,
2013-12-11,W3002Q74,ST4000DM000,4000787030016,0,,112622096,,,,,,,,0,,,,,,2244,,,,,,,,,,,,,,,,,,,,,,,,,,,,,,19,,,,,,0,,,,,,,,,,,,,,,,,,,,,,,,,,,,
2013-12-11,S1F0BBF2,ST3000DM001,3000592982016,0,,61042048,,,,,,,,0,,,,,,12839,,,,,,,,,,,,,,,,,,,,,,,,,,,,,,24,,,,,,0,,,,,,,,,,,,,,,,,,,,,,,,,,,,
2013-12-11,MJ0351YNGABYDA,Hitachi HDS5C3030ALA630,3000592982016,0,,0,,,,,,,,0,,,,,,7989,,,,,,,,,,,,,,,,,,,,,,,,,,,,,,28,,,,,,0,,,,,,,,,,,,,,,,,,,,,,,,,,,,
2013-12-11,6XW01D23,ST31500541AS,1500301910016,0,,202797895,,,,,,,,0,,,,,,35748,,,,,,,,,,,,,,,,,,,,,,,,,,,,,,18,,,,,,0,,,,,,,,,,,,,,,,,,,,,,,,,,,,
2013-12-11,Z300PLXM,ST4000DM000,4000787030016,0,,48051560,,,,,,,,0,,,,,,1229,,,,,,,,,,,,,,,,,,,,,,,,,,,,,,22,,,,,,0,,,,,,,,,,,,,,,,,,,,,,,,,,,,
2013-12-11,W1F0AQ5Z,ST3000DM001,3000592982016,0,,169411344,,,,,,,,0,,,,,,14728,,,,,,,,,,,,,,,,,,,,,,,,,,,,,,25,,,,,,0,,,,,,,,,,,,,,,,,,,,,,,,,,,,
2013-12-11,MJ0351YNG9YL1A,Hitachi HDS5C3030ALA630,3000592982016,0,,0,,,,,,,,0,,,,,,9773,,,,,,,,,,,,,,,,,,,,,,,,,,,,,,29,,,,,,0,,,,,,,,,,,,,,,,,,,,,,,,,,,,
2013-12-11,WD-WCAV53892467,WDC WD10EADS,1000204886016,0,,0,,,,,,,,0,,,,,,3671,,,,,,,,,,,,,,,,,,,,,,,,,,,,,,27,,,,,,0,,,,,,,,,,,,,,,,,,,,,,,,,,,,
2013-12-11,Z300PLXX,ST4000DM000,4000787030016,0,,56149168,,,,,,,,0,,,,,,1114,,,,,,,,,,,,,,,,,,,,,,,,,,,,,,29,,,,,,0,,,,,,,,,,,,,,,,,,,,,,,,,,,,
2013-12-11,W1F0AQ5B,ST3000DM001,3000592982016,0,,88614480,,,,,,,,0,,,,,,13914,,,,,,,,,,,,,,,,,,,,,,,,,,,,,,23,,,,,,0,,,,,,,,,,,,,,,,,,,,,,,,,,,,
2013-12-11,W300DD3R,ST4000DM000,4000787030016,0,,32502264,,,,,,,,0,,,,,,4165,,,,,,,,,,,,,,,,,,,,,,,,,,,,,,24,,,,,,0,,,,,,,,,,,,,,,,,,,,,,,,,,,,
2013-12-11,Z300PLXT,ST4000DM000,4000787030016,0,,84652200,,,,,,,,0,,,,,,1451,,,,,,,,,,,,,,,,,,,,,,,,,,,,,,26,,,,,,0,,,,,,,,,,,,,,,,,,,,,,,,,,,,
2013-12-11,Z300GZ60,ST4000DM000,4000787030016,0,,137875072,,,,,,,,0,,,,,,3584,,,,,,,,,,,,,,,,,,,,,,,,,,,,,,24,,,,,,0,,,,,,,,,,,,,,,,,,,,,,,,,,,,
2013-12-11,Z300GZ61,ST4000DM000,4000787030016,0,,228062704,,,,,,,,0,,,,,,3580,,,,,,,,,,,,,,,,,,,,,,,,,,,,,,21,,,,,,0,,,,,,,,,,,,,,,,,,,,,,,,,,,,
2013-12-11,Z300GZ62,ST4000DM000,4000787030016,0,,172336104,,,,,,,,0,,,,,,2899,,,,,,,,,,,,,,,,,,,,,,,,,,,,,,25,,,,,,0,,,,,,,,,,,,,,,,,,,,,,,,,,,,
2013-12-11,W300ERBQ,ST4000DM000,4000787030016,0,,98154272,,,,,,,,0,,,,,,2385,,,,,,,,,,,,,,,,,,,,,,,,,,,,,,24,,,,,,0,,,,,,,,,,,,,,,,,,,,,,,,,,,,
2013-12-11,PL1321LAG2Y5MH,Hitachi HDS5C4040ALE630,4000787030016,0,,0,,,,,,,,0,,,,,,5949,,,,,,,,,,,,,,,,,,,,,,,,,,,,,,23,,,,,,0,,,,,,,,,,,,,,,,,,,,,,,,,,,,
2013-12-11,5XW1AX7F,ST31500541AS,1500301910016,0,,92837781,,,,,,,,0,,,,,,12095,,,,,,,,,,,,,,,,,,,,,,,,,,,,,,21,,,,,,0,,,,,,,,,,,,,,,,,,,,,,,,,,,,
2013-12-11,MK0311YHG2V7HA,Hitachi HDS723030ALA640,3000592982016,0,,0,,,,,,,,0,,,,,,22347,,,,,,,,,,,,,,,,,,,,,,,,,,,,,,25,,,,,,0,,,,,,,,,,,,,,,,,,,,,,,,,,,,
2013-12-11,MJ1323YNG1R26C,Hitachi HDS5C3030ALA630,3000592982016,0,,0,,,,,,,,0,,,,,,19770,,,,,,,,,,,,,,,,,,,,,,,,,,,,,,25,,,,,,0,,,,,,,,,,,,,,,,,,,,,,,,,,,,
2013-12-11,S1F02W5S,ST3000DM001,3000592982016,0,,96161296,,,,,,,,0,,,,,,14213,,,,,,,,,,,,,,,,,,,,,,,,,,,,,,19,,,,,,0,,,,,,,,,,,,,,,,,,,,,,,,,,,,
2013-12-11,W300CWLM,ST4000DM000,4000787030016,0,,22970192,,,,,,,,0,,,,,,1871,,,,,,,,,,,,,,,,,,,,,,,,,,,,,,25,,,,,,0,,,,,,,,,,,,,,,,,,,,,,,,,,,,
2013-12-11,Z300PAMP,ST4000DM000,4000787030016,0,,84070696,,,,,,,,0,,,,,,1114,,,,,,,,,,,,,,,,,,,,,,,,,,,,,,26,,,,,,0,,,,,,,,,,,,,,,,,,,,,,,,,,,,
2013-12-11,MK0333YHGPJGWC,Hitachi HDS723030ALA640,3000592982016,0,,65538,,,,,,,,0,,,,,,17755,,,,,,,,,,,,,,,,,,,,,,,,,,,,,,26,,,,,,0,,,,,,,,,,,,,,,,,,,,,,,,,,,,
2013-12-11,W1F09AKF,ST3000DM001,3000592982016,0,,217879144,,,,,,,,0,,,,,,13345,,,,,,,,,,,,,,,,,,,,,,,,,,,,,,27,,,,,,0,,,,,,,,,,,,,,,,,,,,,,,,,,,,
2013-12-11,MJ0351YNG9XWXA,Hitachi HDS5C3030ALA630,3000592982016,0,,0,,,,,,,,0,,,,,,9190,,,,,,,,,,,,,,,,,,,,,,,,,,,,,,29,,,,,,0,,,,,,,,,,,,,,,,,,,,,,,,,,,,
2013-12-11,MJ1311YNG3JD3A,Hitachi HDS5C3030ALA630,3000592982016,0,,0,,,,,,,,0,,,,,,19254,,,,,,,,,,,,,,,,,,,,,,,,,,,,,,21,,,,,,0,,,,,,,,,,,,,,,,,,,,,,,,,,,,
2013-12-11,MJ1311YNG7KREA,Hitachi HDS5C3030ALA630,3000592982016,0,,0,,,,,,,,0,,,,,,14621,,,,,,,,,,,,,,,,,,,,,,,,,,,,,,25,,,,,,0,,,,,,,,,,,,,,,,,,,,,,,,,,,,
2013-12-11,MJ0351YNG9ZNNA,Hitachi HDS5C3030ALA630,3000592982016,0,,0,,,,,,,,0,,,,,,9483,,,,,,,,,,,,,,,,,,,,,,,,,,,,,,29,,,,,,0,,,,,,,,,,,,,,,,,,,,,,,,,,,,
2013-12-11,PL1301LAG2VPYA,Hitachi HDS5C4040ALE630,4000787030016,0,,0,,,,,,,,0,,,,,,5961,,,,,,,,,,,,,,,,,,,,,,,,,,,,,,17,,,,,,0,,,,,,,,,,,,,,,,,,,,,,,,,,,,
2013-12-11,MK0333YHGRLK4C,Hitachi HDS723030ALA640,3000592982016,0,,0,,,,,,,,0,,,,,,13276,,,,,,,,,,,,,,,,,,,,,,,,,,,,,,27,,,,,,0,,,,,,,,,,,,,,,,,,,,,,,,,,,,
2013-12-11,MJ0351YNGAD7NA,Hitachi HDS5C3030ALA630,3000592982016,0,,0,,,,,,,,0,,,,,,8142,,,,,,,,,,,,,,,,,,,,,,,,,,,,,,28,,,,,,0,,,,,,,,,,,,,,,,,,,,,,,,,,,,
2013-12-11,MJ0351YNGA751A,Hitachi HDS5C3030ALA630,3000592982016,0,,0,,,,,,,,0,,,,,,8661,,,,,,,,,,,,,,,,,,,,,,,,,,,,,,29,,,,,,0,,,,,,,,,,,,,,,,,,,,,,,,,,,,
2013-12-11,MK0311YHGBXLGA,Hitachi HDS723030ALA640,3000592982016,0,,0,,,,,,,,0,,,,,,16077,,,,,,,,,,,,,,,,,,,,,,,,,,,,,,26,,,,,,0,,,,,,,,,,,,,,,,,,,,,,,,,,,,
2013-12-11,MJ1311YNG7LV8A,Hitachi HDS5C3030ALA630,3000592982016,0,,0,,,,,,,,0,,,,,,14305,,,,,,,,,,,,,,,,,,,,,,,,,,,,,,22,,,,,,0,,,,,,,,,,,,,,,,,,,,,,,,,,,,
2013-12-11,JK1171YAK1Y8HN,Hitachi HDS722020ALA330,2000398934016,0,,524298,,,,,,,,5,,,,,,29668,,,,,,,,,,,,,,,,,,,,,,,,,,,,,,30,,,,,,0,,,,,,,,,,,,,,,,,,,,,,,,,,,,
2013-12-11,Z300GZ6Z,ST4000DM000,4000787030016,0,,219237600,,,,,,,,0,,,,,,3584,,,,,,,,,,,,,,,,,,,,,,,,,,,,,,23,,,,,,0,,,,,,,,,,,,,,,,,,,,,,,,,,,,
2013-12-11,S1F03K9Z,ST3000DM001,3000592982016,0,,169035256,,,,,,,,0,,,,,,13878,,,,,,,,,,,,,,,,,,,,,,,,,,,,,,26,,,,,,0,,,,,,,,,,,,,,,,,,,,,,,,,,,,
2013-12-11,Z300GZ6P,ST4000DM000,4000787030016,0,,57246120,,,,,,,,0,,,,,,3584,,,,,,,,,,,,,,,,,,,,,,,,,,,,,,25,,,,,,0,,,,,,,,,,,,,,,,,,,,,,,,,,,,
2013-12-11,S1F0CSRX,ST3000DM001,3000592982016,0,,174324048,,,,,,,,0,,,,,,12422,,,,,,,,,,,,,,,,,,,,,,,,,,,,,,34,,,,,,0,,,,,,,,,,,,,,,,,,,,,,,,,,,,
2013-12-11,MJ0351YNG9Z6GA,Hitachi HDS5C3030ALA630,3000592982016,0,,0,,,,,,,,0,,,,,,9469,,,,,,,,,,,,,,,,,,,,,,,,,,,,,,25,,,,,,0,,,,,,,,,,,,,,,,,,,,,,,,,,,,
2013-12-11,Z300GZ6V,ST4000DM000,4000787030016,0,,123452912,,,,,,,,0,,,,,,3581,,,,,,,,,,,,,,,,,,,,,,,,,,,,,,26,,,,,,0,,,,,,,,,,,,,,,,,,,,,,,,,,,,
2013-12-11,Z300GZ6H,ST4000DM000,4000787030016,0,,42509088,,,,,,,,0,,,,,,3346,,,,,,,,,,,,,,,,,,,,,,,,,,,,,,18,,,,,,0,,,,,,,,,,,,,,,,,,,,,,,,,,,,
2013-12-11,Z300GZ6K,ST4000DM000,4000787030016,0,,82614424,,,,,,,,0,,,,,,2899,,,,,,,,,,,,,,,,,,,,,,,,,,,,,,24,,,,,,0,,,,,,,,,,,,,,,,,,,,,,,,,,,,
2013-12-11,Z300GZ6L,ST4000DM000,4000787030016,0,,218732512,,,,,,,,0,,,,,,3580,,,,,,,,,,,,,,,,,,,,,,,,,,,,,,27,,,,,,0,,,,,,,,,,,,,,,,,,,,,,,,,,,,
2013-12-11,WD-WMC4N1087606,WDC WD30EFRX,3000592982016,0,,0,,,,,,,,0,,,,,,446,,,,,,,,,,,,,,,,,,,,,,,,,,,,,,26,,,,,,0,,,,,,,,,,,,,,,,,,,,,,,,,,,,
2013-12-11,S1F0VDX6,ST3000DM001,3000592982016,0,,2537520,,,,,,,,0,,,,,,10743,,,,,,,,,,,,,,,,,,,,,,,,,,,,,,22,,,,,,0,,,,,,,,,,,,,,,,,,,,,,,,,,,,
2013-12-11,S1F02W50,ST3000DM001,3000592982016,0,,25699760,,,,,,,,0,,,,,,14718,,,,,,,,,,,,,,,,,,,,,,,,,,,,,,28,,,,,,8,,,,,,,,,,,,,,,,,,,,,,,,,,,,
2013-12-11,JK11A8B9J2KP1F,Hitachi HDS722020ALA330,2000398934016,0,,65537,,,,,,,,0,,,,,,24399,,,,,,,,,,,,,,,,,,,,,,,,,,,,,,32,,,,,,0,,,,,,,,,,,,,,,,,,,,,,,,,,,,
2013-12-11,PL1311LAG2A25A,Hitachi HDS5C4040ALE630,4000787030016,0,,0,,,,,,,,0,,,,,,7760,,,,,,,,,,,,,,,,,,,,,,,,,,,,,,19,,,,,,0,,,,,,,,,,,,,,,,,,,,,,,,,,,,
2013-12-11,PL1321LAG2SU7H,Hitachi HDS5C4040ALE630,4000787030016,0,,0,,,,,,,,0,,,,,,5958,,,,,,,,,,,,,,,,,,,,,,,,,,,,,,25,,,,,,0,,,,,,,,,,,,,,,,,,,,,,,,,,,,
2013-12-11,JK1101B9JNS0PU,Hitachi HDS722020ALA330,2000398934016,0,,0,,,,,,,,0,,,,,,23992,,,,,,,,,,,,,,,,,,,,,,,,,,,,,,36,,,,,,0,,,,,,,,,,,,,,,,,,,,,,,,,,,,
2013-12-11,PL1321LAGAYA9H,Hitachi HDS5C4040ALE630,4000787030016,0,,0,,,,,,,,0,,,,,,5066,,,,,,,,,,,,,,,,,,,,,,,,,,,,,,28,,,,,,0,,,,,,,,,,,,,,,,,,,,,,,,,,,,
2013-12-11,JK1171YBK1U2KF,Hitachi HDS722020ALA330,2000398934016,0,,0,,,,,,,,0,,,,,,29912,,,,,,,,,,,,,,,,,,,,,,,,,,,,,,27,,,,,,0,,,,,,,,,,,,,,,,,,,,,,,,,,,,
2013-12-11,S1F032PQ,ST3000DM001,3000592982016,0,,201592224,,,,,,,,0,,,,,,12361,,,,,,,,,,,,,,,,,,,,,,,,,,,,,,25,,,,,,0,,,,,,,,,,,,,,,,,,,,,,,,,,,,
2013-12-11,WD-WCAWZ0498996,WDC WD30EZRX,3000592982016,0,,5,,,,,,,,0,,,,,,16985,,,,,,,,,,,,,,,,,,,,,,,,,,,,,,21,,,,,,13,,,,,,,,,,,,,,,,,,,,,,,,,,,,
2013-12-11,Z1F0KZ3H,ST3000DM001,3000592982016,0,,128158856,,,,,,,,0,,,,,,11756,,,,,,,,,,,,,,,,,,,,,,,,,,,,,,28,,,,,,0,,,,,,,,,,,,,,,,,,,,,,,,,,,,
2013-12-11,MJ1321YNG0XTXA,Hitachi HDS5C3030ALA630,3000592982016,0,,0,,,,,,,,0,,,,,,8011,,,,,,,,,,,,,,,,,,,,,,,,,,,,,,27,,,,,,0,,,,,,,,,,,,,,,,,,,,,,,,,,,,
2013-12-11,S1F0S6Z0,ST3000DM001,3000592982016,0,,236457720,,,,,,,,0,,,,,,10501,,,,,,,,,,,,,,,,,,,,,,,,,,,,,,23,,,,,,0,,,,,,,,,,,,,,,,,,,,,,,,,,,,
2013-12-11,Z300J9RP,ST4000DM000,4000787030016,0,,26919840,,,,,,,,0,,,,,,2220,,,,,,,,,,,,,,,,,,,,,,,,,,,,,,25,,,,,,0,,,,,,,,,,,,,,,,,,,,,,,,,,,,
2013-12-11,MJ1311YNG30GLA,Hitachi HDS5C3030ALA630,3000592982016,0,,0,,,,,,,,0,,,,,,19253,,,,,,,,,,,,,,,,,,,,,,,,,,,,,,23,,,,,,0,,,,,,,,,,,,,,,,,,,,,,,,,,,,
2013-12-11,MJ0351YNG9WKUA,Hitachi HDS5C3030ALA630,3000592982016,0,,0,,,,,,,,0,,,,,,9483,,,,,,,,,,,,,,,,,,,,,,,,,,,,,,31,,,,,,0,,,,,,,,,,,,,,,,,,,,,,,,,,,,
2013-12-11,PL1311LAG22G1A,Hitachi HDS5C4040ALE630,4000787030016,0,,0,,,,,,,,0,,,,,,7461,,,,,,,,,,,,,,,,,,,,,,,,,,,,,,27,,,,,,0,,,,,,,,,,,,,,,,,,,,,,,,,,,,
2013-12-11,5XW13MDM,ST31500541AS,1500301910016,0,,221324441,,,,,,,,0,,,,,,12954,,,,,,,,,,,,,,,,,,,,,,,,,,,,,,25,,,,,,0,,,,,,,,,,,,,,,,,,,,,,,,,,,,
2013-12-11,W1F0A448,ST3000DM001,3000592982016,0,,101925800,,,,,,,,0,,,,,,14717,,,,,,,,,,,,,,,,,,,,,,,,,,,,,,20,,,,,,0,,,,,,,,,,,,,,,,,,,,,,,,,,,,
2013-12-11,MJ1311YNG5XMHA,Hitachi HDS5C3030ALA630,3000592982016,0,,0,,,,,,,,0,,,,,,14621,,,,,,,,,,,,,,,,,,,,,,,,,,,,,,20,,,,,,0,,,,,,,,,,,,,,,,,,,,,,,,,,,,
2013-12-11,JK11A8B9J7RA3F,Hitachi HDS722020ALA330,2000398934016,0,,0,,,,,,,,0,,,,,,24626,,,,,,,,,,,,,,,,,,,,,,,,,,,,,,28,,,,,,0,,,,,,,,,,,,,,,,,,,,,,,,,,,,
2013-12-11,WD-WCAV54823759,WDC WD10EADS,1000204886016,0,,0,,,,,,,,0,,,,,,5161,,,,,,,,,,,,,,,,,,,,,,,,,,,,,,27,,,,,,0,,,,,,,,,,,,,,,,,,,,,,,,,,,,
2013-12-11,MJ1321YNG174GA,Hitachi HDS5C3030ALA630,3000592982016,0,,0,,,,,,,,0,,,,,,19310,,,,,,,,,,,,,,,,,,,,,,,,,,,,,,28,,,,,,0,,,,,,,,,,,,,,,,,,,,,,,,,,,,
2013-12-11,JK1105B8GDM4NX,Hitachi HDS722020ALA330,2000398934016,0,,65536,,,,,,,,0,,,,,,26858,,,,,,,,,,,,,,,,,,,,,,,,,,,,,,26,,,,,,0,,,,,,,,,,,,,,,,,,,,,,,,,,,,
2013-12-11,MJ1311YNG7JKLA,Hitachi HDS5C3030ALA630,3000592982016,0,,0,,,,,,,,0,,,,,,14680,,,,,,,,,,,,,,,,,,,,,,,,,,,,,,29,,,,,,0,,,,,,,,,,,,,,,,,,,,,,,,,,,,
2013-12-11,S1F0QY57,ST3000DM001,3000592982016,0,,195762176,,,,,,,,0,,,,,,10503,,,,,,,,,,,,,,,,,,,,,,,,,,,,,,22,,,,,,0,,,,,,,,,,,,,,,,,,,,,,,,,,,,
2013-12-11,JK11A8B9HYN2VF,Hitachi HDS722020ALA330,2000398934016,0,,0,,,,,,,,0,,,,,,23829,,,,,,,,,,,,,,,,,,,,,,,,,,,,,,29,,,,,,0,,,,,,,,,,,,,,,,,,,,,,,,,,,,
2013-12-11,W300DVKG,ST4000DM000,4000787030016,0,,197895520,,,,,,,,0,,,,,,2240,,,,,,,,,,,,,,,,,,,,,,,,,,,,,,20,,,,,,0,,,,,,,,,,,,,,,,,,,,,,,,,,,,
2013-12-11,PL1311LAG3AGRH,Hitachi HDS5C4040ALE630,4000787030016,0,,0,,,,,,,,0,,,,,,5056,,,,,,,,,,,,,,,,,,,,,,,,,,,,,,32,,,,,,0,,,,,,,,,,,,,,,,,,,,,,,,,,,,
2013-12-11,6XW0ZTML,ST31500541AS,1500301910016,0,,104013663,,,,,,,,0,,,,,,31095,,,,,,,,,,,,,,,,,,,,,,,,,,,,,,24,,,,,,0,,,,,,,,,,,,,,,,,,,,,,,,,,,,
2013-12-11,S1F032P3,ST3000DM001,3000592982016,0,,135183552,,,,,,,,0,,,,,,15619,,,,,,,,,,,,,,,,,,,,,,,,,,,,,,23,,,,,,0,,,,,,,,,,,,,,,,,,,,,,,,,,,,
2013-12-11,JK11A8B9J7HHUF,Hitachi HDS722020ALA330,2000398934016,0,,0,,,,,,,,0,,,,,,24502,,,,,,,,,,,,,,,,,,,,,,,,,,,,,,29,,,,,,0,,,,,,,,,,,,,,,,,,,,,,,,,,,,
2013-12-11,Z300KCAS,ST4000DM000,4000787030016,0,,147880456,,,,,,,,0,,,,,,2241,,,,,,,,,,,,,,,,,,,,,,,,,,,,,,21,,,,,,0,,,,,,,,,,,,,,,,,,,,,,,,,,,,
2013-12-11,MJ1311YNG4JA3A,Hitachi HDS5C3030ALA630,3000592982016,0,,0,,,,,,,,0,,,,,,20733,,,,,,,,,,,,,,,,,,,,,,,,,,,,,,26,,,,,,0,,,,,,,,,,,,,,,,,,,,,,,,,,,,
2013-12-11,WD-WCAU45640739,WDC WD10EADS,1000204886016,0,,5,,,,,,,,0,,,,,,41091,,,,,,,,,,,,,,,,,,,,,,,,,,,,,,29,,,,,,0,,,,,,,,,,,,,,,,,,,,,,,,,,,,
2013-12-11,MJ0351YNGA398A,Hitachi HDS5C3030ALA630,3000592982016,0,,0,,,,,,,,0,,,,,,8618,,,,,,,,,,,,,,,,,,,,,,,,,,,,,,32,,,,,,0,,,,,,,,,,,,,,,,,,,,,,,,,,,,
2013-12-11,PL1311LAG3E5SH,Hitachi HDS5C4040ALE630,4000787030016,0,,0,,,,,,,,0,,,,,,3630,,,,,,,,,,,,,,,,,,,,,,,,,,,,,,29,,,,,,0,,,,,,,,,,,,,,,,,,,,,,,,,,,,
2013-12-11,WD-WCAU45402975,WDC WD10EADS,1000204886016,0,,0,,,,,,,,0,,,,,,41397,,,,,,,,,,,,,,,,,,,,,,,,,,,,,,28,,,,,,0,,,,,,,,,,,,,,,,,,,,,,,,,,,,
2013-12-11,MJ0351YNGA58MA,Hitachi HDS5C3030ALA630,3000592982016,0,,0,,,,,,,,0,,,,,,8611,,,,,,,,,,,,,,,,,,,,,,,,,,,,,,31,,,,,,0,,,,,,,,,,,,,,,,,,,,,,,,,,,,
2013-12-11,S1F02CAK,ST3000DM001,3000592982016,0,,101030968,,,,,,,,0,,,,,,13347,,,,,,,,,,,,,,,,,,,,,,,,,,,,,,29,,,,,,16,,,,,,,,,,,,,,,,,,,,,,,,,,,,
2013-12-11,W300CDLZ,ST4000DM000,4000787030016,0,,214508704,,,,,,,,0,,,,,,2222,,,,,,,,,,,,,,,,,,,,,,,,,,,,,,22,,,,,,0,,,,,,,,,,,,,,,,,,,,,,,,,,,,
2013-12-11,Z1F0HP3A,ST3000DM001,3000592982016,0,,184352952,,,,,,,,0,,,,,,8572,,,,,,,,,,,,,,,,,,,,,,,,,,,,,,20,,,,,,0,,,,,,,,,,,,,,,,,,,,,,,,,,,,
2013-12-11,JK11A8B9J3BTJF,Hitachi HDS722020ALA330,2000398934016,0,,0,,,,,,,,0,,,,,,24401,,,,,,,,,,,,,,,,,,,,,,,,,,,,,,28,,,,,,0,,,,,,,,,,,,,,,,,,,,,,,,,,,,
2013-12-11,MJ1311YNG32TWA,Hitachi HDS5C3030ALA630,3000592982016,0,,0,,,,,,,,0,,,,,,18404,,,,,,,,,,,,,,,,,,,,,,,,,,,,,,23,,,,,,0,,,,,,,,,,,,,,,,,,,,,,,,,,,,
2013-12-11,MJ1321YNG113BA,Hitachi HDS5C3030ALA630,3000592982016,0,,0,,,,,,,,0,,,,,,20731,,,,,,,,,,,,,,,,,,,,,,,,,,,,,,25,,,,,,0,,,,,,,,,,,,,,,,,,,,,,,,,,,,
2013-12-11,MJ0351YNG9WLMA,Hitachi HDS5C3030ALA630,3000592982016,0,,0,,,,,,,,0,,,,,,8545,,,,,,,,,,,,,,,,,,,,,,,,,,,,,,28,,,,,,0,,,,,,,,,,,,,,,,,,,,,,,,,,,,
2013-12-11,WD-WCAWZ0970617,WDC WD30EZRX,3000592982016,0,,21,,,,,,,,0,,,,,,17614,,,,,,,,,,,,,,,,,,,,,,,,,,,,,,25,,,,,,13,,,,,,,,,,,,,,,,,,,,,,,,,,,,
2013-12-11,9VS5AFKH,ST31500341AS,1500301910016,0,,29392731,,,,,,,,1,,,,,,12037,,,,,,,,,,,,,,,,,,,,,,,,,,,,,,23,,,,,,0,,,,,,,,,,,,,,,,,,,,,,,,,,,,
2013-12-11,PL1311LAG3DPSH,Hitachi HDS5C4040ALE630,4000787030016,0,,0,,,,,,,,0,,,,,,6616,,,,,,,,,,,,,,,,,,,,,,,,,,,,,,25,,,,,,0,,,,,,,,,,,,,,,,,,,,,,,,,,,,
2013-12-11,MJ0351YNGA0TRA,Hitachi HDS5C3030ALA630,3000592982016,0,,0,,,,,,,,0,,,,,,9899,,,,,,,,,,,,,,,,,,,,,,,,,,,,,,32,,,,,,0,,,,,,,,,,,,,,,,,,,,,,,,,,,,
2013-12-11,MJ1311YNG6VW9A,Hitachi HDS5C3030ALA630,3000592982016,0,,0,,,,,,,,0,,,,,,14596,,,,,,,,,,,,,,,,,,,,,,,,,,,,,,28,,,,,,0,,,,,,,,,,,,,,,,,,,,,,,,,,,,
2013-12-11,9XW01D5X,ST31500541AS,1500301910016,0,,72418897,,,,,,,,0,,,,,,27407,,,,,,,,,,,,,,,,,,,,,,,,,,,,,,22,,,,,,0,,,,,,,,,,,,,,,,,,,,,,,,,,,,
2013-12-11,JK11A8B9J0DVXF,Hitachi HDS722020ALA330,2000398934016,0,,0,,,,,,,,2,,,,,,26329,,,,,,,,,,,,,,,,,,,,,,,,,,,,,,23,,,,,,0,,,,,,,,,,,,,,,,,,,,,,,,,,,,
2013-12-11,MJ0351YNG9TN0A,Hitachi HDS5C3030ALA630,3000592982016,0,,0,,,,,,,,0,,,,,,9315,,,,,,,,,,,,,,,,,,,,,,,,,,,,,,29,,,,,,0,,,,,,,,,,,,,,,,,,,,,,,,,,,,
2013-12-11,9XW01Z4Q,ST31500541AS,1500301910016,0,,165812976,,,,,,,,0,,,,,,35229,,,,,,,,,,,,,,,,,,,,,,,,,,,,,,21,,,,,,0,,,,,,,,,,,,,,,,,,,,,,,,,,,,
2013-12-11,WD-WCAU45383871,WDC WD10EADS,1000204886016,0,,24,,,,,,,,0,,,,,,38888,,,,,,,,,,,,,,,,,,,,,,,,,,,,,,29,,,,,,0,,,,,,,,,,,,,,,,,,,,,,,,,,,,
2013-12-11,PL1311LAG25XNA,Hitachi HDS5C4040ALE630,4000787030016,0,,0,,,,,,,,0,,,,,,7415,,,,,,,,,,,,,,,,,,,,,,,,,,,,,,18,,,,,,0,,,,,,,,,,,,,,,,,,,,,,,,,,,,
2013-12-11,S1F13KBZ,ST3000DM001,3000592982016,0,,93924464,,,,,,,,0,,,,,,8652,,,,,,,,,,,,,,,,,,,,,,,,,,,,,,29,,,,,,0,,,,,,,,,,,,,,,,,,,,,,,,,,,,
2013-12-11,PL1321LAG3552H,Hitachi HDS5C4040ALE630,4000787030016,0,,0,,,,,,,,0,,,,,,5961,,,,,,,,,,,,,,,,,,,,,,,,,,,,,,18,,,,,,0,,,,,,,,,,,,,,,,,,,,,,,,,,,,
2013-12-11,9VS28V1Z,ST31500341AS,1500301910016,0,,123828315,,,,,,,,18,,,,,,38480,,,,,,,,,,,,,,,,,,,,,,,,,,,,,,24,,,,,,0,,,,,,,,,,,,,,,,,,,,,,,,,,,,
2013-12-11,S1F13KBJ,ST3000DM001,3000592982016,0,,43733816,,,,,,,,0,,,,,,8187,,,,,,,,,,,,,,,,,,,,,,,,,,,,,,25,,,,,,0,,,,,,,,,,,,,,,,,,,,,,,,,,,,
2013-12-11,JK1105B8G3R4GX,Hitachi HDS722020ALA330,2000398934016,0,,196608,,,,,,,,1,,,,,,27167,,,,,,,,,,,,,,,,,,,,,,,,,,,,,,28,,,,,,0,,,,,,,,,,,,,,,,,,,,,,,,,,,,
2013-12-11,MJ0351YNGA6KWA,Hitachi HDS5C3030ALA630,3000592982016,0,,0,,,,,,,,0,,,,,,8618,,,,,,,,,,,,,,,,,,,,,,,,,,,,,,33,,,,,,0,,,,,,,,,,,,,,,,,,,,,,,,,,,,
2013-12-11,PL1311LAG2AYVH,Hitachi HDS5C4040ALE630,4000787030016,0,,0,,,,,,,,0,,,,,,7417,,,,,,,,,,,,,,,,,,,,,,,,,,,,,,21,,,,,,0,,,,,,,,,,,,,,,,,,,,,,,,,,,,
2013-12-11,W1F08EC5,ST3000DM001,3000592982016,0,,49662832,,,,,,,,0,,,,,,15192,,,,,,,,,,,,,,,,,,,,,,,,,,,,,,24,,,,,,0,,,,,,,,,,,,,,,,,,,,,,,,,,,,
2013-12-11,MJ0351YNGA6XYA,Hitachi HDS5C3030ALA630,3000592982016,0,,0,,,,,,,,0,,,,,,8883,,,,,,,,,,,,,,,,,,,,,,,,,,,,,,32,,,,,,0,,,,,,,,,,,,,,,,,,,,,,,,,,,,
2013-12-11,W1F08EC9,ST3000DM001,3000592982016,0,,167491000,,,,,,,,0,,,,,,15265,,,,,,,,,,,,,,,,,,,,,,,,,,,,,,25,,,,,,0,,,,,,,,,,,,,,,,,,,,,,,,,,,,
2013-12-11,JK11A8B9J7GRSF,Hitachi HDS722020ALA330,2000398934016,0,,0,,,,,,,,0,,,,,,22298,,,,,,,,,,,,,,,,,,,,,,,,,,,,,,30,,,,,,0,,,,,,,,,,,,,,,,,,,,,,,,,,,,
2013-12-11,9XK04K37,ST33000651AS,3000592982016,0,,39628099,,,,,,,,0,,,,,,16761,,,,,,,,,,,,,,,,,,,,,,,,,,,,,,28,,,,,,0,,,,,,,,,,,,,,,,,,,,,,,,,,,,
2013-12-11,WD-WCAU45916757,WDC WD10EACS,1000204886016,0,,2,,,,,,,,0,,,,,,42382,,,,,,,,,,,,,,,,,,,,,,,,,,,,,,20,,,,,,0,,,,,,,,,,,,,,,,,,,,,,,,,,,,
2013-12-11,JK1101B9JJZBNF,Hitachi HDS722020ALA330,2000398934016,0,,0,,,,,,,,0,,,,,,23991,,,,,,,,,,,,,,,,,,,,,,,,,,,,,,28,,,,,,0,,,,,,,,,,,,,,,,,,,,,,,,,,,,
2013-12-11,PL1311LAG12HZA,Hitachi HDS5C4040ALE630,4000787030016,0,,0,,,,,,,,0,,,,,,7385,,,,,,,,,,,,,,,,,,,,,,,,,,,,,,27,,,,,,0,,,,,,,,,,,,,,,,,,,,,,,,,,,,
2013-12-11,S1F05RGB,ST3000DM001,3000592982016,0,,202827440,,,,,,,,0,,,,,,12396,,,,,,,,,,,,,,,,,,,,,,,,,,,,,,28,,,,,,0,,,,,,,,,,,,,,,,,,,,,,,,,,,,
2013-12-11,W1F08ECH,ST3000DM001,3000592982016,0,,71936200,,,,,,,,0,,,,,,15592,,,,,,,,,,,,,,,,,,,,,,,,,,,,,,22,,,,,,0,,,,,,,,,,,,,,,,,,,,,,,,,,,,
2013-12-11,PL1321LAG3469H,Hitachi HDS5C4040ALE630,4000787030016,0,,0,,,,,,,,0,,,,,,6654,,,,,,,,,,,,,,,,,,,,,,,,,,,,,,21,,,,,,0,,,,,,,,,,,,,,,,,,,,,,,,,,,,
2013-12-11,MK0311YHGH1X3A,Hitachi HDS723030ALA640,3000592982016,0,,0,,,,,,,,0,,,,,,16660,,,,,,,,,,,,,,,,,,,,,,,,,,,,,,31,,,,,,0,,,,,,,,,,,,,,,,,,,,,,,,,,,,
2013-12-11,JK1105B8GB6AZX,Hitachi HDS722020ALA330,2000398934016,0,,0,,,,,,,,0,,,,,,27167,,,,,,,,,,,,,,,,,,,,,,,,,,,,,,34,,,,,,0,,,,,,,,,,,,,,,,,,,,,,,,,,,,
2013-12-11,Z300GZAA,ST4000DM000,4000787030016,0,,104050776,,,,,,,,0,,,,,,3581,,,,,,,,,,,,,,,,,,,,,,,,,,,,,,24,,,,,,0,,,,,,,,,,,,,,,,,,,,,,,,,,,,
2013-12-11,JK1101B9JR6J2R,Hitachi HDS722020ALA330,2000398934016,0,,0,,,,,,,,0,,,,,,23486,,,,,,,,,,,,,,,,,,,,,,,,,,,,,,28,,,,,,0,,,,,,,,,,,,,,,,,,,,,,,,,,,,
2013-12-11,S1F0FGBQ,ST3000DM001,3000592982016,0,,126079608,,,,,,,,0,,,,,,12154,,,,,,,,,,,,,,,,,,,,,,,,,,,,,,26,,,,,,0,,,,,,,,,,,,,,,,,,,,,,,,,,,,
2013-12-11,WD-WMC4N1012622,WDC WD30EFRX,3000592982016,0,,0,,,,,,,,0,,,,,,447,,,,,,,,,,,,,,,,,,,,,,,,,,,,,,26,,,,,,0,,,,,,,,,,,,,,,,,,,,,,,,,,,,
2013-12-11,W3009NMW,ST4000DM000,4000787030016,0,,1488272,,,,,,,,0,,,,,,4168,,,,,,,,,,,,,,,,,,,,,,,,,,,,,,31,,,,,,0,,,,,,,,,,,,,,,,,,,,,,,,,,,,
2013-12-11,WD-WMC1T1417420,WDC WD30EFRX,3000592982016,0,,0,,,,,,,,0,,,,,,7390,,,,,,,,,,,,,,,,,,,,,,,,,,,,,,24,,,,,,0,,,,,,,,,,,,,,,,,,,,,,,,,,,,
2013-12-11,Z300TYE2,ST4000DM000,4000787030016,0,,171138232,,,,,,,,0,,,,,,815,,,,,,,,,,,,,,,,,,,,,,,,,,,,,,19,,,,,,0,,,,,,,,,,,,,,,,,,,,,,,,,,,,
2013-12-11,MJ0351YNGA02ZA,Hitachi HDS5C3030ALA630,3000592982016,0,,0,,,,,,,,0,,,,,,9941,,,,,,,,,,,,,,,,,,,,,,,,,,,,,,26,,,,,,0,,,,,,,,,,,,,,,,,,,,,,,,,,,,
2013-12-11,S1F0TQ9G,ST3000DM001,3000592982016,0,,222129752,,,,,,,,0,,,,,,10727,,,,,,,,,,,,,,,,,,,,,,,,,,,,,,25,,,,,,0,,,,,,,,,,,,,,,,,,,,,,,,,,,,
2013-12-11,JK11A8B9J3N17F,Hitachi HDS722020ALA330,2000398934016,0,,0,,,,,,,,0,,,,,,23320,,,,,,,,,,,,,,,,,,,,,,,,,,,,,,28,,,,,,0,,,,,,,,,,,,,,,,,,,,,,,,,,,,
2013-12-11,JK1101YAJ9RDDV,Hitachi HDS722020ALA330,2000398934016,0,,0,,,,,,,,0,,,,,,27213,,,,,,,,,,,,,,,,,,,,,,,,,,,,,,27,,,,,,0,,,,,,,,,,,,,,,,,,,,,,,,,,,,
2013-12-11,JK11A8B9J39Y6F,Hitachi HDS722020ALA330,2000398934016,0,,0,,,,,,,,0,,,,,,24494,,,,,,,,,,,,,,,,,,,,,,,,,,,,,,32,,,,,,0,,,,,,,,,,,,,,,,,,,,,,,,,,,,
2013-12-11,W300E01Y,ST4000DM000,4000787030016,0,,190721520,,,,,,,,0,,,,,,4140,,,,,,,,,,,,,,,,,,,,,,,,,,,,,,24,,,,,,0,,,,,,,,,,,,,,,,,,,,,,,,,,,,
2013-12-11,PL1311LAG26NRA,Hitachi HDS5C4040ALE630,4000787030016,0,,0,,,,,,,,0,,,,,,7404,,,,,,,,,,,,,,,,,,,,,,,,,,,,,,29,,,,,,0,,,,,,,,,,,,,,,,,,,,,,,,,,,,
2013-12-11,MJ1311YNG2W12A,Hitachi HDS5C3030ALA630,3000592982016,0,,0,,,,,,,,0,,,,,,18065,,,,,,,,,,,,,,,,,,,,,,,,,,,,,,30,,,,,,0,,,,,,,,,,,,,,,,,,,,,,,,,,,,
2013-12-11,JK11A8B9J9HT3F,Hitachi HDS722020ALA330,2000398934016,0,,2,,,,,,,,0,,,,,,25580,,,,,,,,,,,,,,,,,,,,,,,,,,,,,,24,,,,,,0,,,,,,,,,,,,,,,,,,,,,,,,,,,,
2013-12-11,MJ0351YNG9YUUA,Hitachi HDS5C3030ALA630,3000592982016,0,,0,,,,,,,,0,,,,,,9719,,,,,,,,,,,,,,,,,,,,,,,,,,,,,,31,,,,,,0,,,,,,,,,,,,,,,,,,,,,,,,,,,,
2013-12-11,MJ1311YNG3KSAA,Hitachi HDS5C3030ALA630,3000592982016,0,,0,,,,,,,,0,,,,,,18065,,,,,,,,,,,,,,,,,,,,,,,,,,,,,,27,,,,,,0,,,,,,,,,,,,,,,,,,,,,,,,,,,,
2013-12-11,MK0301YHGMXU1D,Hitachi HDS723030ALA640,3000592982016,0,,0,,,,,,,,0,,,,,,17036,,,,,,,,,,,,,,,,,,,,,,,,,,,,,,27,,,,,,0,,,,,,,,,,,,,,,,,,,,,,,,,,,,
2013-12-11,WD-WCC070166329,WDC WD30EZRX,3000592982016,0,,0,,,,,,,,0,,,,,,8611,,,,,,,,,,,,,,,,,,,,,,,,,,,,,,25,,,,,,0,,,,,,,,,,,,,,,,,,,,,,,,,,,,
2013-12-11,PL1311LAG21U5A,Hitachi HDS5C4040ALE630,4000787030016,0,,0,,,,,,,,0,,,,,,7386,,,,,,,,,,,,,,,,,,,,,,,,,,,,,,25,,,,,,0,,,,,,,,,,,,,,,,,,,,,,,,,,,,
2013-12-11,JK11A8B9J880GF,Hitachi HDS722020ALA330,2000398934016,0,,0,,,,,,,,0,,,,,,26024,,,,,,,,,,,,,,,,,,,,,,,,,,,,,,27,,,,,,0,,,,,,,,,,,,,,,,,,,,,,,,,,,,
2013-12-11,JK1171YBK0WM8F,Hitachi HDS722020ALA330,2000398934016,0,,0,,,,,,,,0,,,,,,29018,,,,,,,,,,,,,,,,,,,,,,,,,,,,,,26,,,,,,0,,,,,,,,,,,,,,,,,,,,,,,,,,,,
2013-12-11,JK1101B8KNDNXS,Hitachi HDS722020ALA330,2000398934016,0,,0,,,,,,,,0,,,,,,23097,,,,,,,,,,,,,,,,,,,,,,,,,,,,,,32,,,,,,0,,,,,,,,,,,,,,,,,,,,,,,,,,,,
2013-12-11,S1F04CVV,ST3000DM001,3000592982016,0,,83595944,,,,,,,,0,,,,,,16150,,,,,,,,,,,,,,,,,,,,,,,,,,,,,,22,,,,,,0,,,,,,,,,,,,,,,,,,,,,,,,,,,,
2013-12-11,PL1311LAG2T1GH,Hitachi HDS5C4040ALE630,4000787030016,0,,0,,,,,,,,0,,,,,,5049,,,,,,,,,,,,,,,,,,,,,,,,,,,,,,29,,,,,,0,,,,,,,,,,,,,,,,,,,,,,,,,,,,
2013-12-11,MJ1311YNG6168A,Hitachi HDS5C3030ALA630,3000592982016,0,,0,,,,,,,,0,,,,,,14621,,,,,,,,,,,,,,,,,,,,,,,,,,,,,,25,,,,,,0,,,,,,,,,,,,,,,,,,,,,,,,,,,,
2013-12-11,MJ0351YNG9XRVA,Hitachi HDS5C3030ALA630,3000592982016,0,,0,,,,,,,,0,,,,,,8873,,,,,,,,,,,,,,,,,,,,,,,,,,,,,,28,,,,,,0,,,,,,,,,,,,,,,,,,,,,,,,,,,,
2013-12-11,Z300WFDN,ST4000DM000,4000787030016,0,,215487392,,,,,,,,0,,,,,,920,,,,,,,,,,,,,,,,,,,,,,,,,,,,,,21,,,,,,0,,,,,,,,,,,,,,,,,,,,,,,,,,,,
2013-12-11,W300E012,ST4000DM000,4000787030016,0,,20055592,,,,,,,,0,,,,,,4160,,,,,,,,,,,,,,,,,,,,,,,,,,,,,,24,,,,,,0,,,,,,,,,,,,,,,,,,,,,,,,,,,,
2013-12-11,MJ1311YNG7EN3A,Hitachi HDS5C3030ALA630,3000592982016,0,,0,,,,,,,,0,,,,,,14330,,,,,,,,,,,,,,,,,,,,,,,,,,,,,,31,,,,,,0,,,,,,,,,,,,,,,,,,,,,,,,,,,,
2013-12-11,W1F14H94,ST3000DM001,3000592982016,0,,169608896,,,,,,,,0,,,,,,8129,,,,,,,,,,,,,,,,,,,,,,,,,,,,,,25,,,,,,0,,,,,,,,,,,,,,,,,,,,,,,,,,,,
2013-12-11,MJ1321YNG0JXYA,Hitachi HDS5C3030ALA630,3000592982016,0,,0,,,,,,,,0,,,,,,19372,,,,,,,,,,,,,,,,,,,,,,,,,,,,,,27,,,,,,0,,,,,,,,,,,,,,,,,,,,,,,,,,,,
2013-12-11,Z300MZ4M,ST4000DM000,4000787030016,0,,216601440,,,,,,,,0,,,,,,2879,,,,,,,,,,,,,,,,,,,,,,,,,,,,,,21,,,,,,0,,,,,,,,,,,,,,,,,,,,,,,,,,,,
2013-12-11,6XW0PVNS,ST31500541AS,1500301910016,0,,139168338,,,,,,,,0,,,,,,33865,,,,,,,,,,,,,,,,,,,,,,,,,,,,,,20,,,,,,2,,,,,,,,,,,,,,,,,,,,,,,,,,,,
2013-12-11,6XW109Y2,ST31500541AS,1500301910016,0,,197321317,,,,,,,,35,,,,,,31145,,,,,,,,,,,,,,,,,,,,,,,,,,,,,,19,,,,,,0,,,,,,,,,,,,,,,,,,,,,,,,,,,,
2013-12-11,JK1171YBK1N0WF,Hitachi HDS722020ALA330,2000398934016,0,,0,,,,,,,,0,,,,,,29018,,,,,,,,,,,,,,,,,,,,,,,,,,,,,,24,,,,,,0,,,,,,,,,,,,,,,,,,,,,,,,,,,,
2013-12-11,Z300GPSV,ST4000DM000,4000787030016,0,,239791424,,,,,,,,0,,,,,,3346,,,,,,,,,,,,,,,,,,,,,,,,,,,,,,18,,,,,,0,,,,,,,,,,,,,,,,,,,,,,,,,,,,
2013-12-11,Z301020R,ST4000DM000,4000787030016,0,,226001432,,,,,,,,0,,,,,,108,,,,,,,,,,,,,,,,,,,,,,,,,,,,,,19,,,,,,0,,,,,,,,,,,,,,,,,,,,,,,,,,,,
2013-12-11,6XW0VS6V,ST31500541AS,1500301910016,0,,183650385,,,,,,,,0,,,,,,33853,,,,,,,,,,,,,,,,,,,,,,,,,,,,,,22,,,,,,0,,,,,,,,,,,,,,,,,,,,,,,,,,,,
2013-12-11,9VS3ETP0,ST31500341AS,1500301910016,0,,106151322,,,,,,,,19,,,,,,32908,,,,,,,,,,,,,,,,,,,,,,,,,,,,,,22,,,,,,0,,,,,,,,,,,,,,,,,,,,,,,,,,,,
2013-12-11,6XW00Z9F,ST31500541AS,1500301910016,0,,195833930,,,,,,,,0,,,,,,34739,,,,,,,,,,,,,,,,,,,,,,,,,,,,,,21,,,,,,0,,,,,,,,,,,,,,,,,,,,,,,,,,,,
2013-12-11,JK1105B8GDEKWX,Hitachi HDS722020ALA330,2000398934016,0,,0,,,,,,,,0,,,,,,26858,,,,,,,,,,,,,,,,,,,,,,,,,,,,,,28,,,,,,0,,,,,,,,,,,,,,,,,,,,,,,,,,,,
2013-12-11,6XW01G40,ST31500541AS,1500301910016,0,,43414117,,,,,,,,0,,,,,,37060,,,,,,,,,,,,,,,,,,,,,,,,,,,,,,20,,,,,,0,,,,,,,,,,,,,,,,,,,,,,,,,,,,
2013-12-11,PL1331LAGB3MLH,Hitachi HDS5C4040ALE630,4000787030016,0,,0,,,,,,,,0,,,,,,5075,,,,,,,,,,,,,,,,,,,,,,,,,,,,,,27,,,,,,0,,,,,,,,,,,,,,,,,,,,,,,,,,,,
2013-12-11,PK1331PAJ2V6WS,HGST HDS724040ALE640,4000787030016,0,,0,,,,,,,,0,,,,,,2027,,,,,,,,,,,,,,,,,,,,,,,,,,,,,,28,,,,,,0,,,,,,,,,,,,,,,,,,,,,,,,,,,,
2013-12-11,MJ1311YNG7AP9A,Hitachi HDS5C3030ALA630,3000592982016,0,,0,,,,,,,,0,,,,,,14620,,,,,,,,,,,,,,,,,,,,,,,,,,,,,,19,,,,,,0,,,,,,,,,,,,,,,,,,,,,,,,,,,,
2013-12-11,JK11A8B9J3VN1F,Hitachi HDS722020ALA330,2000398934016,0,,0,,,,,,,,0,,,,,,23124,,,,,,,,,,,,,,,,,,,,,,,,,,,,,,35,,,,,,0,,,,,,,,,,,,,,,,,,,,,,,,,,,,
2013-12-11,JK1174YAK4N9XW,Hitachi HDS722020ALA330,2000398934016,0,,0,,,,,,,,0,,,,,,28153,,,,,,,,,,,,,,,,,,,,,,,,,,,,,,27,,,,,,0,,,,,,,,,,,,,,,,,,,,,,,,,,,,
2013-12-11,JK1101B9KMMX1U,Hitachi HDS722020ALA330,2000398934016,0,,0,,,,,,,,5,,,,,,22954,,,,,,,,,,,,,,,,,,,,,,,,,,,,,,26,,,,,,0,,,,,,,,,,,,,,,,,,,,,,,,,,,,
2013-12-11,MJ1321YNG0NH8A,Hitachi HDS5C3030ALA630,3000592982016,0,,0,,,,,,,,0,,,,,,20512,,,,,,,,,,,,,,,,,,,,,,,,,,,,,,25,,,,,,0,,,,,,,,,,,,,,,,,,,,,,,,,,,,
2013-12-11,W300A8FV,ST4000DM000,4000787030016,0,,39128160,,,,,,,,0,,,,,,4140,,,,,,,,,,,,,,,,,,,,,,,,,,,,,,25,,,,,,0,,,,,,,,,,,,,,,,,,,,,,,,,,,,
2013-12-11,MJ1321YNG0JA7A,Hitachi HDS5C3030ALA630,3000592982016,0,,0,,,,,,,,99,,,,,,19802,,,,,,,,,,,,,,,,,,,,,,,,,,,,,,29,,,,,,0,,,,,,,,,,,,,,,,,,,,,,,,,,,,
2013-12-11,6XW0Y5KN,ST31500541AS,1500301910016,0,,30076544,,,,,,,,77,,,,,,29440,,,,,,,,,,,,,,,,,,,,,,,,,,,,,,24,,,,,,0,,,,,,,,,,,,,,,,,,,,,,,,,,,,
2013-12-11,JK1105B8GEUGJX,Hitachi HDS722020ALA330,2000398934016,0,,0,,,,,,,,0,,,,,,27168,,,,,,,,,,,,,,,,,,,,,,,,,,,,,,27,,,,,,0,,,,,,,,,,,,,,,,,,,,,,,,,,,,
2013-12-11,JK11A4B8J841SW,Hitachi HDS722020ALA330,2000398934016,0,,0,,,,,,,,0,,,,,,25122,,,,,,,,,,,,,,,,,,,,,,,,,,,,,,30,,,,,,0,,,,,,,,,,,,,,,,,,,,,,,,,,,,
2013-12-11,Z300GZ4Y,ST4000DM000,4000787030016,0,,85051936,,,,,,,,0,,,,,,3625,,,,,,,,,,,,,,,,,,,,,,,,,,,,,,23,,,,,,0,,,,,,,,,,,,,,,,,,,,,,,,,,,,
2013-12-11,JK11A8B9J75SUF,Hitachi HDS722020ALA330,2000398934016,0,,0,,,,,,,,0,,,,,,25541,,,,,,,,,,,,,,,,,,,,,,,,,,,,,,29,,,,,,0,,,,,,,,,,,,,,,,,,,,,,,,,,,,
2013-12-11,W1F0HMR4,ST3000DM001,3000592982016,0,,21045288,,,,,,,,0,,,,,,12181,,,,,,,,,,,,,,,,,,,,,,,,,,,,,,36,,,,,,0,,,,,,,,,,,,,,,,,,,,,,,,,,,,
2013-12-11,Z1F19Q79,ST3000DM001,3000592982016,0,,240363328,,,,,,,,0,,,,,,8178,,,,,,,,,,,,,,,,,,,,,,,,,,,,,,18,,,,,,0,,,,,,,,,,,,,,,,,,,,,,,,,,,,
2013-12-11,JK11A8B9J7GARF,Hitachi HDS722020ALA330,2000398934016,0,,1,,,,,,,,0,,,,,,22696,,,,,,,,,,,,,,,,,,,,,,,,,,,,,,28,,,,,,0,,,,,,,,,,,,,,,,,,,,,,,,,,,,
2013-12-11,W1F0B15L,ST3000DM001,3000592982016,0,,235267992,,,,,,,,0,,,,,,13879,,,,,,,,,,,,,,,,,,,,,,,,,,,,,,23,,,,,,0,,,,,,,,,,,,,,,,,,,,,,,,,,,,
2013-12-11,W300KFPR,ST4000DM000,4000787030016,0,,33933336,,,,,,,,0,,,,,,815,,,,,,,,,,,,,,,,,,,,,,,,,,,,,,18,,,,,,0,,,,,,,,,,,,,,,,,,,,,,,,,,,,
2013-12-11,JK1174YAK8W4HW,Hitachi HDS722020ALA330,2000398934016,0,,0,,,,,,,,0,,,,,,29018,,,,,,,,,,,,,,,,,,,,,,,,,,,,,,28,,,,,,0,,,,,,,,,,,,,,,,,,,,,,,,,,,,
2013-12-11,JK11A8B9GNLB5F,Hitachi HDS722020ALA330,2000398934016,0,,0,,,,,,,,0,,,,,,26493,,,,,,,,,,,,,,,,,,,,,,,,,,,,,,23,,,,,,0,,,,,,,,,,,,,,,,,,,,,,,,,,,,
2013-12-11,9XK03X4A,ST33000651AS,3000592982016,0,,243708299,,,,,,,,0,,,,,,16722,,,,,,,,,,,,,,,,,,,,,,,,,,,,,,28,,,,,,0,,,,,,,,,,,,,,,,,,,,,,,,,,,,
2013-12-11,JK1101B9GE92MF,Hitachi HDS722020ALA330,2000398934016,0,,327681,,,,,,,,0,,,,,,27540,,,,,,,,,,,,,,,,,,,,,,,,,,,,,,26,,,,,,0,,,,,,,,,,,,,,,,,,,,,,,,,,,,
2013-12-11,JK11A8B9J3484F,Hitachi HDS722020ALA330,2000398934016,0,,0,,,,,,,,0,,,,,,24432,,,,,,,,,,,,,,,,,,,,,,,,,,,,,,25,,,,,,0,,,,,,,,,,,,,,,,,,,,,,,,,,,,
2013-12-11,W300A5WG,ST4000DM000,4000787030016,0,,43785352,,,,,,,,0,,,,,,4353,,,,,,,,,,,,,,,,,,,,,,,,,,,,,,26,,,,,,0,,,,,,,,,,,,,,,,,,,,,,,,,,,,
2013-12-11,W300A5WM,ST4000DM000,4000787030016,0,,159613488,,,,,,,,0,,,,,,4136,,,,,,,,,,,,,,,,,,,,,,,,,,,,,,23,,,,,,0,,,,,,,,,,,,,,,,,,,,,,,,,,,,
2013-12-11,S1F0S30R,ST3000DM001,3000592982016,0,,124047888,,,,,,,,0,,,,,,10728,,,,,,,,,,,,,,,,,,,,,,,,,,,,,,25,,,,,,0,,,,,,,,,,,,,,,,,,,,,,,,,,,,
2013-12-11,MJ1311YNG02T7A,Hitachi HDS5C3030ALA630,3000592982016,0,,4456479,,,,,,,,0,,,,,,18203,,,,,,,,,,,,,,,,,,,,,,,,,,,,,,28,,,,,,0,,,,,,,,,,,,,,,,,,,,,,,,,,,,
2013-12-11,MJ0351YNG9YZ7A,Hitachi HDS5C3030ALA630,3000592982016,0,,0,,,,,,,,0,,,,,,9906,,,,,,,,,,,,,,,,,,,,,,,,,,,,,,23,,,,,,0,,,,,,,,,,,,,,,,,,,,,,,,,,,,
2013-12-11,JK11A8B9J49SVF,Hitachi HDS722020ALA330,2000398934016,0,,0,,,,,,,,7,,,,,,22300,,,,,,,,,,,,,,,,,,,,,,,,,,,,,,27,,,,,,0,,,,,,,,,,,,,,,,,,,,,,,,,,,,
2013-12-11,W1F09H4J,ST3000DM001,3000592982016,0,,138289904,,,,,,,,0,,,,,,13356,,,,,,,,,,,,,,,,,,,,,,,,,,,,,,26,,,,,,0,,,,,,,,,,,,,,,,,,,,,,,,,,,,
2013-12-11,W300CGHD,ST4000DM000,4000787030016,0,,112198680,,,,,,,,0,,,,,,4047,,,,,,,,,,,,,,,,,,,,,,,,,,,,,,20,,,,,,0,,,,,,,,,,,,,,,,,,,,,,,,,,,,
2013-12-11,MJ0351YNG9US8A,Hitachi HDS5C3030ALA630,3000592982016,0,,0,,,,,,,,1,,,,,,8830,,,,,,,,,,,,,,,,,,,,,,,,,,,,,,30,,,,,,0,,,,,,,,,,,,,,,,,,,,,,,,,,,,
2013-12-11,Z1F0R9D0,ST3000DM001,3000592982016,0,,145553040,,,,,,,,0,,,,,,11048,,,,,,,,,,,,,,,,,,,,,,,,,,,,,,24,,,,,,0,,,,,,,,,,,,,,,,,,,,,,,,,,,,
2013-12-11,JK11A8B9J7BMKF,Hitachi HDS722020ALA330,2000398934016,0,,0,,,,,,,,0,,,,,,24912,,,,,,,,,,,,,,,,,,,,,,,,,,,,,,28,,,,,,0,,,,,,,,,,,,,,,,,,,,,,,,,,,,
2013-12-11,W300CGHM,ST4000DM000,4000787030016,0,,208229392,,,,,,,,0,,,,,,4183,,,,,,,,,,,,,,,,,,,,,,,,,,,,,,25,,,,,,0,,,,,,,,,,,,,,,,,,,,,,,,,,,,
2013-12-11,MJ1311YNG3NA5A,Hitachi HDS5C3030ALA630,3000592982016,0,,0,,,,,,,,0,,,,,,18067,,,,,,,,,,,,,,,,,,,,,,,,,,,,,,23,,,,,,0,,,,,,,,,,,,,,,,,,,,,,,,,,,,
2013-12-11,JK11A8B9J31N0F,Hitachi HDS722020ALA330,2000398934016,0,,0,,,,,,,,0,,,,,,24305,,,,,,,,,,,,,,,,,,,,,,,,,,,,,,24,,,,,,0,,,,,,,,,,,,,,,,,,,,,,,,,,,,
2013-12-11,W300CGH4,ST4000DM000,4000787030016,0,,223235840,,,,,,,,0,,,,,,4140,,,,,,,,,,,,,,,,,,,,,,,,,,,,,,20,,,,,,0,,,,,,,,,,,,,,,,,,,,,,,,,,,,
2013-12-11,Z300NPSQ,ST4000DM000,4000787030016,0,,82048000,,,,,,,,0,,,,,,1234,,,,,,,,,,,,,,,,,,,,,,,,,,,,,,20,,,,,,0,,,,,,,,,,,,,,,,,,,,,,,,,,,,
2013-12-11,Z300NPSB,ST4000DM000,4000787030016,0,,16179432,,,,,,,,0,,,,,,1233,,,,,,,,,,,,,,,,,,,,,,,,,,,,,,17,,,,,,0,,,,,,,,,,,,,,,,,,,,,,,,,,,,
2013-12-11,WD-WCAU45467560,WDC WD10EADS,1000204886016,0,,2,,,,,,,,0,,,,,,41246,,,,,,,,,,,,,,,,,,,,,,,,,,,,,,25,,,,,,0,,,,,,,,,,,,,,,,,,,,,,,,,,,,
2013-12-11,MJ1311YNG37AAA,Hitachi HDS5C3030ALA630,3000592982016,0,,0,,,,,,,,0,,,,,,18200,,,,,,,,,,,,,,,,,,,,,,,,,,,,,,30,,,,,,0,,,,,,,,,,,,,,,,,,,,,,,,,,,,
2013-12-11,MJ0351YNGA3Y6A,Hitachi HDS5C3030ALA630,3000592982016,0,,0,,,,,,,,0,,,,,,8510,,,,,,,,,,,,,,,,,,,,,,,,,,,,,,26,,,,,,0,,,,,,,,,,,,,,,,,,,,,,,,,,,,
2013-12-11,MJ1311YNG57K6A,Hitachi HDS5C3030ALA630,3000592982016,0,,1,,,,,,,,0,,,,,,14600,,,,,,,,,,,,,,,,,,,,,,,,,,,,,,25,,,,,,0,,,,,,,,,,,,,,,,,,,,,,,,,,,,
2013-12-11,MJ1311YNG37TGA,Hitachi HDS5C3030ALA630,3000592982016,0,,0,,,,,,,,0,,,,,,18387,,,,,,,,,,,,,,,,,,,,,,,,,,,,,,21,,,,,,0,,,,,,,,,,,,,,,,,,,,,,,,,,,,
2013-12-11,W300AXXV,ST4000DM000,4000787030016,0,,45743160,,,,,,,,0,,,,,,4167,,,,,,,,,,,,,,,,,,,,,,,,,,,,,,31,,,,,,0,,,,,,,,,,,,,,,,,,,,,,,,,,,,
2013-12-11,W300J2KR,ST4000DM000,4000787030016,0,,221191280,,,,,,,,0,,,,,,920,,,,,,,,,,,,,,,,,,,,,,,,,,,,,,22,,,,,,0,,,,,,,,,,,,,,,,,,,,,,,,,,,,
2013-12-11,MJ1321YNG0P9ZA,Hitachi HDS5C3030ALA630,3000592982016,0,,0,,,,,,,,0,,,,,,20507,,,,,,,,,,,,,,,,,,,,,,,,,,,,,,25,,,,,,0,,,,,,,,,,,,,,,,,,,,,,,,,,,,
2013-12-11,MJ1311YNG7JRLA,Hitachi HDS5C3030ALA630,3000592982016,0,,0,,,,,,,,0,,,,,,14310,,,,,,,,,,,,,,,,,,,,,,,,,,,,,,25,,,,,,0,,,,,,,,,,,,,,,,,,,,,,,,,,,,
2013-12-11,PL2311LAG1G92C,Hitachi HDS5C4040ALE630,4000787030016,0,,0,,,,,,,,0,,,,,,7412,,,,,,,,,,,,,,,,,,,,,,,,,,,,,,25,,,,,,0,,,,,,,,,,,,,,,,,,,,,,,,,,,,
2013-12-11,W300JTBL,ST4000DM000,4000787030016,0,,5128720,,,,,,,,0,,,,,,2240,,,,,,,,,,,,,,,,,,,,,,,,,,,,,,19,,,,,,0,,,,,,,,,,,,,,,,,,,,,,,,,,,,
2013-12-11,S1F01V6R,ST3000DM001,3000592982016,0,,228304952,,,,,,,,0,,,,,,16151,,,,,,,,,,,,,,,,,,,,,,,,,,,,,,19,,,,,,16,,,,,,,,,,,,,,,,,,,,,,,,,,,,
2013-12-11,MJ1311YNG5J0EA,Hitachi HDS5C3030ALA630,3000592982016,0,,0,,,,,,,,0,,,,,,14330,,,,,,,,,,,,,,,,,,,,,,,,,,,,,,34,,,,,,0,,,,,,,,,,,,,,,,,,,,,,,,,,,,
2013-12-11,S1F01V6L,ST3000DM001,3000592982016,0,,12059592,,,,,,,,904,,,,,,13347,,,,,,,,,,,,,,,,,,,,,,,,,,,,,,27,,,,,,8,,,,,,,,,,,,,,,,,,,,,,,,,,,,
2013-12-11,PL1311LAG38LXH,Hitachi HDS5C4040ALE630,4000787030016,0,,0,,,,,,,,0,,,,,,6071,,,,,,,,,,,,,,,,,,,,,,,,,,,,,,19,,,,,,0,,,,,,,,,,,,,,,,,,,,,,,,,,,,
2013-12-11,JK11A8B9J3MS9F,Hitachi HDS722020ALA330,2000398934016,0,,0,,,,,,,,0,,,,,,23544,,,,,,,,,,,,,,,,,,,,,,,,,,,,,,37,,,,,,0,,,,,,,,,,,,,,,,,,,,,,,,,,,,
2013-12-11,JK1170YAJDAKNT,Hitachi HDS722020ALA330,2000398934016,0,,65538,,,,,,,,0,,,,,,27871,,,,,,,,,,,,,,,,,,,,,,,,,,,,,,26,,,,,,0,,,,,,,,,,,,,,,,,,,,,,,,,,,,
2013-12-11,W300BCNV,ST4000DM000,4000787030016,0,,58843320,,,,,,,,0,,,,,,4183,,,,,,,,,,,,,,,,,,,,,,,,,,,,,,25,,,,,,0,,,,,,,,,,,,,,,,,,,,,,,,,,,,
2013-12-11,W300E2GN,ST4000DM000,4000787030016,0,,155778952,,,,,,,,0,,,,,,4183,,,,,,,,,,,,,,,,,,,,,,,,,,,,,,22,,,,,,0,,,,,,,,,,,,,,,,,,,,,,,,,,,,
2013-12-11,Z300J684,ST4000DM000,4000787030016,0,,159445296,,,,,,,,0,,,,,,152,,,,,,,,,,,,,,,,,,,,,,,,,,,,,,25,,,,,,0,,,,,,,,,,,,,,,,,,,,,,,,,,,,
2013-12-11,W1F0KQTS,ST3000DM001,3000592982016,0,,200367352,,,,,,,,0,,,,,,12180,,,,,,,,,,,,,,,,,,,,,,,,,,,,,,35,,,,,,0,,,,,,,,,,,,,,,,,,,,,,,,,,,,
2013-12-11,S1F00KDM,ST3000DM001,3000592982016,0,,212020000,,,,,,,,0,,,,,,15616,,,,,,,,,,,,,,,,,,,,,,,,,,,,,,21,,,,,,0,,,,,,,,,,,,,,,,,,,,,,,,,,,,
2013-12-11,MJ1311YNG25K8A,Hitachi HDS5C3030ALA630,3000592982016,0,,0,,,,,,,,0,,,,,,18361,,,,,,,,,,,,,,,,,,,,,,,,,,,,,,21,,,,,,0,,,,,,,,,,,,,,,,,,,,,,,,,,,,
2013-12-11,Z1F0LRRA,ST3000DM001,3000592982016,0,,22145032,,,,,,,,0,,,,,,10943,,,,,,,,,,,,,,,,,,,,,,,,,,,,,,26,,,,,,0,,,,,,,,,,,,,,,,,,,,,,,,,,,,
2013-12-11,JK11A8B9JPPR9F,Hitachi HDS722020ALA330,2000398934016,0,,0,,,,,,,,0,,,,,,23711,,,,,,,,,,,,,,,,,,,,,,,,,,,,,,29,,,,,,0,,,,,,,,,,,,,,,,,,,,,,,,,,,,
2013-12-11,JK11A8B9J7PP0F,Hitachi HDS722020ALA330,2000398934016,0,,0,,,,,,,,0,,,,,,25541,,,,,,,,,,,,,,,,,,,,,,,,,,,,,,28,,,,,,0,,,,,,,,,,,,,,,,,,,,,,,,,,,,
2013-12-11,MJ1311YNG6KX0A,Hitachi HDS5C3030ALA630,3000592982016,0,,0,,,,,,,,0,,,,,,14682,,,,,,,,,,,,,,,,,,,,,,,,,,,,,,21,,,,,,0,,,,,,,,,,,,,,,,,,,,,,,,,,,,
2013-12-11,W300C8EC,ST4000DM000,4000787030016,0,,167397416,,,,,,,,0,,,,,,4166,,,,,,,,,,,,,,,,,,,,,,,,,,,,,,21,,,,,,0,,,,,,,,,,,,,,,,,,,,,,,,,,,,
2013-12-11,JK11A8B9J7HHNF,Hitachi HDS722020ALA330,2000398934016,0,,65536,,,,,,,,0,,,,,,25539,,,,,,,,,,,,,,,,,,,,,,,,,,,,,,30,,,,,,0,,,,,,,,,,,,,,,,,,,,,,,,,,,,
2013-12-11,MK0311YHGEUYNA,Hitachi HDS723030ALA640,3000592982016,0,,0,,,,,,,,0,,,,,,17016,,,,,,,,,,,,,,,,,,,,,,,,,,,,,,23,,,,,,8,,,,,,,,,,,,,,,,,,,,,,,,,,,,
2013-12-11,JK11A8B9J73L0F,Hitachi HDS722020ALA330,2000398934016,0,,1,,,,,,,,0,,,,,,23577,,,,,,,,,,,,,,,,,,,,,,,,,,,,,,27,,,,,,0,,,,,,,,,,,,,,,,,,,,,,,,,,,,
2013-12-11,PL1311LAG26KNA,Hitachi HDS5C4040ALE630,4000787030016,0,,0,,,,,,,,0,,,,,,6993,,,,,,,,,,,,,,,,,,,,,,,,,,,,,,22,,,,,,0,,,,,,,,,,,,,,,,,,,,,,,,,,,,
2013-12-11,PL1311LAG3DP3H,Hitachi HDS5C4040ALE630,4000787030016,0,,0,,,,,,,,0,,,,,,5049,,,,,,,,,,,,,,,,,,,,,,,,,,,,,,28,,,,,,0,,,,,,,,,,,,,,,,,,,,,,,,,,,,
2013-12-11,MK0311YHGKMG0A,Hitachi HDS723030ALA640,3000592982016,0,,0,,,,,,,,0,,,,,,16805,,,,,,,,,,,,,,,,,,,,,,,,,,,,,,31,,,,,,0,,,,,,,,,,,,,,,,,,,,,,,,,,,,
2013-12-11,Z300WKC7,ST4000DM000,4000787030016,0,,119092616,,,,,,,,0,,,,,,923,,,,,,,,,,,,,,,,,,,,,,,,,,,,,,26,,,,,,0,,,,,,,,,,,,,,,,,,,,,,,,,,,,
2013-12-11,MJ1311YNG2Y0MA,Hitachi HDS5C3030ALA630,3000592982016,0,,0,,,,,,,,0,,,,,,18201,,,,,,,,,,,,,,,,,,,,,,,,,,,,,,29,,,,,,0,,,,,,,,,,,,,,,,,,,,,,,,,,,,
2013-12-11,PL1310LAG0ELAA,Hitachi HDS5C4040ALE630,4000787030016,0,,0,,,,,,,,0,,,,,,12997,,,,,,,,,,,,,,,,,,,,,,,,,,,,,,29,,,,,,0,,,,,,,,,,,,,,,,,,,,,,,,,,,,
2013-12-11,MJ1311YNG39NDA,Hitachi HDS5C3030ALA630,3000592982016,0,,0,,,,,,,,0,,,,,,19251,,,,,,,,,,,,,,,,,,,,,,,,,,,,,,25,,,,,,0,,,,,,,,,,,,,,,,,,,,,,,,,,,,
2013-12-11,MJ0351YNGA6MZA,Hitachi HDS5C3030ALA630,3000592982016,0,,0,,,,,,,,0,,,,,,7801,,,,,,,,,,,,,,,,,,,,,,,,,,,,,,25,,,,,,0,,,,,,,,,,,,,,,,,,,,,,,,,,,,
2013-12-11,W1F1CDV8,ST3000DM001,3000592982016,0,,93817504,,,,,,,,0,,,,,,8136,,,,,,,,,,,,,,,,,,,,,,,,,,,,,,26,,,,,,0,,,,,,,,,,,,,,,,,,,,,,,,,,,,
2013-12-11,MJ0351YNG9VP5A,Hitachi HDS5C3030ALA630,3000592982016,0,,0,,,,,,,,0,,,,,,9913,,,,,,,,,,,,,,,,,,,,,,,,,,,,,,33,,,,,,0,,,,,,,,,,,,,,,,,,,,,,,,,,,,
2013-12-11,JK1170YAJDAJTT,Hitachi HDS722020ALA330,2000398934016,0,,0,,,,,,,,3,,,,,,28684,,,,,,,,,,,,,,,,,,,,,,,,,,,,,,27,,,,,,0,,,,,,,,,,,,,,,,,,,,,,,,,,,,
2013-12-11,5XW0ABYV,ST31500541AS,1500301910016,0,,237707151,,,,,,,,0,,,,,,17994,,,,,,,,,,,,,,,,,,,,,,,,,,,,,,23,,,,,,0,,,,,,,,,,,,,,,,,,,,,,,,,,,,
2013-12-11,9VS1QG98,ST31500341AS,1500301910016,0,,236714879,,,,,,,,34,,,,,,39091,,,,,,,,,,,,,,,,,,,,,,,,,,,,,,26,,,,,,0,,,,,,,,,,,,,,,,,,,,,,,,,,,,
2013-12-11,MJ1311YNG36PRA,Hitachi HDS5C3030ALA630,3000592982016,0,,65536,,,,,,,,0,,,,,,18316,,,,,,,,,,,,,,,,,,,,,,,,,,,,,,24,,,,,,0,,,,,,,,,,,,,,,,,,,,,,,,,,,,
2013-12-11,W1F0MHJJ,ST3000DM001,3000592982016,0,,157620456,,,,,,,,0,,,,,,10738,,,,,,,,,,,,,,,,,,,,,,,,,,,,,,24,,,,,,0,,,,,,,,,,,,,,,,,,,,,,,,,,,,
2013-12-11,W1F1B0KF,ST3000DM001,3000592982016,0,,91890664,,,,,,,,0,,,,,,7989,,,,,,,,,,,,,,,,,,,,,,,,,,,,,,18,,,,,,0,,,,,,,,,,,,,,,,,,,,,,,,,,,,
2013-12-11,MJ0351YNG9UPNA,Hitachi HDS5C3030ALA630,3000592982016,0,,0,,,,,,,,0,,,,,,9483,,,,,,,,,,,,,,,,,,,,,,,,,,,,,,28,,,,,,0,,,,,,,,,,,,,,,,,,,,,,,,,,,,
2013-12-11,S1F0QZSF,ST3000DM001,3000592982016,0,,137314104,,,,,,,,0,,,,,,11612,,,,,,,,,,,,,,,,,,,,,,,,,,,,,,28,,,,,,0,,,,,,,,,,,,,,,,,,,,,,,,,,,,
2013-12-11,W300DYVS,ST4000DM000,4000787030016,0,,74162208,,,,,,,,0,,,,,,4140,,,,,,,,,,,,,,,,,,,,,,,,,,,,,,21,,,,,,0,,,,,,,,,,,,,,,,,,,,,,,,,,,,
2013-12-11,WD-WCAWZ0488447,WDC WD30EZRX,3000592982016,0,,0,,,,,,,,0,,,,,,15832,,,,,,,,,,,,,,,,,,,,,,,,,,,,,,26,,,,,,200,,,,,,,,,,,,,,,,,,,,,,,,,,,,
2013-12-11,6XW01V54,ST31500541AS,1500301910016,0,,164092347,,,,,,,,0,,,,,,36936,,,,,,,,,,,,,,,,,,,,,,,,,,,,,,24,,,,,,0,,,,,,,,,,,,,,,,,,,,,,,,,,,,
2013-12-11,PL1311LAG2EBPH,Hitachi HDS5C4040ALE630,4000787030016,0,,0,,,,,,,,0,,,,,,7402,,,,,,,,,,,,,,,,,,,,,,,,,,,,,,26,,,,,,0,,,,,,,,,,,,,,,,,,,,,,,,,,,,
2013-12-11,5XW0DGXC,ST31500541AS,1500301910016,0,,54265197,,,,,,,,83,,,,,,23663,,,,,,,,,,,,,,,,,,,,,,,,,,,,,,22,,,,,,0,,,,,,,,,,,,,,,,,,,,,,,,,,,,
2013-12-11,PL1311LAG1VVMA,Hitachi HDS5C4040ALE630,4000787030016,0,,0,,,,,,,,0,,,,,,7461,,,,,,,,,,,,,,,,,,,,,,,,,,,,,,29,,,,,,0,,,,,,,,,,,,,,,,,,,,,,,,,,,,
2013-12-11,W1F09EAB,ST3000DM001,3000592982016,0,,31754808,,,,,,,,0,,,,,,13340,,,,,,,,,,,,,,,,,,,,,,,,,,,,,,28,,,,,,0,,,,,,,,,,,,,,,,,,,,,,,,,,,,
2013-12-11,JK1101B8JNTV3Z,Hitachi HDS722020ALA330,2000398934016,0,,0,,,,,,,,0,,,,,,22698,,,,,,,,,,,,,,,,,,,,,,,,,,,,,,31,,,,,,0,,,,,,,,,,,,,,,,,,,,,,,,,,,,
2013-12-11,Z300WKCX,ST4000DM000,4000787030016,0,,40116256,,,,,,,,0,,,,,,613,,,,,,,,,,,,,,,,,,,,,,,,,,,,,,24,,,,,,0,,,,,,,,,,,,,,,,,,,,,,,,,,,,
2013-12-11,MJ1311YNG5MW2A,Hitachi HDS5C3030ALA630,3000592982016,0,,65536,,,,,,,,0,,,,,,10396,,,,,,,,,,,,,,,,,,,,,,,,,,,,,,23,,,,,,0,,,,,,,,,,,,,,,,,,,,,,,,,,,,
2013-12-11,PL1321LAG2ZUUH,Hitachi HDS5C4040ALE630,4000787030016,0,,0,,,,,,,,0,,,,,,5139,,,,,,,,,,,,,,,,,,,,,,,,,,,,,,27,,,,,,0,,,,,,,,,,,,,,,,,,,,,,,,,,,,
2013-12-11,MJ0351YNGA39SA,Hitachi HDS5C3030ALA630,3000592982016,0,,0,,,,,,,,0,,,,,,8618,,,,,,,,,,,,,,,,,,,,,,,,,,,,,,33,,,,,,0,,,,,,,,,,,,,,,,,,,,,,,,,,,,
2013-12-11,JK11A4B8JG8ARW,Hitachi HDS722020ALA330,2000398934016,0,,0,,,,,,,,0,,,,,,23638,,,,,,,,,,,,,,,,,,,,,,,,,,,,,,28,,,,,,0,,,,,,,,,,,,,,,,,,,,,,,,,,,,
2013-12-11,JK11A8B9J3H9WF,Hitachi HDS722020ALA330,2000398934016,0,,0,,,,,,,,0,,,,,,23106,,,,,,,,,,,,,,,,,,,,,,,,,,,,,,26,,,,,,0,,,,,,,,,,,,,,,,,,,,,,,,,,,,
2013-12-11,JK1101B9J2UBZF,Hitachi HDS722020ALA330,2000398934016,0,,0,,,,,,,,0,,,,,,24216,,,,,,,,,,,,,,,,,,,,,,,,,,,,,,27,,,,,,0,,,,,,,,,,,,,,,,,,,,,,,,,,,,
2013-12-11,MK0331YHGLGNVA,Hitachi HDS723030ALA640,3000592982016,0,,0,,,,,,,,0,,,,,,17356,,,,,,,,,,,,,,,,,,,,,,,,,,,,,,20,,,,,,0,,,,,,,,,,,,,,,,,,,,,,,,,,,,
2013-12-11,JK1171YBK165GF,Hitachi HDS722020ALA330,2000398934016,0,,0,,,,,,,,0,,,,,,29018,,,,,,,,,,,,,,,,,,,,,,,,,,,,,,28,,,,,,0,,,,,,,,,,,,,,,,,,,,,,,,,,,,
2013-12-11,W3005QR1,ST4000DM000,4000787030016,0,,158473304,,,,,,,,0,,,,,,2893,,,,,,,,,,,,,,,,,,,,,,,,,,,,,,23,,,,,,0,,,,,,,,,,,,,,,,,,,,,,,,,,,,
2013-12-11,JK1101B9GH9WNF,Hitachi HDS722020ALA330,2000398934016,0,,65536,,,,,,,,0,,,,,,26764,,,,,,,,,,,,,,,,,,,,,,,,,,,,,,27,,,,,,0,,,,,,,,,,,,,,,,,,,,,,,,,,,,
2013-12-11,S1F031AY,ST3000DM001,3000592982016,0,,3847368,,,,,,,,0,,,,,,15457,,,,,,,,,,,,,,,,,,,,,,,,,,,,,,20,,,,,,0,,,,,,,,,,,,,,,,,,,,,,,,,,,,
2013-12-11,Z300J9PQ,ST4000DM000,4000787030016,0,,23852000,,,,,,,,0,,,,,,2219,,,,,,,,,,,,,,,,,,,,,,,,,,,,,,25,,,,,,0,,,,,,,,,,,,,,,,,,,,,,,,,,,,
2013-12-11,MJ1311YNG348EA,Hitachi HDS5C3030ALA630,3000592982016,0,,0,,,,,,,,0,,,,,,19621,,,,,,,,,,,,,,,,,,,,,,,,,,,,,,25,,,,,,0,,,,,,,,,,,,,,,,,,,,,,,,,,,,
2013-12-11,PL1311LAG2ABNH,Hitachi HDS5C4040ALE630,4000787030016,0,,0,,,,,,,,0,,,,,,4873,,,,,,,,,,,,,,,,,,,,,,,,,,,,,,27,,,,,,0,,,,,,,,,,,,,,,,,,,,,,,,,,,,
2013-12-11,JK1101B9JAV3KF,Hitachi HDS722020ALA330,2000398934016,0,,0,,,,,,,,0,,,,,,24100,,,,,,,,,,,,,,,,,,,,,,,,,,,,,,24,,,,,,0,,,,,,,,,,,,,,,,,,,,,,,,,,,,
2013-12-11,6XW006AD,ST31500541AS,1500301910016,0,,74153731,,,,,,,,0,,,,,,34756,,,,,,,,,,,,,,,,,,,,,,,,,,,,,,20,,,,,,0,,,,,,,,,,,,,,,,,,,,,,,,,,,,
2013-12-11,S1F04C1F,ST3000DM001,3000592982016,0,,35321480,,,,,,,,160,,,,,,15401,,,,,,,,,,,,,,,,,,,,,,,,,,,,,,21,,,,,,32,,,,,,,,,,,,,,,,,,,,,,,,,,,,
2013-12-11,S1F04C1G,ST3000DM001,3000592982016,0,,150711888,,,,,,,,0,,,,,,13745,,,,,,,,,,,,,,,,,,,,,,,,,,,,,,22,,,,,,0,,,,,,,,,,,,,,,,,,,,,,,,,,,,
2013-12-11,Z290VNEV,ST33000651AS,3000592982016,0,,205685898,,,,,,,,0,,,,,,15916,,,,,,,,,,,,,,,,,,,,,,,,,,,,,,23,,,,,,0,,,,,,,,,,,,,,,,,,,,,,,,,,,,
2013-12-11,Z300XGKL,ST4000DM000,4000787030016,0,,109895048,,,,,,,,0,,,,,,923,,,,,,,,,,,,,,,,,,,,,,,,,,,,,,27,,,,,,0,,,,,,,,,,,,,,,,,,,,,,,,,,,,
2013-12-11,Z300CP8K,ST4000DM000,4000787030016,0,,159688640,,,,,,,,0,,,,,,1297,,,,,,,,,,,,,,,,,,,,,,,,,,,,,,18,,,,,,0,,,,,,,,,,,,,,,,,,,,,,,,,,,,
2013-12-11,Z300KGDV,ST4000DM000,4000787030016,0,,34314520,,,,,,,,0,,,,,,1445,,,,,,,,,,,,,,,,,,,,,,,,,,,,,,24,,,,,,0,,,,,,,,,,,,,,,,,,,,,,,,,,,,
2013-12-11,WD-WCAU45482250,WDC WD10EADS,1000204886016,0,,2,,,,,,,,0,,,,,,40176,,,,,,,,,,,,,,,,,,,,,,,,,,,,,,21,,,,,,0,,,,,,,,,,,,,,,,,,,,,,,,,,,,
2013-12-11,S1F05RZX,ST3000DM001,3000592982016,0,,75144344,,,,,,,,0,,,,,,12359,,,,,,,,,,,,,,,,,,,,,,,,,,,,,,26,,,,,,0,,,,,,,,,,,,,,,,,,,,,,,,,,,,
2013-12-11,MJ1311YNG7LNSA,Hitachi HDS5C3030ALA630,3000592982016,0,,0,,,,,,,,0,,,,,,14601,,,,,,,,,,,,,,,,,,,,,,,,,,,,,,23,,,,,,0,,,,,,,,,,,,,,,,,,,,,,,,,,,,
2013-12-11,MK0301YHGKDJ8A,Hitachi HDS723030ALA640,3000592982016,0,,131072,,,,,,,,0,,,,,,17012,,,,,,,,,,,,,,,,,,,,,,,,,,,,,,27,,,,,,0,,,,,,,,,,,,,,,,,,,,,,,,,,,,
2013-12-11,Z300K1L0,ST4000DM000,4000787030016,0,,202893000,,,,,,,,0,,,,,,2216,,,,,,,,,,,,,,,,,,,,,,,,,,,,,,16,,,,,,0,,,,,,,,,,,,,,,,,,,,,,,,,,,,
2013-12-11,Z300K1L2,ST4000DM000,4000787030016,0,,82693792,,,,,,,,0,,,,,,2241,,,,,,,,,,,,,,,,,,,,,,,,,,,,,,19,,,,,,0,,,,,,,,,,,,,,,,,,,,,,,,,,,,
2013-12-11,Z300K1L6,ST4000DM000,4000787030016,0,,103080880,,,,,,,,0,,,,,,1858,,,,,,,,,,,,,,,,,,,,,,,,,,,,,,23,,,,,,0,,,,,,,,,,,,,,,,,,,,,,,,,,,,
2013-12-11,S1F02JN4,ST3000DM001,3000592982016,0,,193659800,,,,,,,,0,,,,,,16199,,,,,,,,,,,,,,,,,,,,,,,,,,,,,,26,,,,,,0,,,,,,,,,,,,,,,,,,,,,,,,,,,,
2013-12-11,PL1311LAG167HA,Hitachi HDS5C4040ALE630,4000787030016,0,,0,,,,,,,,0,,,,,,6616,,,,,,,,,,,,,,,,,,,,,,,,,,,,,,25,,,,,,0,,,,,,,,,,,,,,,,,,,,,,,,,,,,
2013-12-11,S1F0377V,ST3000DM001,3000592982016,0,,171952920,,,,,,,,0,,,,,,15265,,,,,,,,,,,,,,,,,,,,,,,,,,,,,,22,,,,,,0,,,,,,,,,,,,,,,,,,,,,,,,,,,,
2013-12-11,PL1311LAG38E4H,Hitachi HDS5C4040ALE630,4000787030016,0,,0,,,,,,,,0,,,,,,5923,,,,,,,,,,,,,,,,,,,,,,,,,,,,,,21,,,,,,0,,,,,,,,,,,,,,,,,,,,,,,,,,,,
2013-12-11,S1F0377F,ST3000DM001,3000592982016,0,,59921720,,,,,,,,0,,,,,,14214,,,,,,,,,,,,,,,,,,,,,,,,,,,,,,20,,,,,,0,,,,,,,,,,,,,,,,,,,,,,,,,,,,
2013-12-11,JK1101B9JP60XU,Hitachi HDS722020ALA330,2000398934016,0,,131073,,,,,,,,0,,,,,,23989,,,,,,,,,,,,,,,,,,,,,,,,,,,,,,26,,,,,,0,,,,,,,,,,,,,,,,,,,,,,,,,,,,
2013-12-11,JK1105B8GG4K8X,Hitachi HDS722020ALA330,2000398934016,0,,0,,,,,,,,0,,,,,,27168,,,,,,,,,,,,,,,,,,,,,,,,,,,,,,28,,,,,,0,,,,,,,,,,,,,,,,,,,,,,,,,,,,
2013-12-11,Z300JE77,ST4000DM000,4000787030016,0,,189676880,,,,,,,,0,,,,,,2217,,,,,,,,,,,,,,,,,,,,,,,,,,,,,,21,,,,,,0,,,,,,,,,,,,,,,,,,,,,,,,,,,,
2013-12-11,Z300KE7K,ST4000DM000,4000787030016,0,,188190096,,,,,,,,0,,,,,,152,,,,,,,,,,,,,,,,,,,,,,,,,,,,,,25,,,,,,0,,,,,,,,,,,,,,,,,,,,,,,,,,,,
2013-12-11,PL1311LAG3B7NH,Hitachi HDS5C4040ALE630,4000787030016,0,,0,,,,,,,,0,,,,,,5052,,,,,,,,,,,,,,,,,,,,,,,,,,,,,,26,,,,,,0,,,,,,,,,,,,,,,,,,,,,,,,,,,,
2013-12-11,W300H3KC,ST4000DM000,4000787030016,0,,152029048,,,,,,,,0,,,,,,919,,,,,,,,,,,,,,,,,,,,,,,,,,,,,,20,,,,,,0,,,,,,,,,,,,,,,,,,,,,,,,,,,,
2013-12-11,MJ0351YNGAAJMA,Hitachi HDS5C3030ALA630,3000592982016,0,,0,,,,,,,,0,,,,,,8612,,,,,,,,,,,,,,,,,,,,,,,,,,,,,,32,,,,,,0,,,,,,,,,,,,,,,,,,,,,,,,,,,,
2013-12-11,PL1311LAG1ZHAA,Hitachi HDS5C4040ALE630,4000787030016,0,,0,,,,,,,,0,,,,,,6074,,,,,,,,,,,,,,,,,,,,,,,,,,,,,,20,,,,,,0,,,,,,,,,,,,,,,,,,,,,,,,,,,,
2013-12-11,S1F0LKD7,ST3000DM001,3000592982016,0,,100352960,,,,,,,,0,,,,,,12172,,,,,,,,,,,,,,,,,,,,,,,,,,,,,,32,,,,,,0,,,,,,,,,,,,,,,,,,,,,,,,,,,,
2013-12-11,WD-WCAWZ0969390,WDC WD30EZRX,3000592982016,0,,1,,,,,,,,0,,,,,,16070,,,,,,,,,,,,,,,,,,,,,,,,,,,,,,23,,,,,,7,,,,,,,,,,,,,,,,,,,,,,,,,,,,
2013-12-11,Z1Z05P52,ST4000DX000,4000787030016,0,,224157967,,,,,,,,0,,,,,,5379,,,,,,,,,,,,,,,,,,,,,,,,,,,,,,24,,,,,,0,,,,,,,,,,,,,,,,,,,,,,,,,,,,
2013-12-11,MJ0351YNGA3JBA,Hitachi HDS5C3030ALA630,3000592982016,0,,0,,,,,,,,0,,,,,,9315,,,,,,,,,,,,,,,,,,,,,,,,,,,,,,30,,,,,,0,,,,,,,,,,,,,,,,,,,,,,,,,,,,
2013-12-11,W1F0X6YC,ST3000DM001,3000592982016,0,,217659464,,,,,,,,0,,,,,,11673,,,,,,,,,,,,,,,,,,,,,,,,,,,,,,26,,,,,,0,,,,,,,,,,,,,,,,,,,,,,,,,,,,
2013-12-11,JK11A8B9J383LF,Hitachi HDS722020ALA330,2000398934016,0,,0,,,,,,,,0,,,,,,23881,,,,,,,,,,,,,,,,,,,,,,,,,,,,,,24,,,,,,0,,,,,,,,,,,,,,,,,,,,,,,,,,,,
2013-12-11,S1F135F0,ST3000DM001,3000592982016,0,,214842928,,,,,,,,0,,,,,,8162,,,,,,,,,,,,,,,,,,,,,,,,,,,,,,27,,,,,,0,,,,,,,,,,,,,,,,,,,,,,,,,,,,
2013-12-11,MK0333YHGPEH1C,Hitachi HDS723030ALA640,3000592982016,0,,589824,,,,,,,,0,,,,,,18088,,,,,,,,,,,,,,,,,,,,,,,,,,,,,,27,,,,,,0,,,,,,,,,,,,,,,,,,,,,,,,,,,,
2013-12-11,S1F135F2,ST3000DM001,3000592982016,0,,166365096,,,,,,,,0,,,,,,7993,,,,,,,,,,,,,,,,,,,,,,,,,,,,,,21,,,,,,0,,,,,,,,,,,,,,,,,,,,,,,,,,,,
2013-12-11,S1F06K4P,ST3000DM001,3000592982016,0,,38822376,,,,,,,,0,,,,,,13360,,,,,,,,,,,,,,,,,,,,,,,,,,,,,,22,,,,,,0,,,,,,,,,,,,,,,,,,,,,,,,,,,,
2013-12-11,JK11A8B9J4SR6F,Hitachi HDS722020ALA330,2000398934016,0,,0,,,,,,,,0,,,,,,24912,,,,,,,,,,,,,,,,,,,,,,,,,,,,,,33,,,,,,0,,,,,,,,,,,,,,,,,,,,,,,,,,,,
2013-12-11,MJ0351YNG9XPAA,Hitachi HDS5C3030ALA630,3000592982016,0,,0,,,,,,,,0,,,,,,9191,,,,,,,,,,,,,,,,,,,,,,,,,,,,,,29,,,,,,0,,,,,,,,,,,,,,,,,,,,,,,,,,,,
2013-12-11,MJ0351YNG9W5JA,Hitachi HDS5C3030ALA630,3000592982016,0,,0,,,,,,,,0,,,,,,9904,,,,,,,,,,,,,,,,,,,,,,,,,,,,,,24,,,,,,0,,,,,,,,,,,,,,,,,,,,,,,,,,,,
2013-12-11,W1F0FW0S,ST3000DM001,3000592982016,0,,81722024,,,,,,,,0,,,,,,10903,,,,,,,,,,,,,,,,,,,,,,,,,,,,,,26,,,,,,0,,,,,,,,,,,,,,,,,,,,,,,,,,,,
2013-12-11,W300HFEB,ST4000DM000,4000787030016,0,,12496856,,,,,,,,0,,,,,,2222,,,,,,,,,,,,,,,,,,,,,,,,,,,,,,26,,,,,,0,,,,,,,,,,,,,,,,,,,,,,,,,,,,
2013-12-11,MJ0351YNGABY8A,Hitachi HDS5C3030ALA630,3000592982016,0,,0,,,,,,,,0,,,,,,7986,,,,,,,,,,,,,,,,,,,,,,,,,,,,,,29,,,,,,0,,,,,,,,,,,,,,,,,,,,,,,,,,,,
2013-12-11,JK11A8B9J7A7JF,Hitachi HDS722020ALA330,2000398934016,0,,0,,,,,,,,0,,,,,,21477,,,,,,,,,,,,,,,,,,,,,,,,,,,,,,28,,,,,,0,,,,,,,,,,,,,,,,,,,,,,,,,,,,
2013-12-11,S1F06YN3,ST3000DM001,3000592982016,0,,15499800,,,,,,,,0,,,,,,14234,,,,,,,,,,,,,,,,,,,,,,,,,,,,,,23,,,,,,0,,,,,,,,,,,,,,,,,,,,,,,,,,,,
2013-12-11,JK1101B9KP0EJR,Hitachi HDS722020ALA330,2000398934016,0,,0,,,,,,,,0,,,,,,23098,,,,,,,,,,,,,,,,,,,,,,,,,,,,,,28,,,,,,1,,,,,,,,,,,,,,,,,,,,,,,,,,,,
2013-12-11,S1F0F4G4,ST3000DM001,3000592982016,0,,103986880,,,,,,,,0,,,,,,11693,,,,,,,,,,,,,,,,,,,,,,,,,,,,,,28,,,,,,0,,,,,,,,,,,,,,,,,,,,,,,,,,,,
2013-12-11,MK0311YHG4WUWA,Hitachi HDS723030ALA640,3000592982016,0,,0,,,,,,,,0,,,,,,21793,,,,,,,,,,,,,,,,,,,,,,,,,,,,,,24,,,,,,0,,,,,,,,,,,,,,,,,,,,,,,,,,,,
2013-12-11,JK1105B8GG3YEX,Hitachi HDS722020ALA330,2000398934016,0,,0,,,,,,,,0,,,,,,27160,,,,,,,,,,,,,,,,,,,,,,,,,,,,,,30,,,,,,0,,,,,,,,,,,,,,,,,,,,,,,,,,,,
2013-12-11,W300KQMN,ST4000DM000,4000787030016,0,,148595072,,,,,,,,0,,,,,,957,,,,,,,,,,,,,,,,,,,,,,,,,,,,,,21,,,,,,0,,,,,,,,,,,,,,,,,,,,,,,,,,,,
2013-12-11,WD-WCAU42168454,WDC WD10EACS,1000204886016,0,,0,,,,,,,,0,,,,,,42832,,,,,,,,,,,,,,,,,,,,,,,,,,,,,,19,,,,,,0,,,,,,,,,,,,,,,,,,,,,,,,,,,,
2013-12-11,JK11A8B9J1MLDF,Hitachi HDS722020ALA330,2000398934016,0,,0,,,,,,,,0,,,,,,24213,,,,,,,,,,,,,,,,,,,,,,,,,,,,,,24,,,,,,0,,,,,,,,,,,,,,,,,,,,,,,,,,,,
2013-12-11,JK11A4B8J377MW,Hitachi HDS722020ALA330,2000398934016,0,,0,,,,,,,,0,,,,,,25125,,,,,,,,,,,,,,,,,,,,,,,,,,,,,,32,,,,,,0,,,,,,,,,,,,,,,,,,,,,,,,,,,,
2013-12-11,Z1Z03F7N,ST4000DX000,4000787030016,0,,187877151,,,,,,,,0,,,,,,7132,,,,,,,,,,,,,,,,,,,,,,,,,,,,,,32,,,,,,0,,,,,,,,,,,,,,,,,,,,,,,,,,,,
2013-12-11,WD-WCAWZ1150495,WDC WD30EZRX,3000592982016,0,,0,,,,,,,,0,,,,,,17613,,,,,,,,,,,,,,,,,,,,,,,,,,,,,,24,,,,,,1,,,,,,,,,,,,,,,,,,,,,,,,,,,,
2013-12-11,WD-WCAU47311200,WDC WD10EADS,1000204886016,0,,0,,,,,,,,0,,,,,,40819,,,,,,,,,,,,,,,,,,,,,,,,,,,,,,27,,,,,,0,,,,,,,,,,,,,,,,,,,,,,,,,,,,
2013-12-11,WD-WCAV5M498796,WDC WD10EADS,1000204886016,0,,0,,,,,,,,0,,,,,,23930,,,,,,,,,,,,,,,,,,,,,,,,,,,,,,28,,,,,,0,,,,,,,,,,,,,,,,,,,,,,,,,,,,
2013-12-11,JK11A8B9JPYH9F,Hitachi HDS722020ALA330,2000398934016,0,,0,,,,,,,,0,,,,,,24300,,,,,,,,,,,,,,,,,,,,,,,,,,,,,,27,,,,,,1,,,,,,,,,,,,,,,,,,,,,,,,,,,,
2013-12-11,WD-WCAWZ1210567,WDC WD30EZRX,3000592982016,0,,0,,,,,,,,0,,,,,,17614,,,,,,,,,,,,,,,,,,,,,,,,,,,,,,23,,,,,,2,,,,,,,,,,,,,,,,,,,,,,,,,,,,
2013-12-11,MJ0351YNG9WN6A,Hitachi HDS5C3030ALA630,3000592982016,0,,0,,,,,,,,0,,,,,,9475,,,,,,,,,,,,,,,,,,,,,,,,,,,,,,27,,,,,,0,,,,,,,,,,,,,,,,,,,,,,,,,,,,
2013-12-11,S1F0KY8B,ST3000DM001,3000592982016,0,,24009864,,,,,,,,0,,,,,,12174,,,,,,,,,,,,,,,,,,,,,,,,,,,,,,33,,,,,,0,,,,,,,,,,,,,,,,,,,,,,,,,,,,
2013-12-11,WD-WCAV5C528081,WDC WD10EADS,1000204886016,0,,0,,,,,,,,0,,,,,,19977,,,,,,,,,,,,,,,,,,,,,,,,,,,,,,31,,,,,,0,,,,,,,,,,,,,,,,,,,,,,,,,,,,
2013-12-11,JK11A4B8J3Z6YW,Hitachi HDS722020ALA330,2000398934016,0,,0,,,,,,,,0,,,,,,26025,,,,,,,,,,,,,,,,,,,,,,,,,,,,,,28,,,,,,0,,,,,,,,,,,,,,,,,,,,,,,,,,,,
2013-12-11,S1F02RZA,ST3000DM001,3000592982016,0,,21331512,,,,,,,,0,,,,,,14993,,,,,,,,,,,,,,,,,,,,,,,,,,,,,,23,,,,,,0,,,,,,,,,,,,,,,,,,,,,,,,,,,,
2013-12-11,6XW12EZY,ST32000542AS,2000398934016,0,,66819997,,,,,,,,0,,,,,,15216,,,,,,,,,,,,,,,,,,,,,,,,,,,,,,18,,,,,,0,,,,,,,,,,,,,,,,,,,,,,,,,,,,
2013-12-11,9XK0F1HH,ST33000651AS,3000592982016,0,,17871163,,,,,,,,0,,,,,,14569,,,,,,,,,,,,,,,,,,,,,,,,,,,,,,24,,,,,,0,,,,,,,,,,,,,,,,,,,,,,,,,,,,
2013-12-11,WD-WCAU45021714,WDC WD10EACS,1000204886016,0,,6,,,,,,,,0,,,,,,42380,,,,,,,,,,,,,,,,,,,,,,,,,,,,,,21,,,,,,0,,,,,,,,,,,,,,,,,,,,,,,,,,,,
2013-12-11,JK11A8YBKXBRMF,Hitachi HDS722020ALA330,2000398934016,0,,65536,,,,,,,,0,,,,,,27861,,,,,,,,,,,,,,,,,,,,,,,,,,,,,,26,,,,,,0,,,,,,,,,,,,,,,,,,,,,,,,,,,,
2013-12-11,PL1311LAG3A39H,Hitachi HDS5C4040ALE630,4000787030016,0,,0,,,,,,,,0,,,,,,5962,,,,,,,,,,,,,,,,,,,,,,,,,,,,,,22,,,,,,0,,,,,,,,,,,,,,,,,,,,,,,,,,,,
2013-12-11,JK1101B9JNN2BF,Hitachi HDS722020ALA330,2000398934016,0,,0,,,,,,,,0,,,,,,24099,,,,,,,,,,,,,,,,,,,,,,,,,,,,,,29,,,,,,0,,,,,,,,,,,,,,,,,,,,,,,,,,,,
2013-12-11,6XW01PVJ,ST31500541AS,1500301910016,0,,122266492,,,,,,,,0,,,,,,36061,,,,,,,,,,,,,,,,,,,,,,,,,,,,,,21,,,,,,0,,,,,,,,,,,,,,,,,,,,,,,,,,,,
2013-12-11,JK11A8B9J7G9WF,Hitachi HDS722020ALA330,2000398934016,0,,0,,,,,,,,0,,,,,,24497,,,,,,,,,,,,,,,,,,,,,,,,,,,,,,30,,,,,,0,,,,,,,,,,,,,,,,,,,,,,,,,,,,
2013-12-11,MJ1321YNG0P91A,Hitachi HDS5C3030ALA630,3000592982016,0,,983046,,,,,,,,0,,,,,,10396,,,,,,,,,,,,,,,,,,,,,,,,,,,,,,23,,,,,,0,,,,,,,,,,,,,,,,,,,,,,,,,,,,
2013-12-11,W300K1WK,ST4000DM000,4000787030016,0,,69945320,,,,,,,,0,,,,,,957,,,,,,,,,,,,,,,,,,,,,,,,,,,,,,18,,,,,,0,,,,,,,,,,,,,,,,,,,,,,,,,,,,
2013-12-11,9XW01N45,ST31500541AS,1500301910016,0,,160943259,,,,,,,,0,,,,,,34757,,,,,,,,,,,,,,,,,,,,,,,,,,,,,,20,,,,,,0,,,,,,,,,,,,,,,,,,,,,,,,,,,,
2013-12-11,S1F0CVWG,ST3000DM001,3000592982016,0,,170802880,,,,,,,,0,,,,,,12360,,,,,,,,,,,,,,,,,,,,,,,,,,,,,,26,,,,,,0,,,,,,,,,,,,,,,,,,,,,,,,,,,,
2013-12-11,MJ0351YNG9XXYA,Hitachi HDS5C3030ALA630,3000592982016,0,,0,,,,,,,,0,,,,,,9524,,,,,,,,,,,,,,,,,,,,,,,,,,,,,,35,,,,,,0,,,,,,,,,,,,,,,,,,,,,,,,,,,,
2013-12-11,6XW03886,ST31500541AS,1500301910016,0,,210096889,,,,,,,,0,,,,,,37443,,,,,,,,,,,,,,,,,,,,,,,,,,,,,,21,,,,,,0,,,,,,,,,,,,,,,,,,,,,,,,,,,,
2013-12-11,S1F0CVWH,ST3000DM001,3000592982016,0,,27624672,,,,,,,,336,,,,,,12419,,,,,,,,,,,,,,,,,,,,,,,,,,,,,,35,,,,,,0,,,,,,,,,,,,,,,,,,,,,,,,,,,,
2013-12-11,MJ0351YNG9YN2A,Hitachi HDS5C3030ALA630,3000592982016,0,,0,,,,,,,,0,,,,,,9974,,,,,,,,,,,,,,,,,,,,,,,,,,,,,,29,,,,,,0,,,,,,,,,,,,,,,,,,,,,,,,,,,,
2013-12-11,6XW03880,ST31500541AS,1500301910016,0,,185563750,,,,,,,,0,,,,,,37441,,,,,,,,,,,,,,,,,,,,,,,,,,,,,,21,,,,,,0,,,,,,,,,,,,,,,,,,,,,,,,,,,,
2013-12-11,S1F0CVWK,ST3000DM001,3000592982016,0,,136371504,,,,,,,,0,,,,,,12318,,,,,,,,,,,,,,,,,,,,,,,,,,,,,,29,,,,,,0,,,,,,,,,,,,,,,,,,,,,,,,,,,,
2013-12-11,W300BMRD,ST4000DM000,4000787030016,0,,58675560,,,,,,,,0,,,,,,3587,,,,,,,,,,,,,,,,,,,,,,,,,,,,,,22,,,,,,0,,,,,,,,,,,,,,,,,,,,,,,,,,,,
2013-12-11,WD-WMC1T1145124,WDC WD30EFRX,3000592982016,0,,0,,,,,,,,0,,,,,,8840,,,,,,,,,,,,,,,,,,,,,,,,,,,,,,27,,,,,,0,,,,,,,,,,,,,,,,,,,,,,,,,,,,
2013-12-11,Z300DTZN,ST4000DM000,4000787030016,0,,144646296,,,,,,,,0,,,,,,2257,,,,,,,,,,,,,,,,,,,,,,,,,,,,,,24,,,,,,0,,,,,,,,,,,,,,,,,,,,,,,,,,,,
2013-12-11,PL1321LAG2Y6BH,Hitachi HDS5C4040ALE630,4000787030016,0,,0,,,,,,,,0,,,,,,5137,,,,,,,,,,,,,,,,,,,,,,,,,,,,,,32,,,,,,0,,,,,,,,,,,,,,,,,,,,,,,,,,,,
2013-12-11,9VS3JZD1,ST31500341AS,1500301910016,0,,183433613,,,,,,,,8,,,,,,32929,,,,,,,,,,,,,,,,,,,,,,,,,,,,,,23,,,,,,0,,,,,,,,,,,,,,,,,,,,,,,,,,,,
2013-12-11,JK11A8B9J85P1F,Hitachi HDS722020ALA330,2000398934016,0,,0,,,,,,,,0,,,,,,25584,,,,,,,,,,,,,,,,,,,,,,,,,,,,,,25,,,,,,0,,,,,,,,,,,,,,,,,,,,,,,,,,,,
2013-12-11,WD-WCAU45645095,WDC WD10EADS,1000204886016,0,,6,,,,,,,,0,,,,,,41149,,,,,,,,,,,,,,,,,,,,,,,,,,,,,,29,,,,,,0,,,,,,,,,,,,,,,,,,,,,,,,,,,,
2013-12-11,W1F0WJKM,ST3000DM001,3000592982016,0,,110220424,,,,,,,,6288,,,,,,10740,,,,,,,,,,,,,,,,,,,,,,,,,,,,,,24,,,,,,0,,,,,,,,,,,,,,,,,,,,,,,,,,,,
2013-12-11,Z300PBVJ,ST4000DM000,4000787030016,0,,119778400,,,,,,,,0,,,,,,1231,,,,,,,,,,,,,,,,,,,,,,,,,,,,,,21,,,,,,0,,,,,,,,,,,,,,,,,,,,,,,,,,,,
2013-12-11,JK1105B8GABUAX,Hitachi HDS722020ALA330,2000398934016,0,,65538,,,,,,,,0,,,,,,26766,,,,,,,,,,,,,,,,,,,,,,,,,,,,,,26,,,,,,0,,,,,,,,,,,,,,,,,,,,,,,,,,,,
2013-12-11,Z300PBVG,ST4000DM000,4000787030016,0,,99148248,,,,,,,,0,,,,,,1233,,,,,,,,,,,,,,,,,,,,,,,,,,,,,,18,,,,,,0,,,,,,,,,,,,,,,,,,,,,,,,,,,,
2013-12-11,W300BMR0,ST4000DM000,4000787030016,0,,108626248,,,,,,,,0,,,,,,3586,,,,,,,,,,,,,,,,,,,,,,,,,,,,,,19,,,,,,0,,,,,,,,,,,,,,,,,,,,,,,,,,,,
2013-12-11,MJ1311YNG2MXRA,Hitachi HDS5C3030ALA630,3000592982016,0,,0,,,,,,,,0,,,,,,19324,,,,,,,,,,,,,,,,,,,,,,,,,,,,,,26,,,,,,0,,,,,,,,,,,,,,,,,,,,,,,,,,,,
2013-12-11,JK11A8B9J998XF,Hitachi HDS722020ALA330,2000398934016,0,,1,,,,,,,,0,,,,,,25661,,,,,,,,,,,,,,,,,,,,,,,,,,,,,,27,,,,,,0,,,,,,,,,,,,,,,,,,,,,,,,,,,,
2013-12-11,MJ1311YNG2UZ5A,Hitachi HDS5C3030ALA630,3000592982016,0,,0,,,,,,,,0,,,,,,18405,,,,,,,,,,,,,,,,,,,,,,,,,,,,,,22,,,,,,0,,,,,,,,,,,,,,,,,,,,,,,,,,,,
2013-12-11,MJ1311YNG5M5JA,Hitachi HDS5C3030ALA630,3000592982016,0,,0,,,,,,,,0,,,,,,14600,,,,,,,,,,,,,,,,,,,,,,,,,,,,,,21,,,,,,0,,,,,,,,,,,,,,,,,,,,,,,,,,,,
2013-12-11,PL1321LAGB2T3H,Hitachi HDS5C4040ALE630,4000787030016,0,,0,,,,,,,,0,,,,,,5076,,,,,,,,,,,,,,,,,,,,,,,,,,,,,,24,,,,,,0,,,,,,,,,,,,,,,,,,,,,,,,,,,,
2013-12-11,W3006KKX,ST4000DM000,4000787030016,0,,147692384,,,,,,,,0,,,,,,2920,,,,,,,,,,,,,,,,,,,,,,,,,,,,,,18,,,,,,0,,,,,,,,,,,,,,,,,,,,,,,,,,,,
2013-12-11,JK1101B9HHHGSR,Hitachi HDS722020ALA330,2000398934016,0,,0,,,,,,,,0,,,,,,26144,,,,,,,,,,,,,,,,,,,,,,,,,,,,,,30,,,,,,0,,,,,,,,,,,,,,,,,,,,,,,,,,,,
2013-12-11,MJ1323YNG1SU1C,Hitachi HDS5C3030ALA630,3000592982016,0,,0,,,,,,,,0,,,,,,19747,,,,,,,,,,,,,,,,,,,,,,,,,,,,,,25,,,,,,0,,,,,,,,,,,,,,,,,,,,,,,,,,,,
2013-12-11,MK0311YHG1PY8A,Hitachi HDS723030ALA640,3000592982016,0,,1,,,,,,,,0,,,,,,16680,,,,,,,,,,,,,,,,,,,,,,,,,,,,,,24,,,,,,0,,,,,,,,,,,,,,,,,,,,,,,,,,,,
2013-12-11,JK11A8B9J1GU2F,Hitachi HDS722020ALA330,2000398934016,0,,1,,,,,,,,0,,,,,,23712,,,,,,,,,,,,,,,,,,,,,,,,,,,,,,31,,,,,,0,,,,,,,,,,,,,,,,,,,,,,,,,,,,
2013-12-11,MJ1311YNG7G8XA,Hitachi HDS5C3030ALA630,3000592982016,0,,0,,,,,,,,0,,,,,,14574,,,,,,,,,,,,,,,,,,,,,,,,,,,,,,20,,,,,,0,,,,,,,,,,,,,,,,,,,,,,,,,,,,
2013-12-11,5XW03RG7,ST31500541AS,1500301910016,0,,242709933,,,,,,,,0,,,,,,37143,,,,,,,,,,,,,,,,,,,,,,,,,,,,,,20,,,,,,0,,,,,,,,,,,,,,,,,,,,,,,,,,,,
2013-12-11,6XW0B9AR,ST31500541AS,1500301910016,0,,7185624,,,,,,,,0,,,,,,31865,,,,,,,,,,,,,,,,,,,,,,,,,,,,,,25,,,,,,0,,,,,,,,,,,,,,,,,,,,,,,,,,,,
2013-12-11,Z300PB0F,ST4000DM000,4000787030016,0,,55687128,,,,,,,,0,,,,,,1227,,,,,,,,,,,,,,,,,,,,,,,,,,,,,,22,,,,,,0,,,,,,,,,,,,,,,,,,,,,,,,,,,,
2013-12-11,W1F091J0,ST3000DM001,3000592982016,0,,38569560,,,,,,,,0,,,,,,13361,,,,,,,,,,,,,,,,,,,,,,,,,,,,,,23,,,,,,0,,,,,,,,,,,,,,,,,,,,,,,,,,,,
2013-12-11,9VS3A0VD,ST31500341AS,1500301910016,0,,186578098,,,,,,,,2,,,,,,21526,,,,,,,,,,,,,,,,,,,,,,,,,,,,,,21,,,,,,0,,,,,,,,,,,,,,,,,,,,,,,,,,,,
2013-12-11,S1F03YZM,ST3000DM001,3000592982016,0,,146540768,,,,,,,,0,,,,,,12156,,,,,,,,,,,,,,,,,,,,,,,,,,,,,,26,,,,,,0,,,,,,,,,,,,,,,,,,,,,,,,,,,,
2013-12-11,JK11A8B9J7NUTF,Hitachi HDS722020ALA330,2000398934016,0,,1,,,,,,,,0,,,,,,23579,,,,,,,,,,,,,,,,,,,,,,,,,,,,,,27,,,,,,0,,,,,,,,,,,,,,,,,,,,,,,,,,,,
2013-12-11,S1F035SJ,ST3000DM001,3000592982016,0,,123064464,,,,,,,,0,,,,,,15346,,,,,,,,,,,,,,,,,,,,,,,,,,,,,,27,,,,,,0,,,,,,,,,,,,,,,,,,,,,,,,,,,,
2013-12-11,S1F09946,ST3000DM001,3000592982016,0,,29011816,,,,,,,,0,,,,,,12840,,,,,,,,,,,,,,,,,,,,,,,,,,,,,,29,,,,,,0,,,,,,,,,,,,,,,,,,,,,,,,,,,,
2013-12-11,Z30051R6,ST4000DM000,4000787030016,0,,126531872,,,,,,,,0,,,,,,5394,,,,,,,,,,,,,,,,,,,,,,,,,,,,,,23,,,,,,0,,,,,,,,,,,,,,,,,,,,,,,,,,,,
2013-12-11,MJ0351YNG9ZXLA,Hitachi HDS5C3030ALA630,3000592982016,0,,0,,,,,,,,0,,,,,,9939,,,,,,,,,,,,,,,,,,,,,,,,,,,,,,25,,,,,,0,,,,,,,,,,,,,,,,,,,,,,,,,,,,
2013-12-11,W300BNPK,ST4000DM000,4000787030016,0,,181439624,,,,,,,,0,,,,,,3603,,,,,,,,,,,,,,,,,,,,,,,,,,,,,,20,,,,,,0,,,,,,,,,,,,,,,,,,,,,,,,,,,,
2013-12-11,PL1321LAGAH6JH,Hitachi HDS5C4040ALE630,4000787030016,0,,0,,,,,,,,0,,,,,,5075,,,,,,,,,,,,,,,,,,,,,,,,,,,,,,27,,,,,,0,,,,,,,,,,,,,,,,,,,,,,,,,,,,
2013-12-11,5XW2HWCK,ST31500541AS,1500301910016,0,,240149608,,,,,,,,0,,,,,,15239,,,,,,,,,,,,,,,,,,,,,,,,,,,,,,26,,,,,,0,,,,,,,,,,,,,,,,,,,,,,,,,,,,
2013-12-11,JK1131YAJJ445V,Hitachi HDS722020ALA330,2000398934016,0,,1,,,,,,,,0,,,,,,30255,,,,,,,,,,,,,,,,,,,,,,,,,,,,,,28,,,,,,0,,,,,,,,,,,,,,,,,,,,,,,,,,,,
2013-12-11,MJ1311YNG32D6A,Hitachi HDS5C3030ALA630,3000592982016,0,,0,,,,,,,,0,,,,,,18405,,,,,,,,,,,,,,,,,,,,,,,,,,,,,,23,,,,,,0,,,,,,,,,,,,,,,,,,,,,,,,,,,,
2013-12-11,JK11A8B9J7LZ4F,Hitachi HDS722020ALA330,2000398934016,0,,0,,,,,,,,0,,,,,,24495,,,,,,,,,,,,,,,,,,,,,,,,,,,,,,29,,,,,,0,,,,,,,,,,,,,,,,,,,,,,,,,,,,
2013-12-11,MK0311YHGJUXHA,Hitachi HDS723030ALA640,3000592982016,0,,0,,,,,,,,0,,,,,,16734,,,,,,,,,,,,,,,,,,,,,,,,,,,,,,30,,,,,,0,,,,,,,,,,,,,,,,,,,,,,,,,,,,
2013-12-11,JK11A8B9J7LDTF,Hitachi HDS722020ALA330,2000398934016,0,,0,,,,,,,,0,,,,,,23576,,,,,,,,,,,,,,,,,,,,,,,,,,,,,,26,,,,,,0,,,,,,,,,,,,,,,,,,,,,,,,,,,,
2013-12-11,6XW0W6A9,ST31500541AS,1500301910016,0,,64970433,,,,,,,,0,,,,,,33852,,,,,,,,,,,,,,,,,,,,,,,,,,,,,,22,,,,,,0,,,,,,,,,,,,,,,,,,,,,,,,,,,,
2013-12-11,MK0333YHGPW8MC,Hitachi HDS723030ALA640,3000592982016,0,,65536,,,,,,,,0,,,,,,17017,,,,,,,,,,,,,,,,,,,,,,,,,,,,,,27,,,,,,0,,,,,,,,,,,,,,,,,,,,,,,,,,,,
2013-12-11,MJ1311YNG7KSBA,Hitachi HDS5C3030ALA630,3000592982016,0,,0,,,,,,,,0,,,,,,14683,,,,,,,,,,,,,,,,,,,,,,,,,,,,,,16,,,,,,0,,,,,,,,,,,,,,,,,,,,,,,,,,,,
2013-12-11,6XW039L1,ST31500541AS,1500301910016,0,,214392553,,,,,,,,1,,,,,,36327,,,,,,,,,,,,,,,,,,,,,,,,,,,,,,17,,,,,,0,,,,,,,,,,,,,,,,,,,,,,,,,,,,
2013-12-11,Z1Z05984,ST4000DX000,4000787030016,0,,179830385,,,,,,,,0,,,,,,5039,,,,,,,,,,,,,,,,,,,,,,,,,,,,,,30,,,,,,0,,,,,,,,,,,,,,,,,,,,,,,,,,,,
2013-12-11,Z300K1WE,ST4000DM000,4000787030016,0,,76622880,,,,,,,,0,,,,,,2240,,,,,,,,,,,,,,,,,,,,,,,,,,,,,,22,,,,,,0,,,,,,,,,,,,,,,,,,,,,,,,,,,,
2013-12-11,W300B2LA,ST4000DM000,4000787030016,0,,169682096,,,,,,,,0,,,,,,4166,,,,,,,,,,,,,,,,,,,,,,,,,,,,,,25,,,,,,0,,,,,,,,,,,,,,,,,,,,,,,,,,,,
2013-12-11,WD-WCAU45911689,WDC WD10EACS,1000204886016,0,,14,,,,,,,,0,,,,,,42378,,,,,,,,,,,,,,,,,,,,,,,,,,,,,,23,,,,,,0,,,,,,,,,,,,,,,,,,,,,,,,,,,,
2013-12-11,W3005RPF,ST4000DM000,4000787030016,0,,237448888,,,,,,,,0,,,,,,2893,,,,,,,,,,,,,,,,,,,,,,,,,,,,,,23,,,,,,0,,,,,,,,,,,,,,,,,,,,,,,,,,,,
2013-12-11,S1F034SR,ST3000DM001,3000592982016,0,,243424664,,,,,,,,0,,,,,,15264,,,,,,,,,,,,,,,,,,,,,,,,,,,,,,23,,,,,,48,,,,,,,,,,,,,,,,,,,,,,,,,,,,
2013-12-11,S1F034SS,ST3000DM001,3000592982016,0,,49093800,,,,,,,,0,,,,,,13347,,,,,,,,,,,,,,,,,,,,,,,,,,,,,,29,,,,,,0,,,,,,,,,,,,,,,,,,,,,,,,,,,,
2013-12-11,MJ1321YNG0DHUA,Hitachi HDS5C3030ALA630,3000592982016,0,,0,,,,,,,,0,,,,,,20066,,,,,,,,,,,,,,,,,,,,,,,,,,,,,,25,,,,,,0,,,,,,,,,,,,,,,,,,,,,,,,,,,,
2013-12-11,JK11A8YBKYSSKF,Hitachi HDS722020ALA330,2000398934016,0,,0,,,,,,,,0,,,,,,28052,,,,,,,,,,,,,,,,,,,,,,,,,,,,,,29,,,,,,0,,,,,,,,,,,,,,,,,,,,,,,,,,,,
2013-12-11,5XW03JRP,ST31500541AS,1500301910016,0,,79539109,,,,,,,,0,,,,,,37153,,,,,,,,,,,,,,,,,,,,,,,,,,,,,,24,,,,,,0,,,,,,,,,,,,,,,,,,,,,,,,,,,,
2013-12-11,5XW03JRZ,ST31500541AS,1500301910016,0,,57065167,,,,,,,,0,,,,,,36061,,,,,,,,,,,,,,,,,,,,,,,,,,,,,,22,,,,,,0,,,,,,,,,,,,,,,,,,,,,,,,,,,,
2013-12-11,W300K6DZ,ST4000DM000,4000787030016,0,,61182088,,,,,,,,0,,,,,,815,,,,,,,,,,,,,,,,,,,,,,,,,,,,,,18,,,,,,0,,,,,,,,,,,,,,,,,,,,,,,,,,,,
2013-12-11,WD-WMC1T3198461,WDC WD30EFRX,3000592982016,0,,0,,,,,,,,0,,,,,,2211,,,,,,,,,,,,,,,,,,,,,,,,,,,,,,28,,,,,,0,,,,,,,,,,,,,,,,,,,,,,,,,,,,
2013-12-11,Z1F0LKGF,ST3000DM001,3000592982016,0,,215380944,,,,,,,,0,,,,,,12181,,,,,,,,,,,,,,,,,,,,,,,,,,,,,,34,,,,,,0,,,,,,,,,,,,,,,,,,,,,,,,,,,,
2013-12-11,MJ1311YNG398YA,Hitachi HDS5C3030ALA630,3000592982016,0,,0,,,,,,,,0,,,,,,18404,,,,,,,,,,,,,,,,,,,,,,,,,,,,,,25,,,,,,0,,,,,,,,,,,,,,,,,,,,,,,,,,,,
2013-12-11,Z300HQPY,ST4000DM000,4000787030016,0,,114799288,,,,,,,,0,,,,,,2899,,,,,,,,,,,,,,,,,,,,,,,,,,,,,,25,,,,,,0,,,,,,,,,,,,,,,,,,,,,,,,,,,,
2013-12-11,W300B2L0,ST4000DM000,4000787030016,0,,113143864,,,,,,,,0,,,,,,3587,,,,,,,,,,,,,,,,,,,,,,,,,,,,,,22,,,,,,0,,,,,,,,,,,,,,,,,,,,,,,,,,,,
2013-12-11,5XW02GRJ,ST31500541AS,1500301910016,0,,163822322,,,,,,,,0,,,,,,36381,,,,,,,,,,,,,,,,,,,,,,,,,,,,,,23,,,,,,0,,,,,,,,,,,,,,,,,,,,,,,,,,,,
2013-12-11,MJ1321YNG0KH9A,Hitachi HDS5C3030ALA630,3000592982016,0,,0,,,,,,,,0,,,,,,19445,,,,,,,,,,,,,,,,,,,,,,,,,,,,,,27,,,,,,0,,,,,,,,,,,,,,,,,,,,,,,,,,,,
2013-12-11,6XW03LCQ,ST31500541AS,1500301910016,0,,138978963,,,,,,,,0,,,,,,36451,,,,,,,,,,,,,,,,,,,,,,,,,,,,,,19,,,,,,0,,,,,,,,,,,,,,,,,,,,,,,,,,,,
2013-12-11,6XW039LN,ST31500541AS,1500301910016,0,,192655229,,,,,,,,0,,,,,,36912,,,,,,,,,,,,,,,,,,,,,,,,,,,,,,20,,,,,,0,,,,,,,,,,,,,,,,,,,,,,,,,,,,
2013-12-11,S1F06WF1,ST3000DM001,3000592982016,0,,232856664,,,,,,,,0,,,,,,14237,,,,,,,,,,,,,,,,,,,,,,,,,,,,,,22,,,,,,0,,,,,,,,,,,,,,,,,,,,,,,,,,,,
2013-12-11,WD-WMC1T1051238,WDC WD30EFRX,3000592982016,0,,0,,,,,,,,0,,,,,,8840,,,,,,,,,,,,,,,,,,,,,,,,,,,,,,28,,,,,,0,,,,,,,,,,,,,,,,,,,,,,,,,,,,
2013-12-11,6XW039LE,ST31500541AS,1500301910016,0,,155708820,,,,,,,,0,,,,,,36641,,,,,,,,,,,,,,,,,,,,,,,,,,,,,,20,,,,,,0,,,,,,,,,,,,,,,,,,,,,,,,,,,,
2013-12-11,MJ1311YNG76BXA,Hitachi HDS5C3030ALA630,3000592982016,0,,0,,,,,,,,0,,,,,,14291,,,,,,,,,,,,,,,,,,,,,,,,,,,,,,27,,,,,,0,,,,,,,,,,,,,,,,,,,,,,,,,,,,
2013-12-11,PL1311LAG3A7MH,Hitachi HDS5C4040ALE630,4000787030016,0,,0,,,,,,,,0,,,,,,5925,,,,,,,,,,,,,,,,,,,,,,,,,,,,,,21,,,,,,0,,,,,,,,,,,,,,,,,,,,,,,,,,,,
2013-12-11,Z300X0RH,ST4000DM000,4000787030016,0,,119333880,,,,,,,,0,,,,,,815,,,,,,,,,,,,,,,,,,,,,,,,,,,,,,21,,,,,,0,,,,,,,,,,,,,,,,,,,,,,,,,,,,
2013-12-11,Z300KEJJ,ST4000DM000,4000787030016,0,,112930352,,,,,,,,0,,,,,,1226,,,,,,,,,,,,,,,,,,,,,,,,,,,,,,24,,,,,,0,,,,,,,,,,,,,,,,,,,,,,,,,,,,
2013-12-11,JK1171YBK1N36F,Hitachi HDS722020ALA330,2000398934016,0,,3,,,,,,,,0,,,,,,29210,,,,,,,,,,,,,,,,,,,,,,,,,,,,,,32,,,,,,0,,,,,,,,,,,,,,,,,,,,,,,,,,,,
2013-12-11,PL1311LAG2AHWH,Hitachi HDS5C4040ALE630,4000787030016,0,,0,,,,,,,,0,,,,,,6993,,,,,,,,,,,,,,,,,,,,,,,,,,,,,,23,,,,,,0,,,,,,,,,,,,,,,,,,,,,,,,,,,,
2013-12-11,S1F0RR69,ST3000DM001,3000592982016,0,,96840864,,,,,,,,0,,,,,,10758,,,,,,,,,,,,,,,,,,,,,,,,,,,,,,26,,,,,,0,,,,,,,,,,,,,,,,,,,,,,,,,,,,
2013-12-11,Z1F0MTBT,ST3000DM001,3000592982016,0,,152669136,,,,,,,,0,,,,,,12174,,,,,,,,,,,,,,,,,,,,,,,,,,,,,,30,,,,,,0,,,,,,,,,,,,,,,,,,,,,,,,,,,,
2013-12-11,S1F13MAM,ST3000DM001,3000592982016,0,,221950024,,,,,,,,0,,,,,,8025,,,,,,,,,,,,,,,,,,,,,,,,,,,,,,24,,,,,,0,,,,,,,,,,,,,,,,,,,,,,,,,,,,
2013-12-11,MK0311YHGK63UA,Hitachi HDS723030ALA640,3000592982016,0,,0,,,,,,,,0,,,,,,16078,,,,,,,,,,,,,,,,,,,,,,,,,,,,,,28,,,,,,0,,,,,,,,,,,,,,,,,,,,,,,,,,,,
2013-12-11,Z300P8VV,ST4000DM000,4000787030016,0,,50945208,,,,,,,,0,,,,,,1451,,,,,,,,,,,,,,,,,,,,,,,,,,,,,,26,,,,,,0,,,,,,,,,,,,,,,,,,,,,,,,,,,,
2013-12-11,W3002TM8,ST4000DM000,4000787030016,0,,238447272,,,,,,,,0,,,,,,2856,,,,,,,,,,,,,,,,,,,,,,,,,,,,,,22,,,,,,0,,,,,,,,,,,,,,,,,,,,,,,,,,,,
2013-12-11,W300AM45,ST4000DM000,4000787030016,0,,157436048,,,,,,,,0,,,,,,3328,,,,,,,,,,,,,,,,,,,,,,,,,,,,,,16,,,,,,0,,,,,,,,,,,,,,,,,,,,,,,,,,,,
2013-12-11,S1F08S6Q,ST3000DM001,3000592982016,0,,138122664,,,,,,,,0,,,,,,12419,,,,,,,,,,,,,,,,,,,,,,,,,,,,,,28,,,,,,0,,,,,,,,,,,,,,,,,,,,,,,,,,,,
2013-12-11,WD-WCC070166422,WDC WD30EZRX,3000592982016,0,,0,,,,,,,,0,,,,,,8613,,,,,,,,,,,,,,,,,,,,,,,,,,,,,,22,,,,,,0,,,,,,,,,,,,,,,,,,,,,,,,,,,,
2013-12-11,5XW02HTX,ST31500541AS,1500301910016,0,,52498852,,,,,,,,0,,,,,,37288,,,,,,,,,,,,,,,,,,,,,,,,,,,,,,28,,,,,,0,,,,,,,,,,,,,,,,,,,,,,,,,,,,
2013-12-11,MJ1311YNG7KRLA,Hitachi HDS5C3030ALA630,3000592982016,0,,0,,,,,,,,0,,,,,,14624,,,,,,,,,,,,,,,,,,,,,,,,,,,,,,24,,,,,,0,,,,,,,,,,,,,,,,,,,,,,,,,,,,
2013-12-11,Z300KEJ6,ST4000DM000,4000787030016,0,,57737840,,,,,,,,0,,,,,,1114,,,,,,,,,,,,,,,,,,,,,,,,,,,,,,29,,,,,,0,,,,,,,,,,,,,,,,,,,,,,,,,,,,
2013-12-11,9XW01XSL,ST31500541AS,1500301910016,0,,230952132,,,,,,,,0,,,,,,35198,,,,,,,,,,,,,,,,,,,,,,,,,,,,,,23,,,,,,0,,,,,,,,,,,,,,,,,,,,,,,,,,,,
2013-12-11,MK0311YHGHTVPA,Hitachi HDS723030ALA640,3000592982016,0,,0,,,,,,,,0,,,,,,21458,,,,,,,,,,,,,,,,,,,,,,,,,,,,,,26,,,,,,0,,,,,,,,,,,,,,,,,,,,,,,,,,,,
2013-12-11,PL1321LAG35VKH,Hitachi HDS5C4040ALE630,4000787030016,0,,0,,,,,,,,0,,,,,,5961,,,,,,,,,,,,,,,,,,,,,,,,,,,,,,21,,,,,,0,,,,,,,,,,,,,,,,,,,,,,,,,,,,
2013-12-11,S1F0GTLW,ST3000DM001,3000592982016,0,,69825280,,,,,,,,0,,,,,,5536,,,,,,,,,,,,,,,,,,,,,,,,,,,,,,22,,,,,,0,,,,,,,,,,,,,,,,,,,,,,,,,,,,
2013-12-11,MJ1311YNG25JVA,Hitachi HDS5C3030ALA630,3000592982016,0,,0,,,,,,,,0,,,,,,18571,,,,,,,,,,,,,,,,,,,,,,,,,,,,,,25,,,,,,0,,,,,,,,,,,,,,,,,,,,,,,,,,,,
2013-12-11,MJ1323YNG18J8C,Hitachi HDS5C3030ALA630,3000592982016,0,,0,,,,,,,,0,,,,,,20509,,,,,,,,,,,,,,,,,,,,,,,,,,,,,,21,,,,,,0,,,,,,,,,,,,,,,,,,,,,,,,,,,,
2013-12-11,Z1F19QM3,ST3000DM001,3000592982016,0,,135316544,,,,,,,,0,,,,,,7993,,,,,,,,,,,,,,,,,,,,,,,,,,,,,,19,,,,,,0,,,,,,,,,,,,,,,,,,,,,,,,,,,,
2013-12-11,S1F05PJT,ST3000DM001,3000592982016,0,,232875040,,,,,,,,0,,,,,,12876,,,,,,,,,,,,,,,,,,,,,,,,,,,,,,26,,,,,,0,,,,,,,,,,,,,,,,,,,,,,,,,,,,
2013-12-11,6XW01G9C,ST31500541AS,1500301910016,0,,93065557,,,,,,,,0,,,,,,34757,,,,,,,,,,,,,,,,,,,,,,,,,,,,,,18,,,,,,0,,,,,,,,,,,,,,,,,,,,,,,,,,,,
2013-12-11,W1F0ARES,ST3000DM001,3000592982016,0,,243202248,,,,,,,,0,,,,,,14231,,,,,,,,,,,,,,,,,,,,,,,,,,,,,,23,,,,,,0,,,,,,,,,,,,,,,,,,,,,,,,,,,,
2013-12-11,5XW0TB68,ST32000542AS,2000398934016,0,,72558009,,,,,,,,0,,,,,,13014,,,,,,,,,,,,,,,,,,,,,,,,,,,,,,24,,,,,,0,,,,,,,,,,,,,,,,,,,,,,,,,,,,
2013-12-11,S1F052YP,ST3000DM001,3000592982016,0,,18118520,,,,,,,,0,,,,,,13358,,,,,,,,,,,,,,,,,,,,,,,,,,,,,,22,,,,,,8,,,,,,,,,,,,,,,,,,,,,,,,,,,,
2013-12-11,MJ0351YNG9XZ1A,Hitachi HDS5C3030ALA630,3000592982016,0,,0,,,,,,,,0,,,,,,8093,,,,,,,,,,,,,,,,,,,,,,,,,,,,,,22,,,,,,0,,,,,,,,,,,,,,,,,,,,,,,,,,,,
2013-12-11,PL1311LAG21S6A,Hitachi HDS5C4040ALE630,4000787030016,0,,0,,,,,,,,0,,,,,,7461,,,,,,,,,,,,,,,,,,,,,,,,,,,,,,25,,,,,,0,,,,,,,,,,,,,,,,,,,,,,,,,,,,
2013-12-11,5XW1649Q,ST32000542AS,2000398934016,0,,15680307,,,,,,,,0,,,,,,7228,,,,,,,,,,,,,,,,,,,,,,,,,,,,,,23,,,,,,0,,,,,,,,,,,,,,,,,,,,,,,,,,,,
2013-12-11,MJ1323YNG0ZTHC,Hitachi HDS5C3030ALA630,3000592982016,0,,0,,,,,,,,0,,,,,,20730,,,,,,,,,,,,,,,,,,,,,,,,,,,,,,27,,,,,,0,,,,,,,,,,,,,,,,,,,,,,,,,,,,
2013-12-11,WD-WCAU45461275,WDC WD10EADS,1000204886016,0,,3,,,,,,,,0,,,,,,41236,,,,,,,,,,,,,,,,,,,,,,,,,,,,,,27,,,,,,0,,,,,,,,,,,,,,,,,,,,,,,,,,,,
2013-12-11,MJ0351YNG9WSJA,Hitachi HDS5C3030ALA630,3000592982016,0,,2949180,,,,,,,,0,,,,,,9477,,,,,,,,,,,,,,,,,,,,,,,,,,,,,,24,,,,,,1,,,,,,,,,,,,,,,,,,,,,,,,,,,,
2013-12-11,JK1101B9KNRADF,Hitachi HDS722020ALA330,2000398934016,0,,0,,,,,,,,0,,,,,,23125,,,,,,,,,,,,,,,,,,,,,,,,,,,,,,37,,,,,,0,,,,,,,,,,,,,,,,,,,,,,,,,,,,
2013-12-11,6XW18S85,ST32000542AS,2000398934016,0,,91449693,,,,,,,,0,,,,,,17227,,,,,,,,,,,,,,,,,,,,,,,,,,,,,,24,,,,,,0,,,,,,,,,,,,,,,,,,,,,,,,,,,,
2013-12-11,JK11A8B9HXLT1F,Hitachi HDS722020ALA330,2000398934016,0,,0,,,,,,,,0,,,,,,24983,,,,,,,,,,,,,,,,,,,,,,,,,,,,,,29,,,,,,0,,,,,,,,,,,,,,,,,,,,,,,,,,,,
2013-12-11,JK1101B9GN6Y5F,Hitachi HDS722020ALA330,2000398934016,0,,0,,,,,,,,0,,,,,,26493,,,,,,,,,,,,,,,,,,,,,,,,,,,,,,29,,,,,,0,,,,,,,,,,,,,,,,,,,,,,,,,,,,
2013-12-11,MJ1323YNG1297C,Hitachi HDS5C3030ALA630,3000592982016,0,,0,,,,,,,,0,,,,,,18066,,,,,,,,,,,,,,,,,,,,,,,,,,,,,,27,,,,,,0,,,,,,,,,,,,,,,,,,,,,,,,,,,,
2013-12-11,S1F0R3JV,ST3000DM001,3000592982016,0,,26012328,,,,,,,,0,,,,,,11641,,,,,,,,,,,,,,,,,,,,,,,,,,,,,,21,,,,,,0,,,,,,,,,,,,,,,,,,,,,,,,,,,,
2013-12-11,Z300H362,ST4000DM000,4000787030016,0,,149801760,,,,,,,,0,,,,,,1297,,,,,,,,,,,,,,,,,,,,,,,,,,,,,,21,,,,,,0,,,,,,,,,,,,,,,,,,,,,,,,,,,,
2013-12-11,WD-WCAU47299812,WDC WD10EADS,1000204886016,0,,4,,,,,,,,0,,,,,,40568,,,,,,,,,,,,,,,,,,,,,,,,,,,,,,23,,,,,,0,,,,,,,,,,,,,,,,,,,,,,,,,,,,
2013-12-11,6XW00EKB,ST31500541AS,1500301910016,0,,58486911,,,,,,,,0,,,,,,35438,,,,,,,,,,,,,,,,,,,,,,,,,,,,,,19,,,,,,0,,,,,,,,,,,,,,,,,,,,,,,,,,,,
2013-12-11,JK11A8B9J7MHGF,Hitachi HDS722020ALA330,2000398934016,0,,0,,,,,,,,0,,,,,,22300,,,,,,,,,,,,,,,,,,,,,,,,,,,,,,28,,,,,,0,,,,,,,,,,,,,,,,,,,,,,,,,,,,
2013-12-11,MK0333YHGPBZUC,Hitachi HDS723030ALA640,3000592982016,0,,0,,,,,,,,0,,,,,,17762,,,,,,,,,,,,,,,,,,,,,,,,,,,,,,26,,,,,,0,,,,,,,,,,,,,,,,,,,,,,,,,,,,
2013-12-11,S1F02WB3,ST3000DM001,3000592982016,0,,71543656,,,,,,,,0,,,,,,15247,,,,,,,,,,,,,,,,,,,,,,,,,,,,,,20,,,,,,0,,,,,,,,,,,,,,,,,,,,,,,,,,,,
2013-12-11,MJ0351YNGAD85A,Hitachi HDS5C3030ALA630,3000592982016,0,,0,,,,,,,,0,,,,,,8210,,,,,,,,,,,,,,,,,,,,,,,,,,,,,,35,,,,,,0,,,,,,,,,,,,,,,,,,,,,,,,,,,,
2013-12-11,6XW1L23G,ST31500541AS,1500301910016,0,,63822922,,,,,,,,0,,,,,,14973,,,,,,,,,,,,,,,,,,,,,,,,,,,,,,19,,,,,,0,,,,,,,,,,,,,,,,,,,,,,,,,,,,
2013-12-11,WD-WCAU42253525,WDC WD10EACS,1000204886016,0,,0,,,,,,,,0,,,,,,42784,,,,,,,,,,,,,,,,,,,,,,,,,,,,,,27,,,,,,0,,,,,,,,,,,,,,,,,,,,,,,,,,,,
2013-12-11,PL1311LAG3E4TH,Hitachi HDS5C4040ALE630,4000787030016,0,,0,,,,,,,,0,,,,,,5058,,,,,,,,,,,,,,,,,,,,,,,,,,,,,,28,,,,,,0,,,,,,,,,,,,,,,,,,,,,,,,,,,,
2013-12-11,S1F02WBT,ST3000DM001,3000592982016,0,,32778272,,,,,,,,0,,,,,,15460,,,,,,,,,,,,,,,,,,,,,,,,,,,,,,17,,,,,,0,,,,,,,,,,,,,,,,,,,,,,,,,,,,
2013-12-11,W300KLPV,ST4000DM000,4000787030016,0,,179767776,,,,,,,,0,,,,,,920,,,,,,,,,,,,,,,,,,,,,,,,,,,,,,21,,,,,,0,,,,,,,,,,,,,,,,,,,,,,,,,,,,
2013-12-11,6XW1CC3L,ST31500541AS,1500301910016,0,,151296112,,,,,,,,0,,,,,,16206,,,,,,,,,,,,,,,,,,,,,,,,,,,,,,22,,,,,,0,,,,,,,,,,,,,,,,,,,,,,,,,,,,
2013-12-11,W300ERDQ,ST4000DM000,4000787030016,0,,5942280,,,,,,,,0,,,,,,2385,,,,,,,,,,,,,,,,,,,,,,,,,,,,,,24,,,,,,0,,,,,,,,,,,,,,,,,,,,,,,,,,,,
2013-12-11,Z300H36L,ST4000DM000,4000787030016,0,,222367096,,,,,,,,0,,,,,,1331,,,,,,,,,,,,,,,,,,,,,,,,,,,,,,22,,,,,,0,,,,,,,,,,,,,,,,,,,,,,,,,,,,
2013-12-11,S1F023WQ,ST3000DM001,3000592982016,0,,226163080,,,,,,,,0,,,,,,15402,,,,,,,,,,,,,,,,,,,,,,,,,,,,,,23,,,,,,8,,,,,,,,,,,,,,,,,,,,,,,,,,,,
2013-12-11,JK11A8B9J2ALWF,Hitachi HDS722020ALA330,2000398934016,0,,0,,,,,,,,0,,,,,,23710,,,,,,,,,,,,,,,,,,,,,,,,,,,,,,26,,,,,,0,,,,,,,,,,,,,,,,,,,,,,,,,,,,
2013-12-11,JK1105B8GG482X,Hitachi HDS722020ALA330,2000398934016,0,,131073,,,,,,,,0,,,,,,26859,,,,,,,,,,,,,,,,,,,,,,,,,,,,,,30,,,,,,0,,,,,,,,,,,,,,,,,,,,,,,,,,,,
2013-12-11,S1F048ZH,ST3000DM001,3000592982016,0,,112257200,,,,,,,,0,,,,,,16199,,,,,,,,,,,,,,,,,,,,,,,,,,,,,,25,,,,,,0,,,,,,,,,,,,,,,,,,,,,,,,,,,,
2013-12-11,S1F023WE,ST3000DM001,3000592982016,0,,129082424,,,,,,,,0,,,,,,15225,,,,,,,,,,,,,,,,,,,,,,,,,,,,,,24,,,,,,0,,,,,,,,,,,,,,,,,,,,,,,,,,,,
2013-12-11,W1F09A4L,ST3000DM001,3000592982016,0,,47861048,,,,,,,,0,,,,,,14713,,,,,,,,,,,,,,,,,,,,,,,,,,,,,,21,,,,,,0,,,,,,,,,,,,,,,,,,,,,,,,,,,,
2013-12-11,JK11A8B9J3AEEF,Hitachi HDS722020ALA330,2000398934016,0,,0,,,,,,,,0,,,,,,24216,,,,,,,,,,,,,,,,,,,,,,,,,,,,,,29,,,,,,0,,,,,,,,,,,,,,,,,,,,,,,,,,,,
2013-12-11,MJ0351YNG9XXDA,Hitachi HDS5C3030ALA630,3000592982016,0,,0,,,,,,,,0,,,,,,9483,,,,,,,,,,,,,,,,,,,,,,,,,,,,,,30,,,,,,0,,,,,,,,,,,,,,,,,,,,,,,,,,,,
2013-12-11,W1F09A4K,ST3000DM001,3000592982016,0,,219650848,,,,,,,,0,,,,,,14718,,,,,,,,,,,,,,,,,,,,,,,,,,,,,,25,,,,,,0,,,,,,,,,,,,,,,,,,,,,,,,,,,,
2013-12-11,WD-WCC070199501,WDC WD30EZRX,3000592982016,0,,0,,,,,,,,0,,,,,,8609,,,,,,,,,,,,,,,,,,,,,,,,,,,,,,25,,,,,,1,,,,,,,,,,,,,,,,,,,,,,,,,,,,
2013-12-11,WD-WCAU42460867,WDC WD10EACS,1000204886016,0,,0,,,,,,,,0,,,,,,42812,,,,,,,,,,,,,,,,,,,,,,,,,,,,,,20,,,,,,0,,,,,,,,,,,,,,,,,,,,,,,,,,,,
2013-12-11,MK0303YHGKT3WC,Hitachi HDS723030ALA640,3000592982016,0,,65536,,,,,,,,0,,,,,,21462,,,,,,,,,,,,,,,,,,,,,,,,,,,,,,29,,,,,,0,,,,,,,,,,,,,,,,,,,,,,,,,,,,
2013-12-11,W1F09A4W,ST3000DM001,3000592982016,0,,221857888,,,,,,,,0,,,,,,13348,,,,,,,,,,,,,,,,,,,,,,,,,,,,,,27,,,,,,0,,,,,,,,,,,,,,,,,,,,,,,,,,,,
2013-12-11,W300KTGZ,ST4000DM000,4000787030016,0,,68482856,,,,,,,,0,,,,,,919,,,,,,,,,,,,,,,,,,,,,,,,,,,,,,19,,,,,,0,,,,,,,,,,,,,,,,,,,,,,,,,,,,
2013-12-11,PL1311LAG37YEH,Hitachi HDS5C4040ALE630,4000787030016,0,,0,,,,,,,,0,,,,,,6654,,,,,,,,,,,,,,,,,,,,,,,,,,,,,,21,,,,,,0,,,,,,,,,,,,,,,,,,,,,,,,,,,,
2013-12-11,MJ0351YNGABXKA,Hitachi HDS5C3030ALA630,3000592982016,0,,0,,,,,,,,0,,,,,,7989,,,,,,,,,,,,,,,,,,,,,,,,,,,,,,25,,,,,,0,,,,,,,,,,,,,,,,,,,,,,,,,,,,
2013-12-11,S1F0L18W,ST3000DM001,3000592982016,0,,465816,,,,,,,,0,,,,,,12180,,,,,,,,,,,,,,,,,,,,,,,,,,,,,,35,,,,,,0,,,,,,,,,,,,,,,,,,,,,,,,,,,,
2013-12-11,MK0331YHG7JX1A,Hitachi HDS723030ALA640,3000592982016,0,,0,,,,,,,,0,,,,,,10588,,,,,,,,,,,,,,,,,,,,,,,,,,,,,,26,,,,,,0,,,,,,,,,,,,,,,,,,,,,,,,,,,,
2013-12-11,PL1311LAG26D4A,Hitachi HDS5C4040ALE630,4000787030016,0,,0,,,,,,,,0,,,,,,5961,,,,,,,,,,,,,,,,,,,,,,,,,,,,,,16,,,,,,0,,,,,,,,,,,,,,,,,,,,,,,,,,,,
2013-12-11,MJ0351YNGA6DZA,Hitachi HDS5C3030ALA630,3000592982016,0,,0,,,,,,,,0,,,,,,9131,,,,,,,,,,,,,,,,,,,,,,,,,,,,,,29,,,,,,0,,,,,,,,,,,,,,,,,,,,,,,,,,,,
2013-12-11,JK11A8B9J77KBF,Hitachi HDS722020ALA330,2000398934016,0,,0,,,,,,,,0,,,,,,24911,,,,,,,,,,,,,,,,,,,,,,,,,,,,,,30,,,,,,0,,,,,,,,,,,,,,,,,,,,,,,,,,,,
2013-12-11,9XW0256X,ST31500541AS,1500301910016,0,,72275644,,,,,,,,0,,,,,,33004,,,,,,,,,,,,,,,,,,,,,,,,,,,,,,26,,,,,,0,,,,,,,,,,,,,,,,,,,,,,,,,,,,
2013-12-11,Z262E92AS,TOSHIBA DT01ACA300,3000592982016,0,,0,,,,,,,,0,,,,,,6615,,,,,,,,,,,,,,,,,,,,,,,,,,,,,,24,,,,,,0,,,,,,,,,,,,,,,,,,,,,,,,,,,,
2013-12-11,JK1101B9J366UF,Hitachi HDS722020ALA330,2000398934016,0,,2,,,,,,,,0,,,,,,23107,,,,,,,,,,,,,,,,,,,,,,,,,,,,,,21,,,,,,0,,,,,,,,,,,,,,,,,,,,,,,,,,,,
2013-12-11,MJ1311YNG36L3A,Hitachi HDS5C3030ALA630,3000592982016,0,,0,,,,,,,,0,,,,,,18593,,,,,,,,,,,,,,,,,,,,,,,,,,,,,,26,,,,,,0,,,,,,,,,,,,,,,,,,,,,,,,,,,,
2013-12-11,W300KTG2,ST4000DM000,4000787030016,0,,220312936,,,,,,,,0,,,,,,958,,,,,,,,,,,,,,,,,,,,,,,,,,,,,,19,,,,,,0,,,,,,,,,,,,,,,,,,,,,,,,,,,,
2013-12-11,W300KTG3,ST4000DM000,4000787030016,0,,35006872,,,,,,,,0,,,,,,919,,,,,,,,,,,,,,,,,,,,,,,,,,,,,,20,,,,,,0,,,,,,,,,,,,,,,,,,,,,,,,,,,,
2013-12-11,S1F049X8,ST3000DM001,3000592982016,0,,235719992,,,,,,,,0,,,,,,16199,,,,,,,,,,,,,,,,,,,,,,,,,,,,,,28,,,,,,0,,,,,,,,,,,,,,,,,,,,,,,,,,,,
2013-12-11,W1F0B29Q,ST3000DM001,3000592982016,0,,2274792,,,,,,,,0,,,,,,13912,,,,,,,,,,,,,,,,,,,,,,,,,,,,,,26,,,,,,0,,,,,,,,,,,,,,,,,,,,,,,,,,,,
2013-12-11,JK1101B9JPRPSF,Hitachi HDS722020ALA330,2000398934016,0,,0,,,,,,,,0,,,,,,23586,,,,,,,,,,,,,,,,,,,,,,,,,,,,,,30,,,,,,0,,,,,,,,,,,,,,,,,,,,,,,,,,,,
2013-12-11,6XW03A89,ST31500541AS,1500301910016,0,,218308090,,,,,,,,0,,,,,,36623,,,,,,,,,,,,,,,,,,,,,,,,,,,,,,25,,,,,,0,,,,,,,,,,,,,,,,,,,,,,,,,,,,
2013-12-11,Z300H2F7,ST4000DM000,4000787030016,0,,230796480,,,,,,,,0,,,,,,2856,,,,,,,,,,,,,,,,,,,,,,,,,,,,,,23,,,,,,0,,,,,,,,,,,,,,,,,,,,,,,,,,,,
2013-12-11,Z300H2F9,ST4000DM000,4000787030016,0,,136333936,,,,,,,,0,,,,,,1297,,,,,,,,,,,,,,,,,,,,,,,,,,,,,,20,,,,,,0,,,,,,,,,,,,,,,,,,,,,,,,,,,,
2013-12-11,9VS1Z086,ST31500341AS,1500301910016,0,,202439307,,,,,,,,11,,,,,,39097,,,,,,,,,,,,,,,,,,,,,,,,,,,,,,24,,,,,,0,,,,,,,,,,,,,,,,,,,,,,,,,,,,
2013-12-11,Z300P99G,ST4000DM000,4000787030016,0,,229105328,,,,,,,,0,,,,,,1094,,,,,,,,,,,,,,,,,,,,,,,,,,,,,,20,,,,,,0,,,,,,,,,,,,,,,,,,,,,,,,,,,,
2013-12-11,MK0331YHGLHDXA,Hitachi HDS723030ALA640,3000592982016,0,,0,,,,,,,,0,,,,,,18087,,,,,,,,,,,,,,,,,,,,,,,,,,,,,,30,,,,,,0,,,,,,,,,,,,,,,,,,,,,,,,,,,,
2013-12-11,Z300P99L,ST4000DM000,4000787030016,0,,241102704,,,,,,,,0,,,,,,1094,,,,,,,,,,,,,,,,,,,,,,,,,,,,,,20,,,,,,0,,,,,,,,,,,,,,,,,,,,,,,,,,,,
2013-12-11,MJ0351YNG9UP2A,Hitachi HDS5C3030ALA630,3000592982016,0,,0,,,,,,,,0,,,,,,9483,,,,,,,,,,,,,,,,,,,,,,,,,,,,,,30,,,,,,0,,,,,,,,,,,,,,,,,,,,,,,,,,,,
2013-12-11,MJ1311YNG2TMAA,Hitachi HDS5C3030ALA630,3000592982016,0,,0,,,,,,,,0,,,,,,18048,,,,,,,,,,,,,,,,,,,,,,,,,,,,,,23,,,,,,0,,,,,,,,,,,,,,,,,,,,,,,,,,,,
2013-12-11,JK11A8B9J77VGF,Hitachi HDS722020ALA330,2000398934016,0,,0,,,,,,,,0,,,,,,22696,,,,,,,,,,,,,,,,,,,,,,,,,,,,,,23,,,,,,0,,,,,,,,,,,,,,,,,,,,,,,,,,,,
2013-12-11,W240Z7VA,ST2000DM001,2000398934016,0,,169296224,,,,,,,,0,,,,,,8006,,,,,,,,,,,,,,,,,,,,,,,,,,,,,,20,,,,,,0,,,,,,,,,,,,,,,,,,,,,,,,,,,,
2013-12-11,MJ1311YNG73LBA,Hitachi HDS5C3030ALA630,3000592982016,0,,0,,,,,,,,0,,,,,,14682,,,,,,,,,,,,,,,,,,,,,,,,,,,,,,21,,,,,,0,,,,,,,,,,,,,,,,,,,,,,,,,,,,
2013-12-11,S1F0S517,ST3000DM001,3000592982016,0,,54457016,,,,,,,,0,,,,,,10540,,,,,,,,,,,,,,,,,,,,,,,,,,,,,,23,,,,,,0,,,,,,,,,,,,,,,,,,,,,,,,,,,,
2013-12-11,S1F0S511,ST3000DM001,3000592982016,0,,164197160,,,,,,,,0,,,,,,10502,,,,,,,,,,,,,,,,,,,,,,,,,,,,,,24,,,,,,0,,,,,,,,,,,,,,,,,,,,,,,,,,,,
2013-12-11,W1F1CKSX,ST3000DM001,3000592982016,0,,116704408,,,,,,,,0,,,,,,8163,,,,,,,,,,,,,,,,,,,,,,,,,,,,,,28,,,,,,0,,,,,,,,,,,,,,,,,,,,,,,,,,,,
2013-12-11,W1F0HSYX,ST3000DM001,3000592982016,0,,210916088,,,,,,,,0,,,,,,12169,,,,,,,,,,,,,,,,,,,,,,,,,,,,,,28,,,,,,0,,,,,,,,,,,,,,,,,,,,,,,,,,,,
2013-12-11,5XW004AJ,ST31500541AS,1500301910016,0,,242740913,,,,,,,,0,,,,,,27343,,,,,,,,,,,,,,,,,,,,,,,,,,,,,,18,,,,,,0,,,,,,,,,,,,,,,,,,,,,,,,,,,,
2013-12-11,MJ1311YNG4WEGA,Hitachi HDS5C3030ALA630,3000592982016,0,,0,,,,,,,,0,,,,,,14621,,,,,,,,,,,,,,,,,,,,,,,,,,,,,,23,,,,,,0,,,,,,,,,,,,,,,,,,,,,,,,,,,,
2013-12-11,Z300H2FP,ST4000DM000,4000787030016,0,,205527280,,,,,,,,0,,,,,,1297,,,,,,,,,,,,,,,,,,,,,,,,,,,,,,19,,,,,,0,,,,,,,,,,,,,,,,,,,,,,,,,,,,
2013-12-11,MJ1311YNG3JH7A,Hitachi HDS5C3030ALA630,3000592982016,0,,0,,,,,,,,0,,,,,,19372,,,,,,,,,,,,,,,,,,,,,,,,,,,,,,25,,,,,,0,,,,,,,,,,,,,,,,,,,,,,,,,,,,
2013-12-11,JK11A8B9J7580F,Hitachi HDS722020ALA330,2000398934016,0,,0,,,,,,,,0,,,,,,22698,,,,,,,,,,,,,,,,,,,,,,,,,,,,,,28,,,,,,0,,,,,,,,,,,,,,,,,,,,,,,,,,,,
2013-12-11,W300D26M,ST4000DM000,4000787030016,0,,175200696,,,,,,,,0,,,,,,4136,,,,,,,,,,,,,,,,,,,,,,,,,,,,,,22,,,,,,0,,,,,,,,,,,,,,,,,,,,,,,,,,,,
2013-12-11,JK11C1YAKDBYRV,Hitachi HDS722020ALA330,2000398934016,0,,0,,,,,,,,0,,,,,,20686,,,,,,,,,,,,,,,,,,,,,,,,,,,,,,26,,,,,,0,,,,,,,,,,,,,,,,,,,,,,,,,,,,
2013-12-11,Z290P4QZ,ST33000651AS,3000592982016,0,,182580299,,,,,,,,0,,,,,,17726,,,,,,,,,,,,,,,,,,,,,,,,,,,,,,25,,,,,,0,,,,,,,,,,,,,,,,,,,,,,,,,,,,
2013-12-11,5XW1N4WV,ST31500541AS,1500301910016,0,,163648955,,,,,,,,0,,,,,,11755,,,,,,,,,,,,,,,,,,,,,,,,,,,,,,24,,,,,,0,,,,,,,,,,,,,,,,,,,,,,,,,,,,
2013-12-11,5XW035WJ,ST31500541AS,1500301910016,0,,10566780,,,,,,,,0,,,,,,35782,,,,,,,,,,,,,,,,,,,,,,,,,,,,,,19,,,,,,0,,,,,,,,,,,,,,,,,,,,,,,,,,,,
2013-12-11,PL1311LAG3ATLH,Hitachi HDS5C4040ALE630,4000787030016,0,,0,,,,,,,,0,,,,,,5670,,,,,,,,,,,,,,,,,,,,,,,,,,,,,,19,,,,,,0,,,,,,,,,,,,,,,,,,,,,,,,,,,,
2013-12-11,MJ1311YNG3EYYA,Hitachi HDS5C3030ALA630,3000592982016,0,,0,,,,,,,,0,,,,,,18947,,,,,,,,,,,,,,,,,,,,,,,,,,,,,,27,,,,,,0,,,,,,,,,,,,,,,,,,,,,,,,,,,,
2013-12-11,MK0331YHGRUW9A,Hitachi HDS723030ALA640,3000592982016,0,,0,,,,,,,,0,,,,,,17032,,,,,,,,,,,,,,,,,,,,,,,,,,,,,,27,,,,,,0,,,,,,,,,,,,,,,,,,,,,,,,,,,,
2013-12-11,5XW02ZK5,ST31500541AS,1500301910016,0,,143427099,,,,,,,,0,,,,,,36962,,,,,,,,,,,,,,,,,,,,,,,,,,,,,,21,,,,,,0,,,,,,,,,,,,,,,,,,,,,,,,,,,,
2013-12-11,S2CHJR0Z900286,SAMSUNG HD154UI,1500301910016,0,,2,,,,,,,,0,,,,,,3345,,,,,,,,,,,,,,,,,,,,,,,,,,,,,,16,,,,,,1,,,,,,,,,,,,,,,,,,,,,,,,,,,,
2013-12-11,S1F0339M,ST3000DM001,3000592982016,0,,70205928,,,,,,,,0,,,,,,15621,,,,,,,,,,,,,,,,,,,,,,,,,,,,,,27,,,,,,0,,,,,,,,,,,,,,,,,,,,,,,,,,,,
2013-12-11,W1H1L552,ST2000VN000,2000398934016,0,,98384848,,,,,,,,0,,,,,,2862,,,,,,,,,,,,,,,,,,,,,,,,,,,,,,20,,,,,,0,,,,,,,,,,,,,,,,,,,,,,,,,,,,
2013-12-11,MJ1311YNG5RBRA,Hitachi HDS5C3030ALA630,3000592982016,0,,0,,,,,,,,0,,,,,,14624,,,,,,,,,,,,,,,,,,,,,,,,,,,,,,24,,,,,,0,,,,,,,,,,,,,,,,,,,,,,,,,,,,
2013-12-11,JK11A8B9J2BZYF,Hitachi HDS722020ALA330,2000398934016,0,,0,,,,,,,,0,,,,,,24501,,,,,,,,,,,,,,,,,,,,,,,,,,,,,,32,,,,,,0,,,,,,,,,,,,,,,,,,,,,,,,,,,,
2013-12-11,JK11A8B9J69STF,Hitachi HDS722020ALA330,2000398934016,0,,0,,,,,,,,0,,,,,,21477,,,,,,,,,,,,,,,,,,,,,,,,,,,,,,28,,,,,,0,,,,,,,,,,,,,,,,,,,,,,,,,,,,
2013-12-11,MJ0351YNG9S2PA,Hitachi HDS5C3030ALA630,3000592982016,0,,0,,,,,,,,0,,,,,,9142,,,,,,,,,,,,,,,,,,,,,,,,,,,,,,31,,,,,,0,,,,,,,,,,,,,,,,,,,,,,,,,,,,
2013-12-11,MK0311YHGJUBGA,Hitachi HDS723030ALA640,3000592982016,0,,0,,,,,,,,0,,,,,,16735,,,,,,,,,,,,,,,,,,,,,,,,,,,,,,28,,,,,,0,,,,,,,,,,,,,,,,,,,,,,,,,,,,
2013-12-11,W1F0ZG5V,ST3000DM001,3000592982016,0,,160559472,,,,,,,,0,,,,,,7994,,,,,,,,,,,,,,,,,,,,,,,,,,,,,,25,,,,,,0,,,,,,,,,,,,,,,,,,,,,,,,,,,,
2013-12-11,Z300JBJ5,ST4000DM000,4000787030016,0,,108575168,,,,,,,,0,,,,,,2221,,,,,,,,,,,,,,,,,,,,,,,,,,,,,,25,,,,,,0,,,,,,,,,,,,,,,,,,,,,,,,,,,,
2013-12-11,W1F0FKWW,ST3000DM001,3000592982016,0,,111046680,,,,,,,,0,,,,,,11608,,,,,,,,,,,,,,,,,,,,,,,,,,,,,,29,,,,,,0,,,,,,,,,,,,,,,,,,,,,,,,,,,,
2013-12-11,S1F0BLY8,ST3000DM001,3000592982016,0,,121811504,,,,,,,,0,,,,,,12398,,,,,,,,,,,,,,,,,,,,,,,,,,,,,,24,,,,,,0,,,,,,,,,,,,,,,,,,,,,,,,,,,,
2013-12-11,9XK07KNF,ST33000651AS,3000592982016,0,,31828133,,,,,,,,800,,,,,,16842,,,,,,,,,,,,,,,,,,,,,,,,,,,,,,27,,,,,,0,,,,,,,,,,,,,,,,,,,,,,,,,,,,
2013-12-11,JK1105B8JS2J3X,Hitachi HDS722020ALA330,2000398934016,0,,1,,,,,,,,0,,,,,,23319,,,,,,,,,,,,,,,,,,,,,,,,,,,,,,28,,,,,,0,,,,,,,,,,,,,,,,,,,,,,,,,,,,
2013-12-11,JK11A8B9JP49RF,Hitachi HDS722020ALA330,2000398934016,0,,0,,,,,,,,7,,,,,,24112,,,,,,,,,,,,,,,,,,,,,,,,,,,,,,25,,,,,,0,,,,,,,,,,,,,,,,,,,,,,,,,,,,
2013-12-11,JK1105B8GDM6PX,Hitachi HDS722020ALA330,2000398934016,0,,65538,,,,,,,,10,,,,,,26859,,,,,,,,,,,,,,,,,,,,,,,,,,,,,,34,,,,,,0,,,,,,,,,,,,,,,,,,,,,,,,,,,,
2013-12-11,S1F0QXXH,ST3000DM001,3000592982016,0,,199387288,,,,,,,,0,,,,,,11638,,,,,,,,,,,,,,,,,,,,,,,,,,,,,,27,,,,,,0,,,,,,,,,,,,,,,,,,,,,,,,,,,,
2013-12-11,WD-WCAU47320974,WDC WD10EADS,1000204886016,0,,0,,,,,,,,0,,,,,,40814,,,,,,,,,,,,,,,,,,,,,,,,,,,,,,31,,,,,,0,,,,,,,,,,,,,,,,,,,,,,,,,,,,
2013-12-11,JK1101B9J2KNMF,Hitachi HDS722020ALA330,2000398934016,0,,0,,,,,,,,5,,,,,,23821,,,,,,,,,,,,,,,,,,,,,,,,,,,,,,36,,,,,,0,,,,,,,,,,,,,,,,,,,,,,,,,,,,
2013-12-11,5XW1KD1Z,ST32000542AS,2000398934016,0,,145071087,,,,,,,,0,,,,,,7037,,,,,,,,,,,,,,,,,,,,,,,,,,,,,,24,,,,,,0,,,,,,,,,,,,,,,,,,,,,,,,,,,,
2013-12-11,S1F0KZJJ,ST3000DM001,3000592982016,0,,62551400,,,,,,,,0,,,,,,9268,,,,,,,,,,,,,,,,,,,,,,,,,,,,,,27,,,,,,0,,,,,,,,,,,,,,,,,,,,,,,,,,,,
2013-12-11,JK1171YAK1XBLN,Hitachi HDS722020ALA330,2000398934016,0,,655365,,,,,,,,0,,,,,,29915,,,,,,,,,,,,,,,,,,,,,,,,,,,,,,24,,,,,,0,,,,,,,,,,,,,,,,,,,,,,,,,,,,
2013-12-11,W1F0LRWE,ST3000DM001,3000592982016,0,,171586568,,,,,,,,0,,,,,,12247,,,,,,,,,,,,,,,,,,,,,,,,,,,,,,23,,,,,,0,,,,,,,,,,,,,,,,,,,,,,,,,,,,
2013-12-11,MJ1311YNG5U5DA,Hitachi HDS5C3030ALA630,3000592982016,0,,0,,,,,,,,0,,,,,,14621,,,,,,,,,,,,,,,,,,,,,,,,,,,,,,23,,,,,,0,,,,,,,,,,,,,,,,,,,,,,,,,,,,
2013-12-11,W300E0B9,ST4000DM000,4000787030016,0,,221888392,,,,,,,,0,,,,,,4289,,,,,,,,,,,,,,,,,,,,,,,,,,,,,,21,,,,,,0,,,,,,,,,,,,,,,,,,,,,,,,,,,,
2013-12-11,JK1101B9JN4LKT,Hitachi HDS722020ALA330,2000398934016,0,,0,,,,,,,,0,,,,,,23990,,,,,,,,,,,,,,,,,,,,,,,,,,,,,,23,,,,,,0,,,,,,,,,,,,,,,,,,,,,,,,,,,,
2013-12-11,S1F06TXW,ST3000DM001,3000592982016,0,,210046392,,,,,,,,0,,,,,,13822,,,,,,,,,,,,,,,,,,,,,,,,,,,,,,21,,,,,,0,,,,,,,,,,,,,,,,,,,,,,,,,,,,
2013-12-11,Z1F02KGJ,ST3000DM001,3000592982016,0,,98897640,,,,,,,,0,,,,,,14734,,,,,,,,,,,,,,,,,,,,,,,,,,,,,,25,,,,,,0,,,,,,,,,,,,,,,,,,,,,,,,,,,,
2013-12-11,MJ1311YNG35JYA,Hitachi HDS5C3030ALA630,3000592982016,0,,0,,,,,,,,0,,,,,,19254,,,,,,,,,,,,,,,,,,,,,,,,,,,,,,29,,,,,,0,,,,,,,,,,,,,,,,,,,,,,,,,,,,
2013-12-11,MJ0351YNG9V84A,Hitachi HDS5C3030ALA630,3000592982016,0,,0,,,,,,,,0,,,,,,9312,,,,,,,,,,,,,,,,,,,,,,,,,,,,,,28,,,,,,0,,,,,,,,,,,,,,,,,,,,,,,,,,,,
2013-12-11,S1F06KDB,ST3000DM001,3000592982016,0,,231238792,,,,,,,,0,,,,,,13362,,,,,,,,,,,,,,,,,,,,,,,,,,,,,,25,,,,,,0,,,,,,,,,,,,,,,,,,,,,,,,,,,,
2013-12-11,W1F0P4ZC,ST3000DM001,3000592982016,0,,47259672,,,,,,,,0,,,,,,11050,,,,,,,,,,,,,,,,,,,,,,,,,,,,,,20,,,,,,112,,,,,,,,,,,,,,,,,,,,,,,,,,,,
2013-12-11,WD-WMC1T1587837,WDC WD30EFRX,3000592982016,0,,0,,,,,,,,0,,,,,,7391,,,,,,,,,,,,,,,,,,,,,,,,,,,,,,25,,,,,,0,,,,,,,,,,,,,,,,,,,,,,,,,,,,
2013-12-11,MJ0351YNG9YH2A,Hitachi HDS5C3030ALA630,3000592982016,0,,0,,,,,,,,0,,,,,,9477,,,,,,,,,,,,,,,,,,,,,,,,,,,,,,25,,,,,,0,,,,,,,,,,,,,,,,,,,,,,,,,,,,
2013-12-11,JK11A8B9J7NRJF,Hitachi HDS722020ALA330,2000398934016,0,,0,,,,,,,,0,,,,,,22699,,,,,,,,,,,,,,,,,,,,,,,,,,,,,,28,,,,,,0,,,,,,,,,,,,,,,,,,,,,,,,,,,,
2013-12-11,W1F08Q06,ST3000DM001,3000592982016,0,,107933200,,,,,,,,0,,,,,,15217,,,,,,,,,,,,,,,,,,,,,,,,,,,,,,24,,,,,,0,,,,,,,,,,,,,,,,,,,,,,,,,,,,
2013-12-11,Z300NK3C,ST4000DM000,4000787030016,0,,14121328,,,,,,,,0,,,,,,1093,,,,,,,,,,,,,,,,,,,,,,,,,,,,,,28,,,,,,0,,,,,,,,,,,,,,,,,,,,,,,,,,,,
2013-12-11,JK1101B9JPHAVF,Hitachi HDS722020ALA330,2000398934016,0,,0,,,,,,,,0,,,,,,24382,,,,,,,,,,,,,,,,,,,,,,,,,,,,,,31,,,,,,0,,,,,,,,,,,,,,,,,,,,,,,,,,,,
2013-12-11,Z300NK3F,ST4000DM000,4000787030016,0,,199293120,,,,,,,,0,,,,,,1093,,,,,,,,,,,,,,,,,,,,,,,,,,,,,,28,,,,,,0,,,,,,,,,,,,,,,,,,,,,,,,,,,,
2013-12-11,PL1311LAG383LH,Hitachi HDS5C4040ALE630,4000787030016,0,,0,,,,,,,,0,,,,,,5070,,,,,,,,,,,,,,,,,,,,,,,,,,,,,,28,,,,,,0,,,,,,,,,,,,,,,,,,,,,,,,,,,,
2013-12-11,MJ1323YNG1TV3C,Hitachi HDS5C3030ALA630,3000592982016,0,,0,,,,,,,,0,,,,,,19310,,,,,,,,,,,,,,,,,,,,,,,,,,,,,,28,,,,,,0,,,,,,,,,,,,,,,,,,,,,,,,,,,,
2013-12-11,WD-WCAWZ1272342,WDC WD30EZRX,3000592982016,0,,0,,,,,,,,0,,,,,,16074,,,,,,,,,,,,,,,,,,,,,,,,,,,,,,21,,,,,,0,,,,,,,,,,,,,,,,,,,,,,,,,,,,
2013-12-11,Z300XEH3,ST4000DM000,4000787030016,0,,7207928,,,,,,,,0,,,,,,799,,,,,,,,,,,,,,,,,,,,,,,,,,,,,,22,,,,,,0,,,,,,,,,,,,,,,,,,,,,,,,,,,,
2013-12-11,JK11A8B9HU2E0F,Hitachi HDS722020ALA330,2000398934016,0,,0,,,,,,,,0,,,,,,23819,,,,,,,,,,,,,,,,,,,,,,,,,,,,,,28,,,,,,0,,,,,,,,,,,,,,,,,,,,,,,,,,,,
2013-12-11,6XW03CDF,ST31500541AS,1500301910016,0,,4596369,,,,,,,,0,,,,,,36910,,,,,,,,,,,,,,,,,,,,,,,,,,,,,,21,,,,,,0,,,,,,,,,,,,,,,,,,,,,,,,,,,,
2013-12-11,JK1105B8GGR8TX,Hitachi HDS722020ALA330,2000398934016,0,,0,,,,,,,,5,,,,,,27160,,,,,,,,,,,,,,,,,,,,,,,,,,,,,,28,,,,,,0,,,,,,,,,,,,,,,,,,,,,,,,,,,,
2013-12-11,MJ0351YNG9WPJA,Hitachi HDS5C3030ALA630,3000592982016,0,,0,,,,,,,,0,,,,,,8870,,,,,,,,,,,,,,,,,,,,,,,,,,,,,,27,,,,,,0,,,,,,,,,,,,,,,,,,,,,,,,,,,,
2013-12-11,MJ1311YNG4GNLA,Hitachi HDS5C3030ALA630,3000592982016,0,,0,,,,,,,,0,,,,,,20732,,,,,,,,,,,,,,,,,,,,,,,,,,,,,,23,,,,,,0,,,,,,,,,,,,,,,,,,,,,,,,,,,,
2013-12-11,JK11H1BFHZ9HYR,Hitachi HDS722020ALA330,2000398934016,0,,0,,,,,,,,0,,,,,,11429,,,,,,,,,,,,,,,,,,,,,,,,,,,,,,29,,,,,,0,,,,,,,,,,,,,,,,,,,,,,,,,,,,
2013-12-11,PL1311LAG3AA4H,Hitachi HDS5C4040ALE630,4000787030016,0,,0,,,,,,,,0,,,,,,5302,,,,,,,,,,,,,,,,,,,,,,,,,,,,,,27,,,,,,0,,,,,,,,,,,,,,,,,,,,,,,,,,,,
2013-12-11,6XW14S6T,ST320005XXXX,2000398934016,0,,187717649,,,,,,,,0,,,,,,29395,,,,,,,,,,,,,,,,,,,,,,,,,,,,,,31,,,,,,0,,,,,,,,,,,,,,,,,,,,,,,,,,,,
2013-12-11,W3004XDG,ST4000DM000,4000787030016,0,,179106616,,,,,,,,0,,,,,,2880,,,,,,,,,,,,,,,,,,,,,,,,,,,,,,20,,,,,,0,,,,,,,,,,,,,,,,,,,,,,,,,,,,
2013-12-11,PL1321LAG363KH,Hitachi HDS5C4040ALE630,4000787030016,0,,0,,,,,,,,0,,,,,,5933,,,,,,,,,,,,,,,,,,,,,,,,,,,,,,28,,,,,,0,,,,,,,,,,,,,,,,,,,,,,,,,,,,
2013-12-11,MJ0351YNGA8ZLA,Hitachi HDS5C3030ALA630,3000592982016,0,,0,,,,,,,,0,,,,,,8505,,,,,,,,,,,,,,,,,,,,,,,,,,,,,,24,,,,,,0,,,,,,,,,,,,,,,,,,,,,,,,,,,,
2013-12-11,MK0311YHGKAZ3A,Hitachi HDS723030ALA640,3000592982016,0,,0,,,,,,,,0,,,,,,16659,,,,,,,,,,,,,,,,,,,,,,,,,,,,,,25,,,,,,0,,,,,,,,,,,,,,,,,,,,,,,,,,,,
2013-12-11,PL1321LAGATYNH,Hitachi HDS5C4040ALE630,4000787030016,0,,0,,,,,,,,0,,,,,,5076,,,,,,,,,,,,,,,,,,,,,,,,,,,,,,25,,,,,,0,,,,,,,,,,,,,,,,,,,,,,,,,,,,
2013-12-11,JK11A8B9J72HXF,Hitachi HDS722020ALA330,2000398934016,0,,0,,,,,,,,0,,,,,,23512,,,,,,,,,,,,,,,,,,,,,,,,,,,,,,25,,,,,,0,,,,,,,,,,,,,,,,,,,,,,,,,,,,
2013-12-11,W300B6N3,ST4000DM000,4000787030016,0,,69738152,,,,,,,,0,,,,,,3587,,,,,,,,,,,,,,,,,,,,,,,,,,,,,,23,,,,,,0,,,,,,,,,,,,,,,,,,,,,,,,,,,,
2013-12-11,W1F09X8X,ST3000DM001,3000592982016,0,,89718288,,,,,,,,0,,,,,,15222,,,,,,,,,,,,,,,,,,,,,,,,,,,,,,20,,,,,,0,,,,,,,,,,,,,,,,,,,,,,,,,,,,
2013-12-11,MJ0351YNGAAK5A,Hitachi HDS5C3030ALA630,3000592982016,0,,0,,,,,,,,0,,,,,,8613,,,,,,,,,,,,,,,,,,,,,,,,,,,,,,32,,,,,,0,,,,,,,,,,,,,,,,,,,,,,,,,,,,
2013-12-11,PL1321LAG351XH,Hitachi HDS5C4040ALE630,4000787030016,0,,0,,,,,,,,0,,,,,,6619,,,,,,,,,,,,,,,,,,,,,,,,,,,,,,25,,,,,,0,,,,,,,,,,,,,,,,,,,,,,,,,,,,
2013-12-11,PL1311LAG2ZD3A,Hitachi HDS5C4040ALE630,4000787030016,0,,0,,,,,,,,0,,,,,,6614,,,,,,,,,,,,,,,,,,,,,,,,,,,,,,28,,,,,,0,,,,,,,,,,,,,,,,,,,,,,,,,,,,
2013-12-11,MJ0351YNG9VRTA,Hitachi HDS5C3030ALA630,3000592982016,0,,0,,,,,,,,0,,,,,,9899,,,,,,,,,,,,,,,,,,,,,,,,,,,,,,31,,,,,,0,,,,,,,,,,,,,,,,,,,,,,,,,,,,
2013-12-11,MJ1311YNG7ESTA,Hitachi HDS5C3030ALA630,3000592982016,0,,0,,,,,,,,0,,,,,,14598,,,,,,,,,,,,,,,,,,,,,,,,,,,,,,28,,,,,,0,,,,,,,,,,,,,,,,,,,,,,,,,,,,
2013-12-11,Z300K8WF,ST4000DM000,4000787030016,0,,227171168,,,,,,,,0,,,,,,2218,,,,,,,,,,,,,,,,,,,,,,,,,,,,,,24,,,,,,0,,,,,,,,,,,,,,,,,,,,,,,,,,,,
2013-12-11,Z291026V,ST33000651AS,3000592982016,0,,125865954,,,,,,,,0,,,,,,15916,,,,,,,,,,,,,,,,,,,,,,,,,,,,,,25,,,,,,0,,,,,,,,,,,,,,,,,,,,,,,,,,,,
2013-12-11,W300B6NH,ST4000DM000,4000787030016,0,,217590920,,,,,,,,0,,,,,,3611,,,,,,,,,,,,,,,,,,,,,,,,,,,,,,23,,,,,,0,,,,,,,,,,,,,,,,,,,,,,,,,,,,
2013-12-11,JK2171B9J0JN1L,Hitachi HDS722020ALA330,2000398934016,0,,0,,,,,,,,0,,,,,,26010,,,,,,,,,,,,,,,,,,,,,,,,,,,,,,27,,,,,,0,,,,,,,,,,,,,,,,,,,,,,,,,,,,
2013-12-11,PL1311LAG1VJMA,Hitachi HDS5C4040ALE630,4000787030016,0,,0,,,,,,,,0,,,,,,7437,,,,,,,,,,,,,,,,,,,,,,,,,,,,,,24,,,,,,0,,,,,,,,,,,,,,,,,,,,,,,,,,,,
2013-12-11,Z1F0L4T5,ST3000DM001,3000592982016,0,,21126408,,,,,,,,0,,,,,,12321,,,,,,,,,,,,,,,,,,,,,,,,,,,,,,25,,,,,,0,,,,,,,,,,,,,,,,,,,,,,,,,,,,
2013-12-11,MJ0351YNGA59BA,Hitachi HDS5C3030ALA630,3000592982016,0,,0,,,,,,,,0,,,,,,9312,,,,,,,,,,,,,,,,,,,,,,,,,,,,,,28,,,,,,0,,,,,,,,,,,,,,,,,,,,,,,,,,,,
2013-12-11,JK1101B9JNN67F,Hitachi HDS722020ALA330,2000398934016,0,,0,,,,,,,,0,,,,,,24306,,,,,,,,,,,,,,,,,,,,,,,,,,,,,,28,,,,,,0,,,,,,,,,,,,,,,,,,,,,,,,,,,,
2013-12-11,MJ1311YNG0KPDA,Hitachi HDS5C3030ALA630,3000592982016,0,,0,,,,,,,,0,,,,,,18362,,,,,,,,,,,,,,,,,,,,,,,,,,,,,,26,,,,,,0,,,,,,,,,,,,,,,,,,,,,,,,,,,,
2013-12-11,Z290VGEX,ST33000651AS,3000592982016,0,,35685408,,,,,,,,0,,,,,,18074,,,,,,,,,,,,,,,,,,,,,,,,,,,,,,25,,,,,,0,,,,,,,,,,,,,,,,,,,,,,,,,,,,
2013-12-11,JK11A8B9J0P0BF,Hitachi HDS722020ALA330,2000398934016,0,,0,,,,,,,,1,,,,,,26313,,,,,,,,,,,,,,,,,,,,,,,,,,,,,,28,,,,,,0,,,,,,,,,,,,,,,,,,,,,,,,,,,,
2013-12-11,9XW01QHX,ST31500541AS,1500301910016,0,,185932283,,,,,,,,0,,,,,,35759,,,,,,,,,,,,,,,,,,,,,,,,,,,,,,20,,,,,,0,,,,,,,,,,,,,,,,,,,,,,,,,,,,
2013-12-11,WD-WCAU42493351,WDC WD10EACS,1000204886016,0,,3,,,,,,,,0,,,,,,42833,,,,,,,,,,,,,,,,,,,,,,,,,,,,,,19,,,,,,0,,,,,,,,,,,,,,,,,,,,,,,,,,,,
2013-12-11,W1F0W685,ST3000DM001,3000592982016,0,,134641832,,,,,,,,0,,,,,,11640,,,,,,,,,,,,,,,,,,,,,,,,,,,,,,26,,,,,,0,,,,,,,,,,,,,,,,,,,,,,,,,,,,
2013-12-11,Z1Z05Q5Q,ST4000DX000,4000787030016,0,,193613163,,,,,,,,0,,,,,,5379,,,,,,,,,,,,,,,,,,,,,,,,,,,,,,27,,,,,,0,,,,,,,,,,,,,,,,,,,,,,,,,,,,
2013-12-11,W1F095F5,ST3000DM001,3000592982016,0,,184460984,,,,,,,,0,,,,,,14728,,,,,,,,,,,,,,,,,,,,,,,,,,,,,,26,,,,,,0,,,,,,,,,,,,,,,,,,,,,,,,,,,,
2013-12-11,MJ1323YNG1BZBC,Hitachi HDS5C3030ALA630,3000592982016,0,,0,,,,,,,,0,,,,,,19633,,,,,,,,,,,,,,,,,,,,,,,,,,,,,,24,,,,,,0,,,,,,,,,,,,,,,,,,,,,,,,,,,,
2013-12-11,PL1311LAG3D8AH,Hitachi HDS5C4040ALE630,4000787030016,0,,0,,,,,,,,0,,,,,,5921,,,,,,,,,,,,,,,,,,,,,,,,,,,,,,18,,,,,,0,,,,,,,,,,,,,,,,,,,,,,,,,,,,
2013-12-11,JK11A8B9J4S6NF,Hitachi HDS722020ALA330,2000398934016,0,,0,,,,,,,,0,,,,,,25539,,,,,,,,,,,,,,,,,,,,,,,,,,,,,,30,,,,,,0,,,,,,,,,,,,,,,,,,,,,,,,,,,,
2013-12-11,PL1311LAG397PH,Hitachi HDS5C4040ALE630,4000787030016,0,,0,,,,,,,,0,,,,,,5058,,,,,,,,,,,,,,,,,,,,,,,,,,,,,,30,,,,,,0,,,,,,,,,,,,,,,,,,,,,,,,,,,,
2013-12-11,5XW25NZC,ST32000542AS,2000398934016,0,,145026010,,,,,,,,0,,,,,,15216,,,,,,,,,,,,,,,,,,,,,,,,,,,,,,20,,,,,,0,,,,,,,,,,,,,,,,,,,,,,,,,,,,
2013-12-11,MJ1311YNG5HXRA,Hitachi HDS5C3030ALA630,3000592982016,0,,0,,,,,,,,10,,,,,,14330,,,,,,,,,,,,,,,,,,,,,,,,,,,,,,33,,,,,,0,,,,,,,,,,,,,,,,,,,,,,,,,,,,
2013-12-11,MJ1313YNG2EZVC,Hitachi HDS5C3030ALA630,3000592982016,0,,0,,,,,,,,0,,,,,,18067,,,,,,,,,,,,,,,,,,,,,,,,,,,,,,28,,,,,,0,,,,,,,,,,,,,,,,,,,,,,,,,,,,
2013-12-11,MJ0351YNG9VXZA,Hitachi HDS5C3030ALA630,3000592982016,0,,0,,,,,,,,0,,,,,,9901,,,,,,,,,,,,,,,,,,,,,,,,,,,,,,29,,,,,,0,,,,,,,,,,,,,,,,,,,,,,,,,,,,
2013-12-11,Z290VLDB,ST33000651AS,3000592982016,0,,84277819,,,,,,,,0,,,,,,18074,,,,,,,,,,,,,,,,,,,,,,,,,,,,,,28,,,,,,0,,,,,,,,,,,,,,,,,,,,,,,,,,,,
2013-12-11,Z1Z03FQM,ST4000DX000,4000787030016,0,,38734475,,,,,,,,0,,,,,,7132,,,,,,,,,,,,,,,,,,,,,,,,,,,,,,39,,,,,,0,,,,,,,,,,,,,,,,,,,,,,,,,,,,
2013-12-11,JK11A4YAKBUXYW,Hitachi HDS722020ALA330,2000398934016,0,,0,,,,,,,,0,,,,,,27871,,,,,,,,,,,,,,,,,,,,,,,,,,,,,,26,,,,,,0,,,,,,,,,,,,,,,,,,,,,,,,,,,,
2013-12-11,S1F04E0P,ST3000DM001,3000592982016,0,,240851408,,,,,,,,0,,,,,,15619,,,,,,,,,,,,,,,,,,,,,,,,,,,,,,25,,,,,,0,,,,,,,,,,,,,,,,,,,,,,,,,,,,
2013-12-11,JK1101B9JP6VGU,Hitachi HDS722020ALA330,2000398934016,0,,65536,,,,,,,,0,,,,,,24426,,,,,,,,,,,,,,,,,,,,,,,,,,,,,,28,,,,,,0,,,,,,,,,,,,,,,,,,,,,,,,,,,,
2013-12-11,S1F02SHM,ST3000DM001,3000592982016,0,,115451544,,,,,,,,0,,,,,,15456,,,,,,,,,,,,,,,,,,,,,,,,,,,,,,19,,,,,,0,,,,,,,,,,,,,,,,,,,,,,,,,,,,
2013-12-11,PL1311LAG1YYLA,Hitachi HDS5C4040ALE630,4000787030016,0,,0,,,,,,,,0,,,,,,7437,,,,,,,,,,,,,,,,,,,,,,,,,,,,,,26,,,,,,0,,,,,,,,,,,,,,,,,,,,,,,,,,,,
2013-12-11,MK0311YHG2T5XA,Hitachi HDS723030ALA640,3000592982016,0,,0,,,,,,,,0,,,,,,16561,,,,,,,,,,,,,,,,,,,,,,,,,,,,,,29,,,,,,0,,,,,,,,,,,,,,,,,,,,,,,,,,,,
2013-12-11,MJ1311YNG6VWEA,Hitachi HDS5C3030ALA630,3000592982016,0,,0,,,,,,,,0,,,,,,14310,,,,,,,,,,,,,,,,,,,,,,,,,,,,,,25,,,,,,0,,,,,,,,,,,,,,,,,,,,,,,,,,,,
2013-12-11,Z300NS59,ST4000DM000,4000787030016,0,,52988176,,,,,,,,0,,,,,,1093,,,,,,,,,,,,,,,,,,,,,,,,,,,,,,26,,,,,,0,,,,,,,,,,,,,,,,,,,,,,,,,,,,
2013-12-11,JK1101B9JPLD2F,Hitachi HDS722020ALA330,2000398934016,0,,65536,,,,,,,,0,,,,,,24099,,,,,,,,,,,,,,,,,,,,,,,,,,,,,,26,,,,,,0,,,,,,,,,,,,,,,,,,,,,,,,,,,,
2013-12-11,6XW010FD,ST31500541AS,1500301910016,0,,97181731,,,,,,,,0,,,,,,36062,,,,,,,,,,,,,,,,,,,,,,,,,,,,,,21,,,,,,0,,,,,,,,,,,,,,,,,,,,,,,,,,,,
2013-12-11,PL1311LAG39V1H,Hitachi HDS5C4040ALE630,4000787030016,0,,0,,,,,,,,0,,,,,,5949,,,,,,,,,,,,,,,,,,,,,,,,,,,,,,24,,,,,,0,,,,,,,,,,,,,,,,,,,,,,,,,,,,
2013-12-11,W1F08CX7,ST3000DM001,3000592982016,0,,212320304,,,,,,,,0,,,,,,14993,,,,,,,,,,,,,,,,,,,,,,,,,,,,,,22,,,,,,0,,,,,,,,,,,,,,,,,,,,,,,,,,,,
2013-12-11,JK11A8B9J82WLF,Hitachi HDS722020ALA330,2000398934016,0,,0,,,,,,,,0,,,,,,26027,,,,,,,,,,,,,,,,,,,,,,,,,,,,,,27,,,,,,0,,,,,,,,,,,,,,,,,,,,,,,,,,,,
2013-12-11,JK11A4B8JPDZWW,Hitachi HDS722020ALA330,2000398934016,0,,0,,,,,,,,0,,,,,,3151,,,,,,,,,,,,,,,,,,,,,,,,,,,,,,23,,,,,,0,,,,,,,,,,,,,,,,,,,,,,,,,,,,
2013-12-11,MJ0351YNGA0BYA,Hitachi HDS5C3030ALA630,3000592982016,0,,0,,,,,,,,0,,,,,,9315,,,,,,,,,,,,,,,,,,,,,,,,,,,,,,28,,,,,,0,,,,,,,,,,,,,,,,,,,,,,,,,,,,
2013-12-11,Z300KK2R,ST4000DM000,4000787030016,0,,141854344,,,,,,,,0,,,,,,1226,,,,,,,,,,,,,,,,,,,,,,,,,,,,,,24,,,,,,0,,,,,,,,,,,,,,,,,,,,,,,,,,,,
2013-12-11,S1F044D3,ST3000DM001,3000592982016,0,,84536584,,,,,,,,0,,,,,,13885,,,,,,,,,,,,,,,,,,,,,,,,,,,,,,26,,,,,,0,,,,,,,,,,,,,,,,,,,,,,,,,,,,
2013-12-11,W300CSXE,ST4000DM000,4000787030016,0,,85971688,,,,,,,,0,,,,,,2222,,,,,,,,,,,,,,,,,,,,,,,,,,,,,,22,,,,,,0,,,,,,,,,,,,,,,,,,,,,,,,,,,,
2013-12-11,Z290NTQC,ST33000651AS,3000592982016,0,,77308443,,,,,,,,0,,,,,,17050,,,,,,,,,,,,,,,,,,,,,,,,,,,,,,24,,,,,,0,,,,,,,,,,,,,,,,,,,,,,,,,,,,
2013-12-11,MJ0351YNG9YGPA,Hitachi HDS5C3030ALA630,3000592982016,0,,0,,,,,,,,0,,,,,,8618,,,,,,,,,,,,,,,,,,,,,,,,,,,,,,34,,,,,,0,,,,,,,,,,,,,,,,,,,,,,,,,,,,
2013-12-11,JK11A5B8HZ9STX,Hitachi HDS722020ALA330,2000398934016,0,,76154873,,,,,,,,420,,,,,,23820,,,,,,,,,,,,,,,,,,,,,,,,,,,,,,24,,,,,,40,,,,,,,,,,,,,,,,,,,,,,,,,,,,
2013-12-11,JK1101B9J2NDPR,Hitachi HDS722020ALA330,2000398934016,0,,0,,,,,,,,0,,,,,,23823,,,,,,,,,,,,,,,,,,,,,,,,,,,,,,26,,,,,,0,,,,,,,,,,,,,,,,,,,,,,,,,,,,
2013-12-11,JK1101B9GEDZ5T,Hitachi HDS722020ALA330,2000398934016,0,,0,,,,,,,,0,,,,,,26837,,,,,,,,,,,,,,,,,,,,,,,,,,,,,,28,,,,,,0,,,,,,,,,,,,,,,,,,,,,,,,,,,,
2013-12-11,JK1101B8KNDVTS,Hitachi HDS722020ALA330,2000398934016,0,,1,,,,,,,,0,,,,,,23125,,,,,,,,,,,,,,,,,,,,,,,,,,,,,,37,,,,,,0,,,,,,,,,,,,,,,,,,,,,,,,,,,,
2013-12-11,6XW01ENX,ST31500541AS,1500301910016,0,,44240041,,,,,,,,0,,,,,,36637,,,,,,,,,,,,,,,,,,,,,,,,,,,,,,23,,,,,,0,,,,,,,,,,,,,,,,,,,,,,,,,,,,
2013-12-11,JK1101B9KNGDJF,Hitachi HDS722020ALA330,2000398934016,0,,131073,,,,,,,,0,,,,,,22861,,,,,,,,,,,,,,,,,,,,,,,,,,,,,,29,,,,,,0,,,,,,,,,,,,,,,,,,,,,,,,,,,,
2013-12-11,MJ0351YNG9YZPA,Hitachi HDS5C3030ALA630,3000592982016,0,,0,,,,,,,,0,,,,,,9906,,,,,,,,,,,,,,,,,,,,,,,,,,,,,,23,,,,,,0,,,,,,,,,,,,,,,,,,,,,,,,,,,,
2013-12-11,W3005VNB,ST4000DM000,4000787030016,0,,17149952,,,,,,,,0,,,,,,2876,,,,,,,,,,,,,,,,,,,,,,,,,,,,,,23,,,,,,0,,,,,,,,,,,,,,,,,,,,,,,,,,,,
2013-12-11,MJ0351YNG9RGEA,Hitachi HDS5C3030ALA630,3000592982016,0,,0,,,,,,,,0,,,,,,9274,,,,,,,,,,,,,,,,,,,,,,,,,,,,,,24,,,,,,0,,,,,,,,,,,,,,,,,,,,,,,,,,,,
2013-12-11,MJ1321YNG08TXA,Hitachi HDS5C3030ALA630,3000592982016,0,,0,,,,,,,,0,,,,,,462,,,,,,,,,,,,,,,,,,,,,,,,,,,,,,32,,,,,,0,,,,,,,,,,,,,,,,,,,,,,,,,,,,
2013-12-11,JK11A8B9J7BN0F,Hitachi HDS722020ALA330,2000398934016,0,,0,,,,,,,,0,,,,,,23123,,,,,,,,,,,,,,,,,,,,,,,,,,,,,,23,,,,,,0,,,,,,,,,,,,,,,,,,,,,,,,,,,,
2013-12-11,W300AJZD,ST4000DM000,4000787030016,0,,226381560,,,,,,,,0,,,,,,4134,,,,,,,,,,,,,,,,,,,,,,,,,,,,,,24,,,,,,0,,,,,,,,,,,,,,,,,,,,,,,,,,,,
2013-12-11,JK2171B9J0G3TL,Hitachi HDS722020ALA330,2000398934016,0,,65536,,,,,,,,8,,,,,,26010,,,,,,,,,,,,,,,,,,,,,,,,,,,,,,27,,,,,,0,,,,,,,,,,,,,,,,,,,,,,,,,,,,
2013-12-11,JK1101B9KNWE7F,Hitachi HDS722020ALA330,2000398934016,0,,0,,,,,,,,0,,,,,,23075,,,,,,,,,,,,,,,,,,,,,,,,,,,,,,33,,,,,,0,,,,,,,,,,,,,,,,,,,,,,,,,,,,
2013-12-11,PL1321LAGAXV2H,Hitachi HDS5C4040ALE630,4000787030016,0,,0,,,,,,,,0,,,,,,5049,,,,,,,,,,,,,,,,,,,,,,,,,,,,,,31,,,,,,0,,,,,,,,,,,,,,,,,,,,,,,,,,,,
2013-12-11,JK11A8B9J74XDF,Hitachi HDS722020ALA330,2000398934016,0,,196616,,,,,,,,3,,,,,,22699,,,,,,,,,,,,,,,,,,,,,,,,,,,,,,25,,,,,,0,,,,,,,,,,,,,,,,,,,,,,,,,,,,
2013-12-11,JK11A4YAKBUYWW,Hitachi HDS722020ALA330,2000398934016,0,,0,,,,,,,,0,,,,,,27871,,,,,,,,,,,,,,,,,,,,,,,,,,,,,,24,,,,,,0,,,,,,,,,,,,,,,,,,,,,,,,,,,,
2013-12-11,6XW05B4S,ST31500541AS,1500301910016,0,,120546849,,,,,,,,0,,,,,,36962,,,,,,,,,,,,,,,,,,,,,,,,,,,,,,19,,,,,,0,,,,,,,,,,,,,,,,,,,,,,,,,,,,
2013-12-11,Z300NRJX,ST4000DM000,4000787030016,0,,48350224,,,,,,,,0,,,,,,1233,,,,,,,,,,,,,,,,,,,,,,,,,,,,,,21,,,,,,0,,,,,,,,,,,,,,,,,,,,,,,,,,,,
2013-12-11,PL1311LAG2EB7H,Hitachi HDS5C4040ALE630,4000787030016,0,,0,,,,,,,,0,,,,,,7411,,,,,,,,,,,,,,,,,,,,,,,,,,,,,,21,,,,,,0,,,,,,,,,,,,,,,,,,,,,,,,,,,,
2013-12-11,MJ1311YNG37WZA,Hitachi HDS5C3030ALA630,3000592982016,0,,0,,,,,,,,0,,,,,,18315,,,,,,,,,,,,,,,,,,,,,,,,,,,,,,23,,,,,,0,,,,,,,,,,,,,,,,,,,,,,,,,,,,
2013-12-11,JK11A8B9HZ0RJF,Hitachi HDS722020ALA330,2000398934016,0,,0,,,,,,,,0,,,,,,26144,,,,,,,,,,,,,,,,,,,,,,,,,,,,,,25,,,,,,0,,,,,,,,,,,,,,,,,,,,,,,,,,,,
2013-12-11,6XW00D8Y,ST32000542AS,2000398934016,0,,131818592,,,,,,,,0,,,,,,31773,,,,,,,,,,,,,,,,,,,,,,,,,,,,,,24,,,,,,0,,,,,,,,,,,,,,,,,,,,,,,,,,,,
2013-12-11,PL2311LAG1TPUC,Hitachi HDS5C4040ALE630,4000787030016,0,,0,,,,,,,,0,,,,,,6337,,,,,,,,,,,,,,,,,,,,,,,,,,,,,,20,,,,,,0,,,,,,,,,,,,,,,,,,,,,,,,,,,,
2013-12-11,JK11A8B9J3922F,Hitachi HDS722020ALA330,2000398934016,0,,0,,,,,,,,0,,,,,,23946,,,,,,,,,,,,,,,,,,,,,,,,,,,,,,27,,,,,,0,,,,,,,,,,,,,,,,,,,,,,,,,,,,
2013-12-11,6XW0023J,ST31500541AS,1500301910016,0,,142922910,,,,,,,,0,,,,,,35444,,,,,,,,,,,,,,,,,,,,,,,,,,,,,,20,,,,,,0,,,,,,,,,,,,,,,,,,,,,,,,,,,,
2013-12-11,JK11A1YAJE3NDV,Hitachi HDS722020ALA330,2000398934016,0,,0,,,,,,,,0,,,,,,28912,,,,,,,,,,,,,,,,,,,,,,,,,,,,,,26,,,,,,0,,,,,,,,,,,,,,,,,,,,,,,,,,,,
2013-12-11,9VS40DW6,ST31500341AS,1500301910016,0,,217949689,,,,,,,,2123,,,,,,18390,,,,,,,,,,,,,,,,,,,,,,,,,,,,,,24,,,,,,1,,,,,,,,,,,,,,,,,,,,,,,,,,,,
2013-12-11,JK1171YBK0WHJF,Hitachi HDS722020ALA330,2000398934016,0,,0,,,,,,,,0,,,,,,29018,,,,,,,,,,,,,,,,,,,,,,,,,,,,,,27,,,,,,0,,,,,,,,,,,,,,,,,,,,,,,,,,,,
2013-12-11,S1F0GV0W,ST3000DM001,3000592982016,0,,16598472,,,,,,,,0,,,,,,11722,,,,,,,,,,,,,,,,,,,,,,,,,,,,,,28,,,,,,0,,,,,,,,,,,,,,,,,,,,,,,,,,,,
2013-12-11,JK1170YAJDAP4T,Hitachi HDS722020ALA330,2000398934016,0,,0,,,,,,,,0,,,,,,28681,,,,,,,,,,,,,,,,,,,,,,,,,,,,,,27,,,,,,0,,,,,,,,,,,,,,,,,,,,,,,,,,,,
2013-12-11,JK11A4B8J2J78W,Hitachi HDS722020ALA330,2000398934016,0,,0,,,,,,,,0,,,,,,26010,,,,,,,,,,,,,,,,,,,,,,,,,,,,,,24,,,,,,0,,,,,,,,,,,,,,,,,,,,,,,,,,,,
2013-12-11,PL1311LAG3E8MH,Hitachi HDS5C4040ALE630,4000787030016,0,,0,,,,,,,,0,,,,,,5962,,,,,,,,,,,,,,,,,,,,,,,,,,,,,,18,,,,,,0,,,,,,,,,,,,,,,,,,,,,,,,,,,,
2013-12-11,JK1101B9GBJRWF,Hitachi HDS722020ALA330,2000398934016,0,,0,,,,,,,,0,,,,,,27734,,,,,,,,,,,,,,,,,,,,,,,,,,,,,,24,,,,,,0,,,,,,,,,,,,,,,,,,,,,,,,,,,,
2013-12-11,S1F05WRD,ST3000DM001,3000592982016,0,,233905960,,,,,,,,0,,,,,,14237,,,,,,,,,,,,,,,,,,,,,,,,,,,,,,26,,,,,,16,,,,,,,,,,,,,,,,,,,,,,,,,,,,
2013-12-11,MJ0351YNGA0DSA,Hitachi HDS5C3030ALA630,3000592982016,0,,0,,,,,,,,0,,,,,,9147,,,,,,,,,,,,,,,,,,,,,,,,,,,,,,31,,,,,,0,,,,,,,,,,,,,,,,,,,,,,,,,,,,
2013-12-11,9VS3C2CY,ST31500341AS,1500301910016,0,,215342796,,,,,,,,4,,,,,,18389,,,,,,,,,,,,,,,,,,,,,,,,,,,,,,26,,,,,,0,,,,,,,,,,,,,,,,,,,,,,,,,,,,
2013-12-11,JK11A4B8JR6RYW,Hitachi HDS722020ALA330,2000398934016,0,,0,,,,,,,,0,,,,,,23821,,,,,,,,,,,,,,,,,,,,,,,,,,,,,,36,,,,,,0,,,,,,,,,,,,,,,,,,,,,,,,,,,,
2013-12-11,PL1321LAG329NH,Hitachi HDS5C4040ALE630,4000787030016,0,,0,,,,,,,,0,,,,,,6616,,,,,,,,,,,,,,,,,,,,,,,,,,,,,,27,,,,,,0,,,,,,,,,,,,,,,,,,,,,,,,,,,,
2013-12-11,JK11A8B9J7MLYF,Hitachi HDS722020ALA330,2000398934016,0,,0,,,,,,,,0,,,,,,22300,,,,,,,,,,,,,,,,,,,,,,,,,,,,,,28,,,,,,0,,,,,,,,,,,,,,,,,,,,,,,,,,,,
2013-12-11,Z300WE34,ST4000DM000,4000787030016,0,,217173504,,,,,,,,0,,,,,,613,,,,,,,,,,,,,,,,,,,,,,,,,,,,,,23,,,,,,0,,,,,,,,,,,,,,,,,,,,,,,,,,,,
2013-12-11,MK0301YHGMEUXD,Hitachi HDS723030ALA640,3000592982016,0,,0,,,,,,,,0,,,,,,16682,,,,,,,,,,,,,,,,,,,,,,,,,,,,,,28,,,,,,0,,,,,,,,,,,,,,,,,,,,,,,,,,,,
2013-12-11,JK1104B8JPBYLW,Hitachi HDS722020ALA330,2000398934016,0,,0,,,,,,,,4,,,,,,23579,,,,,,,,,,,,,,,,,,,,,,,,,,,,,,29,,,,,,0,,,,,,,,,,,,,,,,,,,,,,,,,,,,
2013-12-11,Z1F17YTD,ST3000DM001,3000592982016,0,,226973424,,,,,,,,0,,,,,,7635,,,,,,,,,,,,,,,,,,,,,,,,,,,,,,24,,,,,,0,,,,,,,,,,,,,,,,,,,,,,,,,,,,
2013-12-11,WD-WCAWZ1430315,WDC WD30EZRX,3000592982016,0,,0,,,,,,,,0,,,,,,12218,,,,,,,,,,,,,,,,,,,,,,,,,,,,,,23,,,,,,0,,,,,,,,,,,,,,,,,,,,,,,,,,,,
2013-12-11,PL1311LAG2E6NH,Hitachi HDS5C4040ALE630,4000787030016,0,,0,,,,,,,,0,,,,,,7385,,,,,,,,,,,,,,,,,,,,,,,,,,,,,,28,,,,,,0,,,,,,,,,,,,,,,,,,,,,,,,,,,,
2013-12-11,PL1321LAGAVU0H,Hitachi HDS5C4040ALE630,4000787030016,0,,0,,,,,,,,0,,,,,,5052,,,,,,,,,,,,,,,,,,,,,,,,,,,,,,28,,,,,,0,,,,,,,,,,,,,,,,,,,,,,,,,,,,
2013-12-11,9VS3H60W,ST31500341AS,1500301910016,0,,214227972,,,,,,,,13,,,,,,32294,,,,,,,,,,,,,,,,,,,,,,,,,,,,,,31,,,,,,0,,,,,,,,,,,,,,,,,,,,,,,,,,,,
2013-12-11,Z300NP33,ST4000DM000,4000787030016,0,,186393160,,,,,,,,0,,,,,,105,,,,,,,,,,,,,,,,,,,,,,,,,,,,,,20,,,,,,0,,,,,,,,,,,,,,,,,,,,,,,,,,,,
2013-12-11,W1F09ZPP,ST3000DM001,3000592982016,0,,11241400,,,,,,,,0,,,,,,13885,,,,,,,,,,,,,,,,,,,,,,,,,,,,,,22,,,,,,0,,,,,,,,,,,,,,,,,,,,,,,,,,,,
2013-12-11,MK0311YHG3279A,Hitachi HDS723030ALA640,3000592982016,0,,0,,,,,,,,0,,,,,,15266,,,,,,,,,,,,,,,,,,,,,,,,,,,,,,27,,,,,,0,,,,,,,,,,,,,,,,,,,,,,,,,,,,
2013-12-11,PL1311LAG38XPH,Hitachi HDS5C4040ALE630,4000787030016,0,,0,,,,,,,,0,,,,,,5069,,,,,,,,,,,,,,,,,,,,,,,,,,,,,,26,,,,,,0,,,,,,,,,,,,,,,,,,,,,,,,,,,,
2013-12-11,MJ1321YNG0PTZA,Hitachi HDS5C3030ALA630,3000592982016,0,,0,,,,,,,,0,,,,,,19310,,,,,,,,,,,,,,,,,,,,,,,,,,,,,,27,,,,,,0,,,,,,,,,,,,,,,,,,,,,,,,,,,,
2013-12-11,Z290ZT12,ST33000651AS,3000592982016,0,,135449916,,,,,,,,0,,,,,,15916,,,,,,,,,,,,,,,,,,,,,,,,,,,,,,23,,,,,,0,,,,,,,,,,,,,,,,,,,,,,,,,,,,
2013-12-11,S1F0CRDN,ST3000DM001,3000592982016,0,,64591176,,,,,,,,0,,,,,,12420,,,,,,,,,,,,,,,,,,,,,,,,,,,,,,30,,,,,,0,,,,,,,,,,,,,,,,,,,,,,,,,,,,
2013-12-11,JK11A8B9J3SBGF,Hitachi HDS722020ALA330,2000398934016,0,,0,,,,,,,,0,,,,,,23828,,,,,,,,,,,,,,,,,,,,,,,,,,,,,,29,,,,,,0,,,,,,,,,,,,,,,,,,,,,,,,,,,,
2013-12-11,WD-WCAU42423442,WDC WD10EACS,1000204886016,0,,0,,,,,,,,0,,,,,,42826,,,,,,,,,,,,,,,,,,,,,,,,,,,,,,20,,,,,,0,,,,,,,,,,,,,,,,,,,,,,,,,,,,
2013-12-11,MJ1311YNG3KNMA,Hitachi HDS5C3030ALA630,3000592982016,0,,0,,,,,,,,0,,,,,,18940,,,,,,,,,,,,,,,,,,,,,,,,,,,,,,27,,,,,,0,,,,,,,,,,,,,,,,,,,,,,,,,,,,
2013-12-11,S1F0CRDQ,ST3000DM001,3000592982016,0,,60313664,,,,,,,,0,,,,,,12364,,,,,,,,,,,,,,,,,,,,,,,,,,,,,,21,,,,,,0,,,,,,,,,,,,,,,,,,,,,,,,,,,,
2013-12-11,MJ0351YNG9V78A,Hitachi HDS5C3030ALA630,3000592982016,0,,0,,,,,,,,0,,,,,,9672,,,,,,,,,,,,,,,,,,,,,,,,,,,,,,29,,,,,,0,,,,,,,,,,,,,,,,,,,,,,,,,,,,
2013-12-11,Z300MX7H,ST4000DM000,4000787030016,0,,79177888,,,,,,,,0,,,,,,2921,,,,,,,,,,,,,,,,,,,,,,,,,,,,,,22,,,,,,0,,,,,,,,,,,,,,,,,,,,,,,,,,,,
2013-12-11,MJ1311YNG4K6AA,Hitachi HDS5C3030ALA630,3000592982016,0,,0,,,,,,,,0,,,,,,7323,,,,,,,,,,,,,,,,,,,,,,,,,,,,,,23,,,,,,0,,,,,,,,,,,,,,,,,,,,,,,,,,,,
2013-12-11,PL1311LAG3DTWH,Hitachi HDS5C4040ALE630,4000787030016,0,,0,,,,,,,,0,,,,,,5959,,,,,,,,,,,,,,,,,,,,,,,,,,,,,,16,,,,,,0,,,,,,,,,,,,,,,,,,,,,,,,,,,,
2013-12-11,JK11A8B9J3B68F,Hitachi HDS722020ALA330,2000398934016,0,,0,,,,,,,,0,,,,,,24400,,,,,,,,,,,,,,,,,,,,,,,,,,,,,,32,,,,,,0,,,,,,,,,,,,,,,,,,,,,,,,,,,,
2013-12-11,JK11A8B9J49LGF,Hitachi HDS722020ALA330,2000398934016,0,,0,,,,,,,,0,,,,,,25120,,,,,,,,,,,,,,,,,,,,,,,,,,,,,,35,,,,,,0,,,,,,,,,,,,,,,,,,,,,,,,,,,,
2013-12-11,JK11A8B9J7ZWKF,Hitachi HDS722020ALA330,2000398934016,0,,0,,,,,,,,0,,,,,,25120,,,,,,,,,,,,,,,,,,,,,,,,,,,,,,30,,,,,,0,,,,,,,,,,,,,,,,,,,,,,,,,,,,
2013-12-11,JK1105B8GEU6VX,Hitachi HDS722020ALA330,2000398934016,0,,0,,,,,,,,0,,,,,,27221,,,,,,,,,,,,,,,,,,,,,,,,,,,,,,32,,,,,,0,,,,,,,,,,,,,,,,,,,,,,,,,,,,
2013-12-11,JK11A4B8HX802W,Hitachi HDS722020ALA330,2000398934016,0,,0,,,,,,,,0,,,,,,26025,,,,,,,,,,,,,,,,,,,,,,,,,,,,,,28,,,,,,0,,,,,,,,,,,,,,,,,,,,,,,,,,,,
2013-12-11,JK11A8B9J95XGF,Hitachi HDS722020ALA330,2000398934016,0,,0,,,,,,,,2,,,,,,24495,,,,,,,,,,,,,,,,,,,,,,,,,,,,,,25,,,,,,0,,,,,,,,,,,,,,,,,,,,,,,,,,,,
2013-12-11,MJ1321YNG0KDBA,Hitachi HDS5C3030ALA630,3000592982016,0,,0,,,,,,,,0,,,,,,20509,,,,,,,,,,,,,,,,,,,,,,,,,,,,,,24,,,,,,0,,,,,,,,,,,,,,,,,,,,,,,,,,,,
2013-12-11,S1F06KB8,ST3000DM001,3000592982016,0,,221699920,,,,,,,,0,,,,,,13362,,,,,,,,,,,,,,,,,,,,,,,,,,,,,,24,,,,,,8,,,,,,,,,,,,,,,,,,,,,,,,,,,,
2013-12-11,MJ0351YNGA8NYA,Hitachi HDS5C3030ALA630,3000592982016,0,,0,,,,,,,,0,,,,,,8615,,,,,,,,,,,,,,,,,,,,,,,,,,,,,,29,,,,,,0,,,,,,,,,,,,,,,,,,,,,,,,,,,,
2013-12-11,MK0311YHGLKB2D,Hitachi HDS723030ALA640,3000592982016,0,,0,,,,,,,,0,,,,,,17018,,,,,,,,,,,,,,,,,,,,,,,,,,,,,,28,,,,,,0,,,,,,,,,,,,,,,,,,,,,,,,,,,,
2013-12-11,9VS1GB1T,ST31500341AS,1500301910016,0,,133899492,,,,,,,,10,,,,,,40404,,,,,,,,,,,,,,,,,,,,,,,,,,,,,,30,,,,,,0,,,,,,,,,,,,,,,,,,,,,,,,,,,,
2013-12-11,WD-WCAWZ1323612,WDC WD30EZRX,3000592982016,0,,146,,,,,,,,0,,,,,,17605,,,,,,,,,,,,,,,,,,,,,,,,,,,,,,22,,,,,,1,,,,,,,,,,,,,,,,,,,,,,,,,,,,
2013-12-11,S1F06TER,ST3000DM001,3000592982016,0,,64800744,,,,,,,,0,,,,,,13359,,,,,,,,,,,,,,,,,,,,,,,,,,,,,,25,,,,,,0,,,,,,,,,,,,,,,,,,,,,,,,,,,,
2013-12-11,Z1F156MQ,ST3000DM001,3000592982016,0,,143816456,,,,,,,,0,,,,,,7994,,,,,,,,,,,,,,,,,,,,,,,,,,,,,,19,,,,,,0,,,,,,,,,,,,,,,,,,,,,,,,,,,,
2013-12-11,WD-WCAV5D983089,WDC WD10EADS,1000204886016,0,,12,,,,,,,,0,,,,,,12415,,,,,,,,,,,,,,,,,,,,,,,,,,,,,,29,,,,,,0,,,,,,,,,,,,,,,,,,,,,,,,,,,,
2013-12-11,W1F0348Y,ST3000DM001,3000592982016,0,,117596096,,,,,,,,0,,,,,,14212,,,,,,,,,,,,,,,,,,,,,,,,,,,,,,25,,,,,,0,,,,,,,,,,,,,,,,,,,,,,,,,,,,
2013-12-11,5XW1XT6E,ST32000542AS,2000398934016,0,,180103394,,,,,,,,0,,,,,,7816,,,,,,,,,,,,,,,,,,,,,,,,,,,,,,20,,,,,,0,,,,,,,,,,,,,,,,,,,,,,,,,,,,
2013-12-11,MJ0351YNGA0G9A,Hitachi HDS5C3030ALA630,3000592982016,0,,0,,,,,,,,0,,,,,,8547,,,,,,,,,,,,,,,,,,,,,,,,,,,,,,25,,,,,,0,,,,,,,,,,,,,,,,,,,,,,,,,,,,
2013-12-11,S1F0TQED,ST3000DM001,3000592982016,0,,12178560,,,,,,,,0,,,,,,10720,,,,,,,,,,,,,,,,,,,,,,,,,,,,,,23,,,,,,0,,,,,,,,,,,,,,,,,,,,,,,,,,,,
2013-12-11,MJ1311YNG01S7A,Hitachi HDS5C3030ALA630,3000592982016,0,,0,,,,,,,,0,,,,,,14310,,,,,,,,,,,,,,,,,,,,,,,,,,,,,,25,,,,,,0,,,,,,,,,,,,,,,,,,,,,,,,,,,,
2013-12-11,S1F0TQEJ,ST3000DM001,3000592982016,0,,239412824,,,,,,,,0,,,,,,10760,,,,,,,,,,,,,,,,,,,,,,,,,,,,,,27,,,,,,0,,,,,,,,,,,,,,,,,,,,,,,,,,,,
2013-12-11,MJ0351YNG9UALA,Hitachi HDS5C3030ALA630,3000592982016,0,,0,,,,,,,,0,,,,,,9913,,,,,,,,,,,,,,,,,,,,,,,,,,,,,,35,,,,,,0,,,,,,,,,,,,,,,,,,,,,,,,,,,,
2013-12-11,9VS3HVZ5,ST31500341AS,1500301910016,0,,97145741,,,,,,,,19,,,,,,32294,,,,,,,,,,,,,,,,,,,,,,,,,,,,,,25,,,,,,0,,,,,,,,,,,,,,,,,,,,,,,,,,,,
2013-12-11,5XW06CWM,ST31500541AS,1500301910016,0,,57521044,,,,,,,,0,,,,,,33051,,,,,,,,,,,,,,,,,,,,,,,,,,,,,,20,,,,,,0,,,,,,,,,,,,,,,,,,,,,,,,,,,,
2013-12-11,WD-WCAU47317243,WDC WD10EADS,1000204886016,0,,0,,,,,,,,0,,,,,,40804,,,,,,,,,,,,,,,,,,,,,,,,,,,,,,31,,,,,,0,,,,,,,,,,,,,,,,,,,,,,,,,,,,
2013-12-11,JK11A8B9J252HF,Hitachi HDS722020ALA330,2000398934016,0,,131072,,,,,,,,0,,,,,,23829,,,,,,,,,,,,,,,,,,,,,,,,,,,,,,30,,,,,,0,,,,,,,,,,,,,,,,,,,,,,,,,,,,
2013-12-11,JK11A8B9J76KPF,Hitachi HDS722020ALA330,2000398934016,0,,0,,,,,,,,0,,,,,,25584,,,,,,,,,,,,,,,,,,,,,,,,,,,,,,28,,,,,,0,,,,,,,,,,,,,,,,,,,,,,,,,,,,
2013-12-11,MJ1311YNG2ZDBA,Hitachi HDS5C3030ALA630,3000592982016,0,,0,,,,,,,,0,,,,,,18592,,,,,,,,,,,,,,,,,,,,,,,,,,,,,,25,,,,,,0,,,,,,,,,,,,,,,,,,,,,,,,,,,,
2013-12-11,PL1331LAGBAS9H,Hitachi HDS5C4040ALE630,4000787030016,0,,0,,,,,,,,0,,,,,,5052,,,,,,,,,,,,,,,,,,,,,,,,,,,,,,28,,,,,,0,,,,,,,,,,,,,,,,,,,,,,,,,,,,
2013-12-11,PL1321LAG33Y2H,Hitachi HDS5C4040ALE630,4000787030016,0,,0,,,,,,,,0,,,,,,6616,,,,,,,,,,,,,,,,,,,,,,,,,,,,,,27,,,,,,0,,,,,,,,,,,,,,,,,,,,,,,,,,,,
2013-12-11,JK11A8B9J765DF,Hitachi HDS722020ALA330,2000398934016,0,,0,,,,,,,,0,,,,,,22696,,,,,,,,,,,,,,,,,,,,,,,,,,,,,,25,,,,,,0,,,,,,,,,,,,,,,,,,,,,,,,,,,,
2013-12-11,MJ0351YNG9XW9A,Hitachi HDS5C3030ALA630,3000592982016,0,,0,,,,,,,,0,,,,,,9475,,,,,,,,,,,,,,,,,,,,,,,,,,,,,,27,,,,,,0,,,,,,,,,,,,,,,,,,,,,,,,,,,,
2013-12-11,PL1311LAG3AUGH,Hitachi HDS5C4040ALE630,4000787030016,0,,0,,,,,,,,0,,,,,,6570,,,,,,,,,,,,,,,,,,,,,,,,,,,,,,31,,,,,,0,,,,,,,,,,,,,,,,,,,,,,,,,,,,
2013-12-11,9XW01RTV,ST31500541AS,1500301910016,0,,176295301,,,,,,,,0,,,,,,34324,,,,,,,,,,,,,,,,,,,,,,,,,,,,,,19,,,,,,0,,,,,,,,,,,,,,,,,,,,,,,,,,,,
2013-12-11,9XK0DXHL,ST33000651AS,3000592982016,0,,234000363,,,,,,,,0,,,,,,13589,,,,,,,,,,,,,,,,,,,,,,,,,,,,,,23,,,,,,0,,,,,,,,,,,,,,,,,,,,,,,,,,,,
2013-12-11,9XW01RTZ,ST31500541AS,1500301910016,0,,39853409,,,,,,,,0,,,,,,34326,,,,,,,,,,,,,,,,,,,,,,,,,,,,,,21,,,,,,0,,,,,,,,,,,,,,,,,,,,,,,,,,,,
2013-12-11,Z3005QFE,ST4000DM000,4000787030016,0,,81880000,,,,,,,,0,,,,,,2889,,,,,,,,,,,,,,,,,,,,,,,,,,,,,,26,,,,,,0,,,,,,,,,,,,,,,,,,,,,,,,,,,,
2013-12-11,S1F0CWT0,ST3000DM001,3000592982016,0,,205184488,,,,,,,,0,,,,,,12359,,,,,,,,,,,,,,,,,,,,,,,,,,,,,,21,,,,,,0,,,,,,,,,,,,,,,,,,,,,,,,,,,,
2013-12-11,5XW03NG3,ST31500541AS,1500301910016,0,,182855215,,,,,,,,0,,,,,,36534,,,,,,,,,,,,,,,,,,,,,,,,,,,,,,24,,,,,,0,,,,,,,,,,,,,,,,,,,,,,,,,,,,
2013-12-11,JK11A8B9J7HTPF,Hitachi HDS722020ALA330,2000398934016,0,,0,,,,,,,,0,,,,,,22300,,,,,,,,,,,,,,,,,,,,,,,,,,,,,,28,,,,,,0,,,,,,,,,,,,,,,,,,,,,,,,,,,,
2013-12-11,MK0301YHGLZZ1A,Hitachi HDS723030ALA640,3000592982016,0,,0,,,,,,,,0,,,,,,17012,,,,,,,,,,,,,,,,,,,,,,,,,,,,,,31,,,,,,0,,,,,,,,,,,,,,,,,,,,,,,,,,,,
2013-12-11,WD-WCAU47196869,WDC WD10EADS,1000204886016,0,,3,,,,,,,,0,,,,,,40887,,,,,,,,,,,,,,,,,,,,,,,,,,,,,,31,,,,,,0,,,,,,,,,,,,,,,,,,,,,,,,,,,,
2013-12-11,W300CYAM,ST4000DM000,4000787030016,0,,116899392,,,,,,,,0,,,,,,4042,,,,,,,,,,,,,,,,,,,,,,,,,,,,,,23,,,,,,0,,,,,,,,,,,,,,,,,,,,,,,,,,,,
2013-12-11,WD-WCAU47196865,WDC WD10EADS,1000204886016,0,,5,,,,,,,,0,,,,,,40829,,,,,,,,,,,,,,,,,,,,,,,,,,,,,,34,,,,,,0,,,,,,,,,,,,,,,,,,,,,,,,,,,,
2013-12-11,PL1311LAG3AEZH,Hitachi HDS5C4040ALE630,4000787030016,0,,0,,,,,,,,0,,,,,,6641,,,,,,,,,,,,,,,,,,,,,,,,,,,,,,25,,,,,,0,,,,,,,,,,,,,,,,,,,,,,,,,,,,
2013-12-11,S1F0BH7J,ST3000DM001,3000592982016,0,,203094320,,,,,,,,0,,,,,,12396,,,,,,,,,,,,,,,,,,,,,,,,,,,,,,25,,,,,,128,,,,,,,,,,,,,,,,,,,,,,,,,,,,
2013-12-11,Z300WC2E,ST4000DM000,4000787030016,0,,230454376,,,,,,,,0,,,,,,923,,,,,,,,,,,,,,,,,,,,,,,,,,,,,,27,,,,,,0,,,,,,,,,,,,,,,,,,,,,,,,,,,,
2013-12-11,Z300XH3B,ST4000DM000,4000787030016,0,,70894864,,,,,,,,0,,,,,,945,,,,,,,,,,,,,,,,,,,,,,,,,,,,,,21,,,,,,0,,,,,,,,,,,,,,,,,,,,,,,,,,,,
2013-12-11,MJ0351YNG9XP2A,Hitachi HDS5C3030ALA630,3000592982016,0,,0,,,,,,,,0,,,,,,8619,,,,,,,,,,,,,,,,,,,,,,,,,,,,,,31,,,,,,0,,,,,,,,,,,,,,,,,,,,,,,,,,,,
2013-12-11,Z300XH3H,ST4000DM000,4000787030016,0,,212027648,,,,,,,,0,,,,,,919,,,,,,,,,,,,,,,,,,,,,,,,,,,,,,22,,,,,,0,,,,,,,,,,,,,,,,,,,,,,,,,,,,
2013-12-11,13H80PNGS,TOSHIBA DT01ACA300,3000592982016,0,,0,,,,,,,,0,,,,,,2502,,,,,,,,,,,,,,,,,,,,,,,,,,,,,,26,,,,,,0,,,,,,,,,,,,,,,,,,,,,,,,,,,,
2013-12-11,W300BLQG,ST4000DM000,4000787030016,0,,83980512,,,,,,,,0,,,,,,4042,,,,,,,,,,,,,,,,,,,,,,,,,,,,,,23,,,,,,0,,,,,,,,,,,,,,,,,,,,,,,,,,,,
2013-12-11,Z300KC7A,ST4000DM000,4000787030016,0,,118075856,,,,,,,,0,,,,,,2243,,,,,,,,,,,,,,,,,,,,,,,,,,,,,,20,,,,,,0,,,,,,,,,,,,,,,,,,,,,,,,,,,,
2013-12-11,6XW0E38X,ST31500541AS,1500301910016,0,,165847924,,,,,,,,0,,,,,,32644,,,,,,,,,,,,,,,,,,,,,,,,,,,,,,20,,,,,,0,,,,,,,,,,,,,,,,,,,,,,,,,,,,
2013-12-11,MJ1311YNG7EPHA,Hitachi HDS5C3030ALA630,3000592982016,0,,0,,,,,,,,0,,,,,,14620,,,,,,,,,,,,,,,,,,,,,,,,,,,,,,22,,,,,,0,,,,,,,,,,,,,,,,,,,,,,,,,,,,
2013-12-11,JK11A5B8J369HX,Hitachi HDS722020ALA330,2000398934016,0,,0,,,,,,,,0,,,,,,23820,,,,,,,,,,,,,,,,,,,,,,,,,,,,,,27,,,,,,0,,,,,,,,,,,,,,,,,,,,,,,,,,,,
2013-12-11,Z300W5AL,ST4000DM000,4000787030016,0,,36285104,,,,,,,,0,,,,,,918,,,,,,,,,,,,,,,,,,,,,,,,,,,,,,22,,,,,,0,,,,,,,,,,,,,,,,,,,,,,,,,,,,
2013-12-11,6XW02CD6,ST31500541AS,1500301910016,0,,206234004,,,,,,,,0,,,,,,37158,,,,,,,,,,,,,,,,,,,,,,,,,,,,,,22,,,,,,0,,,,,,,,,,,,,,,,,,,,,,,,,,,,
2013-12-11,Z300JAE2,ST4000DM000,4000787030016,0,,28545008,,,,,,,,0,,,,,,2218,,,,,,,,,,,,,,,,,,,,,,,,,,,,,,22,,,,,,0,,,,,,,,,,,,,,,,,,,,,,,,,,,,
2013-12-11,JK1171YAK1X8TN,Hitachi HDS722020ALA330,2000398934016,0,,262154,,,,,,,,1,,,,,,29668,,,,,,,,,,,,,,,,,,,,,,,,,,,,,,30,,,,,,0,,,,,,,,,,,,,,,,,,,,,,,,,,,,
2013-12-11,JK1171YAK1ZK2N,Hitachi HDS722020ALA330,2000398934016,0,,1,,,,,,,,0,,,,,,29668,,,,,,,,,,,,,,,,,,,,,,,,,,,,,,33,,,,,,0,,,,,,,,,,,,,,,,,,,,,,,,,,,,
2013-12-11,W1F09GX1,ST3000DM001,3000592982016,0,,37905576,,,,,,,,0,,,,,,14731,,,,,,,,,,,,,,,,,,,,,,,,,,,,,,26,,,,,,0,,,,,,,,,,,,,,,,,,,,,,,,,,,,
2013-12-11,6XW037YG,ST31500541AS,1500301910016,0,,177277626,,,,,,,,0,,,,,,35784,,,,,,,,,,,,,,,,,,,,,,,,,,,,,,20,,,,,,0,,,,,,,,,,,,,,,,,,,,,,,,,,,,
2013-12-11,STF605MH1MMNHW,Hitachi HDT721010SLA360,1000204886016,0,,14024899,,,,,,,,0,,,,,,40586,,,,,,,,,,,,,,,,,,,,,,,,,,,,,,26,,,,,,1,,,,,,,,,,,,,,,,,,,,,,,,,,,,
2013-12-11,MJ1323YNG1RM5C,Hitachi HDS5C3030ALA630,3000592982016,0,,131072,,,,,,,,0,,,,,,20079,,,,,,,,,,,,,,,,,,,,,,,,,,,,,,34,,,,,,0,,,,,,,,,,,,,,,,,,,,,,,,,,,,
2013-12-11,6XW037YJ,ST31500541AS,1500301910016,0,,226089776,,,,,,,,0,,,,,,36430,,,,,,,,,,,,,,,,,,,,,,,,,,,,,,20,,,,,,0,,,,,,,,,,,,,,,,,,,,,,,,,,,,
2013-12-11,MJ1311YNG25PVA,Hitachi HDS5C3030ALA630,3000592982016,0,,0,,,,,,,,0,,,,,,10279,,,,,,,,,,,,,,,,,,,,,,,,,,,,,,29,,,,,,0,,,,,,,,,,,,,,,,,,,,,,,,,,,,
2013-12-11,W300B0EN,ST4000DM000,4000787030016,0,,79312976,,,,,,,,0,,,,,,4160,,,,,,,,,,,,,,,,,,,,,,,,,,,,,,24,,,,,,0,,,,,,,,,,,,,,,,,,,,,,,,,,,,
2013-12-11,S1F094RQ,ST3000DM001,3000592982016,0,,37232352,,,,,,,,0,,,,,,12417,,,,,,,,,,,,,,,,,,,,,,,,,,,,,,27,,,,,,0,,,,,,,,,,,,,,,,,,,,,,,,,,,,
2013-12-11,MJ1311YNG349NA,Hitachi HDS5C3030ALA630,3000592982016,0,,0,,,,,,,,0,,,,,,18315,,,,,,,,,,,,,,,,,,,,,,,,,,,,,,22,,,,,,0,,,,,,,,,,,,,,,,,,,,,,,,,,,,
2013-12-11,W1F0A020,ST3000DM001,3000592982016,0,,116220288,,,,,,,,0,,,,,,13913,,,,,,,,,,,,,,,,,,,,,,,,,,,,,,24,,,,,,8,,,,,,,,,,,,,,,,,,,,,,,,,,,,
2013-12-11,JK11A8B9J901RF,Hitachi HDS722020ALA330,2000398934016,0,,0,,,,,,,,0,,,,,,24983,,,,,,,,,,,,,,,,,,,,,,,,,,,,,,29,,,,,,0,,,,,,,,,,,,,,,,,,,,,,,,,,,,
2013-12-11,MJ1311YNG2XE7A,Hitachi HDS5C3030ALA630,3000592982016,0,,0,,,,,,,,0,,,,,,18065,,,,,,,,,,,,,,,,,,,,,,,,,,,,,,24,,,,,,0,,,,,,,,,,,,,,,,,,,,,,,,,,,,
2013-12-11,S1F039VQ,ST3000DM001,3000592982016,0,,194960984,,,,,,,,0,,,,,,13343,,,,,,,,,,,,,,,,,,,,,,,,,,,,,,29,,,,,,0,,,,,,,,,,,,,,,,,,,,,,,,,,,,
2013-12-11,PL1331LAG5AWTH,HGST HMS5C4040ALE640,4000787030016,0,,0,,,,,,,,0,,,,,,9401,,,,,,,,,,,,,,,,,,,,,,,,,,,,,,30,,,,,,0,,,,,,,,,,,,,,,,,,,,,,,,,,,,
2013-12-11,JK11A8YBKXXX0F,Hitachi HDS722020ALA330,2000398934016,0,,65537,,,,,,,,0,,,,,,27871,,,,,,,,,,,,,,,,,,,,,,,,,,,,,,22,,,,,,0,,,,,,,,,,,,,,,,,,,,,,,,,,,,
2013-12-11,JK1105B8GE193X,Hitachi HDS722020ALA330,2000398934016,0,,131074,,,,,,,,0,,,,,,27160,,,,,,,,,,,,,,,,,,,,,,,,,,,,,,31,,,,,,0,,,,,,,,,,,,,,,,,,,,,,,,,,,,
2013-12-11,6XW0W29T,ST31500541AS,1500301910016,0,,10156600,,,,,,,,0,,,,,,31558,,,,,,,,,,,,,,,,,,,,,,,,,,,,,,29,,,,,,0,,,,,,,,,,,,,,,,,,,,,,,,,,,,
2013-12-11,JK11A8B9J860PF,Hitachi HDS722020ALA330,2000398934016,0,,0,,,,,,,,0,,,,,,26024,,,,,,,,,,,,,,,,,,,,,,,,,,,,,,27,,,,,,0,,,,,,,,,,,,,,,,,,,,,,,,,,,,
2013-12-11,MK0301YHGLW7YA,Hitachi HDS723030ALA640,3000592982016,0,,0,,,,,,,,0,,,,,,17010,,,,,,,,,,,,,,,,,,,,,,,,,,,,,,30,,,,,,0,,,,,,,,,,,,,,,,,,,,,,,,,,,,
2013-12-11,S1F0Y6BM,ST3000DM001,3000592982016,0,,147266088,,,,,,,,0,,,,,,7992,,,,,,,,,,,,,,,,,,,,,,,,,,,,,,17,,,,,,0,,,,,,,,,,,,,,,,,,,,,,,,,,,,
2013-12-11,W1F0APDZ,ST3000DM001,3000592982016,0,,133774232,,,,,,,,0,,,,,,13340,,,,,,,,,,,,,,,,,,,,,,,,,,,,,,28,,,,,,0,,,,,,,,,,,,,,,,,,,,,,,,,,,,
2013-12-11,MJ1311YNG6YHZA,Hitachi HDS5C3030ALA630,3000592982016,0,,0,,,,,,,,0,,,,,,14574,,,,,,,,,,,,,,,,,,,,,,,,,,,,,,25,,,,,,0,,,,,,,,,,,,,,,,,,,,,,,,,,,,
2013-12-11,Z1Z06JGJ,ST4000DX000,4000787030016,0,,121501596,,,,,,,,0,,,,,,5078,,,,,,,,,,,,,,,,,,,,,,,,,,,,,,29,,,,,,0,,,,,,,,,,,,,,,,,,,,,,,,,,,,
2013-12-11,W1F0APDN,ST3000DM001,3000592982016,0,,68753320,,,,,,,,0,,,,,,13820,,,,,,,,,,,,,,,,,,,,,,,,,,,,,,25,,,,,,0,,,,,,,,,,,,,,,,,,,,,,,,,,,,
2013-12-11,W300D4N7,ST4000DM000,4000787030016,0,,166756416,,,,,,,,0,,,,,,4140,,,,,,,,,,,,,,,,,,,,,,,,,,,,,,24,,,,,,0,,,,,,,,,,,,,,,,,,,,,,,,,,,,
2013-12-11,JK11A8B9J7EHZF,Hitachi HDS722020ALA330,2000398934016,0,,0,,,,,,,,0,,,,,,22695,,,,,,,,,,,,,,,,,,,,,,,,,,,,,,27,,,,,,0,,,,,,,,,,,,,,,,,,,,,,,,,,,,
2013-12-11,W300BV6J,ST4000DM000,4000787030016,0,,45148968,,,,,,,,0,,,,,,2248,,,,,,,,,,,,,,,,,,,,,,,,,,,,,,23,,,,,,0,,,,,,,,,,,,,,,,,,,,,,,,,,,,
2013-12-11,W300D4NZ,ST4000DM000,4000787030016,0,,77822712,,,,,,,,0,,,,,,4353,,,,,,,,,,,,,,,,,,,,,,,,,,,,,,26,,,,,,0,,,,,,,,,,,,,,,,,,,,,,,,,,,,
2013-12-11,JK1105B8GEDDWX,Hitachi HDS722020ALA330,2000398934016,0,,65536,,,,,,,,0,,,,,,27212,,,,,,,,,,,,,,,,,,,,,,,,,,,,,,27,,,,,,0,,,,,,,,,,,,,,,,,,,,,,,,,,,,
2013-12-11,WD-WCAWZ0488019,WDC WD30EZRX,3000592982016,0,,3,,,,,,,,0,,,,,,17009,,,,,,,,,,,,,,,,,,,,,,,,,,,,,,23,,,,,,20,,,,,,,,,,,,,,,,,,,,,,,,,,,,
2013-12-11,WD-WMAWZ0318049,WDC WD30EZRX,3000592982016,0,,0,,,,,,,,0,,,,,,12704,,,,,,,,,,,,,,,,,,,,,,,,,,,,,,22,,,,,,0,,,,,,,,,,,,,,,,,,,,,,,,,,,,
2013-12-11,S1F089TN,ST3000DM001,3000592982016,0,,129948528,,,,,,,,224,,,,,,12344,,,,,,,,,,,,,,,,,,,,,,,,,,,,,,21,,,,,,0,,,,,,,,,,,,,,,,,,,,,,,,,,,,
2013-12-11,6XW02W6V,ST31500541AS,1500301910016,0,,92942877,,,,,,,,0,,,,,,36451,,,,,,,,,,,,,,,,,,,,,,,,,,,,,,19,,,,,,0,,,,,,,,,,,,,,,,,,,,,,,,,,,,
2013-12-11,6XW09NEC,ST31500541AS,1500301910016,0,,84968019,,,,,,,,0,,,,,,19437,,,,,,,,,,,,,,,,,,,,,,,,,,,,,,21,,,,,,0,,,,,,,,,,,,,,,,,,,,,,,,,,,,
2013-12-11,Z300CXBQ,ST4000DM000,4000787030016,0,,52798056,,,,,,,,0,,,,,,2219,,,,,,,,,,,,,,,,,,,,,,,,,,,,,,24,,,,,,0,,,,,,,,,,,,,,,,,,,,,,,,,,,,
2013-12-11,PL1311LAG2H5UA,Hitachi HDS5C4040ALE630,4000787030016,0,,0,,,,,,,,0,,,,,,6654,,,,,,,,,,,,,,,,,,,,,,,,,,,,,,21,,,,,,0,,,,,,,,,,,,,,,,,,,,,,,,,,,,
2013-12-11,W1F1CL8Q,ST3000DM001,3000592982016,0,,169373416,,,,,,,,0,,,,,,8128,,,,,,,,,,,,,,,,,,,,,,,,,,,,,,24,,,,,,0,,,,,,,,,,,,,,,,,,,,,,,,,,,,
2013-12-11,JK11A8B9J8079F,Hitachi HDS722020ALA330,2000398934016,0,,0,,,,,,,,0,,,,,,25119,,,,,,,,,,,,,,,,,,,,,,,,,,,,,,30,,,,,,0,,,,,,,,,,,,,,,,,,,,,,,,,,,,
2013-12-11,MJ0351YNG9VS2A,Hitachi HDS5C3030ALA630,3000592982016,0,,0,,,,,,,,0,,,,,,9941,,,,,,,,,,,,,,,,,,,,,,,,,,,,,,26,,,,,,0,,,,,,,,,,,,,,,,,,,,,,,,,,,,
2013-12-11,W1F0NVBN,ST3000DM001,3000592982016,0,,138642200,,,,,,,,0,,,,,,11608,,,,,,,,,,,,,,,,,,,,,,,,,,,,,,32,,,,,,0,,,,,,,,,,,,,,,,,,,,,,,,,,,,
2013-12-11,MJ0351YNGA76BA,Hitachi HDS5C3030ALA630,3000592982016,0,,0,,,,,,,,0,,,,,,8330,,,,,,,,,,,,,,,,,,,,,,,,,,,,,,34,,,,,,0,,,,,,,,,,,,,,,,,,,,,,,,,,,,
2013-12-11,JK11A8B9J34E5F,Hitachi HDS722020ALA330,2000398934016,0,,0,,,,,,,,0,,,,,,23829,,,,,,,,,,,,,,,,,,,,,,,,,,,,,,29,,,,,,0,,,,,,,,,,,,,,,,,,,,,,,,,,,,
2013-12-11,S1F0212N,ST3000DM001,3000592982016,0,,188809112,,,,,,,,0,,,,,,14233,,,,,,,,,,,,,,,,,,,,,,,,,,,,,,20,,,,,,0,,,,,,,,,,,,,,,,,,,,,,,,,,,,
2013-12-11,MK0311YHGDX3KA,Hitachi HDS723030ALA640,3000592982016,0,,2,,,,,,,,0,,,,,,21458,,,,,,,,,,,,,,,,,,,,,,,,,,,,,,26,,,,,,0,,,,,,,,,,,,,,,,,,,,,,,,,,,,
2013-12-11,JK11A8B9J6S7WF,Hitachi HDS722020ALA330,2000398934016,0,,1,,,,,,,,0,,,,,,22686,,,,,,,,,,,,,,,,,,,,,,,,,,,,,,25,,,,,,0,,,,,,,,,,,,,,,,,,,,,,,,,,,,
2013-12-11,9XK03VX5,ST33000651AS,3000592982016,0,,19058454,,,,,,,,0,,,,,,16729,,,,,,,,,,,,,,,,,,,,,,,,,,,,,,24,,,,,,0,,,,,,,,,,,,,,,,,,,,,,,,,,,,
2013-12-11,9VS1GDG0,ST31500341AS,1500301910016,0,,150096090,,,,,,,,2449,,,,,,40406,,,,,,,,,,,,,,,,,,,,,,,,,,,,,,27,,,,,,0,,,,,,,,,,,,,,,,,,,,,,,,,,,,
2013-12-11,MJ1311YNG32JWA,Hitachi HDS5C3030ALA630,3000592982016,0,,0,,,,,,,,0,,,,,,18067,,,,,,,,,,,,,,,,,,,,,,,,,,,,,,24,,,,,,0,,,,,,,,,,,,,,,,,,,,,,,,,,,,
2013-12-11,W300BJ8J,ST4000DM000,4000787030016,0,,36383312,,,,,,,,0,,,,,,4189,,,,,,,,,,,,,,,,,,,,,,,,,,,,,,26,,,,,,0,,,,,,,,,,,,,,,,,,,,,,,,,,,,
2013-12-11,W30065SK,ST4000DM000,4000787030016,0,,161466752,,,,,,,,0,,,,,,2611,,,,,,,,,,,,,,,,,,,,,,,,,,,,,,22,,,,,,0,,,,,,,,,,,,,,,,,,,,,,,,,,,,
2013-12-11,9XW023G8,ST31500541AS,1500301910016,0,,147576856,,,,,,,,0,,,,,,35757,,,,,,,,,,,,,,,,,,,,,,,,,,,,,,19,,,,,,0,,,,,,,,,,,,,,,,,,,,,,,,,,,,
2013-12-11,JK1130YAHDGEUT,Hitachi HDS722020ALA330,2000398934016,0,,65536,,,,,,,,1,,,,,,30172,,,,,,,,,,,,,,,,,,,,,,,,,,,,,,30,,,,,,0,,,,,,,,,,,,,,,,,,,,,,,,,,,,
2013-12-11,W300BJ8Y,ST4000DM000,4000787030016,0,,80065960,,,,,,,,0,,,,,,4160,,,,,,,,,,,,,,,,,,,,,,,,,,,,,,25,,,,,,0,,,,,,,,,,,,,,,,,,,,,,,,,,,,
2013-12-11,W1F0A4QD,ST3000DM001,3000592982016,0,,160458656,,,,,,,,0,,,,,,14710,,,,,,,,,,,,,,,,,,,,,,,,,,,,,,26,,,,,,0,,,,,,,,,,,,,,,,,,,,,,,,,,,,
2013-12-11,W300BJ8W,ST4000DM000,4000787030016,0,,199401680,,,,,,,,0,,,,,,4189,,,,,,,,,,,,,,,,,,,,,,,,,,,,,,25,,,,,,0,,,,,,,,,,,,,,,,,,,,,,,,,,,,
2013-12-11,JK1101B8JMWMKZ,Hitachi HDS722020ALA330,2000398934016,0,,65536,,,,,,,,0,,,,,,23992,,,,,,,,,,,,,,,,,,,,,,,,,,,,,,32,,,,,,0,,,,,,,,,,,,,,,,,,,,,,,,,,,,
2013-12-11,JK11A4B8J7RT1W,Hitachi HDS722020ALA330,2000398934016,0,,65536,,,,,,,,0,,,,,,25125,,,,,,,,,,,,,,,,,,,,,,,,,,,,,,28,,,,,,0,,,,,,,,,,,,,,,,,,,,,,,,,,,,
2013-12-11,JK11A8B9J1K4PF,Hitachi HDS722020ALA330,2000398934016,0,,0,,,,,,,,0,,,,,,23710,,,,,,,,,,,,,,,,,,,,,,,,,,,,,,32,,,,,,0,,,,,,,,,,,,,,,,,,,,,,,,,,,,
2013-12-11,MK0311YHGKM8VA,Hitachi HDS723030ALA640,3000592982016,0,,0,,,,,,,,0,,,,,,14732,,,,,,,,,,,,,,,,,,,,,,,,,,,,,,29,,,,,,0,,,,,,,,,,,,,,,,,,,,,,,,,,,,
2013-12-11,JK11A8B9J75EVF,Hitachi HDS722020ALA330,2000398934016,0,,1,,,,,,,,0,,,,,,22687,,,,,,,,,,,,,,,,,,,,,,,,,,,,,,22,,,,,,0,,,,,,,,,,,,,,,,,,,,,,,,,,,,
2013-12-11,9VS2A1HH,ST31500341AS,1500301910016,0,,122382704,,,,,,,,182,,,,,,38664,,,,,,,,,,,,,,,,,,,,,,,,,,,,,,20,,,,,,0,,,,,,,,,,,,,,,,,,,,,,,,,,,,
2013-12-11,Z300NQQ7,ST4000DM000,4000787030016,0,,199673800,,,,,,,,0,,,,,,1233,,,,,,,,,,,,,,,,,,,,,,,,,,,,,,21,,,,,,0,,,,,,,,,,,,,,,,,,,,,,,,,,,,
2013-12-11,Z290VC2Q,ST33000651AS,3000592982016,0,,129762764,,,,,,,,0,,,,,,17050,,,,,,,,,,,,,,,,,,,,,,,,,,,,,,25,,,,,,0,,,,,,,,,,,,,,,,,,,,,,,,,,,,
2013-12-11,MJ1311YNG01L0A,Hitachi HDS5C3030ALA630,3000592982016,0,,0,,,,,,,,0,,,,,,14625,,,,,,,,,,,,,,,,,,,,,,,,,,,,,,23,,,,,,0,,,,,,,,,,,,,,,,,,,,,,,,,,,,
2013-12-11,9XW032QF,ST31500541AS,1500301910016,0,,220061259,,,,,,,,0,,,,,,33347,,,,,,,,,,,,,,,,,,,,,,,,,,,,,,21,,,,,,0,,,,,,,,,,,,,,,,,,,,,,,,,,,,
2013-12-11,Z290VC2J,ST33000651AS,3000592982016,0,,170285143,,,,,,,,0,,,,,,15916,,,,,,,,,,,,,,,,,,,,,,,,,,,,,,23,,,,,,0,,,,,,,,,,,,,,,,,,,,,,,,,,,,
2013-12-11,MJ1311YNG3ARWA,Hitachi HDS5C3030ALA630,3000592982016,0,,0,,,,,,,,0,,,,,,19325,,,,,,,,,,,,,,,,,,,,,,,,,,,,,,26,,,,,,0,,,,,,,,,,,,,,,,,,,,,,,,,,,,
2013-12-11,Z300PM48,ST4000DM000,4000787030016,0,,115048440,,,,,,,,0,,,,,,1234,,,,,,,,,,,,,,,,,,,,,,,,,,,,,,21,,,,,,0,,,,,,,,,,,,,,,,,,,,,,,,,,,,
2013-12-11,PL1311LAG3AJ9H,Hitachi HDS5C4040ALE630,4000787030016,0,,0,,,,,,,,0,,,,,,5920,,,,,,,,,,,,,,,,,,,,,,,,,,,,,,22,,,,,,0,,,,,,,,,,,,,,,,,,,,,,,,,,,,
2013-12-11,JK1170YAJAXA5T,Hitachi HDS722020ALA330,2000398934016,0,,0,,,,,,,,0,,,,,,28681,,,,,,,,,,,,,,,,,,,,,,,,,,,,,,27,,,,,,0,,,,,,,,,,,,,,,,,,,,,,,,,,,,
2013-12-11,Z300MGEW,ST4000DM000,4000787030016,0,,119790288,,,,,,,,0,,,,,,2890,,,,,,,,,,,,,,,,,,,,,,,,,,,,,,26,,,,,,0,,,,,,,,,,,,,,,,,,,,,,,,,,,,
2013-12-11,PL1321LAG31XAH,Hitachi HDS5C4040ALE630,4000787030016,0,,0,,,,,,,,0,,,,,,5959,,,,,,,,,,,,,,,,,,,,,,,,,,,,,,20,,,,,,0,,,,,,,,,,,,,,,,,,,,,,,,,,,,
2013-12-11,JK1101B9JNETJR,Hitachi HDS722020ALA330,2000398934016,0,,0,,,,,,,,0,,,,,,24426,,,,,,,,,,,,,,,,,,,,,,,,,,,,,,28,,,,,,0,,,,,,,,,,,,,,,,,,,,,,,,,,,,
2013-12-11,MJ0351YNG9YHHA,Hitachi HDS5C3030ALA630,3000592982016,0,,0,,,,,,,,0,,,,,,9989,,,,,,,,,,,,,,,,,,,,,,,,,,,,,,28,,,,,,0,,,,,,,,,,,,,,,,,,,,,,,,,,,,
2013-12-11,MJ1323YNG1R1AC,Hitachi HDS5C3030ALA630,3000592982016,0,,0,,,,,,,,0,,,,,,19764,,,,,,,,,,,,,,,,,,,,,,,,,,,,,,28,,,,,,0,,,,,,,,,,,,,,,,,,,,,,,,,,,,
2013-12-11,JK1105B8JS1NPX,Hitachi HDS722020ALA330,2000398934016,0,,0,,,,,,,,0,,,,,,23485,,,,,,,,,,,,,,,,,,,,,,,,,,,,,,27,,,,,,0,,,,,,,,,,,,,,,,,,,,,,,,,,,,
2013-12-11,MK0331YHGNE6LA,Hitachi HDS723030ALA640,3000592982016,0,,0,,,,,,,,0,,,,,,17032,,,,,,,,,,,,,,,,,,,,,,,,,,,,,,31,,,,,,0,,,,,,,,,,,,,,,,,,,,,,,,,,,,
2013-12-11,5XW1FHP1,ST31500541AS,1500301910016,0,,179088888,,,,,,,,0,,,,,,12402,,,,,,,,,,,,,,,,,,,,,,,,,,,,,,28,,,,,,0,,,,,,,,,,,,,,,,,,,,,,,,,,,,
2013-12-11,W300H8GB,ST4000DM000,4000787030016,0,,152625880,,,,,,,,0,,,,,,2238,,,,,,,,,,,,,,,,,,,,,,,,,,,,,,23,,,,,,0,,,,,,,,,,,,,,,,,,,,,,,,,,,,
2013-12-11,MJ0351YNG9XNRA,Hitachi HDS5C3030ALA630,3000592982016,0,,0,,,,,,,,0,,,,,,8830,,,,,,,,,,,,,,,,,,,,,,,,,,,,,,31,,,,,,0,,,,,,,,,,,,,,,,,,,,,,,,,,,,
2013-12-11,MJ0351YNG9XRNA,Hitachi HDS5C3030ALA630,3000592982016,0,,0,,,,,,,,0,,,,,,9469,,,,,,,,,,,,,,,,,,,,,,,,,,,,,,27,,,,,,0,,,,,,,,,,,,,,,,,,,,,,,,,,,,
2013-12-11,6XW105F6,ST31500541AS,1500301910016,0,,209338379,,,,,,,,0,,,,,,30425,,,,,,,,,,,,,,,,,,,,,,,,,,,,,,20,,,,,,0,,,,,,,,,,,,,,,,,,,,,,,,,,,,
2013-12-11,JK11A8B9HZNM3F,Hitachi HDS722020ALA330,2000398934016,0,,0,,,,,,,,4,,,,,,24433,,,,,,,,,,,,,,,,,,,,,,,,,,,,,,25,,,,,,0,,,,,,,,,,,,,,,,,,,,,,,,,,,,
2013-12-11,PL1311LAG1JYJA,Hitachi HDS5C4040ALE630,4000787030016,0,,0,,,,,,,,0,,,,,,3223,,,,,,,,,,,,,,,,,,,,,,,,,,,,,,19,,,,,,0,,,,,,,,,,,,,,,,,,,,,,,,,,,,
2013-12-11,PL1321LAG34XAH,Hitachi HDS5C4040ALE630,4000787030016,0,,0,,,,,,,,0,,,,,,6650,,,,,,,,,,,,,,,,,,,,,,,,,,,,,,21,,,,,,0,,,,,,,,,,,,,,,,,,,,,,,,,,,,
2013-12-11,W300B64P,ST4000DM000,4000787030016,0,,54644264,,,,,,,,0,,,,,,4160,,,,,,,,,,,,,,,,,,,,,,,,,,,,,,24,,,,,,0,,,,,,,,,,,,,,,,,,,,,,,,,,,,
2013-12-11,S1F0S49E,ST3000DM001,3000592982016,0,,141671096,,,,,,,,0,,,,,,10539,,,,,,,,,,,,,,,,,,,,,,,,,,,,,,26,,,,,,0,,,,,,,,,,,,,,,,,,,,,,,,,,,,
2013-12-11,W300C599,ST4000DM000,4000787030016,0,,172851864,,,,,,,,0,,,,,,4160,,,,,,,,,,,,,,,,,,,,,,,,,,,,,,22,,,,,,0,,,,,,,,,,,,,,,,,,,,,,,,,,,,
2013-12-11,MJ0351YNG9SZNA,Hitachi HDS5C3030ALA630,3000592982016,0,,0,,,,,,,,0,,,,,,9719,,,,,,,,,,,,,,,,,,,,,,,,,,,,,,31,,,,,,0,,,,,,,,,,,,,,,,,,,,,,,,,,,,
2013-12-11,W300B64L,ST4000DM000,4000787030016,0,,236601936,,,,,,,,0,,,,,,3611,,,,,,,,,,,,,,,,,,,,,,,,,,,,,,21,,,,,,0,,,,,,,,,,,,,,,,,,,,,,,,,,,,
2013-12-11,MJ0351YNGA8M7A,Hitachi HDS5C3030ALA630,3000592982016,0,,0,,,,,,,,0,,,,,,8505,,,,,,,,,,,,,,,,,,,,,,,,,,,,,,24,,,,,,0,,,,,,,,,,,,,,,,,,,,,,,,,,,,
2013-12-11,W300C592,ST4000DM000,4000787030016,0,,55822080,,,,,,,,0,,,,,,2261,,,,,,,,,,,,,,,,,,,,,,,,,,,,,,19,,,,,,48,,,,,,,,,,,,,,,,,,,,,,,,,,,,
2013-12-11,S1F0S49V,ST3000DM001,3000592982016,0,,192115808,,,,,,,,0,,,,,,10772,,,,,,,,,,,,,,,,,,,,,,,,,,,,,,25,,,,,,0,,,,,,,,,,,,,,,,,,,,,,,,,,,,
2013-12-11,WD-WCAU45651357,WDC WD10EADS,1000204886016,0,,7,,,,,,,,0,,,,,,38990,,,,,,,,,,,,,,,,,,,,,,,,,,,,,,31,,,,,,0,,,,,,,,,,,,,,,,,,,,,,,,,,,,
2013-12-11,JK1101B8KNTL4S,Hitachi HDS722020ALA330,2000398934016,0,,0,,,,,,,,0,,,,,,23125,,,,,,,,,,,,,,,,,,,,,,,,,,,,,,37,,,,,,0,,,,,,,,,,,,,,,,,,,,,,,,,,,,
2013-12-11,W300B646,ST4000DM000,4000787030016,0,,218009688,,,,,,,,0,,,,,,3586,,,,,,,,,,,,,,,,,,,,,,,,,,,,,,23,,,,,,0,,,,,,,,,,,,,,,,,,,,,,,,,,,,
2013-12-11,W300B647,ST4000DM000,4000787030016,0,,88237424,,,,,,,,0,,,,,,3585,,,,,,,,,,,,,,,,,,,,,,,,,,,,,,20,,,,,,0,,,,,,,,,,,,,,,,,,,,,,,,,,,,
2013-12-11,W300B645,ST4000DM000,4000787030016,0,,70367864,,,,,,,,0,,,,,,4047,,,,,,,,,,,,,,,,,,,,,,,,,,,,,,23,,,,,,0,,,,,,,,,,,,,,,,,,,,,,,,,,,,
2013-12-11,JK11A8B9J84A2F,Hitachi HDS722020ALA330,2000398934016,0,,0,,,,,,,,0,,,,,,26011,,,,,,,,,,,,,,,,,,,,,,,,,,,,,,25,,,,,,0,,,,,,,,,,,,,,,,,,,,,,,,,,,,
2013-12-11,PL1311LAG1JZ1A,Hitachi HDS5C4040ALE630,4000787030016,0,,0,,,,,,,,0,,,,,,7453,,,,,,,,,,,,,,,,,,,,,,,,,,,,,,21,,,,,,0,,,,,,,,,,,,,,,,,,,,,,,,,,,,
2013-12-11,W3009Q81,ST4000DM000,4000787030016,0,,54706648,,,,,,,,0,,,,,,4187,,,,,,,,,,,,,,,,,,,,,,,,,,,,,,30,,,,,,0,,,,,,,,,,,,,,,,,,,,,,,,,,,,
2013-12-11,MJ0351YNG9X7HA,Hitachi HDS5C3030ALA630,3000592982016,0,,0,,,,,,,,0,,,,,,7609,,,,,,,,,,,,,,,,,,,,,,,,,,,,,,23,,,,,,0,,,,,,,,,,,,,,,,,,,,,,,,,,,,
2013-12-11,Z300TTWV,ST4000DM000,4000787030016,0,,53258328,,,,,,,,0,,,,,,772,,,,,,,,,,,,,,,,,,,,,,,,,,,,,,22,,,,,,0,,,,,,,,,,,,,,,,,,,,,,,,,,,,
2013-12-11,JK1175YAHTZY5X,Hitachi HDS722020ALA330,2000398934016,0,,131074,,,,,,,,0,,,,,,30501,,,,,,,,,,,,,,,,,,,,,,,,,,,,,,31,,,,,,0,,,,,,,,,,,,,,,,,,,,,,,,,,,,
2013-12-11,JK1171YBK1N3GF,Hitachi HDS722020ALA330,2000398934016,0,,0,,,,,,,,0,,,,,,29668,,,,,,,,,,,,,,,,,,,,,,,,,,,,,,32,,,,,,0,,,,,,,,,,,,,,,,,,,,,,,,,,,,
2013-12-11,Z300CLRS,ST4000DM000,4000787030016,0,,149509416,,,,,,,,0,,,,,,2224,,,,,,,,,,,,,,,,,,,,,,,,,,,,,,19,,,,,,0,,,,,,,,,,,,,,,,,,,,,,,,,,,,
2013-12-11,JK1101B9KP1P1F,Hitachi HDS722020ALA330,2000398934016,0,,0,,,,,,,,0,,,,,,23097,,,,,,,,,,,,,,,,,,,,,,,,,,,,,,27,,,,,,0,,,,,,,,,,,,,,,,,,,,,,,,,,,,
2013-12-11,PL1321LAG31Z4H,Hitachi HDS5C4040ALE630,4000787030016,0,,0,,,,,,,,0,,,,,,5139,,,,,,,,,,,,,,,,,,,,,,,,,,,,,,30,,,,,,0,,,,,,,,,,,,,,,,,,,,,,,,,,,,
2013-12-11,Z1F0QAPF,ST3000DM001,3000592982016,0,,178881840,,,,,,,,0,,,,,,11020,,,,,,,,,,,,,,,,,,,,,,,,,,,,,,23,,,,,,0,,,,,,,,,,,,,,,,,,,,,,,,,,,,
2013-12-11,JK1105B8JBG0SX,Hitachi HDS722020ALA330,2000398934016,0,,1,,,,,,,,0,,,,,,22698,,,,,,,,,,,,,,,,,,,,,,,,,,,,,,30,,,,,,0,,,,,,,,,,,,,,,,,,,,,,,,,,,,
2013-12-11,S1F00ZPQ,ST3000DM001,3000592982016,0,,48529944,,,,,,,,0,,,,,,15388,,,,,,,,,,,,,,,,,,,,,,,,,,,,,,30,,,,,,0,,,,,,,,,,,,,,,,,,,,,,,,,,,,
2013-12-11,S1F08N5K,ST3000DM001,3000592982016,0,,9245392,,,,,,,,0,,,,,,13869,,,,,,,,,,,,,,,,,,,,,,,,,,,,,,24,,,,,,0,,,,,,,,,,,,,,,,,,,,,,,,,,,,
2013-12-11,MJ0351YNGA6Z9A,Hitachi HDS5C3030ALA630,3000592982016,0,,0,,,,,,,,0,,,,,,8661,,,,,,,,,,,,,,,,,,,,,,,,,,,,,,28,,,,,,0,,,,,,,,,,,,,,,,,,,,,,,,,,,,
2013-12-11,PL1311LAG263GA,Hitachi HDS5C4040ALE630,4000787030016,0,,0,,,,,,,,0,,,,,,7417,,,,,,,,,,,,,,,,,,,,,,,,,,,,,,22,,,,,,0,,,,,,,,,,,,,,,,,,,,,,,,,,,,
2013-12-11,JK11A8B9J3HA9F,Hitachi HDS722020ALA330,2000398934016,0,,0,,,,,,,,0,,,,,,23106,,,,,,,,,,,,,,,,,,,,,,,,,,,,,,26,,,,,,0,,,,,,,,,,,,,,,,,,,,,,,,,,,,
2013-12-11,5XW1ST47,ST32000542AS,2000398934016,0,,104191501,,,,,,,,0,,,,,,13014,,,,,,,,,,,,,,,,,,,,,,,,,,,,,,24,,,,,,0,,,,,,,,,,,,,,,,,,,,,,,,,,,,
2013-12-11,MJ1323YNG1K89C,Hitachi HDS5C3030ALA630,3000592982016,0,,1179669,,,,,,,,0,,,,,,19762,,,,,,,,,,,,,,,,,,,,,,,,,,,,,,27,,,,,,0,,,,,,,,,,,,,,,,,,,,,,,,,,,,
2013-12-11,MJ0351YNG9YU6A,Hitachi HDS5C3030ALA630,3000592982016,0,,0,,,,,,,,0,,,,,,9956,,,,,,,,,,,,,,,,,,,,,,,,,,,,,,27,,,,,,0,,,,,,,,,,,,,,,,,,,,,,,,,,,,
2013-12-11,JK11A1YAJHB7HV,Hitachi HDS722020ALA330,2000398934016,0,,0,,,,,,,,0,,,,,,28972,,,,,,,,,,,,,,,,,,,,,,,,,,,,,,29,,,,,,0,,,,,,,,,,,,,,,,,,,,,,,,,,,,
2013-12-11,Z300H3A8,ST4000DM000,4000787030016,0,,242732024,,,,,,,,0,,,,,,1298,,,,,,,,,,,,,,,,,,,,,,,,,,,,,,22,,,,,,0,,,,,,,,,,,,,,,,,,,,,,,,,,,,
2013-12-11,Z300NLMZ,ST4000DM000,4000787030016,0,,149892424,,,,,,,,0,,,,,,1142,,,,,,,,,,,,,,,,,,,,,,,,,,,,,,27,,,,,,0,,,,,,,,,,,,,,,,,,,,,,,,,,,,
2013-12-11,MJ0351YNG9UR7A,Hitachi HDS5C3030ALA630,3000592982016,0,,0,,,,,,,,0,,,,,,9913,,,,,,,,,,,,,,,,,,,,,,,,,,,,,,32,,,,,,0,,,,,,,,,,,,,,,,,,,,,,,,,,,,
2013-12-11,PL1321LAG34L6H,Hitachi HDS5C4040ALE630,4000787030016,0,,0,,,,,,,,0,,,,,,5925,,,,,,,,,,,,,,,,,,,,,,,,,,,,,,17,,,,,,0,,,,,,,,,,,,,,,,,,,,,,,,,,,,
2013-12-11,Z300NLMQ,ST4000DM000,4000787030016,0,,175213920,,,,,,,,0,,,,,,1234,,,,,,,,,,,,,,,,,,,,,,,,,,,,,,20,,,,,,0,,,,,,,,,,,,,,,,,,,,,,,,,,,,
2013-12-11,MJ0351YNG9ZHDA,Hitachi HDS5C3030ALA630,3000592982016,0,,0,,,,,,,,0,,,,,,9483,,,,,,,,,,,,,,,,,,,,,,,,,,,,,,30,,,,,,0,,,,,,,,,,,,,,,,,,,,,,,,,,,,
2013-12-11,MJ0351YNG9Z7GA,Hitachi HDS5C3030ALA630,3000592982016,0,,0,,,,,,,,0,,,,,,9974,,,,,,,,,,,,,,,,,,,,,,,,,,,,,,29,,,,,,0,,,,,,,,,,,,,,,,,,,,,,,,,,,,
2013-12-11,5XW02XH0,ST31500541AS,1500301910016,0,,114623225,,,,,,,,0,,,,,,35750,,,,,,,,,,,,,,,,,,,,,,,,,,,,,,21,,,,,,0,,,,,,,,,,,,,,,,,,,,,,,,,,,,
2013-12-11,5XW02XH3,ST31500541AS,1500301910016,0,,169407427,,,,,,,,0,,,,,,36451,,,,,,,,,,,,,,,,,,,,,,,,,,,,,,18,,,,,,0,,,,,,,,,,,,,,,,,,,,,,,,,,,,
2013-12-11,6XW0BBRM,ST31500541AS,1500301910016,0,,160609489,,,,,,,,0,,,,,,29425,,,,,,,,,,,,,,,,,,,,,,,,,,,,,,20,,,,,,0,,,,,,,,,,,,,,,,,,,,,,,,,,,,
2013-12-11,9VS3JAV6,ST31500341AS,1500301910016,0,,233712836,,,,,,,,30,,,,,,32913,,,,,,,,,,,,,,,,,,,,,,,,,,,,,,19,,,,,,0,,,,,,,,,,,,,,,,,,,,,,,,,,,,
2013-12-11,MK0313YHGJWW2C,Hitachi HDS723030ALA640,3000592982016,0,,32442892,,,,,,,,0,,,,,,21453,,,,,,,,,,,,,,,,,,,,,,,,,,,,,,27,,,,,,0,,,,,,,,,,,,,,,,,,,,,,,,,,,,
2013-12-11,S1F0TMC2,ST3000DM001,3000592982016,0,,121761000,,,,,,,,0,,,,,,10470,,,,,,,,,,,,,,,,,,,,,,,,,,,,,,23,,,,,,0,,,,,,,,,,,,,,,,,,,,,,,,,,,,
2013-12-11,S1F0TMC9,ST3000DM001,3000592982016,0,,102840320,,,,,,,,0,,,,,,10835,,,,,,,,,,,,,,,,,,,,,,,,,,,,,,31,,,,,,0,,,,,,,,,,,,,,,,,,,,,,,,,,,,
2013-12-11,9XK0E2M0,ST33000651AS,3000592982016,0,,119476267,,,,,,,,0,,,,,,16781,,,,,,,,,,,,,,,,,,,,,,,,,,,,,,23,,,,,,0,,,,,,,,,,,,,,,,,,,,,,,,,,,,
2013-12-11,WD-WMC1T1620935,WDC WD30EFRX,3000592982016,0,,0,,,,,,,,0,,,,,,7709,,,,,,,,,,,,,,,,,,,,,,,,,,,,,,28,,,,,,0,,,,,,,,,,,,,,,,,,,,,,,,,,,,
2013-12-11,JK1101B8KNBL8S,Hitachi HDS722020ALA330,2000398934016,0,,0,,,,,,,,0,,,,,,23099,,,,,,,,,,,,,,,,,,,,,,,,,,,,,,27,,,,,,0,,,,,,,,,,,,,,,,,,,,,,,,,,,,
2013-12-11,9XW09N9N,ST32000542AS,2000398934016,0,,166085178,,,,,,,,28,,,,,,31466,,,,,,,,,,,,,,,,,,,,,,,,,,,,,,26,,,,,,0,,,,,,,,,,,,,,,,,,,,,,,,,,,,
2013-12-11,PL1311LAG381UH,Hitachi HDS5C4040ALE630,4000787030016,0,,0,,,,,,,,0,,,,,,5925,,,,,,,,,,,,,,,,,,,,,,,,,,,,,,18,,,,,,0,,,,,,,,,,,,,,,,,,,,,,,,,,,,
2013-12-11,WD-WMC1T0880304,WDC WD30EFRX,3000592982016,0,,0,,,,,,,,0,,,,,,8840,,,,,,,,,,,,,,,,,,,,,,,,,,,,,,29,,,,,,0,,,,,,,,,,,,,,,,,,,,,,,,,,,,
2013-12-11,Z300CMTA,ST4000DM000,4000787030016,0,,86935000,,,,,,,,0,,,,,,2218,,,,,,,,,,,,,,,,,,,,,,,,,,,,,,21,,,,,,0,,,,,,,,,,,,,,,,,,,,,,,,,,,,
2013-12-11,JK11B0YBHXP9AD,Hitachi HDS722020ALA330,2000398934016,0,,0,,,,,,,,0,,,,,,20685,,,,,,,,,,,,,,,,,,,,,,,,,,,,,,26,,,,,,0,,,,,,,,,,,,,,,,,,,,,,,,,,,,
2013-12-11,W300HA10,ST4000DM000,4000787030016,0,,175511080,,,,,,,,0,,,,,,957,,,,,,,,,,,,,,,,,,,,,,,,,,,,,,19,,,,,,0,,,,,,,,,,,,,,,,,,,,,,,,,,,,
2013-12-11,MK0313YHGDDMZC,Hitachi HDS723030ALA640,3000592982016,0,,0,,,,,,,,0,,,,,,16733,,,,,,,,,,,,,,,,,,,,,,,,,,,,,,29,,,,,,0,,,,,,,,,,,,,,,,,,,,,,,,,,,,
2013-12-11,9XK0PL6F,ST33000651AS,3000592982016,0,,134634858,,,,,,,,0,,,,,,18074,,,,,,,,,,,,,,,,,,,,,,,,,,,,,,29,,,,,,0,,,,,,,,,,,,,,,,,,,,,,,,,,,,
2013-12-11,5XW05SZF,ST31500541AS,1500301910016,0,,128314594,,,,,,,,0,,,,,,33212,,,,,,,,,,,,,,,,,,,,,,,,,,,,,,20,,,,,,0,,,,,,,,,,,,,,,,,,,,,,,,,,,,
2013-12-11,5XW03PXP,ST31500541AS,1500301910016,0,,22502799,,,,,,,,0,,,,,,37070,,,,,,,,,,,,,,,,,,,,,,,,,,,,,,28,,,,,,0,,,,,,,,,,,,,,,,,,,,,,,,,,,,
2013-12-11,MJ0351YNG9ZNVA,Hitachi HDS5C3030ALA630,3000592982016,0,,0,,,,,,,,0,,,,,,9672,,,,,,,,,,,,,,,,,,,,,,,,,,,,,,29,,,,,,0,,,,,,,,,,,,,,,,,,,,,,,,,,,,
2013-12-11,MJ1311YNG7K3NA,Hitachi HDS5C3030ALA630,3000592982016,0,,0,,,,,,,,0,,,,,,14685,,,,,,,,,,,,,,,,,,,,,,,,,,,,,,18,,,,,,0,,,,,,,,,,,,,,,,,,,,,,,,,,,,
2013-12-11,W1F0AFD6,ST3000DM001,3000592982016,0,,133837424,,,,,,,,0,,,,,,15365,,,,,,,,,,,,,,,,,,,,,,,,,,,,,,24,,,,,,0,,,,,,,,,,,,,,,,,,,,,,,,,,,,
2013-12-11,Z300HLGV,ST4000DM000,4000787030016,0,,9144848,,,,,,,,0,,,,,,2899,,,,,,,,,,,,,,,,,,,,,,,,,,,,,,25,,,,,,0,,,,,,,,,,,,,,,,,,,,,,,,,,,,
2013-12-11,PL2311LAG1PDBC,Hitachi HDS5C4040ALE630,4000787030016,0,,0,,,,,,,,0,,,,,,7401,,,,,,,,,,,,,,,,,,,,,,,,,,,,,,26,,,,,,0,,,,,,,,,,,,,,,,,,,,,,,,,,,,
2013-12-11,5YD8C29X,ST1500DL003,1500301910016,0,,29185216,,,,,,,,0,,,,,,11193,,,,,,,,,,,,,,,,,,,,,,,,,,,,,,28,,,,,,0,,,,,,,,,,,,,,,,,,,,,,,,,,,,
2013-12-11,MJ0351YNG9UXEA,Hitachi HDS5C3030ALA630,3000592982016,0,,0,,,,,,,,0,,,,,,8618,,,,,,,,,,,,,,,,,,,,,,,,,,,,,,29,,,,,,0,,,,,,,,,,,,,,,,,,,,,,,,,,,,
2013-12-11,W1F1DX8D,ST3000DM001,3000592982016,0,,65358448,,,,,,,,0,,,,,,8127,,,,,,,,,,,,,,,,,,,,,,,,,,,,,,28,,,,,,0,,,,,,,,,,,,,,,,,,,,,,,,,,,,
2013-12-11,JK11A8B9J3BLJF,Hitachi HDS722020ALA330,2000398934016,0,,0,,,,,,,,0,,,,,,23544,,,,,,,,,,,,,,,,,,,,,,,,,,,,,,38,,,,,,0,,,,,,,,,,,,,,,,,,,,,,,,,,,,
2013-12-11,6XW0QN1R,ST31500541AS,1500301910016,0,,194708263,,,,,,,,0,,,,,,30868,,,,,,,,,,,,,,,,,,,,,,,,,,,,,,20,,,,,,0,,,,,,,,,,,,,,,,,,,,,,,,,,,,
2013-12-11,S1F0S6B7,ST3000DM001,3000592982016,0,,204817592,,,,,,,,0,,,,,,10741,,,,,,,,,,,,,,,,,,,,,,,,,,,,,,26,,,,,,0,,,,,,,,,,,,,,,,,,,,,,,,,,,,
2013-12-11,Z300CWA4,ST4000DM000,4000787030016,0,,217574240,,,,,,,,0,,,,,,2218,,,,,,,,,,,,,,,,,,,,,,,,,,,,,,24,,,,,,0,,,,,,,,,,,,,,,,,,,,,,,,,,,,
2013-12-11,JK11A8B9J3482F,Hitachi HDS722020ALA330,2000398934016,0,,0,,,,,,,,0,,,,,,24433,,,,,,,,,,,,,,,,,,,,,,,,,,,,,,24,,,,,,0,,,,,,,,,,,,,,,,,,,,,,,,,,,,
2013-12-11,Z1Z058NN,ST4000DX000,4000787030016,0,,102403413,,,,,,,,0,,,,,,5379,,,,,,,,,,,,,,,,,,,,,,,,,,,,,,26,,,,,,0,,,,,,,,,,,,,,,,,,,,,,,,,,,,
2013-12-11,W300D2EP,ST4000DM000,4000787030016,0,,210177704,,,,,,,,0,,,,,,4188,,,,,,,,,,,,,,,,,,,,,,,,,,,,,,30,,,,,,0,,,,,,,,,,,,,,,,,,,,,,,,,,,,
2013-12-11,Z1Z058NE,ST4000DX000,4000787030016,0,,208824244,,,,,,,,0,,,,,,5077,,,,,,,,,,,,,,,,,,,,,,,,,,,,,,32,,,,,,0,,,,,,,,,,,,,,,,,,,,,,,,,,,,
2013-12-11,S1F032HA,ST3000DM001,3000592982016,0,,79926496,,,,,,,,0,,,,,,15190,,,,,,,,,,,,,,,,,,,,,,,,,,,,,,23,,,,,,0,,,,,,,,,,,,,,,,,,,,,,,,,,,,
2013-12-11,W1F09AC7,ST3000DM001,3000592982016,0,,29619304,,,,,,,,0,,,,,,14711,,,,,,,,,,,,,,,,,,,,,,,,,,,,,,21,,,,,,0,,,,,,,,,,,,,,,,,,,,,,,,,,,,
2013-12-11,S1F032HB,ST3000DM001,3000592982016,0,,125212536,,,,,,,,0,,,,,,16176,,,,,,,,,,,,,,,,,,,,,,,,,,,,,,25,,,,,,0,,,,,,,,,,,,,,,,,,,,,,,,,,,,
2013-12-11,S1F0GBRC,ST3000DM001,3000592982016,0,,118288504,,,,,,,,0,,,,,,11020,,,,,,,,,,,,,,,,,,,,,,,,,,,,,,25,,,,,,0,,,,,,,,,,,,,,,,,,,,,,,,,,,,
2013-12-11,Z300PA53,ST4000DM000,4000787030016,0,,197151016,,,,,,,,0,,,,,,1093,,,,,,,,,,,,,,,,,,,,,,,,,,,,,,26,,,,,,0,,,,,,,,,,,,,,,,,,,,,,,,,,,,
2013-12-11,MJ0351YNGA8LEA,Hitachi HDS5C3030ALA630,3000592982016,0,,0,,,,,,,,0,,,,,,7976,,,,,,,,,,,,,,,,,,,,,,,,,,,,,,29,,,,,,0,,,,,,,,,,,,,,,,,,,,,,,,,,,,
2013-12-11,Z300PA5E,ST4000DM000,4000787030016,0,,234462376,,,,,,,,0,,,,,,1450,,,,,,,,,,,,,,,,,,,,,,,,,,,,,,23,,,,,,0,,,,,,,,,,,,,,,,,,,,,,,,,,,,
2013-12-11,JK1105B8GG4X7X,Hitachi HDS722020ALA330,2000398934016,0,,0,,,,,,,,1,,,,,,26858,,,,,,,,,,,,,,,,,,,,,,,,,,,,,,25,,,,,,0,,,,,,,,,,,,,,,,,,,,,,,,,,,,
2013-12-11,PL1311LAG2817H,Hitachi HDS5C4040ALE630,4000787030016,0,,0,,,,,,,,0,,,,,,7428,,,,,,,,,,,,,,,,,,,,,,,,,,,,,,29,,,,,,0,,,,,,,,,,,,,,,,,,,,,,,,,,,,
2013-12-11,W3008M2Y,ST4000DM000,4000787030016,0,,88644552,,,,,,,,0,,,,,,2222,,,,,,,,,,,,,,,,,,,,,,,,,,,,,,22,,,,,,0,,,,,,,,,,,,,,,,,,,,,,,,,,,,
2013-12-11,PL1321LAGABJ8H,Hitachi HDS5C4040ALE630,4000787030016,0,,0,,,,,,,,0,,,,,,5066,,,,,,,,,,,,,,,,,,,,,,,,,,,,,,29,,,,,,0,,,,,,,,,,,,,,,,,,,,,,,,,,,,
2013-12-11,JK11A8B9J7W9LF,Hitachi HDS722020ALA330,2000398934016,0,,65536,,,,,,,,0,,,,,,24665,,,,,,,,,,,,,,,,,,,,,,,,,,,,,,29,,,,,,0,,,,,,,,,,,,,,,,,,,,,,,,,,,,
2013-12-11,JK1101B9GEJ7KF,Hitachi HDS722020ALA330,2000398934016,0,,0,,,,,,,,0,,,,,,27487,,,,,,,,,,,,,,,,,,,,,,,,,,,,,,24,,,,,,0,,,,,,,,,,,,,,,,,,,,,,,,,,,,
2013-12-11,S1F0S6BQ,ST3000DM001,3000592982016,0,,134166296,,,,,,,,0,,,,,,10471,,,,,,,,,,,,,,,,,,,,,,,,,,,,,,25,,,,,,0,,,,,,,,,,,,,,,,,,,,,,,,,,,,
2013-12-11,Z300KFGP,ST4000DM000,4000787030016,0,,179730552,,,,,,,,0,,,,,,105,,,,,,,,,,,,,,,,,,,,,,,,,,,,,,23,,,,,,0,,,,,,,,,,,,,,,,,,,,,,,,,,,,
2013-12-11,MJ0351YNG9U1DA,Hitachi HDS5C3030ALA630,3000592982016,0,,0,,,,,,,,0,,,,,,7611,,,,,,,,,,,,,,,,,,,,,,,,,,,,,,23,,,,,,0,,,,,,,,,,,,,,,,,,,,,,,,,,,,
2013-12-11,MJ0351YNG9VEXA,Hitachi HDS5C3030ALA630,3000592982016,0,,0,,,,,,,,0,,,,,,9272,,,,,,,,,,,,,,,,,,,,,,,,,,,,,,28,,,,,,0,,,,,,,,,,,,,,,,,,,,,,,,,,,,
2013-12-11,JK1170YAH4RE1P,Hitachi HDS722020ALA330,2000398934016,0,,0,,,,,,,,0,,,,,,20982,,,,,,,,,,,,,,,,,,,,,,,,,,,,,,28,,,,,,0,,,,,,,,,,,,,,,,,,,,,,,,,,,,
2013-12-11,MJ0351YNG9WE2A,Hitachi HDS5C3030ALA630,3000592982016,0,,0,,,,,,,,0,,,,,,8873,,,,,,,,,,,,,,,,,,,,,,,,,,,,,,29,,,,,,0,,,,,,,,,,,,,,,,,,,,,,,,,,,,
2013-12-11,9XK06KH0,ST33000651AS,3000592982016,0,,105533838,,,,,,,,0,,,,,,16823,,,,,,,,,,,,,,,,,,,,,,,,,,,,,,25,,,,,,0,,,,,,,,,,,,,,,,,,,,,,,,,,,,
2013-12-11,JK1101YAK93DAV,Hitachi HDS722020ALA330,2000398934016,0,,1704062,,,,,,,,5,,,,,,29654,,,,,,,,,,,,,,,,,,,,,,,,,,,,,,24,,,,,,0,,,,,,,,,,,,,,,,,,,,,,,,,,,,
2013-12-11,W1F08DK2,ST3000DM001,3000592982016,0,,182528128,,,,,,,,0,,,,,,16197,,,,,,,,,,,,,,,,,,,,,,,,,,,,,,27,,,,,,0,,,,,,,,,,,,,,,,,,,,,,,,,,,,
2013-12-11,MJ0351YNGA58EA,Hitachi HDS5C3030ALA630,3000592982016,0,,0,,,,,,,,0,,,,,,8547,,,,,,,,,,,,,,,,,,,,,,,,,,,,,,26,,,,,,0,,,,,,,,,,,,,,,,,,,,,,,,,,,,
2013-12-11,JK1101B9KNN1TF,Hitachi HDS722020ALA330,2000398934016,0,,0,,,,,,,,0,,,,,,23098,,,,,,,,,,,,,,,,,,,,,,,,,,,,,,27,,,,,,0,,,,,,,,,,,,,,,,,,,,,,,,,,,,
2013-12-11,Z3005Z1F,ST4000DM000,4000787030016,0,,187235880,,,,,,,,0,,,,,,5417,,,,,,,,,,,,,,,,,,,,,,,,,,,,,,23,,,,,,0,,,,,,,,,,,,,,,,,,,,,,,,,,,,
2013-12-11,JK1171YAK1ZJEN,Hitachi HDS722020ALA330,2000398934016,0,,131073,,,,,,,,0,,,,,,29018,,,,,,,,,,,,,,,,,,,,,,,,,,,,,,28,,,,,,0,,,,,,,,,,,,,,,,,,,,,,,,,,,,
2013-12-11,Z1F076ZJ,ST3000DM001,3000592982016,0,,115214392,,,,,,,,0,,,,,,17065,,,,,,,,,,,,,,,,,,,,,,,,,,,,,,23,,,,,,0,,,,,,,,,,,,,,,,,,,,,,,,,,,,
2013-12-11,MJ0351YNGA5TRA,Hitachi HDS5C3030ALA630,3000592982016,0,,0,,,,,,,,0,,,,,,8615,,,,,,,,,,,,,,,,,,,,,,,,,,,,,,32,,,,,,0,,,,,,,,,,,,,,,,,,,,,,,,,,,,
2013-12-11,JK1174YAK8RMVW,Hitachi HDS722020ALA330,2000398934016,0,,0,,,,,,,,0,,,,,,29019,,,,,,,,,,,,,,,,,,,,,,,,,,,,,,24,,,,,,0,,,,,,,,,,,,,,,,,,,,,,,,,,,,
2013-12-11,JK11A8B9J30GHF,Hitachi HDS722020ALA330,2000398934016,0,,65536,,,,,,,,0,,,,,,22702,,,,,,,,,,,,,,,,,,,,,,,,,,,,,,29,,,,,,0,,,,,,,,,,,,,,,,,,,,,,,,,,,,
2013-12-11,W1F0A4LE,ST3000DM001,3000592982016,0,,177321592,,,,,,,,0,,,,,,14718,,,,,,,,,,,,,,,,,,,,,,,,,,,,,,21,,,,,,0,,,,,,,,,,,,,,,,,,,,,,,,,,,,
2013-12-11,JK1101B9GE5L1F,Hitachi HDS722020ALA330,2000398934016,0,,0,,,,,,,,0,,,,,,27158,,,,,,,,,,,,,,,,,,,,,,,,,,,,,,21,,,,,,0,,,,,,,,,,,,,,,,,,,,,,,,,,,,
2013-12-11,JK1171B9HKUVET,Hitachi HDS722020ALA330,2000398934016,0,,0,,,,,,,,0,,,,,,24305,,,,,,,,,,,,,,,,,,,,,,,,,,,,,,28,,,,,,0,,,,,,,,,,,,,,,,,,,,,,,,,,,,
2013-12-11,PL1311LAG3ANMH,Hitachi HDS5C4040ALE630,4000787030016,0,,0,,,,,,,,0,,,,,,5125,,,,,,,,,,,,,,,,,,,,,,,,,,,,,,28,,,,,,0,,,,,,,,,,,,,,,,,,,,,,,,,,,,
2013-12-11,W3004ZMC,ST4000DM000,4000787030016,0,,88908696,,,,,,,,0,,,,,,2878,,,,,,,,,,,,,,,,,,,,,,,,,,,,,,21,,,,,,0,,,,,,,,,,,,,,,,,,,,,,,,,,,,
2013-12-11,PL1311LAG2BWJH,Hitachi HDS5C4040ALE630,4000787030016,0,,0,,,,,,,,0,,,,,,7411,,,,,,,,,,,,,,,,,,,,,,,,,,,,,,22,,,,,,0,,,,,,,,,,,,,,,,,,,,,,,,,,,,
2013-12-11,W1F0P2HT,ST3000DM001,3000592982016,0,,159020824,,,,,,,,0,,,,,,11050,,,,,,,,,,,,,,,,,,,,,,,,,,,,,,24,,,,,,0,,,,,,,,,,,,,,,,,,,,,,,,,,,,
2013-12-11,W3004ZML,ST4000DM000,4000787030016,0,,137320968,,,,,,,,0,,,,,,2879,,,,,,,,,,,,,,,,,,,,,,,,,,,,,,22,,,,,,0,,,,,,,,,,,,,,,,,,,,,,,,,,,,
2013-12-11,PL1321LAGAW6UH,Hitachi HDS5C4040ALE630,4000787030016,0,,0,,,,,,,,0,,,,,,5075,,,,,,,,,,,,,,,,,,,,,,,,,,,,,,24,,,,,,0,,,,,,,,,,,,,,,,,,,,,,,,,,,,
2013-12-11,6XW00YJF,ST31500541AS,1500301910016,0,,149642412,,,,,,,,0,,,,,,36638,,,,,,,,,,,,,,,,,,,,,,,,,,,,,,23,,,,,,0,,,,,,,,,,,,,,,,,,,,,,,,,,,,
2013-12-11,JK11A8B9J74G2F,Hitachi HDS722020ALA330,2000398934016,0,,65537,,,,,,,,0,,,,,,22299,,,,,,,,,,,,,,,,,,,,,,,,,,,,,,30,,,,,,0,,,,,,,,,,,,,,,,,,,,,,,,,,,,
2013-12-11,PL1311LAG2HX8H,Hitachi HDS5C4040ALE630,4000787030016,0,,0,,,,,,,,0,,,,,,5056,,,,,,,,,,,,,,,,,,,,,,,,,,,,,,31,,,,,,0,,,,,,,,,,,,,,,,,,,,,,,,,,,,
2013-12-11,S1F0L1SC,ST3000DM001,3000592982016,0,,50014824,,,,,,,,0,,,,,,11022,,,,,,,,,,,,,,,,,,,,,,,,,,,,,,27,,,,,,0,,,,,,,,,,,,,,,,,,,,,,,,,,,,
2013-12-11,JK11A8B9J35BTF,Hitachi HDS722020ALA330,2000398934016,0,,0,,,,,,,,0,,,,,,23710,,,,,,,,,,,,,,,,,,,,,,,,,,,,,,25,,,,,,0,,,,,,,,,,,,,,,,,,,,,,,,,,,,
2013-12-11,WD-WCAU4C147629,WDC WD10EADS,1000204886016,0,,0,,,,,,,,0,,,,,,20345,,,,,,,,,,,,,,,,,,,,,,,,,,,,,,29,,,,,,0,,,,,,,,,,,,,,,,,,,,,,,,,,,,
2013-12-11,9VS1KFBR,ST31500341AS,1500301910016,0,,27222862,,,,,,,,13,,,,,,40407,,,,,,,,,,,,,,,,,,,,,,,,,,,,,,31,,,,,,0,,,,,,,,,,,,,,,,,,,,,,,,,,,,
2013-12-11,PL1321LAG354HH,Hitachi HDS5C4040ALE630,4000787030016,0,,0,,,,,,,,0,,,,,,5961,,,,,,,,,,,,,,,,,,,,,,,,,,,,,,18,,,,,,0,,,,,,,,,,,,,,,,,,,,,,,,,,,,
2013-12-11,6XW01PSN,ST31500541AS,1500301910016,0,,48697190,,,,,,,,0,,,,,,35758,,,,,,,,,,,,,,,,,,,,,,,,,,,,,,19,,,,,,0,,,,,,,,,,,,,,,,,,,,,,,,,,,,
2013-12-11,9XW032LT,ST31500541AS,1500301910016,0,,64721854,,,,,,,,0,,,,,,33347,,,,,,,,,,,,,,,,,,,,,,,,,,,,,,18,,,,,,0,,,,,,,,,,,,,,,,,,,,,,,,,,,,
2013-12-11,JK1105B8JS2DMX,Hitachi HDS722020ALA330,2000398934016,0,,0,,,,,,,,0,,,,,,22699,,,,,,,,,,,,,,,,,,,,,,,,,,,,,,31,,,,,,0,,,,,,,,,,,,,,,,,,,,,,,,,,,,
2013-12-11,JK11A4B8J7RXZW,Hitachi HDS722020ALA330,2000398934016,0,,0,,,,,,,,0,,,,,,25125,,,,,,,,,,,,,,,,,,,,,,,,,,,,,,31,,,,,,0,,,,,,,,,,,,,,,,,,,,,,,,,,,,
2013-12-11,PL1311LAG2AMBH,Hitachi HDS5C4040ALE630,4000787030016,0,,0,,,,,,,,0,,,,,,7414,,,,,,,,,,,,,,,,,,,,,,,,,,,,,,21,,,,,,0,,,,,,,,,,,,,,,,,,,,,,,,,,,,
2013-12-11,6XW03B9P,ST31500541AS,1500301910016,0,,131955961,,,,,,,,0,,,,,,34755,,,,,,,,,,,,,,,,,,,,,,,,,,,,,,17,,,,,,0,,,,,,,,,,,,,,,,,,,,,,,,,,,,
2013-12-11,S1F026B8,ST3000DM001,3000592982016,0,,63551976,,,,,,,,0,,,,,,15416,,,,,,,,,,,,,,,,,,,,,,,,,,,,,,26,,,,,,8,,,,,,,,,,,,,,,,,,,,,,,,,,,,
2013-12-11,MK0331YHGLW28A,Hitachi HDS723030ALA640,3000592982016,0,,0,,,,,,,,0,,,,,,17356,,,,,,,,,,,,,,,,,,,,,,,,,,,,,,24,,,,,,0,,,,,,,,,,,,,,,,,,,,,,,,,,,,
2013-12-11,6XW03B9L,ST31500541AS,1500301910016,0,,69089804,,,,,,,,0,,,,,,36648,,,,,,,,,,,,,,,,,,,,,,,,,,,,,,23,,,,,,0,,,,,,,,,,,,,,,,,,,,,,,,,,,,
2013-12-11,PL1311LAG27W6H,Hitachi HDS5C4040ALE630,4000787030016,0,,0,,,,,,,,0,,,,,,6074,,,,,,,,,,,,,,,,,,,,,,,,,,,,,,18,,,,,,0,,,,,,,,,,,,,,,,,,,,,,,,,,,,
2013-12-11,Z300E3DA,ST4000DM000,4000787030016,0,,64362192,,,,,,,,0,,,,,,1331,,,,,,,,,,,,,,,,,,,,,,,,,,,,,,20,,,,,,0,,,,,,,,,,,,,,,,,,,,,,,,,,,,
2013-12-11,MJ1311YNG7E9WA,Hitachi HDS5C3030ALA630,3000592982016,0,,0,,,,,,,,0,,,,,,6195,,,,,,,,,,,,,,,,,,,,,,,,,,,,,,31,,,,,,0,,,,,,,,,,,,,,,,,,,,,,,,,,,,
2013-12-11,6XW03B92,ST31500541AS,1500301910016,0,,237476323,,,,,,,,3,,,,,,36915,,,,,,,,,,,,,,,,,,,,,,,,,,,,,,22,,,,,,0,,,,,,,,,,,,,,,,,,,,,,,,,,,,
2013-12-11,JK11A8B9J79SHF,Hitachi HDS722020ALA330,2000398934016,0,,1,,,,,,,,0,,,,,,24545,,,,,,,,,,,,,,,,,,,,,,,,,,,,,,29,,,,,,0,,,,,,,,,,,,,,,,,,,,,,,,,,,,
2013-12-11,Z300J8XG,ST4000DM000,4000787030016,0,,96124720,,,,,,,,0,,,,,,105,,,,,,,,,,,,,,,,,,,,,,,,,,,,,,24,,,,,,0,,,,,,,,,,,,,,,,,,,,,,,,,,,,
2013-12-11,JK11A8B9J80HRF,Hitachi HDS722020ALA330,2000398934016,0,,0,,,,,,,,0,,,,,,25580,,,,,,,,,,,,,,,,,,,,,,,,,,,,,,24,,,,,,0,,,,,,,,,,,,,,,,,,,,,,,,,,,,
2013-12-11,JK11A8B9J2KAPF,Hitachi HDS722020ALA330,2000398934016,0,,65536,,,,,,,,0,,,,,,24428,,,,,,,,,,,,,,,,,,,,,,,,,,,,,,31,,,,,,0,,,,,,,,,,,,,,,,,,,,,,,,,,,,
2013-12-11,JK11A8B9J881GF,Hitachi HDS722020ALA330,2000398934016,0,,0,,,,,,,,0,,,,,,26028,,,,,,,,,,,,,,,,,,,,,,,,,,,,,,24,,,,,,0,,,,,,,,,,,,,,,,,,,,,,,,,,,,
2013-12-11,JK1105B8GEDPXX,Hitachi HDS722020ALA330,2000398934016,0,,0,,,,,,,,0,,,,,,27221,,,,,,,,,,,,,,,,,,,,,,,,,,,,,,29,,,,,,0,,,,,,,,,,,,,,,,,,,,,,,,,,,,
2013-12-11,9XW0205S,ST31500541AS,1500301910016,0,,32345700,,,,,,,,0,,,,,,35231,,,,,,,,,,,,,,,,,,,,,,,,,,,,,,18,,,,,,0,,,,,,,,,,,,,,,,,,,,,,,,,,,,
2013-12-11,MJ0351YNGA5ZYA,Hitachi HDS5C3030ALA630,3000592982016,0,,0,,,,,,,,0,,,,,,9163,,,,,,,,,,,,,,,,,,,,,,,,,,,,,,26,,,,,,0,,,,,,,,,,,,,,,,,,,,,,,,,,,,
2013-12-11,W3009NEN,ST4000DM000,4000787030016,0,,106515880,,,,,,,,0,,,,,,4168,,,,,,,,,,,,,,,,,,,,,,,,,,,,,,29,,,,,,0,,,,,,,,,,,,,,,,,,,,,,,,,,,,
2013-12-11,S1F0QR41,ST3000DM001,3000592982016,0,,167234024,,,,,,,,0,,,,,,11022,,,,,,,,,,,,,,,,,,,,,,,,,,,,,,28,,,,,,0,,,,,,,,,,,,,,,,,,,,,,,,,,,,
2013-12-11,6XW0VB0R,ST31500541AS,1500301910016,0,,56175195,,,,,,,,0,,,,,,27527,,,,,,,,,,,,,,,,,,,,,,,,,,,,,,24,,,,,,0,,,,,,,,,,,,,,,,,,,,,,,,,,,,
2013-12-11,MJ0351YNG9XJHA,Hitachi HDS5C3030ALA630,3000592982016,0,,0,,,,,,,,0,,,,,,9552,,,,,,,,,,,,,,,,,,,,,,,,,,,,,,28,,,,,,0,,,,,,,,,,,,,,,,,,,,,,,,,,,,
2013-12-11,6XW03G4T,ST31500541AS,1500301910016,0,,167788062,,,,,,,,0,,,,,,37171,,,,,,,,,,,,,,,,,,,,,,,,,,,,,,22,,,,,,0,,,,,,,,,,,,,,,,,,,,,,,,,,,,
2013-12-11,9VS29ZR3,ST31500341AS,1500301910016,0,,100114595,,,,,,,,22,,,,,,38663,,,,,,,,,,,,,,,,,,,,,,,,,,,,,,21,,,,,,0,,,,,,,,,,,,,,,,,,,,,,,,,,,,
2013-12-11,JK1171YAJ9N70N,Hitachi HDS722020ALA330,2000398934016,0,,0,,,,,,,,0,,,,,,23310,,,,,,,,,,,,,,,,,,,,,,,,,,,,,,27,,,,,,0,,,,,,,,,,,,,,,,,,,,,,,,,,,,
2013-12-11,S1F0LE4G,ST3000DM001,3000592982016,0,,230949104,,,,,,,,0,,,,,,12248,,,,,,,,,,,,,,,,,,,,,,,,,,,,,,24,,,,,,0,,,,,,,,,,,,,,,,,,,,,,,,,,,,
2013-12-11,PL1331LAG9Y47H,Hitachi HDS5C4040ALE630,4000787030016,0,,0,,,,,,,,0,,,,,,5074,,,,,,,,,,,,,,,,,,,,,,,,,,,,,,26,,,,,,0,,,,,,,,,,,,,,,,,,,,,,,,,,,,
2013-12-11,6XW1A40S,ST32000542AS,2000398934016,0,,85551553,,,,,,,,0,,,,,,31706,,,,,,,,,,,,,,,,,,,,,,,,,,,,,,24,,,,,,0,,,,,,,,,,,,,,,,,,,,,,,,,,,,
2013-12-11,6XW106XN,ST31500541AS,1500301910016,0,,111030870,,,,,,,,0,,,,,,30377,,,,,,,,,,,,,,,,,,,,,,,,,,,,,,22,,,,,,0,,,,,,,,,,,,,,,,,,,,,,,,,,,,
2013-12-11,JK1105B8GHLT7X,Hitachi HDS722020ALA330,2000398934016,0,,0,,,,,,,,0,,,,,,27168,,,,,,,,,,,,,,,,,,,,,,,,,,,,,,29,,,,,,0,,,,,,,,,,,,,,,,,,,,,,,,,,,,
2013-12-11,Z1F08FZL,ST3000DM001,3000592982016,0,,222000032,,,,,,,,0,,,,,,14959,,,,,,,,,,,,,,,,,,,,,,,,,,,,,,19,,,,,,0,,,,,,,,,,,,,,,,,,,,,,,,,,,,
2013-12-11,5XW034RW,ST31500541AS,1500301910016,0,,43230203,,,,,,,,0,,,,,,35785,,,,,,,,,,,,,,,,,,,,,,,,,,,,,,21,,,,,,0,,,,,,,,,,,,,,,,,,,,,,,,,,,,
2013-12-11,JK1101B9KNG5ZF,Hitachi HDS722020ALA330,2000398934016,0,,65537,,,,,,,,0,,,,,,23099,,,,,,,,,,,,,,,,,,,,,,,,,,,,,,26,,,,,,0,,,,,,,,,,,,,,,,,,,,,,,,,,,,
2013-12-11,JK1101B9KM0RBF,Hitachi HDS722020ALA330,2000398934016,0,,0,,,,,,,,1,,,,,,23097,,,,,,,,,,,,,,,,,,,,,,,,,,,,,,27,,,,,,0,,,,,,,,,,,,,,,,,,,,,,,,,,,,
2013-12-11,Z1F17YR8,ST3000DM001,3000592982016,0,,182838520,,,,,,,,0,,,,,,9396,,,,,,,,,,,,,,,,,,,,,,,,,,,,,,21,,,,,,0,,,,,,,,,,,,,,,,,,,,,,,,,,,,
2013-12-11,9VS1AAX6,ST31500341AS,1500301910016,0,,116218754,,,,,,,,1,,,,,,40241,,,,,,,,,,,,,,,,,,,,,,,,,,,,,,23,,,,,,0,,,,,,,,,,,,,,,,,,,,,,,,,,,,
2013-12-11,JK11A8B9J7G1BF,Hitachi HDS722020ALA330,2000398934016,0,,0,,,,,,,,0,,,,,,24496,,,,,,,,,,,,,,,,,,,,,,,,,,,,,,29,,,,,,0,,,,,,,,,,,,,,,,,,,,,,,,,,,,
2013-12-11,JK11A8B9J7ZY7F,Hitachi HDS722020ALA330,2000398934016,0,,0,,,,,,,,0,,,,,,26027,,,,,,,,,,,,,,,,,,,,,,,,,,,,,,28,,,,,,0,,,,,,,,,,,,,,,,,,,,,,,,,,,,
2013-12-11,MJ0351YNG9XTGA,Hitachi HDS5C3030ALA630,3000592982016,0,,0,,,,,,,,0,,,,,,9989,,,,,,,,,,,,,,,,,,,,,,,,,,,,,,27,,,,,,0,,,,,,,,,,,,,,,,,,,,,,,,,,,,
2013-12-11,MJ0351YNG9S7TA,Hitachi HDS5C3030ALA630,3000592982016,0,,0,,,,,,,,0,,,,,,8619,,,,,,,,,,,,,,,,,,,,,,,,,,,,,,30,,,,,,0,,,,,,,,,,,,,,,,,,,,,,,,,,,,
2013-12-11,S1F11MDZ,ST3000DM001,3000592982016,0,,240034672,,,,,,,,0,,,,,,8128,,,,,,,,,,,,,,,,,,,,,,,,,,,,,,25,,,,,,0,,,,,,,,,,,,,,,,,,,,,,,,,,,,
2013-12-11,MK0313YHGBHGUC,Hitachi HDS723030ALA640,3000592982016,0,,65777,,,,,,,,0,,,,,,21458,,,,,,,,,,,,,,,,,,,,,,,,,,,,,,29,,,,,,0,,,,,,,,,,,,,,,,,,,,,,,,,,,,
2013-12-11,W3008KJE,ST4000DM000,4000787030016,0,,2982200,,,,,,,,0,,,,,,4140,,,,,,,,,,,,,,,,,,,,,,,,,,,,,,23,,,,,,0,,,,,,,,,,,,,,,,,,,,,,,,,,,,
2013-12-11,MJ1311YNG73P6A,Hitachi HDS5C3030ALA630,3000592982016,0,,0,,,,,,,,0,,,,,,14624,,,,,,,,,,,,,,,,,,,,,,,,,,,,,,26,,,,,,0,,,,,,,,,,,,,,,,,,,,,,,,,,,,
2013-12-11,JK11A8B9J8S4WF,Hitachi HDS722020ALA330,2000398934016,0,,0,,,,,,,,1,,,,,,25580,,,,,,,,,,,,,,,,,,,,,,,,,,,,,,27,,,,,,0,,,,,,,,,,,,,,,,,,,,,,,,,,,,
2013-12-11,W1F1DW46,ST3000DM001,3000592982016,0,,120681696,,,,,,,,0,,,,,,3544,,,,,,,,,,,,,,,,,,,,,,,,,,,,,,20,,,,,,0,,,,,,,,,,,,,,,,,,,,,,,,,,,,
2013-12-11,JK11A8B9J38AMF,Hitachi HDS722020ALA330,2000398934016,0,,0,,,,,,,,9,,,,,,24112,,,,,,,,,,,,,,,,,,,,,,,,,,,,,,25,,,,,,1,,,,,,,,,,,,,,,,,,,,,,,,,,,,
2013-12-11,S1F13647,ST3000DM001,3000592982016,0,,136598336,,,,,,,,0,,,,,,8180,,,,,,,,,,,,,,,,,,,,,,,,,,,,,,23,,,,,,0,,,,,,,,,,,,,,,,,,,,,,,,,,,,
2013-12-11,W300KFX0,ST4000DM000,4000787030016,0,,119045360,,,,,,,,0,,,,,,885,,,,,,,,,,,,,,,,,,,,,,,,,,,,,,22,,,,,,0,,,,,,,,,,,,,,,,,,,,,,,,,,,,
2013-12-11,PL1311LAG2B11H,Hitachi HDS5C4040ALE630,4000787030016,0,,0,,,,,,,,0,,,,,,7386,,,,,,,,,,,,,,,,,,,,,,,,,,,,,,26,,,,,,0,,,,,,,,,,,,,,,,,,,,,,,,,,,,
2013-12-11,JK11A8YBKYWW1F,Hitachi HDS722020ALA330,2000398934016,0,,2359297,,,,,,,,0,,,,,,27845,,,,,,,,,,,,,,,,,,,,,,,,,,,,,,27,,,,,,0,,,,,,,,,,,,,,,,,,,,,,,,,,,,
2013-12-11,MJ0351YNGA49RA,Hitachi HDS5C3030ALA630,3000592982016,0,,0,,,,,,,,0,,,,,,8873,,,,,,,,,,,,,,,,,,,,,,,,,,,,,,29,,,,,,0,,,,,,,,,,,,,,,,,,,,,,,,,,,,
2013-12-11,PL1321LAG328AH,Hitachi HDS5C4040ALE630,4000787030016,0,,0,,,,,,,,0,,,,,,6655,,,,,,,,,,,,,,,,,,,,,,,,,,,,,,20,,,,,,0,,,,,,,,,,,,,,,,,,,,,,,,,,,,
2013-12-11,W240A6S5,ST1500DM003,1500301910016,0,,229480248,,,,,,,,0,,,,,,9711,,,,,,,,,,,,,,,,,,,,,,,,,,,,,,25,,,,,,0,,,,,,,,,,,,,,,,,,,,,,,,,,,,
2013-12-11,MJ1311YNG0Y6HA,Hitachi HDS5C3030ALA630,3000592982016,0,,0,,,,,,,,0,,,,,,20498,,,,,,,,,,,,,,,,,,,,,,,,,,,,,,31,,,,,,0,,,,,,,,,,,,,,,,,,,,,,,,,,,,
2013-12-11,MJ1311YNG73NGA,Hitachi HDS5C3030ALA630,3000592982016,0,,0,,,,,,,,0,,,,,,14330,,,,,,,,,,,,,,,,,,,,,,,,,,,,,,31,,,,,,0,,,,,,,,,,,,,,,,,,,,,,,,,,,,
2013-12-11,S1F01WNV,ST3000DM001,3000592982016,0,,156774760,,,,,,,,0,,,,,,13879,,,,,,,,,,,,,,,,,,,,,,,,,,,,,,25,,,,,,0,,,,,,,,,,,,,,,,,,,,,,,,,,,,
2013-12-11,MJ1311YNG36B6A,Hitachi HDS5C3030ALA630,3000592982016,0,,0,,,,,,,,0,,,,,,18315,,,,,,,,,,,,,,,,,,,,,,,,,,,,,,24,,,,,,0,,,,,,,,,,,,,,,,,,,,,,,,,,,,
2013-12-11,JK11A8B9J1G5SF,Hitachi HDS722020ALA330,2000398934016,0,,0,,,,,,,,0,,,,,,23990,,,,,,,,,,,,,,,,,,,,,,,,,,,,,,28,,,,,,0,,,,,,,,,,,,,,,,,,,,,,,,,,,,
2013-12-11,WD-WCAU45675163,WDC WD10EACS,1000204886016,0,,29,,,,,,,,0,,,,,,42382,,,,,,,,,,,,,,,,,,,,,,,,,,,,,,22,,,,,,0,,,,,,,,,,,,,,,,,,,,,,,,,,,,
2013-12-11,PL1321LAG34XGH,Hitachi HDS5C4040ALE630,4000787030016,0,,0,,,,,,,,0,,,,,,6650,,,,,,,,,,,,,,,,,,,,,,,,,,,,,,20,,,,,,0,,,,,,,,,,,,,,,,,,,,,,,,,,,,
2013-12-11,S1F0BKHC,ST3000DM001,3000592982016,0,,38086584,,,,,,,,0,,,,,,12344,,,,,,,,,,,,,,,,,,,,,,,,,,,,,,26,,,,,,0,,,,,,,,,,,,,,,,,,,,,,,,,,,,
2013-12-11,MJ1321YNG0NH0A,Hitachi HDS5C3030ALA630,3000592982016,0,,65538,,,,,,,,0,,,,,,20480,,,,,,,,,,,,,,,,,,,,,,,,,,,,,,25,,,,,,0,,,,,,,,,,,,,,,,,,,,,,,,,,,,
2013-12-11,13H8D70AS,TOSHIBA DT01ACA300,3000592982016,0,,0,,,,,,,,0,,,,,,2503,,,,,,,,,,,,,,,,,,,,,,,,,,,,,,29,,,,,,0,,,,,,,,,,,,,,,,,,,,,,,,,,,,
2013-12-11,S1F0AF4X,ST3000DM001,3000592982016,0,,189643920,,,,,,,,80,,,,,,12345,,,,,,,,,,,,,,,,,,,,,,,,,,,,,,23,,,,,,0,,,,,,,,,,,,,,,,,,,,,,,,,,,,
2013-12-11,JK1105B8JR9AXX,Hitachi HDS722020ALA330,2000398934016,0,,0,,,,,,,,0,,,,,,23319,,,,,,,,,,,,,,,,,,,,,,,,,,,,,,35,,,,,,0,,,,,,,,,,,,,,,,,,,,,,,,,,,,
2013-12-11,5XW0A3D4,ST31500541AS,1500301910016,0,,74249473,,,,,,,,0,,,,,,33853,,,,,,,,,,,,,,,,,,,,,,,,,,,,,,21,,,,,,0,,,,,,,,,,,,,,,,,,,,,,,,,,,,
2013-12-11,S1F1364P,ST3000DM001,3000592982016,0,,25455224,,,,,,,,0,,,,,,8209,,,,,,,,,,,,,,,,,,,,,,,,,,,,,,24,,,,,,0,,,,,,,,,,,,,,,,,,,,,,,,,,,,
2013-12-11,JK1101B9KMP4VU,Hitachi HDS722020ALA330,2000398934016,0,,0,,,,,,,,0,,,,,,22861,,,,,,,,,,,,,,,,,,,,,,,,,,,,,,29,,,,,,0,,,,,,,,,,,,,,,,,,,,,,,,,,,,
2013-12-11,W300A8NA,ST4000DM000,4000787030016,0,,129128432,,,,,,,,0,,,,,,2225,,,,,,,,,,,,,,,,,,,,,,,,,,,,,,23,,,,,,0,,,,,,,,,,,,,,,,,,,,,,,,,,,,
2013-12-11,WD-WCAU45341685,WDC WD10EADS,1000204886016,0,,9,,,,,,,,0,,,,,,41342,,,,,,,,,,,,,,,,,,,,,,,,,,,,,,29,,,,,,0,,,,,,,,,,,,,,,,,,,,,,,,,,,,
2013-12-11,JK11A8B9J39D7F,Hitachi HDS722020ALA330,2000398934016,0,,0,,,,,,,,0,,,,,,22413,,,,,,,,,,,,,,,,,,,,,,,,,,,,,,26,,,,,,0,,,,,,,,,,,,,,,,,,,,,,,,,,,,
2013-12-11,MJ0351YNG9S0NA,Hitachi HDS5C3030ALA630,3000592982016,0,,0,,,,,,,,0,,,,,,9552,,,,,,,,,,,,,,,,,,,,,,,,,,,,,,31,,,,,,0,,,,,,,,,,,,,,,,,,,,,,,,,,,,
2013-12-11,MK0311YHG2GP9A,Hitachi HDS723030ALA640,3000592982016,0,,0,,,,,,,,0,,,,,,22347,,,,,,,,,,,,,,,,,,,,,,,,,,,,,,27,,,,,,0,,,,,,,,,,,,,,,,,,,,,,,,,,,,
2013-12-11,S1F06X3X,ST3000DM001,3000592982016,0,,130091576,,,,,,,,0,,,,,,14235,,,,,,,,,,,,,,,,,,,,,,,,,,,,,,26,,,,,,0,,,,,,,,,,,,,,,,,,,,,,,,,,,,
2013-12-11,6XW05VK3,ST31500541AS,1500301910016,0,,10781555,,,,,,,,0,,,,,,37162,,,,,,,,,,,,,,,,,,,,,,,,,,,,,,24,,,,,,0,,,,,,,,,,,,,,,,,,,,,,,,,,,,
2013-12-11,Z300PARQ,ST4000DM000,4000787030016,0,,76711856,,,,,,,,0,,,,,,1232,,,,,,,,,,,,,,,,,,,,,,,,,,,,,,22,,,,,,0,,,,,,,,,,,,,,,,,,,,,,,,,,,,
2013-12-11,S1F01JHS,ST3000DM001,3000592982016,0,,109802816,,,,,,,,0,,,,,,15620,,,,,,,,,,,,,,,,,,,,,,,,,,,,,,24,,,,,,0,,,,,,,,,,,,,,,,,,,,,,,,,,,,
2013-12-11,WD-WCAU44841624,WDC WD10EACS,1000204886016,0,,0,,,,,,,,0,,,,,,43264,,,,,,,,,,,,,,,,,,,,,,,,,,,,,,21,,,,,,0,,,,,,,,,,,,,,,,,,,,,,,,,,,,
2013-12-11,W300E8QM,ST4000DM000,4000787030016,0,,123430672,,,,,,,,0,,,,,,2272,,,,,,,,,,,,,,,,,,,,,,,,,,,,,,23,,,,,,0,,,,,,,,,,,,,,,,,,,,,,,,,,,,
2013-12-11,JK1101B9KLH8RF,Hitachi HDS722020ALA330,2000398934016,0,,0,,,,,,,,0,,,,,,23074,,,,,,,,,,,,,,,,,,,,,,,,,,,,,,34,,,,,,0,,,,,,,,,,,,,,,,,,,,,,,,,,,,
2013-12-11,W300E8Q9,ST4000DM000,4000787030016,0,,20253872,,,,,,,,0,,,,,,2272,,,,,,,,,,,,,,,,,,,,,,,,,,,,,,22,,,,,,0,,,,,,,,,,,,,,,,,,,,,,,,,,,,
2013-12-11,Z300PAR0,ST4000DM000,4000787030016,0,,91488480,,,,,,,,0,,,,,,1450,,,,,,,,,,,,,,,,,,,,,,,,,,,,,,25,,,,,,0,,,,,,,,,,,,,,,,,,,,,,,,,,,,
2013-12-11,W1F0NS0T,ST3000DM001,3000592982016,0,,54617600,,,,,,,,0,,,,,,12617,,,,,,,,,,,,,,,,,,,,,,,,,,,,,,24,,,,,,0,,,,,,,,,,,,,,,,,,,,,,,,,,,,
2013-12-11,WD-WMC1T1615531,WDC WD30EFRX,3000592982016,0,,0,,,,,,,,0,,,,,,7709,,,,,,,,,,,,,,,,,,,,,,,,,,,,,,26,,,,,,0,,,,,,,,,,,,,,,,,,,,,,,,,,,,
2013-12-11,MK0331YHGT2RVA,Hitachi HDS723030ALA640,3000592982016,0,,0,,,,,,,,0,,,,,,14842,,,,,,,,,,,,,,,,,,,,,,,,,,,,,,25,,,,,,0,,,,,,,,,,,,,,,,,,,,,,,,,,,,
2013-12-11,S1F04FDT,ST3000DM001,3000592982016,0,,151973296,,,,,,,,0,,,,,,14234,,,,,,,,,,,,,,,,,,,,,,,,,,,,,,20,,,,,,0,,,,,,,,,,,,,,,,,,,,,,,,,,,,
2013-12-11,JK1175YAHU2W5X,Hitachi HDS722020ALA330,2000398934016,0,,1572869,,,,,,,,0,,,,,,30501,,,,,,,,,,,,,,,,,,,,,,,,,,,,,,29,,,,,,0,,,,,,,,,,,,,,,,,,,,,,,,,,,,
2013-12-11,MJ1323YNG1LE6C,Hitachi HDS5C3030ALA630,3000592982016,0,,0,,,,,,,,0,,,,,,19748,,,,,,,,,,,,,,,,,,,,,,,,,,,,,,27,,,,,,0,,,,,,,,,,,,,,,,,,,,,,,,,,,,
2013-12-11,Z290RH3T,ST33000651AS,3000592982016,0,,37787747,,,,,,,,0,,,,,,17739,,,,,,,,,,,,,,,,,,,,,,,,,,,,,,22,,,,,,0,,,,,,,,,,,,,,,,,,,,,,,,,,,,
2013-12-11,MJ1311YNG6XL0A,Hitachi HDS5C3030ALA630,3000592982016,0,,0,,,,,,,,0,,,,,,14681,,,,,,,,,,,,,,,,,,,,,,,,,,,,,,28,,,,,,0,,,,,,,,,,,,,,,,,,,,,,,,,,,,
2013-12-11,Z300NPKY,ST4000DM000,4000787030016,0,,122297376,,,,,,,,0,,,,,,105,,,,,,,,,,,,,,,,,,,,,,,,,,,,,,21,,,,,,0,,,,,,,,,,,,,,,,,,,,,,,,,,,,
2013-12-11,Z300NPKT,ST4000DM000,4000787030016,0,,8437976,,,,,,,,0,,,,,,1233,,,,,,,,,,,,,,,,,,,,,,,,,,,,,,20,,,,,,0,,,,,,,,,,,,,,,,,,,,,,,,,,,,
2013-12-11,WD-WCAWZ1283296,WDC WD30EZRX,3000592982016,0,,12,,,,,,,,0,,,,,,18010,,,,,,,,,,,,,,,,,,,,,,,,,,,,,,23,,,,,,0,,,,,,,,,,,,,,,,,,,,,,,,,,,,
2013-12-11,MJ0351YNG9RH9A,Hitachi HDS5C3030ALA630,3000592982016,0,,0,,,,,,,,0,,,,,,9274,,,,,,,,,,,,,,,,,,,,,,,,,,,,,,26,,,,,,0,,,,,,,,,,,,,,,,,,,,,,,,,,,,
2013-12-11,PL1311LAG3DR7H,Hitachi HDS5C4040ALE630,4000787030016,0,,0,,,,,,,,0,,,,,,6655,,,,,,,,,,,,,,,,,,,,,,,,,,,,,,21,,,,,,0,,,,,,,,,,,,,,,,,,,,,,,,,,,,
2013-12-11,MJ0351YNG9YW6A,Hitachi HDS5C3030ALA630,3000592982016,0,,0,,,,,,,,0,,,,,,9941,,,,,,,,,,,,,,,,,,,,,,,,,,,,,,23,,,,,,0,,,,,,,,,,,,,,,,,,,,,,,,,,,,
2013-12-11,JK1101B9JPHVXF,Hitachi HDS722020ALA330,2000398934016,0,,0,,,,,,,,0,,,,,,23946,,,,,,,,,,,,,,,,,,,,,,,,,,,,,,27,,,,,,0,,,,,,,,,,,,,,,,,,,,,,,,,,,,
2013-12-11,W1F09VM7,ST3000DM001,3000592982016,0,,42445672,,,,,,,,0,,,,,,13362,,,,,,,,,,,,,,,,,,,,,,,,,,,,,,24,,,,,,8,,,,,,,,,,,,,,,,,,,,,,,,,,,,
2013-12-11,MK0301YHGMGR7D,Hitachi HDS723030ALA640,3000592982016,0,,0,,,,,,,,0,,,,,,17036,,,,,,,,,,,,,,,,,,,,,,,,,,,,,,31,,,,,,0,,,,,,,,,,,,,,,,,,,,,,,,,,,,
2013-12-11,W300JTJD,ST4000DM000,4000787030016,0,,65518864,,,,,,,,0,,,,,,2222,,,,,,,,,,,,,,,,,,,,,,,,,,,,,,24,,,,,,0,,,,,,,,,,,,,,,,,,,,,,,,,,,,
2013-12-11,5XW05Q8Z,ST32000542AS,2000398934016,0,,213302980,,,,,,,,0,,,,,,19326,,,,,,,,,,,,,,,,,,,,,,,,,,,,,,23,,,,,,0,,,,,,,,,,,,,,,,,,,,,,,,,,,,
2013-12-11,W300L05H,ST4000DM000,4000787030016,0,,75895520,,,,,,,,0,,,,,,957,,,,,,,,,,,,,,,,,,,,,,,,,,,,,,19,,,,,,0,,,,,,,,,,,,,,,,,,,,,,,,,,,,
2013-12-11,W300L05M,ST4000DM000,4000787030016,0,,106365392,,,,,,,,0,,,,,,909,,,,,,,,,,,,,,,,,,,,,,,,,,,,,,22,,,,,,0,,,,,,,,,,,,,,,,,,,,,,,,,,,,
2013-12-11,PL1321LAG345GH,Hitachi HDS5C4040ALE630,4000787030016,0,,0,,,,,,,,0,,,,,,6616,,,,,,,,,,,,,,,,,,,,,,,,,,,,,,27,,,,,,0,,,,,,,,,,,,,,,,,,,,,,,,,,,,
2013-12-11,PL1311LAG38LPH,Hitachi HDS5C4040ALE630,4000787030016,0,,0,,,,,,,,0,,,,,,5962,,,,,,,,,,,,,,,,,,,,,,,,,,,,,,18,,,,,,0,,,,,,,,,,,,,,,,,,,,,,,,,,,,
2013-12-11,JK1130YAGJMAMT,Hitachi HDS722020ALA330,2000398934016,0,,0,,,,,,,,1,,,,,,26543,,,,,,,,,,,,,,,,,,,,,,,,,,,,,,24,,,,,,0,,,,,,,,,,,,,,,,,,,,,,,,,,,,
2013-12-11,W300L05Z,ST4000DM000,4000787030016,0,,241369520,,,,,,,,0,,,,,,885,,,,,,,,,,,,,,,,,,,,,,,,,,,,,,23,,,,,,0,,,,,,,,,,,,,,,,,,,,,,,,,,,,
2013-12-11,MJ1323YNG1DGLC,Hitachi HDS5C3030ALA630,3000592982016,0,,0,,,,,,,,0,,,,,,20509,,,,,,,,,,,,,,,,,,,,,,,,,,,,,,22,,,,,,0,,,,,,,,,,,,,,,,,,,,,,,,,,,,
2013-12-11,S1F061KH,ST3000DM001,3000592982016,0,,228479848,,,,,,,,0,,,,,,13342,,,,,,,,,,,,,,,,,,,,,,,,,,,,,,27,,,,,,0,,,,,,,,,,,,,,,,,,,,,,,,,,,,
2013-12-11,W300L058,ST4000DM000,4000787030016,0,,76150984,,,,,,,,0,,,,,,772,,,,,,,,,,,,,,,,,,,,,,,,,,,,,,22,,,,,,0,,,,,,,,,,,,,,,,,,,,,,,,,,,,
2013-12-11,W300L051,ST4000DM000,4000787030016,0,,21607072,,,,,,,,0,,,,,,957,,,,,,,,,,,,,,,,,,,,,,,,,,,,,,21,,,,,,0,,,,,,,,,,,,,,,,,,,,,,,,,,,,
2013-12-11,PL1311LAG1B78A,Hitachi HDS5C4040ALE630,4000787030016,0,,0,,,,,,,,0,,,,,,6616,,,,,,,,,,,,,,,,,,,,,,,,,,,,,,28,,,,,,0,,,,,,,,,,,,,,,,,,,,,,,,,,,,
2013-12-11,W300L053,ST4000DM000,4000787030016,0,,242758408,,,,,,,,0,,,,,,920,,,,,,,,,,,,,,,,,,,,,,,,,,,,,,21,,,,,,0,,,,,,,,,,,,,,,,,,,,,,,,,,,,
2013-12-11,W300L055,ST4000DM000,4000787030016,0,,121394440,,,,,,,,0,,,,,,799,,,,,,,,,,,,,,,,,,,,,,,,,,,,,,19,,,,,,0,,,,,,,,,,,,,,,,,,,,,,,,,,,,
2013-12-11,6XW0W822,ST31500541AS,1500301910016,0,,64625078,,,,,,,,127,,,,,,24670,,,,,,,,,,,,,,,,,,,,,,,,,,,,,,23,,,,,,0,,,,,,,,,,,,,,,,,,,,,,,,,,,,
2013-12-11,W1F09QGE,ST3000DM001,3000592982016,0,,18882688,,,,,,,,0,,,,,,13362,,,,,,,,,,,,,,,,,,,,,,,,,,,,,,27,,,,,,0,,,,,,,,,,,,,,,,,,,,,,,,,,,,
2013-12-11,Z1F0R8FZ,ST3000DM001,3000592982016,0,,161094008,,,,,,,,0,,,,,,11753,,,,,,,,,,,,,,,,,,,,,,,,,,,,,,25,,,,,,0,,,,,,,,,,,,,,,,,,,,,,,,,,,,
2013-12-11,MJ0351YNG9U6UA,Hitachi HDS5C3030ALA630,3000592982016,0,,0,,,,,,,,0,,,,,,9901,,,,,,,,,,,,,,,,,,,,,,,,,,,,,,26,,,,,,0,,,,,,,,,,,,,,,,,,,,,,,,,,,,
2013-12-11,W1F09QGN,ST3000DM001,3000592982016,0,,133832824,,,,,,,,0,,,,,,13879,,,,,,,,,,,,,,,,,,,,,,,,,,,,,,23,,,,,,0,,,,,,,,,,,,,,,,,,,,,,,,,,,,
2013-12-11,S1F03TLX,ST3000DM001,3000592982016,0,,237596360,,,,,,,,0,,,,,,13879,,,,,,,,,,,,,,,,,,,,,,,,,,,,,,22,,,,,,0,,,,,,,,,,,,,,,,,,,,,,,,,,,,
2013-12-11,WD-WMC1T1611090,WDC WD30EFRX,3000592982016,0,,0,,,,,,,,0,,,,,,7392,,,,,,,,,,,,,,,,,,,,,,,,,,,,,,24,,,,,,0,,,,,,,,,,,,,,,,,,,,,,,,,,,,
2013-12-11,PL1311LAG3AGMH,Hitachi HDS5C4040ALE630,4000787030016,0,,0,,,,,,,,0,,,,,,5058,,,,,,,,,,,,,,,,,,,,,,,,,,,,,,29,,,,,,0,,,,,,,,,,,,,,,,,,,,,,,,,,,,
2013-12-11,MJ0351YNGA8S7A,Hitachi HDS5C3030ALA630,3000592982016,0,,0,,,,,,,,0,,,,,,8214,,,,,,,,,,,,,,,,,,,,,,,,,,,,,,28,,,,,,0,,,,,,,,,,,,,,,,,,,,,,,,,,,,
2013-12-11,W30097XY,ST4000DM000,4000787030016,0,,174785072,,,,,,,,0,,,,,,4140,,,,,,,,,,,,,,,,,,,,,,,,,,,,,,23,,,,,,0,,,,,,,,,,,,,,,,,,,,,,,,,,,,
2013-12-11,6XW02AMZ,ST31500541AS,1500301910016,0,,64733839,,,,,,,,0,,,,,,35776,,,,,,,,,,,,,,,,,,,,,,,,,,,,,,22,,,,,,0,,,,,,,,,,,,,,,,,,,,,,,,,,,,
2013-12-11,9VS56MT7,ST31500341AS,1500301910016,0,,55718657,,,,,,,,41,,,,,,15821,,,,,,,,,,,,,,,,,,,,,,,,,,,,,,31,,,,,,0,,,,,,,,,,,,,,,,,,,,,,,,,,,,
2013-12-11,6XW02EGB,ST31500541AS,1500301910016,0,,40544666,,,,,,,,0,,,,,,37170,,,,,,,,,,,,,,,,,,,,,,,,,,,,,,21,,,,,,0,,,,,,,,,,,,,,,,,,,,,,,,,,,,
2013-12-11,JK1105B8GHLUBX,Hitachi HDS722020ALA330,2000398934016,0,,65537,,,,,,,,0,,,,,,27167,,,,,,,,,,,,,,,,,,,,,,,,,,,,,,33,,,,,,0,,,,,,,,,,,,,,,,,,,,,,,,,,,,
2013-12-11,PL1311LAG1W23A,Hitachi HDS5C4040ALE630,4000787030016,0,,0,,,,,,,,0,,,,,,7462,,,,,,,,,,,,,,,,,,,,,,,,,,,,,,26,,,,,,0,,,,,,,,,,,,,,,,,,,,,,,,,,,,
2013-12-11,JK1101YBKP811F,Hitachi HDS722020ALA330,2000398934016,0,,0,,,,,,,,0,,,,,,27487,,,,,,,,,,,,,,,,,,,,,,,,,,,,,,27,,,,,,0,,,,,,,,,,,,,,,,,,,,,,,,,,,,
2013-12-11,Z300JCNL,ST4000DM000,4000787030016,0,,16780144,,,,,,,,0,,,,,,2873,,,,,,,,,,,,,,,,,,,,,,,,,,,,,,19,,,,,,0,,,,,,,,,,,,,,,,,,,,,,,,,,,,
2013-12-11,Z300KHN0,ST4000DM000,4000787030016,0,,220970920,,,,,,,,0,,,,,,1226,,,,,,,,,,,,,,,,,,,,,,,,,,,,,,24,,,,,,0,,,,,,,,,,,,,,,,,,,,,,,,,,,,
2013-12-11,Z300KHN1,ST4000DM000,4000787030016,0,,55321528,,,,,,,,0,,,,,,1114,,,,,,,,,,,,,,,,,,,,,,,,,,,,,,29,,,,,,0,,,,,,,,,,,,,,,,,,,,,,,,,,,,
2013-12-11,W300BWHZ,ST4000DM000,4000787030016,0,,133083888,,,,,,,,0,,,,,,2261,,,,,,,,,,,,,,,,,,,,,,,,,,,,,,19,,,,,,0,,,,,,,,,,,,,,,,,,,,,,,,,,,,
2013-12-11,JK1101YAK8SAEV,Hitachi HDS722020ALA330,2000398934016,0,,0,,,,,,,,0,,,,,,29211,,,,,,,,,,,,,,,,,,,,,,,,,,,,,,32,,,,,,0,,,,,,,,,,,,,,,,,,,,,,,,,,,,
2013-12-11,9VS3HQM4,ST31500341AS,1500301910016,0,,84130239,,,,,,,,59,,,,,,32915,,,,,,,,,,,,,,,,,,,,,,,,,,,,,,24,,,,,,0,,,,,,,,,,,,,,,,,,,,,,,,,,,,
2013-12-11,JK1105B8GEK43X,Hitachi HDS722020ALA330,2000398934016,0,,65536,,,,,,,,0,,,,,,27214,,,,,,,,,,,,,,,,,,,,,,,,,,,,,,26,,,,,,0,,,,,,,,,,,,,,,,,,,,,,,,,,,,
2013-12-11,MJ1311YNG29JPA,Hitachi HDS5C3030ALA630,3000592982016,0,,0,,,,,,,,0,,,,,,18363,,,,,,,,,,,,,,,,,,,,,,,,,,,,,,27,,,,,,0,,,,,,,,,,,,,,,,,,,,,,,,,,,,
2013-12-11,PL1311LAG38WBH,Hitachi HDS5C4040ALE630,4000787030016,0,,0,,,,,,,,0,,,,,,5052,,,,,,,,,,,,,,,,,,,,,,,,,,,,,,28,,,,,,0,,,,,,,,,,,,,,,,,,,,,,,,,,,,
2013-12-11,PL1311LAG24SGA,Hitachi HDS5C4040ALE630,4000787030016,0,,0,,,,,,,,0,,,,,,4175,,,,,,,,,,,,,,,,,,,,,,,,,,,,,,23,,,,,,0,,,,,,,,,,,,,,,,,,,,,,,,,,,,
2013-12-11,JK11A8B9J3BJYF,Hitachi HDS722020ALA330,2000398934016,0,,0,,,,,,,,0,,,,,,24431,,,,,,,,,,,,,,,,,,,,,,,,,,,,,,27,,,,,,0,,,,,,,,,,,,,,,,,,,,,,,,,,,,
2013-12-11,PL1311LAG3ANRH,Hitachi HDS5C4040ALE630,4000787030016,0,,0,,,,,,,,0,,,,,,5304,,,,,,,,,,,,,,,,,,,,,,,,,,,,,,28,,,,,,0,,,,,,,,,,,,,,,,,,,,,,,,,,,,
2013-12-11,MK0331YHGLHS4A,Hitachi HDS723030ALA640,3000592982016,0,,0,,,,,,,,0,,,,,,17030,,,,,,,,,,,,,,,,,,,,,,,,,,,,,,29,,,,,,0,,,,,,,,,,,,,,,,,,,,,,,,,,,,
2013-12-11,Z1F04HEF,ST3000DM001,3000592982016,0,,207740792,,,,,,,,0,,,,,,14734,,,,,,,,,,,,,,,,,,,,,,,,,,,,,,20,,,,,,0,,,,,,,,,,,,,,,,,,,,,,,,,,,,
2013-12-11,JK11A8B9J7WJHF,Hitachi HDS722020ALA330,2000398934016,0,,65536,,,,,,,,0,,,,,,24629,,,,,,,,,,,,,,,,,,,,,,,,,,,,,,24,,,,,,0,,,,,,,,,,,,,,,,,,,,,,,,,,,,
2013-12-11,MK0311YHGK14YA,Hitachi HDS723030ALA640,3000592982016,0,,0,,,,,,,,0,,,,,,16682,,,,,,,,,,,,,,,,,,,,,,,,,,,,,,24,,,,,,0,,,,,,,,,,,,,,,,,,,,,,,,,,,,
2013-12-11,9VS3HQMR,ST31500341AS,1500301910016,0,,144044423,,,,,,,,169,,,,,,32927,,,,,,,,,,,,,,,,,,,,,,,,,,,,,,22,,,,,,0,,,,,,,,,,,,,,,,,,,,,,,,,,,,
2013-12-11,9VS3HJWH,ST31500341AS,1500301910016,0,,12077294,,,,,,,,0,,,,,,32874,,,,,,,,,,,,,,,,,,,,,,,,,,,,,,22,,,,,,0,,,,,,,,,,,,,,,,,,,,,,,,,,,,
2013-12-11,PL1311LAG20Z1A,Hitachi HDS5C4040ALE630,4000787030016,0,,0,,,,,,,,0,,,,,,7759,,,,,,,,,,,,,,,,,,,,,,,,,,,,,,22,,,,,,0,,,,,,,,,,,,,,,,,,,,,,,,,,,,
2013-12-11,9VS3HQMA,ST31500341AS,1500301910016,0,,91589466,,,,,,,,29,,,,,,32927,,,,,,,,,,,,,,,,,,,,,,,,,,,,,,23,,,,,,0,,,,,,,,,,,,,,,,,,,,,,,,,,,,
2013-12-11,PL1311LAG3DDRH,Hitachi HDS5C4040ALE630,4000787030016,0,,0,,,,,,,,0,,,,,,3631,,,,,,,,,,,,,,,,,,,,,,,,,,,,,,28,,,,,,0,,,,,,,,,,,,,,,,,,,,,,,,,,,,
2013-12-11,9VS3HQMC,ST31500341AS,1500301910016,0,,106290040,,,,,,,,22,,,,,,32927,,,,,,,,,,,,,,,,,,,,,,,,,,,,,,22,,,,,,0,,,,,,,,,,,,,,,,,,,,,,,,,,,,
2013-12-11,6XW0A8R7,ST32000542AS,2000398934016,0,,68440107,,,,,,,,0,,,,,,26300,,,,,,,,,,,,,,,,,,,,,,,,,,,,,,20,,,,,,0,,,,,,,,,,,,,,,,,,,,,,,,,,,,
2013-12-11,PL1311LAG39VJH,Hitachi HDS5C4040ALE630,4000787030016,0,,0,,,,,,,,0,,,,,,5302,,,,,,,,,,,,,,,,,,,,,,,,,,,,,,26,,,,,,0,,,,,,,,,,,,,,,,,,,,,,,,,,,,
2013-12-11,Z1Z05CDD,ST4000DX000,4000787030016,0,,97976120,,,,,,,,0,,,,,,5078,,,,,,,,,,,,,,,,,,,,,,,,,,,,,,33,,,,,,0,,,,,,,,,,,,,,,,,,,,,,,,,,,,
2013-12-11,JK1101B9KLW1NR,Hitachi HDS722020ALA330,2000398934016,0,,65540,,,,,,,,0,,,,,,23100,,,,,,,,,,,,,,,,,,,,,,,,,,,,,,23,,,,,,0,,,,,,,,,,,,,,,,,,,,,,,,,,,,
2013-12-11,WD-WCAWZ1016937,WDC WD30EZRX,3000592982016,0,,1,,,,,,,,0,,,,,,12360,,,,,,,,,,,,,,,,,,,,,,,,,,,,,,23,,,,,,1,,,,,,,,,,,,,,,,,,,,,,,,,,,,
2013-12-11,Z1Z05CDN,ST4000DX000,4000787030016,0,,35823237,,,,,,,,0,,,,,,5078,,,,,,,,,,,,,,,,,,,,,,,,,,,,,,34,,,,,,0,,,,,,,,,,,,,,,,,,,,,,,,,,,,
2013-12-11,JK11A8YBKYWW2F,Hitachi HDS722020ALA330,2000398934016,0,,0,,,,,,,,0,,,,,,27740,,,,,,,,,,,,,,,,,,,,,,,,,,,,,,21,,,,,,0,,,,,,,,,,,,,,,,,,,,,,,,,,,,
2013-12-11,6XW03AM5,ST31500541AS,1500301910016,0,,64790353,,,,,,,,0,,,,,,36642,,,,,,,,,,,,,,,,,,,,,,,,,,,,,,23,,,,,,0,,,,,,,,,,,,,,,,,,,,,,,,,,,,
2013-12-11,JK1105B8G3W0KX,Hitachi HDS722020ALA330,2000398934016,0,,0,,,,,,,,0,,,,,,27159,,,,,,,,,,,,,,,,,,,,,,,,,,,,,,31,,,,,,0,,,,,,,,,,,,,,,,,,,,,,,,,,,,
2013-12-11,Z300CP01,ST4000DM000,4000787030016,0,,30353792,,,,,,,,0,,,,,,2261,,,,,,,,,,,,,,,,,,,,,,,,,,,,,,22,,,,,,0,,,,,,,,,,,,,,,,,,,,,,,,,,,,
2013-12-11,PL2311LAG1V0HC,Hitachi HDS5C4040ALE630,4000787030016,0,,0,,,,,,,,0,,,,,,7760,,,,,,,,,,,,,,,,,,,,,,,,,,,,,,20,,,,,,0,,,,,,,,,,,,,,,,,,,,,,,,,,,,
2013-12-11,MJ1311YNG348MA,Hitachi HDS5C3030ALA630,3000592982016,0,,0,,,,,,,,0,,,,,,19324,,,,,,,,,,,,,,,,,,,,,,,,,,,,,,26,,,,,,0,,,,,,,,,,,,,,,,,,,,,,,,,,,,
2013-12-11,JK1101B9KP15TF,Hitachi HDS722020ALA330,2000398934016,0,,0,,,,,,,,0,,,,,,23097,,,,,,,,,,,,,,,,,,,,,,,,,,,,,,31,,,,,,0,,,,,,,,,,,,,,,,,,,,,,,,,,,,
2013-12-11,MJ0351YNGA6LPA,Hitachi HDS5C3030ALA630,3000592982016,0,,0,,,,,,,,0,,,,,,9315,,,,,,,,,,,,,,,,,,,,,,,,,,,,,,28,,,,,,0,,,,,,,,,,,,,,,,,,,,,,,,,,,,
2013-12-11,W1F1BFRJ,ST3000DM001,3000592982016,0,,219057152,,,,,,,,0,,,,,,8205,,,,,,,,,,,,,,,,,,,,,,,,,,,,,,23,,,,,,0,,,,,,,,,,,,,,,,,,,,,,,,,,,,
2013-12-11,S1F02ZK7,ST3000DM001,3000592982016,0,,182513088,,,,,,,,0,,,,,,15266,,,,,,,,,,,,,,,,,,,,,,,,,,,,,,24,,,,,,72,,,,,,,,,,,,,,,,,,,,,,,,,,,,
2013-12-11,S1F02ZK5,ST3000DM001,3000592982016,0,,11232728,,,,,,,,0,,,,,,15621,,,,,,,,,,,,,,,,,,,,,,,,,,,,,,26,,,,,,0,,,,,,,,,,,,,,,,,,,,,,,,,,,,
2013-12-11,PL1321LAGABBPH,Hitachi HDS5C4040ALE630,4000787030016,0,,0,,,,,,,,0,,,,,,5050,,,,,,,,,,,,,,,,,,,,,,,,,,,,,,30,,,,,,0,,,,,,,,,,,,,,,,,,,,,,,,,,,,
2013-12-11,MK0333YHGPE09C,Hitachi HDS723030ALA640,3000592982016,0,,262145,,,,,,,,0,,,,,,18088,,,,,,,,,,,,,,,,,,,,,,,,,,,,,,30,,,,,,0,,,,,,,,,,,,,,,,,,,,,,,,,,,,
2013-12-11,MJ1321YNG145AA,Hitachi HDS5C3030ALA630,3000592982016,0,,0,,,,,,,,0,,,,,,19802,,,,,,,,,,,,,,,,,,,,,,,,,,,,,,29,,,,,,0,,,,,,,,,,,,,,,,,,,,,,,,,,,,
2013-12-11,MS79215X08YJ9A,Hitachi HDS723030BLE640,3000592982016,0,,0,,,,,,,,0,,,,,,6612,,,,,,,,,,,,,,,,,,,,,,,,,,,,,,26,,,,,,0,,,,,,,,,,,,,,,,,,,,,,,,,,,,
2013-12-11,JK11A4B8J7S64W,Hitachi HDS722020ALA330,2000398934016,0,,1,,,,,,,,0,,,,,,26027,,,,,,,,,,,,,,,,,,,,,,,,,,,,,,27,,,,,,0,,,,,,,,,,,,,,,,,,,,,,,,,,,,
2013-12-11,S1F02ZKT,ST3000DM001,3000592982016,0,,149066288,,,,,,,,0,,,,,,15190,,,,,,,,,,,,,,,,,,,,,,,,,,,,,,25,,,,,,0,,,,,,,,,,,,,,,,,,,,,,,,,,,,
2013-12-11,PL1311LAG3AT8H,Hitachi HDS5C4040ALE630,4000787030016,0,,0,,,,,,,,0,,,,,,6655,,,,,,,,,,,,,,,,,,,,,,,,,,,,,,19,,,,,,0,,,,,,,,,,,,,,,,,,,,,,,,,,,,
2013-12-11,PL1311LAG25D9A,Hitachi HDS5C4040ALE630,4000787030016,0,,0,,,,,,,,0,,,,,,7400,,,,,,,,,,,,,,,,,,,,,,,,,,,,,,26,,,,,,0,,,,,,,,,,,,,,,,,,,,,,,,,,,,
2013-12-11,6XW03KYN,ST31500541AS,1500301910016,0,,99903186,,,,,,,,0,,,,,,37287,,,,,,,,,,,,,,,,,,,,,,,,,,,,,,28,,,,,,0,,,,,,,,,,,,,,,,,,,,,,,,,,,,
2013-12-11,S1F0LCTV,ST3000DM001,3000592982016,0,,120342048,,,,,,,,0,,,,,,12318,,,,,,,,,,,,,,,,,,,,,,,,,,,,,,29,,,,,,0,,,,,,,,,,,,,,,,,,,,,,,,,,,,
2013-12-11,9VS3GFKQ,ST31500341AS,1500301910016,0,,199653479,,,,,,,,23,,,,,,31000,,,,,,,,,,,,,,,,,,,,,,,,,,,,,,22,,,,,,0,,,,,,,,,,,,,,,,,,,,,,,,,,,,
2013-12-11,W300BN7M,ST4000DM000,4000787030016,0,,82368664,,,,,,,,0,,,,,,4042,,,,,,,,,,,,,,,,,,,,,,,,,,,,,,23,,,,,,0,,,,,,,,,,,,,,,,,,,,,,,,,,,,
2013-12-11,W300BN7E,ST4000DM000,4000787030016,0,,66677968,,,,,,,,0,,,,,,3586,,,,,,,,,,,,,,,,,,,,,,,,,,,,,,21,,,,,,0,,,,,,,,,,,,,,,,,,,,,,,,,,,,
2013-12-11,9VS1QT6C,ST31500341AS,1500301910016,0,,188236799,,,,,,,,12,,,,,,40080,,,,,,,,,,,,,,,,,,,,,,,,,,,,,,27,,,,,,0,,,,,,,,,,,,,,,,,,,,,,,,,,,,
2013-12-11,Z300HQ39,ST4000DM000,4000787030016,0,,132622224,,,,,,,,0,,,,,,2900,,,,,,,,,,,,,,,,,,,,,,,,,,,,,,25,,,,,,0,,,,,,,,,,,,,,,,,,,,,,,,,,,,
2013-12-11,Z300X4PT,ST4000DM000,4000787030016,0,,181022056,,,,,,,,0,,,,,,612,,,,,,,,,,,,,,,,,,,,,,,,,,,,,,19,,,,,,0,,,,,,,,,,,,,,,,,,,,,,,,,,,,
2013-12-11,W300BN7W,ST4000DM000,4000787030016,0,,110480720,,,,,,,,0,,,,,,4048,,,,,,,,,,,,,,,,,,,,,,,,,,,,,,24,,,,,,0,,,,,,,,,,,,,,,,,,,,,,,,,,,,
2013-12-11,W300BN7V,ST4000DM000,4000787030016,0,,136533776,,,,,,,,0,,,,,,4042,,,,,,,,,,,,,,,,,,,,,,,,,,,,,,23,,,,,,0,,,,,,,,,,,,,,,,,,,,,,,,,,,,
2013-12-11,6XW1ZV1Y,ST32000542AS,2000398934016,0,,99566551,,,,,,,,0,,,,,,17230,,,,,,,,,,,,,,,,,,,,,,,,,,,,,,17,,,,,,0,,,,,,,,,,,,,,,,,,,,,,,,,,,,
2013-12-11,JK11A8B9J3LMTF,Hitachi HDS722020ALA330,2000398934016,0,,0,,,,,,,,0,,,,,,23828,,,,,,,,,,,,,,,,,,,,,,,,,,,,,,29,,,,,,0,,,,,,,,,,,,,,,,,,,,,,,,,,,,
2013-12-11,JK11A8B9J39TMF,Hitachi HDS722020ALA330,2000398934016,0,,0,,,,,,,,0,,,,,,23488,,,,,,,,,,,,,,,,,,,,,,,,,,,,,,28,,,,,,0,,,,,,,,,,,,,,,,,,,,,,,,,,,,
2013-12-11,JK11A8B9J795RF,Hitachi HDS722020ALA330,2000398934016,0,,0,,,,,,,,0,,,,,,24543,,,,,,,,,,,,,,,,,,,,,,,,,,,,,,29,,,,,,0,,,,,,,,,,,,,,,,,,,,,,,,,,,,
2013-12-11,JK11A8B9J8E25F,Hitachi HDS722020ALA330,2000398934016,0,,0,,,,,,,,0,,,,,,25119,,,,,,,,,,,,,,,,,,,,,,,,,,,,,,33,,,,,,0,,,,,,,,,,,,,,,,,,,,,,,,,,,,
2013-12-11,JK11A8B9J65XSR,Hitachi HDS722020ALA330,2000398934016,0,,327680,,,,,,,,0,,,,,,22212,,,,,,,,,,,,,,,,,,,,,,,,,,,,,,31,,,,,,0,,,,,,,,,,,,,,,,,,,,,,,,,,,,
2013-12-11,MJ1311YNG1AP9A,Hitachi HDS5C3030ALA630,3000592982016,0,,0,,,,,,,,0,,,,,,20498,,,,,,,,,,,,,,,,,,,,,,,,,,,,,,30,,,,,,0,,,,,,,,,,,,,,,,,,,,,,,,,,,,
2013-12-11,WD-WMC4N1058927,WDC WD30EFRX,3000592982016,0,,1,,,,,,,,0,,,,,,325,,,,,,,,,,,,,,,,,,,,,,,,,,,,,,23,,,,,,0,,,,,,,,,,,,,,,,,,,,,,,,,,,,
2013-12-11,JK11A8B9J7NY0F,Hitachi HDS722020ALA330,2000398934016,0,,0,,,,,,,,0,,,,,,25583,,,,,,,,,,,,,,,,,,,,,,,,,,,,,,28,,,,,,0,,,,,,,,,,,,,,,,,,,,,,,,,,,,
2013-12-11,MJ0351YNG9W4TA,Hitachi HDS5C3030ALA630,3000592982016,0,,0,,,,,,,,0,,,,,,9901,,,,,,,,,,,,,,,,,,,,,,,,,,,,,,27,,,,,,0,,,,,,,,,,,,,,,,,,,,,,,,,,,,
2013-12-11,MJ1321YNG0WWPA,Hitachi HDS5C3030ALA630,3000592982016,0,,0,,,,,,,,0,,,,,,20509,,,,,,,,,,,,,,,,,,,,,,,,,,,,,,25,,,,,,0,,,,,,,,,,,,,,,,,,,,,,,,,,,,
2013-12-11,MJ0351YNGA0LBA,Hitachi HDS5C3030ALA630,3000592982016,0,,0,,,,,,,,0,,,,,,9142,,,,,,,,,,,,,,,,,,,,,,,,,,,,,,29,,,,,,0,,,,,,,,,,,,,,,,,,,,,,,,,,,,
2013-12-11,W1F0TXKY,ST3000DM001,3000592982016,0,,44158464,,,,,,,,0,,,,,,11638,,,,,,,,,,,,,,,,,,,,,,,,,,,,,,26,,,,,,0,,,,,,,,,,,,,,,,,,,,,,,,,,,,
2013-12-11,PL1321LAG34B4H,Hitachi HDS5C4040ALE630,4000787030016,0,,0,,,,,,,,0,,,,,,6571,,,,,,,,,,,,,,,,,,,,,,,,,,,,,,28,,,,,,0,,,,,,,,,,,,,,,,,,,,,,,,,,,,
2013-12-11,W1F08R7C,ST3000DM001,3000592982016,0,,16158656,,,,,,,,0,,,,,,15483,,,,,,,,,,,,,,,,,,,,,,,,,,,,,,25,,,,,,0,,,,,,,,,,,,,,,,,,,,,,,,,,,,
2013-12-11,MJ0351YNGA0SBA,Hitachi HDS5C3030ALA630,3000592982016,0,,136,,,,,,,,67,,,,,,7986,,,,,,,,,,,,,,,,,,,,,,,,,,,,,,28,,,,,,0,,,,,,,,,,,,,,,,,,,,,,,,,,,,
2013-12-11,MK0311YHG32DKA,Hitachi HDS723030ALA640,3000592982016,0,,1,,,,,,,,0,,,,,,22347,,,,,,,,,,,,,,,,,,,,,,,,,,,,,,27,,,,,,0,,,,,,,,,,,,,,,,,,,,,,,,,,,,
2013-12-11,6XW001W5,ST31500541AS,1500301910016,0,,177420376,,,,,,,,0,,,,,,13387,,,,,,,,,,,,,,,,,,,,,,,,,,,,,,21,,,,,,0,,,,,,,,,,,,,,,,,,,,,,,,,,,,
2013-12-11,Z1Z02Y2Z,ST4000DX000,4000787030016,0,,228407496,,,,,,,,0,,,,,,7132,,,,,,,,,,,,,,,,,,,,,,,,,,,,,,34,,,,,,0,,,,,,,,,,,,,,,,,,,,,,,,,,,,
2013-12-11,MJ0351YNGA04UA,Hitachi HDS5C3030ALA630,3000592982016,0,,0,,,,,,,,0,,,,,,9312,,,,,,,,,,,,,,,,,,,,,,,,,,,,,,27,,,,,,0,,,,,,,,,,,,,,,,,,,,,,,,,,,,
2013-12-11,W3009RCX,ST4000DM000,4000787030016,0,,68256616,,,,,,,,0,,,,,,4140,,,,,,,,,,,,,,,,,,,,,,,,,,,,,,22,,,,,,0,,,,,,,,,,,,,,,,,,,,,,,,,,,,
2013-12-11,PL2311LAG1G2EC,Hitachi HDS5C4040ALE630,4000787030016,0,,0,,,,,,,,0,,,,,,7414,,,,,,,,,,,,,,,,,,,,,,,,,,,,,,21,,,,,,0,,,,,,,,,,,,,,,,,,,,,,,,,,,,
2013-12-11,PL1321LAG35MKH,Hitachi HDS5C4040ALE630,4000787030016,0,,0,,,,,,,,0,,,,,,6650,,,,,,,,,,,,,,,,,,,,,,,,,,,,,,25,,,,,,0,,,,,,,,,,,,,,,,,,,,,,,,,,,,
2013-12-11,MJ1323YNG1BXGC,Hitachi HDS5C3030ALA630,3000592982016,0,,0,,,,,,,,0,,,,,,19630,,,,,,,,,,,,,,,,,,,,,,,,,,,,,,24,,,,,,0,,,,,,,,,,,,,,,,,,,,,,,,,,,,
2013-12-11,MJ1311YNG3K97A,Hitachi HDS5C3030ALA630,3000592982016,0,,0,,,,,,,,0,,,,,,19254,,,,,,,,,,,,,,,,,,,,,,,,,,,,,,24,,,,,,0,,,,,,,,,,,,,,,,,,,,,,,,,,,,
2013-12-11,W1F0X6A5,ST3000DM001,3000592982016,0,,39490824,,,,,,,,0,,,,,,11023,,,,,,,,,,,,,,,,,,,,,,,,,,,,,,26,,,,,,0,,,,,,,,,,,,,,,,,,,,,,,,,,,,
2013-12-11,PL2321LAGASPEJ,Hitachi HDS5C4040ALE630,4000787030016,0,,0,,,,,,,,0,,,,,,5076,,,,,,,,,,,,,,,,,,,,,,,,,,,,,,26,,,,,,0,,,,,,,,,,,,,,,,,,,,,,,,,,,,
2013-12-11,W1F0A2P4,ST3000DM001,3000592982016,0,,29890896,,,,,,,,0,,,,,,15177,,,,,,,,,,,,,,,,,,,,,,,,,,,,,,20,,,,,,0,,,,,,,,,,,,,,,,,,,,,,,,,,,,
2013-12-11,MJ1311YNG3GAEA,Hitachi HDS5C3030ALA630,3000592982016,0,,0,,,,,,,,0,,,,,,19251,,,,,,,,,,,,,,,,,,,,,,,,,,,,,,25,,,,,,0,,,,,,,,,,,,,,,,,,,,,,,,,,,,
2013-12-11,5XW105SQ,ST32000542AS,2000398934016,0,,199914735,,,,,,,,0,,,,,,5046,,,,,,,,,,,,,,,,,,,,,,,,,,,,,,23,,,,,,0,,,,,,,,,,,,,,,,,,,,,,,,,,,,
2013-12-11,W1F0A5RR,ST3000DM001,3000592982016,0,,189295432,,,,,,,,0,,,,,,14718,,,,,,,,,,,,,,,,,,,,,,,,,,,,,,22,,,,,,0,,,,,,,,,,,,,,,,,,,,,,,,,,,,
2013-12-11,W1F0A5RP,ST3000DM001,3000592982016,0,,70815896,,,,,,,,0,,,,,,14727,,,,,,,,,,,,,,,,,,,,,,,,,,,,,,24,,,,,,0,,,,,,,,,,,,,,,,,,,,,,,,,,,,
2013-12-11,W3008Q31,ST4000DM000,4000787030016,0,,191185864,,,,,,,,0,,,,,,4136,,,,,,,,,,,,,,,,,,,,,,,,,,,,,,22,,,,,,0,,,,,,,,,,,,,,,,,,,,,,,,,,,,
2013-12-11,Z300MJP5,ST4000DM000,4000787030016,0,,54364688,,,,,,,,0,,,,,,2873,,,,,,,,,,,,,,,,,,,,,,,,,,,,,,19,,,,,,0,,,,,,,,,,,,,,,,,,,,,,,,,,,,
2013-12-11,JK1101B9JP7XTR,Hitachi HDS722020ALA330,2000398934016,0,,0,,,,,,,,0,,,,,,23991,,,,,,,,,,,,,,,,,,,,,,,,,,,,,,33,,,,,,0,,,,,,,,,,,,,,,,,,,,,,,,,,,,
2013-12-11,MJ0351YNG9W5RA,Hitachi HDS5C3030ALA630,3000592982016,0,,0,,,,,,,,0,,,,,,9904,,,,,,,,,,,,,,,,,,,,,,,,,,,,,,25,,,,,,0,,,,,,,,,,,,,,,,,,,,,,,,,,,,
2013-12-11,W300KFC3,ST4000DM000,4000787030016,0,,163152568,,,,,,,,0,,,,,,815,,,,,,,,,,,,,,,,,,,,,,,,,,,,,,22,,,,,,0,,,,,,,,,,,,,,,,,,,,,,,,,,,,
2013-12-11,MJ0351YNGA8J9A,Hitachi HDS5C3030ALA630,3000592982016,0,,0,,,,,,,,0,,,,,,7975,,,,,,,,,,,,,,,,,,,,,,,,,,,,,,26,,,,,,0,,,,,,,,,,,,,,,,,,,,,,,,,,,,
2013-12-11,S1F02711,ST3000DM001,3000592982016,0,,132879208,,,,,,,,0,,,,,,14213,,,,,,,,,,,,,,,,,,,,,,,,,,,,,,19,,,,,,0,,,,,,,,,,,,,,,,,,,,,,,,,,,,
2013-12-11,W1F09VWM,ST3000DM001,3000592982016,0,,106010488,,,,,,,,0,,,,,,14234,,,,,,,,,,,,,,,,,,,,,,,,,,,,,,22,,,,,,0,,,,,,,,,,,,,,,,,,,,,,,,,,,,
2013-12-11,MJ1311YNG7KR7A,Hitachi HDS5C3030ALA630,3000592982016,0,,0,,,,,,,,0,,,,,,14683,,,,,,,,,,,,,,,,,,,,,,,,,,,,,,16,,,,,,0,,,,,,,,,,,,,,,,,,,,,,,,,,,,
2013-12-11,JK11A8B9J8DZ5F,Hitachi HDS722020ALA330,2000398934016,0,,0,,,,,,,,0,,,,,,25120,,,,,,,,,,,,,,,,,,,,,,,,,,,,,,35,,,,,,0,,,,,,,,,,,,,,,,,,,,,,,,,,,,
2013-12-11,S1F11DBJ,ST3000DM001,3000592982016,0,,2362144,,,,,,,,0,,,,,,8208,,,,,,,,,,,,,,,,,,,,,,,,,,,,,,24,,,,,,0,,,,,,,,,,,,,,,,,,,,,,,,,,,,
2013-12-11,PL1321LAG34LBH,Hitachi HDS5C4040ALE630,4000787030016,0,,0,,,,,,,,0,,,,,,6654,,,,,,,,,,,,,,,,,,,,,,,,,,,,,,22,,,,,,0,,,,,,,,,,,,,,,,,,,,,,,,,,,,
2013-12-11,WD-WCAU45628958,WDC WD10EADS,1000204886016,0,,2,,,,,,,,0,,,,,,41114,,,,,,,,,,,,,,,,,,,,,,,,,,,,,,27,,,,,,0,,,,,,,,,,,,,,,,,,,,,,,,,,,,
2013-12-11,PL1321LAGAT96H,Hitachi HDS5C4040ALE630,4000787030016,0,,0,,,,,,,,0,,,,,,5052,,,,,,,,,,,,,,,,,,,,,,,,,,,,,,31,,,,,,0,,,,,,,,,,,,,,,,,,,,,,,,,,,,
2013-12-11,JK11A5B8J7SMYX,Hitachi HDS722020ALA330,2000398934016,0,,0,,,,,,,,0,,,,,,22698,,,,,,,,,,,,,,,,,,,,,,,,,,,,,,24,,,,,,0,,,,,,,,,,,,,,,,,,,,,,,,,,,,
2013-12-11,MJ1311YNG3KZBA,Hitachi HDS5C3030ALA630,3000592982016,0,,0,,,,,,,,0,,,,,,18949,,,,,,,,,,,,,,,,,,,,,,,,,,,,,,26,,,,,,0,,,,,,,,,,,,,,,,,,,,,,,,,,,,
2013-12-11,PL1311LAG3B7VH,Hitachi HDS5C4040ALE630,4000787030016,0,,0,,,,,,,,0,,,,,,5058,,,,,,,,,,,,,,,,,,,,,,,,,,,,,,31,,,,,,0,,,,,,,,,,,,,,,,,,,,,,,,,,,,
2013-12-11,JK11A8B9J34G4F,Hitachi HDS722020ALA330,2000398934016,0,,0,,,,,,,,0,,,,,,23992,,,,,,,,,,,,,,,,,,,,,,,,,,,,,,24,,,,,,0,,,,,,,,,,,,,,,,,,,,,,,,,,,,
2013-12-11,6XW0YLRP,ST31500541AS,1500301910016,0,,50900311,,,,,,,,0,,,,,,31563,,,,,,,,,,,,,,,,,,,,,,,,,,,,,,20,,,,,,0,,,,,,,,,,,,,,,,,,,,,,,,,,,,
2013-12-11,MK0331YHGSLBKA,Hitachi HDS723030ALA640,3000592982016,0,,0,,,,,,,,24,,,,,,17036,,,,,,,,,,,,,,,,,,,,,,,,,,,,,,25,,,,,,0,,,,,,,,,,,,,,,,,,,,,,,,,,,,
2013-12-11,W300KFCB,ST4000DM000,4000787030016,0,,6793656,,,,,,,,0,,,,,,815,,,,,,,,,,,,,,,,,,,,,,,,,,,,,,17,,,,,,0,,,,,,,,,,,,,,,,,,,,,,,,,,,,
2013-12-11,W300KFCC,ST4000DM000,4000787030016,0,,218624344,,,,,,,,0,,,,,,815,,,,,,,,,,,,,,,,,,,,,,,,,,,,,,21,,,,,,0,,,,,,,,,,,,,,,,,,,,,,,,,,,,
2013-12-11,JK11A8B9J3KG0F,Hitachi HDS722020ALA330,2000398934016,0,,0,,,,,,,,0,,,,,,23829,,,,,,,,,,,,,,,,,,,,,,,,,,,,,,25,,,,,,0,,,,,,,,,,,,,,,,,,,,,,,,,,,,
2013-12-11,MJ1313YNG1YMUC,Hitachi HDS5C3030ALA630,3000592982016,0,,0,,,,,,,,0,,,,,,21796,,,,,,,,,,,,,,,,,,,,,,,,,,,,,,27,,,,,,0,,,,,,,,,,,,,,,,,,,,,,,,,,,,
2013-12-11,JK11A8B9GPAY9F,Hitachi HDS722020ALA330,2000398934016,0,,0,,,,,,,,0,,,,,,26493,,,,,,,,,,,,,,,,,,,,,,,,,,,,,,26,,,,,,0,,,,,,,,,,,,,,,,,,,,,,,,,,,,
2013-12-11,W1F0AQGD,ST3000DM001,3000592982016,0,,51660616,,,,,,,,0,,,,,,13356,,,,,,,,,,,,,,,,,,,,,,,,,,,,,,24,,,,,,0,,,,,,,,,,,,,,,,,,,,,,,,,,,,
2013-12-11,9XW021BS,ST31500541AS,1500301910016,0,,179919247,,,,,,,,0,,,,,,35446,,,,,,,,,,,,,,,,,,,,,,,,,,,,,,21,,,,,,0,,,,,,,,,,,,,,,,,,,,,,,,,,,,
2013-12-11,MJ0351YNG9WA1A,Hitachi HDS5C3030ALA630,3000592982016,0,,0,,,,,,,,0,,,,,,8497,,,,,,,,,,,,,,,,,,,,,,,,,,,,,,26,,,,,,0,,,,,,,,,,,,,,,,,,,,,,,,,,,,
2013-12-11,PL1321LAG3664H,Hitachi HDS5C4040ALE630,4000787030016,0,,0,,,,,,,,0,,,,,,5959,,,,,,,,,,,,,,,,,,,,,,,,,,,,,,19,,,,,,0,,,,,,,,,,,,,,,,,,,,,,,,,,,,
2013-12-11,PL1311LAG38M3H,Hitachi HDS5C4040ALE630,4000787030016,0,,0,,,,,,,,0,,,,,,5959,,,,,,,,,,,,,,,,,,,,,,,,,,,,,,16,,,,,,0,,,,,,,,,,,,,,,,,,,,,,,,,,,,
2013-12-11,9VS3J4RD,ST31500341AS,1500301910016,0,,3417564,,,,,,,,16,,,,,,32917,,,,,,,,,,,,,,,,,,,,,,,,,,,,,,25,,,,,,0,,,,,,,,,,,,,,,,,,,,,,,,,,,,
2013-12-11,JK11A8B9J3AKVF,Hitachi HDS722020ALA330,2000398934016,0,,1,,,,,,,,0,,,,,,23829,,,,,,,,,,,,,,,,,,,,,,,,,,,,,,26,,,,,,0,,,,,,,,,,,,,,,,,,,,,,,,,,,,
2013-12-11,MK0311YHGDREKA,Hitachi HDS723030ALA640,3000592982016,0,,0,,,,,,,,0,,,,,,21459,,,,,,,,,,,,,,,,,,,,,,,,,,,,,,24,,,,,,0,,,,,,,,,,,,,,,,,,,,,,,,,,,,
2013-12-11,S1F0R37Q,ST3000DM001,3000592982016,0,,214764224,,,,,,,,0,,,,,,11639,,,,,,,,,,,,,,,,,,,,,,,,,,,,,,24,,,,,,0,,,,,,,,,,,,,,,,,,,,,,,,,,,,
2013-12-11,MJ0351YNG9SWSA,Hitachi HDS5C3030ALA630,3000592982016,0,,327680,,,,,,,,0,,,,,,9477,,,,,,,,,,,,,,,,,,,,,,,,,,,,,,24,,,,,,0,,,,,,,,,,,,,,,,,,,,,,,,,,,,
2013-12-11,Z1F1653X,ST3000DM001,3000592982016,0,,69966896,,,,,,,,0,,,,,,8022,,,,,,,,,,,,,,,,,,,,,,,,,,,,,,26,,,,,,0,,,,,,,,,,,,,,,,,,,,,,,,,,,,
2013-12-11,5XW15R6L,ST32000542AS,2000398934016,0,,17294910,,,,,,,,0,,,,,,15216,,,,,,,,,,,,,,,,,,,,,,,,,,,,,,22,,,,,,0,,,,,,,,,,,,,,,,,,,,,,,,,,,,
2013-12-11,S1F0L031,ST3000DM001,3000592982016,0,,49238256,,,,,,,,0,,,,,,10866,,,,,,,,,,,,,,,,,,,,,,,,,,,,,,25,,,,,,0,,,,,,,,,,,,,,,,,,,,,,,,,,,,
2013-12-11,MK0313YHGJJPYC,Hitachi HDS723030ALA640,3000592982016,0,,65542,,,,,,,,0,,,,,,21462,,,,,,,,,,,,,,,,,,,,,,,,,,,,,,29,,,,,,0,,,,,,,,,,,,,,,,,,,,,,,,,,,,
2013-12-11,S1F0L037,ST3000DM001,3000592982016,0,,237093080,,,,,,,,0,,,,,,11048,,,,,,,,,,,,,,,,,,,,,,,,,,,,,,23,,,,,,0,,,,,,,,,,,,,,,,,,,,,,,,,,,,
2013-12-11,5XW0AD96,ST31500541AS,1500301910016,0,,140631137,,,,,,,,0,,,,,,15152,,,,,,,,,,,,,,,,,,,,,,,,,,,,,,20,,,,,,0,,,,,,,,,,,,,,,,,,,,,,,,,,,,
2013-12-11,W1F1C9HM,ST3000DM001,3000592982016,0,,199073848,,,,,,,,0,,,,,,8044,,,,,,,,,,,,,,,,,,,,,,,,,,,,,,22,,,,,,0,,,,,,,,,,,,,,,,,,,,,,,,,,,,
2013-12-11,Z1Z03747,ST4000DX000,4000787030016,0,,27230998,,,,,,,,0,,,,,,5379,,,,,,,,,,,,,,,,,,,,,,,,,,,,,,23,,,,,,0,,,,,,,,,,,,,,,,,,,,,,,,,,,,
2013-12-11,S1F0S02A,ST3000DM001,3000592982016,0,,60548336,,,,,,,,0,,,,,,10727,,,,,,,,,,,,,,,,,,,,,,,,,,,,,,20,,,,,,0,,,,,,,,,,,,,,,,,,,,,,,,,,,,
2013-12-11,9VS3JDS5,ST31500341AS,1500301910016,0,,112936049,,,,,,,,1,,,,,,32920,,,,,,,,,,,,,,,,,,,,,,,,,,,,,,19,,,,,,0,,,,,,,,,,,,,,,,,,,,,,,,,,,,
2013-12-11,5XW1DXZP,ST32000542AS,2000398934016,0,,123322168,,,,,,,,0,,,,,,13013,,,,,,,,,,,,,,,,,,,,,,,,,,,,,,23,,,,,,0,,,,,,,,,,,,,,,,,,,,,,,,,,,,
2013-12-11,S1F01JW4,ST3000DM001,3000592982016,0,,85654688,,,,,,,,0,,,,,,15191,,,,,,,,,,,,,,,,,,,,,,,,,,,,,,20,,,,,,0,,,,,,,,,,,,,,,,,,,,,,,,,,,,
2013-12-11,PL1321LAG33V9H,Hitachi HDS5C4040ALE630,4000787030016,0,,0,,,,,,,,0,,,,,,6650,,,,,,,,,,,,,,,,,,,,,,,,,,,,,,19,,,,,,0,,,,,,,,,,,,,,,,,,,,,,,,,,,,
2013-12-11,WD-WMC4N1085650,WDC WD30EFRX,3000592982016,0,,0,,,,,,,,0,,,,,,463,,,,,,,,,,,,,,,,,,,,,,,,,,,,,,23,,,,,,0,,,,,,,,,,,,,,,,,,,,,,,,,,,,
2013-12-11,Z300CX2Y,ST4000DM000,4000787030016,0,,160491360,,,,,,,,0,,,,,,2225,,,,,,,,,,,,,,,,,,,,,,,,,,,,,,23,,,,,,0,,,,,,,,,,,,,,,,,,,,,,,,,,,,
2013-12-11,PL1321LAG33LYH,Hitachi HDS5C4040ALE630,4000787030016,0,,0,,,,,,,,0,,,,,,5923,,,,,,,,,,,,,,,,,,,,,,,,,,,,,,19,,,,,,0,,,,,,,,,,,,,,,,,,,,,,,,,,,,
2013-12-11,MJ1311YNG4WYDA,Hitachi HDS5C3030ALA630,3000592982016,0,,0,,,,,,,,0,,,,,,14288,,,,,,,,,,,,,,,,,,,,,,,,,,,,,,30,,,,,,0,,,,,,,,,,,,,,,,,,,,,,,,,,,,
2013-12-11,WD-WCAWZ1338284,WDC WD30EZRX,3000592982016,0,,0,,,,,,,,0,,,,,,15831,,,,,,,,,,,,,,,,,,,,,,,,,,,,,,26,,,,,,0,,,,,,,,,,,,,,,,,,,,,,,,,,,,
2013-12-11,MJ1311YNG5M78A,Hitachi HDS5C3030ALA630,3000592982016,0,,0,,,,,,,,0,,,,,,14310,,,,,,,,,,,,,,,,,,,,,,,,,,,,,,25,,,,,,0,,,,,,,,,,,,,,,,,,,,,,,,,,,,
2013-12-11,W30069P2,ST4000DM000,4000787030016,0,,62729280,,,,,,,,0,,,,,,2902,,,,,,,,,,,,,,,,,,,,,,,,,,,,,,28,,,,,,0,,,,,,,,,,,,,,,,,,,,,,,,,,,,
2013-12-11,MJ0351YNG9SGLA,Hitachi HDS5C3030ALA630,3000592982016,0,,0,,,,,,,,0,,,,,,7612,,,,,,,,,,,,,,,,,,,,,,,,,,,,,,21,,,,,,0,,,,,,,,,,,,,,,,,,,,,,,,,,,,
2013-12-11,PL1311LAG3E66H,Hitachi HDS5C4040ALE630,4000787030016,0,,0,,,,,,,,0,,,,,,6654,,,,,,,,,,,,,,,,,,,,,,,,,,,,,,18,,,,,,0,,,,,,,,,,,,,,,,,,,,,,,,,,,,
2013-12-11,JK1101B9G95J2T,Hitachi HDS722020ALA330,2000398934016,0,,131076,,,,,,,,0,,,,,,27487,,,,,,,,,,,,,,,,,,,,,,,,,,,,,,24,,,,,,0,,,,,,,,,,,,,,,,,,,,,,,,,,,,
2013-12-11,W1F0AP5X,ST3000DM001,3000592982016,0,,221512304,,,,,,,,0,,,,,,13820,,,,,,,,,,,,,,,,,,,,,,,,,,,,,,20,,,,,,0,,,,,,,,,,,,,,,,,,,,,,,,,,,,
2013-12-11,Z300GQ68,ST4000DM000,4000787030016,0,,193784552,,,,,,,,0,,,,,,3588,,,,,,,,,,,,,,,,,,,,,,,,,,,,,,25,,,,,,0,,,,,,,,,,,,,,,,,,,,,,,,,,,,
2013-12-11,6XW05AJ5,ST31500541AS,1500301910016,0,,79145066,,,,,,,,0,,,,,,37168,,,,,,,,,,,,,,,,,,,,,,,,,,,,,,24,,,,,,0,,,,,,,,,,,,,,,,,,,,,,,,,,,,
2013-12-11,Z300GQ61,ST4000DM000,4000787030016,0,,240567344,,,,,,,,0,,,,,,3583,,,,,,,,,,,,,,,,,,,,,,,,,,,,,,24,,,,,,0,,,,,,,,,,,,,,,,,,,,,,,,,,,,
2013-12-11,MJ1321YNG09PZA,Hitachi HDS5C3030ALA630,3000592982016,0,,786432,,,,,,,,0,,,,,,20507,,,,,,,,,,,,,,,,,,,,,,,,,,,,,,25,,,,,,0,,,,,,,,,,,,,,,,,,,,,,,,,,,,
2013-12-11,JK11A8B9J7DVYF,Hitachi HDS722020ALA330,2000398934016,0,,0,,,,,,,,0,,,,,,24632,,,,,,,,,,,,,,,,,,,,,,,,,,,,,,30,,,,,,0,,,,,,,,,,,,,,,,,,,,,,,,,,,,
2013-12-11,9VS270T3,ST31500341AS,1500301910016,0,,229673028,,,,,,,,18,,,,,,38482,,,,,,,,,,,,,,,,,,,,,,,,,,,,,,24,,,,,,0,,,,,,,,,,,,,,,,,,,,,,,,,,,,
2013-12-11,W300J6EE,ST4000DM000,4000787030016,0,,96120968,,,,,,,,0,,,,,,1703,,,,,,,,,,,,,,,,,,,,,,,,,,,,,,24,,,,,,0,,,,,,,,,,,,,,,,,,,,,,,,,,,,
2013-12-11,JK1171B9HLJXUT,Hitachi HDS722020ALA330,2000398934016,0,,0,,,,,,,,0,,,,,,25667,,,,,,,,,,,,,,,,,,,,,,,,,,,,,,24,,,,,,0,,,,,,,,,,,,,,,,,,,,,,,,,,,,
2013-12-11,JK11H1B9GLTVLR,Hitachi HDS722020ALA330,2000398934016,0,,0,,,,,,,,0,,,,,,27542,,,,,,,,,,,,,,,,,,,,,,,,,,,,,,22,,,,,,0,,,,,,,,,,,,,,,,,,,,,,,,,,,,
2013-12-11,MJ1323YNG1NVNC,Hitachi HDS5C3030ALA630,3000592982016,0,,0,,,,,,,,0,,,,,,19773,,,,,,,,,,,,,,,,,,,,,,,,,,,,,,22,,,,,,0,,,,,,,,,,,,,,,,,,,,,,,,,,,,
2013-12-11,JK1130YAHPDNAT,Hitachi HDS722020ALA330,2000398934016,0,,0,,,,,,,,0,,,,,,23666,,,,,,,,,,,,,,,,,,,,,,,,,,,,,,28,,,,,,0,,,,,,,,,,,,,,,,,,,,,,,,,,,,
2013-12-11,MJ0351YNG9Y1KA,Hitachi HDS5C3030ALA630,3000592982016,0,,0,,,,,,,,0,,,,,,8665,,,,,,,,,,,,,,,,,,,,,,,,,,,,,,29,,,,,,0,,,,,,,,,,,,,,,,,,,,,,,,,,,,
2013-12-11,S1F0J57N,ST3000DM001,3000592982016,0,,85554856,,,,,,,,0,,,,,,12174,,,,,,,,,,,,,,,,,,,,,,,,,,,,,,32,,,,,,16,,,,,,,,,,,,,,,,,,,,,,,,,,,,
2013-12-11,S1F06JRG,ST3000DM001,3000592982016,0,,41689480,,,,,,,,0,,,,,,12359,,,,,,,,,,,,,,,,,,,,,,,,,,,,,,25,,,,,,0,,,,,,,,,,,,,,,,,,,,,,,,,,,,
2013-12-11,PL2311LAG1W5RC,Hitachi HDS5C4040ALE630,4000787030016,0,,0,,,,,,,,0,,,,,,7461,,,,,,,,,,,,,,,,,,,,,,,,,,,,,,27,,,,,,0,,,,,,,,,,,,,,,,,,,,,,,,,,,,
2013-12-11,Z300PBNK,ST4000DM000,4000787030016,0,,217259424,,,,,,,,0,,,,,,1451,,,,,,,,,,,,,,,,,,,,,,,,,,,,,,26,,,,,,0,,,,,,,,,,,,,,,,,,,,,,,,,,,,
2013-12-11,JK1104B8GDT9GW,Hitachi HDS722020ALA330,2000398934016,0,,0,,,,,,,,0,,,,,,27159,,,,,,,,,,,,,,,,,,,,,,,,,,,,,,22,,,,,,0,,,,,,,,,,,,,,,,,,,,,,,,,,,,
2013-12-11,PL1331LAG5AZGH,HGST HMS5C4040ALE640,4000787030016,0,,0,,,,,,,,0,,,,,,9402,,,,,,,,,,,,,,,,,,,,,,,,,,,,,,29,,,,,,0,,,,,,,,,,,,,,,,,,,,,,,,,,,,
2013-12-11,6XW0380Z,ST31500541AS,1500301910016,0,,197264492,,,,,,,,0,,,,,,34751,,,,,,,,,,,,,,,,,,,,,,,,,,,,,,21,,,,,,0,,,,,,,,,,,,,,,,,,,,,,,,,,,,
2013-12-11,Z1F02J7L,ST3000DM001,3000592982016,0,,201436384,,,,,,,,0,,,,,,10819,,,,,,,,,,,,,,,,,,,,,,,,,,,,,,24,,,,,,0,,,,,,,,,,,,,,,,,,,,,,,,,,,,
2013-12-11,JK11A8B9GKU1AF,Hitachi HDS722020ALA330,2000398934016,0,,0,,,,,,,,0,,,,,,26493,,,,,,,,,,,,,,,,,,,,,,,,,,,,,,28,,,,,,0,,,,,,,,,,,,,,,,,,,,,,,,,,,,
2013-12-11,Z300GQ6X,ST4000DM000,4000787030016,0,,116214344,,,,,,,,0,,,,,,3621,,,,,,,,,,,,,,,,,,,,,,,,,,,,,,22,,,,,,0,,,,,,,,,,,,,,,,,,,,,,,,,,,,
2013-12-11,Z300GQ6W,ST4000DM000,4000787030016,0,,186818584,,,,,,,,0,,,,,,3361,,,,,,,,,,,,,,,,,,,,,,,,,,,,,,20,,,,,,0,,,,,,,,,,,,,,,,,,,,,,,,,,,,
2013-12-11,Z300GQ6V,ST4000DM000,4000787030016,0,,208316928,,,,,,,,0,,,,,,3583,,,,,,,,,,,,,,,,,,,,,,,,,,,,,,24,,,,,,0,,,,,,,,,,,,,,,,,,,,,,,,,,,,
2013-12-11,Z300GQ6S,ST4000DM000,4000787030016,0,,241641936,,,,,,,,0,,,,,,3586,,,,,,,,,,,,,,,,,,,,,,,,,,,,,,22,,,,,,0,,,,,,,,,,,,,,,,,,,,,,,,,,,,
2013-12-11,PL1311LAG2AZ0H,Hitachi HDS5C4040ALE630,4000787030016,0,,0,,,,,,,,0,,,,,,1347,,,,,,,,,,,,,,,,,,,,,,,,,,,,,,20,,,,,,0,,,,,,,,,,,,,,,,,,,,,,,,,,,,
2013-12-11,JK11A8B9GPAV9F,Hitachi HDS722020ALA330,2000398934016,0,,0,,,,,,,,0,,,,,,23577,,,,,,,,,,,,,,,,,,,,,,,,,,,,,,27,,,,,,0,,,,,,,,,,,,,,,,,,,,,,,,,,,,
2013-12-11,6XW1F3ZQ,ST32000542AS,2000398934016,0,,224834972,,,,,,,,0,,,,,,13469,,,,,,,,,,,,,,,,,,,,,,,,,,,,,,20,,,,,,0,,,,,,,,,,,,,,,,,,,,,,,,,,,,
2013-12-11,W300J30G,ST4000DM000,4000787030016,0,,16737928,,,,,,,,0,,,,,,920,,,,,,,,,,,,,,,,,,,,,,,,,,,,,,22,,,,,,0,,,,,,,,,,,,,,,,,,,,,,,,,,,,
2013-12-11,MJ1311YNG612YA,Hitachi HDS5C3030ALA630,3000592982016,0,,0,,,,,,,,0,,,,,,14289,,,,,,,,,,,,,,,,,,,,,,,,,,,,,,33,,,,,,0,,,,,,,,,,,,,,,,,,,,,,,,,,,,
2013-12-11,MJ0351YNGA47BA,Hitachi HDS5C3030ALA630,3000592982016,0,,0,,,,,,,,0,,,,,,9311,,,,,,,,,,,,,,,,,,,,,,,,,,,,,,30,,,,,,0,,,,,,,,,,,,,,,,,,,,,,,,,,,,
2013-12-11,6XW02GJQ,ST31500541AS,1500301910016,0,,185373854,,,,,,,,0,,,,,,35750,,,,,,,,,,,,,,,,,,,,,,,,,,,,,,22,,,,,,0,,,,,,,,,,,,,,,,,,,,,,,,,,,,
2013-12-11,S1F0S2WJ,ST3000DM001,3000592982016,0,,21566000,,,,,,,,0,,,,,,10538,,,,,,,,,,,,,,,,,,,,,,,,,,,,,,27,,,,,,0,,,,,,,,,,,,,,,,,,,,,,,,,,,,
2013-12-11,PL1311LAG3EG8H,Hitachi HDS5C4040ALE630,4000787030016,0,,0,,,,,,,,0,,,,,,5962,,,,,,,,,,,,,,,,,,,,,,,,,,,,,,20,,,,,,0,,,,,,,,,,,,,,,,,,,,,,,,,,,,
2013-12-11,MJ1311YNG7KPLA,Hitachi HDS5C3030ALA630,3000592982016,0,,0,,,,,,,,0,,,,,,14620,,,,,,,,,,,,,,,,,,,,,,,,,,,,,,24,,,,,,0,,,,,,,,,,,,,,,,,,,,,,,,,,,,
2013-12-11,W1F096VV,ST3000DM001,3000592982016,0,,130493128,,,,,,,,0,,,,,,13371,,,,,,,,,,,,,,,,,,,,,,,,,,,,,,24,,,,,,0,,,,,,,,,,,,,,,,,,,,,,,,,,,,
2013-12-11,W1F0BA20,ST3000DM001,3000592982016,0,,83976328,,,,,,,,0,,,,,,14213,,,,,,,,,,,,,,,,,,,,,,,,,,,,,,24,,,,,,0,,,,,,,,,,,,,,,,,,,,,,,,,,,,
2013-12-11,W300BWWJ,ST4000DM000,4000787030016,0,,134564168,,,,,,,,0,,,,,,4047,,,,,,,,,,,,,,,,,,,,,,,,,,,,,,22,,,,,,0,,,,,,,,,,,,,,,,,,,,,,,,,,,,
2013-12-11,Z300PMCT,ST4000DM000,4000787030016,0,,191094976,,,,,,,,0,,,,,,1232,,,,,,,,,,,,,,,,,,,,,,,,,,,,,,22,,,,,,0,,,,,,,,,,,,,,,,,,,,,,,,,,,,
2013-12-11,Z300PMCW,ST4000DM000,4000787030016,0,,154248752,,,,,,,,0,,,,,,1113,,,,,,,,,,,,,,,,,,,,,,,,,,,,,,22,,,,,,0,,,,,,,,,,,,,,,,,,,,,,,,,,,,
2013-12-11,JK1101B9JPG40F,Hitachi HDS722020ALA330,2000398934016,0,,0,,,,,,,,0,,,,,,24431,,,,,,,,,,,,,,,,,,,,,,,,,,,,,,25,,,,,,0,,,,,,,,,,,,,,,,,,,,,,,,,,,,
2013-12-11,JK1101B9JPH4UF,Hitachi HDS722020ALA330,2000398934016,0,,65536,,,,,,,,0,,,,,,24099,,,,,,,,,,,,,,,,,,,,,,,,,,,,,,28,,,,,,0,,,,,,,,,,,,,,,,,,,,,,,,,,,,
2013-12-11,Z300PMCD,ST4000DM000,4000787030016,0,,142812664,,,,,,,,0,,,,,,1233,,,,,,,,,,,,,,,,,,,,,,,,,,,,,,21,,,,,,0,,,,,,,,,,,,,,,,,,,,,,,,,,,,
2013-12-11,MJ0351YNG9YD0A,Hitachi HDS5C3030ALA630,3000592982016,0,,0,,,,,,,,0,,,,,,8214,,,,,,,,,,,,,,,,,,,,,,,,,,,,,,29,,,,,,0,,,,,,,,,,,,,,,,,,,,,,,,,,,,
2013-12-11,Z300PMC7,ST4000DM000,4000787030016,0,,115697600,,,,,,,,0,,,,,,1094,,,,,,,,,,,,,,,,,,,,,,,,,,,,,,22,,,,,,0,,,,,,,,,,,,,,,,,,,,,,,,,,,,
2013-12-11,Z300C6VB,ST4000DM000,4000787030016,0,,45240024,,,,,,,,0,,,,,,2263,,,,,,,,,,,,,,,,,,,,,,,,,,,,,,22,,,,,,0,,,,,,,,,,,,,,,,,,,,,,,,,,,,
2013-12-11,JK11A1YAJH824V,Hitachi HDS722020ALA330,2000398934016,0,,0,,,,,,,,0,,,,,,28852,,,,,,,,,,,,,,,,,,,,,,,,,,,,,,31,,,,,,0,,,,,,,,,,,,,,,,,,,,,,,,,,,,
2013-12-11,W300BMZP,ST4000DM000,4000787030016,0,,195887960,,,,,,,,0,,,,,,3611,,,,,,,,,,,,,,,,,,,,,,,,,,,,,,21,,,,,,0,,,,,,,,,,,,,,,,,,,,,,,,,,,,
2013-12-11,PL1311LAG31LKH,Hitachi HDS5C4040ALE630,4000787030016,0,,0,,,,,,,,0,,,,,,6639,,,,,,,,,,,,,,,,,,,,,,,,,,,,,,27,,,,,,0,,,,,,,,,,,,,,,,,,,,,,,,,,,,
2013-12-11,MJ1311YNG5X1LA,Hitachi HDS5C3030ALA630,3000592982016,0,,0,,,,,,,,0,,,,,,14574,,,,,,,,,,,,,,,,,,,,,,,,,,,,,,23,,,,,,0,,,,,,,,,,,,,,,,,,,,,,,,,,,,
2013-12-11,JK11A8B9J37Y5F,Hitachi HDS722020ALA330,2000398934016,0,,1,,,,,,,,0,,,,,,24216,,,,,,,,,,,,,,,,,,,,,,,,,,,,,,28,,,,,,0,,,,,,,,,,,,,,,,,,,,,,,,,,,,
2013-12-11,JK11A8B9J39A0F,Hitachi HDS722020ALA330,2000398934016,0,,65536,,,,,,,,0,,,,,,23125,,,,,,,,,,,,,,,,,,,,,,,,,,,,,,38,,,,,,0,,,,,,,,,,,,,,,,,,,,,,,,,,,,
2013-12-11,Z300H1BT,ST4000DM000,4000787030016,0,,241955376,,,,,,,,0,,,,,,1331,,,,,,,,,,,,,,,,,,,,,,,,,,,,,,20,,,,,,0,,,,,,,,,,,,,,,,,,,,,,,,,,,,
2013-12-11,W300J300,ST4000DM000,4000787030016,0,,76522440,,,,,,,,0,,,,,,885,,,,,,,,,,,,,,,,,,,,,,,,,,,,,,22,,,,,,0,,,,,,,,,,,,,,,,,,,,,,,,,,,,
2013-12-11,W300J306,ST4000DM000,4000787030016,0,,18161040,,,,,,,,0,,,,,,815,,,,,,,,,,,,,,,,,,,,,,,,,,,,,,20,,,,,,0,,,,,,,,,,,,,,,,,,,,,,,,,,,,
2013-12-11,MJ1321YNG0KBWA,Hitachi HDS5C3030ALA630,3000592982016,0,,0,,,,,,,,0,,,,,,19763,,,,,,,,,,,,,,,,,,,,,,,,,,,,,,27,,,,,,0,,,,,,,,,,,,,,,,,,,,,,,,,,,,
2013-12-11,9XW01YS5,ST31500541AS,1500301910016,0,,41222474,,,,,,,,293,,,,,,35034,,,,,,,,,,,,,,,,,,,,,,,,,,,,,,21,,,,,,13,,,,,,,,,,,,,,,,,,,,,,,,,,,,
2013-12-11,5XW046FE,ST31500541AS,1500301910016,0,,80500682,,,,,,,,0,,,,,,35228,,,,,,,,,,,,,,,,,,,,,,,,,,,,,,19,,,,,,0,,,,,,,,,,,,,,,,,,,,,,,,,,,,
2013-12-11,MJ1323YNG18AHC,Hitachi HDS5C3030ALA630,3000592982016,0,,0,,,,,,,,0,,,,,,20509,,,,,,,,,,,,,,,,,,,,,,,,,,,,,,22,,,,,,0,,,,,,,,,,,,,,,,,,,,,,,,,,,,
2013-12-11,6XW039DS,ST31500541AS,1500301910016,0,,229834131,,,,,,,,343,,,,,,34750,,,,,,,,,,,,,,,,,,,,,,,,,,,,,,20,,,,,,0,,,,,,,,,,,,,,,,,,,,,,,,,,,,
2013-12-11,JK1101B9KNY18F,Hitachi HDS722020ALA330,2000398934016,0,,65536,,,,,,,,0,,,,,,23099,,,,,,,,,,,,,,,,,,,,,,,,,,,,,,29,,,,,,0,,,,,,,,,,,,,,,,,,,,,,,,,,,,
2013-12-11,MJ1311YNG3KZGA,Hitachi HDS5C3030ALA630,3000592982016,0,,0,,,,,,,,0,,,,,,19310,,,,,,,,,,,,,,,,,,,,,,,,,,,,,,26,,,,,,0,,,,,,,,,,,,,,,,,,,,,,,,,,,,
2013-12-11,Z300MW7F,ST4000DM000,4000787030016,0,,23599160,,,,,,,,0,,,,,,2902,,,,,,,,,,,,,,,,,,,,,,,,,,,,,,28,,,,,,0,,,,,,,,,,,,,,,,,,,,,,,,,,,,
2013-12-11,MJ1311YNG36KNA,Hitachi HDS5C3030ALA630,3000592982016,0,,0,,,,,,,,0,,,,,,18386,,,,,,,,,,,,,,,,,,,,,,,,,,,,,,24,,,,,,0,,,,,,,,,,,,,,,,,,,,,,,,,,,,
2013-12-11,W300B2TW,ST4000DM000,4000787030016,0,,55139104,,,,,,,,0,,,,,,4190,,,,,,,,,,,,,,,,,,,,,,,,,,,,,,25,,,,,,0,,,,,,,,,,,,,,,,,,,,,,,,,,,,
2013-12-11,JK1101B9JRLB8F,Hitachi HDS722020ALA330,2000398934016,0,,0,,,,,,,,0,,,,,,23579,,,,,,,,,,,,,,,,,,,,,,,,,,,,,,29,,,,,,0,,,,,,,,,,,,,,,,,,,,,,,,,,,,
2013-12-11,Z300HR76,ST4000DM000,4000787030016,0,,62303208,,,,,,,,0,,,,,,2900,,,,,,,,,,,,,,,,,,,,,,,,,,,,,,25,,,,,,0,,,,,,,,,,,,,,,,,,,,,,,,,,,,
2013-12-11,JK11A8B9J6P3MR,Hitachi HDS722020ALA330,2000398934016,0,,0,,,,,,,,0,,,,,,25580,,,,,,,,,,,,,,,,,,,,,,,,,,,,,,27,,,,,,0,,,,,,,,,,,,,,,,,,,,,,,,,,,,
2013-12-11,PL1311LAG1VNWA,Hitachi HDS5C4040ALE630,4000787030016,0,,0,,,,,,,,0,,,,,,7461,,,,,,,,,,,,,,,,,,,,,,,,,,,,,,27,,,,,,0,,,,,,,,,,,,,,,,,,,,,,,,,,,,
2013-12-11,Z290VZLY,ST33000651AS,3000592982016,0,,130604514,,,,,,,,0,,,,,,18074,,,,,,,,,,,,,,,,,,,,,,,,,,,,,,29,,,,,,0,,,,,,,,,,,,,,,,,,,,,,,,,,,,
2013-12-11,6XW15QF9,ST32000542AS,2000398934016,0,,176689815,,,,,,,,0,,,,,,31705,,,,,,,,,,,,,,,,,,,,,,,,,,,,,,25,,,,,,0,,,,,,,,,,,,,,,,,,,,,,,,,,,,
2013-12-11,MJ0351YNGAAL4A,Hitachi HDS5C3030ALA630,3000592982016,0,,0,,,,,,,,0,,,,,,8615,,,,,,,,,,,,,,,,,,,,,,,,,,,,,,31,,,,,,0,,,,,,,,,,,,,,,,,,,,,,,,,,,,
2013-12-11,MJ1321YNG0S6AA,Hitachi HDS5C3030ALA630,3000592982016,0,,0,,,,,,,,0,,,,,,20511,,,,,,,,,,,,,,,,,,,,,,,,,,,,,,25,,,,,,0,,,,,,,,,,,,,,,,,,,,,,,,,,,,
2013-12-11,Z300KG3T,ST4000DM000,4000787030016,0,,145811776,,,,,,,,0,,,,,,2218,,,,,,,,,,,,,,,,,,,,,,,,,,,,,,23,,,,,,0,,,,,,,,,,,,,,,,,,,,,,,,,,,,
2013-12-11,W300B2T2,ST4000DM000,4000787030016,0,,213593880,,,,,,,,0,,,,,,3588,,,,,,,,,,,,,,,,,,,,,,,,,,,,,,23,,,,,,0,,,,,,,,,,,,,,,,,,,,,,,,,,,,
2013-12-11,W300BGTV,ST4000DM000,4000787030016,0,,68438904,,,,,,,,0,,,,,,4160,,,,,,,,,,,,,,,,,,,,,,,,,,,,,,24,,,,,,0,,,,,,,,,,,,,,,,,,,,,,,,,,,,
2013-12-11,JK11A8B9GPD58F,Hitachi HDS722020ALA330,2000398934016,0,,65538,,,,,,,,0,,,,,,26328,,,,,,,,,,,,,,,,,,,,,,,,,,,,,,23,,,,,,0,,,,,,,,,,,,,,,,,,,,,,,,,,,,
2013-12-11,W300BNHN,ST4000DM000,4000787030016,0,,44802000,,,,,,,,0,,,,,,4189,,,,,,,,,,,,,,,,,,,,,,,,,,,,,,26,,,,,,0,,,,,,,,,,,,,,,,,,,,,,,,,,,,
2013-12-11,PL1311LAG1A43A,Hitachi HDS5C4040ALE630,4000787030016,0,,0,,,,,,,,0,,,,,,5186,,,,,,,,,,,,,,,,,,,,,,,,,,,,,,24,,,,,,0,,,,,,,,,,,,,,,,,,,,,,,,,,,,
2013-12-11,JK1101B9KNLRJF,Hitachi HDS722020ALA330,2000398934016,0,,0,,,,,,,,0,,,,,,23099,,,,,,,,,,,,,,,,,,,,,,,,,,,,,,27,,,,,,0,,,,,,,,,,,,,,,,,,,,,,,,,,,,
2013-12-11,JK1101B9GBUDMF,Hitachi HDS722020ALA330,2000398934016,0,,0,,,,,,,,0,,,,,,27734,,,,,,,,,,,,,,,,,,,,,,,,,,,,,,24,,,,,,0,,,,,,,,,,,,,,,,,,,,,,,,,,,,
2013-12-11,PL1311LAG3ASTH,Hitachi HDS5C4040ALE630,4000787030016,0,,0,,,,,,,,0,,,,,,6616,,,,,,,,,,,,,,,,,,,,,,,,,,,,,,25,,,,,,0,,,,,,,,,,,,,,,,,,,,,,,,,,,,
2013-12-11,Z300KCRP,ST4000DM000,4000787030016,0,,109026512,,,,,,,,0,,,,,,2216,,,,,,,,,,,,,,,,,,,,,,,,,,,,,,21,,,,,,0,,,,,,,,,,,,,,,,,,,,,,,,,,,,
2013-12-11,Z300KCRS,ST4000DM000,4000787030016,0,,187850936,,,,,,,,0,,,,,,2216,,,,,,,,,,,,,,,,,,,,,,,,,,,,,,22,,,,,,0,,,,,,,,,,,,,,,,,,,,,,,,,,,,
2013-12-11,W1F08FHX,ST3000DM001,3000592982016,0,,43478392,,,,,,,,0,,,,,,14713,,,,,,,,,,,,,,,,,,,,,,,,,,,,,,25,,,,,,0,,,,,,,,,,,,,,,,,,,,,,,,,,,,
2013-12-11,MK0313YHGGJ4PC,Hitachi HDS723030ALA640,3000592982016,0,,0,,,,,,,,0,,,,,,16682,,,,,,,,,,,,,,,,,,,,,,,,,,,,,,29,,,,,,0,,,,,,,,,,,,,,,,,,,,,,,,,,,,
2013-12-11,W1F08FHZ,ST3000DM001,3000592982016,0,,136235080,,,,,,,,0,,,,,,13823,,,,,,,,,,,,,,,,,,,,,,,,,,,,,,26,,,,,,0,,,,,,,,,,,,,,,,,,,,,,,,,,,,
2013-12-11,Z300KCRD,ST4000DM000,4000787030016,0,,62899392,,,,,,,,0,,,,,,2217,,,,,,,,,,,,,,,,,,,,,,,,,,,,,,22,,,,,,0,,,,,,,,,,,,,,,,,,,,,,,,,,,,
2013-12-11,MJ0351YNGAAGKA,Hitachi HDS5C3030ALA630,3000592982016,0,,0,,,,,,,,0,,,,,,8614,,,,,,,,,,,,,,,,,,,,,,,,,,,,,,32,,,,,,0,,,,,,,,,,,,,,,,,,,,,,,,,,,,
2013-12-11,Z300KCRB,ST4000DM000,4000787030016,0,,84203944,,,,,,,,0,,,,,,2258,,,,,,,,,,,,,,,,,,,,,,,,,,,,,,23,,,,,,0,,,,,,,,,,,,,,,,,,,,,,,,,,,,
2013-12-11,9VS3HLGJ,ST31500341AS,1500301910016,0,,111025857,,,,,,,,17,,,,,,32916,,,,,,,,,,,,,,,,,,,,,,,,,,,,,,25,,,,,,0,,,,,,,,,,,,,,,,,,,,,,,,,,,,
2013-12-11,JK1101B9GELBBF,Hitachi HDS722020ALA330,2000398934016,0,,65539,,,,,,,,49,,,,,,27542,,,,,,,,,,,,,,,,,,,,,,,,,,,,,,25,,,,,,11,,,,,,,,,,,,,,,,,,,,,,,,,,,,
2013-12-11,PL1311LAG3DJJH,Hitachi HDS5C4040ALE630,4000787030016,0,,0,,,,,,,,0,,,,,,5959,,,,,,,,,,,,,,,,,,,,,,,,,,,,,,19,,,,,,0,,,,,,,,,,,,,,,,,,,,,,,,,,,,
2013-12-11,MJ0351YNGA024A,Hitachi HDS5C3030ALA630,3000592982016,0,,0,,,,,,,,0,,,,,,9163,,,,,,,,,,,,,,,,,,,,,,,,,,,,,,29,,,,,,0,,,,,,,,,,,,,,,,,,,,,,,,,,,,
2013-12-11,6XW0YAAS,ST31500541AS,1500301910016,0,,145458020,,,,,,,,0,,,,,,30931,,,,,,,,,,,,,,,,,,,,,,,,,,,,,,22,,,,,,0,,,,,,,,,,,,,,,,,,,,,,,,,,,,
2013-12-11,W1F0X5GW,ST3000DM001,3000592982016,0,,130755928,,,,,,,,0,,,,,,10728,,,,,,,,,,,,,,,,,,,,,,,,,,,,,,20,,,,,,0,,,,,,,,,,,,,,,,,,,,,,,,,,,,
2013-12-11,PL1311LAG3BSXH,Hitachi HDS5C4040ALE630,4000787030016,0,,0,,,,,,,,0,,,,,,5070,,,,,,,,,,,,,,,,,,,,,,,,,,,,,,29,,,,,,0,,,,,,,,,,,,,,,,,,,,,,,,,,,,
2013-12-11,Z300P8R7,ST4000DM000,4000787030016,0,,91923392,,,,,,,,0,,,,,,1450,,,,,,,,,,,,,,,,,,,,,,,,,,,,,,22,,,,,,0,,,,,,,,,,,,,,,,,,,,,,,,,,,,
2013-12-11,S1F0S7AW,ST3000DM001,3000592982016,0,,43408864,,,,,,,,0,,,,,,10771,,,,,,,,,,,,,,,,,,,,,,,,,,,,,,27,,,,,,0,,,,,,,,,,,,,,,,,,,,,,,,,,,,
2013-12-11,JK11A8B9J7G31F,Hitachi HDS722020ALA330,2000398934016,0,,0,,,,,,,,0,,,,,,25584,,,,,,,,,,,,,,,,,,,,,,,,,,,,,,26,,,,,,0,,,,,,,,,,,,,,,,,,,,,,,,,,,,
2013-12-11,S1F0S7AB,ST3000DM001,3000592982016,0,,55056928,,,,,,,,0,,,,,,10501,,,,,,,,,,,,,,,,,,,,,,,,,,,,,,22,,,,,,0,,,,,,,,,,,,,,,,,,,,,,,,,,,,
2013-12-11,JK11A8B9HYZ8GF,Hitachi HDS722020ALA330,2000398934016,0,,0,,,,,,,,0,,,,,,23636,,,,,,,,,,,,,,,,,,,,,,,,,,,,,,32,,,,,,0,,,,,,,,,,,,,,,,,,,,,,,,,,,,
2013-12-11,MJ0351YNGA3M0A,Hitachi HDS5C3030ALA630,3000592982016,0,,0,,,,,,,,0,,,,,,8639,,,,,,,,,,,,,,,,,,,,,,,,,,,,,,28,,,,,,0,,,,,,,,,,,,,,,,,,,,,,,,,,,,
2013-12-11,PL1321LAG2YV5H,Hitachi HDS5C4040ALE630,4000787030016,0,,0,,,,,,,,0,,,,,,5670,,,,,,,,,,,,,,,,,,,,,,,,,,,,,,17,,,,,,0,,,,,,,,,,,,,,,,,,,,,,,,,,,,
2013-12-11,MK0331YHGNT7WA,Hitachi HDS723030ALA640,3000592982016,0,,65536,,,,,,,,0,,,,,,17755,,,,,,,,,,,,,,,,,,,,,,,,,,,,,,21,,,,,,0,,,,,,,,,,,,,,,,,,,,,,,,,,,,
2013-12-11,S1F13BQX,ST3000DM001,3000592982016,0,,241479872,,,,,,,,0,,,,,,8163,,,,,,,,,,,,,,,,,,,,,,,,,,,,,,27,,,,,,0,,,,,,,,,,,,,,,,,,,,,,,,,,,,
2013-12-11,6XW0TMXJ,ST31500541AS,1500301910016,0,,175519631,,,,,,,,0,,,,,,33324,,,,,,,,,,,,,,,,,,,,,,,,,,,,,,20,,,,,,0,,,,,,,,,,,,,,,,,,,,,,,,,,,,
2013-12-11,Z300P8RD,ST4000DM000,4000787030016,0,,163068744,,,,,,,,0,,,,,,1450,,,,,,,,,,,,,,,,,,,,,,,,,,,,,,24,,,,,,0,,,,,,,,,,,,,,,,,,,,,,,,,,,,
2013-12-11,Z300KCR5,ST4000DM000,4000787030016,0,,213304320,,,,,,,,0,,,,,,2241,,,,,,,,,,,,,,,,,,,,,,,,,,,,,,19,,,,,,0,,,,,,,,,,,,,,,,,,,,,,,,,,,,
2013-12-11,JK11A8B9J05LPF,Hitachi HDS722020ALA330,2000398934016,0,,0,,,,,,,,0,,,,,,24492,,,,,,,,,,,,,,,,,,,,,,,,,,,,,,31,,,,,,0,,,,,,,,,,,,,,,,,,,,,,,,,,,,
2013-12-11,W1F0A27Q,ST3000DM001,3000592982016,0,,135342896,,,,,,,,0,,,,,,13357,,,,,,,,,,,,,,,,,,,,,,,,,,,,,,26,,,,,,0,,,,,,,,,,,,,,,,,,,,,,,,,,,,
2013-12-11,Z300KCR2,ST4000DM000,4000787030016,0,,126844376,,,,,,,,0,,,,,,2242,,,,,,,,,,,,,,,,,,,,,,,,,,,,,,20,,,,,,0,,,,,,,,,,,,,,,,,,,,,,,,,,,,
2013-12-11,Z300WCF1,ST4000DM000,4000787030016,0,,147118336,,,,,,,,0,,,,,,945,,,,,,,,,,,,,,,,,,,,,,,,,,,,,,22,,,,,,0,,,,,,,,,,,,,,,,,,,,,,,,,,,,
2013-12-11,PL1321LAG3544H,Hitachi HDS5C4040ALE630,4000787030016,0,,0,,,,,,,,0,,,,,,5959,,,,,,,,,,,,,,,,,,,,,,,,,,,,,,19,,,,,,0,,,,,,,,,,,,,,,,,,,,,,,,,,,,
2013-12-11,WD-WMC1T1611524,WDC WD30EFRX,3000592982016,0,,0,,,,,,,,0,,,,,,7392,,,,,,,,,,,,,,,,,,,,,,,,,,,,,,22,,,,,,0,,,,,,,,,,,,,,,,,,,,,,,,,,,,
2013-12-11,JK1101YAK8S3JV,Hitachi HDS722020ALA330,2000398934016,0,,0,,,,,,,,0,,,,,,29211,,,,,,,,,,,,,,,,,,,,,,,,,,,,,,31,,,,,,0,,,,,,,,,,,,,,,,,,,,,,,,,,,,
2013-12-11,MJ1311YNG7EJGA,Hitachi HDS5C3030ALA630,3000592982016,0,,0,,,,,,,,0,,,,,,14574,,,,,,,,,,,,,,,,,,,,,,,,,,,,,,23,,,,,,0,,,,,,,,,,,,,,,,,,,,,,,,,,,,
2013-12-11,JK11A5B8J36PJX,Hitachi HDS722020ALA330,2000398934016,0,,0,,,,,,,,0,,,,,,23636,,,,,,,,,,,,,,,,,,,,,,,,,,,,,,26,,,,,,0,,,,,,,,,,,,,,,,,,,,,,,,,,,,
2013-12-11,WD-WCAU45667281,WDC WD10EADS,1000204886016,0,,1,,,,,,,,0,,,,,,41705,,,,,,,,,,,,,,,,,,,,,,,,,,,,,,25,,,,,,0,,,,,,,,,,,,,,,,,,,,,,,,,,,,
2013-12-11,PL1311LAG1ZLSA,Hitachi HDS5C4040ALE630,4000787030016,0,,0,,,,,,,,0,,,,,,7459,,,,,,,,,,,,,,,,,,,,,,,,,,,,,,26,,,,,,0,,,,,,,,,,,,,,,,,,,,,,,,,,,,
2013-12-11,JK11A8B9J30ZWF,Hitachi HDS722020ALA330,2000398934016,0,,0,,,,,,,,0,,,,,,24112,,,,,,,,,,,,,,,,,,,,,,,,,,,,,,28,,,,,,0,,,,,,,,,,,,,,,,,,,,,,,,,,,,
2013-12-11,S1F0RSDT,ST3000DM001,3000592982016,0,,95254528,,,,,,,,0,,,,,,10742,,,,,,,,,,,,,,,,,,,,,,,,,,,,,,24,,,,,,0,,,,,,,,,,,,,,,,,,,,,,,,,,,,
2013-12-11,6XW060F6,ST31500541AS,1500301910016,0,,158461339,,,,,,,,0,,,,,,37067,,,,,,,,,,,,,,,,,,,,,,,,,,,,,,27,,,,,,0,,,,,,,,,,,,,,,,,,,,,,,,,,,,
2013-12-11,W300BR3C,ST4000DM000,4000787030016,0,,46137712,,,,,,,,0,,,,,,4187,,,,,,,,,,,,,,,,,,,,,,,,,,,,,,29,,,,,,0,,,,,,,,,,,,,,,,,,,,,,,,,,,,
2013-12-11,W1F08GNZ,ST3000DM001,3000592982016,0,,235129814,,,,,,,,16968,,,,,,16197,,,,,,,,,,,,,,,,,,,,,,,,,,,,,,27,,,,,,0,,,,,,,,,,,,,,,,,,,,,,,,,,,,
2013-12-11,W300BR37,ST4000DM000,4000787030016,0,,73428400,,,,,,,,0,,,,,,3587,,,,,,,,,,,,,,,,,,,,,,,,,,,,,,23,,,,,,0,,,,,,,,,,,,,,,,,,,,,,,,,,,,
2013-12-11,MJ1311YNG333LA,Hitachi HDS5C3030ALA630,3000592982016,0,,0,,,,,,,,0,,,,,,18065,,,,,,,,,,,,,,,,,,,,,,,,,,,,,,29,,,,,,0,,,,,,,,,,,,,,,,,,,,,,,,,,,,
2013-12-11,MK0311YHGGHM4A,Hitachi HDS723030ALA640,3000592982016,0,,0,,,,,,,,0,,,,,,16680,,,,,,,,,,,,,,,,,,,,,,,,,,,,,,30,,,,,,0,,,,,,,,,,,,,,,,,,,,,,,,,,,,
2013-12-11,W1F08WAZ,ST3000DM001,3000592982016,0,,207531664,,,,,,,,0,,,,,,13867,,,,,,,,,,,,,,,,,,,,,,,,,,,,,,24,,,,,,0,,,,,,,,,,,,,,,,,,,,,,,,,,,,
2013-12-11,JK2171B9J027GL,Hitachi HDS722020ALA330,2000398934016,0,,0,,,,,,,,0,,,,,,26010,,,,,,,,,,,,,,,,,,,,,,,,,,,,,,29,,,,,,0,,,,,,,,,,,,,,,,,,,,,,,,,,,,
2013-12-11,JK11A8B9J9HWDF,Hitachi HDS722020ALA330,2000398934016,0,,0,,,,,,,,0,,,,,,24970,,,,,,,,,,,,,,,,,,,,,,,,,,,,,,30,,,,,,0,,,,,,,,,,,,,,,,,,,,,,,,,,,,
2013-12-11,PL1321LAGAY7RH,Hitachi HDS5C4040ALE630,4000787030016,0,,0,,,,,,,,0,,,,,,5075,,,,,,,,,,,,,,,,,,,,,,,,,,,,,,24,,,,,,0,,,,,,,,,,,,,,,,,,,,,,,,,,,,
2013-12-11,JK11A8B9J9L1XF,Hitachi HDS722020ALA330,2000398934016,0,,0,,,,,,,,0,,,,,,26004,,,,,,,,,,,,,,,,,,,,,,,,,,,,,,26,,,,,,0,,,,,,,,,,,,,,,,,,,,,,,,,,,,
2013-12-11,JK1101B9KNGJJF,Hitachi HDS722020ALA330,2000398934016,0,,65538,,,,,,,,0,,,,,,22862,,,,,,,,,,,,,,,,,,,,,,,,,,,,,,28,,,,,,0,,,,,,,,,,,,,,,,,,,,,,,,,,,,
2013-12-11,MJ1321YNG0WTLA,Hitachi HDS5C3030ALA630,3000592982016,0,,0,,,,,,,,0,,,,,,20731,,,,,,,,,,,,,,,,,,,,,,,,,,,,,,33,,,,,,0,,,,,,,,,,,,,,,,,,,,,,,,,,,,
2013-12-11,W1F08WAA,ST3000DM001,3000592982016,0,,29959520,,,,,,,,0,,,,,,16150,,,,,,,,,,,,,,,,,,,,,,,,,,,,,,23,,,,,,0,,,,,,,,,,,,,,,,,,,,,,,,,,,,
2013-12-11,MJ1311YNG3GK8A,Hitachi HDS5C3030ALA630,3000592982016,0,,0,,,,,,,,0,,,,,,18928,,,,,,,,,,,,,,,,,,,,,,,,,,,,,,28,,,,,,0,,,,,,,,,,,,,,,,,,,,,,,,,,,,
2013-12-11,MJ1311YNG3850A,Hitachi HDS5C3030ALA630,3000592982016,0,,0,,,,,,,,0,,,,,,19323,,,,,,,,,,,,,,,,,,,,,,,,,,,,,,27,,,,,,0,,,,,,,,,,,,,,,,,,,,,,,,,,,,
2013-12-11,PL1321LAGAXWLH,Hitachi HDS5C4040ALE630,4000787030016,0,,0,,,,,,,,0,,,,,,5066,,,,,,,,,,,,,,,,,,,,,,,,,,,,,,28,,,,,,0,,,,,,,,,,,,,,,,,,,,,,,,,,,,
2013-12-11,PL1311LAG2E56H,Hitachi HDS5C4040ALE630,4000787030016,0,,1572887,,,,,,,,0,,,,,,7452,,,,,,,,,,,,,,,,,,,,,,,,,,,,,,22,,,,,,0,,,,,,,,,,,,,,,,,,,,,,,,,,,,
2013-12-11,JK1101B9JN5A2T,Hitachi HDS722020ALA330,2000398934016,0,,0,,,,,,,,0,,,,,,24426,,,,,,,,,,,,,,,,,,,,,,,,,,,,,,29,,,,,,0,,,,,,,,,,,,,,,,,,,,,,,,,,,,
2013-12-11,6XW05VHM,ST31500541AS,1500301910016,0,,50287895,,,,,,,,1072,,,,,,37288,,,,,,,,,,,,,,,,,,,,,,,,,,,,,,29,,,,,,0,,,,,,,,,,,,,,,,,,,,,,,,,,,,
2013-12-11,9VS1G7P5,ST31500341AS,1500301910016,0,,225199033,,,,,,,,6,,,,,,40408,,,,,,,,,,,,,,,,,,,,,,,,,,,,,,31,,,,,,0,,,,,,,,,,,,,,,,,,,,,,,,,,,,
2013-12-11,MJ0351YNG9WJBA,Hitachi HDS5C3030ALA630,3000592982016,0,,0,,,,,,,,0,,,,,,7611,,,,,,,,,,,,,,,,,,,,,,,,,,,,,,21,,,,,,0,,,,,,,,,,,,,,,,,,,,,,,,,,,,
2013-12-11,JK1101B9KLX1ER,Hitachi HDS722020ALA330,2000398934016,0,,0,,,,,,,,0,,,,,,23075,,,,,,,,,,,,,,,,,,,,,,,,,,,,,,30,,,,,,0,,,,,,,,,,,,,,,,,,,,,,,,,,,,
2013-12-11,PL1311LAG3B4RH,Hitachi HDS5C4040ALE630,4000787030016,0,,0,,,,,,,,0,,,,,,6993,,,,,,,,,,,,,,,,,,,,,,,,,,,,,,24,,,,,,0,,,,,,,,,,,,,,,,,,,,,,,,,,,,
2013-12-11,9VS1QX44,ST31500341AS,1500301910016,0,,35414609,,,,,,,,31,,,,,,40235,,,,,,,,,,,,,,,,,,,,,,,,,,,,,,28,,,,,,0,,,,,,,,,,,,,,,,,,,,,,,,,,,,
2013-12-11,Z290GP37,ST33000651AS,3000592982016,0,,93518771,,,,,,,,0,,,,,,17737,,,,,,,,,,,,,,,,,,,,,,,,,,,,,,26,,,,,,0,,,,,,,,,,,,,,,,,,,,,,,,,,,,
2013-12-11,MJ1311YNG75SLA,Hitachi HDS5C3030ALA630,3000592982016,0,,0,,,,,,,,0,,,,,,14600,,,,,,,,,,,,,,,,,,,,,,,,,,,,,,21,,,,,,0,,,,,,,,,,,,,,,,,,,,,,,,,,,,
2013-12-11,JK1105B8GGA3TX,Hitachi HDS722020ALA330,2000398934016,0,,0,,,,,,,,0,,,,,,27167,,,,,,,,,,,,,,,,,,,,,,,,,,,,,,31,,,,,,0,,,,,,,,,,,,,,,,,,,,,,,,,,,,
2013-12-11,W1F0Z3MF,ST3000DM001,3000592982016,0,,201552712,,,,,,,,0,,,,,,10501,,,,,,,,,,,,,,,,,,,,,,,,,,,,,,24,,,,,,0,,,,,,,,,,,,,,,,,,,,,,,,,,,,
2013-12-11,MJ0351YNGA8Y2A,Hitachi HDS5C3030ALA630,3000592982016,0,,0,,,,,,,,0,,,,,,7950,,,,,,,,,,,,,,,,,,,,,,,,,,,,,,28,,,,,,0,,,,,,,,,,,,,,,,,,,,,,,,,,,,
2013-12-11,S1F048BB,ST3000DM001,3000592982016,0,,95627488,,,,,,,,0,,,,,,16152,,,,,,,,,,,,,,,,,,,,,,,,,,,,,,21,,,,,,0,,,,,,,,,,,,,,,,,,,,,,,,,,,,
2013-12-11,W3005WP4,ST4000DM000,4000787030016,0,,123411056,,,,,,,,0,,,,,,2610,,,,,,,,,,,,,,,,,,,,,,,,,,,,,,23,,,,,,0,,,,,,,,,,,,,,,,,,,,,,,,,,,,
2013-12-11,JK1101B9GEHNMT,Hitachi HDS722020ALA330,2000398934016,0,,0,,,,,,,,0,,,,,,27542,,,,,,,,,,,,,,,,,,,,,,,,,,,,,,23,,,,,,0,,,,,,,,,,,,,,,,,,,,,,,,,,,,
2013-12-11,WD-WMAWZ0264329,WDC WD30EZRX,3000592982016,0,,0,,,,,,,,0,,,,,,12708,,,,,,,,,,,,,,,,,,,,,,,,,,,,,,22,,,,,,0,,,,,,,,,,,,,,,,,,,,,,,,,,,,
2013-12-11,W1F0W5EE,ST3000DM001,3000592982016,0,,162460568,,,,,,,,0,,,,,,11639,,,,,,,,,,,,,,,,,,,,,,,,,,,,,,24,,,,,,0,,,,,,,,,,,,,,,,,,,,,,,,,,,,
2013-12-11,MJ1311YNG6101A,Hitachi HDS5C3030ALA630,3000592982016,0,,0,,,,,,,,0,,,,,,14331,,,,,,,,,,,,,,,,,,,,,,,,,,,,,,33,,,,,,0,,,,,,,,,,,,,,,,,,,,,,,,,,,,
2013-12-11,W300H9H3,ST4000DM000,4000787030016,0,,201958768,,,,,,,,0,,,,,,957,,,,,,,,,,,,,,,,,,,,,,,,,,,,,,21,,,,,,0,,,,,,,,,,,,,,,,,,,,,,,,,,,,
2013-12-11,MJ1311YNG2WLVA,Hitachi HDS5C3030ALA630,3000592982016,0,,0,,,,,,,,0,,,,,,18316,,,,,,,,,,,,,,,,,,,,,,,,,,,,,,21,,,,,,0,,,,,,,,,,,,,,,,,,,,,,,,,,,,
2013-12-11,PL1321LAG356GH,Hitachi HDS5C4040ALE630,4000787030016,0,,0,,,,,,,,0,,,,,,5961,,,,,,,,,,,,,,,,,,,,,,,,,,,,,,16,,,,,,0,,,,,,,,,,,,,,,,,,,,,,,,,,,,
2013-12-11,Z290R3Z2,ST33000651AS,3000592982016,0,,91360610,,,,,,,,0,,,,,,18074,,,,,,,,,,,,,,,,,,,,,,,,,,,,,,30,,,,,,0,,,,,,,,,,,,,,,,,,,,,,,,,,,,
2013-12-11,6XW0XRC7,ST31500541AS,1500301910016,0,,205603594,,,,,,,,2,,,,,,34193,,,,,,,,,,,,,,,,,,,,,,,,,,,,,,23,,,,,,0,,,,,,,,,,,,,,,,,,,,,,,,,,,,
2013-12-11,S1F02BND,ST3000DM001,3000592982016,0,,85856408,,,,,,,,0,,,,,,14726,,,,,,,,,,,,,,,,,,,,,,,,,,,,,,25,,,,,,0,,,,,,,,,,,,,,,,,,,,,,,,,,,,
2013-12-11,MJ1311YNG7ET7A,Hitachi HDS5C3030ALA630,3000592982016,0,,0,,,,,,,,1,,,,,,14621,,,,,,,,,,,,,,,,,,,,,,,,,,,,,,22,,,,,,0,,,,,,,,,,,,,,,,,,,,,,,,,,,,
2013-12-11,WD-WCAU45641231,WDC WD10EADS,1000204886016,0,,7,,,,,,,,0,,,,,,40631,,,,,,,,,,,,,,,,,,,,,,,,,,,,,,29,,,,,,0,,,,,,,,,,,,,,,,,,,,,,,,,,,,
2013-12-11,9VS1QX4K,ST31500341AS,1500301910016,0,,193947364,,,,,,,,1,,,,,,40236,,,,,,,,,,,,,,,,,,,,,,,,,,,,,,28,,,,,,0,,,,,,,,,,,,,,,,,,,,,,,,,,,,
2013-12-11,JK1101B9GDZJEF,Hitachi HDS722020ALA330,2000398934016,0,,0,,,,,,,,0,,,,,,26927,,,,,,,,,,,,,,,,,,,,,,,,,,,,,,25,,,,,,0,,,,,,,,,,,,,,,,,,,,,,,,,,,,
2013-12-11,JK11A8B9J7LYVF,Hitachi HDS722020ALA330,2000398934016,0,,0,,,,,,,,0,,,,,,24624,,,,,,,,,,,,,,,,,,,,,,,,,,,,,,29,,,,,,0,,,,,,,,,,,,,,,,,,,,,,,,,,,,
2013-12-11,JK1101B9JK8PSF,Hitachi HDS722020ALA330,2000398934016,0,,0,,,,,,,,0,,,,,,24426,,,,,,,,,,,,,,,,,,,,,,,,,,,,,,24,,,,,,0,,,,,,,,,,,,,,,,,,,,,,,,,,,,
2013-12-11,PL1311LAG1AETA,Hitachi HDS5C4040ALE630,4000787030016,0,,0,,,,,,,,0,,,,,,7404,,,,,,,,,,,,,,,,,,,,,,,,,,,,,,26,,,,,,0,,,,,,,,,,,,,,,,,,,,,,,,,,,,
2013-12-11,PK1331PAJ33BDS,HGST HDS724040ALE640,4000787030016,0,,0,,,,,,,,0,,,,,,2026,,,,,,,,,,,,,,,,,,,,,,,,,,,,,,23,,,,,,0,,,,,,,,,,,,,,,,,,,,,,,,,,,,
2013-12-11,JK11A8B9J7G2GF,Hitachi HDS722020ALA330,2000398934016,0,,0,,,,,,,,0,,,,,,24983,,,,,,,,,,,,,,,,,,,,,,,,,,,,,,28,,,,,,0,,,,,,,,,,,,,,,,,,,,,,,,,,,,
2013-12-11,W1F0Z4EA,ST3000DM001,3000592982016,0,,149649960,,,,,,,,0,,,,,,10728,,,,,,,,,,,,,,,,,,,,,,,,,,,,,,24,,,,,,0,,,,,,,,,,,,,,,,,,,,,,,,,,,,
2013-12-11,W1F0Z4EN,ST3000DM001,3000592982016,0,,61650840,,,,,,,,0,,,,,,10836,,,,,,,,,,,,,,,,,,,,,,,,,,,,,,32,,,,,,0,,,,,,,,,,,,,,,,,,,,,,,,,,,,
2013-12-11,WD-WCAU45043025,WDC WD10EADS,1000204886016,0,,1,,,,,,,,0,,,,,,41393,,,,,,,,,,,,,,,,,,,,,,,,,,,,,,26,,,,,,0,,,,,,,,,,,,,,,,,,,,,,,,,,,,
2013-12-11,5XW11TRE,ST32000542AS,2000398934016,0,,51275741,,,,,,,,0,,,,,,7826,,,,,,,,,,,,,,,,,,,,,,,,,,,,,,29,,,,,,0,,,,,,,,,,,,,,,,,,,,,,,,,,,,
2013-12-11,JK11A8B9J9022F,Hitachi HDS722020ALA330,2000398934016,0,,0,,,,,,,,0,,,,,,24468,,,,,,,,,,,,,,,,,,,,,,,,,,,,,,24,,,,,,0,,,,,,,,,,,,,,,,,,,,,,,,,,,,
2013-12-11,6XW02X0X,ST31500541AS,1500301910016,0,,158729987,,,,,,,,0,,,,,,36443,,,,,,,,,,,,,,,,,,,,,,,,,,,,,,19,,,,,,0,,,,,,,,,,,,,,,,,,,,,,,,,,,,
2013-12-11,WD-WCAU45664731,WDC WD10EADS,1000204886016,0,,5,,,,,,,,0,,,,,,41746,,,,,,,,,,,,,,,,,,,,,,,,,,,,,,23,,,,,,0,,,,,,,,,,,,,,,,,,,,,,,,,,,,
2013-12-11,PL1311LAG3EHPH,Hitachi HDS5C4040ALE630,4000787030016,0,,0,,,,,,,,0,,,,,,5125,,,,,,,,,,,,,,,,,,,,,,,,,,,,,,29,,,,,,0,,,,,,,,,,,,,,,,,,,,,,,,,,,,
2013-12-11,JK11A8B9J7AEBF,Hitachi HDS722020ALA330,2000398934016,0,,0,,,,,,,,0,,,,,,26003,,,,,,,,,,,,,,,,,,,,,,,,,,,,,,28,,,,,,0,,,,,,,,,,,,,,,,,,,,,,,,,,,,
2013-12-11,W1F0TG20,ST3000DM001,3000592982016,0,,58052160,,,,,,,,0,,,,,,4861,,,,,,,,,,,,,,,,,,,,,,,,,,,,,,21,,,,,,0,,,,,,,,,,,,,,,,,,,,,,,,,,,,
2013-12-11,6XW05A5R,ST31500541AS,1500301910016,0,,61735225,,,,,,,,320,,,,,,36396,,,,,,,,,,,,,,,,,,,,,,,,,,,,,,21,,,,,,0,,,,,,,,,,,,,,,,,,,,,,,,,,,,
2013-12-11,PL1311LAG3B9JH,Hitachi HDS5C4040ALE630,4000787030016,0,,0,,,,,,,,0,,,,,,3631,,,,,,,,,,,,,,,,,,,,,,,,,,,,,,29,,,,,,0,,,,,,,,,,,,,,,,,,,,,,,,,,,,
2013-12-11,MJ1311YNG04GLA,Hitachi HDS5C3030ALA630,3000592982016,0,,0,,,,,,,,0,,,,,,14310,,,,,,,,,,,,,,,,,,,,,,,,,,,,,,26,,,,,,0,,,,,,,,,,,,,,,,,,,,,,,,,,,,
2013-12-11,MJ1311YNG30PZA,Hitachi HDS5C3030ALA630,3000592982016,0,,0,,,,,,,,0,,,,,,18405,,,,,,,,,,,,,,,,,,,,,,,,,,,,,,21,,,,,,0,,,,,,,,,,,,,,,,,,,,,,,,,,,,
2013-12-11,Z300CM3Z,ST4000DM000,4000787030016,0,,109385120,,,,,,,,0,,,,,,2385,,,,,,,,,,,,,,,,,,,,,,,,,,,,,,25,,,,,,0,,,,,,,,,,,,,,,,,,,,,,,,,,,,
2013-12-11,Z1F0D5VA,ST3000DM001,3000592982016,0,,133959976,,,,,,,,0,,,,,,4641,,,,,,,,,,,,,,,,,,,,,,,,,,,,,,24,,,,,,0,,,,,,,,,,,,,,,,,,,,,,,,,,,,
2013-12-11,JK11A8B9J7A3DF,Hitachi HDS722020ALA330,2000398934016,0,,65536,,,,,,,,0,,,,,,21478,,,,,,,,,,,,,,,,,,,,,,,,,,,,,,24,,,,,,0,,,,,,,,,,,,,,,,,,,,,,,,,,,,
2013-12-11,MK0311YHG2ZJ0A,Hitachi HDS723030ALA640,3000592982016,0,,131073,,,,,,,,0,,,,,,22347,,,,,,,,,,,,,,,,,,,,,,,,,,,,,,26,,,,,,0,,,,,,,,,,,,,,,,,,,,,,,,,,,,
2013-12-11,Z300CQVX,ST4000DM000,4000787030016,0,,110337648,,,,,,,,0,,,,,,1298,,,,,,,,,,,,,,,,,,,,,,,,,,,,,,21,,,,,,0,,,,,,,,,,,,,,,,,,,,,,,,,,,,
2013-12-11,JK1100YBJJXSND,Hitachi HDS722020ALA330,2000398934016,0,,0,,,,,,,,0,,,,,,30253,,,,,,,,,,,,,,,,,,,,,,,,,,,,,,28,,,,,,0,,,,,,,,,,,,,,,,,,,,,,,,,,,,
2013-12-11,MJ1311YNG7KPWA,Hitachi HDS5C3030ALA630,3000592982016,0,,0,,,,,,,,0,,,,,,14620,,,,,,,,,,,,,,,,,,,,,,,,,,,,,,25,,,,,,0,,,,,,,,,,,,,,,,,,,,,,,,,,,,
2013-12-11,JK11A4B8J7SGXW,Hitachi HDS722020ALA330,2000398934016,0,,0,,,,,,,,0,,,,,,26025,,,,,,,,,,,,,,,,,,,,,,,,,,,,,,28,,,,,,0,,,,,,,,,,,,,,,,,,,,,,,,,,,,
2013-12-11,JK1101B9JRM8KF,Hitachi HDS722020ALA330,2000398934016,0,,0,,,,,,,,0,,,,,,22698,,,,,,,,,,,,,,,,,,,,,,,,,,,,,,27,,,,,,0,,,,,,,,,,,,,,,,,,,,,,,,,,,,
2013-12-11,JK1101B9KNLVHF,Hitachi HDS722020ALA330,2000398934016,0,,0,,,,,,,,0,,,,,,23099,,,,,,,,,,,,,,,,,,,,,,,,,,,,,,24,,,,,,0,,,,,,,,,,,,,,,,,,,,,,,,,,,,
2013-12-11,MJ0351YNGA6LZA,Hitachi HDS5C3030ALA630,3000592982016,0,,0,,,,,,,,0,,,,,,9315,,,,,,,,,,,,,,,,,,,,,,,,,,,,,,28,,,,,,0,,,,,,,,,,,,,,,,,,,,,,,,,,,,
2013-12-11,WD-WCAWZ1346706,WDC WD30EZRX,3000592982016,0,,0,,,,,,,,0,,,,,,16125,,,,,,,,,,,,,,,,,,,,,,,,,,,,,,18,,,,,,0,,,,,,,,,,,,,,,,,,,,,,,,,,,,
2013-12-11,6XW0QRAA,ST31500541AS,1500301910016,0,,115030241,,,,,,,,0,,,,,,34198,,,,,,,,,,,,,,,,,,,,,,,,,,,,,,20,,,,,,0,,,,,,,,,,,,,,,,,,,,,,,,,,,,
2013-12-11,JK11A8B9J3A3KF,Hitachi HDS722020ALA330,2000398934016,0,,0,,,,,,,,0,,,,,,22415,,,,,,,,,,,,,,,,,,,,,,,,,,,,,,24,,,,,,0,,,,,,,,,,,,,,,,,,,,,,,,,,,,
2013-12-11,9XK0QR6H,ST33000651AS,3000592982016,0,,177944829,,,,,,,,0,,,,,,17740,,,,,,,,,,,,,,,,,,,,,,,,,,,,,,24,,,,,,0,,,,,,,,,,,,,,,,,,,,,,,,,,,,
2013-12-11,Z300P916,ST4000DM000,4000787030016,0,,152258448,,,,,,,,0,,,,,,1093,,,,,,,,,,,,,,,,,,,,,,,,,,,,,,27,,,,,,0,,,,,,,,,,,,,,,,,,,,,,,,,,,,
2013-12-11,MJ0351YNGABXSA,Hitachi HDS5C3030ALA630,3000592982016,0,,0,,,,,,,,0,,,,,,7985,,,,,,,,,,,,,,,,,,,,,,,,,,,,,,30,,,,,,0,,,,,,,,,,,,,,,,,,,,,,,,,,,,
2013-12-11,Z300P911,ST4000DM000,4000787030016,0,,31256968,,,,,,,,0,,,,,,1233,,,,,,,,,,,,,,,,,,,,,,,,,,,,,,19,,,,,,0,,,,,,,,,,,,,,,,,,,,,,,,,,,,
2013-12-11,W300A9M2,ST4000DM000,4000787030016,0,,149232416,,,,,,,,0,,,,,,1848,,,,,,,,,,,,,,,,,,,,,,,,,,,,,,24,,,,,,0,,,,,,,,,,,,,,,,,,,,,,,,,,,,
2013-12-11,W1F09L9C,ST3000DM001,3000592982016,0,,65546296,,,,,,,,0,,,,,,13360,,,,,,,,,,,,,,,,,,,,,,,,,,,,,,24,,,,,,0,,,,,,,,,,,,,,,,,,,,,,,,,,,,
2013-12-11,6XW11E68,ST32000542AS,2000398934016,0,,216134299,,,,,,,,0,,,,,,27381,,,,,,,,,,,,,,,,,,,,,,,,,,,,,,29,,,,,,0,,,,,,,,,,,,,,,,,,,,,,,,,,,,
2013-12-11,JK11A8B9J34EAF,Hitachi HDS722020ALA330,2000398934016,0,,0,,,,,,,,0,,,,,,23829,,,,,,,,,,,,,,,,,,,,,,,,,,,,,,28,,,,,,0,,,,,,,,,,,,,,,,,,,,,,,,,,,,
2013-12-11,PL1311LAG25H4A,Hitachi HDS5C4040ALE630,4000787030016,0,,0,,,,,,,,0,,,,,,7413,,,,,,,,,,,,,,,,,,,,,,,,,,,,,,20,,,,,,0,,,,,,,,,,,,,,,,,,,,,,,,,,,,
2013-12-11,WD-WCAU47205678,WDC WD10EADS,1000204886016,0,,1,,,,,,,,0,,,,,,40630,,,,,,,,,,,,,,,,,,,,,,,,,,,,,,31,,,,,,0,,,,,,,,,,,,,,,,,,,,,,,,,,,,
2013-12-11,PL1311LAG295VH,Hitachi HDS5C4040ALE630,4000787030016,0,,0,,,,,,,,0,,,,,,6616,,,,,,,,,,,,,,,,,,,,,,,,,,,,,,25,,,,,,0,,,,,,,,,,,,,,,,,,,,,,,,,,,,
2013-12-11,PL1311LAG1YXTA,Hitachi HDS5C4040ALE630,4000787030016,0,,0,,,,,,,,0,,,,,,7437,,,,,,,,,,,,,,,,,,,,,,,,,,,,,,26,,,,,,0,,,,,,,,,,,,,,,,,,,,,,,,,,,,
2013-12-11,JK11A8B9J9KUEF,Hitachi HDS722020ALA330,2000398934016,0,,1,,,,,,,,0,,,,,,24983,,,,,,,,,,,,,,,,,,,,,,,,,,,,,,24,,,,,,0,,,,,,,,,,,,,,,,,,,,,,,,,,,,
2013-12-11,JK11A8B9J9KXKF,Hitachi HDS722020ALA330,2000398934016,0,,1,,,,,,,,0,,,,,,24983,,,,,,,,,,,,,,,,,,,,,,,,,,,,,,29,,,,,,0,,,,,,,,,,,,,,,,,,,,,,,,,,,,
2013-12-11,JK11A8B9J3V8NF,Hitachi HDS722020ALA330,2000398934016,0,,0,,,,,,,,0,,,,,,23828,,,,,,,,,,,,,,,,,,,,,,,,,,,,,,28,,,,,,0,,,,,,,,,,,,,,,,,,,,,,,,,,,,
2013-12-11,MJ1321YNG0S9RA,Hitachi HDS5C3030ALA630,3000592982016,0,,0,,,,,,,,0,,,,,,19799,,,,,,,,,,,,,,,,,,,,,,,,,,,,,,28,,,,,,1,,,,,,,,,,,,,,,,,,,,,,,,,,,,
2013-12-11,PL1311LAG271WA,Hitachi HDS5C4040ALE630,4000787030016,0,,0,,,,,,,,0,,,,,,7401,,,,,,,,,,,,,,,,,,,,,,,,,,,,,,28,,,,,,0,,,,,,,,,,,,,,,,,,,,,,,,,,,,
2013-12-11,WD-WCAWZ0489510,WDC WD30EZRX,3000592982016,0,,7,,,,,,,,0,,,,,,16986,,,,,,,,,,,,,,,,,,,,,,,,,,,,,,22,,,,,,11,,,,,,,,,,,,,,,,,,,,,,,,,,,,
2013-12-11,5XW03JMG,ST31500541AS,1500301910016,0,,47151352,,,,,,,,0,,,,,,36451,,,,,,,,,,,,,,,,,,,,,,,,,,,,,,19,,,,,,0,,,,,,,,,,,,,,,,,,,,,,,,,,,,
2013-12-11,S1F0B8Z3,ST3000DM001,3000592982016,0,,158615560,,,,,,,,0,,,,,,12344,,,,,,,,,,,,,,,,,,,,,,,,,,,,,,25,,,,,,0,,,,,,,,,,,,,,,,,,,,,,,,,,,,
2013-12-11,JK1174YAJSG1ZW,Hitachi HDS722020ALA330,2000398934016,0,,0,,,,,,,,0,,,,,,23666,,,,,,,,,,,,,,,,,,,,,,,,,,,,,,30,,,,,,0,,,,,,,,,,,,,,,,,,,,,,,,,,,,
2013-12-11,PL1311LAG2VPSA,Hitachi HDS5C4040ALE630,4000787030016,0,,0,,,,,,,,0,,,,,,5139,,,,,,,,,,,,,,,,,,,,,,,,,,,,,,28,,,,,,0,,,,,,,,,,,,,,,,,,,,,,,,,,,,
2013-12-11,5XW0AHHB,ST31500541AS,1500301910016,0,,166104321,,,,,,,,0,,,,,,26066,,,,,,,,,,,,,,,,,,,,,,,,,,,,,,23,,,,,,0,,,,,,,,,,,,,,,,,,,,,,,,,,,,
2013-12-11,JK11A8B9J2BDRF,Hitachi HDS722020ALA330,2000398934016,0,,0,,,,,,,,0,,,,,,24399,,,,,,,,,,,,,,,,,,,,,,,,,,,,,,33,,,,,,0,,,,,,,,,,,,,,,,,,,,,,,,,,,,
2013-12-11,Z1F0L508,ST3000DM001,3000592982016,0,,140834152,,,,,,,,0,,,,,,10943,,,,,,,,,,,,,,,,,,,,,,,,,,,,,,23,,,,,,0,,,,,,,,,,,,,,,,,,,,,,,,,,,,
2013-12-11,MJ0351YNG9Z5RA,Hitachi HDS5C3030ALA630,3000592982016,0,,0,,,,,,,,0,,,,,,9975,,,,,,,,,,,,,,,,,,,,,,,,,,,,,,29,,,,,,0,,,,,,,,,,,,,,,,,,,,,,,,,,,,
2013-12-11,MJ1311YNG6KY2A,Hitachi HDS5C3030ALA630,3000592982016,0,,0,,,,,,,,0,,,,,,14682,,,,,,,,,,,,,,,,,,,,,,,,,,,,,,18,,,,,,0,,,,,,,,,,,,,,,,,,,,,,,,,,,,
2013-12-11,9XW01YHG,ST31500541AS,1500301910016,0,,75982647,,,,,,,,86,,,,,,34753,,,,,,,,,,,,,,,,,,,,,,,,,,,,,,19,,,,,,0,,,,,,,,,,,,,,,,,,,,,,,,,,,,
2013-12-11,JK11A8B9J7PPZF,Hitachi HDS722020ALA330,2000398934016,0,,1,,,,,,,,0,,,,,,25125,,,,,,,,,,,,,,,,,,,,,,,,,,,,,,25,,,,,,0,,,,,,,,,,,,,,,,,,,,,,,,,,,,
2013-12-11,MJ0351YNG9PDDA,Hitachi HDS5C3030ALA630,3000592982016,0,,0,,,,,,,,0,,,,,,9773,,,,,,,,,,,,,,,,,,,,,,,,,,,,,,27,,,,,,0,,,,,,,,,,,,,,,,,,,,,,,,,,,,
2013-12-11,9XW01YHT,ST31500541AS,1500301910016,0,,40297117,,,,,,,,0,,,,,,34200,,,,,,,,,,,,,,,,,,,,,,,,,,,,,,19,,,,,,0,,,,,,,,,,,,,,,,,,,,,,,,,,,,
2013-12-11,9XW01YHP,ST31500541AS,1500301910016,0,,120361918,,,,,,,,0,,,,,,35031,,,,,,,,,,,,,,,,,,,,,,,,,,,,,,18,,,,,,0,,,,,,,,,,,,,,,,,,,,,,,,,,,,
2013-12-11,MJ0351YNG9ZH0A,Hitachi HDS5C3030ALA630,3000592982016,0,,0,,,,,,,,0,,,,,,9525,,,,,,,,,,,,,,,,,,,,,,,,,,,,,,32,,,,,,0,,,,,,,,,,,,,,,,,,,,,,,,,,,,
2013-12-11,JK1101B9GEGTDT,Hitachi HDS722020ALA330,2000398934016,0,,0,,,,,,,,0,,,,,,27737,,,,,,,,,,,,,,,,,,,,,,,,,,,,,,24,,,,,,0,,,,,,,,,,,,,,,,,,,,,,,,,,,,
2013-12-11,PL1321LAG34M0H,Hitachi HDS5C4040ALE630,4000787030016,0,,0,,,,,,,,0,,,,,,5949,,,,,,,,,,,,,,,,,,,,,,,,,,,,,,23,,,,,,0,,,,,,,,,,,,,,,,,,,,,,,,,,,,
2013-12-11,W300D3NX,ST4000DM000,4000787030016,0,,93585336,,,,,,,,0,,,,,,4160,,,,,,,,,,,,,,,,,,,,,,,,,,,,,,22,,,,,,0,,,,,,,,,,,,,,,,,,,,,,,,,,,,
2013-12-11,MJ1321YNG1W02A,Hitachi HDS5C3030ALA630,3000592982016,0,,0,,,,,,,,0,,,,,,18593,,,,,,,,,,,,,,,,,,,,,,,,,,,,,,24,,,,,,0,,,,,,,,,,,,,,,,,,,,,,,,,,,,
2013-12-11,MK0313YHG9S35C,Hitachi HDS723030ALA640,3000592982016,0,,0,,,,,,,,0,,,,,,16734,,,,,,,,,,,,,,,,,,,,,,,,,,,,,,30,,,,,,0,,,,,,,,,,,,,,,,,,,,,,,,,,,,
2013-12-11,WD-WMC1T0905601,WDC WD30EFRX,3000592982016,0,,0,,,,,,,,0,,,,,,8840,,,,,,,,,,,,,,,,,,,,,,,,,,,,,,28,,,,,,0,,,,,,,,,,,,,,,,,,,,,,,,,,,,
2013-12-11,JK1101B9JJ7DGF,Hitachi HDS722020ALA330,2000398934016,0,,0,,,,,,,,0,,,,,,24431,,,,,,,,,,,,,,,,,,,,,,,,,,,,,,29,,,,,,0,,,,,,,,,,,,,,,,,,,,,,,,,,,,
2013-12-11,6XW016KH,ST31500541AS,1500301910016,0,,233945192,,,,,,,,0,,,,,,37059,,,,,,,,,,,,,,,,,,,,,,,,,,,,,,21,,,,,,0,,,,,,,,,,,,,,,,,,,,,,,,,,,,
2013-12-11,JK11A8B9J799VF,Hitachi HDS722020ALA330,2000398934016,0,,0,,,,,,,,0,,,,,,22413,,,,,,,,,,,,,,,,,,,,,,,,,,,,,,25,,,,,,0,,,,,,,,,,,,,,,,,,,,,,,,,,,,
2013-12-11,PL1311LAG1K8VA,Hitachi HDS5C4040ALE630,4000787030016,0,,0,,,,,,,,0,,,,,,7458,,,,,,,,,,,,,,,,,,,,,,,,,,,,,,24,,,,,,0,,,,,,,,,,,,,,,,,,,,,,,,,,,,
2013-12-11,JK1175YAHU768X,Hitachi HDS722020ALA330,2000398934016,0,,1376272,,,,,,,,0,,,,,,30501,,,,,,,,,,,,,,,,,,,,,,,,,,,,,,29,,,,,,0,,,,,,,,,,,,,,,,,,,,,,,,,,,,
2013-12-11,JK11A8B9JR8TMF,Hitachi HDS722020ALA330,2000398934016,0,,0,,,,,,,,0,,,,,,23717,,,,,,,,,,,,,,,,,,,,,,,,,,,,,,27,,,,,,0,,,,,,,,,,,,,,,,,,,,,,,,,,,,
2013-12-11,MJ1311YNG36RJA,Hitachi HDS5C3030ALA630,3000592982016,0,,0,,,,,,,,0,,,,,,18315,,,,,,,,,,,,,,,,,,,,,,,,,,,,,,24,,,,,,0,,,,,,,,,,,,,,,,,,,,,,,,,,,,
2013-12-11,W3007L2W,ST4000DM000,4000787030016,0,,116192776,,,,,,,,0,,,,,,2248,,,,,,,,,,,,,,,,,,,,,,,,,,,,,,22,,,,,,0,,,,,,,,,,,,,,,,,,,,,,,,,,,,
2013-12-11,Z1Z02S5W,ST4000DX000,4000787030016,0,,232701194,,,,,,,,0,,,,,,5037,,,,,,,,,,,,,,,,,,,,,,,,,,,,,,35,,,,,,0,,,,,,,,,,,,,,,,,,,,,,,,,,,,
2013-12-11,9XW01AM8,ST31500541AS,1500301910016,0,,35630791,,,,,,,,0,,,,,,35654,,,,,,,,,,,,,,,,,,,,,,,,,,,,,,24,,,,,,0,,,,,,,,,,,,,,,,,,,,,,,,,,,,
2013-12-11,9VS1GXY4,ST31500341AS,1500301910016,0,,15760639,,,,,,,,94,,,,,,40410,,,,,,,,,,,,,,,,,,,,,,,,,,,,,,27,,,,,,0,,,,,,,,,,,,,,,,,,,,,,,,,,,,
2013-12-11,9VS3JH5S,ST31500341AS,1500301910016,0,,212547470,,,,,,,,16,,,,,,32875,,,,,,,,,,,,,,,,,,,,,,,,,,,,,,23,,,,,,0,,,,,,,,,,,,,,,,,,,,,,,,,,,,
2013-12-11,Z1F14F5V,ST3000DM001,3000592982016,0,,37420184,,,,,,,,0,,,,,,8163,,,,,,,,,,,,,,,,,,,,,,,,,,,,,,27,,,,,,0,,,,,,,,,,,,,,,,,,,,,,,,,,,,
2013-12-11,W300B0LF,ST4000DM000,4000787030016,0,,41245304,,,,,,,,0,,,,,,2177,,,,,,,,,,,,,,,,,,,,,,,,,,,,,,21,,,,,,0,,,,,,,,,,,,,,,,,,,,,,,,,,,,
2013-12-11,JK11A1YAJH98TV,Hitachi HDS722020ALA330,2000398934016,0,,1,,,,,,,,0,,,,,,28851,,,,,,,,,,,,,,,,,,,,,,,,,,,,,,30,,,,,,0,,,,,,,,,,,,,,,,,,,,,,,,,,,,
2013-12-11,PL1311LAG3AV9H,Hitachi HDS5C4040ALE630,4000787030016,0,,0,,,,,,,,0,,,,,,6993,,,,,,,,,,,,,,,,,,,,,,,,,,,,,,24,,,,,,0,,,,,,,,,,,,,,,,,,,,,,,,,,,,
2013-12-11,S1F06H7T,ST3000DM001,3000592982016,0,,29575536,,,,,,,,0,,,,,,12420,,,,,,,,,,,,,,,,,,,,,,,,,,,,,,29,,,,,,0,,,,,,,,,,,,,,,,,,,,,,,,,,,,
2013-12-11,MJ0351YNGA59ZA,Hitachi HDS5C3030ALA630,3000592982016,0,,0,,,,,,,,0,,,,,,9312,,,,,,,,,,,,,,,,,,,,,,,,,,,,,,29,,,,,,0,,,,,,,,,,,,,,,,,,,,,,,,,,,,
2013-12-11,S1F0CW7A,ST3000DM001,3000592982016,0,,242274928,,,,,,,,0,,,,,,12418,,,,,,,,,,,,,,,,,,,,,,,,,,,,,,29,,,,,,0,,,,,,,,,,,,,,,,,,,,,,,,,,,,
2013-12-11,JK1101YAK2K27V,Hitachi HDS722020ALA330,2000398934016,0,,0,,,,,,,,0,,,,,,18798,,,,,,,,,,,,,,,,,,,,,,,,,,,,,,26,,,,,,0,,,,,,,,,,,,,,,,,,,,,,,,,,,,
2013-12-11,JK11A8B9J79EBF,Hitachi HDS722020ALA330,2000398934016,0,,0,,,,,,,,0,,,,,,22702,,,,,,,,,,,,,,,,,,,,,,,,,,,,,,27,,,,,,0,,,,,,,,,,,,,,,,,,,,,,,,,,,,
2013-12-11,JK1101B9JP3LEF,Hitachi HDS722020ALA330,2000398934016,0,,0,,,,,,,,0,,,,,,24112,,,,,,,,,,,,,,,,,,,,,,,,,,,,,,27,,,,,,0,,,,,,,,,,,,,,,,,,,,,,,,,,,,
2013-12-11,S1F06H7N,ST3000DM001,3000592982016,0,,128004216,,,,,,,,0,,,,,,12368,,,,,,,,,,,,,,,,,,,,,,,,,,,,,,22,,,,,,0,,,,,,,,,,,,,,,,,,,,,,,,,,,,
2013-12-11,Z300E4S6,ST4000DM000,4000787030016,0,,22782944,,,,,,,,0,,,,,,1331,,,,,,,,,,,,,,,,,,,,,,,,,,,,,,21,,,,,,0,,,,,,,,,,,,,,,,,,,,,,,,,,,,
2013-12-11,Z300XEPD,ST4000DM000,4000787030016,0,,196228480,,,,,,,,0,,,,,,886,,,,,,,,,,,,,,,,,,,,,,,,,,,,,,25,,,,,,0,,,,,,,,,,,,,,,,,,,,,,,,,,,,
2013-12-11,Z1F1FZ9J,ST3000DM001,3000592982016,0,,170313944,,,,,,,,0,,,,,,9580,,,,,,,,,,,,,,,,,,,,,,,,,,,,,,23,,,,,,0,,,,,,,,,,,,,,,,,,,,,,,,,,,,
2013-12-11,PL1311LAG38NRH,Hitachi HDS5C4040ALE630,4000787030016,0,,0,,,,,,,,0,,,,,,6639,,,,,,,,,,,,,,,,,,,,,,,,,,,,,,24,,,,,,0,,,,,,,,,,,,,,,,,,,,,,,,,,,,
2013-12-11,S1F0S4G4,ST3000DM001,3000592982016,0,,213423656,,,,,,,,0,,,,,,10743,,,,,,,,,,,,,,,,,,,,,,,,,,,,,,24,,,,,,0,,,,,,,,,,,,,,,,,,,,,,,,,,,,
2013-12-11,MJ0351YNG9WDVA,Hitachi HDS5C3030ALA630,3000592982016,0,,0,,,,,,,,0,,,,,,8830,,,,,,,,,,,,,,,,,,,,,,,,,,,,,,30,,,,,,0,,,,,,,,,,,,,,,,,,,,,,,,,,,,
2013-12-11,Z1F0B5AN,ST3000DM001,3000592982016,0,,112267592,,,,,,,,0,,,,,,2504,,,,,,,,,,,,,,,,,,,,,,,,,,,,,,21,,,,,,0,,,,,,,,,,,,,,,,,,,,,,,,,,,,
2013-12-11,JK11A8B9J7H2SF,Hitachi HDS722020ALA330,2000398934016,0,,0,,,,,,,,0,,,,,,25539,,,,,,,,,,,,,,,,,,,,,,,,,,,,,,31,,,,,,0,,,,,,,,,,,,,,,,,,,,,,,,,,,,
2013-12-11,JK11A4B8J36XXW,Hitachi HDS722020ALA330,2000398934016,0,,65536,,,,,,,,0,,,,,,22862,,,,,,,,,,,,,,,,,,,,,,,,,,,,,,25,,,,,,0,,,,,,,,,,,,,,,,,,,,,,,,,,,,
2013-12-11,S1F07W23,ST3000DM001,3000592982016,0,,8564808,,,,,,,,0,,,,,,13869,,,,,,,,,,,,,,,,,,,,,,,,,,,,,,25,,,,,,0,,,,,,,,,,,,,,,,,,,,,,,,,,,,
2013-12-11,W300CSYX,ST4000DM000,4000787030016,0,,39972048,,,,,,,,0,,,,,,1871,,,,,,,,,,,,,,,,,,,,,,,,,,,,,,24,,,,,,0,,,,,,,,,,,,,,,,,,,,,,,,,,,,
2013-12-11,S1F0S4GB,ST3000DM001,3000592982016,0,,37997856,,,,,,,,0,,,,,,10760,,,,,,,,,,,,,,,,,,,,,,,,,,,,,,27,,,,,,0,,,,,,,,,,,,,,,,,,,,,,,,,,,,
2013-12-11,JK11A8B9J8E2AF,Hitachi HDS722020ALA330,2000398934016,0,,2,,,,,,,,1,,,,,,25120,,,,,,,,,,,,,,,,,,,,,,,,,,,,,,33,,,,,,0,,,,,,,,,,,,,,,,,,,,,,,,,,,,
2013-12-11,MJ0351YNG9UHRA,Hitachi HDS5C3030ALA630,3000592982016,0,,0,,,,,,,,0,,,,,,9274,,,,,,,,,,,,,,,,,,,,,,,,,,,,,,25,,,,,,0,,,,,,,,,,,,,,,,,,,,,,,,,,,,
2013-12-11,JK11A8B9J81XSF,Hitachi HDS722020ALA330,2000398934016,0,,0,,,,,,,,0,,,,,,26025,,,,,,,,,,,,,,,,,,,,,,,,,,,,,,26,,,,,,0,,,,,,,,,,,,,,,,,,,,,,,,,,,,
2013-12-11,Z300E4SF,ST4000DM000,4000787030016,0,,4904680,,,,,,,,0,,,,,,2262,,,,,,,,,,,,,,,,,,,,,,,,,,,,,,21,,,,,,0,,,,,,,,,,,,,,,,,,,,,,,,,,,,
2013-12-11,MJ0351YNG9VRLA,Hitachi HDS5C3030ALA630,3000592982016,0,,0,,,,,,,,0,,,,,,9941,,,,,,,,,,,,,,,,,,,,,,,,,,,,,,28,,,,,,0,,,,,,,,,,,,,,,,,,,,,,,,,,,,
2013-12-11,MJ1311YNG2UHGA,Hitachi HDS5C3030ALA630,3000592982016,0,,0,,,,,,,,0,,,,,,18316,,,,,,,,,,,,,,,,,,,,,,,,,,,,,,24,,,,,,0,,,,,,,,,,,,,,,,,,,,,,,,,,,,
2013-12-11,WD-WCAU47738866,WDC WD10EADS,1000204886016,0,,0,,,,,,,,0,,,,,,40563,,,,,,,,,,,,,,,,,,,,,,,,,,,,,,27,,,,,,0,,,,,,,,,,,,,,,,,,,,,,,,,,,,
2013-12-11,STF605MH1KZB5W,Hitachi HDT721010SLA360,1000204886016,0,,46662280,,,,,,,,0,,,,,,40583,,,,,,,,,,,,,,,,,,,,,,,,,,,,,,30,,,,,,0,,,,,,,,,,,,,,,,,,,,,,,,,,,,
2013-12-11,MK0311YHGEU3UA,Hitachi HDS723030ALA640,3000592982016,0,,0,,,,,,,,0,,,,,,14732,,,,,,,,,,,,,,,,,,,,,,,,,,,,,,30,,,,,,0,,,,,,,,,,,,,,,,,,,,,,,,,,,,
2013-12-11,S1F0CW78,ST3000DM001,3000592982016,0,,113620344,,,,,,,,0,,,,,,12363,,,,,,,,,,,,,,,,,,,,,,,,,,,,,,26,,,,,,0,,,,,,,,,,,,,,,,,,,,,,,,,,,,
2013-12-11,JK1101YAK7EALV,Hitachi HDS722020ALA330,2000398934016,0,,2,,,,,,,,0,,,,,,29211,,,,,,,,,,,,,,,,,,,,,,,,,,,,,,30,,,,,,0,,,,,,,,,,,,,,,,,,,,,,,,,,,,
2013-12-11,S1F0CW70,ST3000DM001,3000592982016,0,,216483728,,,,,,,,176,,,,,,12314,,,,,,,,,,,,,,,,,,,,,,,,,,,,,,31,,,,,,0,,,,,,,,,,,,,,,,,,,,,,,,,,,,
2013-12-11,Z1F0LLH7,ST3000DM001,3000592982016,0,,80184976,,,,,,,,0,,,,,,12170,,,,,,,,,,,,,,,,,,,,,,,,,,,,,,26,,,,,,0,,,,,,,,,,,,,,,,,,,,,,,,,,,,
2013-12-11,MJ0351YNG9WMZA,Hitachi HDS5C3030ALA630,3000592982016,0,,0,,,,,,,,0,,,,,,9274,,,,,,,,,,,,,,,,,,,,,,,,,,,,,,26,,,,,,0,,,,,,,,,,,,,,,,,,,,,,,,,,,,
2013-12-11,MK0311YHGL4RPA,Hitachi HDS723030ALA640,3000592982016,0,,65536,,,,,,,,0,,,,,,11406,,,,,,,,,,,,,,,,,,,,,,,,,,,,,,27,,,,,,0,,,,,,,,,,,,,,,,,,,,,,,,,,,,
2013-12-11,JK11A8B9J2KMHF,Hitachi HDS722020ALA330,2000398934016,0,,0,,,,,,,,0,,,,,,23544,,,,,,,,,,,,,,,,,,,,,,,,,,,,,,41,,,,,,0,,,,,,,,,,,,,,,,,,,,,,,,,,,,
2013-12-11,JK11A8B9J8YTRF,Hitachi HDS722020ALA330,2000398934016,0,,0,,,,,,,,0,,,,,,24467,,,,,,,,,,,,,,,,,,,,,,,,,,,,,,27,,,,,,0,,,,,,,,,,,,,,,,,,,,,,,,,,,,
2013-12-11,S1F0LBWC,ST3000DM001,3000592982016,0,,75809312,,,,,,,,0,,,,,,12246,,,,,,,,,,,,,,,,,,,,,,,,,,,,,,27,,,,,,0,,,,,,,,,,,,,,,,,,,,,,,,,,,,
2013-12-11,MJ1311YNG337NA,Hitachi HDS5C3030ALA630,3000592982016,0,,0,,,,,,,,0,,,,,,18316,,,,,,,,,,,,,,,,,,,,,,,,,,,,,,21,,,,,,0,,,,,,,,,,,,,,,,,,,,,,,,,,,,
2013-12-11,JK11A8B9J33VKF,Hitachi HDS722020ALA330,2000398934016,0,,0,,,,,,,,0,,,,,,24432,,,,,,,,,,,,,,,,,,,,,,,,,,,,,,27,,,,,,0,,,,,,,,,,,,,,,,,,,,,,,,,,,,
2013-12-11,Z290V5WE,ST33000651AS,3000592982016,0,,87822496,,,,,,,,0,,,,,,15604,,,,,,,,,,,,,,,,,,,,,,,,,,,,,,21,,,,,,0,,,,,,,,,,,,,,,,,,,,,,,,,,,,
2013-12-11,JK1101B9JP594R,Hitachi HDS722020ALA330,2000398934016,0,,0,,,,,,,,0,,,,,,24099,,,,,,,,,,,,,,,,,,,,,,,,,,,,,,29,,,,,,0,,,,,,,,,,,,,,,,,,,,,,,,,,,,
2013-12-11,JK11A8B9J90YJF,Hitachi HDS722020ALA330,2000398934016,0,,0,,,,,,,,0,,,,,,24468,,,,,,,,,,,,,,,,,,,,,,,,,,,,,,23,,,,,,0,,,,,,,,,,,,,,,,,,,,,,,,,,,,
2013-12-11,S1F02WQ3,ST3000DM001,3000592982016,0,,210490904,,,,,,,,0,,,,,,15535,,,,,,,,,,,,,,,,,,,,,,,,,,,,,,22,,,,,,0,,,,,,,,,,,,,,,,,,,,,,,,,,,,
2013-12-11,JK11A8B9J1GX9F,Hitachi HDS722020ALA330,2000398934016,0,,2,,,,,,,,0,,,,,,24426,,,,,,,,,,,,,,,,,,,,,,,,,,,,,,30,,,,,,0,,,,,,,,,,,,,,,,,,,,,,,,,,,,
2013-12-11,MJ1311YNG3JEUA,Hitachi HDS5C3030ALA630,3000592982016,0,,0,,,,,,,,0,,,,,,18939,,,,,,,,,,,,,,,,,,,,,,,,,,,,,,26,,,,,,0,,,,,,,,,,,,,,,,,,,,,,,,,,,,
2013-12-11,PL2311LAG1MXXC,Hitachi HDS5C4040ALE630,4000787030016,0,,0,,,,,,,,0,,,,,,7386,,,,,,,,,,,,,,,,,,,,,,,,,,,,,,25,,,,,,0,,,,,,,,,,,,,,,,,,,,,,,,,,,,
2013-12-11,6XW1J3C9,ST31500541AS,1500301910016,0,,196924849,,,,,,,,0,,,,,,22032,,,,,,,,,,,,,,,,,,,,,,,,,,,,,,18,,,,,,0,,,,,,,,,,,,,,,,,,,,,,,,,,,,
2013-12-11,W1F1DQN8,ST3000DM001,3000592982016,0,,12319216,,,,,,,,0,,,,,,7989,,,,,,,,,,,,,,,,,,,,,,,,,,,,,,18,,,,,,0,,,,,,,,,,,,,,,,,,,,,,,,,,,,
2013-12-11,WD-WMC1T1228969,WDC WD30EFRX,3000592982016,0,,0,,,,,,,,0,,,,,,7391,,,,,,,,,,,,,,,,,,,,,,,,,,,,,,21,,,,,,0,,,,,,,,,,,,,,,,,,,,,,,,,,,,
2013-12-11,JK11A8B9J8ZZWF,Hitachi HDS722020ALA330,2000398934016,0,,0,,,,,,,,0,,,,,,25667,,,,,,,,,,,,,,,,,,,,,,,,,,,,,,27,,,,,,0,,,,,,,,,,,,,,,,,,,,,,,,,,,,
2013-12-11,MJ0351YNG9VXRA,Hitachi HDS5C3030ALA630,3000592982016,0,,0,,,,,,,,0,,,,,,9972,,,,,,,,,,,,,,,,,,,,,,,,,,,,,,28,,,,,,0,,,,,,,,,,,,,,,,,,,,,,,,,,,,
2013-12-11,Z300D6YC,ST4000DM000,4000787030016,0,,94648408,,,,,,,,0,,,,,,2257,,,,,,,,,,,,,,,,,,,,,,,,,,,,,,24,,,,,,0,,,,,,,,,,,,,,,,,,,,,,,,,,,,
2013-12-11,W3004Z1A,ST4000DM000,4000787030016,0,,172706424,,,,,,,,0,,,,,,2873,,,,,,,,,,,,,,,,,,,,,,,,,,,,,,22,,,,,,0,,,,,,,,,,,,,,,,,,,,,,,,,,,,
2013-12-11,W30090RW,ST4000DM000,4000787030016,0,,163898064,,,,,,,,0,,,,,,2272,,,,,,,,,,,,,,,,,,,,,,,,,,,,,,22,,,,,,0,,,,,,,,,,,,,,,,,,,,,,,,,,,,
2013-12-11,MJ0351YNG9YZHA,Hitachi HDS5C3030ALA630,3000592982016,0,,0,,,,,,,,0,,,,,,9938,,,,,,,,,,,,,,,,,,,,,,,,,,,,,,26,,,,,,0,,,,,,,,,,,,,,,,,,,,,,,,,,,,
2013-12-11,MJ0351YNGA6G2A,Hitachi HDS5C3030ALA630,3000592982016,0,,0,,,,,,,,0,,,,,,9147,,,,,,,,,,,,,,,,,,,,,,,,,,,,,,27,,,,,,0,,,,,,,,,,,,,,,,,,,,,,,,,,,,
2013-12-11,13H8B48GS,TOSHIBA DT01ACA300,3000592982016,0,,0,,,,,,,,0,,,,,,2507,,,,,,,,,,,,,,,,,,,,,,,,,,,,,,26,,,,,,0,,,,,,,,,,,,,,,,,,,,,,,,,,,,
2013-12-11,W1F09B62,ST3000DM001,3000592982016,0,,88692280,,,,,,,,0,,,,,,14235,,,,,,,,,,,,,,,,,,,,,,,,,,,,,,24,,,,,,0,,,,,,,,,,,,,,,,,,,,,,,,,,,,
2013-12-11,Z1F0LH7B,ST3000DM001,3000592982016,0,,138750200,,,,,,,,0,,,,,,12322,,,,,,,,,,,,,,,,,,,,,,,,,,,,,,25,,,,,,0,,,,,,,,,,,,,,,,,,,,,,,,,,,,
2013-12-11,JK11A8B9J8160F,Hitachi HDS722020ALA330,2000398934016,0,,0,,,,,,,,0,,,,,,26025,,,,,,,,,,,,,,,,,,,,,,,,,,,,,,24,,,,,,0,,,,,,,,,,,,,,,,,,,,,,,,,,,,
2013-12-11,Z1F0LH7E,ST3000DM001,3000592982016,0,,34301904,,,,,,,,0,,,,,,3005,,,,,,,,,,,,,,,,,,,,,,,,,,,,,,20,,,,,,0,,,,,,,,,,,,,,,,,,,,,,,,,,,,
2013-12-11,S1F0BG5K,ST3000DM001,3000592982016,0,,46322200,,,,,,,,0,,,,,,12876,,,,,,,,,,,,,,,,,,,,,,,,,,,,,,26,,,,,,0,,,,,,,,,,,,,,,,,,,,,,,,,,,,
2013-12-11,PL1311LAG2GREH,Hitachi HDS5C4040ALE630,4000787030016,0,,0,,,,,,,,0,,,,,,5933,,,,,,,,,,,,,,,,,,,,,,,,,,,,,,25,,,,,,0,,,,,,,,,,,,,,,,,,,,,,,,,,,,
2013-12-11,MJ0351YNGA0ESA,Hitachi HDS5C3030ALA630,3000592982016,0,,0,,,,,,,,0,,,,,,8141,,,,,,,,,,,,,,,,,,,,,,,,,,,,,,30,,,,,,0,,,,,,,,,,,,,,,,,,,,,,,,,,,,
2013-12-11,MJ0351YNG9XPVA,Hitachi HDS5C3030ALA630,3000592982016,0,,0,,,,,,,,0,,,,,,9475,,,,,,,,,,,,,,,,,,,,,,,,,,,,,,27,,,,,,0,,,,,,,,,,,,,,,,,,,,,,,,,,,,
2013-12-11,WD-WMC1T1672959,WDC WD30EFRX,3000592982016,0,,0,,,,,,,,0,,,,,,7390,,,,,,,,,,,,,,,,,,,,,,,,,,,,,,25,,,,,,0,,,,,,,,,,,,,,,,,,,,,,,,,,,,
2013-12-11,STF605MH1MLY4W,Hitachi HDT721010SLA360,1000204886016,0,,15270124,,,,,,,,0,,,,,,40584,,,,,,,,,,,,,,,,,,,,,,,,,,,,,,26,,,,,,3,,,,,,,,,,,,,,,,,,,,,,,,,,,,
2013-12-11,9XW027A3,ST31500541AS,1500301910016,0,,141394100,,,,,,,,0,,,,,,34754,,,,,,,,,,,,,,,,,,,,,,,,,,,,,,21,,,,,,0,,,,,,,,,,,,,,,,,,,,,,,,,,,,
2013-12-11,PL1311LAG3DARH,Hitachi HDS5C4040ALE630,4000787030016,0,,0,,,,,,,,0,,,,,,3631,,,,,,,,,,,,,,,,,,,,,,,,,,,,,,26,,,,,,0,,,,,,,,,,,,,,,,,,,,,,,,,,,,
2013-12-11,JK1175YBJ5TV8H,Hitachi HDS722020ALA330,2000398934016,0,,1179663,,,,,,,,0,,,,,,26712,,,,,,,,,,,,,,,,,,,,,,,,,,,,,,24,,,,,,0,,,,,,,,,,,,,,,,,,,,,,,,,,,,
2013-12-11,S1F06VPX,ST3000DM001,3000592982016,0,,18650320,,,,,,,,0,,,,,,13745,,,,,,,,,,,,,,,,,,,,,,,,,,,,,,19,,,,,,0,,,,,,,,,,,,,,,,,,,,,,,,,,,,
2013-12-11,6XW01RFN,ST31500541AS,1500301910016,0,,189333393,,,,,,,,0,,,,,,35750,,,,,,,,,,,,,,,,,,,,,,,,,,,,,,19,,,,,,0,,,,,,,,,,,,,,,,,,,,,,,,,,,,
2013-12-11,JK11A8B9J3LUXF,Hitachi HDS722020ALA330,2000398934016,0,,0,,,,,,,,0,,,,,,23318,,,,,,,,,,,,,,,,,,,,,,,,,,,,,,34,,,,,,0,,,,,,,,,,,,,,,,,,,,,,,,,,,,
2013-12-11,MJ1321YNG1A8WA,Hitachi HDS5C3030ALA630,3000592982016,0,,0,,,,,,,,0,,,,,,13086,,,,,,,,,,,,,,,,,,,,,,,,,,,,,,27,,,,,,0,,,,,,,,,,,,,,,,,,,,,,,,,,,,
2013-12-11,JK11A8B9J81Z3F,Hitachi HDS722020ALA330,2000398934016,0,,1,,,,,,,,29,,,,,,24502,,,,,,,,,,,,,,,,,,,,,,,,,,,,,,27,,,,,,5,,,,,,,,,,,,,,,,,,,,,,,,,,,,
2013-12-11,9XK0E02C,ST33000651AS,3000592982016,0,,217968851,,,,,,,,0,,,,,,17739,,,,,,,,,,,,,,,,,,,,,,,,,,,,,,27,,,,,,0,,,,,,,,,,,,,,,,,,,,,,,,,,,,
2013-12-11,9XK0PMJZ,ST33000651AS,3000592982016,0,,36088008,,,,,,,,0,,,,,,15603,,,,,,,,,,,,,,,,,,,,,,,,,,,,,,25,,,,,,0,,,,,,,,,,,,,,,,,,,,,,,,,,,,
2013-12-11,5XW2HDMG,ST31500541AS,1500301910016,0,,20993173,,,,,,,,0,,,,,,13559,,,,,,,,,,,,,,,,,,,,,,,,,,,,,,16,,,,,,0,,,,,,,,,,,,,,,,,,,,,,,,,,,,
2013-12-11,W1F1CDDP,ST3000DM001,3000592982016,0,,1289776,,,,,,,,0,,,,,,7990,,,,,,,,,,,,,,,,,,,,,,,,,,,,,,24,,,,,,0,,,,,,,,,,,,,,,,,,,,,,,,,,,,
2013-12-11,W300AJRM,ST4000DM000,4000787030016,0,,25641024,,,,,,,,0,,,,,,2225,,,,,,,,,,,,,,,,,,,,,,,,,,,,,,24,,,,,,0,,,,,,,,,,,,,,,,,,,,,,,,,,,,
2013-12-11,Z300W62X,ST4000DM000,4000787030016,0,,160412296,,,,,,,,0,,,,,,918,,,,,,,,,,,,,,,,,,,,,,,,,,,,,,17,,,,,,0,,,,,,,,,,,,,,,,,,,,,,,,,,,,
2013-12-11,PL1321LAG346EH,Hitachi HDS5C4040ALE630,4000787030016,0,,0,,,,,,,,0,,,,,,6571,,,,,,,,,,,,,,,,,,,,,,,,,,,,,,29,,,,,,0,,,,,,,,,,,,,,,,,,,,,,,,,,,,
2013-12-11,MJ1323YNG1SL3C,Hitachi HDS5C3030ALA630,3000592982016,0,,0,,,,,,,,0,,,,,,20079,,,,,,,,,,,,,,,,,,,,,,,,,,,,,,35,,,,,,0,,,,,,,,,,,,,,,,,,,,,,,,,,,,
2013-12-11,MJ1321YNG0PNHA,Hitachi HDS5C3030ALA630,3000592982016,0,,0,,,,,,,,0,,,,,,20512,,,,,,,,,,,,,,,,,,,,,,,,,,,,,,23,,,,,,0,,,,,,,,,,,,,,,,,,,,,,,,,,,,
2013-12-11,MJ0351YNG9NV2A,Hitachi HDS5C3030ALA630,3000592982016,0,,0,,,,,,,,0,,,,,,9941,,,,,,,,,,,,,,,,,,,,,,,,,,,,,,28,,,,,,0,,,,,,,,,,,,,,,,,,,,,,,,,,,,
2013-12-11,PL1321LAG34ZRH,Hitachi HDS5C4040ALE630,4000787030016,0,,0,,,,,,,,0,,,,,,6616,,,,,,,,,,,,,,,,,,,,,,,,,,,,,,27,,,,,,0,,,,,,,,,,,,,,,,,,,,,,,,,,,,
2013-12-11,S1F04LYF,ST3000DM001,3000592982016,0,,104186160,,,,,,,,0,,,,,,13822,,,,,,,,,,,,,,,,,,,,,,,,,,,,,,23,,,,,,0,,,,,,,,,,,,,,,,,,,,,,,,,,,,
2013-12-11,MJ1313YNG1U0GC,Hitachi HDS5C3030ALA630,3000592982016,0,,0,,,,,,,,0,,,,,,21796,,,,,,,,,,,,,,,,,,,,,,,,,,,,,,26,,,,,,0,,,,,,,,,,,,,,,,,,,,,,,,,,,,
2013-12-11,W3006HP2,ST4000DM000,4000787030016,0,,157267264,,,,,,,,0,,,,,,2681,,,,,,,,,,,,,,,,,,,,,,,,,,,,,,24,,,,,,0,,,,,,,,,,,,,,,,,,,,,,,,,,,,
2013-12-11,9VS2AQW5,ST31500341AS,1500301910016,0,,240252208,,,,,,,,5,,,,,,38656,,,,,,,,,,,,,,,,,,,,,,,,,,,,,,23,,,,,,0,,,,,,,,,,,,,,,,,,,,,,,,,,,,
2013-12-11,PL1311LAG3E57H,Hitachi HDS5C4040ALE630,4000787030016,0,,0,,,,,,,,0,,,,,,5049,,,,,,,,,,,,,,,,,,,,,,,,,,,,,,28,,,,,,0,,,,,,,,,,,,,,,,,,,,,,,,,,,,
2013-12-11,MJ0351YNG9RWBA,Hitachi HDS5C3030ALA630,3000592982016,0,,0,,,,,,,,0,,,,,,8871,,,,,,,,,,,,,,,,,,,,,,,,,,,,,,28,,,,,,0,,,,,,,,,,,,,,,,,,,,,,,,,,,,
2013-12-11,WD-WCC1T1252725,WDC WD30EFRX,3000592982016,0,,0,,,,,,,,0,,,,,,1519,,,,,,,,,,,,,,,,,,,,,,,,,,,,,,22,,,,,,0,,,,,,,,,,,,,,,,,,,,,,,,,,,,
2013-12-11,WD-WCAWZ0833167,WDC WD30EZRX,3000592982016,0,,0,,,,,,,,0,,,,,,16989,,,,,,,,,,,,,,,,,,,,,,,,,,,,,,21,,,,,,2,,,,,,,,,,,,,,,,,,,,,,,,,,,,
2013-12-11,S1F01VYX,ST3000DM001,3000592982016,0,,156331528,,,,,,,,0,,,,,,15222,,,,,,,,,,,,,,,,,,,,,,,,,,,,,,23,,,,,,0,,,,,,,,,,,,,,,,,,,,,,,,,,,,
2013-12-11,JK11A8B9J8Z6JF,Hitachi HDS722020ALA330,2000398934016,0,,0,,,,,,,,0,,,,,,24468,,,,,,,,,,,,,,,,,,,,,,,,,,,,,,27,,,,,,0,,,,,,,,,,,,,,,,,,,,,,,,,,,,
2013-12-11,JK1105B8GEU7XX,Hitachi HDS722020ALA330,2000398934016,0,,1,,,,,,,,0,,,,,,26766,,,,,,,,,,,,,,,,,,,,,,,,,,,,,,27,,,,,,0,,,,,,,,,,,,,,,,,,,,,,,,,,,,
2013-12-11,MJ0351YNG9STPA,Hitachi HDS5C3030ALA630,3000592982016,0,,0,,,,,,,,0,,,,,,9477,,,,,,,,,,,,,,,,,,,,,,,,,,,,,,24,,,,,,0,,,,,,,,,,,,,,,,,,,,,,,,,,,,
2013-12-11,WD-WMC1T1610902,WDC WD30EFRX,3000592982016,0,,0,,,,,,,,0,,,,,,7390,,,,,,,,,,,,,,,,,,,,,,,,,,,,,,24,,,,,,0,,,,,,,,,,,,,,,,,,,,,,,,,,,,
2013-12-11,6XW0QXJ4,ST31500541AS,1500301910016,0,,206905109,,,,,,,,0,,,,,,34101,,,,,,,,,,,,,,,,,,,,,,,,,,,,,,19,,,,,,0,,,,,,,,,,,,,,,,,,,,,,,,,,,,
2013-12-11,PL1311LAG38L7H,Hitachi HDS5C4040ALE630,4000787030016,0,,0,,,,,,,,0,,,,,,5962,,,,,,,,,,,,,,,,,,,,,,,,,,,,,,18,,,,,,0,,,,,,,,,,,,,,,,,,,,,,,,,,,,
2013-12-11,9XW01S8T,ST31500541AS,1500301910016,0,,113975268,,,,,,,,0,,,,,,35439,,,,,,,,,,,,,,,,,,,,,,,,,,,,,,19,,,,,,0,,,,,,,,,,,,,,,,,,,,,,,,,,,,
2013-12-11,JK11A8B9J715TF,Hitachi HDS722020ALA330,2000398934016,0,,0,,,,,,,,7,,,,,,22695,,,,,,,,,,,,,,,,,,,,,,,,,,,,,,27,,,,,,0,,,,,,,,,,,,,,,,,,,,,,,,,,,,
2013-12-11,S1F01QYB,ST3000DM001,3000592982016,0,,169266832,,,,,,,,0,,,,,,15621,,,,,,,,,,,,,,,,,,,,,,,,,,,,,,23,,,,,,0,,,,,,,,,,,,,,,,,,,,,,,,,,,,
2013-12-11,MK0311YHGHZUDA,Hitachi HDS723030ALA640,3000592982016,0,,0,,,,,,,,0,,,,,,16680,,,,,,,,,,,,,,,,,,,,,,,,,,,,,,28,,,,,,0,,,,,,,,,,,,,,,,,,,,,,,,,,,,
2013-12-11,MJ1321YNG0EVBA,Hitachi HDS5C3030ALA630,3000592982016,0,,0,,,,,,,,0,,,,,,19801,,,,,,,,,,,,,,,,,,,,,,,,,,,,,,27,,,,,,0,,,,,,,,,,,,,,,,,,,,,,,,,,,,
2013-12-11,MJ0351YNG9XN7A,Hitachi HDS5C3030ALA630,3000592982016,0,,0,,,,,,,,0,,,,,,9191,,,,,,,,,,,,,,,,,,,,,,,,,,,,,,28,,,,,,0,,,,,,,,,,,,,,,,,,,,,,,,,,,,
2013-12-11,W300J3D6,ST4000DM000,4000787030016,0,,31085000,,,,,,,,0,,,,,,923,,,,,,,,,,,,,,,,,,,,,,,,,,,,,,22,,,,,,0,,,,,,,,,,,,,,,,,,,,,,,,,,,,
2013-12-11,Z300HRCH,ST4000DM000,4000787030016,0,,106382656,,,,,,,,0,,,,,,2845,,,,,,,,,,,,,,,,,,,,,,,,,,,,,,28,,,,,,0,,,,,,,,,,,,,,,,,,,,,,,,,,,,
2013-12-11,S1F06JSC,ST3000DM001,3000592982016,0,,90968440,,,,,,,,0,,,,,,13363,,,,,,,,,,,,,,,,,,,,,,,,,,,,,,23,,,,,,0,,,,,,,,,,,,,,,,,,,,,,,,,,,,
2013-12-11,6XW0QLDC,ST31500541AS,1500301910016,0,,13141353,,,,,,,,0,,,,,,23829,,,,,,,,,,,,,,,,,,,,,,,,,,,,,,21,,,,,,0,,,,,,,,,,,,,,,,,,,,,,,,,,,,
2013-12-11,JK11A8B9J3ASNF,Hitachi HDS722020ALA330,2000398934016,0,,65539,,,,,,,,0,,,,,,23711,,,,,,,,,,,,,,,,,,,,,,,,,,,,,,28,,,,,,0,,,,,,,,,,,,,,,,,,,,,,,,,,,,
2013-12-11,MK0333YHGNWKYC,Hitachi HDS723030ALA640,3000592982016,0,,0,,,,,,,,0,,,,,,17755,,,,,,,,,,,,,,,,,,,,,,,,,,,,,,24,,,,,,0,,,,,,,,,,,,,,,,,,,,,,,,,,,,
2013-12-11,JK11A8B9J7N95F,Hitachi HDS722020ALA330,2000398934016,0,,0,,,,,,,,0,,,,,,24629,,,,,,,,,,,,,,,,,,,,,,,,,,,,,,25,,,,,,0,,,,,,,,,,,,,,,,,,,,,,,,,,,,
2013-12-11,Z1F0S50B,ST3000DM001,3000592982016,0,,54293792,,,,,,,,0,,,,,,7682,,,,,,,,,,,,,,,,,,,,,,,,,,,,,,25,,,,,,0,,,,,,,,,,,,,,,,,,,,,,,,,,,,
2013-12-11,MJ1323YNG1TSWC,Hitachi HDS5C3030ALA630,3000592982016,0,,131077,,,,,,,,311,,,,,,19772,,,,,,,,,,,,,,,,,,,,,,,,,,,,,,25,,,,,,0,,,,,,,,,,,,,,,,,,,,,,,,,,,,
2013-12-11,MJ1323YNG1ER0C,Hitachi HDS5C3030ALA630,3000592982016,0,,0,,,,,,,,0,,,,,,19744,,,,,,,,,,,,,,,,,,,,,,,,,,,,,,25,,,,,,0,,,,,,,,,,,,,,,,,,,,,,,,,,,,
2013-12-11,JK11A8B9JR06VF,Hitachi HDS722020ALA330,2000398934016,0,,0,,,,,,,,0,,,,,,24112,,,,,,,,,,,,,,,,,,,,,,,,,,,,,,29,,,,,,0,,,,,,,,,,,,,,,,,,,,,,,,,,,,
2013-12-11,MK0311YHGADGZA,Hitachi HDS723030ALA640,3000592982016,0,,0,,,,,,,,0,,,,,,16802,,,,,,,,,,,,,,,,,,,,,,,,,,,,,,29,,,,,,0,,,,,,,,,,,,,,,,,,,,,,,,,,,,
2013-12-11,MJ0351YNGABWHA,Hitachi HDS5C3030ALA630,3000592982016,0,,0,,,,,,,,0,,,,,,8618,,,,,,,,,,,,,,,,,,,,,,,,,,,,,,30,,,,,,0,,,,,,,,,,,,,,,,,,,,,,,,,,,,
2013-12-11,MJ0351YNG9VEDA,Hitachi HDS5C3030ALA630,3000592982016,0,,0,,,,,,,,0,,,,,,8883,,,,,,,,,,,,,,,,,,,,,,,,,,,,,,30,,,,,,0,,,,,,,,,,,,,,,,,,,,,,,,,,,,
2013-12-11,W300ADCB,ST4000DM000,4000787030016,0,,121464112,,,,,,,,0,,,,,,4134,,,,,,,,,,,,,,,,,,,,,,,,,,,,,,22,,,,,,0,,,,,,,,,,,,,,,,,,,,,,,,,,,,
2013-12-11,MJ1311YNG32Y2A,Hitachi HDS5C3030ALA630,3000592982016,0,,0,,,,,,,,0,,,,,,18065,,,,,,,,,,,,,,,,,,,,,,,,,,,,,,27,,,,,,0,,,,,,,,,,,,,,,,,,,,,,,,,,,,
2013-12-11,W1F0HPZK,ST3000DM001,3000592982016,0,,184959464,,,,,,,,0,,,,,,12025,,,,,,,,,,,,,,,,,,,,,,,,,,,,,,30,,,,,,0,,,,,,,,,,,,,,,,,,,,,,,,,,,,
2013-12-11,W300ATH8,ST4000DM000,4000787030016,0,,63871216,,,,,,,,0,,,,,,1703,,,,,,,,,,,,,,,,,,,,,,,,,,,,,,20,,,,,,0,,,,,,,,,,,,,,,,,,,,,,,,,,,,
2013-12-11,9XW0DAJS,ST31500541AS,1500301910016,0,,167836719,,,,,,,,0,,,,,,18335,,,,,,,,,,,,,,,,,,,,,,,,,,,,,,23,,,,,,0,,,,,,,,,,,,,,,,,,,,,,,,,,,,
2013-12-11,W1F0R731,ST3000DM001,3000592982016,0,,61153088,,,,,,,,0,,,,,,9269,,,,,,,,,,,,,,,,,,,,,,,,,,,,,,20,,,,,,0,,,,,,,,,,,,,,,,,,,,,,,,,,,,
2013-12-11,S1F0TPAC,ST3000DM001,3000592982016,0,,116460816,,,,,,,,0,,,,,,10720,,,,,,,,,,,,,,,,,,,,,,,,,,,,,,26,,,,,,0,,,,,,,,,,,,,,,,,,,,,,,,,,,,
2013-12-11,S1F0TKSC,ST3000DM001,3000592982016,0,,226890744,,,,,,,,0,,,,,,10759,,,,,,,,,,,,,,,,,,,,,,,,,,,,,,25,,,,,,0,,,,,,,,,,,,,,,,,,,,,,,,,,,,
2013-12-11,MJ0351YNGA6X5A,Hitachi HDS5C3030ALA630,3000592982016,0,,0,,,,,,,,0,,,,,,8663,,,,,,,,,,,,,,,,,,,,,,,,,,,,,,27,,,,,,0,,,,,,,,,,,,,,,,,,,,,,,,,,,,
2013-12-11,6XW1LLKC,ST32000542AS,2000398934016,0,,178450442,,,,,,,,0,,,,,,15217,,,,,,,,,,,,,,,,,,,,,,,,,,,,,,20,,,,,,0,,,,,,,,,,,,,,,,,,,,,,,,,,,,
2013-12-11,MJ1311YNG5XS1A,Hitachi HDS5C3030ALA630,3000592982016,0,,0,,,,,,,,211,,,,,,14601,,,,,,,,,,,,,,,,,,,,,,,,,,,,,,20,,,,,,0,,,,,,,,,,,,,,,,,,,,,,,,,,,,
2013-12-11,JK11A8B9J7T3BF,Hitachi HDS722020ALA330,2000398934016,0,,0,,,,,,,,0,,,,,,26004,,,,,,,,,,,,,,,,,,,,,,,,,,,,,,28,,,,,,0,,,,,,,,,,,,,,,,,,,,,,,,,,,,
2013-12-11,JK1104B8JRX5VW,Hitachi HDS722020ALA330,2000398934016,0,,0,,,,,,,,0,,,,,,22212,,,,,,,,,,,,,,,,,,,,,,,,,,,,,,31,,,,,,0,,,,,,,,,,,,,,,,,,,,,,,,,,,,
2013-12-11,MJ0351YNGA746A,Hitachi HDS5C3030ALA630,3000592982016,0,,0,,,,,,,,0,,,,,,7689,,,,,,,,,,,,,,,,,,,,,,,,,,,,,,25,,,,,,0,,,,,,,,,,,,,,,,,,,,,,,,,,,,
2013-12-11,W1F0B4LM,ST3000DM001,3000592982016,0,,96688744,,,,,,,,1648,,,,,,13795,,,,,,,,,,,,,,,,,,,,,,,,,,,,,,24,,,,,,0,,,,,,,,,,,,,,,,,,,,,,,,,,,,
2013-12-11,PL1301LAG355ZH,Hitachi HDS5C4040ALE630,4000787030016,0,,0,,,,,,,,0,,,,,,5138,,,,,,,,,,,,,,,,,,,,,,,,,,,,,,32,,,,,,0,,,,,,,,,,,,,,,,,,,,,,,,,,,,
2013-12-11,9VS271SL,ST31500341AS,1500301910016,0,,233883790,,,,,,,,0,,,,,,38494,,,,,,,,,,,,,,,,,,,,,,,,,,,,,,20,,,,,,0,,,,,,,,,,,,,,,,,,,,,,,,,,,,
2013-12-11,Z300NKVG,ST4000DM000,4000787030016,0,,109897424,,,,,,,,0,,,,,,105,,,,,,,,,,,,,,,,,,,,,,,,,,,,,,20,,,,,,0,,,,,,,,,,,,,,,,,,,,,,,,,,,,
2013-12-11,Z300V4A8,ST4000DM000,4000787030016,0,,144371192,,,,,,,,0,,,,,,109,,,,,,,,,,,,,,,,,,,,,,,,,,,,,,22,,,,,,0,,,,,,,,,,,,,,,,,,,,,,,,,,,,
2013-12-11,9XW01V51,ST31500541AS,1500301910016,0,,35200230,,,,,,,,407,,,,,,35036,,,,,,,,,,,,,,,,,,,,,,,,,,,,,,18,,,,,,0,,,,,,,,,,,,,,,,,,,,,,,,,,,,
2013-12-11,9XW01V52,ST31500541AS,1500301910016,0,,226719776,,,,,,,,0,,,,,,35410,,,,,,,,,,,,,,,,,,,,,,,,,,,,,,20,,,,,,0,,,,,,,,,,,,,,,,,,,,,,,,,,,,
2013-12-11,PL1331LAGBEZXH,Hitachi HDS5C4040ALE630,4000787030016,0,,0,,,,,,,,0,,,,,,2981,,,,,,,,,,,,,,,,,,,,,,,,,,,,,,25,,,,,,0,,,,,,,,,,,,,,,,,,,,,,,,,,,,
2013-12-11,PL1311LAG1SP9A,Hitachi HDS5C4040ALE630,4000787030016,0,,0,,,,,,,,0,,,,,,7453,,,,,,,,,,,,,,,,,,,,,,,,,,,,,,19,,,,,,0,,,,,,,,,,,,,,,,,,,,,,,,,,,,
2013-12-11,JK1170YAJAXAPT,Hitachi HDS722020ALA330,2000398934016,0,,0,,,,,,,,0,,,,,,28684,,,,,,,,,,,,,,,,,,,,,,,,,,,,,,28,,,,,,0,,,,,,,,,,,,,,,,,,,,,,,,,,,,
2013-12-11,JK1174YAK4N5MW,Hitachi HDS722020ALA330,2000398934016,0,,1,,,,,,,,0,,,,,,28154,,,,,,,,,,,,,,,,,,,,,,,,,,,,,,28,,,,,,0,,,,,,,,,,,,,,,,,,,,,,,,,,,,
2013-12-11,MJ1311YNG3EJXA,Hitachi HDS5C3030ALA630,3000592982016,0,,0,,,,,,,,0,,,,,,19311,,,,,,,,,,,,,,,,,,,,,,,,,,,,,,27,,,,,,0,,,,,,,,,,,,,,,,,,,,,,,,,,,,
2013-12-11,W300HE30,ST4000DM000,4000787030016,0,,136170496,,,,,,,,0,,,,,,2239,,,,,,,,,,,,,,,,,,,,,,,,,,,,,,18,,,,,,0,,,,,,,,,,,,,,,,,,,,,,,,,,,,
2013-12-11,W1F09ZHH,ST3000DM001,3000592982016,0,,36820120,,,,,,,,0,,,,,,13913,,,,,,,,,,,,,,,,,,,,,,,,,,,,,,22,,,,,,0,,,,,,,,,,,,,,,,,,,,,,,,,,,,
2013-12-11,Z300KE52,ST4000DM000,4000787030016,0,,198630096,,,,,,,,0,,,,,,152,,,,,,,,,,,,,,,,,,,,,,,,,,,,,,26,,,,,,0,,,,,,,,,,,,,,,,,,,,,,,,,,,,
2013-12-11,9XW01HB8,ST31500541AS,1500301910016,0,,178671290,,,,,,,,0,,,,,,33440,,,,,,,,,,,,,,,,,,,,,,,,,,,,,,21,,,,,,0,,,,,,,,,,,,,,,,,,,,,,,,,,,,
2013-12-11,JK1101B9KMPAXU,Hitachi HDS722020ALA330,2000398934016,0,,0,,,,,,,,0,,,,,,23097,,,,,,,,,,,,,,,,,,,,,,,,,,,,,,31,,,,,,0,,,,,,,,,,,,,,,,,,,,,,,,,,,,
2013-12-11,MJ1311YNG72NRA,Hitachi HDS5C3030ALA630,3000592982016,0,,0,,,,,,,,0,,,,,,14450,,,,,,,,,,,,,,,,,,,,,,,,,,,,,,22,,,,,,0,,,,,,,,,,,,,,,,,,,,,,,,,,,,
2013-12-11,W1F0340Q,ST3000DM001,3000592982016,0,,92883536,,,,,,,,0,,,,,,15365,,,,,,,,,,,,,,,,,,,,,,,,,,,,,,20,,,,,,0,,,,,,,,,,,,,,,,,,,,,,,,,,,,
2013-12-11,6XW02F4V,ST31500541AS,1500301910016,0,,124422389,,,,,,,,0,,,,,,36624,,,,,,,,,,,,,,,,,,,,,,,,,,,,,,24,,,,,,0,,,,,,,,,,,,,,,,,,,,,,,,,,,,
2013-12-11,W1F0W01H,ST3000DM001,3000592982016,0,,77590376,,,,,,,,0,,,,,,10835,,,,,,,,,,,,,,,,,,,,,,,,,,,,,,30,,,,,,0,,,,,,,,,,,,,,,,,,,,,,,,,,,,
2013-12-11,S1F05P8N,ST3000DM001,3000592982016,0,,7434112,,,,,,,,0,,,,,,12359,,,,,,,,,,,,,,,,,,,,,,,,,,,,,,25,,,,,,0,,,,,,,,,,,,,,,,,,,,,,,,,,,,
2013-12-11,S1F05P8Z,ST3000DM001,3000592982016,0,,73992624,,,,,,,,0,,,,,,12356,,,,,,,,,,,,,,,,,,,,,,,,,,,,,,25,,,,,,0,,,,,,,,,,,,,,,,,,,,,,,,,,,,
2013-12-11,PL1311LAG38SKH,Hitachi HDS5C4040ALE630,4000787030016,0,,0,,,,,,,,0,,,,,,6655,,,,,,,,,,,,,,,,,,,,,,,,,,,,,,18,,,,,,0,,,,,,,,,,,,,,,,,,,,,,,,,,,,
2013-12-11,MJ1323YNG1H0YC,Hitachi HDS5C3030ALA630,3000592982016,0,,0,,,,,,,,0,,,,,,20509,,,,,,,,,,,,,,,,,,,,,,,,,,,,,,22,,,,,,0,,,,,,,,,,,,,,,,,,,,,,,,,,,,
2013-12-11,WD-WCC1T1276824,WDC WD30EFRX,3000592982016,0,,0,,,,,,,,0,,,,,,1449,,,,,,,,,,,,,,,,,,,,,,,,,,,,,,25,,,,,,0,,,,,,,,,,,,,,,,,,,,,,,,,,,,
2013-12-11,5XW040CZ,ST31500541AS,1500301910016,0,,72211754,,,,,,,,0,,,,,,30912,,,,,,,,,,,,,,,,,,,,,,,,,,,,,,22,,,,,,0,,,,,,,,,,,,,,,,,,,,,,,,,,,,
2013-12-11,MK0311YHG2HAXA,Hitachi HDS723030ALA640,3000592982016,0,,0,,,,,,,,0,,,,,,22347,,,,,,,,,,,,,,,,,,,,,,,,,,,,,,28,,,,,,0,,,,,,,,,,,,,,,,,,,,,,,,,,,,
2013-12-11,JK11A8B9J7HAHF,Hitachi HDS722020ALA330,2000398934016,0,,0,,,,,,,,0,,,,,,24970,,,,,,,,,,,,,,,,,,,,,,,,,,,,,,30,,,,,,0,,,,,,,,,,,,,,,,,,,,,,,,,,,,
2013-12-11,JK11A8YBKSA6PF,Hitachi HDS722020ALA330,2000398934016,0,,0,,,,,,,,0,,,,,,27888,,,,,,,,,,,,,,,,,,,,,,,,,,,,,,28,,,,,,0,,,,,,,,,,,,,,,,,,,,,,,,,,,,
2013-12-11,WD-WCAU47261848,WDC WD10EADS,1000204886016,0,,0,,,,,,,,0,,,,,,40835,,,,,,,,,,,,,,,,,,,,,,,,,,,,,,32,,,,,,0,,,,,,,,,,,,,,,,,,,,,,,,,,,,
2013-12-11,6XW00V4A,ST31500541AS,1500301910016,0,,133946546,,,,,,,,0,,,,,,35545,,,,,,,,,,,,,,,,,,,,,,,,,,,,,,20,,,,,,0,,,,,,,,,,,,,,,,,,,,,,,,,,,,
2013-12-11,WD-WCAU47261847,WDC WD10EADS,1000204886016,0,,21,,,,,,,,0,,,,,,40852,,,,,,,,,,,,,,,,,,,,,,,,,,,,,,28,,,,,,0,,,,,,,,,,,,,,,,,,,,,,,,,,,,
2013-12-11,JK11A8B9J70LEF,Hitachi HDS722020ALA330,2000398934016,0,,0,,,,,,,,0,,,,,,24912,,,,,,,,,,,,,,,,,,,,,,,,,,,,,,29,,,,,,0,,,,,,,,,,,,,,,,,,,,,,,,,,,,
2013-12-11,PL1311LAG2AK2H,Hitachi HDS5C4040ALE630,4000787030016,0,,0,,,,,,,,0,,,,,,7452,,,,,,,,,,,,,,,,,,,,,,,,,,,,,,22,,,,,,0,,,,,,,,,,,,,,,,,,,,,,,,,,,,
2013-12-11,6XW02TRZ,ST31500541AS,1500301910016,0,,65815249,,,,,,,,0,,,,,,36448,,,,,,,,,,,,,,,,,,,,,,,,,,,,,,18,,,,,,0,,,,,,,,,,,,,,,,,,,,,,,,,,,,
2013-12-11,PL1311LAG2E15H,Hitachi HDS5C4040ALE630,4000787030016,0,,0,,,,,,,,0,,,,,,7412,,,,,,,,,,,,,,,,,,,,,,,,,,,,,,19,,,,,,0,,,,,,,,,,,,,,,,,,,,,,,,,,,,
2013-12-11,W300BY1P,ST4000DM000,4000787030016,0,,28231320,,,,,,,,0,,,,,,4138,,,,,,,,,,,,,,,,,,,,,,,,,,,,,,25,,,,,,0,,,,,,,,,,,,,,,,,,,,,,,,,,,,
2013-12-11,MJ1313YNG1ZMMC,Hitachi HDS5C3030ALA630,3000592982016,0,,0,,,,,,,,0,,,,,,21796,,,,,,,,,,,,,,,,,,,,,,,,,,,,,,26,,,,,,0,,,,,,,,,,,,,,,,,,,,,,,,,,,,
2013-12-11,MJ1323YNG1RB6C,Hitachi HDS5C3030ALA630,3000592982016,0,,1,,,,,,,,0,,,,,,19760,,,,,,,,,,,,,,,,,,,,,,,,,,,,,,28,,,,,,0,,,,,,,,,,,,,,,,,,,,,,,,,,,,
2013-12-11,Z300JZGN,ST4000DM000,4000787030016,0,,219060632,,,,,,,,0,,,,,,1848,,,,,,,,,,,,,,,,,,,,,,,,,,,,,,22,,,,,,0,,,,,,,,,,,,,,,,,,,,,,,,,,,,
2013-12-11,JK1105B8GB0DJX,Hitachi HDS722020ALA330,2000398934016,0,,1,,,,,,,,0,,,,,,27213,,,,,,,,,,,,,,,,,,,,,,,,,,,,,,27,,,,,,0,,,,,,,,,,,,,,,,,,,,,,,,,,,,
2013-12-11,W300BFSJ,ST4000DM000,4000787030016,0,,174449728,,,,,,,,0,,,,,,945,,,,,,,,,,,,,,,,,,,,,,,,,,,,,,26,,,,,,0,,,,,,,,,,,,,,,,,,,,,,,,,,,,
2013-12-11,JK1170YAJDALMT,Hitachi HDS722020ALA330,2000398934016,0,,0,,,,,,,,0,,,,,,27872,,,,,,,,,,,,,,,,,,,,,,,,,,,,,,23,,,,,,0,,,,,,,,,,,,,,,,,,,,,,,,,,,,
2013-12-11,JK11A8B9J0M4SF,Hitachi HDS722020ALA330,2000398934016,0,,589825,,,,,,,,0,,,,,,26329,,,,,,,,,,,,,,,,,,,,,,,,,,,,,,23,,,,,,0,,,,,,,,,,,,,,,,,,,,,,,,,,,,
2013-12-11,JK1131YAJGTNZV,Hitachi HDS722020ALA330,2000398934016,0,,1,,,,,,,,0,,,,,,30256,,,,,,,,,,,,,,,,,,,,,,,,,,,,,,28,,,,,,0,,,,,,,,,,,,,,,,,,,,,,,,,,,,
2013-12-11,6XW03S8S,ST31500541AS,1500301910016,0,,194089379,,,,,,,,0,,,,,,36956,,,,,,,,,,,,,,,,,,,,,,,,,,,,,,23,,,,,,0,,,,,,,,,,,,,,,,,,,,,,,,,,,,
2013-12-11,Z1F0LR6E,ST3000DM001,3000592982016,0,,113286464,,,,,,,,0,,,,,,10929,,,,,,,,,,,,,,,,,,,,,,,,,,,,,,22,,,,,,0,,,,,,,,,,,,,,,,,,,,,,,,,,,,
2013-12-11,PL1321LAG35EHH,Hitachi HDS5C4040ALE630,4000787030016,0,,0,,,,,,,,0,,,,,,3631,,,,,,,,,,,,,,,,,,,,,,,,,,,,,,26,,,,,,0,,,,,,,,,,,,,,,,,,,,,,,,,,,,
2013-12-11,MJ0351YNG9WRNA,Hitachi HDS5C3030ALA630,3000592982016,0,,0,,,,,,,,0,,,,,,8873,,,,,,,,,,,,,,,,,,,,,,,,,,,,,,28,,,,,,0,,,,,,,,,,,,,,,,,,,,,,,,,,,,
2013-12-11,JK11A4B8J3HW3W,Hitachi HDS722020ALA330,2000398934016,0,,0,,,,,,,,0,,,,,,23512,,,,,,,,,,,,,,,,,,,,,,,,,,,,,,27,,,,,,0,,,,,,,,,,,,,,,,,,,,,,,,,,,,
2013-12-11,S1F0RS0V,ST3000DM001,3000592982016,0,,61209224,,,,,,,,0,,,,,,10744,,,,,,,,,,,,,,,,,,,,,,,,,,,,,,24,,,,,,64,,,,,,,,,,,,,,,,,,,,,,,,,,,,
2013-12-11,MJ0351YNG9WGRA,Hitachi HDS5C3030ALA630,3000592982016,0,,0,,,,,,,,0,,,,,,9552,,,,,,,,,,,,,,,,,,,,,,,,,,,,,,30,,,,,,0,,,,,,,,,,,,,,,,,,,,,,,,,,,,
2013-12-11,6XW03JFE,ST31500541AS,1500301910016,0,,221468528,,,,,,,,0,,,,,,35439,,,,,,,,,,,,,,,,,,,,,,,,,,,,,,16,,,,,,0,,,,,,,,,,,,,,,,,,,,,,,,,,,,
2013-12-11,6XW02DGM,ST31500541AS,1500301910016,0,,101650984,,,,,,,,0,,,,,,36063,,,,,,,,,,,,,,,,,,,,,,,,,,,,,,21,,,,,,0,,,,,,,,,,,,,,,,,,,,,,,,,,,,
2013-12-11,PL1311LAG1RS9A,Hitachi HDS5C4040ALE630,4000787030016,0,,0,,,,,,,,0,,,,,,5962,,,,,,,,,,,,,,,,,,,,,,,,,,,,,,21,,,,,,0,,,,,,,,,,,,,,,,,,,,,,,,,,,,
2013-12-11,W300CDKN,ST4000DM000,4000787030016,0,,77150552,,,,,,,,0,,,,,,2243,,,,,,,,,,,,,,,,,,,,,,,,,,,,,,22,,,,,,0,,,,,,,,,,,,,,,,,,,,,,,,,,,,
2013-12-11,MJ1311YNG3590A,Hitachi HDS5C3030ALA630,3000592982016,0,,0,,,,,,,,0,,,,,,19252,,,,,,,,,,,,,,,,,,,,,,,,,,,,,,23,,,,,,0,,,,,,,,,,,,,,,,,,,,,,,,,,,,
2013-12-11,PL1321LAG36ARH,Hitachi HDS5C4040ALE630,4000787030016,0,,0,,,,,,,,0,,,,,,5139,,,,,,,,,,,,,,,,,,,,,,,,,,,,,,27,,,,,,0,,,,,,,,,,,,,,,,,,,,,,,,,,,,
2013-12-11,9XK0NYMD,ST33000651AS,3000592982016,0,,174010935,,,,,,,,0,,,,,,17742,,,,,,,,,,,,,,,,,,,,,,,,,,,,,,19,,,,,,0,,,,,,,,,,,,,,,,,,,,,,,,,,,,
2013-12-11,Z1F0ANA7,ST3000DM001,3000592982016,0,,157036672,,,,,,,,0,,,,,,6200,,,,,,,,,,,,,,,,,,,,,,,,,,,,,,24,,,,,,0,,,,,,,,,,,,,,,,,,,,,,,,,,,,
2013-12-11,PL1311LAG2B1GH,Hitachi HDS5C4040ALE630,4000787030016,0,,0,,,,,,,,0,,,,,,5186,,,,,,,,,,,,,,,,,,,,,,,,,,,,,,28,,,,,,0,,,,,,,,,,,,,,,,,,,,,,,,,,,,
2013-12-11,MJ1311YNG35WVA,Hitachi HDS5C3030ALA630,3000592982016,0,,0,,,,,,,,0,,,,,,19324,,,,,,,,,,,,,,,,,,,,,,,,,,,,,,27,,,,,,0,,,,,,,,,,,,,,,,,,,,,,,,,,,,
2013-12-11,MK0311YHG6TR3A,Hitachi HDS723030ALA640,3000592982016,0,,0,,,,,,,,0,,,,,,16660,,,,,,,,,,,,,,,,,,,,,,,,,,,,,,25,,,,,,0,,,,,,,,,,,,,,,,,,,,,,,,,,,,
2013-12-11,PL1310LAG01BTA,Hitachi HDS5C4040ALE630,4000787030016,0,,0,,,,,,,,0,,,,,,12997,,,,,,,,,,,,,,,,,,,,,,,,,,,,,,28,,,,,,0,,,,,,,,,,,,,,,,,,,,,,,,,,,,
2013-12-11,JK1101B9JN51NT,Hitachi HDS722020ALA330,2000398934016,0,,0,,,,,,,,0,,,,,,24341,,,,,,,,,,,,,,,,,,,,,,,,,,,,,,27,,,,,,0,,,,,,,,,,,,,,,,,,,,,,,,,,,,
2013-12-11,MJ0351YNG9YMXA,Hitachi HDS5C3030ALA630,3000592982016,0,,0,,,,,,,,0,,,,,,9469,,,,,,,,,,,,,,,,,,,,,,,,,,,,,,26,,,,,,0,,,,,,,,,,,,,,,,,,,,,,,,,,,,
2013-12-11,6XW010SD,ST31500541AS,1500301910016,0,,23097370,,,,,,,,0,,,,,,36911,,,,,,,,,,,,,,,,,,,,,,,,,,,,,,19,,,,,,0,,,,,,,,,,,,,,,,,,,,,,,,,,,,
2013-12-11,MJ1323YNG11WRC,Hitachi HDS5C3030ALA630,3000592982016,0,,0,,,,,,,,0,,,,,,18068,,,,,,,,,,,,,,,,,,,,,,,,,,,,,,29,,,,,,0,,,,,,,,,,,,,,,,,,,,,,,,,,,,
2013-12-11,JK1101B9KMRZUF,Hitachi HDS722020ALA330,2000398934016,0,,0,,,,,,,,0,,,,,,23075,,,,,,,,,,,,,,,,,,,,,,,,,,,,,,30,,,,,,0,,,,,,,,,,,,,,,,,,,,,,,,,,,,
2013-12-11,W300D4V8,ST4000DM000,4000787030016,0,,82768,,,,,,,,0,,,,,,4140,,,,,,,,,,,,,,,,,,,,,,,,,,,,,,24,,,,,,0,,,,,,,,,,,,,,,,,,,,,,,,,,,,
2013-12-11,W300DCVH,ST4000DM000,4000787030016,0,,172167400,,,,,,,,0,,,,,,4140,,,,,,,,,,,,,,,,,,,,,,,,,,,,,,21,,,,,,0,,,,,,,,,,,,,,,,,,,,,,,,,,,,
2013-12-11,W300DCV4,ST4000DM000,4000787030016,0,,134433384,,,,,,,,0,,,,,,4165,,,,,,,,,,,,,,,,,,,,,,,,,,,,,,25,,,,,,0,,,,,,,,,,,,,,,,,,,,,,,,,,,,
2013-12-11,W300DCV2,ST4000DM000,4000787030016,0,,42858160,,,,,,,,0,,,,,,4146,,,,,,,,,,,,,,,,,,,,,,,,,,,,,,24,,,,,,0,,,,,,,,,,,,,,,,,,,,,,,,,,,,
2013-12-11,PL1311LAG3A9LH,Hitachi HDS5C4040ALE630,4000787030016,0,,0,,,,,,,,0,,,,,,5058,,,,,,,,,,,,,,,,,,,,,,,,,,,,,,28,,,,,,0,,,,,,,,,,,,,,,,,,,,,,,,,,,,
2013-12-11,JK11A4B8HZHLAW,Hitachi HDS722020ALA330,2000398934016,0,,0,,,,,,,,0,,,,,,23511,,,,,,,,,,,,,,,,,,,,,,,,,,,,,,27,,,,,,0,,,,,,,,,,,,,,,,,,,,,,,,,,,,
2013-12-11,6XW03XMT,ST31500541AS,1500301910016,0,,196911717,,,,,,,,0,,,,,,36441,,,,,,,,,,,,,,,,,,,,,,,,,,,,,,20,,,,,,0,,,,,,,,,,,,,,,,,,,,,,,,,,,,
2013-12-11,MJ1321YNG0X29A,Hitachi HDS5C3030ALA630,3000592982016,0,,0,,,,,,,,0,,,,,,19801,,,,,,,,,,,,,,,,,,,,,,,,,,,,,,25,,,,,,0,,,,,,,,,,,,,,,,,,,,,,,,,,,,
2013-12-11,Z300KLSG,ST4000DM000,4000787030016,0,,159551136,,,,,,,,0,,,,,,2244,,,,,,,,,,,,,,,,,,,,,,,,,,,,,,22,,,,,,0,,,,,,,,,,,,,,,,,,,,,,,,,,,,
2013-12-11,5YD9FLX6,ST1500DL003,1500301910016,0,,450976,,,,,,,,0,,,,,,8577,,,,,,,,,,,,,,,,,,,,,,,,,,,,,,20,,,,,,0,,,,,,,,,,,,,,,,,,,,,,,,,,,,
2013-12-11,MK0311YHG51XZA,Hitachi HDS723030ALA640,3000592982016,0,,131084,,,,,,,,0,,,,,,21793,,,,,,,,,,,,,,,,,,,,,,,,,,,,,,28,,,,,,0,,,,,,,,,,,,,,,,,,,,,,,,,,,,
2013-12-11,MJ0351YNG9ZJ4A,Hitachi HDS5C3030ALA630,3000592982016,0,,0,,,,,,,,0,,,,,,9987,,,,,,,,,,,,,,,,,,,,,,,,,,,,,,29,,,,,,0,,,,,,,,,,,,,,,,,,,,,,,,,,,,
2013-12-11,9VS22ZEG,ST31500341AS,1500301910016,0,,30428471,,,,,,,,17,,,,,,18388,,,,,,,,,,,,,,,,,,,,,,,,,,,,,,22,,,,,,0,,,,,,,,,,,,,,,,,,,,,,,,,,,,
2013-12-11,JK1171YBK0WLTF,Hitachi HDS722020ALA330,2000398934016,0,,0,,,,,,,,0,,,,,,29018,,,,,,,,,,,,,,,,,,,,,,,,,,,,,,28,,,,,,0,,,,,,,,,,,,,,,,,,,,,,,,,,,,
2013-12-11,6XW01T80,ST31500541AS,1500301910016,0,,164487653,,,,,,,,0,,,,,,36444,,,,,,,,,,,,,,,,,,,,,,,,,,,,,,18,,,,,,0,,,,,,,,,,,,,,,,,,,,,,,,,,,,
2013-12-11,MJ1311YNG3EUXA,Hitachi HDS5C3030ALA630,3000592982016,0,,0,,,,,,,,0,,,,,,19254,,,,,,,,,,,,,,,,,,,,,,,,,,,,,,28,,,,,,0,,,,,,,,,,,,,,,,,,,,,,,,,,,,
2013-12-11,MJ1311YNG311RA,Hitachi HDS5C3030ALA630,3000592982016,0,,0,,,,,,,,0,,,,,,19254,,,,,,,,,,,,,,,,,,,,,,,,,,,,,,27,,,,,,0,,,,,,,,,,,,,,,,,,,,,,,,,,,,
2013-12-11,WD-WCAU45641379,WDC WD10EADS,1000204886016,0,,31,,,,,,,,0,,,,,,40484,,,,,,,,,,,,,,,,,,,,,,,,,,,,,,30,,,,,,0,,,,,,,,,,,,,,,,,,,,,,,,,,,,
2013-12-11,JK1101YAK6BDLV,Hitachi HDS722020ALA330,2000398934016,0,,0,,,,,,,,1,,,,,,29210,,,,,,,,,,,,,,,,,,,,,,,,,,,,,,31,,,,,,0,,,,,,,,,,,,,,,,,,,,,,,,,,,,
2013-12-11,W300BP05,ST4000DM000,4000787030016,0,,131492280,,,,,,,,0,,,,,,4163,,,,,,,,,,,,,,,,,,,,,,,,,,,,,,22,,,,,,0,,,,,,,,,,,,,,,,,,,,,,,,,,,,
2013-12-11,PL1311LAG282ZH,Hitachi HDS5C4040ALE630,4000787030016,0,,0,,,,,,,,0,,,,,,6074,,,,,,,,,,,,,,,,,,,,,,,,,,,,,,17,,,,,,0,,,,,,,,,,,,,,,,,,,,,,,,,,,,
2013-12-11,6XW104DQ,ST31500541AS,1500301910016,0,,117240744,,,,,,,,0,,,,,,30398,,,,,,,,,,,,,,,,,,,,,,,,,,,,,,19,,,,,,0,,,,,,,,,,,,,,,,,,,,,,,,,,,,
2013-12-11,Z300H202,ST4000DM000,4000787030016,0,,53859760,,,,,,,,0,,,,,,1331,,,,,,,,,,,,,,,,,,,,,,,,,,,,,,21,,,,,,0,,,,,,,,,,,,,,,,,,,,,,,,,,,,
2013-12-11,WD-WCAWZ1182498,WDC WD30EZRX,3000592982016,0,,2,,,,,,,,0,,,,,,16103,,,,,,,,,,,,,,,,,,,,,,,,,,,,,,21,,,,,,0,,,,,,,,,,,,,,,,,,,,,,,,,,,,
2013-12-11,6XW104DZ,ST31500541AS,1500301910016,0,,53207594,,,,,,,,0,,,,,,30738,,,,,,,,,,,,,,,,,,,,,,,,,,,,,,22,,,,,,0,,,,,,,,,,,,,,,,,,,,,,,,,,,,
2013-12-11,JK11A8B9J3UVWF,Hitachi HDS722020ALA330,2000398934016,0,,0,,,,,,,,0,,,,,,23577,,,,,,,,,,,,,,,,,,,,,,,,,,,,,,24,,,,,,0,,,,,,,,,,,,,,,,,,,,,,,,,,,,
2013-12-11,W300BJ07,ST4000DM000,4000787030016,0,,61421480,,,,,,,,0,,,,,,3586,,,,,,,,,,,,,,,,,,,,,,,,,,,,,,24,,,,,,0,,,,,,,,,,,,,,,,,,,,,,,,,,,,
2013-12-11,6XW017KJ,ST31500541AS,1500301910016,0,,91242638,,,,,,,,0,,,,,,36954,,,,,,,,,,,,,,,,,,,,,,,,,,,,,,23,,,,,,0,,,,,,,,,,,,,,,,,,,,,,,,,,,,
2013-12-11,S1F05NQ6,ST3000DM001,3000592982016,0,,92328128,,,,,,,,0,,,,,,12345,,,,,,,,,,,,,,,,,,,,,,,,,,,,,,24,,,,,,0,,,,,,,,,,,,,,,,,,,,,,,,,,,,
2013-12-11,JK11A8B9J7GPMF,Hitachi HDS722020ALA330,2000398934016,0,,0,,,,,,,,0,,,,,,23125,,,,,,,,,,,,,,,,,,,,,,,,,,,,,,28,,,,,,0,,,,,,,,,,,,,,,,,,,,,,,,,,,,
2013-12-11,W300CK52,ST4000DM000,4000787030016,0,,230305384,,,,,,,,0,,,,,,4183,,,,,,,,,,,,,,,,,,,,,,,,,,,,,,22,,,,,,0,,,,,,,,,,,,,,,,,,,,,,,,,,,,
2013-12-11,W300E16F,ST4000DM000,4000787030016,0,,43246928,,,,,,,,0,,,,,,4353,,,,,,,,,,,,,,,,,,,,,,,,,,,,,,25,,,,,,0,,,,,,,,,,,,,,,,,,,,,,,,,,,,
2013-12-11,6XW04C6V,ST31500541AS,1500301910016,0,,59247882,,,,,,,,858,,,,,,36327,,,,,,,,,,,,,,,,,,,,,,,,,,,,,,21,,,,,,0,,,,,,,,,,,,,,,,,,,,,,,,,,,,
2013-12-11,Z1F1RE71,ST3000DM001,3000592982016,0,,80685760,,,,,,,,0,,,,,,7325,,,,,,,,,,,,,,,,,,,,,,,,,,,,,,27,,,,,,0,,,,,,,,,,,,,,,,,,,,,,,,,,,,
2013-12-11,MJ0351YNG9YKBA,Hitachi HDS5C3030ALA630,3000592982016,0,,0,,,,,,,,0,,,,,,9773,,,,,,,,,,,,,,,,,,,,,,,,,,,,,,28,,,,,,0,,,,,,,,,,,,,,,,,,,,,,,,,,,,
2013-12-11,W300BPMF,ST4000DM000,4000787030016,0,,126779744,,,,,,,,0,,,,,,4290,,,,,,,,,,,,,,,,,,,,,,,,,,,,,,23,,,,,,0,,,,,,,,,,,,,,,,,,,,,,,,,,,,
2013-12-11,MJ1311YNG72Z5A,Hitachi HDS5C3030ALA630,3000592982016,0,,0,,,,,,,,0,,,,,,14289,,,,,,,,,,,,,,,,,,,,,,,,,,,,,,30,,,,,,0,,,,,,,,,,,,,,,,,,,,,,,,,,,,
2013-12-11,WD-WMC1T1203393,WDC WD30EFRX,3000592982016,0,,0,,,,,,,,0,,,,,,7392,,,,,,,,,,,,,,,,,,,,,,,,,,,,,,21,,,,,,0,,,,,,,,,,,,,,,,,,,,,,,,,,,,
2013-12-11,MJ0351YNG9RKZA,Hitachi HDS5C3030ALA630,3000592982016,0,,0,,,,,,,,0,,,,,,9483,,,,,,,,,,,,,,,,,,,,,,,,,,,,,,28,,,,,,0,,,,,,,,,,,,,,,,,,,,,,,,,,,,
2013-12-11,MJ0351YNGAAHTA,Hitachi HDS5C3030ALA630,3000592982016,0,,0,,,,,,,,0,,,,,,8641,,,,,,,,,,,,,,,,,,,,,,,,,,,,,,29,,,,,,0,,,,,,,,,,,,,,,,,,,,,,,,,,,,
2013-12-11,W1F181WP,ST3000DM001,3000592982016,0,,196134728,,,,,,,,2000,,,,,,8138,,,,,,,,,,,,,,,,,,,,,,,,,,,,,,27,,,,,,0,,,,,,,,,,,,,,,,,,,,,,,,,,,,
2013-12-11,5YD9EQ8S,ST2000DL003,2000398934016,0,,66376,,,,,,,,0,,,,,,5119,,,,,,,,,,,,,,,,,,,,,,,,,,,,,,24,,,,,,0,,,,,,,,,,,,,,,,,,,,,,,,,,,,
2013-12-11,MJ1311YNG5TH6A,Hitachi HDS5C3030ALA630,3000592982016,0,,131072,,,,,,,,0,,,,,,14624,,,,,,,,,,,,,,,,,,,,,,,,,,,,,,23,,,,,,0,,,,,,,,,,,,,,,,,,,,,,,,,,,,
2013-12-11,JK11A8B9J7DRMF,Hitachi HDS722020ALA330,2000398934016,0,,0,,,,,,,,0,,,,,,24631,,,,,,,,,,,,,,,,,,,,,,,,,,,,,,30,,,,,,0,,,,,,,,,,,,,,,,,,,,,,,,,,,,
2013-12-11,W300BJ0D,ST4000DM000,4000787030016,0,,10528800,,,,,,,,0,,,,,,4163,,,,,,,,,,,,,,,,,,,,,,,,,,,,,,21,,,,,,0,,,,,,,,,,,,,,,,,,,,,,,,,,,,
2013-12-11,W3006HM1,ST4000DM000,4000787030016,0,,50157232,,,,,,,,0,,,,,,2920,,,,,,,,,,,,,,,,,,,,,,,,,,,,,,22,,,,,,0,,,,,,,,,,,,,,,,,,,,,,,,,,,,
2013-12-11,Z300H20F,ST4000DM000,4000787030016,0,,47129928,,,,,,,,0,,,,,,2857,,,,,,,,,,,,,,,,,,,,,,,,,,,,,,22,,,,,,0,,,,,,,,,,,,,,,,,,,,,,,,,,,,
2013-12-11,MJ0351YNG9XX8A,Hitachi HDS5C3030ALA630,3000592982016,0,,0,,,,,,,,0,,,,,,9469,,,,,,,,,,,,,,,,,,,,,,,,,,,,,,23,,,,,,0,,,,,,,,,,,,,,,,,,,,,,,,,,,,
2013-12-11,Z1F0NLX0,ST3000DM001,3000592982016,0,,189568792,,,,,,,,0,,,,,,12617,,,,,,,,,,,,,,,,,,,,,,,,,,,,,,27,,,,,,0,,,,,,,,,,,,,,,,,,,,,,,,,,,,
2013-12-11,MJ1321YNG0DK6A,Hitachi HDS5C3030ALA630,3000592982016,0,,0,,,,,,,,0,,,,,,20067,,,,,,,,,,,,,,,,,,,,,,,,,,,,,,22,,,,,,0,,,,,,,,,,,,,,,,,,,,,,,,,,,,
2013-12-11,Z300GQB3,ST4000DM000,4000787030016,0,,131198896,,,,,,,,0,,,,,,3621,,,,,,,,,,,,,,,,,,,,,,,,,,,,,,21,,,,,,0,,,,,,,,,,,,,,,,,,,,,,,,,,,,
2013-12-11,MJ1311YNG7ARLA,Hitachi HDS5C3030ALA630,3000592982016,0,,0,,,,,,,,0,,,,,,14680,,,,,,,,,,,,,,,,,,,,,,,,,,,,,,29,,,,,,0,,,,,,,,,,,,,,,,,,,,,,,,,,,,
2013-12-11,JK11A8B9J3N5UF,Hitachi HDS722020ALA330,2000398934016,0,,65536,,,,,,,,0,,,,,,23319,,,,,,,,,,,,,,,,,,,,,,,,,,,,,,29,,,,,,0,,,,,,,,,,,,,,,,,,,,,,,,,,,,
2013-12-11,WD-WCAU47214071,WDC WD10EADS,1000204886016,0,,1,,,,,,,,0,,,,,,40841,,,,,,,,,,,,,,,,,,,,,,,,,,,,,,30,,,,,,0,,,,,,,,,,,,,,,,,,,,,,,,,,,,
2013-12-11,JK1104B8GE6NRW,Hitachi HDS722020ALA330,2000398934016,0,,0,,,,,,,,0,,,,,,27737,,,,,,,,,,,,,,,,,,,,,,,,,,,,,,20,,,,,,0,,,,,,,,,,,,,,,,,,,,,,,,,,,,
2013-12-11,WD-WCAU45639196,WDC WD10EADS,1000204886016,0,,8,,,,,,,,0,,,,,,41118,,,,,,,,,,,,,,,,,,,,,,,,,,,,,,29,,,,,,0,,,,,,,,,,,,,,,,,,,,,,,,,,,,
2013-12-11,W300CA74,ST4000DM000,4000787030016,0,,143869704,,,,,,,,0,,,,,,4353,,,,,,,,,,,,,,,,,,,,,,,,,,,,,,26,,,,,,0,,,,,,,,,,,,,,,,,,,,,,,,,,,,
2013-12-11,9XW02PDW,ST31500541AS,1500301910016,0,,42497172,,,,,,,,0,,,,,,33345,,,,,,,,,,,,,,,,,,,,,,,,,,,,,,19,,,,,,0,,,,,,,,,,,,,,,,,,,,,,,,,,,,
2013-12-11,S1F0LD73,ST3000DM001,3000592982016,0,,49718584,,,,,,,,0,,,,,,12017,,,,,,,,,,,,,,,,,,,,,,,,,,,,,,28,,,,,,0,,,,,,,,,,,,,,,,,,,,,,,,,,,,
2013-12-11,JK1105B8GDEX2X,Hitachi HDS722020ALA330,2000398934016,0,,0,,,,,,,,1,,,,,,27167,,,,,,,,,,,,,,,,,,,,,,,,,,,,,,27,,,,,,0,,,,,,,,,,,,,,,,,,,,,,,,,,,,
2013-12-11,W300BA76,ST4000DM000,4000787030016,0,,198446496,,,,,,,,0,,,,,,4136,,,,,,,,,,,,,,,,,,,,,,,,,,,,,,19,,,,,,0,,,,,,,,,,,,,,,,,,,,,,,,,,,,
2013-12-11,JK11A8B9J3M2ZF,Hitachi HDS722020ALA330,2000398934016,0,,1,,,,,,,,1,,,,,,23710,,,,,,,,,,,,,,,,,,,,,,,,,,,,,,28,,,,,,0,,,,,,,,,,,,,,,,,,,,,,,,,,,,
2013-12-11,MJ1323YNG1RLKC,Hitachi HDS5C3030ALA630,3000592982016,0,,5242880,,,,,,,,0,,,,,,19727,,,,,,,,,,,,,,,,,,,,,,,,,,,,,,24,,,,,,0,,,,,,,,,,,,,,,,,,,,,,,,,,,,
2013-12-11,W3008EE2,ST4000DM000,4000787030016,0,,98762552,,,,,,,,0,,,,,,4138,,,,,,,,,,,,,,,,,,,,,,,,,,,,,,25,,,,,,0,,,,,,,,,,,,,,,,,,,,,,,,,,,,
2013-12-11,MK0333YHGPH5AC,Hitachi HDS723030ALA640,3000592982016,0,,65538,,,,,,,,0,,,,,,11364,,,,,,,,,,,,,,,,,,,,,,,,,,,,,,24,,,,,,0,,,,,,,,,,,,,,,,,,,,,,,,,,,,
2013-12-11,PL1321LAG320AH,Hitachi HDS5C4040ALE630,4000787030016,0,,0,,,,,,,,0,,,,,,6649,,,,,,,,,,,,,,,,,,,,,,,,,,,,,,22,,,,,,0,,,,,,,,,,,,,,,,,,,,,,,,,,,,
2013-12-11,WD-WCAU45251948,WDC WD10EADS,1000204886016,0,,0,,,,,,,,0,,,,,,40432,,,,,,,,,,,,,,,,,,,,,,,,,,,,,,27,,,,,,0,,,,,,,,,,,,,,,,,,,,,,,,,,,,
2013-12-11,MK0331YHGRS6GA,Hitachi HDS723030ALA640,3000592982016,0,,0,,,,,,,,0,,,,,,16659,,,,,,,,,,,,,,,,,,,,,,,,,,,,,,26,,,,,,0,,,,,,,,,,,,,,,,,,,,,,,,,,,,
2013-12-11,9VS272NT,ST31500341AS,1500301910016,0,,195631615,,,,,,,,11,,,,,,31282,,,,,,,,,,,,,,,,,,,,,,,,,,,,,,21,,,,,,0,,,,,,,,,,,,,,,,,,,,,,,,,,,,
2013-12-11,JK1105B8GG3T4X,Hitachi HDS722020ALA330,2000398934016,0,,2,,,,,,,,0,,,,,,26858,,,,,,,,,,,,,,,,,,,,,,,,,,,,,,24,,,,,,0,,,,,,,,,,,,,,,,,,,,,,,,,,,,
2013-12-11,MJ1311YNG6XK1A,Hitachi HDS5C3030ALA630,3000592982016,0,,0,,,,,,,,0,,,,,,14600,,,,,,,,,,,,,,,,,,,,,,,,,,,,,,24,,,,,,0,,,,,,,,,,,,,,,,,,,,,,,,,,,,
2013-12-11,W300CA7T,ST4000DM000,4000787030016,0,,100121224,,,,,,,,0,,,,,,4146,,,,,,,,,,,,,,,,,,,,,,,,,,,,,,23,,,,,,0,,,,,,,,,,,,,,,,,,,,,,,,,,,,
2013-12-11,JK11A4YAK8X0WW,Hitachi HDS722020ALA330,2000398934016,0,,0,,,,,,,,0,,,,,,5330,,,,,,,,,,,,,,,,,,,,,,,,,,,,,,29,,,,,,0,,,,,,,,,,,,,,,,,,,,,,,,,,,,
2013-12-11,MJ1321YNG0G10A,Hitachi HDS5C3030ALA630,3000592982016,0,,0,,,,,,,,0,,,,,,1021,,,,,,,,,,,,,,,,,,,,,,,,,,,,,,25,,,,,,0,,,,,,,,,,,,,,,,,,,,,,,,,,,,
2013-12-11,S1F01BX1,ST3000DM001,3000592982016,0,,155064720,,,,,,,,0,,,,,,15418,,,,,,,,,,,,,,,,,,,,,,,,,,,,,,24,,,,,,0,,,,,,,,,,,,,,,,,,,,,,,,,,,,
2013-12-11,MJ0351YNG9T2XA,Hitachi HDS5C3030ALA630,3000592982016,0,,0,,,,,,,,0,,,,,,7612,,,,,,,,,,,,,,,,,,,,,,,,,,,,,,23,,,,,,0,,,,,,,,,,,,,,,,,,,,,,,,,,,,
2013-12-11,Z300GYRV,ST4000DM000,4000787030016,0,,97982576,,,,,,,,0,,,,,,3345,,,,,,,,,,,,,,,,,,,,,,,,,,,,,,17,,,,,,0,,,,,,,,,,,,,,,,,,,,,,,,,,,,
2013-12-11,Z300GYRJ,ST4000DM000,4000787030016,0,,2424464,,,,,,,,0,,,,,,3627,,,,,,,,,,,,,,,,,,,,,,,,,,,,,,20,,,,,,0,,,,,,,,,,,,,,,,,,,,,,,,,,,,
2013-12-11,6XW04LYK,ST31500541AS,1500301910016,0,,201923060,,,,,,,,933,,,,,,36403,,,,,,,,,,,,,,,,,,,,,,,,,,,,,,18,,,,,,0,,,,,,,,,,,,,,,,,,,,,,,,,,,,
2013-12-11,JK1101B9KNN58F,Hitachi HDS722020ALA330,2000398934016,0,,65539,,,,,,,,0,,,,,,23097,,,,,,,,,,,,,,,,,,,,,,,,,,,,,,30,,,,,,0,,,,,,,,,,,,,,,,,,,,,,,,,,,,
2013-12-11,Z300GYRL,ST4000DM000,4000787030016,0,,190298720,,,,,,,,0,,,,,,2899,,,,,,,,,,,,,,,,,,,,,,,,,,,,,,27,,,,,,0,,,,,,,,,,,,,,,,,,,,,,,,,,,,
2013-12-11,Z300GYRC,ST4000DM000,4000787030016,0,,105619728,,,,,,,,0,,,,,,3580,,,,,,,,,,,,,,,,,,,,,,,,,,,,,,24,,,,,,0,,,,,,,,,,,,,,,,,,,,,,,,,,,,
2013-12-11,MJ1311YNG3D96A,Hitachi HDS5C3030ALA630,3000592982016,0,,0,,,,,,,,0,,,,,,18949,,,,,,,,,,,,,,,,,,,,,,,,,,,,,,27,,,,,,0,,,,,,,,,,,,,,,,,,,,,,,,,,,,
2013-12-11,Z300GYRF,ST4000DM000,4000787030016,0,,68891872,,,,,,,,0,,,,,,3345,,,,,,,,,,,,,,,,,,,,,,,,,,,,,,19,,,,,,0,,,,,,,,,,,,,,,,,,,,,,,,,,,,
2013-12-11,JK11A8B9J1JVKF,Hitachi HDS722020ALA330,2000398934016,0,,0,,,,,,,,0,,,,,,23991,,,,,,,,,,,,,,,,,,,,,,,,,,,,,,28,,,,,,0,,,,,,,,,,,,,,,,,,,,,,,,,,,,
2013-12-11,W300BD6G,ST4000DM000,4000787030016,0,,130038232,,,,,,,,0,,,,,,1703,,,,,,,,,,,,,,,,,,,,,,,,,,,,,,23,,,,,,0,,,,,,,,,,,,,,,,,,,,,,,,,,,,
2013-12-11,W300KKQQ,ST4000DM000,4000787030016,0,,113172192,,,,,,,,0,,,,,,815,,,,,,,,,,,,,,,,,,,,,,,,,,,,,,19,,,,,,0,,,,,,,,,,,,,,,,,,,,,,,,,,,,
2013-12-11,W300KKQW,ST4000DM000,4000787030016,0,,55925048,,,,,,,,0,,,,,,948,,,,,,,,,,,,,,,,,,,,,,,,,,,,,,21,,,,,,0,,,,,,,,,,,,,,,,,,,,,,,,,,,,
2013-12-11,W300KKQK,ST4000DM000,4000787030016,0,,222843120,,,,,,,,0,,,,,,919,,,,,,,,,,,,,,,,,,,,,,,,,,,,,,19,,,,,,0,,,,,,,,,,,,,,,,,,,,,,,,,,,,
2013-12-11,Z300MGM3,ST4000DM000,4000787030016,0,,5464216,,,,,,,,0,,,,,,2899,,,,,,,,,,,,,,,,,,,,,,,,,,,,,,22,,,,,,0,,,,,,,,,,,,,,,,,,,,,,,,,,,,
2013-12-11,MJ1311YNG2XAKA,Hitachi HDS5C3030ALA630,3000592982016,0,,0,,,,,,,,0,,,,,,18928,,,,,,,,,,,,,,,,,,,,,,,,,,,,,,28,,,,,,0,,,,,,,,,,,,,,,,,,,,,,,,,,,,
2013-12-11,Z300P89P,ST4000DM000,4000787030016,0,,117943872,,,,,,,,0,,,,,,1231,,,,,,,,,,,,,,,,,,,,,,,,,,,,,,19,,,,,,0,,,,,,,,,,,,,,,,,,,,,,,,,,,,
2013-12-11,S1F0S41K,ST3000DM001,3000592982016,0,,170799448,,,,,,,,0,,,,,,10836,,,,,,,,,,,,,,,,,,,,,,,,,,,,,,25,,,,,,0,,,,,,,,,,,,,,,,,,,,,,,,,,,,
2013-12-11,Z300P89V,ST4000DM000,4000787030016,0,,129217960,,,,,,,,0,,,,,,1233,,,,,,,,,,,,,,,,,,,,,,,,,,,,,,21,,,,,,0,,,,,,,,,,,,,,,,,,,,,,,,,,,,
2013-12-11,W300KKQ8,ST4000DM000,4000787030016,0,,151828616,,,,,,,,0,,,,,,948,,,,,,,,,,,,,,,,,,,,,,,,,,,,,,21,,,,,,0,,,,,,,,,,,,,,,,,,,,,,,,,,,,
2013-12-11,MJ0351YNG9VY0A,Hitachi HDS5C3030ALA630,3000592982016,0,,0,,,,,,,,0,,,,,,9956,,,,,,,,,,,,,,,,,,,,,,,,,,,,,,28,,,,,,0,,,,,,,,,,,,,,,,,,,,,,,,,,,,
2013-12-11,MJ0351YNG9TRLA,Hitachi HDS5C3030ALA630,3000592982016,0,,0,,,,,,,,0,,,,,,9315,,,,,,,,,,,,,,,,,,,,,,,,,,,,,,31,,,,,,0,,,,,,,,,,,,,,,,,,,,,,,,,,,,
2013-12-11,S1F04DJV,ST3000DM001,3000592982016,0,,39904640,,,,,,,,0,,,,,,15619,,,,,,,,,,,,,,,,,,,,,,,,,,,,,,23,,,,,,0,,,,,,,,,,,,,,,,,,,,,,,,,,,,
2013-12-11,6XW01HM4,ST31500541AS,1500301910016,0,,196146315,,,,,,,,0,,,,,,36935,,,,,,,,,,,,,,,,,,,,,,,,,,,,,,25,,,,,,0,,,,,,,,,,,,,,,,,,,,,,,,,,,,
2013-12-11,MJ1311YNG3G51A,Hitachi HDS5C3030ALA630,3000592982016,0,,0,,,,,,,,0,,,,,,19251,,,,,,,,,,,,,,,,,,,,,,,,,,,,,,25,,,,,,0,,,,,,,,,,,,,,,,,,,,,,,,,,,,
2013-12-11,Z300P892,ST4000DM000,4000787030016,0,,203195752,,,,,,,,0,,,,,,1233,,,,,,,,,,,,,,,,,,,,,,,,,,,,,,18,,,,,,0,,,,,,,,,,,,,,,,,,,,,,,,,,,,
2013-12-11,MJ0351YNG9RV5A,Hitachi HDS5C3030ALA630,3000592982016,0,,0,,,,,,,,0,,,,,,8870,,,,,,,,,,,,,,,,,,,,,,,,,,,,,,28,,,,,,0,,,,,,,,,,,,,,,,,,,,,,,,,,,,
2013-12-11,Z300GYR9,ST4000DM000,4000787030016,0,,38619976,,,,,,,,0,,,,,,3580,,,,,,,,,,,,,,,,,,,,,,,,,,,,,,22,,,,,,0,,,,,,,,,,,,,,,,,,,,,,,,,,,,
2013-12-11,JK1105B8GHJXTX,Hitachi HDS722020ALA330,2000398934016,0,,1,,,,,,,,1,,,,,,26858,,,,,,,,,,,,,,,,,,,,,,,,,,,,,,29,,,,,,0,,,,,,,,,,,,,,,,,,,,,,,,,,,,
2013-12-11,MJ1311YNG5YSSA,Hitachi HDS5C3030ALA630,3000592982016,0,,0,,,,,,,,0,,,,,,14290,,,,,,,,,,,,,,,,,,,,,,,,,,,,,,26,,,,,,0,,,,,,,,,,,,,,,,,,,,,,,,,,,,
2013-12-11,JK11A8B9GPGE5F,Hitachi HDS722020ALA330,2000398934016,0,,0,,,,,,,,0,,,,,,26764,,,,,,,,,,,,,,,,,,,,,,,,,,,,,,24,,,,,,0,,,,,,,,,,,,,,,,,,,,,,,,,,,,
2013-12-11,Z300GYR6,ST4000DM000,4000787030016,0,,175115760,,,,,,,,0,,,,,,3630,,,,,,,,,,,,,,,,,,,,,,,,,,,,,,23,,,,,,0,,,,,,,,,,,,,,,,,,,,,,,,,,,,
2013-12-11,JK11A8B9J3BX6F,Hitachi HDS722020ALA330,2000398934016,0,,0,,,,,,,,0,,,,,,24425,,,,,,,,,,,,,,,,,,,,,,,,,,,,,,30,,,,,,0,,,,,,,,,,,,,,,,,,,,,,,,,,,,
2013-12-11,WD-WMC1T1668694,WDC WD30EFRX,3000592982016,0,,0,,,,,,,,0,,,,,,7390,,,,,,,,,,,,,,,,,,,,,,,,,,,,,,24,,,,,,0,,,,,,,,,,,,,,,,,,,,,,,,,,,,
2013-12-11,PL1311LAG3D97H,Hitachi HDS5C4040ALE630,4000787030016,0,,0,,,,,,,,0,,,,,,5049,,,,,,,,,,,,,,,,,,,,,,,,,,,,,,29,,,,,,0,,,,,,,,,,,,,,,,,,,,,,,,,,,,
2013-12-11,PL1311LAG1ZVMA,Hitachi HDS5C4040ALE630,4000787030016,0,,0,,,,,,,,0,,,,,,6619,,,,,,,,,,,,,,,,,,,,,,,,,,,,,,25,,,,,,0,,,,,,,,,,,,,,,,,,,,,,,,,,,,
2013-12-11,Z300XH5G,ST4000DM000,4000787030016,0,,105641184,,,,,,,,0,,,,,,944,,,,,,,,,,,,,,,,,,,,,,,,,,,,,,24,,,,,,0,,,,,,,,,,,,,,,,,,,,,,,,,,,,
2013-12-11,S1F0B4PP,ST3000DM001,3000592982016,0,,147774992,,,,,,,,0,,,,,,12315,,,,,,,,,,,,,,,,,,,,,,,,,,,,,,31,,,,,,0,,,,,,,,,,,,,,,,,,,,,,,,,,,,
2013-12-11,Z300CLJR,ST4000DM000,4000787030016,0,,35827648,,,,,,,,0,,,,,,1297,,,,,,,,,,,,,,,,,,,,,,,,,,,,,,19,,,,,,0,,,,,,,,,,,,,,,,,,,,,,,,,,,,
2013-12-11,Z300CLJQ,ST4000DM000,4000787030016,0,,3200760,,,,,,,,0,,,,,,2225,,,,,,,,,,,,,,,,,,,,,,,,,,,,,,23,,,,,,0,,,,,,,,,,,,,,,,,,,,,,,,,,,,
2013-12-11,MJ1311YNG6VVMA,Hitachi HDS5C3030ALA630,3000592982016,0,,0,,,,,,,,0,,,,,,14310,,,,,,,,,,,,,,,,,,,,,,,,,,,,,,22,,,,,,0,,,,,,,,,,,,,,,,,,,,,,,,,,,,
2013-12-11,MJ0351YNGA60WA,Hitachi HDS5C3030ALA630,3000592982016,0,,0,,,,,,,,0,,,,,,9163,,,,,,,,,,,,,,,,,,,,,,,,,,,,,,30,,,,,,0,,,,,,,,,,,,,,,,,,,,,,,,,,,,
2013-12-11,W1F0QEEW,ST3000DM001,3000592982016,0,,132133088,,,,,,,,0,,,,,,7567,,,,,,,,,,,,,,,,,,,,,,,,,,,,,,27,,,,,,0,,,,,,,,,,,,,,,,,,,,,,,,,,,,
2013-12-11,W1F1CCGF,ST3000DM001,3000592982016,0,,234796800,,,,,,,,8,,,,,,8134,,,,,,,,,,,,,,,,,,,,,,,,,,,,,,22,,,,,,0,,,,,,,,,,,,,,,,,,,,,,,,,,,,
2013-12-11,S1F0BHDS,ST3000DM001,3000592982016,0,,109223624,,,,,,,,856,,,,,,12420,,,,,,,,,,,,,,,,,,,,,,,,,,,,,,37,,,,,,0,,,,,,,,,,,,,,,,,,,,,,,,,,,,
2013-12-11,JK11A4B8HZR8WW,Hitachi HDS722020ALA330,2000398934016,0,,0,,,,,,,,0,,,,,,25123,,,,,,,,,,,,,,,,,,,,,,,,,,,,,,29,,,,,,0,,,,,,,,,,,,,,,,,,,,,,,,,,,,
2013-12-11,MJ0351YNG9ZHLA,Hitachi HDS5C3030ALA630,3000592982016,0,,0,,,,,,,,0,,,,,,9525,,,,,,,,,,,,,,,,,,,,,,,,,,,,,,32,,,,,,0,,,,,,,,,,,,,,,,,,,,,,,,,,,,
2013-12-11,W1F0JYPC,ST3000DM001,3000592982016,0,,137732016,,,,,,,,0,,,,,,10738,,,,,,,,,,,,,,,,,,,,,,,,,,,,,,21,,,,,,0,,,,,,,,,,,,,,,,,,,,,,,,,,,,
2013-12-11,W300B395,ST4000DM000,4000787030016,0,,180990480,,,,,,,,0,,,,,,3587,,,,,,,,,,,,,,,,,,,,,,,,,,,,,,21,,,,,,0,,,,,,,,,,,,,,,,,,,,,,,,,,,,
2013-12-11,MK0311YHG155SA,Hitachi HDS723030ALA640,3000592982016,0,,0,,,,,,,,0,,,,,,9745,,,,,,,,,,,,,,,,,,,,,,,,,,,,,,30,,,,,,0,,,,,,,,,,,,,,,,,,,,,,,,,,,,
2013-12-11,JK11A8B9J3AW9F,Hitachi HDS722020ALA330,2000398934016,0,,0,,,,,,,,0,,,,,,24306,,,,,,,,,,,,,,,,,,,,,,,,,,,,,,24,,,,,,0,,,,,,,,,,,,,,,,,,,,,,,,,,,,
2013-12-11,S1F0CWAS,ST3000DM001,3000592982016,0,,200052016,,,,,,,,0,,,,,,12396,,,,,,,,,,,,,,,,,,,,,,,,,,,,,,24,,,,,,0,,,,,,,,,,,,,,,,,,,,,,,,,,,,
2013-12-11,MJ1323YNG1SKSC,Hitachi HDS5C3030ALA630,3000592982016,0,,0,,,,,,,,0,,,,,,20082,,,,,,,,,,,,,,,,,,,,,,,,,,,,,,35,,,,,,0,,,,,,,,,,,,,,,,,,,,,,,,,,,,
2013-12-11,PL1311LAG38HVH,Hitachi HDS5C4040ALE630,4000787030016,0,,0,,,,,,,,0,,,,,,5931,,,,,,,,,,,,,,,,,,,,,,,,,,,,,,27,,,,,,0,,,,,,,,,,,,,,,,,,,,,,,,,,,,
2013-12-11,JK11A8B9J86YJF,Hitachi HDS722020ALA330,2000398934016,0,,0,,,,,,,,0,,,,,,25119,,,,,,,,,,,,,,,,,,,,,,,,,,,,,,34,,,,,,0,,,,,,,,,,,,,,,,,,,,,,,,,,,,
2013-12-11,PL1310LAG0NNDA,Hitachi HDS5C4040ALE630,4000787030016,0,,0,,,,,,,,0,,,,,,12998,,,,,,,,,,,,,,,,,,,,,,,,,,,,,,26,,,,,,0,,,,,,,,,,,,,,,,,,,,,,,,,,,,
2013-12-11,MJ0351YNG9YJ7A,Hitachi HDS5C3030ALA630,3000592982016,0,,0,,,,,,,,0,,,,,,9191,,,,,,,,,,,,,,,,,,,,,,,,,,,,,,27,,,,,,0,,,,,,,,,,,,,,,,,,,,,,,,,,,,
2013-12-11,JK11A8B9J3D83F,Hitachi HDS722020ALA330,2000398934016,0,,0,,,,,,,,0,,,,,,23829,,,,,,,,,,,,,,,,,,,,,,,,,,,,,,26,,,,,,0,,,,,,,,,,,,,,,,,,,,,,,,,,,,
2013-12-11,MJ0351YNG9Z6WA,Hitachi HDS5C3030ALA630,3000592982016,0,,0,,,,,,,,0,,,,,,9469,,,,,,,,,,,,,,,,,,,,,,,,,,,,,,25,,,,,,0,,,,,,,,,,,,,,,,,,,,,,,,,,,,
2013-12-11,PL1311LAG1BKTA,Hitachi HDS5C4040ALE630,4000787030016,0,,0,,,,,,,,0,,,,,,7404,,,,,,,,,,,,,,,,,,,,,,,,,,,,,,27,,,,,,0,,,,,,,,,,,,,,,,,,,,,,,,,,,,
2013-12-11,Z300XAKW,ST4000DM000,4000787030016,0,,59380208,,,,,,,,0,,,,,,613,,,,,,,,,,,,,,,,,,,,,,,,,,,,,,22,,,,,,0,,,,,,,,,,,,,,,,,,,,,,,,,,,,
2013-12-11,9VS25PPZ,ST31500341AS,1500301910016,0,,153745310,,,,,,,,25,,,,,,35517,,,,,,,,,,,,,,,,,,,,,,,,,,,,,,31,,,,,,0,,,,,,,,,,,,,,,,,,,,,,,,,,,,
2013-12-11,JK1101B9G6JKMF,Hitachi HDS722020ALA330,2000398934016,0,,0,,,,,,,,0,,,,,,27158,,,,,,,,,,,,,,,,,,,,,,,,,,,,,,27,,,,,,0,,,,,,,,,,,,,,,,,,,,,,,,,,,,
2013-12-11,MJ1311YNG56ETA,Hitachi HDS5C3030ALA630,3000592982016,0,,0,,,,,,,,0,,,,,,14288,,,,,,,,,,,,,,,,,,,,,,,,,,,,,,32,,,,,,0,,,,,,,,,,,,,,,,,,,,,,,,,,,,
2013-12-11,JK11A1YAJHHV1V,Hitachi HDS722020ALA330,2000398934016,0,,0,,,,,,,,0,,,,,,28742,,,,,,,,,,,,,,,,,,,,,,,,,,,,,,28,,,,,,0,,,,,,,,,,,,,,,,,,,,,,,,,,,,
2013-12-11,PL1321LAGAKYNH,Hitachi HDS5C4040ALE630,4000787030016,0,,0,,,,,,,,0,,,,,,5066,,,,,,,,,,,,,,,,,,,,,,,,,,,,,,28,,,,,,0,,,,,,,,,,,,,,,,,,,,,,,,,,,,
2013-12-11,PL1311LAG39YNH,Hitachi HDS5C4040ALE630,4000787030016,0,,0,,,,,,,,0,,,,,,5958,,,,,,,,,,,,,,,,,,,,,,,,,,,,,,25,,,,,,0,,,,,,,,,,,,,,,,,,,,,,,,,,,,
2013-12-11,PL1331LAG5AYHH,HGST HMS5C4040ALE640,4000787030016,0,,0,,,,,,,,0,,,,,,2026,,,,,,,,,,,,,,,,,,,,,,,,,,,,,,21,,,,,,0,,,,,,,,,,,,,,,,,,,,,,,,,,,,
2013-12-11,MJ1321YNG0DSYA,Hitachi HDS5C3030ALA630,3000592982016,0,,0,,,,,,,,0,,,,,,20732,,,,,,,,,,,,,,,,,,,,,,,,,,,,,,24,,,,,,0,,,,,,,,,,,,,,,,,,,,,,,,,,,,
2013-12-11,PL1311LAG3AVMH,Hitachi HDS5C4040ALE630,4000787030016,0,,0,,,,,,,,0,,,,,,6650,,,,,,,,,,,,,,,,,,,,,,,,,,,,,,21,,,,,,0,,,,,,,,,,,,,,,,,,,,,,,,,,,,
2013-12-11,JK1100YAJDK7RT,Hitachi HDS722020ALA330,2000398934016,0,,131073,,,,,,,,0,,,,,,30253,,,,,,,,,,,,,,,,,,,,,,,,,,,,,,27,,,,,,0,,,,,,,,,,,,,,,,,,,,,,,,,,,,
2013-12-11,MJ1311YNG6VN3A,Hitachi HDS5C3030ALA630,3000592982016,0,,65536,,,,,,,,0,,,,,,14290,,,,,,,,,,,,,,,,,,,,,,,,,,,,,,26,,,,,,0,,,,,,,,,,,,,,,,,,,,,,,,,,,,
2013-12-11,5XW03PPG,ST31500541AS,1500301910016,0,,184441625,,,,,,,,0,,,,,,36449,,,,,,,,,,,,,,,,,,,,,,,,,,,,,,17,,,,,,0,,,,,,,,,,,,,,,,,,,,,,,,,,,,
2013-12-11,W1F0KD2K,ST3000DM001,3000592982016,0,,7025248,,,,,,,,0,,,,,,12172,,,,,,,,,,,,,,,,,,,,,,,,,,,,,,23,,,,,,0,,,,,,,,,,,,,,,,,,,,,,,,,,,,
2013-12-11,MJ0351YNGA0U2A,Hitachi HDS5C3030ALA630,3000592982016,0,,0,,,,,,,,0,,,,,,9899,,,,,,,,,,,,,,,,,,,,,,,,,,,,,,29,,,,,,0,,,,,,,,,,,,,,,,,,,,,,,,,,,,
2013-12-11,Z300JA6W,ST4000DM000,4000787030016,0,,210302248,,,,,,,,0,,,,,,2221,,,,,,,,,,,,,,,,,,,,,,,,,,,,,,26,,,,,,0,,,,,,,,,,,,,,,,,,,,,,,,,,,,
2013-12-11,MJ1311YNG36HSA,Hitachi HDS5C3030ALA630,3000592982016,0,,0,,,,,,,,0,,,,,,19587,,,,,,,,,,,,,,,,,,,,,,,,,,,,,,23,,,,,,0,,,,,,,,,,,,,,,,,,,,,,,,,,,,
2013-12-11,PL1321LAG2YVVH,Hitachi HDS5C4040ALE630,4000787030016,0,,0,,,,,,,,0,,,,,,6614,,,,,,,,,,,,,,,,,,,,,,,,,,,,,,27,,,,,,0,,,,,,,,,,,,,,,,,,,,,,,,,,,,
2013-12-11,MJ0351YNG9UXMA,Hitachi HDS5C3030ALA630,3000592982016,0,,0,,,,,,,,0,,,,,,9672,,,,,,,,,,,,,,,,,,,,,,,,,,,,,,29,,,,,,0,,,,,,,,,,,,,,,,,,,,,,,,,,,,
2013-12-11,9VS262YN,ST31500341AS,1500301910016,0,,52410851,,,,,,,,24,,,,,,38654,,,,,,,,,,,,,,,,,,,,,,,,,,,,,,25,,,,,,0,,,,,,,,,,,,,,,,,,,,,,,,,,,,
2013-12-11,S1F05P2T,ST3000DM001,3000592982016,0,,147744888,,,,,,,,216,,,,,,12365,,,,,,,,,,,,,,,,,,,,,,,,,,,,,,26,,,,,,0,,,,,,,,,,,,,,,,,,,,,,,,,,,,
2013-12-11,S1F09F8L,ST3000DM001,3000592982016,0,,154427328,,,,,,,,0,,,,,,12396,,,,,,,,,,,,,,,,,,,,,,,,,,,,,,22,,,,,,0,,,,,,,,,,,,,,,,,,,,,,,,,,,,
2013-12-11,W300BM6G,ST4000DM000,4000787030016,0,,159781552,,,,,,,,0,,,,,,4289,,,,,,,,,,,,,,,,,,,,,,,,,,,,,,20,,,,,,0,,,,,,,,,,,,,,,,,,,,,,,,,,,,
2013-12-11,W3008Y95,ST4000DM000,4000787030016,0,,156956040,,,,,,,,0,,,,,,4136,,,,,,,,,,,,,,,,,,,,,,,,,,,,,,22,,,,,,0,,,,,,,,,,,,,,,,,,,,,,,,,,,,
2013-12-11,PL1311LAG38RHH,Hitachi HDS5C4040ALE630,4000787030016,0,,0,,,,,,,,0,,,,,,6655,,,,,,,,,,,,,,,,,,,,,,,,,,,,,,18,,,,,,0,,,,,,,,,,,,,,,,,,,,,,,,,,,,
2013-12-11,S1F0LGRM,ST3000DM001,3000592982016,0,,183240904,,,,,,,,0,,,,,,12171,,,,,,,,,,,,,,,,,,,,,,,,,,,,,,24,,,,,,0,,,,,,,,,,,,,,,,,,,,,,,,,,,,
2013-12-11,S1F02368,ST3000DM001,3000592982016,0,,70239360,,,,,,,,0,,,,,,15402,,,,,,,,,,,,,,,,,,,,,,,,,,,,,,18,,,,,,8,,,,,,,,,,,,,,,,,,,,,,,,,,,,
2013-12-11,MJ0351YNGAAH1A,Hitachi HDS5C3030ALA630,3000592982016,0,,0,,,,,,,,0,,,,,,8615,,,,,,,,,,,,,,,,,,,,,,,,,,,,,,32,,,,,,0,,,,,,,,,,,,,,,,,,,,,,,,,,,,
2013-12-11,Z1F1AD2M,ST3000DM001,3000592982016,0,,131583568,,,,,,,,0,,,,,,7328,,,,,,,,,,,,,,,,,,,,,,,,,,,,,,24,,,,,,0,,,,,,,,,,,,,,,,,,,,,,,,,,,,
2013-12-11,MJ1313YNG1Y8VC,Hitachi HDS5C3030ALA630,3000592982016,0,,0,,,,,,,,0,,,,,,21796,,,,,,,,,,,,,,,,,,,,,,,,,,,,,,23,,,,,,0,,,,,,,,,,,,,,,,,,,,,,,,,,,,
2013-12-11,Z1Z053BN,ST4000DX000,4000787030016,0,,169095406,,,,,,,,0,,,,,,5379,,,,,,,,,,,,,,,,,,,,,,,,,,,,,,22,,,,,,0,,,,,,,,,,,,,,,,,,,,,,,,,,,,
2013-12-11,PL1311LAG28NDH,Hitachi HDS5C4040ALE630,4000787030016,0,,0,,,,,,,,0,,,,,,5566,,,,,,,,,,,,,,,,,,,,,,,,,,,,,,29,,,,,,0,,,,,,,,,,,,,,,,,,,,,,,,,,,,
2013-12-11,JK11A5B8J36HKX,Hitachi HDS722020ALA330,2000398934016,0,,0,,,,,,,,0,,,,,,22868,,,,,,,,,,,,,,,,,,,,,,,,,,,,,,25,,,,,,0,,,,,,,,,,,,,,,,,,,,,,,,,,,,
2013-12-11,Z300CMLX,ST4000DM000,4000787030016,0,,219063368,,,,,,,,0,,,,,,2843,,,,,,,,,,,,,,,,,,,,,,,,,,,,,,18,,,,,,0,,,,,,,,,,,,,,,,,,,,,,,,,,,,
2013-12-11,JK1104B8GE7DAW,Hitachi HDS722020ALA330,2000398934016,0,,0,,,,,,,,0,,,,,,26839,,,,,,,,,,,,,,,,,,,,,,,,,,,,,,29,,,,,,0,,,,,,,,,,,,,,,,,,,,,,,,,,,,
2013-12-11,Z1F0LQFB,ST3000DM001,3000592982016,0,,188300080,,,,,,,,0,,,,,,12017,,,,,,,,,,,,,,,,,,,,,,,,,,,,,,29,,,,,,0,,,,,,,,,,,,,,,,,,,,,,,,,,,,
2013-12-11,JK1105B8GDMELX,Hitachi HDS722020ALA330,2000398934016,0,,65538,,,,,,,,0,,,,,,27221,,,,,,,,,,,,,,,,,,,,,,,,,,,,,,33,,,,,,0,,,,,,,,,,,,,,,,,,,,,,,,,,,,
2013-12-11,WD-WCAWZ1701385,WDC WD30EZRX,3000592982016,0,,0,,,,,,,,0,,,,,,17009,,,,,,,,,,,,,,,,,,,,,,,,,,,,,,20,,,,,,0,,,,,,,,,,,,,,,,,,,,,,,,,,,,
2013-12-11,PL1311LAG39UHH,Hitachi HDS5C4040ALE630,4000787030016,0,,0,,,,,,,,0,,,,,,5058,,,,,,,,,,,,,,,,,,,,,,,,,,,,,,31,,,,,,0,,,,,,,,,,,,,,,,,,,,,,,,,,,,
2013-12-11,JK11A8B9J30LVF,Hitachi HDS722020ALA330,2000398934016,0,,0,,,,,,,,0,,,,,,24431,,,,,,,,,,,,,,,,,,,,,,,,,,,,,,28,,,,,,0,,,,,,,,,,,,,,,,,,,,,,,,,,,,
2013-12-11,Z300P9QE,ST4000DM000,4000787030016,0,,131328584,,,,,,,,0,,,,,,1094,,,,,,,,,,,,,,,,,,,,,,,,,,,,,,22,,,,,,0,,,,,,,,,,,,,,,,,,,,,,,,,,,,
2013-12-11,JK11A8B9J79D8F,Hitachi HDS722020ALA330,2000398934016,0,,0,,,,,,,,0,,,,,,22702,,,,,,,,,,,,,,,,,,,,,,,,,,,,,,30,,,,,,0,,,,,,,,,,,,,,,,,,,,,,,,,,,,
2013-12-11,PL1311LAG3DBEH,Hitachi HDS5C4040ALE630,4000787030016,0,,0,,,,,,,,0,,,,,,6993,,,,,,,,,,,,,,,,,,,,,,,,,,,,,,21,,,,,,0,,,,,,,,,,,,,,,,,,,,,,,,,,,,
2013-12-11,S1F0CV3G,ST3000DM001,3000592982016,0,,136198136,,,,,,,,0,,,,,,12397,,,,,,,,,,,,,,,,,,,,,,,,,,,,,,26,,,,,,0,,,,,,,,,,,,,,,,,,,,,,,,,,,,
2013-12-11,JK11A8B9GNL7BF,Hitachi HDS722020ALA330,2000398934016,0,,0,,,,,,,,0,,,,,,26480,,,,,,,,,,,,,,,,,,,,,,,,,,,,,,28,,,,,,0,,,,,,,,,,,,,,,,,,,,,,,,,,,,
2013-12-11,PL1311LAG3A5JH,Hitachi HDS5C4040ALE630,4000787030016,0,,0,,,,,,,,0,,,,,,5049,,,,,,,,,,,,,,,,,,,,,,,,,,,,,,28,,,,,,0,,,,,,,,,,,,,,,,,,,,,,,,,,,,
2013-12-11,S1F0S5HF,ST3000DM001,3000592982016,0,,229231640,,,,,,,,0,,,,,,10502,,,,,,,,,,,,,,,,,,,,,,,,,,,,,,25,,,,,,0,,,,,,,,,,,,,,,,,,,,,,,,,,,,
2013-12-11,MJ1313YNG1YEZC,Hitachi HDS5C3030ALA630,3000592982016,0,,0,,,,,,,,0,,,,,,21796,,,,,,,,,,,,,,,,,,,,,,,,,,,,,,26,,,,,,0,,,,,,,,,,,,,,,,,,,,,,,,,,,,
2013-12-11,S1F0357T,ST3000DM001,3000592982016,0,,87725856,,,,,,,,0,,,,,,15621,,,,,,,,,,,,,,,,,,,,,,,,,,,,,,26,,,,,,0,,,,,,,,,,,,,,,,,,,,,,,,,,,,
2013-12-11,PL1311LAG2193A,Hitachi HDS5C4040ALE630,4000787030016,0,,0,,,,,,,,0,,,,,,5961,,,,,,,,,,,,,,,,,,,,,,,,,,,,,,21,,,,,,0,,,,,,,,,,,,,,,,,,,,,,,,,,,,
2013-12-11,WD-WCAWZ0489932,WDC WD30EZRX,3000592982016,0,,0,,,,,,,,0,,,,,,16999,,,,,,,,,,,,,,,,,,,,,,,,,,,,,,23,,,,,,3,,,,,,,,,,,,,,,,,,,,,,,,,,,,
2013-12-11,JK1101YAJJ63UZ,Hitachi HDS722020ALA330,2000398934016,0,,0,,,,,,,,7,,,,,,27168,,,,,,,,,,,,,,,,,,,,,,,,,,,,,,27,,,,,,0,,,,,,,,,,,,,,,,,,,,,,,,,,,,
2013-12-11,6XW10GAM,ST31500541AS,1500301910016,0,,167414634,,,,,,,,0,,,,,,30972,,,,,,,,,,,,,,,,,,,,,,,,,,,,,,23,,,,,,0,,,,,,,,,,,,,,,,,,,,,,,,,,,,
2013-12-11,WD-WCAWZ0956025,WDC WD30EZRX,3000592982016,0,,0,,,,,,,,0,,,,,,15835,,,,,,,,,,,,,,,,,,,,,,,,,,,,,,23,,,,,,2,,,,,,,,,,,,,,,,,,,,,,,,,,,,
2013-12-11,MJ0351YNG9RD6A,Hitachi HDS5C3030ALA630,3000592982016,0,,0,,,,,,,,0,,,,,,9142,,,,,,,,,,,,,,,,,,,,,,,,,,,,,,28,,,,,,0,,,,,,,,,,,,,,,,,,,,,,,,,,,,
2013-12-11,JK11A8B9J3N3YF,Hitachi HDS722020ALA330,2000398934016,0,,0,,,,,,,,0,,,,,,23319,,,,,,,,,,,,,,,,,,,,,,,,,,,,,,29,,,,,,0,,,,,,,,,,,,,,,,,,,,,,,,,,,,
2013-12-11,S1F0LDPF,ST3000DM001,3000592982016,0,,180222816,,,,,,,,0,,,,,,12248,,,,,,,,,,,,,,,,,,,,,,,,,,,,,,25,,,,,,0,,,,,,,,,,,,,,,,,,,,,,,,,,,,
2013-12-11,W300D2MZ,ST4000DM000,4000787030016,0,,38810560,,,,,,,,0,,,,,,2272,,,,,,,,,,,,,,,,,,,,,,,,,,,,,,24,,,,,,0,,,,,,,,,,,,,,,,,,,,,,,,,,,,
2013-12-11,JK11A8B9J7LJSF,Hitachi HDS722020ALA330,2000398934016,0,,65537,,,,,,,,0,,,,,,24665,,,,,,,,,,,,,,,,,,,,,,,,,,,,,,27,,,,,,0,,,,,,,,,,,,,,,,,,,,,,,,,,,,
2013-12-11,MJ1321YNG17WAA,Hitachi HDS5C3030ALA630,3000592982016,0,,0,,,,,,,,0,,,,,,20733,,,,,,,,,,,,,,,,,,,,,,,,,,,,,,23,,,,,,0,,,,,,,,,,,,,,,,,,,,,,,,,,,,
2013-12-11,MJ0351YNG9W6HA,Hitachi HDS5C3030ALA630,3000592982016,0,,0,,,,,,,,0,,,,,,9901,,,,,,,,,,,,,,,,,,,,,,,,,,,,,,26,,,,,,0,,,,,,,,,,,,,,,,,,,,,,,,,,,,
2013-12-11,W1F0ANXW,ST3000DM001,3000592982016,0,,168025096,,,,,,,,0,,,,,,13743,,,,,,,,,,,,,,,,,,,,,,,,,,,,,,23,,,,,,0,,,,,,,,,,,,,,,,,,,,,,,,,,,,
2013-12-11,JK1101B9KP2GAF,Hitachi HDS722020ALA330,2000398934016,0,,0,,,,,,,,0,,,,,,23097,,,,,,,,,,,,,,,,,,,,,,,,,,,,,,31,,,,,,0,,,,,,,,,,,,,,,,,,,,,,,,,,,,
2013-12-11,S1F04B6Y,ST3000DM001,3000592982016,0,,26991864,,,,,,,,0,,,,,,16201,,,,,,,,,,,,,,,,,,,,,,,,,,,,,,23,,,,,,0,,,,,,,,,,,,,,,,,,,,,,,,,,,,
2013-12-11,W3004ZEC,ST4000DM000,4000787030016,0,,43988816,,,,,,,,0,,,,,,2873,,,,,,,,,,,,,,,,,,,,,,,,,,,,,,22,,,,,,0,,,,,,,,,,,,,,,,,,,,,,,,,,,,
2013-12-11,MJ1311YNG3KJPA,Hitachi HDS5C3030ALA630,3000592982016,0,,0,,,,,,,,0,,,,,,18049,,,,,,,,,,,,,,,,,,,,,,,,,,,,,,25,,,,,,0,,,,,,,,,,,,,,,,,,,,,,,,,,,,
2013-12-11,PK1331PAJ32J4S,HGST HDS724040ALE640,4000787030016,0,,0,,,,,,,,0,,,,,,2026,,,,,,,,,,,,,,,,,,,,,,,,,,,,,,24,,,,,,0,,,,,,,,,,,,,,,,,,,,,,,,,,,,
2013-12-11,JK11A8B9J7B38F,Hitachi HDS722020ALA330,2000398934016,0,,0,,,,,,,,0,,,,,,22702,,,,,,,,,,,,,,,,,,,,,,,,,,,,,,30,,,,,,0,,,,,,,,,,,,,,,,,,,,,,,,,,,,
2013-12-11,JK11A8B9J49KTF,Hitachi HDS722020ALA330,2000398934016,0,,0,,,,,,,,0,,,,,,26011,,,,,,,,,,,,,,,,,,,,,,,,,,,,,,29,,,,,,0,,,,,,,,,,,,,,,,,,,,,,,,,,,,
2013-12-11,5XW1TQZ8,ST32000542AS,2000398934016,0,,15668088,,,,,,,,0,,,,,,7228,,,,,,,,,,,,,,,,,,,,,,,,,,,,,,22,,,,,,0,,,,,,,,,,,,,,,,,,,,,,,,,,,,
2013-12-11,WD-WCAU42459303,WDC WD10EACS,1000204886016,0,,0,,,,,,,,0,,,,,,42784,,,,,,,,,,,,,,,,,,,,,,,,,,,,,,29,,,,,,0,,,,,,,,,,,,,,,,,,,,,,,,,,,,
2013-12-11,Z1F0LM5D,ST3000DM001,3000592982016,0,,6626016,,,,,,,,0,,,,,,12248,,,,,,,,,,,,,,,,,,,,,,,,,,,,,,26,,,,,,0,,,,,,,,,,,,,,,,,,,,,,,,,,,,
2013-12-11,Z1F0LM5A,ST3000DM001,3000592982016,0,,11651136,,,,,,,,0,,,,,,10943,,,,,,,,,,,,,,,,,,,,,,,,,,,,,,21,,,,,,0,,,,,,,,,,,,,,,,,,,,,,,,,,,,
2013-12-11,MK0331YHGMTM9A,Hitachi HDS723030ALA640,3000592982016,0,,0,,,,,,,,0,,,,,,17354,,,,,,,,,,,,,,,,,,,,,,,,,,,,,,25,,,,,,0,,,,,,,,,,,,,,,,,,,,,,,,,,,,
2013-12-11,Z1F0LM5L,ST3000DM001,3000592982016,0,,95704936,,,,,,,,0,,,,,,12169,,,,,,,,,,,,,,,,,,,,,,,,,,,,,,24,,,,,,0,,,,,,,,,,,,,,,,,,,,,,,,,,,,
2013-12-11,PL1321LAG31XTH,Hitachi HDS5C4040ALE630,4000787030016,0,,0,,,,,,,,0,,,,,,6654,,,,,,,,,,,,,,,,,,,,,,,,,,,,,,21,,,,,,0,,,,,,,,,,,,,,,,,,,,,,,,,,,,
2013-12-11,JK1105B8JS1NEX,Hitachi HDS722020ALA330,2000398934016,0,,0,,,,,,,,0,,,,,,23577,,,,,,,,,,,,,,,,,,,,,,,,,,,,,,27,,,,,,0,,,,,,,,,,,,,,,,,,,,,,,,,,,,
2013-12-11,Z300E2QC,ST4000DM000,4000787030016,0,,179754824,,,,,,,,0,,,,,,2262,,,,,,,,,,,,,,,,,,,,,,,,,,,,,,21,,,,,,0,,,,,,,,,,,,,,,,,,,,,,,,,,,,
2013-12-11,MJ1311YNG3GBUA,Hitachi HDS5C3030ALA630,3000592982016,0,,0,,,,,,,,0,,,,,,18928,,,,,,,,,,,,,,,,,,,,,,,,,,,,,,27,,,,,,0,,,,,,,,,,,,,,,,,,,,,,,,,,,,
2013-12-11,W30099HJ,ST4000DM000,4000787030016,0,,171832704,,,,,,,,0,,,,,,4160,,,,,,,,,,,,,,,,,,,,,,,,,,,,,,23,,,,,,0,,,,,,,,,,,,,,,,,,,,,,,,,,,,
2013-12-11,PL1311LAG3EJ6H,Hitachi HDS5C4040ALE630,4000787030016,0,,0,,,,,,,,0,,,,,,5931,,,,,,,,,,,,,,,,,,,,,,,,,,,,,,26,,,,,,0,,,,,,,,,,,,,,,,,,,,,,,,,,,,
2013-12-11,MJ1321YNG0PK3A,Hitachi HDS5C3030ALA630,3000592982016,0,,4,,,,,,,,0,,,,,,20479,,,,,,,,,,,,,,,,,,,,,,,,,,,,,,27,,,,,,0,,,,,,,,,,,,,,,,,,,,,,,,,,,,
2013-12-11,MJ0351YNG9RSUA,Hitachi HDS5C3030ALA630,3000592982016,0,,0,,,,,,,,0,,,,,,9939,,,,,,,,,,,,,,,,,,,,,,,,,,,,,,23,,,,,,0,,,,,,,,,,,,,,,,,,,,,,,,,,,,
2013-12-11,JK11A8B9J82SGF,Hitachi HDS722020ALA330,2000398934016,0,,0,,,,,,,,0,,,,,,26027,,,,,,,,,,,,,,,,,,,,,,,,,,,,,,29,,,,,,0,,,,,,,,,,,,,,,,,,,,,,,,,,,,
2013-12-11,MJ0351YNG9W7JA,Hitachi HDS5C3030ALA630,3000592982016,0,,65536,,,,,,,,2,,,,,,9906,,,,,,,,,,,,,,,,,,,,,,,,,,,,,,26,,,,,,0,,,,,,,,,,,,,,,,,,,,,,,,,,,,
2013-12-11,JK1130YAHHYU0T,Hitachi HDS722020ALA330,2000398934016,0,,0,,,,,,,,0,,,,,,25700,,,,,,,,,,,,,,,,,,,,,,,,,,,,,,29,,,,,,0,,,,,,,,,,,,,,,,,,,,,,,,,,,,
2013-12-11,JK1101B9JP6G7U,Hitachi HDS722020ALA330,2000398934016,0,,0,,,,,,,,0,,,,,,24112,,,,,,,,,,,,,,,,,,,,,,,,,,,,,,29,,,,,,0,,,,,,,,,,,,,,,,,,,,,,,,,,,,
2013-12-11,S1F02L12,ST3000DM001,3000592982016,0,,151671600,,,,,,,,0,,,,,,13360,,,,,,,,,,,,,,,,,,,,,,,,,,,,,,21,,,,,,0,,,,,,,,,,,,,,,,,,,,,,,,,,,,
2013-12-11,S1F0LD6S,ST3000DM001,3000592982016,0,,147826976,,,,,,,,0,,,,,,12176,,,,,,,,,,,,,,,,,,,,,,,,,,,,,,30,,,,,,0,,,,,,,,,,,,,,,,,,,,,,,,,,,,
2013-12-11,MJ1323YNG1SM7C,Hitachi HDS5C3030ALA630,3000592982016,0,,108724456,,,,,,,,0,,,,,,19773,,,,,,,,,,,,,,,,,,,,,,,,,,,,,,25,,,,,,0,,,,,,,,,,,,,,,,,,,,,,,,,,,,
2013-12-11,S1F02L15,ST3000DM001,3000592982016,1,,48886850,,,,,,,,44336,,,,,,15402,,,,,,,,,,,,,,,,,,,,,,,,,,,,,,21,,,,,,352,,,,,,,,,,,,,,,,,,,,,,,,,,,,
2013-12-11,PL1311LAG3EAEH,Hitachi HDS5C4040ALE630,4000787030016,0,,0,,,,,,,,0,,,,,,6637,,,,,,,,,,,,,,,,,,,,,,,,,,,,,,27,,,,,,0,,,,,,,,,,,,,,,,,,,,,,,,,,,,
2013-12-11,WD-WMC1T1554987,WDC WD30EFRX,3000592982016,0,,0,,,,,,,,0,,,,,,849,,,,,,,,,,,,,,,,,,,,,,,,,,,,,,24,,,,,,0,,,,,,,,,,,,,,,,,,,,,,,,,,,,
2013-12-11,6XW04844,ST31500541AS,1500301910016,0,,60333122,,,,,,,,0,,,,,,36451,,,,,,,,,,,,,,,,,,,,,,,,,,,,,,20,,,,,,0,,,,,,,,,,,,,,,,,,,,,,,,,,,,
2013-12-11,MJ0351YNGA2XAA,Hitachi HDS5C3030ALA630,3000592982016,0,,0,,,,,,,,0,,,,,,9147,,,,,,,,,,,,,,,,,,,,,,,,,,,,,,28,,,,,,0,,,,,,,,,,,,,,,,,,,,,,,,,,,,
2013-12-11,MJ1311YNG3K3GA,Hitachi HDS5C3030ALA630,3000592982016,0,,0,,,,,,,,0,,,,,,18594,,,,,,,,,,,,,,,,,,,,,,,,,,,,,,22,,,,,,0,,,,,,,,,,,,,,,,,,,,,,,,,,,,
2013-12-11,6XW064YC,ST31500541AS,1500301910016,0,,182751812,,,,,,,,0,,,,,,36955,,,,,,,,,,,,,,,,,,,,,,,,,,,,,,23,,,,,,0,,,,,,,,,,,,,,,,,,,,,,,,,,,,
2013-12-11,JK11A4B8JR5MNW,Hitachi HDS722020ALA330,2000398934016,0,,0,,,,,,,,0,,,,,,23822,,,,,,,,,,,,,,,,,,,,,,,,,,,,,,27,,,,,,0,,,,,,,,,,,,,,,,,,,,,,,,,,,,
2013-12-11,MJ0351YNG9YTYA,Hitachi HDS5C3030ALA630,3000592982016,0,,0,,,,,,,,0,,,,,,9973,,,,,,,,,,,,,,,,,,,,,,,,,,,,,,25,,,,,,0,,,,,,,,,,,,,,,,,,,,,,,,,,,,
2013-12-11,PL1321LAG34TEH,Hitachi HDS5C4040ALE630,4000787030016,0,,0,,,,,,,,0,,,,,,5961,,,,,,,,,,,,,,,,,,,,,,,,,,,,,,21,,,,,,0,,,,,,,,,,,,,,,,,,,,,,,,,,,,
2013-12-11,JK11A4B8J7S1WW,Hitachi HDS722020ALA330,2000398934016,0,,0,,,,,,,,0,,,,,,25125,,,,,,,,,,,,,,,,,,,,,,,,,,,,,,30,,,,,,0,,,,,,,,,,,,,,,,,,,,,,,,,,,,
2013-12-11,Z300C747,ST4000DM000,4000787030016,0,,98025448,,,,,,,,0,,,,,,2843,,,,,,,,,,,,,,,,,,,,,,,,,,,,,,19,,,,,,0,,,,,,,,,,,,,,,,,,,,,,,,,,,,
2013-12-11,Z300GP9K,ST4000DM000,4000787030016,0,,142501576,,,,,,,,0,,,,,,3621,,,,,,,,,,,,,,,,,,,,,,,,,,,,,,20,,,,,,0,,,,,,,,,,,,,,,,,,,,,,,,,,,,
2013-12-11,S1F0CTGD,ST3000DM001,3000592982016,0,,156462008,,,,,,,,0,,,,,,12395,,,,,,,,,,,,,,,,,,,,,,,,,,,,,,23,,,,,,0,,,,,,,,,,,,,,,,,,,,,,,,,,,,
2013-12-11,MJ0351YNGA667A,Hitachi HDS5C3030ALA630,3000592982016,0,,0,,,,,,,,0,,,,,,8641,,,,,,,,,,,,,,,,,,,,,,,,,,,,,,25,,,,,,0,,,,,,,,,,,,,,,,,,,,,,,,,,,,
2013-12-11,6XW17H1N,ST32000542AS,2000398934016,0,,209743400,,,,,,,,0,,,,,,31706,,,,,,,,,,,,,,,,,,,,,,,,,,,,,,24,,,,,,0,,,,,,,,,,,,,,,,,,,,,,,,,,,,
2013-12-11,9VS3JAKR,ST31500341AS,1500301910016,0,,222558736,,,,,,,,21,,,,,,32917,,,,,,,,,,,,,,,,,,,,,,,,,,,,,,22,,,,,,0,,,,,,,,,,,,,,,,,,,,,,,,,,,,
2013-12-11,W300E7VZ,ST4000DM000,4000787030016,0,,28181224,,,,,,,,0,,,,,,4183,,,,,,,,,,,,,,,,,,,,,,,,,,,,,,22,,,,,,0,,,,,,,,,,,,,,,,,,,,,,,,,,,,
2013-12-11,JK11A8B9J8A1HF,Hitachi HDS722020ALA330,2000398934016,0,,0,,,,,,,,0,,,,,,25120,,,,,,,,,,,,,,,,,,,,,,,,,,,,,,31,,,,,,0,,,,,,,,,,,,,,,,,,,,,,,,,,,,
2013-12-11,PL1311LAG3DXJH,Hitachi HDS5C4040ALE630,4000787030016,0,,0,,,,,,,,0,,,,,,6070,,,,,,,,,,,,,,,,,,,,,,,,,,,,,,21,,,,,,0,,,,,,,,,,,,,,,,,,,,,,,,,,,,
2013-12-11,Z300GP9S,ST4000DM000,4000787030016,0,,200773392,,,,,,,,0,,,,,,3581,,,,,,,,,,,,,,,,,,,,,,,,,,,,,,21,,,,,,0,,,,,,,,,,,,,,,,,,,,,,,,,,,,
2013-12-11,MJ0351YNG9XWWA,Hitachi HDS5C3030ALA630,3000592982016,0,,0,,,,,,,,0,,,,,,9524,,,,,,,,,,,,,,,,,,,,,,,,,,,,,,34,,,,,,0,,,,,,,,,,,,,,,,,,,,,,,,,,,,
2013-12-11,S1F1197D,ST3000DM001,3000592982016,0,,168316928,,,,,,,,0,,,,,,8177,,,,,,,,,,,,,,,,,,,,,,,,,,,,,,23,,,,,,0,,,,,,,,,,,,,,,,,,,,,,,,,,,,
2013-12-11,Z1F0LBA7,ST3000DM001,3000592982016,0,,65978536,,,,,,,,0,,,,,,10943,,,,,,,,,,,,,,,,,,,,,,,,,,,,,,26,,,,,,0,,,,,,,,,,,,,,,,,,,,,,,,,,,,
2013-12-11,MK0301YHGMAEND,Hitachi HDS723030ALA640,3000592982016,0,,0,,,,,,,,0,,,,,,17010,,,,,,,,,,,,,,,,,,,,,,,,,,,,,,31,,,,,,0,,,,,,,,,,,,,,,,,,,,,,,,,,,,
2013-12-11,MJ0351YNG9T1BA,Hitachi HDS5C3030ALA630,3000592982016,0,,0,,,,,,,,0,,,,,,9721,,,,,,,,,,,,,,,,,,,,,,,,,,,,,,29,,,,,,0,,,,,,,,,,,,,,,,,,,,,,,,,,,,
2013-12-11,6XW041FT,ST31500541AS,1500301910016,0,,119424627,,,,,,,,0,,,,,,36403,,,,,,,,,,,,,,,,,,,,,,,,,,,,,,16,,,,,,0,,,,,,,,,,,,,,,,,,,,,,,,,,,,
2013-12-11,PL1311LAG21PPA,Hitachi HDS5C4040ALE630,4000787030016,0,,0,,,,,,,,0,,,,,,7402,,,,,,,,,,,,,,,,,,,,,,,,,,,,,,27,,,,,,0,,,,,,,,,,,,,,,,,,,,,,,,,,,,
2013-12-11,S1F03NMH,ST3000DM001,3000592982016,0,,156430432,,,,,,,,2912,,,,,,14236,,,,,,,,,,,,,,,,,,,,,,,,,,,,,,25,,,,,,56,,,,,,,,,,,,,,,,,,,,,,,,,,,,
2013-12-11,MJ0351YNGA15EA,Hitachi HDS5C3030ALA630,3000592982016,0,,0,,,,,,,,0,,,,,,9131,,,,,,,,,,,,,,,,,,,,,,,,,,,,,,26,,,,,,0,,,,,,,,,,,,,,,,,,,,,,,,,,,,
2013-12-11,W1F0BLV1,ST3000DM001,3000592982016,0,,114429352,,,,,,,,0,,,,,,12420,,,,,,,,,,,,,,,,,,,,,,,,,,,,,,28,,,,,,0,,,,,,,,,,,,,,,,,,,,,,,,,,,,
2013-12-11,MJ1311YNG37LDA,Hitachi HDS5C3030ALA630,3000592982016,0,,1,,,,,,,,0,,,,,,18947,,,,,,,,,,,,,,,,,,,,,,,,,,,,,,27,,,,,,0,,,,,,,,,,,,,,,,,,,,,,,,,,,,
2013-12-11,9VS3J2E6,ST31500341AS,1500301910016,0,,78339495,,,,,,,,20,,,,,,32917,,,,,,,,,,,,,,,,,,,,,,,,,,,,,,18,,,,,,0,,,,,,,,,,,,,,,,,,,,,,,,,,,,
2013-12-11,MJ0351YNGAD4SA,Hitachi HDS5C3030ALA630,3000592982016,0,,0,,,,,,,,0,,,,,,7975,,,,,,,,,,,,,,,,,,,,,,,,,,,,,,28,,,,,,0,,,,,,,,,,,,,,,,,,,,,,,,,,,,
2013-12-11,PL1311LAG1YV3A,Hitachi HDS5C4040ALE630,4000787030016,0,,0,,,,,,,,0,,,,,,5191,,,,,,,,,,,,,,,,,,,,,,,,,,,,,,26,,,,,,0,,,,,,,,,,,,,,,,,,,,,,,,,,,,
2013-12-11,JK1105B8GED57X,Hitachi HDS722020ALA330,2000398934016,0,,65539,,,,,,,,1,,,,,,26858,,,,,,,,,,,,,,,,,,,,,,,,,,,,,,28,,,,,,0,,,,,,,,,,,,,,,,,,,,,,,,,,,,
2013-12-11,S1F11WEH,ST3000DM001,3000592982016,0,,224656880,,,,,,,,0,,,,,,7993,,,,,,,,,,,,,,,,,,,,,,,,,,,,,,20,,,,,,0,,,,,,,,,,,,,,,,,,,,,,,,,,,,
2013-12-11,Z300PLS1,ST4000DM000,4000787030016,0,,196610944,,,,,,,,0,,,,,,1142,,,,,,,,,,,,,,,,,,,,,,,,,,,,,,27,,,,,,0,,,,,,,,,,,,,,,,,,,,,,,,,,,,
2013-12-11,Z300PLS2,ST4000DM000,4000787030016,0,,47023376,,,,,,,,0,,,,,,1229,,,,,,,,,,,,,,,,,,,,,,,,,,,,,,21,,,,,,0,,,,,,,,,,,,,,,,,,,,,,,,,,,,
2013-12-11,Z300PLS3,ST4000DM000,4000787030016,0,,107935536,,,,,,,,0,,,,,,1142,,,,,,,,,,,,,,,,,,,,,,,,,,,,,,25,,,,,,0,,,,,,,,,,,,,,,,,,,,,,,,,,,,
2013-12-11,S13PJDWS343414,SAMSUNG HD103UJ,1000204886016,0,,0,,,,,,,,0,,,,,,40579,,,,,,,,,,,,,,,,,,,,,,,,,,,,,,16,,,,,,0,,,,,,,,,,,,,,,,,,,,,,,,,,,,
2013-12-11,Z300NPCB,ST4000DM000,4000787030016,0,,120695368,,,,,,,,0,,,,,,1093,,,,,,,,,,,,,,,,,,,,,,,,,,,,,,26,,,,,,0,,,,,,,,,,,,,,,,,,,,,,,,,,,,
2013-12-11,S13PJDWS343411,SAMSUNG HD103UJ,1000204886016,0,,0,,,,,,,,0,,,,,,40574,,,,,,,,,,,,,,,,,,,,,,,,,,,,,,22,,,,,,0,,,,,,,,,,,,,,,,,,,,,,,,,,,,
2013-12-11,S13PJDWS343412,SAMSUNG HD103UJ,1000204886016,0,,0,,,,,,,,0,,,,,,40581,,,,,,,,,,,,,,,,,,,,,,,,,,,,,,18,,,,,,0,,,,,,,,,,,,,,,,,,,,,,,,,,,,
2013-12-11,S13PJDWS343413,SAMSUNG HD103UJ,1000204886016,0,,0,,,,,,,,0,,,,,,40579,,,,,,,,,,,,,,,,,,,,,,,,,,,,,,18,,,,,,0,,,,,,,,,,,,,,,,,,,,,,,,,,,,
2013-12-11,MJ0351YNG9Z6JA,Hitachi HDS5C3030ALA630,3000592982016,0,,0,,,,,,,,0,,,,,,8830,,,,,,,,,,,,,,,,,,,,,,,,,,,,,,30,,,,,,0,,,,,,,,,,,,,,,,,,,,,,,,,,,,
2013-12-11,MJ0351YNG9ZPNA,Hitachi HDS5C3030ALA630,3000592982016,0,,0,,,,,,,,0,,,,,,9469,,,,,,,,,,,,,,,,,,,,,,,,,,,,,,24,,,,,,0,,,,,,,,,,,,,,,,,,,,,,,,,,,,
2013-12-11,MJ0351YNG9ZWZA,Hitachi HDS5C3030ALA630,3000592982016,0,,0,,,,,,,,0,,,,,,8884,,,,,,,,,,,,,,,,,,,,,,,,,,,,,,31,,,,,,0,,,,,,,,,,,,,,,,,,,,,,,,,,,,
2013-12-11,MJ1311YNG31HEA,Hitachi HDS5C3030ALA630,3000592982016,0,,0,,,,,,,,21,,,,,,18202,,,,,,,,,,,,,,,,,,,,,,,,,,,,,,24,,,,,,0,,,,,,,,,,,,,,,,,,,,,,,,,,,,
2013-12-11,MK0311YHGJZM7A,Hitachi HDS723030ALA640,3000592982016,0,,0,,,,,,,,0,,,,,,16660,,,,,,,,,,,,,,,,,,,,,,,,,,,,,,25,,,,,,0,,,,,,,,,,,,,,,,,,,,,,,,,,,,
2013-12-11,MJ1311YNG3E8BA,Hitachi HDS5C3030ALA630,3000592982016,0,,0,,,,,,,,0,,,,,,19254,,,,,,,,,,,,,,,,,,,,,,,,,,,,,,25,,,,,,0,,,,,,,,,,,,,,,,,,,,,,,,,,,,
2013-12-11,W1F0Z315,ST3000DM001,3000592982016,0,,189853192,,,,,,,,0,,,,,,10399,,,,,,,,,,,,,,,,,,,,,,,,,,,,,,28,,,,,,0,,,,,,,,,,,,,,,,,,,,,,,,,,,,
2013-12-11,W1F06SW3,ST3000DM001,3000592982016,0,,240395136,,,,,,,,0,,,,,,13099,,,,,,,,,,,,,,,,,,,,,,,,,,,,,,26,,,,,,0,,,,,,,,,,,,,,,,,,,,,,,,,,,,
2013-12-11,MJ0351YNGA723A,Hitachi HDS5C3030ALA630,3000592982016,0,,0,,,,,,,,0,,,,,,8661,,,,,,,,,,,,,,,,,,,,,,,,,,,,,,28,,,,,,0,,,,,,,,,,,,,,,,,,,,,,,,,,,,
2013-12-11,JK2171B9HZWZ6L,Hitachi HDS722020ALA330,2000398934016,0,,0,,,,,,,,0,,,,,,26010,,,,,,,,,,,,,,,,,,,,,,,,,,,,,,28,,,,,,0,,,,,,,,,,,,,,,,,,,,,,,,,,,,
2013-12-11,W1F17D9Z,ST3000DM001,3000592982016,0,,21075680,,,,,,,,0,,,,,,7990,,,,,,,,,,,,,,,,,,,,,,,,,,,,,,17,,,,,,0,,,,,,,,,,,,,,,,,,,,,,,,,,,,
2013-12-11,Z1F0QH7R,ST3000DM001,3000592982016,0,,15772424,,,,,,,,0,,,,,,11692,,,,,,,,,,,,,,,,,,,,,,,,,,,,,,27,,,,,,0,,,,,,,,,,,,,,,,,,,,,,,,,,,,
2013-12-11,PL1311LAG2B73H,Hitachi HDS5C4040ALE630,4000787030016,0,,0,,,,,,,,0,,,,,,7385,,,,,,,,,,,,,,,,,,,,,,,,,,,,,,28,,,,,,0,,,,,,,,,,,,,,,,,,,,,,,,,,,,
2013-12-11,Z290SV7V,ST33000651AS,3000592982016,0,,41711262,,,,,,,,0,,,,,,17740,,,,,,,,,,,,,,,,,,,,,,,,,,,,,,25,,,,,,0,,,,,,,,,,,,,,,,,,,,,,,,,,,,
2013-12-11,S1F0486D,ST3000DM001,3000592982016,0,,145359040,,,,,,,,0,,,,,,16191,,,,,,,,,,,,,,,,,,,,,,,,,,,,,,21,,,,,,32,,,,,,,,,,,,,,,,,,,,,,,,,,,,
2013-12-11,MK0331YHGSLNXA,Hitachi HDS723030ALA640,3000592982016,0,,0,,,,,,,,0,,,,,,17035,,,,,,,,,,,,,,,,,,,,,,,,,,,,,,27,,,,,,0,,,,,,,,,,,,,,,,,,,,,,,,,,,,
2013-12-11,W300C4RZ,ST4000DM000,4000787030016,0,,63428960,,,,,,,,0,,,,,,2222,,,,,,,,,,,,,,,,,,,,,,,,,,,,,,24,,,,,,0,,,,,,,,,,,,,,,,,,,,,,,,,,,,
2013-12-11,S1F0TCGQ,ST3000DM001,3000592982016,0,,160260696,,,,,,,,0,,,,,,10728,,,,,,,,,,,,,,,,,,,,,,,,,,,,,,22,,,,,,0,,,,,,,,,,,,,,,,,,,,,,,,,,,,
2013-12-11,JK1105B8GGAR3X,Hitachi HDS722020ALA330,2000398934016,0,,393217,,,,,,,,0,,,,,,27160,,,,,,,,,,,,,,,,,,,,,,,,,,,,,,28,,,,,,0,,,,,,,,,,,,,,,,,,,,,,,,,,,,
2013-12-11,Z1Z03HAZ,ST4000DX000,4000787030016,0,,117254321,,,,,,,,0,,,,,,5379,,,,,,,,,,,,,,,,,,,,,,,,,,,,,,23,,,,,,0,,,,,,,,,,,,,,,,,,,,,,,,,,,,
2013-12-11,W300C4RS,ST4000DM000,4000787030016,0,,96148000,,,,,,,,0,,,,,,4354,,,,,,,,,,,,,,,,,,,,,,,,,,,,,,26,,,,,,0,,,,,,,,,,,,,,,,,,,,,,,,,,,,
2013-12-11,MJ0351YNG9YSWA,Hitachi HDS5C3030ALA630,3000592982016,0,,0,,,,,,,,0,,,,,,8505,,,,,,,,,,,,,,,,,,,,,,,,,,,,,,24,,,,,,0,,,,,,,,,,,,,,,,,,,,,,,,,,,,
2013-12-11,W1F16CGQ,ST3000DM001,3000592982016,0,,138509808,,,,,,,,0,,,,,,8138,,,,,,,,,,,,,,,,,,,,,,,,,,,,,,25,,,,,,0,,,,,,,,,,,,,,,,,,,,,,,,,,,,
2013-12-11,Z1F1RJFA,ST3000DM001,3000592982016,0,,65272352,,,,,,,,0,,,,,,7323,,,,,,,,,,,,,,,,,,,,,,,,,,,,,,28,,,,,,0,,,,,,,,,,,,,,,,,,,,,,,,,,,,
2013-12-11,MK0331YHGSYE6A,Hitachi HDS723030ALA640,3000592982016,0,,0,,,,,,,,0,,,,,,14732,,,,,,,,,,,,,,,,,,,,,,,,,,,,,,25,,,,,,0,,,,,,,,,,,,,,,,,,,,,,,,,,,,
2013-12-11,WD-WCAU4D748971,WDC WD10EADS,1000204886016,0,,0,,,,,,,,0,,,,,,25951,,,,,,,,,,,,,,,,,,,,,,,,,,,,,,26,,,,,,0,,,,,,,,,,,,,,,,,,,,,,,,,,,,
2013-12-11,PL1311LAG2HJYH,Hitachi HDS5C4040ALE630,4000787030016,0,,0,,,,,,,,0,,,,,,5920,,,,,,,,,,,,,,,,,,,,,,,,,,,,,,23,,,,,,0,,,,,,,,,,,,,,,,,,,,,,,,,,,,
2013-12-11,PL1311LAG38K6H,Hitachi HDS5C4040ALE630,4000787030016,0,,0,,,,,,,,0,,,,,,6650,,,,,,,,,,,,,,,,,,,,,,,,,,,,,,21,,,,,,0,,,,,,,,,,,,,,,,,,,,,,,,,,,,
2013-12-11,Z300NNYR,ST4000DM000,4000787030016,0,,100818912,,,,,,,,0,,,,,,1093,,,,,,,,,,,,,,,,,,,,,,,,,,,,,,23,,,,,,0,,,,,,,,,,,,,,,,,,,,,,,,,,,,
2013-12-11,JK11A1YAJHHT3V,Hitachi HDS722020ALA330,2000398934016,0,,0,,,,,,,,13,,,,,,28810,,,,,,,,,,,,,,,,,,,,,,,,,,,,,,24,,,,,,0,,,,,,,,,,,,,,,,,,,,,,,,,,,,
2013-12-11,JK11A8B9J3GB1F,Hitachi HDS722020ALA330,2000398934016,0,,0,,,,,,,,0,,,,,,23125,,,,,,,,,,,,,,,,,,,,,,,,,,,,,,35,,,,,,0,,,,,,,,,,,,,,,,,,,,,,,,,,,,
2013-12-11,MJ1311YNG7JKGA,Hitachi HDS5C3030ALA630,3000592982016,0,,0,,,,,,,,0,,,,,,14621,,,,,,,,,,,,,,,,,,,,,,,,,,,,,,20,,,,,,0,,,,,,,,,,,,,,,,,,,,,,,,,,,,
2013-12-11,MJ1311YNG38HKA,Hitachi HDS5C3030ALA630,3000592982016,0,,0,,,,,,,,0,,,,,,18202,,,,,,,,,,,,,,,,,,,,,,,,,,,,,,27,,,,,,0,,,,,,,,,,,,,,,,,,,,,,,,,,,,
2013-12-11,MJ1323YNG107KC,Hitachi HDS5C3030ALA630,3000592982016,0,,2,,,,,,,,0,,,,,,20509,,,,,,,,,,,,,,,,,,,,,,,,,,,,,,26,,,,,,0,,,,,,,,,,,,,,,,,,,,,,,,,,,,
2013-12-11,MJ0351YNGAD1EA,Hitachi HDS5C3030ALA630,3000592982016,0,,0,,,,,,,,0,,,,,,8141,,,,,,,,,,,,,,,,,,,,,,,,,,,,,,29,,,,,,0,,,,,,,,,,,,,,,,,,,,,,,,,,,,
2013-12-11,PL1311LAG3977H,Hitachi HDS5C4040ALE630,4000787030016,0,,0,,,,,,,,0,,,,,,6648,,,,,,,,,,,,,,,,,,,,,,,,,,,,,,22,,,,,,0,,,,,,,,,,,,,,,,,,,,,,,,,,,,
2013-12-11,PL1321LAG2SSZH,Hitachi HDS5C4040ALE630,4000787030016,0,,0,,,,,,,,0,,,,,,6651,,,,,,,,,,,,,,,,,,,,,,,,,,,,,,24,,,,,,0,,,,,,,,,,,,,,,,,,,,,,,,,,,,
2013-12-11,MJ1311YNG36PAA,Hitachi HDS5C3030ALA630,3000592982016,0,,0,,,,,,,,0,,,,,,18203,,,,,,,,,,,,,,,,,,,,,,,,,,,,,,27,,,,,,0,,,,,,,,,,,,,,,,,,,,,,,,,,,,
2013-12-11,PL1321LAG2SUJH,Hitachi HDS5C4040ALE630,4000787030016,0,,0,,,,,,,,0,,,,,,6070,,,,,,,,,,,,,,,,,,,,,,,,,,,,,,22,,,,,,0,,,,,,,,,,,,,,,,,,,,,,,,,,,,
2013-12-11,PL1311LAG28NYH,Hitachi HDS5C4040ALE630,4000787030016,0,,0,,,,,,,,0,,,,,,4581,,,,,,,,,,,,,,,,,,,,,,,,,,,,,,26,,,,,,0,,,,,,,,,,,,,,,,,,,,,,,,,,,,
2013-12-11,W1F09NDE,ST3000DM001,3000592982016,0,,12652568,,,,,,,,0,,,,,,14237,,,,,,,,,,,,,,,,,,,,,,,,,,,,,,24,,,,,,0,,,,,,,,,,,,,,,,,,,,,,,,,,,,
2013-12-11,W300JGR6,ST4000DM000,4000787030016,0,,95007104,,,,,,,,0,,,,,,2875,,,,,,,,,,,,,,,,,,,,,,,,,,,,,,24,,,,,,0,,,,,,,,,,,,,,,,,,,,,,,,,,,,
2013-12-11,Z300PAZG,ST4000DM000,4000787030016,0,,64983800,,,,,,,,0,,,,,,1094,,,,,,,,,,,,,,,,,,,,,,,,,,,,,,20,,,,,,0,,,,,,,,,,,,,,,,,,,,,,,,,,,,
2013-12-11,MJ0351YNG9T0DA,Hitachi HDS5C3030ALA630,3000592982016,0,,0,,,,,,,,0,,,,,,9552,,,,,,,,,,,,,,,,,,,,,,,,,,,,,,28,,,,,,0,,,,,,,,,,,,,,,,,,,,,,,,,,,,
2013-12-11,JK11A8B9J8V8DF,Hitachi HDS722020ALA330,2000398934016,0,,0,,,,,,,,0,,,,,,25667,,,,,,,,,,,,,,,,,,,,,,,,,,,,,,23,,,,,,0,,,,,,,,,,,,,,,,,,,,,,,,,,,,
2013-12-11,W1F03ELZ,ST3000DM001,3000592982016,0,,17192648,,,,,,,,0,,,,,,16198,,,,,,,,,,,,,,,,,,,,,,,,,,,,,,24,,,,,,0,,,,,,,,,,,,,,,,,,,,,,,,,,,,
2013-12-11,JK1174YAK4N61W,Hitachi HDS722020ALA330,2000398934016,0,,0,,,,,,,,0,,,,,,28153,,,,,,,,,,,,,,,,,,,,,,,,,,,,,,26,,,,,,0,,,,,,,,,,,,,,,,,,,,,,,,,,,,
2013-12-11,PL1321LAGAWEMH,Hitachi HDS5C4040ALE630,4000787030016,0,,0,,,,,,,,0,,,,,,5066,,,,,,,,,,,,,,,,,,,,,,,,,,,,,,28,,,,,,0,,,,,,,,,,,,,,,,,,,,,,,,,,,,
2013-12-11,MJ1311YNG3BR0A,Hitachi HDS5C3030ALA630,3000592982016,0,,0,,,,,,,,0,,,,,,18928,,,,,,,,,,,,,,,,,,,,,,,,,,,,,,29,,,,,,0,,,,,,,,,,,,,,,,,,,,,,,,,,,,
2013-12-11,Z300KFXS,ST4000DM000,4000787030016,0,,115973416,,,,,,,,0,,,,,,106,,,,,,,,,,,,,,,,,,,,,,,,,,,,,,24,,,,,,0,,,,,,,,,,,,,,,,,,,,,,,,,,,,
2013-12-11,S1F0A48N,ST3000DM001,3000592982016,0,,128882480,,,,,,,,0,,,,,,12842,,,,,,,,,,,,,,,,,,,,,,,,,,,,,,28,,,,,,0,,,,,,,,,,,,,,,,,,,,,,,,,,,,
2013-12-11,MJ1321YNG0M5GA,Hitachi HDS5C3030ALA630,3000592982016,0,,0,,,,,,,,0,,,,,,19745,,,,,,,,,,,,,,,,,,,,,,,,,,,,,,27,,,,,,0,,,,,,,,,,,,,,,,,,,,,,,,,,,,
2013-12-11,JK1101B9JN518T,Hitachi HDS722020ALA330,2000398934016,0,,0,,,,,,,,0,,,,,,23992,,,,,,,,,,,,,,,,,,,,,,,,,,,,,,35,,,,,,0,,,,,,,,,,,,,,,,,,,,,,,,,,,,
2013-12-11,MJ0351YNG9U7AA,Hitachi HDS5C3030ALA630,3000592982016,0,,0,,,,,,,,0,,,,,,9999,,,,,,,,,,,,,,,,,,,,,,,,,,,,,,33,,,,,,0,,,,,,,,,,,,,,,,,,,,,,,,,,,,
2013-12-11,MJ1311YNG3153A,Hitachi HDS5C3030ALA630,3000592982016,0,,0,,,,,,,,0,,,,,,19617,,,,,,,,,,,,,,,,,,,,,,,,,,,,,,25,,,,,,0,,,,,,,,,,,,,,,,,,,,,,,,,,,,
2013-12-11,W300B5FV,ST4000DM000,4000787030016,0,,66859872,,,,,,,,0,,,,,,2248,,,,,,,,,,,,,,,,,,,,,,,,,,,,,,22,,,,,,0,,,,,,,,,,,,,,,,,,,,,,,,,,,,
2013-12-11,MJ0351YNGA42BA,Hitachi HDS5C3030ALA630,3000592982016,0,,0,,,,,,,,0,,,,,,9131,,,,,,,,,,,,,,,,,,,,,,,,,,,,,,24,,,,,,0,,,,,,,,,,,,,,,,,,,,,,,,,,,,
2013-12-11,Z300X5V6,ST4000DM000,4000787030016,0,,171167736,,,,,,,,0,,,,,,108,,,,,,,,,,,,,,,,,,,,,,,,,,,,,,21,,,,,,0,,,,,,,,,,,,,,,,,,,,,,,,,,,,
2013-12-11,JK1105B8JS1M9X,Hitachi HDS722020ALA330,2000398934016,0,,0,,,,,,,,0,,,,,,23486,,,,,,,,,,,,,,,,,,,,,,,,,,,,,,27,,,,,,0,,,,,,,,,,,,,,,,,,,,,,,,,,,,
2013-12-11,W1F09EQA,ST3000DM001,3000592982016,0,,156771264,,,,,,,,6072,,,,,,13347,,,,,,,,,,,,,,,,,,,,,,,,,,,,,,25,,,,,,96,,,,,,,,,,,,,,,,,,,,,,,,,,,,
2013-12-11,W1F0GDEG,ST3000DM001,3000592982016,0,,129018976,,,,,,,,0,,,,,,12174,,,,,,,,,,,,,,,,,,,,,,,,,,,,,,34,,,,,,0,,,,,,,,,,,,,,,,,,,,,,,,,,,,
2013-12-11,MJ1311YNG3792A,Hitachi HDS5C3030ALA630,3000592982016,0,,0,,,,,,,,0,,,,,,19586,,,,,,,,,,,,,,,,,,,,,,,,,,,,,,24,,,,,,0,,,,,,,,,,,,,,,,,,,,,,,,,,,,
2013-12-11,PL1311LAG2ASYH,Hitachi HDS5C4040ALE630,4000787030016,0,,0,,,,,,,,0,,,,,,6074,,,,,,,,,,,,,,,,,,,,,,,,,,,,,,16,,,,,,0,,,,,,,,,,,,,,,,,,,,,,,,,,,,
2013-12-11,6XW083R0,ST31500541AS,1500301910016,0,,151914445,,,,,,,,0,,,,,,20689,,,,,,,,,,,,,,,,,,,,,,,,,,,,,,20,,,,,,0,,,,,,,,,,,,,,,,,,,,,,,,,,,,
2013-12-11,JK11A8B9J7YBPF,Hitachi HDS722020ALA330,2000398934016,0,,0,,,,,,,,0,,,,,,26003,,,,,,,,,,,,,,,,,,,,,,,,,,,,,,28,,,,,,0,,,,,,,,,,,,,,,,,,,,,,,,,,,,
2013-12-11,MK0311YHGDH67A,Hitachi HDS723030ALA640,3000592982016,0,,0,,,,,,,,0,,,,,,17009,,,,,,,,,,,,,,,,,,,,,,,,,,,,,,31,,,,,,0,,,,,,,,,,,,,,,,,,,,,,,,,,,,
2013-12-11,Z300PKP0,ST4000DM000,4000787030016,0,,173440200,,,,,,,,0,,,,,,1232,,,,,,,,,,,,,,,,,,,,,,,,,,,,,,21,,,,,,0,,,,,,,,,,,,,,,,,,,,,,,,,,,,
2013-12-11,S1F02PLK,ST3000DM001,3000592982016,0,,65545784,,,,,,,,0,,,,,,15223,,,,,,,,,,,,,,,,,,,,,,,,,,,,,,24,,,,,,0,,,,,,,,,,,,,,,,,,,,,,,,,,,,
2013-12-11,JK11A8B9J73LLF,Hitachi HDS722020ALA330,2000398934016,0,,3,,,,,,,,0,,,,,,22300,,,,,,,,,,,,,,,,,,,,,,,,,,,,,,28,,,,,,0,,,,,,,,,,,,,,,,,,,,,,,,,,,,
2013-12-11,PL2311LAG1TJ4C,Hitachi HDS5C4040ALE630,4000787030016,0,,0,,,,,,,,0,,,,,,7417,,,,,,,,,,,,,,,,,,,,,,,,,,,,,,22,,,,,,0,,,,,,,,,,,,,,,,,,,,,,,,,,,,
2013-12-11,Z30052FV,ST4000DM000,4000787030016,0,,24020512,,,,,,,,0,,,,,,5419,,,,,,,,,,,,,,,,,,,,,,,,,,,,,,21,,,,,,0,,,,,,,,,,,,,,,,,,,,,,,,,,,,
2013-12-11,PK1331PAJ3391S,HGST HDS724040ALE640,4000787030016,0,,0,,,,,,,,0,,,,,,2027,,,,,,,,,,,,,,,,,,,,,,,,,,,,,,28,,,,,,0,,,,,,,,,,,,,,,,,,,,,,,,,,,,
2013-12-11,W300D2RA,ST4000DM000,4000787030016,0,,123744416,,,,,,,,0,,,,,,4290,,,,,,,,,,,,,,,,,,,,,,,,,,,,,,20,,,,,,0,,,,,,,,,,,,,,,,,,,,,,,,,,,,
2013-12-11,W1F03CRZ,ST3000DM001,3000592982016,0,,242355552,,,,,,,,0,,,,,,15342,,,,,,,,,,,,,,,,,,,,,,,,,,,,,,28,,,,,,8,,,,,,,,,,,,,,,,,,,,,,,,,,,,
2013-12-11,S1F00KTN,ST3000DM001,3000592982016,0,,240301608,,,,,,,,0,,,,,,15456,,,,,,,,,,,,,,,,,,,,,,,,,,,,,,19,,,,,,0,,,,,,,,,,,,,,,,,,,,,,,,,,,,
2013-12-11,Z300KHFR,ST4000DM000,4000787030016,0,,12733640,,,,,,,,0,,,,,,1445,,,,,,,,,,,,,,,,,,,,,,,,,,,,,,25,,,,,,0,,,,,,,,,,,,,,,,,,,,,,,,,,,,
2013-12-11,JK1101B9GEB8UF,Hitachi HDS722020ALA330,2000398934016,0,,0,,,,,,,,0,,,,,,27487,,,,,,,,,,,,,,,,,,,,,,,,,,,,,,28,,,,,,0,,,,,,,,,,,,,,,,,,,,,,,,,,,,
2013-12-11,PL2311LAG1P7XC,Hitachi HDS5C4040ALE630,4000787030016,0,,0,,,,,,,,0,,,,,,7411,,,,,,,,,,,,,,,,,,,,,,,,,,,,,,21,,,,,,0,,,,,,,,,,,,,,,,,,,,,,,,,,,,
2013-12-11,PL1311LAG3DDJH,Hitachi HDS5C4040ALE630,4000787030016,0,,0,,,,,,,,0,,,,,,5949,,,,,,,,,,,,,,,,,,,,,,,,,,,,,,24,,,,,,0,,,,,,,,,,,,,,,,,,,,,,,,,,,,
2013-12-11,W3004ZZX,ST4000DM000,4000787030016,0,,101580784,,,,,,,,0,,,,,,2247,,,,,,,,,,,,,,,,,,,,,,,,,,,,,,22,,,,,,0,,,,,,,,,,,,,,,,,,,,,,,,,,,,
2013-12-11,JK1101B9KNZ7XF,Hitachi HDS722020ALA330,2000398934016,0,,65536,,,,,,,,0,,,,,,23097,,,,,,,,,,,,,,,,,,,,,,,,,,,,,,31,,,,,,0,,,,,,,,,,,,,,,,,,,,,,,,,,,,
2013-12-11,W300DYF2,ST4000DM000,4000787030016,0,,28723784,,,,,,,,0,,,,,,4047,,,,,,,,,,,,,,,,,,,,,,,,,,,,,,23,,,,,,0,,,,,,,,,,,,,,,,,,,,,,,,,,,,
2013-12-11,JK1101YAK91XUV,Hitachi HDS722020ALA330,2000398934016,0,,0,,,,,,,,0,,,,,,29654,,,,,,,,,,,,,,,,,,,,,,,,,,,,,,26,,,,,,0,,,,,,,,,,,,,,,,,,,,,,,,,,,,
2013-12-11,S1F05RJ0,ST3000DM001,3000592982016,0,,74317856,,,,,,,,808,,,,,,12360,,,,,,,,,,,,,,,,,,,,,,,,,,,,,,23,,,,,,8,,,,,,,,,,,,,,,,,,,,,,,,,,,,
2013-12-11,Z300KGT5,ST4000DM000,4000787030016,0,,177976400,,,,,,,,0,,,,,,152,,,,,,,,,,,,,,,,,,,,,,,,,,,,,,27,,,,,,0,,,,,,,,,,,,,,,,,,,,,,,,,,,,
2013-12-11,S1F0RKYP,ST3000DM001,3000592982016,0,,121680584,,,,,,,,0,,,,,,10835,,,,,,,,,,,,,,,,,,,,,,,,,,,,,,34,,,,,,0,,,,,,,,,,,,,,,,,,,,,,,,,,,,
2013-12-11,6XW03A5M,ST31500541AS,1500301910016,0,,123313856,,,,,,,,0,,,,,,34752,,,,,,,,,,,,,,,,,,,,,,,,,,,,,,22,,,,,,0,,,,,,,,,,,,,,,,,,,,,,,,,,,,
2013-12-11,5XW27MJD,ST31500541AS,1500301910016,0,,6109951,,,,,,,,16,,,,,,10074,,,,,,,,,,,,,,,,,,,,,,,,,,,,,,29,,,,,,0,,,,,,,,,,,,,,,,,,,,,,,,,,,,
2013-12-11,6XW0W39J,ST31500541AS,1500301910016,0,,53279734,,,,,,,,305,,,,,,34171,,,,,,,,,,,,,,,,,,,,,,,,,,,,,,21,,,,,,0,,,,,,,,,,,,,,,,,,,,,,,,,,,,
2013-12-11,JK1104B8GE7V9W,Hitachi HDS722020ALA330,2000398934016,0,,0,,,,,,,,0,,,,,,27487,,,,,,,,,,,,,,,,,,,,,,,,,,,,,,23,,,,,,0,,,,,,,,,,,,,,,,,,,,,,,,,,,,
2013-12-11,JK11A8B9J7VS8F,Hitachi HDS722020ALA330,2000398934016,0,,1,,,,,,,,0,,,,,,26011,,,,,,,,,,,,,,,,,,,,,,,,,,,,,,28,,,,,,0,,,,,,,,,,,,,,,,,,,,,,,,,,,,
2013-12-11,Z1F07MCN,ST3000DM001,3000592982016,0,,217579000,,,,,,,,0,,,,,,17065,,,,,,,,,,,,,,,,,,,,,,,,,,,,,,25,,,,,,0,,,,,,,,,,,,,,,,,,,,,,,,,,,,
2013-12-11,WD-WCC1T1281618,WDC WD30EFRX,3000592982016,0,,0,,,,,,,,0,,,,,,1645,,,,,,,,,,,,,,,,,,,,,,,,,,,,,,22,,,,,,0,,,,,,,,,,,,,,,,,,,,,,,,,,,,
2013-12-11,5XW0X1B4,ST31500541AS,1500301910016,0,,229872612,,,,,,,,29,,,,,,12623,,,,,,,,,,,,,,,,,,,,,,,,,,,,,,22,,,,,,0,,,,,,,,,,,,,,,,,,,,,,,,,,,,
2013-12-11,JK11A8B9J3LJNF,Hitachi HDS722020ALA330,2000398934016,0,,0,,,,,,,,0,,,,,,4467,,,,,,,,,,,,,,,,,,,,,,,,,,,,,,30,,,,,,0,,,,,,,,,,,,,,,,,,,,,,,,,,,,
2013-12-11,MJ0351YNGA6LHA,Hitachi HDS5C3030ALA630,3000592982016,0,,0,,,,,,,,0,,,,,,9147,,,,,,,,,,,,,,,,,,,,,,,,,,,,,,31,,,,,,0,,,,,,,,,,,,,,,,,,,,,,,,,,,,
2013-12-11,W300BW06,ST4000DM000,4000787030016,0,,89567048,,,,,,,,0,,,,,,2224,,,,,,,,,,,,,,,,,,,,,,,,,,,,,,21,,,,,,0,,,,,,,,,,,,,,,,,,,,,,,,,,,,
2013-12-11,WD-WCAWZ1211400,WDC WD30EZRX,3000592982016,0,,1,,,,,,,,0,,,,,,17599,,,,,,,,,,,,,,,,,,,,,,,,,,,,,,22,,,,,,0,,,,,,,,,,,,,,,,,,,,,,,,,,,,
2013-12-11,W1F03BTT,ST3000DM001,3000592982016,0,,164298128,,,,,,,,0,,,,,,15222,,,,,,,,,,,,,,,,,,,,,,,,,,,,,,23,,,,,,0,,,,,,,,,,,,,,,,,,,,,,,,,,,,
2013-12-11,S1F031Q3,ST3000DM001,3000592982016,0,,171180128,,,,,,,,0,,,,,,15237,,,,,,,,,,,,,,,,,,,,,,,,,,,,,,20,,,,,,0,,,,,,,,,,,,,,,,,,,,,,,,,,,,
2013-12-11,WD-WCAWZ0489867,WDC WD30EZRX,3000592982016,0,,12,,,,,,,,0,,,,,,14493,,,,,,,,,,,,,,,,,,,,,,,,,,,,,,21,,,,,,6,,,,,,,,,,,,,,,,,,,,,,,,,,,,
2013-12-11,JK1101B9KMEAVU,Hitachi HDS722020ALA330,2000398934016,0,,0,,,,,,,,0,,,,,,22955,,,,,,,,,,,,,,,,,,,,,,,,,,,,,,23,,,,,,0,,,,,,,,,,,,,,,,,,,,,,,,,,,,
2013-12-11,MK0301YHGMK8VD,Hitachi HDS723030ALA640,3000592982016,0,,0,,,,,,,,0,,,,,,16680,,,,,,,,,,,,,,,,,,,,,,,,,,,,,,26,,,,,,0,,,,,,,,,,,,,,,,,,,,,,,,,,,,
2013-12-11,6XW10DZ9,ST31500541AS,1500301910016,0,,101829094,,,,,,,,0,,,,,,31977,,,,,,,,,,,,,,,,,,,,,,,,,,,,,,22,,,,,,0,,,,,,,,,,,,,,,,,,,,,,,,,,,,
2013-12-11,Z300W3HQ,ST4000DM000,4000787030016,0,,227237528,,,,,,,,0,,,,,,923,,,,,,,,,,,,,,,,,,,,,,,,,,,,,,25,,,,,,0,,,,,,,,,,,,,,,,,,,,,,,,,,,,
2013-12-11,JK11A8B9GGMMJF,Hitachi HDS722020ALA330,2000398934016,0,,65536,,,,,,,,0,,,,,,26480,,,,,,,,,,,,,,,,,,,,,,,,,,,,,,27,,,,,,0,,,,,,,,,,,,,,,,,,,,,,,,,,,,
2013-12-11,MJ1321YNG0JU6A,Hitachi HDS5C3030ALA630,3000592982016,0,,0,,,,,,,,29,,,,,,19310,,,,,,,,,,,,,,,,,,,,,,,,,,,,,,25,,,,,,0,,,,,,,,,,,,,,,,,,,,,,,,,,,,
2013-12-11,MJ1311YNG6DH8A,Hitachi HDS5C3030ALA630,3000592982016,0,,0,,,,,,,,0,,,,,,6363,,,,,,,,,,,,,,,,,,,,,,,,,,,,,,26,,,,,,0,,,,,,,,,,,,,,,,,,,,,,,,,,,,
2013-12-11,PL2311LAG1UJUC,Hitachi HDS5C4040ALE630,4000787030016,0,,0,,,,,,,,0,,,,,,7757,,,,,,,,,,,,,,,,,,,,,,,,,,,,,,26,,,,,,0,,,,,,,,,,,,,,,,,,,,,,,,,,,,
2013-12-11,Z1F0LNQB,ST3000DM001,3000592982016,0,,179912640,,,,,,,,0,,,,,,12322,,,,,,,,,,,,,,,,,,,,,,,,,,,,,,26,,,,,,0,,,,,,,,,,,,,,,,,,,,,,,,,,,,
2013-12-11,W1F0S9SP,ST3000DM001,3000592982016,0,,113146360,,,,,,,,0,,,,,,9269,,,,,,,,,,,,,,,,,,,,,,,,,,,,,,24,,,,,,0,,,,,,,,,,,,,,,,,,,,,,,,,,,,
2013-12-11,S1F02ZCH,ST3000DM001,3000592982016,0,,224515296,,,,,,,,0,,,,,,16152,,,,,,,,,,,,,,,,,,,,,,,,,,,,,,20,,,,,,0,,,,,,,,,,,,,,,,,,,,,,,,,,,,
2013-12-11,PL1311LAG3AT0H,Hitachi HDS5C4040ALE630,4000787030016,0,,0,,,,,,,,0,,,,,,5950,,,,,,,,,,,,,,,,,,,,,,,,,,,,,,24,,,,,,0,,,,,,,,,,,,,,,,,,,,,,,,,,,,
2013-12-11,MJ0351YNG9W0SA,Hitachi HDS5C3030ALA630,3000592982016,0,,0,,,,,,,,0,,,,,,9958,,,,,,,,,,,,,,,,,,,,,,,,,,,,,,26,,,,,,0,,,,,,,,,,,,,,,,,,,,,,,,,,,,
2013-12-11,PL2310LAG0MP5C,Hitachi HDS5C4040ALE630,4000787030016,0,,0,,,,,,,,0,,,,,,12997,,,,,,,,,,,,,,,,,,,,,,,,,,,,,,27,,,,,,0,,,,,,,,,,,,,,,,,,,,,,,,,,,,
2013-12-11,MJ0351YNGA5ZNA,Hitachi HDS5C3030ALA630,3000592982016,0,,0,,,,,,,,0,,,,,,9163,,,,,,,,,,,,,,,,,,,,,,,,,,,,,,29,,,,,,0,,,,,,,,,,,,,,,,,,,,,,,,,,,,
2013-12-11,5XW29G93,ST32000542AS,2000398934016,0,,150017765,,,,,,,,0,,,,,,7228,,,,,,,,,,,,,,,,,,,,,,,,,,,,,,27,,,,,,0,,,,,,,,,,,,,,,,,,,,,,,,,,,,
2013-12-11,Z300X2TA,ST4000DM000,4000787030016,0,,198922336,,,,,,,,0,,,,,,919,,,,,,,,,,,,,,,,,,,,,,,,,,,,,,21,,,,,,0,,,,,,,,,,,,,,,,,,,,,,,,,,,,
2013-12-11,Z300KGTL,ST4000DM000,4000787030016,0,,198672624,,,,,,,,0,,,,,,152,,,,,,,,,,,,,,,,,,,,,,,,,,,,,,25,,,,,,0,,,,,,,,,,,,,,,,,,,,,,,,,,,,
2013-12-11,MJ1311YNG6VVVA,Hitachi HDS5C3030ALA630,3000592982016,0,,0,,,,,,,,0,,,,,,14310,,,,,,,,,,,,,,,,,,,,,,,,,,,,,,25,,,,,,0,,,,,,,,,,,,,,,,,,,,,,,,,,,,
2013-12-11,MJ1311YNG3LZ1A,Hitachi HDS5C3030ALA630,3000592982016,0,,0,,,,,,,,0,,,,,,18066,,,,,,,,,,,,,,,,,,,,,,,,,,,,,,24,,,,,,0,,,,,,,,,,,,,,,,,,,,,,,,,,,,
2013-12-11,W300BH1D,ST4000DM000,4000787030016,0,,11975152,,,,,,,,0,,,,,,4047,,,,,,,,,,,,,,,,,,,,,,,,,,,,,,22,,,,,,0,,,,,,,,,,,,,,,,,,,,,,,,,,,,
2013-12-11,6XW00KKY,ST31500541AS,1500301910016,0,,109171117,,,,,,,,0,,,,,,35439,,,,,,,,,,,,,,,,,,,,,,,,,,,,,,20,,,,,,0,,,,,,,,,,,,,,,,,,,,,,,,,,,,
2013-12-11,W300BH1H,ST4000DM000,4000787030016,0,,14401592,,,,,,,,0,,,,,,3610,,,,,,,,,,,,,,,,,,,,,,,,,,,,,,24,,,,,,0,,,,,,,,,,,,,,,,,,,,,,,,,,,,
2013-12-11,Z300KG6P,ST4000DM000,4000787030016,0,,166949088,,,,,,,,0,,,,,,152,,,,,,,,,,,,,,,,,,,,,,,,,,,,,,22,,,,,,0,,,,,,,,,,,,,,,,,,,,,,,,,,,,
2013-12-11,S1F0TL12,ST3000DM001,3000592982016,0,,164549296,,,,,,,,0,,,,,,10501,,,,,,,,,,,,,,,,,,,,,,,,,,,,,,19,,,,,,0,,,,,,,,,,,,,,,,,,,,,,,,,,,,
2013-12-11,W3005Q1G,ST4000DM000,4000787030016,0,,28335160,,,,,,,,0,,,,,,2893,,,,,,,,,,,,,,,,,,,,,,,,,,,,,,23,,,,,,0,,,,,,,,,,,,,,,,,,,,,,,,,,,,
2013-12-11,WD-WCC1T1212351,WDC WD30EFRX,3000592982016,0,,0,,,,,,,,0,,,,,,849,,,,,,,,,,,,,,,,,,,,,,,,,,,,,,21,,,,,,0,,,,,,,,,,,,,,,,,,,,,,,,,,,,
2013-12-11,W300BH1T,ST4000DM000,4000787030016,0,,75126280,,,,,,,,0,,,,,,4189,,,,,,,,,,,,,,,,,,,,,,,,,,,,,,26,,,,,,0,,,,,,,,,,,,,,,,,,,,,,,,,,,,
2013-12-11,W300BH1Y,ST4000DM000,4000787030016,0,,83928744,,,,,,,,0,,,,,,4163,,,,,,,,,,,,,,,,,,,,,,,,,,,,,,20,,,,,,0,,,,,,,,,,,,,,,,,,,,,,,,,,,,
2013-12-11,W300BH1X,ST4000DM000,4000787030016,0,,36810016,,,,,,,,0,,,,,,3604,,,,,,,,,,,,,,,,,,,,,,,,,,,,,,23,,,,,,0,,,,,,,,,,,,,,,,,,,,,,,,,,,,
2013-12-11,S1F05APF,ST3000DM001,3000592982016,0,,98713752,,,,,,,,0,,,,,,13794,,,,,,,,,,,,,,,,,,,,,,,,,,,,,,27,,,,,,0,,,,,,,,,,,,,,,,,,,,,,,,,,,,
2013-12-11,6XW00VEY,ST31500541AS,1500301910016,0,,233015327,,,,,,,,0,,,,,,36909,,,,,,,,,,,,,,,,,,,,,,,,,,,,,,26,,,,,,0,,,,,,,,,,,,,,,,,,,,,,,,,,,,
2013-12-11,MJ1321YNG0BA5A,Hitachi HDS5C3030ALA630,3000592982016,0,,262144,,,,,,,,0,,,,,,20506,,,,,,,,,,,,,,,,,,,,,,,,,,,,,,22,,,,,,0,,,,,,,,,,,,,,,,,,,,,,,,,,,,
2013-12-11,JK1104B8GGD80W,Hitachi HDS722020ALA330,2000398934016,0,,0,,,,,,,,0,,,,,,26764,,,,,,,,,,,,,,,,,,,,,,,,,,,,,,27,,,,,,0,,,,,,,,,,,,,,,,,,,,,,,,,,,,
2013-12-11,9VS1KXAS,ST31500341AS,1500301910016,0,,234073479,,,,,,,,136,,,,,,40243,,,,,,,,,,,,,,,,,,,,,,,,,,,,,,23,,,,,,0,,,,,,,,,,,,,,,,,,,,,,,,,,,,
2013-12-11,JK11B1BFJ4MANF,Hitachi HDS722020ALA330,2000398934016,0,,0,,,,,,,,0,,,,,,8497,,,,,,,,,,,,,,,,,,,,,,,,,,,,,,31,,,,,,0,,,,,,,,,,,,,,,,,,,,,,,,,,,,
2013-12-11,MJ0351YNGA6XLA,Hitachi HDS5C3030ALA630,3000592982016,0,,0,,,,,,,,0,,,,,,8089,,,,,,,,,,,,,,,,,,,,,,,,,,,,,,26,,,,,,0,,,,,,,,,,,,,,,,,,,,,,,,,,,,
2013-12-11,Z1F0MQJ2,ST3000DM001,3000592982016,0,,151012712,,,,,,,,0,,,,,,11755,,,,,,,,,,,,,,,,,,,,,,,,,,,,,,26,,,,,,0,,,,,,,,,,,,,,,,,,,,,,,,,,,,
2013-12-11,MJ1311YNG04L2A,Hitachi HDS5C3030ALA630,3000592982016,0,,0,,,,,,,,0,,,,,,14624,,,,,,,,,,,,,,,,,,,,,,,,,,,,,,22,,,,,,0,,,,,,,,,,,,,,,,,,,,,,,,,,,,
2013-12-11,W300780G,ST4000DM000,4000787030016,0,,242568624,,,,,,,,0,,,,,,4165,,,,,,,,,,,,,,,,,,,,,,,,,,,,,,24,,,,,,0,,,,,,,,,,,,,,,,,,,,,,,,,,,,
2013-12-11,S1F04D68,ST3000DM001,3000592982016,0,,7519216,,,,,,,,47424,,,,,,15191,,,,,,,,,,,,,,,,,,,,,,,,,,,,,,23,,,,,,0,,,,,,,,,,,,,,,,,,,,,,,,,,,,
2013-12-11,6XW06RDB,ST31500541AS,1500301910016,1,,242365964,,,,,,,,79,,,,,,36956,,,,,,,,,,,,,,,,,,,,,,,,,,,,,,24,,,,,,27,,,,,,,,,,,,,,,,,,,,,,,,,,,,
2013-12-11,S1F02ENS,ST3000DM001,3000592982016,0,,222038512,,,,,,,,0,,,,,,15224,,,,,,,,,,,,,,,,,,,,,,,,,,,,,,23,,,,,,0,,,,,,,,,,,,,,,,,,,,,,,,,,,,
2013-12-11,W1F1BFZT,ST3000DM001,3000592982016,0,,119439176,,,,,,,,0,,,,,,8136,,,,,,,,,,,,,,,,,,,,,,,,,,,,,,26,,,,,,0,,,,,,,,,,,,,,,,,,,,,,,,,,,,
2013-12-11,W300BHQE,ST4000DM000,4000787030016,0,,200270208,,,,,,,,0,,,,,,3587,,,,,,,,,,,,,,,,,,,,,,,,,,,,,,23,,,,,,0,,,,,,,,,,,,,,,,,,,,,,,,,,,,
2013-12-11,PL1311LAG2AJTH,Hitachi HDS5C4040ALE630,4000787030016,0,,0,,,,,,,,0,,,,,,7419,,,,,,,,,,,,,,,,,,,,,,,,,,,,,,23,,,,,,0,,,,,,,,,,,,,,,,,,,,,,,,,,,,
2013-12-11,W300BH18,ST4000DM000,4000787030016,0,,109095728,,,,,,,,0,,,,,,4163,,,,,,,,,,,,,,,,,,,,,,,,,,,,,,20,,,,,,0,,,,,,,,,,,,,,,,,,,,,,,,,,,,
2013-12-11,9XW02JPH,ST31500541AS,1500301910016,0,,37235822,,,,,,,,746,,,,,,35227,,,,,,,,,,,,,,,,,,,,,,,,,,,,,,19,,,,,,0,,,,,,,,,,,,,,,,,,,,,,,,,,,,
2013-12-11,MJ0351YNG9W1KA,Hitachi HDS5C3030ALA630,3000592982016,0,,0,,,,,,,,0,,,,,,9163,,,,,,,,,,,,,,,,,,,,,,,,,,,,,,29,,,,,,0,,,,,,,,,,,,,,,,,,,,,,,,,,,,
2013-12-11,6XW0GR5A,ST31500541AS,1500301910016,0,,135538617,,,,,,,,0,,,,,,34442,,,,,,,,,,,,,,,,,,,,,,,,,,,,,,20,,,,,,0,,,,,,,,,,,,,,,,,,,,,,,,,,,,
2013-12-11,W1F0VZGX,ST3000DM001,3000592982016,0,,147091728,,,,,,,,0,,,,,,10502,,,,,,,,,,,,,,,,,,,,,,,,,,,,,,22,,,,,,0,,,,,,,,,,,,,,,,,,,,,,,,,,,,
2013-12-11,JK11A8B9GPNV7F,Hitachi HDS722020ALA330,2000398934016,0,,0,,,,,,,,0,,,,,,26763,,,,,,,,,,,,,,,,,,,,,,,,,,,,,,28,,,,,,0,,,,,,,,,,,,,,,,,,,,,,,,,,,,
2013-12-11,WD-WMAWZ0248159,WDC WD30EZRX,3000592982016,0,,0,,,,,,,,0,,,,,,12933,,,,,,,,,,,,,,,,,,,,,,,,,,,,,,22,,,,,,0,,,,,,,,,,,,,,,,,,,,,,,,,,,,
2013-12-11,MK0301YHGKPELA,Hitachi HDS723030ALA640,3000592982016,0,,0,,,,,,,,0,,,,,,17036,,,,,,,,,,,,,,,,,,,,,,,,,,,,,,32,,,,,,0,,,,,,,,,,,,,,,,,,,,,,,,,,,,
2013-12-11,JK11A1YAJGXXWV,Hitachi HDS722020ALA330,2000398934016,0,,0,,,,,,,,0,,,,,,28742,,,,,,,,,,,,,,,,,,,,,,,,,,,,,,24,,,,,,0,,,,,,,,,,,,,,,,,,,,,,,,,,,,
2013-12-11,6XW01GC4,ST31500541AS,1500301910016,0,,174460069,,,,,,,,0,,,,,,36069,,,,,,,,,,,,,,,,,,,,,,,,,,,,,,20,,,,,,0,,,,,,,,,,,,,,,,,,,,,,,,,,,,
2013-12-11,5XW0323C,ST31500541AS,1500301910016,0,,143161567,,,,,,,,0,,,,,,37053,,,,,,,,,,,,,,,,,,,,,,,,,,,,,,22,,,,,,0,,,,,,,,,,,,,,,,,,,,,,,,,,,,
2013-12-11,W300GC9H,ST4000DM000,4000787030016,0,,219679736,,,,,,,,0,,,,,,2875,,,,,,,,,,,,,,,,,,,,,,,,,,,,,,24,,,,,,0,,,,,,,,,,,,,,,,,,,,,,,,,,,,
2013-12-11,PL1321LAG3541H,Hitachi HDS5C4040ALE630,4000787030016,0,,0,,,,,,,,0,,,,,,5961,,,,,,,,,,,,,,,,,,,,,,,,,,,,,,20,,,,,,0,,,,,,,,,,,,,,,,,,,,,,,,,,,,
2013-12-11,9XK03WSK,ST33000651AS,3000592982016,0,,139223428,,,,,,,,0,,,,,,16717,,,,,,,,,,,,,,,,,,,,,,,,,,,,,,28,,,,,,0,,,,,,,,,,,,,,,,,,,,,,,,,,,,
2013-12-11,MJ0351YNGA61YA,Hitachi HDS5C3030ALA630,3000592982016,0,,0,,,,,,,,0,,,,,,9163,,,,,,,,,,,,,,,,,,,,,,,,,,,,,,28,,,,,,0,,,,,,,,,,,,,,,,,,,,,,,,,,,,
2013-12-11,MJ0351YNG9W5ZA,Hitachi HDS5C3030ALA630,3000592982016,0,,0,,,,,,,,0,,,,,,9901,,,,,,,,,,,,,,,,,,,,,,,,,,,,,,29,,,,,,0,,,,,,,,,,,,,,,,,,,,,,,,,,,,
2013-12-11,MK0311YHGEJP7A,Hitachi HDS723030ALA640,3000592982016,0,,0,,,,,,,,0,,,,,,16077,,,,,,,,,,,,,,,,,,,,,,,,,,,,,,31,,,,,,0,,,,,,,,,,,,,,,,,,,,,,,,,,,,
2013-12-11,W300FB4Y,ST4000DM000,4000787030016,0,,97572952,,,,,,,,0,,,,,,4353,,,,,,,,,,,,,,,,,,,,,,,,,,,,,,23,,,,,,0,,,,,,,,,,,,,,,,,,,,,,,,,,,,
2013-12-11,MK0331YHGS5WWA,Hitachi HDS723030ALA640,3000592982016,0,,0,,,,,,,,0,,,,,,17036,,,,,,,,,,,,,,,,,,,,,,,,,,,,,,28,,,,,,0,,,,,,,,,,,,,,,,,,,,,,,,,,,,
2013-12-11,6XW10E2Z,ST31500541AS,1500301910016,0,,125166787,,,,,,,,0,,,,,,31580,,,,,,,,,,,,,,,,,,,,,,,,,,,,,,29,,,,,,0,,,,,,,,,,,,,,,,,,,,,,,,,,,,
2013-12-11,6XW04HR8,ST31500541AS,1500301910016,0,,118237289,,,,,,,,0,,,,,,36444,,,,,,,,,,,,,,,,,,,,,,,,,,,,,,21,,,,,,0,,,,,,,,,,,,,,,,,,,,,,,,,,,,
2013-12-11,W3006CNF,ST4000DM000,4000787030016,0,,2556352,,,,,,,,0,,,,,,2844,,,,,,,,,,,,,,,,,,,,,,,,,,,,,,23,,,,,,0,,,,,,,,,,,,,,,,,,,,,,,,,,,,
2013-12-11,S1F02KTL,ST3000DM001,3000592982016,0,,171805832,,,,,,,,0,,,,,,13356,,,,,,,,,,,,,,,,,,,,,,,,,,,,,,24,,,,,,0,,,,,,,,,,,,,,,,,,,,,,,,,,,,
2013-12-11,PL1321LAG34X4H,Hitachi HDS5C4040ALE630,4000787030016,0,,0,,,,,,,,0,,,,,,6648,,,,,,,,,,,,,,,,,,,,,,,,,,,,,,19,,,,,,0,,,,,,,,,,,,,,,,,,,,,,,,,,,,
2013-12-11,6XW019TZ,ST31500541AS,1500301910016,0,,3531855,,,,,,,,0,,,,,,37060,,,,,,,,,,,,,,,,,,,,,,,,,,,,,,19,,,,,,0,,,,,,,,,,,,,,,,,,,,,,,,,,,,
2013-12-11,WD-WCAU47296355,WDC WD10EADS,1000204886016,0,,6,,,,,,,,0,,,,,,40479,,,,,,,,,,,,,,,,,,,,,,,,,,,,,,26,,,,,,0,,,,,,,,,,,,,,,,,,,,,,,,,,,,
2013-12-11,W300A89M,ST4000DM000,4000787030016,0,,210489744,,,,,,,,0,,,,,,4134,,,,,,,,,,,,,,,,,,,,,,,,,,,,,,22,,,,,,0,,,,,,,,,,,,,,,,,,,,,,,,,,,,
2013-12-11,9XW021ZG,ST31500541AS,1500301910016,0,,37699405,,,,,,,,0,,,,,,35225,,,,,,,,,,,,,,,,,,,,,,,,,,,,,,21,,,,,,0,,,,,,,,,,,,,,,,,,,,,,,,,,,,
2013-12-11,Z300PL6V,ST4000DM000,4000787030016,0,,27251320,,,,,,,,0,,,,,,1228,,,,,,,,,,,,,,,,,,,,,,,,,,,,,,21,,,,,,0,,,,,,,,,,,,,,,,,,,,,,,,,,,,
2013-12-11,W300A89X,ST4000DM000,4000787030016,0,,199399568,,,,,,,,0,,,,,,4135,,,,,,,,,,,,,,,,,,,,,,,,,,,,,,22,,,,,,0,,,,,,,,,,,,,,,,,,,,,,,,,,,,
2013-12-11,Z1Z06K6D,ST4000DX000,4000787030016,0,,30527125,,,,,,,,0,,,,,,5037,,,,,,,,,,,,,,,,,,,,,,,,,,,,,,34,,,,,,0,,,,,,,,,,,,,,,,,,,,,,,,,,,,
2013-12-11,MJ1323YNG1UL6C,Hitachi HDS5C3030ALA630,3000592982016,0,,0,,,,,,,,0,,,,,,19769,,,,,,,,,,,,,,,,,,,,,,,,,,,,,,25,,,,,,0,,,,,,,,,,,,,,,,,,,,,,,,,,,,
2013-12-11,WD-WCAU42473533,WDC WD10EACS,1000204886016,0,,0,,,,,,,,0,,,,,,42803,,,,,,,,,,,,,,,,,,,,,,,,,,,,,,30,,,,,,0,,,,,,,,,,,,,,,,,,,,,,,,,,,,
2013-12-11,JK11A8B9J2Z8WF,Hitachi HDS722020ALA330,2000398934016,0,,0,,,,,,,,0,,,,,,22702,,,,,,,,,,,,,,,,,,,,,,,,,,,,,,25,,,,,,0,,,,,,,,,,,,,,,,,,,,,,,,,,,,
2013-12-11,JK1105B8GGA94X,Hitachi HDS722020ALA330,2000398934016,0,,65536,,,,,,,,0,,,,,,27160,,,,,,,,,,,,,,,,,,,,,,,,,,,,,,30,,,,,,0,,,,,,,,,,,,,,,,,,,,,,,,,,,,
2013-12-11,JK1105B8GG4R9X,Hitachi HDS722020ALA330,2000398934016,0,,0,,,,,,,,5,,,,,,27221,,,,,,,,,,,,,,,,,,,,,,,,,,,,,,27,,,,,,1,,,,,,,,,,,,,,,,,,,,,,,,,,,,
2013-12-11,S1F03EJW,ST3000DM001,3000592982016,0,,30623072,,,,,,,,0,,,,,,16193,,,,,,,,,,,,,,,,,,,,,,,,,,,,,,20,,,,,,0,,,,,,,,,,,,,,,,,,,,,,,,,,,,
2013-12-11,PL1321LAGAUNGH,Hitachi HDS5C4040ALE630,4000787030016,0,,0,,,,,,,,0,,,,,,5066,,,,,,,,,,,,,,,,,,,,,,,,,,,,,,27,,,,,,0,,,,,,,,,,,,,,,,,,,,,,,,,,,,
2013-12-11,W300B72X,ST4000DM000,4000787030016,0,,230388200,,,,,,,,0,,,,,,4290,,,,,,,,,,,,,,,,,,,,,,,,,,,,,,23,,,,,,0,,,,,,,,,,,,,,,,,,,,,,,,,,,,
2013-12-11,WD-WCC1T1270096,WDC WD30EFRX,3000592982016,0,,0,,,,,,,,0,,,,,,683,,,,,,,,,,,,,,,,,,,,,,,,,,,,,,26,,,,,,0,,,,,,,,,,,,,,,,,,,,,,,,,,,,
2013-12-11,JK11A8BFG6Z2LF,Hitachi HDS722020ALA330,2000398934016,0,,0,,,,,,,,0,,,,,,7517,,,,,,,,,,,,,,,,,,,,,,,,,,,,,,25,,,,,,0,,,,,,,,,,,,,,,,,,,,,,,,,,,,
2013-12-11,W1F0VVMM,ST3000DM001,3000592982016,0,,89232040,,,,,,,,0,,,,,,10743,,,,,,,,,,,,,,,,,,,,,,,,,,,,,,27,,,,,,0,,,,,,,,,,,,,,,,,,,,,,,,,,,,
2013-12-11,W1F0R8W2,ST3000DM001,3000592982016,0,,42084248,,,,,,,,0,,,,,,11695,,,,,,,,,,,,,,,,,,,,,,,,,,,,,,26,,,,,,0,,,,,,,,,,,,,,,,,,,,,,,,,,,,
2013-12-11,JK11A8B9J31T1F,Hitachi HDS722020ALA330,2000398934016,0,,0,,,,,,,,0,,,,,,25120,,,,,,,,,,,,,,,,,,,,,,,,,,,,,,30,,,,,,0,,,,,,,,,,,,,,,,,,,,,,,,,,,,
2013-12-11,Z1F0QLAA,ST3000DM001,3000592982016,0,,106352736,,,,,,,,0,,,,,,11048,,,,,,,,,,,,,,,,,,,,,,,,,,,,,,21,,,,,,0,,,,,,,,,,,,,,,,,,,,,,,,,,,,
2013-12-11,MJ1311YNG3G49A,Hitachi HDS5C3030ALA630,3000592982016,0,,0,,,,,,,,0,,,,,,19254,,,,,,,,,,,,,,,,,,,,,,,,,,,,,,24,,,,,,0,,,,,,,,,,,,,,,,,,,,,,,,,,,,
2013-12-11,5XW1YR4J,ST32000542AS,2000398934016,0,,201455478,,,,,,,,0,,,,,,17231,,,,,,,,,,,,,,,,,,,,,,,,,,,,,,19,,,,,,0,,,,,,,,,,,,,,,,,,,,,,,,,,,,
2013-12-11,MJ0351YNG9VA1A,Hitachi HDS5C3030ALA630,3000592982016,0,,0,,,,,,,,0,,,,,,9941,,,,,,,,,,,,,,,,,,,,,,,,,,,,,,23,,,,,,0,,,,,,,,,,,,,,,,,,,,,,,,,,,,
2013-12-11,MJ1311YNG7JM0A,Hitachi HDS5C3030ALA630,3000592982016,0,,0,,,,,,,,0,,,,,,14574,,,,,,,,,,,,,,,,,,,,,,,,,,,,,,21,,,,,,0,,,,,,,,,,,,,,,,,,,,,,,,,,,,
2013-12-11,S1F0522J,ST3000DM001,3000592982016,0,,157008672,,,,,,,,0,,,,,,13820,,,,,,,,,,,,,,,,,,,,,,,,,,,,,,22,,,,,,0,,,,,,,,,,,,,,,,,,,,,,,,,,,,
2013-12-11,S1F0153Q,ST3000DM001,3000592982016,0,,213005784,,,,,,,,0,,,,,,16152,,,,,,,,,,,,,,,,,,,,,,,,,,,,,,19,,,,,,0,,,,,,,,,,,,,,,,,,,,,,,,,,,,
2013-12-11,9VS4N32R,ST31500341AS,1500301910016,0,,223914455,,,,,,,,101,,,,,,18608,,,,,,,,,,,,,,,,,,,,,,,,,,,,,,31,,,,,,0,,,,,,,,,,,,,,,,,,,,,,,,,,,,
2013-12-11,MJ1311YNG5H9BA,Hitachi HDS5C3030ALA630,3000592982016,0,,0,,,,,,,,0,,,,,,14600,,,,,,,,,,,,,,,,,,,,,,,,,,,,,,26,,,,,,0,,,,,,,,,,,,,,,,,,,,,,,,,,,,
2013-12-11,6XW04QMB,ST31500541AS,1500301910016,0,,191360976,,,,,,,,1074,,,,,,36404,,,,,,,,,,,,,,,,,,,,,,,,,,,,,,20,,,,,,0,,,,,,,,,,,,,,,,,,,,,,,,,,,,
2013-12-11,MJ1311YNG7BEYA,Hitachi HDS5C3030ALA630,3000592982016,0,,0,,,,,,,,0,,,,,,14619,,,,,,,,,,,,,,,,,,,,,,,,,,,,,,20,,,,,,0,,,,,,,,,,,,,,,,,,,,,,,,,,,,
2013-12-11,JK11A8B9J6PLUF,Hitachi HDS722020ALA330,2000398934016,0,,0,,,,,,,,0,,,,,,26003,,,,,,,,,,,,,,,,,,,,,,,,,,,,,,27,,,,,,0,,,,,,,,,,,,,,,,,,,,,,,,,,,,
2013-12-11,S1F06LNS,ST3000DM001,3000592982016,0,,98301464,,,,,,,,0,,,,,,13913,,,,,,,,,,,,,,,,,,,,,,,,,,,,,,20,,,,,,8,,,,,,,,,,,,,,,,,,,,,,,,,,,,
2013-12-11,W1F0A57J,ST3000DM001,3000592982016,0,,28811632,,,,,,,,0,,,,,,14694,,,,,,,,,,,,,,,,,,,,,,,,,,,,,,26,,,,,,0,,,,,,,,,,,,,,,,,,,,,,,,,,,,
2013-12-11,MK0311YHGKKHNA,Hitachi HDS723030ALA640,3000592982016,0,,0,,,,,,,,0,,,,,,16734,,,,,,,,,,,,,,,,,,,,,,,,,,,,,,26,,,,,,0,,,,,,,,,,,,,,,,,,,,,,,,,,,,
2013-12-11,JK1160YAHP2A9T,Hitachi HDS722020ALA330,2000398934016,0,,0,,,,,,,,0,,,,,,24384,,,,,,,,,,,,,,,,,,,,,,,,,,,,,,33,,,,,,0,,,,,,,,,,,,,,,,,,,,,,,,,,,,
2013-12-11,W1F08Q37,ST3000DM001,3000592982016,0,,231633640,,,,,,,,0,,,,,,15459,,,,,,,,,,,,,,,,,,,,,,,,,,,,,,21,,,,,,0,,,,,,,,,,,,,,,,,,,,,,,,,,,,
2013-12-11,JK11A8B9J2UB1F,Hitachi HDS722020ALA330,2000398934016,0,,0,,,,,,,,0,,,,,,24462,,,,,,,,,,,,,,,,,,,,,,,,,,,,,,28,,,,,,0,,,,,,,,,,,,,,,,,,,,,,,,,,,,
2013-12-11,5YD46GTG,ST1500DL003,1500301910016,0,,74449992,,,,,,,,0,,,,,,3451,,,,,,,,,,,,,,,,,,,,,,,,,,,,,,20,,,,,,0,,,,,,,,,,,,,,,,,,,,,,,,,,,,
2013-12-11,Z300VBVV,ST4000DM000,4000787030016,0,,118833616,,,,,,,,0,,,,,,612,,,,,,,,,,,,,,,,,,,,,,,,,,,,,,21,,,,,,0,,,,,,,,,,,,,,,,,,,,,,,,,,,,
2013-12-11,MJ0351YNG9VJ6A,Hitachi HDS5C3030ALA630,3000592982016,0,,0,,,,,,,,0,,,,,,9972,,,,,,,,,,,,,,,,,,,,,,,,,,,,,,27,,,,,,0,,,,,,,,,,,,,,,,,,,,,,,,,,,,
2013-12-11,MJ0351YNGAD2KA,Hitachi HDS5C3030ALA630,3000592982016,0,,0,,,,,,,,0,,,,,,8547,,,,,,,,,,,,,,,,,,,,,,,,,,,,,,28,,,,,,0,,,,,,,,,,,,,,,,,,,,,,,,,,,,
2013-12-11,Z1F0LB2Q,ST3000DM001,3000592982016,0,,32121616,,,,,,,,0,,,,,,10941,,,,,,,,,,,,,,,,,,,,,,,,,,,,,,24,,,,,,8,,,,,,,,,,,,,,,,,,,,,,,,,,,,
2013-12-11,PL1311LAG28A2H,Hitachi HDS5C4040ALE630,4000787030016,0,,0,,,,,,,,0,,,,,,5959,,,,,,,,,,,,,,,,,,,,,,,,,,,,,,20,,,,,,0,,,,,,,,,,,,,,,,,,,,,,,,,,,,
2013-12-11,S1F0B0K1,ST3000DM001,3000592982016,0,,242613704,,,,,,,,0,,,,,,12420,,,,,,,,,,,,,,,,,,,,,,,,,,,,,,25,,,,,,0,,,,,,,,,,,,,,,,,,,,,,,,,,,,
2013-12-11,JK11A8B9J773JF,Hitachi HDS722020ALA330,2000398934016,0,,0,,,,,,,,0,,,,,,22698,,,,,,,,,,,,,,,,,,,,,,,,,,,,,,24,,,,,,0,,,,,,,,,,,,,,,,,,,,,,,,,,,,
2013-12-11,JK11A8B9J7EP3F,Hitachi HDS722020ALA330,2000398934016,0,,0,,,,,,,,0,,,,,,21477,,,,,,,,,,,,,,,,,,,,,,,,,,,,,,28,,,,,,0,,,,,,,,,,,,,,,,,,,,,,,,,,,,
2013-12-11,MJ1321YNG0Y2WA,Hitachi HDS5C3030ALA630,3000592982016,0,,0,,,,,,,,0,,,,,,20731,,,,,,,,,,,,,,,,,,,,,,,,,,,,,,22,,,,,,0,,,,,,,,,,,,,,,,,,,,,,,,,,,,
2013-12-11,5YD94QE5,ST1500DL003,1500301910016,0,,14473504,,,,,,,,0,,,,,,7598,,,,,,,,,,,,,,,,,,,,,,,,,,,,,,24,,,,,,0,,,,,,,,,,,,,,,,,,,,,,,,,,,,
2013-12-11,JK11A8B9J8DN3F,Hitachi HDS722020ALA330,2000398934016,0,,0,,,,,,,,0,,,,,,25125,,,,,,,,,,,,,,,,,,,,,,,,,,,,,,32,,,,,,0,,,,,,,,,,,,,,,,,,,,,,,,,,,,
2013-12-11,PL2311LAG1UK4C,Hitachi HDS5C4040ALE630,4000787030016,0,,0,,,,,,,,0,,,,,,7461,,,,,,,,,,,,,,,,,,,,,,,,,,,,,,27,,,,,,0,,,,,,,,,,,,,,,,,,,,,,,,,,,,
2013-12-11,MJ0351YNG9XS1A,Hitachi HDS5C3030ALA630,3000592982016,0,,0,,,,,,,,0,,,,,,9958,,,,,,,,,,,,,,,,,,,,,,,,,,,,,,25,,,,,,0,,,,,,,,,,,,,,,,,,,,,,,,,,,,
2013-12-11,MJ0351YNGAD27A,Hitachi HDS5C3030ALA630,3000592982016,0,,0,,,,,,,,0,,,,,,7989,,,,,,,,,,,,,,,,,,,,,,,,,,,,,,28,,,,,,0,,,,,,,,,,,,,,,,,,,,,,,,,,,,
2013-12-11,MJ0351YNGA27LA,Hitachi HDS5C3030ALA630,3000592982016,0,,0,,,,,,,,0,,,,,,9939,,,,,,,,,,,,,,,,,,,,,,,,,,,,,,25,,,,,,0,,,,,,,,,,,,,,,,,,,,,,,,,,,,
2013-12-11,PL1311LAG2SSVH,Hitachi HDS5C4040ALE630,4000787030016,0,,0,,,,,,,,0,,,,,,5962,,,,,,,,,,,,,,,,,,,,,,,,,,,,,,17,,,,,,0,,,,,,,,,,,,,,,,,,,,,,,,,,,,
2013-12-11,JK1101B9G4RV0T,Hitachi HDS722020ALA330,2000398934016,0,,0,,,,,,,,0,,,,,,26837,,,,,,,,,,,,,,,,,,,,,,,,,,,,,,26,,,,,,0,,,,,,,,,,,,,,,,,,,,,,,,,,,,
2013-12-11,JK11A8B9J8H9NF,Hitachi HDS722020ALA330,2000398934016,0,,0,,,,,,,,0,,,,,,26003,,,,,,,,,,,,,,,,,,,,,,,,,,,,,,29,,,,,,0,,,,,,,,,,,,,,,,,,,,,,,,,,,,
2013-12-11,PL1321LAG34M4H,Hitachi HDS5C4040ALE630,4000787030016,0,,0,,,,,,,,0,,,,,,5949,,,,,,,,,,,,,,,,,,,,,,,,,,,,,,20,,,,,,0,,,,,,,,,,,,,,,,,,,,,,,,,,,,
2013-12-11,JK11A8B9J85YUF,Hitachi HDS722020ALA330,2000398934016,0,,0,,,,,,,,0,,,,,,24970,,,,,,,,,,,,,,,,,,,,,,,,,,,,,,32,,,,,,0,,,,,,,,,,,,,,,,,,,,,,,,,,,,
2013-12-11,JK1174YAK76UYW,Hitachi HDS722020ALA330,2000398934016,0,,0,,,,,,,,0,,,,,,28971,,,,,,,,,,,,,,,,,,,,,,,,,,,,,,31,,,,,,0,,,,,,,,,,,,,,,,,,,,,,,,,,,,
2013-12-11,MJ0351YNGAD8BA,Hitachi HDS5C3030ALA630,3000592982016,0,,0,,,,,,,,0,,,,,,8618,,,,,,,,,,,,,,,,,,,,,,,,,,,,,,27,,,,,,0,,,,,,,,,,,,,,,,,,,,,,,,,,,,
2013-12-11,Z300V3MG,ST4000DM000,4000787030016,0,,203063768,,,,,,,,0,,,,,,108,,,,,,,,,,,,,,,,,,,,,,,,,,,,,,19,,,,,,0,,,,,,,,,,,,,,,,,,,,,,,,,,,,
2013-12-11,JK1101B9JPG3SF,Hitachi HDS722020ALA330,2000398934016,0,,0,,,,,,,,0,,,,,,24099,,,,,,,,,,,,,,,,,,,,,,,,,,,,,,28,,,,,,0,,,,,,,,,,,,,,,,,,,,,,,,,,,,
2013-12-11,MJ0351YNG9YK3A,Hitachi HDS5C3030ALA630,3000592982016,0,,0,,,,,,,,0,,,,,,9999,,,,,,,,,,,,,,,,,,,,,,,,,,,,,,34,,,,,,0,,,,,,,,,,,,,,,,,,,,,,,,,,,,
2013-12-11,Z300H1ZC,ST4000DM000,4000787030016,0,,175651936,,,,,,,,0,,,,,,1298,,,,,,,,,,,,,,,,,,,,,,,,,,,,,,21,,,,,,0,,,,,,,,,,,,,,,,,,,,,,,,,,,,
2013-12-11,Z300MF8J,ST4000DM000,4000787030016,0,,28461680,,,,,,,,0,,,,,,1113,,,,,,,,,,,,,,,,,,,,,,,,,,,,,,21,,,,,,0,,,,,,,,,,,,,,,,,,,,,,,,,,,,
2013-12-11,W300J38B,ST4000DM000,4000787030016,0,,47061480,,,,,,,,0,,,,,,919,,,,,,,,,,,,,,,,,,,,,,,,,,,,,,20,,,,,,0,,,,,,,,,,,,,,,,,,,,,,,,,,,,
2013-12-11,6XW05YJY,ST31500541AS,1500301910016,0,,173707482,,,,,,,,777,,,,,,36991,,,,,,,,,,,,,,,,,,,,,,,,,,,,,,27,,,,,,0,,,,,,,,,,,,,,,,,,,,,,,,,,,,
2013-12-11,PL1311LAG3AXBH,Hitachi HDS5C4040ALE630,4000787030016,0,,0,,,,,,,,0,,,,,,5923,,,,,,,,,,,,,,,,,,,,,,,,,,,,,,19,,,,,,0,,,,,,,,,,,,,,,,,,,,,,,,,,,,
2013-12-11,Z300H1ZR,ST4000DM000,4000787030016,0,,170293824,,,,,,,,0,,,,,,1331,,,,,,,,,,,,,,,,,,,,,,,,,,,,,,22,,,,,,0,,,,,,,,,,,,,,,,,,,,,,,,,,,,
2013-12-11,MJ1323YNG1GA7C,Hitachi HDS5C3030ALA630,3000592982016,0,,0,,,,,,,,0,,,,,,19630,,,,,,,,,,,,,,,,,,,,,,,,,,,,,,24,,,,,,0,,,,,,,,,,,,,,,,,,,,,,,,,,,,
2013-12-11,Z1F151C1,ST3000DM001,3000592982016,0,,133513816,,,,,,,,0,,,,,,8165,,,,,,,,,,,,,,,,,,,,,,,,,,,,,,25,,,,,,0,,,,,,,,,,,,,,,,,,,,,,,,,,,,
2013-12-11,PL1321LAG36L6H,Hitachi HDS5C4040ALE630,4000787030016,0,,0,,,,,,,,0,,,,,,6648,,,,,,,,,,,,,,,,,,,,,,,,,,,,,,23,,,,,,0,,,,,,,,,,,,,,,,,,,,,,,,,,,,
2013-12-11,6XW1Z6X2,ST32000542AS,2000398934016,0,,192733899,,,,,,,,0,,,,,,13014,,,,,,,,,,,,,,,,,,,,,,,,,,,,,,26,,,,,,0,,,,,,,,,,,,,,,,,,,,,,,,,,,,
2013-12-11,9VS26DBG,ST31500341AS,1500301910016,0,,144114638,,,,,,,,1479,,,,,,35518,,,,,,,,,,,,,,,,,,,,,,,,,,,,,,29,,,,,,35,,,,,,,,,,,,,,,,,,,,,,,,,,,,
2013-12-11,MJ1311YNG36MDA,Hitachi HDS5C3030ALA630,3000592982016,0,,0,,,,,,,,1,,,,,,18316,,,,,,,,,,,,,,,,,,,,,,,,,,,,,,21,,,,,,0,,,,,,,,,,,,,,,,,,,,,,,,,,,,
2013-12-11,MJ1311YNG7G8HA,Hitachi HDS5C3030ALA630,3000592982016,0,,0,,,,,,,,0,,,,,,14310,,,,,,,,,,,,,,,,,,,,,,,,,,,,,,25,,,,,,0,,,,,,,,,,,,,,,,,,,,,,,,,,,,
2013-12-11,W300DZ63,ST4000DM000,4000787030016,0,,214231000,,,,,,,,0,,,,,,4140,,,,,,,,,,,,,,,,,,,,,,,,,,,,,,23,,,,,,0,,,,,,,,,,,,,,,,,,,,,,,,,,,,
2013-12-11,MJ1321YNG09PRA,Hitachi HDS5C3030ALA630,3000592982016,0,,0,,,,,,,,0,,,,,,20512,,,,,,,,,,,,,,,,,,,,,,,,,,,,,,25,,,,,,0,,,,,,,,,,,,,,,,,,,,,,,,,,,,
2013-12-11,W300BMBE,ST4000DM000,4000787030016,0,,148634424,,,,,,,,0,,,,,,2844,,,,,,,,,,,,,,,,,,,,,,,,,,,,,,28,,,,,,0,,,,,,,,,,,,,,,,,,,,,,,,,,,,
2013-12-11,W300BMBN,ST4000DM000,4000787030016,0,,84696776,,,,,,,,0,,,,,,4167,,,,,,,,,,,,,,,,,,,,,,,,,,,,,,30,,,,,,0,,,,,,,,,,,,,,,,,,,,,,,,,,,,
2013-12-11,W1F091Z5,ST3000DM001,3000592982016,0,,214042232,,,,,,,,0,,,,,,14714,,,,,,,,,,,,,,,,,,,,,,,,,,,,,,24,,,,,,0,,,,,,,,,,,,,,,,,,,,,,,,,,,,
2013-12-11,WD-WCAWZ1342335,WDC WD30EZRX,3000592982016,0,,3,,,,,,,,0,,,,,,17997,,,,,,,,,,,,,,,,,,,,,,,,,,,,,,22,,,,,,0,,,,,,,,,,,,,,,,,,,,,,,,,,,,
2013-12-11,MJ1311YNG7EM1A,Hitachi HDS5C3030ALA630,3000592982016,0,,0,,,,,,,,0,,,,,,14597,,,,,,,,,,,,,,,,,,,,,,,,,,,,,,29,,,,,,0,,,,,,,,,,,,,,,,,,,,,,,,,,,,
2013-12-11,MK0311YHGKJDMA,Hitachi HDS723030ALA640,3000592982016,0,,0,,,,,,,,0,,,,,,14732,,,,,,,,,,,,,,,,,,,,,,,,,,,,,,25,,,,,,0,,,,,,,,,,,,,,,,,,,,,,,,,,,,
2013-12-11,JK11A8B9J916RF,Hitachi HDS722020ALA330,2000398934016,0,,0,,,,,,,,0,,,,,,25584,,,,,,,,,,,,,,,,,,,,,,,,,,,,,,25,,,,,,0,,,,,,,,,,,,,,,,,,,,,,,,,,,,
2013-12-11,W1F0SJNS,ST3000DM001,3000592982016,0,,181363912,,,,,,,,0,,,,,,9266,,,,,,,,,,,,,,,,,,,,,,,,,,,,,,25,,,,,,0,,,,,,,,,,,,,,,,,,,,,,,,,,,,
2013-12-11,WD-WCAU45642820,WDC WD10EADS,1000204886016,0,,0,,,,,,,,0,,,,,,41090,,,,,,,,,,,,,,,,,,,,,,,,,,,,,,26,,,,,,0,,,,,,,,,,,,,,,,,,,,,,,,,,,,
2013-12-11,5XW02WM1,ST31500541AS,1500301910016,0,,137230755,,,,,,,,9,,,,,,36086,,,,,,,,,,,,,,,,,,,,,,,,,,,,,,22,,,,,,0,,,,,,,,,,,,,,,,,,,,,,,,,,,,
2013-12-11,JK11A4B8JAH5UW,Hitachi HDS722020ALA330,2000398934016,0,,0,,,,,,,,0,,,,,,23821,,,,,,,,,,,,,,,,,,,,,,,,,,,,,,24,,,,,,0,,,,,,,,,,,,,,,,,,,,,,,,,,,,
2013-12-11,Z1F0C160,ST3000DM001,3000592982016,0,,103769368,,,,,,,,0,,,,,,8871,,,,,,,,,,,,,,,,,,,,,,,,,,,,,,17,,,,,,0,,,,,,,,,,,,,,,,,,,,,,,,,,,,
2013-12-11,S1F01H4B,ST3000DM001,3000592982016,0,,177875128,,,,,,,,0,,,,,,8501,,,,,,,,,,,,,,,,,,,,,,,,,,,,,,26,,,,,,0,,,,,,,,,,,,,,,,,,,,,,,,,,,,
2013-12-11,PL2311LAG1R78C,Hitachi HDS5C4040ALE630,4000787030016,0,,0,,,,,,,,0,,,,,,7414,,,,,,,,,,,,,,,,,,,,,,,,,,,,,,21,,,,,,0,,,,,,,,,,,,,,,,,,,,,,,,,,,,
2013-12-11,Z300PMK8,ST4000DM000,4000787030016,0,,239711232,,,,,,,,0,,,,,,1233,,,,,,,,,,,,,,,,,,,,,,,,,,,,,,21,,,,,,0,,,,,,,,,,,,,,,,,,,,,,,,,,,,
2013-12-11,MJ0351YNGA6K1A,Hitachi HDS5C3030ALA630,3000592982016,0,,0,,,,,,,,0,,,,,,8497,,,,,,,,,,,,,,,,,,,,,,,,,,,,,,26,,,,,,0,,,,,,,,,,,,,,,,,,,,,,,,,,,,
2013-12-11,PK1331PAJ3A4BS,HGST HDS724040ALE640,4000787030016,0,,0,,,,,,,,0,,,,,,2027,,,,,,,,,,,,,,,,,,,,,,,,,,,,,,27,,,,,,0,,,,,,,,,,,,,,,,,,,,,,,,,,,,
2013-12-11,PL1311LAG3DYXH,Hitachi HDS5C4040ALE630,4000787030016,0,,0,,,,,,,,0,,,,,,6639,,,,,,,,,,,,,,,,,,,,,,,,,,,,,,24,,,,,,0,,,,,,,,,,,,,,,,,,,,,,,,,,,,
2013-12-11,MJ1321YNG0LMMA,Hitachi HDS5C3030ALA630,3000592982016,0,,0,,,,,,,,0,,,,,,20512,,,,,,,,,,,,,,,,,,,,,,,,,,,,,,23,,,,,,0,,,,,,,,,,,,,,,,,,,,,,,,,,,,
2013-12-11,MJ0351YNGA0MYA,Hitachi HDS5C3030ALA630,3000592982016,0,,0,,,,,,,,0,,,,,,8497,,,,,,,,,,,,,,,,,,,,,,,,,,,,,,27,,,,,,0,,,,,,,,,,,,,,,,,,,,,,,,,,,,
2013-12-11,MJ1311YNG575PA,Hitachi HDS5C3030ALA630,3000592982016,0,,0,,,,,,,,0,,,,,,14330,,,,,,,,,,,,,,,,,,,,,,,,,,,,,,34,,,,,,0,,,,,,,,,,,,,,,,,,,,,,,,,,,,
2013-12-11,JK11A8B9GBMDWF,Hitachi HDS722020ALA330,2000398934016,0,,0,,,,,,,,0,,,,,,26493,,,,,,,,,,,,,,,,,,,,,,,,,,,,,,27,,,,,,0,,,,,,,,,,,,,,,,,,,,,,,,,,,,
2013-12-11,MJ1311YNG36KVA,Hitachi HDS5C3030ALA630,3000592982016,0,,0,,,,,,,,0,,,,,,19586,,,,,,,,,,,,,,,,,,,,,,,,,,,,,,21,,,,,,0,,,,,,,,,,,,,,,,,,,,,,,,,,,,
2013-12-11,WD-WCAWZ1389291,WDC WD30EZRX,3000592982016,0,,490,,,,,,,,0,,,,,,10573,,,,,,,,,,,,,,,,,,,,,,,,,,,,,,24,,,,,,27,,,,,,,,,,,,,,,,,,,,,,,,,,,,
2013-12-11,WD-WCAWZ0488490,WDC WD30EZRX,3000592982016,0,,1,,,,,,,,0,,,,,,17002,,,,,,,,,,,,,,,,,,,,,,,,,,,,,,21,,,,,,0,,,,,,,,,,,,,,,,,,,,,,,,,,,,
2013-12-11,JK1101B9G5V7RF,Hitachi HDS722020ALA330,2000398934016,0,,131074,,,,,,,,0,,,,,,27542,,,,,,,,,,,,,,,,,,,,,,,,,,,,,,23,,,,,,0,,,,,,,,,,,,,,,,,,,,,,,,,,,,
2013-12-11,PL2311LAG1E8VC,Hitachi HDS5C4040ALE630,4000787030016,0,,0,,,,,,,,0,,,,,,7461,,,,,,,,,,,,,,,,,,,,,,,,,,,,,,29,,,,,,0,,,,,,,,,,,,,,,,,,,,,,,,,,,,
2013-12-11,MJ0351YNG9YD8A,Hitachi HDS5C3030ALA630,3000592982016,0,,0,,,,,,,,0,,,,,,9773,,,,,,,,,,,,,,,,,,,,,,,,,,,,,,26,,,,,,0,,,,,,,,,,,,,,,,,,,,,,,,,,,,
2013-12-11,MJ1321YNG0BJ3A,Hitachi HDS5C3030ALA630,3000592982016,0,,345964545,,,,,,,,0,,,,,,20732,,,,,,,,,,,,,,,,,,,,,,,,,,,,,,21,,,,,,0,,,,,,,,,,,,,,,,,,,,,,,,,,,,
2013-12-11,WD-WCAU47302138,WDC WD10EADS,1000204886016,0,,0,,,,,,,,0,,,,,,40871,,,,,,,,,,,,,,,,,,,,,,,,,,,,,,26,,,,,,0,,,,,,,,,,,,,,,,,,,,,,,,,,,,
2013-12-11,MJ1311YNG7BG2A,Hitachi HDS5C3030ALA630,3000592982016,0,,0,,,,,,,,0,,,,,,14291,,,,,,,,,,,,,,,,,,,,,,,,,,,,,,31,,,,,,0,,,,,,,,,,,,,,,,,,,,,,,,,,,,
2013-12-11,Z300PMKS,ST4000DM000,4000787030016,0,,24254928,,,,,,,,0,,,,,,1225,,,,,,,,,,,,,,,,,,,,,,,,,,,,,,21,,,,,,0,,,,,,,,,,,,,,,,,,,,,,,,,,,,
2013-12-11,W1F0JHRJ,ST3000DM001,3000592982016,0,,115375664,,,,,,,,0,,,,,,11695,,,,,,,,,,,,,,,,,,,,,,,,,,,,,,26,,,,,,0,,,,,,,,,,,,,,,,,,,,,,,,,,,,
2013-12-11,Z300PMKW,ST4000DM000,4000787030016,0,,90569504,,,,,,,,0,,,,,,1092,,,,,,,,,,,,,,,,,,,,,,,,,,,,,,29,,,,,,0,,,,,,,,,,,,,,,,,,,,,,,,,,,,
2013-12-11,S1F02J30,ST3000DM001,3000592982016,0,,43948168,,,,,,,,0,,,,,,10908,,,,,,,,,,,,,,,,,,,,,,,,,,,,,,23,,,,,,0,,,,,,,,,,,,,,,,,,,,,,,,,,,,
2013-12-11,Z300PMKM,ST4000DM000,4000787030016,0,,205847136,,,,,,,,0,,,,,,1233,,,,,,,,,,,,,,,,,,,,,,,,,,,,,,22,,,,,,0,,,,,,,,,,,,,,,,,,,,,,,,,,,,
2013-12-11,Z300PMKL,ST4000DM000,4000787030016,0,,200215064,,,,,,,,0,,,,,,1225,,,,,,,,,,,,,,,,,,,,,,,,,,,,,,21,,,,,,0,,,,,,,,,,,,,,,,,,,,,,,,,,,,
2013-12-11,MK0303YHGAP1DC,Hitachi HDS723030ALA640,3000592982016,0,,0,,,,,,,,0,,,,,,21453,,,,,,,,,,,,,,,,,,,,,,,,,,,,,,28,,,,,,0,,,,,,,,,,,,,,,,,,,,,,,,,,,,
2013-12-11,6XW03QQ7,ST31500541AS,1500301910016,0,,133604491,,,,,,,,0,,,,,,36443,,,,,,,,,,,,,,,,,,,,,,,,,,,,,,19,,,,,,0,,,,,,,,,,,,,,,,,,,,,,,,,,,,
2013-12-11,JK2171B9J29Y1L,Hitachi HDS722020ALA330,2000398934016,0,,0,,,,,,,,0,,,,,,22413,,,,,,,,,,,,,,,,,,,,,,,,,,,,,,27,,,,,,0,,,,,,,,,,,,,,,,,,,,,,,,,,,,
2013-12-11,Z300XGDG,ST4000DM000,4000787030016,0,,199481888,,,,,,,,0,,,,,,815,,,,,,,,,,,,,,,,,,,,,,,,,,,,,,19,,,,,,0,,,,,,,,,,,,,,,,,,,,,,,,,,,,
2013-12-11,Z300XGDB,ST4000DM000,4000787030016,0,,211697616,,,,,,,,0,,,,,,612,,,,,,,,,,,,,,,,,,,,,,,,,,,,,,18,,,,,,0,,,,,,,,,,,,,,,,,,,,,,,,,,,,
2013-12-11,WD-WCAU45657010,WDC WD10EADS,1000204886016,0,,2,,,,,,,,0,,,,,,41081,,,,,,,,,,,,,,,,,,,,,,,,,,,,,,25,,,,,,0,,,,,,,,,,,,,,,,,,,,,,,,,,,,
2013-12-11,JK1101B9GBYS2F,Hitachi HDS722020ALA330,2000398934016,0,,0,,,,,,,,0,,,,,,27158,,,,,,,,,,,,,,,,,,,,,,,,,,,,,,22,,,,,,0,,,,,,,,,,,,,,,,,,,,,,,,,,,,
2013-12-11,Z300W9LL,ST4000DM000,4000787030016,0,,14361520,,,,,,,,0,,,,,,885,,,,,,,,,,,,,,,,,,,,,,,,,,,,,,26,,,,,,0,,,,,,,,,,,,,,,,,,,,,,,,,,,,
2013-12-11,JK11A8B9J7EE0F,Hitachi HDS722020ALA330,2000398934016,0,,65537,,,,,,,,0,,,,,,25541,,,,,,,,,,,,,,,,,,,,,,,,,,,,,,28,,,,,,0,,,,,,,,,,,,,,,,,,,,,,,,,,,,
2013-12-11,Z300HM6V,ST4000DM000,4000787030016,0,,131518968,,,,,,,,0,,,,,,2901,,,,,,,,,,,,,,,,,,,,,,,,,,,,,,27,,,,,,0,,,,,,,,,,,,,,,,,,,,,,,,,,,,
2013-12-11,W1F0G9T7,ST3000DM001,3000592982016,0,,160149808,,,,,,,,0,,,,,,12156,,,,,,,,,,,,,,,,,,,,,,,,,,,,,,26,,,,,,0,,,,,,,,,,,,,,,,,,,,,,,,,,,,
2013-12-11,MJ1323YNG188MC,Hitachi HDS5C3030ALA630,3000592982016,0,,0,,,,,,,,0,,,,,,20733,,,,,,,,,,,,,,,,,,,,,,,,,,,,,,25,,,,,,0,,,,,,,,,,,,,,,,,,,,,,,,,,,,
2013-12-11,W3004601,ST4000DM000,4000787030016,0,,215860040,,,,,,,,0,,,,,,2244,,,,,,,,,,,,,,,,,,,,,,,,,,,,,,21,,,,,,0,,,,,,,,,,,,,,,,,,,,,,,,,,,,
2013-12-11,PL1311LAG3AE6H,Hitachi HDS5C4040ALE630,4000787030016,0,,0,,,,,,,,0,,,,,,5036,,,,,,,,,,,,,,,,,,,,,,,,,,,,,,29,,,,,,0,,,,,,,,,,,,,,,,,,,,,,,,,,,,
2013-12-11,S1F034C3,ST3000DM001,3000592982016,0,,212333024,,,,,,,,0,,,,,,15237,,,,,,,,,,,,,,,,,,,,,,,,,,,,,,20,,,,,,0,,,,,,,,,,,,,,,,,,,,,,,,,,,,
2013-12-11,JK1101B9GM986F,Hitachi HDS722020ALA330,2000398934016,0,,0,,,,,,,,14,,,,,,27487,,,,,,,,,,,,,,,,,,,,,,,,,,,,,,28,,,,,,7,,,,,,,,,,,,,,,,,,,,,,,,,,,,
2013-12-11,W300KTK8,ST4000DM000,4000787030016,0,,1372968,,,,,,,,0,,,,,,909,,,,,,,,,,,,,,,,,,,,,,,,,,,,,,23,,,,,,0,,,,,,,,,,,,,,,,,,,,,,,,,,,,
2013-12-11,PL1321LAGAB8XH,Hitachi HDS5C4040ALE630,4000787030016,0,,0,,,,,,,,0,,,,,,5077,,,,,,,,,,,,,,,,,,,,,,,,,,,,,,27,,,,,,0,,,,,,,,,,,,,,,,,,,,,,,,,,,,
2013-12-11,MJ1311YNG3EEGA,Hitachi HDS5C3030ALA630,3000592982016,0,,0,,,,,,,,0,,,,,,19310,,,,,,,,,,,,,,,,,,,,,,,,,,,,,,27,,,,,,0,,,,,,,,,,,,,,,,,,,,,,,,,,,,
2013-12-11,JK11A8B9J79HEF,Hitachi HDS722020ALA330,2000398934016,0,,0,,,,,,,,0,,,,,,22697,,,,,,,,,,,,,,,,,,,,,,,,,,,,,,27,,,,,,0,,,,,,,,,,,,,,,,,,,,,,,,,,,,
2013-12-11,S1F0691N,ST3000DM001,3000592982016,0,,219234800,,,,,,,,0,,,,,,13908,,,,,,,,,,,,,,,,,,,,,,,,,,,,,,25,,,,,,8,,,,,,,,,,,,,,,,,,,,,,,,,,,,
2013-12-11,MJ1311YNG253PA,Hitachi HDS5C3030ALA630,3000592982016,0,,0,,,,,,,,0,,,,,,18066,,,,,,,,,,,,,,,,,,,,,,,,,,,,,,26,,,,,,0,,,,,,,,,,,,,,,,,,,,,,,,,,,,
2013-12-11,MK0311YHGH09SA,Hitachi HDS723030ALA640,3000592982016,0,,1,,,,,,,,0,,,,,,21462,,,,,,,,,,,,,,,,,,,,,,,,,,,,,,34,,,,,,0,,,,,,,,,,,,,,,,,,,,,,,,,,,,
2013-12-11,Z300GPAX,ST4000DM000,4000787030016,0,,86073816,,,,,,,,0,,,,,,3624,,,,,,,,,,,,,,,,,,,,,,,,,,,,,,22,,,,,,0,,,,,,,,,,,,,,,,,,,,,,,,,,,,
2013-12-11,W300460Y,ST4000DM000,4000787030016,0,,172897936,,,,,,,,0,,,,,,2243,,,,,,,,,,,,,,,,,,,,,,,,,,,,,,20,,,,,,0,,,,,,,,,,,,,,,,,,,,,,,,,,,,
2013-12-11,JK11A8B9JPZ3KF,Hitachi HDS722020ALA330,2000398934016,0,,0,,,,,,,,0,,,,,,23946,,,,,,,,,,,,,,,,,,,,,,,,,,,,,,26,,,,,,0,,,,,,,,,,,,,,,,,,,,,,,,,,,,
2013-12-11,Z300GYS0,ST4000DM000,4000787030016,0,,2167888,,,,,,,,0,,,,,,3583,,,,,,,,,,,,,,,,,,,,,,,,,,,,,,21,,,,,,0,,,,,,,,,,,,,,,,,,,,,,,,,,,,
2013-12-11,PL1301LAG2WVTA,Hitachi HDS5C4040ALE630,4000787030016,0,,0,,,,,,,,0,,,,,,5139,,,,,,,,,,,,,,,,,,,,,,,,,,,,,,28,,,,,,0,,,,,,,,,,,,,,,,,,,,,,,,,,,,
2013-12-11,MK0333YHGNWR1C,Hitachi HDS723030ALA640,3000592982016,0,,0,,,,,,,,0,,,,,,17754,,,,,,,,,,,,,,,,,,,,,,,,,,,,,,24,,,,,,0,,,,,,,,,,,,,,,,,,,,,,,,,,,,
2013-12-11,5XW03DLM,ST31500541AS,1500301910016,0,,220376058,,,,,,,,0,,,,,,36382,,,,,,,,,,,,,,,,,,,,,,,,,,,,,,23,,,,,,0,,,,,,,,,,,,,,,,,,,,,,,,,,,,
2013-12-11,W300460J,ST4000DM000,4000787030016,0,,74565648,,,,,,,,0,,,,,,2243,,,,,,,,,,,,,,,,,,,,,,,,,,,,,,20,,,,,,0,,,,,,,,,,,,,,,,,,,,,,,,,,,,
2013-12-11,9VS22L70,ST31500341AS,1500301910016,0,,123097268,,,,,,,,18,,,,,,35523,,,,,,,,,,,,,,,,,,,,,,,,,,,,,,26,,,,,,0,,,,,,,,,,,,,,,,,,,,,,,,,,,,
2013-12-11,PL1311LAG389TH,Hitachi HDS5C4040ALE630,4000787030016,0,,0,,,,,,,,0,,,,,,5304,,,,,,,,,,,,,,,,,,,,,,,,,,,,,,28,,,,,,0,,,,,,,,,,,,,,,,,,,,,,,,,,,,
2013-12-11,Z290VB3L,ST33000651AS,3000592982016,0,,53470948,,,,,,,,0,,,,,,16250,,,,,,,,,,,,,,,,,,,,,,,,,,,,,,25,,,,,,0,,,,,,,,,,,,,,,,,,,,,,,,,,,,
2013-12-11,JK11A8B9J2W5JF,Hitachi HDS722020ALA330,2000398934016,0,,0,,,,,,,,0,,,,,,24428,,,,,,,,,,,,,,,,,,,,,,,,,,,,,,31,,,,,,0,,,,,,,,,,,,,,,,,,,,,,,,,,,,
2013-12-11,MJ0351YNGA5VWA,Hitachi HDS5C3030ALA630,3000592982016,0,,0,,,,,,,,0,,,,,,8665,,,,,,,,,,,,,,,,,,,,,,,,,,,,,,29,,,,,,0,,,,,,,,,,,,,,,,,,,,,,,,,,,,
2013-12-11,S1F0CT2J,ST3000DM001,3000592982016,0,,95502296,,,,,,,,0,,,,,,12359,,,,,,,,,,,,,,,,,,,,,,,,,,,,,,22,,,,,,0,,,,,,,,,,,,,,,,,,,,,,,,,,,,
2013-12-11,PL1321LAG33ZWH,Hitachi HDS5C4040ALE630,4000787030016,0,,0,,,,,,,,0,,,,,,6648,,,,,,,,,,,,,,,,,,,,,,,,,,,,,,22,,,,,,0,,,,,,,,,,,,,,,,,,,,,,,,,,,,
2013-12-11,W300KQ61,ST4000DM000,4000787030016,0,,207294528,,,,,,,,0,,,,,,948,,,,,,,,,,,,,,,,,,,,,,,,,,,,,,19,,,,,,0,,,,,,,,,,,,,,,,,,,,,,,,,,,,
2013-12-11,W300KQ65,ST4000DM000,4000787030016,0,,7092584,,,,,,,,0,,,,,,919,,,,,,,,,,,,,,,,,,,,,,,,,,,,,,18,,,,,,0,,,,,,,,,,,,,,,,,,,,,,,,,,,,
2013-12-11,W300KQ68,ST4000DM000,4000787030016,0,,125069032,,,,,,,,0,,,,,,909,,,,,,,,,,,,,,,,,,,,,,,,,,,,,,20,,,,,,0,,,,,,,,,,,,,,,,,,,,,,,,,,,,
2013-12-11,MJ0351YNG9WSZA,Hitachi HDS5C3030ALA630,3000592982016,0,,0,,,,,,,,0,,,,,,9722,,,,,,,,,,,,,,,,,,,,,,,,,,,,,,28,,,,,,0,,,,,,,,,,,,,,,,,,,,,,,,,,,,
2013-12-11,S1F0RSLL,ST3000DM001,3000592982016,0,,130626856,,,,,,,,0,,,,,,10726,,,,,,,,,,,,,,,,,,,,,,,,,,,,,,25,,,,,,0,,,,,,,,,,,,,,,,,,,,,,,,,,,,
2013-12-11,MJ0351YNG9XPLA,Hitachi HDS5C3030ALA630,3000592982016,0,,0,,,,,,,,0,,,,,,9974,,,,,,,,,,,,,,,,,,,,,,,,,,,,,,29,,,,,,0,,,,,,,,,,,,,,,,,,,,,,,,,,,,
2013-12-11,W300H3F2,ST4000DM000,4000787030016,0,,6816048,,,,,,,,0,,,,,,772,,,,,,,,,,,,,,,,,,,,,,,,,,,,,,22,,,,,,0,,,,,,,,,,,,,,,,,,,,,,,,,,,,
2013-12-11,MJ1323YNG1M5TC,Hitachi HDS5C3030ALA630,3000592982016,0,,0,,,,,,,,0,,,,,,19766,,,,,,,,,,,,,,,,,,,,,,,,,,,,,,28,,,,,,0,,,,,,,,,,,,,,,,,,,,,,,,,,,,
2013-12-11,PL1311LAG23BYA,Hitachi HDS5C4040ALE630,4000787030016,0,,0,,,,,,,,0,,,,,,7411,,,,,,,,,,,,,,,,,,,,,,,,,,,,,,21,,,,,,0,,,,,,,,,,,,,,,,,,,,,,,,,,,,
2013-12-11,MJ0351YNGA40RA,Hitachi HDS5C3030ALA630,3000592982016,0,,0,,,,,,,,0,,,,,,9142,,,,,,,,,,,,,,,,,,,,,,,,,,,,,,29,,,,,,0,,,,,,,,,,,,,,,,,,,,,,,,,,,,
2013-12-11,JK1175YAHU2XEX,Hitachi HDS722020ALA330,2000398934016,0,,3735592,,,,,,,,0,,,,,,30501,,,,,,,,,,,,,,,,,,,,,,,,,,,,,,32,,,,,,0,,,,,,,,,,,,,,,,,,,,,,,,,,,,
2013-12-11,S1F0R2XY,ST3000DM001,3000592982016,0,,180072128,,,,,,,,0,,,,,,10737,,,,,,,,,,,,,,,,,,,,,,,,,,,,,,26,,,,,,0,,,,,,,,,,,,,,,,,,,,,,,,,,,,
2013-12-11,W1F00CL9,ST3000DM001,3000592982016,0,,155663136,,,,,,,,0,,,,,,18079,,,,,,,,,,,,,,,,,,,,,,,,,,,,,,24,,,,,,0,,,,,,,,,,,,,,,,,,,,,,,,,,,,
2013-12-11,MJ0351YNGA3JTA,Hitachi HDS5C3030ALA630,3000592982016,0,,0,,,,,,,,0,,,,,,9244,,,,,,,,,,,,,,,,,,,,,,,,,,,,,,26,,,,,,0,,,,,,,,,,,,,,,,,,,,,,,,,,,,
2013-12-11,MJ1311YNG7HKXA,Hitachi HDS5C3030ALA630,3000592982016,0,,0,,,,,,,,0,,,,,,14310,,,,,,,,,,,,,,,,,,,,,,,,,,,,,,25,,,,,,0,,,,,,,,,,,,,,,,,,,,,,,,,,,,
2013-12-11,W1E0AXRD,ST1500DM003,1500301910016,0,,182527432,,,,,,,,0,,,,,,9360,,,,,,,,,,,,,,,,,,,,,,,,,,,,,,20,,,,,,0,,,,,,,,,,,,,,,,,,,,,,,,,,,,
2013-12-11,WD-WMC1T1203521,WDC WD30EFRX,3000592982016,0,,0,,,,,,,,0,,,,,,7708,,,,,,,,,,,,,,,,,,,,,,,,,,,,,,28,,,,,,0,,,,,,,,,,,,,,,,,,,,,,,,,,,,
2013-12-11,W300H3FF,ST4000DM000,4000787030016,0,,94840736,,,,,,,,0,,,,,,920,,,,,,,,,,,,,,,,,,,,,,,,,,,,,,18,,,,,,0,,,,,,,,,,,,,,,,,,,,,,,,,,,,
2013-12-11,PL1311LAG3E7NH,Hitachi HDS5C4040ALE630,4000787030016,0,,0,,,,,,,,0,,,,,,5922,,,,,,,,,,,,,,,,,,,,,,,,,,,,,,19,,,,,,0,,,,,,,,,,,,,,,,,,,,,,,,,,,,
2013-12-11,PL1301LAG2X6HA,Hitachi HDS5C4040ALE630,4000787030016,0,,0,,,,,,,,0,,,,,,5668,,,,,,,,,,,,,,,,,,,,,,,,,,,,,,20,,,,,,0,,,,,,,,,,,,,,,,,,,,,,,,,,,,
2013-12-11,JK1105B8GG3PVX,Hitachi HDS722020ALA330,2000398934016,0,,65536,,,,,,,,0,,,,,,26766,,,,,,,,,,,,,,,,,,,,,,,,,,,,,,27,,,,,,0,,,,,,,,,,,,,,,,,,,,,,,,,,,,
2013-12-11,MK0311YHG6P79A,Hitachi HDS723030ALA640,3000592982016,0,,0,,,,,,,,0,,,,,,16075,,,,,,,,,,,,,,,,,,,,,,,,,,,,,,29,,,,,,0,,,,,,,,,,,,,,,,,,,,,,,,,,,,
2013-12-11,MJ0351YNG9UH1A,Hitachi HDS5C3030ALA630,3000592982016,0,,0,,,,,,,,0,,,,,,7612,,,,,,,,,,,,,,,,,,,,,,,,,,,,,,20,,,,,,0,,,,,,,,,,,,,,,,,,,,,,,,,,,,
2013-12-11,9VS2AAVA,ST31500341AS,1500301910016,0,,192335101,,,,,,,,5,,,,,,35643,,,,,,,,,,,,,,,,,,,,,,,,,,,,,,24,,,,,,0,,,,,,,,,,,,,,,,,,,,,,,,,,,,
2013-12-11,6XW0449N,ST31500541AS,1500301910016,0,,218984836,,,,,,,,22,,,,,,30629,,,,,,,,,,,,,,,,,,,,,,,,,,,,,,20,,,,,,0,,,,,,,,,,,,,,,,,,,,,,,,,,,,
2013-12-11,6XW003L6,ST31500541AS,1500301910016,0,,32406756,,,,,,,,0,,,,,,34169,,,,,,,,,,,,,,,,,,,,,,,,,,,,,,22,,,,,,0,,,,,,,,,,,,,,,,,,,,,,,,,,,,
2013-12-11,JK11A1YAJH77TV,Hitachi HDS722020ALA330,2000398934016,0,,0,,,,,,,,0,,,,,,28913,,,,,,,,,,,,,,,,,,,,,,,,,,,,,,28,,,,,,0,,,,,,,,,,,,,,,,,,,,,,,,,,,,
2013-12-11,PL2321LAGASHNJ,Hitachi HDS5C4040ALE630,4000787030016,0,,0,,,,,,,,0,,,,,,5072,,,,,,,,,,,,,,,,,,,,,,,,,,,,,,29,,,,,,0,,,,,,,,,,,,,,,,,,,,,,,,,,,,
2013-12-11,Z300GYSZ,ST4000DM000,4000787030016,0,,228337600,,,,,,,,0,,,,,,3627,,,,,,,,,,,,,,,,,,,,,,,,,,,,,,21,,,,,,0,,,,,,,,,,,,,,,,,,,,,,,,,,,,
2013-12-11,W3009EKM,ST4000DM000,4000787030016,0,,203370336,,,,,,,,0,,,,,,4140,,,,,,,,,,,,,,,,,,,,,,,,,,,,,,23,,,,,,0,,,,,,,,,,,,,,,,,,,,,,,,,,,,
2013-12-11,PL1311LAG1VL4A,Hitachi HDS5C4040ALE630,4000787030016,0,,0,,,,,,,,0,,,,,,5186,,,,,,,,,,,,,,,,,,,,,,,,,,,,,,24,,,,,,0,,,,,,,,,,,,,,,,,,,,,,,,,,,,
2013-12-11,Z300GPM2,ST4000DM000,4000787030016,0,,47798648,,,,,,,,0,,,,,,3583,,,,,,,,,,,,,,,,,,,,,,,,,,,,,,25,,,,,,0,,,,,,,,,,,,,,,,,,,,,,,,,,,,
2013-12-11,Z300GPM1,ST4000DM000,4000787030016,0,,105765856,,,,,,,,0,,,,,,3580,,,,,,,,,,,,,,,,,,,,,,,,,,,,,,24,,,,,,0,,,,,,,,,,,,,,,,,,,,,,,,,,,,
2013-12-11,W1F09SX0,ST3000DM001,3000592982016,0,,11107728,,,,,,,,0,,,,,,14733,,,,,,,,,,,,,,,,,,,,,,,,,,,,,,24,,,,,,0,,,,,,,,,,,,,,,,,,,,,,,,,,,,
2013-12-11,MK0311YHG07A2A,Hitachi HDS723030ALA640,3000592982016,0,,0,,,,,,,,0,,,,,,22347,,,,,,,,,,,,,,,,,,,,,,,,,,,,,,28,,,,,,0,,,,,,,,,,,,,,,,,,,,,,,,,,,,
2013-12-11,MJ1311YNG65PLA,Hitachi HDS5C3030ALA630,3000592982016,0,,65537,,,,,,,,0,,,,,,14681,,,,,,,,,,,,,,,,,,,,,,,,,,,,,,30,,,,,,0,,,,,,,,,,,,,,,,,,,,,,,,,,,,
2013-12-11,MJ0351YNG9XSZA,Hitachi HDS5C3030ALA630,3000592982016,0,,0,,,,,,,,0,,,,,,9552,,,,,,,,,,,,,,,,,,,,,,,,,,,,,,31,,,,,,0,,,,,,,,,,,,,,,,,,,,,,,,,,,,
2013-12-11,MJ1311YNG7AMZA,Hitachi HDS5C3030ALA630,3000592982016,0,,65536,,,,,,,,0,,,,,,14291,,,,,,,,,,,,,,,,,,,,,,,,,,,,,,31,,,,,,0,,,,,,,,,,,,,,,,,,,,,,,,,,,,
2013-12-11,9VS1KTRB,ST31500341AS,1500301910016,0,,131071850,,,,,,,,8,,,,,,40244,,,,,,,,,,,,,,,,,,,,,,,,,,,,,,23,,,,,,0,,,,,,,,,,,,,,,,,,,,,,,,,,,,
2013-12-11,Z300GPMW,ST4000DM000,4000787030016,0,,51581984,,,,,,,,0,,,,,,3580,,,,,,,,,,,,,,,,,,,,,,,,,,,,,,22,,,,,,0,,,,,,,,,,,,,,,,,,,,,,,,,,,,
2013-12-11,Z300GPMS,ST4000DM000,4000787030016,0,,94900496,,,,,,,,0,,,,,,3625,,,,,,,,,,,,,,,,,,,,,,,,,,,,,,23,,,,,,0,,,,,,,,,,,,,,,,,,,,,,,,,,,,
2013-12-11,JK11A8B9J5HRLF,Hitachi HDS722020ALA330,2000398934016,0,,0,,,,,,,,0,,,,,,24497,,,,,,,,,,,,,,,,,,,,,,,,,,,,,,29,,,,,,0,,,,,,,,,,,,,,,,,,,,,,,,,,,,
2013-12-11,PL1321LAG34LWH,Hitachi HDS5C4040ALE630,4000787030016,0,,0,,,,,,,,0,,,,,,6648,,,,,,,,,,,,,,,,,,,,,,,,,,,,,,22,,,,,,0,,,,,,,,,,,,,,,,,,,,,,,,,,,,
2013-12-11,JK1105B8GE0U2X,Hitachi HDS722020ALA330,2000398934016,0,,0,,,,,,,,0,,,,,,27214,,,,,,,,,,,,,,,,,,,,,,,,,,,,,,27,,,,,,0,,,,,,,,,,,,,,,,,,,,,,,,,,,,
2013-12-11,Z300GPMZ,ST4000DM000,4000787030016,0,,243146728,,,,,,,,0,,,,,,3582,,,,,,,,,,,,,,,,,,,,,,,,,,,,,,21,,,,,,0,,,,,,,,,,,,,,,,,,,,,,,,,,,,
2013-12-11,Z300GPMG,ST4000DM000,4000787030016,0,,39555248,,,,,,,,0,,,,,,3362,,,,,,,,,,,,,,,,,,,,,,,,,,,,,,20,,,,,,0,,,,,,,,,,,,,,,,,,,,,,,,,,,,
2013-12-11,Z300GPMF,ST4000DM000,4000787030016,0,,221660608,,,,,,,,0,,,,,,3584,,,,,,,,,,,,,,,,,,,,,,,,,,,,,,25,,,,,,0,,,,,,,,,,,,,,,,,,,,,,,,,,,,
2013-12-11,JK1105B8GB035X,Hitachi HDS722020ALA330,2000398934016,0,,0,,,,,,,,0,,,,,,26858,,,,,,,,,,,,,,,,,,,,,,,,,,,,,,27,,,,,,0,,,,,,,,,,,,,,,,,,,,,,,,,,,,
2013-12-11,Z300GPMH,ST4000DM000,4000787030016,0,,179691168,,,,,,,,0,,,,,,3580,,,,,,,,,,,,,,,,,,,,,,,,,,,,,,25,,,,,,0,,,,,,,,,,,,,,,,,,,,,,,,,,,,
2013-12-11,JK1105B8JR999X,Hitachi HDS722020ALA330,2000398934016,0,,1,,,,,,,,0,,,,,,22698,,,,,,,,,,,,,,,,,,,,,,,,,,,,,,27,,,,,,0,,,,,,,,,,,,,,,,,,,,,,,,,,,,
2013-12-11,Z300V66G,ST4000DM000,4000787030016,0,,144978128,,,,,,,,0,,,,,,799,,,,,,,,,,,,,,,,,,,,,,,,,,,,,,22,,,,,,0,,,,,,,,,,,,,,,,,,,,,,,,,,,,
2013-12-11,Z300GYSJ,ST4000DM000,4000787030016,0,,28283344,,,,,,,,0,,,,,,3588,,,,,,,,,,,,,,,,,,,,,,,,,,,,,,25,,,,,,0,,,,,,,,,,,,,,,,,,,,,,,,,,,,
2013-12-11,S1F04Z0L,ST3000DM001,3000592982016,0,,125844832,,,,,,,,0,,,,,,16176,,,,,,,,,,,,,,,,,,,,,,,,,,,,,,25,,,,,,0,,,,,,,,,,,,,,,,,,,,,,,,,,,,
2013-12-11,PL1311LAG2A4DA,Hitachi HDS5C4040ALE630,4000787030016,0,,0,,,,,,,,0,,,,,,7402,,,,,,,,,,,,,,,,,,,,,,,,,,,,,,30,,,,,,0,,,,,,,,,,,,,,,,,,,,,,,,,,,,
2013-12-11,MJ1311YNG3K8PA,Hitachi HDS5C3030ALA630,3000592982016,0,,0,,,,,,,,0,,,,,,18940,,,,,,,,,,,,,,,,,,,,,,,,,,,,,,27,,,,,,0,,,,,,,,,,,,,,,,,,,,,,,,,,,,
2013-12-11,MK0331YHGP1M9A,Hitachi HDS723030ALA640,3000592982016,0,,0,,,,,,,,0,,,,,,17017,,,,,,,,,,,,,,,,,,,,,,,,,,,,,,27,,,,,,0,,,,,,,,,,,,,,,,,,,,,,,,,,,,
2013-12-11,MJ0351YNG9YVJA,Hitachi HDS5C3030ALA630,3000592982016,0,,0,,,,,,,,0,,,,,,9956,,,,,,,,,,,,,,,,,,,,,,,,,,,,,,28,,,,,,0,,,,,,,,,,,,,,,,,,,,,,,,,,,,
2013-12-11,PL1311LAG3A34H,Hitachi HDS5C4040ALE630,4000787030016,0,,0,,,,,,,,0,,,,,,5052,,,,,,,,,,,,,,,,,,,,,,,,,,,,,,28,,,,,,0,,,,,,,,,,,,,,,,,,,,,,,,,,,,
2013-12-11,JK1170YBJXTEPD,Hitachi HDS722020ALA330,2000398934016,0,,65536,,,,,,,,0,,,,,,28154,,,,,,,,,,,,,,,,,,,,,,,,,,,,,,23,,,,,,0,,,,,,,,,,,,,,,,,,,,,,,,,,,,
2013-12-11,Z300GQA5,ST4000DM000,4000787030016,0,,219966424,,,,,,,,0,,,,,,3583,,,,,,,,,,,,,,,,,,,,,,,,,,,,,,26,,,,,,0,,,,,,,,,,,,,,,,,,,,,,,,,,,,
2013-12-11,JK11A4B8JR5E5W,Hitachi HDS722020ALA330,2000398934016,0,,0,,,,,,,,0,,,,,,23822,,,,,,,,,,,,,,,,,,,,,,,,,,,,,,25,,,,,,0,,,,,,,,,,,,,,,,,,,,,,,,,,,,
2013-12-11,Z300GQA1,ST4000DM000,4000787030016,0,,221659872,,,,,,,,0,,,,,,3581,,,,,,,,,,,,,,,,,,,,,,,,,,,,,,26,,,,,,0,,,,,,,,,,,,,,,,,,,,,,,,,,,,
2013-12-11,Z300GQA8,ST4000DM000,4000787030016,0,,202419968,,,,,,,,0,,,,,,3583,,,,,,,,,,,,,,,,,,,,,,,,,,,,,,22,,,,,,0,,,,,,,,,,,,,,,,,,,,,,,,,,,,
2013-12-11,Z290QLHE,ST33000651AS,3000592982016,0,,171184110,,,,,,,,0,,,,,,17742,,,,,,,,,,,,,,,,,,,,,,,,,,,,,,24,,,,,,0,,,,,,,,,,,,,,,,,,,,,,,,,,,,
2013-12-11,W300A6X7,ST4000DM000,4000787030016,0,,65347832,,,,,,,,0,,,,,,4134,,,,,,,,,,,,,,,,,,,,,,,,,,,,,,23,,,,,,0,,,,,,,,,,,,,,,,,,,,,,,,,,,,
2013-12-11,W1F11FCC,ST3000DM001,3000592982016,0,,137967408,,,,,,,,0,,,,,,8160,,,,,,,,,,,,,,,,,,,,,,,,,,,,,,24,,,,,,0,,,,,,,,,,,,,,,,,,,,,,,,,,,,
2013-12-11,WD-WCAU47254921,WDC WD10EADS,1000204886016,0,,6,,,,,,,,0,,,,,,40546,,,,,,,,,,,,,,,,,,,,,,,,,,,,,,28,,,,,,0,,,,,,,,,,,,,,,,,,,,,,,,,,,,
2013-12-11,MJ1311YNG13T4A,Hitachi HDS5C3030ALA630,3000592982016,0,,0,,,,,,,,0,,,,,,20732,,,,,,,,,,,,,,,,,,,,,,,,,,,,,,26,,,,,,0,,,,,,,,,,,,,,,,,,,,,,,,,,,,
2013-12-11,PL1301LAG2VA9A,Hitachi HDS5C4040ALE630,4000787030016,0,,0,,,,,,,,0,,,,,,6648,,,,,,,,,,,,,,,,,,,,,,,,,,,,,,23,,,,,,0,,,,,,,,,,,,,,,,,,,,,,,,,,,,
2013-12-11,JK11A8B9J7GZTF,Hitachi HDS722020ALA330,2000398934016,0,,0,,,,,,,,0,,,,,,24913,,,,,,,,,,,,,,,,,,,,,,,,,,,,,,30,,,,,,0,,,,,,,,,,,,,,,,,,,,,,,,,,,,
2013-12-11,MJ1311YNG3GL8A,Hitachi HDS5C3030ALA630,3000592982016,0,,0,,,,,,,,0,,,,,,19324,,,,,,,,,,,,,,,,,,,,,,,,,,,,,,28,,,,,,0,,,,,,,,,,,,,,,,,,,,,,,,,,,,
2013-12-11,JK1171YAGSBLYS,Hitachi HDS722020ALA330,2000398934016,0,,0,,,,,,,,0,,,,,,16636,,,,,,,,,,,,,,,,,,,,,,,,,,,,,,25,,,,,,0,,,,,,,,,,,,,,,,,,,,,,,,,,,,
2013-12-11,MK0331YHGT5G3A,Hitachi HDS723030ALA640,3000592982016,0,,0,,,,,,,,0,,,,,,17018,,,,,,,,,,,,,,,,,,,,,,,,,,,,,,27,,,,,,0,,,,,,,,,,,,,,,,,,,,,,,,,,,,
2013-12-11,PL1321LAGAU67H,Hitachi HDS5C4040ALE630,4000787030016,0,,0,,,,,,,,0,,,,,,5052,,,,,,,,,,,,,,,,,,,,,,,,,,,,,,28,,,,,,0,,,,,,,,,,,,,,,,,,,,,,,,,,,,
2013-12-11,W1F1D99S,ST3000DM001,3000592982016,0,,73198600,,,,,,,,0,,,,,,7991,,,,,,,,,,,,,,,,,,,,,,,,,,,,,,17,,,,,,0,,,,,,,,,,,,,,,,,,,,,,,,,,,,
2013-12-11,W300CG2N,ST4000DM000,4000787030016,0,,202781456,,,,,,,,0,,,,,,909,,,,,,,,,,,,,,,,,,,,,,,,,,,,,,23,,,,,,0,,,,,,,,,,,,,,,,,,,,,,,,,,,,
2013-12-11,9XK0HNQA,ST33000651AS,3000592982016,0,,102297514,,,,,,,,0,,,,,,16827,,,,,,,,,,,,,,,,,,,,,,,,,,,,,,24,,,,,,0,,,,,,,,,,,,,,,,,,,,,,,,,,,,
2013-12-11,JK11A5B8J10GJX,Hitachi HDS722020ALA330,2000398934016,0,,0,,,,,,,,0,,,,,,23820,,,,,,,,,,,,,,,,,,,,,,,,,,,,,,25,,,,,,0,,,,,,,,,,,,,,,,,,,,,,,,,,,,
2013-12-11,Z300GQAF,ST4000DM000,4000787030016,0,,53030848,,,,,,,,0,,,,,,3583,,,,,,,,,,,,,,,,,,,,,,,,,,,,,,22,,,,,,0,,,,,,,,,,,,,,,,,,,,,,,,,,,,
2013-12-11,W3006LR9,ST4000DM000,4000787030016,0,,189494024,,,,,,,,0,,,,,,2680,,,,,,,,,,,,,,,,,,,,,,,,,,,,,,26,,,,,,0,,,,,,,,,,,,,,,,,,,,,,,,,,,,
2013-12-11,6XW04WHC,ST31500541AS,1500301910016,0,,201643763,,,,,,,,0,,,,,,36962,,,,,,,,,,,,,,,,,,,,,,,,,,,,,,20,,,,,,0,,,,,,,,,,,,,,,,,,,,,,,,,,,,
2013-12-11,Z300GQAJ,ST4000DM000,4000787030016,0,,45112568,,,,,,,,0,,,,,,3630,,,,,,,,,,,,,,,,,,,,,,,,,,,,,,24,,,,,,0,,,,,,,,,,,,,,,,,,,,,,,,,,,,
2013-12-11,Z300GQAK,ST4000DM000,4000787030016,0,,189594848,,,,,,,,0,,,,,,2899,,,,,,,,,,,,,,,,,,,,,,,,,,,,,,28,,,,,,0,,,,,,,,,,,,,,,,,,,,,,,,,,,,
2013-12-11,Z300GQAH,ST4000DM000,4000787030016,0,,90276664,,,,,,,,0,,,,,,3362,,,,,,,,,,,,,,,,,,,,,,,,,,,,,,20,,,,,,0,,,,,,,,,,,,,,,,,,,,,,,,,,,,
2013-12-11,Z300GQAV,ST4000DM000,4000787030016,0,,81080552,,,,,,,,0,,,,,,3588,,,,,,,,,,,,,,,,,,,,,,,,,,,,,,22,,,,,,0,,,,,,,,,,,,,,,,,,,,,,,,,,,,
2013-12-11,Z300GQAS,ST4000DM000,4000787030016,0,,38166616,,,,,,,,0,,,,,,2900,,,,,,,,,,,,,,,,,,,,,,,,,,,,,,26,,,,,,0,,,,,,,,,,,,,,,,,,,,,,,,,,,,
2013-12-11,Z300GQAQ,ST4000DM000,4000787030016,0,,161478832,,,,,,,,0,,,,,,3583,,,,,,,,,,,,,,,,,,,,,,,,,,,,,,23,,,,,,0,,,,,,,,,,,,,,,,,,,,,,,,,,,,
2013-12-11,PL1311LAG2BH1H,Hitachi HDS5C4040ALE630,4000787030016,0,,0,,,,,,,,0,,,,,,7412,,,,,,,,,,,,,,,,,,,,,,,,,,,,,,19,,,,,,8,,,,,,,,,,,,,,,,,,,,,,,,,,,,
2013-12-11,W1F0WJFT,ST3000DM001,3000592982016,0,,90666640,,,,,,,,0,,,,,,11683,,,,,,,,,,,,,,,,,,,,,,,,,,,,,,30,,,,,,0,,,,,,,,,,,,,,,,,,,,,,,,,,,,
2013-12-11,6XW042KZ,ST31500541AS,1500301910016,0,,101178178,,,,,,,,0,,,,,,36901,,,,,,,,,,,,,,,,,,,,,,,,,,,,,,19,,,,,,0,,,,,,,,,,,,,,,,,,,,,,,,,,,,
2013-12-11,MJ0351YNGA3ZPA,Hitachi HDS5C3030ALA630,3000592982016,0,,0,,,,,,,,0,,,,,,9315,,,,,,,,,,,,,,,,,,,,,,,,,,,,,,30,,,,,,0,,,,,,,,,,,,,,,,,,,,,,,,,,,,
2013-12-11,WD-WCAWZ1555137,WDC WD30EZRX,3000592982016,0,,0,,,,,,,,0,,,,,,17991,,,,,,,,,,,,,,,,,,,,,,,,,,,,,,22,,,,,,5,,,,,,,,,,,,,,,,,,,,,,,,,,,,
2013-12-11,MK0311YHG6S5KA,Hitachi HDS723030ALA640,3000592982016,0,,0,,,,,,,,0,,,,,,16660,,,,,,,,,,,,,,,,,,,,,,,,,,,,,,23,,,,,,0,,,,,,,,,,,,,,,,,,,,,,,,,,,,
2013-12-11,W300CX5D,ST4000DM000,4000787030016,0,,88629504,,,,,,,,0,,,,,,4353,,,,,,,,,,,,,,,,,,,,,,,,,,,,,,22,,,,,,0,,,,,,,,,,,,,,,,,,,,,,,,,,,,
2013-12-11,9VS1QMTA,ST31500341AS,1500301910016,0,,66199123,,,,,,,,8,,,,,,40081,,,,,,,,,,,,,,,,,,,,,,,,,,,,,,25,,,,,,0,,,,,,,,,,,,,,,,,,,,,,,,,,,,
2013-12-11,JK1101B9GEGM8T,Hitachi HDS722020ALA330,2000398934016,0,,65537,,,,,,,,0,,,,,,26927,,,,,,,,,,,,,,,,,,,,,,,,,,,,,,25,,,,,,0,,,,,,,,,,,,,,,,,,,,,,,,,,,,
2013-12-11,6XW042KD,ST31500541AS,1500301910016,0,,134851379,,,,,,,,0,,,,,,34545,,,,,,,,,,,,,,,,,,,,,,,,,,,,,,19,,,,,,0,,,,,,,,,,,,,,,,,,,,,,,,,,,,
2013-12-11,S1F0QYND,ST3000DM001,3000592982016,0,,3127200,,,,,,,,0,,,,,,11690,,,,,,,,,,,,,,,,,,,,,,,,,,,,,,27,,,,,,0,,,,,,,,,,,,,,,,,,,,,,,,,,,,
2013-12-11,JK11A8B9J3UUTF,Hitachi HDS722020ALA330,2000398934016,0,,0,,,,,,,,0,,,,,,22214,,,,,,,,,,,,,,,,,,,,,,,,,,,,,,30,,,,,,0,,,,,,,,,,,,,,,,,,,,,,,,,,,,
2013-12-11,9VS4SS5N,ST31500341AS,1500301910016,0,,41179448,,,,,,,,0,,,,,,18386,,,,,,,,,,,,,,,,,,,,,,,,,,,,,,25,,,,,,0,,,,,,,,,,,,,,,,,,,,,,,,,,,,
2013-12-11,PL1311LAG2ZBXA,Hitachi HDS5C4040ALE630,4000787030016,0,,0,,,,,,,,0,,,,,,6616,,,,,,,,,,,,,,,,,,,,,,,,,,,,,,24,,,,,,0,,,,,,,,,,,,,,,,,,,,,,,,,,,,
2013-12-11,MJ1311YNG7G8SA,Hitachi HDS5C3030ALA630,3000592982016,0,,0,,,,,,,,0,,,,,,14330,,,,,,,,,,,,,,,,,,,,,,,,,,,,,,34,,,,,,0,,,,,,,,,,,,,,,,,,,,,,,,,,,,
2013-12-11,JK11A8B9J7NN5F,Hitachi HDS722020ALA330,2000398934016,0,,0,,,,,,,,0,,,,,,26024,,,,,,,,,,,,,,,,,,,,,,,,,,,,,,24,,,,,,0,,,,,,,,,,,,,,,,,,,,,,,,,,,,
2013-12-11,Z290LFM1,ST33000651AS,3000592982016,0,,164250412,,,,,,,,0,,,,,,17739,,,,,,,,,,,,,,,,,,,,,,,,,,,,,,23,,,,,,0,,,,,,,,,,,,,,,,,,,,,,,,,,,,
2013-12-11,JK11A4B8J7SGPW,Hitachi HDS722020ALA330,2000398934016,0,,0,,,,,,,,0,,,,,,26027,,,,,,,,,,,,,,,,,,,,,,,,,,,,,,28,,,,,,0,,,,,,,,,,,,,,,,,,,,,,,,,,,,
2013-12-11,MJ0351YNGA3AEA,Hitachi HDS5C3030ALA630,3000592982016,0,,0,,,,,,,,0,,,,,,8619,,,,,,,,,,,,,,,,,,,,,,,,,,,,,,33,,,,,,0,,,,,,,,,,,,,,,,,,,,,,,,,,,,
2013-12-11,9VS3JGDH,ST31500341AS,1500301910016,0,,59958074,,,,,,,,6,,,,,,32872,,,,,,,,,,,,,,,,,,,,,,,,,,,,,,20,,,,,,0,,,,,,,,,,,,,,,,,,,,,,,,,,,,
2013-12-11,5XW0MGTD,ST31500541AS,1500301910016,0,,99979164,,,,,,,,0,,,,,,17014,,,,,,,,,,,,,,,,,,,,,,,,,,,,,,20,,,,,,0,,,,,,,,,,,,,,,,,,,,,,,,,,,,
2013-12-11,JK1101B8JP8SZZ,Hitachi HDS722020ALA330,2000398934016,0,,0,,,,,,,,0,,,,,,24426,,,,,,,,,,,,,,,,,,,,,,,,,,,,,,27,,,,,,0,,,,,,,,,,,,,,,,,,,,,,,,,,,,
2013-12-11,Z300CMDD,ST4000DM000,4000787030016,0,,108078152,,,,,,,,0,,,,,,2224,,,,,,,,,,,,,,,,,,,,,,,,,,,,,,19,,,,,,0,,,,,,,,,,,,,,,,,,,,,,,,,,,,
2013-12-11,6XW049Y5,ST31500541AS,1500301910016,0,,136609210,,,,,,,,0,,,,,,37172,,,,,,,,,,,,,,,,,,,,,,,,,,,,,,24,,,,,,0,,,,,,,,,,,,,,,,,,,,,,,,,,,,
2013-12-11,MJ0351YNG9W32A,Hitachi HDS5C3030ALA630,3000592982016,0,,0,,,,,,,,0,,,,,,9147,,,,,,,,,,,,,,,,,,,,,,,,,,,,,,28,,,,,,0,,,,,,,,,,,,,,,,,,,,,,,,,,,,
2013-12-11,5XW004Q0,ST31500541AS,1500301910016,0,,100574566,,,,,,,,0,,,,,,35228,,,,,,,,,,,,,,,,,,,,,,,,,,,,,,21,,,,,,0,,,,,,,,,,,,,,,,,,,,,,,,,,,,
2013-12-11,Z1F0LKX4,ST3000DM001,3000592982016,0,,163735744,,,,,,,,0,,,,,,12318,,,,,,,,,,,,,,,,,,,,,,,,,,,,,,28,,,,,,0,,,,,,,,,,,,,,,,,,,,,,,,,,,,
2013-12-11,PL1311LAG3ASGH,Hitachi HDS5C4040ALE630,4000787030016,0,,0,,,,,,,,0,,,,,,6639,,,,,,,,,,,,,,,,,,,,,,,,,,,,,,24,,,,,,0,,,,,,,,,,,,,,,,,,,,,,,,,,,,
2013-12-11,S1F06DSR,ST3000DM001,3000592982016,0,,85878552,,,,,,,,0,,,,,,13819,,,,,,,,,,,,,,,,,,,,,,,,,,,,,,24,,,,,,0,,,,,,,,,,,,,,,,,,,,,,,,,,,,
2013-12-11,Z300CNAN,ST4000DM000,4000787030016,0,,137358472,,,,,,,,0,,,,,,2216,,,,,,,,,,,,,,,,,,,,,,,,,,,,,,22,,,,,,0,,,,,,,,,,,,,,,,,,,,,,,,,,,,
2013-12-11,WD-WCAWZ0421453,WDC WD30EZRS,3000592982016,0,,0,,,,,,,,0,,,,,,11399,,,,,,,,,,,,,,,,,,,,,,,,,,,,,,24,,,,,,0,,,,,,,,,,,,,,,,,,,,,,,,,,,,
2013-12-11,S1F00VJT,ST3000DM001,3000592982016,0,,99353120,,,,,,,,0,,,,,,14786,,,,,,,,,,,,,,,,,,,,,,,,,,,,,,20,,,,,,0,,,,,,,,,,,,,,,,,,,,,,,,,,,,
2013-12-11,6XW152L7,ST32000542AS,2000398934016,0,,56938778,,,,,,,,0,,,,,,31706,,,,,,,,,,,,,,,,,,,,,,,,,,,,,,25,,,,,,0,,,,,,,,,,,,,,,,,,,,,,,,,,,,
2013-12-11,MK0311YHGH4RPA,Hitachi HDS723030ALA640,3000592982016,0,,65536,,,,,,,,0,,,,,,16660,,,,,,,,,,,,,,,,,,,,,,,,,,,,,,29,,,,,,0,,,,,,,,,,,,,,,,,,,,,,,,,,,,
2013-12-11,W1F09TDD,ST3000DM001,3000592982016,0,,39021792,,,,,,,,0,,,,,,14709,,,,,,,,,,,,,,,,,,,,,,,,,,,,,,24,,,,,,0,,,,,,,,,,,,,,,,,,,,,,,,,,,,
2013-12-11,Z300PMP0,ST4000DM000,4000787030016,0,,117007464,,,,,,,,0,,,,,,1447,,,,,,,,,,,,,,,,,,,,,,,,,,,,,,28,,,,,,0,,,,,,,,,,,,,,,,,,,,,,,,,,,,
2013-12-11,PL1311LAG1VANA,Hitachi HDS5C4040ALE630,4000787030016,0,,0,,,,,,,,0,,,,,,7453,,,,,,,,,,,,,,,,,,,,,,,,,,,,,,22,,,,,,0,,,,,,,,,,,,,,,,,,,,,,,,,,,,
2013-12-11,MJ0351YNG9T8PA,Hitachi HDS5C3030ALA630,3000592982016,0,,0,,,,,,,,0,,,,,,9483,,,,,,,,,,,,,,,,,,,,,,,,,,,,,,31,,,,,,0,,,,,,,,,,,,,,,,,,,,,,,,,,,,
2013-12-11,9VS1JBZX,ST31500341AS,1500301910016,0,,85001616,,,,,,,,0,,,,,,40407,,,,,,,,,,,,,,,,,,,,,,,,,,,,,,32,,,,,,0,,,,,,,,,,,,,,,,,,,,,,,,,,,,
2013-12-11,MJ1323YNG1D08C,Hitachi HDS5C3030ALA630,3000592982016,0,,0,,,,,,,,0,,,,,,19633,,,,,,,,,,,,,,,,,,,,,,,,,,,,,,23,,,,,,0,,,,,,,,,,,,,,,,,,,,,,,,,,,,
2013-12-11,WD-WCAU47310424,WDC WD10EADS,1000204886016,0,,0,,,,,,,,0,,,,,,40602,,,,,,,,,,,,,,,,,,,,,,,,,,,,,,24,,,,,,0,,,,,,,,,,,,,,,,,,,,,,,,,,,,
2013-12-11,W1F09TD6,ST3000DM001,3000592982016,0,,179122800,,,,,,,,0,,,,,,14724,,,,,,,,,,,,,,,,,,,,,,,,,,,,,,25,,,,,,0,,,,,,,,,,,,,,,,,,,,,,,,,,,,
2013-12-11,WD-WCAU42474181,WDC WD10EACS,1000204886016,0,,0,,,,,,,,0,,,,,,42810,,,,,,,,,,,,,,,,,,,,,,,,,,,,,,17,,,,,,0,,,,,,,,,,,,,,,,,,,,,,,,,,,,
2013-12-11,Z300PMPB,ST4000DM000,4000787030016,0,,86746600,,,,,,,,0,,,,,,1233,,,,,,,,,,,,,,,,,,,,,,,,,,,,,,20,,,,,,0,,,,,,,,,,,,,,,,,,,,,,,,,,,,
2013-12-11,JK1101YBK5MHBF,Hitachi HDS722020ALA330,2000398934016,0,,0,,,,,,,,0,,,,,,29211,,,,,,,,,,,,,,,,,,,,,,,,,,,,,,31,,,,,,0,,,,,,,,,,,,,,,,,,,,,,,,,,,,
2013-12-11,S1F06WM8,ST3000DM001,3000592982016,0,,198425136,,,,,,,,0,,,,,,14231,,,,,,,,,,,,,,,,,,,,,,,,,,,,,,24,,,,,,0,,,,,,,,,,,,,,,,,,,,,,,,,,,,
2013-12-11,MJ1311YNG611GA,Hitachi HDS5C3030ALA630,3000592982016,0,,0,,,,,,,,0,,,,,,14621,,,,,,,,,,,,,,,,,,,,,,,,,,,,,,22,,,,,,0,,,,,,,,,,,,,,,,,,,,,,,,,,,,
2013-12-11,6XW1X533,ST31500541AS,1500301910016,0,,190399424,,,,,,,,0,,,,,,11563,,,,,,,,,,,,,,,,,,,,,,,,,,,,,,27,,,,,,0,,,,,,,,,,,,,,,,,,,,,,,,,,,,
2013-12-11,W300CVW8,ST4000DM000,4000787030016,0,,28450720,,,,,,,,0,,,,,,2238,,,,,,,,,,,,,,,,,,,,,,,,,,,,,,24,,,,,,0,,,,,,,,,,,,,,,,,,,,,,,,,,,,
2013-12-11,Z300GPHW,ST4000DM000,4000787030016,0,,216214528,,,,,,,,0,,,,,,3581,,,,,,,,,,,,,,,,,,,,,,,,,,,,,,21,,,,,,0,,,,,,,,,,,,,,,,,,,,,,,,,,,,
2013-12-11,MK0311YHG07L9A,Hitachi HDS723030ALA640,3000592982016,0,,0,,,,,,,,0,,,,,,21792,,,,,,,,,,,,,,,,,,,,,,,,,,,,,,27,,,,,,0,,,,,,,,,,,,,,,,,,,,,,,,,,,,
2013-12-11,MK0311YHGK86VA,Hitachi HDS723030ALA640,3000592982016,0,,0,,,,,,,,0,,,,,,16734,,,,,,,,,,,,,,,,,,,,,,,,,,,,,,30,,,,,,0,,,,,,,,,,,,,,,,,,,,,,,,,,,,
2013-12-11,JK11A8B9J3BD3F,Hitachi HDS722020ALA330,2000398934016,0,,0,,,,,,,,0,,,,,,23820,,,,,,,,,,,,,,,,,,,,,,,,,,,,,,28,,,,,,0,,,,,,,,,,,,,,,,,,,,,,,,,,,,
2013-12-11,JK11A8B9J718HF,Hitachi HDS722020ALA330,2000398934016,0,,0,,,,,,,,0,,,,,,23576,,,,,,,,,,,,,,,,,,,,,,,,,,,,,,27,,,,,,0,,,,,,,,,,,,,,,,,,,,,,,,,,,,
2013-12-11,Z1F0VJ8V,ST3000DM001,3000592982016,0,,154823704,,,,,,,,0,,,,,,8207,,,,,,,,,,,,,,,,,,,,,,,,,,,,,,20,,,,,,0,,,,,,,,,,,,,,,,,,,,,,,,,,,,
2013-12-11,MJ0351YNGA8MSA,Hitachi HDS5C3030ALA630,3000592982016,0,,0,,,,,,,,0,,,,,,7974,,,,,,,,,,,,,,,,,,,,,,,,,,,,,,28,,,,,,0,,,,,,,,,,,,,,,,,,,,,,,,,,,,
2013-12-11,6XW024E6,ST31500541AS,1500301910016,0,,176383053,,,,,,,,0,,,,,,36401,,,,,,,,,,,,,,,,,,,,,,,,,,,,,,17,,,,,,0,,,,,,,,,,,,,,,,,,,,,,,,,,,,
2013-12-11,W1F0VKVJ,ST3000DM001,3000592982016,0,,75398072,,,,,,,,0,,,,,,10835,,,,,,,,,,,,,,,,,,,,,,,,,,,,,,33,,,,,,0,,,,,,,,,,,,,,,,,,,,,,,,,,,,
2013-12-11,JK11A8B9J3832F,Hitachi HDS722020ALA330,2000398934016,0,,0,,,,,,,,6,,,,,,24398,,,,,,,,,,,,,,,,,,,,,,,,,,,,,,27,,,,,,0,,,,,,,,,,,,,,,,,,,,,,,,,,,,
2013-12-11,PL1301LAG2VL7A,Hitachi HDS5C4040ALE630,4000787030016,0,,0,,,,,,,,0,,,,,,5949,,,,,,,,,,,,,,,,,,,,,,,,,,,,,,21,,,,,,0,,,,,,,,,,,,,,,,,,,,,,,,,,,,
2013-12-11,WD-WCAWZ1190689,WDC WD30EZRX,3000592982016,0,,0,,,,,,,,0,,,,,,11890,,,,,,,,,,,,,,,,,,,,,,,,,,,,,,22,,,,,,0,,,,,,,,,,,,,,,,,,,,,,,,,,,,
2013-12-11,Z300P8E6,ST4000DM000,4000787030016,0,,189073160,,,,,,,,0,,,,,,1232,,,,,,,,,,,,,,,,,,,,,,,,,,,,,,20,,,,,,0,,,,,,,,,,,,,,,,,,,,,,,,,,,,
2013-12-11,JK11A8B9J3S28F,Hitachi HDS722020ALA330,2000398934016,0,,65536,,,,,,,,0,,,,,,21478,,,,,,,,,,,,,,,,,,,,,,,,,,,,,,24,,,,,,0,,,,,,,,,,,,,,,,,,,,,,,,,,,,
2013-12-11,PL1311LAG3A7PH,Hitachi HDS5C4040ALE630,4000787030016,0,,0,,,,,,,,0,,,,,,6655,,,,,,,,,,,,,,,,,,,,,,,,,,,,,,23,,,,,,0,,,,,,,,,,,,,,,,,,,,,,,,,,,,
2013-12-11,Z300KCAE,ST4000DM000,4000787030016,0,,159717384,,,,,,,,0,,,,,,2241,,,,,,,,,,,,,,,,,,,,,,,,,,,,,,21,,,,,,0,,,,,,,,,,,,,,,,,,,,,,,,,,,,
2013-12-11,W300BNVK,ST4000DM000,4000787030016,0,,36106744,,,,,,,,0,,,,,,4163,,,,,,,,,,,,,,,,,,,,,,,,,,,,,,21,,,,,,0,,,,,,,,,,,,,,,,,,,,,,,,,,,,
2013-12-11,Z1F0LSEX,ST3000DM001,3000592982016,0,,228375408,,,,,,,,0,,,,,,12247,,,,,,,,,,,,,,,,,,,,,,,,,,,,,,28,,,,,,0,,,,,,,,,,,,,,,,,,,,,,,,,,,,
2013-12-11,WD-WMC1T1611204,WDC WD30EFRX,3000592982016,0,,0,,,,,,,,0,,,,,,7708,,,,,,,,,,,,,,,,,,,,,,,,,,,,,,28,,,,,,0,,,,,,,,,,,,,,,,,,,,,,,,,,,,
2013-12-11,Z290ZNGN,ST33000651AS,3000592982016,0,,98343381,,,,,,,,0,,,,,,15603,,,,,,,,,,,,,,,,,,,,,,,,,,,,,,25,,,,,,0,,,,,,,,,,,,,,,,,,,,,,,,,,,,
2013-12-11,MJ1311YNG0KBJA,Hitachi HDS5C3030ALA630,3000592982016,0,,0,,,,,,,,0,,,,,,20731,,,,,,,,,,,,,,,,,,,,,,,,,,,,,,29,,,,,,0,,,,,,,,,,,,,,,,,,,,,,,,,,,,
2013-12-11,MJ0351YNGA0W9A,Hitachi HDS5C3030ALA630,3000592982016,0,,0,,,,,,,,0,,,,,,9773,,,,,,,,,,,,,,,,,,,,,,,,,,,,,,29,,,,,,0,,,,,,,,,,,,,,,,,,,,,,,,,,,,
2013-12-11,MJ0351YNGA358A,Hitachi HDS5C3030ALA630,3000592982016,0,,0,,,,,,,,0,,,,,,8547,,,,,,,,,,,,,,,,,,,,,,,,,,,,,,26,,,,,,0,,,,,,,,,,,,,,,,,,,,,,,,,,,,
2013-12-11,MJ0351YNGA3BMA,Hitachi HDS5C3030ALA630,3000592982016,0,,0,,,,,,,,0,,,,,,7972,,,,,,,,,,,,,,,,,,,,,,,,,,,,,,25,,,,,,0,,,,,,,,,,,,,,,,,,,,,,,,,,,,
2013-12-11,PL1321LAGAY4GH,Hitachi HDS5C4040ALE630,4000787030016,0,,0,,,,,,,,0,,,,,,5077,,,,,,,,,,,,,,,,,,,,,,,,,,,,,,25,,,,,,0,,,,,,,,,,,,,,,,,,,,,,,,,,,,
2013-12-11,MJ1311YNG36RBA,Hitachi HDS5C3030ALA630,3000592982016,0,,0,,,,,,,,0,,,,,,18315,,,,,,,,,,,,,,,,,,,,,,,,,,,,,,23,,,,,,0,,,,,,,,,,,,,,,,,,,,,,,,,,,,
2013-12-11,6XW03BZ8,ST31500541AS,1500301910016,0,,170948395,,,,,,,,0,,,,,,36909,,,,,,,,,,,,,,,,,,,,,,,,,,,,,,23,,,,,,0,,,,,,,,,,,,,,,,,,,,,,,,,,,,
2013-12-11,JK1101B9KN4LZF,Hitachi HDS722020ALA330,2000398934016,0,,196608,,,,,,,,0,,,,,,23074,,,,,,,,,,,,,,,,,,,,,,,,,,,,,,34,,,,,,0,,,,,,,,,,,,,,,,,,,,,,,,,,,,
2013-12-11,PL1331LAGA18DH,Hitachi HDS5C4040ALE630,4000787030016,0,,0,,,,,,,,0,,,,,,5076,,,,,,,,,,,,,,,,,,,,,,,,,,,,,,24,,,,,,0,,,,,,,,,,,,,,,,,,,,,,,,,,,,
2013-12-11,6XW03BZ0,ST31500541AS,1500301910016,0,,212265629,,,,,,,,0,,,,,,35776,,,,,,,,,,,,,,,,,,,,,,,,,,,,,,21,,,,,,0,,,,,,,,,,,,,,,,,,,,,,,,,,,,
2013-12-11,JK11A8B9J0ME0F,Hitachi HDS722020ALA330,2000398934016,0,,0,,,,,,,,0,,,,,,23636,,,,,,,,,,,,,,,,,,,,,,,,,,,,,,31,,,,,,0,,,,,,,,,,,,,,,,,,,,,,,,,,,,
2013-12-11,6XW01P4F,ST31500541AS,1500301910016,0,,120228160,,,,,,,,0,,,,,,35438,,,,,,,,,,,,,,,,,,,,,,,,,,,,,,19,,,,,,0,,,,,,,,,,,,,,,,,,,,,,,,,,,,
2013-12-11,JK11A8B9JHW7DF,Hitachi HDS722020ALA330,2000398934016,0,,131072,,,,,,,,0,,,,,,23719,,,,,,,,,,,,,,,,,,,,,,,,,,,,,,25,,,,,,0,,,,,,,,,,,,,,,,,,,,,,,,,,,,
2013-12-11,MJ1311YNG3GA7A,Hitachi HDS5C3030ALA630,3000592982016,0,,2,,,,,,,,0,,,,,,19587,,,,,,,,,,,,,,,,,,,,,,,,,,,,,,29,,,,,,0,,,,,,,,,,,,,,,,,,,,,,,,,,,,
2013-12-11,W300BHKF,ST4000DM000,4000787030016,0,,142050256,,,,,,,,0,,,,,,3585,,,,,,,,,,,,,,,,,,,,,,,,,,,,,,22,,,,,,0,,,,,,,,,,,,,,,,,,,,,,,,,,,,
2013-12-11,Z300W0GM,ST4000DM000,4000787030016,0,,54442080,,,,,,,,0,,,,,,923,,,,,,,,,,,,,,,,,,,,,,,,,,,,,,22,,,,,,0,,,,,,,,,,,,,,,,,,,,,,,,,,,,
2013-12-11,MJ0351YNG9VGVA,Hitachi HDS5C3030ALA630,3000592982016,0,,0,,,,,,,,0,,,,,,9272,,,,,,,,,,,,,,,,,,,,,,,,,,,,,,27,,,,,,0,,,,,,,,,,,,,,,,,,,,,,,,,,,,
2013-12-11,W300BHKN,ST4000DM000,4000787030016,0,,120860312,,,,,,,,0,,,,,,4163,,,,,,,,,,,,,,,,,,,,,,,,,,,,,,19,,,,,,0,,,,,,,,,,,,,,,,,,,,,,,,,,,,
2013-12-11,W1F0KG97,ST3000DM001,3000592982016,0,,89968816,,,,,,,,0,,,,,,11724,,,,,,,,,,,,,,,,,,,,,,,,,,,,,,23,,,,,,0,,,,,,,,,,,,,,,,,,,,,,,,,,,,
2013-12-11,MJ0351YNG9VT6A,Hitachi HDS5C3030ALA630,3000592982016,0,,0,,,,,,,,0,,,,,,9941,,,,,,,,,,,,,,,,,,,,,,,,,,,,,,22,,,,,,0,,,,,,,,,,,,,,,,,,,,,,,,,,,,
2013-12-11,Z1F0LLPS,ST3000DM001,3000592982016,0,,53577176,,,,,,,,0,,,,,,12322,,,,,,,,,,,,,,,,,,,,,,,,,,,,,,25,,,,,,0,,,,,,,,,,,,,,,,,,,,,,,,,,,,
2013-12-11,JK11A8B9J80NLF,Hitachi HDS722020ALA330,2000398934016,0,,0,,,,,,,,3,,,,,,24912,,,,,,,,,,,,,,,,,,,,,,,,,,,,,,30,,,,,,0,,,,,,,,,,,,,,,,,,,,,,,,,,,,
2013-12-11,S1F0LEWH,ST3000DM001,3000592982016,0,,65703480,,,,,,,,0,,,,,,12249,,,,,,,,,,,,,,,,,,,,,,,,,,,,,,23,,,,,,0,,,,,,,,,,,,,,,,,,,,,,,,,,,,
2013-12-11,MJ0351YNG9WJWA,Hitachi HDS5C3030ALA630,3000592982016,0,,0,,,,,,,,0,,,,,,7611,,,,,,,,,,,,,,,,,,,,,,,,,,,,,,24,,,,,,0,,,,,,,,,,,,,,,,,,,,,,,,,,,,
2013-12-11,WD-WCAWZ2716097,WDC WD30EZRX,3000592982016,0,,0,,,,,,,,0,,,,,,176,,,,,,,,,,,,,,,,,,,,,,,,,,,,,,25,,,,,,0,,,,,,,,,,,,,,,,,,,,,,,,,,,,
2013-12-11,MJ0351YNG9WSAA,Hitachi HDS5C3030ALA630,3000592982016,0,,0,,,,,,,,0,,,,,,9477,,,,,,,,,,,,,,,,,,,,,,,,,,,,,,25,,,,,,0,,,,,,,,,,,,,,,,,,,,,,,,,,,,
2013-12-11,JK1101B9KNN2AF,Hitachi HDS722020ALA330,2000398934016,0,,65538,,,,,,,,0,,,,,,23098,,,,,,,,,,,,,,,,,,,,,,,,,,,,,,27,,,,,,0,,,,,,,,,,,,,,,,,,,,,,,,,,,,
2013-12-11,MJ1311YNG6TM4A,Hitachi HDS5C3030ALA630,3000592982016,0,,0,,,,,,,,0,,,,,,14598,,,,,,,,,,,,,,,,,,,,,,,,,,,,,,27,,,,,,0,,,,,,,,,,,,,,,,,,,,,,,,,,,,
2013-12-11,9VS21LD8,ST31500341AS,1500301910016,0,,180241295,,,,,,,,3,,,,,,38107,,,,,,,,,,,,,,,,,,,,,,,,,,,,,,18,,,,,,0,,,,,,,,,,,,,,,,,,,,,,,,,,,,
2013-12-11,Z1F0LLPJ,ST3000DM001,3000592982016,0,,21119664,,,,,,,,0,,,,,,12322,,,,,,,,,,,,,,,,,,,,,,,,,,,,,,25,,,,,,0,,,,,,,,,,,,,,,,,,,,,,,,,,,,
2013-12-11,S1F02AK8,ST3000DM001,3000592982016,0,,6237704,,,,,,,,0,,,,,,15222,,,,,,,,,,,,,,,,,,,,,,,,,,,,,,22,,,,,,0,,,,,,,,,,,,,,,,,,,,,,,,,,,,
2013-12-11,MJ1311YNG6YNZA,Hitachi HDS5C3030ALA630,3000592982016,0,,0,,,,,,,,44,,,,,,9773,,,,,,,,,,,,,,,,,,,,,,,,,,,,,,29,,,,,,0,,,,,,,,,,,,,,,,,,,,,,,,,,,,
2013-12-11,Z290ZWDY,ST33000651AS,3000592982016,0,,213090477,,,,,,,,0,,,,,,15916,,,,,,,,,,,,,,,,,,,,,,,,,,,,,,24,,,,,,0,,,,,,,,,,,,,,,,,,,,,,,,,,,,
2013-12-11,WD-WCAWZ1335488,WDC WD30EZRX,3000592982016,0,,0,,,,,,,,0,,,,,,10571,,,,,,,,,,,,,,,,,,,,,,,,,,,,,,23,,,,,,0,,,,,,,,,,,,,,,,,,,,,,,,,,,,
2013-12-11,6XW02ZF7,ST31500541AS,1500301910016,0,,146976406,,,,,,,,0,,,,,,36953,,,,,,,,,,,,,,,,,,,,,,,,,,,,,,23,,,,,,0,,,,,,,,,,,,,,,,,,,,,,,,,,,,
2013-12-11,6XW1F85P,ST320005XXXX,2000398934016,0,,204971901,,,,,,,,0,,,,,,29567,,,,,,,,,,,,,,,,,,,,,,,,,,,,,,30,,,,,,0,,,,,,,,,,,,,,,,,,,,,,,,,,,,
2013-12-11,S1F0CT45,ST3000DM001,3000592982016,0,,114863504,,,,,,,,40,,,,,,12395,,,,,,,,,,,,,,,,,,,,,,,,,,,,,,27,,,,,,0,,,,,,,,,,,,,,,,,,,,,,,,,,,,
2013-12-11,5XW277FP,ST32000542AS,2000398934016,0,,60567803,,,,,,,,2030,,,,,,7245,,,,,,,,,,,,,,,,,,,,,,,,,,,,,,25,,,,,,0,,,,,,,,,,,,,,,,,,,,,,,,,,,,
2013-12-11,MJ1311YNG26ZRA,Hitachi HDS5C3030ALA630,3000592982016,0,,0,,,,,,,,0,,,,,,18361,,,,,,,,,,,,,,,,,,,,,,,,,,,,,,24,,,,,,0,,,,,,,,,,,,,,,,,,,,,,,,,,,,
2013-12-11,MJ0351YNG9RTUA,Hitachi HDS5C3030ALA630,3000592982016,0,,0,,,,,,,,0,,,,,,9524,,,,,,,,,,,,,,,,,,,,,,,,,,,,,,33,,,,,,0,,,,,,,,,,,,,,,,,,,,,,,,,,,,
2013-12-11,S1F0CT4P,ST3000DM001,3000592982016,0,,67787408,,,,,,,,0,,,,,,12359,,,,,,,,,,,,,,,,,,,,,,,,,,,,,,26,,,,,,0,,,,,,,,,,,,,,,,,,,,,,,,,,,,
2013-12-11,S1F0CT4H,ST3000DM001,3000592982016,0,,219798496,,,,,,,,0,,,,,,12417,,,,,,,,,,,,,,,,,,,,,,,,,,,,,,26,,,,,,0,,,,,,,,,,,,,,,,,,,,,,,,,,,,
2013-12-11,S1F0CT4F,ST3000DM001,3000592982016,0,,6148424,,,,,,,,0,,,,,,12366,,,,,,,,,,,,,,,,,,,,,,,,,,,,,,25,,,,,,0,,,,,,,,,,,,,,,,,,,,,,,,,,,,
2013-12-11,PL1311LAG3A2WH,Hitachi HDS5C4040ALE630,4000787030016,0,,0,,,,,,,,0,,,,,,6639,,,,,,,,,,,,,,,,,,,,,,,,,,,,,,26,,,,,,0,,,,,,,,,,,,,,,,,,,,,,,,,,,,
2013-12-11,MJ1311YNG35S3A,Hitachi HDS5C3030ALA630,3000592982016,0,,0,,,,,,,,0,,,,,,18041,,,,,,,,,,,,,,,,,,,,,,,,,,,,,,25,,,,,,0,,,,,,,,,,,,,,,,,,,,,,,,,,,,
2013-12-11,MJ1311YNG36X8A,Hitachi HDS5C3030ALA630,3000592982016,0,,0,,,,,,,,0,,,,,,18406,,,,,,,,,,,,,,,,,,,,,,,,,,,,,,24,,,,,,0,,,,,,,,,,,,,,,,,,,,,,,,,,,,
2013-12-11,MJ0351YNG9UHZA,Hitachi HDS5C3030ALA630,3000592982016,0,,0,,,,,,,,0,,,,,,9274,,,,,,,,,,,,,,,,,,,,,,,,,,,,,,24,,,,,,0,,,,,,,,,,,,,,,,,,,,,,,,,,,,
2013-12-11,PL1321LAG35X1H,Hitachi HDS5C4040ALE630,4000787030016,0,,0,,,,,,,,0,,,,,,5036,,,,,,,,,,,,,,,,,,,,,,,,,,,,,,29,,,,,,0,,,,,,,,,,,,,,,,,,,,,,,,,,,,
2013-12-11,9XW01QX3,ST31500541AS,1500301910016,0,,217166833,,,,,,,,0,,,,,,35042,,,,,,,,,,,,,,,,,,,,,,,,,,,,,,19,,,,,,0,,,,,,,,,,,,,,,,,,,,,,,,,,,,
2013-12-11,6XW01JVD,ST31500541AS,1500301910016,0,,54243072,,,,,,,,0,,,,,,37287,,,,,,,,,,,,,,,,,,,,,,,,,,,,,,21,,,,,,0,,,,,,,,,,,,,,,,,,,,,,,,,,,,
2013-12-11,JK1101B9JNAZUU,Hitachi HDS722020ALA330,2000398934016,0,,0,,,,,,,,0,,,,,,23990,,,,,,,,,,,,,,,,,,,,,,,,,,,,,,29,,,,,,0,,,,,,,,,,,,,,,,,,,,,,,,,,,,
2013-12-11,JK11A8B9J09HRF,Hitachi HDS722020ALA330,2000398934016,0,,0,,,,,,,,0,,,,,,26329,,,,,,,,,,,,,,,,,,,,,,,,,,,,,,23,,,,,,0,,,,,,,,,,,,,,,,,,,,,,,,,,,,
2013-12-11,MK0333YHGPDVYC,Hitachi HDS723030ALA640,3000592982016,0,,0,,,,,,,,0,,,,,,18088,,,,,,,,,,,,,,,,,,,,,,,,,,,,,,27,,,,,,0,,,,,,,,,,,,,,,,,,,,,,,,,,,,
2013-12-11,Z300LPZ6,ST4000DM000,4000787030016,0,,65396944,,,,,,,,0,,,,,,1451,,,,,,,,,,,,,,,,,,,,,,,,,,,,,,26,,,,,,0,,,,,,,,,,,,,,,,,,,,,,,,,,,,
2013-12-11,PL1311LAG23WZA,Hitachi HDS5C4040ALE630,4000787030016,0,,0,,,,,,,,0,,,,,,7401,,,,,,,,,,,,,,,,,,,,,,,,,,,,,,27,,,,,,0,,,,,,,,,,,,,,,,,,,,,,,,,,,,
2013-12-11,JK1171YAK1UTTN,Hitachi HDS722020ALA330,2000398934016,0,,65536,,,,,,,,0,,,,,,29915,,,,,,,,,,,,,,,,,,,,,,,,,,,,,,24,,,,,,0,,,,,,,,,,,,,,,,,,,,,,,,,,,,
2013-12-11,JK1101B9J3973F,Hitachi HDS722020ALA330,2000398934016,0,,0,,,,,,,,0,,,,,,24213,,,,,,,,,,,,,,,,,,,,,,,,,,,,,,25,,,,,,0,,,,,,,,,,,,,,,,,,,,,,,,,,,,
2013-12-11,MK0311YHG4EEJA,Hitachi HDS723030ALA640,3000592982016,0,,0,,,,,,,,0,,,,,,4202,,,,,,,,,,,,,,,,,,,,,,,,,,,,,,26,,,,,,0,,,,,,,,,,,,,,,,,,,,,,,,,,,,
2013-12-11,JK11A8B9J37NDF,Hitachi HDS722020ALA330,2000398934016,0,,0,,,,,,,,0,,,,,,24431,,,,,,,,,,,,,,,,,,,,,,,,,,,,,,27,,,,,,0,,,,,,,,,,,,,,,,,,,,,,,,,,,,
2013-12-11,MK0311YHGKH1LA,Hitachi HDS723030ALA640,3000592982016,0,,0,,,,,,,,0,,,,,,16682,,,,,,,,,,,,,,,,,,,,,,,,,,,,,,27,,,,,,3,,,,,,,,,,,,,,,,,,,,,,,,,,,,
2013-12-11,JK1101B9JPERJR,Hitachi HDS722020ALA330,2000398934016,0,,0,,,,,,,,0,,,,,,23991,,,,,,,,,,,,,,,,,,,,,,,,,,,,,,34,,,,,,0,,,,,,,,,,,,,,,,,,,,,,,,,,,,
2013-12-11,W3009FAN,ST4000DM000,4000787030016,0,,56068808,,,,,,,,0,,,,,,4183,,,,,,,,,,,,,,,,,,,,,,,,,,,,,,24,,,,,,0,,,,,,,,,,,,,,,,,,,,,,,,,,,,
2013-12-11,Z300KKHY,ST4000DM000,4000787030016,0,,80153584,,,,,,,,0,,,,,,1445,,,,,,,,,,,,,,,,,,,,,,,,,,,,,,25,,,,,,0,,,,,,,,,,,,,,,,,,,,,,,,,,,,
2013-12-11,W3005ZGS,ST4000DM000,4000787030016,0,,167148632,,,,,,,,0,,,,,,2893,,,,,,,,,,,,,,,,,,,,,,,,,,,,,,24,,,,,,0,,,,,,,,,,,,,,,,,,,,,,,,,,,,
2013-12-11,W3009FA8,ST4000DM000,4000787030016,0,,56916112,,,,,,,,0,,,,,,2272,,,,,,,,,,,,,,,,,,,,,,,,,,,,,,23,,,,,,0,,,,,,,,,,,,,,,,,,,,,,,,,,,,
2013-12-11,PL1311LAG391JH,Hitachi HDS5C4040ALE630,4000787030016,0,,0,,,,,,,,0,,,,,,2981,,,,,,,,,,,,,,,,,,,,,,,,,,,,,,27,,,,,,0,,,,,,,,,,,,,,,,,,,,,,,,,,,,
2013-12-11,JK1171B8GNNZHS,Hitachi HDS722020ALA330,2000398934016,0,,65538,,,,,,,,0,,,,,,26480,,,,,,,,,,,,,,,,,,,,,,,,,,,,,,25,,,,,,1,,,,,,,,,,,,,,,,,,,,,,,,,,,,
2013-12-11,Z300JDSM,ST4000DM000,4000787030016,0,,119098816,,,,,,,,0,,,,,,2873,,,,,,,,,,,,,,,,,,,,,,,,,,,,,,18,,,,,,0,,,,,,,,,,,,,,,,,,,,,,,,,,,,
2013-12-11,Z1F06HVD,ST3000DM001,3000592982016,0,,35449792,,,,,,,,0,,,,,,14734,,,,,,,,,,,,,,,,,,,,,,,,,,,,,,24,,,,,,0,,,,,,,,,,,,,,,,,,,,,,,,,,,,
2013-12-11,Z300HM88,ST4000DM000,4000787030016,0,,182428096,,,,,,,,0,,,,,,2845,,,,,,,,,,,,,,,,,,,,,,,,,,,,,,27,,,,,,0,,,,,,,,,,,,,,,,,,,,,,,,,,,,
2013-12-11,JK1101B9JP88TR,Hitachi HDS722020ALA330,2000398934016,0,,0,,,,,,,,0,,,,,,23991,,,,,,,,,,,,,,,,,,,,,,,,,,,,,,34,,,,,,0,,,,,,,,,,,,,,,,,,,,,,,,,,,,
2013-12-11,JK11A8B9J7G9NF,Hitachi HDS722020ALA330,2000398934016,0,,0,,,,,,,,0,,,,,,22862,,,,,,,,,,,,,,,,,,,,,,,,,,,,,,25,,,,,,0,,,,,,,,,,,,,,,,,,,,,,,,,,,,
2013-12-11,W3002H69,ST4000DM000,4000787030016,0,,228840792,,,,,,,,0,,,,,,2243,,,,,,,,,,,,,,,,,,,,,,,,,,,,,,20,,,,,,0,,,,,,,,,,,,,,,,,,,,,,,,,,,,
2013-12-11,PL1311LAG1H0RA,Hitachi HDS5C4040ALE630,4000787030016,0,,0,,,,,,,,0,,,,,,7404,,,,,,,,,,,,,,,,,,,,,,,,,,,,,,23,,,,,,0,,,,,,,,,,,,,,,,,,,,,,,,,,,,
2013-12-11,WD-WCAU45692918,WDC WD10EADS,1000204886016,0,,29,,,,,,,,0,,,,,,38995,,,,,,,,,,,,,,,,,,,,,,,,,,,,,,30,,,,,,0,,,,,,,,,,,,,,,,,,,,,,,,,,,,
2013-12-11,JK1101B9JNN9KF,Hitachi HDS722020ALA330,2000398934016,0,,0,,,,,,,,0,,,,,,23990,,,,,,,,,,,,,,,,,,,,,,,,,,,,,,23,,,,,,0,,,,,,,,,,,,,,,,,,,,,,,,,,,,
2013-12-11,6XW0465W,ST31500541AS,1500301910016,0,,85373725,,,,,,,,0,,,,,,37067,,,,,,,,,,,,,,,,,,,,,,,,,,,,,,26,,,,,,0,,,,,,,,,,,,,,,,,,,,,,,,,,,,
2013-12-11,13H2B97AS,TOSHIBA DT01ACA300,3000592982016,0,,0,,,,,,,,0,,,,,,2719,,,,,,,,,,,,,,,,,,,,,,,,,,,,,,25,,,,,,0,,,,,,,,,,,,,,,,,,,,,,,,,,,,
2013-12-11,6XW0465B,ST31500541AS,1500301910016,0,,105980646,,,,,,,,0,,,,,,36959,,,,,,,,,,,,,,,,,,,,,,,,,,,,,,19,,,,,,0,,,,,,,,,,,,,,,,,,,,,,,,,,,,
2013-12-11,MK0311YHG2YBUA,Hitachi HDS723030ALA640,3000592982016,0,,0,,,,,,,,0,,,,,,22347,,,,,,,,,,,,,,,,,,,,,,,,,,,,,,27,,,,,,0,,,,,,,,,,,,,,,,,,,,,,,,,,,,
2013-12-11,MJ0351YNG9Y17A,Hitachi HDS5C3030ALA630,3000592982016,0,,0,,,,,,,,0,,,,,,9163,,,,,,,,,,,,,,,,,,,,,,,,,,,,,,27,,,,,,0,,,,,,,,,,,,,,,,,,,,,,,,,,,,
2013-12-11,PL1321LAG31NTH,Hitachi HDS5C4040ALE630,4000787030016,0,,0,,,,,,,,0,,,,,,5922,,,,,,,,,,,,,,,,,,,,,,,,,,,,,,19,,,,,,0,,,,,,,,,,,,,,,,,,,,,,,,,,,,
2013-12-11,W1F0Z491,ST3000DM001,3000592982016,0,,197841472,,,,,,,,0,,,,,,10759,,,,,,,,,,,,,,,,,,,,,,,,,,,,,,23,,,,,,0,,,,,,,,,,,,,,,,,,,,,,,,,,,,
2013-12-11,PL1311LAG3EHEH,Hitachi HDS5C4040ALE630,4000787030016,0,,0,,,,,,,,0,,,,,,5125,,,,,,,,,,,,,,,,,,,,,,,,,,,,,,30,,,,,,0,,,,,,,,,,,,,,,,,,,,,,,,,,,,
2013-12-11,PL1311LAG3AG6H,Hitachi HDS5C4040ALE630,4000787030016,0,,0,,,,,,,,0,,,,,,6071,,,,,,,,,,,,,,,,,,,,,,,,,,,,,,19,,,,,,0,,,,,,,,,,,,,,,,,,,,,,,,,,,,
2013-12-11,JK1101B9GE88JF,Hitachi HDS722020ALA330,2000398934016,0,,0,,,,,,,,0,,,,,,26929,,,,,,,,,,,,,,,,,,,,,,,,,,,,,,24,,,,,,0,,,,,,,,,,,,,,,,,,,,,,,,,,,,
2013-12-11,JK1171B8GNP5VS,Hitachi HDS722020ALA330,2000398934016,0,,0,,,,,,,,0,,,,,,26838,,,,,,,,,,,,,,,,,,,,,,,,,,,,,,30,,,,,,0,,,,,,,,,,,,,,,,,,,,,,,,,,,,
2013-12-11,PL1311LAG20S3A,Hitachi HDS5C4040ALE630,4000787030016,0,,0,,,,,,,,0,,,,,,7435,,,,,,,,,,,,,,,,,,,,,,,,,,,,,,26,,,,,,0,,,,,,,,,,,,,,,,,,,,,,,,,,,,
2013-12-11,Z262A0JAS,TOSHIBA DT01ACA300,3000592982016,0,,0,,,,,,,,0,,,,,,6612,,,,,,,,,,,,,,,,,,,,,,,,,,,,,,26,,,,,,0,,,,,,,,,,,,,,,,,,,,,,,,,,,,
2013-12-11,PL1321LAG2Y53H,Hitachi HDS5C4040ALE630,4000787030016,0,,0,,,,,,,,0,,,,,,6648,,,,,,,,,,,,,,,,,,,,,,,,,,,,,,23,,,,,,0,,,,,,,,,,,,,,,,,,,,,,,,,,,,
2013-12-11,JK11A8B9J7HR1F,Hitachi HDS722020ALA330,2000398934016,0,,0,,,,,,,,0,,,,,,24914,,,,,,,,,,,,,,,,,,,,,,,,,,,,,,27,,,,,,0,,,,,,,,,,,,,,,,,,,,,,,,,,,,
2013-12-11,W300J6JX,ST4000DM000,4000787030016,0,,60874464,,,,,,,,0,,,,,,2248,,,,,,,,,,,,,,,,,,,,,,,,,,,,,,23,,,,,,0,,,,,,,,,,,,,,,,,,,,,,,,,,,,
2013-12-11,JK1101B9JPPH4F,Hitachi HDS722020ALA330,2000398934016,0,,0,,,,,,,,0,,,,,,23320,,,,,,,,,,,,,,,,,,,,,,,,,,,,,,28,,,,,,0,,,,,,,,,,,,,,,,,,,,,,,,,,,,
2013-12-11,6XW042VZ,ST31500541AS,1500301910016,0,,31206312,,,,,,,,0,,,,,,36641,,,,,,,,,,,,,,,,,,,,,,,,,,,,,,23,,,,,,0,,,,,,,,,,,,,,,,,,,,,,,,,,,,
2013-12-11,PL1311LAG3D40H,Hitachi HDS5C4040ALE630,4000787030016,0,,0,,,,,,,,0,,,,,,3631,,,,,,,,,,,,,,,,,,,,,,,,,,,,,,26,,,,,,0,,,,,,,,,,,,,,,,,,,,,,,,,,,,
2013-12-11,S1F0505D,ST3000DM001,3000592982016,0,,187257264,,,,,,,,0,,,,,,13824,,,,,,,,,,,,,,,,,,,,,,,,,,,,,,23,,,,,,0,,,,,,,,,,,,,,,,,,,,,,,,,,,,
2013-12-11,JK1130YAGLM6TT,Hitachi HDS722020ALA330,2000398934016,0,,0,,,,,,,,0,,,,,,1018,,,,,,,,,,,,,,,,,,,,,,,,,,,,,,26,,,,,,0,,,,,,,,,,,,,,,,,,,,,,,,,,,,
2013-12-11,MK0313YHG88JXC,Hitachi HDS723030ALA640,3000592982016,0,,0,,,,,,,,0,,,,,,7226,,,,,,,,,,,,,,,,,,,,,,,,,,,,,,30,,,,,,0,,,,,,,,,,,,,,,,,,,,,,,,,,,,
2013-12-11,PL2311LAG1PJ2C,Hitachi HDS5C4040ALE630,4000787030016,0,,0,,,,,,,,0,,,,,,7415,,,,,,,,,,,,,,,,,,,,,,,,,,,,,,22,,,,,,0,,,,,,,,,,,,,,,,,,,,,,,,,,,,
2013-12-11,MJ1311YNG0JV3A,Hitachi HDS5C3030ALA630,3000592982016,0,,0,,,,,,,,0,,,,,,20733,,,,,,,,,,,,,,,,,,,,,,,,,,,,,,23,,,,,,0,,,,,,,,,,,,,,,,,,,,,,,,,,,,
2013-12-11,MJ1311YNG37GKA,Hitachi HDS5C3030ALA630,3000592982016,0,,0,,,,,,,,0,,,,,,18316,,,,,,,,,,,,,,,,,,,,,,,,,,,,,,21,,,,,,0,,,,,,,,,,,,,,,,,,,,,,,,,,,,
2013-12-11,6XW0L44Z,ST31500541AS,1500301910016,0,,176174177,,,,,,,,0,,,,,,34199,,,,,,,,,,,,,,,,,,,,,,,,,,,,,,23,,,,,,0,,,,,,,,,,,,,,,,,,,,,,,,,,,,
2013-12-11,6XW1A6A3,ST32000542AS,2000398934016,0,,67101167,,,,,,,,0,,,,,,31706,,,,,,,,,,,,,,,,,,,,,,,,,,,,,,25,,,,,,0,,,,,,,,,,,,,,,,,,,,,,,,,,,,
2013-12-11,W1F1BW8W,ST3000DM001,3000592982016,0,,51337984,,,,,,,,0,,,,,,8186,,,,,,,,,,,,,,,,,,,,,,,,,,,,,,20,,,,,,0,,,,,,,,,,,,,,,,,,,,,,,,,,,,
2013-12-11,JK11A8B9J37SKF,Hitachi HDS722020ALA330,2000398934016,0,,0,,,,,,,,1,,,,,,22704,,,,,,,,,,,,,,,,,,,,,,,,,,,,,,25,,,,,,0,,,,,,,,,,,,,,,,,,,,,,,,,,,,
2013-12-11,6XW00CRN,ST31500541AS,1500301910016,0,,8247984,,,,,,,,0,,,,,,35441,,,,,,,,,,,,,,,,,,,,,,,,,,,,,,20,,,,,,0,,,,,,,,,,,,,,,,,,,,,,,,,,,,
2013-12-11,MJ1321YNG0JYVA,Hitachi HDS5C3030ALA630,3000592982016,0,,0,,,,,,,,0,,,,,,20503,,,,,,,,,,,,,,,,,,,,,,,,,,,,,,28,,,,,,0,,,,,,,,,,,,,,,,,,,,,,,,,,,,
2013-12-11,Z300KH5Y,ST4000DM000,4000787030016,0,,132276624,,,,,,,,0,,,,,,152,,,,,,,,,,,,,,,,,,,,,,,,,,,,,,26,,,,,,0,,,,,,,,,,,,,,,,,,,,,,,,,,,,
2013-12-11,Z1F1AGZW,ST3000DM001,3000592982016,0,,99788392,,,,,,,,3056,,,,,,8023,,,,,,,,,,,,,,,,,,,,,,,,,,,,,,28,,,,,,0,,,,,,,,,,,,,,,,,,,,,,,,,,,,
2013-12-11,MJ0351YNG9RWJA,Hitachi HDS5C3030ALA630,3000592982016,0,,0,,,,,,,,0,,,,,,8829,,,,,,,,,,,,,,,,,,,,,,,,,,,,,,30,,,,,,0,,,,,,,,,,,,,,,,,,,,,,,,,,,,
2013-12-11,JK11A8B9J3L4LF,Hitachi HDS722020ALA330,2000398934016,0,,0,,,,,,,,0,,,,,,23511,,,,,,,,,,,,,,,,,,,,,,,,,,,,,,24,,,,,,0,,,,,,,,,,,,,,,,,,,,,,,,,,,,
2013-12-11,MJ1311YNG31ANA,Hitachi HDS5C3030ALA630,3000592982016,0,,0,,,,,,,,0,,,,,,18048,,,,,,,,,,,,,,,,,,,,,,,,,,,,,,26,,,,,,0,,,,,,,,,,,,,,,,,,,,,,,,,,,,
2013-12-11,JK11A4B8J7S0TW,Hitachi HDS722020ALA330,2000398934016,0,,0,,,,,,,,0,,,,,,26025,,,,,,,,,,,,,,,,,,,,,,,,,,,,,,25,,,,,,0,,,,,,,,,,,,,,,,,,,,,,,,,,,,
2013-12-11,S1F0CRT8,ST3000DM001,3000592982016,0,,218711336,,,,,,,,0,,,,,,12362,,,,,,,,,,,,,,,,,,,,,,,,,,,,,,25,,,,,,16,,,,,,,,,,,,,,,,,,,,,,,,,,,,
2013-12-11,W300ADK9,ST4000DM000,4000787030016,0,,116406896,,,,,,,,0,,,,,,4183,,,,,,,,,,,,,,,,,,,,,,,,,,,,,,25,,,,,,0,,,,,,,,,,,,,,,,,,,,,,,,,,,,
2013-12-11,WD-WCAV5E530429,WDC WD10EADS,1000204886016,0,,0,,,,,,,,0,,,,,,19724,,,,,,,,,,,,,,,,,,,,,,,,,,,,,,30,,,,,,15,,,,,,,,,,,,,,,,,,,,,,,,,,,,
2013-12-11,6XW0396G,ST31500541AS,1500301910016,0,,236717483,,,,,,,,0,,,,,,33411,,,,,,,,,,,,,,,,,,,,,,,,,,,,,,19,,,,,,0,,,,,,,,,,,,,,,,,,,,,,,,,,,,
2013-12-11,JK11A8B9G7246F,Hitachi HDS722020ALA330,2000398934016,0,,0,,,,,,,,0,,,,,,26763,,,,,,,,,,,,,,,,,,,,,,,,,,,,,,24,,,,,,0,,,,,,,,,,,,,,,,,,,,,,,,,,,,
2013-12-11,9VS1H8JN,ST31500341AS,1500301910016,0,,58061453,,,,,,,,8,,,,,,40409,,,,,,,,,,,,,,,,,,,,,,,,,,,,,,27,,,,,,0,,,,,,,,,,,,,,,,,,,,,,,,,,,,
2013-12-11,W1F1DQP5,ST3000DM001,3000592982016,0,,28481464,,,,,,,,0,,,,,,8203,,,,,,,,,,,,,,,,,,,,,,,,,,,,,,26,,,,,,0,,,,,,,,,,,,,,,,,,,,,,,,,,,,
2013-12-11,Z1F1AFT5,ST3000DM001,3000592982016,0,,147478072,,,,,,,,0,,,,,,7993,,,,,,,,,,,,,,,,,,,,,,,,,,,,,,16,,,,,,0,,,,,,,,,,,,,,,,,,,,,,,,,,,,
2013-12-11,MJ0351YNG9T8KA,Hitachi HDS5C3030ALA630,3000592982016,0,,0,,,,,,,,0,,,,,,9552,,,,,,,,,,,,,,,,,,,,,,,,,,,,,,29,,,,,,0,,,,,,,,,,,,,,,,,,,,,,,,,,,,
2013-12-11,9VS1BTRD,ST31500341AS,1500301910016,0,,42206471,,,,,,,,648,,,,,,40242,,,,,,,,,,,,,,,,,,,,,,,,,,,,,,23,,,,,,0,,,,,,,,,,,,,,,,,,,,,,,,,,,,
2013-12-11,JK1101YAKNAVYV,Hitachi HDS722020ALA330,2000398934016,0,,0,,,,,,,,0,,,,,,23185,,,,,,,,,,,,,,,,,,,,,,,,,,,,,,25,,,,,,0,,,,,,,,,,,,,,,,,,,,,,,,,,,,
2013-12-11,MK0301YHGA3L4A,Hitachi HDS723030ALA640,3000592982016,0,,5308441,,,,,,,,0,,,,,,17035,,,,,,,,,,,,,,,,,,,,,,,,,,,,,,30,,,,,,0,,,,,,,,,,,,,,,,,,,,,,,,,,,,
2013-12-11,MJ0351YNG9Z5GA,Hitachi HDS5C3030ALA630,3000592982016,0,,0,,,,,,,,0,,,,,,9552,,,,,,,,,,,,,,,,,,,,,,,,,,,,,,31,,,,,,0,,,,,,,,,,,,,,,,,,,,,,,,,,,,
2013-12-11,MJ1323YNG1T0KC,Hitachi HDS5C3030ALA630,3000592982016,0,,0,,,,,,,,0,,,,,,19770,,,,,,,,,,,,,,,,,,,,,,,,,,,,,,24,,,,,,0,,,,,,,,,,,,,,,,,,,,,,,,,,,,
2013-12-11,S1F0AG21,ST3000DM001,3000592982016,0,,98186704,,,,,,,,0,,,,,,12319,,,,,,,,,,,,,,,,,,,,,,,,,,,,,,31,,,,,,0,,,,,,,,,,,,,,,,,,,,,,,,,,,,
2013-12-11,S1F0TPYB,ST3000DM001,3000592982016,0,,14834736,,,,,,,,0,,,,,,10760,,,,,,,,,,,,,,,,,,,,,,,,,,,,,,26,,,,,,0,,,,,,,,,,,,,,,,,,,,,,,,,,,,
2013-12-11,MK0331YHGNE5YA,Hitachi HDS723030ALA640,3000592982016,0,,0,,,,,,,,0,,,,,,17029,,,,,,,,,,,,,,,,,,,,,,,,,,,,,,31,,,,,,0,,,,,,,,,,,,,,,,,,,,,,,,,,,,
2013-12-11,MJ1311YNG5YGBA,Hitachi HDS5C3030ALA630,3000592982016,0,,65536,,,,,,,,0,,,,,,14683,,,,,,,,,,,,,,,,,,,,,,,,,,,,,,18,,,,,,0,,,,,,,,,,,,,,,,,,,,,,,,,,,,
2013-12-11,W300E0M5,ST4000DM000,4000787030016,0,,57375192,,,,,,,,0,,,,,,4183,,,,,,,,,,,,,,,,,,,,,,,,,,,,,,25,,,,,,0,,,,,,,,,,,,,,,,,,,,,,,,,,,,
2013-12-11,Z300NK8E,ST4000DM000,4000787030016,0,,128608688,,,,,,,,0,,,,,,1092,,,,,,,,,,,,,,,,,,,,,,,,,,,,,,26,,,,,,0,,,,,,,,,,,,,,,,,,,,,,,,,,,,
2013-12-11,W300D3YD,ST4000DM000,4000787030016,0,,226909840,,,,,,,,0,,,,,,4160,,,,,,,,,,,,,,,,,,,,,,,,,,,,,,22,,,,,,0,,,,,,,,,,,,,,,,,,,,,,,,,,,,
2013-12-11,PL1311LAG383YH,Hitachi HDS5C4040ALE630,4000787030016,0,,0,,,,,,,,0,,,,,,5920,,,,,,,,,,,,,,,,,,,,,,,,,,,,,,22,,,,,,0,,,,,,,,,,,,,,,,,,,,,,,,,,,,
2013-12-11,Z300JB7N,ST4000DM000,4000787030016,0,,225619800,,,,,,,,0,,,,,,2241,,,,,,,,,,,,,,,,,,,,,,,,,,,,,,21,,,,,,0,,,,,,,,,,,,,,,,,,,,,,,,,,,,
2013-12-11,6XW0BND7,ST31500541AS,1500301910016,0,,164399421,,,,,,,,0,,,,,,36298,,,,,,,,,,,,,,,,,,,,,,,,,,,,,,21,,,,,,0,,,,,,,,,,,,,,,,,,,,,,,,,,,,
2013-12-11,JK11A5B8J196RX,Hitachi HDS722020ALA330,2000398934016,0,,65536,,,,,,,,0,,,,,,23821,,,,,,,,,,,,,,,,,,,,,,,,,,,,,,37,,,,,,0,,,,,,,,,,,,,,,,,,,,,,,,,,,,
2013-12-11,PL1311LAG333PH,Hitachi HDS5C4040ALE630,4000787030016,0,,0,,,,,,,,0,,,,,,2981,,,,,,,,,,,,,,,,,,,,,,,,,,,,,,25,,,,,,0,,,,,,,,,,,,,,,,,,,,,,,,,,,,
2013-12-11,JK11A8B9J95XWF,Hitachi HDS722020ALA330,2000398934016,0,,0,,,,,,,,0,,,,,,24496,,,,,,,,,,,,,,,,,,,,,,,,,,,,,,29,,,,,,0,,,,,,,,,,,,,,,,,,,,,,,,,,,,
2013-12-11,MJ1311YNG3D9SA,Hitachi HDS5C3030ALA630,3000592982016,0,,3473730,,,,,,,,0,,,,,,19586,,,,,,,,,,,,,,,,,,,,,,,,,,,,,,24,,,,,,0,,,,,,,,,,,,,,,,,,,,,,,,,,,,
2013-12-11,W1F0P3FR,ST3000DM001,3000592982016,0,,181192480,,,,,,,,0,,,,,,11694,,,,,,,,,,,,,,,,,,,,,,,,,,,,,,26,,,,,,0,,,,,,,,,,,,,,,,,,,,,,,,,,,,
2013-12-11,MJ1311YNG7HX2A,Hitachi HDS5C3030ALA630,3000592982016,0,,0,,,,,,,,0,,,,,,14306,,,,,,,,,,,,,,,,,,,,,,,,,,,,,,23,,,,,,0,,,,,,,,,,,,,,,,,,,,,,,,,,,,
2013-12-11,JK1101B9KNY13F,Hitachi HDS722020ALA330,2000398934016,0,,0,,,,,,,,0,,,,,,23098,,,,,,,,,,,,,,,,,,,,,,,,,,,,,,28,,,,,,0,,,,,,,,,,,,,,,,,,,,,,,,,,,,
2013-12-11,JK1101B9KN4EAF,Hitachi HDS722020ALA330,2000398934016,0,,0,,,,,,,,0,,,,,,23125,,,,,,,,,,,,,,,,,,,,,,,,,,,,,,36,,,,,,0,,,,,,,,,,,,,,,,,,,,,,,,,,,,
2013-12-11,JK1101B9KNKL8F,Hitachi HDS722020ALA330,2000398934016,0,,0,,,,,,,,0,,,,,,23098,,,,,,,,,,,,,,,,,,,,,,,,,,,,,,28,,,,,,0,,,,,,,,,,,,,,,,,,,,,,,,,,,,
2013-12-11,JK1101B8KNTL2S,Hitachi HDS722020ALA330,2000398934016,0,,0,,,,,,,,0,,,,,,22955,,,,,,,,,,,,,,,,,,,,,,,,,,,,,,25,,,,,,0,,,,,,,,,,,,,,,,,,,,,,,,,,,,
2013-12-11,PL1331LAGB5B9H,Hitachi HDS5C4040ALE630,4000787030016,0,,0,,,,,,,,0,,,,,,2980,,,,,,,,,,,,,,,,,,,,,,,,,,,,,,22,,,,,,0,,,,,,,,,,,,,,,,,,,,,,,,,,,,
2013-12-11,PL1310LAG0413A,Hitachi HDS5C4040ALE630,4000787030016,0,,0,,,,,,,,0,,,,,,12997,,,,,,,,,,,,,,,,,,,,,,,,,,,,,,26,,,,,,0,,,,,,,,,,,,,,,,,,,,,,,,,,,,
2013-12-11,MJ0351YNG9NUXA,Hitachi HDS5C3030ALA630,3000592982016,0,,0,,,,,,,,0,,,,,,9913,,,,,,,,,,,,,,,,,,,,,,,,,,,,,,33,,,,,,0,,,,,,,,,,,,,,,,,,,,,,,,,,,,
2013-12-11,JK11A8B9J3ASVF,Hitachi HDS722020ALA330,2000398934016,0,,0,,,,,,,,0,,,,,,24426,,,,,,,,,,,,,,,,,,,,,,,,,,,,,,28,,,,,,0,,,,,,,,,,,,,,,,,,,,,,,,,,,,
2013-12-11,W300D3Y5,ST4000DM000,4000787030016,0,,105041088,,,,,,,,0,,,,,,909,,,,,,,,,,,,,,,,,,,,,,,,,,,,,,23,,,,,,0,,,,,,,,,,,,,,,,,,,,,,,,,,,,
2013-12-11,W1F0L6ZS,ST3000DM001,3000592982016,0,,78515960,,,,,,,,0,,,,,,9270,,,,,,,,,,,,,,,,,,,,,,,,,,,,,,29,,,,,,0,,,,,,,,,,,,,,,,,,,,,,,,,,,,
2013-12-11,W300E0MF,ST4000DM000,4000787030016,0,,150924776,,,,,,,,0,,,,,,4136,,,,,,,,,,,,,,,,,,,,,,,,,,,,,,23,,,,,,0,,,,,,,,,,,,,,,,,,,,,,,,,,,,
2013-12-11,Z300NK87,ST4000DM000,4000787030016,0,,60514640,,,,,,,,0,,,,,,1142,,,,,,,,,,,,,,,,,,,,,,,,,,,,,,27,,,,,,0,,,,,,,,,,,,,,,,,,,,,,,,,,,,
2013-12-11,S1F09MSM,ST3000DM001,3000592982016,0,,32569216,,,,,,,,0,,,,,,12368,,,,,,,,,,,,,,,,,,,,,,,,,,,,,,24,,,,,,0,,,,,,,,,,,,,,,,,,,,,,,,,,,,
2013-12-11,S1F0S4R1,ST3000DM001,3000592982016,0,,15957992,,,,,,,,0,,,,,,10771,,,,,,,,,,,,,,,,,,,,,,,,,,,,,,22,,,,,,0,,,,,,,,,,,,,,,,,,,,,,,,,,,,
2013-12-11,PL1311LAG3DL6H,Hitachi HDS5C4040ALE630,4000787030016,0,,0,,,,,,,,0,,,,,,5921,,,,,,,,,,,,,,,,,,,,,,,,,,,,,,20,,,,,,0,,,,,,,,,,,,,,,,,,,,,,,,,,,,
2013-12-11,6XW02TZS,ST31500541AS,1500301910016,0,,43681111,,,,,,,,0,,,,,,36958,,,,,,,,,,,,,,,,,,,,,,,,,,,,,,19,,,,,,0,,,,,,,,,,,,,,,,,,,,,,,,,,,,
2013-12-11,S1F0S4R7,ST3000DM001,3000592982016,0,,232491312,,,,,,,,0,,,,,,10726,,,,,,,,,,,,,,,,,,,,,,,,,,,,,,24,,,,,,0,,,,,,,,,,,,,,,,,,,,,,,,,,,,
2013-12-11,9XW01KHV,ST31500541AS,1500301910016,0,,46467369,,,,,,,,0,,,,,,35757,,,,,,,,,,,,,,,,,,,,,,,,,,,,,,21,,,,,,0,,,,,,,,,,,,,,,,,,,,,,,,,,,,
2013-12-11,Z300CQM8,ST4000DM000,4000787030016,0,,73329648,,,,,,,,0,,,,,,1297,,,,,,,,,,,,,,,,,,,,,,,,,,,,,,19,,,,,,0,,,,,,,,,,,,,,,,,,,,,,,,,,,,
2013-12-11,W1F0W63P,ST3000DM001,3000592982016,0,,124807664,,,,,,,,0,,,,,,11639,,,,,,,,,,,,,,,,,,,,,,,,,,,,,,22,,,,,,0,,,,,,,,,,,,,,,,,,,,,,,,,,,,
2013-12-11,MK0331YHGS1TSA,Hitachi HDS723030ALA640,3000592982016,0,,0,,,,,,,,0,,,,,,16077,,,,,,,,,,,,,,,,,,,,,,,,,,,,,,30,,,,,,0,,,,,,,,,,,,,,,,,,,,,,,,,,,,
2013-12-11,MJ1321YNG0GKSA,Hitachi HDS5C3030ALA630,3000592982016,0,,262146,,,,,,,,0,,,,,,20509,,,,,,,,,,,,,,,,,,,,,,,,,,,,,,25,,,,,,0,,,,,,,,,,,,,,,,,,,,,,,,,,,,
2013-12-11,MK0311YHG6S2MA,Hitachi HDS723030ALA640,3000592982016,0,,0,,,,,,,,0,,,,,,16075,,,,,,,,,,,,,,,,,,,,,,,,,,,,,,29,,,,,,0,,,,,,,,,,,,,,,,,,,,,,,,,,,,
2013-12-11,6XW02EGN,ST31500541AS,1500301910016,0,,57829275,,,,,,,,0,,,,,,29405,,,,,,,,,,,,,,,,,,,,,,,,,,,,,,19,,,,,,0,,,,,,,,,,,,,,,,,,,,,,,,,,,,
2013-12-11,JK1171B9HLJJAT,Hitachi HDS722020ALA330,2000398934016,0,,0,,,,,,,,0,,,,,,25731,,,,,,,,,,,,,,,,,,,,,,,,,,,,,,28,,,,,,0,,,,,,,,,,,,,,,,,,,,,,,,,,,,
2013-12-11,Z290ESBY,ST33000651AS,3000592982016,0,,208658876,,,,,,,,0,,,,,,17741,,,,,,,,,,,,,,,,,,,,,,,,,,,,,,19,,,,,,0,,,,,,,,,,,,,,,,,,,,,,,,,,,,
2013-12-11,Z300DLS5,ST4000DM000,4000787030016,0,,33605504,,,,,,,,0,,,,,,2257,,,,,,,,,,,,,,,,,,,,,,,,,,,,,,24,,,,,,0,,,,,,,,,,,,,,,,,,,,,,,,,,,,
2013-12-11,MJ0351YNG9UWMA,Hitachi HDS5C3030ALA630,3000592982016,0,,0,,,,,,,,0,,,,,,9552,,,,,,,,,,,,,,,,,,,,,,,,,,,,,,30,,,,,,0,,,,,,,,,,,,,,,,,,,,,,,,,,,,
2013-12-11,S1F0S4RG,ST3000DM001,3000592982016,0,,160405544,,,,,,,,0,,,,,,10835,,,,,,,,,,,,,,,,,,,,,,,,,,,,,,35,,,,,,0,,,,,,,,,,,,,,,,,,,,,,,,,,,,
2013-12-11,JK1105B8GAHTZX,Hitachi HDS722020ALA330,2000398934016,0,,0,,,,,,,,1,,,,,,27167,,,,,,,,,,,,,,,,,,,,,,,,,,,,,,28,,,,,,0,,,,,,,,,,,,,,,,,,,,,,,,,,,,
2013-12-11,5XW02BL4,ST31500541AS,1500301910016,0,,156682915,,,,,,,,0,,,,,,34740,,,,,,,,,,,,,,,,,,,,,,,,,,,,,,21,,,,,,0,,,,,,,,,,,,,,,,,,,,,,,,,,,,
2013-12-11,Z300KEH8,ST4000DM000,4000787030016,0,,161896360,,,,,,,,0,,,,,,152,,,,,,,,,,,,,,,,,,,,,,,,,,,,,,25,,,,,,0,,,,,,,,,,,,,,,,,,,,,,,,,,,,
2013-12-11,9XW01QE5,ST31500541AS,1500301910016,0,,207091864,,,,,,,,0,,,,,,35439,,,,,,,,,,,,,,,,,,,,,,,,,,,,,,21,,,,,,0,,,,,,,,,,,,,,,,,,,,,,,,,,,,
2013-12-11,5XW13EW1,ST32000542AS,2000398934016,0,,160885730,,,,,,,,0,,,,,,15216,,,,,,,,,,,,,,,,,,,,,,,,,,,,,,22,,,,,,0,,,,,,,,,,,,,,,,,,,,,,,,,,,,
2013-12-11,PL1321LAG36AJH,Hitachi HDS5C4040ALE630,4000787030016,0,,0,,,,,,,,0,,,,,,6070,,,,,,,,,,,,,,,,,,,,,,,,,,,,,,23,,,,,,0,,,,,,,,,,,,,,,,,,,,,,,,,,,,
2013-12-11,PL1321LAGAZU4H,Hitachi HDS5C4040ALE630,4000787030016,0,,0,,,,,,,,0,,,,,,2981,,,,,,,,,,,,,,,,,,,,,,,,,,,,,,23,,,,,,0,,,,,,,,,,,,,,,,,,,,,,,,,,,,
2013-12-11,W1F0A532,ST3000DM001,3000592982016,0,,232217536,,,,,,,,0,,,,,,14710,,,,,,,,,,,,,,,,,,,,,,,,,,,,,,25,,,,,,0,,,,,,,,,,,,,,,,,,,,,,,,,,,,
2013-12-11,JK1101B9KD6V4F,Hitachi HDS722020ALA330,2000398934016,0,,0,,,,,,,,0,,,,,,22862,,,,,,,,,,,,,,,,,,,,,,,,,,,,,,28,,,,,,0,,,,,,,,,,,,,,,,,,,,,,,,,,,,
2013-12-11,S1F0RS81,ST3000DM001,3000592982016,0,,64843224,,,,,,,,0,,,,,,10539,,,,,,,,,,,,,,,,,,,,,,,,,,,,,,26,,,,,,0,,,,,,,,,,,,,,,,,,,,,,,,,,,,
2013-12-11,MJ1311YNG7EJMA,Hitachi HDS5C3030ALA630,3000592982016,0,,0,,,,,,,,0,,,,,,14574,,,,,,,,,,,,,,,,,,,,,,,,,,,,,,21,,,,,,0,,,,,,,,,,,,,,,,,,,,,,,,,,,,
2013-12-11,JK1101B9GETVNF,Hitachi HDS722020ALA330,2000398934016,0,,1,,,,,,,,1,,,,,,27543,,,,,,,,,,,,,,,,,,,,,,,,,,,,,,26,,,,,,0,,,,,,,,,,,,,,,,,,,,,,,,,,,,
2013-12-11,W300CDS8,ST4000DM000,4000787030016,0,,208095632,,,,,,,,0,,,,,,2238,,,,,,,,,,,,,,,,,,,,,,,,,,,,,,24,,,,,,0,,,,,,,,,,,,,,,,,,,,,,,,,,,,
2013-12-11,PL1321LAGAWE9H,Hitachi HDS5C4040ALE630,4000787030016,0,,0,,,,,,,,0,,,,,,5064,,,,,,,,,,,,,,,,,,,,,,,,,,,,,,30,,,,,,0,,,,,,,,,,,,,,,,,,,,,,,,,,,,
2013-12-11,S1F039FE,ST3000DM001,3000592982016,0,,168591720,,,,,,,,0,,,,,,13357,,,,,,,,,,,,,,,,,,,,,,,,,,,,,,22,,,,,,0,,,,,,,,,,,,,,,,,,,,,,,,,,,,
2013-12-11,WD-WMAWZ0285736,WDC WD30EZRX,3000592982016,0,,0,,,,,,,,0,,,,,,12703,,,,,,,,,,,,,,,,,,,,,,,,,,,,,,20,,,,,,0,,,,,,,,,,,,,,,,,,,,,,,,,,,,
2013-12-11,JK11A8B9J901BF,Hitachi HDS722020ALA330,2000398934016,0,,0,,,,,,,,0,,,,,,24495,,,,,,,,,,,,,,,,,,,,,,,,,,,,,,26,,,,,,0,,,,,,,,,,,,,,,,,,,,,,,,,,,,
2013-12-11,PL1311LAG38G5H,Hitachi HDS5C4040ALE630,4000787030016,0,,0,,,,,,,,0,,,,,,6655,,,,,,,,,,,,,,,,,,,,,,,,,,,,,,17,,,,,,0,,,,,,,,,,,,,,,,,,,,,,,,,,,,
2013-12-11,PL2311LAG1NU7C,Hitachi HDS5C4040ALE630,4000787030016,0,,0,,,,,,,,0,,,,,,7462,,,,,,,,,,,,,,,,,,,,,,,,,,,,,,26,,,,,,0,,,,,,,,,,,,,,,,,,,,,,,,,,,,
2013-12-11,MK0333YHGR8L5C,Hitachi HDS723030ALA640,3000592982016,0,,2,,,,,,,,0,,,,,,16661,,,,,,,,,,,,,,,,,,,,,,,,,,,,,,28,,,,,,0,,,,,,,,,,,,,,,,,,,,,,,,,,,,
2013-12-11,PL1311LAG3D8LH,Hitachi HDS5C4040ALE630,4000787030016,0,,0,,,,,,,,0,,,,,,6616,,,,,,,,,,,,,,,,,,,,,,,,,,,,,,25,,,,,,0,,,,,,,,,,,,,,,,,,,,,,,,,,,,
2013-12-11,5XW02HVD,ST31500541AS,1500301910016,0,,9056043,,,,,,,,0,,,,,,37050,,,,,,,,,,,,,,,,,,,,,,,,,,,,,,24,,,,,,0,,,,,,,,,,,,,,,,,,,,,,,,,,,,
2013-12-11,MJ1311YNG00AWA,Hitachi HDS5C3030ALA630,3000592982016,0,,0,,,,,,,,0,,,,,,14621,,,,,,,,,,,,,,,,,,,,,,,,,,,,,,23,,,,,,0,,,,,,,,,,,,,,,,,,,,,,,,,,,,
2013-12-11,MJ1323YNG1BLDC,Hitachi HDS5C3030ALA630,3000592982016,0,,0,,,,,,,,0,,,,,,19633,,,,,,,,,,,,,,,,,,,,,,,,,,,,,,24,,,,,,0,,,,,,,,,,,,,,,,,,,,,,,,,,,,
2013-12-11,PL1311LAG3A8NH,Hitachi HDS5C4040ALE630,4000787030016,0,,0,,,,,,,,0,,,,,,5056,,,,,,,,,,,,,,,,,,,,,,,,,,,,,,32,,,,,,0,,,,,,,,,,,,,,,,,,,,,,,,,,,,
2013-12-11,JK11A8B9J6LUSF,Hitachi HDS722020ALA330,2000398934016,0,,0,,,,,,,,0,,,,,,25584,,,,,,,,,,,,,,,,,,,,,,,,,,,,,,29,,,,,,0,,,,,,,,,,,,,,,,,,,,,,,,,,,,
2013-12-11,MJ0351YNGA3YRA,Hitachi HDS5C3030ALA630,3000592982016,0,,0,,,,,,,,0,,,,,,7828,,,,,,,,,,,,,,,,,,,,,,,,,,,,,,24,,,,,,0,,,,,,,,,,,,,,,,,,,,,,,,,,,,
2013-12-11,Z300RK39,ST4000DM000,4000787030016,0,,42824744,,,,,,,,0,,,,,,923,,,,,,,,,,,,,,,,,,,,,,,,,,,,,,26,,,,,,0,,,,,,,,,,,,,,,,,,,,,,,,,,,,
2013-12-11,Z1F1PQJY,ST3000DM001,3000592982016,0,,78793320,,,,,,,,0,,,,,,7374,,,,,,,,,,,,,,,,,,,,,,,,,,,,,,22,,,,,,0,,,,,,,,,,,,,,,,,,,,,,,,,,,,
2013-12-11,S1F0QXDQ,ST3000DM001,3000592982016,0,,68869984,,,,,,,,0,,,,,,11641,,,,,,,,,,,,,,,,,,,,,,,,,,,,,,26,,,,,,0,,,,,,,,,,,,,,,,,,,,,,,,,,,,
2013-12-11,JK1101B9GN60MF,Hitachi HDS722020ALA330,2000398934016,0,,0,,,,,,,,0,,,,,,26837,,,,,,,,,,,,,,,,,,,,,,,,,,,,,,25,,,,,,0,,,,,,,,,,,,,,,,,,,,,,,,,,,,
2013-12-11,MJ1323YNG1EYJC,Hitachi HDS5C3030ALA630,3000592982016,0,,3538945,,,,,,,,0,,,,,,19760,,,,,,,,,,,,,,,,,,,,,,,,,,,,,,28,,,,,,0,,,,,,,,,,,,,,,,,,,,,,,,,,,,
2013-12-11,S1F0RS8H,ST3000DM001,3000592982016,0,,16846904,,,,,,,,0,,,,,,10721,,,,,,,,,,,,,,,,,,,,,,,,,,,,,,27,,,,,,0,,,,,,,,,,,,,,,,,,,,,,,,,,,,
2013-12-11,MJ0351YNG9T64A,Hitachi HDS5C3030ALA630,3000592982016,0,,0,,,,,,,,0,,,,,,9999,,,,,,,,,,,,,,,,,,,,,,,,,,,,,,34,,,,,,0,,,,,,,,,,,,,,,,,,,,,,,,,,,,
2013-12-11,Z300K9ZX,ST4000DM000,4000787030016,0,,101717840,,,,,,,,0,,,,,,2243,,,,,,,,,,,,,,,,,,,,,,,,,,,,,,21,,,,,,0,,,,,,,,,,,,,,,,,,,,,,,,,,,,
2013-12-11,9VS2AJYQ,ST31500341AS,1500301910016,0,,179062685,,,,,,,,137,,,,,,38655,,,,,,,,,,,,,,,,,,,,,,,,,,,,,,23,,,,,,0,,,,,,,,,,,,,,,,,,,,,,,,,,,,
2013-12-11,W1F08ZHZ,ST3000DM001,3000592982016,0,,240662496,,,,,,,,0,,,,,,14718,,,,,,,,,,,,,,,,,,,,,,,,,,,,,,27,,,,,,0,,,,,,,,,,,,,,,,,,,,,,,,,,,,
2013-12-11,JK11A8B9J81Y8F,Hitachi HDS722020ALA330,2000398934016,0,,0,,,,,,,,1,,,,,,25119,,,,,,,,,,,,,,,,,,,,,,,,,,,,,,32,,,,,,0,,,,,,,,,,,,,,,,,,,,,,,,,,,,
2013-12-11,PL2311LAG1RKNC,Hitachi HDS5C4040ALE630,4000787030016,0,,0,,,,,,,,0,,,,,,7414,,,,,,,,,,,,,,,,,,,,,,,,,,,,,,23,,,,,,0,,,,,,,,,,,,,,,,,,,,,,,,,,,,
2013-12-11,6XW04353,ST31500541AS,1500301910016,0,,208606515,,,,,,,,0,,,,,,37289,,,,,,,,,,,,,,,,,,,,,,,,,,,,,,23,,,,,,0,,,,,,,,,,,,,,,,,,,,,,,,,,,,
2013-12-11,6XW009WY,ST31500541AS,1500301910016,0,,14841517,,,,,,,,0,,,,,,35440,,,,,,,,,,,,,,,,,,,,,,,,,,,,,,19,,,,,,0,,,,,,,,,,,,,,,,,,,,,,,,,,,,
2013-12-11,MK0311YHGK0GYA,Hitachi HDS723030ALA640,3000592982016,0,,0,,,,,,,,66,,,,,,16734,,,,,,,,,,,,,,,,,,,,,,,,,,,,,,31,,,,,,0,,,,,,,,,,,,,,,,,,,,,,,,,,,,
2013-12-11,PL1311LAG1RX6A,Hitachi HDS5C4040ALE630,4000787030016,0,,0,,,,,,,,0,,,,,,5191,,,,,,,,,,,,,,,,,,,,,,,,,,,,,,27,,,,,,0,,,,,,,,,,,,,,,,,,,,,,,,,,,,
2013-12-11,PL2321LAGASXAJ,Hitachi HDS5C4040ALE630,4000787030016,0,,0,,,,,,,,0,,,,,,5071,,,,,,,,,,,,,,,,,,,,,,,,,,,,,,29,,,,,,0,,,,,,,,,,,,,,,,,,,,,,,,,,,,
2013-12-11,6XW01HFJ,ST31500541AS,1500301910016,0,,201819088,,,,,,,,0,,,,,,37051,,,,,,,,,,,,,,,,,,,,,,,,,,,,,,23,,,,,,0,,,,,,,,,,,,,,,,,,,,,,,,,,,,
2013-12-11,9VS3J2TQ,ST31500341AS,1500301910016,0,,46660864,,,,,,,,480,,,,,,32910,,,,,,,,,,,,,,,,,,,,,,,,,,,,,,23,,,,,,3,,,,,,,,,,,,,,,,,,,,,,,,,,,,
2013-12-11,MK0313YHGERKTC,Hitachi HDS723030ALA640,3000592982016,0,,0,,,,,,,,0,,,,,,21462,,,,,,,,,,,,,,,,,,,,,,,,,,,,,,30,,,,,,0,,,,,,,,,,,,,,,,,,,,,,,,,,,,
2013-12-11,JK1101B9HDEGKF,Hitachi HDS722020ALA330,2000398934016,0,,1,,,,,,,,0,,,,,,23319,,,,,,,,,,,,,,,,,,,,,,,,,,,,,,35,,,,,,0,,,,,,,,,,,,,,,,,,,,,,,,,,,,
2013-12-11,S1F02NE1,ST3000DM001,3000592982016,0,,98410864,,,,,,,,0,,,,,,15263,,,,,,,,,,,,,,,,,,,,,,,,,,,,,,22,,,,,,16,,,,,,,,,,,,,,,,,,,,,,,,,,,,
2013-12-11,MJ1311YNG2AZTA,Hitachi HDS5C3030ALA630,3000592982016,0,,0,,,,,,,,0,,,,,,18067,,,,,,,,,,,,,,,,,,,,,,,,,,,,,,27,,,,,,0,,,,,,,,,,,,,,,,,,,,,,,,,,,,
2013-12-11,W300DBXQ,ST4000DM000,4000787030016,0,,225517008,,,,,,,,0,,,,,,4153,,,,,,,,,,,,,,,,,,,,,,,,,,,,,,25,,,,,,0,,,,,,,,,,,,,,,,,,,,,,,,,,,,
2013-12-11,MK0311YHG1V3XA,Hitachi HDS723030ALA640,3000592982016,0,,0,,,,,,,,0,,,,,,22346,,,,,,,,,,,,,,,,,,,,,,,,,,,,,,28,,,,,,0,,,,,,,,,,,,,,,,,,,,,,,,,,,,
2013-12-11,W300DD53,ST4000DM000,4000787030016,0,,241532504,,,,,,,,0,,,,,,4134,,,,,,,,,,,,,,,,,,,,,,,,,,,,,,25,,,,,,0,,,,,,,,,,,,,,,,,,,,,,,,,,,,
2013-12-11,JK11A8B9J1SKJF,Hitachi HDS722020ALA330,2000398934016,0,,1,,,,,,,,0,,,,,,23711,,,,,,,,,,,,,,,,,,,,,,,,,,,,,,28,,,,,,0,,,,,,,,,,,,,,,,,,,,,,,,,,,,
2013-12-11,JK11A8B9GP93EF,Hitachi HDS722020ALA330,2000398934016,0,,0,,,,,,,,0,,,,,,26493,,,,,,,,,,,,,,,,,,,,,,,,,,,,,,29,,,,,,0,,,,,,,,,,,,,,,,,,,,,,,,,,,,
2013-12-11,W3005SG4,ST4000DM000,4000787030016,0,,75296120,,,,,,,,0,,,,,,2876,,,,,,,,,,,,,,,,,,,,,,,,,,,,,,23,,,,,,0,,,,,,,,,,,,,,,,,,,,,,,,,,,,
2013-12-11,JK11A8B9J6LTSF,Hitachi HDS722020ALA330,2000398934016,0,,0,,,,,,,,0,,,,,,22022,,,,,,,,,,,,,,,,,,,,,,,,,,,,,,27,,,,,,0,,,,,,,,,,,,,,,,,,,,,,,,,,,,
2013-12-11,MJ0351YNGA0BTA,Hitachi HDS5C3030ALA630,3000592982016,0,,0,,,,,,,,0,,,,,,8641,,,,,,,,,,,,,,,,,,,,,,,,,,,,,,26,,,,,,0,,,,,,,,,,,,,,,,,,,,,,,,,,,,
2013-12-11,MK0301YHGME1LD,Hitachi HDS723030ALA640,3000592982016,0,,0,,,,,,,,0,,,,,,16680,,,,,,,,,,,,,,,,,,,,,,,,,,,,,,23,,,,,,0,,,,,,,,,,,,,,,,,,,,,,,,,,,,
2013-12-11,PL1311LAG24M1A,Hitachi HDS5C4040ALE630,4000787030016,0,,0,,,,,,,,0,,,,,,7404,,,,,,,,,,,,,,,,,,,,,,,,,,,,,,29,,,,,,0,,,,,,,,,,,,,,,,,,,,,,,,,,,,
2013-12-11,PL2311LAG1ANZC,Hitachi HDS5C4040ALE630,4000787030016,0,,0,,,,,,,,0,,,,,,7437,,,,,,,,,,,,,,,,,,,,,,,,,,,,,,26,,,,,,0,,,,,,,,,,,,,,,,,,,,,,,,,,,,
2013-12-11,MK0311YHGA4L1A,Hitachi HDS723030ALA640,3000592982016,0,,0,,,,,,,,0,,,,,,16683,,,,,,,,,,,,,,,,,,,,,,,,,,,,,,27,,,,,,0,,,,,,,,,,,,,,,,,,,,,,,,,,,,
2013-12-11,MJ0351YNG9VPYA,Hitachi HDS5C3030ALA630,3000592982016,0,,0,,,,,,,,0,,,,,,9906,,,,,,,,,,,,,,,,,,,,,,,,,,,,,,23,,,,,,0,,,,,,,,,,,,,,,,,,,,,,,,,,,,
2013-12-11,W1F0P23G,ST3000DM001,3000592982016,0,,110085952,,,,,,,,0,,,,,,11022,,,,,,,,,,,,,,,,,,,,,,,,,,,,,,30,,,,,,0,,,,,,,,,,,,,,,,,,,,,,,,,,,,
2013-12-11,W1F0HJTD,ST3000DM001,3000592982016,0,,54224384,,,,,,,,0,,,,,,11024,,,,,,,,,,,,,,,,,,,,,,,,,,,,,,30,,,,,,0,,,,,,,,,,,,,,,,,,,,,,,,,,,,
2013-12-11,MJ1321YNG0R91A,Hitachi HDS5C3030ALA630,3000592982016,0,,0,,,,,,,,0,,,,,,20308,,,,,,,,,,,,,,,,,,,,,,,,,,,,,,32,,,,,,0,,,,,,,,,,,,,,,,,,,,,,,,,,,,
2013-12-11,MJ0351YNGA8X0A,Hitachi HDS5C3030ALA630,3000592982016,0,,0,,,,,,,,0,,,,,,8615,,,,,,,,,,,,,,,,,,,,,,,,,,,,,,29,,,,,,0,,,,,,,,,,,,,,,,,,,,,,,,,,,,
2013-12-11,MJ1323YNG1TPBC,Hitachi HDS5C3030ALA630,3000592982016,0,,0,,,,,,,,0,,,,,,19310,,,,,,,,,,,,,,,,,,,,,,,,,,,,,,28,,,,,,0,,,,,,,,,,,,,,,,,,,,,,,,,,,,
2013-12-11,Z290R61A,ST33000651AS,3000592982016,0,,34518140,,,,,,,,0,,,,,,15916,,,,,,,,,,,,,,,,,,,,,,,,,,,,,,27,,,,,,0,,,,,,,,,,,,,,,,,,,,,,,,,,,,
2013-12-11,PL1321LAGB2P3H,Hitachi HDS5C4040ALE630,4000787030016,0,,0,,,,,,,,0,,,,,,5052,,,,,,,,,,,,,,,,,,,,,,,,,,,,,,30,,,,,,0,,,,,,,,,,,,,,,,,,,,,,,,,,,,
2013-12-11,W300656H,ST4000DM000,4000787030016,0,,93320496,,,,,,,,0,,,,,,2857,,,,,,,,,,,,,,,,,,,,,,,,,,,,,,22,,,,,,0,,,,,,,,,,,,,,,,,,,,,,,,,,,,
2013-12-11,MJ1321YNG0GY4A,Hitachi HDS5C3030ALA630,3000592982016,0,,0,,,,,,,,0,,,,,,18067,,,,,,,,,,,,,,,,,,,,,,,,,,,,,,24,,,,,,0,,,,,,,,,,,,,,,,,,,,,,,,,,,,
2013-12-11,JK11A8B9J7A6MF,Hitachi HDS722020ALA330,2000398934016,0,,196610,,,,,,,,0,,,,,,25541,,,,,,,,,,,,,,,,,,,,,,,,,,,,,,29,,,,,,0,,,,,,,,,,,,,,,,,,,,,,,,,,,,
2013-12-11,JK1101B9JP5U9U,Hitachi HDS722020ALA330,2000398934016,0,,0,,,,,,,,0,,,,,,24112,,,,,,,,,,,,,,,,,,,,,,,,,,,,,,25,,,,,,0,,,,,,,,,,,,,,,,,,,,,,,,,,,,
2013-12-11,MJ0351YNGA17PA,Hitachi HDS5C3030ALA630,3000592982016,0,,0,,,,,,,,0,,,,,,8092,,,,,,,,,,,,,,,,,,,,,,,,,,,,,,24,,,,,,0,,,,,,,,,,,,,,,,,,,,,,,,,,,,
2013-12-11,WD-WCC1T1248534,WDC WD30EFRX,3000592982016,0,,0,,,,,,,,0,,,,,,1713,,,,,,,,,,,,,,,,,,,,,,,,,,,,,,26,,,,,,0,,,,,,,,,,,,,,,,,,,,,,,,,,,,
2013-12-11,WD-WCC070198803,WDC WD30EZRX,3000592982016,0,,0,,,,,,,,0,,,,,,8605,,,,,,,,,,,,,,,,,,,,,,,,,,,,,,26,,,,,,2,,,,,,,,,,,,,,,,,,,,,,,,,,,,
2013-12-11,MJ0351YNG9S1XA,Hitachi HDS5C3030ALA630,3000592982016,0,,0,,,,,,,,0,,,,,,8640,,,,,,,,,,,,,,,,,,,,,,,,,,,,,,27,,,,,,0,,,,,,,,,,,,,,,,,,,,,,,,,,,,
2013-12-11,W1F0AN54,ST3000DM001,3000592982016,0,,73381240,,,,,,,,0,,,,,,13911,,,,,,,,,,,,,,,,,,,,,,,,,,,,,,22,,,,,,0,,,,,,,,,,,,,,,,,,,,,,,,,,,,
2013-12-11,Z1Z02QVL,ST4000DX000,4000787030016,0,,119422209,,,,,,,,0,,,,,,5379,,,,,,,,,,,,,,,,,,,,,,,,,,,,,,27,,,,,,0,,,,,,,,,,,,,,,,,,,,,,,,,,,,
2013-12-11,S1F05WGW,ST3000DM001,3000592982016,0,,216115400,,,,,,,,0,,,,,,13915,,,,,,,,,,,,,,,,,,,,,,,,,,,,,,21,,,,,,0,,,,,,,,,,,,,,,,,,,,,,,,,,,,
2013-12-11,9VS3JYP5,ST31500341AS,1500301910016,0,,215381266,,,,,,,,66,,,,,,32929,,,,,,,,,,,,,,,,,,,,,,,,,,,,,,23,,,,,,0,,,,,,,,,,,,,,,,,,,,,,,,,,,,
2013-12-11,MJ1311YNG3GLLA,Hitachi HDS5C3030ALA630,3000592982016,0,,2228252,,,,,,,,0,,,,,,19586,,,,,,,,,,,,,,,,,,,,,,,,,,,,,,21,,,,,,0,,,,,,,,,,,,,,,,,,,,,,,,,,,,
2013-12-11,9VS3JYP2,ST31500341AS,1500301910016,0,,33942961,,,,,,,,275,,,,,,32927,,,,,,,,,,,,,,,,,,,,,,,,,,,,,,23,,,,,,0,,,,,,,,,,,,,,,,,,,,,,,,,,,,
2013-12-11,Z300H286,ST4000DM000,4000787030016,0,,90242232,,,,,,,,0,,,,,,2856,,,,,,,,,,,,,,,,,,,,,,,,,,,,,,23,,,,,,0,,,,,,,,,,,,,,,,,,,,,,,,,,,,
2013-12-11,PL1321LAG320YH,Hitachi HDS5C4040ALE630,4000787030016,0,,0,,,,,,,,0,,,,,,5139,,,,,,,,,,,,,,,,,,,,,,,,,,,,,,31,,,,,,0,,,,,,,,,,,,,,,,,,,,,,,,,,,,
2013-12-11,JK1105B8GDVGUX,Hitachi HDS722020ALA330,2000398934016,0,,65537,,,,,,,,0,,,,,,26859,,,,,,,,,,,,,,,,,,,,,,,,,,,,,,34,,,,,,0,,,,,,,,,,,,,,,,,,,,,,,,,,,,
2013-12-11,Z1F188AV,ST3000DM001,3000592982016,0,,133232008,,,,,,,,0,,,,,,7228,,,,,,,,,,,,,,,,,,,,,,,,,,,,,,22,,,,,,0,,,,,,,,,,,,,,,,,,,,,,,,,,,,
2013-12-11,Z300H42K,ST4000DM000,4000787030016,0,,143035208,,,,,,,,0,,,,,,1297,,,,,,,,,,,,,,,,,,,,,,,,,,,,,,22,,,,,,0,,,,,,,,,,,,,,,,,,,,,,,,,,,,
2013-12-11,WD-WCAWZ0504627,WDC WD30EZRX,3000592982016,0,,0,,,,,,,,0,,,,,,13222,,,,,,,,,,,,,,,,,,,,,,,,,,,,,,20,,,,,,0,,,,,,,,,,,,,,,,,,,,,,,,,,,,
2013-12-11,MJ0351YNG9Z85A,Hitachi HDS5C3030ALA630,3000592982016,0,,0,,,,,,,,0,,,,,,9469,,,,,,,,,,,,,,,,,,,,,,,,,,,,,,26,,,,,,0,,,,,,,,,,,,,,,,,,,,,,,,,,,,
2013-12-11,MK0311YHG5PBNA,Hitachi HDS723030ALA640,3000592982016,0,,0,,,,,,,,0,,,,,,17018,,,,,,,,,,,,,,,,,,,,,,,,,,,,,,30,,,,,,0,,,,,,,,,,,,,,,,,,,,,,,,,,,,
2013-12-11,Z300P9EH,ST4000DM000,4000787030016,0,,166856624,,,,,,,,0,,,,,,1094,,,,,,,,,,,,,,,,,,,,,,,,,,,,,,22,,,,,,0,,,,,,,,,,,,,,,,,,,,,,,,,,,,
2013-12-11,MJ0351YNG9RS0A,Hitachi HDS5C3030ALA630,3000592982016,0,,0,,,,,,,,0,,,,,,9975,,,,,,,,,,,,,,,,,,,,,,,,,,,,,,26,,,,,,0,,,,,,,,,,,,,,,,,,,,,,,,,,,,
2013-12-11,MJ1321YNG0X98A,Hitachi HDS5C3030ALA630,3000592982016,0,,0,,,,,,,,0,,,,,,20731,,,,,,,,,,,,,,,,,,,,,,,,,,,,,,29,,,,,,0,,,,,,,,,,,,,,,,,,,,,,,,,,,,
2013-12-11,MK0311YHG5264A,Hitachi HDS723030ALA640,3000592982016,0,,0,,,,,,,,0,,,,,,21793,,,,,,,,,,,,,,,,,,,,,,,,,,,,,,24,,,,,,0,,,,,,,,,,,,,,,,,,,,,,,,,,,,
2013-12-11,MJ1321YNG10Z7A,Hitachi HDS5C3030ALA630,3000592982016,0,,0,,,,,,,,0,,,,,,20067,,,,,,,,,,,,,,,,,,,,,,,,,,,,,,25,,,,,,0,,,,,,,,,,,,,,,,,,,,,,,,,,,,
2013-12-11,W1F1354W,ST3000DM001,3000592982016,0,,64890288,,,,,,,,0,,,,,,7708,,,,,,,,,,,,,,,,,,,,,,,,,,,,,,24,,,,,,0,,,,,,,,,,,,,,,,,,,,,,,,,,,,
2013-12-11,9VS1J60N,ST31500341AS,1500301910016,0,,93912886,,,,,,,,37,,,,,,40242,,,,,,,,,,,,,,,,,,,,,,,,,,,,,,24,,,,,,0,,,,,,,,,,,,,,,,,,,,,,,,,,,,
2013-12-11,W1F1CDQH,ST3000DM001,3000592982016,0,,134316040,,,,,,,,0,,,,,,8174,,,,,,,,,,,,,,,,,,,,,,,,,,,,,,23,,,,,,0,,,,,,,,,,,,,,,,,,,,,,,,,,,,
2013-12-11,PL2311LAG1U8LC,Hitachi HDS5C4040ALE630,4000787030016,0,,0,,,,,,,,0,,,,,,6993,,,,,,,,,,,,,,,,,,,,,,,,,,,,,,24,,,,,,0,,,,,,,,,,,,,,,,,,,,,,,,,,,,
2013-12-11,Z300HRV7,ST4000DM000,4000787030016,0,,169689664,,,,,,,,0,,,,,,2920,,,,,,,,,,,,,,,,,,,,,,,,,,,,,,20,,,,,,0,,,,,,,,,,,,,,,,,,,,,,,,,,,,
2013-12-11,WD-WCC070197838,WDC WD30EZRX,3000592982016,0,,0,,,,,,,,0,,,,,,8606,,,,,,,,,,,,,,,,,,,,,,,,,,,,,,26,,,,,,0,,,,,,,,,,,,,,,,,,,,,,,,,,,,
2013-12-11,MJ1311YNG4WVYA,Hitachi HDS5C3030ALA630,3000592982016,0,,0,,,,,,,,0,,,,,,14597,,,,,,,,,,,,,,,,,,,,,,,,,,,,,,31,,,,,,0,,,,,,,,,,,,,,,,,,,,,,,,,,,,
2013-12-11,JK11A8B9J2TBWR,Hitachi HDS722020ALA330,2000398934016,0,,0,,,,,,,,0,,,,,,23709,,,,,,,,,,,,,,,,,,,,,,,,,,,,,,28,,,,,,0,,,,,,,,,,,,,,,,,,,,,,,,,,,,
2013-12-11,W1H1NYFC,ST2000VN000,2000398934016,0,,213256816,,,,,,,,0,,,,,,2994,,,,,,,,,,,,,,,,,,,,,,,,,,,,,,29,,,,,,0,,,,,,,,,,,,,,,,,,,,,,,,,,,,
2013-12-11,S1F114QR,ST3000DM001,3000592982016,0,,151182136,,,,,,,,0,,,,,,8162,,,,,,,,,,,,,,,,,,,,,,,,,,,,,,29,,,,,,0,,,,,,,,,,,,,,,,,,,,,,,,,,,,
2013-12-11,MJ1323YNG1M4SC,Hitachi HDS5C3030ALA630,3000592982016,0,,4521984,,,,,,,,0,,,,,,19731,,,,,,,,,,,,,,,,,,,,,,,,,,,,,,23,,,,,,0,,,,,,,,,,,,,,,,,,,,,,,,,,,,
2013-12-11,W1F0HKR7,ST3000DM001,3000592982016,0,,243104640,,,,,,,,0,,,,,,12249,,,,,,,,,,,,,,,,,,,,,,,,,,,,,,25,,,,,,0,,,,,,,,,,,,,,,,,,,,,,,,,,,,
2013-12-11,JK1105B8GGRN3X,Hitachi HDS722020ALA330,2000398934016,0,,65536,,,,,,,,0,,,,,,27169,,,,,,,,,,,,,,,,,,,,,,,,,,,,,,29,,,,,,0,,,,,,,,,,,,,,,,,,,,,,,,,,,,
2013-12-11,S1F114QM,ST3000DM001,3000592982016,0,,116311600,,,,,,,,0,,,,,,7993,,,,,,,,,,,,,,,,,,,,,,,,,,,,,,27,,,,,,0,,,,,,,,,,,,,,,,,,,,,,,,,,,,
2013-12-11,MJ0351YNGA570A,Hitachi HDS5C3030ALA630,3000592982016,0,,0,,,,,,,,0,,,,,,9142,,,,,,,,,,,,,,,,,,,,,,,,,,,,,,29,,,,,,0,,,,,,,,,,,,,,,,,,,,,,,,,,,,
2013-12-11,MK0301YHGLBAUA,Hitachi HDS723030ALA640,3000592982016,0,,0,,,,,,,,0,,,,,,17036,,,,,,,,,,,,,,,,,,,,,,,,,,,,,,30,,,,,,0,,,,,,,,,,,,,,,,,,,,,,,,,,,,
2013-12-11,6XW13P9F,ST32000542AS,2000398934016,0,,100907801,,,,,,,,0,,,,,,31706,,,,,,,,,,,,,,,,,,,,,,,,,,,,,,25,,,,,,0,,,,,,,,,,,,,,,,,,,,,,,,,,,,
2013-12-11,9VS22HG2,ST31500341AS,1500301910016,0,,152343123,,,,,,,,35,,,,,,35523,,,,,,,,,,,,,,,,,,,,,,,,,,,,,,32,,,,,,0,,,,,,,,,,,,,,,,,,,,,,,,,,,,
2013-12-11,MJ1321YNG0PERA,Hitachi HDS5C3030ALA630,3000592982016,0,,0,,,,,,,,0,,,,,,20512,,,,,,,,,,,,,,,,,,,,,,,,,,,,,,24,,,,,,0,,,,,,,,,,,,,,,,,,,,,,,,,,,,
2013-12-11,PL1311LAG1SE4A,Hitachi HDS5C4040ALE630,4000787030016,0,,0,,,,,,,,0,,,,,,6614,,,,,,,,,,,,,,,,,,,,,,,,,,,,,,27,,,,,,0,,,,,,,,,,,,,,,,,,,,,,,,,,,,
2013-12-11,JK11A8B9J8T7KF,Hitachi HDS722020ALA330,2000398934016,0,,0,,,,,,,,0,,,,,,25584,,,,,,,,,,,,,,,,,,,,,,,,,,,,,,24,,,,,,0,,,,,,,,,,,,,,,,,,,,,,,,,,,,
2013-12-11,PL2311LAG1NTBC,Hitachi HDS5C4040ALE630,4000787030016,0,,0,,,,,,,,0,,,,,,7760,,,,,,,,,,,,,,,,,,,,,,,,,,,,,,20,,,,,,0,,,,,,,,,,,,,,,,,,,,,,,,,,,,
2013-12-11,9VS3HL4K,ST31500341AS,1500301910016,0,,44437182,,,,,,,,1132,,,,,,32919,,,,,,,,,,,,,,,,,,,,,,,,,,,,,,18,,,,,,202,,,,,,,,,,,,,,,,,,,,,,,,,,,,
2013-12-11,WD-WMC4N0775280,WDC WD30EFRX,3000592982016,0,,0,,,,,,,,0,,,,,,178,,,,,,,,,,,,,,,,,,,,,,,,,,,,,,25,,,,,,0,,,,,,,,,,,,,,,,,,,,,,,,,,,,
2013-12-11,Z300GYZC,ST4000DM000,4000787030016,0,,102045352,,,,,,,,0,,,,,,3580,,,,,,,,,,,,,,,,,,,,,,,,,,,,,,24,,,,,,0,,,,,,,,,,,,,,,,,,,,,,,,,,,,
2013-12-11,6XW1ED11,ST31500541AS,1500301910016,0,,240641367,,,,,,,,0,,,,,,11562,,,,,,,,,,,,,,,,,,,,,,,,,,,,,,26,,,,,,0,,,,,,,,,,,,,,,,,,,,,,,,,,,,
2013-12-11,Z300GYZE,ST4000DM000,4000787030016,0,,117339712,,,,,,,,0,,,,,,3588,,,,,,,,,,,,,,,,,,,,,,,,,,,,,,25,,,,,,0,,,,,,,,,,,,,,,,,,,,,,,,,,,,
2013-12-11,Z300GYZD,ST4000DM000,4000787030016,0,,228635992,,,,,,,,0,,,,,,3587,,,,,,,,,,,,,,,,,,,,,,,,,,,,,,23,,,,,,0,,,,,,,,,,,,,,,,,,,,,,,,,,,,
2013-12-11,Z300GYZK,ST4000DM000,4000787030016,0,,221089632,,,,,,,,0,,,,,,3583,,,,,,,,,,,,,,,,,,,,,,,,,,,,,,23,,,,,,0,,,,,,,,,,,,,,,,,,,,,,,,,,,,
2013-12-11,Z300GYZJ,ST4000DM000,4000787030016,0,,199335600,,,,,,,,0,,,,,,3583,,,,,,,,,,,,,,,,,,,,,,,,,,,,,,25,,,,,,0,,,,,,,,,,,,,,,,,,,,,,,,,,,,
2013-12-11,9VS3JRHD,ST31500341AS,1500301910016,0,,225540433,,,,,,,,14,,,,,,32916,,,,,,,,,,,,,,,,,,,,,,,,,,,,,,22,,,,,,0,,,,,,,,,,,,,,,,,,,,,,,,,,,,
2013-12-11,Z300GYZV,ST4000DM000,4000787030016,0,,58685024,,,,,,,,0,,,,,,3581,,,,,,,,,,,,,,,,,,,,,,,,,,,,,,27,,,,,,0,,,,,,,,,,,,,,,,,,,,,,,,,,,,
2013-12-11,PL1321LAG35XLH,Hitachi HDS5C4040ALE630,4000787030016,0,,0,,,,,,,,0,,,,,,5036,,,,,,,,,,,,,,,,,,,,,,,,,,,,,,26,,,,,,0,,,,,,,,,,,,,,,,,,,,,,,,,,,,
2013-12-11,W300D616,ST4000DM000,4000787030016,0,,201180472,,,,,,,,0,,,,,,4167,,,,,,,,,,,,,,,,,,,,,,,,,,,,,,29,,,,,,0,,,,,,,,,,,,,,,,,,,,,,,,,,,,
2013-12-11,MJ1311YNG3EVSA,Hitachi HDS5C3030ALA630,3000592982016,0,,65537,,,,,,,,0,,,,,,19324,,,,,,,,,,,,,,,,,,,,,,,,,,,,,,27,,,,,,0,,,,,,,,,,,,,,,,,,,,,,,,,,,,
2013-12-11,JK1171YAK1W9KN,Hitachi HDS722020ALA330,2000398934016,0,,0,,,,,,,,0,,,,,,29668,,,,,,,,,,,,,,,,,,,,,,,,,,,,,,29,,,,,,0,,,,,,,,,,,,,,,,,,,,,,,,,,,,
2013-12-11,JK1104B8JPD6NW,Hitachi HDS722020ALA330,2000398934016,0,,0,,,,,,,,0,,,,,,23992,,,,,,,,,,,,,,,,,,,,,,,,,,,,,,31,,,,,,0,,,,,,,,,,,,,,,,,,,,,,,,,,,,
2013-12-11,PL1311LAG2B02H,Hitachi HDS5C4040ALE630,4000787030016,0,,0,,,,,,,,0,,,,,,7415,,,,,,,,,,,,,,,,,,,,,,,,,,,,,,21,,,,,,0,,,,,,,,,,,,,,,,,,,,,,,,,,,,
2013-12-11,Z300GYZ1,ST4000DM000,4000787030016,0,,118395144,,,,,,,,0,,,,,,2899,,,,,,,,,,,,,,,,,,,,,,,,,,,,,,28,,,,,,0,,,,,,,,,,,,,,,,,,,,,,,,,,,,
2013-12-11,Z300GYZ6,ST4000DM000,4000787030016,0,,173543912,,,,,,,,0,,,,,,3627,,,,,,,,,,,,,,,,,,,,,,,,,,,,,,22,,,,,,0,,,,,,,,,,,,,,,,,,,,,,,,,,,,
2013-12-11,Z300GYZ9,ST4000DM000,4000787030016,0,,183499424,,,,,,,,0,,,,,,3581,,,,,,,,,,,,,,,,,,,,,,,,,,,,,,23,,,,,,0,,,,,,,,,,,,,,,,,,,,,,,,,,,,
2013-12-11,W1F0KD20,ST3000DM001,3000592982016,0,,135706744,,,,,,,,0,,,,,,11685,,,,,,,,,,,,,,,,,,,,,,,,,,,,,,28,,,,,,0,,,,,,,,,,,,,,,,,,,,,,,,,,,,
2013-12-11,JK11A8B9J34EBF,Hitachi HDS722020ALA330,2000398934016,0,,1,,,,,,,,0,,,,,,22702,,,,,,,,,,,,,,,,,,,,,,,,,,,,,,26,,,,,,0,,,,,,,,,,,,,,,,,,,,,,,,,,,,
2013-12-11,MJ0351YNG9YHXA,Hitachi HDS5C3030ALA630,3000592982016,0,,0,,,,,,,,0,,,,,,9989,,,,,,,,,,,,,,,,,,,,,,,,,,,,,,27,,,,,,0,,,,,,,,,,,,,,,,,,,,,,,,,,,,
2013-12-11,W300AZTP,ST4000DM000,4000787030016,0,,219101896,,,,,,,,0,,,,,,2243,,,,,,,,,,,,,,,,,,,,,,,,,,,,,,25,,,,,,0,,,,,,,,,,,,,,,,,,,,,,,,,,,,
2013-12-11,W300AZTN,ST4000DM000,4000787030016,0,,142566528,,,,,,,,0,,,,,,4167,,,,,,,,,,,,,,,,,,,,,,,,,,,,,,30,,,,,,0,,,,,,,,,,,,,,,,,,,,,,,,,,,,
2013-12-11,JK11A8B9J77PXF,Hitachi HDS722020ALA330,2000398934016,0,,65536,,,,,,,,1,,,,,,22699,,,,,,,,,,,,,,,,,,,,,,,,,,,,,,25,,,,,,0,,,,,,,,,,,,,,,,,,,,,,,,,,,,
2013-12-11,W1F0B4Q1,ST3000DM001,3000592982016,0,,192856048,,,,,,,,0,,,,,,13885,,,,,,,,,,,,,,,,,,,,,,,,,,,,,,27,,,,,,0,,,,,,,,,,,,,,,,,,,,,,,,,,,,
2013-12-11,S1F04B5B,ST3000DM001,3000592982016,0,,80923376,,,,,,,,0,,,,,,15248,,,,,,,,,,,,,,,,,,,,,,,,,,,,,,25,,,,,,0,,,,,,,,,,,,,,,,,,,,,,,,,,,,
2013-12-11,W1F0Z2JE,ST3000DM001,3000592982016,0,,165377152,,,,,,,,0,,,,,,10726,,,,,,,,,,,,,,,,,,,,,,,,,,,,,,24,,,,,,0,,,,,,,,,,,,,,,,,,,,,,,,,,,,
2013-12-11,S1F0YX6Z,ST3000DM001,3000592982016,0,,37426168,,,,,,,,0,,,,,,7990,,,,,,,,,,,,,,,,,,,,,,,,,,,,,,16,,,,,,0,,,,,,,,,,,,,,,,,,,,,,,,,,,,
2013-12-11,W300L6AL,ST4000DM000,4000787030016,0,,170972056,,,,,,,,0,,,,,,815,,,,,,,,,,,,,,,,,,,,,,,,,,,,,,20,,,,,,0,,,,,,,,,,,,,,,,,,,,,,,,,,,,
2013-12-11,JK11A8B9J3AW0F,Hitachi HDS722020ALA330,2000398934016,0,,65536,,,,,,,,2,,,,,,24502,,,,,,,,,,,,,,,,,,,,,,,,,,,,,,30,,,,,,0,,,,,,,,,,,,,,,,,,,,,,,,,,,,
2013-12-11,5XW03NR4,ST31500541AS,1500301910016,0,,191533829,,,,,,,,0,,,,,,35234,,,,,,,,,,,,,,,,,,,,,,,,,,,,,,21,,,,,,1,,,,,,,,,,,,,,,,,,,,,,,,,,,,
2013-12-11,MJ1323YNG1SAEC,Hitachi HDS5C3030ALA630,3000592982016,0,,0,,,,,,,,0,,,,,,19766,,,,,,,,,,,,,,,,,,,,,,,,,,,,,,27,,,,,,0,,,,,,,,,,,,,,,,,,,,,,,,,,,,
2013-12-11,5XW030B6,ST31500541AS,1500301910016,0,,127708251,,,,,,,,0,,,,,,35200,,,,,,,,,,,,,,,,,,,,,,,,,,,,,,23,,,,,,0,,,,,,,,,,,,,,,,,,,,,,,,,,,,
2013-12-11,WD-WCC1T1486869,WDC WD30EFRX,3000592982016,0,,0,,,,,,,,0,,,,,,1016,,,,,,,,,,,,,,,,,,,,,,,,,,,,,,20,,,,,,0,,,,,,,,,,,,,,,,,,,,,,,,,,,,
2013-12-11,W1F0A67K,ST3000DM001,3000592982016,0,,182047888,,,,,,,,0,,,,,,13822,,,,,,,,,,,,,,,,,,,,,,,,,,,,,,21,,,,,,0,,,,,,,,,,,,,,,,,,,,,,,,,,,,
2013-12-11,W300B31G,ST4000DM000,4000787030016,0,,21809456,,,,,,,,0,,,,,,3585,,,,,,,,,,,,,,,,,,,,,,,,,,,,,,20,,,,,,0,,,,,,,,,,,,,,,,,,,,,,,,,,,,
2013-12-11,MJ0351YNG9UR5A,Hitachi HDS5C3030ALA630,3000592982016,0,,0,,,,,,,,0,,,,,,9956,,,,,,,,,,,,,,,,,,,,,,,,,,,,,,29,,,,,,0,,,,,,,,,,,,,,,,,,,,,,,,,,,,
2013-12-11,W1F0A67D,ST3000DM001,3000592982016,0,,130551040,,,,,,,,0,,,,,,14218,,,,,,,,,,,,,,,,,,,,,,,,,,,,,,20,,,,,,0,,,,,,,,,,,,,,,,,,,,,,,,,,,,
2013-12-11,PL1311LAG181HA,Hitachi HDS5C4040ALE630,4000787030016,0,,0,,,,,,,,0,,,,,,7452,,,,,,,,,,,,,,,,,,,,,,,,,,,,,,21,,,,,,0,,,,,,,,,,,,,,,,,,,,,,,,,,,,
2013-12-11,9XW01RCL,ST31500541AS,1500301910016,0,,240209975,,,,,,,,0,,,,,,33585,,,,,,,,,,,,,,,,,,,,,,,,,,,,,,23,,,,,,0,,,,,,,,,,,,,,,,,,,,,,,,,,,,
2013-12-11,MJ0351YNG9YV9A,Hitachi HDS5C3030ALA630,3000592982016,0,,0,,,,,,,,0,,,,,,9972,,,,,,,,,,,,,,,,,,,,,,,,,,,,,,26,,,,,,0,,,,,,,,,,,,,,,,,,,,,,,,,,,,
2013-12-11,S1F0PGZ6,ST3000DM001,3000592982016,0,,190220824,,,,,,,,0,,,,,,11690,,,,,,,,,,,,,,,,,,,,,,,,,,,,,,24,,,,,,0,,,,,,,,,,,,,,,,,,,,,,,,,,,,
2013-12-11,W300B31Y,ST4000DM000,4000787030016,0,,22065448,,,,,,,,0,,,,,,3587,,,,,,,,,,,,,,,,,,,,,,,,,,,,,,22,,,,,,0,,,,,,,,,,,,,,,,,,,,,,,,,,,,
2013-12-11,JK1101B9KP3HZR,Hitachi HDS722020ALA330,2000398934016,0,,0,,,,,,,,0,,,,,,23099,,,,,,,,,,,,,,,,,,,,,,,,,,,,,,29,,,,,,0,,,,,,,,,,,,,,,,,,,,,,,,,,,,
2013-12-11,9XW01TS4,ST31500541AS,1500301910016,0,,20955721,,,,,,,,0,,,,,,34327,,,,,,,,,,,,,,,,,,,,,,,,,,,,,,19,,,,,,0,,,,,,,,,,,,,,,,,,,,,,,,,,,,
2013-12-11,MN1220F31DER8D,Hitachi HDS723020BLA642,2000398934016,0,,2,,,,,,,,0,,,,,,20597,,,,,,,,,,,,,,,,,,,,,,,,,,,,,,27,,,,,,0,,,,,,,,,,,,,,,,,,,,,,,,,,,,
2013-12-11,MK0331YHGRBBYD,Hitachi HDS723030ALA640,3000592982016,0,,0,,,,,,,,0,,,,,,17032,,,,,,,,,,,,,,,,,,,,,,,,,,,,,,31,,,,,,0,,,,,,,,,,,,,,,,,,,,,,,,,,,,
2013-12-11,PL1311LAG2EANH,Hitachi HDS5C4040ALE630,4000787030016,0,,0,,,,,,,,0,,,,,,7417,,,,,,,,,,,,,,,,,,,,,,,,,,,,,,22,,,,,,0,,,,,,,,,,,,,,,,,,,,,,,,,,,,
2013-12-11,WD-WCAU47196765,WDC WD10EADS,1000204886016,0,,12,,,,,,,,0,,,,,,40883,,,,,,,,,,,,,,,,,,,,,,,,,,,,,,29,,,,,,0,,,,,,,,,,,,,,,,,,,,,,,,,,,,
2013-12-11,MJ1311YNG35G1A,Hitachi HDS5C3030ALA630,3000592982016,0,,0,,,,,,,,0,,,,,,19324,,,,,,,,,,,,,,,,,,,,,,,,,,,,,,25,,,,,,0,,,,,,,,,,,,,,,,,,,,,,,,,,,,
2013-12-11,Z1Z03VF5,ST4000DX000,4000787030016,0,,73719343,,,,,,,,0,,,,,,5037,,,,,,,,,,,,,,,,,,,,,,,,,,,,,,35,,,,,,0,,,,,,,,,,,,,,,,,,,,,,,,,,,,
2013-12-11,PL1311LAG1Z79A,Hitachi HDS5C4040ALE630,4000787030016,0,,0,,,,,,,,0,,,,,,7453,,,,,,,,,,,,,,,,,,,,,,,,,,,,,,23,,,,,,0,,,,,,,,,,,,,,,,,,,,,,,,,,,,
2013-12-11,MK0333YHGPX1VC,Hitachi HDS723030ALA640,3000592982016,0,,0,,,,,,,,0,,,,,,17032,,,,,,,,,,,,,,,,,,,,,,,,,,,,,,26,,,,,,0,,,,,,,,,,,,,,,,,,,,,,,,,,,,
2013-12-11,6XW0238L,ST31500541AS,1500301910016,0,,43130035,,,,,,,,0,,,,,,34166,,,,,,,,,,,,,,,,,,,,,,,,,,,,,,20,,,,,,0,,,,,,,,,,,,,,,,,,,,,,,,,,,,
2013-12-11,MJ1313YNG244VC,Hitachi HDS5C3030ALA630,3000592982016,0,,0,,,,,,,,0,,,,,,21796,,,,,,,,,,,,,,,,,,,,,,,,,,,,,,27,,,,,,0,,,,,,,,,,,,,,,,,,,,,,,,,,,,
2013-12-11,W1F0X4TS,ST3000DM001,3000592982016,0,,39239512,,,,,,,,2464,,,,,,10742,,,,,,,,,,,,,,,,,,,,,,,,,,,,,,25,,,,,,56,,,,,,,,,,,,,,,,,,,,,,,,,,,,
2013-12-11,Z290LGN7,ST33000651AS,3000592982016,0,,108334617,,,,,,,,0,,,,,,15604,,,,,,,,,,,,,,,,,,,,,,,,,,,,,,21,,,,,,0,,,,,,,,,,,,,,,,,,,,,,,,,,,,
2013-12-11,PL1311LAG3DV9H,Hitachi HDS5C4040ALE630,4000787030016,0,,0,,,,,,,,0,,,,,,5304,,,,,,,,,,,,,,,,,,,,,,,,,,,,,,26,,,,,,0,,,,,,,,,,,,,,,,,,,,,,,,,,,,
2013-12-11,JK11A8B9HR34ZF,Hitachi HDS722020ALA330,2000398934016,0,,0,,,,,,,,0,,,,,,26145,,,,,,,,,,,,,,,,,,,,,,,,,,,,,,28,,,,,,0,,,,,,,,,,,,,,,,,,,,,,,,,,,,
2013-12-11,Z300WMCJ,ST4000DM000,4000787030016,0,,120282640,,,,,,,,0,,,,,,957,,,,,,,,,,,,,,,,,,,,,,,,,,,,,,18,,,,,,0,,,,,,,,,,,,,,,,,,,,,,,,,,,,
2013-12-11,Z300JANC,ST4000DM000,4000787030016,0,,124991744,,,,,,,,0,,,,,,2217,,,,,,,,,,,,,,,,,,,,,,,,,,,,,,21,,,,,,0,,,,,,,,,,,,,,,,,,,,,,,,,,,,
2013-12-11,JK1170YAJDAGDT,Hitachi HDS722020ALA330,2000398934016,0,,0,,,,,,,,0,,,,,,27872,,,,,,,,,,,,,,,,,,,,,,,,,,,,,,27,,,,,,0,,,,,,,,,,,,,,,,,,,,,,,,,,,,
2013-12-11,JK11A8B9J37RDF,Hitachi HDS722020ALA330,2000398934016,0,,1,,,,,,,,0,,,,,,24382,,,,,,,,,,,,,,,,,,,,,,,,,,,,,,30,,,,,,0,,,,,,,,,,,,,,,,,,,,,,,,,,,,
2013-12-11,Z252A7MAS,TOSHIBA DT01ACA300,3000592982016,0,,0,,,,,,,,0,,,,,,6615,,,,,,,,,,,,,,,,,,,,,,,,,,,,,,27,,,,,,0,,,,,,,,,,,,,,,,,,,,,,,,,,,,
2013-12-11,MK0333YHGNY76C,Hitachi HDS723030ALA640,3000592982016,0,,0,,,,,,,,0,,,,,,18088,,,,,,,,,,,,,,,,,,,,,,,,,,,,,,28,,,,,,0,,,,,,,,,,,,,,,,,,,,,,,,,,,,
2013-12-11,W300K134,ST4000DM000,4000787030016,0,,92185760,,,,,,,,0,,,,,,948,,,,,,,,,,,,,,,,,,,,,,,,,,,,,,21,,,,,,0,,,,,,,,,,,,,,,,,,,,,,,,,,,,
2013-12-11,W300K130,ST4000DM000,4000787030016,0,,232154512,,,,,,,,0,,,,,,885,,,,,,,,,,,,,,,,,,,,,,,,,,,,,,21,,,,,,0,,,,,,,,,,,,,,,,,,,,,,,,,,,,
2013-12-11,MK0311YHGDYG8A,Hitachi HDS723030ALA640,3000592982016,0,,0,,,,,,,,0,,,,,,21455,,,,,,,,,,,,,,,,,,,,,,,,,,,,,,22,,,,,,0,,,,,,,,,,,,,,,,,,,,,,,,,,,,
2013-12-11,JK1105B8GB0DYX,Hitachi HDS722020ALA330,2000398934016,0,,65536,,,,,,,,0,,,,,,27160,,,,,,,,,,,,,,,,,,,,,,,,,,,,,,26,,,,,,0,,,,,,,,,,,,,,,,,,,,,,,,,,,,
2013-12-11,JK1101YAK7EEGV,Hitachi HDS722020ALA330,2000398934016,0,,0,,,,,,,,0,,,,,,29210,,,,,,,,,,,,,,,,,,,,,,,,,,,,,,32,,,,,,0,,,,,,,,,,,,,,,,,,,,,,,,,,,,
2013-12-11,PL1311LAG1BAXA,Hitachi HDS5C4040ALE630,4000787030016,0,,0,,,,,,,,0,,,,,,6075,,,,,,,,,,,,,,,,,,,,,,,,,,,,,,20,,,,,,0,,,,,,,,,,,,,,,,,,,,,,,,,,,,
2013-12-11,MJ0351YNG9ZDEA,Hitachi HDS5C3030ALA630,3000592982016,0,,0,,,,,,,,0,,,,,,9274,,,,,,,,,,,,,,,,,,,,,,,,,,,,,,25,,,,,,0,,,,,,,,,,,,,,,,,,,,,,,,,,,,
2013-12-11,PL1311LAG3A8SH,Hitachi HDS5C4040ALE630,4000787030016,0,,0,,,,,,,,0,,,,,,6071,,,,,,,,,,,,,,,,,,,,,,,,,,,,,,19,,,,,,0,,,,,,,,,,,,,,,,,,,,,,,,,,,,
2013-12-11,MJ0351YNGA3YMA,Hitachi HDS5C3030ALA630,3000592982016,0,,0,,,,,,,,0,,,,,,9312,,,,,,,,,,,,,,,,,,,,,,,,,,,,,,29,,,,,,0,,,,,,,,,,,,,,,,,,,,,,,,,,,,
2013-12-11,W300K13Q,ST4000DM000,4000787030016,0,,191326992,,,,,,,,0,,,,,,948,,,,,,,,,,,,,,,,,,,,,,,,,,,,,,17,,,,,,0,,,,,,,,,,,,,,,,,,,,,,,,,,,,
2013-12-11,WD-WCAU47213934,WDC WD10EADS,1000204886016,0,,4,,,,,,,,0,,,,,,40818,,,,,,,,,,,,,,,,,,,,,,,,,,,,,,31,,,,,,0,,,,,,,,,,,,,,,,,,,,,,,,,,,,
2013-12-11,Z300PB29,ST4000DM000,4000787030016,0,,130853064,,,,,,,,0,,,,,,1114,,,,,,,,,,,,,,,,,,,,,,,,,,,,,,29,,,,,,0,,,,,,,,,,,,,,,,,,,,,,,,,,,,
2013-12-11,W300K13A,ST4000DM000,4000787030016,0,,63500736,,,,,,,,0,,,,,,948,,,,,,,,,,,,,,,,,,,,,,,,,,,,,,21,,,,,,0,,,,,,,,,,,,,,,,,,,,,,,,,,,,
2013-12-11,5XW03DLQ,ST31500541AS,1500301910016,0,,126305707,,,,,,,,0,,,,,,37281,,,,,,,,,,,,,,,,,,,,,,,,,,,,,,24,,,,,,0,,,,,,,,,,,,,,,,,,,,,,,,,,,,
2013-12-11,MJ0351YNG9RX9A,Hitachi HDS5C3030ALA630,3000592982016,0,,0,,,,,,,,0,,,,,,9483,,,,,,,,,,,,,,,,,,,,,,,,,,,,,,30,,,,,,0,,,,,,,,,,,,,,,,,,,,,,,,,,,,
2013-12-11,JK1101B9JNES2R,Hitachi HDS722020ALA330,2000398934016,0,,0,,,,,,,,0,,,,,,24100,,,,,,,,,,,,,,,,,,,,,,,,,,,,,,30,,,,,,0,,,,,,,,,,,,,,,,,,,,,,,,,,,,
2013-12-11,Z300VNQF,ST4000DM000,4000787030016,0,,169715544,,,,,,,,0,,,,,,109,,,,,,,,,,,,,,,,,,,,,,,,,,,,,,22,,,,,,0,,,,,,,,,,,,,,,,,,,,,,,,,,,,
2013-12-11,MJ1311YNG3DMXA,Hitachi HDS5C3030ALA630,3000592982016,0,,1376277,,,,,,,,0,,,,,,19586,,,,,,,,,,,,,,,,,,,,,,,,,,,,,,22,,,,,,0,,,,,,,,,,,,,,,,,,,,,,,,,,,,
2013-12-11,Z300HLWD,ST4000DM000,4000787030016,0,,98031536,,,,,,,,0,,,,,,2900,,,,,,,,,,,,,,,,,,,,,,,,,,,,,,24,,,,,,0,,,,,,,,,,,,,,,,,,,,,,,,,,,,
2013-12-11,Z300HLWA,ST4000DM000,4000787030016,0,,225767320,,,,,,,,0,,,,,,2901,,,,,,,,,,,,,,,,,,,,,,,,,,,,,,27,,,,,,0,,,,,,,,,,,,,,,,,,,,,,,,,,,,
2013-12-11,Z300WMC2,ST4000DM000,4000787030016,0,,6942064,,,,,,,,0,,,,,,945,,,,,,,,,,,,,,,,,,,,,,,,,,,,,,22,,,,,,0,,,,,,,,,,,,,,,,,,,,,,,,,,,,
2013-12-11,5XW0F010,ST31500541AS,1500301910016,0,,21344245,,,,,,,,0,,,,,,22703,,,,,,,,,,,,,,,,,,,,,,,,,,,,,,18,,,,,,0,,,,,,,,,,,,,,,,,,,,,,,,,,,,
2013-12-11,Z1F0KJDS,ST3000DM001,3000592982016,0,,106664400,,,,,,,,0,,,,,,12156,,,,,,,,,,,,,,,,,,,,,,,,,,,,,,26,,,,,,0,,,,,,,,,,,,,,,,,,,,,,,,,,,,
2013-12-11,5XW02MT9,ST31500541AS,1500301910016,0,,150787688,,,,,,,,0,,,,,,37070,,,,,,,,,,,,,,,,,,,,,,,,,,,,,,24,,,,,,0,,,,,,,,,,,,,,,,,,,,,,,,,,,,
2013-12-11,JK11A5B8HZZYWX,Hitachi HDS722020ALA330,2000398934016,0,,1,,,,,,,,0,,,,,,22698,,,,,,,,,,,,,,,,,,,,,,,,,,,,,,30,,,,,,0,,,,,,,,,,,,,,,,,,,,,,,,,,,,
2013-12-11,9VS4H5A2,ST31500341AS,1500301910016,0,,193703478,,,,,,,,37,,,,,,18390,,,,,,,,,,,,,,,,,,,,,,,,,,,,,,27,,,,,,0,,,,,,,,,,,,,,,,,,,,,,,,,,,,
2013-12-11,S1F04A5Q,ST3000DM001,3000592982016,0,,233940456,,,,,,,,0,,,,,,16141,,,,,,,,,,,,,,,,,,,,,,,,,,,,,,20,,,,,,0,,,,,,,,,,,,,,,,,,,,,,,,,,,,
2013-12-11,PL1311LAG1Z5PA,Hitachi HDS5C4040ALE630,4000787030016,0,,0,,,,,,,,0,,,,,,5186,,,,,,,,,,,,,,,,,,,,,,,,,,,,,,24,,,,,,0,,,,,,,,,,,,,,,,,,,,,,,,,,,,
2013-12-11,JK11A1YAJH9HZV,Hitachi HDS722020ALA330,2000398934016,0,,0,,,,,,,,0,,,,,,28851,,,,,,,,,,,,,,,,,,,,,,,,,,,,,,31,,,,,,0,,,,,,,,,,,,,,,,,,,,,,,,,,,,
2013-12-11,JK11A8B9J310DF,Hitachi HDS722020ALA330,2000398934016,0,,0,,,,,,,,0,,,,,,22702,,,,,,,,,,,,,,,,,,,,,,,,,,,,,,28,,,,,,0,,,,,,,,,,,,,,,,,,,,,,,,,,,,
2013-12-11,JK1101B9G93K7R,Hitachi HDS722020ALA330,2000398934016,0,,0,,,,,,,,0,,,,,,27487,,,,,,,,,,,,,,,,,,,,,,,,,,,,,,24,,,,,,0,,,,,,,,,,,,,,,,,,,,,,,,,,,,
2013-12-11,S1F04A5B,ST3000DM001,3000592982016,0,,35057480,,,,,,,,0,,,,,,14213,,,,,,,,,,,,,,,,,,,,,,,,,,,,,,23,,,,,,0,,,,,,,,,,,,,,,,,,,,,,,,,,,,
2013-12-11,Z300JPS1,ST4000DM000,4000787030016,0,,139947448,,,,,,,,0,,,,,,1093,,,,,,,,,,,,,,,,,,,,,,,,,,,,,,26,,,,,,0,,,,,,,,,,,,,,,,,,,,,,,,,,,,
2013-12-11,JK11A8B9J73LEF,Hitachi HDS722020ALA330,2000398934016,0,,0,,,,,,,,0,,,,,,23579,,,,,,,,,,,,,,,,,,,,,,,,,,,,,,27,,,,,,0,,,,,,,,,,,,,,,,,,,,,,,,,,,,
2013-12-11,S1F04A5F,ST3000DM001,3000592982016,0,,136808816,,,,,,,,0,,,,,,15619,,,,,,,,,,,,,,,,,,,,,,,,,,,,,,20,,,,,,0,,,,,,,,,,,,,,,,,,,,,,,,,,,,
2013-12-11,W1F088GG,ST3000DM001,3000592982016,0,,20910904,,,,,,,,0,,,,,,12841,,,,,,,,,,,,,,,,,,,,,,,,,,,,,,24,,,,,,0,,,,,,,,,,,,,,,,,,,,,,,,,,,,
2013-12-11,W300BM7W,ST4000DM000,4000787030016,0,,140169880,,,,,,,,0,,,,,,4042,,,,,,,,,,,,,,,,,,,,,,,,,,,,,,23,,,,,,0,,,,,,,,,,,,,,,,,,,,,,,,,,,,
2013-12-11,JK11A8B9J3M9WF,Hitachi HDS722020ALA330,2000398934016,0,,0,,,,,,,,0,,,,,,23486,,,,,,,,,,,,,,,,,,,,,,,,,,,,,,26,,,,,,0,,,,,,,,,,,,,,,,,,,,,,,,,,,,
2013-12-11,W1F17DTE,ST3000DM001,3000592982016,0,,76056272,,,,,,,,2840,,,,,,8127,,,,,,,,,,,,,,,,,,,,,,,,,,,,,,24,,,,,,0,,,,,,,,,,,,,,,,,,,,,,,,,,,,
2013-12-11,Z300CMDQ,ST4000DM000,4000787030016,0,,134428576,,,,,,,,0,,,,,,2385,,,,,,,,,,,,,,,,,,,,,,,,,,,,,,25,,,,,,0,,,,,,,,,,,,,,,,,,,,,,,,,,,,
2013-12-11,W1F0978C,ST3000DM001,3000592982016,0,,8859288,,,,,,,,0,,,,,,14731,,,,,,,,,,,,,,,,,,,,,,,,,,,,,,21,,,,,,16,,,,,,,,,,,,,,,,,,,,,,,,,,,,
2013-12-11,W1F0AE1B,ST3000DM001,3000592982016,0,,159041688,,,,,,,,0,,,,,,15365,,,,,,,,,,,,,,,,,,,,,,,,,,,,,,23,,,,,,8,,,,,,,,,,,,,,,,,,,,,,,,,,,,
2013-12-11,MJ0351YNG9UT4A,Hitachi HDS5C3030ALA630,3000592982016,0,,0,,,,,,,,0,,,,,,7609,,,,,,,,,,,,,,,,,,,,,,,,,,,,,,23,,,,,,0,,,,,,,,,,,,,,,,,,,,,,,,,,,,
2013-12-11,MJ1321YNG0VR1A,Hitachi HDS5C3030ALA630,3000592982016,0,,10,,,,,,,,0,,,,,,20732,,,,,,,,,,,,,,,,,,,,,,,,,,,,,,23,,,,,,0,,,,,,,,,,,,,,,,,,,,,,,,,,,,
2013-12-11,MJ0351YNG9W25A,Hitachi HDS5C3030ALA630,3000592982016,0,,0,,,,,,,,0,,,,,,9146,,,,,,,,,,,,,,,,,,,,,,,,,,,,,,30,,,,,,0,,,,,,,,,,,,,,,,,,,,,,,,,,,,
2013-12-11,MJ1311YNG7ETVA,Hitachi HDS5C3030ALA630,3000592982016,0,,0,,,,,,,,0,,,,,,14682,,,,,,,,,,,,,,,,,,,,,,,,,,,,,,21,,,,,,0,,,,,,,,,,,,,,,,,,,,,,,,,,,,
2013-12-11,6XW0TXSS,ST31500541AS,1500301910016,0,,173831696,,,,,,,,0,,,,,,31014,,,,,,,,,,,,,,,,,,,,,,,,,,,,,,23,,,,,,0,,,,,,,,,,,,,,,,,,,,,,,,,,,,
2013-12-11,S1F121LH,ST3000DM001,3000592982016,0,,8306072,,,,,,,,0,,,,,,7990,,,,,,,,,,,,,,,,,,,,,,,,,,,,,,19,,,,,,0,,,,,,,,,,,,,,,,,,,,,,,,,,,,
2013-12-11,6XW085CW,ST31500541AS,1500301910016,0,,180718033,,,,,,,,0,,,,,,22032,,,,,,,,,,,,,,,,,,,,,,,,,,,,,,18,,,,,,0,,,,,,,,,,,,,,,,,,,,,,,,,,,,
2013-12-11,PL1311LAG2B7PH,Hitachi HDS5C4040ALE630,4000787030016,0,,0,,,,,,,,0,,,,,,7402,,,,,,,,,,,,,,,,,,,,,,,,,,,,,,26,,,,,,0,,,,,,,,,,,,,,,,,,,,,,,,,,,,
2013-12-11,JK11A8B9J7R23F,Hitachi HDS722020ALA330,2000398934016,0,,0,,,,,,,,0,,,,,,24666,,,,,,,,,,,,,,,,,,,,,,,,,,,,,,29,,,,,,0,,,,,,,,,,,,,,,,,,,,,,,,,,,,
2013-12-11,JK1101B9KLYGTR,Hitachi HDS722020ALA330,2000398934016,0,,0,,,,,,,,0,,,,,,22954,,,,,,,,,,,,,,,,,,,,,,,,,,,,,,26,,,,,,0,,,,,,,,,,,,,,,,,,,,,,,,,,,,
2013-12-11,Z300KKTZ,ST4000DM000,4000787030016,0,,158390064,,,,,,,,0,,,,,,105,,,,,,,,,,,,,,,,,,,,,,,,,,,,,,23,,,,,,0,,,,,,,,,,,,,,,,,,,,,,,,,,,,
2013-12-11,JK11A8B9J0NTBF,Hitachi HDS722020ALA330,2000398934016,0,,0,,,,,,,,0,,,,,,26328,,,,,,,,,,,,,,,,,,,,,,,,,,,,,,26,,,,,,0,,,,,,,,,,,,,,,,,,,,,,,,,,,,
2013-12-11,9XK0GHKK,ST33000651AS,3000592982016,0,,94705797,,,,,,,,0,,,,,,16828,,,,,,,,,,,,,,,,,,,,,,,,,,,,,,23,,,,,,0,,,,,,,,,,,,,,,,,,,,,,,,,,,,
2013-12-11,W1F0N0DC,ST3000DM001,3000592982016,0,,99857048,,,,,,,,0,,,,,,11683,,,,,,,,,,,,,,,,,,,,,,,,,,,,,,29,,,,,,0,,,,,,,,,,,,,,,,,,,,,,,,,,,,
2013-12-11,5XW03K0Q,ST31500541AS,1500301910016,0,,195700685,,,,,,,,0,,,,,,36382,,,,,,,,,,,,,,,,,,,,,,,,,,,,,,19,,,,,,0,,,,,,,,,,,,,,,,,,,,,,,,,,,,
2013-12-11,W3005XBS,ST4000DM000,4000787030016,0,,8566744,,,,,,,,0,,,,,,2856,,,,,,,,,,,,,,,,,,,,,,,,,,,,,,20,,,,,,0,,,,,,,,,,,,,,,,,,,,,,,,,,,,
2013-12-11,MK0331YHGT1YEA,Hitachi HDS723030ALA640,3000592982016,0,,0,,,,,,,,1336,,,,,,16660,,,,,,,,,,,,,,,,,,,,,,,,,,,,,,28,,,,,,0,,,,,,,,,,,,,,,,,,,,,,,,,,,,
2013-12-11,9VS04HPV,ST31500341AS,1500301910016,0,,41502067,,,,,,,,33,,,,,,10403,,,,,,,,,,,,,,,,,,,,,,,,,,,,,,21,,,,,,0,,,,,,,,,,,,,,,,,,,,,,,,,,,,
2013-12-11,JK11A8B9J9021F,Hitachi HDS722020ALA330,2000398934016,0,,0,,,,,,,,0,,,,,,24496,,,,,,,,,,,,,,,,,,,,,,,,,,,,,,26,,,,,,0,,,,,,,,,,,,,,,,,,,,,,,,,,,,
2013-12-11,JK11A4B8JR22DW,Hitachi HDS722020ALA330,2000398934016,0,,0,,,,,,,,0,,,,,,23544,,,,,,,,,,,,,,,,,,,,,,,,,,,,,,35,,,,,,0,,,,,,,,,,,,,,,,,,,,,,,,,,,,
2013-12-11,JK1174YAK784WW,Hitachi HDS722020ALA330,2000398934016,0,,0,,,,,,,,0,,,,,,28154,,,,,,,,,,,,,,,,,,,,,,,,,,,,,,26,,,,,,0,,,,,,,,,,,,,,,,,,,,,,,,,,,,
2013-12-11,WD-WMC4N0961273,WDC WD30EFRX,3000592982016,0,,0,,,,,,,,0,,,,,,157,,,,,,,,,,,,,,,,,,,,,,,,,,,,,,26,,,,,,0,,,,,,,,,,,,,,,,,,,,,,,,,,,,
2013-12-11,MJ0351YNG9T48A,Hitachi HDS5C3030ALA630,3000592982016,0,,0,,,,,,,,0,,,,,,9274,,,,,,,,,,,,,,,,,,,,,,,,,,,,,,24,,,,,,0,,,,,,,,,,,,,,,,,,,,,,,,,,,,
2013-12-11,MJ0351YNG9ZV1A,Hitachi HDS5C3030ALA630,3000592982016,0,,0,,,,,,,,0,,,,,,9939,,,,,,,,,,,,,,,,,,,,,,,,,,,,,,24,,,,,,0,,,,,,,,,,,,,,,,,,,,,,,,,,,,
2013-12-11,W3004YBF,ST4000DM000,4000787030016,0,,158041104,,,,,,,,0,,,,,,2873,,,,,,,,,,,,,,,,,,,,,,,,,,,,,,22,,,,,,0,,,,,,,,,,,,,,,,,,,,,,,,,,,,
2013-12-11,W1F0B696,ST3000DM001,3000592982016,0,,207900024,,,,,,,,0,,,,,,13340,,,,,,,,,,,,,,,,,,,,,,,,,,,,,,26,,,,,,0,,,,,,,,,,,,,,,,,,,,,,,,,,,,
2013-12-11,Z1F0KKN4,ST3000DM001,3000592982016,0,,24297584,,,,,,,,0,,,,,,12156,,,,,,,,,,,,,,,,,,,,,,,,,,,,,,26,,,,,,0,,,,,,,,,,,,,,,,,,,,,,,,,,,,
2013-12-11,MJ0351YNG9V0PA,Hitachi HDS5C3030ALA630,3000592982016,0,,0,,,,,,,,0,,,,,,8883,,,,,,,,,,,,,,,,,,,,,,,,,,,,,,32,,,,,,0,,,,,,,,,,,,,,,,,,,,,,,,,,,,
2013-12-11,JK11A8B9J3MYMF,Hitachi HDS722020ALA330,2000398934016,0,,0,,,,,,,,0,,,,,,23106,,,,,,,,,,,,,,,,,,,,,,,,,,,,,,26,,,,,,0,,,,,,,,,,,,,,,,,,,,,,,,,,,,
2013-12-11,PL1311LAG3D4NH,Hitachi HDS5C4040ALE630,4000787030016,0,,0,,,,,,,,0,,,,,,5948,,,,,,,,,,,,,,,,,,,,,,,,,,,,,,23,,,,,,0,,,,,,,,,,,,,,,,,,,,,,,,,,,,
2013-12-11,9VS5AFS5,ST31500341AS,1500301910016,0,,241938513,,,,,,,,4,,,,,,12037,,,,,,,,,,,,,,,,,,,,,,,,,,,,,,25,,,,,,0,,,,,,,,,,,,,,,,,,,,,,,,,,,,
2013-12-11,JK1171YAK2045N,Hitachi HDS722020ALA330,2000398934016,0,,0,,,,,,,,0,,,,,,29668,,,,,,,,,,,,,,,,,,,,,,,,,,,,,,26,,,,,,0,,,,,,,,,,,,,,,,,,,,,,,,,,,,
2013-12-11,JK1101B9JRM22F,Hitachi HDS722020ALA330,2000398934016,0,,0,,,,,,,,0,,,,,,23579,,,,,,,,,,,,,,,,,,,,,,,,,,,,,,29,,,,,,0,,,,,,,,,,,,,,,,,,,,,,,,,,,,
2013-12-11,JK1170YAJDAE1T,Hitachi HDS722020ALA330,2000398934016,0,,851982,,,,,,,,29,,,,,,28154,,,,,,,,,,,,,,,,,,,,,,,,,,,,,,23,,,,,,11,,,,,,,,,,,,,,,,,,,,,,,,,,,,
2013-12-11,JK1101B9JS4PER,Hitachi HDS722020ALA330,2000398934016,0,,0,,,,,,,,0,,,,,,23512,,,,,,,,,,,,,,,,,,,,,,,,,,,,,,28,,,,,,0,,,,,,,,,,,,,,,,,,,,,,,,,,,,
2013-12-11,W30045PF,ST4000DM000,4000787030016,0,,11058416,,,,,,,,0,,,,,,2244,,,,,,,,,,,,,,,,,,,,,,,,,,,,,,21,,,,,,0,,,,,,,,,,,,,,,,,,,,,,,,,,,,
2013-12-11,JK11A4B8J57P8W,Hitachi HDS722020ALA330,2000398934016,0,,0,,,,,,,,0,,,,,,25120,,,,,,,,,,,,,,,,,,,,,,,,,,,,,,31,,,,,,0,,,,,,,,,,,,,,,,,,,,,,,,,,,,
2013-12-11,MK0333YHGPG80C,Hitachi HDS723030ALA640,3000592982016,0,,65537,,,,,,,,0,,,,,,18088,,,,,,,,,,,,,,,,,,,,,,,,,,,,,,31,,,,,,0,,,,,,,,,,,,,,,,,,,,,,,,,,,,
2013-12-11,PL1311LAG2GPLH,Hitachi HDS5C4040ALE630,4000787030016,0,,0,,,,,,,,0,,,,,,6654,,,,,,,,,,,,,,,,,,,,,,,,,,,,,,22,,,,,,0,,,,,,,,,,,,,,,,,,,,,,,,,,,,
2013-12-11,JK1101B9JNNSWU,Hitachi HDS722020ALA330,2000398934016,0,,0,,,,,,,,0,,,,,,23990,,,,,,,,,,,,,,,,,,,,,,,,,,,,,,27,,,,,,0,,,,,,,,,,,,,,,,,,,,,,,,,,,,
2013-12-11,PL1321LAG36J5H,Hitachi HDS5C4040ALE630,4000787030016,0,,0,,,,,,,,0,,,,,,5950,,,,,,,,,,,,,,,,,,,,,,,,,,,,,,20,,,,,,0,,,,,,,,,,,,,,,,,,,,,,,,,,,,
2013-12-11,6XW105ML,ST31500541AS,1500301910016,0,,196626616,,,,,,,,0,,,,,,30063,,,,,,,,,,,,,,,,,,,,,,,,,,,,,,22,,,,,,0,,,,,,,,,,,,,,,,,,,,,,,,,,,,
2013-12-11,MJ1323YNG1MHBC,Hitachi HDS5C3030ALA630,3000592982016,0,,0,,,,,,,,0,,,,,,19773,,,,,,,,,,,,,,,,,,,,,,,,,,,,,,22,,,,,,0,,,,,,,,,,,,,,,,,,,,,,,,,,,,
2013-12-11,JK11A4B8J7SH4W,Hitachi HDS722020ALA330,2000398934016,0,,0,,,,,,,,0,,,,,,26010,,,,,,,,,,,,,,,,,,,,,,,,,,,,,,29,,,,,,0,,,,,,,,,,,,,,,,,,,,,,,,,,,,
2013-12-11,JK11A8B9JNVEDF,Hitachi HDS722020ALA330,2000398934016,0,,0,,,,,,,,1,,,,,,23710,,,,,,,,,,,,,,,,,,,,,,,,,,,,,,28,,,,,,0,,,,,,,,,,,,,,,,,,,,,,,,,,,,
2013-12-11,S1F0LDX3,ST3000DM001,3000592982016,0,,132668528,,,,,,,,0,,,,,,10944,,,,,,,,,,,,,,,,,,,,,,,,,,,,,,26,,,,,,0,,,,,,,,,,,,,,,,,,,,,,,,,,,,
2013-12-11,6XW01CES,ST31500541AS,1500301910016,0,,55332008,,,,,,,,0,,,,,,36916,,,,,,,,,,,,,,,,,,,,,,,,,,,,,,22,,,,,,0,,,,,,,,,,,,,,,,,,,,,,,,,,,,
2013-12-11,MJ1311YNG77Z9A,Hitachi HDS5C3030ALA630,3000592982016,0,,0,,,,,,,,0,,,,,,14330,,,,,,,,,,,,,,,,,,,,,,,,,,,,,,33,,,,,,0,,,,,,,,,,,,,,,,,,,,,,,,,,,,
2013-12-11,JK11A8B9J7WN6F,Hitachi HDS722020ALA330,2000398934016,0,,0,,,,,,,,0,,,,,,24970,,,,,,,,,,,,,,,,,,,,,,,,,,,,,,30,,,,,,0,,,,,,,,,,,,,,,,,,,,,,,,,,,,
2013-12-11,MJ0351YNGAA8PA,Hitachi HDS5C3030ALA630,3000592982016,0,,0,,,,,,,,0,,,,,,8210,,,,,,,,,,,,,,,,,,,,,,,,,,,,,,36,,,,,,0,,,,,,,,,,,,,,,,,,,,,,,,,,,,
2013-12-11,JK11A8B9J8G8UF,Hitachi HDS722020ALA330,2000398934016,0,,0,,,,,,,,0,,,,,,24493,,,,,,,,,,,,,,,,,,,,,,,,,,,,,,32,,,,,,0,,,,,,,,,,,,,,,,,,,,,,,,,,,,
2013-12-11,MJ0351YNGAA1DA,Hitachi HDS5C3030ALA630,3000592982016,0,,0,,,,,,,,0,,,,,,8212,,,,,,,,,,,,,,,,,,,,,,,,,,,,,,34,,,,,,0,,,,,,,,,,,,,,,,,,,,,,,,,,,,
2013-12-11,PL2311LAG19NTC,Hitachi HDS5C4040ALE630,4000787030016,0,,0,,,,,,,,0,,,,,,7757,,,,,,,,,,,,,,,,,,,,,,,,,,,,,,26,,,,,,0,,,,,,,,,,,,,,,,,,,,,,,,,,,,
2013-12-11,MJ1311YNG3GEGA,Hitachi HDS5C3030ALA630,3000592982016,0,,0,,,,,,,,0,,,,,,19254,,,,,,,,,,,,,,,,,,,,,,,,,,,,,,26,,,,,,0,,,,,,,,,,,,,,,,,,,,,,,,,,,,
2013-12-11,Z300MQCS,ST4000DM000,4000787030016,0,,107073112,,,,,,,,0,,,,,,2611,,,,,,,,,,,,,,,,,,,,,,,,,,,,,,24,,,,,,0,,,,,,,,,,,,,,,,,,,,,,,,,,,,
2013-12-11,S1F13B58,ST3000DM001,3000592982016,0,,37345176,,,,,,,,0,,,,,,8176,,,,,,,,,,,,,,,,,,,,,,,,,,,,,,24,,,,,,0,,,,,,,,,,,,,,,,,,,,,,,,,,,,
2013-12-11,JK1101B9KN30KF,Hitachi HDS722020ALA330,2000398934016,0,,0,,,,,,,,0,,,,,,22954,,,,,,,,,,,,,,,,,,,,,,,,,,,,,,25,,,,,,0,,,,,,,,,,,,,,,,,,,,,,,,,,,,
2013-12-11,W300D55C,ST4000DM000,4000787030016,0,,212625192,,,,,,,,0,,,,,,4140,,,,,,,,,,,,,,,,,,,,,,,,,,,,,,25,,,,,,0,,,,,,,,,,,,,,,,,,,,,,,,,,,,
2013-12-11,MJ1323YNG1LT8C,Hitachi HDS5C3030ALA630,3000592982016,0,,0,,,,,,,,0,,,,,,19773,,,,,,,,,,,,,,,,,,,,,,,,,,,,,,22,,,,,,0,,,,,,,,,,,,,,,,,,,,,,,,,,,,
2013-12-11,W3006DC8,ST4000DM000,4000787030016,0,,126735928,,,,,,,,0,,,,,,2902,,,,,,,,,,,,,,,,,,,,,,,,,,,,,,28,,,,,,0,,,,,,,,,,,,,,,,,,,,,,,,,,,,
2013-12-11,JK11A8B9J3D40F,Hitachi HDS722020ALA330,2000398934016,0,,0,,,,,,,,0,,,,,,23947,,,,,,,,,,,,,,,,,,,,,,,,,,,,,,27,,,,,,0,,,,,,,,,,,,,,,,,,,,,,,,,,,,
2013-12-11,Z300KN23,ST4000DM000,4000787030016,0,,178012216,,,,,,,,0,,,,,,2257,,,,,,,,,,,,,,,,,,,,,,,,,,,,,,24,,,,,,0,,,,,,,,,,,,,,,,,,,,,,,,,,,,
2013-12-11,6XW10A4N,ST31500541AS,1500301910016,0,,224550802,,,,,,,,0,,,,,,31578,,,,,,,,,,,,,,,,,,,,,,,,,,,,,,23,,,,,,0,,,,,,,,,,,,,,,,,,,,,,,,,,,,
2013-12-11,JK11A8B9J1M0GF,Hitachi HDS722020ALA330,2000398934016,0,,2,,,,,,,,0,,,,,,23946,,,,,,,,,,,,,,,,,,,,,,,,,,,,,,26,,,,,,0,,,,,,,,,,,,,,,,,,,,,,,,,,,,
2013-12-11,MJ0351YNG9Z1ZA,Hitachi HDS5C3030ALA630,3000592982016,0,,0,,,,,,,,0,,,,,,9274,,,,,,,,,,,,,,,,,,,,,,,,,,,,,,26,,,,,,0,,,,,,,,,,,,,,,,,,,,,,,,,,,,
2013-12-11,PL1311LAG2710A,Hitachi HDS5C4040ALE630,4000787030016,0,,0,,,,,,,,0,,,,,,7419,,,,,,,,,,,,,,,,,,,,,,,,,,,,,,23,,,,,,0,,,,,,,,,,,,,,,,,,,,,,,,,,,,
2013-12-11,S1F0A3R9,ST3000DM001,3000592982016,0,,147877312,,,,,,,,0,,,,,,12876,,,,,,,,,,,,,,,,,,,,,,,,,,,,,,27,,,,,,0,,,,,,,,,,,,,,,,,,,,,,,,,,,,
2013-12-11,Z300PAK2,ST4000DM000,4000787030016,0,,119737576,,,,,,,,0,,,,,,1231,,,,,,,,,,,,,,,,,,,,,,,,,,,,,,18,,,,,,0,,,,,,,,,,,,,,,,,,,,,,,,,,,,
2013-12-11,PL1321LAG34HLH,Hitachi HDS5C4040ALE630,4000787030016,0,,0,,,,,,,,0,,,,,,6651,,,,,,,,,,,,,,,,,,,,,,,,,,,,,,24,,,,,,0,,,,,,,,,,,,,,,,,,,,,,,,,,,,
2013-12-11,JK1170YAJDAN8T,Hitachi HDS722020ALA330,2000398934016,0,,0,,,,,,,,0,,,,,,28154,,,,,,,,,,,,,,,,,,,,,,,,,,,,,,24,,,,,,0,,,,,,,,,,,,,,,,,,,,,,,,,,,,
2013-12-11,JK1101B9JPET8R,Hitachi HDS722020ALA330,2000398934016,0,,0,,,,,,,,12,,,,,,23990,,,,,,,,,,,,,,,,,,,,,,,,,,,,,,26,,,,,,0,,,,,,,,,,,,,,,,,,,,,,,,,,,,
2013-12-11,Z1Z05C8Z,ST4000DX000,4000787030016,0,,3143440,,,,,,,,0,,,,,,5078,,,,,,,,,,,,,,,,,,,,,,,,,,,,,,30,,,,,,0,,,,,,,,,,,,,,,,,,,,,,,,,,,,
2013-12-11,PL1321LAG33P5H,Hitachi HDS5C4040ALE630,4000787030016,0,,0,,,,,,,,0,,,,,,6652,,,,,,,,,,,,,,,,,,,,,,,,,,,,,,20,,,,,,0,,,,,,,,,,,,,,,,,,,,,,,,,,,,
2013-12-11,WD-WCAWZ0798742,WDC WD30EZRX,3000592982016,0,,0,,,,,,,,0,,,,,,15830,,,,,,,,,,,,,,,,,,,,,,,,,,,,,,26,,,,,,0,,,,,,,,,,,,,,,,,,,,,,,,,,,,
2013-12-11,JK1101B9JNUX5F,Hitachi HDS722020ALA330,2000398934016,0,,1,,,,,,,,1,,,,,,23587,,,,,,,,,,,,,,,,,,,,,,,,,,,,,,31,,,,,,0,,,,,,,,,,,,,,,,,,,,,,,,,,,,
2013-12-11,6XW018HW,ST31500541AS,1500301910016,0,,11897862,,,,,,,,0,,,,,,36068,,,,,,,,,,,,,,,,,,,,,,,,,,,,,,21,,,,,,0,,,,,,,,,,,,,,,,,,,,,,,,,,,,
2013-12-11,MJ1323YNG1M6YC,Hitachi HDS5C3030ALA630,3000592982016,0,,0,,,,,,,,0,,,,,,19310,,,,,,,,,,,,,,,,,,,,,,,,,,,,,,28,,,,,,0,,,,,,,,,,,,,,,,,,,,,,,,,,,,
2013-12-11,JK1101B9JPEMSR,Hitachi HDS722020ALA330,2000398934016,0,,131074,,,,,,,,0,,,,,,23991,,,,,,,,,,,,,,,,,,,,,,,,,,,,,,35,,,,,,0,,,,,,,,,,,,,,,,,,,,,,,,,,,,
2013-12-11,MJ1311YNG3G5NA,Hitachi HDS5C3030ALA630,3000592982016,0,,0,,,,,,,,0,,,,,,19587,,,,,,,,,,,,,,,,,,,,,,,,,,,,,,23,,,,,,0,,,,,,,,,,,,,,,,,,,,,,,,,,,,
2013-12-11,Z290YFTA,ST33000651AS,3000592982016,0,,32941541,,,,,,,,0,,,,,,15604,,,,,,,,,,,,,,,,,,,,,,,,,,,,,,25,,,,,,0,,,,,,,,,,,,,,,,,,,,,,,,,,,,
2013-12-11,MJ1323YNG1LZJC,Hitachi HDS5C3030ALA630,3000592982016,0,,327680,,,,,,,,0,,,,,,19727,,,,,,,,,,,,,,,,,,,,,,,,,,,,,,25,,,,,,0,,,,,,,,,,,,,,,,,,,,,,,,,,,,
2013-12-11,Z1F11BHF,ST3000DM001,3000592982016,0,,212200016,,,,,,,,0,,,,,,8164,,,,,,,,,,,,,,,,,,,,,,,,,,,,,,27,,,,,,0,,,,,,,,,,,,,,,,,,,,,,,,,,,,
